filename,LCD,PLD,LFPD,cm3_g,ASA_m2_cm3,ASA_m2_g,NASA_m2_cm3,NASA_m2_g,AV_VF,AV_cm3_g,NAV_cm3_g,Has_OMS,Input,y_true,y_pred
acs.chemmater.5b03723_cm5b03723_si_005_clean,14.22819,7.4356,14.22819,0.645145,2122.45,3289.88,0.0,0.0,0.7418,1.14982,0.0,1,0.0044047951,0.0438321842,0.044248523907870325
acs.inorgchem.5b02316_ic5b02316_si_002_clean,10.12066,5.58472,9.70957,1.34196,2005.01,1494.09,0.0,0.0,0.658,0.490328,0.0,1,0.0028187043,0.0277550943,0.027887402720331946
acs.inorgchem.6b00136_ic6b00136_si_002_clean,7.2744,7.0365,7.27294,1.17665,1340.62,1139.36,0.0,0.0,0.582,0.494624,0.0,1,0.0015837131,0.0157521477,0.01583178461998062
ADOBIF_clean,5.54781,3.82743,5.54167,1.58873,944.037,594.207,131.28,82.6315,0.4886,0.30754,0.0,1,0.0010597384,0.0093137336,0.010306397583855993
AGUBUA_clean,5.46218,4.59563,5.46034,1.83317,1345.91,734.196,0.0,0.0,0.576,0.31421,0.0,0,0.0012030596,0.0117352571,0.011691723030795834
AQEGUY_clean,5.54395,4.66139,5.49926,1.46355,1275.66,871.62,0.0,0.0,0.5148,0.351747,0.0,1,0.0011184761,0.0108503235,0.011094574329040865
AQIQIC_clean,6.11416,2.65573,6.10292,1.45271,0.0,0.0,973.967,670.449,0.4784,0.329316,0.0,1,0.0010060688,0.0103076433,0.009940824372502365
ATEZEG_clean,10.12518,7.5272,10.12318,0.775574,2361.78,3045.2,0.0,0.0,0.7158,0.922929,0.0,1,0.0038273539,0.0356965443,0.038086633798426806
ATEZIK_clean,10.39835,7.60488,10.39835,0.744295,2329.14,3129.33,0.0,0.0,0.7298,0.980525,0.0,1,0.0040669262,0.0388573309,0.0399338400835642
AVETOM_clean,5.57195,3.01035,5.56463,1.79151,0.0,0.0,366.792,204.739,0.387,0.216019,0.0,1,0.0003165287,0.0032916323,0.0032133329389301456
AXUJOT_clean,5.28998,2.80082,5.28998,3.32173,0.0,0.0,559.288,168.373,0.3366,0.101333,0.000240839,1,0.0002799049,0.0028430546,0.002869695677092629
BADJIC_clean,3.80162,2.90343,3.80162,1.35655,0.0,0.0,63.1802,46.5741,0.4538,0.334525,0.0,0,0.0005369819,0.006098933,0.005373017501064867
BADXAI_clean,6.25366,4.40633,6.25366,1.71483,758.25,442.172,0.0,0.0,0.4118,0.240141,0.0,1,0.0004085007,0.0044400519,0.0041008728216715825
BEGDEY_clean,12.85123,4.25072,12.8502,1.1719,1647.66,1405.97,0.0,0.0,0.6212,0.530078,0.000170662,1,0.0023735524,0.0233729768,0.023573677501531824
BETFIR_clean,4.51714,3.24158,3.88245,1.34051,0.0,0.0,704.866,525.82,0.5298,0.395223,0.0,1,0.0010680808,0.0104043632,0.010577843772090763
BEXTUV_clean,4.28323,3.79801,4.26635,1.30528,1237.19,947.835,0.0,0.0,0.5092,0.390108,0.0,1,0.0012592654,0.0125442221,0.01241897124697633
BIBMEG_clean,5.57416,2.96797,5.57416,1.77028,0.0,0.0,671.761,379.466,0.4734,0.267415,0.0,1,0.0006505174,0.0064956428,0.00646593687669494
BIBYAO_clean,13.04186,4.014,13.04186,1.4952,1811.79,1211.73,0.0,0.0,0.6492,0.434188,0.000668805,0,0.0028581256,0.0282426489,0.02801499170764299
BORBEQ_clean,6.03525,3.97595,5.98504,1.10262,1309.44,1187.57,0.0,0.0,0.545,0.494276,0.0,0,0.0012568496,0.0128236845,0.012682264436507664
c5ce02503f_c5ce02503f2_clean,13.50319,5.63614,13.50319,1.78413,1087.4,609.485,289.45,162.236,0.5546,0.310852,0.0,1,0.0016105279,0.016079053,0.013215135100058728
c5qi00128e_c5qi00128e2_clean,6.58115,3.73125,6.58115,0.993282,1853.01,1865.55,0.0,0.0,0.582,0.585936,0.0,0,0.0021459245,0.0210455406,0.021362374171901947
c6cc01597b_c6cc01597b2_clean,5.3252,4.32379,5.3252,1.51358,1134.66,749.654,0.0,0.0,0.4966,0.328096,0.0,1,0.0010932739,0.011315785,0.010744526712728197
CEMKOV_clean,6.14232,4.76606,5.27946,0.925155,1938.38,2095.19,0.0,0.0,0.617,0.666916,0.0,1,0.0024225196,0.0225855817,0.023912903824714535
CESFOW_clean,11.30689,5.72282,11.30689,0.75113,2376.62,3164.06,0.0,0.0,0.7236,0.963349,0.0,1,0.0038169046,0.0391053584,0.0387660211912011
CEYWOU_clean,5.92045,3.96552,5.92045,1.52165,1106.54,727.196,0.0,0.0,0.488,0.320704,0.0,1,0.0011471091,0.0113703322,0.011172980867418478
cg2007167_si_002_clean,6.66423,5.56859,6.66139,0.818121,2162.43,2643.17,0.0,0.0,0.663,0.810394,0.0,1,0.0022434881,0.0234189652,0.022286678123461367
cg300979c_si_002_clean,8.05407,6.75932,7.96872,0.960767,1454.92,1514.34,0.0,0.0,0.5674,0.59057,0.0,0,0.0016981315,0.0164195606,0.017179766512282438
cm501138g_si_004_clean,11.11311,3.30718,11.11311,1.26713,0.0,0.0,1239.75,978.391,0.531,0.419058,0.0,0,0.0016612713,0.0163646029,0.015999225160327316
CODVAU_clean,5.70592,4.39685,5.70265,1.86805,957.055,512.328,0.0,0.0,0.4588,0.245604,0.0,1,0.0013460682,0.013599441,0.012328838465900965
COMNAU_clean,9.72302,3.66698,9.70462,1.61238,1190.87,738.578,0.0,0.0,0.5424,0.336397,0.0,1,0.0011306821,0.0112831366,0.0114609182229385
CUGLIB_clean,5.58062,5.51252,5.58062,2.40243,819.805,341.239,0.0,0.0,0.416,0.173158,0.0,1,0.0003651841,0.003500057,0.003824334186405574
CUHLUO_clean,5.42523,4.19371,5.42499,1.12223,1191.58,1061.8,0.0,0.0,0.5356,0.477262,0.0,0,0.0013909327,0.014338207,0.013747557185257987
CUPHIG_clean,11.10015,5.6209,11.10015,0.767516,2426.29,3161.23,0.0,0.0,0.7292,0.950078,0.0,1,0.003878917,0.0398852342,0.03819232528802886
DANZOJ_neutral,11.30814,4.84088,11.28951,0.953196,1460.99,1532.73,328.938,345.089,0.656,0.688211,0.0,0,0.002252167,0.0230540452,0.022741452007956506
DAYCAI_clean,4.5761,3.15097,4.5761,1.97793,0.0,0.0,930.016,470.197,0.5392,0.272609,0.0,1,0.0010811268,0.0108956895,0.010082401109988095
DIHYUP_clean,4.79337,3.18026,4.79337,1.21374,0.0,0.0,992.497,817.717,0.5566,0.458582,0.0,1,0.0010724508,0.0109983904,0.010795114210672639
DOTFOJ_clean,9.02668,4.87755,9.02668,0.958168,1617.77,1688.4,0.0,0.0,0.6126,0.639345,0.0,1,0.0021053639,0.0214201115,0.0209222073732016
DUNYOC_clean,9.99521,7.8188,9.31419,0.670932,2064.07,3076.42,0.0,0.0,0.7104,1.05883,0.0,1,0.0036899384,0.0363249754,0.03721831332273192
DUSHIK_clean,14.6863,6.85074,14.6863,0.965487,1544.65,1599.87,302.186,312.988,0.665,0.688771,0.0,1,0.0027550572,0.0276448597,0.0273251845276191
ECNPYR01_clean,4.76588,2.94711,4.76588,1.80344,0.0,0.0,815.5,452.191,0.5586,0.309741,0.0,1,0.0012414285,0.0122591067,0.011426376190971052
EHUTAE_clean,11.6271,4.37686,9.57037,0.725635,2073.78,2857.89,0.0,0.0,0.7062,0.973216,0.0,1,0.0034511837,0.0342643597,0.03362725452109471
ENCDBZ01_clean,4.96088,3.91158,4.96088,1.33226,1771.15,1329.44,0.0,0.0,0.6226,0.467327,0.0,0,0.0012479615,0.0124226393,0.012639693411901293
EPAXAW_clean,4.6565,2.69943,4.64928,1.75762,0.0,0.0,353.714,201.246,0.3704,0.21074,0.0,0,0.0004891092,0.004843938,0.0048473118894562656
EPECOT_clean,6.95752,4.232,6.83185,1.2697,722.822,569.283,120.243,94.7014,0.4962,0.390799,0.0,1,0.0009475271,0.0092399724,0.009371732812905065
ERALIU_clean,14.86335,13.54057,14.86335,1.02804,1927.12,1874.56,4.88892,4.75558,0.7196,0.699973,0.000194545,1,0.0030385087,0.0304110129,0.030033191635190644
ETIXOW_clean,5.96193,5.13468,5.95693,1.58012,1192.64,754.781,0.0,0.0,0.4984,0.31542,0.0,1,0.0012668393,0.0124903375,0.011665008444268704
EVOTIT_SL,8.2912,6.01432,8.2912,1.23039,1203.44,978.095,0.0,0.0,0.5204,0.422954,0.0,1,0.0010773952,0.0109908239,0.010965894722548247
EXUSAT_clean,5.52267,3.11573,5.52267,1.78731,0.0,0.0,822.162,460.001,0.4606,0.257706,0.0,1,0.0006854146,0.0068929669,0.006793160435225348
EZIMIK_clean,9.82604,3.91626,9.82604,1.06853,1265.94,1184.75,505.148,472.75,0.5976,0.559273,0.0,0,0.0022282813,0.0230786295,0.022227047630522374
EZOBUR01_clean,5.21262,4.53347,5.20127,2.04729,840.942,410.758,0.0,0.0,0.4516,0.220584,0.0,1,0.0006197008,0.006453957,0.006139135802748732
EZOFUV_clean,8.33031,6.08017,8.32272,1.02014,2081.17,2040.08,0.0,0.0,0.6416,0.628934,0.0,0,0.0026820105,0.0264067567,0.02651753441960643
FALRIV_clean,5.65646,4.67756,5.65646,1.06232,1172.37,1103.6,0.0,0.0,0.5212,0.490626,0.0,0,0.0011857112,0.0125305355,0.011799880027974496
FALROB_clean,5.75308,4.76749,5.73877,1.05859,1169.51,1104.78,0.0,0.0,0.5176,0.488953,0.0,0,0.0011933119,0.0124378068,0.0121169510448945
FAYLIC_clean,6.73446,3.80347,6.73446,1.51633,1348.21,889.13,0.0,0.0,0.5788,0.381711,0.0,1,0.0013003684,0.0133212545,0.012890087084397777
FEWWEL_clean,8.20772,5.69754,8.195,0.926492,2241.48,2419.32,0.0,0.0,0.6766,0.730281,0.0,0,0.0031044188,0.0306842711,0.030830000909346244
FIHHOV_clean,6.48503,4.23046,4.73284,1.35341,178.981,132.245,677.871,500.863,0.475,0.350966,0.0,1,0.0009506629,0.0090244095,0.009409469478352857
FIHHUB_SL,15.61182,13.11587,15.60898,0.621293,2170.48,3493.49,0.0,0.0,0.7232,1.16402,0.0,0,0.004020675,0.0414183596,0.041155243786152526
FIJFIO_clean,5.20664,4.6235,5.20664,1.24991,1287.13,1029.78,0.0,0.0,0.5168,0.413471,0.0,1,0.0013494072,0.0135455022,0.013357851634324739
FIJFOU_clean,6.85299,4.5996,6.84418,1.41253,1137.63,805.384,0.0,0.0,0.4974,0.352134,0.0,1,0.0009965667,0.0100156632,0.009861085347414129
FIPJEV_clean,5.48611,3.75413,5.4744,1.70121,1138.25,669.081,0.0,0.0,0.4918,0.289089,0.0,1,0.0010689716,0.0102001763,0.010321348116547453
FIQKIB_clean,6.36198,4.04904,6.29401,2.05984,1001.37,486.138,2.57664,1.25089,0.4784,0.232251,0.0,1,0.0006418799,0.0061194965,0.006496486523324738
FISXEM_clean,15.69953,15.64725,15.69953,0.982352,1496.09,1522.96,0.0,0.0,0.7144,0.727234,0.0,0,0.0030014898,0.0298199267,0.029602813504368157
FIWJIG_clean,6.45458,3.16665,6.45458,1.10541,0.0,0.0,794.04,718.321,0.549,0.496648,0.0,1,0.0010179563,0.0103455686,0.010163820072690009
FOCZEE_clean,4.4728,3.82667,4.43202,1.76964,355.495,200.886,0.0,0.0,0.3688,0.208404,0.0,0,0.000310646,0.0030531631,0.0031489834743711875
FODYUT_clean,4.86672,3.16405,4.70139,1.91946,0.0,0.0,732.512,381.624,0.5282,0.275182,0.0,0,0.0008290261,0.0085497826,0.008225177684718182
FOFHEO_clean,6.41067,5.52308,6.4074,2.22496,990.681,445.257,0.0,0.0,0.446,0.200453,0.0,0,0.0007330738,0.0074690535,0.007182367898231136
FOPTOU_clean,5.99188,4.04402,5.19077,1.42676,820.695,575.214,0.0,0.0,0.3986,0.279373,0.0,1,0.0007691704,0.0072946848,0.007365329234542598
FOQNUW01_clean,6.20702,4.77029,6.1269,1.35255,1350.08,998.172,0.0,0.0,0.5374,0.397323,0.0,1,0.0012762526,0.0120829908,0.01263936259225905
FUVDEH02_clean,7.02003,5.91062,7.02003,1.6404,493.979,301.134,0.0,0.0,0.3806,0.232017,0.0,0,0.0004104488,0.0042454684,0.004049361950946887
FUVDEH09_clean,7.0294,5.84289,7.0294,1.58635,523.994,330.314,0.0,0.0,0.397,0.25026,0.0,0,0.0004669599,0.00458394,0.00473954547421754
FUVDEH13_clean,6.5322,6.05224,6.5322,1.69182,540.534,319.498,0.0,0.0,0.3658,0.216217,0.0,0,0.0004598216,0.0044566414,0.0044994516772942274
FUWFUA_clean,7.25313,6.2676,7.10214,1.05922,1980.57,1869.84,0.0,0.0,0.6472,0.611017,0.0,1,0.0022352539,0.0209522642,0.02223582499460395
GABYUG_clean,8.28187,3.85233,8.28187,1.39429,1719.71,1233.39,0.0,0.0,0.5774,0.414117,0.0,0,0.0014515736,0.0141674572,0.014357961178884524
GACYER_clean,11.44273,8.46463,11.4041,0.752428,2161.9,2873.23,9.41673,12.5151,0.746,0.991457,0.0,1,0.0037042785,0.0382243109,0.03744786616186144
GEBSAJ_clean,5.78022,5.25567,5.78022,2.94845,1017.65,345.147,0.0,0.0,0.414,0.140413,0.0,0,0.0012238246,0.0122171333,0.009818462020050052
GEZZAO_clean,5.2549,3.39885,5.248,1.74668,1200.92,687.544,0.0,0.0,0.4976,0.284883,0.0,1,0.0009188509,0.0094529705,0.009039900357775531
GINNUO_clean,6.795,5.60459,6.7852,1.38088,911.225,659.887,0.0,0.0,0.4604,0.33341,0.0,1,0.00080545,0.0082691182,0.008025074640497051
GOBTAT_clean,7.10593,5.74189,7.09799,0.916339,2102.05,2293.96,0.0,0.0,0.6472,0.706289,0.0,0,0.0027799187,0.0259653972,0.027150075257002165
GONMON_clean,7.36451,3.08655,7.36451,1.50929,0.0,0.0,1044.08,691.77,0.5014,0.33221,0.0,1,0.0008466226,0.0085306044,0.00845455160222452
GUPBIE_clean,5.04343,2.78329,4.70939,1.7747,0.0,0.0,439.14,247.445,0.3928,0.221333,0.0,1,0.0004554251,0.0047366592,0.004526435785640049
HACRAH_clean,10.70695,3.98119,10.7068,1.08072,1943.74,1798.55,0.0,0.0,0.6278,0.580906,0.0,0,0.0026553776,0.0266141979,0.026241609231289778
HARHOA_clean,5.54988,3.24749,5.54988,1.17907,0.0,0.0,1159.83,983.683,0.5306,0.450016,0.0,1,0.0016390216,0.0162070217,0.015890469764483165
HAWZIQ_clean,5.31491,3.2934,5.31491,1.83897,0.0,0.0,919.933,500.245,0.4832,0.262756,0.0,1,0.0006760222,0.0066235109,0.006863978929346496
HEMVIF_clean,4.37383,3.17846,4.37383,2.28253,0.0,0.0,362.85,158.968,0.4532,0.198551,0.0,1,0.000655525,0.0069466699,0.006499908973193704
HIWMAD_clean,7.70996,7.42674,7.70996,1.56246,1499.4,959.639,0.0,0.0,0.6218,0.397961,0.0,0,0.0013508866,0.013203645,0.013333476047776238
HIYZEV_clean,6.85088,3.31241,6.85088,1.35159,1151.37,851.868,0.0,0.0,0.5104,0.37763,0.0,1,0.001174912,0.0115954629,0.011482687061784066
HONXAL_clean,5.93962,3.6638,5.93962,1.42871,1198.14,838.618,0.0,0.0,0.5172,0.362006,0.0,0,0.0015285268,0.0143320852,0.014299978566773602
ic200054b_si_002_clean,7.46774,3.60854,7.46774,1.4629,1076.81,736.077,203.521,139.122,0.5642,0.385672,0.0,0,0.0014712218,0.0146245091,0.014013827249701526
IDUYOX_clean,9.73996,8.61519,9.73996,0.935578,2195.16,2346.31,0.0,0.0,0.7078,0.756538,0.0,1,0.0030383042,0.0305315602,0.030080885789746634
IFEPUG10_clean,6.80475,6.55642,6.80475,1.8372,603.527,328.504,0.0,0.0,0.3222,0.175376,0.0,1,0.0004818312,0.0047872099,0.004828325389475076
IFEQER_clean,7.19047,6.08402,7.19047,1.57527,553.109,351.12,0.0,0.0,0.394,0.250116,0.0,0,0.0004596903,0.0047966389,0.004548242580657255
IJENIV_clean,10.00359,4.25651,10.00359,1.99634,628.149,314.65,0.0,0.0,0.4272,0.213991,0.0,1,0.0004768868,0.0044942371,0.004723033065769612
IWEVUD_clean,8.76153,5.94273,8.76153,2.07228,1706.46,823.467,0.0,0.0,0.6254,0.301793,0.0,1,0.0010607969,0.0106016545,0.010490447750347224
IYIHUU_manual,11.83739,10.43961,11.83739,0.634446,2047.9,3227.86,0.0,0.0,0.7402,1.16669,0.0,1,0.0043059221,0.0426370721,0.0432230254144501
IZIHIK_clean,7.14331,5.40483,7.14331,1.44939,1285.98,887.257,42.2152,29.1262,0.5348,0.368983,0.0,1,0.0011519233,0.0110935476,0.01153201704692382
ja078060t-file002_clean,16.93112,9.01585,16.93112,0.615402,2165.98,3519.61,0.0,0.0,0.7858,1.27689,0.0,1,0.0053149456,0.0539014238,0.050895218044939836
ja4015666_si_002_clean,10.09928,9.13648,10.09928,0.711506,2224.92,3127.06,0.0,0.0,0.7638,1.0735,0.0,0,0.004134414,0.040846053,0.04100215721616465
ja4015666_si_005_clean,10.07782,8.97289,10.07782,0.723441,2224.38,3074.72,0.0,0.0,0.7496,1.03616,0.0,0,0.0039199406,0.0408898684,0.039195334640024816
ja500330a_si_002_clean,7.59349,3.33849,7.50738,1.74698,1296.78,742.3,0.0,0.0,0.5292,0.302923,0.000228966,0,0.0009421186,0.0097814397,0.009360444920736587
ja501810r_si_002_clean,11.13191,5.72159,11.13191,0.767426,2419.7,3153.01,0.0,0.0,0.7292,0.950189,0.0,1,0.0039750006,0.0391521545,0.039649475093022545
ja507119n_si_002_clean,15.60995,11.91932,15.59956,1.42878,1384.15,968.765,14.3512,10.0444,0.6548,0.458293,0.000139979,0,0.0017725756,0.0179149477,0.017771845477598136
jacs.5b11079_ja5b11079_si_002_clean,14.16979,6.91811,12.94276,0.599196,2206.88,3683.06,0.0,0.0,0.7614,1.2707,0.0,1,0.0049936348,0.0488324462,0.04902255635673159
JADMIN_clean,4.66472,3.54882,4.41049,1.45894,240.443,164.807,147.508,101.107,0.4662,0.319547,0.0,1,0.0005455059,0.0052788666,0.0055233952119519225
JAJZAY_clean,11.43481,6.24659,11.43433,0.715716,2413.07,3371.55,0.0,0.0,0.7402,1.03421,0.0,1,0.0041151234,0.0423978041,0.040947667445384285
jp302979a_si_002_clean,10.98282,6.54194,10.97083,0.963718,2282.53,2368.46,0.0,0.0,0.7164,0.743371,0.0,1,0.0028148824,0.0281968017,0.027925743410972217
JUKPAI_clean,7.08241,5.52674,6.9259,3.59589,1474.22,409.973,0.0,0.0,0.4916,0.136711,0.0,1,0.0004357983,0.0043821335,0.004389749481406007
JUZSEE_clean,4.48789,3.2957,4.48789,1.30528,0.0,0.0,585.198,448.33,0.502,0.384591,0.0,0,0.0006289533,0.0065426489,0.006371565111368794
KELJAN_clean,6.72992,4.20356,6.59748,1.50078,1661.97,1107.4,0.0,0.0,0.603,0.401791,0.0,1,0.0012771914,0.0125298383,0.012774322507080327
KINMUR_clean,5.20086,4.2137,5.19994,1.27394,2724.76,2138.85,0.0,0.0,0.6356,0.498926,0.0,0,0.0023417358,0.0227855951,0.023563974743173715
KOJZOZ_clean,9.94395,7.51619,9.94395,1.17869,2115.26,1794.59,0.0,0.0,0.694,0.58879,0.0,1,0.0019904288,0.0192959577,0.02031468894838753
KOMHEB_clean,6.83617,4.31178,6.83617,2.04431,589.974,288.593,3.15896,1.54524,0.4406,0.215525,0.0,1,0.0006198044,0.0057514328,0.0061401762049074805
KOMJAZ_clean,7.10673,4.38637,7.09455,2.18628,640.766,293.085,6.57689,3.00825,0.4462,0.204091,0.0,1,0.0006272742,0.0061469453,0.0062676689205799635
KOVGOT01_clean,9.14865,6.57962,8.64921,1.30232,2344.83,1800.5,0.233416,0.179231,0.6924,0.531667,0.0,1,0.0020041318,0.0197504642,0.020189488892307796
KOVGOT_clean,9.14342,6.58506,9.14342,1.30232,2351.43,1805.57,0.204239,0.156827,0.6926,0.53182,0.0,1,0.0018954073,0.0194789992,0.019074092267179682
KUXSAZ_clean,8.81598,3.44204,8.80847,1.03643,1657.94,1599.66,0.0,0.0,0.6052,0.583926,0.0,0,0.0020546908,0.0214219513,0.02035823966521868
LABPEM_clean,6.18341,5.05232,6.14574,2.50734,600.583,239.53,0.0,0.0,0.4104,0.163679,0.0,1,0.000320718,0.0032314445,0.003257453555983916
LABQEN_clean,8.21095,6.13308,8.21095,2.19099,1641.41,749.165,0.0,0.0,0.6118,0.279235,0.0,1,0.0009707324,0.0099447786,0.009729489936576045
LACZIB_clean,9.35168,6.74694,9.35021,0.752382,2169.18,2883.09,0.0,0.0,0.6922,0.920012,0.0,1,0.0035961233,0.035088699,0.03551412861103866
LAGVEX_clean,6.7023,3.90662,6.7023,1.13087,1228.85,1086.65,0.0,0.0,0.5372,0.475032,0.0,1,0.0011254734,0.0121893664,0.01143898635039366
LAWGUO_clean,7.18198,3.98931,7.17216,1.75912,848.078,482.104,0.0,0.0,0.4794,0.272523,0.0,1,0.0006094448,0.0065649661,0.006073407883316291
LIDSAU_clean,5.52729,4.59222,5.52557,1.12251,2012.74,1793.07,0.0,0.0,0.5812,0.517767,0.0,1,0.0019911261,0.0197592209,0.019967315090399246
LIDSEY01_clean,5.12889,4.12015,5.11957,1.23861,1870.37,1510.06,0.0,0.0,0.573,0.462617,0.0,1,0.0018188871,0.0182788091,0.01814396679564624
LIGJIW_clean,7.07785,3.26999,7.07785,2.88824,0.0,0.0,778.552,269.56,0.4332,0.149988,0.0,1,0.0004618919,0.0046528319,0.00455122432664064
LIRTUC_clean,5.83831,3.6143,5.8313,1.27726,1032.08,808.039,0.0,0.0,0.5346,0.418551,0.0,0,0.0008913795,0.0091160057,0.008998272619223667
LOCRUR_clean,5.043,4.16027,5.043,1.07174,1871.72,1746.44,0.0,0.0,0.587,0.547708,0.0,0,0.0018258972,0.0173338253,0.018268957191142354
LOFJAT_clean,11.75384,5.77917,10.9055,0.7403,2339.25,3159.86,0.0,0.0,0.728,0.983385,0.0,1,0.0039607668,0.039749909,0.03962531871432743
LOXVUR_clean,4.57014,3.4563,4.57014,1.84158,481.399,261.405,0.0,0.0,0.3796,0.206127,0.0,0,0.0003731821,0.0034873222,0.0036941801218506962
LUDVOV_clean,8.59426,6.17353,8.59426,1.40472,1743.92,1241.48,0.0,0.0,0.6538,0.465432,0.0,0,0.00141878,0.0144017138,0.014083767618131392
LUSQIB_clean,6.45531,3.17096,6.44954,1.11435,0.0,0.0,800.654,718.497,0.5472,0.491051,0.0,1,0.0010750433,0.0106075096,0.010585365916525842
MAQMEZ_clean,6.07852,4.93483,6.07852,1.10025,1440.15,1308.92,0.0,0.0,0.5372,0.488252,0.0,1,0.0015711257,0.0149453717,0.015432247487139561
MARLUP_clean,3.97179,3.26006,3.94773,1.58166,0.0,0.0,394.95,249.707,0.5022,0.317515,0.0,1,0.0007259552,0.0078203707,0.007204783698395628
MAVRAE_clean,14.86498,11.27751,14.86293,0.610418,2066.56,3385.48,11.8472,19.4083,0.781,1.27945,0.0,1,0.0045604872,0.0464397951,0.045687845684617506
MIMSIM_clean,10.75813,9.26028,10.75813,1.01792,1232.26,1210.56,0.0,0.0,0.595,0.584524,0.0,1,0.0018908553,0.0184564572,0.01869644370723494
MINCET_clean,9.524,7.71671,9.524,0.905671,2095.17,2313.39,0.0,0.0,0.6848,0.756124,0.0,1,0.0027936552,0.0281368261,0.02797876752496347
MUGXIX_clean,6.18311,3.84627,6.03204,1.11722,1799.74,1610.9,0.0,0.0,0.5848,0.523441,0.0,1,0.0018074234,0.0178527873,0.018056514735585477
MUTCEL_clean,5.85951,3.93163,5.85747,0.998165,1648.55,1651.58,0.0,0.0,0.5924,0.593489,0.0,1,0.0016812904,0.0164924921,0.016982361947265687
NANPUN_clean,6.54289,4.24913,6.41069,1.18041,2725.22,2308.7,0.0,0.0,0.7086,0.600298,0.0,1,0.0019146945,0.018199287,0.019706222874410477
NATXOW_clean,6.27753,3.98136,5.70385,2.37062,1034.62,436.436,0.0,0.0,0.5084,0.214459,0.0,1,0.0005546492,0.005073364,0.0055767872769976095
NAYHAY_clean,9.43032,7.54222,9.43032,1.04574,1938.97,1854.15,0.0,0.0,0.6636,0.634572,0.0,1,0.0021188251,0.0214277718,0.02133136787076834
NEDLOZ_clean,5.19157,3.5955,4.37454,1.44817,1020.62,704.764,0.0,0.0,0.4738,0.327171,0.0,0,0.0012482964,0.0118882339,0.011985559862427355
NIMQAC_clean,4.88726,4.1244,4.87966,1.793,775.011,432.243,0.0,0.0,0.4462,0.248857,0.0,1,0.0006848642,0.0073985895,0.006776998623364606
NODKIB_clean,5.63153,3.9554,5.61978,1.17451,1015.77,864.844,0.0,0.0,0.5246,0.446654,0.0,0,0.0010986931,0.0106996851,0.010986726065075347
OCIZAD_clean,5.25446,4.2672,5.25048,1.11639,1457.42,1305.47,0.0,0.0,0.522,0.467577,0.0,1,0.0012060086,0.0124130259,0.012268056079477192
OCUTAI_clean,4.9495,3.52882,4.91814,1.71859,1100.33,640.251,0.0,0.0,0.4958,0.288493,0.0,1,0.0009913779,0.0096814246,0.009706610141171449
OHATAT_clean,4.42739,3.17116,4.42454,1.78842,0.0,0.0,652.143,364.648,0.4044,0.226122,0.0,1,0.0005846908,0.0057182264,0.005687934937569102
OJIFAP_clean,4.67693,3.73833,4.67693,1.13515,759.831,669.365,0.0,0.0,0.4686,0.412808,0.0,1,0.0011489916,0.0110612703,0.011321654902045933
ONUJUE_clean,9.03257,8.2459,9.03257,1.20375,1198.02,995.242,19.6744,16.3443,0.5232,0.434643,0.0,1,0.0014153375,0.0151141664,0.013840198668223874
OQUFAJ01_clean,11.08356,10.07272,11.08356,1.04241,2157.14,2069.38,0.0,0.0,0.6704,0.643125,0.000575589,1,0.0023845664,0.0245413065,0.024192177670363108
PADHIM_clean,4.89943,3.0444,4.89943,2.15706,0.0,0.0,539.608,250.159,0.4582,0.212418,0.0,1,0.00086318,0.0085287771,0.008613945402927875
PAQTOS_clean,5.12845,3.67184,5.12666,1.49187,656.885,440.311,0.0,0.0,0.4242,0.284342,0.0,1,0.0006329129,0.0061068949,0.0063410641388994965
PENNIH_clean,6.3502,4.1996,4.94284,1.08381,1502.1,1385.95,0.0,0.0,0.547,0.504702,0.0,0,0.0015485766,0.0141900593,0.015362667419050104
PENYOX_clean,4.58191,3.69127,4.58191,2.05639,514.83,250.357,84.4264,41.0557,0.4242,0.206284,0.0,1,0.0006167765,0.006205941,0.006116682999094996
PEWDAY_clean,4.88885,2.88033,4.88885,1.46266,0.0,0.0,831.425,568.435,0.4794,0.32776,0.0,0,0.0009464837,0.0100930562,0.009309041098569512
PIBPAS_clean,10.02705,9.63343,10.02705,0.905218,1687.34,1864.01,0.0,0.0,0.6458,0.71342,0.0,1,0.0024713757,0.0243698659,0.02444507411713395
PIDNIB_clean,5.00704,2.62164,5.00704,1.27902,0.0,0.0,1145.26,895.422,0.5444,0.425638,0.000469108,1,0.0014788624,0.0154578166,0.014131256248707301
PIVBEC_clean,13.77076,8.56536,13.77076,0.777047,2136.37,2749.35,0.0,0.0,0.75,0.965193,0.0,1,0.0039900801,0.0397589417,0.039477857279039255
PUBROU_clean,10.98616,5.10232,10.98616,0.916508,2445.22,2667.98,0.0,0.0,0.701,0.76486,0.0,0,0.0032621414,0.0326466502,0.03203080207196784
PUBSAH_clean,11.33641,4.82375,11.33641,0.84337,2328.1,2760.47,0.0,0.0,0.7052,0.836169,0.0,1,0.0033115368,0.0331727595,0.03304119992759492
PUBSEL_clean,11.39413,4.45603,11.39395,0.823222,2176.06,2643.34,0.0,0.0,0.6782,0.823836,0.0,1,0.0031107011,0.0312028585,0.031279570323431816
PUWZOX_clean,5.63365,4.16849,5.62629,1.59077,1356.24,852.569,0.0,0.0,0.5186,0.326006,0.0,1,0.0012547368,0.0125976318,0.012280557989627962
QAMLEY_clean,11.14892,6.14756,10.82233,0.696915,2278.27,3269.08,0.0,0.0,0.7598,1.09023,0.0,0,0.0038624791,0.0411023816,0.03930915317467055
QETQIP_clean,10.92795,8.79806,10.92452,1.06487,1392.02,1307.22,0.0,0.0,0.584,0.548421,0.0,0,0.0016214091,0.0168257782,0.016051352517083062
QOGGID_clean,4.77502,3.54489,4.71306,2.32432,1003.26,431.637,0.0,0.0,0.4844,0.208405,0.0,1,0.000717433,0.006728226,0.007106280056904344
QOGPIM_clean,12.64784,4.86083,12.64784,0.990851,1164.4,1175.15,1.09776,1.1079,0.5774,0.582731,0.0,0,0.0015555018,0.016585083,0.01564393583234204
QUQZOS_clean,6.02265,4.01043,6.02265,1.66025,709.739,427.49,0.0,0.0,0.3766,0.226834,0.0,0,0.0008862002,0.008863347,0.007991440618561788
QURPOK_clean,8.43298,2.62306,8.42176,1.65492,0.0,0.0,1428.39,863.118,0.5956,0.359898,0.000120852,1,0.001217646,0.0123161051,0.012315058777716653
QUTDAM_clean,11.27758,5.77514,11.27758,0.754326,2377.38,3151.67,0.0,0.0,0.7286,0.965895,0.0,1,0.0038762812,0.0387651843,0.038523957547345444
RANVUA_clean,17.88039,10.83041,17.84164,0.851424,1196.99,1405.86,445.528,523.274,0.7398,0.868897,0.0,1,0.0041102258,0.0405792605,0.040289534846474614
REHRON_clean,8.99143,2.90121,8.62908,1.65729,0.0,0.0,1298.2,783.327,0.594,0.358417,0.0,1,0.001009502,0.0102938902,0.010094632944345818
REXGAE_clean,16.86752,8.38436,16.86674,0.654639,2227.03,3401.91,0.0,0.0,0.7522,1.14903,0.0,0,0.0047757109,0.0473005357,0.04702856478371531
RIPWEU_clean,5.36705,3.28695,5.13064,3.95841,0.0,0.0,571.466,144.368,0.397,0.100293,0.0,1,0.0002563126,0.0024049607,0.0025136455812499337
RITGEI_clean,7.34363,6.78558,7.34363,2.03979,1347.27,660.495,0.0,0.0,0.5606,0.274833,0.0,1,0.0007685325,0.0077128399,0.007801042054417745
RIZXUT_clean,7.69583,4.84743,7.69583,0.922947,3031.84,3284.95,0.0,0.0,0.745,0.807197,0.0,1,0.0031042203,0.0307888009,0.030875474191081474
ROKRIU_clean,8.86041,5.19195,8.86041,1.64666,1704.6,1035.19,0.0,0.0,0.5902,0.358422,0.000121458,1,0.002328301,0.023096534,0.023065317942921583
RONSOE_clean,5.16012,4.53444,5.16012,1.3403,741.014,552.871,0.0,0.0,0.4724,0.352458,0.0,1,0.0007803408,0.0074700841,0.007744946221975436
ROQFUA08_clean,5.11464,2.76099,5.11464,4.00929,0.0,0.0,736.599,183.723,0.4616,0.115133,0.0,1,0.0036388395,0.0363417642,0.035351618856506756
RUBTAK07_clean,8.72079,3.85677,8.72079,1.62392,1649.19,1015.56,0.0,0.0,0.5662,0.348662,0.000123158,0,0.0013201965,0.0134908047,0.013209845197539202
RUBTAK08_clean,8.7506,3.87613,8.7506,1.62628,1652.91,1016.38,0.0,0.0,0.5644,0.347051,0.00012298,0,0.001352449,0.0136362987,0.013384489939349202
RUDPOW_clean,5.41076,4.66977,5.39738,2.71783,1184.38,435.783,0.0,0.0,0.5036,0.185295,0.0,1,0.0005307193,0.0053768837,0.005334002434665633
RUDQOX_clean,6.05488,4.57305,6.02316,2.85352,852.525,298.763,0.0,0.0,0.4552,0.159522,0.0,1,0.0003737783,0.0037426166,0.0037219801850124617
RUYNEG_clean,5.93601,4.57289,5.91825,1.49496,1669.78,1116.93,0.0,0.0,0.5372,0.35934,0.0,1,0.0013674133,0.0131793312,0.013466959263113889
SABFUX_clean,6.52911,4.84223,6.42802,0.711336,2529.9,3556.55,0.0,0.0,0.724,1.0178,0.0,0,0.0032815013,0.0326980023,0.03394292195617368
SAJHUJ_clean,6.4139,3.72776,6.34123,1.44908,755.301,521.226,133.822,92.3491,0.5074,0.350152,0.0,0,0.0009868122,0.0099047062,0.009797272683387162
SAJRAW11_clean,6.97897,5.6407,6.97897,1.04077,2621.69,2519.0,0.0,0.0,0.728,0.699485,0.0,0,0.002308258,0.0227594237,0.023246055076778925
SAMYIR_clean,6.27824,4.76913,6.27824,2.08893,574.788,275.159,0.0,0.0,0.4126,0.197517,0.0,0,0.0003385517,0.0033705676,0.003463648753346066
SAPHOI_clean,7.22635,3.6325,7.22635,1.12288,1450.11,1291.42,116.271,103.547,0.6152,0.547876,0.0,1,0.0018331773,0.0184847016,0.018351260529206978
SAWJAC_clean,4.04365,3.16605,4.04365,1.66149,0.0,0.0,310.471,186.863,0.4034,0.242794,0.0,1,0.0004165219,0.004352413,0.00417428679404117
SEHMAU_clean,4.17005,3.3234,4.07766,1.81975,474.19,260.58,7.01416,3.85447,0.467,0.256629,0.0,1,0.0003965769,0.0038501313,0.004041075488912278
SITFUY_clean,18.15702,9.20943,18.15702,1.0054,1849.34,1839.41,0.0,0.0,0.7562,0.752141,0.000198926,1,0.0034887887,0.0361062916,0.03382213960493277
SONTEV_clean,5.43437,4.24948,5.43437,1.4845,1179.06,794.252,0.0,0.0,0.5352,0.360526,0.0,0,0.0010946768,0.0107014366,0.010877394224690131
SROXAL01_clean,5.2745,3.39347,5.26737,2.11965,405.976,191.529,0.0,0.0,0.354,0.167008,0.0,1,0.0004489632,0.0043458926,0.004450512166009405
SURHEU02_clean,8.70584,3.84457,8.70584,1.62392,1646.48,1013.89,0.0,0.0,0.566,0.348539,0.000123158,0,0.0013553157,0.0133711126,0.013440812699936796
SUSMIE01_clean,3.95995,2.90462,3.90339,1.58671,0.0,0.0,237.138,149.453,0.4094,0.258018,0.0,0,0.0004274524,0.0045582647,0.0042995098839781806
TACQUK_clean,5.31454,2.6763,5.24674,2.0922,0.0,0.0,739.329,353.374,0.3938,0.188223,0.0,1,0.0008871136,0.0085119309,0.008219651826685813
TAJWAF02_clean,3.91878,2.72585,3.34938,1.34969,0.0,0.0,222.537,164.88,0.479,0.354897,0.0,0,0.0006416688,0.0061247968,0.006408260092149212
TAWSUI_clean,5.20958,3.98928,5.17642,1.56152,1730.86,1108.44,0.0,0.0,0.6298,0.403324,0.0,0,0.0014049256,0.0139963823,0.013740467791862908
TEVHEJ_clean,16.64004,7.73442,14.83466,0.917293,1753.18,1911.25,0.0,0.0,0.6898,0.751995,0.0,1,0.0029050081,0.0295847693,0.028938153298779846
TILBOH_clean,10.18314,7.628,10.13419,1.75002,1957.7,1118.67,0.0,0.0,0.655,0.374281,0.0,1,0.0014133263,0.0146159696,0.014022985496405108
TIRKEM_clean,5.36618,3.48834,5.34699,1.18994,1111.28,933.894,0.0,0.0,0.4996,0.419854,0.0,0,0.001052474,0.0099666103,0.010575046465588309
TOKKOV_clean,5.02498,3.26586,4.31205,1.69711,0.0,0.0,791.116,466.154,0.5054,0.2978,0.0,1,0.0007754167,0.0071291684,0.007688190404032234
TOKLEM_clean,5.5043,4.02182,5.5043,1.55856,1342.35,861.273,0.0,0.0,0.542,0.347756,0.0,1,0.000951678,0.0090550402,0.009624539415490138
TUJGAI_clean,5.32704,3.96008,5.26461,1.93315,914.908,473.272,0.0,0.0,0.4616,0.238781,0.0,1,0.0007596882,0.0081380306,0.0073803809586403596
UDAWUU_clean,8.53116,5.01319,8.49212,1.36238,1877.05,1377.77,0.0,0.0,0.6418,0.471089,0.0,1,0.0015303078,0.0155444167,0.01525616499780879
UFEXOT_clean,5.24877,5.07012,5.24877,2.41392,1168.03,483.873,0.0,0.0,0.46,0.190561,0.0,1,0.0005471924,0.0055282529,0.0055096811241717916
UHOHEG_clean,4.68817,3.47721,4.68817,1.82306,575.778,315.83,0.0,0.0,0.3866,0.212061,0.0,0,0.0006035959,0.0062348859,0.005972794099416375
UJEGUL_clean,6.0532,4.88486,6.0532,1.5961,1140.46,714.525,0.0,0.0,0.4812,0.301484,0.0,1,0.0012250761,0.011171146,0.011531023487002596
ULOLAK_clean,8.32335,5.93961,8.32335,1.44582,1721.43,1190.63,0.0,0.0,0.6254,0.432557,0.0,1,0.0013675869,0.013851388,0.013630798892774156
UMOYOM01_clean,8.8085,5.25892,8.77749,0.621878,2962.67,4764.07,0.0,0.0,0.7408,1.19123,0.0,1,0.0044298818,0.0447161687,0.044505161074838144
UMOYOM15_clean,7.15478,5.03775,6.09393,0.736061,2757.31,3746.04,0.0,0.0,0.6812,0.925467,0.0,1,0.003320059,0.0334637486,0.032913357053680994
UNABOB_clean,8.55635,7.67109,8.55635,1.32288,1496.81,1131.48,0.0,0.0,0.604,0.45658,0.0,1,0.0014342079,0.0144269851,0.014348352261578838
VABJUE_clean,4.79651,3.85588,4.7473,1.80377,818.587,453.821,0.0,0.0,0.4692,0.260123,0.0,0,0.0010327281,0.0106183487,0.009875267933144178
VABKAL_clean,4.96252,3.97014,4.94495,1.77009,894.513,505.348,0.0,0.0,0.4808,0.271624,0.0,0,0.0010691115,0.0110157672,0.010241163483342934
VAJTEH_clean,4.91266,3.88473,4.86323,1.37089,793.53,578.842,0.0,0.0,0.4266,0.311184,0.0,1,0.0005924297,0.0062142395,0.005980043606138532
VAKPUV_clean,8.42025,5.07912,7.45236,1.93014,1149.16,595.375,0.0,0.0,0.5226,0.270757,0.0,0,0.0008002995,0.00739747,0.00781421715983192
VAMZER_clean,7.00413,5.41811,7.00325,0.798549,2577.99,3228.34,0.0,0.0,0.7048,0.8826,0.0,0,0.0032295282,0.0324016015,0.0321187348515023
VELBAQ_clean,8.45052,7.3406,8.18626,0.767479,2121.67,2764.47,0.0,0.0,0.657,0.856049,0.0,1,0.0030937827,0.0310096744,0.031077900903159063
VIDWAI_clean,4.26915,3.21318,4.18386,1.57071,0.0,0.0,1087.21,692.178,0.5068,0.322657,0.0,0,0.00097618,0.0100254526,0.009508777865917445
VIWQUP_clean,8.69583,7.55321,8.68271,1.40125,1379.91,984.771,0.0,0.0,0.582,0.415343,0.0,1,0.001317647,0.0129826565,0.013122616002572179
VIWRAW_clean,18.47685,6.99909,18.46157,1.33324,1894.12,1420.69,0.0,0.0,0.773,0.579791,0.0,1,0.0022103508,0.0211390487,0.021712108865176712
VONDOT_clean,5.04789,4.53537,5.04607,1.46717,1023.41,697.539,0.0,0.0,0.4992,0.340246,0.0,0,0.0009485324,0.0089023444,0.00944542990403606
VONROH_clean,4.19663,3.48452,4.18843,1.78125,717.81,402.982,0.0,0.0,0.4498,0.25252,0.0,0,0.0005471062,0.0059338473,0.005494011165243015
VOPPAT_clean,5.20242,2.9043,5.17141,1.45879,0.0,0.0,566.576,388.387,0.4798,0.328902,0.0,1,0.0007736559,0.0079248497,0.0077006039663651835
VOVQEE_clean,6.4704,5.01157,6.4704,1.74606,2352.07,1347.07,0.0,0.0,0.6902,0.39529,0.0,1,0.0013348292,0.0132419777,0.013298647767158764
VOZVEN01_clean,8.60338,5.56407,8.60338,1.89729,1645.79,867.444,0.0,0.0,0.6124,0.322776,0.0,1,0.000955477,0.0105493937,0.009656541375401735
VUKYOR_clean,9.86874,5.55667,9.86874,1.6882,1708.97,1012.3,0.0,0.0,0.6318,0.374245,0.0,1,0.001386284,0.0138354796,0.013662465962253977
VUMBOW_clean,6.23579,5.49714,6.23579,1.58729,766.396,482.833,0.0,0.0,0.4186,0.26372,0.0,1,0.0005580659,0.0057654966,0.005658710329245648
VURNED_clean,8.28196,7.22796,8.27719,0.968429,2084.34,2152.29,0.0,0.0,0.665,0.686679,0.0,0,0.002738018,0.0280604486,0.026955418430538895
WAMRIN02_clean,7.24883,5.55813,7.22701,0.963729,1535.75,1593.55,0.0,0.0,0.587,0.609093,0.0,1,0.0022407355,0.022576047,0.02125299786799852
WARFAY01_clean,7.74959,5.31367,7.74959,1.27773,2063.4,1614.89,0.0,0.0,0.6292,0.492434,0.0,0,0.0026114436,0.0268910169,0.026056438121460468
WEBJIY_clean,16.85961,16.29058,16.85961,0.987245,2036.71,2063.02,0.0,0.0,0.69,0.698915,0.0,1,0.0027989345,0.0279760925,0.02765147331454853
WEBJUK_clean,18.31229,16.60062,18.31229,0.879226,2151.59,2447.14,0.0,0.0,0.7156,0.813897,0.0,1,0.0034532777,0.0335015488,0.03327439959129681
WELTIR_clean,7.31149,3.32333,7.29754,2.01999,741.779,367.219,0.0,0.0,0.4254,0.210595,0.0,1,0.000589507,0.0058332624,0.005763355768927257
WETPES_clean,11.77316,5.55523,10.53677,0.739178,2326.74,3147.73,0.0,0.0,0.723,0.978114,0.0,1,0.0038703826,0.0389480325,0.03844118690174606
WEXSEZ_clean,10.86576,4.1334,10.86576,1.02008,1886.77,1849.62,0.0,0.0,0.6346,0.622107,0.0,1,0.0024102488,0.0234999278,0.023892823674809882
WIBDAO_clean,3.72663,3.02173,3.54928,1.66902,0.0,0.0,80.5176,48.2425,0.4496,0.26938,0.0,0,0.0005019138,0.0044086132,0.004943781821787379
WIKGII_clean,9.6009,5.08261,9.6009,1.17729,1491.03,1266.49,0.448003,0.380537,0.5982,0.508115,0.0,1,0.0013727946,0.0144977295,0.013862230974230096
WISKOA_clean,4.58598,3.62744,4.58598,1.24484,886.096,711.817,0.0,0.0,0.4842,0.388967,0.0,0,0.001092864,0.0100650986,0.01060807252210631
WOJYOL_clean,6.3232,3.79224,6.3232,1.61626,545.369,337.426,378.847,234.397,0.4738,0.293146,0.0,1,0.0009981515,0.009692319,0.009675960163250098
WONJUG_clean,12.31296,8.59906,12.31296,1.47134,1427.08,969.918,131.627,89.4607,0.6012,0.408607,0.000271861,1,0.0022826009,0.0222942006,0.022088920842536497
WUDZOM_clean,9.28496,5.45388,9.18547,2.06825,1601.94,774.537,0.0,0.0,0.6036,0.291841,0.0,1,0.0009283838,0.0100807227,0.009458553274460152
WUHJAK_clean,4.55812,3.15616,4.55812,1.37549,0.0,0.0,347.097,252.344,0.4734,0.344168,0.0,0,0.0006072441,0.0061425375,0.0061391439562170375
WUJPIC_clean,6.8358,6.48385,6.8358,1.24403,1197.74,962.797,0.0,0.0,0.5018,0.403368,0.0,0,0.0013092322,0.0138404556,0.012923844761635684
XACYAB_clean,7.43204,5.86087,7.43204,1.12122,1692.73,1509.71,0.0,0.0,0.5724,0.510514,0.0,1,0.0020404941,0.019938946,0.020240654059733507
XANMUX04_clean,8.11715,7.85164,8.1162,1.15587,1357.98,1174.85,0.0,0.0,0.6136,0.530856,0.0,0,0.0015405212,0.015581491,0.015515858765429826
XANZAQ03_clean,8.31524,7.66858,8.31524,0.918646,1605.96,1748.18,3.17356,3.45461,0.6742,0.733906,0.0,1,0.0024822659,0.0250865219,0.024599039513112476
XANZAQ04_clean,8.34862,7.90874,8.34862,0.946048,1600.25,1691.51,0.0,0.0,0.6642,0.702079,0.0,1,0.0022615443,0.0216240816,0.02202801208955807
XANZAQ05_clean,8.47885,8.09304,8.47885,0.942478,1573.71,1669.76,0.0,0.0,0.6686,0.709407,0.0,1,0.0022305642,0.0218552405,0.0220089768536588
XANZAQ06_clean,8.35756,7.91059,8.35756,0.939122,1667.31,1775.39,0.0,0.0,0.6656,0.708747,0.0,1,0.002309206,0.023008652,0.02280461899905951
XANZAQ_clean,8.11701,7.49064,8.11701,0.931625,1637.23,1757.39,0.0,0.0,0.6638,0.712518,0.0,1,0.0020756639,0.020611272,0.020679576821208676
XEKJIH_clean,6.20826,5.78382,6.20814,1.47662,347.482,235.322,860.221,582.56,0.5432,0.367867,0.0,1,0.0016201473,0.015763864,0.014169664801350597
XEMHOM_clean,4.79162,4.0639,4.76831,2.00034,450.789,225.357,0.0,0.0,0.3928,0.196367,0.0,1,0.0003012526,0.0026667096,0.0030442465927211647
XIDMED_clean,11.48793,10.50283,11.48793,1.21119,1624.17,1340.97,0.0,0.0,0.653,0.53914,0.0,1,0.0021659565,0.0212425276,0.021734185587694792
XIGLOQ_clean,4.42386,2.76202,3.96285,1.79107,0.0,0.0,254.279,141.97,0.4716,0.263306,0.0,0,0.0009251823,0.0094117997,0.008914296657049342
XINXAV_clean,5.04481,3.01766,5.04481,1.31276,0.0,0.0,1107.07,843.312,0.5386,0.410281,0.0,1,0.0007656317,0.0086188258,0.007879891358076263
XISDOU_clean,6.57708,4.78728,6.57708,1.06399,2038.67,1916.06,0.0,0.0,0.598,0.562035,0.0,1,0.0020465948,0.0210387123,0.02055362347308179
XOMHEO_clean,6.80967,5.57312,6.80967,1.28307,2168.4,1690.01,0.0,0.0,0.6202,0.483373,0.0,1,0.0021654604,0.0212558565,0.021469258378576394
XOMHIS_clean,8.65147,5.97828,8.65147,0.851979,2400.52,2817.58,0.0,0.0,0.7112,0.834762,0.0,1,0.003489872,0.0354150101,0.03381094497182952
YEGHEZ_clean,5.88391,4.37273,5.87003,1.21357,1253.26,1032.7,0.0,0.0,0.5114,0.4214,0.0,0,0.0014186031,0.0135531523,0.01376658723366054
YOYCEV_clean,5.85347,3.65099,5.85347,0.977585,1221.28,1249.28,38.9821,39.8759,0.5474,0.559951,0.0,1,0.0014221429,0.0142837789,0.014205918266843556
YUDDEH_clean,9.23238,6.19771,8.9716,0.865828,1917.28,2214.39,0.0,0.0,0.6654,0.768513,0.0,1,0.0029998924,0.0287695271,0.029273023218820735
ZADRAA_clean,10.05232,5.81781,10.05232,1.33714,1945.37,1454.87,0.0,0.0,0.6546,0.489551,0.000149573,1,0.0027256712,0.0266411164,0.02752300096438825
ZADROO_clean,10.31269,5.87037,10.31269,1.32035,2021.29,1530.88,0.0,0.0,0.6576,0.498051,0.000151475,1,0.002638577,0.0282404939,0.026642408898219064
ZEZPIF_clean,4.9314,3.8688,4.91047,1.33575,1333.04,997.967,0.0,0.0,0.5954,0.445741,0.0,1,0.0013481345,0.013785151,0.013353876160916822
ZOKGAJ_clean,17.39237,16.36156,17.39237,1.58893,759.382,477.921,47.2436,29.733,0.5304,0.33381,0.0,0,0.0010662423,0.0101157749,0.01082614618157549
ZOQSUV_clean,8.97796,7.21692,8.97057,1.99998,1715.15,857.582,0.0,0.0,0.633,0.316503,0.0,1,0.001050694,0.0109691448,0.010590295327695922
ZUWWAP_clean,5.07411,2.67704,5.07411,2.0862,0.0,0.0,528.592,253.376,0.464,0.222414,0.0,1,0.0005888083,0.0058669337,0.005866896451621104
ABEXEM_clean,4.82084,4.14331,4.80387,1.76082,968.791,550.193,3.54724,2.01454,0.494,0.280551,0.0,1,0.0007053756,0.0071731435,0.0070399686167118775
ABEXIQ_clean,4.80529,4.06893,4.80529,1.7876,954.695,534.065,11.1491,6.2369,0.4776,0.267174,0.0,1,0.0007168183,0.0071592607,0.007206040377043628
ABEXOW_clean,4.7727,4.04921,4.7549,1.81243,948.305,523.222,8.72645,4.81477,0.5026,0.277307,0.0,1,0.0006934384,0.0068384307,0.006869908004745744
ACODON_clean,7.1439,4.65537,7.12384,1.14924,1729.7,1505.09,0.0,0.0,0.598,0.520346,0.0,0,0.0017074345,0.0172459734,0.017161108083948814
acs.cgd.5b01686_WAHFUJ1434675_clean,5.00451,3.93435,5.00451,1.28464,1087.15,846.274,0.0,0.0,0.4874,0.379407,0.0,1,0.0008755483,0.0091693171,0.008784357661621306
acs.inorgchem.5b02108_ic5b02108_si_002_clean,7.194,7.0599,7.194,1.21033,1596.38,1318.96,0.0,0.0,0.591,0.488296,0.0,0,0.0021034493,0.0203965791,0.020404188411946616
acs.inorgchem.6b00894_ic6b00894_si_002_clean,6.64699,4.59021,5.67003,1.10689,1216.8,1099.29,0.0,0.0,0.5272,0.476289,0.0,1,0.0014023536,0.0136591719,0.013754874071053117
acs.inorgchem.6b02514_ic6b02514_si_002_clean,6.09101,5.53211,6.09101,1.35156,1494.27,1105.59,0.0,0.0,0.6002,0.44408,0.0,1,0.001087081,0.0108755571,0.011102640798991852
acs.jchemed.6b00258_ed6b00258_si_005_clean,4.54949,3.31507,4.42404,1.46632,446.112,304.239,0.0,0.0,0.4476,0.305254,0.0,1,0.0004417293,0.0043850638,0.004424968250475123
acs.jpcc.6b08594_UiO66_Ce2Zr4_opt_clean,8.49751,4.07254,8.49751,1.27238,1692.83,1330.45,0.0,0.0,0.6072,0.477217,0.000157186,0,0.0015094265,0.0152663162,0.015143637766340827
ACUBAB_clean,6.48174,4.30295,6.47204,2.30944,1238.98,536.484,0.0,0.0,0.5252,0.227414,0.0,1,0.0007095658,0.0070652011,0.0070827911188252645
ADATOQ_clean,10.5421,9.07611,10.5421,0.632077,2324.74,3677.95,0.0,0.0,0.7278,1.15144,0.0,1,0.0040012999,0.0400246234,0.04118405854627655
ADIQEL_clean,4.43355,3.91364,4.43149,1.23763,785.544,634.715,0.0,0.0,0.4682,0.378303,0.0,0,0.0010381146,0.0107134993,0.010074110529657036
ADODUU_clean,5.93338,5.29096,5.57799,1.31573,1050.53,798.439,0.0,0.0,0.521,0.395977,0.0,0,0.0011171859,0.0102878247,0.01111416500605988
AFENEE_clean,4.49346,3.41581,4.45719,1.24906,796.3,637.522,0.0,0.0,0.4856,0.388774,0.0,1,0.0007460167,0.0072411873,0.007592471871511603
AFIPAH_clean,4.37538,3.90569,4.37538,1.83885,841.292,457.509,0.0,0.0,0.5032,0.273649,0.0,1,0.0006274277,0.0067017709,0.0063329629355188604
AFOYIE_clean,9.08566,8.61929,9.08005,0.761887,2055.27,2697.6,0.0,0.0,0.71,0.931897,0.0,1,0.0031815813,0.0316203284,0.03205771753517508
AGARUW_clean,6.77693,6.25183,6.7733,1.77195,1346.33,759.804,0.0,0.0,0.5056,0.285336,0.0,0,0.0008743968,0.0091696779,0.008638812477414996
AGIREP_clean,10.92956,6.85619,7.97786,0.99837,2250.02,2253.69,0.0,0.0,0.6896,0.690726,0.0,1,0.0026101247,0.026510345,0.02613163898511765
AJAKON_clean,5.2765,4.32303,5.27104,1.36723,1066.44,780.005,8.76449,6.41042,0.5024,0.367459,0.0,1,0.0009635914,0.009557006,0.009532479053725503
AKUKUO_clean,5.04792,4.38484,5.0448,1.30477,1062.64,814.426,0.0,0.0,0.5004,0.383515,0.0,0,0.0011240848,0.0102403737,0.011178917332219136
ALAHUS_clean,7.1812,5.45466,7.18023,1.36604,1533.73,1122.76,0.0,0.0,0.5724,0.41902,0.0,1,0.0013397314,0.0138031163,0.013500615008138553
ALAMUW_clean,11.92678,5.98269,11.92678,0.64997,2447.93,3766.22,0.0,0.0,0.761,1.17082,0.0,1,0.0046414839,0.046486635,0.045937930644847524
ALIFUY_clean,4.6486,2.79267,4.63894,1.33624,0.0,0.0,416.226,311.491,0.458,0.342754,0.0,1,0.0005001621,0.0054938441,0.005098127939223226
ALIXUP_clean,6.38387,5.75713,6.38387,1.33865,1367.26,1021.37,0.0,0.0,0.5492,0.410264,0.0,1,0.0009127817,0.0099852799,0.009295677811974738
ALUKAU_clean,4.78682,2.72791,4.78682,1.65289,0.0,0.0,650.746,393.703,0.4976,0.301049,0.0,1,0.0008683267,0.0081479973,0.008482694356118458
ALULAV_clean,8.53005,6.74275,8.5229,0.590909,2900.24,4908.1,0.0,0.0,0.7924,1.34099,0.0,1,0.0048193821,0.0495117522,0.049727471280411065
AMALND_clean,3.73865,2.65866,3.63953,1.87591,0.0,0.0,247.599,131.988,0.4986,0.265791,0.0,1,0.000487299,0.005308374,0.004863385262661311
AMILOY_clean,11.03089,9.17864,11.01877,1.00746,1259.05,1249.73,0.0,0.0,0.6048,0.60032,0.0,1,0.0019482318,0.0187614125,0.019677653062338485
AMILUE_clean,11.39418,11.07263,11.39418,0.982365,1253.76,1276.27,0.0,0.0,0.6124,0.623394,0.0,1,0.0019675949,0.0197668073,0.019786261989196835
AMOYOR_clean,4.82905,4.48972,4.82035,1.16972,759.125,648.979,0.0,0.0,0.4596,0.392914,0.0,0,0.0007473257,0.0080191433,0.007564222894780416
AMUFOF_clean,5.11388,4.36379,5.09892,1.34461,989.368,735.801,0.0,0.0,0.4928,0.366499,0.0,1,0.000918775,0.0090735334,0.009165495744892789
AMUXAI_clean,8.64297,7.79614,8.57936,1.02442,1402.26,1368.83,0.421846,0.411789,0.5964,0.582182,0.0,1,0.0015625294,0.0160014189,0.015556468597107975
ANAWOD_clean,6.92762,6.10595,6.92762,1.43826,1562.19,1086.17,0.0,0.0,0.5924,0.411885,0.0,0,0.0015506447,0.0149930262,0.015092903250744588
ANENEN_clean,6.01479,4.21811,6.00446,1.32355,832.511,628.996,0.0,0.0,0.48,0.36266,0.0,1,0.0008373319,0.0084599391,0.00828286495054966
ANONAT_manual,7.80429,5.88473,7.80429,0.800823,2311.14,2885.95,0.0,0.0,0.6928,0.86511,0.0,1,0.0033681773,0.0334611028,0.03327101306575446
APACAX_clean,5.65344,4.07573,5.64183,1.00727,1776.16,1763.34,0.75218,0.746751,0.6264,0.621879,0.0,1,0.0022768473,0.0219421434,0.022429422857399305
APAZAU_clean,6.57194,4.51844,6.57194,0.970314,2263.88,2333.14,0.0,0.0,0.6264,0.645564,0.0,1,0.0023409446,0.0241507448,0.023230706113675347
APAZOI_clean,6.38612,4.28228,6.36726,1.14648,2047.77,1786.13,0.0,0.0,0.6026,0.525607,0.0,1,0.0019383875,0.0192358122,0.019290100472373155
APEBED_clean,4.58202,3.62787,4.5574,1.65192,481.079,291.224,0.0,0.0,0.4828,0.292266,0.0,1,0.0006456482,0.0063827774,0.006410406232534411
APEBEE_clean,5.40727,4.06272,5.33928,1.31041,1192.91,910.333,0.0,0.0,0.513,0.391481,0.0,1,0.0010229266,0.0106776946,0.010273902750037681
AQETUM_clean,5.11237,2.99898,5.10768,1.43617,0.0,0.0,779.861,543.013,0.508,0.353718,0.0,1,0.0007520352,0.007653859,0.007592299868585503
AQUCUM_clean,11.51533,10.7235,11.51515,1.1988,1578.94,1317.1,0.0,0.0,0.662,0.55222,0.0,1,0.0022036024,0.0218246734,0.02196845203803629
ARAFIJ_clean,7.45121,6.98768,7.45121,0.945343,1746.6,1847.59,0.0,0.0,0.6538,0.691601,0.0,1,0.002194715,0.0228594113,0.021996665119133806
ARAHIM_clean,3.63807,2.64887,3.63807,1.80218,0.0,0.0,41.7748,23.1802,0.4256,0.236159,0.0,0,0.0002463924,0.0021649679,0.0024859367955960897
ASADAA_clean,5.76705,4.61254,5.76705,1.521,1240.97,815.894,0.0,0.0,0.5144,0.338199,0.0,0,0.0009675223,0.0094871835,0.009646487733995825
ASIVAB_clean,12.32132,7.27063,11.94622,0.538243,2328.12,4325.4,0.0,0.0,0.795,1.47703,0.0,1,0.0056425846,0.0556573147,0.056753510690498866
ASOHUL_clean,6.56282,6.27917,6.55848,1.03902,1614.33,1553.7,0.0,0.0,0.6152,0.592095,0.0,0,0.0018445156,0.0188452588,0.0184444698110279
ASOYOY_clean,9.52144,5.9183,9.51707,0.828676,2119.74,2557.99,0.0,0.0,0.6796,0.820103,0.0,1,0.0027376788,0.0271341893,0.027890659198977853
ASUBIB_clean,6.13583,4.25508,6.12102,1.52116,1472.07,967.73,0.0,0.0,0.532,0.349733,0.0,1,0.0011556464,0.0124593662,0.01155388170680205
ASUKEE01_clean,4.79531,3.45398,4.78239,1.18884,601.717,506.139,0.156486,0.131629,0.504,0.423944,0.0,1,0.0007135123,0.0073594074,0.007189638825822301
ATEYED_clean,7.47545,6.2198,7.47545,0.467817,3303.45,7061.42,0.0,0.0,0.7762,1.6592,0.0,1,0.0058900266,0.0587835551,0.05974490690620362
ATEYOP_clean,10.52737,8.16815,10.52737,0.722386,2397.76,3319.23,0.0,0.0,0.744,1.02992,0.0,1,0.003994261,0.0392339242,0.03967953174494478
ATIBOU01_clean,5.12784,4.01813,5.11026,1.59271,1003.99,630.367,0.0,0.0,0.4816,0.302377,0.0,0,0.0006195279,0.0066168133,0.006265565442775918
ATIBOU_clean,4.75824,3.95303,4.75824,1.66268,883.495,531.369,0.0,0.0,0.4562,0.274376,0.0,0,0.0005700294,0.0056939084,0.005800768331521199
ATIBUA_clean,4.92972,3.79229,4.92858,1.6758,825.852,492.811,0.0,0.0,0.4524,0.269961,0.0,0,0.0005396917,0.0056667641,0.005442915549505003
ATICAH_clean,5.2478,3.97372,5.19698,1.59515,971.718,609.171,0.0,0.0,0.4788,0.30016,0.0,0,0.0006083508,0.0063198232,0.0061776396661468785
ATOGEV_clean,5.55487,4.3075,5.55487,1.61783,1414.83,874.522,0.0,0.0,0.6026,0.372475,0.0,0,0.0011664984,0.0115519688,0.01151151188068443
ATOWIQ_clean,9.54888,7.69493,9.54888,0.866747,1781.33,2055.19,0.0,0.0,0.6812,0.785928,0.0,1,0.002773584,0.0273569446,0.02750091752463804
ATUXUK_clean,4.25042,2.62971,4.25042,1.75293,0.0,0.0,209.631,119.589,0.3764,0.214726,0.0,1,0.0005396081,0.0054530821,0.005313285326964914
AVAGOV_clean,4.8139,4.57423,4.8139,1.40471,790.723,562.91,0.0,0.0,0.4598,0.327328,0.0,1,0.00059524,0.0062490635,0.006023219514625135
AVEHAM_clean,4.51878,3.91316,4.51878,1.20992,526.263,434.955,0.0,0.0,0.4704,0.388785,0.0,0,0.0005949251,0.0063343154,0.00604114910579198
AVIPOL_clean,6.57451,5.5873,6.57451,0.939158,1727.44,1839.35,0.0,0.0,0.604,0.64313,0.0,1,0.0023226566,0.0229130991,0.022387474775167615
AVIVAC_clean,11.84006,7.39815,11.84006,0.73653,1721.91,2337.87,62.4247,84.7552,0.713,0.968053,0.0,1,0.0032009199,0.0318952147,0.03198836341554746
AVIVIK_clean,11.79938,6.70311,11.79938,0.734288,1705.89,2323.19,141.576,192.807,0.7142,0.972643,0.0,1,0.0033898521,0.0323167993,0.03394214786784724
AVIVOQ_clean,11.94166,7.13512,11.94166,0.709142,1885.38,2658.68,0.0,0.0,0.7218,1.01785,0.0,1,0.0034070278,0.0343154224,0.034154562743356424
AWAHAI_clean,12.74142,3.10347,12.74142,2.97237,0.0,0.0,1275.62,429.158,0.5854,0.196947,0.0,1,0.0006025947,0.006204677,0.006072600053623539
AWAHEM_clean,7.6574,4.85724,7.65488,2.1582,1774.85,822.374,0.0,0.0,0.6144,0.284682,0.0,1,0.0008855349,0.0088798937,0.00903250728045735
AWAKEQ_clean,5.66517,3.68033,5.65855,1.19573,631.039,527.745,0.0,0.0,0.5032,0.420832,0.0,1,0.0006963477,0.0065142838,0.007131992877091941
AWAREV_clean,4.9083,4.51433,4.9083,1.8749,727.007,387.757,0.0,0.0,0.456,0.243213,0.0,0,0.0004315741,0.0045177275,0.004363415890921531
AWIBEO_clean,5.87793,3.52185,5.87695,1.56801,309.299,197.256,17.3334,11.0544,0.4132,0.263519,0.0,1,0.0002039914,0.0021901458,0.002149108053582047
AXAQAT_clean,3.7148,2.67421,3.70703,2.23963,0.0,0.0,62.5697,27.9375,0.4054,0.181012,0.0,1,0.0002578228,0.0025535431,0.002498658350654922
AXIPEE03_clean,6.5428,4.0805,6.53621,1.61298,1706.94,1058.25,0.0,0.0,0.59,0.365782,0.0,1,0.0011816326,0.0114396306,0.011665754759510105
AXUBAW_manual,14.24572,5.52422,14.23389,0.741721,1799.0,2425.44,0.0,0.0,0.7126,0.960739,0.0,0,0.0031573076,0.0313299503,0.03206534972765301
AXUHAD_clean,9.91084,4.94321,9.90364,0.792408,1603.43,2023.49,0.0,0.0,0.6302,0.795297,0.0,1,0.002454618,0.0243638135,0.02465821071989912
AZILEC_clean,6.00977,3.33344,6.00977,1.22585,848.922,692.515,0.0,0.0,0.4804,0.39189,0.0,0,0.0008181667,0.0082971891,0.008163197666567364
AZIXUD_clean,5.99991,4.88169,5.99991,1.10463,1885.15,1706.59,0.0,0.0,0.6184,0.559825,0.0,1,0.0019091589,0.018718868,0.019220331807322914
BACMOH_clean,3.80267,3.23476,3.7954,1.46145,0.0,0.0,261.436,178.888,0.4694,0.321188,0.0,1,0.0005667506,0.0056777733,0.005613297605277596
BADHOG_clean,4.02045,2.99403,3.87478,1.24012,0.0,0.0,175.33,141.381,0.5174,0.417217,0.0,0,0.0007862714,0.007736589,0.007973257108013249
BAEDTA01_clean,5.34617,4.27166,5.33175,2.14248,360.006,168.032,116.013,54.1487,0.3902,0.182125,0.0,1,0.0003698988,0.0033630953,0.003720027222659283
BAFHAU_clean,9.02635,7.37185,9.02635,0.858551,2348.05,2734.89,0.0,0.0,0.738,0.859588,0.0,0,0.0026343169,0.026184972,0.02731230076524682
BAFKUR_clean,4.20949,2.7626,3.99865,1.34841,0.0,0.0,180.788,134.075,0.4148,0.307621,0.0,0,0.0004325882,0.0036581169,0.004324683332249042
BAHGUN02_clean,4.20642,3.207,4.1966,1.52235,0.0,0.0,303.905,199.629,0.3948,0.259336,0.0,1,0.00053254,0.0050064785,0.005257302725398779
BAHGUN03_clean,4.25449,3.25933,4.23074,1.50254,0.0,0.0,321.562,214.012,0.4192,0.278993,0.0,1,0.0005295314,0.00537354,0.005290077897134737
BAKFAV_clean,5.07804,3.13825,4.96712,1.79842,0.0,0.0,881.921,490.386,0.5434,0.302154,0.0,0,0.0008022199,0.0082855709,0.008027132938412089
BAMKIM_clean,6.79615,5.75134,6.79615,1.10764,1482.92,1338.8,0.0,0.0,0.5666,0.511536,0.0,1,0.0013315965,0.013657447,0.013689435777120068
BAMKOS_clean,6.76349,5.81846,6.76349,1.11335,1511.81,1357.89,0.0,0.0,0.5736,0.515203,0.0,1,0.001344244,0.0135761419,0.013811541511636057
BAPDAA_clean,12.36039,11.54677,12.35976,1.38142,1564.69,1132.67,0.0,0.0,0.6892,0.498906,0.0,1,0.0019668571,0.0196926089,0.019465898780116675
BAWRUO_clean,7.29901,5.68693,7.29887,2.71918,1447.8,532.44,20.7388,7.62687,0.5782,0.212638,0.0,1,0.0006960872,0.0076335436,0.00698924823170331
BAXFIR01_clean,4.08461,3.48945,4.06863,1.30493,544.936,417.597,0.0,0.0,0.4766,0.36523,0.0,0,0.0008094228,0.0080856783,0.008020742473084036
BAXFUD_clean,4.14435,3.36776,4.138,1.24657,540.704,433.752,0.0,0.0,0.5082,0.407677,0.0,0,0.0008621493,0.0087440469,0.008621145045377684
BAXREY_clean,6.69748,3.29424,6.69423,1.52944,0.0,0.0,667.0,436.106,0.4682,0.306124,0.0,0,0.0004668698,0.0047180424,0.004809091173342085
BAZJIX_clean,8.75902,7.46421,8.75317,0.770453,2094.53,2718.57,0.0,0.0,0.676,0.877405,0.0,1,0.0033080141,0.032858838,0.03268586956233476
BEFLEF_clean,4.34381,2.9685,4.34381,1.5922,0.0,0.0,763.83,479.734,0.4908,0.308253,0.0,0,0.0015132775,0.0098056983,0.012045490822547744
BEFMAC_clean,5.39704,3.47321,5.39704,1.51705,1003.1,661.215,0.0,0.0,0.5144,0.339079,0.0,0,0.0017019034,0.0109652136,0.014212389754690677
BELTUJ_clean,5.64744,4.1969,5.5822,1.08566,1393.43,1283.49,0.0,0.0,0.5582,0.51416,0.0,1,0.0015611126,0.0155338995,0.015333391178453042
BELYIC_clean,4.0335,3.09731,4.0312,0.963294,0.0,0.0,412.294,428.004,0.5522,0.573241,0.0,1,0.0011777828,0.0107792789,0.011147109108643475
BEPROF_clean,8.00306,5.96794,8.00133,0.730038,2383.55,3264.96,0.0,0.0,0.687,0.941046,0.0,0,0.0036630528,0.0349671595,0.036363806309816366
BEPWEA_clean,4.94352,3.50226,4.94123,1.37749,785.436,570.193,0.160637,0.116616,0.4914,0.356735,0.0,1,0.0008364967,0.0087058163,0.008285309239989906
BETHEP_clean,15.93969,5.38602,15.93969,1.55026,1210.88,781.08,479.733,309.453,0.6876,0.443538,0.0,1,0.0016841625,0.0166524246,0.01647289370860075
BETHIT_clean,16.17666,10.50859,16.17666,0.819587,1287.14,1570.48,480.797,586.633,0.7656,0.934129,0.0,1,0.0035659001,0.034905347,0.03575820279581005
BEXQUR_clean,8.07729,5.36514,8.07375,0.705667,2478.07,3511.67,0.0,0.0,0.72,1.02031,0.0,0,0.0033036515,0.0329797308,0.033667756801404186
BEXSEE_clean,6.49176,4.26641,6.49176,1.04973,1376.89,1311.66,0.0,0.0,0.5628,0.536136,0.0,1,0.0017196097,0.017097786,0.01700078903198793
BINRUN_clean,21.10286,10.09364,21.09225,0.511736,1907.73,3727.96,0.0,0.0,0.7778,1.51992,0.0,1,0.0054529068,0.0583273667,0.056125290520151624
BIPKIW_clean,12.38452,3.37218,12.38452,1.0068,912.256,906.096,240.625,239.0,0.5528,0.549067,0.0,1,0.0016074645,0.0146087264,0.015929455434390123
BIQHEQ_clean,4.74191,3.53352,4.74191,1.13318,1109.52,979.12,0.0,0.0,0.542,0.478299,0.0,1,0.0012668263,0.0127696855,0.012564210790229402
BIRSIG_clean,6.37536,4.74657,6.37536,1.3786,1214.29,880.813,0.0,0.0,0.4994,0.362252,0.0,1,0.0010571515,0.0104021419,0.010618127719459247
BIYTAG_clean,8.33704,7.53322,8.33704,1.33737,1512.13,1130.67,0.0,0.0,0.5802,0.433835,0.0,1,0.0014687321,0.0138471837,0.014602949598894386
BOCTOE01_clean,4.25376,2.75131,4.21442,1.24701,0.0,0.0,672.927,539.633,0.565,0.453084,0.0,0,0.0007798182,0.0074255386,0.007838777781179307
BOCTOE03_clean,4.3221,2.79678,4.3221,1.22701,0.0,0.0,721.68,588.163,0.5734,0.467316,0.0,0,0.0007826958,0.0079492542,0.008094635336524192
BOCTOE05_clean,4.4068,2.72867,4.4068,1.19924,0.0,0.0,783.634,653.443,0.5716,0.476636,0.0,0,0.0008709409,0.0086480212,0.00875963627650085
BOJCIN_clean,5.54889,5.25047,5.54889,1.10605,695.341,628.668,98.2069,88.7903,0.5312,0.480266,0.0,0,0.0007285517,0.0076514722,0.0074607556985534906
BOJYIK01_clean,4.80803,2.84792,4.80744,1.60323,0.0,0.0,695.034,433.52,0.501,0.312494,0.0,1,0.0009085588,0.0083724552,0.008868582934235885
BOPHIZ_clean,6.90751,5.24121,6.77761,1.23618,1521.62,1230.9,0.0,0.0,0.572,0.462715,0.0,1,0.0015106979,0.0153259223,0.01500647052338661
BOWDIC_clean,7.01096,4.61744,6.88238,1.0069,1455.4,1445.42,181.324,180.081,0.5804,0.57642,0.0,1,0.0018220226,0.0182829003,0.018402976502233784
BOZFIH_clean,5.87158,4.75385,5.8575,1.05542,1850.88,1753.69,0.0,0.0,0.6,0.568494,0.0,1,0.00189022,0.0191293663,0.018677187925654364
BUBWOM_clean,4.29554,2.65043,4.27821,1.474,0.0,0.0,359.89,244.158,0.4206,0.285346,0.0,1,0.0003789548,0.0038304682,0.0037578727704424804
BUGSIG_clean,4.72751,4.18275,4.72118,1.638,1097.7,670.147,0.0,0.0,0.5356,0.326984,0.0,1,0.0006375995,0.0068167023,0.006607007261748204
BUKRUW01_clean,10.63994,5.17607,10.63994,0.946218,2406.2,2542.96,0.0,0.0,0.7374,0.779313,0.0,1,0.0027779048,0.027087248,0.027846738958773574
BUPFEY_clean,9.7736,3.34249,9.76424,1.41669,1646.6,1162.29,6.40448,4.52075,0.6362,0.449076,0.0,1,0.0013893313,0.0132552941,0.013710397495243571
BUQWER_clean,5.03897,4.14527,5.03897,1.26322,872.21,690.465,0.0,0.0,0.5016,0.39708,0.0,1,0.0009522539,0.0097316435,0.009408291472309175
BURJOO_clean,5.25312,4.62411,5.25312,1.36621,795.034,581.927,0.0,0.0,0.4348,0.318253,0.0,0,0.0006554509,0.0063638721,0.006610021557104347
BURQIQ_clean,8.30102,5.43995,8.30102,0.998622,1908.3,1910.93,0.0,0.0,0.629,0.629868,0.0,1,0.0021018056,0.0216127762,0.021070634337653785
BUSQEM_clean,5.28773,3.7404,5.27624,0.951333,772.872,812.409,527.0,553.959,0.565,0.593903,0.0,0,0.0018092631,0.0173169126,0.01812484356500447
BUVXOG_clean,6.82532,5.20998,6.82532,1.26745,776.672,612.785,0.0,0.0,0.469,0.370036,0.0,0,0.0006412859,0.0061963209,0.0065150451536407335
BUVYIB01_clean,10.81747,8.62628,10.81747,0.682989,2289.3,3351.88,0.0,0.0,0.7066,1.03457,0.0,0,0.0037616554,0.0366226994,0.03706619868805158
BUWLUC_clean,5.18793,3.64341,5.18793,1.32106,1477.38,1118.33,1.23611,0.935694,0.6038,0.457058,0.0,1,0.0011919751,0.0118361394,0.012047114216913029
c4ce00408f_c4ce00408f2_clean,12.62762,5.23882,12.62762,1.04827,1808.67,1725.39,210.803,201.096,0.6818,0.650406,0.0,1,0.0024843947,0.0253183294,0.024649833755007882
c4dt03702b_c4dt03702b2_clean,8.83143,6.21194,8.83143,0.592358,2322.31,3920.45,0.0,0.0,0.7494,1.26511,0.0,0,0.0046286222,0.0459263066,0.04621817392616255
c5cc10203k_c5cc10203k2_clean,16.11055,7.03802,16.11055,0.497,2186.45,4399.29,0.0,0.0,0.7782,1.5658,0.0,1,0.0056390609,0.0580821108,0.05727645861606662
c5ce00010f_c5ce00010f2_clean,6.25876,3.82372,5.50534,1.19183,724.15,607.595,429.773,360.599,0.5406,0.453588,0.0,1,0.0009499478,0.0094265358,0.00966162516803753
c5ta04552e_c5ta04552e2_clean,6.07552,3.10239,6.07552,1.42683,0.0,0.0,897.934,629.319,0.4918,0.344679,0.0,1,0.0009406487,0.0097239565,0.009504603293440788
c5ta04989j_c5ta04989j2_clean,7.09855,5.91102,7.08643,1.4765,1374.61,930.993,0.0,0.0,0.5276,0.357332,0.0,1,0.0012401086,0.0128909415,0.012322244021836688
c6dt03852b_c6dt03852b2_clean,13.14811,11.57992,13.14609,0.737977,1944.6,2635.04,0.0,0.0,0.7482,1.01385,0.000271011,1,0.0037565504,0.0387644565,0.03769344857332007
CACBUG_clean,4.28617,3.67636,4.28617,1.29935,625.637,481.501,0.0,0.0,0.4628,0.356178,0.0,1,0.0006225657,0.0068984004,0.006291625797855981
CADQAB_clean,6.63883,4.78268,6.63883,1.11548,2206.23,1977.84,0.0,0.0,0.6348,0.569083,0.0,1,0.0020813602,0.0214073647,0.020824449542960616
CAGSAG_clean,9.02799,5.29308,7.06322,0.961699,2031.62,2112.53,9.03866,9.39864,0.6624,0.688781,0.0,1,0.0022975031,0.0241501032,0.0232588706688095
CAJBUN_clean,4.98227,2.94215,4.98227,1.57401,0.0,0.0,346.026,219.838,0.4058,0.257813,0.0,1,0.0007915275,0.0078729382,0.007354237913803342
CAKXIX_clean,4.13408,2.81759,4.08547,1.95983,0.0,0.0,236.274,120.559,0.4734,0.241552,0.0,1,0.0004689533,0.0052577431,0.004690870105876031
CAKXUJ_clean,4.10044,2.79077,4.09036,2.02431,0.0,0.0,225.078,111.187,0.4698,0.232079,0.0,1,0.0004798665,0.0048593548,0.0048298872647678575
CAKYAQ_clean,4.08997,2.78322,4.0162,2.04806,0.0,0.0,223.636,109.194,0.4694,0.229193,0.0,1,0.00047107,0.0048379031,0.004678750111986859
CAKYEU_clean,4.05316,2.75795,3.99799,2.07535,0.0,0.0,214.801,103.501,0.4688,0.22589,0.0,1,0.0004666279,0.0046704453,0.0046986295388318795
CAMROA_clean,7.19069,4.56478,7.19069,1.30979,1422.32,1085.91,0.0,0.0,0.5454,0.416401,0.0,1,0.0014484415,0.0148718768,0.01416604587777637
CAVPEW_manual,20.25907,7.7782,20.25907,0.40269,1930.55,4794.14,0.0,0.0,0.8198,2.03581,0.0,0,0.0077717468,0.077323767,0.07608287230580604
CAVRAU_clean,8.06449,6.42877,8.06449,0.994088,1841.55,1852.5,0.0,0.0,0.6396,0.643404,0.0,1,0.0022866623,0.0228443959,0.02287886124112587
CAXVII_clean,11.59355,10.81405,11.59355,1.12398,1567.91,1394.96,0.0,0.0,0.6396,0.569048,0.0,1,0.0023491185,0.0233803607,0.02312704784129557
CAXWAB_clean,11.47981,10.7455,11.47981,1.14506,1582.63,1382.13,0.0,0.0,0.6306,0.550713,0.0,1,0.0022510113,0.0230042837,0.02237672770621778
CAXZOS_clean,9.21896,5.54947,8.26542,0.933786,1488.97,1594.55,0.0,0.0,0.591,0.632907,0.0,0,0.0021533198,0.0214499822,0.021130484065452183
CAXZUY_clean,9.32301,5.43687,8.01925,0.950981,1467.16,1542.78,0.0,0.0,0.579,0.608845,0.0,0,0.002106387,0.0207995002,0.020684286657811655
CAYMIZ_clean,5.09274,4.35949,5.06741,1.47774,1017.51,688.557,0.0,0.0,0.4866,0.329286,0.0,0,0.0009207705,0.0081314601,0.009043669383258247
CAYQAV_clean,5.97925,4.27197,5.97925,1.3965,1570.86,1124.85,0.0,0.0,0.5832,0.417615,0.0,1,0.0013041262,0.0128204933,0.013167905943566063
CAYYEG_clean,7.23384,5.22809,7.23384,1.1195,757.877,676.976,0.0,0.0,0.4822,0.430726,0.0,0,0.0007289679,0.0070446215,0.007264045110516553
CDLGLU01_clean,3.41972,2.80899,3.41954,1.89224,0.0,0.0,16.5566,8.74975,0.44,0.232529,0.0,1,0.0002359532,0.0024040266,0.0024311121151024614
CDLGLU11_clean,3.39379,2.72562,3.37746,1.87407,0.0,0.0,9.5878,5.11603,0.433,0.231048,0.0,1,0.0002089872,0.0022247021,0.002203734444464145
CEDFIC_clean,5.4924,4.94828,5.32905,1.21421,1932.36,1591.46,0.0,0.0,0.6236,0.513586,0.0,1,0.001759258,0.0175925819,0.01762319580116164
CEGWER_clean,4.43901,3.87534,4.42525,1.46079,690.461,472.661,0.0,0.0,0.4246,0.290664,0.0,1,0.0007030226,0.0070538868,0.006967344327669373
CEHTEP_clean,5.13273,3.12604,5.12998,1.98211,0.0,0.0,1064.68,537.145,0.5982,0.301799,0.0,1,0.000606478,0.0059819678,0.006189043337958972
CEJZAU_clean,7.19009,4.36372,6.93205,1.03983,1483.83,1427.0,0.0,0.0,0.5552,0.533934,0.0,0,0.0016687892,0.0163239873,0.016645802479310065
CEKRUH_clean,5.36221,3.36123,5.36221,1.38131,729.546,528.155,0.0,0.0,0.4924,0.356473,0.0,0,0.000767447,0.0074574147,0.0076889050314005725
CENKAJ_clean,8.21931,4.12189,8.21931,1.27633,1215.32,952.199,71.8847,56.3212,0.5908,0.462888,0.0,1,0.0011827062,0.0111186293,0.011554259986906535
CETFUD_clean,4.78644,4.1075,4.78644,1.42835,1079.17,755.535,0.0,0.0,0.4914,0.344034,0.0,1,0.00080026,0.0081835288,0.008068942438545923
CEXHET_clean,5.56032,3.64308,4.81937,1.07672,1426.07,1324.45,4.06218,3.77273,0.5636,0.523441,0.0,1,0.0012786104,0.0125814258,0.013050093841789732
CEYPUT01_clean,5.3037,3.76464,5.15402,1.22825,976.383,794.936,0.0,0.0,0.5114,0.416364,0.0,0,0.001215074,0.0118153573,0.011997439685409568
cg200606r_si_001_clean,4.89412,3.61697,4.88387,1.24739,1030.7,826.282,0.0,0.0,0.5586,0.447815,0.0,1,0.0013544339,0.0139218398,0.013288260927415859
cg301725z_si_003_clean,4.61209,3.22613,4.60561,1.078,0.0,0.0,1404.62,1302.99,0.5694,0.528201,0.0,0,0.0017450223,0.0158761269,0.01716170688881055
cg501730q_si_002_clean,15.26084,10.84338,15.26084,0.834696,1931.13,2313.57,0.0,0.0,0.7224,0.865465,0.0,1,0.0029731415,0.0308156061,0.030296566110485684
cg8013317_si_003_clean,5.86482,4.33377,5.84465,0.919505,1402.89,1525.7,0.0,0.0,0.564,0.613373,0.0,1,0.0015894697,0.0164270372,0.015935069643740078
CIFDUS_clean,6.0819,4.13005,6.0819,0.982136,1846.77,1880.36,0.0,0.0,0.6008,0.611728,0.0,1,0.0020678425,0.0203825278,0.02074398046001826
CIFLUA_clean,9.37773,7.98095,9.37773,0.746179,1903.8,2551.39,0.0,0.0,0.6868,0.920422,0.0,1,0.0033491506,0.0335429869,0.03346441213499924
CIWSAD_clean,8.30771,7.62763,8.30771,1.22175,2054.23,1681.39,0.0,0.0,0.6672,0.546104,0.0,0,0.0018367128,0.017751599,0.01846321168845634
CIWYUD_clean,7.106,4.57125,7.10384,1.41213,1333.92,944.617,0.0,0.0,0.5334,0.377728,0.0,1,0.001171569,0.0120145949,0.011501730099891739
CIWZIT_clean,6.79559,5.48299,6.79559,1.25271,971.679,775.661,0.13923,0.111143,0.5152,0.411268,0.0,0,0.0007177305,0.0077153496,0.00762664109391271
CIXBUH_clean,8.16009,7.52386,8.14429,1.22695,2058.62,1677.84,0.0,0.0,0.6684,0.544765,0.0,0,0.0018735787,0.017603477,0.01859817858262237
CIYZUG_clean,4.43409,3.66305,4.43409,1.41147,330.488,234.144,0.0,0.0,0.4122,0.292036,0.0,1,0.0002588848,0.0026528076,0.002611456829852529
cm202876r_si_002_clean,4.47913,3.53194,4.47073,1.51151,750.121,496.273,0.0,0.0,0.4498,0.297584,0.0,1,0.0008402316,0.0087444458,0.008239063292403339
cm501138g_si_002_clean,13.2781,6.68961,13.2781,0.886331,2090.67,2358.79,0.0,0.0,0.7192,0.811435,0.0,1,0.0031385779,0.0315175254,0.03161370037625714
cm501138g_si_012_clean,13.22876,6.69209,13.22876,0.883303,2102.85,2380.67,0.0,0.0,0.72,0.815122,0.0,1,0.003192825,0.0312307911,0.031737393803327046
cm503311x_alf11K_clean,7.06313,6.65574,7.06313,0.967105,1569.67,1623.06,0.0,0.0,0.6028,0.623304,0.0,0,0.0022161461,0.0214800366,0.021471853167523546
cm503311x_alf175K_clean,7.34601,7.12573,7.34601,0.962415,1571.81,1633.19,0.0,0.0,0.6104,0.634238,0.0,0,0.0023192695,0.0210048593,0.021748284741986573
cm503311x_alf200K_clean,7.35028,7.12879,7.35028,0.963076,1569.66,1629.84,0.0,0.0,0.6114,0.634841,0.0,0,0.0022484986,0.0217368345,0.021574238418472915
cm503311x_alf250K_clean,7.38381,7.16186,7.38381,0.96386,1556.21,1614.56,0.0,0.0,0.6126,0.635569,0.0,0,0.0022808509,0.0212596352,0.02173818543525369
cm503311x_alf275K_clean,7.36182,7.1382,7.36181,0.964358,1561.39,1619.1,0.0,0.0,0.612,0.634619,0.0,0,0.0023718423,0.0213708469,0.02171618958840086
cm503311x_alf425K_clean,7.36621,7.1125,7.36621,0.965299,1563.1,1619.29,0.0,0.0,0.6096,0.631514,0.0,0,0.0020644938,0.0210655202,0.020669724732365186
cm503311x_alf450K_clean,7.38286,7.11841,7.37883,0.965482,1551.09,1606.55,0.0,0.0,0.6096,0.631395,0.0,0,0.0024102609,0.0207844579,0.022220712891310623
cm503311x_aloh350K_clean,7.17066,6.85243,7.17066,0.948507,1596.68,1683.36,0.0,0.0,0.6094,0.642483,0.0,0,0.0023247956,0.0213130224,0.021711245555691684
cm503311x_aloh475K_clean,7.15171,6.83611,7.15171,0.947452,1603.8,1692.75,0.0,0.0,0.6108,0.644676,0.0,0,0.0021688519,0.0223122948,0.02137399068343783
cm503311x_F-mil-53-Al-lp-ortho_clean,7.02034,6.52714,7.01966,0.96948,1649.91,1701.85,0.0,0.0,0.609,0.628172,0.0,0,0.0023749153,0.0212618571,0.021650194565691793
cm503311x_OH-mil-53-Al-lp-ortho_clean,7.10725,6.52666,7.10725,0.948868,1614.15,1701.13,0.0,0.0,0.6014,0.633808,0.0,0,0.0022875164,0.0214569401,0.021770161772313248
CODFEH_clean,3.78989,3.49285,3.78989,1.48867,302.667,203.313,0.0,0.0,0.4624,0.310612,0.0,1,0.0005291614,0.0058514106,0.0052658175520423735
CODFUX_clean,4.76662,3.36159,4.76662,1.50711,1268.41,841.619,0.0,0.0,0.5474,0.363213,0.0,0,0.001344915,0.0137504545,0.012547883391983575
CODROD_clean,4.34102,3.83565,4.34102,1.88869,770.385,407.893,0.0,0.0,0.4956,0.262404,0.0,1,0.0006149511,0.0063907884,0.0061997382535535625
COKMUM_clean,11.78987,10.95857,11.78969,1.07449,1572.51,1463.5,0.0,0.0,0.6544,0.609034,0.0,1,0.0023782165,0.0243955691,0.02341052969709371
COKNAT_clean,11.6018,10.75702,11.60156,1.22798,1610.43,1311.45,0.0,0.0,0.6686,0.544469,0.0,1,0.0022185245,0.0220860759,0.021994483102705676
COPXOV_clean,5.47401,3.72166,5.47401,1.25742,393.122,312.642,0.0,0.0,0.4288,0.341015,0.0,0,0.0004013753,0.0042003934,0.004125261950442718
COQLAX_clean,6.51206,3.51527,6.51206,1.25751,617.251,490.851,2.6328,2.09366,0.4496,0.357531,0.0,1,0.000650616,0.0057047661,0.006557323148346127
COTVIS_clean,5.1733,3.29073,5.17236,1.27812,0.0,0.0,1102.67,862.727,0.573,0.448313,0.0,1,0.0011728847,0.0107339426,0.011561652395851656
COTXOA_clean,5.06649,4.15335,5.05658,1.08454,1114.76,1027.86,0.0,0.0,0.52,0.479465,0.0,0,0.0011946666,0.0122860003,0.01192758661348005
COTYIV_clean,9.63817,7.84231,9.63817,0.968257,1898.84,1961.09,0.0,0.0,0.697,0.71985,0.0,1,0.0025290331,0.024461295,0.025004117253321516
COWMOR_clean,6.72492,5.5633,6.71793,1.24692,2127.23,1705.98,0.0,0.0,0.644,0.516471,0.0,1,0.001770687,0.0176648862,0.017795714249793912
COWRIR_clean,5.34448,2.88567,5.14751,1.26041,0.0,0.0,798.428,633.469,0.5054,0.400982,0.0,1,0.001071183,0.0113542543,0.010385327278644867
COXQUB_clean,3.99789,2.84337,3.99789,1.72439,0.0,0.0,180.013,104.392,0.4276,0.247972,0.0,1,0.0003643696,0.0035243554,0.0036985098617740497
COXXIX_clean,5.00194,3.89763,4.98595,1.444,837.163,579.754,22.0465,15.2677,0.5136,0.355679,0.0,1,0.0008492808,0.0083380501,0.008316614423509347
COYTEQ_clean,3.8382,3.37897,3.83551,1.78776,534.075,298.739,0.0,0.0,0.4242,0.23728,0.0,1,0.0008357194,0.0075847728,0.007989316933739613
CUFDUD_clean,6.88574,5.43307,6.8031,0.934938,2543.4,2720.39,0.0,0.0,0.6874,0.735236,0.0,0,0.0030816918,0.0320122979,0.029984797540849695
CUFFAL_clean,6.84864,5.58095,6.83586,0.914088,2542.3,2781.24,0.0,0.0,0.6982,0.763822,0.0,0,0.003191816,0.0324385839,0.031119656145946323
CUGFOB_clean,3.89377,3.09606,3.89377,1.51199,0.0,0.0,222.235,146.982,0.4492,0.297092,0.0,0,0.000333262,0.0033756731,0.0034302608683989076
CUGXAF_clean,8.60996,4.08035,8.60996,0.892149,1793.87,2010.73,0.236744,0.265364,0.6424,0.720059,0.0,1,0.0022485455,0.0231612748,0.022651596562357518
CUKXOW_clean,4.70734,4.27142,4.70734,1.65503,1163.02,702.72,14.5035,8.7633,0.5338,0.322532,0.0,1,0.0007950238,0.0090703377,0.008117271366308815
CUMJEB_clean,5.10711,4.11246,5.10711,2.00854,711.044,354.01,0.0,0.0,0.4216,0.209904,0.0,0,0.000416033,0.0041476265,0.004175741576306349
CUMLUT_clean,5.66406,3.97439,5.65405,1.2172,2284.73,1877.03,0.0,0.0,0.6392,0.525138,0.0,1,0.0018560338,0.0190109459,0.018603486584906775
CUQKOQ_clean,5.93389,5.13786,5.93375,1.75724,1823.79,1037.87,0.0,0.0,0.6128,0.348728,0.0,1,0.0012859077,0.0125409039,0.012704436324450665
CUQRIR_clean,5.69204,4.57463,5.69204,1.10643,1361.29,1230.35,0.0,0.0,0.5686,0.513906,0.0,0,0.0013876218,0.0139380863,0.013987335264274621
CURYOE01_clean,11.02009,9.16908,10.48925,1.0226,1239.44,1212.05,0.0,0.0,0.5864,0.57344,0.0,0,0.0018339243,0.0182636764,0.01852792827368915
CUVTUJ_clean,11.49174,10.88335,11.49174,1.17569,1542.4,1311.91,0.0,0.0,0.635,0.540109,0.0,1,0.0021637071,0.0227251599,0.021490002657970853
CUWVEX_clean,4.57028,3.39691,4.56838,1.52621,899.509,589.372,0.0,0.0,0.4664,0.305593,0.0,1,0.0008553252,0.0086033687,0.008461889084907127
CUWXOJ_clean,5.20089,3.52692,5.18895,1.36291,1137.88,834.888,0.0,0.0,0.5102,0.374345,0.0,1,0.0011278362,0.0110971942,0.011266893598993404
CUWZIF_clean,6.90107,4.04842,6.50474,1.24221,1455.33,1171.56,0.0,0.0,0.5514,0.443886,0.0,1,0.0013643778,0.0140459726,0.01365986232493615
CUYQIX_clean,3.73047,3.14077,3.73047,1.30964,0.0,0.0,163.669,124.973,0.4612,0.352159,0.0,1,0.0004118498,0.0038302034,0.004111985867130959
CUYYAX_clean,5.04944,3.83367,4.87007,1.16048,1383.0,1191.75,0.0,0.0,0.5718,0.492727,0.0,1,0.0014300175,0.0142991702,0.014422994599383841
DABFET_clean,5.96972,3.38004,5.9641,1.19742,687.371,574.042,24.994,20.8731,0.4676,0.390505,0.0,1,0.000698244,0.0075376184,0.007068340226580476
DABGIZ_clean,6.29922,3.2036,6.29922,2.1252,0.0,0.0,632.441,297.592,0.4588,0.215886,0.0,1,0.0003808963,0.0038742884,0.0037875806838530693
DACXUB_clean,5.15965,3.22682,5.15642,1.48041,0.0,0.0,696.375,470.394,0.4504,0.304241,0.0,0,0.0006613784,0.0068986219,0.0065671344164299605
DACYUE_clean,6.8959,6.15645,6.8959,0.724543,2828.29,3903.55,0.0,0.0,0.6932,0.956741,0.0,1,0.0037535255,0.0376343213,0.03664825472274773
DADLOM_clean,18.71129,17.36648,18.69765,0.589373,1296.58,2199.93,0.0,0.0,0.7274,1.23419,0.0,1,0.0045390217,0.0462283327,0.04435584896181261
DADNOO_clean,4.73082,3.55854,4.7198,1.89726,1369.77,721.97,0.0,0.0,0.558,0.294108,0.0,0,0.0009283152,0.0092248466,0.009453467177483164
DADPEG_clean,4.6964,3.56133,4.68951,1.91805,1368.69,713.581,0.0,0.0,0.56,0.291963,0.0,0,0.0009300311,0.0094621054,0.00942888761331011
DAFHID_clean,5.13503,3.30856,5.1173,1.28807,0.0,0.0,865.179,671.684,0.5112,0.396872,0.0,0,0.0010509992,0.010725197,0.01057248740080636
DAHNUW_clean,5.84798,3.71152,5.7374,1.67689,1727.89,1030.41,0.0,0.0,0.5894,0.351484,0.0,1,0.001094275,0.0108088767,0.010967828123829623
DAHPAE_clean,5.00613,3.59286,5.00613,1.85953,1943.24,1045.01,0.0,0.0,0.5872,0.315779,0.0,0,0.0010474084,0.010390158,0.010716058076005413
DAKVIW_clean,10.56447,5.75649,10.52532,0.937929,2177.49,2321.59,0.0,0.0,0.7172,0.764663,0.0,1,0.002916892,0.028959609,0.0289387368336391
DAKVUI_clean,10.79495,6.61419,10.65384,0.825495,2120.6,2568.89,0.0,0.0,0.704,0.852822,0.0,1,0.0033464397,0.0331374789,0.03314031693879292
DANROC_clean,8.97986,3.15204,8.31008,1.18504,0.0,0.0,1028.7,868.073,0.5074,0.428171,0.0,1,0.0010039235,0.0101628779,0.01018774016861757
DAPBED_clean,11.8768,6.79638,11.8768,0.823875,2185.0,2652.11,0.0,0.0,0.7074,0.858625,0.0,1,0.003408246,0.0340650061,0.03377209723854335
DAPBIH_neutral,11.12385,5.1267,11.12385,0.988754,1494.17,1511.16,320.813,324.462,0.6592,0.666697,0.0,0,0.0022538143,0.0228201571,0.022546045189351698
DATPIY_clean,5.0065,3.44702,5.0065,2.43277,611.699,251.441,0.0,0.0,0.401,0.164832,0.0,1,0.0003560019,0.0039762083,0.0035614424204100377
DAWBIO_clean,5.36745,4.59869,5.35848,1.40464,933.9,664.867,0.0,0.0,0.4578,0.325919,0.0,0,0.0008175414,0.0078209245,0.008138001044714965
DAWCOV_clean,6.44243,4.38111,6.43204,0.976829,1852.41,1896.35,0.0,0.0,0.5892,0.603176,0.0,1,0.0019907971,0.020426814,0.020217152791196756
DAWWAB_clean,9.11595,5.71973,9.11595,1.61188,1283.24,796.112,0.0,0.0,0.5532,0.343202,0.0,1,0.000959805,0.0093308315,0.009705292508304179
DAWWEF_clean,7.03379,5.33899,6.88955,1.07778,2082.97,1932.65,0.0,0.0,0.6328,0.587134,0.0,1,0.0020410364,0.0209626061,0.02062954554707889
DAXHIV01_clean,7.67683,6.96811,7.64287,0.883035,2122.43,2403.56,0.0,0.0,0.652,0.738362,0.0,1,0.0028149313,0.0277777261,0.02739438846452438
DEJCEB_clean,4.6846,2.81125,4.66897,1.28345,0.0,0.0,1029.79,802.358,0.5306,0.413415,0.0,1,0.0011383379,0.0113558974,0.011415776934431597
DEPXIG_clean,5.45833,4.42032,5.43874,1.21453,1418.68,1168.08,0.0,0.0,0.5298,0.436217,0.0,1,0.0015035879,0.0149330036,0.015017428931257735
DEPXOM_clean,5.87443,4.69467,5.85064,1.07984,2256.84,2089.97,0.0,0.0,0.6052,0.560452,0.0,1,0.0021587161,0.0214252598,0.02120685979926395
DEPYAZ_clean,7.56588,3.32229,7.55065,1.30165,1523.11,1170.14,0.0,0.0,0.5644,0.433604,0.0,0,0.0013558265,0.0137544926,0.013434199449991045
DEQFOU_clean,4.43033,3.99236,4.42996,1.33979,549.564,410.186,188.414,140.63,0.5546,0.413945,0.0,1,0.0008283122,0.0086271679,0.00849699315106237
DEQVIF_clean,6.28134,5.12336,6.25197,1.10154,1366.18,1240.24,0.0,0.0,0.5242,0.475878,0.0,0,0.0015139984,0.0144539785,0.015229433982775186
DEWRIH_clean,5.32446,3.88819,5.25315,2.34041,1006.15,429.901,0.0,0.0,0.4786,0.204494,0.0,1,0.0005187821,0.0053264042,0.005182339084699015
DEYJOI_clean,5.20142,3.64055,5.19254,1.24367,1493.92,1201.22,0.0,0.0,0.5352,0.430338,0.0,1,0.0013805667,0.0135528635,0.013901646432099577
DIBPIP_clean,4.52354,3.33216,4.52179,1.2135,781.868,644.307,0.0,0.0,0.4988,0.411042,0.0,1,0.0009462692,0.0100708465,0.009535888198789328
DIBQEM_clean,16.82847,3.4822,16.82847,0.80886,1885.97,2331.64,0.0,0.0,0.6836,0.84514,0.0,1,0.0030235227,0.0295795412,0.029721685298489047
DIBWUI_clean,4.22892,2.97772,4.03584,1.83857,0.0,0.0,320.028,174.063,0.4298,0.233768,0.0,1,0.0004639061,0.0049105435,0.00460972000762211
DIBXAO_clean,4.19953,2.61614,4.19942,1.38221,0.0,0.0,332.95,240.883,0.4844,0.350454,0.0,1,0.0005540783,0.0057859055,0.005608059905727855
DIDBEZ_clean,9.17575,5.94989,7.9915,0.929043,1495.06,1609.25,0.0,0.0,0.5892,0.634201,0.0,0,0.0022145163,0.0215778088,0.021580275994482024
DIKPOD_clean,5.23747,3.3006,5.22183,1.73149,0.0,0.0,1142.03,659.563,0.554,0.319956,0.0,1,0.0008168738,0.0079207937,0.008068637840923253
DIMKIV_clean,5.84277,3.12491,5.72616,1.91931,0.0,0.0,587.601,306.153,0.4424,0.2305,0.0,1,0.0005358391,0.0051300591,0.005437485309316064
DIVMUR_clean,3.94175,3.3555,3.94175,2.26692,427.505,188.584,199.673,88.081,0.5082,0.224181,0.0,0,0.0005282002,0.0055637683,0.005414819749735305
DOHNUL_clean,5.10735,4.25399,5.10735,1.35619,773.026,569.999,0.0,0.0,0.4762,0.351131,0.0,1,0.0006406147,0.0061420171,0.006513946425244542
DOHYIJ01_clean,3.73118,3.32777,3.7182,2.12494,111.385,52.4183,0.0,0.0,0.3552,0.167158,0.0,1,0.0002039658,0.0018749161,0.0020648218331024066
DOJXIK_clean,4.88148,2.92609,4.85107,1.62065,0.0,0.0,398.823,246.089,0.4386,0.270633,0.0,0,0.0007091083,0.0065886126,0.007035867139141527
DOKHOB_clean,5.82793,2.9646,5.54976,1.30527,0.0,0.0,553.795,424.277,0.4814,0.368814,0.0,1,0.0006568927,0.006138281,0.006628124537857515
DOMCUE_clean,18.25013,13.54682,18.2492,0.68587,1384.82,2019.07,0.0,0.0,0.7758,1.13112,0.0,1,0.0040452391,0.0411430011,0.04101289754060746
DONKUO_clean,5.4573,3.6514,5.4573,1.13,941.26,832.97,0.0,0.0,0.5158,0.456458,0.0,1,0.0010588114,0.0112402668,0.010623088329941407
DONNEA_clean,5.83858,5.56044,5.83858,1.23493,1480.59,1198.93,0.0,0.0,0.573,0.463996,0.0,0,0.0016499748,0.0159748564,0.016249778802461156
DOPHUN_clean,12.13355,5.61514,12.13355,0.984545,1406.36,1428.44,392.743,398.909,0.6676,0.67808,0.0,1,0.0023796653,0.0238621093,0.023546342045079622
DORFOG_clean,3.83387,3.5005,3.83387,1.28492,358.59,279.076,0.0,0.0,0.476,0.370451,0.0,1,0.0006744527,0.0072441257,0.0067143658279811965
DOTFID_clean,9.22988,5.76129,9.20339,0.797235,1784.74,2238.66,0.0,0.0,0.64,0.802774,0.0,1,0.0025167322,0.0254718031,0.025334814516000656
DOZCEC_clean,19.11403,11.74027,19.11403,0.458248,1880.45,4103.57,0.0,0.0,0.8106,1.76891,0.0,1,0.0065872947,0.0666168067,0.0668625598931103
DUBWON_clean,5.41735,4.7264,5.40719,1.2729,1870.44,1469.44,0.0,0.0,0.6244,0.490534,0.0,1,0.001661071,0.0163847358,0.01654880363118136
DUHXIP_clean,5.38027,3.4809,5.34205,1.27884,677.396,529.696,4.06005,3.17479,0.4624,0.361578,0.0,1,0.0007669959,0.0073366959,0.007646135129152267
DUJRAD_clean,6.16228,5.32315,6.13437,1.37535,1593.73,1158.79,0.0,0.0,0.5806,0.422148,0.0,1,0.0015142416,0.0149794433,0.01494394414370762
DUKDOD01_clean,4.08448,2.81231,4.06407,1.98165,0.0,0.0,204.268,103.08,0.44,0.222037,0.0,1,0.0001980094,0.0019773814,0.002048871828228221
DUKNII_clean,5.28968,3.60886,5.25875,1.23201,362.386,294.143,41.4473,33.6421,0.4702,0.381654,0.0,1,0.0005798393,0.0056752509,0.005831871123493521
DUMXIU_clean,4.39406,3.66786,4.39093,1.82931,560.452,306.373,0.0,0.0,0.4366,0.238669,0.0,0,0.0005062291,0.0051330245,0.0050541802070134785
DUNJON_clean,5.13321,3.70024,5.11248,2.82249,688.218,243.833,0.0,0.0,0.4132,0.146395,0.0,1,0.0003066247,0.0031167745,0.003058866765544789
DUNXUH12_clean,4.98043,3.76476,4.96686,1.23681,1716.03,1387.47,0.0,0.0,0.593,0.47946,0.0,1,0.0016773421,0.0173090305,0.016793517116108363
DUNXUH14_clean,5.00423,3.8343,4.58368,1.22609,1739.06,1418.37,0.0,0.0,0.5986,0.488218,0.0,1,0.0017673605,0.0175055706,0.01752683831046127
DUNXUH_clean,5.0284,3.9124,4.82782,1.21944,1796.23,1472.99,0.0,0.0,0.602,0.493667,0.0,1,0.0017898649,0.0180066728,0.017944468527627995
DUQSEO_clean,3.77576,3.47286,3.77576,1.73065,285.313,164.859,0.0,0.0,0.4436,0.25632,0.0,1,0.0003562107,0.0035621067,0.0035660458331927274
DUQYEU_clean,4.86021,4.34715,4.86021,1.66839,2272.53,1362.11,0.0,0.0,0.6004,0.359868,0.0,1,0.0012458268,0.012532116,0.01255734754722735
DUWFOS_clean,4.7722,3.99598,4.7722,1.5688,655.828,418.043,0.0,0.0,0.462,0.294492,0.0,0,0.0005623204,0.0055654598,0.005689351704199933
DUWRAQ_clean,4.19127,3.03146,4.19127,1.6581,0.0,0.0,385.632,232.574,0.4316,0.260298,0.0,1,0.0005479128,0.0054311153,0.005483912280610222
DUWSAR_clean,5.89224,4.25071,5.89224,0.915526,2178.46,2379.46,0.816322,0.891643,0.6566,0.717184,0.0,1,0.0023131716,0.023784744,0.023242842721049786
DUXKEN_clean,5.19652,2.66706,3.97094,1.45864,0.0,0.0,298.057,204.339,0.4356,0.298635,0.0,1,0.0005082073,0.0049519429,0.0051236573336464674
DUXKUD_clean,7.67361,6.90082,7.6375,1.23834,1391.29,1123.51,0.0,0.0,0.5864,0.473535,0.0,1,0.0013449481,0.0128552658,0.013540281102748545
EBAMUS_clean,12.94449,5.39251,12.9279,1.04643,2056.89,1965.62,0.0,0.0,0.6866,0.656136,0.0,1,0.0025881826,0.0259269301,0.02605072882575479
EBEWIT_clean,6.98757,6.64177,6.98757,1.55436,1566.68,1007.93,0.0,0.0,0.573,0.368642,0.0,0,0.0013379295,0.0137337895,0.013310782960735824
EBIDOK_ion_b,10.15108,7.28168,10.14731,0.88059,1949.39,2213.74,0.147124,0.167074,0.6452,0.732691,0.0,1,0.0022490691,0.0223748855,0.023043491033845544
EBINUA02_clean,4.09342,2.9968,4.09342,1.0337,0.0,0.0,279.757,270.636,0.55,0.532068,0.0,1,0.000612692,0.006018798,0.006156916862784569
EBOBIJ_clean,6.08923,4.67292,6.06736,0.939565,1692.1,1800.94,0.0,0.0,0.6024,0.641148,0.0,0,0.0020779372,0.021389939,0.020878119007526858
EBUQIB_clean,6.03622,4.38011,5.42071,1.1026,1157.92,1050.17,0.0,0.0,0.4992,0.452746,0.0,1,0.0012447922,0.0127368285,0.012395020259898986
ECAHAT_clean,12.33039,11.4865,12.33039,0.854274,1047.61,1226.32,88.151,103.188,0.6086,0.712418,0.0,0,0.0021720115,0.0210281466,0.021781330864322747
ECASAD_clean,4.09039,3.62411,4.09039,1.61904,470.381,290.531,0.0,0.0,0.4766,0.294372,0.0,0,0.0003958226,0.0043554986,0.003982467968754406
ECEBEW_clean,4.33858,3.12787,4.29836,1.31533,0.0,0.0,591.165,449.444,0.5308,0.40355,0.0,0,0.0006532057,0.006674496,0.0065832022918412975
ECEDAU_clean,5.16051,3.4158,5.15302,1.53177,706.487,461.221,0.0,0.0,0.4352,0.284115,0.0,1,0.0008191336,0.0077194226,0.008021165604229106
ECEZAO01_clean,4.88805,4.01037,4.88805,1.43329,945.622,659.759,0.0,0.0,0.4914,0.342849,0.0,1,0.0007962491,0.007640344,0.008059362823287664
ECORIX_clean,3.90772,3.03659,3.90772,1.56578,0.0,0.0,428.835,273.879,0.457,0.291867,0.0,1,0.000604517,0.0061127044,0.006009451961243641
EDADET_clean,4.03192,3.23199,4.01396,2.14016,0.0,0.0,378.477,176.845,0.3784,0.176809,0.0,1,0.0004433142,0.0046034642,0.00443916325852882
EDADIX_clean,4.63332,3.88728,4.61559,1.24361,944.143,759.198,93.0933,74.8575,0.5198,0.417978,0.0,1,0.0010700566,0.0117593354,0.010706225353285156
EDEPAG_clean,5.9343,4.39186,5.9343,1.47756,1345.05,910.315,0.0,0.0,0.5408,0.366009,0.0,1,0.0011232865,0.0113357756,0.011314010057584959
EFOSUO_clean,5.23309,4.44144,5.224,2.23497,2650.04,1185.72,0.0,0.0,0.6472,0.289579,0.0,1,0.0009605186,0.009474639,0.009788806385712095
EFOTEZ_clean,5.06643,4.39448,5.0661,2.67676,2557.25,955.354,0.0,0.0,0.6308,0.235658,0.0,1,0.0007638421,0.0072731729,0.007897524870356191
EGATAI_clean,7.25975,4.31318,7.25513,0.959509,2426.34,2528.73,0.0,0.0,0.7032,0.732875,0.0,1,0.0027818439,0.0268224739,0.027461841685652775
EHAGIF_clean,5.44616,3.48144,5.44616,2.1778,1155.98,530.802,0.0,0.0,0.5374,0.246762,0.0,1,0.0007984335,0.0076970242,0.008009017314583753
EHUCOA_clean,5.17903,3.25891,5.16911,0.982476,0.0,0.0,1140.41,1160.75,0.5726,0.582813,0.0,1,0.001452978,0.0152225252,0.013964489578237862
EJAXIW_clean,6.39565,4.30182,6.34251,0.942507,1857.91,1971.24,0.0,0.0,0.5942,0.630446,0.0,1,0.0018811982,0.0191573109,0.018893885845526624
EKIDIL_clean,5.81547,5.58073,5.8139,2.56508,834.555,325.352,0.0,0.0,0.4098,0.159761,0.0,1,0.0006576818,0.006564955,0.006485500565644338
EKIGIQ_clean,4.47438,2.65851,4.47438,1.56622,0.0,0.0,508.669,324.775,0.4564,0.291402,0.0,0,0.0005085666,0.0052315142,0.00511569516523498
EKOPUQ_clean,11.06416,8.02745,11.06416,0.972371,1585.84,1630.9,0.0,0.0,0.6092,0.62651,0.0,0,0.0017473417,0.0177679765,0.017836930926005464
ELIJOZ_clean,5.0309,3.85268,5.0309,1.48251,1155.21,779.228,0.0,0.0,0.5,0.337266,0.0,1,0.0009642248,0.0095979889,0.009515684143950785
ELIKOA_clean,4.97213,3.73339,4.97213,1.55809,1148.96,737.416,0.0,0.0,0.4918,0.315643,0.0,1,0.0008511691,0.0090257795,0.008508974278042522
ELILER_clean,4.98078,3.65658,4.98016,1.63697,1110.94,678.659,0.0,0.0,0.487,0.297501,0.0,1,0.0008173061,0.0080718282,0.008110072757983998
ELUZES_clean,5.83115,4.20879,5.08027,1.7311,2004.82,1158.12,0.0,0.0,0.6554,0.378603,0.0,1,0.0010301366,0.0094247839,0.010025886689050792
EMAGAB_clean,7.29475,4.84283,7.29475,1.35618,833.24,614.402,0.0,0.0,0.4816,0.355115,0.0,0,0.0007946376,0.0075837124,0.008007812531549143
EMAMOW_clean,6.67757,5.81943,6.67757,1.11834,959.829,858.263,0.0,0.0,0.5032,0.449953,0.0,1,0.0010006332,0.0097370354,0.009885165379371962
EMANAH_clean,3.45596,2.77101,3.27422,1.80411,0.0,0.0,35.8076,19.8479,0.5156,0.285793,0.0,0,0.0006584022,0.0069431503,0.006558962060405117
EMODOZ_clean,4.35663,2.6689,4.35584,1.98236,0.0,0.0,825.892,416.62,0.5606,0.282794,0.0,0,0.0008608023,0.0085006396,0.00844629800972809
EMOSOO_clean,4.07662,2.98298,4.05985,2.58243,0.0,0.0,460.188,178.2,0.4674,0.180992,0.0,1,0.0005319369,0.004760909,0.005308655617409361
EMUBOF_clean,9.89745,6.63764,9.89048,1.19874,1975.94,1648.35,0.0,0.0,0.6738,0.562089,0.0,1,0.0019828277,0.0203276032,0.019898034402317712
ENERIY_clean,5.50898,2.89112,5.48295,1.77823,0.0,0.0,615.059,345.882,0.415,0.233378,0.0,1,0.0005387426,0.0050906344,0.005336224252281927
ENIXUV_clean,6.81302,4.75487,6.75625,1.04896,1506.97,1436.63,0.0,0.0,0.539,0.513843,0.0,0,0.0015562257,0.0153242604,0.01565632966469129
ENOSAD_clean,5.57968,5.07062,5.57968,1.63787,1052.89,642.84,0.0,0.0,0.4624,0.282318,0.0,0,0.0007800027,0.0080931493,0.0077148466769925055
EPAVAU_clean,5.39915,3.19554,5.39394,1.64446,0.0,0.0,782.223,475.67,0.5138,0.312442,0.0,1,0.00063051,0.0065314373,0.006418844213557662
EPECEJ_clean,7.92371,4.89913,7.91993,0.908491,1989.28,2189.65,0.0,0.0,0.6342,0.69808,0.0,1,0.0023687244,0.0234166704,0.02338238826485489
EPEWEC_clean,5.88152,5.35243,5.87056,1.27191,1143.58,899.1,0.0,0.0,0.5064,0.398141,0.0,0,0.0010557925,0.0104759338,0.010625596060126464
EPEYAB_clean,8.46111,3.62498,8.46069,1.24571,1153.47,925.96,0.0,0.0,0.5226,0.419521,0.0,1,0.0012183983,0.0126233426,0.012059752074230025
EPONEE_clean,9.19024,8.74095,9.18226,0.492814,2582.15,5239.6,0.0,0.0,0.8536,1.73209,0.0,1,0.0056550006,0.0584386245,0.05868951986191361
EQERIC_clean,5.65308,5.10575,5.50654,1.08357,1441.7,1330.51,0.0,0.0,0.5522,0.509612,0.0,0,0.0017998375,0.0171559426,0.017433335186610718
EQEROJ_clean,4.01825,2.96034,3.93901,1.42386,0.0,0.0,378.51,265.834,0.474,0.332899,0.0,1,0.0005503977,0.0055691812,0.0055386049757121525
EQUBOI_clean,4.70314,4.11847,4.7011,1.94101,957.405,493.252,0.0,0.0,0.4856,0.250179,0.000103039,0,0.0006137569,0.0057650827,0.006231667011454819
EQUCOI_clean,4.45934,3.16039,4.34903,1.67389,0.0,0.0,539.466,322.282,0.4922,0.294045,0.0,1,0.0007858316,0.007648004,0.007783566298645549
ERALUG_clean,10.3431,8.94026,10.3375,1.11121,2058.72,1852.68,0.0,0.0,0.6522,0.586926,0.000719933,1,0.0020069323,0.0202708642,0.020287524510525654
ERAMAN_clean,12.01377,10.18099,12.01377,0.963545,2126.75,2207.22,0.0,0.0,0.6966,0.722955,0.0,1,0.0027358901,0.0272357851,0.027732175642895877
ERAMER_clean,12.83976,11.91501,12.83976,0.685959,2103.01,3065.8,0.0,0.0,0.7502,1.09365,0.000291563,1,0.0038864967,0.0393083741,0.03931518447052973
EREGOY_clean,7.33047,5.25494,7.19533,0.879553,2401.32,2730.16,0.0,0.0,0.685,0.778805,0.0,1,0.0027336635,0.0274038102,0.027559282176958952
ERIWAF_clean,10.65116,5.48487,10.46238,0.840538,2241.03,2666.18,0.0,0.0,0.709,0.843508,0.0,1,0.0032659526,0.0319983952,0.03216414034979153
ERUNOW_clean,9.74436,7.85759,9.7385,0.884315,1769.89,2001.42,0.0,0.0,0.6546,0.740234,0.0,1,0.0024301666,0.0248895881,0.02415406025324845
ESAROH_clean,4.75347,3.71612,4.73943,1.3675,535.723,391.753,0.0,0.0,0.4534,0.331553,0.0,1,0.0005346191,0.0055404759,0.005445019068094822
ESARUN_clean,6.08793,3.97207,6.06402,1.14221,1213.02,1061.99,0.0,0.0,0.5254,0.459984,0.0,1,0.0012252597,0.0124236407,0.012462994965171753
ESEHIV_clean,5.10587,3.69765,5.10587,1.24278,879.237,707.477,0.0,0.0,0.5044,0.405865,0.0,1,0.0010287488,0.0101274971,0.010066835505350182
ESURER01_clean,6.75428,5.6916,6.72807,1.40497,1349.29,960.372,0.0,0.0,0.5342,0.380221,0.0,0,0.0012493615,0.0127255098,0.012403619533693927
ESURER03_clean,6.73192,5.66128,6.64205,1.40989,1345.84,954.57,0.0,0.0,0.5322,0.377477,0.0,0,0.0012532699,0.0124545325,0.012395395001410132
ESUSIW_clean,6.7467,5.80608,6.7467,1.39203,1364.88,980.494,0.0,0.0,0.5394,0.387491,0.0,1,0.0012545726,0.0126864265,0.01242229077205557
ESUSOC02_clean,7.24893,6.31165,7.23441,1.36801,1456.76,1064.88,0.0,0.0,0.538,0.393273,0.0,0,0.001445212,0.0139483816,0.014133899828222095
ESUVAR01_clean,5.82794,3.93449,5.82794,1.54928,1195.21,771.464,0.0,0.0,0.4896,0.316018,0.0,1,0.0010040055,0.0096683303,0.009806695628560376
ETEJIX_clean,6.81796,5.05367,6.81796,1.05868,2313.65,2185.42,0.0,0.0,0.6546,0.61832,0.0,1,0.0023380202,0.0228787409,0.023292112231111467
ETEJOD_clean,6.80678,5.11467,6.80678,1.12771,2231.39,1978.7,0.0,0.0,0.6388,0.56646,0.0,1,0.0021212035,0.0217418268,0.021239247571564705
ETEMIB_clean,4.60123,3.2805,4.59562,1.37796,0.0,0.0,644.968,468.059,0.48,0.34834,0.0,1,0.0009136582,0.0084708737,0.008857622922432848
ETEQUQ_clean,5.92538,4.00393,5.92538,2.21544,1336.48,603.256,0.0,0.0,0.5274,0.238056,0.0,1,0.0008029985,0.007776159,0.008020337353290037
ETEXEI_clean,5.78427,4.68209,5.77551,1.52654,1503.21,984.721,0.0,0.0,0.622,0.407458,0.0,0,0.0012593341,0.0126121775,0.012543838392222223
EVEGER_clean,7.47303,3.24345,7.4645,1.48602,0.0,0.0,757.172,509.531,0.5202,0.350063,0.0,1,0.0007409211,0.0079420094,0.007583228894159491
EVEGUH_clean,6.67679,5.04188,6.67679,1.28811,935.874,726.551,97.6899,75.84,0.5222,0.405402,0.0,1,0.0009800159,0.0099137233,0.009925404890741176
EWECOY_clean,6.36107,5.38638,6.36107,1.35369,1897.91,1402.03,0.0,0.0,0.613,0.452836,0.0,1,0.001631661,0.0163431117,0.016179156974294253
EWETUW_clean,5.62021,4.24917,5.57976,1.31411,662.316,504.004,418.644,318.576,0.5412,0.411838,0.0,1,0.0011629439,0.012012312,0.011554345160013359
EXEQAA_clean,7.25351,7.13068,7.2425,1.02495,1673.9,1633.14,0.0,0.0,0.6088,0.593978,0.0,0,0.0021320472,0.0211723728,0.02093292227199664
EXIDEV_clean,4.20107,2.85974,4.18974,1.30704,0.0,0.0,425.494,325.54,0.4396,0.336333,0.0,1,0.0005531013,0.0056274671,0.005595671681557369
EXUHUC_clean,6.22107,4.0898,6.22107,1.22274,852.187,696.948,9.45855,7.73552,0.5232,0.427891,0.0,1,0.000962459,0.0097963066,0.009435253112303582
EZABAJ_clean,3.88346,2.63935,3.80883,1.64895,0.0,0.0,324.185,196.601,0.4958,0.300676,0.0,1,0.0003669266,0.0037672162,0.0037360325040764813
EZABEN_clean,5.22809,3.75233,5.19001,1.80933,1456.46,804.973,0.0,0.0,0.5686,0.314261,0.0,1,0.000846661,0.0090358752,0.008432137898367229
EZEQEH_clean,4.87284,4.37059,4.87284,1.23337,902.039,731.365,0.0,0.0,0.4534,0.367612,0.0,0,0.000975254,0.0092916476,0.0095616063561204
EZEQOR_clean,5.6482,4.90134,5.6482,1.14412,1130.85,988.403,0.0,0.0,0.4858,0.424607,0.0,0,0.0011964836,0.0128847867,0.01174646952532513
EZOBUR_clean,6.22091,4.91314,6.06649,1.26527,1070.0,845.668,0.0,0.0,0.5366,0.4241,0.0,1,0.0009766338,0.0092294754,0.009885360211510999
EZOFEF_clean,11.22482,4.58247,11.22482,1.02492,1340.94,1308.34,253.285,247.127,0.6156,0.600633,0.0,0,0.0020350518,0.020813521,0.020749361291541254
EZUCIM_clean,5.27092,4.42324,5.21472,1.00292,1781.29,1776.11,0.0,0.0,0.602,0.600249,0.0,0,0.0018037305,0.0188874579,0.018164147913273584
FAFDEX_clean,4.84612,4.0465,4.84612,1.4121,763.799,540.896,0.0,0.0,0.426,0.301679,0.0,1,0.0008362276,0.0081026421,0.008202363334817752
FAFGAU_clean,4.21105,3.27208,4.20718,1.88279,0.0,0.0,384.116,204.014,0.4222,0.224241,0.0,1,0.000354502,0.0035323596,0.0035681937253671313
FAHBIC_clean,3.99775,2.8263,3.97551,2.13778,0.0,0.0,314.759,147.236,0.4432,0.207318,0.0,0,0.0003977296,0.0036744383,0.0040449380721603555
FAHPOV_clean,15.83326,12.70856,15.77354,0.465056,1930.74,4151.64,0.0,0.0,0.8222,1.76796,0.0,1,0.0065779757,0.0668206183,0.0667134411190603
FAJZOI_clean,5.7048,3.67896,5.62232,1.15456,806.025,698.125,0.0,0.0,0.4918,0.425964,0.0,0,0.0010275718,0.010461235,0.010161251477013723
FAKMAH_clean,8.51474,7.6757,8.51474,0.756909,1726.74,2281.31,0.0,0.0,0.6586,0.870118,0.0,0,0.0028664501,0.0296334418,0.028803680852831214
FAQGIP_clean,5.30496,3.71196,5.30496,1.22203,1264.33,1034.61,0.0,0.0,0.5172,0.423229,0.0,1,0.0013104163,0.0127523625,0.013251848674212538
FAQLUH_clean,7.25665,7.09719,7.24714,1.10687,1602.27,1447.57,0.0,0.0,0.5958,0.538276,0.0,0,0.0020084404,0.0193292664,0.019896903679726144
FARHOX_ion_b,6.26684,3.62781,6.26416,1.63231,1189.76,728.882,0.0,0.0,0.5338,0.327022,0.0,1,0.0009734087,0.0093582358,0.009672013449391961
FARYEE_clean,4.22731,2.91955,4.22731,3.21105,0.0,0.0,616.689,192.052,0.471,0.146681,0.0,1,0.0002994126,0.0028809336,0.002932418668440258
FASFOX_clean,5.05037,3.3454,5.04992,1.48453,443.629,298.835,0.216133,0.14559,0.4282,0.288442,0.0,0,0.0005209079,0.0053417445,0.005202321348366104
FASGAK_clean,4.97958,3.34492,4.9783,1.52455,441.077,289.316,0.0,0.0,0.4214,0.27641,0.0,0,0.0005223241,0.0054371823,0.005168449396839657
FATKIV_clean,14.84172,10.48506,14.13115,0.799535,924.965,1156.88,197.216,246.664,0.6364,0.795963,0.0,1,0.0019505781,0.0202227606,0.02012623235642979
FATLUJ_clean,5.42171,4.28978,5.42171,1.20951,1168.02,965.69,4.12251,3.4084,0.5226,0.432074,0.0,1,0.0009830199,0.0093785773,0.010017311715471839
FAVGAN_clean,5.57142,4.50196,5.49969,1.52705,956.016,626.056,0.0,0.0,0.4838,0.316821,0.0,1,0.000739547,0.0073599144,0.007462932410105011
FAVGOB_clean,4.8913,4.26213,4.88425,1.63875,774.721,472.75,0.0,0.0,0.4632,0.282654,0.0,1,0.0005173498,0.0050604547,0.005133896157630548
FAYQAZ_clean,13.25092,5.37829,12.95797,0.797039,1583.25,1986.41,0.0,0.0,0.6806,0.85391,0.0,1,0.0028476115,0.0276311624,0.028463997449686432
FAZPED_clean,7.63868,5.99081,7.63868,1.64589,749.747,455.527,0.0,0.0,0.4048,0.245946,0.0,1,0.0006203837,0.0063207548,0.00618247204797285
FAZZEM_clean,5.74693,4.41081,5.68235,2.16525,873.054,403.211,0.0,0.0,0.4638,0.214201,0.0,1,0.0005207261,0.00541475,0.005186867543577176
FECKAA_clean,5.54178,3.96898,5.52138,0.97764,1036.11,1059.8,74.179,75.8756,0.5832,0.596539,0.0,1,0.0014177322,0.0146788838,0.014063140477251813
FECWOB01_clean,4.17085,3.04516,4.16284,1.57834,0.0,0.0,480.944,304.714,0.4434,0.280927,0.0,1,0.0005817347,0.0061784666,0.005759028132669337
FECXES_clean,10.76463,6.58995,10.58338,0.833076,2133.05,2560.44,0.0,0.0,0.7044,0.845541,0.0,1,0.0032170748,0.0332227193,0.031986100487230856
FECZAQ_manual,8.47974,5.36674,8.47974,0.984083,2012.57,2045.13,0.0,0.0,0.6646,0.67535,0.0,0,0.002149629,0.0221094144,0.02184756549437761
FEFCUQ_clean,8.87571,6.35025,8.74283,0.77796,2120.63,2725.88,0.0,0.0,0.673,0.865083,0.0,0,0.0030173972,0.0313793048,0.030252585779658028
FEJDII_clean,5.18964,4.3206,5.16791,1.64976,1282.11,777.148,0.0,0.0,0.607,0.367932,0.0,0,0.0010353178,0.0104621604,0.010253114575430147
FERVEF_clean,4.50859,3.42442,4.50859,2.0439,895.257,438.014,0.0,0.0,0.5236,0.256177,0.0,1,0.0006397074,0.0066206371,0.006500379264519941
FERVUV_clean,4.63344,3.59285,4.63329,1.52979,1125.91,735.991,2.57897,1.68584,0.5188,0.339132,0.0,1,0.0009245457,0.0092462495,0.00923568794666408
FERWAC_clean,4.92077,3.87767,4.92014,1.42345,1457.89,1024.2,0.0,0.0,0.5614,0.394393,0.0,1,0.0010736148,0.0107678646,0.010709104631589582
FEYQIK_clean,5.731,4.17822,5.71686,1.30044,1433.54,1102.35,0.0,0.0,0.5822,0.447694,0.0,1,0.001211548,0.0122535536,0.012184270716770612
FEZTIP_clean,5.60935,4.76331,5.55768,1.11089,1381.78,1243.85,0.0,0.0,0.563,0.5068,0.0,1,0.0016252758,0.0165005173,0.015800316697962627
FIDRIV_clean,15.99327,15.90265,15.99327,0.698397,1517.46,2172.77,0.0,0.0,0.7102,1.0169,0.0,1,0.0036433252,0.0355734645,0.03605928948427761
FIFGAE_clean,7.43152,6.20566,7.41957,0.862729,2447.09,2836.45,0.0,0.0,0.7008,0.812306,0.0,1,0.0033347692,0.0344013316,0.032735685050542494
FIFMIS01_clean,4.81383,4.49281,4.81367,1.28928,625.276,484.979,115.997,89.97,0.4752,0.368577,0.0,1,0.0008427544,0.0083772303,0.008221837194297522
FIFMOX_clean,6.04512,4.24356,6.04078,0.977861,1901.41,1944.46,0.0,0.0,0.5916,0.604994,0.0,1,0.0017295011,0.0174674578,0.017490424058480735
FIGFOR_clean,3.72046,3.29782,3.71836,2.20004,0.0,0.0,190.236,86.4697,0.4298,0.19536,0.0,0,0.0006092247,0.0057517604,0.00595777788806396
FIGQUJ_clean,4.99341,2.87726,4.98836,1.49096,0.0,0.0,441.532,296.14,0.4284,0.287333,0.0,0,0.0003682397,0.0041169438,0.003780664517719542
FIJCUX01_clean,7.34002,6.13056,7.33722,1.22326,1581.46,1292.83,0.0,0.0,0.608,0.497033,0.0,1,0.0016283288,0.0166563302,0.0162608795708426
FIJDIM04_clean,5.91316,5.13983,5.91316,1.23456,1288.47,1043.66,0.0,0.0,0.5342,0.432705,0.0,1,0.0014568866,0.0141898499,0.014253863451106094
FINQUQ_clean,8.681,4.51126,8.681,1.41696,1585.78,1119.14,0.0,0.0,0.6192,0.436992,0.0,1,0.0012358347,0.0121526859,0.012566570085862677
FIPJAR_clean,5.38201,3.65359,5.35586,1.48851,1135.66,762.952,0.0,0.0,0.5586,0.375274,0.0,1,0.0010528666,0.0104363754,0.010576989618587732
FIRNOL_clean,6.1215,5.54396,6.11958,0.794887,2656.05,3341.42,0.0,0.0,0.6666,0.838609,0.0,1,0.0030593513,0.0304179973,0.030619851661887677
FIRNUR_clean,6.62054,6.03585,6.61701,0.714161,2609.57,3654.03,0.0,0.0,0.6944,0.97233,0.0,1,0.0034675121,0.0344293741,0.03432166050547736
FITHIA_clean,4.35737,3.84524,4.35737,1.27732,941.275,736.915,0.0,0.0,0.4314,0.337739,0.0,1,0.0005993517,0.0061212477,0.006179316131433778
FIYDOH_clean,4.62011,3.85906,4.62011,1.58881,555.753,349.792,0.0,0.0,0.3874,0.24383,0.0,1,0.000428081,0.0046544349,0.004303093520751779
FOBNAN_clean,8.70901,6.58612,8.70709,0.867344,2020.64,2329.69,0.0,0.0,0.6644,0.766017,0.0,1,0.0027626869,0.0273552347,0.027434557842324778
FODZUU_clean,4.75652,2.79292,4.70786,1.95871,0.0,0.0,583.829,298.067,0.406,0.207279,0.0,1,0.0006723549,0.0066460093,0.006628453054401603
FOFTUR_clean,6.77119,4.51348,6.77119,1.0583,1552.58,1467.05,0.0,0.0,0.588,0.555606,0.0,1,0.0016948182,0.0166851939,0.016909974011488305
FOHCIP_clean,4.96285,4.14038,4.9303,1.87592,1245.59,663.988,0.0,0.0,0.5966,0.318031,0.0,1,0.0008394998,0.0080812599,0.008386775937230393
FOKYIP_clean,5.79638,3.84056,5.66635,1.22762,1981.83,1614.37,0.0,0.0,0.5912,0.481583,0.0,1,0.0016896097,0.0167490683,0.01671957753613598
FONKEA_clean,4.68396,3.93383,4.68242,1.69201,643.159,380.115,0.0,0.0,0.4636,0.273994,0.0,1,0.000500741,0.0052757634,0.005023314691806935
FOQTAH_clean,4.13249,2.70699,4.13249,1.33116,0.0,0.0,474.826,356.701,0.4578,0.34391,0.0,0,0.000626992,0.0058148881,0.006372608055017223
FORQAF_clean,9.35233,4.33657,9.35233,1.04043,2153.98,2070.28,0.0,0.0,0.6962,0.669144,0.0,1,0.0022638867,0.0221501323,0.02272552356677946
FORQEJ_clean,9.63063,4.26523,9.63063,1.03635,2192.11,2115.22,0.0,0.0,0.6976,0.67313,0.0,1,0.002336949,0.0233285362,0.023305075468735496
FOSTUE_clean,13.09568,7.43748,13.09568,0.582855,2174.14,3730.15,0.0,0.0,0.7556,1.29638,0.0,0,0.0049714554,0.050581417,0.04903925417874745
FOVPEN_clean,6.90856,3.45436,6.49799,1.14952,1115.5,970.402,0.0,0.0,0.525,0.45671,0.0,1,0.0009976791,0.010465357,0.010006312557874349
FUDHAP_clean,7.29309,6.51816,7.28407,0.803706,2501.45,3112.39,0.0,0.0,0.7112,0.8849,0.0,1,0.0032942608,0.0348648298,0.03283205283803558
FUFQUT_clean,4.65517,2.94795,4.65517,1.09701,0.0,0.0,764.151,696.578,0.5106,0.465448,0.0,1,0.0008503511,0.0087499392,0.008372788876925804
FULQOT_clean,5.67142,3.50634,5.66877,1.72182,1110.34,644.862,0.0,0.0,0.4972,0.288764,0.0,1,0.0007992457,0.0089946077,0.007988999586632345
FUMHOL_clean,4.68606,3.56586,4.60097,1.64124,1221.33,744.153,0.0,0.0,0.5528,0.336819,0.0,1,0.0007564183,0.0070305042,0.0076672727040719675
FUNGAY_clean,5.61963,3.40645,5.61963,1.09956,890.548,809.916,0.30381,0.276303,0.5202,0.4731,0.0,1,0.0010574763,0.0103416188,0.010681984477362842
FURQUF_ion_b,8.81158,7.98715,8.81158,1.41389,1094.82,774.331,0.0,0.0,0.5082,0.359435,0.0,1,0.0008726027,0.0087345992,0.008576501638221878
FURRAM_clean,10.403,9.40744,10.403,1.04916,1635.25,1558.63,0.0,0.0,0.6366,0.606772,0.0,1,0.0017309836,0.0172337499,0.017553114993009374
FURRIU_clean,11.05152,9.97547,11.05152,0.995058,1664.82,1673.09,0.0,0.0,0.6552,0.658454,0.0,1,0.0018118263,0.0188553583,0.01837017780237178
FURROA_clean,11.58923,10.47029,11.58875,1.00075,1596.28,1595.09,0.0,0.0,0.6602,0.659706,0.0,1,0.0020139329,0.0192215279,0.020370238718689787
FURRUG01_ion_b,7.84736,6.96591,7.84736,1.57752,739.057,468.494,0.0,0.0,0.4582,0.290456,0.0,1,0.00051425,0.0051669157,0.005195226466149475
FUSMEM_clean,10.20459,9.2057,10.20459,1.06882,1617.37,1513.23,0.0,0.0,0.6304,0.589811,0.0,1,0.0017309836,0.0163302145,0.017554757032523703
FUSNIR_clean,11.70294,10.66498,11.70294,1.01253,1536.34,1517.33,0.0,0.0,0.6416,0.633661,0.0,1,0.0018332258,0.0185676536,0.018749108855582775
FUTKEL_manual,6.71846,5.39444,6.71589,0.983709,1614.06,1640.79,0.0,0.0,0.5708,0.580253,0.0,1,0.0016793091,0.0169674803,0.017024228598841597
FUTZAX_clean,6.70042,6.11185,6.67865,0.956816,2069.71,2163.12,0.0,0.0,0.6692,0.699403,0.0,1,0.0026985232,0.0258207167,0.026548147340565337
FUVGAG01_clean,6.51649,5.95918,6.51649,1.88251,388.784,206.525,0.0,0.0,0.2612,0.138751,0.0,1,0.0002481231,0.0024214788,0.002498187377888167
FUWFIO_clean,7.45171,4.92598,7.05573,1.06861,2012.96,1883.72,0.0,0.0,0.6538,0.611823,0.0,1,0.0019389209,0.0202945197,0.019419558475640628
FUYCEJ_clean,4.90132,3.779,4.87424,0.834486,2400.21,2876.28,0.217355,0.260466,0.6646,0.796418,0.0,0,0.0028979123,0.0304366182,0.02876379479120185
FUZKAN_clean,5.06549,3.23595,5.05633,1.24948,0.0,0.0,587.605,470.28,0.477,0.38176,0.0,0,0.0007037525,0.0073169934,0.007085170644933749
GADMAA_clean,8.30223,7.00364,8.30223,1.50475,1042.04,692.502,0.0,0.0,0.5772,0.383584,0.0,1,0.0007961413,0.0078926698,0.008163085686524891
GAGTAM_clean,5.81126,3.29675,5.81126,1.65427,0.0,0.0,1337.82,808.707,0.5618,0.339606,0.0,1,0.0011218706,0.0109730278,0.011313413617837033
GAJTOC_clean,4.47391,2.97124,4.46858,1.60963,0.0,0.0,468.056,290.786,0.4426,0.274971,0.0,1,0.0004481538,0.0048204689,0.004536764496569408
GAJTUI_clean,4.48784,3.0106,4.231,1.61335,0.0,0.0,477.83,296.173,0.4412,0.273469,0.0,1,0.0004997207,0.0049983305,0.005029017795094917
GAJVAQ_clean,4.41782,2.95293,4.41208,1.65256,0.0,0.0,434.878,263.155,0.4614,0.279204,0.0,1,0.0004509706,0.0047612299,0.004565439071080548
GALCAZ_clean,7.51924,6.97754,7.50411,1.17363,1179.25,1004.78,0.0,0.0,0.5068,0.431822,0.0,1,0.0012845754,0.013576923,0.012689187692569942
GALJAG_clean,7.13587,6.98688,7.13339,0.8258,2198.4,2662.15,0.0,0.0,0.6726,0.814482,0.0,0,0.0031324848,0.0303798553,0.030954024905518837
GAPDEH_clean,4.06996,3.18947,4.05011,1.59955,0.0,0.0,291.616,182.312,0.3496,0.218561,0.0,1,0.0006729623,0.0062870654,0.006603958773736286
GAPDUX_clean,4.39272,3.14854,4.18817,1.64307,0.0,0.0,465.773,283.478,0.4746,0.28885,0.0,1,0.0007058692,0.0068952972,0.007039487507925345
GAPNOD_clean,6.6565,4.84778,6.65444,1.74449,1900.25,1089.29,0.0,0.0,0.644,0.369162,0.0,1,0.0012282818,0.0124243435,0.012262230872315276
GARTEB_clean,4.30272,3.79858,4.29463,1.63832,1104.37,674.089,0.0,0.0,0.4846,0.295792,0.0,1,0.0007646776,0.0078183904,0.0076569294732537225
GASSEB_clean,5.64924,4.02494,5.64854,0.918331,1776.39,1934.36,0.0,0.0,0.633,0.689294,0.0,1,0.0018427736,0.0189048487,0.0187048057459028
GAVYAG_clean,5.30344,3.91416,5.17667,1.18769,1076.26,906.183,0.0,0.0,0.5266,0.443383,0.0,1,0.0013272329,0.0133525366,0.013145856253255686
GAWCUF_clean,5.14591,3.62459,5.10569,1.20211,1101.2,916.058,0.0,0.0,0.5036,0.418931,0.0,0,0.0010731089,0.0103627096,0.010608200806634735
GAWMOI_clean,4.49519,2.62342,4.3428,1.8682,0.0,0.0,326.777,174.916,0.4266,0.228348,0.0,1,0.0003937643,0.0039336118,0.003939001932318609
GAXGOD_clean,5.08632,3.052,5.08632,1.30836,0.0,0.0,405.215,309.713,0.4256,0.325293,0.0,0,0.0005560458,0.0057000067,0.0056237562937503935
GAXVUY_clean,6.10604,3.07582,5.9657,1.07253,0.0,0.0,1413.31,1317.74,0.5886,0.548796,0.0,1,0.0018493229,0.0180032817,0.018205693363639818
GAXWEJ_clean,4.40485,2.71207,4.39684,1.56723,0.0,0.0,539.867,344.471,0.4694,0.299509,0.0,1,0.0006509793,0.0066911381,0.0065092535045543735
GAYTEH_ion_b,7.25944,3.65684,7.23718,1.37181,1135.72,827.897,0.0,0.0,0.497,0.362294,0.0,1,0.0009485515,0.0091521411,0.009512795685110393
GAZLAW_clean,5.89078,3.42545,5.89078,1.13599,1083.97,954.205,0.0,0.0,0.5156,0.453877,0.0,0,0.0010275219,0.0110667211,0.010327254324747515
GEDLIM_clean,7.1997,3.30533,7.07142,1.13684,0.0,0.0,981.551,863.405,0.523,0.460048,0.0,0,0.0011640881,0.0110909884,0.011557624426140436
GEDQOX_clean,6.45005,4.67913,6.43264,1.07947,2326.66,2155.37,0.0,0.0,0.632,0.585473,0.0,1,0.0020972022,0.021311242,0.020858092842563212
GEDRUE_clean,6.04452,4.23776,6.03554,1.11864,2304.55,2060.12,0.0,0.0,0.6118,0.546912,0.0,1,0.0019459285,0.0197572495,0.019528886780187632
GEDSAL_clean,5.44628,3.82645,5.44628,1.17011,2237.72,1912.41,0.0,0.0,0.5966,0.509868,0.0,1,0.0018748757,0.0177876366,0.01861547979904236
GEFYUN_clean,6.73786,6.27962,6.66229,1.04811,1399.46,1335.23,0.0,0.0,0.5478,0.522657,0.0,0,0.0012806214,0.012551651,0.013309824960384931
GEFZAU_clean,6.43441,5.83045,6.43102,0.991134,1373.29,1385.58,0.0,0.0,0.5466,0.55149,0.0,0,0.0011896762,0.0127768932,0.012309461364386355
GEGDED_clean,10.73095,6.57358,10.72652,0.838883,2111.23,2516.71,0.0,0.0,0.6964,0.830152,0.0,1,0.0032692219,0.032392377,0.032257271625995516
GEGGUW_clean,4.63719,3.51738,4.44195,1.53214,779.383,508.688,0.0,0.0,0.4588,0.29945,0.0,1,0.0008024117,0.0085325468,0.00791472677935114
GEGHAD_clean,4.65392,3.51526,4.65392,1.53055,804.048,525.333,0.0,0.0,0.4664,0.304727,0.0,1,0.0008542035,0.0084251875,0.008384283325034643
GELVEZ01_clean,3.8103,2.63566,3.8103,1.43691,0.0,0.0,133.683,93.0351,0.4852,0.33767,0.0,0,0.0004950489,0.0050649103,0.004978825364408007
GESDUF_clean,7.63383,7.44692,7.63383,1.05439,936.707,888.384,0.0,0.0,0.5408,0.512901,0.0,1,0.0011771652,0.011282728,0.01170634005402529
GESFAN_clean,7.57798,7.34904,7.57798,1.05603,938.983,889.166,0.0,0.0,0.5286,0.500556,0.0,1,0.0011435424,0.011046858,0.011662343103116944
GEVXAI_clean,3.71553,2.68712,3.70664,2.06408,0.0,0.0,101.112,48.9867,0.415,0.201058,0.0,1,0.0003571033,0.0034511489,0.003512774457609011
GEVXIQ_clean,5.46888,4.61181,5.39982,1.67855,1326.24,790.111,0.0,0.0,0.5498,0.327545,0.0,1,0.000946491,0.0089963643,0.00958951816796668
GEWXAJ_clean,4.82967,4.48576,4.82967,1.6967,607.999,358.342,0.0,0.0,0.4016,0.236695,0.0,1,0.0005232052,0.0044827297,0.005152878488656096
GEZYOB_clean,5.97203,4.53159,5.97203,1.47469,1908.41,1294.11,0.0,0.0,0.5414,0.367128,0.0,0,0.0011887019,0.0116263135,0.01204652599755467
GIDKOU_clean,4.78674,3.41448,4.67256,1.74547,701.395,401.837,0.0,0.0,0.4798,0.274883,0.0,1,0.0007253545,0.0074095712,0.007192665213220917
GIFKEL_clean,4.63167,4.31957,4.63167,1.28045,1230.74,961.183,0.0,0.0,0.5428,0.423914,0.0,1,0.0008793681,0.0099498478,0.009107086567040365
GIHPEU_clean,6.0987,3.28751,5.1885,1.35116,0.0,0.0,968.845,717.047,0.5136,0.380118,0.0,1,0.0009154718,0.0094395959,0.009160726665893699
GINLIA_clean,6.39385,4.60431,6.39349,0.877136,2189.88,2496.63,0.0,0.0,0.6554,0.747205,0.0,1,0.0023883004,0.0246173253,0.023944439210806873
GIQXEK_clean,5.02308,3.9389,5.02308,1.70666,1611.03,943.967,0.0,0.0,0.591,0.34629,0.0,1,0.0010162074,0.0101322953,0.010126354803894934
GIQXOU_clean,4.81089,3.81392,4.81089,1.85808,1583.35,852.141,0.0,0.0,0.5814,0.312903,0.0,1,0.0009571954,0.0095557914,0.009642634036560065
GIRDUI_clean,4.42025,3.76528,4.4179,1.33231,513.764,385.618,0.0,0.0,0.4442,0.333405,0.0,1,0.0005463278,0.0052151545,0.005611026425837631
GIRFUJ_clean,3.37043,2.61511,3.30641,2.01794,0.0,0.0,2.87555,1.425,0.3948,0.195645,0.0,1,0.0002237074,0.0021490822,0.0021414657189182747
GIRHEW_clean,4.31665,3.3107,4.31,1.50699,538.634,357.423,0.0,0.0,0.4636,0.307632,0.0,1,0.0006386462,0.0064828346,0.00643461783302916
GIRYOX_clean,3.97688,3.23059,3.95261,1.5554,0.0,0.0,132.377,85.1079,0.383,0.246239,0.0,1,0.00021939,0.0022368634,0.0022281015165608203
GISMAY_clean,7.56113,5.5145,7.12706,1.15475,978.763,847.594,187.52,162.389,0.5516,0.477677,0.0,1,0.001387579,0.0137732736,0.013793588811537794
GISZUD_clean,6.49431,5.39638,6.48428,1.08851,2690.71,2471.91,0.0,0.0,0.726,0.666964,0.0,1,0.0021894188,0.0209739501,0.021982087023036785
GITPIK_clean,6.71051,5.85889,6.69498,1.05932,1949.1,1839.96,0.0,0.0,0.6024,0.568668,0.0,1,0.0017902885,0.0175720161,0.018298853165572632
GITVEL01_clean,15.27666,13.37931,15.27666,0.777112,1815.11,2335.71,0.0,0.0,0.723,0.930368,0.0,0,0.0030399054,0.0308787312,0.031038098438190238
GITWIQ_clean,5.04878,3.9878,4.84113,1.55276,984.517,634.043,0.0,0.0,0.443,0.285298,0.0,0,0.0007454283,0.0073967208,0.007490299706790519
GIWCOF_ion_b,6.18603,4.18536,6.1755,1.09485,1872.24,1710.03,0.0,0.0,0.5864,0.535596,0.0,1,0.0014930153,0.015993698,0.01499311432981955
GIYSEN_clean,5.42608,5.04414,5.4195,1.45199,958.497,660.129,0.0,0.0,0.4968,0.342152,0.0,0,0.000731196,0.0075831618,0.007374251897287937
GIYSUD_clean,5.72746,4.12193,5.64984,1.21514,2074.82,1707.48,0.0,0.0,0.605,0.497886,0.0,1,0.0016172908,0.0158959997,0.016090470099270053
GOGWEF_clean,4.59875,4.17002,4.59043,0.999501,2126.38,2127.44,0.0,0.0,0.617,0.617308,0.0,1,0.0023210357,0.0231423954,0.022928529060859505
GOMFOF_clean,14.8276,14.77034,14.8276,0.887088,1281.1,1444.16,0.0,0.0,0.6208,0.699818,0.0,1,0.0024788969,0.0248282516,0.024292559230942732
GOSKEG_clean,7.10002,5.21425,6.59335,0.943193,1754.71,1860.4,1.38955,1.47324,0.6182,0.655433,0.0,1,0.0022277996,0.0224544886,0.022096667376225197
GOTNEK_clean,6.68492,5.17244,6.67225,1.16398,1342.18,1153.1,0.0,0.0,0.5428,0.466332,0.0,1,0.0014824175,0.0145904412,0.014581781084981073
GOVXIA_clean,6.67259,5.28318,6.67068,1.1406,1107.96,971.384,0.0,0.0,0.4988,0.437316,0.0,1,0.0011454525,0.011352175,0.011469623314274867
GOWHOR_clean,4.39236,3.16475,4.39236,1.17121,0.0,0.0,592.203,505.633,0.4694,0.400782,0.0,1,0.0008665638,0.0093657327,0.00870882811564844
GOYPER_clean,3.86862,2.68927,3.85387,1.4708,0.0,0.0,194.38,132.159,0.4886,0.3322,0.0,0,0.0005688586,0.0054348517,0.005691919232721001
GOYYAW_clean,3.94364,3.0863,3.93984,2.31343,0.0,0.0,142.46,61.5795,0.3504,0.151463,0.0,1,0.0002043088,0.0020143932,0.0020794891226622687
GUBBAG_clean,6.17269,4.47662,6.08707,1.25773,1864.63,1482.53,0.0,0.0,0.6658,0.529365,0.0,1,0.0013824197,0.0134670411,0.0139344270051573
GUBSED_clean,4.28713,3.01795,4.27044,1.39474,0.0,0.0,612.968,439.485,0.4958,0.355478,0.0,1,0.0007579318,0.0075392706,0.007539369054924409
GUFBOA_clean,5.81423,4.04124,5.79708,1.35939,665.654,489.672,0.0,0.0,0.4506,0.331473,0.0,1,0.0007196517,0.0070274638,0.007252308591126242
GUHMIH_clean,13.3149,6.32995,13.3149,0.498432,2835.47,5688.77,0.0,0.0,0.778,1.5609,0.0,1,0.00564871,0.0549421575,0.05731902719439096
GUHPEG_clean,5.72092,4.53231,5.72092,1.21796,1067.45,876.424,0.0,0.0,0.5332,0.437781,0.0,1,0.0011451915,0.0111185352,0.011569912854414858
GULWAM_clean,8.69308,7.48414,8.68762,0.756867,2252.53,2976.13,0.0,0.0,0.7044,0.930679,0.0,0,0.0031653783,0.0316128031,0.03200023506193627
GUPDEB_clean,20.68684,7.65386,20.68684,0.945467,1548.81,1638.15,1.11326,1.17747,0.7196,0.761105,0.0,0,0.0025496487,0.0251683987,0.025493594792245288
GUPREQ_clean,6.00262,3.86824,5.65571,1.31,1012.28,772.734,0.0,0.0,0.4954,0.378168,0.0,1,0.0008938514,0.0088975921,0.008875632065838905
GUTYIE_clean,5.62453,4.16158,5.60554,1.07616,1629.52,1514.21,0.0,0.0,0.6326,0.587833,0.0,0,0.0019852138,0.018795705,0.01932218828122089
HAFTOZ_clean,15.37241,7.5238,15.37241,0.554007,2040.18,3682.59,0.0,0.0,0.7832,1.4137,0.0,0,0.005312657,0.0538601846,0.053574325853026225
HAFWIW_clean,5.35067,4.98225,5.35067,1.31519,1804.28,1371.88,0.0,0.0,0.6304,0.479324,0.0,1,0.0013901935,0.0136330172,0.013932554770995463
HAHCUR_clean,7.19827,5.98763,7.19827,1.10603,1324.83,1197.82,0.0,0.0,0.546,0.493657,0.0,0,0.0015145098,0.0148853514,0.01526158512662733
HAHPOW_clean,9.6196,8.46967,9.6196,1.47235,624.294,424.013,93.3885,63.4283,0.498,0.338235,0.0,1,0.0007324518,0.0061686175,0.007285419253760042
HAJDII_clean,7.11031,6.37447,7.11031,1.26291,989.015,783.122,12.4903,9.89007,0.5394,0.427108,0.0,0,0.0009619962,0.0097668486,0.009619683435691875
HAJJAE_clean,3.57551,3.00678,3.55793,1.7228,0.0,0.0,19.8424,11.5176,0.3962,0.229975,0.0,1,0.0001841164,0.0018926655,0.0018816491302701681
HAJLEK_clean,5.87742,3.45437,5.87742,1.36069,369.973,271.901,0.0,0.0,0.367,0.269716,0.0,0,0.0003536114,0.0037355437,0.003598296804871138
HAJLUA_clean,5.93833,3.59787,5.73261,1.34629,399.566,296.791,0.0,0.0,0.3782,0.28092,0.0,0,0.0003770737,0.0037673855,0.0037301390768611354
HAJMAH_clean,5.98029,3.63688,5.98029,1.32826,401.891,302.571,0.0,0.0,0.3816,0.287294,0.0,0,0.0003988602,0.0039701674,0.004100418635116071
HAKCAZ_clean,7.25791,5.03113,6.91895,1.17911,1594.01,1351.88,0.0,0.0,0.5908,0.501055,0.0,1,0.001591594,0.0164119713,0.015965320745738743
HAKSEU_clean,8.08706,3.61748,7.36025,1.26635,1637.77,1293.3,0.0,0.0,0.6148,0.485489,0.0,1,0.0017338071,0.0176834135,0.01710716273724966
HAKSOE_clean,8.12438,3.16932,7.7661,1.38913,0.0,0.0,1364.11,981.992,0.6104,0.439413,0.0,1,0.0014713538,0.0157336627,0.014195653486108593
HAKTAR_clean,8.14226,3.27028,7.02069,1.26185,0.0,0.0,1433.18,1135.78,0.6064,0.480565,0.0,1,0.0018324035,0.0177092948,0.018364018672893164
HAKWAU_clean,7.77196,4.02298,7.7515,0.967928,1840.06,1901.03,0.0,0.0,0.6374,0.65852,0.0,1,0.0021891327,0.0229762528,0.021819377405013073
HALVAU_clean,7.2529,4.09487,7.24788,1.02599,1723.2,1679.54,0.0,0.0,0.6096,0.594156,0.0,1,0.0017894442,0.01845427,0.018136494283314483
HAQRID_clean,8.35999,7.36684,8.31122,1.01133,1835.07,1814.52,0.0,0.0,0.6542,0.646874,0.0,1,0.0023295518,0.0234359296,0.022987959737066833
HASNOH_clean,5.38898,4.39397,5.38845,1.86317,1402.69,752.852,0.0,0.0,0.5556,0.298201,0.0,1,0.0008963931,0.0090517529,0.008996529064868483
HAVYOU_clean,4.22473,3.06148,4.20673,3.9686,0.0,0.0,392.911,99.0048,0.435,0.10961,0.0,1,0.0002489537,0.0024967884,0.0025013215738104366
HAWWOT_clean,7.05521,6.39517,7.05449,1.0177,2567.24,2522.59,0.0,0.0,0.6952,0.683108,0.0,1,0.0025177837,0.024883163,0.02577987751902913
HAWWUZ_clean,6.85987,6.20916,6.70163,1.02767,2542.94,2474.47,0.0,0.0,0.6868,0.668309,0.0,1,0.0025308224,0.024432022,0.024925486503775098
HAZGOF01_clean_h,3.88897,3.02184,3.62207,1.23879,0.0,0.0,101.083,81.5986,0.4936,0.398455,0.0,0,0.0005689062,0.0059270018,0.005749540872077899
HAZGOF03_clean_h,3.92084,2.99139,3.73553,1.23924,0.0,0.0,115.847,93.4824,0.4872,0.393145,0.0,0,0.0005760623,0.0058286061,0.005795844614341215
HAZGOF06_clean_h,3.90842,2.98497,3.80382,1.24473,0.0,0.0,93.5276,75.1387,0.4794,0.385143,0.0,0,0.0005814294,0.005689063,0.005874230475288395
HEBKEG_clean,5.17721,3.88044,5.16559,1.56809,1108.64,706.999,0.0,0.0,0.4678,0.298324,0.0,0,0.0007505974,0.0075733876,0.007536715088432638
HEBNIN_clean,5.00989,4.14842,5.00989,2.07402,1561.26,752.77,0.0,0.0,0.5908,0.284857,0.0,1,0.000780022,0.0078776532,0.007843512881446647
HEDBEZ_clean,5.55376,3.62598,5.46848,2.06178,1285.48,623.479,0.0,0.0,0.5464,0.265014,0.0,1,0.0008491453,0.0084819011,0.008333498040751558
HEDBUP_clean,6.082,4.53553,6.07141,2.27942,1559.62,684.218,0.0,0.0,0.5574,0.244536,0.0,1,0.0008122497,0.0080389419,0.008206027219842952
HEDGUS_clean,3.49905,2.94252,3.48387,1.74568,0.0,0.0,16.2872,9.33004,0.3924,0.224784,0.0,1,0.0002060044,0.0016943862,0.002085470519577659
HEFDIH_clean,4.92199,2.61069,4.92199,1.41969,0.0,0.0,196.276,138.252,0.3854,0.271467,0.0,0,0.0002477338,0.0019565003,0.002529829488306886
HEFDON_clean,9.34267,6.30544,9.30322,1.26616,1290.92,1019.56,0.0,0.0,0.564,0.445443,0.0,1,0.0013694068,0.0134084067,0.01341476670616866
HEGCEB_clean,5.1693,4.46656,5.1693,1.06371,1875.59,1763.26,0.0,0.0,0.6372,0.599038,0.0,1,0.0013325373,0.0131980127,0.01358444220439263
HEZPIL01_clean,4.55228,3.8726,4.49338,1.6515,1184.67,717.327,0.0,0.0,0.5308,0.321405,0.0,1,0.0011528553,0.0115161118,0.011294792434751896
HIHGIQ_clean,7.45404,4.653,7.45404,0.903111,1947.01,2155.89,0.0,0.0,0.6178,0.68408,0.0,0,0.0024397325,0.0227725486,0.023948690988201526
HILJUJ_clean,4.42922,3.63352,4.42922,1.96256,310.567,158.245,0.0,0.0,0.4212,0.214617,0.0,1,0.0003273176,0.003282612,0.00325116832307924
HIQNAY_clean,6.18436,4.94333,5.98081,1.31558,928.05,705.433,194.939,148.177,0.529,0.402105,0.0,1,0.0010505822,0.0108787012,0.010709079995639399
HIWKEE_clean,5.33619,3.90302,5.22967,1.1804,712.798,603.863,412.05,349.077,0.5362,0.454254,0.0,1,0.0010633752,0.010321853,0.01071997106331717
HIWLEG_clean,4.25056,2.77423,4.25056,1.56942,0.0,0.0,954.959,608.478,0.6002,0.382433,0.0,0,0.000958062,0.0097056454,0.009557769696977608
HIXDOH01_manual,5.14922,2.8443,5.14922,1.85173,0.0,0.0,728.616,393.479,0.504,0.272178,0.0,1,0.0006634796,0.0064653631,0.0065772574290349035
HIYMEJ_clean,4.30008,2.73025,4.29155,2.14723,0.0,0.0,295.871,137.792,0.327,0.152289,0.0,1,0.0005627592,0.005424299,0.005603617279819646
HIYYEU_clean,4.58192,3.82938,4.58192,1.15929,890.249,767.928,0.0,0.0,0.475,0.409735,0.0,0,0.0006226235,0.0064618224,0.00643149757672904
HIZQEN01_clean,5.09985,3.87591,5.09025,1.50728,1179.77,782.72,0.0,0.0,0.547,0.362907,0.0,1,0.0010566335,0.0105569183,0.010582370640749442
HOBGEL_clean,4.92633,4.45881,4.92633,1.33002,1110.7,835.1,0.0,0.0,0.469,0.352627,0.0,0,0.0010178204,0.0099538357,0.00997998811756515
HOFJIX_clean,9.75671,8.56589,9.45457,1.06294,1335.32,1256.25,0.0,0.0,0.5826,0.548103,0.0,1,0.001778355,0.0176458494,0.01760587051017956
HOFSUS_clean,4.7504,3.70252,4.74887,1.26142,1014.67,804.388,0.0,0.0,0.555,0.439981,0.0,1,0.0011520471,0.0116908204,0.011517026738480141
HOGLEV_clean,14.03402,9.0463,14.02308,0.76193,2112.49,2772.55,0.0,0.0,0.7494,0.983555,0.0,1,0.0037647113,0.0372392137,0.037002778394997465
HOGQEB_clean,4.25977,2.7511,4.24098,1.95779,0.0,0.0,383.076,195.667,0.4288,0.219022,0.0,0,0.0005030056,0.0048928735,0.00500755244151706
HOJLUP_clean,6.04405,4.68216,6.04405,0.897215,1739.4,1938.66,0.0,0.0,0.5916,0.659373,0.0,1,0.0020135318,0.019362017,0.02011930504842939
HOJNUR01_clean,3.94518,2.94764,3.79329,1.27312,0.0,0.0,129.373,101.619,0.5026,0.394779,0.0,0,0.0006883229,0.0067141678,0.006821024035314012
HOJPIH_clean,3.96758,2.99779,3.82887,1.25057,0.0,0.0,157.089,125.614,0.508,0.406216,0.0,0,0.0007057658,0.007334061,0.007046719403093104
HOPYEQ_clean,4.00073,3.18451,3.73972,2.2255,0.0,0.0,323.535,145.376,0.494,0.221973,0.0,0,0.0005166223,0.0052332326,0.00517861804089627
HOQMIL02_clean,5.63983,4.88733,5.62365,1.14617,1146.47,1000.26,0.0,0.0,0.486,0.424021,0.0,0,0.0013181603,0.0126746185,0.012955435210937895
HOQMUX_clean,4.86191,4.39042,4.86191,1.23808,888.924,717.986,0.0,0.0,0.4546,0.367182,0.0,0,0.0009310081,0.0090409206,0.009206657619832328
HORHEC_clean,4.20448,2.97275,4.20432,1.17114,0.0,0.0,478.626,408.684,0.498,0.425226,0.0,0,0.0006381069,0.0068343449,0.006502016509300781
HORHIG_clean,4.11455,2.92172,4.11455,1.18923,0.0,0.0,434.266,365.164,0.4984,0.419093,0.0,0,0.0006498422,0.0060436791,0.006575885055863135
HOWPEQ_clean,5.50159,4.45937,5.49668,1.2167,2188.23,1798.5,0.0,0.0,0.652,0.535877,0.0,1,0.0015113753,0.0153998046,0.015320781856748221
HOXKUB_clean,6.32021,4.20706,6.31633,1.716,1292.29,753.082,0.0,0.0,0.5408,0.315151,0.0,1,0.0010775399,0.0109383682,0.010663687026175981
HOXSUK_clean,6.8634,6.5073,6.8549,1.07828,1271.94,1179.6,0.0,0.0,0.553,0.512854,0.0,1,0.0016287157,0.0162505894,0.01601241603589906
HOYREU_clean,6.42466,5.8923,6.42466,1.33156,1407.54,1057.05,0.0,0.0,0.5312,0.398929,0.0,1,0.001571452,0.0147213096,0.015006543983273671
HOZBUV_clean,7.91812,7.59324,7.91812,1.47122,1126.87,765.945,0.0,0.0,0.5294,0.359837,0.0,1,0.0009744435,0.0094253284,0.009716422397060727
HUCBEN_manual,5.37435,4.22886,5.37435,1.12816,1186.89,1052.06,0.0,0.0,0.5522,0.48947,0.0,0,0.0015709795,0.0147171053,0.015181953747924581
HUCWUZ_clean,6.73347,3.6531,6.72302,1.2549,1424.07,1134.81,0.0,0.0,0.5568,0.443702,0.0,0,0.0013601011,0.0132387874,0.01357075332367395
HUCXAG_clean,6.73203,3.67524,6.71149,1.26793,1413.13,1114.52,0.0,0.0,0.5564,0.438826,0.0,0,0.0012886122,0.0130745984,0.012815440611766158
HUCXIO_clean,6.71014,3.72796,6.70426,1.27761,1431.04,1120.09,0.0,0.0,0.554,0.433623,0.0,0,0.0012724916,0.0131592235,0.01272708540886691
HUCXOU_clean,6.73345,3.74488,6.72117,1.28647,1439.37,1118.85,0.0,0.0,0.5556,0.43188,0.0,0,0.0013496717,0.0127599068,0.013439749768011378
HUCXUA_clean,6.72319,3.76747,6.7027,1.29306,1441.14,1114.52,0.0,0.0,0.5554,0.429523,0.0,0,0.0012755743,0.013087668,0.01274590574937143
HUFHEX_clean,11.02675,7.87011,11.02675,0.803859,2205.78,2743.99,0.0,0.0,0.7232,0.89966,0.0,1,0.0031367834,0.0302668606,0.031843913030495455
HUFLUR_clean,4.58854,4.14721,4.58854,1.14854,1287.04,1120.59,0.0,0.0,0.5678,0.494365,0.0,1,0.001477883,0.0141360779,0.014528473315586177
HUFMUS_clean,4.79853,3.61328,4.79853,1.52895,747.86,489.132,0.0,0.0,0.4994,0.326629,0.0,1,0.0005894336,0.0065850471,0.005951639978965733
HUHNIJ_clean,6.23729,5.3405,6.23046,1.03071,1170.03,1135.17,0.0,0.0,0.5464,0.530122,0.0,1,0.0011412646,0.0112950856,0.011896499848594795
HULTEN_clean,5.18269,3.6406,5.1729,1.69201,1269.56,750.33,0.0,0.0,0.571,0.337469,0.0,0,0.001233042,0.0127556993,0.012198162110895328
HUNCUQ_clean,4.96862,3.07482,4.94534,1.29845,0.0,0.0,839.193,646.306,0.5152,0.396782,0.0,1,0.0010326958,0.0103368198,0.010241147248501092
HUQGOR_clean,10.27351,7.23414,10.27351,0.702938,1802.86,2564.75,0.0,0.0,0.6908,0.982733,0.0,1,0.0035084589,0.0346682305,0.03470714410790181
HUQHIM_clean,10.2269,8.71112,10.19864,0.711062,1763.31,2479.82,0.0,0.0,0.6842,0.962223,0.0,1,0.0034302255,0.0351046605,0.03419687169405956
HURGEH_clean,7.76009,5.17265,7.74555,1.0195,2020.5,1981.85,0.0,0.0,0.6252,0.613242,0.0,1,0.0022552149,0.0222213055,0.022414799304796954
HURGUX01_clean,4.95927,3.84058,4.95343,1.32588,650.018,490.253,0.0,0.0,0.4448,0.335474,0.0,1,0.000712196,0.0072533956,0.007125850094644218
HUSJUC_clean,5.68783,4.95516,5.68491,1.59918,1031.7,645.145,0.0,0.0,0.4382,0.274015,0.0,0,0.0008113767,0.0077243491,0.008084125492220321
HUVHIR_clean,6.43752,3.3852,6.43752,1.55619,990.748,636.65,0.0,0.0,0.5272,0.338777,0.0,1,0.0009254322,0.0090752457,0.009201863357149146
HUWHOY_clean,6.08119,4.05672,5.74775,0.950744,2154.5,2266.13,0.0,0.0,0.64,0.673157,0.0,1,0.0022859342,0.0223764789,0.023192391919088284
HUZSOL_clean,9.96894,8.00393,9.95333,0.905605,1288.39,1422.68,0.0,0.0,0.602,0.664749,0.0,1,0.0020952536,0.0202602444,0.020570786684493286
HUZSUR_clean,9.15011,7.4108,9.12328,0.889985,1539.75,1730.09,0.0,0.0,0.5804,0.652146,0.0,1,0.0023018686,0.0220532241,0.021996693396204556
HUZXEH_clean,10.51647,6.32242,10.51647,0.652816,2155.36,3301.64,0.0,0.0,0.7166,1.09771,0.0,0,0.0039088654,0.03834784,0.03929655470255977
HUZXUX_clean,9.29118,6.23555,9.29118,0.722566,1940.52,2685.59,0.0,0.0,0.6812,0.942751,0.0,1,0.0029974057,0.0293498266,0.030329925799543543
IBABOF01_clean,5.88201,4.55805,5.8327,1.10239,1625.66,1474.66,0.0,0.0,0.5558,0.504176,0.0,0,0.0016322962,0.0158302406,0.016172059472683076
IBICED_clean,10.07018,9.94208,10.07018,1.22593,1035.72,844.843,0.0,0.0,0.5562,0.453697,0.0,0,0.0011897052,0.0119423556,0.011937154049819078
IBIRES_clean,6.08051,3.77232,6.05891,1.56855,1166.99,743.994,0.0,0.0,0.5416,0.345287,0.0,1,0.000897446,0.008487963,0.008988611959763724
IBUDOZ_clean,5.08668,4.25333,5.08214,1.48919,879.713,590.733,0.0,0.0,0.5098,0.342334,0.0,1,0.0007153904,0.0072910202,0.007234442619501554
ic034943jsi20030807_040506_clean,5.2265,4.77382,5.2265,1.35803,835.979,615.584,0.0,0.0,0.4602,0.338874,0.0,1,0.0006857376,0.007270482,0.006812581656184724
ic050064gsi20050115_040515_clean,7.09944,5.34059,6.92965,0.893388,2231.12,2497.37,0.0,0.0,0.6764,0.757118,0.0,1,0.0027392249,0.0265189024,0.027613578022729898
ic051143vsi20050711_050730_clean,3.71503,3.07357,3.71503,1.38283,0.0,0.0,158.217,114.416,0.44,0.318189,0.0,0,0.0007178427,0.0072028735,0.007095419527866625
ic060771psi20060614_113937_clean,5.26056,3.44551,5.26056,1.3794,1193.29,865.074,0.0,0.0,0.5622,0.407567,0.0,1,0.0011194615,0.0118328864,0.01107545157400182
ic200463k_si_002_clean,4.19154,2.64482,4.16139,1.41408,0.0,0.0,676.206,478.196,0.519,0.367024,0.0,1,0.0009623657,0.008876354,0.009534802679371762
ic400607w_si_001_clean,8.03748,6.22623,7.97705,1.08776,1912.85,1758.52,0.0,0.0,0.6308,0.579905,0.0,0,0.0020829369,0.0207041679,0.02069933561820897
ic400777c_si_002_clean,6.92734,4.01933,6.90734,1.34581,1520.73,1129.98,0.0,0.0,0.5638,0.418931,0.0,1,0.0015904069,0.0153206957,0.01562703693488107
ic401157n_si_003_clean,8.36266,5.62116,8.35172,0.801466,2331.72,2909.32,0.0,0.0,0.6656,0.830478,0.0,1,0.0029701067,0.0305500135,0.029991033986175857
ic402692p_si_005_clean,8.36657,7.12488,8.36657,1.09017,2068.01,1896.96,0.0,0.0,0.651,0.597155,0.0,1,0.0021383404,0.0218789164,0.02150967655390884
ic501849g_si_002_clean,6.90703,4.72819,6.90703,1.13022,1690.08,1495.36,0.0,0.0,0.5888,0.520963,0.0,1,0.0017328466,0.0166315051,0.017047218226597678
ic501898x_si_005_clean,4.55913,2.84233,4.53369,1.386,0.0,0.0,789.001,569.263,0.4746,0.342423,0.0,0,0.0007382444,0.0077954403,0.00747447815894138
ic502643m_si_006_clean,9.0043,8.36575,9.0043,0.810849,2358.37,2908.52,0.0,0.0,0.7174,0.884751,0.0,1,0.0033578238,0.0331839016,0.03340472642975858
ic502725y_si_004_clean,9.62394,4.35849,9.62394,1.57097,2049.09,1304.34,0.0,0.0,0.6364,0.405099,0.000509239,0,0.0013617671,0.0138660726,0.014138828451312679
ic502921j_si_003_clean,7.7085,4.09601,7.43001,1.34893,1247.81,925.035,50.2931,37.2837,0.56,0.415144,0.0,1,0.0012983218,0.0126039869,0.012908927148745954
ic5b00130_si_002_clean,5.93683,5.18128,5.93683,1.3408,561.854,419.044,0.0,0.0,0.4314,0.321748,0.0,0,0.0005736988,0.005560576,0.00581557865855788
ic5b00194_si_002_clean,8.53834,6.535,8.52358,0.823713,2522.95,3062.9,0.0,0.0,0.705,0.85588,0.0,1,0.0031948074,0.0332067468,0.031646577648676046
ic7014034-file001_clean,6.72718,4.71693,5.67099,0.945137,1965.67,2079.78,0.0,0.0,0.6212,0.657259,0.0,1,0.0020486321,0.0203196875,0.02073331768067423
ICAWUF_clean,8.09105,7.71087,8.06629,1.03438,1360.39,1315.18,0.0,0.0,0.5716,0.552602,0.0,1,0.001568692,0.0147577942,0.01548522879894772
ICIVAS_clean,5.79063,4.60472,5.70801,1.33492,507.517,380.187,462.251,346.277,0.4564,0.341894,0.0,1,0.0010110923,0.0107205525,0.010024164532126132
ICIZAV_clean,3.84281,3.18904,3.84281,1.93678,0.0,0.0,199.333,102.919,0.3884,0.200539,0.0,1,0.0002738617,0.0026748732,0.0027396470920799235
IDAGUR_clean,4.21795,3.2565,4.15153,1.38333,0.0,0.0,506.98,366.493,0.4348,0.314315,0.0,1,0.0005735261,0.0055237478,0.005752944075333276
IDUDES_clean,4.4794,2.97646,4.4794,1.27416,0.0,0.0,657.369,515.924,0.5018,0.393829,0.0,0,0.0009889855,0.0100843105,0.00985663430606239
IDUTUW_clean,4.95983,4.34552,4.92681,3.2621,618.922,189.731,0.0,0.0,0.4194,0.128567,0.0,1,0.0002362675,0.0022361436,0.002393038069521475
IGUCIY_clean,4.91096,3.9591,4.91096,1.65468,587.51,355.059,0.0,0.0,0.4326,0.26144,0.0,0,0.0004181086,0.0039790297,0.004244506432130899
IGUTEK_clean,6.65766,3.11444,6.65761,1.49885,0.0,0.0,1310.11,874.081,0.5442,0.363079,0.0,0,0.0018685837,0.0115444051,0.014114950107362738
IGUVIR_clean,5.80337,3.48765,5.78397,1.34417,868.475,646.107,0.0,0.0,0.4594,0.341773,0.0,0,0.0009315086,0.00844909,0.00919534931398684
IHERIY_clean,5.24257,3.36629,5.24257,1.3571,624.106,459.88,0.0,0.0,0.4274,0.314935,0.0,1,0.000662189,0.0066206552,0.006585409072431384
IHIMAP_clean,4.88033,3.6251,4.88017,1.94507,780.03,401.03,0.0,0.0,0.4326,0.222409,0.0,1,0.0004392776,0.004265208,0.004360125384802846
IJEXIF01_clean,6.79743,4.32524,6.79743,1.08441,2203.63,2032.1,0.0,0.0,0.6682,0.616187,0.0,1,0.0021913493,0.0226281745,0.021775962787277885
IJEXIF_clean,6.7342,4.37179,6.7342,1.07253,2222.65,2072.34,0.0,0.0,0.6664,0.621333,0.0,1,0.002271035,0.0230365623,0.022397389595524998
IJODES_clean,4.9358,3.10102,4.89748,1.44251,0.0,0.0,573.112,397.301,0.4568,0.316669,0.0,1,0.0006194452,0.0065060827,0.006259706892804564
IKETIB_clean,13.18345,6.57771,10.98623,0.873765,2179.56,2494.44,0.0,0.0,0.722,0.826309,0.0,1,0.0032785602,0.0322363514,0.03235042528312172
IKETOH_manual,13.20001,6.4144,13.20001,0.879595,2120.61,2410.89,0.0,0.0,0.713,0.810601,0.0,1,0.003234156,0.0310370517,0.03206467002905237
IKOKEA_clean,6.08904,3.3904,6.07977,1.63594,1155.87,706.549,0.0,0.0,0.5166,0.315782,0.0,0,0.0015234954,0.0106969493,0.012260257174979474
IKOTUZ_clean,16.05073,15.64664,16.05073,1.00283,1515.79,1511.5,0.0,0.0,0.658,0.656142,0.0,1,0.0026051138,0.0250362684,0.025689744030879574
ILIGEP_clean,5.40466,4.22337,5.40056,1.85928,816.766,439.291,0.0,0.0,0.4238,0.227938,0.0,0,0.0005863193,0.0061430536,0.005822923919780622
ILOJEZ_clean,4.06811,3.10596,4.05147,1.3886,0.0,0.0,273.889,197.241,0.4204,0.30275,0.0,0,0.0004069424,0.0039255557,0.004047730919994851
ILUJEF_clean,7.09364,3.13122,7.09329,1.56537,0.0,0.0,583.793,372.943,0.4864,0.310726,0.0,1,0.00064991,0.0065771463,0.00656401869162349
INIDAL_clean,4.50397,3.74534,4.50292,2.3554,849.004,360.45,0.0,0.0,0.4596,0.195126,0.0,0,0.0010023553,0.00972011,0.009607054023942541
INIRAY01_clean,6.20577,4.3891,6.20321,1.19479,1004.19,840.475,0.0,0.0,0.5078,0.42501,0.0,1,0.0007745357,0.0075562422,0.00794150409611089
INIXOT_clean,3.98278,3.32513,3.98278,1.84127,266.343,144.652,0.0,0.0,0.4098,0.222564,0.0,1,0.0007390043,0.0068408064,0.007287951159281776
INOMOP01_clean,5.44312,5.07173,5.44201,1.06786,1357.09,1270.86,0.0,0.0,0.5604,0.52479,0.0,1,0.0016074374,0.0160089703,0.015920608583582633
IPIHIA_clean,4.19682,3.6848,4.18995,1.35995,968.941,712.483,0.0,0.0,0.4832,0.355307,0.0,1,0.0007631496,0.007709991,0.007852051250566485
IQECIS_clean,8.1309,7.21043,8.08032,0.715898,2174.72,3037.76,0.0,0.0,0.7158,0.999863,0.0,0,0.0036645359,0.0363854572,0.03680655081228215
IQEKOG_clean,6.56789,4.70003,6.53165,0.994726,2095.71,2106.82,0.0,0.0,0.6568,0.660283,0.0,1,0.0023089237,0.0220500254,0.023204104714936863
IQIJIC_clean,5.3134,3.06743,5.3134,1.16441,0.0,0.0,711.318,610.883,0.4852,0.416692,0.0,1,0.0007850946,0.0079579657,0.007804972709411702
IQOJAB_clean,5.87643,3.82611,5.87109,1.02895,1467.53,1426.23,25.3077,24.5957,0.5682,0.552213,0.0,1,0.0016917197,0.0167737479,0.016848531435482497
IQUCOO_clean,6.46968,5.45118,6.44712,1.037,1366.21,1317.47,0.0,0.0,0.5412,0.521892,0.0,1,0.0016007608,0.0166217288,0.016040087149141402
IRAJIV_clean,4.96691,3.06537,4.95435,2.02237,0.0,0.0,749.812,370.759,0.4866,0.240609,0.0,1,0.0008577566,0.0089277888,0.008310385725626169
IRAYOQ_clean,5.78238,3.66955,5.46102,1.63677,1152.51,704.133,59.8933,36.5923,0.516,0.315255,0.0,1,0.0010801002,0.0108846966,0.01066118654986978
ITIBOD_clean,4.51038,3.48306,4.50833,2.426,458.262,188.896,79.7243,32.8625,0.4254,0.17535,0.0,1,0.0004580134,0.0041916001,0.004508219760551666
ITIWAK_clean,5.0332,4.12661,5.01239,1.10257,950.216,861.818,65.1005,59.0442,0.5042,0.457294,0.0,0,0.0011859209,0.0115058813,0.011641772402624456
IVEQAC_clean,4.74809,3.58509,4.40546,1.51827,638.51,420.551,0.0,0.0,0.4406,0.290199,0.0,0,0.0006642174,0.006931593,0.006603978278006757
IVIKAA_clean,3.54836,2.91961,3.54836,1.51762,0.0,0.0,45.6578,30.0852,0.4486,0.295595,0.0,1,0.0003494034,0.0034437197,0.0034440667204468727
IVOGUX_clean,5.27459,4.52668,5.27459,1.48634,1223.66,823.275,0.0,0.0,0.5418,0.36452,0.0,1,0.001042347,0.0104533154,0.010613449168025226
IWAYOU_clean,9.03723,4.17928,9.03723,1.25701,1700.75,1353.01,0.0,0.0,0.594,0.47255,0.0,1,0.0014986752,0.0151863953,0.015155141512410769
IWELIG01_clean,4.6866,4.49829,4.6866,1.86798,511.71,273.938,140.313,75.1146,0.3994,0.213814,0.0,0,0.0006390598,0.0068339648,0.006367262535406725
IWOKOW_clean,5.75,3.20036,5.75,1.15763,0.0,0.0,453.889,392.086,0.4452,0.384579,0.0,0,0.0005217074,0.0050555183,0.005362340992244513
IWOSUJ01_clean,5.00717,3.11982,4.90374,1.37206,0.0,0.0,586.133,427.192,0.461,0.335992,0.0,0,0.0009199141,0.0086454691,0.009039477169656245
IWOTAQ_clean,5.03988,3.11819,5.03988,1.34559,0.0,0.0,604.473,449.225,0.4676,0.347506,0.0,0,0.0008121958,0.0088759862,0.008024614226711517
IXEJIG_clean,11.25458,10.39011,10.80502,0.837465,1965.46,2346.92,0.0,0.0,0.6976,0.83299,0.000955264,1,0.0029455572,0.0294651071,0.029560301830637577
IXISOX_clean,5.5699,4.33438,5.5699,1.93342,1150.89,595.258,0.0,0.0,0.516,0.266884,0.0,0,0.0007391461,0.0073657037,0.0074863825518663284
IXISUD_clean,7.1533,3.82815,7.1533,2.06709,831.561,402.286,84.7168,40.9836,0.496,0.239951,0.0,0,0.0005418372,0.0056415717,0.0055401193129221505
IXITOA02_clean,5.87166,2.682,5.66811,1.61112,0.0,0.0,853.166,529.548,0.493,0.305998,0.0,0,0.0007514481,0.0078388585,0.00766047048193008
IXOFAD_clean,7.25204,6.74283,7.23817,1.01031,1741.08,1723.31,0.0,0.0,0.638,0.631491,0.0,0,0.0022397154,0.022261905,0.021979041870633268
IXOFIL_clean,7.14051,6.67398,7.10365,1.01557,1692.36,1666.42,0.0,0.0,0.624,0.614435,0.0,0,0.0022325021,0.0215982856,0.021848318185632733
IXOFOR_clean,6.58573,6.10481,6.58573,1.02216,1741.26,1703.51,0.0,0.0,0.611,0.597752,0.0,0,0.0020702039,0.0217605839,0.02056398397213757
IYAHAT_clean,4.67222,2.76111,4.64679,1.76693,0.0,0.0,426.285,241.257,0.4528,0.256264,0.0,1,0.0004621142,0.0047704412,0.004575175897109064
IYAKIE_clean,7.40162,5.12822,7.38112,0.935395,2309.49,2469.0,0.0,0.0,0.6746,0.721193,0.0,1,0.0023809854,0.0234452477,0.023713429366114803
IYICUP_clean,7.48898,5.2438,6.05899,1.02061,1910.86,1872.27,0.0,0.0,0.6306,0.617866,0.0,0,0.0019911539,0.0213127861,0.020307811469749835
IYOCIK_clean,8.71773,6.01818,8.7094,1.33605,1729.76,1294.69,0.0,0.0,0.6404,0.479325,0.0,0,0.0015404688,0.014916873,0.015369896225371205
IYOQAQ_clean,5.30249,4.25008,5.30179,1.48751,1231.76,828.073,0.0,0.0,0.5432,0.365175,0.0,1,0.0010439769,0.0104463844,0.010622817055319079
IYOVIC_clean,5.24908,4.57848,5.22659,1.96351,1130.31,575.658,0.0,0.0,0.4956,0.252406,0.0,0,0.0008723698,0.008497931,0.008526549093306522
IYUCIQ_clean,9.96651,8.62113,9.96126,0.918137,1921.78,2093.13,0.0,0.0,0.6824,0.743244,0.0,0,0.0025592479,0.0261733547,0.025469882612459083
IZENIM_clean,10.57534,5.75707,6.51584,1.38426,1059.32,765.262,606.777,438.341,0.6424,0.464076,0.0,0,0.0018393582,0.0179842472,0.01846154354604379
IZEQUB_clean,6.84955,5.26119,6.84595,0.91964,1931.75,2100.55,0.9049,0.983971,0.6246,0.679179,0.0,1,0.0022745518,0.0218655983,0.02262315377943605
IZIHAC_clean,7.3243,5.53893,7.31909,1.3207,1515.57,1147.55,0.0,0.0,0.5694,0.431134,0.0,1,0.0013634085,0.013923585,0.013635537384870139
IZIKOT02_clean,4.48146,2.72753,4.41012,0.99754,0.0,0.0,755.919,757.783,0.5098,0.511057,0.0,0,0.0011983096,0.0119648395,0.011852523728378524
IZOWEA_clean,9.72623,7.72143,9.71631,1.42425,2106.67,1479.15,0.0,0.0,0.696,0.488679,0.0,1,0.0019272939,0.019274428,0.01900807546474893
IZUMUM_clean,5.57902,4.64149,5.57902,1.29431,1246.48,963.048,0.0,0.0,0.5324,0.411338,0.0,0,0.0009576339,0.0096696681,0.009760485911887214
ja073612tsi20070723_060520_clean,5.85008,3.03352,5.73386,1.20892,0.0,0.0,1478.57,1223.04,0.6042,0.499784,0.0,1,0.0012753527,0.0130309451,0.013013168855415046
ja300034j_si_002_clean,16.78888,16.71746,16.78888,0.713223,1373.37,1925.59,0.0,0.0,0.772,1.08241,0.0,1,0.0041810903,0.0428541007,0.042582512484301206
ja302340b_si_002_clean,8.31134,7.66102,8.31134,1.03479,1409.77,1362.37,116.194,112.287,0.5924,0.572482,0.0,1,0.0016549917,0.0169942728,0.01651598235748595
ja407778a_si_003_clean,5.65215,4.4572,5.65215,0.864214,1953.72,2260.69,0.0,0.0,0.6454,0.746806,0.0,1,0.0025519573,0.0257716183,0.02544732046782103
ja5063423_si_002_clean,10.81396,5.19047,10.74347,0.995074,2374.31,2386.06,0.0,0.0,0.7264,0.729996,0.0,1,0.0026619435,0.0269370422,0.02685340499202879
ja5131269_si_003_clean,10.97224,8.95533,10.97224,0.663582,2332.5,3515.02,0.0,0.0,0.7592,1.14409,0.0,0,0.0041780227,0.0418709178,0.04273544026504042
ja5b02777_si_003_clean,3.88,2.93704,3.88,1.46057,0.0,0.0,339.57,232.492,0.4984,0.341238,0.0,1,0.0007898664,0.0077396777,0.007862888083812565
ja5b02777_si_004_clean,3.88001,2.63849,3.88001,1.4294,0.0,0.0,281.03,196.606,0.5078,0.355253,0.0,1,0.0007211328,0.0075308821,0.007251783228385558
ja903726m_si_002_clean,12.24865,4.72993,12.24865,0.820334,2060.46,2511.73,0.0,0.0,0.6832,0.832831,0.0,0,0.0028452471,0.0287516935,0.028566487342901146
ja905009e_si_002_clean,7.4254,5.9743,7.38064,1.40157,2795.33,1994.43,0.066678,0.0475737,0.7066,0.504148,0.0,1,0.0018528521,0.0183932338,0.018719721219844547
ja907023c_si_002_clean,9.7447,5.39631,9.52834,0.66078,1783.63,2699.29,403.357,610.425,0.6912,1.04604,0.0,0,0.0036288108,0.0380097907,0.03668637007098599
ja907023c_si_004_clean,9.71962,5.45923,9.49261,0.665822,1776.52,2668.16,388.062,582.832,0.695,1.04382,0.0,0,0.0038092492,0.0385962146,0.03870418300563651
JABMEF_clean,4.29453,3.62408,4.28019,1.76637,1054.03,596.719,0.0,0.0,0.558,0.315902,0.0,0,0.0009661528,0.0092959136,0.009517875699101343
jacs.5b12516_ja5b12516_si_002_clean,8.05832,6.63779,8.05832,1.47307,1756.87,1192.66,0.0,0.0,0.6028,0.409213,0.000135771,1,0.0012273633,0.0116735076,0.012597790931617362
jacs.5b12516_ja5b12516_si_004_clean,8.49651,6.78307,8.47146,1.40015,1810.97,1293.41,0.0,0.0,0.6308,0.450522,0.0,1,0.001296975,0.0131998347,0.013144542237883956
jacs.6b09113_ja6b09113_si_002_clean,13.34579,11.70118,13.34579,0.574767,1929.82,3357.56,0.0,0.0,0.7742,1.34698,0.000347967,1,0.0048914441,0.0505069395,0.04993317791733846
JAFPIQ_clean,7.18163,6.66781,7.16788,1.29779,1736.11,1337.74,0.0,0.0,0.6626,0.51056,0.0,1,0.0013953219,0.0130346467,0.013905681964104627
JAJKUD_clean,5.4506,2.86562,5.4506,1.414,0.0,0.0,812.904,574.897,0.5,0.353607,0.0,0,0.0008404121,0.0082557154,0.008352184236976994
JAKBUV_clean,5.57167,3.71325,5.56165,0.804799,1950.58,2423.69,0.0,0.0,0.669,0.831263,0.0,0,0.0023133257,0.0229301897,0.023283797049774412
JALLEQ_clean,20.72686,7.8738,20.45456,0.987929,1836.17,1858.6,0.0,0.0,0.7646,0.773942,0.000202444,1,0.0029130629,0.0285982214,0.029043329201425515
JAVWUY_clean,5.48014,3.89264,5.47915,1.114,1459.0,1309.69,0.0,0.0,0.5932,0.532494,0.0,1,0.0013576588,0.0133542539,0.013682519327998115
JEBCOJ_clean,7.20433,5.04936,7.20433,1.89362,858.504,453.367,0.0,0.0,0.4412,0.232993,0.0,0,0.00058473,0.0054647268,0.005821892101115755
JENKIX_SL,9.92059,7.48583,9.85803,1.01231,1221.66,1206.81,0.0,0.0,0.5698,0.56287,0.0,1,0.0016905032,0.0167779561,0.01691124009563001
JILWIL_clean,8.24655,3.54646,8.24655,1.48902,1339.88,899.835,0.0,0.0,0.545,0.366011,0.0,0,0.0013638007,0.0130885003,0.01319409977643187
JIQVAH_clean,4.60365,3.31132,4.19274,1.67874,257.448,153.358,482.223,287.253,0.5524,0.329056,0.0,0,0.0007317912,0.0076228255,0.007321572910752633
JITQEI_clean,4.74821,3.43684,4.74019,0.96574,1149.8,1190.59,1.38371,1.4328,0.5672,0.587322,0.0,1,0.0013642758,0.0134127101,0.013770691387050237
JIVHIG_clean,5.86134,3.79303,5.86134,0.999234,920.272,920.978,0.0,0.0,0.4348,0.435133,0.0,1,0.0009702524,0.0097149445,0.009741781539532248
JIZJAF_clean,10.25461,9.82723,10.24056,1.07189,1137.99,1061.67,0.0,0.0,0.5772,0.538489,0.0,0,0.0015409811,0.015395216,0.015280338584011717
JIZJEJ_clean,10.34811,9.92334,10.34811,1.06947,1137.02,1063.16,0.0,0.0,0.5768,0.53933,0.0,0,0.0015242993,0.0155286704,0.015254227707486226
JIZWEW_clean,6.00475,5.39741,6.00471,1.02738,1409.26,1371.7,0.0,0.0,0.5578,0.542934,0.0,0,0.0018980017,0.0163187126,0.017978281630783046
j.jssc.2014.11.015_mmc2_clean,5.22329,3.73672,5.11659,0.962226,1097.58,1140.67,0.0,0.0,0.5588,0.580737,0.0,0,0.0015466014,0.0151211427,0.015430166432745362
j.jssc.2015.05.012_mmc6_clean,5.19284,3.47327,4.97212,1.17487,1114.95,948.996,0.0,0.0,0.5544,0.471883,0.0,1,0.001158707,0.011169427,0.011508454744985547
j.jssc.2016.09.008_mmc7_clean,4.60903,3.05023,4.59626,1.65034,0.0,0.0,425.221,257.656,0.4642,0.281275,0.0,1,0.0005815579,0.0056036552,0.005795191870856592
JOCWIJ_clean,13.89765,5.51402,13.89722,0.824207,1875.6,2275.65,13.4154,16.2767,0.735,0.891766,0.0,1,0.0028960551,0.0299739063,0.02947045780394681
JOGHEU_clean,4.6871,3.79057,4.64785,1.04241,1656.32,1588.93,0.0,0.0,0.5686,0.545465,0.0,1,0.0013687412,0.0139880147,0.013848593969001633
JOHFIW_manual,6.80122,6.39579,6.80122,1.29813,1554.38,1197.39,0.0,0.0,0.5754,0.443252,0.0,0,0.0017336321,0.0164753699,0.016911575291143267
JOKXAI_clean,4.68166,4.00596,4.68147,1.55341,734.6,472.896,0.0,0.0,0.502,0.323161,0.0,1,0.0004698275,0.0050967067,0.004797239517694106
JOKYOX10_clean,4.99892,3.69875,4.99892,1.57161,677.229,430.914,0.0,0.0,0.5068,0.322472,0.0,1,0.0004905551,0.0047915492,0.005039743600557502
JOQZUM_clean,5.68246,5.15937,5.6766,1.419,1065.4,750.809,34.7517,24.4903,0.522,0.367865,0.0,1,0.0009685296,0.0091920841,0.009648813753852774
JOSNAG_clean,4.31831,3.47722,4.26587,1.49368,756.727,506.618,0.0,0.0,0.503,0.336751,0.0,1,0.0007025727,0.0069729237,0.007066873381658658
JOWFOQ_clean,6.87554,6.2746,6.85501,1.0117,2308.98,2282.27,0.0,0.0,0.7136,0.705344,0.0,1,0.002183968,0.021689126,0.021976357250502242
jp2064408_si_002_clean,12.93309,6.73336,12.93309,0.876804,2105.23,2401.03,0.0,0.0,0.7182,0.819111,0.0,1,0.0032429442,0.0316846175,0.032171970056412126
JUCXEK_clean,7.06758,6.25925,7.06758,2.58085,1392.56,539.574,0.0,0.0,0.5948,0.230467,0.0,1,0.0006633152,0.0067281697,0.0066684374949028385
JUMCOL_clean,7.85155,7.4129,7.84422,0.988066,1824.14,1846.18,0.0,0.0,0.6392,0.646921,0.0,0,0.0023506192,0.0231437253,0.022962510708403355
JUNBOL_clean,4.23505,3.57437,4.22469,1.56146,719.857,461.015,0.0,0.0,0.4554,0.29165,0.0,0,0.0005927063,0.0061343208,0.005924284028454424
JUPNAL_clean,3.64386,3.28199,3.63941,1.47701,0.0,0.0,251.735,170.435,0.4578,0.30995,0.0,1,0.0006515382,0.0062427061,0.006439252147304955
JURKIS_clean,7.21804,4.89996,7.21804,1.05199,1093.71,1039.66,0.0,0.0,0.5258,0.499814,0.0,1,0.0011510181,0.0118591604,0.011735006446848967
JUXFAL_clean,5.68774,4.91257,5.68774,1.89851,1234.68,650.342,0.0,0.0,0.4776,0.251566,0.0,0,0.0008284335,0.0079247269,0.008276251098627917
JUXZOT_clean,4.54071,3.29336,4.45814,0.966027,0.0,0.0,2012.32,2083.09,0.6394,0.661886,0.0,1,0.0022342143,0.0218908476,0.021236751383274424
jz4002345_si_002_clean,8.57756,4.11023,8.57756,1.21659,1656.78,1361.82,0.0,0.0,0.594,0.488251,0.000328789,0,0.0015557661,0.0152037757,0.015532724656432049
KABNIL_clean,4.822,3.60721,4.822,1.40695,1317.06,936.108,0.0,0.0,0.5446,0.387078,0.0,1,0.0011378485,0.0115574051,0.011506646316810974
KAHKUB01_clean,4.31258,2.65379,4.3124,0.999225,0.0,0.0,692.575,693.112,0.5222,0.522605,0.0,0,0.0011638707,0.0118669167,0.011513174978693044
KAHKUB_clean,4.39885,2.69675,4.39711,0.991264,0.0,0.0,733.27,739.732,0.5264,0.531039,0.0,0,0.0012323337,0.012223754,0.012345559293640616
KAHMOW_clean,5.20373,4.91346,5.20373,1.50927,221.957,147.062,328.828,217.872,0.4508,0.298686,0.0,1,0.0006172599,0.0059965653,0.006241718966635336
KAHYID_clean,8.93039,4.11514,8.89727,1.11173,2249.06,2023.03,0.0,0.0,0.7014,0.630911,0.0,1,0.002251494,0.020796631,0.022446953015344797
KAKBUW_clean,8.93435,3.48006,8.93366,0.947498,1239.02,1307.68,0.0,0.0,0.5736,0.605384,0.0,1,0.0018011496,0.0178081402,0.01790968556228755
KAKCEH01_clean,8.87027,8.43287,8.86098,1.05825,1407.83,1330.34,0.0,0.0,0.5852,0.55299,0.0,0,0.0017487446,0.0173319423,0.017513030711706987
KANDIO_clean,6.34814,4.18035,6.34814,1.16715,1258.72,1078.45,0.0,0.0,0.5426,0.464892,0.0,1,0.0013653826,0.0134819602,0.013529931560016802
KAPHUH_clean,4.86022,3.00344,4.85982,1.05926,0.0,0.0,1072.39,1012.39,0.5428,0.512433,0.0,1,0.0012652553,0.0137895061,0.012621394974388104
KAVGAQ_clean,5.26252,4.91537,5.26252,1.15534,1485.59,1285.85,0.0,0.0,0.5246,0.454067,0.0,0,0.0013137183,0.0135595198,0.013439979293969201
KAVJEX_clean,8.73636,5.24821,8.73636,1.1563,1804.89,1560.92,0.0,0.0,0.605,0.523221,0.0,0,0.0016540063,0.0162104669,0.016607103304072716
KAXFUM_clean,3.88937,3.01162,3.88937,1.95297,0.0,0.0,90.4635,46.3211,0.3548,0.181672,0.0,1,0.0002459791,0.002311573,0.0024685351201703142
KECRAL10_clean,7.14324,5.71599,7.14324,1.04513,2666.2,2551.06,0.0,0.0,0.762,0.729094,0.0,1,0.0022972696,0.0228797913,0.023319787445172532
KEDJAG12_clean,5.63489,4.44582,5.40576,1.06079,3035.28,2861.33,0.0,0.0,0.6926,0.652908,0.0,0,0.0022889275,0.0225597205,0.02316618260609941
KEDJAG16_clean,5.644,4.47445,5.6433,1.05807,3043.8,2876.74,0.0,0.0,0.6942,0.656098,0.0,0,0.0022749462,0.0222201762,0.022890541788910583
KEDJAG18_clean,5.65854,4.50803,5.65314,1.0548,3060.96,2901.94,0.0,0.0,0.6954,0.659272,0.0,0,0.0021990481,0.02300712,0.022587040313597987
KEDJAG24_clean,5.73555,4.60029,5.7012,1.03985,3093.95,2975.36,0.0,0.0,0.6996,0.672786,0.0,0,0.0023788068,0.0227274953,0.023621619445879784
KEDJAG28_clean,5.787,4.68615,5.787,1.03012,3120.56,3029.31,0.0,0.0,0.7,0.67953,0.0,0,0.0023428554,0.0238979243,0.023362966719382323
KEFBII_clean,11.60551,5.69321,11.58639,0.756483,2453.14,3242.83,0.0,0.0,0.7332,0.969223,0.0,1,0.0038619662,0.0373301741,0.038677248397736494
KEFBOO_clean,11.98728,8.05488,11.98728,0.72084,2302.73,3194.5,0.0,0.0,0.7462,1.03518,0.0,1,0.003854387,0.0397608201,0.03885863396974636
KEGZOL01_clean,6.43501,4.94371,6.43501,0.973544,2580.97,2651.11,0.0,0.0,0.724,0.743675,0.0,0,0.0021735115,0.0233443876,0.022586589601521326
KEGZOL04_clean,6.38911,4.90295,6.38911,0.984664,2559.58,2599.45,0.0,0.0,0.7106,0.721667,0.0,0,0.0022788096,0.0223311418,0.023690182319693907
KEGZOL_clean,6.39792,4.91247,6.39792,0.989226,2580.25,2608.35,0.0,0.0,0.72,0.727842,0.0,0,0.0023026507,0.0224145856,0.02349299537315986
KEHFUA_clean,4.97412,3.92327,4.96359,1.11198,578.781,520.497,332.856,299.337,0.5476,0.492456,0.0,1,0.0011079712,0.0104369592,0.011232453190274582
KESGAS_clean,5.62194,5.11595,5.6016,1.12689,1067.74,947.506,0.0,0.0,0.5322,0.472273,0.0,1,0.0011476645,0.0115055596,0.011490653722718602
KEWBUL_clean,5.54329,4.14541,5.54329,1.48949,971.772,652.421,0.0,0.0,0.4996,0.335418,0.0,1,0.0008237531,0.0078889915,0.008220567867863389
KEXPOU_clean,4.06064,2.7409,3.99156,1.33962,0.0,0.0,510.908,381.381,0.4994,0.372791,0.0,1,0.0006726787,0.0066696029,0.00677458394352422
KIBDIJ_clean,4.30909,3.88512,4.30289,2.07432,740.264,356.871,0.0,0.0,0.4854,0.234004,0.0,0,0.0006194307,0.0059207394,0.006150670918419127
KIDDIM_clean,5.26498,3.54235,5.26498,1.46293,1254.88,857.787,0.054983,0.0375841,0.5414,0.370079,0.0,1,0.0011393061,0.0108649771,0.011488096126945525
KIDXUR_clean,4.23852,2.6256,4.23852,1.40108,0.0,0.0,515.784,368.134,0.4964,0.354298,0.0,1,0.000891054,0.0088435817,0.008778086266858514
KIFKEQ_clean,5.10059,4.42412,5.07747,0.933293,1534.27,1643.94,0.0,0.0,0.5798,0.621241,0.0,1,0.0019970049,0.0191369481,0.01974063987689383
KIHTOL01_clean,3.32214,2.70973,3.3076,1.86683,0.0,0.0,0.110773,0.0593375,0.3658,0.195947,0.0,0,0.0001810229,0.0018492521,0.0018227659131534485
KINNIG_clean,5.23856,4.20025,5.23856,0.934994,2808.15,3003.39,0.0,0.0,0.672,0.718721,0.0,0,0.0025676606,0.0260752474,0.02559262071392515
KIPJOK_clean,7.22312,5.53705,7.21754,1.64475,1067.63,649.113,0.0,0.0,0.4574,0.278097,0.0,1,0.0007643029,0.0075839469,0.0076471438123078385
KIPKEB_clean,7.31365,7.00422,7.30257,1.55565,545.263,350.505,9.24741,5.9444,0.4558,0.292997,0.0,1,0.0005280328,0.0054878635,0.005388943567094711
KIRTUC_clean,4.85053,4.15268,4.83508,1.33238,1171.73,879.427,0.0,0.0,0.5362,0.402437,0.0,0,0.001321012,0.0134037713,0.012989579720334538
KITVEQ_clean,6.53651,4.25527,6.53589,1.13006,897.316,794.041,0.0,0.0,0.4944,0.437498,0.0,0,0.0010814543,0.0106361824,0.0106666117293192
KIYQEQ_clean,5.83028,3.92148,5.83028,1.25472,1762.89,1405.01,0.0,0.0,0.5742,0.457633,0.0,1,0.0016750152,0.0157077865,0.016580378085406928
KIYQOA_clean,4.76031,3.94678,4.76031,1.3892,1043.7,751.292,0.0,0.0,0.5312,0.382377,0.0,1,0.0009745817,0.0104281747,0.009695311437820462
KOBRAV_clean,6.35889,3.80128,6.35889,1.36336,826.663,606.343,0.0,0.0,0.4722,0.34635,0.0,1,0.0007217568,0.0069101189,0.007292241459781951
KOHDIW_clean,6.97684,4.55031,6.84951,0.806536,2130.46,2641.49,0.0,0.0,0.6532,0.809883,0.0,1,0.002695762,0.026775886,0.02721884981271354
KOHKOI_clean,9.75224,7.03631,9.74499,0.882485,1556.94,1764.27,99.8155,113.107,0.639,0.724092,0.0,1,0.0026323987,0.0246563024,0.02627428796982433
KOJZUF_clean,5.27662,4.93416,5.27372,1.16508,1131.52,971.191,0.0,0.0,0.5138,0.440998,0.0,1,0.0010549577,0.010324806,0.010718826906994201
KOKSIO_clean,4.16651,3.04137,4.16031,1.2445,0.0,0.0,560.413,450.313,0.5102,0.409965,0.0,1,0.0008891897,0.0086900651,0.008831388957557163
KOLYUH_clean,6.17756,3.26072,6.15317,0.999417,0.0,0.0,999.475,1000.06,0.5466,0.546919,0.0,1,0.0013304567,0.0132523477,0.013416850228881791
KOMHAW_clean,4.30719,2.83423,4.30719,1.67254,0.0,0.0,377.967,225.983,0.4924,0.294402,0.0,1,0.0006205483,0.006058068,0.0062107033114161825
KOPXOE_clean,4.05075,3.0061,3.40988,1.30924,0.0,0.0,84.8013,64.7712,0.432,0.329961,0.0,1,0.0002566406,0.0026558093,0.0026003695703213105
KOQLUZ_clean,5.1448,3.57576,5.11859,3.8283,1063.95,277.916,0.0,0.0,0.4726,0.123449,5.22e-05,1,0.0003072527,0.0030948384,0.0030773076858036054
KOSJUZ_clean,11.10045,9.86004,11.10045,1.1813,1571.58,1330.38,0.0,0.0,0.6394,0.541269,0.0,1,0.0022011047,0.0216388542,0.022116749111728704
KOSKEK_clean,11.20845,9.89743,11.20845,1.17889,1581.37,1341.4,0.0,0.0,0.6412,0.543901,0.0,1,0.0022758993,0.0221998153,0.022740829098364994
KOSKIO_clean,11.01742,9.84741,11.01742,1.18828,1532.31,1289.52,0.0,0.0,0.6324,0.5322,0.0,1,0.0020675424,0.0215177578,0.020586219382982232
KOSKUA_clean,11.38797,10.70957,11.38797,1.17105,1531.31,1307.64,0.0,0.0,0.6356,0.542761,0.0,1,0.0022705569,0.0228017355,0.022517095918032918
KOSMAI_clean,11.0184,9.87166,11.0184,1.18797,1537.56,1294.27,0.0,0.0,0.6322,0.532166,0.0,1,0.0021939814,0.021202551,0.021894479425971905
KUDWAJ_clean,7.33926,6.28305,7.32227,0.91185,1922.64,2108.5,0.0,0.0,0.6474,0.709985,0.0,1,0.002338196,0.0235838035,0.023176573395205558
KUFVAK_clean,6.38663,4.81205,6.34996,0.850503,2611.85,3070.95,0.0,0.0,0.6758,0.794589,0.0,1,0.0031147951,0.0310954041,0.03152406683200408
KUFVEO_clean,4.96195,3.39873,4.94972,1.1582,1396.85,1206.05,0.0,0.0,0.5244,0.452772,0.0,1,0.0014668016,0.0138097451,0.014525559400681131
KUJMIN_clean,6.57892,5.89807,6.49701,1.10785,2422.79,2186.93,0.0,0.0,0.699,0.630954,0.0,1,0.0023627163,0.0236091861,0.023316113789407792
KUJNOT_clean,8.23736,6.10049,8.23736,1.05875,1568.61,1481.57,0.0,0.0,0.6114,0.577473,0.0,1,0.0018179902,0.0186106298,0.01835905637912978
KUKZOH_clean,7.44729,5.70388,7.44729,0.883784,2165.19,2449.91,57.8203,65.4236,0.6614,0.748373,0.0,1,0.0025676273,0.0259820049,0.025860666314292995
KULLEK_clean,9.57077,7.08727,9.56435,0.806267,1675.18,2077.7,0.0,0.0,0.6472,0.802712,0.0,1,0.0026178642,0.0261380813,0.02620524650279094
KUMGIK_clean,4.46757,3.79797,4.46575,1.34004,1684.26,1256.87,0.0,0.0,0.5592,0.417301,0.0,0,0.0014181367,0.0136876503,0.013921153057669462
KUNMUD_clean,4.95062,4.13329,4.94762,1.10605,938.168,848.212,43.6274,39.4442,0.5178,0.468151,0.0,0,0.0011019619,0.0110091239,0.01095583864970043
KUNRAO_clean,5.17272,3.17773,5.17272,1.2255,0.0,0.0,1092.63,891.578,0.57,0.465115,0.0,1,0.0012976453,0.0130659465,0.012965192602301185
KUSZED_clean,6.91176,5.48765,6.90468,1.05966,2714.41,2561.59,0.0,0.0,0.7606,0.717779,0.0,1,0.002199843,0.0225598481,0.02231789308799196
KUZZAI_clean,6.29773,3.71971,6.29294,1.09675,1370.58,1249.67,0.0,0.0,0.5312,0.48434,0.0,1,0.0014115325,0.0138620802,0.014203218891366621
la4012839_si_002_auto,13.36908,6.74856,13.36908,0.867921,2110.92,2432.16,0.0,0.0,0.7182,0.827495,0.0,1,0.003154,0.0321773301,0.031737393803327046
LABJUV_clean,5.11712,3.55603,5.11324,2.35598,595.818,252.896,0.0,0.0,0.4426,0.187862,0.0,1,0.0003019095,0.0029568455,0.003093413637567268
LAFFEG02_clean,5.85231,3.84033,5.85188,1.01925,1457.17,1429.65,0.0,0.0,0.5954,0.584153,0.0,1,0.0017560916,0.0160811892,0.017507108791678532
LAFQOA_clean,12.74838,4.90662,12.74647,0.732143,1873.63,2559.11,0.0,0.0,0.6698,0.914849,0.0,0,0.0032788932,0.0329615061,0.03284812896603388
LAGNUE_clean,5.28866,4.84747,5.2531,1.29946,1308.25,1006.77,0.0,0.0,0.533,0.410171,0.0,1,0.001235199,0.0130835757,0.012360843442238489
LAGQER_clean,4.88781,3.95017,4.78327,1.29203,1761.41,1363.29,0.0,0.0,0.6026,0.466399,0.0,1,0.0014733959,0.0150421813,0.014512573789401328
LAGQOB_clean,4.89671,3.9272,4.87864,1.32887,1753.02,1319.17,0.0,0.0,0.599,0.450758,0.0,1,0.0014551329,0.0143309948,0.014361410447271359
LAGTIY_clean,8.49333,5.93464,8.49333,1.13024,2517.32,2227.25,0.0,0.0,0.7308,0.646591,0.0,1,0.0025493198,0.0249440538,0.025168314003312892
LAHYOL_clean,4.91604,3.64149,4.71388,1.41984,853.074,600.823,0.0,0.0,0.4516,0.318063,0.0,1,0.0008147161,0.0081692054,0.008057477753785472
LAKFIN_clean,8.38907,7.72449,8.38907,1.20127,2069.83,1723.03,0.0,0.0,0.6742,0.561239,0.0,0,0.0018116966,0.0184836508,0.018200374093488472
LAMHAI_clean,5.00396,3.88434,5.00066,1.56799,698.006,445.161,0.0,0.0,0.506,0.322707,0.0,1,0.000470979,0.0047282146,0.004783417377679311
LAQZOV_clean,6.50752,5.08332,6.49522,1.09349,2330.32,2131.09,0.0,0.0,0.645,0.589856,0.0,1,0.002150357,0.0210902901,0.021488449105793287
LASRAB_clean,10.22208,8.47748,10.22208,0.840267,2115.15,2517.24,0.0,0.0,0.7808,0.929228,0.0,1,0.0034372914,0.0339071372,0.03403182895740594
LASREF_clean,11.04017,10.09881,11.0096,0.804882,1997.85,2482.17,0.0,0.0,0.781,0.970328,0.0,1,0.0036257837,0.0365725408,0.03641995629551246
LASWIN_clean,4.48241,3.82945,4.48241,1.26627,817.741,645.786,0.0,0.0,0.4948,0.390753,0.0,1,0.0011676328,0.011787615,0.01131145644265112
LAVTEJ_clean,6.93182,6.57314,6.93182,1.58977,1549.61,974.742,0.0,0.0,0.5672,0.356782,0.0,0,0.0013696636,0.01367409,0.013293372051250982
LAVTUZ_clean,6.84748,6.45021,6.84748,1.66996,1548.02,926.977,0.0,0.0,0.5682,0.340247,0.0,0,0.0013536161,0.013485013,0.013201072862906157
LAXGOH03_clean,3.45581,2.63965,3.44857,2.00531,0.0,0.0,23.6484,11.7929,0.4998,0.249239,0.0,1,0.0005315394,0.0053965132,0.005314580711504512
LAZXOB_clean,9.34691,6.36719,9.34691,1.04439,1784.83,1708.97,0.0,0.0,0.6322,0.605329,0.0,1,0.0019944858,0.0204196245,0.02006164188466426
LECFEG_clean,9.36969,4.36946,9.36969,0.882661,2218.78,2513.74,0.0,0.0,0.708,0.80212,0.0,1,0.0030717493,0.0299166464,0.029831401290098973
LECGEH_clean,4.6023,3.38182,4.58013,1.08823,903.939,830.653,0.0,0.0,0.5422,0.498241,0.0,1,0.0012340604,0.0125477,0.012368072338057944
LEDLEN_clean,8.11845,6.60905,8.11698,0.914085,1985.25,2171.84,0.0,0.0,0.6552,0.716782,0.0,1,0.002426974,0.0235041867,0.0241578598014094
LEGGIO_clean,5.18429,3.8135,5.15632,1.17196,1806.33,1541.29,0.0,0.0,0.5938,0.506672,0.0,1,0.001533731,0.0155725252,0.015367259344842657
LEMNOH_clean,4.05561,3.09524,4.05434,1.19418,0.0,0.0,699.34,585.624,0.4786,0.400777,0.0,0,0.0011434382,0.0104144133,0.011374722618592438
LEMVOP_clean,5.28106,3.76828,5.22671,1.49221,559.092,374.674,165.129,110.661,0.47,0.314969,0.0,0,0.0005504264,0.0055718772,0.005490584577210754
LEPLAV_clean,5.24767,2.93049,5.24767,1.69706,0.0,0.0,535.21,315.375,0.446,0.262807,0.0,1,0.0005436526,0.0058940309,0.005504186788521572
LEPLEZ_clean,3.3571,2.85638,3.34545,2.15638,0.0,0.0,0.0,0.0,0.4592,0.21295,0.0,1,0.0002277168,0.002168459,0.0023740120057082524
LEQQAA_clean,5.52925,4.85253,5.5277,0.807375,2409.06,2983.81,0.0,0.0,0.6688,0.828364,0.0,1,0.0027694274,0.0266717159,0.028024188825799805
LETQEI_clean,25.68935,25.43895,25.68935,0.814849,1230.83,1510.5,0.0,0.0,0.8076,0.991104,0.0,1,0.0034366807,0.0345022009,0.03446048477523179
LEVNOQ01_clean,5.76478,3.88293,5.76079,0.975082,1366.72,1401.64,0.0,0.0,0.5706,0.585182,0.0,1,0.0019587861,0.0186094442,0.019338641805089755
LEVNOQ_clean,5.91307,3.93225,5.91307,0.947393,1555.93,1642.33,0.0,0.0,0.5826,0.614951,0.0,1,0.0019879064,0.0199508928,0.01949018844623201
LEVPAF_clean,9.99333,8.10197,9.99333,0.81142,1805.64,2225.28,0.0,0.0,0.6764,0.833601,0.0,1,0.0025846706,0.0255825039,0.026419053078782756
LEWMUX_clean,9.4187,3.8157,9.4187,1.15388,1572.68,1362.95,0.0,0.0,0.5946,0.515306,0.0,1,0.0018011409,0.0166231488,0.018015035707490485
LIBJAJ_clean,3.31921,2.8984,3.31793,1.26255,0.0,0.0,0.0,0.0,0.4284,0.339313,0.0,1,0.0004719288,0.0041451707,0.004482130937692705
LIBZIG_clean,5.90138,4.68963,5.90138,1.54375,1825.0,1182.18,0.0,0.0,0.5888,0.381408,0.0,1,0.0013018685,0.0129709881,0.013135187334785905
LICSUM_clean,3.55956,2.75719,3.47205,1.39208,0.0,0.0,38.9767,27.999,0.423,0.303863,0.0,1,0.0004298736,0.0043733425,0.0042657524769613275
LIFSEA_clean,5.51731,3.61848,5.51731,1.29733,1177.02,907.264,0.0,0.0,0.5102,0.393268,0.0,0,0.0009434335,0.0097994252,0.00952190993038943
LIPQIL_clean,11.64628,2.646,11.64628,0.906314,0.0,0.0,1527.33,1685.21,0.6752,0.744996,0.0,1,0.0022635052,0.022561176,0.02245949428123447
LIPRAE_clean,11.56984,2.6307,10.76126,0.908142,0.0,0.0,1499.86,1651.57,0.6714,0.739311,0.0,1,0.00224655,0.022654429,0.02238940946494569
LIQJEC_clean,8.59986,6.07561,8.59986,1.33584,1720.59,1288.03,0.0,0.0,0.6236,0.466823,0.0,0,0.0014891199,0.0147509764,0.01482064339229004
LIRNOR_clean,5.98787,3.62357,5.98787,1.13373,1270.63,1120.75,0.0,0.0,0.5214,0.459897,0.0,0,0.0013207728,0.0130382939,0.013293769896126796
LITCIC_clean,7.20254,4.1628,7.20254,0.886931,1974.54,2226.26,0.0,0.0,0.6382,0.71956,0.0,1,0.0024078598,0.0234766334,0.02412384496724926
LIVREP_clean,4.23694,3.14306,4.16749,1.35093,0.0,0.0,334.25,247.422,0.4768,0.352942,0.0,1,0.0007899993,0.0080990733,0.00787158601577318
LIVWAQ_clean,5.90832,4.03567,5.90832,1.60342,1467.86,915.456,0.0,0.0,0.615,0.383556,0.0,0,0.0011039354,0.0119192746,0.011036604817658108
LIWVIY_clean,5.89138,4.8352,5.89138,1.26516,1787.77,1413.07,0.0,0.0,0.6376,0.503967,0.0,1,0.0014617709,0.0148741598,0.014769086456102375
LIXXAS_clean,6.60705,5.3683,6.60705,1.11648,2145.98,1922.1,0.0,0.0,0.6524,0.584335,0.0,1,0.0019799877,0.0208342609,0.019807000086992724
LOBHAM_clean,7.0104,5.91491,7.0104,1.01758,1770.03,1739.45,0.0,0.0,0.6232,0.612433,0.0,0,0.0019931039,0.019561516,0.020112656931999536
LOFZUB_clean,8.36948,3.5655,8.36948,1.45872,1389.79,952.749,0.0,0.0,0.549,0.376358,0.0,0,0.0019389313,0.0135184249,0.014322475868880611
LOGBEO_clean,8.32475,3.5444,8.32475,1.47637,1351.58,915.479,0.0,0.0,0.5444,0.368742,0.0,0,0.0019659795,0.0128863503,0.014223721843619521
LOJFOF_clean,5.76837,5.02994,5.76476,1.16037,1095.67,944.242,0.0,0.0,0.472,0.406768,0.0,1,0.0011261253,0.0109977296,0.011136952618917902
LOJFUL_clean,11.50657,8.6404,11.49116,0.609882,1949.87,3197.13,64.2093,105.281,0.7292,1.19564,0.0,1,0.0042428271,0.04436493,0.042400024496144384
LOJNAA_clean,4.81582,2.75514,4.78314,1.60964,0.0,0.0,427.026,265.292,0.4538,0.281926,0.0,1,0.0004646865,0.0045585501,0.004639250180454556
LOLREL_clean,8.50343,6.96426,8.50343,1.36486,1470.9,1077.7,0.0,0.0,0.5994,0.439167,0.0,1,0.0014360921,0.0143895472,0.014225913843836582
LOMLOQ_clean,6.7486,3.80235,6.29526,1.47019,2203.5,1498.78,0.0,0.0,0.646,0.439399,0.0,0,0.0016254292,0.0163073224,0.015939358888486323
LONVAN_clean,10.90817,9.80221,10.908,1.08454,1586.63,1462.95,0.0,0.0,0.6414,0.591401,0.0,1,0.0023072878,0.0229427596,0.023214082788206008
LOXBEH_clean,11.66545,8.26406,11.65056,1.01014,1491.41,1476.44,0.0,0.0,0.6388,0.632385,0.0,1,0.0021307447,0.0201310999,0.02124435034965628
LOXKAM_clean,14.55985,13.78223,14.55985,0.784824,1498.1,1908.83,0.0,0.0,0.661,0.842227,0.0,1,0.0028217944,0.0289655991,0.02814439930466136
LOXWEC_clean,7.26238,6.47995,7.26238,1.2744,1043.86,819.095,0.0,0.0,0.5004,0.392655,0.0,0,0.0009309234,0.0092999369,0.00912471458173899
LOZSAW02_clean,4.27216,2.64931,4.20411,1.02738,0.0,0.0,627.135,610.42,0.5042,0.490762,0.0,0,0.001061603,0.0103803455,0.010584653714337543
LUCDAO_clean,8.53408,6.05824,8.194,0.856034,2292.36,2677.89,0.0,0.0,0.7178,0.838519,0.0,1,0.0030347288,0.0309694982,0.030540000009572372
LUCDIW_clean,8.52461,6.17272,8.52461,0.822543,2288.73,2782.5,0.0,0.0,0.7208,0.876306,0.0,1,0.003303317,0.0318852402,0.0327583285396059
LUDCUK_clean,6.13722,3.87042,6.049,1.49949,788.964,526.155,0.0,0.0,0.4632,0.308905,0.0,1,0.0008591235,0.0084786321,0.008409985316939343
LUDLAZ_clean,6.64156,4.20343,6.64156,1.63514,826.484,505.451,0.0,0.0,0.421,0.25747,0.0,1,0.00091305,0.0091942329,0.008792549302739821
LUDLED_clean,13.17739,6.65728,13.17739,0.881906,2096.4,2377.12,0.0,0.0,0.7118,0.807115,0.0,1,0.0031237246,0.031582751,0.031501678229688135
LUFBUL_clean,4.96727,4.63026,4.96727,1.29284,870.275,673.148,0.0,0.0,0.4736,0.366324,0.0,1,0.000974083,0.0092924679,0.009368122761104991
LUFNAC_clean,7.52412,5.6534,7.51131,1.03145,1483.45,1438.22,0.0,0.0,0.562,0.544864,0.0,1,0.0018963929,0.0193312479,0.018620071209633385
LUJBAV_clean,4.98599,3.44797,4.98599,1.46601,380.372,259.461,0.0,0.0,0.3928,0.267938,0.0,1,0.0004128786,0.0042161262,0.004091988736246579
LUKRIS_clean,5.16354,4.10534,5.03617,1.38895,415.25,298.967,0.0,0.0,0.404,0.290867,0.0,1,0.0004766349,0.0043158824,0.0047834266631342276
LUMYID_clean,5.94433,4.56717,5.90149,1.30513,1995.48,1528.95,0.0,0.0,0.6194,0.474589,0.0,1,0.0015917579,0.0161905883,0.015853211549290792
LUMYOJ_clean,5.98976,4.51852,5.98976,1.3118,1973.17,1504.17,0.0,0.0,0.6186,0.471565,0.0,1,0.0016141095,0.0158138031,0.01583320173233287
LUNBAX_clean,5.92168,4.6498,5.91414,1.91328,2588.47,1352.9,0.0,0.0,0.676,0.353321,0.0,1,0.0011180694,0.0108638385,0.011162704958205295
LUNWEW_clean,5.21025,3.12517,5.06871,1.32697,0.0,0.0,1025.22,772.605,0.5554,0.418548,0.0,1,0.000955812,0.0096437821,0.009673305054447015
LUPYAX_clean,7.54991,6.34934,7.53102,1.01424,2199.81,2168.93,0.0,0.0,0.6806,0.671046,0.0,1,0.0023026067,0.0234096534,0.023027251742824138
LUQGAG_clean,6.95292,4.98162,6.95292,1.09152,1536.81,1407.96,0.0,0.0,0.5428,0.497289,0.0,0,0.0015460123,0.0152924597,0.015526949569067925
LURLOB_clean,7.37662,6.99185,7.37662,1.00469,1747.18,1739.02,0.0,0.0,0.6396,0.636613,0.0,0,0.0022223581,0.021990218,0.021852312018532057
LUSHIR_clean,5.64907,5.07129,5.64636,1.2313,1163.45,944.9,0.0,0.0,0.5004,0.406401,0.0,0,0.0012241406,0.0116441208,0.012170502469953638
LUSJOZ_clean,6.14785,5.47386,6.14779,1.1794,1250.19,1060.02,0.0,0.0,0.5326,0.451584,0.0,0,0.0013793758,0.0133191829,0.013996568981907738
LUTSEA_clean,4.56432,3.41314,4.56432,1.75016,669.342,382.447,0.0,0.0,0.5022,0.286946,0.0,1,0.0005948511,0.0060247469,0.006019025968908494
LUWMOH_clean,6.36296,4.2806,6.36272,1.20693,1999.45,1656.65,0.0,0.0,0.5984,0.495805,0.0,1,0.0018751373,0.0183597682,0.018589018725679737
LUXDUE_clean,13.68943,4.23916,13.68943,1.04302,1835.8,1760.08,13.4841,12.9279,0.692,0.663456,0.0,1,0.0023875209,0.0238042532,0.023627200738479237
MABJUV_clean,4.72309,3.67608,4.72309,1.52978,599.848,392.114,0.0,0.0,0.4106,0.268405,0.0,0,0.0003935585,0.0039790297,0.004022916984733359
MAFLUD_clean,5.38373,3.98212,5.36788,1.15006,1774.93,1543.34,0.0,0.0,0.592,0.514756,0.0,1,0.0016420964,0.016418861,0.016503545658751253
MAGBAZ_clean,7.74379,4.25931,7.73545,0.9596,2206.02,2298.89,0.0,0.0,0.666,0.694039,0.0,0,0.0024458949,0.0245402534,0.024324072494485798
MAGVOG05_clean,3.52966,3.02857,3.52966,1.83271,0.0,0.0,56.6181,30.893,0.5176,0.282423,0.0,1,0.0001791582,0.0020920171,0.0018964108707988485
MAGVOG19_clean,3.8036,3.08426,3.8036,1.77767,0.0,0.0,234.303,131.804,0.536,0.301518,0.0,1,0.0002629492,0.0027865998,0.0026516934711949018
MAGVOG23_clean,3.54406,2.98963,3.54406,1.81212,0.0,0.0,70.7465,39.0406,0.5232,0.288722,0.0,1,0.000178607,0.0019977523,0.0019108570973377528
MAGVOG34_clean,3.72938,3.07015,3.72938,1.78345,0.0,0.0,180.72,101.332,0.533,0.298858,0.0,1,0.0002530266,0.0026245305,0.0025651635606173256
MALWOM_clean,4.33227,3.16942,4.27766,1.77992,0.0,0.0,715.294,401.869,0.5544,0.311475,0.0,0,0.0008407851,0.0089899348,0.008259023446687835
MAQRAA_clean,6.97366,6.05295,6.96579,1.20561,1541.67,1278.75,0.0,0.0,0.5886,0.488218,0.0,1,0.0016403587,0.0168778648,0.016550864633445225
MARPOL_clean,5.59699,4.85089,5.59699,1.22385,769.975,629.142,0.0,0.0,0.4788,0.391224,0.0,0,0.000617852,0.0060059665,0.006376547662551261
MASZUD_clean,6.16395,3.77069,6.1156,1.46962,1165.3,792.926,0.0,0.0,0.5354,0.364312,0.0,1,0.0008783402,0.0091739685,0.008987128915147975
MATPUV_clean,8.96945,4.59437,8.96945,1.16708,1604.04,1374.41,0.0,0.0,0.584,0.500396,0.0,1,0.0017064712,0.0171336395,0.017136259149557027
MAVFEV01_clean,4.92643,4.38387,4.92643,1.57725,2265.97,1436.66,0.0,0.0,0.6254,0.396513,0.0,1,0.0013041905,0.0131717599,0.013266143161909032
MAVNUU_manual,7.52328,6.25675,7.49475,1.00896,1346.7,1334.73,0.0,0.0,0.5494,0.544519,0.0,1,0.001650811,0.0170274678,0.01653771178841134
MAXHOJ02_clean,7.99097,7.97883,7.99097,2.29999,841.343,365.803,0.0,0.0,0.4922,0.214001,0.0,1,0.000425568,0.0041310592,0.00422517453819492
MAYJOM_clean,6.51956,6.14293,6.51763,1.25239,1627.1,1299.19,0.0,0.0,0.6236,0.497928,0.0,0,0.0017652044,0.0173123804,0.017595984286803645
MAZSUD_clean,5.33307,3.93087,5.33307,1.15662,1798.05,1554.58,0.0,0.0,0.618,0.534316,0.0,0,0.0016883526,0.0162864,0.01691674733910853
MECVUM_clean,10.76139,2.6588,10.76139,1.14587,0.0,0.0,1790.65,1562.7,0.693,0.604779,0.0,0,0.0021578637,0.0218541938,0.021463196782104507
MEFYUT_clean,5.77585,4.33422,5.56399,1.19211,1979.16,1660.22,0.0,0.0,0.6036,0.506331,0.0,1,0.0016607514,0.0158862752,0.016921387593883744
MEFZUU_manual,9.38956,5.60914,9.2442,0.843227,2246.05,2663.63,0.0,0.0,0.685,0.812356,0.0,1,0.0029055966,0.0288543612,0.028851182574605425
MEGFIN_clean,12.26016,8.11803,12.26013,0.845073,1643.38,1944.66,0.0,0.0,0.644,0.762064,0.0,1,0.0024931083,0.0241926371,0.025620981383340263
MEKBAH_clean,5.23285,3.40673,4.67793,1.83571,402.852,219.453,27.5563,15.0113,0.421,0.229339,0.0,1,0.0004102041,0.0039101714,0.004050505549518332
MEXDAU01_clean,4.5761,2.91188,4.55805,1.87887,0.0,0.0,615.485,327.583,0.534,0.284214,0.0,0,0.0007761209,0.0080346058,0.007737511205195462
MEXDEY_clean,5.3901,4.95385,5.37594,2.70285,794.745,294.04,0.0,0.0,0.4526,0.167453,0.0,1,0.0004558646,0.004491257,0.004523495887381929
MEXJAC_clean,6.51326,4.65771,6.51326,1.72938,2369.14,1369.94,0.0,0.0,0.6388,0.369382,0.0,1,0.0012178259,0.0138190302,0.012290329982308537
MIDCAF_clean,11.10741,9.8382,11.10741,0.853326,1614.16,1891.61,0.0,0.0,0.6702,0.785397,0.0,1,0.0026173574,0.0257104902,0.026272828190731876
MIFGEP01_clean,5.99775,4.93271,5.97758,1.0207,1831.3,1794.17,0.0,0.0,0.5916,0.579605,0.0,1,0.0018796197,0.0183213011,0.018662694158391033
MIFROK_clean,6.3068,5.74769,6.3068,1.44498,561.702,388.727,79.3873,54.9401,0.4722,0.326787,0.0,1,0.0005282164,0.0058422967,0.005421109014508761
MIFSUR_clean,6.18293,5.67653,6.18293,1.48492,554.322,373.301,73.2038,49.2981,0.4504,0.303316,0.0,1,0.0005223547,0.0056414312,0.005229109571241854
MIHLEV_clean,5.70252,3.69982,5.70252,1.38172,844.284,611.037,0.0,0.0,0.4754,0.344063,0.0,1,0.0007318497,0.0076619446,0.007349628981272796
MIJYEK_clean,5.3671,3.22254,5.3671,2.49312,0.0,0.0,656.728,263.416,0.4186,0.167902,0.0,1,0.0003909285,0.0041074919,0.003889730485711449
MINVOU_clean,6.55346,6.27139,6.55346,1.05162,1583.28,1505.56,0.0,0.0,0.6148,0.584624,0.0,0,0.0019821345,0.0189243622,0.019520896989146563
MINVUA_SL,6.89591,6.55778,6.89591,1.0419,1723.91,1654.59,0.0,0.0,0.5992,0.575105,0.0,0,0.0019339214,0.0193910496,0.01901377968027978
MISQIQ01_clean,4.23793,4.07504,4.23793,2.08281,569.533,273.444,0.0,0.0,0.3922,0.188303,0.0,0,0.0008322799,0.0044367317,0.005894605729401301
MISQIQ05_clean,4.23899,4.07961,4.23899,2.08153,552.922,265.632,0.0,0.0,0.3806,0.182846,0.0,0,0.0008171933,0.0043650701,0.006121500663865794
MISQIQ06_clean,4.2381,4.07519,4.2381,2.08503,537.998,258.029,0.0,0.0,0.3768,0.180717,0.0,0,0.0007832483,0.0043499834,0.00613696413253553
MISQIQ07_clean,4.23855,4.07782,4.23855,2.08216,622.195,298.822,0.0,0.0,0.3756,0.18039,0.0,0,0.0004224261,0.0042544347,0.003919196758148346
MITGUR01_clean,3.70587,2.68143,3.6977,2.08145,0.0,0.0,96.462,46.3437,0.4106,0.197267,0.0,1,0.000316271,0.0032452715,0.003118751912369919
MITGUR_clean,3.70985,2.69818,3.70985,2.07542,0.0,0.0,120.602,58.1097,0.4172,0.20102,0.0,1,0.0003768952,0.0038377106,0.003672384857277051
MIXYID_clean,6.97459,5.00942,6.97459,0.914112,2019.19,2208.91,0.0,0.0,0.6354,0.695101,0.0,0,0.0024063168,0.0235397164,0.02414341935186882
MOCKEV_clean,10.91306,6.61562,10.91306,0.767829,2301.91,2997.95,0.0,0.0,0.734,0.955943,0.0,1,0.0036141918,0.0376438673,0.036096714536315806
MODDEP_clean,3.3093,2.69903,3.29378,1.96959,0.0,0.0,0.0,0.0,0.3568,0.181154,0.0,1,0.0001879698,0.0017951114,0.0018374882175683585
MOFKUO_clean,10.06674,5.89372,10.02896,0.775285,1690.92,2181.03,0.0,0.0,0.666,0.859039,0.0,1,0.0024833209,0.0248022067,0.025145374886115363
MOVHEM_clean,4.78648,3.65733,4.78648,1.31907,1696.72,1286.3,0.0,0.0,0.5664,0.429393,0.0,1,0.0013417131,0.0142477822,0.013561660467821446
MOXPUL_clean,12.29446,11.95813,12.29446,0.744524,1605.86,2156.89,0.0,0.0,0.6934,0.931333,0.0,0,0.0029301117,0.0293704958,0.02941498191134394
MUFJAZ01_clean,3.39058,2.67319,3.38356,2.13517,0.0,0.0,0.930625,0.435856,0.42,0.196706,0.0,1,0.0002934811,0.0025676807,0.00291717233124352
MUFXUI_clean,6.32175,3.7026,6.31403,1.91517,995.288,519.687,0.0,0.0,0.5032,0.262744,0.0,1,0.0008194234,0.0079929329,0.008113983349454769
MUGHED_clean,6.89695,5.88693,6.88053,1.44086,1384.56,960.922,0.0,0.0,0.5716,0.396706,0.0,0,0.0013059878,0.0131176992,0.012993497753812502
MUGQAI_clean,4.49067,3.71104,4.4722,1.86928,279.265,149.397,0.0,0.0,0.3624,0.193872,0.0,1,0.0003072138,0.0029630455,0.0030602675825784427
MUHNAG_clean,5.2054,3.59701,5.17347,1.40338,910.102,648.507,0.0,0.0,0.4596,0.327495,0.0,0,0.0008018569,0.0086751114,0.008004410248324715
MUMYAW_clean,5.93329,4.12111,5.93329,1.25624,296.676,236.162,0.0,0.0,0.4254,0.338629,0.0,0,0.0002495068,0.0027273015,0.0025554897618503894
MUNDOQ_clean,14.169,13.34985,14.06749,0.845802,2182.1,2579.91,0.0,0.0,0.7752,0.916526,0.0,1,0.0033952828,0.0337682424,0.03387706292798736
MUNLUE_clean,8.36355,6.76783,8.36355,1.33052,1528.86,1149.07,0.0,0.0,0.5564,0.418184,0.0,0,0.00150032,0.0145083929,0.015037782781474123
MUNNUF_clean,7.33223,5.00492,7.33223,0.937356,1880.0,2005.64,0.0,0.0,0.6136,0.654607,0.0,1,0.0022076621,0.0222042331,0.022066749131469852
MUPQAQ_clean,6.98761,3.18126,6.98761,1.58684,0.0,0.0,859.497,541.641,0.4958,0.312445,0.0,1,0.0006150582,0.0062536041,0.0061786671631509716
MUPTAU_clean,4.1653,3.49014,4.1653,1.2541,633.589,505.216,0.0,0.0,0.52,0.414641,0.0,0,0.0008361626,0.0086599555,0.008385012415036629
MUPYOM_clean,4.51519,3.0591,4.12395,1.78678,0.0,0.0,761.763,426.332,0.5562,0.311285,0.0,1,0.0005700089,0.0058794689,0.005807102820668267
MURFIQ_clean,7.24055,5.2237,7.22777,1.12426,739.654,657.9,0.0,0.0,0.487,0.433172,0.0,0,0.0006348741,0.0068057682,0.006401231182107218
MUSCAG_clean,5.66812,5.1578,5.66812,1.35058,1261.14,933.776,0.0,0.0,0.5436,0.402493,0.0,1,0.0009393342,0.0093226299,0.009601949723702404
MUTDEM_clean,7.7486,3.51419,7.7486,0.965915,1652.66,1710.98,19.3,19.9811,0.6184,0.640222,0.0,1,0.0019412014,0.0198040434,0.019295671052575892
MUTNAQ_clean,4.57844,2.9184,4.56708,1.44096,0.0,0.0,465.48,323.035,0.471,0.326866,0.0,0,0.0004815836,0.0053191128,0.004958053143923356
MUVMOG_clean,4.22005,3.96612,4.21245,1.88412,1523.37,808.528,0.0,0.0,0.519,0.27546,0.0,1,0.001268116,0.0125001568,0.012082111660366041
NABMUA01_clean,6.23732,6.06718,6.23732,1.12213,1424.12,1269.12,0.0,0.0,0.5374,0.47891,0.0,1,0.0019089659,0.0190701122,0.0179744603232333
NADNEM_clean,6.17658,3.63409,6.12044,1.11816,999.382,893.777,0.0,0.0,0.5212,0.466125,0.0,0,0.0011456788,0.0114374521,0.011530497480110645
NAGCAB_clean,7.89572,6.99253,7.70374,1.77084,1845.07,1041.92,0.0,0.0,0.6216,0.35102,0.0,1,0.0012339963,0.0122366832,0.012440997522977906
NAGQET_clean,6.32737,4.10631,6.32737,1.16822,1034.31,885.371,0.0,0.0,0.4844,0.414648,0.0,0,0.0008898094,0.0095292384,0.00913403216588293
NAHDIM_clean,9.95042,3.2912,9.94964,0.879702,0.0,0.0,1238.92,1408.34,0.5938,0.675001,0.0,1,0.001695474,0.0174882824,0.016877512108581044
NAHFIO_clean,5.2589,3.87482,5.25696,1.10135,1180.95,1072.27,0.0,0.0,0.523,0.474873,0.0,0,0.001045685,0.0101393342,0.01075092690728074
NALYEG_clean,13.12266,12.88152,13.12266,1.5741,1371.05,871.007,0.0,0.0,0.6462,0.41052,0.0,1,0.0016309804,0.0155467269,0.015582915360884537
NANNEY_clean,4.84708,2.74228,4.48751,1.29059,0.0,0.0,356.384,276.14,0.4166,0.322798,0.0,0,0.0004594012,0.0048864447,0.004537042041903294
NAPZUB_clean,4.37202,3.24993,4.37202,1.55327,0.0,0.0,504.356,324.706,0.5168,0.332717,0.0,1,0.0007116448,0.0063832927,0.007098837512884132
NAQLAT_clean,6.1178,3.53855,6.08833,1.24225,1087.35,875.308,0.0,0.0,0.5306,0.427128,0.0,1,0.0012313755,0.0120631648,0.012358076142346023
NAQQUT_clean,9.01357,4.32605,9.01322,1.00423,2256.36,2246.85,0.0,0.0,0.7102,0.707207,0.0,1,0.0024541851,0.0242604568,0.02422685075361617
NAQREE_clean,8.85655,4.22407,8.85397,1.08196,2247.94,2077.65,0.0,0.0,0.7126,0.658619,0.0,1,0.0022693303,0.0221278195,0.022462765117892015
NARNIG_clean,3.7044,3.30001,3.70047,2.34187,0.0,0.0,105.53,45.0623,0.3758,0.16047,0.0,1,0.0002285724,0.0022278693,0.002374341648987218
NATFAS_clean,6.53453,3.93626,6.37422,1.34798,1587.17,1177.44,0.0,0.0,0.564,0.418403,0.0,0,0.0015289305,0.0152590199,0.0150764347659723
NATHOH_ion_b,5.49353,3.97352,5.49353,2.17321,1195.36,550.044,0.0,0.0,0.4624,0.212773,0.0,1,0.000535977,0.0054199313,0.005442335579480713
NATHUO_clean,7.56745,6.68911,7.56745,1.07613,1712.53,1591.37,0.0,0.0,0.6018,0.559224,0.0,1,0.0017319209,0.0171653705,0.017247189217158183
NAVCAO_clean,5.32066,2.64099,5.30974,1.93236,0.0,0.0,586.019,303.266,0.45,0.232876,0.0,1,0.0005973513,0.0064144898,0.005971866108077958
NAVJAW01_clean,11.39615,10.64646,11.39615,1.17113,1550.28,1323.75,0.0,0.0,0.633,0.540502,0.0,1,0.002229598,0.02165132,0.022135476488479116
ncomms11831_ncomms11831-s3_clean,4.53044,4.08038,4.52326,1.56068,421.065,269.795,0.0,0.0,0.3414,0.21875,0.0,0,0.0004537494,0.0047220196,0.004500275394921257
NECZAY_clean,4.68391,2.82081,4.55068,1.48371,0.0,0.0,545.372,367.574,0.4714,0.317717,0.0,0,0.0008756709,0.008980882,0.008615191957720683
NEDJAJ_clean,5.22097,2.98806,5.20032,1.83663,0.0,0.0,745.323,405.809,0.4994,0.27191,0.0,1,0.0007181839,0.0067706568,0.007161755119521602
NEGMUI_clean,6.43529,3.57476,6.40936,1.70833,1135.33,664.583,0.0,0.0,0.5116,0.299474,0.0,1,0.0007302977,0.0070581171,0.007315454855313063
NEHMET_clean,4.71483,3.76667,4.71105,1.33401,1622.86,1216.53,0.0,0.0,0.597,0.447522,0.0,0,0.0015468761,0.0147010278,0.015244796678468963
NEHZIK_clean,7.34019,4.77821,7.34019,1.20148,1239.75,1031.85,0.0,0.0,0.5382,0.447947,0.0,1,0.0011662116,0.0111905721,0.011767342001234825
NEJSOM_clean,5.41485,4.53855,5.40953,1.12052,1544.19,1378.11,0.0,0.0,0.5672,0.506195,0.0,0,0.0015162346,0.0146612926,0.015189539519497943
NELVAC_clean,4.82648,4.29457,4.79942,1.65303,931.318,563.4,0.0,0.0,0.5062,0.306225,0.0,0,0.0007666625,0.0078828245,0.007689924540967494
NERMON_clean,5.21245,4.69214,4.9752,1.84917,802.953,434.223,0.0,0.0,0.4356,0.235565,0.0,1,0.0004938338,0.005046679,0.0049883429003581515
NERTAH_clean,4.54882,3.46995,4.4502,1.3343,589.598,441.88,43.1614,32.3477,0.4772,0.357642,0.0,1,0.0007578258,0.0070660523,0.007546974901549656
NETFEY_clean,5.99191,3.34732,5.84787,1.56583,1062.01,678.245,0.0,0.0,0.5366,0.342695,0.0,1,0.0008336072,0.0080240153,0.008398173706115952
NETYIV01_clean,8.07265,7.09602,8.06746,0.782971,2020.36,2580.37,0.0,0.0,0.686,0.87615,0.0,1,0.0028593471,0.0289736159,0.028529135055912393
NEVVAM01_clean,6.94552,5.78544,6.80825,1.42342,1408.53,989.544,0.0,0.0,0.5446,0.3826,0.0,0,0.0013496862,0.0121471759,0.013293222446773244
NEVVEQ_clean,4.80581,3.79614,4.80581,1.56913,728.185,464.069,0.0,0.0,0.453,0.288695,0.0,0,0.0007600387,0.0075979313,0.007457188329310277
NEXVUI_clean,9.07531,8.9508,9.07531,1.35917,693.606,510.314,30.665,22.5615,0.5322,0.391561,0.0,1,0.0009745328,0.0090326103,0.009582275309828194
NEYJIM_clean,8.63602,2.71972,8.63602,1.95132,0.0,0.0,802.829,411.428,0.494,0.253162,0.0,1,0.0004984833,0.0052312098,0.005062053329505195
NEYYUN_clean,4.68454,4.06012,4.68454,1.064,2087.99,1962.4,0.0,0.0,0.6166,0.579512,0.0,1,0.0021989444,0.0224401032,0.02157911146586579
NEYZAU_clean,4.66904,4.09054,4.65339,0.942406,2112.21,2241.29,0.0,0.0,0.6186,0.656405,0.0,1,0.00256566,0.0257220059,0.02485813745713385
NICCAE_clean,4.49529,2.75227,4.4354,1.75349,0.0,0.0,580.072,330.811,0.455,0.259483,0.0,1,0.0009929009,0.0065186504,0.009639769586237908
NIFTIH_clean,4.90975,3.65701,4.90975,1.37616,1012.21,735.536,0.0,0.0,0.5236,0.380479,0.0,1,0.0009888809,0.0095585192,0.00993221046453146
NIGFIT_clean,7.4378,4.64365,7.4378,1.2326,2395.77,1943.66,0.0,0.0,0.659,0.53464,0.0,1,0.0021313246,0.0211926766,0.02122739381207632
NIGFOZ_clean,7.49823,4.6446,7.49513,1.19407,2411.1,2019.23,0.0,0.0,0.6618,0.554241,0.0,1,0.002261427,0.0215954918,0.022262663608499194
NIGNUO_clean,16.88905,3.72632,16.88905,0.773731,1979.77,2558.73,0.0,0.0,0.6948,0.897987,0.0,1,0.0032699931,0.0315894662,0.03259204311297825
NIJTOR_clean,5.13346,3.60858,4.57199,1.35089,285.546,211.376,191.611,141.84,0.4084,0.302318,0.0,1,0.0005775215,0.0056108318,0.005754696165473271
NIJZIP01_clean,8.50827,7.36867,8.50827,1.45663,1110.96,762.692,3.7965,2.60636,0.5674,0.38953,0.0,1,0.00090933,0.0086722227,0.009106006242296705
NIJZIP_clean,9.04941,7.56212,9.04941,1.42787,1214.86,850.82,0.0,0.0,0.5802,0.406339,0.0,1,0.0009937733,0.0105339984,0.010061183867026533
NIKDAM_clean,7.96983,7.14498,7.96983,0.958363,1366.23,1425.59,0.0,0.0,0.6056,0.631911,0.0,1,0.0019771991,0.018550266,0.019716162940756492
NIKJIB_clean,7.23675,3.61132,7.23452,1.15081,1184.22,1029.04,0.0,0.0,0.5324,0.462633,0.0,1,0.001258333,0.0119333741,0.012558777024738897
NIKYOW02_clean,4.72463,3.68194,4.72463,1.75151,766.584,437.671,0.0,0.0,0.4498,0.256808,0.0,0,0.0005696586,0.005642635,0.00576190011182377
NIKZAJ01_clean,4.60883,3.61545,4.57384,1.79637,691.539,384.965,0.0,0.0,0.4298,0.23926,0.0,0,0.0004807981,0.0052665651,0.004873831262043172
NIKZAJ02_clean,4.67382,3.68928,4.66396,1.76633,754.073,426.914,0.0,0.0,0.4402,0.249217,0.0,0,0.0005125341,0.0057013464,0.005164065332766907
NIKZEN01_clean,4.86464,3.71164,4.85271,1.72603,830.972,481.435,0.0,0.0,0.4544,0.263263,0.0,0,0.0005887001,0.0060853502,0.0058490812136563885
NIMXIS_clean,10.63837,6.01154,10.63837,1.05177,1918.06,1823.65,0.0,0.0,0.667,0.634168,0.0,1,0.002195494,0.021160984,0.02228711047090334
NISPOV_clean,4.71107,2.81394,4.69976,1.97219,0.0,0.0,427.339,216.682,0.4068,0.206268,0.0,1,0.0004376758,0.003857975,0.004310055467363494
NIZNAN_clean,5.62761,3.49058,5.62761,1.17342,1545.25,1316.88,0.0,0.0,0.567,0.483203,0.0,1,0.0013606142,0.0132385105,0.013674454437545372
NIZZAY_clean,8.39896,7.78516,8.38426,1.2112,2073.27,1711.74,0.0,0.0,0.6754,0.557627,0.0,0,0.0018327629,0.0183684448,0.018460149625711554
NOCLOH_clean,5.4394,4.78188,5.37771,1.31451,1235.22,939.686,0.0,0.0,0.5324,0.405018,0.0,1,0.0012285263,0.0126494074,0.012343533333498503
NODKOH_clean,5.43236,4.66054,5.43106,1.05473,1385.41,1313.52,0.0,0.0,0.5884,0.557866,0.0,0,0.0014573754,0.0147712203,0.014692524289036666
NOFHOG_clean,6.65675,5.09348,6.63927,0.822826,2730.97,3319.01,0.0,0.0,0.6932,0.842462,0.0,1,0.0032321319,0.0309433565,0.031640661972091484
NOFQIK_clean,4.9549,4.61383,4.95259,1.45912,792.567,543.181,0.0,0.0,0.5256,0.360216,0.0,1,0.0005855505,0.0053493054,0.005953970594068844
NOFQOQ_clean,5.26068,4.9317,5.26068,1.52336,805.604,528.834,0.0,0.0,0.5044,0.331111,0.0,1,0.00057871,0.0058527694,0.005865453675619841
NOHKOM_clean,4.47987,3.22897,4.46706,1.95435,0.0,0.0,556.611,284.807,0.3942,0.201704,0.0,1,0.0006621001,0.0064648734,0.006483091495902327
NOHKUS_clean,4.5036,3.24475,4.49023,1.91526,0.0,0.0,583.982,304.91,0.3962,0.206865,0.0,1,0.0006483454,0.0067190825,0.006301081542859404
NOHLAZ_clean,4.58304,3.41283,4.57147,1.83959,742.915,403.849,0.0,0.0,0.415,0.225594,0.0,1,0.000768303,0.0073098966,0.007518528544432906
NOQKOV_clean,5.57218,4.25994,5.56937,1.06467,1684.1,1581.8,0.0,0.0,0.536,0.503441,0.0,0,0.001480965,0.0145742035,0.01466843782299531
NOSHIO_clean,5.46118,3.24444,5.46118,1.79774,0.0,0.0,1325.4,737.259,0.5886,0.327411,0.0,1,0.0010753896,0.0102460738,0.010672479025928022
NUCCEV_clean,6.52615,3.99784,6.52615,1.00465,1502.03,1495.08,0.0,0.0,0.556,0.553427,0.0,1,0.0014728745,0.0145189378,0.014790412017773482
NUCPEI_clean,6.7664,4.45805,6.7664,1.03972,2105.55,2025.11,0.0,0.0,0.6338,0.609585,0.0,1,0.0022266031,0.0236247743,0.022306851993075843
NUDNEH_clean,6.40452,5.65537,6.40452,1.17792,1346.46,1143.08,0.0,0.0,0.5262,0.44672,0.0,0,0.0014345261,0.0144659964,0.014369207063590204
NUJCEA_clean,4.83502,3.79811,4.83328,1.60555,436.405,271.811,21.0341,13.1009,0.487,0.303323,0.0,1,0.0003769367,0.003919835,0.003785883509922399
NUNSIA_clean,4.82032,4.25115,4.82032,1.27602,836.789,655.783,0.0,0.0,0.4866,0.381343,0.0,0,0.000673538,0.0067032044,0.006899899437468652
NURMUJ_clean,4.39424,3.64857,4.38802,1.20073,1518.88,1264.97,0.0,0.0,0.6332,0.527347,0.0,1,0.0016244584,0.0154209791,0.01596916871412501
NUTQAV_clean,10.89201,6.87272,10.20477,0.722737,2294.74,3175.06,0.0,0.0,0.7432,1.02831,0.0,1,0.0040197712,0.0399532957,0.04031635441155916
NUVBIQ_clean,4.60795,3.59775,4.60795,2.15646,840.114,389.58,0.0,0.0,0.4404,0.204223,0.0,1,0.0005121364,0.0056228033,0.005074123635988523
NUVYIN_clean,5.06465,3.39913,5.06465,1.17756,679.421,576.975,0.0,0.0,0.5034,0.427496,0.0,1,0.0009318419,0.0089999841,0.00942776481715249
NUWPOM_clean,8.32687,8.01604,8.32687,1.25431,1381.61,1101.49,0.0,0.0,0.5552,0.442633,0.0,1,0.0013568602,0.0141056669,0.013411294597114246
NUWVIM_clean,4.95462,3.8636,4.94993,1.17037,724.517,619.05,9.52012,8.13429,0.4914,0.419868,0.0,0,0.0008019437,0.0082226811,0.008084698118585261
NUYNAY_clean,6.39583,3.24521,6.39583,1.29195,0.0,0.0,893.046,691.237,0.5078,0.393048,0.0,1,0.0012575283,0.0121874608,0.012289384921053113
NUYQUU_clean,3.95153,3.47099,3.94298,2.33033,494.395,212.157,0.0,0.0,0.4774,0.204864,0.0,0,0.0004629064,0.0047363091,0.0045441121293312335
OBAFIJ_clean,5.23118,4.64394,5.22975,2.3889,967.64,405.056,0.0,0.0,0.4836,0.202436,0.0,1,0.0004880413,0.0046242522,0.004883418195711023
OBUFEX_clean,5.14759,4.35938,5.14759,1.09987,1567.25,1424.95,0.0,0.0,0.565,0.513698,0.0,0,0.0013581962,0.0139020588,0.013654857478761696
OCACUR_clean,5.50745,4.89061,5.44518,1.25128,1937.07,1548.08,0.0,0.0,0.5884,0.47024,0.0,1,0.0017588284,0.0182185953,0.017409530440168613
OCAQOY_clean,4.53686,3.80641,4.53372,1.60935,541.33,336.366,0.0,0.0,0.3906,0.242707,0.0,1,0.0004343585,0.0046356796,0.004306856897049091
OCINIA_clean,5.60901,3.32165,5.60901,1.53578,1179.07,767.736,0.0,0.0,0.5314,0.346013,0.0,1,0.0010710006,0.0104328056,0.010532250703415465
OCUMIL_clean,5.22769,3.7877,5.2092,1.25606,1523.79,1213.15,0.0455347,0.036252,0.5456,0.434374,0.0,1,0.0014157227,0.0136849897,0.014111670811985928
OCUMOR_clean,5.32208,3.84167,5.31587,1.29298,1290.04,997.724,16.7653,12.9664,0.525,0.406038,0.0,1,0.0012769532,0.0127140125,0.012597132339575629
OCURAG_clean,5.43063,3.42226,5.42822,1.47361,1201.66,815.454,0.0,0.0,0.519,0.352197,0.0,1,0.001117072,0.0113144362,0.011020640798479411
ODEKAL_clean,3.74631,2.82242,3.73986,2.76034,0.0,0.0,105.347,38.1646,0.3514,0.127303,0.0,1,0.0004205322,0.0041860168,0.004122053502813712
ODODOC_clean,7.00262,4.84122,6.9907,1.05423,1743.61,1653.92,0.0,0.0,0.6044,0.57331,0.0,0,0.0017339087,0.018152711,0.01734552149145671
ODOXEK_clean,5.23174,4.24381,5.21951,1.86723,267.21,143.105,283.845,152.014,0.425,0.22761,0.0,0,0.0005063886,0.0051127868,0.005031110282695913
OFAWEZ_clean,10.66695,9.07717,10.66695,0.975199,2204.12,2260.18,0.0,0.0,0.7702,0.789787,0.0,1,0.0029269617,0.029796634,0.0289374015203495
OFEREX_clean,6.99117,6.70761,6.99117,1.56791,1544.85,985.293,0.0,0.0,0.5694,0.363159,0.0,1,0.0013479617,0.0139186248,0.013308219595984404
OFERUN_clean,11.51766,3.43919,11.48105,0.924676,1442.14,1559.62,0.0,0.0,0.6416,0.693865,0.0,0,0.0019669752,0.018900862,0.019532442609387718
OFUCEZ_clean,5.30083,4.49138,5.29823,1.50666,1791.35,1188.95,0.0,0.0,0.5642,0.374471,0.0,1,0.0011472712,0.0120375623,0.011616801066005975
OGEBAF01_clean,14.74547,10.54801,14.74547,0.504959,2054.21,4068.08,0.0,0.0,0.8166,1.61716,0.0,1,0.0060499192,0.0608821692,0.06039416633076534
OGIYUZ_clean,9.8373,8.87116,9.8373,1.07364,1299.27,1210.15,0.0,0.0,0.577,0.537422,0.0,0,0.0015899544,0.0161910153,0.015881443212339166
OHAKEO_clean,5.91842,4.8868,5.91143,1.15127,1254.68,1089.81,0.0,0.0,0.543,0.471652,0.0,0,0.0014509148,0.0143743293,0.0142250627940402
OHEGAJ_clean,4.72341,2.80937,4.71665,2.20772,0.0,0.0,546.683,247.623,0.5162,0.233816,0.0,1,0.0006034245,0.0058397715,0.006079200533269381
OJIWIO_clean,4.64307,3.99735,4.61496,1.33375,842.543,631.712,0.0,0.0,0.4524,0.339195,0.0,1,0.0007249052,0.0076565153,0.007358915438392884
OJORUC_clean,8.31671,3.81807,7.2234,0.868373,1910.02,2199.54,0.0,0.0,0.6578,0.757508,0.0,1,0.0027389153,0.026146323,0.02704821025499451
OKAYIK_clean,4.91102,3.55113,4.79222,1.56666,396.357,252.995,0.0,0.0,0.3392,0.216512,0.0,0,0.0004648411,0.004975111,0.004617995733536265
OKINIG_clean,4.1071,3.0438,4.0968,1.28813,0.0,0.0,314.244,243.955,0.387,0.300437,0.0,1,0.0007310283,0.0076447846,0.007231228562472253
OKIYAJ01_clean,5.18521,4.2274,5.17492,1.07871,1159.33,1074.74,0.0,0.0,0.5252,0.486877,0.0,0,0.0012926187,0.0123979457,0.012871887197484305
OLAWUU_clean,5.70617,3.38454,5.70617,1.82501,608.324,333.327,125.668,68.8591,0.4924,0.269807,0.0,1,0.0005241736,0.005173383,0.005250003157014393
OLEKUM_manual,6.88265,5.7276,6.86806,1.02354,1835.21,1793.0,0.0,0.0,0.6172,0.603003,0.0,1,0.0020263985,0.0204910058,0.02059714643873972
OLELAS_clean,5.59164,3.3526,5.59164,1.39125,675.926,485.841,136.837,98.3557,0.4626,0.332507,0.0,1,0.0008055277,0.008319385,0.007885614651217681
OLOGEC_clean,13.04043,10.53518,13.0319,0.526318,2030.14,3857.25,0.0,0.0,0.8106,1.54013,0.0,1,0.0058438142,0.0586452171,0.05889901908480765
OLOKEF_clean,4.36483,3.3129,4.3161,1.5482,868.847,561.197,0.0,0.0,0.512,0.330706,0.0,1,0.0010697128,0.0101920343,0.01051826675410529
OLOYOF_clean,10.67083,6.6024,10.66881,0.812728,2368.58,2914.35,0.0,0.0,0.7332,0.902146,0.0,1,0.0037974458,0.0361275462,0.03755872485546495
om701262m-file004_clean,7.38904,5.39567,7.38902,1.09901,1620.41,1474.43,0.0,0.0,0.5644,0.513555,0.0,1,0.0016228031,0.0157848575,0.016065997725821072
OMEWUZ_clean,3.83699,3.19632,3.83358,1.93619,0.0,0.0,85.5863,44.2034,0.3824,0.197501,0.0,1,0.0001825468,0.0019029742,0.0018589172974228356
OMICOD_clean,4.47127,3.21063,4.47127,1.07552,0.0,0.0,807.39,750.696,0.5438,0.505615,0.0,0,0.0010110659,0.0100134415,0.010145070609675249
OMIPAD_clean,5.24341,3.62169,5.16602,1.1791,539.772,457.781,0.0,0.0,0.4566,0.387243,0.0,0,0.0006999444,0.0070014472,0.007051613526667902
OMIPEH_clean,21.73136,7.72557,21.69935,0.65885,2065.52,3135.04,0.0,0.0,0.8104,1.23002,0.0,1,0.0046973408,0.0466883295,0.046188869470575995
ONUKAL_clean,5.66391,3.7745,5.54501,1.39723,1126.09,805.946,11.0536,7.91109,0.5124,0.366727,0.0,1,0.0011154341,0.0111607423,0.01102734917589719
ONUQOE_clean,5.78941,4.64204,5.78941,1.32315,1185.02,895.611,0.0,0.0,0.5286,0.399503,0.0,0,0.0011105046,0.0113998699,0.011125567257078606
OPAGIX_clean,11.70127,10.88776,11.68193,0.905898,1551.84,1713.04,0.0,0.0,0.6624,0.731208,0.0,1,0.003064952,0.029327631,0.0298208669026473
OPUCUY_clean,5.02954,2.85543,5.02932,1.76603,0.0,0.0,381.076,215.781,0.4752,0.269078,0.0,1,0.0004624934,0.004300443,0.0046641468637049115
OPUDOT_clean,4.54754,3.94914,4.54754,2.40444,540.357,224.733,0.0,0.0,0.4012,0.166858,0.0,1,0.0004007453,0.0039167534,0.004019890218084687
OQIQOW_clean,5.63723,4.61311,5.63723,1.46954,1129.77,768.793,0.0,0.0,0.507,0.345006,0.0,1,0.0010973041,0.0114785583,0.01080366778214289
OQOBUT_clean,6.63313,3.25109,6.36597,1.10898,0.0,0.0,931.502,839.965,0.548,0.494149,0.0,0,0.0016992245,0.0144850888,0.01695847119138094
OQOXAV_clean,3.71327,3.16058,3.69497,2.01729,0.0,0.0,166.501,82.5373,0.4418,0.219007,0.0,1,0.0004245797,0.0043900715,0.0041966603416613065
OQUCOU_clean,8.09828,4.42359,8.09828,0.85933,2801.31,3259.88,0.0,0.0,0.697,0.811097,0.0,1,0.0027867563,0.0281345953,0.028355563158162997
OQUFAJ_clean,11.24927,10.05552,11.24927,1.02086,2177.77,2133.26,0.0,0.0,0.6808,0.666886,0.000195912,1,0.0024358843,0.0246895579,0.024487248603365878
OQUGUE_clean,11.61723,9.4131,11.61627,1.01509,1836.93,1809.63,0.0,0.0,0.664,0.654132,0.000394056,1,0.0021813873,0.0217041888,0.022135231338727555
OQUWUU_clean,7.2326,3.56865,7.1357,2.62668,817.31,311.158,0.924344,0.351906,0.4758,0.181141,0.0,1,0.0004039215,0.0040274583,0.004072958407088936
OQUXAB_clean,5.25424,3.9856,4.37611,3.15937,963.013,304.812,0.0,0.0,0.479,0.151613,6.33e-05,1,0.0003926716,0.0037048114,0.003936634686821045
OQUXEF_clean,5.15601,3.95885,4.51563,3.15796,940.396,297.786,0.0,0.0,0.4776,0.151237,0.0,1,0.0003804551,0.00355765,0.0037828580669665105
OREZES_clean,6.24665,4.6565,6.24665,1.39534,1020.81,731.587,0.0,0.0,0.5102,0.365646,0.0,1,0.0006726472,0.0063536969,0.006864379914128884
ORIWAP_clean,11.38312,11.03917,11.38312,1.17282,1538.11,1311.46,0.0,0.0,0.6442,0.549274,0.0,1,0.0022242553,0.0224892,0.022024153162959942
OROMAK_clean,4.47726,3.37817,4.47726,1.77377,1093.9,616.711,0.0,0.0,0.5632,0.317516,0.0,0,0.0007346116,0.0080820727,0.007419623665790056
ORUKOD_clean,4.98278,3.59875,4.86135,1.67769,666.045,397.001,0.0,0.0,0.4328,0.257974,0.0,1,0.0005996895,0.0058815413,0.005965675030507151
ORULEU_clean,5.09262,3.5697,5.08241,1.45149,909.467,626.575,0.0,0.0,0.458,0.315538,0.0,1,0.000835635,0.0084797801,0.008247336473095354
OSIKIL_clean,8.13936,7.62995,8.13936,1.21532,2049.41,1686.32,0.0,0.0,0.6656,0.547676,0.0,0,0.0017945803,0.0180261184,0.018086622783469283
OSOTUN_clean,6.5088,4.06646,6.48701,1.06518,1477.94,1387.5,25.9444,24.3569,0.587,0.551081,0.0,1,0.001811802,0.0178676406,0.01811265106776566
OTECAT_clean,10.77761,8.01894,10.77717,0.584808,2035.46,3480.57,0.0,0.0,0.7422,1.26913,0.0,1,0.0047322331,0.0454479245,0.04744241366657162
OTEHAY_clean,7.22049,7.09442,7.20844,1.32207,1634.16,1236.06,0.0,0.0,0.6156,0.465632,0.0,0,0.0017535777,0.0180531985,0.017358373283338828
OTIBUQ_clean,7.49622,5.20769,7.4368,0.82052,1944.83,2370.25,0.0,0.0,0.6366,0.775849,0.0,0,0.0030681932,0.0286973039,0.029620685311879735
OTODEI_clean,4.84074,4.45864,4.84074,1.17554,1203.72,1023.97,0.0,0.0,0.5354,0.45545,0.0,1,0.0010844836,0.010406912,0.010980269184660421
OTOLIU_clean,6.25402,4.56727,6.25402,0.748874,3565.69,4761.4,0.0,0.0,0.7372,0.984411,0.0,0,0.0036814017,0.0374811678,0.03653962314133638
OTOVAW_clean,4.51109,3.41338,4.48101,1.61175,574.481,356.434,0.0,0.0,0.423,0.262448,0.0,0,0.0005717792,0.0052889582,0.005763442416161745
OTUDEO_clean,11.1719,10.22736,11.1719,0.861706,1688.22,1959.16,0.0,0.0,0.6512,0.75571,0.0,1,0.0025967011,0.0270847396,0.02616423912764677
OVEXOD_clean,5.7329,3.62145,5.72476,1.46061,416.232,284.972,0.0,0.0,0.379,0.259481,0.0,1,0.0004136945,0.0041671419,0.00415629092560767
OVIDON_clean,4.40281,2.81637,4.39884,1.53474,0.0,0.0,310.072,202.036,0.4368,0.284609,0.0,1,0.0003746588,0.0036576186,0.003801420973198023
OWAVIS_clean,9.58182,5.9765,9.29598,0.840674,2344.57,2788.91,0.0,0.0,0.7226,0.859548,0.0,1,0.0032104937,0.0320806311,0.03237402050242543
OWEYOF_clean,6.37079,4.45129,6.36918,1.04803,1419.15,1354.11,0.0,0.0,0.5498,0.524602,0.0,0,0.0018234708,0.0179074192,0.01750527865230602
OWIHOT_clean,7.42387,7.28396,7.42387,1.32488,1634.57,1233.75,0.0,0.0,0.6134,0.462986,0.0,0,0.0018277471,0.0188284459,0.018360028027002664
OWIJEL_clean,7.46814,7.33893,7.46814,1.32685,1640.34,1236.26,0.0,0.0,0.612,0.461241,0.0,0,0.0018842573,0.0183392807,0.018421622262886708
OYIVIC_clean,5.5413,4.80567,5.5333,1.19582,1382.4,1156.02,0.0,0.0,0.5784,0.483684,0.0,1,0.0013145547,0.0134295662,0.013335330383302271
OZAVUI_clean,5.43678,4.75451,5.43678,1.24526,1365.54,1096.59,0.0,0.0,0.5928,0.476044,0.0,1,0.0013918022,0.0138161829,0.013683095125195695
OZUKUR01_clean,12.00308,11.20848,12.00308,1.04914,1577.91,1504.01,0.0,0.0,0.6712,0.639764,0.0,1,0.0026045254,0.0252978207,0.025959755565922737
OZUKUR_clean,11.77684,11.08852,11.77544,1.07383,1569.26,1461.37,0.0,0.0,0.6592,0.613879,0.0,1,0.0024113427,0.0246205973,0.023926154420752497
OZULAY_clean,11.76704,10.98127,11.76502,1.07223,1568.4,1462.75,0.0,0.0,0.6546,0.610504,0.0,1,0.0024901594,0.0240414638,0.024903542740566477
OZULUS_clean,11.30509,10.53212,11.30463,1.32172,1536.26,1162.31,0.0,0.0,0.6386,0.483157,0.0,1,0.0019052398,0.018795541,0.018969154768107017
PACZUQ_clean,6.93068,4.23947,6.93068,1.54491,905.644,586.213,0.0,0.0,0.4772,0.308886,0.0,0,0.0005519662,0.0056053719,0.005653721612235469
PAKXIK_clean,5.56128,3.90775,5.56038,1.25158,1486.65,1187.82,19.61,15.6682,0.5744,0.458939,0.0,1,0.0013758518,0.012698741,0.013715795999476352
PAMHES_clean,4.34401,3.08533,4.22396,1.42106,0.0,0.0,719.827,506.543,0.5426,0.381828,0.0,1,0.0008185164,0.0081434354,0.008200642359567505
PAMHIW_clean,9.2687,4.50421,9.2687,0.952087,1296.4,1361.64,427.264,448.766,0.6164,0.64742,0.0,0,0.0021470793,0.0223055964,0.02152559396198529
PAMTII_clean,12.14001,5.49468,12.1397,0.953828,2043.58,2142.5,0.0,0.0,0.7082,0.742482,0.0,1,0.0027423796,0.026923016,0.02742014088038133
PANRUS01_clean,6.92222,3.22016,6.92222,1.49083,0.0,0.0,1352.99,907.541,0.5502,0.369057,0.0,0,0.0018247276,0.0131641088,0.01481014052829852
PAPPIH_clean,3.83347,2.61175,3.83347,1.15257,0.0,0.0,145.715,126.426,0.4648,0.403272,0.0,1,0.0003820582,0.0037654255,0.0039209863876238475
PAPVIN_clean,4.8231,3.07966,4.81833,1.46172,0.0,0.0,533.123,364.722,0.4442,0.303888,0.0,1,0.0006537892,0.0065966986,0.006560672117701376
PASMUT_clean,5.21671,3.87145,5.2007,1.45236,1664.76,1146.24,0.0,0.0,0.5822,0.400864,0.0,1,0.0010292929,0.0103638711,0.010442467615032147
PASTOU_clean,6.66976,4.5166,6.66976,1.58721,797.598,502.516,0.0,0.0,0.4778,0.301032,0.0,1,0.0005805956,0.0062608002,0.005838677855852987
PATNAB_clean,9.14224,6.89364,9.14224,1.35956,1803.58,1326.59,0.0,0.0,0.6728,0.494866,0.0,1,0.0016681615,0.0164803822,0.016822674657447127
PAXWOB_clean,4.51056,3.21115,4.50626,1.76504,0.0,0.0,722.496,409.338,0.5848,0.331324,0.0,0,0.0007976792,0.0084112016,0.007939128515989297
PECLEP_clean,5.39206,3.58035,5.25926,1.26009,1193.65,947.27,0.0,0.0,0.492,0.390447,0.0,0,0.0011538318,0.0111619924,0.011358703898494395
PEFRID01_clean,6.55951,5.47634,6.55951,1.31717,1348.3,1023.64,0.0,0.0,0.552,0.419081,0.0,1,0.0013648301,0.0134972167,0.013698545495157921
PEFRUP01_clean,6.70842,5.60789,6.69161,1.32053,1380.71,1045.57,0.0,0.0,0.5546,0.419982,0.0,1,0.0013677878,0.0141111279,0.013521381023039373
PEFRUP_clean,9.50189,8.00757,9.50189,1.0519,1670.24,1587.83,0.0,0.0,0.6432,0.611463,0.0,1,0.0023203363,0.0223343644,0.022709462547219592
PEGBAG_clean,4.42914,3.59275,4.42914,1.43063,530.361,370.719,0.0,0.0,0.4708,0.329086,0.0,1,0.0004843538,0.0048809069,0.00496778560960394
PEGBUA_clean,4.24178,3.44241,4.23659,1.42808,542.261,379.715,0.0,0.0,0.474,0.331915,0.0,1,0.0005087871,0.0053020216,0.005127966376611614
PEJFEQ_clean,3.45673,2.75252,3.45167,2.56138,0.0,0.0,24.1937,9.44557,0.378,0.147577,0.0,0,0.0005146984,0.0052348597,0.0050134624981114356
PEJFOA_clean,4.64383,3.88697,4.63782,2.21077,775.822,350.929,123.298,55.7717,0.4612,0.208615,0.0,1,0.0008099711,0.0080722833,0.007995513260207613
PEKZIP_clean,4.53518,4.08657,4.53518,1.41548,619.125,437.397,0.0,0.0,0.4398,0.310708,0.0,1,0.0005307986,0.0048152059,0.005378123297067038
PELQII_clean,9.06577,7.1819,8.76719,0.671525,2063.21,3072.43,0.0,0.0,0.712,1.06027,0.0,1,0.0036033811,0.0365918127,0.035884445790956745
PELXIP_clean,5.04305,3.66818,5.03506,1.84132,581.447,315.776,13.9718,7.58794,0.4556,0.247431,0.0,1,0.0005077416,0.0049985683,0.005092924040338509
PEPFAT_clean,10.91726,6.85852,7.70966,1.0029,2251.01,2244.49,0.0,0.0,0.6862,0.684214,0.0,1,0.0026417181,0.0260947665,0.026385139690327818
PEPLAY_clean,6.74837,6.3776,6.72825,1.05651,1615.67,1529.25,0.0,0.0,0.6178,0.584755,0.0,0,0.0018862659,0.019713823,0.0185295929144013
PEPLIG_clean,6.77242,6.39006,6.75097,1.04905,1614.89,1539.38,0.0,0.0,0.6148,0.586054,0.0,0,0.0019223322,0.0199771068,0.01915708818790002
PESTUD_clean,4.29451,3.77014,4.29451,1.52203,554.299,364.183,0.0,0.0,0.4078,0.267931,0.0,0,0.0005459688,0.0053045304,0.0054731459787099365
PEWFII_clean,4.2167,2.74504,4.09989,2.1516,0.0,0.0,768.518,357.184,0.518,0.240751,0.0,1,0.0007171102,0.007032892,0.007063960739687677
PIBGAK_clean,6.08784,5.5601,6.06673,1.08232,1652.36,1526.68,0.0,0.0,0.6232,0.575798,0.0,1,0.0018684973,0.0184038162,0.018567773793665383
PIBPAS01_clean,10.22467,9.87308,10.22467,0.904434,1674.99,1851.98,0.0,0.0,0.6484,0.716913,0.0,1,0.0023349108,0.024566375,0.02324209658735861
PIJROR_clean,8.28575,7.67913,8.28575,1.27602,1385.29,1085.63,0.0,0.0,0.5522,0.432752,0.0,0,0.001445971,0.0140947081,0.014244042241586883
PIQFIG_clean,9.19593,7.79711,9.19593,0.691873,2332.15,3370.77,0.0,0.0,0.7756,1.12101,0.0,0,0.0039451471,0.0408870314,0.040176375985526126
PIZPAP_clean_h,5.02301,4.09369,4.55915,1.6437,1625.99,989.228,0.0,0.0,0.5662,0.344467,0.0,1,0.0011114721,0.0102080246,0.011096885917751582
PIZPET_clean_h,5.00612,4.07229,4.54032,1.30745,1650.65,1262.5,0.0,0.0,0.5638,0.431222,0.0,1,0.0013867695,0.013559691,0.013854409970265293
PIZSAU_clean,5.7096,4.51588,5.7096,1.18019,1218.01,1032.05,0.0,0.0,0.5404,0.457893,0.0,1,0.0011264985,0.0113880795,0.011503393273490013
PODXEN_clean,5.34783,4.01094,5.34783,1.28087,710.366,554.597,0.0,0.0,0.4518,0.352729,0.0,1,0.0006241275,0.0061944652,0.0064387710474235445
POFSIN03_clean,6.95953,5.63255,6.95953,1.04557,2624.93,2510.51,0.0,0.0,0.7258,0.694164,0.0,0,0.0023169139,0.0225271552,0.023295786321862015
POFSIN04_clean,6.97392,5.62462,6.97392,1.04699,2616.52,2499.1,0.0,0.0,0.7262,0.69361,0.0,0,0.0022534369,0.0227493251,0.022690358375921333
POHMAC_clean,4.00725,2.89849,3.88651,1.82892,0.0,0.0,380.101,207.828,0.4682,0.255998,0.0,1,0.0004894865,0.0053103942,0.00487820040387882
POKSAL_clean,5.16886,3.80347,5.16886,2.04384,546.746,267.509,0.0,0.0,0.4218,0.206376,0.0,1,0.0004787459,0.0046982273,0.0047116169130559235
POKSUF_clean,3.99213,3.01057,3.99185,2.03856,0.0,0.0,204.745,100.436,0.37,0.181501,0.0,1,0.0002932663,0.0027973722,0.0029319043715680514
POKVAO_clean,5.22916,3.84535,5.22916,1.97617,548.634,277.625,0.0,0.0,0.4172,0.211116,0.0,1,0.0004644661,0.0047118128,0.004573319331671243
POLBAT_clean,4.56307,2.807,4.55215,2.50493,0.0,0.0,554.41,221.328,0.4158,0.165993,0.0,0,0.0008384336,0.008387398,0.00782350976704757
POMSER_clean,7.01968,3.83495,7.01968,1.10319,1326.02,1201.98,0.0,0.0,0.5236,0.474622,0.0,1,0.0015406158,0.0151765956,0.015205139577966171
PORGAE_clean,5.87412,3.87625,5.87412,2.28472,891.425,390.167,0.0,0.0,0.4496,0.196785,0.0,0,0.0007500619,0.0078196136,0.0074915570690391575
POSFIO_clean,6.80619,3.42889,6.79194,1.15852,1000.28,863.415,0.0,0.0,0.5272,0.455065,0.0,1,0.0011814693,0.0116672085,0.01157881014082505
PUDSIR_clean,6.84685,5.37896,6.83632,1.0569,2169.92,2053.1,0.0,0.0,0.647,0.61217,0.0,1,0.0020571672,0.0210879002,0.021010435971539745
PUDSOX_clean,7.03254,5.77219,7.03254,1.04422,2164.07,2072.42,0.0,0.0,0.654,0.626304,0.0,1,0.0022082333,0.0225224463,0.022223245802027804
PUDSUD_clean,7.08521,6.02588,7.08155,0.996555,2169.83,2177.33,0.0,0.0,0.6624,0.66469,0.0,1,0.0023164615,0.0236587603,0.023218712579761172
PUGHAC_clean,5.49626,2.91318,5.43273,1.24413,0.0,0.0,858.166,689.775,0.4944,0.397388,0.0,1,0.0012135902,0.0117502225,0.0109674619947293
PUGPEO_clean,9.53093,8.66388,9.24995,1.0567,1899.67,1797.75,0.0,0.0,0.6656,0.629888,0.0,1,0.0022388443,0.0228665555,0.022125053989710042
PUJQEQ_clean,7.62791,6.18953,7.62791,0.66886,2115.6,3163.0,0.0,0.0,0.6814,1.01875,0.0,1,0.0031067638,0.0312864512,0.03192446912188651
PUKSUL_clean,6.59798,4.14111,6.57182,1.5702,2804.07,1785.8,0.0,0.0,0.6962,0.443383,0.0,1,0.0013116403,0.0133578222,0.013615959300291589
PUNSIB_clean,5.01625,3.57988,5.00209,1.32619,942.101,710.383,0.0,0.0,0.5344,0.402959,0.0,0,0.0008567339,0.0089312709,0.008631530772490263
PUPXII01_clean,3.82607,3.19147,3.81562,1.47931,0.0,0.0,175.848,118.871,0.418,0.282564,0.0,1,0.0003677291,0.0037901585,0.0036901114634583397
PUPYAA_clean,3.97311,3.16979,3.8941,2.0967,0.0,0.0,499.749,238.351,0.455,0.217008,0.0,0,0.0007752291,0.0074591921,0.0076576701807822885
PUQHIT_SL,4.11931,2.80454,4.11931,1.49316,0.0,0.0,395.833,265.098,0.431,0.28865,0.0,0,0.0003868981,0.0040256989,0.00395350149152341
PURJES_clean,6.1741,5.21501,6.1741,1.07844,1412.21,1309.49,0.0,0.0,0.5678,0.526503,0.0,1,0.0017477065,0.0173234837,0.01748881450696386
PUSRUR_clean,5.04529,3.12069,5.04149,2.23299,0.0,0.0,552.213,247.297,0.4624,0.207077,0.0,1,0.0004060101,0.0037951003,0.004103030744788737
PUWDIU_clean,8.22754,6.95777,8.22754,1.0931,2055.27,1880.23,0.0,0.0,0.6384,0.584028,0.0,1,0.0021013435,0.0215933332,0.020811524167843053
PYDCUT_clean,5.31645,4.73242,5.31645,1.56466,1273.49,813.911,0.0,0.0,0.5466,0.349342,0.0,0,0.0009970937,0.0098633917,0.009923360742448192
QADBII_clean,4.90485,4.23271,4.90165,1.42586,539.675,378.491,0.0,0.0,0.4884,0.34253,0.0,0,0.0005290536,0.0051823212,0.005351564770722743
QADKAH_clean,4.77033,3.53305,4.75355,1.52919,937.023,612.757,0.0,0.0,0.5082,0.332332,0.0,1,0.0009928244,0.009811923,0.00988294284956963
QADWEY_clean,5.10125,3.39709,4.70821,1.83379,898.197,489.805,0.0,0.0,0.5456,0.297527,0.0,0,0.0009604833,0.0094969148,0.009540200807453035
QAHMUJ_clean,3.54119,3.22591,3.52141,2.39047,0.0,0.0,279.023,116.723,0.4056,0.169674,0.0,1,0.0004333489,0.0044197918,0.004249684941171351
QAJKAO_clean,5.03797,2.87978,5.03797,1.76281,0.0,0.0,713.197,404.579,0.4732,0.268435,0.0,1,0.0006384021,0.0063249098,0.006381362406473446
QAJKIV_clean,4.24125,3.62097,4.24125,2.37718,709.122,298.303,0.258537,0.108758,0.4518,0.190057,0.0,0,0.0009583426,0.0093270098,0.009320795369709827
QALWUV_clean,7.07527,5.39947,6.79315,0.842522,2364.13,2806.02,0.0,0.0,0.7084,0.840809,0.0,0,0.0024324595,0.0240567347,0.024792126951095405
QAMVEH01_clean,5.82556,4.59087,5.81673,0.990751,1901.06,1918.81,0.0,0.0,0.6228,0.628614,0.0,1,0.0020923066,0.0218859629,0.02085823208862274
QATHOK_clean,9.29834,6.48945,9.29621,1.21668,1222.78,1005.01,0.0,0.0,0.5554,0.456489,0.0,0,0.0011688851,0.0121371908,0.01168122762215671
QATKII_clean,5.10915,3.79672,5.10915,1.21674,1321.26,1085.9,0.0,0.0,0.55,0.452026,0.0,0,0.0013392638,0.0137727953,0.013447693065771822
QATKOO_clean,5.44759,3.80722,5.43097,1.23164,1414.07,1148.12,0.0581087,0.0471799,0.5662,0.459712,0.0,0,0.0014824215,0.0143450148,0.014552466139599013
QAVDEW_clean,3.85858,2.94555,3.83538,1.58066,0.0,0.0,436.874,276.387,0.5158,0.326318,0.0,1,0.00065164,0.0066277809,0.006510434866164878
QAWRIQ_clean,4.49398,3.4919,4.49398,1.89418,683.645,360.919,0.0,0.0,0.429,0.226483,0.0,1,0.0005945359,0.0059638359,0.005883131179248713
QAYTEP_clean,5.86758,3.1571,5.86751,0.851653,0.0,0.0,1473.6,1730.28,0.6134,0.720246,0.0,0,0.0014875534,0.0152073455,0.014801430793491074
QEBGEL_clean,6.08453,4.84553,6.08453,1.01993,1460.11,1431.58,0.0,0.0,0.5522,0.54141,0.0,0,0.001700387,0.0169511888,0.01737316458986995
QEQZUH_clean,7.20474,5.54936,7.20474,2.98733,1121.05,375.269,0.0,0.0,0.4558,0.152577,0.0,0,0.0007127021,0.0070358395,0.006989250093286482
QESLIK_clean,4.25105,2.79127,4.25105,2.6255,0.0,0.0,312.889,119.173,0.4056,0.154485,0.0,0,0.0005772284,0.0057841052,0.0056511775400289645
QETCUO_clean,6.89128,4.79138,6.89128,1.23174,1603.73,1302.0,0.0,0.0,0.5742,0.46617,0.0,1,0.0015262124,0.0151127048,0.01543410905766137
QETHUT_clean,5.64185,3.41958,5.64104,1.68813,1127.74,668.04,0.0,0.0,0.4972,0.294527,0.0,0,0.0015265404,0.0099042443,0.011451959432525532
QETSOY_clean,3.67394,2.65431,3.67394,2.15075,0.0,0.0,74.9033,34.8265,0.4068,0.189143,0.0,0,0.0003149508,0.003076061,0.0031142111231245604
QEVKOS_clean,4.71244,3.94029,4.71244,1.86641,753.543,403.738,0.0,0.0,0.4654,0.249355,0.0,0,0.0004561422,0.0047869301,0.004578995890265245
QEZZAY_clean,4.42079,3.15597,4.42079,2.11715,0.0,0.0,758.055,358.055,0.5212,0.24618,0.0,0,0.0006177806,0.0063914202,0.006224407702592274
QIGBIR_clean,5.14127,4.23557,5.11201,2.30609,2556.32,1108.51,0.0,0.0,0.6426,0.278653,0.0,1,0.000901439,0.0090429773,0.009296150455325074
QINSUD_clean,5.06379,2.7309,5.05324,1.20418,0.0,0.0,815.494,677.217,0.5666,0.470526,0.0,0,0.0010033398,0.0095947794,0.009990851701205007
QIRWAR_clean,5.03603,3.89356,5.03603,1.34872,1809.31,1341.5,0.0,0.0,0.6038,0.447684,0.0,1,0.0014287093,0.0149591461,0.014372455223796028
QISNAJ_clean,6.86275,5.39635,6.82883,1.05954,2863.52,2702.61,0.0,0.0,0.7298,0.688789,0.0,1,0.0025830337,0.0252419817,0.025940511501734948
QISNIR_clean,6.57248,5.45743,6.53468,1.21872,2929.79,2404.0,0.0,0.0,0.7294,0.598499,0.0,1,0.0020895051,0.0216164068,0.021174188999454384
QISVEU_clean,5.34851,2.65989,5.33539,1.37217,0.0,0.0,797.867,581.463,0.4942,0.360159,0.0,1,0.0009004286,0.0093881997,0.008804724693896216
QITXAU_clean,5.33833,4.09777,5.32992,1.02323,1464.2,1430.95,0.0,0.0,0.5698,0.556862,0.0,0,0.001389004,0.0144410509,0.014083837771209886
QIVQAP_clean,5.96532,3.96258,5.96532,1.08722,942.027,866.452,0.0,0.0,0.4728,0.434869,0.00073582,1,0.0010252268,0.0101576111,0.010210090176655124
QIXNES_clean,5.40564,4.53621,5.32703,1.33406,1524.22,1142.54,0.0,0.0,0.5456,0.408976,0.0,1,0.0013422792,0.0133763551,0.013557593754094053
QIYQAR_clean,3.54215,2.80365,3.54215,1.82518,0.0,0.0,33.1135,18.1426,0.4794,0.262659,0.0,1,0.0004774214,0.0047174578,0.004732375642805629
QIZLIW_clean,6.45845,5.65073,6.45505,1.52092,1546.0,1016.49,0.0,0.0,0.5696,0.374511,0.0,1,0.001181308,0.0122042296,0.011623845281905854
QOBWEJ_clean,4.72732,2.92871,4.65247,2.00105,0.0,0.0,759.681,379.641,0.5418,0.270757,0.0,1,0.0007707385,0.0081793543,0.007623602142357118
QODHUO08_clean,7.07082,3.72352,7.02334,1.31235,1023.45,779.863,0.0,0.0,0.497,0.378709,0.0,1,0.0008124911,0.0084539981,0.008208707182902477
QODPOQ_clean,7.05519,3.79599,6.7273,1.31521,1027.79,781.463,0.0,0.0,0.4944,0.37591,0.0,1,0.0008282947,0.0085860046,0.008401170382209546
QODQEH_clean,7.07208,3.67099,6.65977,1.31088,1023.42,780.716,0.0,0.0,0.4996,0.381118,0.0,1,0.0008440983,0.0083703319,0.008411431883166932
QOFCIZ_clean,7.04341,3.83129,7.04341,1.32486,1021.89,771.322,0.0,0.0,0.4928,0.371964,0.0,1,0.0008440983,0.0085469604,0.00838165282214878
QOFDIA06_clean,7.01624,3.71089,6.8329,1.32411,1025.99,774.855,0.0,0.0,0.4912,0.370967,0.0,1,0.0008413094,0.008348021,0.008384908827606423
QONQAM_clean,6.95521,6.65822,6.95521,0.957388,1627.93,1700.38,0.0,0.0,0.609,0.636106,0.0,0,0.0023822486,0.0213232819,0.021818433437673486
QOPPOC_clean,4.21204,3.56876,4.20993,1.51146,562.274,372.007,0.0,0.0,0.4702,0.31109,0.0,1,0.0007156791,0.0070932494,0.007159627438742617
QOSJOZ_clean,8.08316,3.97327,8.04054,1.14357,1840.46,1609.4,0.0,0.0,0.6224,0.54426,0.0,1,0.0020154164,0.0193546833,0.020054830546739035
QOSJUF_clean,6.12081,5.11749,6.09552,1.41231,1533.09,1085.52,0.0,0.0,0.5616,0.397647,0.0,1,0.001280456,0.0126572903,0.01280812900815498
QOVDEL_clean,9.82811,9.16141,9.82811,1.34846,1344.96,997.404,0.0,0.0,0.5734,0.425224,0.0,1,0.0013163439,0.0128992836,0.01330804031216787
QUFGED_clean,5.36015,3.38006,5.36015,1.61094,1011.12,627.662,9.15418,5.68251,0.5046,0.313234,0.0,1,0.0014341097,0.0098669336,0.011607625986018248
QUNWAZ_clean,6.68191,4.62372,6.68191,0.987311,1445.66,1464.24,0.0,0.0,0.5434,0.550384,0.0,1,0.0015958392,0.0157982925,0.01592149024406967
QUQFOY_clean,8.20803,5.81249,8.20591,0.948677,2479.72,2613.87,0.0,0.0,0.7154,0.754103,0.0,1,0.0030153224,0.0291879764,0.029884406133145663
QUQGAL_clean,5.24917,3.7405,5.24587,0.948381,1199.28,1264.55,0.0,0.0,0.5468,0.576561,0.0,1,0.0017743443,0.017625592,0.017233316064605427
QURSEC_clean,6.73488,4.98598,6.69979,1.11309,1471.92,1322.37,0.0,0.0,0.585,0.525564,0.0,1,0.001560375,0.0151947312,0.015451504890521512
QUSBIP_clean,10.66909,7.4091,8.27581,0.565023,2406.95,4259.92,0.0,0.0,0.764,1.35216,0.0,1,0.0051166243,0.0514854225,0.050632906966361274
QUSRUT_clean,5.91349,3.768,5.90805,2.1648,1012.46,467.691,0.0,0.0,0.5258,0.242886,0.0,1,0.000593355,0.0057984299,0.005958708944399714
QUWYEO_clean,4.99055,3.64708,4.98531,1.56862,445.43,283.963,0.0,0.0,0.3404,0.217006,0.0,0,0.0005303827,0.0050446859,0.0053084859644183776
QUXRAE_clean,5.03286,3.68439,5.03149,1.56261,456.108,291.888,0.0,0.0,0.3404,0.21784,0.0,0,0.0004940827,0.0050870359,0.004919662660656687
QUXRIM_clean,4.75182,4.31251,4.74788,1.55891,477.005,305.985,0.0,0.0,0.3332,0.213739,0.0,0,0.0005213077,0.0053189523,0.005177477586054548
QUXRUY_clean,4.90652,3.5734,4.90652,1.57471,420.432,266.99,0.0,0.0,0.3326,0.211213,0.0,0,0.0004960994,0.0050446859,0.004967404161959706
QUZVEO_clean,9.48553,8.8403,9.48103,1.4036,1600.03,1139.94,0.0,0.0,0.619,0.441008,0.0,1,0.0014409687,0.0145426694,0.014420732221157279
RACZEC_clean,5.79552,5.04854,5.77825,1.51587,900.967,594.354,0.0,0.0,0.4678,0.308601,0.0,0,0.0007298772,0.0070732888,0.007281824249376247
RAGYAB_clean,4.47073,2.84112,4.46679,1.85769,0.0,0.0,412.043,221.804,0.5066,0.272704,0.0,1,0.0007416231,0.0072227093,0.007429490007556902
RAHNOF_clean,19.03849,6.57368,19.03849,0.594852,2177.49,3660.55,0.0,0.0,0.7766,1.30553,0.0,1,0.0053280281,0.0508760398,0.05141607990539392
RAJFEQ_clean,6.16839,5.15091,6.14553,1.469,1288.74,877.291,0.0,0.0,0.5068,0.344997,0.0,1,0.0011412311,0.0110266907,0.01149638484862218
RANNOM_clean,5.69914,3.57907,5.69914,1.37889,1612.66,1169.53,0.0,0.0,0.555,0.402497,0.0,1,0.0010872662,0.0114644469,0.010964989695783231
RASXEP01_clean,5.09989,3.45083,5.0749,2.38949,628.019,262.825,0.0,0.0,0.4048,0.169408,0.0,1,0.0004093698,0.0039714019,0.0040196519954281305
RAXQEO_clean,8.85312,4.24768,8.85312,0.848051,1428.37,1684.3,0.0,0.0,0.631,0.744059,0.0,1,0.0018928299,0.0176347285,0.01933771725177877
RAYLOU_clean,6.83933,5.19617,6.83933,1.09861,1246.82,1134.91,0.0,0.0,0.5274,0.480063,0.0,1,0.0012877811,0.0131425315,0.013078596143413824
RAZYOI_clean,7.72531,5.99694,7.71841,1.07668,1740.27,1616.34,0.0,0.0,0.608,0.564701,0.0,0,0.0018764486,0.019043005,0.018510696169848805
REBRIA_clean,10.5814,2.63789,10.5814,0.973035,0.0,0.0,1787.86,1837.41,0.6822,0.701106,0.0,0,0.0023011014,0.0240168977,0.022343034120323617
REGJIW02_clean,4.15601,3.75321,4.15601,2.20306,528.853,240.053,0.0,0.0,0.3622,0.164407,0.0,0,0.0004479047,0.0044910229,0.00440876589955665
REGLOG_clean,4.5216,3.24604,4.5216,2.07119,0.0,0.0,890.971,430.174,0.5298,0.255795,0.0,1,0.0006577501,0.006530205,0.0065688471428188315
REGMUN_clean,5.53731,3.62481,5.51122,1.21407,657.252,541.362,0.0,0.0,0.452,0.372301,0.0,0,0.0006986281,0.0069089208,0.007108662807281563
REHVEH_clean,5.09966,4.72276,5.09966,1.21463,819.918,675.033,0.0,0.0,0.4664,0.383984,0.0,0,0.0008548472,0.0086011612,0.008290918742192423
RENWEM01_clean,3.12344,2.64694,3.12344,1.58333,0.0,0.0,0.0,0.0,0.4526,0.285853,0.0,1,0.0003360028,0.0034304804,0.0033482067182332553
RENWEM_clean,3.15125,2.6927,3.15125,1.54991,0.0,0.0,0.0,0.0,0.4542,0.29305,0.0,1,0.00045816,0.004711981,0.004407203326789466
REXCII_clean,8.08493,5.70512,8.08493,1.37969,1708.34,1238.2,0.0,0.0,0.6152,0.445897,0.0,0,0.0014199963,0.0136390739,0.014080037867679722
REXDIJ_clean,8.90631,7.09895,8.90631,1.2857,1723.1,1340.2,0.0,0.0,0.6524,0.507429,0.0,0,0.0015740431,0.0157522811,0.01577201397622357
REXFEH_clean,9.20954,5.96123,9.20203,1.33437,1715.88,1285.91,0.0,0.0,0.627,0.469885,0.0,0,0.0014930698,0.0145159561,0.014826840883276977
REXFUX_clean,8.11172,6.18424,8.11172,1.35522,1728.2,1275.22,0.0,0.0,0.6386,0.471215,0.0,0,0.0014022216,0.0138385448,0.01393968153195341
REZVAU_clean,5.17319,4.55903,5.17319,1.10092,1367.69,1242.32,0.0,0.0,0.552,0.5014,0.0,1,0.0015252829,0.0144661056,0.015322670787390769
REZXIE01_clean,8.61957,8.10066,8.61957,0.817919,2366.84,2893.73,0.0,0.0,0.7116,0.870012,0.0,1,0.0032874282,0.0324288312,0.032881152597901336
REZXIE_clean,8.61965,8.10074,8.61965,0.817908,2366.92,2893.87,0.0,0.0,0.7116,0.870025,0.0,1,0.0031644834,0.0322827232,0.03196256839597477
RIPKIM_clean,7.16555,6.65101,7.16555,1.28891,929.295,720.995,0.0,0.0,0.4824,0.374271,0.0,0,0.000779279,0.0082223934,0.007757399565577417
RIXBIK_clean,6.35159,4.65776,6.34133,1.14836,1013.62,882.673,0.0,0.0,0.5162,0.449512,0.0,1,0.0011754664,0.011639009,0.011559766272402353
RIYBOS_clean,8.27117,7.50835,8.18647,1.23809,2073.81,1675.0,0.0,0.0,0.6628,0.535339,0.0,1,0.0018623873,0.0179905691,0.01847458405295665
RIYWED_clean,4.63321,3.54746,4.62492,1.48698,355.273,238.923,0.0,0.0,0.3958,0.266178,0.0,1,0.0004051778,0.0040962858,0.004060033285458165
RIYXIG_clean,5.32542,4.68558,5.29552,1.52248,1574.19,1033.97,0.0,0.0,0.575,0.377674,0.0,1,0.0009492628,0.0094884886,0.009703272498754755
ROBWAH_clean,5.06604,4.01581,5.06032,1.4577,413.629,283.754,105.001,72.0315,0.443,0.303902,0.0,1,0.000560633,0.0050992069,0.0057121720325410226
ROGSAI_clean,7.26111,4.49108,7.2508,1.17019,1831.91,1565.48,0.0,0.0,0.6072,0.51889,0.0,1,0.0017561584,0.0167685968,0.017604566363295254
RONZOJ_clean,4.79668,3.08547,4.79668,1.8064,0.0,0.0,616.399,341.231,0.4724,0.261515,0.0,1,0.0004961984,0.0050864323,0.0050359415004452585
ROPVIB_clean,4.80052,3.11597,4.80052,1.58584,0.0,0.0,683.84,431.217,0.5606,0.353504,0.0,1,0.0006254093,0.006377889,0.006444471870849127
ROQDIM01_clean,5.18977,2.65274,5.18977,1.04189,0.0,0.0,919.887,882.899,0.579,0.555719,0.0,0,0.0011414758,0.011551847,0.01142245639203928
ROQFUA05_clean,5.30302,2.798,5.30302,0.993255,0.0,0.0,1027.3,1034.28,0.57,0.573871,0.0,0,0.0013419444,0.0131953422,0.013283634959124015
ROQFUA_clean,5.11151,2.66584,5.11151,1.02483,0.0,0.0,897.894,876.138,0.56,0.546431,0.0,0,0.0011311818,0.0119040875,0.011561121103291975
ROQMER01_clean,5.16557,2.65175,5.16557,1.0453,0.0,0.0,913.508,873.92,0.5746,0.549699,0.0,0,0.0010770643,0.0109871886,0.01085433887876241
ROQMER02_clean,5.2044,2.68371,5.2044,1.0365,0.0,0.0,941.167,908.021,0.578,0.557645,0.0,0,0.0010317739,0.0113070527,0.01016678433967515
ROQVIE_clean,8.20229,7.33404,8.17219,0.896085,1741.45,1943.4,0.0,0.0,0.6732,0.751268,0.0,0,0.0026249171,0.0262293278,0.026187250072108183
RORVAX_clean,6.42929,6.08998,6.42929,0.7293,3122.65,4281.71,0.0,0.0,0.7,0.959824,0.0,1,0.0038408581,0.03833938,0.03772963788589266
ROSCEH_clean,5.64584,2.78001,5.60907,1.08673,0.0,0.0,241.723,222.431,0.5,0.460094,0.0,1,0.0006637642,0.0070258818,0.0067014792965595735
ROTQIC_clean,4.94875,3.6681,4.74718,1.32167,723.976,547.773,0.0,0.0,0.481,0.363934,0.0,1,0.0007967162,0.0073915504,0.007959749542408199
ROYJUM_clean,8.75922,3.76722,8.42147,1.05929,1657.4,1564.64,0.0,0.0,0.5928,0.559622,0.0,0,0.0022091378,0.020046865,0.021649117099686713
ROYREE_clean,6.65259,5.04516,6.56274,1.17392,1308.03,1114.24,0.0,0.0,0.5524,0.47056,0.0,1,0.0015216523,0.014030685,0.015061307964789813
RUBTAK01_SL,8.70379,4.00842,8.70379,1.20121,1712.27,1425.46,0.0,0.0,0.5914,0.492338,0.000832496,0,0.0015557662,0.0161836414,0.01552659103734648
RUBTAK02_SL,8.49537,3.88559,8.49537,1.23841,1654.63,1336.08,0.0,0.0,0.5866,0.47367,0.000322994,0,0.0014889952,0.0147046619,0.015007121641377784
RUFTET_clean,5.41592,3.76809,5.41592,1.32563,1019.52,769.082,0.0,0.0,0.4806,0.362546,0.0,0,0.0008350092,0.0083457129,0.008347990768132457
RUGJAG_clean,3.73436,2.82454,3.73436,2.10957,0.0,0.0,191.968,90.9989,0.5156,0.24441,0.0,1,0.000494985,0.0052122195,0.0050028803214425864
RUGJIO_clean,4.04139,2.83688,4.04139,2.02141,0.0,0.0,249.131,123.246,0.4354,0.215394,0.0,0,0.0003518076,0.003432016,0.0035567987062320896
RUGXOI_clean,5.21341,3.72816,5.20196,1.19066,1517.77,1274.73,0.0,0.0,0.586,0.492165,0.0,0,0.0016571892,0.0162481222,0.01629889720059143
RUGYOJ_clean,5.31747,4.41438,5.22074,1.35237,1132.24,837.223,13.731,10.1533,0.5218,0.385841,0.0,1,0.0009635914,0.0101988945,0.009732818861860745
RUGZAW_clean,9.17489,7.98957,9.06653,0.92991,1617.71,1739.64,0.0,0.0,0.6164,0.66286,0.0,1,0.0021576705,0.0210415731,0.021205415249892452
RUHFIL_clean,10.02499,8.76011,10.02499,0.882826,2167.55,2455.24,0.0,0.0,0.7844,0.88851,0.0,1,0.0033234629,0.0334259584,0.033224960621954756
RULQIY_clean,8.44935,6.89767,8.44935,1.57222,1115.58,709.56,0.0,0.0,0.577,0.366998,0.0,1,0.0007918546,0.0087774542,0.008166143012377986
RULVUP_clean,5.01128,4.18788,4.96894,1.11888,878.165,784.859,0.0,0.0,0.5036,0.450092,0.0,1,0.0010282392,0.0097366341,0.010045269575180836
RULXOM_clean,15.36971,3.55595,15.36971,0.839199,1628.5,1940.54,0.0,0.0,0.652,0.776931,0.0,0,0.0027426342,0.0274053943,0.027281865319495266
RUMROI_clean,3.98794,3.20816,3.86657,1.74728,0.0,0.0,319.482,182.846,0.4734,0.270936,0.0,0,0.0004987365,0.0050856928,0.004977937519580328
RUMRUO_clean,3.89523,3.56149,3.89523,2.03382,242.444,119.206,0.0,0.0,0.4326,0.212703,0.0,1,0.0004315873,0.0038558431,0.0042726305071884825
RURPAW_clean,4.26453,3.57847,4.26352,2.09861,723.866,344.926,0.0,0.0,0.4906,0.233773,0.0,1,0.0005760424,0.0061612116,0.005749181025099931
RURPEA_clean,4.37304,3.99561,4.36427,1.79681,1037.11,577.197,0.0,0.0,0.5372,0.298975,0.0,1,0.0007559659,0.0079529046,0.007548218517285064
RUSWUZ_clean,6.54942,3.9072,6.54694,1.21025,1492.0,1232.81,0.0,0.0,0.5598,0.46255,0.0,1,0.0014113642,0.0143894057,0.01418965691324508
RUSXAG_clean,6.44133,3.78742,6.3358,1.2672,1503.0,1186.08,0.0,0.0,0.5486,0.432924,0.0,1,0.0013932338,0.0135208912,0.013856985595721072
RUXKUS_clean,5.88596,2.93597,5.83712,1.08185,0.0,0.0,980.068,905.918,0.549,0.507463,0.0,1,0.0009410724,0.0100161688,0.009671154896553052
RUYTUC_clean,9.67783,7.26872,9.67783,1.16505,1440.32,1236.27,0.0,0.0,0.5776,0.495773,0.0,1,0.0016354324,0.0161297122,0.016196915332250886
RUYVEO_clean,12.21297,10.12216,12.21297,0.962787,1461.82,1518.32,0.0,0.0,0.6354,0.659959,0.0,1,0.0023732148,0.0233548845,0.023106663021001922
RUYZUH_clean,5.57075,3.47029,5.07859,2.36782,1042.81,440.408,0.0,0.0,0.4718,0.199255,0.0,1,0.0006116615,0.0061087965,0.00604316991097751
RUZCOF_clean,5.55577,4.78031,5.52738,1.59859,1464.21,915.939,0.0,0.0,0.603,0.377208,0.0,0,0.0011395896,0.0121251273,0.01151896606755048
S2056989016007027_zl2661sup1_clean,6.51796,4.57602,6.50954,1.14323,1545.49,1351.86,0.0,0.0,0.5984,0.523428,0.0,0,0.0017531482,0.0174482437,0.017517911468232544
SADMIV_clean,3.01628,2.78558,3.01628,1.5669,0.0,0.0,0.0,0.0,0.4248,0.271109,0.0,0,0.0003160849,0.0034875292,0.003045710284093755
SAHBAF_clean,3.95463,2.96684,3.95463,1.55745,0.0,0.0,483.564,310.483,0.5306,0.340684,0.0,0,0.0009133933,0.0093382999,0.008926611784354445
SAHXAD_clean,7.24131,5.09073,7.23502,0.88875,2564.25,2885.23,0.0,0.0,0.6954,0.782447,0.0,1,0.0029336519,0.0287059207,0.02966454535415597
SAPJEZ_clean,6.92299,3.26636,6.92274,1.48778,0.0,0.0,1369.63,920.584,0.5514,0.370619,0.0,0,0.0018829367,0.0133640443,0.013863881908850859
SAQQIL_clean,10.65559,9.10715,10.62918,0.918282,1715.69,1868.37,0.0,0.0,0.6836,0.744434,0.0,1,0.0027958044,0.0275315674,0.027827507940873256
SARHEA_clean,11.57288,10.94497,11.57288,1.13911,1582.39,1389.14,0.0,0.0,0.6384,0.560437,0.0,1,0.0023473017,0.0235911091,0.023129712570741055
SARMEE_clean,4.34974,3.44315,4.3363,1.72993,254.091,146.879,149.818,86.6033,0.429,0.247987,0.0,1,0.0004713332,0.0043072095,0.004698358569312219
SASKIH_clean,3.73163,2.8065,3.72675,1.83974,0.0,0.0,147.343,80.0892,0.4642,0.252318,0.0,1,0.0005182323,0.0050594148,0.005148766667293129
SAYTUJ_clean,5.53716,4.24775,5.50087,1.26647,2678.26,2114.75,0.0,0.0,0.7138,0.563615,0.0,1,0.0015738382,0.0151197834,0.015716490416125852
SEFTUU_clean,11.47019,3.47366,11.47019,0.90919,1502.21,1652.25,0.0,0.0,0.6416,0.705683,0.0,0,0.0018741694,0.0205861143,0.018646057606590386
SEFVAC_clean,11.52297,3.67055,11.52297,0.903784,1536.01,1699.54,0.0,0.0,0.6434,0.711896,0.0,0,0.0019908758,0.0202474366,0.020198411228168487
SEFVUW_clean,11.26795,3.60856,11.26795,0.928704,1552.88,1672.09,0.0,0.0,0.6514,0.701407,0.0,0,0.0018935896,0.019817473,0.01897991211306668
SEFWEH_clean,11.26494,3.61002,11.26494,0.914157,1525.26,1668.49,0.0,0.0,0.6436,0.704037,0.0,0,0.0020091827,0.0198034941,0.020137684950855946
SEHNID_clean,5.75155,4.35756,5.66689,1.44623,1469.69,1016.22,4.17576,2.88733,0.5848,0.404361,0.0,1,0.0010053568,0.0099642863,0.010181354679578187
SEHSOO_clean,5.47299,4.61822,5.4729,1.35698,2221.14,1636.82,0.0,0.0,0.6394,0.471192,0.0,1,0.0015455028,0.0169333369,0.01561974054974922
SEHSUU_clean,5.44704,4.60331,5.44667,1.3755,2258.75,1642.13,0.0,0.0,0.6246,0.454089,0.0,1,0.0016286362,0.017083987,0.016158539083172455
SEHTAB_clean,5.41612,4.59352,5.36104,1.41024,2230.71,1581.8,0.0,0.0,0.6402,0.453966,0.0,1,0.0017554995,0.0170636015,0.017534067605473165
SEHXIN_clean,7.02055,6.72566,7.02055,1.5497,1564.27,1009.4,0.0,0.0,0.5642,0.364069,0.0,0,0.0014040462,0.0141352269,0.013622165793122979
SEHZUB_clean,5.72411,4.04304,5.72411,1.14687,1108.91,966.904,0.0,0.0,0.5276,0.460036,0.0,1,0.0009961103,0.01062278,0.010092554741024995
SEQSOY_clean,6.18995,5.53555,6.17075,1.00925,1555.89,1541.63,0.0,0.0,0.5934,0.587963,0.0,1,0.0020839551,0.0214257118,0.0205272468886759
SERJUV_clean,8.81658,8.12377,8.8037,1.17608,1441.79,1225.93,0.0,0.0,0.577,0.490611,0.0,1,0.0015343625,0.0162303532,0.015357903849193083
SETQEP_clean,4.49444,4.34625,4.49444,1.29869,1133.37,872.699,0.0,0.0,0.5334,0.410721,0.0,0,0.0012078328,0.0113830304,0.012019550766108528
SETXEW_clean,4.58511,3.92335,4.57028,2.3001,529.435,230.179,0.0,0.0,0.417,0.181296,0.0,1,0.0003070664,0.0028921373,0.0030645144983220416
SIFVAG_clean,5.52904,3.49181,5.49354,1.16245,673.998,579.808,0.0,0.0,0.4796,0.412577,0.0,1,0.0007863235,0.007935425,0.007936318854056306
SISFEH_clean,4.41588,3.6646,4.35167,1.61069,592.834,368.062,0.0,0.0,0.4254,0.26411,0.0,1,0.0005080834,0.0054236207,0.00508999018090123
SIVJIS_clean,6.47513,4.62269,6.40533,1.38853,1236.89,890.797,0.0,0.0,0.5274,0.379827,0.0,0,0.001119997,0.0111445114,0.01110316817772835
SIVQAR_clean,8.43693,5.95196,8.03277,1.35381,1577.05,1164.9,0.0,0.0,0.616,0.455013,0.0,1,0.0015484289,0.0151795205,0.015281984773782726
SIVWUR_clean,4.87776,4.03318,4.87776,1.72206,462.742,268.715,0.0,0.0,0.3598,0.208936,0.0,0,0.0004578915,0.0045961532,0.004475315295313539
SIWPUL11_clean,3.73937,3.20845,3.73937,1.4711,0.0,0.0,33.5218,22.7869,0.4754,0.32316,0.0,0,0.0003687137,0.0037543001,0.0036869477826708586
SIWSUO_clean,4.95346,3.52092,4.93971,1.30798,969.125,740.933,0.0,0.0,0.499,0.381505,0.0,1,0.0011020035,0.0111697176,0.01075076561814681
SIZJUH_clean,6.46611,5.64692,6.46611,1.69172,651.341,385.016,66.1469,39.1003,0.474,0.280188,0.0,1,0.0006942771,0.0069438089,0.00696745078330391
SODXUG_clean,4.72864,4.01613,4.71178,1.34536,905.757,673.244,0.0,0.0,0.4682,0.34801,0.0,1,0.001049047,0.009613838,0.010416084386923164
SOHMIM_clean,8.13654,7.41946,8.10265,1.23579,2022.73,1636.78,0.0,0.0,0.6656,0.538601,0.0,0,0.0017965553,0.0178246725,0.018062229181102653
SOHNIN_clean,8.46136,7.91648,8.46136,1.21276,2069.15,1706.15,0.0,0.0,0.6704,0.552789,0.0,0,0.0018696288,0.0181242081,0.01860200298453508
SOKWAS_clean,6.00629,4.14523,5.99555,1.89659,1733.95,914.246,0.0,0.0,0.6016,0.317201,0.0,1,0.0011271471,0.0111872544,0.011177259053228287
SOKWUM_clean,5.85854,4.29712,5.84922,1.62759,2447.15,1503.54,0.0,0.0,0.6492,0.398872,0.0,1,0.0013395579,0.0136888758,0.013386079521058167
SOPLEQ_clean,8.78838,7.50509,8.78838,0.73171,2217.3,3030.3,0.0,0.0,0.6802,0.929603,0.0,0,0.0034619529,0.0346323467,0.03433994354558294
SOSSEA_clean,4.66034,3.46037,4.63504,1.16769,974.945,834.933,0.0,0.0,0.5088,0.435731,0.0,0,0.0011529652,0.01095048,0.011453513037891017
SOTXEG_neutral,5.04075,3.40746,5.04075,1.50786,630.779,418.326,0.0,0.0,0.472,0.313026,0.0,0,0.0005748046,0.0059109391,0.005776412758787304
SOVHAM_clean,4.88485,4.19849,4.88485,1.17469,1409.46,1199.86,0.0,0.0,0.5526,0.470422,0.0,1,0.0010682449,0.0112266021,0.01082189492261791
SOVLEW_clean,16.78989,6.64048,16.78989,0.755158,2186.99,2896.07,0.0,0.0,0.742,0.982576,0.0,1,0.0037925724,0.0377302245,0.03780577437722967
SOXDEQ_clean,7.82825,4.19616,7.82511,1.75226,1007.81,575.152,0.0,0.0,0.4478,0.255556,0.0,1,0.0008164441,0.0082731283,0.008039499768179172
SOYFUJ_clean,4.60508,3.53241,4.56134,1.47456,918.914,623.177,0.0,0.0,0.5152,0.349392,0.0,1,0.0007635246,0.0075527775,0.0077789585190194376
SOZPUU_clean,5.35123,2.85135,5.3323,1.39051,0.0,0.0,254.169,182.788,0.3182,0.228836,0.0,0,0.0002713349,0.0027286852,0.0028649851991814006
SOZRUW_clean,8.81736,4.01112,8.59398,0.978332,1794.66,1834.4,0.0,0.0,0.6308,0.644771,0.0,1,0.00236552,0.0233692193,0.0232820041684962
SOZSAD_clean,8.8027,3.99777,8.80075,0.979603,1802.77,1840.31,0.0,0.0,0.6322,0.645363,0.0,1,0.0023743257,0.0238674453,0.0232397676948066
SUCLOT_clean,5.75412,5.30597,5.75185,0.900285,1657.72,1841.33,0.0,0.0,0.6148,0.682895,0.0,1,0.0021732448,0.0213299996,0.02155243361427473
SUFJIO_clean,6.28851,3.57969,6.27024,1.16864,1486.44,1271.94,3.80569,3.2565,0.6096,0.52163,0.0,1,0.0016223393,0.0155523869,0.015947182459348362
SUFJOU_clean,6.30332,3.54841,6.29414,1.24899,1424.61,1140.61,0.0,0.0,0.571,0.457169,0.0,1,0.0015129133,0.0147676615,0.014922887091496594
SUKRIB_clean,5.67492,3.40868,5.64201,2.09272,780.987,373.192,0.0,0.0,0.4274,0.204232,0.0,1,0.0005244816,0.0056675796,0.005163295775863428
SUNHIT_clean,5.0304,2.73406,4.53432,1.34905,0.0,0.0,956.517,709.029,0.5452,0.404136,0.0,1,0.0010838977,0.0109927827,0.010996340495584535
SUNHOZ_clean,5.04432,2.75672,4.76799,1.18985,0.0,0.0,944.831,794.075,0.5354,0.449973,0.0,1,0.0012419333,0.0125025735,0.012556735295934998
SUNHUF_clean,6.56646,4.08998,6.54784,1.26553,1485.95,1174.18,0.0,0.0,0.5694,0.449931,0.0,0,0.0014727672,0.013958217,0.01449990862259649
SUNJIV_clean,4.89155,3.90131,4.73471,1.36084,1754.51,1289.29,0.0,0.0,0.5968,0.438553,0.0,1,0.0013911353,0.0138479137,0.013877009530108328
SUPLOF_clean,9.82615,5.81764,9.823,0.800346,2153.22,2690.36,0.0,0.0,0.6784,0.847633,0.0,0,0.0028952704,0.0299421112,0.029583893877558876
SUVZUG_clean,5.03983,3.1326,5.03983,1.62871,0.0,0.0,611.92,375.709,0.465,0.285502,0.0,1,0.0006194978,0.0059675334,0.006206501600498108
TACFIN_clean,4.11781,3.54093,4.10826,2.15064,560.827,260.772,0.0,0.0,0.499,0.232024,0.0,0,0.0006052932,0.0058938411,0.006032438650456917
TACJIS_clean,4.83288,3.1608,4.83288,1.22564,0.0,0.0,811.728,662.29,0.5448,0.444503,0.0,1,0.0010057642,0.0102330447,0.009901447228915132
TACPET_clean,6.03338,5.92233,6.03037,1.73347,616.775,355.803,0.0,0.0,0.4186,0.241481,0.0,0,0.0005513026,0.0049260452,0.005558722280047076
TACPIX_clean,6.11363,6.00668,6.11363,1.71163,630.3,368.246,0.0,0.0,0.4286,0.250405,0.0,0,0.0005179253,0.0050238755,0.005216760203579821
TACYAX_clean,5.05515,2.69572,5.05515,1.22535,0.0,0.0,567.11,462.815,0.494,0.40315,0.0,1,0.0006311804,0.0063763984,0.0064727035465952185
TAFBIN_clean,4.89948,3.22692,4.89948,1.6684,0.0,0.0,451.74,270.763,0.4126,0.247303,0.0,0,0.0003631601,0.0037066452,0.0037224019356563933
TAKTIL_clean,7.09237,6.9712,7.09237,1.23349,1578.28,1279.52,0.0,0.0,0.5866,0.47556,0.0,0,0.0019179122,0.0196356683,0.019015746336908484
TAKVAF_clean,7.05263,6.93916,7.05263,1.17979,1573.47,1333.69,0.0,0.0,0.5826,0.493819,0.0,0,0.0019291775,0.0192895681,0.0191659319341323
TAPXIT01_clean,5.69893,5.36843,5.69893,1.57809,498.722,316.029,0.0,0.0,0.4096,0.259554,0.0,1,0.0004205195,0.0045669006,0.004256758198495625
TARWEO_clean,5.90162,5.41792,5.90162,1.76228,855.544,485.476,0.0,0.0,0.4612,0.261707,0.0,1,0.0005817793,0.0059860859,0.005863871854540616
TAVQEN_clean,4.08626,2.97808,4.08626,1.83753,0.0,0.0,275.28,149.81,0.451,0.245439,0.0,0,0.0010935541,0.0066154748,0.010276529108584256
TAWYUO_clean,7.27421,6.44823,7.26586,0.918654,1410.21,1535.08,0.0,0.0,0.5716,0.622215,0.0,1,0.0017035729,0.0177370637,0.017234146937380616
TAZLOX_clean,11.11165,6.76913,11.10718,0.977004,2218.73,2270.96,0.0,0.0,0.7358,0.753118,0.0,1,0.002805764,0.0285233209,0.027934369812792962
TAZLUD_clean,11.12433,6.7889,11.12433,0.98349,2237.28,2274.84,0.0,0.0,0.7358,0.748152,0.0,1,0.0026643244,0.0281738605,0.027089467427971105
TEDXOR_clean,4.80997,3.90285,4.79195,1.24859,706.426,565.776,0.0,0.0,0.4748,0.380268,0.0,1,0.0008245381,0.0084151016,0.008146366281103174
TEJGIA01_clean,4.64544,3.84764,4.60599,1.88324,1040.62,552.567,0.0,0.0,0.4686,0.248826,0.0,1,0.000607308,0.0058968272,0.006164766953577251
TEJGIA_clean,4.64155,3.86357,4.62359,1.88003,1035.3,550.681,0.0,0.0,0.4662,0.247975,0.0,1,0.000560371,0.0057406896,0.005757956830159592
TENQOS_clean,6.34819,4.3477,6.32525,1.05624,2172.8,2057.11,0.0,0.0,0.6388,0.604787,0.0,1,0.0018548665,0.018050033,0.01895471366223501
TEQWER01_clean,4.21874,3.59841,4.17878,1.6409,883.632,538.504,0.0,0.0,0.5372,0.327381,0.0,1,0.0007134827,0.0072426793,0.007116222424093788
TETVIZ_clean,5.51517,3.41736,5.00993,2.38206,1155.9,485.251,0.0,0.0,0.4816,0.202178,0.0,1,0.0006813464,0.0066038859,0.006762752762911563
TEVZEA_clean,4.59329,3.52297,4.53885,1.97043,629.425,319.434,0.0,0.0,0.444,0.225331,0.0,0,0.0004586632,0.0047042762,0.004517297909130658
TEVZIE_clean,4.89772,3.64059,4.89772,1.88802,794.062,420.579,0.0,0.0,0.468,0.247879,0.0,0,0.0005405673,0.0056394726,0.005397082165935105
TEVZOK_clean,4.56897,3.54471,4.54551,1.97903,632.114,319.407,0.0,0.0,0.4392,0.221927,0.0,0,0.0004527065,0.0047161895,0.004517297909130658
TEWGEJ01_clean,4.12717,3.22353,4.12717,1.3058,0.0,0.0,347.715,266.285,0.429,0.328534,0.0,0,0.0004845194,0.0049025515,0.0048774482289627025
TEWGEJ_clean,5.1192,3.89364,5.10203,1.1805,1020.25,864.259,0.0,0.0,0.4966,0.420671,0.0,1,0.001094857,0.0108803494,0.010898202569550312
TEZKAM_clean,6.18548,4.52304,6.11894,1.1169,1248.24,1117.59,0.0,0.0,0.5306,0.475064,0.0,1,0.0013849811,0.0139761065,0.013783069536901468
TIDMEA_clean,6.05011,4.95275,5.94474,1.747,1488.92,852.276,0.0,0.0,0.5394,0.308759,0.0,1,0.00091358,0.0094334123,0.009101791876290637
TIGQOR_clean,6.65565,3.03325,6.64798,1.54592,0.0,0.0,1165.13,753.681,0.5468,0.353704,0.0,0,0.0013440351,0.0129039452,0.012921310014255373
TIJPOT_clean,4.06689,3.45193,4.06689,1.44348,706.681,489.567,0.0,0.0,0.526,0.364397,0.0,1,0.0006005066,0.0065456391,0.00608137682647076
TILHEC_clean,3.75288,3.12554,3.74545,1.34381,0.0,0.0,197.744,147.152,0.4516,0.33606,0.0,1,0.0007398991,0.0073397325,0.0074118999595524865
TILVUF_clean,5.76983,4.47642,5.76568,1.10794,2807.97,2534.4,0.0,0.0,0.7218,0.651478,0.0,0,0.0021098921,0.0199709398,0.020539898793675338
TIQGEG_clean,3.99152,3.05406,3.97959,2.17194,0.0,0.0,191.126,87.9977,0.4328,0.199268,0.0,1,0.000378759,0.003676599,0.003727161456108292
TIQHAD_clean,4.94141,3.41905,4.94141,1.59594,416.437,260.936,0.0,0.0,0.3934,0.246501,0.0,0,0.0004619709,0.0043585501,0.004512768579246654
TIRRIW_clean,6.09614,5.02444,6.09614,1.07096,1529.04,1427.73,0.0,0.0,0.5558,0.518974,0.0,0,0.0016332918,0.0165636088,0.01628950129171357
TISNEQ_clean,3.60062,2.76215,3.59278,1.34609,0.0,0.0,38.828,28.8451,0.425,0.31573,0.0,0,0.0002860055,0.0027675235,0.0028366678229490134
TIVYAZ01_clean,8.9528,6.92043,8.9528,0.77854,2139.65,2748.28,0.0,0.0,0.7276,0.934569,0.0,1,0.0035239087,0.035259954,0.035218757641336806
TIXMIX_clean,5.48641,4.37851,5.43408,1.55041,1423.25,917.982,0.0,0.0,0.5816,0.375127,0.0,0,0.001088876,0.0111702948,0.010833909570785196
TIYZEG_clean,4.29836,2.87757,4.29317,1.98693,0.0,0.0,498.963,251.122,0.4832,0.243189,0.0,1,0.0003600338,0.0033201233,0.0037138276306469676
TOHJIL_clean,5.54681,3.74513,5.54681,2.48482,1379.64,555.227,0.0,0.0,0.5704,0.229553,0.0,1,0.0006771746,0.0068874787,0.006826465549750726
TOHYOF_clean,4.95921,3.31181,4.94339,1.25515,1437.58,1145.35,0.0,0.0,0.5604,0.446482,0.0,0,0.001315113,0.0131041628,0.013362686492220053
TOHYUL_clean,7.14824,6.33455,7.14824,1.33984,1522.29,1136.17,0.0,0.0,0.5742,0.428558,0.0,1,0.0014069518,0.0138666319,0.014033148088547519
TONTOH_clean,8.07783,3.80615,8.07783,0.808912,2062.02,2549.12,0.0,0.0,0.628,0.776351,0.0,0,0.0027178361,0.0274407635,0.027419432508345425
TOPKIT_clean,8.32819,5.0756,8.31268,0.957644,2418.19,2525.15,0.0,0.0,0.6634,0.692742,0.0,1,0.0026030272,0.0271531048,0.025709269080450955
TORJUH_clean,5.30819,3.79107,5.29306,1.12185,1513.8,1349.38,0.0,0.0,0.5828,0.519498,0.0,1,0.0014484253,0.0142074502,0.014429534028880439
TOXHAR_clean,4.88487,4.27765,4.88487,1.14926,1012.18,880.723,0.0,0.0,0.4974,0.4328,0.0,1,0.0009330981,0.0092840798,0.00942528170819954
TOXNEB_clean,7.00092,6.86576,7.00092,1.06886,1568.91,1467.83,0.0,0.0,0.5846,0.546936,0.0,0,0.0023313439,0.0207054553,0.021428200772910508
TOXNIF_clean,6.95996,6.82273,6.95996,1.06718,1555.99,1458.03,0.0,0.0,0.5754,0.539176,0.0,0,0.0020790125,0.020624698,0.020411198219422465
TUBLIN_clean,5.27232,3.84215,5.27232,1.23985,960.484,774.675,0.0,0.0,0.4788,0.386175,0.0,0,0.0008786136,0.0088650967,0.008899973334722535
TUKCOT_clean,5.03348,3.75359,4.98119,1.1597,1353.77,1167.35,0.0,0.0,0.5642,0.486504,0.0,1,0.0014099188,0.0143062047,0.014109738386071708
TUMGOX_clean,3.4731,2.61221,3.4731,1.87019,0.0,0.0,33.4605,17.8915,0.4894,0.261685,0.0,1,0.000602784,0.0057033507,0.00601870478786934
TUMRAW_clean,4.33484,3.3089,4.32725,1.28672,0.0,0.0,825.874,641.843,0.4936,0.38361,0.0,0,0.0009712643,0.0094864345,0.009512786156314871
TUMREA_clean,4.44212,3.35998,4.43668,1.27418,943.724,740.65,0.0,0.0,0.5032,0.39492,0.0,0,0.0010523717,0.0106916678,0.010490133503622528
TUMROK_clean,4.44242,3.69598,4.44242,1.23691,1067.61,863.126,0.0,0.0,0.5056,0.40876,0.0,0,0.0012137434,0.0112616499,0.011924748777522375
TUPDOZ_clean,4.88368,4.4419,4.87874,1.30126,809.227,621.881,0.0,0.0,0.487,0.374254,0.0,1,0.0008588349,0.0087020188,0.008461551658448878
TURFAP_clean,6.01435,4.39558,5.97493,1.05478,1276.17,1209.89,0.0,0.0,0.5208,0.493754,0.0,0,0.0013612289,0.0136576116,0.013756039266121059
TUTHOG_clean,7.58539,5.94334,7.58539,1.03555,1488.56,1437.45,0.0,0.0,0.5586,0.539422,0.0,1,0.0019519179,0.0196067374,0.01852348885247014
TUYFIE_clean,5.48587,4.03732,5.48587,1.18223,1310.67,1108.64,0.0,0.0,0.5692,0.481463,0.0,1,0.0014603166,0.0151056134,0.014430276495960131
TUYHOL_clean,5.84321,4.88702,5.4789,3.20354,994.943,310.576,0.0,0.0,0.468,0.146088,0.0,1,0.0003748687,0.0038506731,0.0036906929118542767
TUYHUR_clean,9.01467,4.33972,9.01467,1.00323,2258.33,2251.06,0.0,0.0,0.7092,0.706918,0.0,1,0.0023907014,0.0242909599,0.023477117909812068
TUYJAZ_clean,9.06373,3.5335,9.05923,1.06444,1888.19,1773.89,0.0,0.0,0.6828,0.641464,0.0,1,0.0020318264,0.0194036387,0.020428076266320594
TUZNOS_clean,9.10066,3.05347,9.10066,1.20356,0.0,0.0,1028.97,854.941,0.5326,0.44252,0.0,1,0.0011953271,0.0116299178,0.012034999724623182
TUZVUH_clean,8.88409,8.01315,8.88409,1.36955,1074.66,784.684,0.0,0.0,0.5192,0.379103,0.0,1,0.001038776,0.0107803693,0.010206405693134196
UBULUA_clean,8.25861,7.55924,8.25861,1.22262,2063.77,1688.0,0.0,0.0,0.67,0.548005,0.0,1,0.0017998469,0.0183691031,0.018121236115808504
UBUROY_clean,6.6651,5.3887,6.6651,1.08106,2567.3,2374.8,0.0,0.0,0.7436,0.687844,0.0,1,0.0018248057,0.0185750623,0.018466564336468743
UCEGEQ_clean,4.6624,3.53865,4.56509,1.68077,1210.21,720.033,0.0,0.0,0.5348,0.318188,0.0,1,0.0007033471,0.0070865537,0.007132608943880112
UCEXAC_clean,6.32023,4.85158,6.32023,1.4352,1385.63,965.467,0.0,0.0,0.5604,0.390469,0.0,1,0.0012788393,0.0125232547,0.012579392936267891
UCOJAZ_clean,8.09472,7.35206,8.09472,1.24694,2013.79,1614.99,0.0,0.0,0.6576,0.527372,0.0,1,0.0017215068,0.0173934729,0.0173204736900967
UCUTIW_clean,6.35635,5.83008,6.34586,1.00359,1563.59,1558.0,0.0,0.0,0.6334,0.631134,0.0,1,0.001823774,0.0185693351,0.01847449555745386
UDUMIP02_clean,7.11427,6.32764,7.10696,1.42622,1719.35,1205.53,0.0,0.0,0.5884,0.412559,0.0,1,0.0014339821,0.0146576635,0.014309294470537802
UDUMIP_clean,7.19202,6.41478,7.18204,1.40092,1718.44,1226.65,0.0,0.0,0.5958,0.425293,0.0,1,0.0014128631,0.0146851182,0.014060945494686564
UFEMIC_clean,5.26486,4.19267,5.24985,1.20943,1737.26,1436.43,0.0,0.0,0.6508,0.538107,0.0,0,0.0013394477,0.0132460079,0.013691889796937903
UFEVIL_clean,6.75773,4.04783,6.73846,1.05377,1465.81,1391.02,0.0,0.0,0.5784,0.548886,0.0,1,0.0014347095,0.0145340911,0.014642728784676916
UFEXIN_clean,5.2808,5.11213,5.27438,2.36936,1181.21,498.534,0.0,0.0,0.4788,0.20208,0.0,1,0.0005961501,0.0058205929,0.005995841578640046
UFITEJ_clean,4.28866,3.3328,4.22514,1.50236,891.064,593.111,0.0,0.0,0.5408,0.359968,0.0,0,0.0010666947,0.0100901553,0.010629517986370095
UFUNAK_clean,4.15354,2.89336,4.14541,1.54075,0.0,0.0,201.949,131.072,0.4016,0.260652,0.0,1,0.0004287399,0.0042497902,0.004325581707456015
UFUNIS_clean,4.49854,3.78199,4.40172,1.42532,684.322,480.117,0.0,0.0,0.4402,0.308843,0.0,1,0.0007875275,0.0078718901,0.007865635136902988
UGAPOI_clean,5.05393,2.87926,5.05393,0.844299,0.0,0.0,1063.34,1259.43,0.547,0.647875,0.0,0,0.0018636781,0.0176894114,0.016894999377400063
UGUHAG_clean,4.84717,4.36591,4.84717,1.73201,1080.53,623.859,0.0,0.0,0.576,0.332562,0.0,1,0.0009728849,0.0100371674,0.009689918973858017
UGUHEK_clean,4.77594,4.10655,4.77594,1.75746,691.545,393.492,145.139,82.5845,0.5694,0.323991,0.0,1,0.0009610416,0.0090009041,0.009522989615505427
UHISEK_clean,4.62036,2.94968,4.54474,1.89246,0.0,0.0,318.192,168.136,0.417,0.220348,0.0,0,0.0004420285,0.004167697,0.004466749013280502
UJIPEK_clean,4.71494,2.89064,4.02155,2.9774,0.0,0.0,492.418,165.385,0.464,0.155841,6.72e-05,1,0.0003574955,0.0034628412,0.0036095046148515446
UJUXOM_clean,3.8942,2.89771,3.83746,1.54689,0.0,0.0,131.618,85.0856,0.476,0.307715,0.0,1,0.0002284821,0.0022573596,0.0024224579719466636
UKAQED_clean,6.96134,4.79708,6.96134,1.16653,1696.68,1454.47,0.0,0.0,0.581,0.49806,0.0,0,0.0016755105,0.0171756378,0.017060286139131416
UKAQIH_clean,7.0082,4.78738,7.0082,1.16844,1713.29,1466.3,0.0,0.0,0.5844,0.500152,0.000171168,0,0.0017565847,0.0171738564,0.017885491159709006
UKAZEM_clean,10.77132,8.65206,10.76899,0.789293,2030.11,2572.07,0.0,0.0,0.7756,0.982652,0.0,1,0.0036159864,0.0364113908,0.03619081382371995
UKUCAF_clean,7.2141,4.4286,6.87747,1.05667,1313.72,1243.26,0.0,0.0,0.5246,0.496466,0.0,0,0.0015533377,0.0159564615,0.015368736243783009
UKUPEX_clean,4.61528,3.37476,4.61528,1.18566,772.627,651.645,0.0,0.0,0.489,0.41243,0.0,1,0.0010944827,0.0113812562,0.010862497464246421
UKUTEB_clean,4.86135,2.69161,4.85098,1.25674,0.0,0.0,774.156,616.001,0.4814,0.383053,0.0,1,0.0009225711,0.0096592581,0.008945086573506893
ULAQAB_clean,5.27643,3.51743,4.89733,1.04387,1032.19,988.815,0.0,0.0,0.5466,0.523628,0.0,0,0.0012072833,0.0119725889,0.012129987263592951
ULASAD_clean,8.38485,6.51445,8.17533,0.647842,2428.58,3748.72,0.0,0.0,0.7298,1.12651,0.0,1,0.0039101664,0.0382013854,0.03960833168604053
ULOGAE_clean,6.57121,5.40028,5.95167,1.35328,2211.75,1634.36,0.0,0.0,0.6272,0.463465,0.0,1,0.001742422,0.0171386683,0.017344709704068664
ULOKAJ_clean,8.7673,6.34979,8.7673,1.30492,1735.79,1330.19,0.0,0.0,0.637,0.488152,0.0,0,0.0015029446,0.0153513642,0.015265026200815832
ULOLEO_clean,8.29808,5.90829,8.29808,1.34322,1731.11,1288.78,0.0,0.0,0.6394,0.47602,0.0,0,0.0014259211,0.01432636,0.014399004106634757
ULUQAV_clean,3.81421,2.96104,3.78648,1.8271,0.0,0.0,106.613,58.3507,0.4082,0.223414,0.0,1,0.0003067051,0.0029757697,0.003025962484862325
UMEHOL_clean,7.1388,4.96773,6.18362,1.60251,1384.6,864.024,0.0,0.0,0.5636,0.351699,0.0,1,0.0011645742,0.0120110737,0.011500897292450817
UMELEF_clean,6.19405,5.34016,6.17707,1.64272,1285.83,782.746,0.0,0.0,0.5076,0.309,0.0,1,0.0010931492,0.0111138946,0.010750954995344522
UMEQAG_clean,7.17863,4.94429,6.16873,1.58166,1384.15,875.123,0.0,0.0,0.5566,0.351908,0.0,1,0.0012198992,0.012104671,0.012242821240868867
UMESOW_clean,7.17498,4.93769,6.17391,1.56952,1391.65,886.672,0.0,0.0,0.5498,0.350298,0.0,1,0.0012589417,0.012149987,0.012482158235857589
UMEXUF_clean,5.96732,4.46538,5.94889,1.62337,1487.02,916.008,0.0,0.0,0.5378,0.331286,0.0,1,0.0011537855,0.0120204142,0.011475827640196251
UMOBEF08_clean,9.5277,6.07844,9.52714,0.722374,2381.06,3296.16,0.0,0.0,0.701,0.970411,0.0,1,0.0036176788,0.0348554043,0.036183266674073636
UMODEH04_clean,11.36787,5.34922,11.36787,0.533932,2752.39,5154.94,0.0,0.0,0.771,1.444,0.0,1,0.0054813538,0.0534144671,0.053942422158711985
UMODEH07_clean,11.33302,5.24933,11.33302,0.558087,2863.98,5131.77,0.0,0.0,0.7612,1.36394,0.0,1,0.0050051431,0.05116478,0.05097496532259499
UMODEH09_clean,7.58377,5.1021,6.14779,0.720299,2563.17,3558.48,0.0,0.0,0.6962,0.966543,0.0,1,0.0031200037,0.0340507375,0.03254691889825349
UMODEH13_clean,8.08,5.10727,6.08981,0.75692,2343.08,3095.55,0.0,0.0,0.6792,0.89732,0.0,1,0.0032940673,0.031610566,0.03285116106899674
UMOYOM13_clean,8.08915,5.1527,6.21939,0.677127,2892.06,4271.07,0.0,0.0,0.7078,1.0453,0.0,1,0.0039412316,0.039696892,0.03888385858357751
UMUBAH_clean,10.24236,5.23581,10.24236,0.576725,2914.77,5054.0,0.0,0.0,0.7536,1.30669,0.0,1,0.0047555424,0.0491942512,0.04841429151348688
UMUXEG_clean,9.49806,8.4757,9.49806,2.20878,1092.16,494.464,0.0,0.0,0.5272,0.238684,0.0,1,0.0006863387,0.0070728241,0.006769730009728961
UNABUH01_clean,4.05122,3.33932,4.02008,1.55967,313.356,200.911,0.0,0.0,0.398,0.255182,0.0,1,0.0005286656,0.0047909381,0.005264568363609158
UNIPAJ_clean,4.43325,2.61552,4.42646,1.38943,0.0,0.0,445.089,320.339,0.471,0.338988,0.0,1,0.0006267606,0.0058665342,0.006412643751942672
UNOJUD_clean,6.35419,2.69249,6.34724,1.52961,0.0,0.0,896.126,585.851,0.4676,0.305698,0.0,1,0.0007774142,0.0077297186,0.007876556608165794
USISEW_clean,4.41857,3.83614,4.34351,1.41445,243.314,172.02,0.0,0.0,0.4008,0.28336,0.0,1,0.0003049822,0.0027896619,0.003082959078259594
UTUMAY_clean,4.48241,3.06783,4.48241,1.23359,0.0,0.0,651.46,528.103,0.496,0.40208,0.0,1,0.000847246,0.0079282124,0.008546045086717302
UVANUC_clean,4.85728,3.61043,4.47871,1.46742,436.6,297.529,393.627,268.244,0.5082,0.346323,0.0,1,0.00088426,0.0089871962,0.008867393989670338
UVARIT_clean,4.76443,3.17403,4.76443,1.2266,0.0,0.0,435.65,355.168,0.447,0.364421,0.0,0,0.0006148765,0.0063622829,0.006289609942887087
UVOTOQ_clean,11.52321,9.17095,11.02494,1.0394,1689.27,1625.24,0.0,0.0,0.6776,0.651916,0.0,1,0.0025078881,0.024799218,0.025065298788860782
UVUDUM_clean,7.11279,4.8596,7.11279,1.37449,836.385,608.506,0.0,0.0,0.489,0.355769,0.0,1,0.0006250788,0.0063967458,0.006504837146520869
UVUWAL_clean,5.70984,4.07494,5.63813,1.12706,1693.32,1502.42,0.0,0.0,0.5456,0.484089,0.0,0,0.0016179811,0.0158420362,0.016043264529018914
UWOWAF_clean,5.4452,4.14635,5.44512,1.16308,1303.91,1121.08,0.0,0.0,0.5534,0.475804,0.0,1,0.0015281178,0.0153278965,0.015075098158984746
UXEDUX_clean,4.50403,2.92726,4.50403,2.04861,0.0,0.0,455.826,222.505,0.467,0.227959,0.0,0,0.0003841819,0.0040217635,0.0038189309599407726
UZAFIL_clean,4.70148,3.08623,4.70148,1.15464,0.0,0.0,556.991,482.392,0.481,0.416579,0.0,1,0.000740303,0.0078356168,0.007482513099711239
UZANEP_clean,4.6214,3.0946,4.61473,1.81199,0.0,0.0,534.391,294.92,0.4674,0.257949,0.0,1,0.0005127602,0.0055428198,0.0051630298726145635
UZAROE_clean,19.54541,7.16489,19.54541,0.922216,1503.01,1629.78,0.0,0.0,0.6638,0.719788,0.0,0,0.0023956326,0.0242764801,0.023872286408608515
UZOBAN_clean,6.16935,4.44214,6.16935,0.864572,2160.34,2498.74,0.0,0.0,0.6496,0.751355,0.0,1,0.0024067203,0.0230334121,0.024632454474791454
VACFUB01_clean,8.53124,8.3704,8.53124,1.18192,1047.12,885.95,0.0,0.0,0.5384,0.455532,0.0,0,0.0013906289,0.0131508648,0.013464084164688406
VAGTAA01_clean,5.66319,4.40941,5.66319,0.999593,1775.32,1776.04,0.0,0.0,0.611,0.611249,0.0,1,0.0021046444,0.0221709924,0.02070667040339489
VAJTUX_clean,4.46543,2.91526,4.42499,1.45189,0.0,0.0,408.358,281.26,0.458,0.315452,0.0,1,0.0005912846,0.0063017237,0.005957137810479378
VAKBIU_clean,5.76642,3.81153,5.76642,1.03317,1207.86,1169.08,0.0,0.0,0.5546,0.536794,0.0,0,0.0014134115,0.0135798951,0.014158123202954532
VALVIQ_clean,5.21348,4.28071,5.21348,1.82071,1261.82,693.039,0.0,0.0,0.5078,0.278902,0.0,1,0.0008378218,0.0082268306,0.00833967423570675
VALXOY_clean,10.47061,5.58858,8.23634,0.777087,1484.63,1910.51,601.467,774.002,0.6808,0.876093,0.0,1,0.0034222224,0.0338317734,0.033291979426947796
VAMQAE_clean,7.70786,5.78406,7.70755,1.38137,1401.32,1014.44,0.0,0.0,0.5594,0.404959,0.0,0,0.0010250843,0.010426724,0.0103830154295153
VANNEG_clean,11.28278,7.20114,10.99968,0.910221,2188.91,2404.81,0.0,0.0,0.7194,0.790358,0.0,1,0.002761294,0.0293040201,0.027877853217608526
VAPBIZ_clean,6.25794,3.6162,5.25123,1.10539,876.554,792.979,162.666,147.157,0.5196,0.470059,0.0,0,0.0011537739,0.0108174216,0.011424580645270454
VASFIH_clean,5.55628,5.01575,5.54452,1.55799,1392.72,893.922,0.0,0.0,0.5596,0.359181,0.0,0,0.0011153911,0.0105348427,0.011148761422028157
VASGUU_clean,6.24288,4.56068,6.2408,1.07396,2025.67,1886.18,0.0,0.0,0.6304,0.586989,0.0,1,0.0020682675,0.0197407966,0.02056593095680599
VATVIY_clean,6.85041,4.79302,6.73681,1.28666,1128.63,877.177,0.0,0.0,0.517,0.401816,0.0,1,0.0009121499,0.0088786464,0.009165542620166953
VATYAR_clean,5.8425,4.85588,5.8425,1.4789,2001.31,1353.25,0.0,0.0,0.6196,0.418961,0.0,1,0.0014554581,0.0140618407,0.014503267127814773
VATYEV_clean,5.69723,4.67285,5.69723,1.60096,1965.06,1227.43,0.0,0.0,0.61,0.381022,0.0,1,0.0012927452,0.012858302,0.012887742845563311
VATYIZ_clean,5.77973,4.6993,5.77973,1.51124,2028.88,1342.53,0.0,0.0,0.6162,0.407745,0.0,1,0.0014623695,0.0136723633,0.014596573355880983
VATYOF_clean,5.86599,4.67382,5.86599,1.53817,2040.49,1326.58,0.0,0.0,0.622,0.404378,0.0,1,0.0013501743,0.0133224244,0.013581192765469716
VAXMUF_clean,6.97885,4.73882,6.97885,0.91747,1247.84,1360.09,0.0,0.0,0.5948,0.648304,0.0,1,0.0013280117,0.0139946355,0.013933253783122414
VECZAG_clean,9.10711,7.36025,9.10711,1.61302,1710.75,1060.59,0.0,0.0,0.6522,0.404334,0.0,1,0.0013789271,0.0137840235,0.013707242114391203
VECZEI_clean,5.84999,3.52276,5.84999,0.90542,1514.07,1672.22,0.0,0.0,0.6422,0.709284,0.0,0,0.0018257875,0.0173884552,0.01828481839763124
VEDFIV_clean,5.7298,3.89416,5.70244,1.06894,1581.69,1479.68,0.0,0.0,0.5684,0.531742,0.0,0,0.0016162846,0.016032699,0.01595224591714158
VEHYUE_clean,6.12673,3.44814,6.105,1.87284,355.438,189.786,95.0653,50.7601,0.4804,0.256509,0.0,1,0.0004844719,0.0052334153,0.00490863137655331
VEJHID_clean,17.65342,7.8833,11.58918,0.646039,2104.35,3257.31,0.0,0.0,0.7972,1.23398,0.0,1,0.004774734,0.0470680508,0.04757586736262058
VEJYOZ_clean,8.47376,5.69683,8.47376,0.880009,2096.08,2381.88,0.0,0.0,0.6858,0.779311,0.0,0,0.0022061622,0.0231128285,0.022649699027025186
VEMMAC_clean,7.0981,6.10195,7.04022,0.882251,2276.97,2580.86,0.0,0.0,0.6758,0.765995,0.0,1,0.0027152666,0.0261608487,0.027261360005560637
VEMMIK_clean,14.01468,13.16757,14.01422,0.723032,1733.84,2398.01,0.0,0.0,0.741,1.02485,0.0,1,0.0036820539,0.0377510388,0.03670411022914696
VEQBID_clean,6.52238,4.921,6.52175,1.46143,1501.88,1027.68,0.0,0.0,0.5412,0.370323,0.0,0,0.0009110295,0.0089684447,0.009224448214560766
VERPOZ_clean,5.42382,3.86113,5.42382,1.28962,856.154,663.88,0.0,0.0,0.4412,0.342116,0.0,0,0.0007633781,0.0074031677,0.007710933909776507
VEZQAT_clean,4.12129,2.88579,4.06415,1.83518,0.0,0.0,527.802,287.603,0.4868,0.26526,0.0,0,0.0009726166,0.0077361599,0.009320815221344914
VICDOC_clean,4.65057,4.08181,4.52458,1.14596,958.267,836.212,0.0,0.0,0.5148,0.44923,0.0,0,0.0012406388,0.0122451196,0.012342079649882572
VIGNOQ_clean,8.75461,3.12932,8.72015,1.42979,0.0,0.0,1413.32,988.483,0.5876,0.410969,0.0,1,0.0011976709,0.0120448321,0.011917835205479404
VILXOE_clean,5.3607,4.59016,5.36062,1.2053,1282.83,1064.32,0.0,0.0,0.529,0.438894,0.0,1,0.0013395328,0.0131705887,0.013433165563736905
VIMRAM_clean,9.39066,7.30655,9.39066,1.12702,1893.97,1680.51,0.0,0.0,0.6384,0.56645,0.0,1,0.0019343998,0.019595827,0.019187008718633634
VIRPOC_clean,7.89373,4.43058,7.89373,1.31415,1678.47,1277.23,0.0,0.0,0.6094,0.463722,0.0,1,0.0015693933,0.0153213011,0.015344763488545665
VIRVEY_clean,7.24501,5.7858,6.68018,1.08742,2630.21,2418.77,0.0,0.0,0.715,0.65752,0.0,1,0.0024085616,0.0242776133,0.02387959771158739
VISTOG_clean,4.99734,2.98288,4.99734,1.87105,0.0,0.0,1016.52,543.287,0.591,0.315866,0.0,1,0.0005945604,0.0060335455,0.006054259926688841
VITYUU_clean,6.93618,5.76476,6.92128,1.4786,1370.63,926.978,0.0,0.0,0.519,0.351007,0.0,1,0.0012121604,0.0123500943,0.011999058790541887
VITZEF_clean,6.97691,5.80939,6.97691,1.4748,1347.25,913.518,0.0,0.0,0.5226,0.354354,0.0,1,0.0012447199,0.0127295615,0.012325494201357926
VIVLAP_clean,4.51725,2.65259,4.48348,1.46364,0.0,0.0,1193.89,815.698,0.5428,0.370857,0.0,1,0.0010156907,0.0097883206,0.010546027168331648
VIVXOP_clean,6.49065,4.97595,6.49065,1.07139,1218.54,1137.35,2.44835,2.28522,0.5566,0.519514,0.0,1,0.0014079569,0.0141497787,0.014239733454728582
VIWLIY_clean,5.6026,3.42365,5.59275,1.55646,1236.19,794.232,0.0,0.0,0.54,0.346941,0.0,1,0.0010404541,0.0104955442,0.010354453432832587
VIXGAM_clean,5.19197,3.39107,5.18887,1.9311,371.252,192.249,0.0,0.0,0.463,0.23976,0.0,1,0.0005873234,0.0055430686,0.0058101732362169775
VIXVUV_clean,4.91855,2.67667,4.91855,1.21417,0.0,0.0,386.737,318.52,0.471,0.38792,0.0,1,0.0006631026,0.0064035259,0.006645645454493002
VIYZIO_clean,4.30268,2.98583,4.30086,1.39781,0.0,0.0,406.427,290.76,0.4376,0.313061,0.0,1,0.0005578725,0.0059243219,0.005678235156849293
VOBGEA_clean,4.64455,3.59836,4.63854,1.95569,361.005,184.592,0.902313,0.461378,0.4234,0.216497,0.0,1,0.00026699,0.0026857842,0.0028011217845426073
VOBKAA_clean,5.5254,4.43575,5.51234,1.26722,1839.76,1451.8,0.0,0.0,0.5992,0.472845,0.0,1,0.0015574929,0.0150914762,0.015297420352799919
VOBQEK_clean,4.27979,3.23619,4.27979,1.25034,0.0,0.0,774.979,619.813,0.523,0.418285,0.0,1,0.0011384568,0.0120129739,0.01131357462416542
VODSEM_clean,5.2679,4.81357,5.26778,1.72365,582.024,337.669,47.1721,27.3675,0.5448,0.316073,0.0,0,0.0007034959,0.0064734334,0.007088067760765043
VOHQEO_clean,5.90589,3.32233,5.90589,2.18768,1040.5,475.616,0.0,0.0,0.5104,0.233306,0.0,0,0.0011237244,0.0111900477,0.011115041013700927
VOHQIS_clean,5.34997,3.62026,5.34997,2.10583,1170.0,555.601,0.0,0.0,0.5162,0.245129,0.0,0,0.0012027622,0.0121131228,0.011738097728130484
VOJGOS_clean,6.19077,5.31352,6.18884,0.976178,2056.2,2106.38,0.0,0.0,0.6384,0.653979,0.0,1,0.0023328725,0.0234480107,0.023425502922241145
VOPCEK_clean,5.95724,5.2412,5.95724,1.32376,1286.35,971.741,0.0,0.0,0.5334,0.402943,0.0,1,0.0013518777,0.0130837368,0.013296831591937133
VOXQOQ_clean,5.75088,3.78769,5.73674,1.21298,1196.61,986.497,0.0,0.0,0.5614,0.462825,0.0,1,0.0011907748,0.0108726581,0.011905584162273072
VOXVEL_clean,6.58217,4.28987,6.50926,1.3543,1358.41,1003.03,0.0,0.0,0.5474,0.404194,0.0,0,0.0015953752,0.0156035828,0.015390256925314847
VOZVIR01_clean,8.9147,5.57973,8.87661,1.34608,1682.46,1249.9,0.0,0.0,0.6346,0.471444,0.0,1,0.0013706222,0.0132045827,0.013725453701601829
VUCDEE_clean,5.77607,2.92863,5.77607,1.85712,0.0,0.0,1113.73,599.706,0.4638,0.249741,0.0,0,0.0008521225,0.0083534857,0.008517768416814323
VUCTOE_clean,3.95648,3.23938,3.87698,2.10425,0.0,0.0,382.697,181.869,0.3662,0.174029,0.0,1,0.0003893561,0.0035845334,0.003892367610599789
VUDQOB_clean,6.32363,4.82237,6.31689,1.49229,1377.55,923.11,0.0,0.0,0.5686,0.381025,0.0,1,0.0012722326,0.0123313792,0.012434118957765094
VUGXAY_clean,7.74052,6.24667,7.74052,1.0594,1255.22,1184.84,68.8954,65.0324,0.5682,0.536341,0.0,0,0.0014605196,0.0158925405,0.014727774164489076
VUGXEC_clean,7.75346,6.26253,7.72478,1.06296,1251.42,1177.3,67.8457,63.8273,0.5624,0.529091,0.0,0,0.0016713499,0.0160862218,0.016804120972038962
VUGYIH_clean,7.72851,6.23818,7.68217,1.11585,1251.2,1121.3,68.7821,61.641,0.5678,0.508849,0.0,0,0.0015447767,0.0154080057,0.015449312578449368
VUHNET_clean,10.15164,5.15951,10.13819,1.26924,1812.62,1428.11,0.0,0.0,0.6596,0.519681,0.0,0,0.0017557395,0.0164375922,0.017588048448832893
VUKSOL_clean,5.74617,4.59937,5.73998,1.07923,2058.01,1906.93,0.0,0.0,0.6268,0.580787,0.0,1,0.0019383769,0.0198760579,0.019234952058708833
VUKTEC_clean,5.61851,4.19073,5.60379,1.41892,799.153,563.212,172.003,121.221,0.487,0.343219,0.0,1,0.0008420265,0.0085746855,0.00828932118522047
VULFOZ_clean,4.55829,3.35861,4.51523,1.52274,694.033,455.778,0.0,0.0,0.4522,0.296964,0.0,1,0.0008065097,0.0086271502,0.00794174188013904
VULKIX_clean,5.85201,4.46067,5.83515,1.35895,1067.23,785.338,21.156,15.5679,0.497,0.365724,0.0,1,0.0011478433,0.0117895312,0.011371929016995555
VUMBIQ_clean,4.87594,3.54867,4.87222,1.55224,358.688,231.077,25.2971,16.2971,0.4518,0.291063,0.0,1,0.0006439541,0.0065795315,0.006404882423926779
VUNCAJ_clean,3.5791,2.77239,3.5791,1.58584,0.0,0.0,60.7481,38.3065,0.4,0.252232,0.0,1,0.0002598908,0.0026134479,0.0025651072532360407
VUNXUY_clean,6.27462,2.74494,6.27462,1.7747,0.0,0.0,909.399,512.424,0.4948,0.278808,0.0,1,0.000782223,0.0074181405,0.008066427175993875
VUQKOI_clean,6.97233,5.60829,6.97233,1.35846,1074.25,790.79,0.0,0.0,0.5344,0.393388,0.0,1,0.0008467326,0.0086006825,0.008471771788283967
VUSKEA_clean,14.99758,7.99679,14.99758,0.594675,2192.84,3687.46,0.0,0.0,0.8014,1.34763,0.0,0,0.0048986654,0.0522091446,0.05005576360059644
WABVIF04_clean,5.9528,4.29679,5.9528,1.18253,2130.19,1801.39,0.0,0.0,0.6496,0.549332,0.0,1,0.0016953107,0.0166353278,0.01706369706595216
WABVIF_clean,5.93486,4.28251,5.93486,1.19094,2095.13,1759.22,0.0,0.0,0.6604,0.55452,0.0,1,0.0015860734,0.0168154989,0.016018910759075616
WAJHOG_clean,6.41579,6.06601,6.40923,1.24433,1319.37,1060.3,0.0,0.0,0.541,0.434771,0.0,1,0.0014890769,0.0157387434,0.014638961236242105
WALBOC01_clean,4.21583,2.9953,4.21411,1.6978,0.0,0.0,444.223,261.646,0.4834,0.284721,0.0,1,0.0006746369,0.0069655361,0.006765185506089737
WALCET_clean,4.22225,3.07523,4.21512,1.69225,0.0,0.0,486.311,287.376,0.486,0.287192,0.0,1,0.0007278502,0.0072036432,0.0071800443941998845
WALKAY_clean,4.73309,3.92758,4.72517,1.16625,391.638,335.809,365.08,313.037,0.5,0.428724,0.0,1,0.0010348172,0.0102005459,0.010162981192594059
WAMREJ_clean,15.93828,10.49353,15.93828,0.575196,2135.23,3712.18,0.0,0.0,0.7842,1.36336,0.0,1,0.0052276099,0.0523557111,0.05170750360828362
WAMRIN01_clean,7.20791,6.51318,7.17561,0.94264,1559.88,1654.8,0.0,0.0,0.5968,0.633115,0.0,1,0.0022904597,0.023046224,0.021720469694309477
WAMRIN_clean,7.37329,5.74338,7.35934,0.949012,1570.93,1655.33,0.0,0.0,0.5942,0.626125,0.0,1,0.0021326354,0.0223560829,0.021088044694395146
WARFAZ_clean,6.17335,5.62341,6.16091,1.2809,1123.23,876.911,0.0,0.0,0.4772,0.372552,0.0,1,0.0008575215,0.0088764449,0.00855706714610056
WARJAC_clean,6.27516,5.38886,5.82916,1.20156,1848.31,1538.27,0.0,0.0,0.6418,0.534141,0.0,1,0.0018281343,0.0181092397,0.018137933643011514
WASMUB_clean,8.9,7.73975,8.81765,1.24649,1402.71,1125.33,0.0,0.0,0.5316,0.426479,0.0,0,0.0017771459,0.0170917446,0.01704457928109201
WASPAK_clean,8.92408,8.10678,8.90273,0.931064,1602.41,1721.06,0.0,0.0,0.6094,0.65452,0.0,0,0.0022488668,0.0216318005,0.021792317231763954
WAVQAN_clean,4.79566,3.75004,4.7947,1.6227,1326.67,817.573,0.0,0.0,0.5394,0.332409,0.0,1,0.0012856263,0.0117010641,0.012563695695085293
WAVQUH_clean,7.91312,4.47781,7.90396,1.01651,1145.58,1126.98,498.965,490.863,0.6102,0.600292,0.0,0,0.0019810732,0.0201502895,0.019774428272042194
WAWGOQ_clean,10.46531,7.24737,10.06993,0.692819,2068.45,2985.55,0.0,0.0,0.7192,1.03808,0.0,1,0.0038314879,0.0372488765,0.03853431240324572
WAYKAK_clean,8.40665,6.61758,8.40665,1.07627,1621.77,1506.84,0.0,0.0,0.6056,0.562685,0.0,0,0.0019365316,0.0194128001,0.01909599131582497
WAYMEQ_SL,6.99879,6.49457,6.99879,0.979768,1578.78,1611.38,0.0,0.0,0.5878,0.599938,0.0,0,0.0021443592,0.0203283652,0.02089730333967432
WAYMOA_manual,7.07433,6.89369,7.07243,0.955162,1592.82,1667.59,0.0,0.0,0.6076,0.636122,0.0,0,0.0021964165,0.0213094445,0.02153918846908611
WEDQED_clean,5.20127,4.18257,5.20127,1.3,804.684,618.987,0.0,0.0,0.4758,0.365999,0.0,1,0.0007712412,0.0079913438,0.007682386741088458
WEDWUZ_clean,4.57342,3.19079,4.56913,2.27819,0.0,0.0,216.06,94.8384,0.4134,0.18146,0.0,1,0.000205689,0.0022570799,0.00210993943578004
WEFXEM_clean,6.73931,4.78997,6.67269,1.07497,1461.44,1359.51,0.0,0.0,0.5704,0.530617,0.0,0,0.0016304812,0.0161650562,0.016399571804673097
WEGFUL_clean,4.85962,3.90561,4.85655,1.68872,896.439,530.839,0.0,0.0,0.4452,0.263631,0.0,0,0.0006956182,0.0068796793,0.007023306787252602
WEGJUP_clean,5.53814,3.14547,5.53814,1.23972,0.0,0.0,1129.22,910.864,0.614,0.495271,0.0,0,0.0016455485,0.0132443109,0.016423323494554328
WEGKIE_clean,11.12087,6.65331,11.08978,1.1494,1264.36,1100.02,490.634,426.862,0.6338,0.551419,0.0,1,0.0023061586,0.0214457907,0.02275331831646486
WEHHIC_clean,10.89625,6.78698,10.2645,0.812812,2126.87,2616.68,0.0,0.0,0.7052,0.867605,0.0,1,0.0033236029,0.0342068235,0.032966408271981905
WELTOX_clean,5.53916,3.2735,5.53916,1.92744,0.0,0.0,773.095,401.099,0.4648,0.241149,0.0,0,0.0005065695,0.0051639275,0.004993278586201843
WEMCUO_clean,4.97873,3.46394,4.79411,2.52518,613.235,242.848,0.0,0.0,0.3982,0.157692,0.0,1,0.0003781074,0.003752278,0.00370352902288909
WEMFEB_clean,4.87971,4.37038,4.87971,1.63348,2285.5,1399.16,0.0,0.0,0.604,0.369763,0.0,1,0.0012508272,0.0127556743,0.0125861980207953
WEMFOL_clean,4.8612,4.33226,4.8612,1.68559,2254.63,1337.59,0.0,0.0,0.5966,0.353942,0.0,1,0.0013116233,0.0124685691,0.013271544042137599
WEMYEU_clean,5.35582,4.09471,5.05089,1.10499,1072.18,970.31,64.9646,58.7922,0.5256,0.475662,0.0,1,0.001248546,0.0114353185,0.012441073141292858
WENKEH_clean,7.34891,5.7859,7.21721,1.50223,520.443,346.446,27.0727,18.0216,0.4484,0.298489,0.0,1,0.0005352037,0.0056975285,0.005431889805367237
WEVRUK_clean,8.57681,7.4662,8.57681,1.43976,1130.1,784.921,4.16739,2.8945,0.5708,0.396454,0.0,1,0.0009174097,0.0089352751,0.009236072025951598
WEYQAU01_clean,4.51961,3.60555,4.51961,1.13786,1565.68,1375.99,0.0,0.0,0.5718,0.502522,0.0,0,0.0016889866,0.0160815652,0.016726937563702447
WIBSAD_clean,9.62612,6.21746,9.61657,0.927119,1704.27,1838.25,6.32101,6.81791,0.6464,0.697214,0.0,1,0.0020447073,0.0199137839,0.02064647248719459
WICQOP_clean,4.01528,2.82313,4.01431,1.19444,0.0,0.0,113.672,95.1683,0.4668,0.390812,0.0,1,0.0005165104,0.0051196823,0.005251185285692217
WIDZOA_clean,4.22629,3.17117,4.21904,1.43552,0.0,0.0,434.262,302.512,0.4404,0.306787,0.0,0,0.0004165725,0.004420132,0.00424346961206697
WIHSUD_clean,3.98867,2.7966,3.95663,2.13719,0.0,0.0,230.099,107.664,0.4474,0.209341,0.0,0,0.0003281757,0.0031941819,0.0034355653728609633
WIHTAK_clean,3.98984,2.78525,3.94663,2.12222,0.0,0.0,214.619,101.13,0.4188,0.19734,0.0,0,0.0003159073,0.0031664846,0.0031488607750776903
WIHVAL_clean,4.98172,4.06866,4.90588,1.61186,947.448,587.799,0.0,0.0,0.4852,0.301019,0.0,0,0.0005971738,0.0061425871,0.0060385408226348875
WILDUR_clean,4.40563,4.06842,4.39346,1.59545,414.383,259.728,154.011,96.5316,0.4902,0.307249,0.0,1,0.0007354035,0.0071708995,0.007333242978827585
WILRAK_clean,6.14662,4.92634,6.07221,1.13056,2856.19,2526.36,0.0,0.0,0.7378,0.652598,0.0,1,0.0019764451,0.0196521254,0.019649692549719773
WIVRIE_clean,7.1828,5.28792,5.5333,1.16005,1460.05,1258.61,0.0,0.0,0.5844,0.50377,0.0,1,0.001633667,0.0165008779,0.01614749182845478
WIVVII_clean,5.53507,3.32928,5.50031,1.37556,724.684,526.827,0.0,0.0,0.4774,0.347058,0.0,1,0.0006769165,0.0079167504,0.006856063063681115
WOFWET_clean,5.7179,4.33245,5.7179,1.22921,2521.0,2050.91,0.0,0.0,0.7142,0.581024,0.0,1,0.0016519459,0.0173201838,0.016439286730528028
WOGHEG_clean,4.98706,2.98597,4.93093,1.24204,0.0,0.0,880.982,709.304,0.5036,0.405463,0.0,1,0.0010555741,0.0103234413,0.010685702718098782
WOJJOV_SL,7.82098,6.43142,7.82098,1.16534,871.633,747.963,192.071,164.819,0.4948,0.424596,0.0,0,0.0014126251,0.0130840328,0.01307067151906775
WOJZAY_clean,6.27243,4.13122,6.27243,1.17515,1915.59,1630.08,0.0,0.0,0.5984,0.509212,0.0,1,0.0018491834,0.0183675711,0.01843531516299575
WOJZIG_clean,6.32968,4.348,6.32927,1.20953,2082.36,1721.62,0.0,0.0,0.5984,0.494736,0.0,1,0.0018622673,0.01839767,0.01848948784312521
WOLFAG_clean,5.22326,2.87418,5.20533,1.12621,0.0,0.0,1008.2,895.212,0.5286,0.469363,0.0,0,0.0011028561,0.0108953656,0.011037847490080603
WOLMUG_clean,5.45253,3.7803,5.34777,1.25131,1519.07,1213.99,0.0,0.0,0.5746,0.459198,0.0,1,0.0012825193,0.0130772891,0.01295739149714407
WOPHIU01_clean,5.05516,3.23478,5.05516,1.35024,0.0,0.0,709.38,525.373,0.4554,0.337273,0.0,1,0.0006276845,0.0064835684,0.006454352803739776
WOPSAX02_clean,11.61446,10.87886,11.61282,1.12308,1562.97,1391.69,0.0,0.0,0.6468,0.575919,0.0,1,0.0023445763,0.0238699875,0.023101920144621722
WOPSOL01_clean,10.90023,10.70959,10.90023,1.18162,1552.96,1314.27,0.0,0.0,0.6334,0.536045,0.0,1,0.0022255763,0.0222430457,0.022588587335766228
WOTLOI_clean,8.00513,4.84682,8.00513,0.97425,1418.35,1455.84,0.0,0.0,0.579,0.594304,0.0,1,0.0014595171,0.0148141016,0.014973437870214783
WOTSEF_clean,5.63894,4.87372,5.6352,0.95923,2385.0,2486.37,0.0,0.0,0.6578,0.685758,0.0,1,0.0023965189,0.0232779383,0.02413290087119605
WOYJEB_clean,12.32799,5.95231,12.30286,0.80227,2262.64,2820.29,0.0,0.0,0.7248,0.903436,0.0,1,0.0033994187,0.0333927144,0.034519634363160065
WULJUJ_clean,13.2515,6.69559,13.2515,0.880841,2071.01,2351.17,0.0,0.0,0.7102,0.806275,0.0,1,0.0031418069,0.0310157404,0.03158360143828932
WUNVUX_clean,5.06256,4.10802,5.0479,1.09653,996.696,908.953,84.6011,77.1534,0.5168,0.471304,0.0,0,0.0012523884,0.0119361712,0.012362642152662022
WUPMOL_clean,3.60918,2.89254,3.60918,1.60594,0.0,0.0,71.425,44.4755,0.391,0.243471,0.0,0,0.0002113667,0.0020692402,0.002210417907146419
WUPNIF_clean,4.10645,3.09037,4.10645,1.77365,0.0,0.0,226.971,127.969,0.387,0.218194,0.0,1,0.0006936825,0.0070363375,0.006894984607461862
WUPZUE_clean,5.06349,3.71152,5.06349,1.47923,1116.55,754.816,0.0,0.0,0.5356,0.362081,0.0,1,0.0010444005,0.0105434731,0.010560216395241998
WUQRAC_clean_h,9.73254,3.21457,9.72542,1.00665,0.0,0.0,823.414,817.976,0.534,0.530473,0.0,0,0.0009205594,0.0092169827,0.009246062233224337
WUSCUJ_clean,5.70656,4.20407,5.70656,1.37248,1878.22,1368.48,0.0,0.0,0.6602,0.481026,0.0,1,0.0011513295,0.0121883098,0.01168800248263717
WUSGIC_clean,4.47666,3.4574,4.38159,1.49843,1071.95,715.381,0.0,0.0,0.5224,0.348632,0.0,0,0.0009332609,0.0093845237,0.009424660683106099
WUSGOI_clean,4.74799,3.07899,4.74374,1.49035,0.0,0.0,869.36,583.325,0.5294,0.355218,0.0,1,0.0009964635,0.0092939388,0.010090706763851398
WUTBIW_clean,7.26683,5.05082,7.26683,1.84193,854.902,464.133,0.0,0.0,0.4484,0.24344,0.0,0,0.000546499,0.0055670471,0.005522862321788899
WUYXAR_clean,9.35403,6.16685,9.35403,0.696817,2021.29,2900.75,0.0,0.0,0.689,0.988782,0.0,0,0.0034963181,0.0335316481,0.03484806060895236
WUYXEV_clean,9.37986,6.91474,9.3766,0.799877,2024.21,2530.65,0.0,0.0,0.6774,0.84688,0.0,0,0.0029544621,0.0287576611,0.029429718119912178
WUYYEW_clean,9.26232,6.95652,9.26232,0.838222,1987.56,2371.16,0.0,0.0,0.6778,0.808616,0.0,1,0.0026091868,0.0264586037,0.026657781546101163
WUZQOZ_clean,6.97207,5.82661,6.96816,0.933596,1700.54,1821.49,0.0,0.0,0.6474,0.693448,0.0,1,0.0019907979,0.0204716133,0.020290166692759296
XACFAJ_clean,6.31025,2.99476,6.30344,1.18923,0.0,0.0,1011.6,850.633,0.5312,0.446676,0.0,0,0.0012397192,0.0119195221,0.012356141162050475
XACPEW_clean,3.78165,2.72414,3.78165,2.13246,0.0,0.0,381.44,178.873,0.3872,0.181574,0.0,0,0.000457876,0.0044864923,0.004458651245261744
XADDAJ01_clean,6.46856,4.61872,6.46856,1.24305,1893.89,1523.58,0.0,0.0,0.5932,0.477214,0.0,1,0.0017379236,0.0170227003,0.017219873088272008
XAGCIS01_clean,5.57315,2.64485,5.55209,1.75235,0.0,0.0,818.021,466.814,0.445,0.253945,0.0,1,0.0007435699,0.0077043448,0.007368091808161763
XAGCIS02_clean,5.5362,2.63267,5.3168,1.77126,0.0,0.0,807.725,456.017,0.4408,0.248862,0.0,1,0.0007387728,0.0074158259,0.0073597385925850715
XAGCUE_clean,6.41175,2.87682,6.41175,2.11598,0.0,0.0,831.032,392.742,0.4582,0.216543,0.0,1,0.0006305863,0.0064736396,0.006267545641398802
XALDAQ_clean,8.8251,3.77258,4.48452,0.998614,192.623,192.891,1030.53,1031.96,0.5614,0.562179,0.0,1,0.0013550057,0.0131633229,0.013463774776526568
XALDIY_clean,8.51371,3.60578,4.41534,1.00994,178.965,177.204,1041.51,1031.26,0.5412,0.535874,0.0,1,0.0013349528,0.0124843877,0.013329578713881822
XALTIP_clean,18.68299,9.17237,18.68299,0.551216,1809.24,3282.27,0.0,0.0,0.7988,1.44916,0.0,1,0.0056148987,0.0570367934,0.05576826628672785
XAMDUM05_clean,13.11018,6.61787,13.11018,0.895381,2105.3,2351.29,0.0,0.0,0.717,0.800776,0.0,1,0.0031644102,0.0316182699,0.03134157814049137
XAMDUM06_clean,13.1663,6.64621,13.1663,0.88326,2088.66,2364.72,0.0,0.0,0.7192,0.814256,0.0,1,0.0031049964,0.0316673506,0.03132691023992921
XANLEE_clean,6.11311,4.49275,6.10612,0.785206,2427.23,3091.21,0.0,0.0,0.6562,0.835705,0.0,1,0.0030260354,0.0295603016,0.030158565624189098
XANMIJ_clean,6.91782,5.66055,6.91782,1.1601,1892.28,1631.14,0.0,0.0,0.5818,0.50151,0.0,0,0.0016600563,0.0165941752,0.016769601197538047
XAPCOH_clean,8.13608,7.45425,8.13237,1.22623,2069.1,1687.37,0.0,0.0,0.6692,0.545739,0.0,0,0.001759031,0.0177884649,0.017632740520914358
XAPCOJ01_clean,7.3057,7.1276,7.3057,1.11442,1602.91,1438.33,0.0,0.0,0.599,0.537499,0.0,0,0.0020940978,0.0198184152,0.020519289554183064
XAPCOJ02_clean,7.30662,7.12733,7.30662,1.1168,1599.91,1432.58,0.0,0.0,0.598,0.535457,0.0,0,0.0020242194,0.0201610448,0.0202497065514603
XAPCOJ03_clean,7.31075,7.15837,7.31075,1.119,1594.88,1425.28,0.0,0.0,0.597,0.533514,0.0,0,0.0021504513,0.0203503927,0.020911409256725633
XAPCOJ04_clean,7.30941,7.11813,7.30941,1.12085,1593.11,1421.33,0.0,0.0,0.597,0.53263,0.0,0,0.0020625398,0.0199401389,0.020430408333988705
XAPDEY_clean,8.43698,7.85452,8.43698,1.19984,2075.29,1729.64,0.0,0.0,0.6726,0.560573,0.0,0,0.0017972136,0.0182361225,0.018113056169960704
XAPSIS_clean,5.46139,4.76389,5.45821,0.955004,2054.51,2151.31,0.0,0.0,0.644,0.674342,0.0,1,0.0024118267,0.0231916482,0.024346060432909006
XAQTIS_clean,4.73699,3.16873,4.73699,1.94157,0.0,0.0,799.998,412.037,0.5038,0.259481,0.0,0,0.0007869235,0.0078969097,0.0077934611386379785
XARPAK_clean,5.96341,5.54999,5.95022,1.02109,1555.57,1523.45,0.0,0.0,0.5744,0.562538,0.0,1,0.0017460976,0.017878962,0.017157609754454052
XATZUQ_clean,7.56959,6.44554,7.50387,0.891969,1666.54,1868.38,0.0,0.0,0.6382,0.715495,0.0,1,0.0024496516,0.0245770799,0.023851705385369078
XAVQIU_clean,4.2412,3.56279,4.22796,1.15986,1110.01,957.016,0.0,0.0,0.5978,0.515406,0.0,1,0.0017084017,0.0170910664,0.01710561155886317
XAWBEE_clean,4.29017,3.25005,4.18338,2.27713,0.0,0.0,575.894,252.904,0.4712,0.206927,0.0,0,0.0008036793,0.0080282646,0.007936429071846534
XEDLUN01_clean,4.9958,3.46915,4.97725,0.885985,1404.66,1585.43,0.0,0.0,0.6048,0.68263,0.0,1,0.0019345259,0.0201325673,0.018939131339502816
XEDPIH_clean,4.84924,3.94171,4.80226,1.78705,773.954,433.09,0.0,0.0,0.5042,0.282141,0.0,0,0.0006592081,0.006420057,0.0065550846118742285
XEDPUT_clean,12.14022,5.32775,12.13484,1.5096,998.115,661.177,50.3608,33.3603,0.5416,0.35877,0.0,1,0.0010976527,0.0117576781,0.010959282437133375
XEFKOI_clean,4.24138,4.03203,4.24093,1.2014,660.067,549.414,0.0,0.0,0.487,0.40536,0.0,0,0.000674643,0.0067048299,0.006894701690069986
XEGKOL_clean,8.255,5.9525,8.24564,1.11832,1646.01,1471.86,0.0,0.0,0.6014,0.537769,0.0,0,0.0016381833,0.0169529265,0.01658870078879239
XEHFUL_clean,4.30377,2.60046,4.30377,2.30999,0.0,0.0,289.752,125.434,0.3962,0.171516,0.0,1,0.0003266609,0.00367696,0.003227428961243502
XEHRUY_clean,4.75094,3.73804,4.73309,1.40294,806.249,574.687,0.0,0.0,0.4558,0.32489,0.0,0,0.0007085758,0.0072801098,0.00710886833970037
XEHTUB_clean,3.58584,2.84872,3.48749,2.39414,0.0,0.0,31.7227,13.2501,0.3636,0.151871,0.0,1,0.0002368647,0.0020262701,0.002378306119706405
XEJWUG_clean,4.34072,3.48491,4.33485,1.56158,471.476,301.922,0.0,0.0,0.4076,0.261018,0.0,0,0.0004807745,0.0047589709,0.00483168656983808
XEKMIL_clean,4.64233,3.82793,4.64153,1.9066,1018.44,534.165,0.0,0.0,0.4706,0.246827,0.0,1,0.0005750779,0.0058947872,0.005841636275674707
XENKIM_clean,7.32998,6.03401,7.3267,0.822036,2196.41,2671.92,0.0,0.0,0.6598,0.802641,0.0,1,0.0031177123,0.0297868179,0.030694456835693627
XENMOU_SL,4.28444,3.44611,4.27407,1.60371,375.808,234.337,301.542,188.028,0.4528,0.282345,0.0,1,0.0007146765,0.0067646609,0.007317789812595568
XEPBAX_clean,5.14969,3.64809,5.0808,0.940411,1672.05,1778.0,0.0,0.0,0.6138,0.652693,0.0,1,0.002153268,0.0193175254,0.02135251193834471
XEQRAO_clean,5.51146,4.60933,5.51146,1.37083,876.068,639.08,0.0,0.0,0.4564,0.332938,0.0,1,0.000697285,0.0071186108,0.007049538606668675
XESGOS_clean,3.98226,3.08281,3.98226,1.86313,0.0,0.0,721.406,387.201,0.4408,0.236591,0.0,0,0.0012754663,0.0079339433,0.01163526471533866
XESLAK_clean,10.31182,9.72546,10.31182,1.3077,1323.78,1012.29,0.0,0.0,0.5742,0.439091,0.0,1,0.0014587672,0.0143024231,0.014253745017680302
XEVVUQ_clean,4.64942,3.10763,4.64942,1.8044,0.0,0.0,597.028,330.874,0.487,0.269896,0.0,0,0.0008436966,0.0084848891,0.007705591087044196
XEXLUJ_clean,8.72919,8.14175,8.68787,1.12133,1390.1,1239.69,0.0,0.0,0.5646,0.50351,0.0,1,0.001703133,0.016166551,0.017055629709785865
XICNOO02_clean,19.59015,6.72401,19.59015,0.902602,1911.89,2118.2,0.0,0.0,0.7472,0.827829,0.000221582,1,0.0031190662,0.0310078233,0.03166166179813752
XIGWUF_clean,7.07949,4.99162,7.07464,0.478412,3315.96,6931.17,0.0,0.0,0.7822,1.63499,0.0,1,0.0054056562,0.0555903704,0.05599757578580966
XIHSAJ01_clean,5.98845,3.99073,5.69816,1.03053,1765.29,1712.99,0.0,0.0,0.576,0.558935,0.0,1,0.0019661841,0.0193242906,0.019415022256548314
XILTAP_clean,7.46835,4.491,7.46835,0.893159,2015.14,2256.2,0.0,0.0,0.622,0.696404,0.0,1,0.002423559,0.0244258217,0.02399612893049188
XILVIZ_clean,7.75339,4.84522,7.60552,0.848736,2042.74,2406.8,0.0,0.0,0.6436,0.758304,0.0,1,0.0026282684,0.0264943848,0.027108909023688725
XINJAH_clean,5.1973,3.21133,5.19593,1.54154,0.0,0.0,680.443,441.406,0.4512,0.292695,0.0,0,0.0006281692,0.0065284332,0.006366465290241144
XIPHIN_clean,3.919,2.93663,3.919,1.55745,0.0,0.0,431.436,277.014,0.5236,0.33619,0.0,0,0.0009050518,0.0089379083,0.008927705434349367
XISPUM01_clean,6.90955,4.49306,6.89631,1.14557,2040.23,1780.98,0.0,0.0,0.6396,0.558325,0.0,1,0.0018370466,0.0175908547,0.01862438121094164
XISPUM_clean,7.32941,4.58436,7.32711,1.21765,2007.19,1648.41,0.0,0.0,0.6216,0.510492,0.0,1,0.0017062458,0.0167756,0.017261626373132333
XIWKUJ_clean,6.80952,3.08787,6.80952,2.04662,0.0,0.0,1344.64,657.005,0.5734,0.28017,0.0,0,0.0010352243,0.0104225193,0.010202821119546672
XOHLEM_clean,5.52611,4.54089,5.51535,1.339,1839.55,1373.82,0.0,0.0,0.5986,0.44705,0.0,1,0.0015939134,0.0153609905,0.015777761390963454
XOHTUJ_clean,6.47036,4.69494,6.47036,1.17962,2196.81,1862.3,0.0,0.0,0.6472,0.548652,0.0,1,0.0016219504,0.0174001192,0.016294452389806674
XOJWEZ_clean,5.26222,4.56445,5.26222,1.41259,749.294,530.438,0.0,0.0,0.5012,0.354809,0.0,1,0.0006284849,0.0061246066,0.006446854916805159
XOMGIQ_clean,5.5226,3.96675,5.5226,1.11957,1446.11,1291.67,0.0,0.0,0.5666,0.506089,0.0,1,0.0012829588,0.0129871456,0.013066494780758487
XOQXIL_clean,5.56779,4.25341,5.54313,1.05181,1608.8,1529.56,0.0,0.0,0.552,0.524811,0.0,1,0.0014198942,0.0132407804,0.014290591221311039
XOQXOR_SL,4.82657,2.72791,4.82657,1.20184,0.0,0.0,508.437,423.049,0.484,0.402716,0.0,0,0.0005728985,0.0057391032,0.005862571125915231
XOSPEB_clean,4.51127,3.14004,4.47583,2.19976,0.0,0.0,841.145,382.38,0.5006,0.22757,0.0,1,0.0007204753,0.0073192304,0.007240260823100878
XOSPOK_clean,6.02139,4.57668,6.02139,1.94823,1837.76,943.297,0.0,0.0,0.586,0.300786,0.0,1,0.0010633141,0.0105947097,0.010512050171584077
XOTZIR_clean,6.298,3.81619,6.27425,1.33376,798.487,598.675,0.0,0.0,0.4626,0.34684,0.0,1,0.0008008304,0.0084741724,0.008002503946326615
XOVPON_clean,5.74841,4.13919,5.74724,1.29056,1444.67,1119.41,0.0,0.0,0.5696,0.44136,0.0,1,0.0012785585,0.0123743416,0.012772441106453477
XUBGUY_clean,11.92741,6.17876,10.43844,0.841842,2109.15,2505.4,0.0,0.0,0.7154,0.849804,0.0,1,0.0032203666,0.0317051025,0.03204563810920459
XUBJAF01_clean,3.31207,2.84382,3.31207,2.1992,0.0,0.0,0.0,0.0,0.433,0.19689,0.0,1,0.0002048959,0.0020216398,0.002059957824878002
XUCSAR01_clean,4.10082,2.80661,4.0776,1.66102,0.0,0.0,220.972,133.034,0.4592,0.276457,0.0,1,0.0006282375,0.00614767,0.006298606325009865
XUCSAR_clean,4.0404,2.74885,4.039,1.66104,0.0,0.0,208.637,125.607,0.4544,0.273564,0.0,1,0.0006566881,0.0061261869,0.006502384889095588
XUGDOU_clean,5.59885,2.90872,5.57807,2.06644,0.0,0.0,633.646,306.636,0.4496,0.217572,0.0,1,0.0004841025,0.0050731563,0.0049020750199839916
XUGSID_clean,4.92449,2.60361,4.80121,1.39194,0.0,0.0,618.158,444.099,0.442,0.317543,0.0,1,0.0008458274,0.0081788835,0.008225015857430875
XUGWAZ_clean,4.92003,3.32075,4.91922,1.56306,401.126,256.629,0.0,0.0,0.3926,0.251175,0.0,0,0.0004962857,0.0049342253,0.0049647429313349565
XUKLAS_clean,5.87516,3.79987,5.86816,1.26294,911.252,721.53,0.0,0.0,0.4946,0.391624,0.0,1,0.0008934342,0.0086396258,0.008898951814948467
XULCIR_clean,4.97155,3.17631,4.95557,1.03479,0.0,0.0,1125.4,1087.56,0.5728,0.553541,0.0,1,0.0014483103,0.0146190665,0.014128551565111662
XUMCAK_clean,4.73151,2.87966,4.7307,1.51149,0.0,0.0,698.103,461.865,0.5952,0.393784,0.0,0,0.0006257944,0.0063448357,0.006460026728900975
XUMMUP_clean,8.4295,7.42103,8.42696,1.01197,1167.11,1153.31,0.0,0.0,0.545,0.538555,0.0,1,0.0013593259,0.0141539805,0.013793334359885579
XUMNIE_clean,7.92656,5.00523,7.92544,0.836736,1842.18,2201.63,0.0,0.0,0.617,0.737389,0.0,0,0.0025625139,0.0254800122,0.025019584528334343
XUMSOP_clean,5.79642,2.80847,5.2556,1.91936,0.0,0.0,646.66,336.914,0.4892,0.254877,0.0,0,0.0004865494,0.0047907256,0.004891547680706454
XUNTAD_clean,3.83107,2.66972,3.54393,1.13178,0.0,0.0,118.943,105.093,0.4358,0.385056,0.0,1,0.0004735764,0.0050801832,0.004649696787361241
XUQSIN_clean,6.09297,3.1318,6.09106,1.68768,0.0,0.0,1134.56,672.26,0.5418,0.321032,0.0,1,0.0006669773,0.0065824892,0.0067564415461736005
XUWTAK_clean,4.40667,3.75356,4.40321,2.17452,723.721,332.819,0.0,0.0,0.4382,0.201516,0.0,1,0.0006898007,0.00724677,0.0067847649757599455
XUYXAR_clean,4.42154,3.80283,4.41884,1.51094,575.938,381.179,0.0,0.0,0.432,0.285915,0.0,1,0.0004815796,0.005052764,0.004930863219793431
XUZXUN_clean,6.69731,3.21556,6.63902,2.10485,0.0,0.0,1164.3,553.15,0.5338,0.253604,0.0,1,0.0007332938,0.0074652803,0.00714557658582951
YAGJOI_clean,5.63288,5.50957,5.62983,1.07586,1552.96,1443.46,0.0,0.0,0.5528,0.513822,0.0,0,0.0015106105,0.0151513458,0.015057959693548818
YANBAR02_clean,4.9953,3.83765,4.98464,1.73124,921.603,532.338,0.0,0.0,0.4702,0.271598,0.0,0,0.0006386526,0.0058317836,0.006464727310501471
YANBAR03_clean,4.71059,3.74,4.66327,1.80873,823.157,455.102,0.0,0.0,0.451,0.249346,0.0,0,0.0005019094,0.0051309751,0.005078800473313365
YAPXIX_clean,5.17779,4.8964,5.17779,1.52841,213.864,139.925,323.996,211.982,0.4448,0.291021,0.0,1,0.0006264044,0.0060297144,0.006389731092589984
YAQZUN_clean,4.41613,2.73385,4.179,2.96248,0.0,0.0,418.121,141.139,0.4636,0.156491,0.0,1,0.0003691329,0.0036715655,0.0037547461300749606
YARDIG_clean,4.62568,3.53484,4.62568,1.03032,1206.44,1170.94,0.0,0.0,0.5394,0.523527,0.0,0,0.0013427165,0.0140212523,0.013661528893854935
YASLOW_clean,11.27088,6.03691,11.27088,0.827082,2236.87,2704.53,0.0,0.0,0.7068,0.85457,0.0,0,0.0028362819,0.028552494,0.028970140405698352
YASLUA_clean,4.94209,4.00194,4.9385,1.70772,1160.33,679.462,0.0,0.0,0.57,0.333779,0.0,1,0.0009191815,0.0089692256,0.009214225460636001
YASPEP_clean,3.57848,3.19398,3.5679,1.30047,0.0,0.0,76.2476,58.6306,0.422,0.324497,0.0,1,0.0003069725,0.0034912825,0.0030589337072283217
YAVVAV_clean,9.88958,8.7039,9.88958,1.06981,1632.82,1526.27,0.0,0.0,0.6406,0.598799,0.0,1,0.0021678981,0.0212300102,0.02153781828826965
YAVVID_clean,4.84619,4.06844,4.72468,1.45348,1121.07,771.298,0.0,0.0,0.5442,0.374412,0.0,1,0.0009678598,0.0099105085,0.009615842187671657
YAZWOM_clean,4.58853,4.19832,4.58853,1.42471,389.253,273.216,49.369,34.652,0.47,0.329892,0.0,1,0.0003827002,0.0036751972,0.0038710711367153094
YAZZAC_clean,4.64776,3.18674,4.48578,2.01362,0.0,0.0,508.258,252.41,0.4176,0.207388,0.0,1,0.0004976477,0.0048831683,0.004941844530137655
YAZZEG_clean,4.60423,3.13816,4.50897,2.06152,0.0,0.0,492.715,239.006,0.4154,0.201502,0.0,1,0.0004247126,0.0046500914,0.004233984086251856
YEBKOG_clean,4.5315,2.60825,4.5315,1.86878,0.0,0.0,585.621,313.371,0.5136,0.274832,0.0,1,0.0005941088,0.0059519298,0.006025547961001024
YEDKOI_clean,5.69122,4.8418,5.69122,1.08403,1663.7,1534.74,7.50334,6.92174,0.592,0.546112,0.0,1,0.0017503827,0.0173718045,0.017650442323820677
YEDLAV_clean,5.4499,3.81156,5.4499,1.25884,985.671,783.002,173.283,137.653,0.514,0.408314,0.0,1,0.0014259971,0.0146764257,0.013915435309188918
YEFNEC_clean,7.0118,5.67657,7.0118,1.03009,2663.85,2586.03,0.0,0.0,0.7454,0.723623,0.0,0,0.0021437946,0.023303307,0.022125518823407627
YEFPEE_clean,6.60032,5.32777,6.60032,1.16153,2587.98,2228.08,0.0,0.0,0.7204,0.620219,0.0,0,0.0020471363,0.0200991564,0.0209913587785604
YEGHIC_clean,7.13593,3.78757,7.13593,1.08644,2189.73,2015.5,27.1266,24.9682,0.6726,0.619084,0.0,0,0.001632663,0.0165001201,0.01683571285268247
YEQRIV_clean,5.99633,4.79932,5.81502,0.74227,3172.25,4273.71,0.0,0.0,0.734,0.988859,0.0,1,0.0033906314,0.0330805848,0.03400679197114271
YEZKIZ_clean,5.88797,3.34196,5.11644,1.11694,646.66,578.956,242.389,217.012,0.5076,0.454456,0.0,1,0.0010857484,0.01083314,0.010821478871505967
YIBMON01_clean,4.19645,3.27284,4.18819,1.24036,0.0,0.0,758.142,611.228,0.521,0.42004,0.0,1,0.0010831342,0.0106326437,0.010811758863643498
YIBMUT_clean,4.66852,3.42869,4.24306,1.43993,703.496,488.563,0.0,0.0,0.4898,0.340155,0.0,1,0.0009426023,0.0090455601,0.009346159374809627
YIKJUZ_clean,8.98552,4.23883,8.98552,1.25419,1702.48,1357.43,21.0421,16.7774,0.6478,0.516507,0.0,1,0.0013256555,0.0137518078,0.01357398891526343
YIRHOY_clean,4.32621,3.78826,4.32621,3.27612,950.357,290.086,0.0,0.0,0.4232,0.129177,0.0,1,0.0004116984,0.0041869614,0.004123678480301641
YISFEL_clean,5.46375,4.23769,5.46375,1.76848,680.689,384.9,0.0,0.0,0.5068,0.286574,0.0,1,0.0006811358,0.0066207731,0.006847263131140468
YIWMUM_clean,6.07798,4.22779,6.07163,1.30832,2060.98,1575.28,0.0,0.0,0.6732,0.514552,0.0,0,0.0014536923,0.0139218214,0.014565879584483412
YIWPAV_clean,6.84936,5.28466,6.84936,1.24173,2101.82,1692.65,0.0,0.0,0.6932,0.558254,0.0,0,0.001529699,0.0156609166,0.015401923749638374
YIXZEL_clean,4.18544,2.94799,4.18017,2.38522,0.0,0.0,359.124,150.562,0.4952,0.207612,0.0,1,0.0004901462,0.0051297344,0.00494351743721116
YIZGIZ_clean,8.32701,3.59268,8.32701,1.46991,1382.6,940.602,0.383122,0.260644,0.553,0.376215,0.0,0,0.0012712672,0.0132379774,0.012401445153541203
YIZGOF_clean,8.30449,3.57994,8.30449,1.47966,1364.44,922.132,0.0,0.0,0.552,0.373059,0.0,0,0.0019745211,0.0131838809,0.014122372642390486
YOPPAW_clean,4.43567,3.44353,4.43166,1.44767,531.139,366.891,0.0,0.0,0.4788,0.330738,0.0,1,0.0004652205,0.0050683262,0.004702394328501379
YOTROQ_clean,4.99807,2.95418,4.99807,1.1414,0.0,0.0,383.976,336.409,0.4966,0.435081,0.0,0,0.0004315138,0.0042190706,0.004288309559414669
YOYPEJ_clean,6.69444,5.84937,6.69444,1.13629,975.718,858.686,0.0,0.0,0.5104,0.44918,0.0,0,0.00102446,0.0104622316,0.010201537272466471
YOYPOT_clean,6.7589,5.79486,6.7589,1.1199,967.709,864.099,0.0,0.0,0.5112,0.456468,0.0,0,0.0010682588,0.0106560588,0.010593984931372044
YOYPUZ_clean,6.823,5.88003,6.823,1.1136,990.517,889.476,0.0,0.0,0.5056,0.454025,0.0,0,0.0010205055,0.0108682956,0.010150257380729
YOYQAG_clean,6.86662,5.74381,6.86662,1.1179,982.695,879.053,0.0,0.0,0.5126,0.458537,0.0,0,0.0010717961,0.0109178176,0.010595002337007454
YOYRAH_clean,7.09133,6.25516,7.09133,1.0672,1026.65,962.001,0.0,0.0,0.525,0.491941,0.0,0,0.0011352087,0.0117821319,0.011585365772827018
YOYTOX_clean,5.00131,3.86562,5.00092,1.39238,1497.55,1075.53,0.0,0.0,0.5584,0.401039,0.0,1,0.0010966095,0.0107964097,0.011073204546582385
YOYVOZ_clean,4.67642,3.71608,4.67441,1.95188,1324.79,678.726,0.0,0.0,0.5406,0.276964,0.0,1,0.0007399464,0.0075063857,0.007562198815258439
YOZBOF_SL,7.83476,4.57838,7.67886,1.07865,1348.62,1250.29,0.0,0.0,0.5716,0.529923,0.0,0,0.0012935164,0.0134810907,0.013115747802340292
YOZCAS_manual,8.46123,4.31249,7.59373,1.29132,1274.82,987.221,0.0,0.0,0.5562,0.430722,0.0,0,0.0011427668,0.0118773842,0.011608891527424982
YOZJEE01_clean,4.99022,3.91645,4.98963,1.38859,1498.87,1079.42,0.0,0.0,0.5588,0.402423,0.0,1,0.0010767865,0.0111088205,0.010974666481219133
YOZKOP_clean,5.21744,4.85597,5.21744,1.23316,795.516,645.106,0.0,0.0,0.5018,0.406924,0.0,1,0.0006807033,0.0069791878,0.006983640564536225
YOZSAJ_clean,3.42886,2.98988,3.33917,1.71673,0.0,0.0,9.57975,5.58025,0.3904,0.22741,0.0,0,0.0004083341,0.0041139281,0.003959156314266146
YUBGUZ_clean,5.8508,3.21682,5.8508,1.90744,0.0,0.0,1354.41,710.066,0.5644,0.295894,0.0,1,0.0008848264,0.0090014387,0.008736055449369114
YUBHAG_clean,6.23426,5.01606,6.23426,1.5327,2436.24,1589.51,0.0,0.0,0.6722,0.438571,0.0,1,0.0018023615,0.0171380037,0.018079751249292016
YUCZOM_clean,4.78325,3.91982,4.78325,1.01421,1563.82,1541.91,0.0,0.0,0.5504,0.54269,0.0,1,0.0014669826,0.0142240576,0.014841214479635904
YUDFOU_clean,7.64047,6.34458,7.63187,1.05425,1899.74,1801.98,0.0,0.0,0.6516,0.618068,0.0,1,0.001993909,0.0202466112,0.020228804221173558
YUJCOX_clean,5.98412,4.49111,5.97667,1.61045,1537.35,954.605,0.0,0.0,0.5426,0.336924,0.0,1,0.0011837682,0.0118485919,0.011727062093808357
YUKWOS_clean,4.89028,2.61131,4.83385,1.78337,0.0,0.0,583.713,327.308,0.4524,0.253677,0.0,1,0.0005518561,0.005035288,0.0056768137687009165
YULBAJ_clean,4.78019,3.27297,4.78019,1.5076,0.0,0.0,1157.76,767.95,0.5174,0.343194,0.0,0,0.0018428389,0.0117489007,0.014566799219231458
YULNOK_clean,4.29835,3.4152,4.29262,1.35163,393.739,291.306,2.25484,1.66823,0.4592,0.339737,0.0,1,0.000553748,0.0056409852,0.005618988414150488
YUNKAV_clean,4.51501,3.79299,4.16091,1.19194,612.464,513.84,0.0,0.0,0.4502,0.377705,0.0,0,0.0008031663,0.007309978,0.008125168267899283
YURKEC_clean,7.90101,7.08763,7.8976,1.07399,1764.62,1643.06,0.0,0.0,0.6344,0.590696,0.0,1,0.0021249471,0.0205015849,0.020987922678882717
YUSGID_clean,4.4966,3.71515,4.45873,1.44519,752.59,520.755,0.0,0.0,0.4252,0.294217,0.0,0,0.0005768611,0.0054662994,0.00581644248850748
YUSGOJ_SL,4.42187,3.56624,4.4192,1.435,723.425,504.128,0.0,0.0,0.4304,0.29993,0.0,1,0.0005475553,0.0051238844,0.005602727396451172
YUTGEZ_clean,5.82433,3.93601,5.82433,1.29826,1025.59,789.97,0.0,0.0,0.5686,0.437971,0.0,0,0.0009366388,0.0094449544,0.009529514381116207
YUXLEJ_clean,10.83121,6.54663,10.83121,0.97354,1928.71,1981.13,0.0,0.0,0.6686,0.686772,0.0,1,0.0022032628,0.0213045239,0.0221395123829388
YUYGOQ_clean,5.37118,4.47094,5.33272,1.34967,1149.04,851.347,10.6722,7.90727,0.5126,0.379797,0.0,1,0.0010834712,0.0101670276,0.010839614483507048
YUZBUS_clean,5.56489,2.86811,5.54943,1.48376,0.0,0.0,641.085,432.066,0.5,0.336981,0.0,0,0.0008525035,0.0083496875,0.008335993249663226
ZAFXAI_clean,8.16636,3.63608,8.16636,1.40372,1642.88,1170.38,0.0,0.0,0.568,0.40464,0.00156727,0,0.0012446415,0.0127761541,0.012667926113125899
ZAQZOG_clean,5.77457,3.67413,5.75944,1.64692,1133.89,688.489,59.8527,36.3421,0.521,0.316347,0.0,1,0.0011001358,0.0107502491,0.010729170863437406
ZAVPET_clean,5.39742,4.45708,5.33979,1.26627,1762.86,1392.17,0.0,0.0,0.5648,0.446036,0.0,1,0.0014618658,0.0144569486,0.014545134043668107
ZAVPIX_clean,5.34624,4.4404,5.30939,1.2826,1715.57,1337.57,0.0,0.0,0.5728,0.446594,0.0,1,0.0014194991,0.0142480449,0.01405441345324823
ZAVPOD_clean,5.37051,4.47073,5.34338,1.28123,1720.75,1343.05,0.0,0.0,0.573,0.447228,0.0,1,0.0014751575,0.0142609311,0.014563073801439647
ZAVPUJ_clean,5.35189,4.46399,5.34326,1.29856,1713.78,1319.75,0.0,0.0,0.5712,0.439871,0.0,1,0.0014160551,0.0141936077,0.014053980575258558
ZAVRAR_clean,5.32227,4.57646,5.32227,1.37671,1661.66,1206.98,0.0,0.0,0.5744,0.417225,0.0,1,0.0014270377,0.0132576422,0.014296032136636296
ZAVRIZ_clean,5.32783,4.62627,5.32783,1.39297,1655.8,1188.68,0.0,0.0,0.5686,0.408192,0.0,1,0.0013326745,0.0131257778,0.013369813752955444
ZAXQOG_clean,5.67387,3.7719,5.66477,1.01421,1385.47,1366.06,80.4067,79.2805,0.6032,0.594751,0.0,1,0.0015657804,0.0167392237,0.015535529365947116
ZAZBUZ_clean,6.78822,5.70042,6.78792,1.17074,1452.69,1240.82,0.0,0.0,0.588,0.502245,0.0,1,0.0015544535,0.0163156613,0.015443325834352158
ZEDQEG_clean,5.11458,4.23281,5.10868,1.21651,1349.89,1109.64,0.0,0.0,0.5426,0.446031,0.0,1,0.0015338036,0.0154553311,0.014963647009724579
ZEDROR_clean,5.08255,3.56751,5.06998,1.24486,1045.2,839.611,0.0,0.0,0.4974,0.399562,0.0,1,0.0010176085,0.0103268423,0.010110068821906718
ZEDZAL_clean,5.65964,4.57272,5.65578,1.03183,1734.09,1680.59,0.0,0.0,0.6058,0.587111,0.0,0,0.0019303744,0.0200068503,0.019086212777701676
ZEGSUB_clean,7.31541,3.30833,7.31541,1.20729,0.0,0.0,734.411,608.314,0.4788,0.396591,0.0,1,0.0007931303,0.0074298396,0.008005691973536268
ZEKRIS_clean,5.6482,4.818,5.6482,1.03468,1377.31,1331.15,0.0,0.0,0.5112,0.494067,0.0,1,0.001990075,0.0183445665,0.019317841438941656
ZERNOB_clean,4.35265,2.64863,4.35265,1.75217,0.0,0.0,467.23,266.657,0.3994,0.227945,0.0,1,0.0003484472,0.0032830529,0.0034688984564700156
ZERQOE_clean,4.4965,4.02903,4.49472,1.56535,409.981,261.909,0.0,0.0,0.3512,0.224358,0.0,0,0.0004638328,0.0046252197,0.0045954420465479364
ZETMOC_clean,4.70961,3.19935,4.70961,2.1826,0.0,0.0,775.941,355.513,0.5166,0.236691,0.0,1,0.0005989283,0.0057493055,0.005973628391938034
ZEZPAX01_clean,4.97284,3.24197,4.97284,1.39461,0.0,0.0,919.016,658.977,0.5718,0.410007,0.0,1,0.001096667,0.0108773893,0.010909004881909344
ZEZPAX_clean,4.88259,3.42627,4.87229,1.37031,946.317,690.584,0.0,0.0,0.58,0.423261,0.0,1,0.0011394446,0.011869216,0.011534660444693172
ZEZQAY_clean,6.85728,4.76238,6.85728,1.25559,1624.77,1294.03,0.0,0.0,0.5694,0.453492,0.0,1,0.0015674229,0.015227407,0.01540637635419397
ZIDNEH_clean,8.84838,5.55883,8.83355,0.885692,1904.92,2150.77,0.0,0.0,0.6292,0.710405,0.0,1,0.0024597178,0.0259550005,0.024213171557763518
ZIGFIG_clean,11.59694,6.57481,10.91215,0.866393,2057.4,2374.67,0.0,0.0,0.6856,0.791327,0.0,1,0.0030429482,0.0314152544,0.030356415458057572
ZIHFUR_clean,5.26061,4.96221,5.22095,1.17428,998.963,850.705,0.0,0.0,0.5002,0.425964,0.0,0,0.0007555434,0.008016427,0.007724417779610074
ZIJVOF02_clean,5.27888,3.36573,5.25458,1.22585,1080.88,881.733,0.0,0.0,0.5638,0.459924,0.0,1,0.0011363431,0.0118885598,0.011565982294908352
ZILBAZ_clean,4.9863,4.28704,4.9863,0.999721,1029.25,1029.53,0.0,0.0,0.551,0.551154,0.0,1,0.0011789401,0.0120776553,0.011698251574846857
ZILBED_clean,4.97187,3.8062,4.93999,0.952981,1353.58,1420.37,0.0,0.0,0.5664,0.594346,0.0,1,0.0017020662,0.0166386136,0.017103623387025205
ZIMLAK_clean,8.81434,4.17837,8.81158,1.15604,2223.72,1923.56,0.0,0.0,0.7056,0.610357,0.0,1,0.0020920315,0.0205971077,0.020869765781369464
ZIQJEQ_clean,9.10665,6.72913,9.10665,0.629598,2298.43,3650.63,0.0,0.0,0.736,1.169,0.0,1,0.003518014,0.0362915469,0.0350778992463309
ZISFEO01_clean,4.76853,3.96927,4.66022,1.28743,834.269,648.011,0.0,0.0,0.4838,0.375787,0.0,1,0.0010547169,0.0099751198,0.010295350455417924
ZIWLUO_clean,7.47107,4.53903,7.43631,1.09467,1585.65,1448.51,0.0,0.0,0.5836,0.533128,0.0,1,0.0015474034,0.016005159,0.015454631372129492
ZIWTII_clean,4.68935,3.37487,4.68935,1.39204,959.848,689.526,0.0,0.0,0.5458,0.392087,0.0,1,0.0009219891,0.0089380689,0.009318306560635207
ZOFZUR_clean,12.72726,10.75924,12.72726,0.565447,2337.99,4134.76,0.0,0.0,0.7702,1.36211,0.0,1,0.0051152696,0.0513202869,0.05160935896990022
ZOHBUV_clean,4.01075,3.17776,4.01075,1.85961,0.0,0.0,286.567,154.101,0.462,0.248439,0.0,0,0.0003778191,0.0036309053,0.003754931403105017
ZOZPUB_clean,7.7256,6.01065,7.70911,1.03826,1572.11,1514.17,0.0,0.0,0.597,0.574999,0.0,1,0.0017436323,0.0170456341,0.017359543193288272
ZUDQUM_clean,5.81277,5.4291,5.81277,1.09047,1603.64,1470.59,0.0,0.0,0.5888,0.539951,0.0,0,0.001832775,0.0181635115,0.018106897688088788
ZULVEJ_clean,4.77849,2.78356,4.67171,1.54609,0.0,0.0,882.146,570.567,0.467,0.302053,0.0,0,0.0011406391,0.011237832,0.010879316121528421
ZURQOS_clean,4.62363,3.68876,4.61478,1.30618,1284.42,983.341,0.0,0.0,0.526,0.402701,0.0,1,0.0010626516,0.0103252279,0.010729332699924857
ZUTBUN_clean,4.42995,3.86732,4.42995,2.2828,1037.92,454.67,0.0,0.0,0.4626,0.202646,0.0,0,0.0009593283,0.0096687052,0.009375097497246297
ZUWXUM_clean,6.25511,5.54572,6.22585,0.917254,2526.11,2753.99,0.0,0.0,0.7012,0.764456,0.0,0,0.0034329336,0.0326321887,0.033161849228526614
ZUXPOZ_clean,4.9428,4.31959,4.93372,2.00162,1314.33,656.635,0.0,0.0,0.579,0.289266,0.0,1,0.0007874456,0.0078692759,0.008001724726599217
