filename,name,LCD,PLD,LFPD,cm3_g,ASA_m2_cm3,ASA_m2_g,NASA_m2_cm3,NASA_m2_g,AV_VF,AV_cm3_g,NAV_cm3_g,Has_OMS,Input,y_true,y_pred
1499489-acs.cgd.6b01265_1499490_clean,1499489-acs.cgd.6b01265_1499490_clean,10.85017,3.77263,10.26663,0.884188,1701.53,1924.4,0.0,0.0,0.6458,0.730388,0.0,0,0.247012448,2.03632088,1.7578983152393022
ACOCUS_clean,ACOCUS_clean,24.38417,13.22222,24.38417,0.346494,1518.48,4382.42,0.0,0.0,0.8644,2.49471,0.0,1,0.159597857,1.522108001,1.5064562165586917
ACODAZ_clean,ACODAZ_clean,23.29182,13.11646,23.29182,0.343144,1530.83,4461.21,0.0,0.0,0.8618,2.51148,0.0,1,0.156731459,1.498885316,1.4875458933490135
ANOMOG_clean,ANOMOG_clean,12.8003,5.50166,12.79961,0.784559,2116.78,2698.05,0.0,0.0,0.7198,0.917458,0.0,1,0.183327274,1.541629193,1.5457289322594452
AQEGUY_clean,AQEGUY_clean,5.54395,4.66139,5.49926,1.46355,1275.66,871.62,0.0,0.0,0.5148,0.351747,0.0,1,0.217138958,1.45663762,1.4857739113736386
AQIXUU_clean,AQIXUU_clean,5.00071,3.74213,5.00071,2.31618,778.297,336.026,0.0,0.0,0.406,0.175289,0.0,1,0.209911306,1.085200865,1.1385510919214838
ASANAL_clean,ASANAL_clean,5.37126,3.88285,5.37126,1.20144,1052.9,876.362,0.0,0.0,0.5218,0.434312,0.0,1,0.161216554,1.160615459,1.2152896371234125
ATUZEW_clean,ATUZEW_clean,10.5847,3.84767,10.5847,0.968927,2122.87,2190.95,0.0,0.0,0.6504,0.671258,0.0,1,0.233726244,1.753836566,1.8780742148841099
AWEWOP_clean,AWEWOP_clean,9.66818,6.8565,9.66161,1.11027,1532.43,1380.24,0.0,0.0,0.5908,0.532125,0.0,1,0.149085553,1.305608075,1.175235824890515
AXINAX_clean,AXINAX_clean,19.26045,15.71248,19.26045,0.424639,1405.73,3310.41,0.0,0.0,0.8372,1.97156,0.0,1,0.141952935,1.320321081,1.3347963720579543
BETFOX_clean,BETFOX_clean,5.13144,3.67825,5.11456,1.3623,1196.21,878.085,0.0,0.0,0.5018,0.368349,0.0,0,0.148249446,1.061851526,1.122388844563401
BEWVEG_clean,BEWVEG_clean,6.48201,4.71475,6.48201,1.10737,1863.88,1683.16,0.0,0.0,0.6042,0.545619,0.0,1,0.113575622,1.007712788,0.9769732832401493
BUVVIZ_clean,BUVVIZ_clean,5.00001,3.6207,4.99072,1.72941,572.133,330.826,0.0,0.0,0.4138,0.239272,0.0,0,0.042059479,0.34529863,0.3390022333247666
c5dt03038b_c5dt03038b2_clean,c5dt03038b_c5dt03038b2_clean,6.32747,4.74814,6.26915,1.49819,1746.54,1165.77,0.0,0.0,0.584,0.389803,0.0,1,0.209566877,1.629905593,1.6137893151807965
c5nj03044g_c5nj03044g2_clean,c5nj03044g_c5nj03044g2_clean,5.37347,3.59404,5.37347,1.19457,1376.65,1152.42,0.0,0.0,0.5502,0.460583,0.0,0,0.250876564,1.81211263,1.747256260834551
c5ta03835a_c5ta03835a2_clean,c5ta03835a_c5ta03835a2_clean,12.36152,9.64623,12.36152,0.670312,1969.74,2938.54,0.0,0.0,0.7304,1.08964,0.0,0,0.127487058,1.192169166,1.183543863127517
c6ce00465b_c6ce00465b2_clean,c6ce00465b_c6ce00465b2_clean,7.48534,6.6993,7.48534,0.744889,2472.69,3319.54,0.0,0.0,0.7082,0.950746,0.0,0,0.269914242,2.412234936,2.1684698158253357
CAXSUR_SL,CAXSUR_SL,13.20977,6.6958,13.20977,0.618713,2108.92,3408.56,2.69185,4.35072,0.73,1.17987,0.0,0,0.123317066,1.151289442,1.1464931136242098
CESFIQ_clean,CESFIQ_clean,12.64207,6.13059,12.56929,0.688272,2372.6,3447.18,0.0,0.0,0.7544,1.09608,0.0,1,0.254488272,2.0170412,2.126262064933788
cg2007167_si_002_clean,cg2007167_si_002_clean,6.66423,5.56859,6.66139,0.818121,2162.43,2643.17,0.0,0.0,0.663,0.810394,0.0,1,0.090615709,0.834882667,0.8394905942810883
cg3002866_si_001_clean,cg3002866_si_001_clean,14.19695,6.32486,14.19695,0.780735,2310.25,2959.08,0.0,0.0,0.7264,0.930405,0.0,1,0.167807966,1.574437478,1.5024014036906024
COQJOJ_clean,COQJOJ_clean,7.38214,4.96534,7.38214,1.07307,1447.07,1348.53,0.0720169,0.0671129,0.5318,0.495588,0.0,1,0.235880475,1.55630896,1.692954843531692
COQJUP_clean,COQJUP_clean,7.38322,4.6606,7.38042,1.11082,1342.22,1208.32,0.0,0.0,0.5588,0.503054,0.0,1,0.244673238,1.511332672,1.6924459980420414
CUQRUD_clean,CUQRUD_clean,5.86918,4.59668,5.81577,0.986332,2188.93,2219.27,0.0,0.0,0.6352,0.644002,0.0,1,0.237078051,1.96199722,1.984025495485673
CUSXOE_clean,CUSXOE_clean,17.97302,15.80148,17.15199,0.243844,1288.51,5284.15,0.0,0.0,0.909,3.72779,0.0,1,0.16286717,1.560206565,1.5203526802983853
CUTCAX_clean,CUTCAX_clean,4.30234,3.58939,4.26585,1.09614,1081.03,986.218,1.04385,0.952301,0.522,0.476217,0.0,1,0.23010171,1.758061001,1.6614497426582462
CUWXAV_clean,CUWXAV_clean,6.49506,4.27985,6.49506,1.3087,1636.9,1250.78,0.0,0.0,0.5526,0.42225,0.0,0,0.171311758,1.279871203,1.3179300325469911
DANZOJ_neutral,DANZOJ_neutral,11.30814,4.84088,11.28951,0.953196,1460.99,1532.73,328.938,345.089,0.656,0.688211,0.0,0,0.150249395,1.167520573,1.2199269603267044
DAZCAK_clean,DAZCAK_clean,13.11846,6.60097,13.10556,1.02457,1662.31,1622.44,0.0,0.0,0.6408,0.625431,0.0,1,0.20711872,1.606148113,1.5563518558504008
DIMQIB_clean,DIMQIB_clean,6.20574,4.20467,6.19483,1.06672,2087.42,1956.87,0.0,0.0,0.598,0.560599,0.0,1,0.34365979,2.429078805,2.430068539876363
DUKNEE_clean,DUKNEE_clean,4.73188,3.71957,4.56441,1.30231,281.161,215.894,153.376,117.772,0.4962,0.381015,0.0,1,0.137644463,0.857722295,0.9475834355991262
DUNYOC_clean,DUNYOC_clean,9.99521,7.8188,9.31419,0.670932,2064.07,3076.42,0.0,0.0,0.7104,1.05883,0.0,1,0.126041771,1.171771724,1.1806227455397449
DUQRUD_clean,DUQRUD_clean,5.84696,3.93964,5.84696,1.3492,787.842,583.933,0.0,0.0,0.45,0.333531,0.0,0,0.061042895,0.497901592,0.5014515905756276
DUSHIK_clean,DUSHIK_clean,14.6863,6.85074,14.6863,0.965487,1544.65,1599.87,302.186,312.988,0.665,0.688771,0.0,1,0.242092385,1.943090402,1.7887906296039406
DUZKEQ_clean,DUZKEQ_clean,20.34484,16.57615,20.32874,0.744987,1552.98,2084.58,0.0389169,0.0522383,0.7072,0.949278,0.0,1,0.060464441,0.58381522,0.5763722647637358
EBOXEA_clean,EBOXEA_clean,5.66693,4.72038,5.66453,1.32843,1075.3,809.448,0.0,0.0,0.5358,0.403332,0.0,1,0.030488809,0.284102125,0.2803464031628604
EDUSOL_clean,EDUSOL_clean,12.82141,3.84026,12.82141,2.18826,1494.62,683.017,0.0,0.0,0.5914,0.270261,0.0,0,0.205826539,1.440561624,1.4212519263821093
ENCDBZ_clean,ENCDBZ_clean,5.17995,4.0381,5.17546,1.35947,2064.83,1518.84,0.0,0.0,0.6576,0.483717,0.0,0,0.128693631,1.119485362,1.0941129871426192
ERANES_clean,ERANES_clean,8.79503,8.24088,8.79503,0.804109,2252.06,2800.69,5.76922,7.17468,0.711,0.884209,0.000248723,1,0.144971834,1.24348565,1.325153422417266
ERUNUC_clean,ERUNUC_clean,14.74144,10.998,14.73673,0.612946,1667.89,2721.11,0.0,0.0,0.75,1.2236,0.0,1,0.133325946,1.25184474,1.2406385365796186
FALSAO_clean,FALSAO_clean,5.59493,4.61612,5.59493,1.06274,1144.25,1076.7,0.0,0.0,0.509,0.478952,0.0,0,0.208618546,1.548346903,1.4899483539495844
FAVDIS_clean,FAVDIS_clean,7.08952,4.40423,6.6109,3.30476,694.499,210.151,254.861,77.1193,0.4708,0.142461,0.0,1,0.055000104,0.390612079,0.39677794272899347
FEWXEM_clean,FEWXEM_clean,17.92481,8.14411,17.86267,0.48374,2192.72,4532.85,0.0,0.0,0.805,1.66412,0.0,0,0.156037775,1.484366452,1.4706543738737057
FIHHOV_clean,FIHHOV_clean,6.48503,4.23046,4.73284,1.35341,178.981,132.245,677.871,500.863,0.475,0.350966,0.0,1,0.094184521,0.723569319,0.6908742898615008
FOCZEE_clean,FOCZEE_clean,4.4728,3.82667,4.43202,1.76964,355.495,200.886,0.0,0.0,0.3688,0.208404,0.0,0,0.119728144,0.622747764,0.6390382216241149
FOFHEO_clean,FOFHEO_clean,6.41067,5.52308,6.4074,2.22496,990.681,445.257,0.0,0.0,0.446,0.200453,0.0,0,0.215334277,1.308416521,1.1579528725412849
FOQNOQ01_clean,FOQNOQ01_clean,5.8632,5.042,5.82773,1.375,1086.49,790.181,181.915,132.302,0.54,0.392729,0.0,1,0.164381741,1.122250621,1.1966176745124941
FOQNOQ02_clean,FOQNOQ02_clean,5.77332,4.6821,5.75387,1.37197,1078.45,786.062,190.643,138.956,0.5392,0.393013,0.0,1,0.162797575,1.12948555,1.203308135634879
FOQPAE02_clean,FOQPAE02_clean,6.1209,4.89143,6.11396,1.39791,1360.89,973.519,0.0,0.0,0.5506,0.393874,0.0,1,0.183085909,1.225172687,1.320172308242295
FUTZIF_clean,FUTZIF_clean,5.6655,4.98419,5.65746,1.25322,1742.86,1390.71,0.0,0.0,0.5754,0.459137,0.0,1,0.254023348,1.94199257,1.9257931351344357
FUWFUA_clean,FUWFUA_clean,7.25313,6.2676,7.10214,1.05922,1980.57,1869.84,0.0,0.0,0.6472,0.611017,0.0,1,0.131242075,1.146541347,1.152144867458279
FUYCAE_clean,FUYCAE_clean,12.12006,7.41697,11.45114,0.805353,2038.6,2531.31,0.0,0.0,0.6952,0.863224,0.0,1,0.176325096,1.502564421,1.4774934476969628
GAFGEC_clean,GAFGEC_clean,6.70517,3.42904,6.68311,1.37564,1797.55,1306.7,0.0,0.0,0.5494,0.399377,0.0,0,0.121703848,1.053937841,1.0306856521379975
GAHSEQ_clean,GAHSEQ_clean,9.12806,8.89551,9.12806,1.04861,1169.01,1114.83,0.0,0.0,0.5662,0.539955,0.0,1,0.046946517,0.446743731,0.4392064723778286
GEBPEK_clean,GEBPEK_clean,17.98452,9.34908,17.98452,0.462491,1934.3,4182.35,0.0,0.0,0.837,1.80977,0.0,0,0.134309503,1.32805195,1.2784334891616274
GITSUY_clean,GITSUY_clean,12.38253,7.614,12.38253,0.866035,1866.54,2155.27,0.0,0.0,0.694,0.801354,0.0,0,0.110321318,1.026224547,1.012372611368343
GOBTAT_clean,GOBTAT_clean,7.10593,5.74189,7.09799,0.916339,2102.05,2293.96,0.0,0.0,0.6472,0.706289,0.0,0,0.201904868,1.750692063,1.7179730467277203
GUPBOJ03_clean,GUPBOJ03_clean,20.79847,8.00163,20.79847,0.806562,1676.14,2078.13,0.0,0.0,0.7324,0.908052,0.0,0,0.081541746,0.777292006,0.77062679891623
HABCIZ_clean,HABCIZ_clean,9.83189,7.12324,9.82847,0.920871,2079.45,2258.13,0.0,0.0,0.6902,0.749507,0.0,1,0.105607296,0.986545499,0.9726395643517385
HAWGIY_clean,HAWGIY_clean,4.9936,3.76376,4.99295,1.55118,587.725,378.89,0.0,0.0,0.3948,0.254516,0.0,0,0.097884783,0.666195488,0.6550838820243462
HICGEG_clean,HICGEG_clean,7.22417,4.98345,7.22345,1.05866,1756.83,1659.47,0.0,0.0,0.6354,0.60019,0.0,0,0.144339351,1.204469099,1.233903878145846
HUHBUJ_clean,HUHBUJ_clean,5.60126,5.18977,5.60126,1.80903,559.324,309.185,0.365081,0.201811,0.4444,0.245657,0.0,1,0.043626846,0.366197603,0.3438256462819511
HUNCIE_clean,HUNCIE_clean,23.8524,20.39274,23.77655,0.290995,1592.86,5473.82,0.0,0.0,0.8752,3.00761,0.0,1,0.150563323,1.466164228,1.4615167260877886
HURFOR_clean,HURFOR_clean,7.08248,5.24445,7.08248,1.04737,1938.44,1850.78,0.0,0.0,0.6226,0.594444,0.0,1,0.231565602,1.65727468,1.8487922301241577
IBIYUO_clean,IBIYUO_clean,5.20433,4.31707,5.18919,2.0196,573.799,284.115,0.0,0.0,0.4548,0.225193,0.0,0,0.071992825,0.452961967,0.5254752336457128
ic403175w_si_002_clean,ic403175w_si_002_clean,5.88584,3.69969,5.83238,2.5678,470.928,183.398,0.0,0.0,0.2652,0.103279,0.0,1,0.137036847,0.524563695,0.7178691361044489
ic5005374_si_003_clean,ic5005374_si_003_clean,21.713,8.12819,21.713,0.624448,1871.88,2997.65,0.0,0.0,0.8216,1.31572,0.0,1,0.174650576,1.626298495,1.5154795228808726
ICIVEW_clean,ICIVEW_clean,9.81405,8.96526,9.81405,1.68894,1459.56,864.19,0.0,0.0,0.6214,0.367924,0.0,1,0.125411254,1.019496089,0.9727608579846494
IFEPUG01_clean,IFEPUG01_clean,6.97552,6.67002,6.97552,1.81968,554.5,304.724,0.0,0.0,0.3222,0.177064,0.0,1,0.063118356,0.536792573,0.5082422601223314
IFEPUG07_clean,IFEPUG07_clean,6.70506,6.18332,6.70506,1.72629,549.827,318.502,0.0,0.0,0.3412,0.197649,0.0,0,0.069641262,0.590919594,0.5602748481686003
IGORUS_clean,IGORUS_clean,10.22764,5.8145,10.22764,0.798105,2273.51,2848.64,0.0,0.0,0.7076,0.8866,0.0,1,0.157736006,1.505072146,1.4191660413921647
ILOWAI_clean,ILOWAI_clean,5.40585,4.42661,5.40585,1.07764,1110.36,1030.36,0.0,0.0,0.5072,0.470657,0.0,0,0.230000627,1.686324702,1.542699014255353
INECIP_clean,INECIP_clean,9.29924,6.52394,9.29924,0.881325,1561.41,1771.66,0.320426,0.363573,0.6242,0.708252,0.0,0,0.19675979,1.42870725,1.5811564167243575
IVEKEA_clean,IVEKEA_clean,22.61279,7.45433,22.60405,0.58506,2033.02,3474.88,0.0,0.0,0.8178,1.3978,0.0,1,0.160178196,1.486326954,1.4605796415667307
IZIHIK_clean,IZIHIK_clean,7.14331,5.40483,7.14331,1.44939,1285.98,887.257,42.2152,29.1262,0.5348,0.368983,0.0,1,0.100173754,0.851937229,0.807922880298661
ja0734952si20070516_030528_clean,ja0734952si20070516_030528_clean,12.93372,6.65576,12.93372,1.08034,1587.08,1469.06,0.0,0.0,0.6156,0.569821,0.0,1,0.246249332,1.525705619,1.7364833862546272
ja111042f_si_002_clean,ja111042f_si_002_clean,13.98436,10.86418,13.89482,0.502876,1948.39,3874.49,0.0,0.0,0.797,1.58488,0.0,1,0.156845531,1.447203501,1.4388363499602137
ja4015666_si_002_clean,ja4015666_si_002_clean,10.09928,9.13648,10.09928,0.711506,2224.92,3127.06,0.0,0.0,0.7638,1.0735,0.0,0,0.124881498,1.14911945,1.1730707983988937
ja501810r_si_002_clean,ja501810r_si_002_clean,11.13191,5.72159,11.13191,0.767426,2419.7,3153.01,0.0,0.0,0.7292,0.950189,0.0,1,0.191042001,1.678140492,1.631021362469962
ja5111317_ja5111317_si_003_clean,ja5111317_ja5111317_si_003_clean,31.61006,11.66371,31.57217,0.400393,1352.25,3377.31,0.0,0.0,0.8428,2.10493,0.0,0,0.168238527,1.578190002,1.5386403843305572
jacs.5b11034_ja5b11034_si_002_clean,jacs.5b11034_ja5b11034_si_002_clean,10.09486,5.31829,9.68701,0.952575,2265.34,2378.12,0.0,0.0,0.7158,0.751437,0.0,1,0.307665424,2.359139018,2.328902103679019
jacs.6b08724_ja6b08724_si_011_clean,jacs.6b08724_ja6b08724_si_011_clean,28.29641,26.81159,28.29641,0.32286,1413.52,4378.13,0.0,0.0,0.8676,2.68723,0.0,1,0.152974474,1.476969973,1.4729430603004685
JALLIU_clean,JALLIU_clean,13.72158,6.77108,13.72158,0.777101,2196.2,2826.14,0.0,0.0,0.7498,0.964868,0.000514734,0,0.07511765,0.719110149,0.9134430690326455
j.jssc.2016.06.015_ZJU-10_clean,j.jssc.2016.06.015_ZJU-10_clean,11.36875,4.57229,11.36875,0.827579,2351.53,2841.46,0.0,0.0,0.6996,0.845357,0.0,1,0.189287651,1.560619171,1.5648191924416142
JOBFEM_clean,JOBFEM_clean,5.21969,4.11862,5.19916,1.69686,1191.56,702.213,0.0,0.0,0.5022,0.295958,0.0,1,0.076983853,0.619838764,0.6441733903401846
JOBFIQ_clean,JOBFIQ_clean,5.07849,4.37964,5.07849,1.64132,1199.79,730.99,0.0,0.0,0.503,0.30646,0.0,1,0.09746598,0.750156477,0.7734323121913382
jp302979a_si_002_clean,jp302979a_si_002_clean,10.98282,6.54194,10.97083,0.963718,2282.53,2368.46,0.0,0.0,0.7164,0.743371,0.0,1,0.124719648,1.175372404,1.0486568989741192
KOJZOZ_clean,KOJZOZ_clean,9.94395,7.51619,9.94395,1.17869,2115.26,1794.59,0.0,0.0,0.694,0.58879,0.0,1,0.06251614,0.576649902,0.5887022404599367
KOMHEB_clean,KOMHEB_clean,6.83617,4.31178,6.83617,2.04431,589.974,288.593,3.15896,1.54524,0.4406,0.215525,0.0,1,0.192933207,1.042729724,1.0250599905254671
KOMHIF_clean,KOMHIF_clean,6.96433,4.30157,6.96433,2.10755,601.281,285.298,0.506718,0.24043,0.4434,0.210386,0.0,1,0.258104006,1.155453137,1.1670656267087076
KUNLAH_clean,KUNLAH_clean,8.03251,7.13219,8.01517,1.36208,1523.74,1118.69,0.0,0.0,0.5688,0.417596,0.0,1,0.197010164,1.436357907,1.4335076586625177
LABPEM_clean,LABPEM_clean,6.18341,5.05232,6.14574,2.50734,600.583,239.53,0.0,0.0,0.4104,0.163679,0.0,1,0.069355258,0.445174471,0.48285487290518714
LACZAT_clean,LACZAT_clean,8.2988,5.7298,8.2988,0.945764,1995.72,2110.17,179.673,189.977,0.662,0.699963,0.0,1,0.159165926,1.433287921,1.3402343842733206
LAQNOJ_clean,LAQNOJ_clean,14.29494,6.44811,14.29494,0.699724,2201.6,3146.38,0.0,0.0,0.7396,1.05699,0.0,1,0.253301692,2.015038313,2.031987953685437
LATCAN_clean,LATCAN_clean,17.46459,13.36465,17.46459,0.380351,1759.4,4625.73,0.0,0.0,0.8424,2.21479,0.0,1,0.156936912,1.526465162,1.474217173862792
LAVMAY_clean,LAVMAY_clean,4.2695,3.50942,4.2695,1.8291,885.681,484.216,0.0,0.0,0.4954,0.270843,0.0,1,0.172528626,1.253552034,1.2111549911245183
LELDOX_clean,LELDOX_clean,18.13342,6.69424,12.87691,0.621417,2220.07,3572.59,0.0,0.0,0.7588,1.22108,0.0,1,0.148149668,1.37214781,1.3781470046216948
LIDSAU_clean,LIDSAU_clean,5.52729,4.59222,5.52557,1.12251,2012.74,1793.07,0.0,0.0,0.5812,0.517767,0.0,1,0.353491538,2.498934323,2.61148574943434
LOCRUR_clean,LOCRUR_clean,5.043,4.16027,5.043,1.07174,1871.72,1746.44,0.0,0.0,0.587,0.547708,0.0,0,0.145606374,1.256207768,1.2984302303335162
LOSYAV_clean,LOSYAV_clean,4.55984,3.67657,4.54982,1.22852,1180.85,961.195,0.0,0.0,0.5162,0.42018,0.0,1,0.273579454,1.991625583,1.8634794714119682
LOZSOK_clean,LOZSOK_clean,4.88564,3.63855,4.86025,1.66521,574.268,344.863,0.0,0.0,0.4628,0.277923,0.0,1,0.212248833,1.158800977,1.1458967243310623
LURRIA_clean,LURRIA_clean,22.37295,9.74126,15.85817,0.406542,1874.4,4610.6,0.0,0.0,0.8348,2.05341,0.0,1,0.155029893,1.496462884,1.4593223050337507
MAZSOX_clean,MAZSOX_clean,5.55494,4.03435,5.33658,1.3131,1791.89,1364.62,0.0,0.0,0.6002,0.457085,0.0,1,0.19715218,1.444674974,1.551893875701581
MINCET_clean,MINCET_clean,9.524,7.71671,9.524,0.905671,2095.17,2313.39,0.0,0.0,0.6848,0.756124,0.0,1,0.115988163,1.083323718,1.0580048102346766
MIPHEA_clean,MIPHEA_clean,12.05615,8.64769,12.04135,0.749529,1624.67,2167.58,0.0,0.0,0.6532,0.871481,0.0,1,0.081894171,0.759668902,0.773171706627245
MIZPUI_clean,MIZPUI_clean,11.48015,5.54799,11.48015,0.751265,2238.05,2979.04,0.0,0.0,0.6966,0.927235,0.0,1,0.198101379,1.582078814,1.6405094370242448
MOKVOZ_clean,MOKVOZ_clean,13.24903,6.01162,13.24903,0.724616,2572.52,3550.19,0.0,0.0,0.738,1.01847,0.0,1,0.24994645,2.065719419,2.1036318448987883
MOYZIK_clean,MOYZIK_clean,11.27166,9.72629,11.27166,0.630203,2036.29,3231.16,0.0,0.0,0.7776,1.23389,0.0,1,0.190482607,1.7855426,1.5843131534313344
MUFZIY_clean,MUFZIY_clean,5.11633,4.22096,4.9793,1.2975,1374.55,1059.38,0.0,0.0,0.5374,0.414181,0.0,1,0.297106933,1.936070666,2.05751476676668
NATXOW_clean,NATXOW_clean,6.27753,3.98136,5.70385,2.37062,1034.62,436.436,0.0,0.0,0.5084,0.214459,0.0,1,0.037748905,0.328580123,0.31057658306515173
NIMQAC_clean,NIMQAC_clean,4.88726,4.1244,4.87966,1.793,775.011,432.243,0.0,0.0,0.4462,0.248857,0.0,1,0.236934728,1.316234514,1.213802543377458
NOMPOW_clean,NOMPOW_clean,10.08543,5.68643,10.01287,0.89499,1881.89,2102.69,0.0,0.0,0.632,0.706153,0.0,1,0.122151936,1.123547579,1.1101999104034272
NUZCIV_clean,NUZCIV_clean,7.57732,5.39606,7.57711,1.85198,785.332,424.05,0.0,0.0,0.38,0.205186,0.0,0,0.09401416,0.659883885,0.6331407602933506
OCINAS_clean,OCINAS_clean,7.37544,5.53142,7.37544,1.04306,1267.84,1215.49,0.0,0.0,0.5388,0.516555,0.0,0,0.225365716,1.387424049,1.6624935948500268
OCUPOS_clean,OCUPOS_clean,4.38921,3.97026,4.38921,1.66698,711.745,426.966,0.0,0.0,0.445,0.266949,0.0,1,0.24928151,1.526482128,1.4060330619874704
OFAMUF_clean,OFAMUF_clean,5.59939,4.02992,5.59939,1.54548,471.321,304.968,0.0,0.0,0.3828,0.247691,0.0,1,0.059972859,0.41909835,0.43895208777025496
OJUPEQ_clean,OJUPEQ_clean,7.65722,5.34894,7.64941,1.35901,1262.34,928.863,1.71614,1.26278,0.5006,0.368355,0.00500363,1,0.15664225,1.190686273,1.0906894932620572
OMUMEQ_clean,OMUMEQ_clean,6.91715,4.85787,6.80515,1.20639,1419.32,1176.5,0.0,0.0,0.5452,0.451927,0.0,1,0.170026617,1.255193803,1.3034906275938811
OMUMIU_clean,OMUMIU_clean,6.8237,5.05077,6.8237,1.16475,1401.88,1203.6,0.0,0.0,0.5646,0.484741,0.0,1,0.189225115,1.366973355,1.4099487583446928
OQUGAK_clean,OQUGAK_clean,10.35091,9.30468,10.35091,1.4862,1312.48,883.115,0.0,0.0,0.5682,0.382318,0.000403715,1,0.209223837,1.23410681,1.4531625303878877
OXANUX_clean,OXANUX_clean,5.94515,4.53193,5.92516,1.09636,1861.76,1698.12,0.0,0.0,0.586,0.534494,0.0,1,0.21911517,1.765297322,1.690872016780095
OXAPAF_clean,OXAPAF_clean,5.78823,4.71087,5.78381,1.11325,1842.99,1655.5,0.0,0.0,0.5886,0.52872,0.0,1,0.207443375,1.657661276,1.628453685006373
OYAJIJ02_clean,OYAJIJ02_clean,10.70872,8.94342,10.70872,1.40706,1892.43,1344.95,0.0,0.0,0.6626,0.47091,0.00014214,0,0.141598568,1.261933479,1.1858316645396476
OYOVOP_clean,OYOVOP_clean,6.07579,5.04225,6.06489,1.15877,1135.77,980.15,0.0,0.0,0.503,0.43408,0.0,1,0.09122767,0.741032632,0.7783035794829531
PAQTIM_clean,PAQTIM_clean,5.2151,3.68936,5.21444,1.57762,664.94,421.484,0.0,0.0,0.4366,0.276747,0.0,1,0.129714382,0.787949653,0.824205511689389
PENNIH_clean,PENNIH_clean,6.3502,4.1996,4.94284,1.08381,1502.1,1385.95,0.0,0.0,0.547,0.504702,0.0,0,0.134724128,1.124200751,1.1515099092744174
PETXAP_clean,PETXAP_clean,13.99523,6.27881,13.98885,1.13186,2079.02,1836.82,0.0,0.0,0.712,0.629056,0.00123691,0,0.132833072,1.242239237,1.160983114647478
POBGAQ01_clean,POBGAQ01_clean,13.29282,10.46232,13.28611,0.466279,1667.35,3575.87,0.0,0.0,0.769,1.64923,0.0,0,0.116022659,1.123097918,1.1147098211969086
POCRAB_clean,POCRAB_clean,5.23607,3.48613,5.20368,1.30167,934.815,718.167,0.0,0.0,0.481,0.369526,0.0,1,0.073083694,0.628460081,0.6069260398866321
PUBROU_clean,PUBROU_clean,10.98616,5.10232,10.98616,0.916508,2445.22,2667.98,0.0,0.0,0.701,0.76486,0.0,0,0.329604112,2.493805348,2.358388589054742
PUCKUV_clean,PUCKUV_clean,5.10039,3.48814,5.04421,1.9845,773.41,389.725,0.0,0.0,0.4536,0.228571,0.0,0,0.147454795,1.055061169,0.9454997986072169
QAHDUA_clean,QAHDUA_clean,23.63634,22.83001,23.63634,0.425592,1765.68,4148.76,0.0,0.0,0.8564,2.01226,0.0,0,0.128224694,1.254290779,1.2372459077971427
QAMLEY_clean,QAMLEY_clean,11.14892,6.14756,10.82233,0.696915,2278.27,3269.08,0.0,0.0,0.7598,1.09023,0.0,0,0.153666622,1.405153817,1.4115787190314921
QETQIP_clean,QETQIP_clean,10.92795,8.79806,10.92452,1.06487,1392.02,1307.22,0.0,0.0,0.584,0.548421,0.0,0,0.086368813,0.740119585,0.7702773083040904
QIKYOA_clean,QIKYOA_clean,6.61593,4.14269,6.59132,1.04069,1590.42,1528.23,5.00662,4.81084,0.6008,0.577307,0.0,1,0.151119265,1.286967528,1.2312164074533187
QITHEG_clean,QITHEG_clean,10.46553,8.48033,10.45832,2.62244,1360.27,518.702,0.830001,0.316499,0.623,0.237565,0.0,1,0.165483117,0.981529951,1.084059561468814
QOTHOY_clean,QOTHOY_clean,6.37058,3.75017,6.31599,1.47166,1046.29,710.962,0.0,0.0,0.4758,0.323309,0.0,1,0.243870985,1.474717793,1.461802116488381
QOZPEC_clean,QOZPEC_clean,8.63857,6.23662,8.63857,1.28191,1608.67,1254.89,0.0,0.0,0.6008,0.468674,0.0,1,0.16248252,1.374379306,1.2888175677759584
QUQQOJ_clean,QUQQOJ_clean,4.48385,3.90246,4.48385,1.73709,680.126,391.531,0.0,0.0,0.355,0.204365,0.0,0,0.165412992,0.984112445,1.0031868250919942
RAHPAT_clean,RAHPAT_clean,17.3936,6.5256,17.3936,0.714443,2314.93,3240.19,0.0,0.0,0.7448,1.04249,0.0,1,0.191768835,1.769929679,1.6502069620594908
RANCEQ_clean,RANCEQ_clean,14.1625,12.23837,14.01017,0.445038,1622.66,3646.11,0.0,0.0,0.8192,1.84074,0.0,0,0.109771257,1.063998546,1.064831304881838
RESDUQ_clean,RESDUQ_clean,9.24485,8.42275,9.24485,0.921133,2004.83,2176.48,0.0,0.0,0.7082,0.768836,0.0,1,0.112510196,0.999379559,1.0310564854009188
RETVIW_clean,RETVIW_clean,4.7226,4.53264,4.7226,2.05578,528.256,256.961,0.0,0.0,0.3428,0.166749,0.0,0,0.112085021,0.656089672,0.6381772726374644
RIWNAO_clean,RIWNAO_clean,9.73357,7.77994,9.73357,1.04203,1469.46,1410.19,0.0,0.0,0.5926,0.568698,0.0,1,0.078608512,0.703080791,0.7406375586557685
RONSOE_clean,RONSOE_clean,5.16012,4.53444,5.16012,1.3403,741.014,552.871,0.0,0.0,0.4724,0.352458,0.0,1,0.189431605,1.071417026,1.1656034466467298
RUBTAK09_clean,RUBTAK09_clean,8.7392,3.86679,8.7392,1.61914,1660.3,1025.42,0.0,0.0,0.5678,0.35068,0.000123522,0,0.235618519,1.597525896,1.6004120536303486
RUFPUF_clean,RUFPUF_clean,20.40507,9.35997,20.29085,0.359492,1749.6,4866.88,0.0,0.0,0.8282,2.30381,0.0,1,0.119738022,1.160696266,1.2001108666316087
RULMUI_clean,RULMUI_clean,10.9139,7.22994,10.52372,0.830637,1922.02,2313.91,0.0,0.0,0.6682,0.804443,0.0,1,0.137010419,1.214852926,1.2279008555105924
SAJHUJ_clean,SAJHUJ_clean,6.4139,3.72776,6.34123,1.44908,755.301,521.226,133.822,92.3491,0.5074,0.350152,0.0,0,0.252660506,1.495020619,1.3626276711919703
SAKNOJ_clean,SAKNOJ_clean,15.48179,8.59456,15.48179,0.827341,1070.73,1294.18,649.279,784.778,0.7024,0.848985,0.0,1,0.151925908,1.401332706,1.2928503178559207
SALRUU_clean,SALRUU_clean,5.91203,3.84839,5.91203,1.89218,897.906,474.535,26.6841,14.1023,0.5394,0.285068,0.0,1,0.109358502,0.838984622,0.7863616613815207
SAMYIR_clean,SAMYIR_clean,6.27824,4.76913,6.27824,2.08893,574.788,275.159,0.0,0.0,0.4126,0.197517,0.0,0,0.063164941,0.399789904,0.4255319970850423
TAWSUI_clean,TAWSUI_clean,5.20958,3.98928,5.17642,1.56152,1730.86,1108.44,0.0,0.0,0.6298,0.403324,0.0,0,0.234314365,1.701609387,1.8377565422026336
TERFED_clean,TERFED_clean,4.51281,3.91001,4.51281,1.28172,1102.17,859.911,0.0,0.0,0.5092,0.397278,0.0,1,0.205349581,1.474284795,1.458389779466944
TEVHEJ_clean,TEVHEJ_clean,16.64004,7.73442,14.83466,0.917293,1753.18,1911.25,0.0,0.0,0.6898,0.751995,0.0,1,0.291832418,1.811540095,2.031428708113011
TIPZOJ_clean,TIPZOJ_clean,4.94343,3.60013,4.89104,2.53459,858.107,338.559,0.0,0.0,0.4532,0.178806,0.0,1,0.030016391,0.257989752,0.26314304979648967
TIRKEM_clean,TIRKEM_clean,5.36618,3.48834,5.34699,1.18994,1111.28,933.894,0.0,0.0,0.4996,0.419854,0.0,0,0.149135487,1.105879127,0.9498601536286874
TOVHET_clean,TOVHET_clean,10.32872,5.24629,6.09815,0.967713,1426.09,1473.67,625.967,646.851,0.653,0.674787,0.0,1,0.172337071,1.497746272,1.4834175211653895
UKIQUB_clean,UKIQUB_clean,13.62192,8.69235,13.61731,0.709108,2139.96,3017.82,0.0,0.0,0.7494,1.05682,0.0,1,0.201125046,1.769222809,1.7087339620948672
ULOKUD01_clean,ULOKUD01_clean,8.86248,5.68435,8.86248,1.87819,1722.41,917.059,0.0,0.0,0.631,0.335961,0.0,1,0.07401988,0.653691198,0.6615264151662235
ULOKUD_clean,ULOKUD_clean,8.99985,5.9392,8.99985,1.59852,1738.06,1087.3,0.0,0.0,0.6478,0.40525,0.0,0,0.066533192,0.62202979,0.6182291242251906
UMIZIB_clean,UMIZIB_clean,6.17523,5.02799,6.17017,1.45638,1635.51,1123.0,0.0,0.0,0.5482,0.376414,0.0,1,0.120527051,1.012311263,0.9982004580314988
UMOYOM01_clean,UMOYOM01_clean,8.8085,5.25892,8.77749,0.621878,2962.67,4764.07,0.0,0.0,0.7408,1.19123,0.0,1,0.167554454,1.55550548,1.555214128951971
UMOYOM09_clean,UMOYOM09_clean,9.17279,5.31913,9.17279,0.580043,2871.76,4950.95,0.0,0.0,0.7526,1.29749,0.0,1,0.153515242,1.446661375,1.4440020740005843
UMOYOM18_clean,UMOYOM18_clean,7.82903,4.99743,6.01083,0.808894,2359.81,2917.33,0.0,0.0,0.6612,0.817412,0.0,1,0.218796198,1.86063667,1.849930378902421
UZOBAO_clean,UZOBAO_clean,6.41483,3.88704,6.41321,1.3729,1454.01,1059.08,0.0,0.0,0.533,0.38823,0.0,1,0.22736582,1.653451959,1.6235014029190393
UZOBIW_clean,UZOBIW_clean,6.4074,3.81156,6.4074,1.40821,1465.13,1040.42,0.0,0.0,0.5334,0.378779,0.0,1,0.246111996,1.716349707,1.661191575770867
VAJTEH_clean,VAJTEH_clean,4.91266,3.88473,4.86323,1.37089,793.53,578.842,0.0,0.0,0.4266,0.311184,0.0,1,0.112636918,0.821718125,0.7883759541188516
VAKLIF_clean,VAKLIF_clean,8.6135,7.01422,8.60784,0.699177,2542.49,3636.41,0.0,0.0,0.7356,1.05209,0.0,0,0.160464652,1.464429852,1.470475946851988
VAKPUV_clean,VAKPUV_clean,8.42025,5.07912,7.45236,1.93014,1149.16,595.375,0.0,0.0,0.5226,0.270757,0.0,0,0.066708403,0.538162948,0.5539773613804203
VAMZER_clean,VAMZER_clean,7.00413,5.41811,7.00325,0.798549,2577.99,3228.34,0.0,0.0,0.7048,0.8826,0.0,0,0.191971026,1.757676667,1.691027679697044
VIDJID_clean,VIDJID_clean,10.67429,9.81504,10.67429,0.700095,2177.13,3109.76,0.0,0.0,0.7556,1.07928,0.0,1,0.228638956,1.913036894,1.902278621488491
VIWQUP_clean,VIWQUP_clean,8.69583,7.55321,8.68271,1.40125,1379.91,984.771,0.0,0.0,0.582,0.415343,0.0,1,0.0789677,0.652303984,0.6926520972795326
VIXPUP_clean,VIXPUP_clean,10.93218,6.45029,10.92123,0.719071,2360.22,3282.31,0.0,0.0,0.7418,1.03161,0.0,1,0.141654706,1.297828243,1.2939391134360834
VUHMOC_clean,VUHMOC_clean,8.86845,5.72272,8.82422,2.14431,1625.98,758.274,0.0,0.0,0.6078,0.283447,0.0,1,0.088839212,0.728287562,0.7392199067285111
VUHNAP_clean,VUHNAP_clean,8.71036,5.62501,8.71036,1.76558,1678.94,950.928,0.0,0.0,0.6156,0.348667,0.0,1,0.069486828,0.61313548,0.6317142007916092
VUHNIX_clean,VUHNIX_clean,8.81529,5.64931,8.81529,1.82588,1710.58,936.85,0.0,0.0,0.6332,0.346791,0.0,1,0.081949186,0.709339429,0.7049137118060577
VUKSIF_clean,VUKSIF_clean,5.75842,4.01754,5.72554,1.25557,1414.52,1126.59,0.0,0.0,0.5766,0.459233,0.0,1,0.19038739,1.482127842,1.4441308220805587
WAMRIN02_clean,WAMRIN02_clean,7.24883,5.55813,7.22701,0.963729,1535.75,1593.55,0.0,0.0,0.587,0.609093,0.0,1,0.249089225,1.979403451,1.7833495729917703
WANHAX_clean,WANHAX_clean,11.35423,3.67445,11.35423,1.10812,1929.78,1741.49,0.0,0.0,0.6346,0.572682,0.0,1,0.243237373,1.665376377,1.761272979873936
WAVRES_clean,WAVRES_clean,14.9385,4.22033,14.9385,1.02521,1957.71,1909.57,0.0,0.0,0.681,0.664253,0.0,1,0.232688535,1.852832095,1.7836258794671853
WAZQIZ_clean,WAZQIZ_clean,5.13597,3.56044,4.95178,1.22527,1000.27,816.366,27.2269,22.2211,0.4862,0.396809,0.0,1,0.10837757,0.899903117,0.8642625339333913
WEBJUK_clean,WEBJUK_clean,18.31229,16.60062,18.31229,0.879226,2151.59,2447.14,0.0,0.0,0.7156,0.813897,0.0,1,0.176659507,1.513753944,1.477301362317753
WEBKEV_clean,WEBKEV_clean,7.20719,5.75568,7.20441,0.992079,2555.25,2575.65,0.0,0.0,0.7294,0.735224,0.0,1,0.174625433,1.528423149,1.5462984135354985
WIKLOT_clean,WIKLOT_clean,7.19858,6.30301,7.18221,1.72847,1512.87,875.263,0.0,0.0,0.6126,0.354417,0.0,1,0.059746696,0.540798905,0.5266409976789909
WOLROF_clean,WOLROF_clean,12.0686,6.65136,12.0686,0.914878,2088.61,2282.94,0.0,0.0,0.7304,0.798358,0.000218608,1,0.110383373,1.025814015,0.9831161869377181
WOPSAX01_clean,WOPSAX01_clean,6.41964,5.04801,6.41948,1.99281,578.901,290.494,0.0,0.0,0.4564,0.229023,0.0,0,0.056054672,0.435259367,0.41095358409994703
WOYWOY_clean,WOYWOY_clean,5.91166,4.30758,5.61164,1.12104,1432.33,1277.68,0.0,0.0,0.5304,0.473134,0.0,1,0.35380282,1.906143977,2.3905272777416458
WUDZIG_clean,WUDZIG_clean,8.72668,5.79378,8.72668,2.05451,1701.57,828.212,0.0,0.0,0.6134,0.298563,0.0,1,0.086135443,0.715160206,0.714223926915207
XANMUX_clean,XANMUX_clean,7.22549,7.05144,7.22549,1.16648,1435.38,1230.52,0.0,0.0,0.6128,0.525341,0.0,0,0.079553359,0.742805239,0.8014599333367473
XISDUA_clean,XISDUA_clean,6.54816,4.77769,6.53027,1.05483,2022.76,1917.62,0.0,0.0,0.5918,0.561039,0.0,1,0.2309316,1.885867675,1.876486034134339
XIZJEW_clean,XIZJEW_clean,5.72446,3.86989,5.72446,1.71463,866.46,505.333,0.0,0.0,0.4918,0.286825,0.0,1,0.168253596,0.969126548,1.0592072151041836
XUDPET_clean,XUDPET_clean,10.18322,6.79896,10.18322,0.665226,2463.75,3703.63,0.0,0.0,0.7644,1.14908,0.0,1,0.180375956,1.671721947,1.6297785576719659
XUDPOD_clean,XUDPOD_clean,11.07776,6.90892,11.06925,0.552172,2378.06,4306.74,0.0,0.0,0.786,1.42347,0.0,1,0.135991988,1.297415194,1.2819103990500607
XUFWAX_clean,XUFWAX_clean,9.60874,4.78534,9.60874,0.893517,2297.37,2571.16,0.0,0.0,0.6758,0.756337,0.0,1,0.291350193,2.007808924,2.1628608703381444
YAGHAS_clean,YAGHAS_clean,6.63776,6.21846,6.62662,1.46892,366.493,249.498,251.846,171.449,0.4672,0.318056,0.0,1,0.142464176,1.045581522,0.9350455231213655
YARZEZ01_clean,YARZEZ01_clean,5.61977,4.05885,5.24298,1.02873,1985.67,1930.22,0.0,0.0,0.6746,0.655761,0.0,0,0.08999171,0.829863378,0.8344062086407775
YATVUN_clean,YATVUN_clean,10.83921,9.14744,10.55157,0.903963,1890.69,2091.55,0.0,0.0,0.6694,0.740517,0.0,0,0.341630423,2.773935252,2.299099969599002
YIDSOT_clean,YIDSOT_clean,4.9292,4.14717,4.92841,1.4991,1150.12,767.207,0.0,0.0,0.5208,0.347408,0.0,1,0.171809443,1.284873629,1.244880341863359
YIWBIR_clean,YIWBIR_clean,4.82964,4.23812,4.82964,1.13369,1456.59,1284.82,0.0,0.0,0.5224,0.460795,0.0,0,0.28369211,2.048225725,2.0046195335269004
YOCNIP_clean,YOCNIP_clean,6.24098,4.07873,6.24098,1.73801,306.791,176.518,6.61904,3.8084,0.3778,0.217375,0.0,0,0.116101593,0.543202162,0.595332178829777
YOSWUA_clean,YOSWUA_clean,3.85097,3.40591,3.84464,2.16633,195.409,90.2027,0.0,0.0,0.3408,0.157317,0.0,1,0.266480535,0.926114004,1.2647529274633578
ZOGBAA_clean,ZOGBAA_clean,8.29052,7.70457,8.2843,0.849869,2437.69,2868.31,0.0,0.0,0.7226,0.850249,0.0,0,0.286830229,2.534362169,2.286879478096202
ZULNAX_clean,ZULNAX_clean,10.24528,4.96374,10.20458,1.32534,1711.83,1291.61,0.0,0.0,0.6276,0.47354,0.0,1,0.174776103,1.432571478,1.353936443134818
ZUQBUK_clean,ZUQBUK_clean,6.60273,3.87772,6.60273,0.987073,2004.83,2031.09,0.0,0.0,0.58,0.587596,0.0,0,0.372878392,3.07666578,2.712504068079866
ABAYOU_clean,ABAYOU_clean,11.27344,4.5108,11.27344,0.979267,1463.42,1494.4,419.062,427.935,0.6638,0.677854,0.0,0,0.163657138,1.278927899,1.3126617262941846
ABETAE_clean,ABETAE_clean,5.88295,4.42033,5.88295,3.69928,1821.75,492.461,0.0,0.0,0.572,0.154625,0.0,1,0.045434816,0.390603363,0.38947024192607244
ABIYIV_clean,ABIYIV_clean,4.33176,3.82431,4.32093,1.34661,564.007,418.836,0.0,0.0,0.4458,0.331055,0.0,0,0.067560431,0.524109793,0.5695137138499928
ac403674p_si_001_clean,ac403674p_si_001_clean,8.50423,8.27985,8.50423,1.12072,1220.76,1089.26,0.0,0.0,0.5906,0.526983,0.0,0,0.048137183,0.458647301,0.4663562552005548
ACIBOE_clean,ACIBOE_clean,8.25776,7.03071,8.25776,1.10094,2063.01,1873.86,0.0,0.0,0.6554,0.595309,0.0,1,0.148248848,1.30539961,1.298481796076277
ACOGAB_clean,ACOGAB_clean,5.20085,3.89327,4.84433,1.15458,1432.82,1240.99,0.0,0.0,0.5566,0.482082,0.0,0,0.202763951,1.50507748,1.574175669684085
acs.cgd.5b01686_WAHFUJ1434675_clean,acs.cgd.5b01686_WAHFUJ1434675_clean,5.00451,3.93435,5.00451,1.28464,1087.15,846.274,0.0,0.0,0.4874,0.379407,0.0,1,0.108704793,0.886221395,0.8701588295492482
acscombsci.5b00188_3001288_clean,acscombsci.5b00188_3001288_clean,29.41365,23.60037,29.35162,0.156124,881.282,5644.76,0.0,0.0,0.9382,6.00933,0.0,0,0.161339167,1.606276322,1.7212095315558815
acs.inorgchem.5b02108_ic5b02108_si_002_clean,acs.inorgchem.5b02108_ic5b02108_si_002_clean,7.194,7.0599,7.194,1.21033,1596.38,1318.96,0.0,0.0,0.591,0.488296,0.0,0,0.277505111,2.321021015,2.1660328533015067
acs.inorgchem.6b02407_ic6b02407_si_002_clean,acs.inorgchem.6b02407_ic6b02407_si_002_clean,6.36153,3.76503,6.36153,0.960789,1995.17,2076.59,0.0,0.0,0.6214,0.64676,0.0,1,0.305927494,2.50241338,2.3696616804229427
acs.inorgchem.6b02413_ic6b02413_si_002_clean,acs.inorgchem.6b02413_ic6b02413_si_002_clean,13.37732,6.88163,13.37732,0.804279,2195.74,2730.07,0.0,0.0,0.74,0.920079,0.00124335,0,0.093382186,0.890850752,0.948843991541219
acs.inorgchem.6b02696_ic6b02696_si_002_clean,acs.inorgchem.6b02696_ic6b02696_si_002_clean,12.13124,5.0609,12.1281,0.908718,2183.39,2402.71,0.0,0.0,0.6878,0.75689,0.0,0,0.165558032,1.465980721,1.3835876153968762
ADASEF_clean,ADASEF_clean,21.62414,10.92309,17.5655,0.435607,1820.41,4179.02,0.0,0.0,0.8462,1.94258,0.0,1,0.128179608,1.227938938,1.2293685763044113
ADASIJ_clean,ADASIJ_clean,18.23438,6.60024,18.20695,0.629251,2196.94,3491.36,0.0,0.0,0.765,1.21573,0.0,1,0.13926356,1.295503443,1.2855144287195783
ADASUV_clean,ADASUV_clean,17.16775,6.7332,17.16775,0.625693,2275.03,3636.01,0.0,0.0,0.7672,1.22616,0.0,1,0.133001672,1.261452449,1.245371071283596
ADATUW_clean,ADATUW_clean,10.34629,8.86044,10.34629,0.640612,2322.12,3624.84,0.0,0.0,0.73,1.13953,0.0,1,0.101412757,0.985453069,0.9714597783358772
ADODOO_clean,ADODOO_clean,5.9443,5.31331,5.61744,1.28796,1054.79,818.961,0.0,0.0,0.5256,0.408086,0.0,0,0.160807725,1.123299619,1.2092308232849043
ADUWON_clean,ADUWON_clean,16.37935,5.99724,16.37935,0.521247,2391.39,4587.82,0.0,0.0,0.7844,1.50485,0.0,1,0.172395726,1.630946339,1.5782157432592434
AFEJOK_ion_b,AFEJOK_ion_b,5.99825,5.12689,5.98721,1.10129,1640.7,1489.79,0.0,0.0,0.5808,0.52738,0.0,1,0.150108461,1.257420112,1.2473490877862372
AFOTOF_clean,AFOTOF_clean,8.7931,6.77287,8.7931,1.07439,1647.74,1533.66,0.0,0.0,0.6144,0.571859,0.0,0,0.156446768,1.271879547,1.3057090628758923
AFOVAT_clean,AFOVAT_clean,8.32882,6.54754,8.28902,1.04077,1670.63,1605.18,0.0,0.0,0.61,0.586104,0.0,0,0.158008163,1.29764052,1.3007930929688385
AFOVEX_clean,AFOVEX_clean,8.81515,6.86051,8.81515,1.02206,1673.56,1637.43,0.0,0.0,0.619,0.605638,0.0,0,0.155080315,1.274725513,1.2552398763007107
AFOVOH_clean,AFOVOH_clean,8.78847,6.84598,8.77538,1.04816,1663.77,1587.32,0.0,0.0,0.6228,0.594182,0.0,0,0.156695948,1.296478892,1.2904624514686318
AFUKET_clean,AFUKET_clean,5.96671,4.7743,5.96671,0.9597,1662.19,1731.99,97.0966,101.174,0.5958,0.620819,0.0,1,0.216119396,1.516177998,1.6856206675666716
AGIREP_clean,AGIREP_clean,10.92956,6.85619,7.97786,0.99837,2250.02,2253.69,0.0,0.0,0.6896,0.690726,0.0,1,0.149137586,1.338836015,1.3140025801819095
AHEQAH_clean,AHEQAH_clean,9.26829,6.21673,9.2669,0.759287,2415.98,3181.91,0.0,0.0,0.7146,0.941146,0.0,1,0.140462306,1.324285929,1.2922948044834186
AHOKOX_clean,AHOKOX_clean,4.49188,3.54288,4.49188,1.73966,1360.22,781.89,0.0,0.0,0.5116,0.29408,0.0,1,0.113976573,0.962067727,0.9589528874865172
AJIGIL_clean,AJIGIL_clean,6.71352,5.54656,6.70452,1.08988,996.607,914.419,0.0,0.0,0.4838,0.443902,0.0,1,0.053447323,0.473593766,0.49390273103525
AJOVEB_clean,AJOVEB_clean,5.15455,4.85632,5.13093,1.95651,774.474,395.845,0.0,0.0,0.4138,0.211499,0.0,1,0.076888734,0.607038803,0.5645564812509181
AJOXAA_clean,AJOXAA_clean,6.60857,4.38157,6.58169,1.52914,1380.73,902.948,0.0,0.0,0.5468,0.357587,0.0,1,0.143735329,1.112912635,1.0899265409865053
AKOHEO_clean,AKOHEO_clean,5.56086,3.46237,5.08522,2.37535,1051.21,442.55,0.0,0.0,0.4804,0.202244,0.0,1,0.040053128,0.35827298,0.3339770797456995
ALEQIT_clean,ALEQIT_clean,5.78407,3.96262,5.7827,1.90553,677.8,355.702,0.0,0.0,0.434,0.227759,0.0,1,0.081604574,0.562195575,0.5869370241464484
ALICAA_clean,ALICAA_clean,12.98786,3.46699,12.98786,1.43218,894.164,624.337,203.647,142.194,0.5692,0.397436,0.0,0,0.053976284,0.4655984,0.5008310098977464
ALIXAU_clean_h,ALIXAU_clean_h,6.17139,3.91412,6.17139,1.43262,670.443,467.985,13.6022,9.49467,0.4726,0.329886,0.0,1,0.092875479,0.761976536,0.6804874636656967
ALIXOJ_clean,ALIXOJ_clean,7.8603,5.01976,7.84665,0.979833,2007.79,2049.12,0.0,0.0,0.6394,0.65256,0.0,1,0.115987661,1.051965849,1.0540579208157956
ALULEZ_clean,ALULEZ_clean,18.75501,13.37911,18.68884,0.425946,1475.35,3463.71,0.0,0.0,0.8336,1.95706,0.0,0,0.090863347,0.906077739,0.8940769961643942
AMILOY_clean,AMILOY_clean,11.03089,9.17864,11.01877,1.00746,1259.05,1249.73,0.0,0.0,0.6048,0.60032,0.0,1,0.151647788,1.057484634,1.0705617005592274
ANAWOD_clean,ANAWOD_clean,6.92762,6.10595,6.92762,1.43826,1562.19,1086.17,0.0,0.0,0.5924,0.411885,0.0,0,0.152604949,1.275411421,1.168300276551331
ANENIR_clean,ANENIR_clean,6.14773,4.26664,6.04871,1.32991,783.463,589.11,0.0,0.0,0.4684,0.352204,0.0,1,0.094629495,0.724140673,0.711120951551202
ANIDIL_clean,ANIDIL_clean,5.09322,4.44244,5.09322,1.49981,585.282,390.237,0.0,0.0,0.4068,0.271234,0.0,0,0.048328015,0.377138667,0.38106308668603667
ANUGEW_clean,ANUGEW_clean,14.4419,10.2051,14.4419,0.443469,2088.1,4708.57,0.0,0.0,0.8326,1.87747,0.0,1,0.125928769,1.20412759,1.2318827467543196
ANUGOG_clean,ANUGOG_clean,11.39005,7.08849,11.39005,0.58467,2472.03,4228.07,0.0,0.0,0.7898,1.35085,0.0,1,0.142901225,1.347537737,1.3248692391096577
APARAM_clean,APARAM_clean,12.00094,11.06312,12.00094,0.965457,1025.27,1061.95,99.7383,103.307,0.6016,0.623124,0.0,0,0.175886313,1.122330099,1.1640241045260844
APEBUU_clean,APEBUU_clean,4.93858,3.80274,4.91529,1.49581,927.0,619.731,0.0,0.0,0.4876,0.325977,0.0,1,0.093882161,0.721272076,0.7355357584667288
AQEQIW_clean,AQEQIW_clean,6.30636,5.13016,6.19765,1.10057,1724.95,1567.33,0.0,0.0,0.6202,0.563526,0.0,0,0.200238059,1.619976285,1.5858943592485581
AQUCOG_clean,AQUCOG_clean,11.41407,10.59979,11.41389,1.19971,1576.67,1314.22,0.0,0.0,0.6588,0.549134,0.0,1,0.091029024,0.867531881,0.8474734775542175
AQUDAT_clean,AQUDAT_clean,3.98099,3.46811,3.98099,1.656,229.295,138.463,0.0,0.0,0.3916,0.236474,0.0,1,0.070151064,0.526753661,0.5266244893605898
AQUDEX_clean,AQUDEX_clean,4.02336,3.48999,4.02336,1.64794,245.164,148.77,0.0,0.0,0.3954,0.239936,0.0,1,0.071746409,0.550867246,0.5192181467243813
ARAFEF_clean,ARAFEF_clean,8.89536,8.62816,8.89536,0.837745,1861.72,2222.3,0.0,0.0,0.6918,0.825789,0.0,1,0.129933926,1.205257382,1.171207262778972
ARAFIJ_clean,ARAFIJ_clean,7.45121,6.98768,7.45121,0.945343,1746.6,1847.59,0.0,0.0,0.6538,0.691601,0.0,1,0.136453854,1.221492984,1.1814697164991834
ARINUL_clean,ARINUL_clean,4.74057,3.91438,4.73173,1.12547,612.424,544.15,0.0,0.0,0.4952,0.439995,0.0,0,0.111420014,0.863967602,0.8552279896950902
ASEJOZ01_clean,ASEJOZ01_clean,4.14952,3.66327,4.14952,1.74866,569.673,325.777,0.0,0.0,0.506,0.289365,0.0,1,0.047408392,0.383603915,0.420140895905125
ATEYOP_clean,ATEYOP_clean,10.52737,8.16815,10.52737,0.722386,2397.76,3319.23,0.0,0.0,0.744,1.02992,0.0,1,0.165017979,1.49477148,1.4661751712662237
ATEZAC_clean,ATEZAC_clean,10.53968,7.74023,10.53968,0.687634,2293.89,3335.91,0.0,0.0,0.7586,1.1032,0.0,1,0.13628589,1.275116641,1.2545616298929458
ATIBOU01_clean,ATIBOU01_clean,5.12784,4.01813,5.11026,1.59271,1003.99,630.367,0.0,0.0,0.4816,0.302377,0.0,0,0.057378174,0.492909482,0.48875636608640893
ATIJUJ_manual,ATIJUJ_manual,17.44029,16.95439,17.44029,0.753394,1262.36,1675.56,0.0,0.0,0.7098,0.942136,0.0,1,0.044023523,0.435121831,0.4128236698093833
ATOWIQ_clean,ATOWIQ_clean,9.54888,7.69493,9.54888,0.866747,1781.33,2055.19,0.0,0.0,0.6812,0.785928,0.0,1,0.126479742,1.177432019,1.141916390263755
AVAJUE_clean,AVAJUE_clean,37.52571,19.54108,37.52571,0.164116,999.284,6088.87,0.0,0.0,0.9304,5.66915,0.0,1,0.188476599,1.837026706,1.8646714151856758
AVAKEP_clean,AVAKEP_clean,25.17564,12.49369,25.17564,0.244994,1420.93,5799.87,0.0,0.0,0.8902,3.63356,0.0,1,0.161765026,1.586733466,1.545682513969973
AVAQIX_clean,AVAQIX_clean,5.44587,3.64311,5.44587,1.30707,1099.34,841.068,0.0,0.0,0.5528,0.42293,0.0,1,0.280455397,1.811133148,1.8229844045733836
AVELUJ_clean,AVELUJ_clean,8.10638,4.88927,8.10638,0.902679,1696.47,1879.38,0.0,0.0,0.605,0.670227,0.0,1,0.10259701,0.966347067,0.9333836133605826
AVEQID_clean,AVEQID_clean,7.54994,6.22752,7.22874,0.801255,2259.4,2819.83,0.0,0.0,0.702,0.876126,0.0,1,0.163329969,1.518990221,1.4804821352761897
AVESOL_clean,AVESOL_clean,5.87217,4.28231,5.84929,0.954537,2386.36,2500.02,0.0,0.0,0.6616,0.693111,0.0,1,0.297769943,2.494448191,2.4345808173499397
AVESUR_clean,AVESUR_clean,6.33732,4.06042,6.33561,1.18458,2288.74,1932.12,0.0,0.0,0.6222,0.525251,0.0,1,0.172205522,1.491158215,1.429315890815487
AVETEC_clean,AVETEC_clean,5.69318,3.49916,5.67679,1.19478,1755.51,1469.31,2.63176,2.20271,0.6268,0.524615,0.0,0,0.260875784,2.029089341,1.9264558221307355
AVIHIY_clean,AVIHIY_clean,6.88379,6.45442,6.88379,1.62124,1571.08,969.06,0.0,0.0,0.5722,0.35294,0.0,0,0.123009334,1.021140606,1.012893198072989
AVILEY_clean,AVILEY_clean,25.42698,10.76844,22.57889,0.654082,1604.18,2452.57,0.0,0.0,0.8422,1.28761,0.0,1,0.073057429,0.707581501,0.7031206681449738
AVIVEG_clean,AVIVEG_clean,11.84801,7.36492,11.84801,0.733043,1723.96,2351.79,66.007,90.0452,0.716,0.97675,0.0,1,0.151061554,1.358479729,1.2609023465673086
AVIVIK_clean,AVIVIK_clean,11.79938,6.70311,11.79938,0.734288,1705.89,2323.19,141.576,192.807,0.7142,0.972643,0.0,1,0.144717487,1.341274427,1.1892344680329086
AVIVOQ_clean,AVIVOQ_clean,11.94166,7.13512,11.94166,0.709142,1885.38,2658.68,0.0,0.0,0.7218,1.01785,0.0,1,0.151397261,1.37633621,1.3385885146999301
AVIVUW_clean,AVIVUW_clean,12.04076,6.91892,12.04076,0.729779,1690.09,2315.89,127.81,175.136,0.7162,0.981393,0.0,1,0.147793493,1.333109739,1.2239681393495296
AWASAU_clean,AWASAU_clean,4.69319,4.39635,4.67513,2.36864,953.131,402.396,0.0,0.0,0.479,0.202226,0.0,1,0.047868089,0.403337009,0.3917460957934353
AWEGEP_clean,AWEGEP_clean,6.08144,3.63724,6.07038,2.1577,1410.66,653.78,0.0,0.0,0.573,0.265561,0.0,1,0.035785705,0.316668765,0.32643346517081323
AWIBAK_clean,AWIBAK_clean,5.84822,3.40416,5.84822,1.53516,287.757,187.444,30.381,19.7901,0.4208,0.274108,0.0,1,0.030181606,0.200080919,0.22355499719133734
AWIBAL_clean,AWIBAL_clean,4.9496,4.4506,4.9496,1.68807,1040.45,616.352,0.0,0.0,0.482,0.285533,0.0,1,0.168264778,1.19288841,1.111373172711116
AWOFOI_clean,AWOFOI_clean,5.44554,4.19244,5.4181,1.31908,2093.99,1587.46,0.0,0.0,0.5974,0.452892,0.0,1,0.15231678,1.294699967,1.2545120768759686
AXINIF_clean,AXINIF_clean,9.6188,8.65235,9.60052,0.750661,2213.56,2948.81,0.0,0.0,0.6692,0.891481,0.0,1,0.169556717,1.521926483,1.4997224236246414
AXUBAW_manual,AXUBAW_manual,14.24572,5.52422,14.23389,0.741721,1799.0,2425.44,0.0,0.0,0.7126,0.960739,0.0,0,0.093770029,0.917620751,0.8612169210912616
AXUBOL_clean,AXUBOL_clean,7.85983,4.2994,7.19513,1.05112,1083.88,1031.17,529.841,504.074,0.6054,0.575959,0.0,0,0.172027859,1.393619562,1.377008070674681
BADYAJ_clean,BADYAJ_clean,8.60576,7.13629,8.60576,0.984728,1990.18,2021.04,0.0,0.0,0.6528,0.662924,0.0,0,0.096369028,0.910885196,0.9000949206150539
BAEDTA01_clean,BAEDTA01_clean,5.34617,4.27166,5.33175,2.14248,360.006,168.032,116.013,54.1487,0.3902,0.182125,0.0,1,0.093613548,0.565856404,0.5169812264320031
BAKJEE_clean,BAKJEE_clean,6.44764,5.41267,6.44764,0.918977,2207.44,2402.06,0.0,0.0,0.6406,0.69708,0.0,1,0.181352092,1.555153406,1.551124201553242
BANMAG_clean,BANMAG_clean,8.68497,7.44113,8.68497,1.37401,1122.97,817.297,0.0,0.0,0.5786,0.421103,0.0,1,0.025849057,0.251859793,0.25778558223181997
BAWROI_clean,BAWROI_clean,13.54985,9.13066,13.54893,0.629882,1979.75,3143.05,0.0,0.0,0.7794,1.23737,0.0,1,0.116301245,1.121972116,1.1106898804905598
BAXSIE_clean,BAXSIE_clean,5.31376,5.06628,5.30265,1.49933,912.911,608.879,0.0,0.0,0.437,0.291463,0.0,1,0.140256266,0.984555335,0.9486752809735811
BAZGAM_clean,BAZGAM_clean,42.79818,24.24061,42.79818,0.126526,810.47,6405.57,0.0,0.0,0.9392,7.42299,0.0,1,0.231937726,2.281194595,2.116638708536005
BAZJIX_clean,BAZJIX_clean,8.75902,7.46421,8.75317,0.770453,2094.53,2718.57,0.0,0.0,0.676,0.877405,0.0,1,0.151336454,1.320358632,1.3739108161532863
BELTUJ_clean,BELTUJ_clean,5.64744,4.1969,5.5822,1.08566,1393.43,1283.49,0.0,0.0,0.5582,0.51416,0.0,1,0.169348805,1.374727918,1.330626117107574
BENXUP_clean,BENXUP_clean,4.10218,3.42336,4.09595,1.4733,653.043,443.252,0.0,0.0,0.4814,0.32675,0.0,1,0.138185123,1.049662783,1.0848774434854114
BEPREV03_clean,BEPREV03_clean,6.75186,5.16957,6.7451,0.798706,2519.19,3154.09,0.0,0.0,0.64,0.801296,0.0,0,0.259747505,2.241133193,2.1844352786506107
BEPVOJ_clean,BEPVOJ_clean,4.87498,3.77095,4.87498,1.35072,712.934,527.818,0.0,0.0,0.5034,0.37269,0.0,1,0.075451526,0.580513027,0.5602919117587838
BETDUB_clean,BETDUB_clean,6.03659,3.7841,6.03659,1.16905,1945.06,1663.8,0.0,0.0,0.6102,0.521964,0.0,1,0.171682393,1.424850275,1.4028141257238982
BETFEN_clean,BETFEN_clean,6.20622,4.32109,6.20622,1.07862,2315.47,2146.71,0.0,0.0,0.6288,0.582969,0.0,1,0.182214167,1.505778541,1.5422377922307726
BETHEP_clean,BETHEP_clean,15.93969,5.38602,15.93969,1.55026,1210.88,781.08,479.733,309.453,0.6876,0.443538,0.0,1,0.069158747,0.619470753,0.6233149952371942
BETHIT_clean,BETHIT_clean,16.17666,10.50859,16.17666,0.819587,1287.14,1570.48,480.797,586.633,0.7656,0.934129,0.0,1,0.098280324,0.909004455,0.9942125609079505
BEVWAB_clean,BEVWAB_clean,10.82145,10.4749,10.82145,1.13595,1606.82,1414.52,0.0,0.0,0.6172,0.543335,0.0,1,0.161090179,1.283486099,1.2420496161771306
BEXQIF_clean,BEXQIF_clean,8.04962,5.28644,8.01765,0.683962,2466.36,3605.99,0.0,0.0,0.7172,1.0486,0.0,0,0.093549886,0.875698461,0.8816729011595863
BEXQOL_clean,BEXQOL_clean,8.04915,5.31359,8.00625,0.699237,2471.17,3534.09,0.0,0.0,0.7174,1.02598,0.0,0,0.079215685,0.769336528,0.7688672773219987
BEXSEE_clean,BEXSEE_clean,6.49176,4.26641,6.49176,1.04973,1376.89,1311.66,0.0,0.0,0.5628,0.536136,0.0,1,0.104956559,0.895392316,0.920261579778003
BEXVEH_clean,BEXVEH_clean,9.97626,6.15688,9.95158,0.782835,2372.61,3030.79,0.0,0.0,0.7306,0.933274,0.0,1,0.144867529,1.336587448,1.3159007122770148
BIBXIV_clean,BIBXIV_clean,18.4936,4.06846,18.4936,0.9977,1657.17,1660.99,0.0,0.0,0.7322,0.733888,0.0,0,0.121486575,1.099153301,1.0878200169443395
BIFKEI_clean,BIFKEI_clean,5.92703,4.3432,5.92703,1.02128,2025.04,1982.84,0.0,0.0,0.6088,0.596113,0.0,1,0.168898703,1.411383539,1.4267549084161564
BIGZUO_clean,BIGZUO_clean,21.72315,20.98793,21.52659,0.308304,1399.52,4539.4,0.0,0.0,0.9064,2.93995,0.0,1,0.105995016,1.046329303,1.0779533993842252
BIHBAX_clean,BIHBAX_clean,18.57439,17.55669,18.57439,0.321672,1460.76,4541.16,0.0,0.0,0.8984,2.79291,0.0,1,0.102034282,0.988902115,1.030048637925164
BINDAF_manual,BINDAF_manual,13.14316,8.49712,13.14316,0.600599,2185.42,3638.73,0.0,0.0,0.7212,1.2008,0.0,0,0.132447306,1.221518484,1.2276286568051775
BINSAU_clean,BINSAU_clean,21.88013,9.52705,21.05522,0.471575,1883.78,3994.65,0.0,0.0,0.7874,1.66972,0.0,1,0.15663152,1.482032368,1.4526676976983475
BIQHEQ_clean,BIQHEQ_clean,4.74191,3.53352,4.74191,1.13318,1109.52,979.12,0.0,0.0,0.542,0.478299,0.0,1,0.229640008,1.60833739,1.6626355958687664
BIQVII_clean,BIQVII_clean,5.22147,4.62031,5.22147,1.62242,863.635,532.315,0.0,0.0,0.4264,0.262818,0.0,1,0.087248512,0.67597351,0.6562709617906393
BIWSIK_ion_b,BIWSIK_ion_b,18.63687,3.90699,18.63687,0.676975,1941.67,2868.16,0.0,0.0,0.7214,1.06562,0.0,0,0.122461282,1.145024402,1.1688365813476134
BIZLUT_clean,BIZLUT_clean,8.11197,6.3971,8.1065,0.849879,2006.01,2360.34,0.0,0.0,0.6572,0.773287,0.0,0,0.153000811,1.333650017,1.3289246532892367
BIZMEE_clean,BIZMEE_clean,8.33004,6.47185,8.30636,0.855248,2017.93,2359.47,0.0,0.0,0.661,0.772875,0.0,0,0.149942752,1.334301269,1.313134740883123
BOVHEB_clean,BOVHEB_clean,5.76843,4.22597,5.76235,1.21128,1167.42,963.79,0.0,0.0,0.531,0.43838,0.0,1,0.378274973,2.138355848,2.1443436848987365
BOZFIH_clean,BOZFIH_clean,5.87158,4.75385,5.8575,1.05542,1850.88,1753.69,0.0,0.0,0.6,0.568494,0.0,1,0.221883727,1.725615709,1.751375595132007
BOZFON_clean,BOZFON_clean,6.15469,4.01567,6.15002,1.24414,1139.51,915.903,0.0,0.0,0.502,0.403491,0.0,1,0.146363576,1.100823257,1.1225320786672501
BULBER_clean,BULBER_clean,7.8305,4.27284,7.79516,1.49467,1437.06,961.456,0.0,0.0,0.5544,0.370918,0.0,1,0.070509522,0.611157194,0.632306946764755
BUSRUE_clean,BUSRUE_clean,6.9387,5.51917,6.92321,1.06823,1491.74,1396.46,0.0,0.0,0.5618,0.525916,0.0,0,0.179944571,1.447419249,1.4494875638357332
BUVYEX_clean,BUVYEX_clean,7.01349,5.55881,7.01349,1.21167,786.339,648.971,0.0,0.0,0.4712,0.388885,0.0,0,0.063695512,0.570629934,0.5352045130731646
BUWMAJ_clean,BUWMAJ_clean,5.16551,3.78381,5.16551,1.21126,1971.74,1627.85,16.6796,13.7705,0.662,0.54654,0.0,1,0.060842013,0.567379532,0.5929653988413172
c5ce00862j_c5ce00862j2_clean,c5ce00862j_c5ce00862j2_clean,7.29772,5.9904,7.16104,1.02623,1329.56,1295.58,0.0,0.0,0.5566,0.542374,0.0,0,0.142557661,1.188154524,1.177120729960103
c5nj01930c_c5nj01930c2_clean,c5nj01930c_c5nj01930c2_clean,5.64911,4.27538,5.64911,1.35969,1108.37,815.17,0.0,0.0,0.4986,0.366702,0.0,1,0.14960969,1.085204585,1.099359512692865
c6cc00862c_c6cc00862c2_clean,c6cc00862c_c6cc00862c2_clean,8.00553,6.19741,8.00553,0.932782,1633.12,1750.81,0.0,0.0,0.6212,0.665964,0.0,1,0.177838232,1.535865138,1.4795056957606778
c6cc02494g_c6cc02494g6_clean,c6cc02494g_c6cc02494g6_clean,11.73822,10.49789,11.73822,1.02922,1570.21,1525.64,0.0,0.0,0.6512,0.632715,0.0,1,0.081276258,0.763396039,0.7339982910922211
c6dt04165e_c6dt04165e2_clean,c6dt04165e_c6dt04165e2_clean,11.42803,10.46351,11.42803,1.35886,1522.4,1120.35,0.0,0.0,0.6814,0.501451,0.0,0,0.061892285,0.585968337,0.5774173456670381
c6ta00429f_c6ta00429f2_clean,c6ta00429f_c6ta00429f2_clean,15.86893,5.53957,7.79231,0.722489,2062.25,2854.37,0.0,0.0,0.6916,0.957247,0.000276821,0,0.117122659,1.080515378,1.1172572892705468
CADQOP_clean,CADQOP_clean,6.71582,4.81933,6.71582,1.09675,2218.01,2022.35,0.0,0.0,0.6388,0.58245,0.0,1,0.1239963,1.090530405,1.1090068510121038
CAJQIP_clean,CAJQIP_clean,13.27741,7.61293,13.27741,0.545408,2173.64,3985.35,0.0,0.0,0.787,1.44296,0.0,1,0.159912478,1.424465089,1.4463157325896552
CANRUG_clean,CANRUG_clean,6.57321,4.9271,6.57235,0.884567,1797.13,2031.65,0.0,0.0,0.588,0.664732,0.0,1,0.204344399,1.740780995,1.6964272537817258
CAVPEW_manual,CAVPEW_manual,20.25907,7.7782,20.25907,0.40269,1930.55,4794.14,0.0,0.0,0.8198,2.03581,0.0,0,0.128043673,1.239758259,1.24728349559575
CAXVOO_clean,CAXVOO_clean,11.60689,10.81841,11.60689,1.12075,1577.05,1407.14,0.0,0.0,0.6396,0.57069,0.0,1,0.103025097,0.951939763,0.9540348418328903
CAZNEY_clean,CAZNEY_clean,6.26427,5.09264,6.24536,0.832059,2251.27,2705.66,0.0,0.0,0.6506,0.781916,0.0,1,0.159119248,1.435283559,1.4276174842908924
CEBDOD_clean,CEBDOD_clean,5.66465,5.15984,5.65666,2.39766,855.034,356.611,0.0,0.0,0.4118,0.171751,0.0,1,0.052253411,0.42227701,0.3952515827284059
CEHLAD_clean,CEHLAD_clean,10.21413,5.8901,10.08749,0.853623,2217.93,2598.26,0.0,0.0,0.735,0.861036,0.0,1,0.128251433,1.179043968,1.143490161978986
CEJZAU_clean,CEJZAU_clean,7.19009,4.36372,6.93205,1.03983,1483.83,1427.0,0.0,0.0,0.5552,0.533934,0.0,0,0.182435505,1.519712709,1.4311617820112443
CEKROB_clean,CEKROB_clean,5.35179,3.54558,5.35179,1.20403,773.46,642.39,0.0,0.0,0.4936,0.409955,0.0,0,0.097462343,0.757471669,0.7337133175369543
CELZEA_clean,CELZEA_clean,5.3255,4.52273,5.32364,1.62985,1218.16,747.41,0.0,0.0,0.5184,0.318067,0.0,1,0.086895704,0.742189265,0.6949418790208828
CEMYUQ_clean,CEMYUQ_clean,6.77494,3.84893,6.77491,1.21968,1760.79,1443.65,0.0,0.0,0.6118,0.501606,0.0,1,0.240000186,1.915984009,1.8380541953052258
CENJIQ_clean,CENJIQ_clean,8.5056,4.03981,8.49212,1.2776,1268.59,992.946,62.8816,49.2184,0.584,0.457106,0.0,1,0.072283984,0.665829879,0.6411873400830501
CETFUD_clean,CETFUD_clean,4.78644,4.1075,4.78644,1.42835,1079.17,755.535,0.0,0.0,0.4914,0.344034,0.0,1,0.125146739,0.961830698,0.9636229195429895
CETHEQ_clean,CETHEQ_clean,9.71439,7.35018,9.71439,1.06464,1786.46,1678.0,0.0,0.0,0.68,0.638714,0.0,1,0.055261711,0.521873611,0.5080501872656341
CEXHET_clean,CEXHET_clean,5.56032,3.64308,4.81937,1.07672,1426.07,1324.45,4.06218,3.77273,0.5636,0.523441,0.0,1,0.12846497,1.045630444,1.0430863102421473
cg301577a_si_002_clean,cg301577a_si_002_clean,13.79617,7.99146,13.47475,0.563648,2128.96,3777.11,0.0,0.0,0.7834,1.38987,0.0,1,0.177151739,1.444738819,1.5601394355815021
cg301725z_si_004_clean,cg301725z_si_004_clean,4.69664,4.11195,4.68637,1.09749,1702.36,1551.13,0.0,0.0,0.5844,0.532487,0.0,0,0.244114303,1.944789538,1.9052753029618519
cg500091k_si_002_clean,cg500091k_si_002_clean,7.03754,5.53828,7.03754,0.930114,2289.08,2461.07,0.0,0.0,0.6592,0.70873,0.0,1,0.127602543,1.16053668,1.145908248991282
cg501141m_si_002_clean,cg501141m_si_002_clean,7.16379,4.82619,7.11311,0.994067,1469.53,1478.3,195.255,196.42,0.5926,0.596137,0.0,1,0.199264122,1.546152821,1.5290941373636837
cg501279y_si_002_clean,cg501279y_si_002_clean,6.41301,4.86183,6.41301,1.15346,875.131,758.698,0.0,0.0,0.4984,0.43209,0.0,0,0.197970253,1.329262462,1.2963640932601537
cg501560z_si_003_clean,cg501560z_si_003_clean,10.58889,8.21137,10.57587,0.621509,2301.94,3703.79,0.0,0.0,0.8104,1.30392,0.0,1,0.063314296,0.633269307,0.6358028909512798
CIFDOM_clean,CIFDOM_clean,5.56405,4.03207,5.56103,0.979977,1797.6,1834.33,0.0,0.0,0.591,0.603075,0.0,1,0.16235315,1.402317225,1.3423777020414511
CIFJAE_clean,CIFJAE_clean,5.80851,5.16856,5.80851,1.17303,1403.54,1196.51,0.0,0.0,0.544,0.463755,0.0,1,0.198302815,1.497272056,1.4861698382903763
CIFMIP_clean,CIFMIP_clean,7.90061,6.44934,7.90061,1.08801,1993.5,1832.24,0.0,0.0,0.6246,0.574075,0.0,1,0.122304822,1.095437994,1.1105970977208754
CITZIP_manual,CITZIP_manual,6.91567,6.30981,6.88477,1.43035,1426.63,997.402,0.0,0.0,0.5266,0.368162,0.0,0,0.103753566,0.861752274,0.8777856684680188
CIWZIT_clean,CIWZIT_clean,6.79559,5.48299,6.79559,1.25271,971.679,775.661,0.13923,0.111143,0.5152,0.411268,0.0,0,0.050854304,0.425961393,0.47089131007200546
cm501138g_si_006_clean,cm501138g_si_006_clean,13.20287,6.64275,13.20287,0.881027,2105.19,2389.47,0.0,0.0,0.7198,0.817001,0.0,1,0.160542782,1.275621399,1.2745494689213126
cm501138g_si_009_clean,cm501138g_si_009_clean,13.19195,6.68183,13.19195,0.878773,2116.69,2408.69,0.0,0.0,0.7208,0.820234,0.0,1,0.160744271,1.260742348,1.275305489329155
cm503311x_alf175K_clean,cm503311x_alf175K_clean,7.34601,7.12573,7.34601,0.962415,1571.81,1633.19,0.0,0.0,0.6104,0.634238,0.0,0,0.179661492,1.570818771,1.430178558946198
cm503311x_alf250K_clean,cm503311x_alf250K_clean,7.38381,7.16186,7.38381,0.96386,1556.21,1614.56,0.0,0.0,0.6126,0.635569,0.0,0,0.179625096,0.96127966,1.435131238235882
cm503311x_alf350K_clean,cm503311x_alf350K_clean,7.39937,7.12527,7.39534,0.965163,1550.6,1606.57,0.0,0.0,0.6104,0.632432,0.0,0,0.176011726,1.544004619,1.4002972990927172
cm503311x_alf40K_clean,cm503311x_alf40K_clean,7.05984,6.6215,7.05984,0.967154,1574.94,1628.43,0.0,0.0,0.6042,0.62472,0.0,0,0.175682135,0.961870093,1.343838305694545
cm503311x_alf70K_clean,cm503311x_alf70K_clean,7.062,6.64337,7.062,0.967007,1580.84,1634.77,0.0,0.0,0.6034,0.623987,0.0,0,0.178915363,1.572163422,1.255544596876794
cm503311x_aloh225K_clean,cm503311x_aloh225K_clean,7.13993,6.81973,7.13993,0.949535,1597.17,1682.06,0.0,0.0,0.609,0.641367,0.0,0,0.185628667,1.6124109,1.2524529498100443
cm503311x_aloh425K_clean,cm503311x_aloh425K_clean,7.16028,6.84144,7.16028,0.947823,1600.53,1688.64,0.0,0.0,0.611,0.644635,0.0,0,0.186041098,1.635607559,1.2342441008330471
cm503311x_OH-mil-53-Al-lp-ortho_clean,cm503311x_OH-mil-53-Al-lp-ortho_clean,7.10725,6.52666,7.10725,0.948868,1614.15,1701.13,0.0,0.0,0.6014,0.633808,0.0,0,0.21531853,1.835277248,1.6044191595156831
COBWEV_clean,COBWEV_clean,5.55668,4.21092,5.49797,1.63609,377.557,230.768,91.8579,56.1447,0.4574,0.279569,0.0,1,0.025754091,0.234798823,0.21911236650272828
CODROD_clean,CODROD_clean,4.34102,3.83565,4.34102,1.88869,770.385,407.893,0.0,0.0,0.4956,0.262404,0.0,1,0.095524725,0.770782827,0.7480872597520436
CODRUJ_clean,CODRUJ_clean,4.3292,3.79384,4.32865,1.92319,755.058,392.607,0.0,0.0,0.4878,0.253641,0.0,1,0.095273238,0.776606496,0.7478699677341424
COGNAO_clean,COGNAO_clean,5.98836,4.70156,5.95362,1.13574,1753.04,1543.53,0.0,0.0,0.578,0.508922,0.0,1,0.178629226,1.444593356,1.4499897934278045
COJGEO_clean,COJGEO_clean,6.41217,5.04769,5.92617,0.978354,2161.34,2209.16,0.0,0.0,0.6438,0.658044,0.0,1,0.196480177,1.60691116,1.6709024047616956
COKFAK_clean,COKFAK_clean,5.25617,3.49649,5.25539,1.05876,800.714,756.272,0.071455,0.0674891,0.4738,0.447503,0.0,1,0.138525085,0.999564727,1.0762366829807741
COKMOG_clean,COKMOG_clean,11.40307,10.64671,11.37943,1.32388,1550.85,1171.45,0.0,0.0,0.6382,0.482069,0.0,1,0.083906649,0.786082227,0.7631119757841826
COKMUM_clean,COKMUM_clean,11.78987,10.95857,11.78969,1.07449,1572.51,1463.5,0.0,0.0,0.6544,0.609034,0.0,1,0.085848818,0.816956287,0.8146319918657141
COMDOY_clean,COMDOY_clean,6.1206,5.53928,6.10847,1.22694,1491.89,1215.95,0.0,0.0,0.5716,0.465876,0.0,0,0.247145641,1.76976238,1.737918560644515
COTVOY_clean,COTVOY_clean,5.88006,4.17812,5.70456,1.30534,1614.08,1236.52,0.0,0.0,0.5814,0.445402,0.0,1,0.13842619,1.114237702,1.1365371193862437
COTVUE_clean,COTVUE_clean,5.96406,4.24876,5.86955,1.32545,1637.27,1235.25,0.0,0.0,0.5874,0.443169,0.0,1,0.131504665,1.063035438,1.0735027047823595
COWMAD_clean,COWMAD_clean,6.73617,5.57745,6.73408,1.22293,2145.79,1754.63,0.0,0.0,0.651,0.532328,0.0,1,0.081808851,0.759612417,0.753442455475906
COWMIL_clean,COWMIL_clean,6.74228,5.52931,6.73491,1.23822,2114.95,1708.06,0.0,0.0,0.6464,0.522042,0.0,1,0.080966972,0.755698473,0.7428933824430419
COWMUX_clean,COWMUX_clean,6.71015,5.5309,6.7037,1.25989,2128.6,1689.51,0.0,0.0,0.6534,0.518616,0.0,1,0.079953157,0.747461767,0.7195828780181871
COXHON_clean,COXHON_clean,8.79766,8.47314,8.79766,0.659131,2297.83,3486.15,0.0,0.0,0.8002,1.21402,0.0,0,0.076776113,0.763848096,0.7598855131348697
CUFDUD_clean,CUFDUD_clean,6.88574,5.43307,6.8031,0.934938,2543.4,2720.39,0.0,0.0,0.6874,0.735236,0.0,0,0.229824935,2.0416359,2.02288012259237
CUKXIR_clean,CUKXIR_clean,4.25316,3.64523,4.25225,1.37123,1248.02,910.151,0.0,0.0,0.5164,0.376597,0.0,1,0.150057393,1.215992096,1.1708508667852464
CUKYAJ_clean,CUKYAJ_clean,4.71891,4.29348,4.71891,1.65805,1181.97,712.869,13.2923,8.01679,0.5418,0.326769,0.0,1,0.089628683,0.741537156,0.7416558642536049
CUMDOE_clean,CUMDOE_clean,5.65665,4.97039,5.61572,1.60054,1129.91,705.955,0.0,0.0,0.5292,0.330638,0.0,0,0.055277419,0.481876036,0.48599569430120515
CUMDUK_clean,CUMDUK_clean,6.0834,3.52201,5.92291,1.54452,1012.49,655.538,0.0,0.0,0.489,0.316603,0.0,1,0.053515481,0.447739502,0.4745808326601881
CUMJEB_clean,CUMJEB_clean,5.10711,4.11246,5.10711,2.00854,711.044,354.01,0.0,0.0,0.4216,0.209904,0.0,0,0.052656753,0.393607681,0.3966140181538266
CUQRIR_clean,CUQRIR_clean,5.69204,4.57463,5.69204,1.10643,1361.29,1230.35,0.0,0.0,0.5686,0.513906,0.0,0,0.16021816,1.334681802,1.2748241032183907
CUQSAK_clean,CUQSAK_clean,18.30047,4.50008,17.86541,0.672661,1852.6,2754.14,0.138515,0.205922,0.7088,1.05373,0.0,1,0.114164997,1.013382265,1.0510388330999483
CURYOE01_clean,CURYOE01_clean,11.02009,9.16908,10.48925,1.0226,1239.44,1212.05,0.0,0.0,0.5864,0.57344,0.0,0,0.10157592,0.923931432,0.8589799490092417
CUSYIA_clean,CUSYIA_clean,5.815,4.76876,5.815,0.737304,2684.86,3641.46,0.0,0.0,0.6944,0.941809,0.0,0,0.188029054,1.723332502,1.6373944120604327
CUSZEX_clean,CUSZEX_clean,4.67101,3.44264,4.47333,0.835534,2247.71,2690.15,0.0,0.0,0.666,0.797095,0.0,0,0.173129674,1.536941427,1.5880865840822123
CUVHIL02_clean_h,CUVHIL02_clean_h,12.81562,12.03113,12.80804,1.65786,1432.65,864.159,0.0,0.0,0.6442,0.388573,0.0,1,0.062766693,0.508394202,0.5387096960043282
CUVTUJ_clean,CUVTUJ_clean,11.49174,10.88335,11.49174,1.17569,1542.4,1311.91,0.0,0.0,0.635,0.540109,0.0,1,0.089110898,0.85231896,0.8375606780982083
CUWNIT_clean,CUWNIT_clean,7.16308,4.76212,7.16308,1.01279,1797.12,1774.42,0.0,0.0,0.5942,0.586695,0.0,1,0.128242247,1.113255103,1.1206512180008783
CUWWEY_clean,CUWWEY_clean,6.3126,4.22285,6.24291,1.35207,1327.35,981.718,0.0,0.0,0.5216,0.38578,0.0,0,0.130576669,1.039457898,1.0275911529670803
CUWXID_clean,CUWXID_clean,6.81153,5.91204,6.80774,1.05332,2229.66,2116.79,0.0,0.0,0.6498,0.616908,0.0,1,0.138528206,1.222366558,1.2309472277340046
CUWXOJ_clean,CUWXOJ_clean,5.20089,3.52692,5.18895,1.36291,1137.88,834.888,0.0,0.0,0.5102,0.374345,0.0,1,0.255870812,1.593729574,1.6125257616916298
CUWXUP_clean,CUWXUP_clean,5.81508,3.73125,5.78204,1.39886,1150.61,822.535,0.0,0.0,0.5122,0.366154,0.0,1,0.245755985,1.622542903,1.5597092305444178
CUXJAI_clean,CUXJAI_clean,5.59834,5.04687,5.59211,1.08566,2410.48,2220.29,0.0,0.0,0.6696,0.616766,0.0,1,0.099264093,0.911150521,0.9215642167564767
CUYWUP_clean,CUYWUP_clean,7.47672,4.58604,7.47672,0.942864,1947.64,2065.66,0.0,0.0,0.6222,0.659904,0.0,1,0.244495906,2.022922196,1.9537549649128043
CUYYAX_clean,CUYYAX_clean,5.04944,3.83367,4.87007,1.16048,1383.0,1191.75,0.0,0.0,0.5718,0.492727,0.0,1,0.194053271,1.497604143,1.5345192814251651
DADPEG_clean,DADPEG_clean,4.6964,3.56133,4.68951,1.91805,1368.69,713.581,0.0,0.0,0.56,0.291963,0.0,0,0.063469528,0.592412882,0.5717810218256684
DAHPAE_clean,DAHPAE_clean,5.00613,3.59286,5.00613,1.85953,1943.24,1045.01,0.0,0.0,0.5872,0.315779,0.0,0,0.076127342,0.666901552,0.6836599574064823
DALSUH_clean,DALSUH_clean,5.91398,4.13588,5.88727,1.34754,1386.92,1029.23,0.0,0.0,0.5694,0.422549,0.0,1,0.142949022,1.07683386,1.1175747839179733
DALTAO_clean,DALTAO_clean,5.94592,4.16513,5.91791,1.30338,1417.2,1087.33,0.0,0.0,0.5806,0.445458,0.0,1,0.138486838,1.076196187,1.1141918310009449
DAPHOU_clean,DAPHOU_clean,10.96282,6.06241,10.06318,0.785626,2401.47,3056.76,0.0,0.0,0.737,0.938106,0.0,1,0.147869856,1.358265987,1.3577060242780234
DAPXID_ion_b,DAPXID_ion_b,14.13138,12.09179,14.13138,0.764894,1790.29,2340.57,0.0191816,0.0250774,0.7044,0.920911,0.0,1,0.071091184,0.674800023,0.6829763115923875
DATHAJ_clean,DATHAJ_clean,5.55335,3.71297,5.5372,1.88262,726.028,385.647,0.0,0.0,0.4308,0.22883,0.0,1,0.040848738,0.343017078,0.33979119412274755
DAWBUA_clean,DAWBUA_clean,5.52672,4.41246,5.51306,1.33702,1014.57,758.83,0.0,0.0,0.4726,0.353472,0.0,0,0.156645862,1.084616129,1.1220459135374132
DAXHIV_clean,DAXHIV_clean,7.62222,6.92477,7.62222,0.882059,2131.41,2416.4,0.0,0.0,0.65,0.736913,0.0,1,0.145950865,1.326820761,1.3036660888754037
DAXHUH_clean,DAXHUH_clean,7.50015,6.78537,7.50015,0.876532,2176.78,2483.4,0.0,0.0,0.6518,0.743612,0.0,1,0.142558831,1.336783086,1.277143054483206
DEBGIA_clean,DEBGIA_clean,4.22344,3.46939,4.21901,1.31115,709.801,541.36,0.0,0.0,0.5062,0.386075,0.0,1,0.103646029,0.736658507,0.8506777644653662
DEBWAK_clean,DEBWAK_clean,9.51714,7.06696,9.49794,1.05415,1137.31,1078.89,0.0,0.0,0.5474,0.519279,0.0,1,0.07826987,0.715664989,0.7099995930685835
DEGJIK_clean,DEGJIK_clean,4.49857,3.8442,4.48892,1.5866,672.4,423.8,0.0,0.0,0.4622,0.291315,0.0,1,0.144237602,0.959593351,0.9672083531359502
DEJCIF_clean,DEJCIF_clean,5.07924,4.58071,5.07255,1.37299,1275.41,928.928,0.0,0.0,0.5384,0.392137,0.0,1,0.213894217,1.486986474,1.5284782896962943
DEPXIG_clean,DEPXIG_clean,5.45833,4.42032,5.43874,1.21453,1418.68,1168.08,0.0,0.0,0.5298,0.436217,0.0,1,0.184138872,1.454061307,1.3532694586841203
DEPXOM_clean,DEPXOM_clean,5.87443,4.69467,5.85064,1.07984,2256.84,2089.97,0.0,0.0,0.6052,0.560452,0.0,1,0.137004717,1.226325384,1.2048515254545908
DEYLUQ_clean,DEYLUQ_clean,7.28064,4.66536,7.28064,1.6199,977.704,603.558,0.0,0.0,0.4976,0.307179,0.0,1,0.074553526,0.614139085,0.6048572927100917
DICKEH_clean,DICKEH_clean,12.83987,7.4101,12.68863,0.522471,2354.64,4506.73,0.0,0.0,0.796,1.52353,0.0,1,0.149108495,1.365456294,1.415369333219168
DICVIW_clean,DICVIW_clean,6.26495,3.45129,6.22166,1.15151,1468.87,1275.6,0.0,0.0,0.5682,0.493438,0.0,1,0.178819416,1.411434255,1.373917154935498
DINNIZ_clean,DINNIZ_clean,5.64071,4.66315,5.45064,1.16869,1439.96,1232.11,0.0,0.0,0.5486,0.469413,0.0,1,0.08813007,0.758452189,0.7718714565586039
DIRPIF_clean,DIRPIF_clean,8.33531,6.07292,8.1953,0.867063,1783.84,2057.33,0.0,0.0,0.6398,0.737893,0.0,1,0.158830091,1.330183799,1.352123349364072
DITJOH_clean,DITJOH_clean,19.43102,8.59079,19.40135,0.448746,1849.48,4121.45,0.0,0.0,0.824,1.83623,0.000445686,1,0.111760325,1.070616223,1.102599900904384
DITTEH_clean,DITTEH_clean,5.93254,5.15214,5.88831,1.0803,2344.41,2170.15,0.0,0.0,0.6392,0.59169,0.0,1,0.153782928,1.33010582,1.336835752847345
DIWMON_clean,DIWMON_clean,9.50738,3.99435,9.49132,0.925424,1888.23,2040.4,0.0,0.0,0.6264,0.676879,0.0,1,0.138745086,1.239564676,1.2380304258517292
DIYTEM_clean,DIYTEM_clean,5.54342,3.85621,5.5369,1.27196,1497.59,1177.39,0.0,0.0,0.5676,0.446239,0.0,1,0.143418697,1.167215156,1.1510508081407411
DOKDEN_clean,DOKDEN_clean,15.14217,13.44364,15.14217,0.712137,1836.8,2579.28,0.0,0.0,0.7026,0.986608,0.0,0,0.152462256,1.33197048,1.3426318389906027
DOLRAZ_clean,DOLRAZ_clean,5.60421,4.00046,5.58702,1.12972,1092.67,967.204,0.0,0.0,0.499,0.441701,0.0,1,0.270791803,1.804442564,1.7318833690267845
DOMDAL_clean,DOMDAL_clean,18.43381,14.45488,18.43381,0.66329,1341.32,2022.22,0.0,0.0,0.7914,1.19314,0.0,0,0.060685602,0.589735767,0.5993549334089138
DOMFUI_clean,DOMFUI_clean,8.13637,5.96872,8.13476,1.18044,720.043,609.981,519.992,440.508,0.5282,0.447462,0.0,1,0.15533341,1.291962952,1.2078421508055306
DONNIE_clean,DONNIE_clean,7.12052,6.90641,7.12052,1.14518,1600.5,1397.6,0.0,0.0,0.6142,0.536335,0.0,0,0.216870757,1.806762658,1.7862955107649738
DORFAS_clean,DORFAS_clean,6.89012,5.94748,6.89012,1.02954,1487.46,1444.77,0.0,0.0,0.5948,0.577731,0.0,0,0.157859159,1.318818327,1.318314810897077
DOZKIO_clean,DOZKIO_clean,6.44925,4.72277,6.43616,1.05766,2120.44,2004.84,0.0,0.0,0.6376,0.602839,0.0,1,0.23159747,1.949233995,1.934086300301247
DUDKEU_clean,DUDKEU_clean,5.16942,3.66649,5.16942,1.65561,855.86,516.946,0.0,0.0,0.4144,0.250301,0.0,1,0.045247993,0.387382618,0.3931450300374173
DUDKOE_clean,DUDKOE_clean,10.92488,6.00637,10.24342,0.779781,2417.09,3099.71,0.0,0.0,0.7388,0.947446,0.0,1,0.146594918,1.341820058,1.3594135967147851
DUDKUK_clean,DUDKUK_clean,8.84791,6.66406,8.84791,0.84398,2430.67,2880.0,0.0,0.0,0.75,0.888646,0.0,1,0.099929101,0.976233424,0.9415390707237596
DUGMOJ_clean,DUGMOJ_clean,13.15947,6.68014,13.15947,1.04413,1452.16,1390.78,0.0,0.0,0.5972,0.571957,0.0,1,0.12989115,1.075271995,1.0424171535913804
DUNXUH02_clean,DUNXUH02_clean,5.05926,3.9622,4.49661,1.21011,1835.42,1516.73,0.0,0.0,0.6046,0.499624,0.0,1,0.276605386,2.14289308,2.1186870393291164
DUNXUH03_clean,DUNXUH03_clean,4.97891,3.78832,4.59863,1.23681,1734.27,1402.21,0.0,0.0,0.5936,0.479945,0.0,1,0.267783587,2.054376281,2.0687159318249844
DUNXUH06_clean,DUNXUH06_clean,5.04935,3.8892,5.03687,1.21647,1807.28,1485.67,0.0,0.0,0.6062,0.498328,0.0,1,0.275174094,2.12857716,2.082469283994674
DURDIF_clean,DURDIF_clean,6.93958,6.05366,6.90375,0.735097,2642.04,3594.14,0.0,0.0,0.7204,0.980006,0.0,1,0.167212931,1.556990076,1.5428060998663007
DUWRUK_clean,DUWRUK_clean,4.54182,3.68421,4.38679,1.45633,495.592,340.302,181.958,124.943,0.4774,0.32781,0.0,0,0.180717967,1.28187904,1.1901719762639231
DUXKUD_clean,DUXKUD_clean,7.67361,6.90082,7.6375,1.23834,1391.29,1123.51,0.0,0.0,0.5864,0.473535,0.0,1,0.060101582,0.54305563,0.568142072382353
EBAMUS_clean,EBAMUS_clean,12.94449,5.39251,12.9279,1.04643,2056.89,1965.62,0.0,0.0,0.6866,0.656136,0.0,1,0.194260412,1.283042602,1.5466977842436616
EBEMII_clean,EBEMII_clean,4.74887,3.57779,4.74887,1.57979,558.843,353.745,0.0,0.0,0.4136,0.261807,0.0,0,0.071285669,0.521057331,0.5433229276074065
EBEXEQ_clean,EBEXEQ_clean,7.05454,6.70514,7.05454,1.61812,1500.38,927.234,0.0,0.0,0.5486,0.339035,0.0,1,0.124095812,1.024440447,1.028279639281408
EBIJAC_clean,EBIJAC_clean,5.69411,4.34501,5.6755,1.35778,616.318,453.917,180.508,132.944,0.4634,0.341293,0.0,0,0.089645591,0.65582108,0.6837150780856216
EBIPOX_clean,EBIPOX_clean,5.78746,4.90776,5.77533,1.02316,2423.56,2368.7,0.0,0.0,0.6678,0.652682,0.0,1,0.114896725,1.029456055,1.0435078590404543
EBUREA_clean,EBUREA_clean,5.12157,4.43835,5.12005,1.31199,1365.8,1041.01,0.0,0.0,0.4802,0.36601,0.0,1,0.118823429,0.942536407,0.9447837260122635
ECEDAU_clean,ECEDAU_clean,5.16051,3.4158,5.15302,1.53177,706.487,461.221,0.0,0.0,0.4352,0.284115,0.0,1,0.211227093,1.159271471,1.2045103144761085
ECOGEI_clean,ECOGEI_clean,4.77299,3.85637,4.77299,0.998724,1292.16,1293.81,0.0,0.0,0.5602,0.560915,0.0,1,0.195707393,1.528761084,1.564655768905109
EDAGEX_clean,EDAGEX_clean,4.90414,3.69066,4.90414,1.79444,798.923,445.222,0.0,0.0,0.4496,0.250552,0.0,0,0.0663173,0.548535735,0.5349162512707325
EDAPIK_clean_h,EDAPIK_clean_h,7.09885,6.53196,7.09077,0.672755,2256.65,3354.34,0.591427,0.879112,0.6938,1.03128,0.0,1,0.131376543,1.185963302,1.2185277931895804
EDUVOO_clean,EDUVOO_clean,20.93415,10.62864,20.9324,0.373403,1788.47,4789.64,0.0,0.0,0.862,2.3085,0.0,0,0.140206781,1.34558855,1.3489292201808296
EFESEP_clean,EFESEP_clean,10.28948,6.13196,9.71774,0.910166,1438.69,1580.69,202.393,222.369,0.6216,0.682952,0.0,1,0.19599087,1.490836185,1.42365393940617
EFOTAV_clean,EFOTAV_clean,5.43531,4.50362,5.41958,2.18747,2824.93,1291.41,0.0,0.0,0.6522,0.298153,0.0,1,0.025929237,0.251865501,0.24974644323632123
EGELUY_SL,EGELUY_SL,7.32559,6.86607,7.31942,0.950432,1658.89,1745.4,0.0,0.0,0.6086,0.640341,0.0,0,0.23181501,2.017797698,1.5836648492140974
EHAGAX_clean,EHAGAX_clean,5.47293,3.47311,5.47293,2.13433,1158.89,542.974,0.0,0.0,0.5398,0.252913,0.0,1,0.061337958,0.517326775,0.4672230689707158
EHAGOL_clean,EHAGOL_clean,5.39044,3.4677,5.39044,2.17273,1093.47,503.269,0.185996,0.0856051,0.5364,0.246879,0.0,1,0.061413817,0.511829291,0.5063234072951247
EHODOV_SL,EHODOV_SL,6.30224,4.66761,6.30224,1.13784,1442.21,1267.5,266.504,234.219,0.5974,0.525029,0.0,0,0.190778085,1.550411785,1.4759408549658686
EJOQOL_clean,EJOQOL_clean,7.54682,4.16239,7.5307,1.29085,1431.56,1109.01,0.0,0.0,0.5368,0.415851,0.0,1,0.09363513,0.768745225,0.8039671440607994
EKETUL_clean,EKETUL_clean,4.43428,3.43441,4.41751,1.64611,319.015,193.799,0.0,0.0,0.4126,0.250651,0.0,0,0.115215275,0.752658022,0.7140058380627876
EKOKIA_clean,EKOKIA_clean,6.37814,3.95219,6.37814,1.40385,1452.65,1034.76,0.0,0.0,0.5578,0.397337,0.0,1,0.103269117,0.856746433,0.8643567325760542
ELEREU_clean,ELEREU_clean,15.53932,10.30838,15.53932,0.773652,1743.51,2253.61,0.0,0.0,0.7078,0.914882,0.0,1,0.305406932,2.146115955,2.132583205851253
ELIKOA_clean,ELIKOA_clean,4.97213,3.73339,4.97213,1.55809,1148.96,737.416,0.0,0.0,0.4918,0.315643,0.0,1,0.147881782,1.08121112,1.0834603960911755
ELILER_clean,ELILER_clean,4.98078,3.65658,4.98016,1.63697,1110.94,678.659,0.0,0.0,0.487,0.297501,0.0,1,0.139748911,1.049193174,1.0483595652854165
ELILIV_clean,ELILIV_clean,4.97952,3.62473,4.97952,1.64354,1091.64,664.203,0.0,0.0,0.4882,0.297042,0.0,1,0.137995392,1.042326853,1.0384650227183367
ELUJEC_clean,ELUJEC_clean,4.38047,3.64592,4.38047,1.73198,794.119,458.504,0.0,0.0,0.4624,0.266978,0.0,1,0.091702001,0.732142787,0.7286606264519132
EMAGAB_clean,EMAGAB_clean,7.29475,4.84283,7.29475,1.35618,833.24,614.402,0.0,0.0,0.4816,0.355115,0.0,0,0.077339356,0.618719681,0.6233400441360977
EMIGOX_clean,EMIGOX_clean,6.95421,5.10297,6.95421,1.53443,2307.47,1503.8,0.0,0.0,0.6448,0.420222,0.0,1,0.172694273,1.428193243,1.4491097812955205
ENESOH_clean,ENESOH_clean,8.38054,5.7847,8.27724,0.639206,2434.82,3809.13,4.9539,7.75009,0.7442,1.16426,0.0,1,0.136378189,1.279545628,1.2901713731038285
ENISOK_clean,ENISOK_clean,6.962,4.5443,6.96157,1.14432,1841.89,1609.59,0.0,0.0,0.6018,0.525903,0.0,1,0.105810871,0.842504058,0.924646555188373
ENITIF_clean,ENITIF_clean,6.04006,4.14792,6.02363,0.993739,1774.39,1785.57,0.0,0.0,0.6108,0.614648,0.0,1,0.17075104,1.223555049,1.4207899280661054
ENOSAD_clean,ENOSAD_clean,5.57968,5.07062,5.57968,1.63787,1052.89,642.84,0.0,0.0,0.4624,0.282318,0.0,0,0.099380288,0.746811314,0.7503467906600002
EPEWEC_clean,EPEWEC_clean,5.88152,5.35243,5.87056,1.27191,1143.58,899.1,0.0,0.0,0.5064,0.398141,0.0,0,0.141698587,1.146565959,1.0886427429507028
EPEXUU_clean,EPEXUU_clean,8.78791,3.92519,8.78786,1.21365,1182.3,974.168,0.0,0.0,0.5234,0.431261,0.0,1,0.130290226,0.975038052,1.0145750465749108
EPISOM_clean,EPISOM_clean,12.63938,6.49016,12.62405,0.677616,2253.72,3325.96,0.0,0.0,0.7494,1.10594,0.0,1,0.187680049,1.580855185,1.589094677176383
EPOPEG_clean,EPOPEG_clean,5.47224,4.77054,5.47224,0.955888,1699.64,1778.08,0.0,0.0,0.613,0.641289,0.0,0,0.143166651,1.26176786,1.2459269325315416
EQUBOI_clean,EQUBOI_clean,4.70314,4.11847,4.7011,1.94101,957.405,493.252,0.0,0.0,0.4856,0.250179,0.000103039,0,0.089379938,0.703288179,0.694291917526296
ERAHOV_clean,ERAHOV_clean,8.72809,7.46409,8.72809,0.942162,2285.98,2426.31,0.0,0.0,0.718,0.762077,0.0,1,0.074352023,0.713325083,0.7115069187726606
ERALUG_clean,ERALUG_clean,10.3431,8.94026,10.3375,1.11121,2058.72,1852.68,0.0,0.0,0.6522,0.586926,0.000719933,1,0.099262702,0.866776326,0.9171642117086469
ERAMAN_clean,ERAMAN_clean,12.01377,10.18099,12.01377,0.963545,2126.75,2207.22,0.0,0.0,0.6966,0.722955,0.0,1,0.112224884,1.045133077,1.021655086737717
ERIWAF_clean,ERIWAF_clean,10.65116,5.48487,10.46238,0.840538,2241.03,2666.18,0.0,0.0,0.709,0.843508,0.0,1,0.176364879,1.500085524,1.4912314371531747
ERUFUS_clean,ERUFUS_clean,4.3604,3.42673,4.35329,1.50899,684.051,453.317,0.0,0.0,0.4548,0.301394,0.0,0,0.116688182,0.916949342,0.8655572151999914
ERUNOW_clean,ERUNOW_clean,9.74436,7.85759,9.7385,0.884315,1769.89,2001.42,0.0,0.0,0.6546,0.740234,0.0,1,0.119078155,1.064890415,1.063030990912413
ESARUN_clean,ESARUN_clean,6.08793,3.97207,6.06402,1.14221,1213.02,1061.99,0.0,0.0,0.5254,0.459984,0.0,1,0.184170507,1.380938479,1.3403149108854717
ESIGES02_clean,ESIGES02_clean,5.25592,4.31073,5.18518,1.28541,1797.52,1398.4,0.0,0.0,0.597,0.464442,0.0,0,0.195940139,1.579481553,1.5766942081691306
ESIGES_clean,ESIGES_clean,5.24833,4.2623,5.18742,1.29046,1800.98,1395.62,0.0,0.0,0.6108,0.473321,0.0,0,0.205188865,1.603611257,1.6382609919556583
ESURER03_clean,ESURER03_clean,6.73192,5.66128,6.64205,1.40989,1345.84,954.57,0.0,0.0,0.5322,0.377477,0.0,0,0.136542574,1.09175174,1.065418831090547
ESUVAR_clean,ESUVAR_clean,6.28796,4.55194,6.20677,1.47064,1312.34,892.358,0.0,0.0,0.5172,0.351684,0.0,1,0.147644391,1.107819376,1.1028063107761965
ETEPID_clean,ETEPID_clean,6.17672,3.95395,5.87594,1.10537,1278.33,1156.47,289.636,262.025,0.5518,0.499197,0.0,1,0.393929091,1.932208279,2.4576782744256693
ETUWIA_clean,ETUWIA_clean,4.84869,4.31374,4.84869,1.3172,2256.73,1713.27,0.0,0.0,0.6028,0.457637,0.0,1,0.117987882,1.051712498,1.0269760861810249
ETUXEW_clean,ETUXEW_clean,4.30967,3.74181,4.30967,1.76757,1105.02,625.163,0.0,0.0,0.5662,0.320327,0.0,0,0.179339381,1.260850272,1.3078136887518705
EVAKIV_clean,EVAKIV_clean,13.34989,4.00312,13.34989,0.730238,1776.02,2432.11,0.0,0.0,0.6852,0.938325,0.0,0,0.163006966,1.420985209,1.3779583458811397
EVURAP_clean,EVURAP_clean,4.91998,4.00691,4.90722,1.50366,1094.53,727.909,0.0,0.0,0.4888,0.325073,0.0,1,0.156326215,1.124814573,1.1026160666725056
EWASIG_clean,EWASIG_clean,6.45735,5.55117,6.42218,0.997683,2278.25,2283.54,0.0,0.0,0.6672,0.66875,0.0,1,0.141881911,1.298603914,1.254296713515786
EWUGEK_clean,EWUGEK_clean,4.25922,3.99552,4.25922,1.59647,254.293,159.284,0.0,0.0,0.3716,0.232763,0.0,0,0.052405527,0.351261764,0.3923718078209826
EXOZIB_clean,EXOZIB_clean,8.81916,5.67239,8.81916,0.860889,2066.43,2400.34,0.0,0.0,0.7104,0.825193,0.0,1,0.095178931,0.92174461,0.883952442638776
EYACOX_clean,EYACOX_clean,8.14361,5.87215,7.68514,0.961963,2469.42,2567.06,0.0,0.0,0.6732,0.699819,0.0,1,0.134799155,1.209362502,1.2136206019229407
EYINOR_clean,EYINOR_clean,8.12774,5.83469,8.12774,0.997324,2427.09,2433.6,0.0,0.0,0.6904,0.692252,0.0,1,0.140952904,1.263240258,1.2592299651713403
EYUWAW_clean_h,EYUWAW_clean_h,6.01873,4.52997,6.01625,1.02499,1441.95,1406.78,0.0,0.0,0.5778,0.563711,0.0,1,0.148638331,1.256279083,1.2447189194378847
EZEQIL_clean,EZEQIL_clean,5.30026,4.78345,5.30026,1.17129,1076.67,919.215,0.0,0.0,0.476,0.406389,0.0,0,0.198525949,1.355046693,1.3526251329821974
EZEQOR_clean,EZEQOR_clean,5.6482,4.90134,5.6482,1.14412,1130.85,988.403,0.0,0.0,0.4858,0.424607,0.0,0,0.204613451,1.401398004,1.3984109388644184
FAJZOI_clean,FAJZOI_clean,5.7048,3.67896,5.62232,1.15456,806.025,698.125,0.0,0.0,0.4918,0.425964,0.0,0,0.325395715,1.85172406,1.782656882188137
FAKLIO_clean,FAKLIO_clean,9.35143,8.40739,9.35026,0.753404,1654.42,2195.93,0.0,0.0,0.6524,0.865937,0.0,0,0.130906987,1.201976283,1.1801550161351975
FAKLOU_clean,FAKLOU_clean,9.12795,8.03305,9.12795,0.879649,1631.51,1854.72,0.0,0.0,0.6538,0.743251,0.0,0,0.115723972,1.066635835,1.0541174113001954
FAKLUA_clean,FAKLUA_clean,9.01677,8.0299,9.01677,0.819291,1611.05,1966.39,0.0,0.0,0.6454,0.787754,0.0,0,0.15428784,1.398936202,1.3412462171735642
FAMPUH_clean,FAMPUH_clean,14.29727,6.50644,14.29727,0.67257,2359.31,3507.91,0.0,0.0,0.7568,1.12524,0.0,1,0.170242682,1.520389952,1.5052058375724353
FAMQAO_clean,FAMQAO_clean,14.19972,6.54893,14.18609,0.666736,2302.24,3453.0,0.0,0.0,0.7576,1.13628,0.0,1,0.167481042,1.481421969,1.5121247445648272
FAMQES_clean,FAMQES_clean,13.92314,6.55268,13.92314,0.674226,2354.83,3492.63,0.0,0.0,0.7532,1.11713,0.0,1,0.171290377,1.507817622,1.528051706745972
FANCOP_clean,FANCOP_clean,8.31522,6.68432,8.30333,1.04032,1268.68,1219.51,89.2086,85.7514,0.5834,0.560791,0.0,0,0.180537035,1.418826018,1.3133570118111133
FAPXEC_clean,FAPXEC_clean,7.23633,7.07944,7.22228,1.10849,1601.62,1444.86,0.0,0.0,0.5964,0.538029,0.0,0,0.174173037,1.518119492,1.487666968285491
FAPXIG_clean,FAPXIG_clean,7.25163,7.0872,7.25163,1.12925,1578.62,1397.94,0.0,0.0,0.5966,0.528317,0.0,0,0.180571306,1.563141574,1.3489572900710698
FAQGEL_clean,FAQGEL_clean,5.35554,3.64691,5.34801,1.44151,1313.99,911.54,0.0,0.0,0.536,0.371832,0.0,1,0.165385757,1.211722721,1.2282037413989555
FARHIR_ion_b,FARHIR_ion_b,6.8791,5.35126,6.8791,1.62906,838.805,514.901,0.0,0.0,0.3778,0.231913,0.0,1,0.136022013,0.867968509,0.9040224161208845
FASHAK_clean,FASHAK_clean,5.67537,4.91896,5.66915,1.31877,1672.64,1268.34,0.0,0.0,0.5816,0.441018,0.0,1,0.075609861,0.685032906,0.6820732939356703
FATKUI_clean,FATKUI_clean,4.71614,3.90797,4.71614,1.76449,1087.25,616.182,0.0,0.0,0.4914,0.278494,0.0,1,0.051606345,0.445610097,0.4643794231137437
FAVFUG_clean,FAVFUG_clean,6.83841,4.77149,6.83841,1.02578,1903.53,1855.69,0.0,0.0,0.6082,0.592913,0.0,0,0.162282138,1.360973743,1.3501973213724394
FAVKAP_clean,FAVKAP_clean,6.87609,5.10388,6.87609,1.0919,2445.17,2239.37,0.0,0.0,0.6468,0.592361,0.0,1,0.125611815,1.12698638,1.1287662827659029
FAYPAY_clean,FAYPAY_clean,12.90794,5.24047,12.8925,0.673936,2011.51,2984.72,0.0,0.0,0.742,1.10099,0.0,1,0.122129272,1.124911957,1.14845785765701
FAYPEC_clean,FAYPEC_clean,11.32938,4.75784,11.28719,0.745804,1782.19,2389.63,0.0,0.0,0.6898,0.924908,0.0,1,0.11644359,1.04632201,1.0603320139287529
FAYPIG_clean,FAYPIG_clean,11.51198,6.01308,11.45567,0.74228,1782.59,2401.5,0.0,0.0,0.7098,0.956244,0.0,1,0.114253676,1.02676066,1.0389426447228214
FAYQED_clean,FAYQED_clean,12.559,10.1499,12.53561,0.533674,1990.43,3729.68,0.0,0.0,0.7818,1.46494,0.0,1,0.162978229,1.406090164,1.466534386387214
FAZZEM_clean,FAZZEM_clean,5.74693,4.41081,5.68235,2.16525,873.054,403.211,0.0,0.0,0.4638,0.214201,0.0,1,0.028069536,0.260721113,0.24292467535384332
FECXUI_clean,FECXUI_clean,10.09798,5.67724,10.08611,0.924829,2051.69,2218.46,0.0,0.0,0.69,0.746084,0.0,1,0.146927079,1.262338145,1.285080368581796
FECYUJ_clean,FECYUJ_clean,9.54146,5.39642,9.54146,0.925869,2090.23,2257.59,1.94532,2.10107,0.6792,0.733581,0.0,1,0.155897376,1.339345726,1.3142970127076445
FEJDII01_clean,FEJDII01_clean,5.11637,4.26776,5.11637,1.65956,1220.45,735.403,0.0,0.0,0.5874,0.353949,0.0,0,0.153640088,1.136857004,1.1230885906557388
FEJDII_clean,FEJDII_clean,5.18964,4.3206,5.16791,1.64976,1282.11,777.148,0.0,0.0,0.607,0.367932,0.0,0,0.154953576,1.153073619,1.1659796844866526
FENROG_clean,FENROG_clean,5.38209,4.56613,5.38209,1.67781,1972.59,1175.69,0.0,0.0,0.6206,0.369888,0.0,1,0.044864276,0.421273738,0.4128975792717825
FERVIJ_clean,FERVIJ_clean,4.83126,3.6773,4.83126,1.86686,1302.53,697.711,13.494,7.22817,0.5356,0.286899,0.0,1,0.076509729,0.637167973,0.6571547464879633
FESTUT_clean,FESTUT_clean,4.58957,3.56818,4.49102,1.91412,810.164,423.257,0.0,0.0,0.5446,0.284517,0.0,0,0.214714422,1.275390636,1.3921455200739539
FEWQIJ_manual,FEWQIJ_manual,5.32147,5.14959,5.31527,2.34625,1158.3,493.681,0.0,0.0,0.4776,0.203559,0.0,1,0.07502486,0.600897478,0.5959164827856476
FEWWUB_clean,FEWWUB_clean,13.46293,4.10343,6.99036,0.839472,1304.99,1554.54,374.213,445.771,0.6142,0.731651,0.0,0,0.19635721,1.46490044,1.6099992005077528
FEXCES_clean,FEXCES_clean,6.14892,5.48137,6.14892,1.01825,1528.57,1501.17,0.0,0.0,0.5802,0.569801,0.0,1,0.229503444,1.754022299,1.7233459967492364
FIFMIS_clean,FIFMIS_clean,4.83064,4.51142,4.83037,1.28879,636.461,493.845,117.284,91.0034,0.48,0.372443,0.0,1,0.171050541,1.237342992,1.1435177551988567
FIFMOY_clean,FIFMOY_clean,4.8407,4.42587,4.8407,1.29544,593.069,457.813,123.778,95.5491,0.468,0.361267,0.0,1,0.170822986,1.228253257,1.1251299094436429
FIHFAF_clean,FIHFAF_clean,6.24558,4.36754,6.24558,1.21214,1512.33,1247.65,0.0,0.0,0.5622,0.463807,0.0,1,0.14549754,1.177989699,1.1845798466424284
FIJDIM01_clean,FIJDIM01_clean,5.82926,5.08135,5.82926,1.24507,1266.69,1017.36,0.0,0.0,0.5318,0.427125,0.0,1,0.166382348,1.267935025,1.2635386885597288
FIJDIM04_clean,FIJDIM04_clean,5.91316,5.13983,5.91316,1.23456,1288.47,1043.66,0.0,0.0,0.5342,0.432705,0.0,1,0.164891646,1.264628146,1.2515112404319042
FIJDIM11_clean,FIJDIM11_clean,5.83014,5.0814,5.83014,1.23386,1262.75,1023.41,0.0,0.0,0.5344,0.433111,0.0,1,0.162365343,1.231636854,1.2346649420311497
FIJFUA_clean,FIJFUA_clean,6.58892,4.46794,6.58892,1.28412,1352.77,1053.46,0.0,0.0,0.5288,0.4118,0.0,1,0.118596363,0.974667713,0.9572149461980535
FIJZEE_clean,FIJZEE_clean,7.37726,6.47542,7.37726,1.82096,874.8,480.405,0.0,0.0,0.4718,0.259093,0.0,0,0.336652255,0.538962699,1.63631360456008
FIQZAH_clean,FIQZAH_clean,4.65627,3.68934,4.65627,1.93416,700.399,362.121,0.0,0.0,0.45,0.23266,0.0,0,0.120107198,0.826266871,0.8223381984125525
FIRNOL_clean,FIRNOL_clean,6.1215,5.54396,6.11958,0.794887,2656.05,3341.42,0.0,0.0,0.6666,0.838609,0.0,1,0.183734376,1.687782135,1.62143588322327
FIRNUR_clean,FIRNUR_clean,6.62054,6.03585,6.61701,0.714161,2609.57,3654.03,0.0,0.0,0.6944,0.97233,0.0,1,0.176786593,1.622471351,1.611412059840858
FIRPAZ_clean,FIRPAZ_clean,7.15818,6.15135,7.14286,0.673811,2389.65,3546.47,0.0,0.0,0.7144,1.06024,0.0,1,0.153613204,1.417990078,1.4259098227688827
FIVNAZ_clean,FIVNAZ_clean,4.57167,3.52743,4.40749,2.12433,1354.32,637.526,0.0,0.0,0.5842,0.275004,0.0,1,0.029278078,0.283358016,0.2798310692955732
FIVYEP_clean,FIVYEP_clean,5.69894,4.7333,5.69894,2.0333,1248.63,614.092,0.0,0.0,0.458,0.22525,0.0,1,0.05332277,0.453320679,0.47658412512322923
FIYDOH_clean,FIYDOH_clean,4.62011,3.85906,4.62011,1.58881,555.753,349.792,0.0,0.0,0.3874,0.24383,0.0,1,0.062219982,0.477889603,0.48952098080709805
FOFHAK_clean,FOFHAK_clean,4.16875,3.58203,4.16875,2.15496,1011.75,469.5,0.0,0.0,0.4808,0.223114,0.0,1,0.39478475,2.025150072,1.9709683517788754
FOFTIF_clean,FOFTIF_clean,6.9711,4.44534,6.9711,1.09535,1552.88,1417.7,0.0,0.0,0.5846,0.533709,0.0,1,0.205040149,1.539000284,1.5839113272504801
FORPUY_clean,FORPUY_clean,9.42246,3.59342,9.42246,1.13071,1908.86,1688.19,0.0,0.0,0.6696,0.592195,0.0,1,0.06149436,0.592426458,0.5655872548014707
FORQIN_clean,FORQIN_clean,9.58088,4.20865,9.58088,1.06074,2156.73,2033.24,0.0,0.0,0.7006,0.660485,0.0,1,0.062060166,0.593017681,0.5927769663968914
FOVPOX_clean,FOVPOX_clean,5.86564,3.51663,5.02799,1.32713,811.807,611.702,0.0,0.0,0.504,0.379767,0.0,1,0.081701735,0.6234301,0.6373570514754586
FOVPUD_clean,FOVPUD_clean,5.92888,3.43151,5.75387,1.33896,878.863,656.376,0.0,0.0,0.4994,0.372975,0.0,1,0.081527415,0.634521991,0.599023685647956
FUHMOM_clean,FUHMOM_clean,5.53443,4.01054,5.50524,1.19557,1378.79,1153.25,0.0,0.0,0.5554,0.464549,0.0,1,0.258951146,1.843275878,1.7791962459051598
FUNLAD_clean,FUNLAD_clean,6.24379,4.83507,6.24379,1.06947,1236.73,1156.4,0.0,0.0,0.53,0.495574,0.0,0,0.227019947,1.689077965,1.6485099937172718
FURFIJ_clean,FURFIJ_clean,4.1371,3.42264,4.11394,1.63785,321.866,196.518,0.0,0.0,0.4366,0.266569,0.0,1,0.10428684,0.754082386,0.7506669271200156
FURQOZ01_ion_b,FURQOZ01_ion_b,9.28425,8.43309,9.28425,1.37609,1096.56,796.865,0.0,0.0,0.5274,0.383259,0.0,1,0.034333231,0.321683529,0.3284224027187719
FURROA_clean,FURROA_clean,11.58923,10.47029,11.58875,1.00075,1596.28,1595.09,0.0,0.0,0.6602,0.659706,0.0,1,0.053349011,0.520246184,0.5121770899956372
FURSES_clean,FURSES_clean,5.13622,4.08548,4.9972,1.59979,1236.67,773.017,0.0,0.0,0.4932,0.30829,0.0,1,0.11650188,0.917664387,0.906279124795406
FUSGOR_clean,FUSGOR_clean,5.22313,4.14656,5.21824,1.4906,1212.59,813.493,0.0,0.0,0.5048,0.338655,0.0,1,0.119360961,0.965849557,0.9336706054987284
FUSNEN_clean,FUSNEN_clean,10.85037,9.87705,10.85037,0.997622,1665.26,1669.23,0.0,0.0,0.6604,0.661974,0.0,1,0.054823201,0.522766592,0.5134805969150065
FUWFIO_clean,FUWFIO_clean,7.45171,4.92598,7.05573,1.06861,2012.96,1883.72,0.0,0.0,0.6538,0.611823,0.0,1,0.111962951,0.997600032,0.9995928581615493
FUXCOS_clean,FUXCOS_clean,4.8198,4.16045,4.8198,1.4521,612.494,421.799,0.0,0.0,0.4284,0.295021,0.0,0,0.099018112,0.682557568,0.6907109188832192
FUYCEJ_clean,FUYCEJ_clean,4.90132,3.779,4.87424,0.834486,2400.21,2876.28,0.217355,0.260466,0.6646,0.796418,0.0,0,0.269441829,2.261987239,2.2190871598164343
GACBOE_clean,GACBOE_clean,6.66763,4.36115,6.66763,1.04515,2329.85,2229.2,0.0,0.0,0.6722,0.64316,0.0,1,0.179379133,1.567526472,1.5255685237603318
GAFRUD_clean,GAFRUD_clean,10.59453,5.69918,10.59344,0.768776,2454.62,3192.89,0.0,0.0,0.7144,0.929269,0.0,1,0.160481139,1.453148924,1.438101672631876
GAHWIX_clean,GAHWIX_clean,10.08038,7.17794,10.08038,0.589363,2617.83,4441.79,0.0,0.0,0.7728,1.31125,0.0,1,0.153384718,1.426109076,1.431952458890287
GAPNOD_clean,GAPNOD_clean,6.6565,4.84778,6.65444,1.74449,1900.25,1089.29,0.0,0.0,0.644,0.369162,0.0,1,0.064354954,0.581917319,0.5865055510405904
GARLIX_clean,GARLIX_clean,5.51894,4.34952,5.51894,1.16479,1506.37,1293.26,0.0,0.0,0.5712,0.49039,0.0,1,0.219304533,1.612403354,1.6327653604667232
GAXQIH_clean,GAXQIH_clean,5.17093,4.52481,5.06299,1.36553,783.142,573.505,0.0,0.0,0.4372,0.320168,0.0,0,0.089172455,0.684769876,0.6884934389396608
GAYFUJ_clean,GAYFUJ_clean,5.68191,5.17685,5.68191,1.29989,1899.11,1460.97,0.0,0.0,0.6252,0.480962,0.0,1,0.148521961,1.225461663,1.2541105321812667
GAYPED_clean,GAYPED_clean,9.58074,6.82289,7.89267,0.900136,2106.29,2339.97,0.0,0.0,0.6514,0.723668,0.0,1,0.166914442,1.480528108,1.4529352580279953
GAZLAW_clean,GAZLAW_clean,5.89078,3.42545,5.89078,1.13599,1083.97,954.205,0.0,0.0,0.5156,0.453877,0.0,0,0.118002887,0.971756643,0.9538603962247802
GEDRUE_clean,GEDRUE_clean,6.04452,4.23776,6.03554,1.11864,2304.55,2060.12,0.0,0.0,0.6118,0.546912,0.0,1,0.193183254,1.586055607,1.6367394919157026
GEDSEP_clean,GEDSEP_clean,4.82283,3.73359,4.81042,1.38544,1023.08,738.448,0.0,0.0,0.5156,0.372155,0.0,1,0.267247974,1.758695653,1.6330409198503035
GEDTAM_clean,GEDTAM_clean,6.16288,4.28316,6.16288,1.08963,2317.05,2126.45,0.0,0.0,0.629,0.577258,0.0,1,0.183859299,1.506914182,1.5408625126658133
GEGGEG01_clean,GEGGEG01_clean,4.4734,3.53731,4.46972,1.51151,780.594,516.434,0.0,0.0,0.4522,0.299171,0.0,1,0.269160855,1.544642284,1.5875347233050265
GERNOI_clean,GERNOI_clean,6.93892,3.80818,6.45255,1.05982,1273.96,1202.05,0.0,0.0,0.5412,0.510651,0.0,0,0.128959491,1.106205923,1.0580460508731522
GERWEH_clean,GERWEH_clean,9.16485,6.64251,9.16485,1.11428,1571.66,1410.47,39.9079,35.815,0.625,0.560902,0.0,1,0.185261851,1.163162024,1.4332360144826308
GIDKOU_clean,GIDKOU_clean,4.78674,3.41448,4.67256,1.74547,701.395,401.837,0.0,0.0,0.4798,0.274883,0.0,1,0.312353898,1.517245805,1.514164970233886
GINLIA_clean,GINLIA_clean,6.39385,4.60431,6.39349,0.877136,2189.88,2496.63,0.0,0.0,0.6554,0.747205,0.0,1,0.233155417,1.892548672,1.9691113669048466
GIQXOU_clean,GIQXOU_clean,4.81089,3.81392,4.81089,1.85808,1583.35,852.141,0.0,0.0,0.5814,0.312903,0.0,1,0.090400184,0.789030733,0.7560782767818209
GIQYEL_clean,GIQYEL_clean,5.04966,3.95603,5.04926,1.69109,1647.45,974.192,0.0,0.0,0.5932,0.35078,0.0,1,0.081982319,0.715641871,0.7163443775348435
GIQYIP_clean,GIQYIP_clean,4.93593,3.90727,4.93593,1.7362,1686.39,971.31,0.0,0.0,0.5894,0.339477,0.0,1,0.086691813,0.758399733,0.7422030452983567
GIQYOV_clean,GIQYOV_clean,4.65103,4.01588,4.65103,1.69435,1544.77,911.715,0.0,0.0,0.5744,0.339009,0.0,1,0.060233684,0.552592677,0.5303673821222672
GIQYUB_clean,GIQYUB_clean,4.85877,3.85756,4.85723,1.80735,1636.84,905.654,0.0,0.0,0.586,0.324231,0.0,1,0.087374644,0.776811759,0.7486201907989856
GISZUF_clean,GISZUF_clean,5.98913,5.07662,5.983,1.31215,1025.01,781.164,0.0,0.0,0.5226,0.398277,0.0,1,0.098336291,0.796864507,0.7839166078861238
GITTUZ_clean,GITTUZ_clean,10.85901,8.03964,10.85901,1.03314,1392.4,1347.74,0.0,0.0,0.6084,0.588883,0.0,0,0.105458479,0.887274261,0.9260114216418375
GITVEL01_clean,GITVEL01_clean,15.27666,13.37931,15.27666,0.777112,1815.11,2335.71,0.0,0.0,0.723,0.930368,0.0,0,0.09374918,0.856713855,0.8707410001568747
GIWCIZ_ion_b,GIWCIZ_ion_b,5.12494,3.68789,4.86231,1.25758,738.946,587.595,101.966,81.0816,0.492,0.391229,0.0,1,0.145095558,1.023152818,1.0193784543757578
GIYSEN_clean,GIYSEN_clean,5.42608,5.04414,5.4195,1.45199,958.497,660.129,0.0,0.0,0.4968,0.342152,0.0,0,0.106218204,0.759089313,0.7973978353362323
GOJDOZ_clean,GOJDOZ_clean,4.79892,4.35574,4.79892,2.78878,865.091,310.204,296.77,106.416,0.5306,0.190263,0.0,1,0.04412519,0.381331933,0.38208390660258423
GOQSIQ_clean,GOQSIQ_clean,8.1775,6.04263,8.04141,1.00533,1638.23,1629.55,0.0,0.0,0.6412,0.637802,0.0,0,0.156128161,1.205349439,1.3188840277992644
GOQXAN_clean,GOQXAN_clean,6.22843,5.8492,6.22773,1.32869,1398.1,1052.24,0.0,0.0,0.556,0.418457,0.0,1,0.128138279,1.117045738,1.0294005586646553
GUANZS_clean,GUANZS_clean,5.10287,4.04623,5.10287,1.31647,2066.97,1570.09,0.0,0.0,0.6518,0.495113,0.0,0,0.104606115,0.929563381,0.9229522493889046
GUFREF_clean,GUFREF_clean,4.21553,3.44252,4.2138,1.21319,638.089,525.958,0.0,0.0,0.4724,0.389386,0.0,0,0.103550132,0.753950727,0.823534447352703
GUGNON_clean,GUGNON_clean,5.28957,4.33779,5.28957,0.956875,1608.61,1681.11,0.0,0.0,0.5938,0.620562,0.0,1,0.170116753,1.393376511,1.4027118801645273
GUPCAW_clean,GUPCAW_clean,13.64672,8.62891,13.57643,0.814725,1868.84,2293.83,0.829839,1.01855,0.7426,0.911474,0.0,0,0.057107923,0.552783109,0.546500308251249
GUSMAJ_clean,GUSMAJ_clean,4.67375,3.80751,4.66389,1.32281,575.521,435.074,0.0,0.0,0.4708,0.355908,0.0,0,0.171681944,1.078935978,1.1105913655950055
GUVBOQ_clean,GUVBOQ_clean,8.83128,4.93156,8.81323,1.43518,1000.0,696.779,0.0,0.0,0.4548,0.316894,0.0,1,0.096366966,0.697872484,0.7491437432248294
GUWDUY_clean,GUWDUY_clean,6.18049,4.11372,6.17321,0.97822,1677.34,1714.69,0.0,0.0,0.6008,0.614177,0.0,0,0.155653433,1.286666023,1.316496538082885
GUXJUF_clean,GUXJUF_clean,4.84037,3.9654,4.82716,1.41449,886.753,626.908,0.0,0.0,0.4542,0.321106,0.0,1,0.047301996,0.412031886,0.43172498119422975
HABREJ_clean,HABREJ_clean,7.22153,5.5004,7.20678,0.929467,1805.81,1942.84,0.0,0.0,0.6346,0.682757,0.0,1,0.198496281,1.645877184,1.6564738085723267
HADLOQ01_clean,HADLOQ01_clean,10.03253,9.59417,10.02623,0.699735,1785.38,2551.51,0.0,0.0,0.7038,1.00581,0.0,0,0.127957047,1.213999798,1.1570129231928847
HADPOU_clean,HADPOU_clean,4.62887,4.08311,4.62887,1.93861,903.412,466.011,0.0,0.0,0.5016,0.258742,0.0,1,0.1530701,1.059514764,1.009462271664695
HAFTOZ_clean,HAFTOZ_clean,15.37241,7.5238,15.37241,0.554007,2040.18,3682.59,0.0,0.0,0.7832,1.4137,0.0,0,0.107579288,1.038608326,1.019070832136409
HAFVUH_SL,HAFVUH_SL,7.26111,7.14037,7.26111,0.948615,1661.34,1751.34,0.0,0.0,0.5896,0.621538,0.0,0,0.209623663,1.836288579,1.7106391339150169
HAHCUR_clean,HAHCUR_clean,7.19827,5.98763,7.19827,1.10603,1324.83,1197.82,0.0,0.0,0.546,0.493657,0.0,0,0.150263564,1.260551913,1.1791955455731644
HAJDII_clean,HAJDII_clean,7.11031,6.37447,7.11031,1.26291,989.015,783.122,12.4903,9.89007,0.5394,0.427108,0.0,0,0.062659055,0.555315994,0.5549462721972738
HAJLIO_clean,HAJLIO_clean,5.88281,3.51824,5.88281,1.36262,373.489,274.096,0.0,0.0,0.3676,0.269774,0.0,0,0.079049733,0.501308628,0.5317580776100054
HAMREU_clean,HAMREU_clean,7.3712,5.08597,7.3712,1.79786,881.924,490.542,0.0,0.0,0.4552,0.25319,0.0,0,0.063886675,0.512047816,0.503669932008054
HANKUE_clean,HANKUE_clean,11.04769,6.93986,11.04769,1.01875,2416.33,2371.86,7.87226,7.72737,0.7184,0.705177,0.0,1,0.136811569,1.242910937,1.2084112910498335
HAPBIM_clean,HAPBIM_clean,7.3635,4.07388,7.35928,1.22764,1566.0,1275.62,0.0,0.0,0.6092,0.496238,0.0,1,0.061555571,0.563923741,0.5773089666195815
HAPGIR_clean,HAPGIR_clean,6.12679,5.53694,6.11946,1.24903,1460.77,1169.52,0.0,0.0,0.5518,0.441784,0.0,1,0.127800221,1.076902625,1.0391309086700091
HAPNUK_clean,HAPNUK_clean,5.80307,3.70444,5.7954,1.49676,1370.95,915.947,0.0,0.0,0.5352,0.357572,0.0,1,0.077144589,0.656109909,0.6644440685793624
HAQRID_clean,HAQRID_clean,8.35999,7.36684,8.31122,1.01133,1835.07,1814.52,0.0,0.0,0.6542,0.646874,0.0,1,0.152649453,1.37535304,1.3085874988077122
HATZOS02_clean,HATZOS02_clean,4.8576,4.0805,4.8576,1.31729,1109.65,842.374,1.31609,0.999089,0.544,0.41297,0.0,1,0.072677536,0.62775979,0.6245293161692331
HAVZIP_clean,HAVZIP_clean,12.95456,9.6087,12.76631,0.416845,1954.8,4689.52,0.0,0.0,0.815,1.95516,0.0,1,0.122245235,1.221312577,1.210015209886162
HAWVAE_clean,HAWVAE_clean,5.43472,3.75459,5.43472,1.57273,1218.49,774.765,0.0,0.0,0.5248,0.333688,0.0,0,0.194746615,1.331488168,1.3988789437203681
HAWVIM_clean,HAWVIM_clean,5.41474,3.72498,5.39995,1.55868,1201.98,771.152,0.0,0.0,0.522,0.334898,0.0,0,0.200070628,1.340465423,1.3958886896933511
HAWVOS_clean,HAWVOS_clean,5.41179,3.71334,5.38603,1.62695,1198.02,736.358,0.0,0.0,0.519,0.319002,0.0,0,0.203546745,1.341129025,1.4071566758260925
HAYLIE_clean,HAYLIE_clean,7.09546,5.16312,7.09546,0.822497,1782.71,2167.43,0.0,0.0,0.6384,0.776173,0.0,1,0.116619125,1.040588064,1.0626237812155215
HAZWIP_clean,HAZWIP_clean,6.08536,5.42004,6.08536,0.76282,3171.25,4157.27,0.0,0.0,0.7336,0.961695,0.0,1,0.115393543,1.085282554,1.0755325620896743
HEBNOT_clean,HEBNOT_clean,6.16705,5.25559,6.16705,2.0588,1791.16,870.001,0.0,0.0,0.601,0.291917,0.0,1,0.046307049,0.415243535,0.41606214903602295
HEFVAR_clean,HEFVAR_clean,4.22955,3.7824,4.22684,1.70241,256.239,150.515,0.0,0.0,0.3872,0.227442,0.0,1,0.033723314,0.259608743,0.2760269996704978
HIBGEF_clean,HIBGEF_clean,4.68206,3.60956,4.68206,1.41956,703.501,495.576,0.0,0.0,0.4404,0.310237,0.0,0,0.103510706,0.815053935,0.757715418030572
HICVUM_clean,HICVUM_clean,5.70734,4.18424,5.69729,1.38731,1533.97,1105.72,0.0,0.0,0.5594,0.403228,0.0,1,0.206349333,1.480919063,1.5525952811216337
HIFGEK_clean,HIFGEK_clean,6.30554,5.14447,6.30011,1.31758,1695.15,1286.57,0.0,0.0,0.5682,0.431246,0.0,1,0.080634794,0.686424715,0.7201714664080889
HIFGIO_SL,HIFGIO_SL,12.5848,12.05657,12.5848,0.73279,1666.47,2274.15,0.0,0.0,0.7016,0.957436,0.0,0,0.140427369,1.244242695,1.2578132346248376
HIFWAV_clean,HIFWAV_clean,6.82644,4.81311,6.7091,1.14185,1358.99,1190.16,0.0,0.0,0.5914,0.517932,0.0,0,0.12755102,0.967204501,1.0548651101545046
HIHGAI_clean,HIHGAI_clean,10.55614,5.67197,10.5437,1.00791,1714.99,1701.54,0.0538795,0.0534569,0.6458,0.640735,0.0,1,0.13313657,0.963762937,1.1635588897538391
HIJSOK_clean,HIJSOK_clean,4.65728,3.47175,4.65433,1.22153,961.191,786.878,69.3358,56.7617,0.5406,0.442561,0.0,1,0.101170199,0.86206746,0.8323147941835712
HIWKII_clean,HIWKII_clean,4.49598,3.52102,4.49598,1.26918,746.378,588.079,0.0,0.0,0.5282,0.416174,0.0,1,0.03561656,0.346086807,0.34370052558158054
HIWLUW_clean,HIWLUW_clean,5.19394,3.96476,5.19394,1.59085,1442.83,906.957,0.0,0.0,0.6148,0.386461,0.0,0,0.176615533,1.340967659,1.3150744606113092
HIYBUN_clean,HIYBUN_clean,10.15365,9.81645,10.15365,1.11827,1552.73,1388.51,0.0,0.0,0.6486,0.580004,0.0,0,0.051108207,0.478166719,0.5015330693122151
HIYGIH_clean,HIYGIH_clean,17.06952,6.66429,17.06948,0.730619,2158.98,2955.01,0.0,0.0,0.7424,1.01613,0.0,1,0.155182509,1.40891066,1.4186736930516892
HOBGEL_clean,HOBGEL_clean,4.92633,4.45881,4.92633,1.33002,1110.7,835.1,0.0,0.0,0.469,0.352627,0.0,0,0.231069707,1.550130269,1.4804970614466872
HOFJIX_clean,HOFJIX_clean,9.75671,8.56589,9.45457,1.06294,1335.32,1256.25,0.0,0.0,0.5826,0.548103,0.0,1,0.087252381,0.805610175,0.7878667334844855
HOKGUJ_clean,HOKGUJ_clean,9.34177,3.71993,9.34177,1.22332,1337.41,1093.26,0.0,0.0,0.5774,0.471995,0.0,1,0.087796929,0.812682064,0.7402077653692757
HOQMIL02_clean,HOQMIL02_clean,5.63983,4.88733,5.62365,1.14617,1146.47,1000.26,0.0,0.0,0.486,0.424021,0.0,0,0.196105328,1.381009441,1.333131809564342
HOWJEK_clean,HOWJEK_clean,3.99229,3.40619,3.99097,1.96697,432.183,219.72,0.0,0.0,0.4482,0.227863,0.0,1,0.085145163,0.685961075,0.6522132877848585
HOWSIX_clean,HOWSIX_clean,7.29706,4.00765,6.07294,1.2292,1638.5,1332.99,0.0,0.0,0.575,0.467785,0.0,1,0.184182413,1.438215636,1.4531169058416677
HOXKIP_clean,HOXKIP_clean,5.63987,3.43131,5.63987,1.70238,1080.26,634.558,0.0,0.0,0.5028,0.295352,0.0,1,0.145828269,1.014974012,1.0334451007867198
HUCWUZ_clean,HUCWUZ_clean,6.73347,3.6531,6.72302,1.2549,1424.07,1134.81,0.0,0.0,0.5568,0.443702,0.0,0,0.120826302,1.00926128,0.9876475679564166
HUFHEX_clean,HUFHEX_clean,11.02675,7.87011,11.02675,0.803859,2205.78,2743.99,0.0,0.0,0.7232,0.89966,0.0,1,0.074553778,0.726431932,0.713741410394642
HUFJEZ_clean,HUFJEZ_clean,8.97021,6.86873,8.96999,1.02124,1801.67,1764.2,0.0,0.0,0.6662,0.652342,0.0,1,0.078359246,0.733671728,0.7005953764661709
HUHNIJ_clean,HUHNIJ_clean,6.23729,5.3405,6.23046,1.03071,1170.03,1135.17,0.0,0.0,0.5464,0.530122,0.0,1,0.077564382,0.671167916,0.6993455619711378
HUQHAE_clean,HUQHAE_clean,10.11008,7.63969,10.07674,0.70182,1853.59,2641.12,0.0,0.0,0.6866,0.978314,0.0,1,0.136711491,1.247837187,1.2523733638601713
HUQHEI_clean,HUQHEI_clean,10.39855,7.33583,10.39855,0.70723,1815.66,2567.28,0.0,0.0,0.6916,0.9779,0.0,1,0.135532069,1.229498845,1.2157700546871038
HUVHOX_clean,HUVHOX_clean,5.48842,3.66587,5.4468,1.48531,1066.45,718.001,0.0,0.0,0.5288,0.356021,0.0,1,0.26337718,1.707281557,1.6194109751645491
HUWDEJ_clean,HUWDEJ_clean,4.9355,3.41269,4.9355,1.26902,576.242,454.085,0.0,0.0,0.4542,0.357915,0.0,0,0.143807377,0.911170798,0.944457657532237
HUYJOA_clean,HUYJOA_clean,6.60468,3.67142,6.60468,0.952542,1431.54,1502.86,0.0,0.0,0.5926,0.622125,0.0,1,0.1493307,1.299108156,1.2759123431446193
HUYKAN_clean,HUYKAN_clean,9.77773,6.64666,9.77773,0.912205,1093.16,1198.37,132.875,145.663,0.5876,0.644153,0.0,1,0.105572778,0.865905101,0.8453118702945321
HUZXOR_clean,HUZXOR_clean,11.426,7.94889,11.41586,0.669497,1905.96,2846.85,0.0,0.0,0.7086,1.05841,0.0,1,0.134664764,1.23353135,1.2481597285400283
IBABOF01_clean,IBABOF01_clean,5.88201,4.55805,5.8327,1.10239,1625.66,1474.66,0.0,0.0,0.5558,0.504176,0.0,0,0.17222239,1.359888292,1.382831914631307
IBABOF_clean,IBABOF_clean,5.93645,4.5492,5.93645,1.10165,1649.71,1497.5,0.0,0.0,0.558,0.506515,0.0,0,0.175191349,1.363564871,1.4241972473476525
IBABUL_clean,IBABUL_clean,6.15206,4.47904,5.79334,1.09763,1721.78,1568.64,0.0,0.0,0.559,0.50928,0.0,0,0.180065496,1.429236868,1.456395289259834
IBACAS_clean,IBACAS_clean,6.00206,4.65234,5.82846,1.09941,1650.0,1500.81,0.0,0.0,0.5576,0.507182,0.0,0,0.179639735,1.416753341,1.4484290961507231
IBASUB_clean,IBASUB_clean,7.25865,5.07987,7.25865,1.86882,874.187,467.775,0.0,0.0,0.4444,0.237797,0.0,0,0.061559684,0.490905926,0.4913620785833147
IBICIH_clean,IBICIH_clean,9.99905,9.84285,9.99905,1.06849,1087.54,1017.83,0.0,0.0,0.5632,0.527098,0.0,0,0.04742833,0.468912708,0.4542288766963414
IBITUK_clean,IBITUK_clean,5.114,4.10664,5.114,1.17728,905.001,768.724,0.0,0.0,0.527,0.447643,0.0,1,0.077744218,0.665696469,0.6483521014690501
IBOZIK_clean,IBOZIK_clean,6.1387,4.49344,6.1387,0.940059,2165.41,2303.48,0.0,0.0,0.6574,0.699317,0.0,1,0.127759195,1.111384764,1.1450854524705696
IBUBIT_clean,IBUBIT_clean,11.26336,10.79912,11.26336,0.878987,1904.31,2166.48,0.0,0.0,0.7036,0.800467,0.0,1,0.077218999,0.732222659,0.7423088013115415
ic051810ksi20060220_094504_clean,ic051810ksi20060220_094504_clean,6.9462,5.87305,6.9462,1.26346,2180.21,1725.6,0.0,0.0,0.6444,0.51003,0.0,1,0.125893878,1.108541508,1.1208931680919265
ic0520162si20051122_054836_clean,ic0520162si20051122_054836_clean,6.8306,5.22442,6.80585,1.96079,794.081,404.98,10.1093,5.15573,0.4932,0.251531,0.0,1,0.042060717,0.347375089,0.4501274094471799
ic060030osi20060309_091447_clean,ic060030osi20060309_091447_clean,7.66338,4.13517,7.08387,1.45852,1622.05,1112.12,0.0,0.0,0.6038,0.41398,0.0,1,0.092481185,0.799584774,0.8022444653064763
ic101935f_si_002_auto,ic101935f_si_002_auto,13.52781,8.78691,13.51433,0.408029,2079.05,5095.35,0.0,0.0,0.8498,2.08269,0.0,0,0.117670155,1.139741526,1.156131191213506
ic400607w_si_001_clean,ic400607w_si_001_clean,8.03748,6.22623,7.97705,1.08776,1912.85,1758.52,0.0,0.0,0.6308,0.579905,0.0,0,0.114123318,0.8972508,1.0045187940329552
ic400777c_si_002_clean,ic400777c_si_002_clean,6.92734,4.01933,6.90734,1.34581,1520.73,1129.98,0.0,0.0,0.5638,0.418931,0.0,1,0.263361949,1.773339004,1.8305165698367574
ic402058f_si_002_clean,ic402058f_si_002_clean,5.68988,4.36716,5.68491,1.37492,565.476,411.28,350.976,255.27,0.5054,0.367586,0.0,1,0.191491162,1.207684324,1.2057433408138065
ic5021302_si_002_clean,ic5021302_si_002_clean,7.40462,5.14931,5.97305,1.03321,929.837,899.95,920.441,890.857,0.6068,0.587296,0.0,0,0.164938273,1.383509595,1.3265193254840728
ic502643m_si_007_clean,ic502643m_si_007_clean,13.1918,11.62964,13.1918,0.690929,2270.17,3285.68,0.0,0.0,0.7542,1.09157,0.0,1,0.133887572,1.285936535,1.243737402919995
ic502643m_si_010_clean,ic502643m_si_010_clean,12.46942,12.09962,12.4634,0.660845,2360.76,3572.33,0.0,0.0,0.7614,1.15216,0.0,1,0.13697186,1.281213092,1.2758824562834186
ic502921j_si_002_clean,ic502921j_si_002_clean,10.79969,7.20507,10.77322,1.03513,1844.88,1782.26,0.0,0.0,0.6792,0.656147,0.0,1,0.104664592,0.949015362,0.9485223988422908
ic5029383_si_002_clean,ic5029383_si_002_clean,13.89608,6.70448,13.87452,0.615292,2325.45,3779.43,0.0,0.0,0.7826,1.27192,0.0,1,0.140393253,1.304485397,1.3039822000928807
ic5b00194_si_002_clean,ic5b00194_si_002_clean,8.53834,6.535,8.52358,0.823713,2522.95,3062.9,0.0,0.0,0.705,0.85588,0.0,1,0.215255222,1.867366784,1.8216836829678817
ic5b01023_si_002_clean,ic5b01023_si_002_clean,12.81278,3.94057,12.81278,0.929822,1555.72,1673.14,0.0,0.0,0.6134,0.659696,0.0,1,0.223073263,1.722409388,1.691433071160757
ic7014034-file001_clean,ic7014034-file001_clean,6.72718,4.71693,5.67099,0.945137,1965.67,2079.78,0.0,0.0,0.6212,0.657259,0.0,1,0.18674164,1.574846738,1.561673786006369
ic9002115_si_001_clean,ic9002115_si_001_clean,5.30738,5.07102,5.30738,1.24196,982.107,790.77,0.0,0.0,0.4718,0.379883,0.0,0,0.185141192,1.301903973,1.3189443194676647
ICAGOK_clean,ICAGOK_clean,8.74413,5.00268,8.74413,0.838204,1937.33,2311.28,0.0,0.0,0.645,0.769503,0.0,1,0.130602894,1.1807721,1.1662375296287493
ICODIP01_clean,ICODIP01_clean,12.6239,9.97272,12.61095,0.806244,1575.25,1953.81,0.0,0.0,0.686,0.850859,0.0,0,0.107525167,0.984854973,0.9999366334359511
ICODIP_clean,ICODIP_clean,12.5506,9.93166,12.1307,0.813948,1593.28,1957.47,0.0,0.0,0.685,0.841577,0.0,0,0.11107005,1.024277594,1.0115488991943136
ICORAV_ion_b,ICORAV_ion_b,4.97918,4.38997,4.82512,1.76091,1048.99,595.709,0.0,0.0,0.479,0.272019,0.0,1,0.037814514,0.338738761,0.35355777561114854
IDUDIW_clean,IDUDIW_clean,4.41225,3.49442,4.39662,1.09369,1435.22,1312.27,0.0,0.0,0.577,0.527571,0.0,0,0.190916064,1.568409132,1.554301610690817
IFASOZ_clean,IFASOZ_clean,9.64796,7.3234,9.64796,0.745691,1847.95,2478.17,0.0,0.0,0.6678,0.895545,0.0,1,0.080485666,0.758026087,0.7656774127897522
IFEYIB_clean,IFEYIB_clean,5.67304,3.77404,5.54772,1.56953,1870.34,1191.66,0.0,0.0,0.6516,0.415157,0.0,1,0.057477084,0.531591037,0.540669940432395
IGEXOH_clean,IGEXOH_clean,5.20725,4.43194,5.19154,1.26433,2211.95,1749.5,0.0,0.0,0.6598,0.521856,0.0,0,0.149670239,1.315918534,1.3021936789338902
IGOJEV_clean,IGOJEV_clean,6.84915,5.33678,6.8307,1.1268,1367.78,1213.86,0.0,0.0,0.5334,0.473376,0.0,0,0.14191484,1.190343889,1.146290156398083
IJASOC_clean,IJASOC_clean,6.30976,5.8805,6.27431,1.0194,1983.73,1945.99,0.0,0.0,0.653,0.640576,0.0,1,0.131861875,1.10957342,1.159628891766087
IKEBUV_clean,IKEBUV_clean,4.87862,3.88747,4.8574,1.29691,1916.47,1477.73,0.0,0.0,0.6176,0.47621,0.0,1,0.116238745,1.027349467,1.0079761822899718
IKETOH_manual,IKETOH_manual,13.20001,6.4144,13.20001,0.879595,2120.61,2410.89,0.0,0.0,0.713,0.810601,0.0,1,0.152793207,1.206502939,1.2779932147316826
IKOPIJ_clean,IKOPIJ_clean,5.93474,4.94123,5.93474,1.12209,2241.63,1997.73,0.0,0.0,0.5918,0.527408,0.0,1,0.1157043,1.01903517,1.0289463990648369
IKOSOQ_clean,IKOSOQ_clean,5.18747,4.15785,5.187,1.04558,711.454,680.438,252.551,241.541,0.5228,0.500009,0.0,1,0.165966642,1.218351586,1.246669872501876
IKUBUL_clean,IKUBUL_clean,5.00176,4.50394,4.98274,1.67146,1332.86,797.421,0.0,0.0,0.5778,0.345685,0.0,0,0.225424815,1.561550098,1.6070676064121707
ILEHUD_clean,ILEHUD_clean,5.02137,3.75623,4.99615,1.79998,1015.1,563.953,0.0,0.0,0.5264,0.292448,0.0,1,0.211708187,1.311785148,1.370562844126796
ILIFUE_clean,ILIFUE_clean,5.46839,4.30835,5.46382,1.80799,845.912,467.873,0.0,0.0,0.4296,0.237611,0.0,0,0.132946162,0.839830185,0.8616699669036518
ILIGAL_clean,ILIGAL_clean,5.39984,4.21783,5.39803,1.8431,801.718,434.983,0.0,0.0,0.424,0.230047,0.0,0,0.140500233,0.884955158,0.8880233024742772
ILIGEP_clean,ILIGEP_clean,5.40466,4.22337,5.40056,1.85928,816.766,439.291,0.0,0.0,0.4238,0.227938,0.0,0,0.140110635,0.883968171,0.8886485904486638
ILIMOH_clean,ILIMOH_clean,7.40414,5.70962,7.40414,1.17288,870.384,742.093,0.0,0.0,0.5052,0.430735,0.0,0,0.051394312,0.470473961,0.48225764099856683
INIQUR_clean,INIQUR_clean,6.2915,4.5306,6.2915,1.16326,1032.52,887.604,0.0,0.0,0.5158,0.443408,0.0,1,0.043596295,0.390064268,0.39641658857200274
INIRAY01_clean,INIRAY01_clean,6.20577,4.3891,6.20321,1.19479,1004.19,840.475,0.0,0.0,0.5078,0.42501,0.0,1,0.040606805,0.366237181,0.3676354394943314
INIRAY_clean,INIRAY_clean,6.42335,4.78031,6.35158,1.15007,1090.31,948.038,0.0,0.0,0.529,0.459971,0.0,1,0.043049304,0.395691091,0.4119748944031647
IPIHIA_clean,IPIHIA_clean,4.19682,3.6848,4.18995,1.35995,968.941,712.483,0.0,0.0,0.4832,0.355307,0.0,1,0.083768742,0.707037311,0.7194755083209664
IQEKOG_clean,IQEKOG_clean,6.56789,4.70003,6.53165,0.994726,2095.71,2106.82,0.0,0.0,0.6568,0.660283,0.0,1,0.186152198,1.572282321,1.5615590592132795
IQUCOO_clean,IQUCOO_clean,6.46968,5.45118,6.44712,1.037,1366.21,1317.47,0.0,0.0,0.5412,0.521892,0.0,1,0.180496843,1.424713977,1.4203045989056804
IRAYOQ_clean,IRAYOQ_clean,5.78238,3.66955,5.46102,1.63677,1152.51,704.133,59.8933,36.5923,0.516,0.315255,0.0,1,0.109160604,0.938788595,0.8568992220634525
ITIBOD_clean,ITIBOD_clean,4.51038,3.48306,4.50833,2.426,458.262,188.896,79.7243,32.8625,0.4254,0.17535,0.0,1,0.110858446,0.725719062,0.6553996340107198
ITIPAE_clean,ITIPAE_clean,5.03819,3.84363,5.03819,1.81693,898.58,494.56,0.0,0.0,0.4852,0.267044,0.0,0,0.114335191,0.809565761,0.8445592626032775
IWAZEL_clean,IWAZEL_clean,9.02688,4.19715,9.02563,1.29051,1705.91,1321.89,0.0,0.0,0.6062,0.469736,0.0,1,0.073821183,0.717925726,0.6815317681652783
IXEBEU_clean,IXEBEU_clean,4.63531,3.53624,4.63082,1.05655,1090.22,1031.87,0.0,0.0,0.503,0.476077,0.0,1,0.130703313,1.081929733,1.0638746177183551
IXOFEH_clean,IXOFEH_clean,7.08623,6.6722,7.07786,1.02717,1639.04,1595.68,0.0,0.0,0.6198,0.603404,0.0,0,0.133529957,1.210039606,1.1601422804870025
IXOFUX01_clean,IXOFUX01_clean,6.87071,6.41176,6.84188,1.00146,1800.87,1798.25,0.0,0.0,0.6308,0.629881,0.0,0,0.14077026,1.250058713,1.2176478894626308
IYAKIE_clean,IYAKIE_clean,7.40162,5.12822,7.38112,0.935395,2309.49,2469.0,0.0,0.0,0.6746,0.721193,0.0,1,0.122666538,1.082972029,1.1168875966928704
IYEXOZ_clean,IYEXOZ_clean,5.1071,3.62688,5.0939,2.43583,1067.8,438.373,0.0,0.0,0.4574,0.18778,0.0,1,0.0334811,0.306896663,0.29985344043692647
IYICUP_clean,IYICUP_clean,7.48898,5.2438,6.05899,1.02061,1910.86,1872.27,0.0,0.0,0.6306,0.617866,0.0,0,0.164763763,1.387957688,1.3778042531935164
IYUJAO_clean,IYUJAO_clean,6.23359,4.26512,6.23359,1.39701,1111.0,795.271,29.8587,21.3733,0.5102,0.365209,0.0,1,0.14199608,0.993793279,1.0550422432878679
IZEBEV_clean,IZEBEV_clean,3.9737,3.59297,3.9737,1.83936,288.006,156.579,0.0,0.0,0.4124,0.224208,0.0,1,0.038831589,0.31037906,0.31857444503286647
IZEWAN_clean,IZEWAN_clean,9.04728,8.48639,9.03641,0.87931,1735.67,1973.9,0.0,0.0,0.6642,0.755365,0.0,1,0.222378837,1.698907148,1.8128846025768526
IZIHAC_clean,IZIHAC_clean,7.3243,5.53893,7.31909,1.3207,1515.57,1147.55,0.0,0.0,0.5694,0.431134,0.0,1,0.088443768,0.781254682,0.7789995367996376
IZIHEG_clean,IZIHEG_clean,7.25076,5.4614,7.24597,1.35223,1495.67,1106.08,0.0,0.0,0.5682,0.420196,0.0,1,0.091434211,0.79075273,0.7895097099844871
ja074366osi20070816_031204_clean,ja074366osi20070816_031204_clean,15.02646,7.9821,15.02646,0.595037,2203.3,3702.8,0.0,0.0,0.8104,1.36193,0.0,0,0.105441033,1.02962073,1.0212198400888155
ja302340b_si_002_clean,ja302340b_si_002_clean,8.31134,7.66102,8.31134,1.03479,1409.77,1362.37,116.194,112.287,0.5924,0.572482,0.0,1,0.135326182,1.088288567,1.1439766998962264
ja406030p_si_003_clean,ja406030p_si_003_clean,14.29207,10.12824,14.29207,0.648977,1825.21,2812.44,0.0,0.0,0.775,1.19419,0.0,1,0.169076678,1.260486085,1.492240094760547
ja406030p_si_004_clean,ja406030p_si_004_clean,12.47571,8.72571,12.47571,0.678618,1920.17,2829.53,0.0,0.0,0.7566,1.11491,0.0,1,0.166268255,1.355713126,1.4680547813029896
ja406030p_si_009_manual,ja406030p_si_009_manual,11.54376,6.59467,10.51794,0.708658,2222.43,3136.11,0.0,0.0,0.7352,1.03745,0.0,1,0.171732333,1.406529233,1.4942812206867844
ja406844r_si_002_clean,ja406844r_si_002_clean,11.4181,8.43938,10.92264,0.695103,2221.97,3196.61,0.0,0.0,0.7474,1.07524,0.0,0,0.169562504,1.45478359,1.5003667905786302
ja407778a_si_003_clean,ja407778a_si_003_clean,5.65215,4.4572,5.65215,0.864214,1953.72,2260.69,0.0,0.0,0.6454,0.746806,0.0,1,0.160505452,1.408526061,1.3662251281859905
ja500330a_si_005_clean,ja500330a_si_005_clean,6.34772,3.79741,5.91821,1.34881,2067.47,1532.8,0.0,0.0,0.5966,0.442315,0.000444835,1,0.095894724,0.814109617,0.8971778059608672
ja500330a_si_007_auto,ja500330a_si_007_auto,19.46238,14.48757,19.44715,0.798895,1320.38,1652.76,18.6426,23.3354,0.7758,0.971091,0.000500691,0,0.029911305,0.631773758,0.6758635385168467
ja507947d_si_001_auto,ja507947d_si_001_auto,17.5271,9.15991,17.51275,0.493165,2044.36,4145.4,0.0,0.0,0.8062,1.63475,0.000405544,0,0.088147489,0.881503992,0.9436149724822563
ja510525s_si_002_clean,ja510525s_si_002_clean,11.55111,8.31224,11.55111,1.02928,1660.34,1613.11,402.375,390.929,0.6934,0.673676,0.000194311,1,0.115737156,1.06802291,1.0035457105680277
ja512311a_si_003_auto,ja512311a_si_003_auto,11.88887,9.00529,11.09267,0.491487,2207.95,4492.38,0.0,0.0,0.8056,1.63911,0.0,0,0.068657732,1.180315669,0.7087776484881826
ja512973b_si_002_auto,ja512973b_si_002_auto,17.75046,8.47189,17.75013,0.458587,2258.74,4925.43,0.0,0.0,0.7852,1.71222,0.000436122,0,0.090423574,0.862964596,1.0839260232263548
ja512973b_si_005_auto,ja512973b_si_005_auto,25.24149,10.49588,25.24149,0.291153,1600.36,5496.62,0.0,0.0,0.8684,2.98262,0.000686924,0,0.110480701,1.333089857,1.170311460452913
ja5b00365_si_002_clean,ja5b00365_si_002_clean,21.77625,7.63115,21.77625,0.452533,2037.74,4502.96,0.0,0.0,0.826,1.82528,0.0,0,0.133411808,1.319603395,1.2950481503985056
ja5b02556_si_002_clean,ja5b02556_si_002_clean,4.73869,3.95041,4.3237,1.15657,768.798,664.724,0.0,0.0,0.4702,0.406548,0.0,0,0.263459489,1.559264874,1.6185769481173542
ja907023c_si_004_clean,ja907023c_si_004_clean,9.71962,5.45923,9.49261,0.665822,1776.52,2668.16,388.062,582.832,0.695,1.04382,0.0,0,0.14047357,1.312153411,1.3073037744318694
jacs.5b13491_ja5b13491_si_002_clean,jacs.5b13491_ja5b13491_si_002_clean,10.00499,6.00632,8.35178,0.770104,1492.72,1938.34,566.054,735.036,0.688,0.893386,0.0,1,0.171599831,1.591602981,1.525816643751169
jacs.6b04608_ja6b04608_si_003_clean,jacs.6b04608_ja6b04608_si_003_clean,17.74549,10.18366,17.61731,0.472151,1971.53,4175.64,0.0,0.0,0.8228,1.74266,0.000423593,0,0.105280444,1.002620009,1.0731151217626829
jacs.6b08724_ja6b08724_si_016_clean,jacs.6b08724_ja6b08724_si_016_clean,28.19813,26.70296,28.19813,0.327356,1415.91,4325.28,0.0,0.0,0.8786,2.68393,0.0,1,0.145919117,1.431096488,1.4129287074922594
JADBIC_clean,JADBIC_clean,6.8732,4.88929,6.87248,1.16013,1658.2,1429.33,0.0,0.0,0.5776,0.497877,0.0,1,0.121785557,1.038007084,1.0364442940258725
JAKBIJ_clean,JAKBIJ_clean,5.97609,4.07891,5.95911,0.794839,2068.46,2602.36,0.0,0.0,0.6772,0.851997,0.0,0,0.084723154,0.799549043,0.7923542063672105
JAKBOP_clean,JAKBOP_clean,5.76914,4.18918,5.68942,0.806983,2029.2,2514.56,0.0,0.0,0.6692,0.829261,0.0,0,0.087428895,0.817602863,0.8238436230268182
JALTUL_clean,JALTUL_clean,4.54107,3.68666,4.49534,0.520686,2635.05,5060.73,0.0,0.0,0.6792,1.30443,0.0,0,0.0809741,0.80117903,0.7958263172744203
JASNAT_clean,JASNAT_clean,4.78374,3.98828,4.76573,1.2488,1042.64,834.91,0.0,0.0,0.5318,0.425847,0.0,0,0.237042356,1.614771758,1.6205160323317682
JEJWOL_clean,JEJWOL_clean,9.81493,7.51137,9.63023,0.647443,2248.07,3472.22,0.0,0.0,0.754,1.16458,0.0,1,0.118574887,1.112817948,1.1061385510319035
JELPAS_clean,JELPAS_clean,6.6136,5.51475,6.6136,2.20984,1180.92,534.391,0.0,0.0,0.4712,0.213228,0.0,1,0.101619136,0.79537081,0.7472688341193954
j.inoche.2015.01.025_INC05862-mmc2_clean,j.inoche.2015.01.025_INC05862-mmc2_clean,4.92906,3.897,4.88525,1.27844,1610.15,1259.46,0.0,0.0,0.5778,0.451957,0.0,0,0.25308405,1.863776436,1.8922467658464504
JIVFUQ_clean,JIVFUQ_clean,6.2294,5.27198,6.22457,1.14554,1736.51,1515.89,0.0,0.0,0.6318,0.55153,0.0,0,0.158321485,1.351345011,1.3201247130780889
JIVHIG_clean,JIVHIG_clean,5.86134,3.79303,5.86134,0.999234,920.272,920.978,0.0,0.0,0.4348,0.435133,0.0,1,0.113763262,0.856926946,0.8623162219686281
JIZWOG_clean,JIZWOG_clean,5.77811,5.24857,5.77811,1.0286,1416.31,1376.93,0.0,0.0,0.5656,0.549873,0.0,0,0.217810226,0.972242069,1.6171471429040734
JOFKIA01_clean,JOFKIA01_clean,6.88318,5.09054,6.88318,1.58969,1147.61,721.91,0.0,0.0,0.53,0.333399,0.0,1,0.062014644,0.536026184,0.5387866987239633
JOKXOW_clean,JOKXOW_clean,4.65344,3.95436,4.65249,1.5749,718.186,456.019,0.0,0.0,0.5018,0.318622,0.0,1,0.029493189,0.266308108,0.2651089245796875
JOKYEN_clean,JOKYEN_clean,5.04569,3.84468,4.80961,1.54631,723.173,467.677,0.0,0.0,0.5112,0.330594,0.0,1,0.029148879,0.267921412,0.2697113367465119
JOKYOX10_clean,JOKYOX10_clean,4.99892,3.69875,4.99892,1.57161,677.229,430.914,0.0,0.0,0.5068,0.322472,0.0,1,0.028437228,0.257384841,0.2595435282932449
JORVET_clean,JORVET_clean,10.62231,4.72909,10.62231,0.840025,2012.33,2395.56,0.0,0.0,0.6632,0.789501,0.0,1,0.181806243,1.558465344,1.4964211839409771
JOSNAG_clean,JOSNAG_clean,4.31831,3.47722,4.26587,1.49368,756.727,506.618,0.0,0.0,0.503,0.336751,0.0,1,0.066335173,0.560635324,0.5733069561874385
jp102463p_si_002_clean,jp102463p_si_002_clean,7.50467,7.0978,7.502,1.02131,1655.17,1620.62,0.0,0.0,0.6276,0.614502,0.0,0,0.132843639,1.202517272,1.1755503411196009
JUCGUL_clean,JUCGUL_clean,6.1601,4.88151,6.1601,0.959179,1807.63,1884.57,0.0,0.0,0.5894,0.614484,0.0,1,0.217905012,1.735912446,1.7461701994415595
JUGQOT_clean,JUGQOT_clean,6.35365,5.03774,6.35365,1.16137,2402.86,2068.99,0.0,0.0,0.662,0.570019,0.0,1,0.102448361,0.913391248,0.9374530637350479
JUJMOS_clean,JUJMOS_clean,10.00436,3.46125,9.10166,1.00404,871.243,867.739,634.245,631.694,0.6146,0.612128,0.0,0,0.140349581,1.182533105,1.1857298982368862
JUMCOL_clean,JUMCOL_clean,7.85155,7.4129,7.84422,0.988066,1824.14,1846.18,0.0,0.0,0.6392,0.646921,0.0,0,0.140552961,1.283045825,1.2668367939992593
jz4002345_si_003_clean,jz4002345_si_003_clean,8.23229,4.10889,8.23229,1.21659,1653.43,1359.07,0.0,0.0,0.5956,0.489565,0.000164394,0,0.117749124,0.935234189,0.9680596203231683
KABNIL_clean,KABNIL_clean,4.822,3.60721,4.822,1.40695,1317.06,936.108,0.0,0.0,0.5446,0.387078,0.0,1,0.171362785,1.314400022,1.2698181139085534
KABXES_clean,KABXES_clean,5.52619,4.96961,5.37117,1.18279,1951.27,1649.71,0.0,0.0,0.6294,0.53213,0.0,1,0.15269422,1.227753891,1.2706988824949796
KACZIZ_clean,KACZIZ_clean,8.95718,5.39384,8.83819,0.804507,2612.7,3247.58,0.0,0.0,0.7218,0.897196,0.0,1,0.193099542,1.644233378,1.7142111334872079
KADLUZ_clean,KADLUZ_clean,14.27976,9.75466,14.27887,0.875377,1931.83,2206.85,0.0,0.0,0.6958,0.794857,0.0,1,0.132585287,1.154336838,1.1806042540567285
KAGVUL_clean,KAGVUL_clean,6.24779,5.74251,6.24779,3.24848,1430.81,440.455,0.0,0.0,0.5524,0.170049,0.0,1,0.048078785,0.409423697,0.39027194414084293
KAHYEY_clean,KAHYEY_clean,3.89651,3.5765,3.89651,1.95338,467.631,239.396,0.0,0.0,0.401,0.205285,0.0,1,0.056392826,0.47053501,0.4358940314842224
KAHYID_clean,KAHYID_clean,8.93039,4.11514,8.89727,1.11173,2249.06,2023.03,0.0,0.0,0.7014,0.630911,0.0,1,0.061401074,0.599353042,0.5902947995444078
KAHYUP_clean,KAHYUP_clean,8.96058,4.23716,8.87271,1.11708,2278.94,2040.08,0.0,0.0,0.7126,0.637912,0.0,1,0.059845249,0.579603439,0.5630038718616807
KAKCAD_clean,KAKCAD_clean,9.06904,5.14285,6.93826,0.88724,1840.24,2074.12,0.0,0.0,0.6138,0.691809,0.0,1,0.137633639,1.253257995,1.225104911573463
KALFOU_clean,KALFOU_clean,6.46523,4.80891,6.4631,0.94279,1718.26,1822.53,0.0,0.0,0.5936,0.629621,0.0,0,0.227200915,1.782983876,1.8550529703367693
KANDIO_clean,KANDIO_clean,6.34814,4.18035,6.34814,1.16715,1258.72,1078.45,0.0,0.0,0.5426,0.464892,0.0,1,0.187403053,1.42785788,1.3740087450984877
KASRAZ_clean,KASRAZ_clean,6.01546,4.14091,6.00986,0.986437,2302.7,2334.36,0.0,0.0,0.6452,0.654071,0.0,1,0.167381146,1.46132522,1.4522979876230588
KEDJAG01_clean,KEDJAG01_clean,5.62745,4.42901,5.626,1.06272,3032.17,2853.21,0.0,0.0,0.6922,0.651347,0.0,0,0.079818856,0.749200314,0.7593148937889355
KEDJAG14_clean,KEDJAG14_clean,5.64072,4.46761,5.621,1.05911,3041.81,2872.03,0.0,0.0,0.6942,0.655454,0.0,0,0.078732314,0.757766929,0.754974450834669
KEDJAG26_clean,KEDJAG26_clean,5.76062,4.63585,5.58828,1.03565,3107.22,3000.25,0.0,0.0,0.7004,0.676287,0.0,0,0.080220317,0.773677574,0.7701414783532654
KEFBEE_clean,KEFBEE_clean,11.08232,7.03865,11.08232,0.706119,2334.22,3305.7,0.0,0.0,0.7482,1.05959,0.0,1,0.1401048,1.33279083,1.286184574653214
KEFWID_clean,KEFWID_clean,5.1885,3.70567,5.1885,1.78935,815.911,455.982,0.0,0.0,0.4748,0.265348,0.0,1,0.097895415,0.699706298,0.7062712589776232
KEGZOL03_clean,KEGZOL03_clean,6.38762,4.90333,6.38762,0.985223,2558.92,2597.3,0.0,0.0,0.7104,0.721055,0.0,0,0.075653697,0.715142897,0.720436201186052
KEHGIP_clean,KEHGIP_clean,4.93159,3.98659,4.92634,1.07028,1453.04,1357.62,0.0,0.0,0.5542,0.517807,0.0,1,0.279707746,2.091523674,2.0411026135745574
KEJHIQ_clean_h,KEJHIQ_clean_h,5.28754,3.98518,5.28525,1.29873,1052.26,810.224,0.0,0.0,0.5454,0.41995,0.0,1,0.27316316,1.811303895,1.7435562516715277
KESHAT_clean,KESHAT_clean,4.71415,3.88542,4.71415,1.78814,1095.1,612.422,0.0,0.0,0.4878,0.272797,0.0,1,0.051226983,0.441705969,0.45952352898406973
KETHEY_clean,KETHEY_clean,5.2876,3.58603,5.2765,1.48195,986.779,665.865,0.0,0.0,0.491,0.33132,0.0,1,0.216334989,1.360104408,1.3146022525181928
KEVVIS_clean,KEVVIS_clean,6.50043,5.82364,6.50043,1.16086,1001.29,862.542,0.0,0.0,0.5192,0.447255,0.0,1,0.091529903,0.744720072,0.7562560439756928
KEVWUF_clean,KEVWUF_clean,9.52723,4.19884,9.52723,1.04193,2188.13,2100.07,0.0,0.0,0.7092,0.680658,0.0,1,0.063634065,0.614540846,0.6023115256657297
KEWBUL_clean,KEWBUL_clean,5.54329,4.14541,5.54329,1.48949,971.772,652.421,0.0,0.0,0.4996,0.335418,0.0,1,0.093347188,0.724226662,0.7206080238671587
KIBDIJ_clean,KIBDIJ_clean,4.30909,3.88512,4.30289,2.07432,740.264,356.871,0.0,0.0,0.4854,0.234004,0.0,0,0.105074014,0.841330661,0.8102028019680969
KIDDIM_clean,KIDDIM_clean,5.26498,3.54235,5.26498,1.46293,1254.88,857.787,0.054983,0.0375841,0.5414,0.370079,0.0,1,0.182328989,1.279531574,1.3103516705896527
KIJRUS_clean,KIJRUS_clean,12.14192,7.10734,11.60914,0.697914,2309.15,3308.64,0.0,0.0,0.7064,1.01216,0.0,1,0.190191205,1.671180347,1.613669359154674
KINFAQ_clean,KINFAQ_clean,7.6173,5.59807,7.60335,1.3531,1646.54,1216.86,0.0,0.0,0.602,0.444903,0.0,1,0.12769629,1.136641019,1.066190503728679
KINNIG_clean,KINNIG_clean,5.23856,4.20025,5.23856,0.934994,2808.15,3003.39,0.0,0.0,0.672,0.718721,0.0,0,0.19918995,1.77317202,1.7262708728402876
KINQAB_clean,KINQAB_clean,5.083,4.08701,5.083,1.12522,554.857,493.112,3.99845,3.5535,0.4816,0.428007,0.0,1,0.086610573,0.661547053,0.6533334878685981
KIVFEC_clean,KIVFEC_clean,6.2609,4.2583,5.97896,1.47095,1347.56,916.116,0.0,0.0,0.5236,0.355961,0.0,1,0.062994986,0.552781521,0.5427641484293416
KOBFIR_clean,KOBFIR_clean,7.61968,5.81939,7.61968,0.929894,1834.94,1973.28,0.0,0.0,0.6418,0.690186,0.0,0,0.14844487,1.314957291,1.305262232761658
KOHDIW_clean,KOHDIW_clean,6.97684,4.55031,6.84951,0.806536,2130.46,2641.49,0.0,0.0,0.6532,0.809883,0.0,1,0.156640572,1.238340671,1.3993111431139207
KONCIA_clean,KONCIA_clean,4.36737,3.44948,4.36567,1.89084,688.357,364.048,0.0,0.0,0.4706,0.248884,0.0,0,0.102971555,0.851855683,0.7944297567191962
KOSJIN_clean,KOSJIN_clean,11.01144,9.80964,11.01144,1.18637,1561.55,1316.25,0.0,0.0,0.6378,0.537607,0.0,1,0.08950268,0.817867125,0.8275287463176129
KOSKUA_clean,KOSKUA_clean,11.38797,10.70957,11.38797,1.17105,1531.31,1307.64,0.0,0.0,0.6356,0.542761,0.0,1,0.090790219,0.857618707,0.854599820971672
KOSLAH_clean,KOSLAH_clean,11.4975,10.81891,11.4975,1.16812,1568.04,1342.37,0.0,0.0,0.638,0.546177,0.0,1,0.089687886,0.832272252,0.8490920659940491
KOTSIX_clean,KOTSIX_clean,5.60667,4.32453,5.60667,1.2413,1001.47,806.796,0.0,0.0,0.493,0.397165,0.0,1,0.059050644,0.518311013,0.5160509246858022
KOXGIP_clean,KOXGIP_clean,6.17141,3.90334,6.16279,1.0195,1425.23,1397.97,0.0,0.0,0.5534,0.542815,0.0,0,0.104663381,0.90959892,0.9302221775118695
KUDLUR_clean,KUDLUR_clean,7.15013,5.00794,7.15013,1.94765,848.423,435.613,0.0,0.0,0.4292,0.220368,0.0,0,0.06296808,0.482846655,0.4825381785929442
KUJNOT_clean,KUJNOT_clean,8.23736,6.10049,8.23736,1.05875,1568.61,1481.57,0.0,0.0,0.6114,0.577473,0.0,1,0.13257467,1.134117756,1.1029691474382746
KUKMUA_clean,KUKMUA_clean,7.32298,5.66775,7.31573,1.18063,2218.14,1878.78,0.0,0.0,0.6574,0.556822,0.0,1,0.133452633,1.226271277,1.1766031041061185
KUKPOX_clean,KUKPOX_clean,5.10165,4.15013,5.10165,1.44975,1410.84,973.163,0.0,0.0,0.5516,0.38048,0.0,1,0.127369301,1.016378699,1.0188876695360405
KULLEK_clean,KULLEK_clean,9.57077,7.08727,9.56435,0.806267,1675.18,2077.7,0.0,0.0,0.6472,0.802712,0.0,1,0.081464751,0.74902684,0.7733206640404109
KUNWEW_clean,KUNWEW_clean,5.28786,3.80654,5.2803,1.47108,725.981,493.502,0.0,0.0,0.4468,0.303722,0.0,1,0.066656355,0.550305414,0.5269250679427173
KUQXIE_clean,KUQXIE_clean,4.66467,3.81788,4.64797,2.25323,873.463,387.649,0.0,0.0,0.4358,0.193411,0.0,1,0.095723845,0.674454165,0.6669730206196434
KUSZED_clean,KUSZED_clean,6.91176,5.48765,6.90468,1.05966,2714.41,2561.59,0.0,0.0,0.7606,0.717779,0.0,1,0.044745417,0.431484943,0.43440924808841064
KUVMIZ_clean,KUVMIZ_clean,15.75075,11.00764,15.73688,0.361001,1774.59,4915.74,0.0,0.0,0.8214,2.27534,0.0,1,0.126265961,1.181300862,1.2351660028947709
KUVYAD_clean,KUVYAD_clean,7.7679,4.64075,7.76059,0.97417,2004.06,2057.19,0.0,0.0,0.6464,0.663539,0.0,1,0.123597106,1.135574189,1.117161769965789
KUXREC_clean,KUXREC_clean,9.08968,8.2956,9.08968,0.720728,2297.66,3187.98,0.0,0.0,0.7352,1.02008,0.0,1,0.129984734,1.202576228,1.2112086611147792
KUZPEC_clean,KUZPEC_clean,5.17179,3.98335,5.17179,1.18882,918.246,772.405,0.0,0.0,0.4884,0.410829,0.0,0,0.123503827,0.860894513,0.9398973550155469
la4012839_si_002_auto,la4012839_si_002_auto,13.36908,6.74856,13.36908,0.867921,2110.92,2432.16,0.0,0.0,0.7182,0.827495,0.0,1,0.176968258,1.387663372,1.4356605937217486
LADHIJ_clean,LADHIJ_clean,6.31369,5.23329,6.31062,1.05952,1841.47,1738.01,0.0,0.0,0.633,0.597438,0.0,1,0.170797416,1.458842614,1.4278669811773776
LAFROB_manual,LAFROB_manual,12.50276,5.7361,12.50276,0.712849,1639.29,2299.63,251.853,353.304,0.6904,0.968508,0.0,0,0.207367984,1.685057033,1.7564797870762041
LAGHIL_clean,LAGHIL_clean,4.99697,4.10291,4.99697,1.2735,911.527,715.766,0.0,0.0,0.5088,0.399529,0.0,1,0.268317251,1.652770298,1.649048139079506
LAGNEO_clean,LAGNEO_clean,5.27906,4.62985,5.27848,1.04928,1875.68,1787.59,0.0,0.0,0.62,0.590882,0.0,1,0.170430498,1.443539318,1.4302677666098935
LAGNOY_clean,LAGNOY_clean,7.14061,4.94756,7.14061,1.20532,1458.34,1209.92,0.0,0.0,0.5588,0.463613,0.0,1,0.194131394,1.556682142,1.4931307579712947
LAGNUE_clean,LAGNUE_clean,5.28866,4.84747,5.2531,1.29946,1308.25,1006.77,0.0,0.0,0.533,0.410171,0.0,1,0.211548527,1.518793039,1.5226937994016159
LAGPAM_clean,LAGPAM_clean,5.52911,4.43587,5.49964,1.29684,1347.35,1038.95,0.0,0.0,0.5314,0.409766,0.0,1,0.176531192,1.29483104,1.2903142454101981
LAGWEX_clean_h,LAGWEX_clean_h,6.67772,5.77243,6.67772,1.37946,1565.15,1134.61,0.0,0.0,0.5916,0.428865,0.0,1,0.119037188,1.011486279,0.977263929264196
LALFEL_clean,LALFEL_clean,6.13469,4.34629,6.1328,1.17934,2824.52,2395.0,0.0,0.0,0.6914,0.58626,0.0,1,0.078541862,0.734198392,0.7433183863467313
LAPZIO_clean,LAPZIO_clean,15.30437,8.24294,15.30437,0.552463,2030.06,3674.57,0.0,0.0,0.7882,1.4267,0.0,1,0.227018085,1.86660449,1.884916971999732
LASREF_clean,LASREF_clean,11.04017,10.09881,11.0096,0.804882,1997.85,2482.17,0.0,0.0,0.781,0.970328,0.0,1,0.057911386,0.572635551,0.5473865940147431
LAVCOD_clean,LAVCOD_clean,3.77854,3.49065,3.77854,2.38895,513.1,214.781,0.0,0.0,0.4702,0.196823,0.0,1,0.145988158,1.091335306,0.9917653105939358
LAVTUZ_clean,LAVTUZ_clean,6.84748,6.45021,6.84748,1.66996,1548.02,926.977,0.0,0.0,0.5682,0.340247,0.0,0,0.146937673,1.184666146,1.1403708155011012
LAVZOA_clean,LAVZOA_clean,4.97897,3.76472,4.96668,2.4043,872.519,362.9,0.0,0.0,0.4822,0.200558,0.0,1,0.071990677,0.541294505,0.5461751418967777
LAWFUN_clean,LAWFUN_clean,6.89842,3.95926,6.89842,1.2173,1168.89,960.232,0.0,0.0,0.5192,0.426519,0.0,1,0.173839061,1.312084941,1.2956258883762393
LAXJAX_clean,LAXJAX_clean,12.82983,5.12034,12.75758,0.7175,1929.2,2688.78,0.0,0.0,0.678,0.944947,0.0,0,0.208602411,1.698869977,1.7343023765849834
LAZGOK_manual,LAZGOK_manual,4.94973,3.64755,4.74405,1.28266,1115.13,869.385,0.0,0.0,0.5616,0.43784,0.0,1,0.036804977,0.348558484,0.36433205354273956
LAZXOB_clean,LAZXOB_clean,9.34691,6.36719,9.34691,1.04439,1784.83,1708.97,0.0,0.0,0.6322,0.605329,0.0,1,0.105178114,0.931083821,0.947173449224136
LECFEG_clean,LECFEG_clean,9.36969,4.36946,9.36969,0.882661,2218.78,2513.74,0.0,0.0,0.708,0.80212,0.0,1,0.156475457,1.301672957,1.3742121466734625
LECGIL_clean,LECGIL_clean,10.08545,7.23049,10.05263,0.936646,2086.42,2227.54,0.0,0.0,0.727,0.776173,0.0,1,0.054808324,0.539652406,0.5130242386452858
LEDLEN_clean,LEDLEN_clean,8.11845,6.60905,8.11698,0.914085,1985.25,2171.84,0.0,0.0,0.6552,0.716782,0.0,1,0.111451859,0.99797995,1.0263420178794007
LEHXUT_clean,LEHXUT_clean,24.94881,9.11981,13.96328,0.407171,1936.47,4755.92,0.0,0.0,0.8288,2.03551,0.0,1,0.146388085,1.398965556,1.4185312840550153
LEJBUX_clean,LEJBUX_clean,6.30676,4.81909,6.30369,1.04776,2668.26,2546.63,0.0,0.0,0.7428,0.70894,0.0,1,0.047793924,0.458622368,0.45610963115141007
LEJCAE_clean,LEJCAE_clean,5.15076,4.65327,5.14771,1.13486,3020.72,2661.76,0.0,0.0,0.7162,0.631093,0.0,1,0.050757511,0.498595085,0.49621696033653606
LEJKIW_clean,LEJKIW_clean,6.1081,4.29761,6.1081,1.82473,1754.35,961.429,0.0,0.0,0.562,0.307991,0.0,1,0.18162789,1.314652893,1.3334434540252507
LENKIA_clean,LENKIA_clean,11.49386,10.72802,11.47361,1.31034,1534.89,1171.37,0.0,0.0,0.6288,0.479875,0.0,1,0.084190316,0.785330606,0.7679853136508166
LEQVUZ_clean,LEQVUZ_clean,9.63173,5.48027,9.50266,0.666563,1780.56,2671.25,394.567,591.942,0.7036,1.05556,0.0,0,0.139436051,1.31646899,1.2998275073021888
LIDWIG_clean,LIDWIG_clean,6.16997,4.49229,6.14357,1.15777,1073.38,927.108,0.0,0.0,0.4856,0.419428,0.0,0,0.159210298,1.188165843,1.1930420395892496
LIDZOP_clean,LIDZOP_clean,5.56488,4.14994,5.56158,1.64984,557.624,337.986,0.0,0.0,0.3922,0.23772,0.0,0,0.250187112,1.015091364,1.205020790793634
LIFWOO_clean,LIFWOO_clean,4.98366,4.55513,4.98366,1.07707,1107.59,1028.34,0.0,0.0,0.5242,0.486692,0.0,0,0.259560969,1.575751699,1.6948925630770075
LIJNOJ01_clean,LIJNOJ01_clean,4.91078,3.67872,4.91078,1.2863,552.942,429.872,0.0,0.0,0.425,0.330406,0.0,0,0.151369056,0.935645182,0.9540464420633616
LIJNOJ_clean,LIJNOJ_clean,4.87208,3.58717,4.87208,1.2994,528.572,406.782,0.0,0.0,0.416,0.320148,0.0,0,0.152016442,0.938459823,0.9433967620797166
LIVTIT_clean,LIVTIT_clean,5.03218,4.49412,5.03218,0.873833,1850.2,2117.34,0.0,0.0,0.6576,0.752547,0.0,1,0.150599973,1.308864224,1.3239093143274776
LIXWAR01_clean,LIXWAR01_clean,5.58762,3.9288,5.58762,1.07311,1360.46,1267.78,0.0,0.0,0.5636,0.525205,0.0,1,0.1722726,1.412929844,1.3218487219814836
LOMLOQ_clean,LOMLOQ_clean,6.7486,3.80235,6.29526,1.47019,2203.5,1498.78,0.0,0.0,0.646,0.439399,0.0,0,0.153469805,1.38245163,1.3047691931035508
LONVAN_clean,LONVAN_clean,10.90817,9.80221,10.908,1.08454,1586.63,1462.95,0.0,0.0,0.6414,0.591401,0.0,1,0.083682094,0.790828936,0.7712274452780971
LOQLEJ_manual,LOQLEJ_manual,14.69858,14.40453,14.61633,0.993806,1433.78,1442.72,0.0,0.0,0.6928,0.697118,0.0,0,0.176411326,1.339818441,1.4027358905845326
LOXKAM_clean,LOXKAM_clean,14.55985,13.78223,14.55985,0.784824,1498.1,1908.83,0.0,0.0,0.661,0.842227,0.0,1,0.150866508,1.252165244,1.2825547451329842
LUBNAZ_clean,LUBNAZ_clean,8.26904,7.02568,8.25431,1.05459,2068.88,1961.78,0.0,0.0,0.642,0.608768,0.0,1,0.118042078,1.088592479,1.0696142084928295
LUCDAO_clean,LUCDAO_clean,8.53408,6.05824,8.194,0.856034,2292.36,2677.89,0.0,0.0,0.7178,0.838519,0.0,1,0.110588571,1.043541779,1.03318853314173
LUCDIW_clean,LUCDIW_clean,8.52461,6.17272,8.52461,0.822543,2288.73,2782.5,0.0,0.0,0.7208,0.876306,0.0,1,0.112168285,1.059405485,1.0595082217192617
LUDLED_clean,LUDLED_clean,13.17739,6.65728,13.17739,0.881906,2096.4,2377.12,0.0,0.0,0.7118,0.807115,0.0,1,0.160565385,1.278358291,1.2720901625441141
LUFNAC03_clean,LUFNAC03_clean,7.68055,5.84066,7.66172,1.02599,1463.18,1426.13,0.0,0.0,0.565,0.55069,0.0,1,0.191755627,1.615822816,1.5030768481082253
LUFNAC04_clean,LUFNAC04_clean,7.6755,5.87796,7.66911,1.02659,1461.4,1423.54,0.0,0.0,0.5658,0.551143,0.0,1,0.194380252,1.622084329,1.5289202048800483
LUJBAV_clean,LUJBAV_clean,4.98599,3.44797,4.98599,1.46601,380.372,259.461,0.0,0.0,0.3928,0.267938,0.0,1,0.091891296,0.557469548,0.6015528701981943
LUMYEZ_clean,LUMYEZ_clean,6.00702,4.53801,6.00702,1.30429,1992.95,1527.99,0.0,0.0,0.6142,0.470906,0.0,1,0.135663431,1.168680758,1.1661679463336743
LUMYID_clean,LUMYID_clean,5.94433,4.56717,5.90149,1.30513,1995.48,1528.95,0.0,0.0,0.6194,0.474589,0.0,1,0.136380281,1.178073247,1.174383074471129
LUMZAW_clean,LUMZAW_clean,5.8494,4.60336,5.8494,1.30478,1964.07,1505.29,0.0,0.0,0.6278,0.481155,0.0,1,0.136974197,1.178641219,1.1738595263734442
LUPTAS_clean,LUPTAS_clean,4.91554,3.81154,4.8497,1.42961,733.471,513.055,0.0,0.0,0.4568,0.319527,0.0,1,0.153062576,0.988193444,1.0040798247825808
LUSHOX02_clean,LUSHOX02_clean,5.40311,4.9355,5.40311,1.1935,1329.97,1114.34,0.0,0.0,0.5516,0.462169,0.0,1,0.164242106,1.254516195,1.2612062149970058
LUSHOX03_clean,LUSHOX03_clean,5.24171,4.88245,5.22892,1.21123,1320.66,1090.34,0.0,0.0,0.5276,0.435589,0.0,1,0.164291244,1.232789176,1.265115617544532
LUYBOY_clean,LUYBOY_clean,7.89316,7.4198,7.87816,1.34135,1580.28,1178.13,0.0,0.0,0.5778,0.43076,0.0,1,0.086875804,0.779363358,0.7716282683257016
LUYSEF_clean,LUYSEF_clean,4.81614,3.46612,4.554,1.34495,1416.38,1053.11,0.0,0.0,0.6156,0.457711,0.0,1,0.075930986,0.677871399,0.6915923942454584
MABCUQ_clean,MABCUQ_clean,5.37255,3.56877,5.37255,1.53414,1466.89,956.165,0.0,0.0,0.6184,0.403092,0.0,1,0.052914686,0.487769348,0.5019688222637734
MABJUV01_clean,MABJUV01_clean,4.71712,3.63905,4.71712,1.54053,563.034,365.48,0.0,0.0,0.4068,0.264064,0.0,0,0.078620968,0.593437652,0.5755495412035895
MABKEG_clean,MABKEG_clean,4.96705,4.29241,4.96705,1.47907,598.033,404.332,0.0,0.0,0.4092,0.276661,0.0,0,0.091331759,0.63392383,0.6314596416780758
MABKIK01_clean,MABKIK01_clean,5.51433,5.20447,5.51433,1.39065,845.278,607.831,0.0,0.0,0.4446,0.319707,0.0,0,0.079818995,0.615527708,0.6276991276249988
MADWAQ_clean,MADWAQ_clean,5.18677,4.51055,5.17631,1.52314,635.031,416.921,0.0,0.0,0.412,0.270493,0.0,0,0.105181596,0.723950348,0.6829552981000934
MAFLUD_clean,MAFLUD_clean,5.38373,3.98212,5.36788,1.15006,1774.93,1543.34,0.0,0.0,0.592,0.514756,0.0,1,0.178164288,1.464018264,1.4534516110968716
MAFMAK01_clean,MAFMAK01_clean,5.76423,4.1915,5.74643,1.09839,2062.25,1877.52,0.0,0.0,0.6384,0.581215,0.0,0,0.167615765,1.402449112,1.4406866760938923
MAKFOW_clean,MAKFOW_clean,8.33236,6.80185,8.33236,1.32055,1504.03,1138.94,0.0,0.0,0.578,0.437696,0.0,0,0.101257984,0.879784084,0.8870314146933785
MAKGAJ_clean,MAKGAJ_clean,8.49976,6.89727,8.49976,1.31953,1515.96,1148.87,0.0,0.0,0.5704,0.432276,0.0,0,0.09916173,0.869513098,0.8700038424648044
MALSOK_clean,MALSOK_clean,16.92569,16.84467,16.92569,0.669653,1353.12,2020.63,0.0,0.0,0.7686,1.14776,0.0,1,0.119089184,1.124517085,1.073741783608181
MAPCUE_clean,MAPCUE_clean,5.3952,3.72256,5.3952,1.47049,1163.8,791.435,0.0,0.0,0.504,0.342742,0.0,0,0.141739865,1.156770861,1.0742962909533775
MAPFIS_clean,MAPFIS_clean,5.59771,4.30891,5.54289,1.06696,1494.67,1400.87,0.0,0.0,0.5474,0.513047,0.0,1,0.178652822,1.421853577,1.4267306083105866
MARXEK_clean,MARXEK_clean,6.80849,6.42208,6.80849,1.6895,1568.88,928.61,0.0,0.0,0.5668,0.335485,0.0,0,0.134645491,1.06963576,1.076545610811582
MASMIC_clean,MASMIC_clean,9.31006,7.53558,9.30278,0.580679,2625.75,4521.86,0.0,0.0,0.7606,1.30985,0.0,1,0.128711465,1.256904513,1.2109267582045615
MATTUX_clean,MATTUX_clean,6.25712,5.16476,6.25712,1.06941,1603.09,1499.04,0.0,0.0,0.5648,0.528144,0.0,1,0.209661697,1.630442635,1.624443362821208
MATXAJ_clean,MATXAJ_clean,12.50004,9.04853,12.40632,0.6224,2078.93,3340.18,0.0,0.0,0.775,1.24518,0.0,1,0.145415657,1.369783001,1.3474458219828496
MAWTUC_clean,MAWTUC_clean,5.33465,4.95075,5.33465,1.06578,1588.39,1490.35,0.0,0.0,0.586,0.549831,0.0,1,0.18156452,1.427574199,1.4398541840277561
MAZSUD_clean,MAZSUD_clean,5.33307,3.93087,5.33307,1.15662,1798.05,1554.58,0.0,0.0,0.618,0.534316,0.0,0,0.184232265,1.518039128,1.4974856191382986
MECWIB_clean,MECWIB_clean,7.68734,5.08903,7.68734,1.09108,1654.78,1516.65,0.0,0.0,0.567,0.51967,0.0,0,0.143991367,1.230848207,1.2127004974460978
MEFZUU_manual,MEFZUU_manual,9.38956,5.60914,9.2442,0.843227,2246.05,2663.63,0.0,0.0,0.685,0.812356,0.0,1,0.105018164,0.980498843,0.9725141845090359
MEGBEH_manual,MEGBEH_manual,9.9497,6.81571,9.9489,0.994874,2116.8,2127.71,0.0,0.0,0.683,0.686519,0.0,1,0.092204937,0.858847735,0.8495291795123049
MEJQID_clean,MEJQID_clean,4.95338,3.66569,4.91383,1.21757,1152.17,946.288,0.0,0.0,0.5426,0.445643,0.0,0,0.261450321,1.641783585,1.7193921195600252
MEJQOJ_clean,MEJQOJ_clean,5.07328,3.68023,5.06179,1.21005,1189.89,983.336,0.0,0.0,0.5496,0.454196,0.0,0,0.260311912,1.65965329,1.8128032231673332
MEJZOS_clean,MEJZOS_clean,5.26465,3.41703,5.25331,1.72957,398.344,230.313,32.6666,18.8871,0.43,0.248616,0.0,1,0.0493616,0.379047318,0.3616554405947844
MEKDUC_clean,MEKDUC_clean,4.94918,3.68888,4.93711,1.45476,795.928,547.119,0.0,0.0,0.4866,0.334488,0.0,0,0.180700081,1.08878228,1.1518783231777414
MIBMER_clean,MIBMER_clean,8.80758,7.78405,8.80758,0.713822,2198.53,3079.94,0.0,0.0,0.7072,0.990723,0.0,1,0.119745634,1.103426648,1.1479565693012515
MIDSUP01_clean,MIDSUP01_clean,10.88215,9.55664,10.87435,0.67542,1854.05,2745.03,0.0,0.0,0.7122,1.05446,0.0,0,0.107927324,1.035260713,1.0327690866731944
MIFLIY_clean,MIFLIY_clean,9.88279,8.82764,9.86175,0.758162,1549.91,2044.3,0.0,0.0,0.642,0.846785,0.0,1,0.140432231,1.299257527,1.2418765030226835
MIFQOJ_clean,MIFQOJ_clean,7.14805,6.39591,7.14805,1.06573,1037.76,973.749,0.0,0.0,0.5254,0.492994,0.0,0,0.164436991,1.161900846,1.2363982096101378
MIFROK_clean,MIFROK_clean,6.3068,5.74769,6.3068,1.44498,561.702,388.727,79.3873,54.9401,0.4722,0.326787,0.0,1,0.057455896,0.479872586,0.47716853563902395
MIFTIG_clean,MIFTIG_clean,6.1695,5.71241,6.1695,1.51351,547.592,361.803,81.859,54.0857,0.4488,0.29653,0.0,1,0.056732619,0.470870449,0.46789578183173913
MIJHOD_clean,MIJHOD_clean,4.18455,3.46938,4.126,1.22946,1127.43,917.014,0.0,0.0,0.5064,0.411887,0.0,1,0.195728654,1.55001391,1.4625181330518662
MIMSOS_clean,MIMSOS_clean,11.1144,9.75442,11.1107,0.986032,1267.43,1285.39,0.0,0.0,0.613,0.621683,0.0,1,0.147247882,1.043839565,1.0720808047844614
MINVOU_clean,MINVOU_clean,6.55346,6.27139,6.55346,1.05162,1583.28,1505.56,0.0,0.0,0.6148,0.584624,0.0,0,0.101965746,0.908027668,0.9085898741297393
MITSUE_clean,MITSUE_clean,6.56785,5.33808,6.55603,1.09158,2281.03,2089.65,0.0,0.0,0.6788,0.621849,0.0,0,0.137991983,1.244468603,1.2311585582112916
MIXBAY_clean,MIXBAY_clean,11.02015,7.37075,10.14135,0.640306,2311.05,3609.3,0.0,0.0,0.7544,1.17819,0.0,1,0.13730492,1.282560358,1.271175003086056
MIXYID_clean,MIXYID_clean,6.97459,5.00942,6.97459,0.914112,2019.19,2208.91,0.0,0.0,0.6354,0.695101,0.0,0,0.252535636,1.944772583,2.0416881291992257
MOCKAR_clean,MOCKAR_clean,10.84435,6.73283,10.55041,0.748614,2330.25,3112.76,0.0,0.0,0.7394,0.987692,0.0,1,0.149861901,1.40973453,1.3675700575549943
MOLQEL_clean,MOLQEL_clean,7.00282,4.91398,6.98169,0.922936,2510.46,2720.08,0.0,0.0,0.6774,0.733962,0.0,1,0.185779706,1.633191213,1.6125970868776138
MOMRIR_clean,MOMRIR_clean,4.41914,3.78485,4.34144,1.40491,222.323,158.247,290.552,206.812,0.4588,0.326569,0.0,1,0.183312136,1.100412369,1.0431224571290083
MOXKAN_clean,MOXKAN_clean,5.24035,3.78554,5.21637,1.49263,550.2,368.611,159.888,107.118,0.4678,0.313407,0.0,0,0.071321734,0.540524299,0.556994360245374
MOXNIY_clean,MOXNIY_clean,5.20828,4.58005,5.18499,1.11938,1150.31,1027.63,0.0,0.0,0.506,0.452034,0.0,0,0.117913162,0.935670061,0.9550715155513972
MUGHED_clean,MUGHED_clean,6.89695,5.88693,6.88053,1.44086,1384.56,960.922,0.0,0.0,0.5716,0.396706,0.0,0,0.176020507,1.328687433,1.3063326384942333
MUGQAI_clean,MUGQAI_clean,4.49067,3.71104,4.4722,1.86928,279.265,149.397,0.0,0.0,0.3624,0.193872,0.0,1,0.149334731,0.748125709,0.7809730503285665
MUHNUA_clean,MUHNUA_clean,6.00569,3.96893,5.96297,1.13245,277.836,245.342,598.929,528.881,0.5278,0.466071,0.0,1,0.126586173,0.999829807,0.9334530299882071
MUNNUF_clean,MUNNUF_clean,7.33223,5.00492,7.33223,0.937356,1880.0,2005.64,0.0,0.0,0.6136,0.654607,0.0,1,0.182287381,1.531475176,1.543655880003586
MUNPER_clean,MUNPER_clean,7.09681,5.52234,7.09517,0.917986,1955.18,2129.86,0.0,0.0,0.6202,0.675609,0.0,0,0.160304341,1.406839395,1.36582907223087
MUPTAU_clean,MUPTAU_clean,4.1653,3.49014,4.1653,1.2541,633.589,505.216,0.0,0.0,0.52,0.414641,0.0,0,0.119008207,1.010064826,0.9594393890806524
MURCOR_clean,MURCOR_clean,8.10583,6.88134,8.10583,1.58436,1015.28,640.812,0.0,0.0,0.5632,0.355475,0.0,1,0.026089882,0.24618141,0.24645348331815453
MUTVUT_clean,MUTVUT_clean,4.81469,3.76296,4.81469,1.36731,413.706,302.568,0.0,0.0,0.4354,0.318435,0.0,0,0.062241011,0.464571374,0.4659733437187398
NABMUA_clean,NABMUA_clean,6.23863,6.07222,6.23863,1.11938,1449.31,1294.74,0.0,0.0,0.536,0.478835,0.0,1,0.310081076,2.235210839,2.139421585210119
NACYUM_clean,NACYUM_clean,5.55428,3.97006,5.53082,1.38654,927.307,668.791,0.0,0.0,0.4542,0.327578,0.0,1,0.130064964,0.951258471,0.8883373136762812
NAHFIO_clean,NAHFIO_clean,5.2589,3.87482,5.25696,1.10135,1180.95,1072.27,0.0,0.0,0.523,0.474873,0.0,0,0.08436603,0.737853071,0.7400457038746324
NALWOO_clean,NALWOO_clean,9.16164,8.79623,9.14564,1.02635,1440.32,1403.34,0.0,0.0,0.5862,0.571148,0.0,1,0.09125019,0.797802297,0.8247385048748348
NANYUX03_clean,NANYUX03_clean,5.54429,4.75767,5.52159,1.04137,1912.89,1836.9,0.0,0.0,0.6486,0.622835,0.0,0,0.190519816,1.604523048,1.5828647218235907
NAQLAT_clean,NAQLAT_clean,6.1178,3.53855,6.08833,1.24225,1087.35,875.308,0.0,0.0,0.5306,0.427128,0.0,1,0.314822076,1.992814026,1.9106656614269586
NARPUU_clean,NARPUU_clean,4.57962,3.51552,4.57962,1.96606,599.01,304.676,0.0,0.0,0.431,0.219221,0.0,1,0.085294705,0.618184645,0.6301651043436084
NATFAS_clean,NATFAS_clean,6.53453,3.93626,6.37422,1.34798,1587.17,1177.44,0.0,0.0,0.564,0.418403,0.0,0,0.23119269,1.763351772,1.7377658217358771
NATKIF_clean,NATKIF_clean,17.00981,12.93858,16.43746,0.345463,1901.41,5503.94,0.0,0.0,0.8556,2.47668,0.0,1,0.157134919,1.486924284,1.4874566579508102
NAVJAW01_clean,NAVJAW01_clean,11.39615,10.64646,11.39615,1.17113,1550.28,1323.75,0.0,0.0,0.633,0.540502,0.0,1,0.084053343,0.782076022,0.7932553035003059
NAVLIG_clean,NAVLIG_clean,4.05904,3.742,4.05904,1.16225,487.528,419.471,0.0,0.0,0.474,0.407831,0.0,0,0.151186597,1.115787895,1.1243008914703674
NAWWUG_clean,NAWWUG_clean,5.71546,4.10727,5.46236,1.11201,1652.38,1485.94,0.0,0.0,0.5826,0.523916,0.0,1,0.178855838,1.394840281,1.4415963114884867
NAYGUR_clean,NAYGUR_clean,7.6924,7.0244,7.6924,0.745846,2238.41,3001.16,0.0,0.0,0.7254,0.972586,0.0,1,0.092964948,0.893093054,0.8860418265751371
ncomms11831_ncomms11831-s3_clean,ncomms11831_ncomms11831-s3_clean,4.53044,4.08038,4.52326,1.56068,421.065,269.795,0.0,0.0,0.3414,0.21875,0.0,0,0.275163723,1.158480716,1.2018037727274515
NEBNOZ_clean,NEBNOZ_clean,6.01321,5.05928,6.00094,1.13873,1248.11,1096.06,0.0,0.0,0.5186,0.45542,0.0,1,0.134693375,1.083105713,1.093050895875972
NEHMET_clean,NEHMET_clean,4.71483,3.76667,4.71105,1.33401,1622.86,1216.53,0.0,0.0,0.597,0.447522,0.0,0,0.198037609,1.592226124,1.5563201222250156
NEHZIK_clean,NEHZIK_clean,7.34019,4.77821,7.34019,1.20148,1239.75,1031.85,0.0,0.0,0.5382,0.447947,0.0,1,0.075734749,0.681962433,0.6680835942740688
NEJRUR_clean,NEJRUR_clean,4.68942,3.81829,4.68942,1.2394,1057.89,853.554,15.7348,12.6955,0.5034,0.406165,0.0,0,0.184714457,1.30591783,1.3282040670797903
NEJSAY_clean,NEJSAY_clean,4.50943,3.7344,4.50943,1.24034,1046.3,843.559,44.3105,35.7246,0.5234,0.421982,0.0,0,0.177210226,1.320947979,1.3264189194544533
NEKREB_clean,NEKREB_clean,7.13295,5.12512,7.13295,1.3542,1081.87,798.902,136.454,100.763,0.5622,0.415152,0.0,1,0.10490285,0.787723377,0.8272810401897511
NELVEG_clean,NELVEG_clean,4.88877,3.9894,4.88281,1.93052,846.514,438.489,0.0,0.0,0.4838,0.250606,0.0,0,0.307910986,1.433246195,1.3623973109308098
NENHAQ_clean,NENHAQ_clean,10.30187,9.48231,10.30187,0.81249,1810.52,2228.36,0.0,0.0,0.7266,0.894287,0.0,1,0.074934006,0.723086539,0.7114928045964037
NERVAJ_clean,NERVAJ_clean,12.53445,5.46518,12.53445,1.01277,1389.34,1371.82,0.0,0.0,0.569,0.561827,0.0,1,0.079211408,0.726015901,0.710111185359835
NERVEN_clean,NERVEN_clean,12.25139,5.76203,12.25139,1.08035,1360.26,1259.1,0.0,0.0,0.5706,0.528164,0.0,1,0.065724923,0.609134956,0.6058924082090408
NEVVEQ_clean,NEVVEQ_clean,4.80581,3.79614,4.80581,1.56913,728.185,464.069,0.0,0.0,0.453,0.288695,0.0,0,0.303146147,1.585162015,1.4990645661648536
NEXVET_clean,NEXVET_clean,15.05129,7.94511,15.02301,0.572296,2220.51,3880.01,0.0,0.0,0.8096,1.41465,0.0,0,0.090260447,0.872517037,0.8798193701578373
NEXXEV_clean,NEXXEV_clean,10.14339,9.60102,10.14163,0.701942,1675.6,2387.1,0.0,0.0,0.6396,0.911186,0.0,1,0.167579875,1.456737929,1.4199096103657354
NIHBAI01_clean,NIHBAI01_clean,4.75768,3.68765,4.75768,1.76453,773.951,438.616,0.0,0.0,0.4424,0.250719,0.0,0,0.116329347,0.829773601,0.8049777407523794
NIKKIC_clean,NIKKIC_clean,5.94413,4.27315,5.93398,1.24613,1177.42,944.864,0.0,0.0,0.498,0.399638,0.0,1,0.140624337,1.08899616,1.0827946769627026
NIKYOW01_clean,NIKYOW01_clean,4.61161,3.58405,4.59865,1.78633,690.02,386.278,0.0,0.0,0.436,0.244076,0.0,0,0.107144992,0.779500833,0.7716296751794367
NIKYUC01_clean,NIKYUC01_clean,4.94759,3.68791,4.94354,1.71164,846.153,494.351,0.0,0.0,0.4572,0.267112,0.0,0,0.109821911,0.802656783,0.7868043006618177
NIKZAJ_clean,NIKZAJ_clean,4.56098,3.58427,4.53545,1.81346,655.548,361.491,0.0,0.0,0.426,0.234911,0.0,0,0.108604841,0.766760362,0.7324956220295109
NIMTAE_clean,NIMTAE_clean,4.79937,4.4136,4.79752,1.0571,1265.99,1197.61,0.0,0.0,0.5494,0.519725,0.0,0,0.168367455,1.369481746,1.277488687796782
NINVAI_clean,NINVAI_clean,11.85606,6.40748,11.85606,0.818223,2181.06,2665.61,0.0,0.0,0.7028,0.858935,0.0,1,0.186521566,1.466888664,1.5253843028180587
NIZZOM_clean,NIZZOM_clean,8.52507,7.77175,8.50752,1.1812,2086.39,1766.33,0.0,0.0,0.685,0.579917,0.0,0,0.095305645,0.854681713,0.8801693721946707
NOBVOR_clean,NOBVOR_clean,5.28259,5.11208,5.27848,1.1717,1472.77,1256.95,0.0,0.0,0.5292,0.451653,0.0,0,0.220342436,1.5583407,1.603865550460121
NOCLUN_clean,NOCLUN_clean,6.26764,5.77209,6.22951,1.07441,1685.14,1568.43,0.0,0.0,0.6158,0.57315,0.0,1,0.118894672,1.051101663,1.0132920784925903
NOCZAI_clean,NOCZAI_clean,4.42954,4.04745,4.42954,1.74484,414.324,237.458,0.705302,0.404222,0.3944,0.226039,0.0,1,0.043376796,0.356169684,0.33825026282831966
NOFDUI_clean,NOFDUI_clean,4.93531,4.06199,4.92703,1.21153,1000.68,825.958,0.0,0.0,0.4872,0.402135,0.0,0,0.121910537,0.97350756,0.9737795057479557
NOMQAJ01_clean,NOMQAJ01_clean,4.90223,3.68918,4.90223,1.31657,708.381,538.05,0.0,0.0,0.45,0.341797,0.0,0,0.305990503,1.55182003,1.5763061503499676
NOPJOT_clean,NOPJOT_clean,6.1592,4.69936,6.14418,1.00061,2117.03,2115.74,0.0,0.0,0.6142,0.613825,0.0,1,0.166602865,1.440151267,1.4348043292187764
NUBBAP_clean,NUBBAP_clean,14.05418,6.66438,11.10621,0.762781,2298.42,3013.21,0.0,0.0,0.7708,1.01051,0.0,1,0.109633154,1.04155568,1.034393064995836
NUDMEG_clean,NUDMEG_clean,6.29424,5.40754,6.23822,1.19809,1344.33,1122.06,0.0,0.0,0.5334,0.445207,0.0,0,0.165796506,1.271686926,1.2945714422998982
NUDMUW_clean,NUDMUW_clean,6.32198,5.70328,6.32198,1.18747,1340.68,1129.02,0.0,0.0,0.5322,0.448181,0.0,0,0.165450187,1.283888158,1.2888191362882224
NUFBOH_clean,NUFBOH_clean,6.20415,3.43588,6.19684,1.14211,1512.51,1324.31,0.0,0.0,0.5816,0.509231,0.0,0,0.250273469,1.977146921,1.7886717685671953
NUFCAU_clean,NUFCAU_clean,9.94144,7.33631,9.94144,0.845072,2116.0,2503.93,0.0,0.0,0.7364,0.871405,0.0,1,0.098454617,0.937903412,0.9313906013463057
NUHQUE_clean,NUHQUE_clean,6.55171,4.68685,6.54808,1.21067,1893.64,1564.13,0.0,0.0,0.5964,0.492619,0.0,1,0.152535376,1.276577721,1.2570430381211268
NUTYIM_clean,NUTYIM_clean,13.08434,12.35689,13.08434,0.80193,1745.22,2176.28,0.0,0.0,0.7446,0.92851,0.0,0,0.102984035,0.940743397,0.9661465650221153
NUYQUU_clean,NUYQUU_clean,3.95153,3.47099,3.94298,2.33033,494.395,212.157,0.0,0.0,0.4774,0.204864,0.0,0,0.141604478,0.983909113,0.971563424839219
OBEDEE_clean,OBEDEE_clean,5.83756,4.97252,5.83756,0.932431,2005.16,2150.46,0.0,0.0,0.6298,0.675439,0.0,1,0.123105944,1.089283648,1.110627031316486
OBIBEJ_clean,OBIBEJ_clean,8.27924,5.80407,6.33414,0.828843,1754.26,2116.52,0.0,0.0,0.601,0.725107,0.0,1,0.136031288,1.194679547,1.2066947289989687
OBODEQ_clean,OBODEQ_clean,5.13358,4.46715,5.12837,1.36036,1938.87,1425.26,0.0,0.0,0.5966,0.43856,0.0,1,0.130181278,1.119703273,1.0805810435524617
OCACUR_clean,OCACUR_clean,5.50745,4.89061,5.44518,1.25128,1937.07,1548.08,0.0,0.0,0.5884,0.47024,0.0,1,0.161102638,1.365005548,1.3173145796924666
OCAQOY_clean,OCAQOY_clean,4.53686,3.80641,4.53372,1.60935,541.33,336.366,0.0,0.0,0.3906,0.242707,0.0,1,0.062078459,0.484229498,0.4879581714716098
OCOKUP_clean,OCOKUP_clean,5.00304,3.71484,4.99284,1.15999,792.721,683.386,0.0,0.0,0.474,0.408624,0.0,1,0.149715384,1.010308833,1.0882089857170119
OCUMOR_clean,OCUMOR_clean,5.32208,3.84167,5.31587,1.29298,1290.04,997.724,16.7653,12.9664,0.525,0.406038,0.0,1,0.111823373,0.947930885,0.928172863192138
OCUNAC_manual,OCUNAC_manual,36.1506,14.04664,36.1506,0.427517,1422.73,3327.89,0.0,0.0,0.8368,1.95735,0.0,1,0.131778449,1.172678883,1.2762924880597457
OCUTEM_clean,OCUTEM_clean,5.16189,3.4562,5.16189,1.4963,1173.27,784.115,0.0,0.0,0.5098,0.340707,0.0,1,0.156208803,1.15062337,1.1493390965445522
ODODUI_clean,ODODUI_clean,11.00214,7.6444,10.86092,0.618366,2208.53,3571.55,0.0,0.0,0.7646,1.23648,0.0,1,0.131816338,1.098210006,1.2275266601150507
ODUNEH_clean,ODUNEH_clean,6.66002,5.04848,6.62254,0.964914,2093.57,2169.69,0.0,0.0,0.6352,0.658297,0.0,1,0.160720678,1.374958699,1.359454761163473
OFEHAK_clean,OFEHAK_clean,6.57238,4.30728,6.57238,1.26099,1569.04,1244.3,0.0,0.0,0.577,0.457578,0.0,1,0.126309208,1.042971076,1.0461692395324518
OFESEY_clean,OFESEY_clean,7.30457,5.07688,7.30457,1.8342,871.652,475.221,0.0,0.0,0.451,0.245883,0.0,0,0.064771099,0.515660223,0.5005209779394412
OFUYUL_SL,OFUYUL_SL,6.56154,4.20373,6.56131,1.08955,1752.35,1608.33,0.0,0.0,0.6302,0.578404,0.0,0,0.194690368,1.63133794,1.5887536129339868
OGEBAF01_clean,OGEBAF01_clean,14.74547,10.54801,14.74547,0.504959,2054.21,4068.08,0.0,0.0,0.8166,1.61716,0.0,1,0.126453145,1.182021829,1.210672438129947
OGIYUZ_clean,OGIYUZ_clean,9.8373,8.87116,9.8373,1.07364,1299.27,1210.15,0.0,0.0,0.577,0.537422,0.0,0,0.144281787,1.013362576,1.0810760036839546
OJIWIO_clean,OJIWIO_clean,4.64307,3.99735,4.61496,1.33375,842.543,631.712,0.0,0.0,0.4524,0.339195,0.0,1,0.145363227,1.013760133,1.0491378859196887
OJORUC_clean,OJORUC_clean,8.31671,3.81807,7.2234,0.868373,1910.02,2199.54,0.0,0.0,0.6578,0.757508,0.0,1,0.239390087,1.941984724,1.9801208630539944
OKAYAC_clean,OKAYAC_clean,4.90891,3.57241,4.90749,1.56645,415.712,265.385,0.0,0.0,0.3406,0.217434,0.0,0,0.332652764,1.141518748,1.1530378945696522
OKAYOQ_clean,OKAYOQ_clean,4.43848,3.73339,4.16809,1.19153,558.623,468.829,0.0,0.0,0.4514,0.378841,0.0,0,0.229053709,1.402610001,1.4434581024835753
OKELOH_clean,OKELOH_clean,4.42328,3.40802,4.39617,0.903668,1931.69,2137.61,0.0,0.0,0.6342,0.701806,0.0,1,0.165116302,1.464697714,1.4918473584321557
OKIQEG_clean,OKIQEG_clean,5.32479,3.99481,5.32479,1.53026,921.294,602.05,0.0,0.0,0.486,0.317592,0.0,0,0.1340375,1.026108779,0.9672449825717163
OKOSUE_clean,OKOSUE_clean,8.8545,8.04507,8.8545,0.943263,2011.47,2132.46,0.0,0.0,0.6862,0.727475,0.0,1,0.117244502,1.033887296,1.0598805493889203
OKUSUK_clean,OKUSUK_clean,24.78598,13.19796,24.78598,0.313235,1548.59,4943.87,0.0,0.0,0.8766,2.79854,0.0,1,0.147983346,1.403139651,1.4260212912519883
OLAGIR_clean,OLAGIR_clean,5.85131,3.81671,5.85131,1.37856,1640.47,1189.99,0.0,0.0,0.6336,0.459611,0.0,0,0.187349227,1.54453745,1.4821400799565727
OLICIX_clean,OLICIX_clean,16.1602,9.89287,16.13331,0.719139,1270.58,1766.81,424.686,590.547,0.722,1.00398,0.0,1,0.171540436,1.431904105,1.4524013917358771
OMIPEH_clean,OMIPEH_clean,21.73136,7.72557,21.69935,0.65885,2065.52,3135.04,0.0,0.0,0.8104,1.23002,0.0,1,0.105288329,0.978608359,1.005652432836696
OMITUB_clean,OMITUB_clean,21.96656,7.7864,21.95556,0.652675,2053.5,3146.28,0.0,0.0,0.8126,1.24503,0.0,1,0.105988847,0.996351959,1.0116029020274686
OQEPUW_clean,OQEPUW_clean,5.11656,4.82152,5.08524,1.96915,768.393,390.215,0.0,0.0,0.4116,0.209024,0.0,1,0.078116784,0.608780956,0.5713262535596911
OQIQIQ_clean,OQIQIQ_clean,5.6202,4.58328,5.56734,1.81543,1128.03,621.358,0.0,0.0,0.505,0.278171,0.0,1,0.16996643,1.10868367,1.1253066975236174
OQUFAJ02_clean,OQUFAJ02_clean,10.4008,8.96418,10.4008,1.23779,2032.69,1642.19,0.0386359,0.0312135,0.6356,0.513494,0.000323156,1,0.132781538,1.080171713,1.152677748002269
ORAQUU_clean,ORAQUU_clean,8.39177,4.98086,8.38728,0.858283,1785.46,2080.27,0.0,0.0,0.5764,0.671573,0.0,1,0.183077412,1.518502662,1.568735215431091
ORIBAU_clean,ORIBAU_clean,6.79191,5.8597,6.78824,0.948194,2192.57,2312.36,0.0,0.0,0.6432,0.678343,0.0,0,0.150487471,1.300122523,1.3081685403101213
ORIVUI_clean,ORIVUI_clean,11.75163,10.98212,11.75156,1.19791,1581.46,1320.18,0.0,0.0,0.6576,0.548955,0.0,1,0.095422852,0.900374478,0.9038252138441925
OSUVIJ_clean,OSUVIJ_clean,5.66016,4.49241,5.58709,1.27175,1400.18,1100.98,0.0,0.0,0.5626,0.442381,0.0,1,0.106666584,0.754284399,0.8879377527371861
OTABES_clean,OTABES_clean,7.63161,5.91717,6.56997,0.849248,2347.96,2764.75,0.0,0.0,0.6812,0.802122,0.0,0,0.244812554,2.03286421,2.020021291464887
OTIJAE_clean,OTIJAE_clean,7.04903,4.97186,7.04895,1.01719,2261.56,2223.34,0.0,0.0,0.6676,0.65632,0.0,0,0.077067257,0.72179537,0.7287165919976631
OTOVAW_clean,OTOVAW_clean,4.51109,3.41338,4.48101,1.61175,574.481,356.434,0.0,0.0,0.423,0.262448,0.0,0,0.171693443,1.044181473,1.0213722236700984
OTUDEO_clean,OTUDEO_clean,11.1719,10.22736,11.1719,0.861706,1688.22,1959.16,0.0,0.0,0.6512,0.75571,0.0,1,0.105814493,0.927602396,0.9632436277430294
OVICUS_clean,OVICUS_clean,5.87924,5.2518,5.87924,1.52853,828.26,541.866,0.0,0.0,0.4388,0.287073,0.0,1,0.191098144,1.078049763,1.126009819521411
OWAVIS_clean,OWAVIS_clean,9.58182,5.9765,9.29598,0.840674,2344.57,2788.91,0.0,0.0,0.7226,0.859548,0.0,1,0.127404172,1.208873354,1.182219329340288
OWIHIN_clean,OWIHIN_clean,7.33344,7.17038,7.33344,1.33826,1633.23,1220.41,0.0,0.0,0.6104,0.456115,0.0,0,0.229526186,1.958377348,1.898383213439573
OWIJAH_clean,OWIJAH_clean,7.38305,7.21509,7.38305,1.32603,1628.6,1228.17,0.0,0.0,0.6114,0.461074,0.0,0,0.22574531,1.935616155,1.923525843940281
OXALEF_clean,OXALEF_clean,7.18754,5.18545,7.18754,0.839237,2049.14,2441.67,0.0,0.0,0.6438,0.767126,0.0,0,0.146237636,1.319886026,1.3020241967797528
OXEVOE_clean,OXEVOE_clean,5.9996,4.29075,5.9996,1.32095,787.004,595.785,77.213,58.4525,0.5,0.378515,0.0,1,0.134998557,0.982471331,0.9895327509167422
OXOZUY_clean,OXOZUY_clean,8.19821,4.66417,8.1974,0.956716,1690.02,1766.48,0.0,0.0,0.6112,0.638852,0.0,1,0.210230466,1.609180408,1.6774052258328644
OYIVIC_clean,OYIVIC_clean,5.5413,4.80567,5.5333,1.19582,1382.4,1156.02,0.0,0.0,0.5784,0.483684,0.0,1,0.127904468,1.037747111,1.035622458351714
OYIVOI_clean,OYIVOI_clean,5.54513,4.92009,5.54513,1.34386,1289.96,959.889,0.0,0.0,0.5594,0.416262,0.0,1,0.120102797,0.944872577,0.9717763871403384
OYOSAX_clean,OYOSAX_clean,5.10436,4.21189,5.06572,1.19023,1067.87,897.196,0.0,0.0,0.5162,0.433699,0.0,1,0.161513466,1.214373918,1.2255895481149555
OZAVOC_clean,OZAVOC_clean,6.46772,5.63481,6.46128,1.35316,1406.83,1039.66,0.0,0.0,0.5486,0.40542,0.0,1,0.162528861,1.290160234,1.2484682428466594
OZAVUI_clean,OZAVUI_clean,5.43678,4.75451,5.43678,1.24526,1365.54,1096.59,0.0,0.0,0.5928,0.476044,0.0,1,0.121332489,0.990483073,1.0051639387878941
OZUKUR01_clean,OZUKUR01_clean,12.00308,11.20848,12.00308,1.04914,1577.91,1504.01,0.0,0.0,0.6712,0.639764,0.0,1,0.080677042,0.757993928,0.7725222482718924
OZUMAZ01_clean,OZUMAZ01_clean,11.42001,10.68224,11.42001,1.32181,1528.59,1156.43,0.0,0.0,0.6378,0.482518,0.0,1,0.082848087,0.773727066,0.7559996288013485
PAJSAX_clean,PAJSAX_clean,11.72543,11.19673,11.71838,0.847503,1673.18,1974.24,0.0,0.0,0.6882,0.812032,0.0,0,0.105589538,0.942024954,0.9813736278651205
PAKXIK_clean,PAKXIK_clean,5.56128,3.90775,5.56038,1.25158,1486.65,1187.82,19.61,15.6682,0.5744,0.458939,0.0,1,0.119526458,0.981921231,0.9937647277578646
PAMTOO_clean,PAMTOO_clean,12.35154,5.62136,12.35154,0.923606,1995.9,2160.98,0.0,0.0,0.7096,0.768293,0.0,1,0.142250317,1.09727648,1.2075873151225203
PAPROO_clean,PAPROO_clean,7.19025,5.05276,7.19025,1.91608,861.592,449.664,0.0,0.0,0.4326,0.225774,0.0,0,0.062158434,0.485732819,0.4887781719740504
PAPVAF_clean,PAPVAF_clean,10.09597,6.84011,9.58875,0.817097,2396.15,2932.52,0.0,0.0,0.7324,0.896344,0.0,1,0.112434707,1.048697247,1.0547074977071111
PARHEW_clean,PARHEW_clean,7.38605,6.67234,7.38605,0.632325,2400.53,3796.35,0.0,0.0,0.7148,1.13043,0.0,1,0.094800001,0.919541352,0.9267665015210612
PARKUQ01_clean,PARKUQ01_clean,6.67552,5.18428,6.65544,1.17133,2054.42,1753.92,0.0,0.0,0.6446,0.550316,0.0,0,0.139789336,1.230022399,1.2336680450931596
PASMUT_clean,PASMUT_clean,5.21671,3.87145,5.2007,1.45236,1664.76,1146.24,0.0,0.0,0.5822,0.400864,0.0,1,0.094195775,0.791300492,0.8036165849697281
PASNAA_clean,PASNAA_clean,4.89594,3.826,4.89193,1.4497,1354.61,934.408,0.0,0.0,0.5164,0.356212,0.0,1,0.099749468,0.85164553,0.8237969046835198
PAVMAB_clean,PAVMAB_clean,4.70831,4.3739,4.70531,1.34518,952.077,707.768,16.532,12.2898,0.553,0.411097,0.0,1,0.35040126,2.060582479,2.2036027772848095
PEBNEP_clean,PEBNEP_clean,4.70974,3.99855,4.70974,1.47945,319.51,215.966,0.0,0.0,0.4064,0.274697,0.0,1,0.074687536,0.50468995,0.5153461852340423
PEFRID01_clean,PEFRID01_clean,6.55951,5.47634,6.55951,1.31717,1348.3,1023.64,0.0,0.0,0.552,0.419081,0.0,1,0.162072044,1.235261416,1.2322432137633734
PEFRUP_clean,PEFRUP_clean,9.50189,8.00757,9.50189,1.0519,1670.24,1587.83,0.0,0.0,0.6432,0.611463,0.0,1,0.122944807,1.09877831,1.0850089283872655
PEGQOJ_clean,PEGQOJ_clean,5.06893,3.45218,5.06893,2.53315,611.744,241.495,0.0,0.0,0.3936,0.15538,0.0,1,0.058231044,0.396763646,0.4165863027180674
PEKZIP_clean,PEKZIP_clean,4.53518,4.08657,4.53518,1.41548,619.125,437.397,0.0,0.0,0.4398,0.310708,0.0,1,0.090886415,0.657875512,0.6986188598871281
PEPBAO_clean,PEPBAO_clean,5.10254,3.95909,5.10254,1.42412,833.906,585.559,0.0,0.0,0.4934,0.34646,0.0,0,0.11272193,0.777801413,0.8399355557538158
PEPLAY_clean,PEPLAY_clean,6.74837,6.3776,6.72825,1.05651,1615.67,1529.25,0.0,0.0,0.6178,0.584755,0.0,0,0.142036187,1.238775381,1.2034249246705626
PEPLOM_clean,PEPLOM_clean,5.48105,5.23227,5.47438,1.20095,1296.27,1079.37,0.0,0.0,0.5572,0.463966,0.0,0,0.161392954,1.228664228,1.2533808281646686
PEWGEF_clean,PEWGEF_clean,9.8037,7.11476,9.8037,1.04146,1816.14,1743.84,0.0,0.0,0.6896,0.662146,0.0,1,0.057354621,0.540097508,0.5395602138375786
PEYPAM_SL,PEYPAM_SL,6.47723,4.9888,6.46954,1.38224,1403.34,1015.27,0.0,0.0,0.5238,0.378951,0.0,0,0.308655396,1.921391063,1.9800900116218305
PIBNUK01_clean,PIBNUK01_clean,15.37191,14.18335,15.35887,0.42304,1389.84,3285.35,0.0,0.0,0.8366,1.97759,0.0,1,0.098376621,0.935995556,0.989476859154112
PIDMEV_clean,PIDMEV_clean,7.7619,4.42953,7.71379,1.03258,1688.46,1635.19,0.0,0.0,0.5902,0.57158,0.0,1,0.167445177,1.433727534,1.406875139698345
PIGXUZ_clean,PIGXUZ_clean,4.56718,3.56694,4.54309,1.41248,518.542,367.114,0.0,0.0,0.408,0.288854,0.0,0,0.117483944,0.708663034,0.7648438279682402
PIYZED_clean,PIYZED_clean,7.00442,5.67284,7.00442,1.03221,2628.22,2546.21,0.0,0.0,0.7278,0.705091,0.0,0,0.051148112,0.498508705,0.49539195066325925
PIZNOB_clean_h,PIZNOB_clean_h,5.81424,4.85489,5.81424,1.50508,1940.53,1289.33,0.0,0.0,0.5884,0.390944,0.0,1,0.077281224,0.694687812,0.6822114494309498
PIZQUM_clean,PIZQUM_clean,5.38703,4.44024,5.38703,1.21672,1189.38,977.523,0.0,0.0,0.5254,0.431815,0.0,1,0.191645657,1.383841714,1.3745948986413197
POBNEA_clean,POBNEA_clean,12.6133,10.84896,12.6133,0.646582,1753.98,2712.69,2.26513,3.50323,0.7374,1.14046,0.0,1,0.072427947,0.712989057,0.6991163658821744
PODVIP_clean,PODVIP_clean,4.42056,3.62761,4.42056,2.28386,243.746,106.725,0.0,0.0,0.3946,0.172778,0.0,1,0.042672834,0.286615489,0.3225276413372731
POFSIN04_clean,POFSIN04_clean,6.97392,5.62462,6.97392,1.04699,2616.52,2499.1,0.0,0.0,0.7262,0.69361,0.0,0,0.05211758,0.50060345,0.507917668858265
POKTIU_clean,POKTIU_clean,5.25513,3.88718,5.24992,2.03578,584.018,286.877,0.0,0.0,0.4004,0.196682,0.0,1,0.037900479,0.309991322,0.290499553433002
PONSOC_clean,PONSOC_clean,7.4772,6.20805,7.45867,0.784087,1906.95,2432.06,0.0,0.0,0.6546,0.834856,0.0,1,0.144938443,1.323593158,1.264368812976683
PORLEP_clean,PORLEP_clean,7.93943,4.67024,7.92199,1.76214,638.871,362.555,235.766,133.795,0.4966,0.281817,0.0,1,0.060353034,0.440632592,0.4735178548213917
POYPAW_clean,POYPAW_clean,7.97392,4.92371,7.96142,0.954107,1622.71,1700.76,0.0,0.0,0.5818,0.609785,0.0,0,0.24587812,1.871460764,1.8452283377616483
PUDSOX_clean,PUDSOX_clean,7.03254,5.77219,7.03254,1.04422,2164.07,2072.42,0.0,0.0,0.654,0.626304,0.0,1,0.143112965,1.219484789,1.2486521766995782
PUGSUH_clean,PUGSUH_clean,9.30915,8.71365,9.30507,0.821567,2358.23,2870.4,0.0,0.0,0.708,0.861767,0.0,1,0.151754202,1.406627867,1.3691675182036176
PUKVAU_clean,PUKVAU_clean,6.34308,4.86227,6.34308,1.0986,1347.83,1226.86,0.0,0.0,0.5706,0.519389,0.0,1,0.072306773,0.65957272,0.6511666142365661
PUMNOB_clean,PUMNOB_clean,5.46311,3.57221,5.46311,1.50782,1496.51,992.504,0.0,0.0,0.6142,0.407344,0.0,1,0.052623941,0.487052488,0.4966307999917432
PUNSIB_clean,PUNSIB_clean,5.01625,3.57988,5.00209,1.32619,942.101,710.383,0.0,0.0,0.5344,0.402959,0.0,0,0.071559442,0.596864161,0.6015986191354106
PUPHUE_clean,PUPHUE_clean,7.11215,6.70655,7.11215,0.937093,954.53,1018.61,0.0,0.0,0.5324,0.56814,0.0,1,0.110208418,0.914065994,0.9253948052014727
PURJIW_clean,PURJIW_clean,8.03037,6.16762,8.02661,0.894418,1849.84,2068.21,0.0,0.0,0.6498,0.726506,0.0,1,0.140632078,1.23429121,1.24842438147183
PUYZUF_clean,PUYZUF_clean,5.69776,3.92558,5.6607,1.26995,1498.86,1180.25,0.0,0.0,0.59,0.464585,0.0,0,0.20351783,1.413812806,1.589844207055261
PUZJOL_clean,PUZJOL_clean,4.83061,4.03981,4.83061,1.24259,1148.92,924.616,0.0,0.0,0.519,0.417676,0.0,0,0.262982606,1.732058105,1.7335265210983053
PUZKUS_clean,PUZKUS_clean,5.50979,4.91819,5.49321,1.14051,1329.3,1165.53,0.0,0.0,0.5506,0.482765,0.0,1,0.259863432,1.788687399,1.7474722535474705
QADWEA_clean,QADWEA_clean,4.644,4.03482,4.644,1.80951,763.808,422.108,0.0,0.0,0.4542,0.251007,0.0,0,0.150516493,1.031674865,0.9625227295867272
QALHES_clean,QALHES_clean,7.67318,4.16213,7.67318,1.424,1678.65,1178.83,0.0,0.0,0.625,0.438904,0.0,1,0.078447379,0.721770124,0.7080419450815874
QAPQEE_clean,QAPQEE_clean,4.84641,3.70884,4.84641,1.26705,1206.55,952.253,0.0,0.0,0.5406,0.426661,0.0,1,0.103905101,0.899509459,0.8587150962473609
QAQHOG_clean,QAQHOG_clean,4.07536,3.5864,4.07536,2.36311,463.12,195.979,0.0,0.0,0.3764,0.159282,0.0,1,0.221237923,1.073861264,1.2332254291883704
QAVBUL_clean,QAVBUL_clean,12.14778,9.97355,12.14778,1.03126,1437.46,1393.89,0.0,0.0,0.626,0.607023,0.0,1,0.07014893,0.673268996,0.650383656342737
QAWDID_clean,QAWDID_clean,8.86764,6.4582,8.76206,0.663333,2493.74,3759.41,0.0,0.0,0.781,1.17739,0.0,1,0.103144938,1.007326387,0.9877372419915192
QEBGEL_clean,QEBGEL_clean,6.08453,4.84553,6.08453,1.01993,1460.11,1431.58,0.0,0.0,0.5522,0.54141,0.0,0,0.186917226,1.502564454,1.462144778933818
QEGHEP_clean,QEGHEP_clean,5.21452,3.49325,5.21452,1.29869,492.691,379.376,29.3469,22.5974,0.4466,0.343886,0.0,0,0.055420239,0.438067893,0.4365140291988585
QEPZOB_clean,QEPZOB_clean,6.00756,3.91744,6.00756,0.930353,1597.61,1717.21,0.801378,0.86137,0.6088,0.654376,0.0,1,0.093453796,0.860543615,0.829953648399248
QERWAL_clean,QERWAL_clean,6.23685,3.59052,6.23393,0.96089,1663.57,1731.28,0.0,0.0,0.5974,0.621716,0.0,0,0.182892872,1.469717636,1.5418493335841363
QIPROY_clean,QIPROY_clean,5.10002,3.64368,4.72082,0.794412,2326.28,2928.3,0.0,0.0,0.6568,0.826775,0.0,1,0.17076602,1.542966228,1.5425634608663195
QITXAU_clean,QITXAU_clean,5.33833,4.09777,5.32992,1.02323,1464.2,1430.95,0.0,0.0,0.5698,0.556862,0.0,0,0.14995733,1.205272152,1.251676581225284
QIWGOU_clean,QIWGOU_clean,4.95412,3.59777,4.40809,1.51133,204.724,135.46,222.59,147.281,0.4446,0.294179,0.0,1,0.052539554,0.404598074,0.45437047395908187
QIXSOG01_clean,QIXSOG01_clean,7.54214,5.04155,7.54214,0.607311,2915.58,4800.8,0.0,0.0,0.7764,1.27842,0.0,1,0.07559845,0.76204602,0.7536624422286208
QIXSOG_clean,QIXSOG_clean,7.51562,5.04263,7.51562,0.608086,2919.24,4800.71,0.0,0.0,0.776,1.27614,0.0,1,0.075511338,0.753795814,0.7536624422286208
QIYDAF_clean,QIYDAF_clean,22.97967,8.76388,22.97967,0.403152,1832.34,4545.03,0.0,0.0,0.8334,2.06721,0.0,1,0.125225227,1.199870829,1.2294002316665855
QIYDOT_clean,QIYDOT_clean,19.81856,17.06364,19.63981,0.211978,1346.05,6349.95,0.0,0.0,0.9118,4.30139,0.0,1,0.156407031,1.589904441,1.5322552580743587
QOCBUH_clean,QOCBUH_clean,5.62714,5.2779,5.62443,1.65942,1085.12,653.917,0.0,0.0,0.4334,0.261175,0.0,0,0.19732148,1.363464437,1.2243588534756902
QODHUO05_clean,QODHUO05_clean,7.05009,3.74248,7.03715,1.31954,1023.92,775.964,0.0,0.0,0.4934,0.373918,0.0,1,0.082716987,0.684605582,0.6850056829699924
QODHUO07_clean,QODHUO07_clean,7.03774,3.77448,6.9742,1.32931,1016.48,764.667,0.0,0.0,0.4848,0.364699,0.0,1,0.085406388,0.690795931,0.7012144061386487
QODHUO09_clean,QODHUO09_clean,7.01869,3.81528,6.63722,1.33794,1007.41,752.957,0.0,0.0,0.4858,0.363096,0.0,1,0.087446912,0.695855888,0.7228718523257534
QODHUO10_clean,QODHUO10_clean,7.01033,3.79821,6.75812,1.33845,1014.35,757.851,0.0,0.0,0.488,0.364601,0.0,1,0.086376915,0.693396089,0.7022660823586027
QODHUO_clean,QODHUO_clean,7.01702,3.80696,7.00767,1.33459,1022.86,766.423,0.0,0.0,0.4802,0.35981,0.0,1,0.084386694,0.698639904,0.6935869618511524
QODPOQ_clean,QODPOQ_clean,7.05519,3.79599,6.7273,1.31521,1027.79,781.463,0.0,0.0,0.4944,0.37591,0.0,1,0.085152601,0.696608883,0.6967137158929181
QODSUZ_clean,QODSUZ_clean,7.02333,3.67551,6.68721,1.32015,1014.75,768.665,0.0,0.0,0.4954,0.375261,0.0,1,0.083383527,0.688284103,0.6881666545654513
QOFDEW_clean,QOFDEW_clean,7.03046,3.79465,6.68948,1.32008,1029.49,779.869,0.0,0.0,0.4982,0.377401,0.0,1,0.084515809,0.696781793,0.6924290102037154
QOFDOG_clean,QOFDOG_clean,7.06378,3.79902,6.95616,1.31604,1025.34,779.109,0.0,0.0,0.4946,0.375823,0.0,1,0.084546486,0.69310792,0.6928745391272938
QOFLAA_clean,QOFLAA_clean,9.67197,6.44372,9.67197,0.77122,2332.16,3023.99,0.0,0.0,0.771,0.999714,0.0,1,0.083679123,0.811748139,0.7926108725237726
QOMDUS_clean,QOMDUS_clean,5.73732,4.27265,5.65548,1.56934,1252.52,798.122,0.0,0.0,0.5388,0.343329,0.0,1,0.12823638,0.951501702,0.9866273242941768
QOMSAO_clean,QOMSAO_clean,6.28295,5.19194,6.16876,0.913349,2335.71,2557.31,0.0,0.0,0.6626,0.725462,0.0,1,0.13267716,1.183127322,1.179171420523722
QONLAI_clean,QONLAI_clean,6.10211,4.91381,6.0286,0.939951,2318.74,2466.88,0.0,0.0,0.6558,0.697696,0.0,1,0.138246798,1.21875894,1.2494138767831775
QOSJEP_clean,QOSJEP_clean,5.95986,5.08733,5.90424,1.45523,1476.39,1014.54,0.0,0.0,0.5466,0.37561,0.0,1,0.101602637,0.851369449,0.8477380734663724
QOVDAH_clean,QOVDAH_clean,9.81819,9.19443,9.81819,1.3396,1377.74,1028.47,0.0,0.0,0.5818,0.434308,0.0,1,0.036499501,0.34734612,0.3674210039616791
QOWRAV04_clean,QOWRAV04_clean,16.39644,5.24663,16.39644,0.717349,2130.73,2970.28,0.0,0.0,0.7132,0.994216,0.0,1,0.164119706,1.469859917,1.4639548896659251
QOWRAV05_clean,QOWRAV05_clean,16.38928,5.24682,16.38928,0.717588,2130.87,2969.49,0.0,0.0,0.7132,0.993885,0.0,1,0.164542918,1.461584819,1.4639548896659251
QOWRAV07_clean,QOWRAV07_clean,16.36646,5.23896,16.35136,0.718227,2134.13,2971.38,0.0,0.0,0.7136,0.993558,0.0,1,0.167171254,1.474311379,1.4961350987686994
QOWRAV10_clean,QOWRAV10_clean,16.32287,5.22574,16.32052,0.719907,2137.74,2969.47,0.0,0.0,0.7132,0.990684,0.0,1,0.164991892,1.478043012,1.4639548896659251
QUDJIJ_clean,QUDJIJ_clean,5.71523,4.47901,5.71444,1.04798,1842.24,1757.9,0.0,0.0,0.5918,0.564707,0.0,1,0.221258731,1.769095595,1.7459701633443454
QUDJOP_clean,QUDJOP_clean,6.19638,4.53832,6.17045,1.05792,1773.86,1676.75,0.0,0.0,0.5902,0.557888,0.0,1,0.255884929,1.927091502,1.9153129660680617
QUJJUC_clean,QUJJUC_clean,6.37183,4.25289,6.36461,1.09976,2598.54,2362.82,0.0821372,0.0746863,0.689,0.626499,0.0,0,0.120418468,1.118589903,1.1004878568733818
QUNVIG_clean,QUNVIG_clean,7.99116,6.98056,7.99116,0.854766,1939.43,2268.96,0.0,0.0,0.6666,0.779862,0.0,0,0.089140413,0.853417839,0.8510074062293376
QUPHUF_clean,QUPHUF_clean,5.02709,3.72665,4.99488,1.27657,629.658,493.241,0.0,0.0,0.4654,0.36457,0.0,1,0.18264676,1.039235922,1.1451546355332483
QUQFIS_clean,QUQFIS_clean,7.94677,5.42884,7.94677,0.862455,2489.26,2886.25,0.0,0.0,0.7028,0.814884,0.0,1,0.236643944,2.020670364,2.0472679902689346
QUQGAL_clean,QUQGAL_clean,5.24917,3.7405,5.24587,0.948381,1199.28,1264.55,0.0,0.0,0.5468,0.576561,0.0,1,0.185788907,1.484192264,1.4279082028538852
QUQPOI_SL,QUQPOI_SL,6.67917,4.16594,6.67917,0.777338,2276.92,2929.12,0.0,0.0,0.6518,0.838503,0.0,0,0.277235045,2.343290428,2.2573821533691314
QUQYUY_clean,QUQYUY_clean,5.26261,4.12424,5.26261,2.16673,1285.57,593.325,0.0,0.0,0.5212,0.240547,0.0,1,0.077247974,0.625873908,0.6129260880629522
QURSEC_clean,QURSEC_clean,6.73488,4.98598,6.69979,1.11309,1471.92,1322.37,0.0,0.0,0.585,0.525564,0.0,1,0.149841215,1.166920869,1.240113538157155
QUSRIH_clean,QUSRIH_clean,4.38791,3.69157,4.27847,1.86379,1077.12,577.916,0.0,0.0,0.549,0.294561,0.0,1,0.09415211,0.752524536,0.761081684078667
RAGMOE_clean,RAGMOE_clean,5.90739,4.56726,5.89705,1.28251,410.79,320.302,304.548,237.463,0.4784,0.373019,0.0,0,0.352644992,1.653698761,1.7141759025401542
RASXIT_clean,RASXIT_clean,5.08501,3.51139,5.08501,2.43093,644.893,265.287,0.0,0.0,0.4018,0.165287,0.0,1,0.057065308,0.395171072,0.4138976079215342
RATRUB_clean,RATRUB_clean,5.58846,4.62948,5.58392,1.75407,1139.55,649.659,0.0,0.0,0.5118,0.291778,0.0,1,0.162407572,1.08284048,1.1009703796986177
RAVVIU01_clean,RAVVIU01_clean,4.59869,3.5679,4.59657,1.86048,691.944,371.917,0.0,0.0,0.4344,0.233488,0.0,0,0.061716205,0.513440849,0.4879849966284963
RAVVIU_clean,RAVVIU_clean,4.57827,3.5768,4.571,1.86654,688.219,368.714,0.0,0.0,0.4312,0.231016,0.0,0,0.061633848,0.515095751,0.4870603739949241
RAVWES_clean,RAVWES_clean,24.44059,23.62721,24.44059,0.439059,1246.56,2839.17,0.0,0.0,0.7912,1.80203,0.0,1,0.158058833,1.446228202,1.408168779481839
RAVXAP_clean,RAVXAP_clean,34.85961,34.35542,34.85961,0.286106,1008.2,3523.86,0.0,0.0,0.8406,2.93808,0.0,1,0.143451852,1.346576994,1.3494257982657842
RAVXIX_clean,RAVXIX_clean,53.57674,53.26429,53.57674,0.23463,734.576,3130.78,0.0,0.0,0.8668,3.69432,0.0,0,0.144128002,1.343953,1.3659229560255641
RAVXOD_clean,RAVXOD_clean,71.64119,71.50197,71.64119,0.179103,619.991,3461.66,0.0,0.0,0.8986,5.01724,0.0,1,0.157764199,1.508944174,1.5870589971190587
RAXQEO_clean,RAXQEO_clean,8.85312,4.24768,8.85312,0.848051,1428.37,1684.3,0.0,0.0,0.631,0.744059,0.0,1,0.088169506,0.814305389,0.8140562827674697
RAYLAG_clean,RAYLAG_clean,8.06325,5.70271,8.06325,1.05948,1118.14,1055.37,0.0,0.0,0.5424,0.511951,0.0,1,0.110590654,0.914061484,0.8907395022510648
RAYMAG_clean,RAYMAG_clean,6.11234,4.00379,6.11037,0.853384,2274.69,2665.5,0.0,0.0,0.6316,0.740112,0.0,1,0.199677702,1.698991026,1.725290986265495
RAZGOQ_clean,RAZGOQ_clean,5.22922,5.1443,5.20974,1.6171,770.443,476.435,163.357,101.019,0.5102,0.315503,0.0,1,0.061271841,0.537557877,0.5016890149788533
REGQUR_clean,REGQUR_clean,6.37556,5.47534,6.06532,1.03259,2464.11,2386.34,0.0,0.0,0.6836,0.662025,0.0,1,0.166068186,1.45844835,1.4558743074786955
REGRAY_clean,REGRAY_clean,9.45537,5.54963,9.26082,0.925798,2318.33,2504.14,0.0,0.0,0.7126,0.769715,0.0,1,0.13982879,1.257538974,1.254599498055053
REHHOD_clean,REHHOD_clean,9.5023,7.30426,9.5023,0.978772,2065.68,2110.48,0.0,0.0,0.6764,0.69107,0.0,1,0.116745785,1.045537569,1.0508956817855049
REHVAD_clean,REHVAD_clean,5.39014,4.09776,5.39014,1.21945,848.775,696.033,0.0,0.0,0.4626,0.379352,0.0,0,0.206670778,1.299989971,1.253860719644033
REWNEO01_clean,REWNEO01_clean,18.51106,6.94262,11.7916,0.597667,2260.57,3782.32,0.0,0.0,0.7806,1.30608,0.0,1,0.144285788,1.354186393,1.34648607729592
REWNEO_clean,REWNEO_clean,19.37323,6.76945,10.17378,0.57834,2196.18,3797.39,0.0,0.0,0.79,1.36598,0.0,1,0.143936096,1.350908333,1.3317166708757147
REXCII_clean,REXCII_clean,8.08493,5.70512,8.08493,1.37969,1708.34,1238.2,0.0,0.0,0.6152,0.445897,0.0,0,0.062481809,0.577972043,0.5809428838477549
REXFEH_clean,REXFEH_clean,9.20954,5.96123,9.20203,1.33437,1715.88,1285.91,0.0,0.0,0.627,0.469885,0.0,0,0.059831413,0.567334915,0.5623048760616242
REZXIE01_clean,REZXIE01_clean,8.61957,8.10066,8.61957,0.817919,2366.84,2893.73,0.0,0.0,0.7116,0.870012,0.0,1,0.085022327,0.795331241,0.8062360312509343
REZXUQ_clean,REZXUQ_clean,15.26291,13.95995,15.26291,0.361934,1754.08,4846.42,0.0,0.0,0.8582,2.37115,0.0,1,0.109781246,1.077495662,1.084406181555972
RIBDEN_clean,RIBDEN_clean,6.08901,5.09508,6.08573,0.93229,2330.9,2500.19,0.0,0.0,0.6512,0.698495,0.0,0,0.153761784,1.383052112,1.3720359403971762
RIGTIL_clean,RIGTIL_clean,6.02864,4.29629,6.02864,1.13222,1723.76,1522.46,0.0,0.0,0.6098,0.538588,0.0,0,0.214730998,1.684026723,1.6702712868355596
RINSEM_clean,RINSEM_clean,5.77452,4.19628,5.77452,1.18323,2019.49,1706.76,0.0,0.0,0.6626,0.559992,0.0,0,0.125077524,1.087156843,1.1081648430115654
RIWMUH_clean,RIWMUH_clean,10.50032,10.04767,10.50032,0.982459,1440.31,1466.03,0.0,0.0,0.6132,0.624148,0.0,1,0.120572191,1.085021849,0.9966226519395804
RIWSUM_clean,RIWSUM_clean,5.96762,4.61739,5.59799,1.1098,1315.0,1184.9,1.14823,1.03463,0.578,0.520815,0.0,1,0.07277257,0.653763359,0.6391433693822633
RIXBIK_clean,RIXBIK_clean,6.35159,4.65776,6.34133,1.14836,1013.62,882.673,0.0,0.0,0.5162,0.449512,0.0,1,0.160636325,1.179348669,1.2066291363443982
RIYBAE_clean,RIYBAE_clean,8.18384,7.49831,8.16337,1.22176,2051.61,1679.23,0.0,0.0,0.667,0.545934,0.0,0,0.090192473,0.83407894,0.8359626727275727
RIYXIG_clean,RIYXIG_clean,5.32542,4.68558,5.29552,1.52248,1574.19,1033.97,0.0,0.0,0.575,0.377674,0.0,1,0.063263947,0.564367062,0.5731612062939584
RODBAP_clean,RODBAP_clean,7.01898,5.1049,7.00748,0.913193,2450.75,2683.71,0.0,0.0,0.7006,0.767198,0.0,1,0.095888207,0.904136756,0.9118957628940209
ROGSAI_clean,ROGSAI_clean,7.26111,4.49108,7.2508,1.17019,1831.91,1565.48,0.0,0.0,0.6072,0.51889,0.0,1,0.092987671,0.837544519,0.8221397104441275
ROMQAN_clean,ROMQAN_clean,4.67601,3.58614,4.53668,1.50157,646.168,430.33,0.0,0.0,0.452,0.301019,0.0,1,0.072640528,0.573538957,0.574303245831383
RORLIV_clean,RORLIV_clean,5.0614,3.45442,5.0614,1.30915,1167.77,892.008,0.0,0.0,0.6106,0.466408,0.0,0,0.057547031,0.509206527,0.5384317693726679
RUBDUP_clean,RUBDUP_clean,21.09518,19.24681,20.98484,0.298857,1270.61,4251.56,0.0,0.0,0.868,2.9044,0.0,1,0.130190747,1.300888303,1.266477997166512
RUFDUT_clean,RUFDUT_clean,4.69173,3.85639,4.65615,1.66558,994.805,597.274,0.0,0.0,0.4696,0.281944,0.0,1,0.160723866,1.147600009,1.0915545946697938
RUFRIV_clean,RUFRIV_clean,7.49731,4.21343,7.49731,1.44845,1008.29,696.116,0.0,0.0,0.4786,0.330421,0.0,1,0.086250103,0.711058681,0.6975784003092773
RUFTET_clean,RUFTET_clean,5.41592,3.76809,5.41592,1.32563,1019.52,769.082,0.0,0.0,0.4806,0.362546,0.0,0,0.086838032,0.729311952,0.7012494966787068
RUGXOI_clean,RUGXOI_clean,5.21341,3.72816,5.20196,1.19066,1517.77,1274.73,0.0,0.0,0.586,0.492165,0.0,0,0.246791227,1.856077237,1.8040790277382757
RUGZAW_clean,RUGZAW_clean,9.17489,7.98957,9.06653,0.92991,1617.71,1739.64,0.0,0.0,0.6164,0.66286,0.0,1,0.153226977,1.303806255,1.2959704221854293
RUHFEH_clean,RUHFEH_clean,9.84183,8.46338,9.78525,0.895692,2177.87,2431.49,0.0,0.0,0.7858,0.87731,0.0,1,0.052562121,0.52538872,0.5080702676873257
RUHFIL_clean,RUHFIL_clean,10.02499,8.76011,10.02499,0.882826,2167.55,2455.24,0.0,0.0,0.7844,0.88851,0.0,1,0.051919972,0.521263451,0.5042099719792387
RUHFUX_clean,RUHFUX_clean,9.94292,8.65457,9.91903,0.903529,2165.07,2396.24,0.0,0.0,0.7826,0.86616,0.0,1,0.051411403,0.51770526,0.49526067935636053
RULXOM_clean,RULXOM_clean,15.36971,3.55595,15.36971,0.839199,1628.5,1940.54,0.0,0.0,0.652,0.776931,0.0,0,0.202121501,1.780617332,1.7139968579461455
RURPAW_clean,RURPAW_clean,4.26453,3.57847,4.26352,2.09861,723.866,344.926,0.0,0.0,0.4906,0.233773,0.0,1,0.201761363,1.36213341,1.2782841472909214
RURPEA_clean,RURPEA_clean,4.37304,3.99561,4.36427,1.79681,1037.11,577.197,0.0,0.0,0.5372,0.298975,0.0,1,0.124443473,0.960398073,0.9928382821826374
RUVKAV_clean,RUVKAV_clean,11.95152,7.15447,11.95152,0.601684,2230.0,3706.27,0.0,0.0,0.7794,1.29537,0.0,1,0.129400701,1.229015882,1.2220050342516513
RUWZIU_clean,RUWZIU_clean,6.72021,5.65873,6.72021,1.01181,1054.68,1042.37,0.0,0.0,0.5302,0.52401,0.0,0,0.038554875,0.365853374,0.3749744163399441
RUYQIN01_clean,RUYQIN01_clean,9.71547,7.35837,9.71529,1.15099,1450.59,1260.3,0.0,0.0,0.5838,0.507215,0.0,1,0.083646096,0.775999632,0.7522870936496608
RUYQOT_clean,RUYQOT_clean,9.68542,7.26317,9.68542,1.1664,1438.72,1233.47,0.0,0.0,0.575,0.49297,0.0,1,0.082375997,0.75887399,0.7440536037713054
RUYVEO_clean,RUYVEO_clean,12.21297,10.12216,12.21297,0.962787,1461.82,1518.32,0.0,0.0,0.6354,0.659959,0.0,1,0.091833089,0.851914737,0.8355782171886518
RUYZUH_clean,RUYZUH_clean,5.57075,3.47029,5.07859,2.36782,1042.81,440.408,0.0,0.0,0.4718,0.199255,0.0,1,0.033826447,0.304897638,0.2727680776729324
S2056989016007027_zl2661sup1_clean,S2056989016007027_zl2661sup1_clean,6.51796,4.57602,6.50954,1.14323,1545.49,1351.86,0.0,0.0,0.5984,0.523428,0.0,0,0.204736116,1.580481814,1.5928263314792046
SABKIS_clean,SABKIS_clean,6.81493,5.97974,6.81375,1.3839,1674.07,1209.68,0.0,0.0,0.6086,0.439772,0.0,1,0.116487611,0.998068762,0.992621510782396
SABVUN_clean_h_min,SABVUN_clean_h_min,7.01984,6.76477,7.01984,0.978971,1612.66,1647.3,0.0,0.0,0.5868,0.599405,0.0,0,0.242325322,2.040024149,1.585508177595617
SADLIU_clean,SADLIU_clean,6.85652,6.48147,6.85652,1.67165,1571.6,940.146,0.0,0.0,0.549,0.328417,0.0,0,0.147953341,1.198648032,1.1387794331770555
SAJDIT_clean,SAJDIT_clean,7.44507,6.67773,7.44507,1.18884,1185.58,997.26,0.0,0.0,0.5216,0.438748,0.0,1,0.090862996,0.811796535,0.7945593302612134
SAQQIL_clean,SAQQIL_clean,10.65559,9.10715,10.62918,0.918282,1715.69,1868.37,0.0,0.0,0.6836,0.744434,0.0,1,0.128124253,1.148569167,1.1347593143872412
SEFVEG02_clean,SEFVEG02_clean,11.61381,3.82654,11.61381,0.901728,1567.52,1738.35,0.0,0.0,0.642,0.711966,0.0,0,0.06515656,0.627416526,0.6370776407154991
SEHVOQ_clean,SEHVOQ_clean,4.8676,3.87877,4.8676,1.74504,1289.65,739.04,0.0,0.0,0.497,0.284807,0.0,1,0.210340108,1.564251661,1.4121700466254719
SERCEZ_clean,SERCEZ_clean,10.07441,8.56931,10.07441,0.708098,2363.51,3337.82,0.0,0.0,0.7424,1.04844,0.0,1,0.154024037,1.39621003,1.3782225163319521
SERWAP_clean,SERWAP_clean,5.42763,4.05857,5.33801,0.873598,1883.71,2156.27,0.0,0.0,0.6098,0.698033,0.0,0,0.285593938,2.077263343,2.1658472600360716
SETQEP_clean,SETQEP_clean,4.49444,4.34625,4.49444,1.29869,1133.37,872.699,0.0,0.0,0.5334,0.410721,0.0,0,0.238014569,1.526002834,1.6970773681127216
SETSIV_clean,SETSIV_clean,10.19056,8.58608,10.19056,0.702208,2298.35,3273.03,0.0,0.0,0.7264,1.03445,0.0,1,0.139371737,1.318839999,1.277741146530066
SEVLEM_clean,SEVLEM_clean,9.1752,7.37433,9.1752,0.963135,2062.24,2141.17,0.0,0.0,0.6686,0.694191,0.0,1,0.079289353,0.71404586,0.756325908949922
SEYQIW_clean,SEYQIW_clean,5.89707,5.20358,5.89707,1.03265,2825.78,2736.42,0.0,0.0,0.6948,0.672829,0.0,0,0.112113615,1.044774903,1.0459527212454884
SICZOV_clean,SICZOV_clean,18.76086,11.86635,18.76086,0.419881,1773.06,4222.76,0.0,0.0,0.8408,2.00247,0.0,1,0.145122071,1.365952803,1.3660549551346535
SIDCAL_clean,SIDCAL_clean,9.18075,7.95829,9.18075,1.0779,1545.97,1434.24,0.0,0.0,0.5948,0.551815,0.0,0,0.099808726,0.831322724,0.9100285543385779
SISQIW_clean,SISQIW_clean,6.00511,5.20372,6.00511,1.61583,1236.89,765.482,0.0,0.0,0.521,0.322434,0.0,1,0.148486634,1.087922941,1.0972585326809214
SIVJIS_clean,SIVJIS_clean,6.47513,4.62269,6.40533,1.38853,1236.89,890.797,0.0,0.0,0.5274,0.379827,0.0,0,0.151417365,1.070023242,1.12890199142756
SIWSUO_clean,SIWSUO_clean,4.95346,3.52092,4.93971,1.30798,969.125,740.933,0.0,0.0,0.499,0.381505,0.0,1,0.295801167,1.786004919,1.7241281538830697
SOBTUY_clean,SOBTUY_clean,5.30158,4.93345,5.25562,1.24028,1722.57,1388.85,0.0,0.0,0.5708,0.460217,0.0,1,0.069704543,0.631918748,0.6407077518068894
SODZIV_clean,SODZIV_clean,6.23207,5.25681,6.23207,1.2688,1153.66,909.256,0.0,0.0,0.5338,0.420714,0.0,1,0.083335421,0.716299383,0.6953902112198692
SOHBUO_clean,SOHBUO_clean,4.82292,4.04207,4.82292,1.2506,823.12,658.177,0.0,0.0,0.481,0.384614,0.0,1,0.109032436,0.831958127,0.8443215605596313
SOHGUS_clean,SOHGUS_clean,9.69532,8.17838,9.6883,0.723839,1841.74,2544.41,0.0,0.0,0.707,0.976737,0.0,0,0.125642253,1.179784772,1.1476492189581178
SOKWAS01_clean,SOKWAS01_clean,5.31439,4.17423,5.31439,1.94035,1774.06,914.299,0.0,0.0,0.5988,0.308604,0.0,1,0.081129637,0.687255214,0.6897378706686044
SOMFIK_clean,SOMFIK_clean,6.73279,6.35537,6.73279,1.03071,2266.62,2199.08,0.0,0.0,0.6584,0.63878,0.0,0,0.22296058,1.920947375,1.8961015288641372
SONTAR_manual,SONTAR_manual,6.97799,5.28288,6.97799,1.00094,2334.34,2332.14,0.0,0.0,0.674,0.673365,0.0,1,0.103132955,0.936144677,0.9459419428054644
SOTWOP_clean,SOTWOP_clean,6.21348,5.18247,6.21348,1.16378,2263.81,1945.21,0.0,0.0,0.6514,0.559726,0.0,1,0.095287086,0.856580793,0.8733444407017733
SOTWUV_clean,SOTWUV_clean,6.18672,5.12197,6.18672,1.20466,2258.56,1874.85,0.0,0.0,0.6516,0.540898,0.0,1,0.095549857,0.856641813,0.8767929725096729
SOVHAM_clean,SOVHAM_clean,4.88485,4.19849,4.88485,1.17469,1409.46,1199.86,0.0,0.0,0.5526,0.470422,0.0,1,0.103321348,0.874413632,0.8867288957910401
SOVHOA_clean,SOVHOA_clean,4.19176,3.82361,4.19176,1.2075,1328.47,1100.17,0.0,0.0,0.5406,0.4477,0.0,1,0.086652743,0.748618189,0.7732696876527019
SOXDAM_clean,SOXDAM_clean,7.87287,4.28499,7.87287,1.75813,1069.27,608.188,0.0,0.0,0.4738,0.26949,0.0,1,0.107420135,0.845715987,0.8178670033257712
SUGVUM_clean,SUGVUM_clean,5.79435,4.06776,5.78784,1.1064,1279.06,1156.05,0.0,0.0,0.5442,0.491863,0.0,1,0.227089502,1.783427253,1.6699093771563478
SUNJIV_clean,SUNJIV_clean,4.89155,3.90131,4.73471,1.36084,1754.51,1289.29,0.0,0.0,0.5968,0.438553,0.0,1,0.148384733,1.235584078,1.1984794058661614
SUQHUJ_clean,SUQHUJ_clean,7.25953,5.23411,7.25953,1.08539,2701.3,2488.77,0.0,0.0,0.709,0.653219,0.0,1,0.188186731,1.685870789,1.6238793298911627
TACPET_clean,TACPET_clean,6.03338,5.92233,6.03037,1.73347,616.775,355.803,0.0,0.0,0.4186,0.241481,0.0,0,0.079511881,0.531019613,0.5956554538949637
TADYEE_clean,TADYEE_clean,6.41454,5.84385,6.41454,1.06115,1369.43,1290.51,0.0,0.0,0.545,0.513592,0.0,0,0.08137417,0.733677093,0.73497260374974
TADYII_clean,TADYII_clean,4.96323,4.04573,4.95818,1.11527,1604.24,1438.44,0.0,0.0,0.5578,0.500149,0.0,0,0.068287071,0.620812254,0.6384096496108004
TAGTED_clean,TAGTED_clean,7.12719,5.34262,7.10815,0.804618,2476.05,3077.29,0.0,0.0,0.6892,0.856555,0.0,1,0.147692961,1.340800991,1.3710207579827385
TAGTIH_clean,TAGTIH_clean,7.18408,5.4183,7.18408,0.735724,2753.27,3742.25,0.0,0.0,0.7098,0.964764,0.0,1,0.153215961,1.411817042,1.4212445417742177
TASFAU_clean,TASFAU_clean,11.93851,7.45098,11.93851,0.561345,2465.98,4393.0,0.0,0.0,0.7892,1.40591,0.0,1,0.098144994,0.941365489,0.9683631034765015
TASWIV_clean,TASWIV_clean,7.31506,6.71653,7.31506,1.25001,1853.82,1483.05,0.0,0.0,0.6122,0.489757,0.0,1,0.089558201,0.805304714,0.8007101049768616
TAWTAP_clean,TAWTAP_clean,4.72389,3.94843,4.7043,1.63068,1518.12,930.97,0.0,0.0,0.6006,0.368312,0.0,0,0.220180617,1.646889443,1.6193976812893092
TAWYUO_clean,TAWYUO_clean,7.27421,6.44823,7.26586,0.918654,1410.21,1535.08,0.0,0.0,0.5716,0.622215,0.0,1,0.139639724,1.176661947,1.2116037911045532
TAZYAV_clean,TAZYAV_clean,6.36917,5.18527,6.3624,0.882052,2917.95,3308.15,0.0,0.0,0.7278,0.825122,0.0,0,0.084774913,0.797384833,0.8028118652566667
TECVEE_clean,TECVEE_clean,6.29319,4.18887,6.28108,1.16711,1136.4,973.681,0.0,0.0,0.5084,0.435605,0.0,1,0.156025553,1.143432691,1.1723998383600875
TEFWIL_clean,TEFWIL_clean,18.12979,5.71178,18.12979,1.1222,1588.21,1415.26,0.0,0.0,0.6436,0.573515,0.0,0,0.10185082,0.79795555,0.908252032827649
TEFWOR_clean,TEFWOR_clean,8.09113,4.61719,8.09113,1.43313,1313.7,916.666,0.0,0.0,0.5436,0.379311,0.0,0,0.203168034,1.144612878,1.4714026389996286
TEHWEK_clean,TEHWEK_clean,5.04484,3.57491,5.04484,1.22875,1458.35,1186.85,0.0,0.0,0.6306,0.513203,0.0,0,0.128238488,1.050992159,1.0896253158730786
TEJGIA_clean,TEJGIA_clean,4.64155,3.86357,4.62359,1.88003,1035.3,550.681,0.0,0.0,0.4662,0.247975,0.0,1,0.048400724,0.438138283,0.4240703849104187
TENLIJ_clean,TENLIJ_clean,5.37557,4.41973,5.36241,1.14422,1308.35,1143.45,0.0,0.0,0.5684,0.496758,0.0,0,0.18696971,1.400031882,1.4071385477793363
TEQWER01_clean,TEQWER01_clean,4.21874,3.59841,4.17878,1.6409,883.632,538.504,0.0,0.0,0.5372,0.327381,0.0,1,0.081084823,0.676818014,0.674929093771098
TEQWER_clean,TEQWER_clean,4.21138,3.62218,4.19081,1.63762,863.669,527.392,0.0,0.0,0.5414,0.330601,0.0,1,0.080847549,0.669572016,0.6747478768477218
TETWEW_clean,TETWEW_clean,6.01008,3.97081,5.72262,2.0273,1705.36,841.198,0.0,0.0,0.5372,0.264983,0.0,1,0.041004548,0.384348393,0.3792286646058517
TEVZOK_clean,TEVZOK_clean,4.56897,3.54471,4.54551,1.97903,632.114,319.407,0.0,0.0,0.4392,0.221927,0.0,0,0.109803658,0.777635063,0.7459235502835717
TEVZUQ_clean,TEVZUQ_clean,4.84681,3.6521,4.84681,1.89478,778.542,410.888,0.0,0.0,0.4634,0.244567,0.0,0,0.117659009,0.806956742,0.8042297125883051
TIDKAS_clean,TIDKAS_clean,5.39311,4.19786,5.39311,1.06903,921.952,862.419,0.0,0.0,0.508,0.475197,0.0,1,0.116122311,0.951137252,0.9395535744321843
TIDLEZ_clean,TIDLEZ_clean,7.0595,6.90616,7.0592,1.03857,2192.07,2110.66,0.0,0.0,0.6778,0.652626,0.0,0,0.074721748,0.718436101,0.7703345641182507
TIGVUC_clean,TIGVUC_clean,4.87344,3.46442,4.87344,1.07454,850.662,791.651,5.08913,4.73609,0.5344,0.497328,0.0,1,0.118466558,0.927721718,0.9576378102803493
TILHAZ_clean,TILHAZ_clean,7.88517,4.63235,7.88517,1.00373,1853.27,1846.38,0.563729,0.561634,0.6258,0.623475,0.0,1,0.071461767,0.682568842,0.668703891070683
TILVUF_clean,TILVUF_clean,5.76983,4.47642,5.76568,1.10794,2807.97,2534.4,0.0,0.0,0.7218,0.651478,0.0,0,0.049316292,0.48475257,0.45626661405364755
TIQHEH_clean,TIQHEH_clean,4.93102,3.44222,4.63541,1.5902,461.876,290.452,0.0,0.0,0.3816,0.23997,0.0,0,0.050861577,0.422725203,0.39987241579747823
TIRRIW_clean,TIRRIW_clean,6.09614,5.02444,6.09614,1.07096,1529.04,1427.73,0.0,0.0,0.5558,0.518974,0.0,0,0.215293943,1.664274114,1.611141166207292
TISGUY_clean,TISGUY_clean,5.93335,3.50712,5.93065,1.25359,678.031,540.871,0.0,0.0,0.466,0.371732,0.0,1,0.030557959,0.282909885,0.2709022130493928
TIXCIO_clean,TIXCIO_clean,8.51649,4.04507,8.50623,0.818285,2218.52,2711.18,0.0,0.0,0.665,0.812676,0.0,0,0.212124928,1.875626046,1.823754605366262
TIXMIX_clean,TIXMIX_clean,5.48641,4.37851,5.43408,1.55041,1423.25,917.982,0.0,0.0,0.5816,0.375127,0.0,0,0.114683886,0.917367579,0.9498907258954669
TOBKAY_clean,TOBKAY_clean,10.72174,9.5428,10.71607,1.08933,1630.18,1496.5,0.0,0.0,0.666,0.611383,0.0,1,0.102168098,0.939674083,0.9411107203030097
TOBKEC_clean,TOBKEC_clean,10.11718,8.98959,10.11479,1.13998,1639.27,1437.98,0.0,0.0,0.6544,0.574044,0.0,1,0.102401873,0.945759388,0.9420599237453454
TOHQEO_clean,TOHQEO_clean,5.89344,4.18847,5.89146,0.984353,1685.69,1712.48,0.0,0.0,0.5842,0.593486,0.0,0,0.244236502,1.90601296,1.8648062888057784
TOHSAL_clean,TOHSAL_clean,9.79069,6.17903,9.78331,0.576207,2737.54,4750.96,0.0,0.0,0.7668,1.33077,0.0,1,0.160780276,1.512686459,1.4806619234776703
TOLGOR_clean,TOLGOR_clean,5.98694,4.00719,5.95033,1.17836,1406.99,1194.02,0.0,0.0,0.5528,0.469125,0.0,1,0.161066167,1.233927363,1.2661810856735138
TORJAN_clean,TORJAN_clean,5.41891,3.81819,5.4137,1.12525,1554.01,1381.04,0.0,0.0,0.5844,0.519353,0.0,1,0.107172692,0.894827863,0.9391348013419272
TORJIV_clean,TORJIV_clean,5.15558,3.73306,5.14713,1.14909,1453.8,1265.17,0.0,0.0,0.5738,0.499351,0.0,1,0.108280936,0.903315145,0.938961380544066
TORKES_clean,TORKES_clean,5.31982,3.78089,5.2376,1.14355,1498.22,1310.14,0.0,0.0,0.5788,0.506141,0.0,1,0.109874466,0.91741952,0.9521222508520033
TOVJUL_clean,TOVJUL_clean,7.14215,5.30329,7.13909,0.862488,2071.68,2401.98,0.0,0.0,0.6594,0.764532,0.0,1,0.170923456,1.295670532,1.4529697563352555
TOWLIC_clean,TOWLIC_clean,6.99656,4.17509,6.73263,1.1525,2487.14,2158.04,0.0,0.0,0.672,0.58308,0.0,1,0.100280041,0.905774135,0.9147097557800764
TOWPEC_clean,TOWPEC_clean,10.15584,5.70866,7.95557,0.889254,1486.62,1671.76,593.787,667.736,0.6774,0.761762,0.0,1,0.162396832,1.46398886,1.4251227847303307
TUBCEA_clean,TUBCEA_clean,5.6085,3.84866,5.6085,1.73795,888.172,511.045,0.0,0.0,0.4598,0.264564,0.0,1,0.121445871,0.847427542,0.8232903923827929
TUDQOZ_clean,TUDQOZ_clean,4.7672,3.81876,4.49087,1.57647,290.479,184.259,229.56,145.616,0.4148,0.263119,0.0,0,0.132750618,0.803500283,0.7824446030585919
TUJGIQ_clean,TUJGIQ_clean,5.65806,4.28444,5.64037,1.20241,974.646,810.578,0.0,0.0,0.5012,0.41683,0.0,1,0.120754006,0.959448442,0.9536858676776465
TURDUH_clean,TURDUH_clean,6.62446,4.36886,6.61015,1.02982,1359.58,1320.21,0.0,0.0,0.5506,0.534658,0.0,0,0.152951877,1.286970765,1.2691383522703925
TURFAP_clean,TURFAP_clean,6.01435,4.39558,5.97493,1.05478,1276.17,1209.89,0.0,0.0,0.5208,0.493754,0.0,0,0.155739583,1.27094398,1.2143457654245833
TUYFIE_clean,TUYFIE_clean,5.48587,4.03732,5.48587,1.18223,1310.67,1108.64,0.0,0.0,0.5692,0.481463,0.0,1,0.287150188,1.864165704,1.9301987558779532
UBIBUF_clean,UBIBUF_clean,11.65323,7.63405,11.12586,0.757644,2339.26,3087.55,0.0,0.0,0.745,0.983311,0.0,1,0.140984763,1.29979937,1.2937693713600167
UBUMAH_clean,UBUMAH_clean,7.09336,6.41082,6.96082,0.845931,2610.44,3085.88,0.0,0.0,0.7132,0.843094,0.0,1,0.133465008,1.224033697,1.2370937203484194
UCAXEC_clean,UCAXEC_clean,4.65972,3.79898,4.65972,1.24715,773.765,620.428,0.335064,0.268664,0.4924,0.394821,0.0,1,0.130678806,0.958596853,0.9971584945935579
UCEXEG_clean,UCEXEG_clean,6.31608,4.83612,6.30774,1.45624,1389.21,953.967,0.0,0.0,0.5674,0.389633,0.0,1,0.121622374,0.980783248,0.9879291313447884
UCOJAZ_clean,UCOJAZ_clean,8.09472,7.35206,8.09472,1.24694,2013.79,1614.99,0.0,0.0,0.6576,0.527372,0.0,1,0.09058944,0.823535277,0.8293137861805868
UFEXEJ_clean,UFEXEJ_clean,5.30731,5.14101,5.30608,2.3365,1189.34,509.026,0.0,0.0,0.4796,0.205264,0.0,1,0.074491181,0.593848212,0.5936037253971266
UGUHEK_clean,UGUHEK_clean,4.77594,4.10655,4.77594,1.75746,691.545,393.492,145.139,82.5845,0.5694,0.323991,0.0,1,0.029866102,0.287147549,0.285664090194049
UHUPOD01_clean,UHUPOD01_clean,33.07784,21.40391,33.07784,0.19136,873.381,4564.06,0.0,0.0,0.937,4.89652,0.0,0,0.171310606,1.647223796,1.7302225143574064
UJAQEC_clean,UJAQEC_clean,4.46683,3.5414,4.46683,1.21484,1347.94,1109.56,67.5496,55.6038,0.5582,0.459485,0.0,1,0.198962905,1.652461279,1.554490147314592
UKAZEM_clean,UKAZEM_clean,10.77132,8.65206,10.76899,0.789293,2030.11,2572.07,0.0,0.0,0.7756,0.982652,0.0,1,0.052317552,0.522555033,0.5080218121686051
UKIQOV_clean,UKIQOV_clean,13.66711,9.63813,13.66009,0.628902,2104.6,3346.47,0.0,0.0,0.7776,1.23644,0.0,1,0.140770446,1.304248286,1.3012654069423264
UKOZOK_clean,UKOZOK_clean,5.16699,3.99697,5.16538,2.08607,1456.61,698.257,0.0,0.0,0.5214,0.249944,0.0,1,0.094965886,0.74863906,0.7653768664716203
ULASAD_clean,ULASAD_clean,8.38485,6.51445,8.17533,0.647842,2428.58,3748.72,0.0,0.0,0.7298,1.12651,0.0,1,0.067633785,0.666999145,0.6855071376302545
ULEGOH_clean,ULEGOH_clean,6.13177,4.39371,6.11357,1.30509,966.034,740.207,0.0,0.0,0.4766,0.365187,0.0,1,0.131036261,0.865846923,0.9836576068933679
ULOKAJ_clean,ULOKAJ_clean,8.7673,6.34979,8.7673,1.30492,1735.79,1330.19,0.0,0.0,0.637,0.488152,0.0,0,0.061571353,0.583523655,0.581669246072787
ULOLIS_clean,ULOLIS_clean,8.54677,6.10924,8.54677,1.32937,1733.05,1303.66,0.0,0.0,0.6388,0.480529,0.0,0,0.061784649,0.584730363,0.584313576424146
ULOMAL_clean,ULOMAL_clean,8.86217,6.43433,8.86217,1.31015,1733.6,1323.21,0.0,0.0,0.6522,0.497807,0.0,0,0.060510799,0.580047732,0.5634589096960206
ULUVUT_clean,ULUVUT_clean,5.14269,4.75945,5.14269,1.14921,1898.67,1652.16,0.0,0.0,0.6398,0.556733,0.0,0,0.150021521,1.241949651,1.292645285767361
UMEKEE_clean,UMEKEE_clean,8.30632,6.09762,8.27233,0.751545,2616.23,3481.13,0.0,0.0,0.734,0.976654,0.0,0,0.13868493,1.29836284,1.2959005626992528
UMIZEX_clean,UMIZEX_clean,6.27903,5.11829,6.27347,1.43647,1654.12,1151.52,0.0,0.0,0.554,0.385668,0.0,1,0.120671286,0.997416992,0.9916577373921129
UMOBEF01_clean,UMOBEF01_clean,11.72616,5.98085,11.72563,0.505624,2624.2,5190.03,0.0,0.0,0.792,1.56638,0.0,1,0.145461261,1.402157964,1.4121122047109984
UMOBEF02_clean,UMOBEF02_clean,11.74556,6.09657,11.74553,0.512375,2648.86,5169.77,0.0,0.0,0.7876,1.53716,0.0,1,0.151901748,1.448324981,1.4380995763303945
UMOBEF03_clean,UMOBEF03_clean,11.19548,6.07261,11.19529,0.54262,2779.47,5122.32,0.0,0.0,0.775,1.42826,0.0,1,0.159663623,1.505331574,1.4916802970457752
UMODEH06_clean,UMODEH06_clean,11.16649,5.2519,11.16649,0.555198,2855.76,5143.68,0.0,0.0,0.7652,1.37825,0.0,1,0.161494673,1.51867997,1.493332936109444
UMODEH08_clean,UMODEH08_clean,7.50813,5.20054,6.29758,0.647965,2827.66,4363.91,0.0,0.0,0.7222,1.11457,0.0,1,0.194671807,1.764388339,1.779048575587727
UMODEH16_clean,UMODEH16_clean,13.02556,5.98917,13.02556,0.473838,2451.04,5172.75,0.0,0.0,0.8008,1.69003,0.0,1,0.138298267,1.320523595,1.3384446478256589
UMODEH17_clean,UMODEH17_clean,11.09362,5.25928,11.09362,0.56801,2915.72,5133.22,0.0,0.0,0.7592,1.3366,0.0,1,0.168680534,1.574748082,1.5620559002209964
UMODEH22_clean,UMODEH22_clean,10.42971,5.27481,10.42971,0.557764,2866.15,5138.64,0.0,0.0,0.7608,1.36402,0.0,1,0.160854251,1.524699935,1.4878850209273042
UMODEH25_clean,UMODEH25_clean,9.75422,5.20239,6.39739,0.581306,2933.81,5046.92,0.0,0.0,0.7442,1.28022,0.0,1,0.166647606,1.566524276,1.5588121090797258
UMOVOJ_clean,UMOVOJ_clean,12.44931,6.04966,11.64464,0.481059,2488.51,5172.97,0.0,0.0,0.8008,1.66466,0.0,1,0.141187984,1.351096155,1.3640858103467641
UMOYOM03_clean,UMOYOM03_clean,9.53653,5.34452,9.53653,0.572297,2816.69,4921.73,0.0,0.0,0.7558,1.32064,0.0,1,0.149598491,1.415306043,1.4125307578006943
UMOYOM07_clean,UMOYOM07_clean,9.75529,5.37054,9.54348,0.541661,2791.87,5154.28,0.0,0.0,0.7712,1.42377,0.0,1,0.153055371,1.454561291,1.4487465393305219
UMOZUT_clean,UMOZUT_clean,10.2026,5.23269,10.2026,0.576016,2921.2,5071.38,0.0,0.0,0.7524,1.30621,0.0,1,0.168687103,1.565874134,1.5545434169527401
UMUBAH_clean,UMUBAH_clean,10.24236,5.23581,10.24236,0.576725,2914.77,5054.0,0.0,0.0,0.7536,1.30669,0.0,1,0.169022093,1.563197367,1.5526979045715437
UMUBEL_clean,UMUBEL_clean,10.43104,5.29557,10.43104,0.565681,2914.18,5151.62,0.0,0.0,0.7596,1.34281,0.0,1,0.16591851,1.551338068,1.5452314844567467
UREVIY_clean,UREVIY_clean,4.97933,3.80174,4.64142,1.58439,1154.53,728.69,0.0,0.0,0.5098,0.321764,0.0,1,0.122950481,0.918083328,0.9855858863665881
URUVUA_clean,URUVUA_clean,9.76128,4.51984,9.76128,1.07567,2198.26,2043.62,0.0,0.0,0.6792,0.631422,0.0,1,0.112908069,0.959988565,1.0133376251835722
USEVOF_clean,USEVOF_clean,9.78266,6.59544,9.77545,1.19807,1982.01,1654.33,0.0,0.0,0.6746,0.563072,0.0,1,0.130111607,1.032523732,1.136457999497966
USIRUL_clean,USIRUL_clean,4.36706,3.58238,4.17257,1.44082,204.986,142.27,0.0,0.0,0.3816,0.264849,0.0,0,0.103658883,0.604055808,0.6307983152109892
UTEMAJ_clean,UTEMAJ_clean,8.09581,6.09927,8.09581,0.734825,2275.05,3096.04,0.0,0.0,0.6682,0.909332,0.0,1,0.174489915,1.581851979,1.5645636269843886
UTULIF_clean,UTULIF_clean,4.41246,3.54295,4.40979,1.75943,1064.28,604.898,0.0,0.0,0.5628,0.319876,0.0,0,0.183147319,1.388279648,1.3286652098268437
UTULUR_SL_part,UTULUR_SL_part,7.64843,6.25721,7.64843,1.71749,808.319,470.64,196.079,114.166,0.5024,0.29252,0.0,0,0.286884676,1.667594933,1.4818321759116548
UVANUC_clean,UVANUC_clean,4.85728,3.61043,4.47871,1.46742,436.6,297.529,393.627,268.244,0.5082,0.346323,0.0,1,0.162216281,1.246202177,1.1081586541173822
UVIPOF_clean,UVIPOF_clean,13.17946,6.58449,13.17946,0.87003,2145.41,2465.9,0.0,0.0,0.7218,0.829627,0.0,1,0.132664922,1.158112028,1.1570243033986278
UVUFUN_clean,UVUFUN_clean,5.451,3.54467,5.41568,1.01248,1767.35,1745.57,0.0,0.0,0.5884,0.581148,0.0,1,0.235033407,1.834255712,1.8945665246209653
UWODAN_clean,UWODAN_clean,6.59983,5.06853,6.59196,1.38828,1109.99,799.546,13.7879,9.93166,0.5174,0.372693,0.0,1,0.090914787,0.748331267,0.6954837305496544
UXAXEY_clean,UXAXEY_clean,6.18002,3.46612,6.18002,1.398,1132.15,809.836,0.0,0.0,0.5144,0.367953,0.0,1,0.165264968,1.165950792,1.2276051335173277
UXINAR_clean,UXINAR_clean,5.3735,3.82354,5.35038,1.67875,1280.4,762.706,0.0,0.0,0.585,0.348473,0.0,1,0.128393033,0.954229405,0.9754391760776129
UXUZAP_clean,UXUZAP_clean,4.84101,3.60752,4.82729,1.24118,1063.95,857.212,0.0,0.0,0.542,0.436681,0.0,0,0.269814309,1.650401893,1.7714382268217874
UZIJUJ_clean,UZIJUJ_clean,6.64538,5.8584,6.63953,1.01975,1889.57,1852.97,0.0,0.0,0.5996,0.587987,0.0,0,0.171918973,1.436850942,1.4303970884461699
UZOBAN_clean,UZOBAN_clean,6.16935,4.44214,6.16935,0.864572,2160.34,2498.74,0.0,0.0,0.6496,0.751355,0.0,1,0.174378276,1.533138203,1.5235053975918147
VABJIS_clean,VABJIS_clean,4.14214,4.05323,4.14214,1.37391,738.742,537.692,0.0,0.0,0.5042,0.366981,0.0,0,0.105891981,0.88816452,0.8417703619451075
VADWON_clean,VADWON_clean,4.24405,3.53009,4.22084,1.10757,515.209,465.173,34.0376,30.7319,0.4648,0.419659,0.0,0,0.084462983,0.679190481,0.6872720822147828
VAGBEN_clean,VAGBEN_clean,6.05449,4.8127,6.05449,1.78797,959.833,536.829,0.0,0.0,0.4822,0.269692,0.0,1,0.061924518,0.502560079,0.4986854887972795
VAGMAT_clean,VAGMAT_clean,14.92091,13.26042,14.92091,0.364732,1875.05,5140.9,0.0,0.0,0.86,2.3579,0.0,1,0.136928937,1.337452962,1.3307802259418808
VAGTAA_clean,VAGTAA_clean,5.69119,4.40372,5.677,0.872253,1821.29,2088.03,0.0,0.0,0.638,0.731439,0.0,1,0.158016507,1.372312947,1.3531095548395942
VAHJIA_clean,VAHJIA_clean,4.59496,3.72145,4.53376,1.21451,948.028,780.582,0.0,0.0,0.4972,0.409382,0.0,0,0.193120359,1.139341822,1.3818839084979668
VAHPUR_clean,VAHPUR_clean,5.81668,4.4159,5.81214,1.29937,901.437,693.751,0.0,0.0,0.489,0.376337,0.0,1,0.108460064,0.771098271,0.8307307456118166
VAHTOQ_clean,VAHTOQ_clean,6.66297,4.23051,6.65497,1.06844,1185.87,1109.9,0.0,0.0,0.5198,0.486502,0.0,1,0.14842188,1.156342137,1.1634028706457018
VAHVOR_clean,VAHVOR_clean,6.3986,4.82003,6.3986,1.14511,2295.95,2005.01,0.0,0.0,0.6334,0.553137,0.0,1,0.162829295,1.366309638,1.3860960004193477
VALVAI_clean,VALVAI_clean,6.23826,4.86854,6.23826,1.64521,1240.0,753.701,0.0,0.0,0.5196,0.315826,0.0,1,0.16375893,1.142178994,1.1694531094485552
VALWUD_clean,VALWUD_clean,10.17237,6.1037,8.0425,0.867774,1499.07,1727.49,576.042,663.816,0.6792,0.782692,0.0,1,0.13074757,1.21437726,1.2112061223491402
VALXAK_clean,VALXAK_clean,9.98876,6.23965,8.39165,0.742505,1487.88,2003.86,574.813,774.154,0.69,0.929286,0.0,1,0.164468207,1.525513203,1.4573471501207447
VAMQOS_clean,VAMQOS_clean,11.49062,10.84702,11.48896,1.17541,1553.24,1321.44,0.0,0.0,0.6476,0.550957,0.0,1,0.092182827,0.879826621,0.8643388752290796
VAPHOM_clean,VAPHOM_clean,4.23153,3.44235,4.23153,1.69156,935.756,553.19,0.0,0.0,0.5808,0.343351,0.0,0,0.172820881,1.325167457,1.3170358007728313
VAQTUF_clean,VAQTUF_clean,10.13522,6.68232,9.92269,0.858555,1863.51,2170.52,0.0,0.0,0.6104,0.710962,0.0,0,0.160862204,1.056372797,1.309411761954083
VASFIH_clean,VASFIH_clean,5.55628,5.01575,5.54452,1.55799,1392.72,893.922,0.0,0.0,0.5596,0.359181,0.0,0,0.05410714,0.491022934,0.488493811530189
VASFUT_clean,VASFUT_clean,5.82317,4.52383,5.82317,1.64203,1481.82,902.431,0.0,0.0,0.511,0.311201,0.0,0,0.072996235,0.620373864,0.6317652064362874
VASKOR_clean,VASKOR_clean,4.41725,4.15949,4.41175,1.15817,1130.8,976.371,0.0,0.0,0.53,0.45762,0.0,0,0.133020359,1.037920607,1.0873605479198905
VATYAR_clean,VATYAR_clean,5.8425,4.85588,5.8425,1.4789,2001.31,1353.25,0.0,0.0,0.6196,0.418961,0.0,1,0.067832477,0.624022436,0.6196544604456753
VAZTUM_clean,VAZTUM_clean,15.07409,7.93508,15.07409,0.591689,2246.58,3796.89,0.0,0.0,0.8116,1.37167,0.0,0,0.098825603,0.955980527,0.9759739638605562
VEDFIV_clean,VEDFIV_clean,5.7298,3.89416,5.70244,1.06894,1581.69,1479.68,0.0,0.0,0.5684,0.531742,0.0,0,0.171384008,1.373662794,1.4016492218902632
VEDFOB_clean,VEDFOB_clean,5.93857,4.06358,5.90891,1.05075,1647.57,1567.99,0.0,0.0,0.5592,0.532191,0.0,0,0.175012584,1.417560549,1.4356042285763686
VEDFUH_clean,VEDFUH_clean,5.95596,4.00314,5.95596,1.05093,1663.77,1583.13,0.0,0.0,0.5708,0.543136,0.0,0,0.16371639,1.346074843,1.3565474392666106
VEDGAO_clean,VEDGAO_clean,5.63762,3.83278,5.54473,1.07445,1555.4,1447.63,0.0,0.0,0.5576,0.518962,0.0,0,0.168180361,1.347220592,1.3775472084475224
VEHLAW_clean,VEHLAW_clean,4.71553,3.44976,4.62826,1.6429,1000.4,608.925,0.0,0.0,0.6102,0.371417,0.0,0,0.216289094,1.549460587,1.482443068696406
VEHPUU_clean,VEHPUU_clean,6.28215,5.72913,6.26507,1.2974,1101.09,848.689,0.0,0.0,0.5058,0.389856,0.0,1,0.043481237,0.399049661,0.39602921831175353
VEHXEN_clean,VEHXEN_clean,9.30754,7.04491,9.30754,1.35949,2124.85,1562.97,0.0,0.0,0.7316,0.538142,0.0,1,0.03754407,0.368157916,0.37128953170055884
VEJYIT_clean,VEJYIT_clean,6.4229,5.28654,6.4229,0.928973,1988.07,2140.07,0.0,0.0,0.6702,0.721442,0.0,0,0.153495644,1.326958636,1.337980609953094
VEJYOZ_clean,VEJYOZ_clean,8.47376,5.69683,8.47376,0.880009,2096.08,2381.88,0.0,0.0,0.6858,0.779311,0.0,0,0.143844908,1.159711152,1.268861766974126
VELVEO_clean,VELVEO_clean,3.68255,3.48411,3.67149,1.93689,201.323,103.941,0.0,0.0,0.4778,0.246685,0.0,0,0.110420364,0.803043415,0.7932679239284074
VEMSUC01_clean,VEMSUC01_clean,5.11588,3.68593,5.09821,1.26749,1347.57,1063.18,0.0,0.0,0.5488,0.432983,0.0,0,0.196238326,1.48641985,1.4552548671140237
VETTOE_clean,VETTOE_clean,6.62806,4.69762,5.65255,0.902784,2439.76,2702.49,0.0,0.0,0.6684,0.740376,0.0,1,0.171266697,1.512997626,1.5290096092631473
VEXTUO_manual,VEXTUO_manual,8.87752,5.53782,8.86061,0.793323,2105.74,2654.33,0.0,0.0,0.6702,0.844801,0.0,0,0.109082683,1.014667918,1.0146596358549302
VICLAW_clean,VICLAW_clean,7.38415,6.2427,7.38415,1.11891,1046.87,935.619,0.0,0.0,0.5352,0.478323,0.0,1,0.056729832,0.497261137,0.5201922020799722
VIFBOD_clean,VIFBOD_clean,5.74056,4.35551,5.71651,1.76429,1367.25,774.956,0.0,0.0,0.5562,0.315255,0.0,1,0.066101379,0.571007454,0.570861903157492
VILXOE_clean,VILXOE_clean,5.3607,4.59016,5.36062,1.2053,1282.83,1064.32,0.0,0.0,0.529,0.438894,0.0,1,0.185405111,1.354356622,1.3618796100335149
VIRKIQ_clean,VIRKIQ_clean,4.98641,4.39323,4.97616,1.53429,1079.28,703.439,0.0,0.0,0.512,0.333704,0.0,1,0.114760962,0.875195015,0.9165600345231343
VIRPOC_clean,VIRPOC_clean,7.89373,4.43058,7.89373,1.31415,1678.47,1277.23,0.0,0.0,0.6094,0.463722,0.0,1,0.092704615,0.822953574,0.8152924920824849
VIRVEY_clean,VIRVEY_clean,7.24501,5.7858,6.68018,1.08742,2630.21,2418.77,0.0,0.0,0.715,0.65752,0.0,1,0.091747362,0.842609103,0.8373550239318592
VITZAB_clean,VITZAB_clean,6.94119,5.72919,6.85845,1.49624,1369.03,914.98,0.0,0.0,0.526,0.351548,0.0,1,0.121317913,1.035786019,0.9916231158101204
VIWKIX_clean,VIWKIX_clean,6.70111,4.65532,6.60342,1.36906,1688.36,1233.22,0.0,0.0,0.5926,0.432851,0.0,1,0.056275525,0.515345324,0.5321291691861987
VIWKOD_clean,VIWKOD_clean,6.65159,4.57304,6.53476,1.38205,1680.39,1215.87,0.0,0.0,0.5904,0.427192,0.0,1,0.055942867,0.512830009,0.5046849397632457
VIWMEV_clean,VIWMEV_clean,5.54122,3.41506,5.5298,1.61736,1205.53,745.366,0.0,0.0,0.5346,0.330538,0.0,1,0.069795519,0.597989426,0.5995347754608298
VIWMIZ_clean,VIWMIZ_clean,9.56168,4.85659,9.53534,0.901746,1718.7,1905.97,37.8251,41.9466,0.6334,0.702415,0.0,1,0.170161438,1.327084107,1.3949687247521094
VIWMOF_clean,VIWMOF_clean,9.80611,5.23388,9.77319,0.869727,1722.79,1980.84,39.7443,45.6975,0.6458,0.742532,0.0,1,0.181993702,1.338266401,1.4723556549156605
VIWZOR_clean,VIWZOR_clean,6.64322,4.15157,6.64322,1.41271,1889.38,1337.41,0.0,0.0,0.6434,0.455437,0.0,0,0.122260459,1.047275711,1.0528352755696921
VOJGOS_clean,VOJGOS_clean,6.19077,5.31352,6.18884,0.976178,2056.2,2106.38,0.0,0.0,0.6384,0.653979,0.0,1,0.249407451,2.110767912,1.98432589103501
VOLQOD_clean,VOLQOD_clean,11.11495,8.75374,11.11495,0.70291,1891.75,2691.32,0.0,0.0,0.7388,1.05106,0.0,1,0.139144653,1.21511582,1.2665095320931292
VONDEJ_clean,VONDEJ_clean,5.31005,4.78872,5.30922,1.60595,966.902,602.074,0.0,0.0,0.507,0.315701,0.0,0,0.247927909,1.351921864,1.5032002326194418
VOPCEK_clean,VOPCEK_clean,5.95724,5.2412,5.95724,1.32376,1286.35,971.741,0.0,0.0,0.5334,0.402943,0.0,1,0.166787137,1.253157095,1.2549995575455546
VOPCIO_clean,VOPCIO_clean,8.96483,7.98484,8.95338,1.07697,1629.75,1513.27,0.0,0.0,0.6138,0.569932,0.0,1,0.129186139,1.132383817,1.0737106746782716
VOYGOH_clean,VOYGOH_clean,8.28524,6.29263,8.24088,1.28416,2599.39,2024.19,0.195596,0.152314,0.7268,0.565973,0.0,1,0.041909288,0.414623806,0.4119028819111208
VUFBEE_clean,VUFBEE_clean,4.39803,3.46666,4.37592,1.64467,1017.25,618.512,0.0,0.0,0.5534,0.33648,0.0,1,0.107867712,0.908801932,0.8829949388448083
VUGXAY_clean,VUGXAY_clean,7.74052,6.24667,7.74052,1.0594,1255.22,1184.84,68.8954,65.0324,0.5682,0.536341,0.0,0,0.164298019,1.358018215,1.2736361921533927
VUGXIG_clean,VUGXIG_clean,7.98476,6.4639,7.95078,1.05743,1260.94,1192.45,76.2558,72.1141,0.574,0.542824,0.0,0,0.167457343,1.382286276,1.2992854469759314
VUGXOM_clean,VUGXOM_clean,7.85489,6.36686,7.85489,1.08455,1259.8,1161.59,65.0961,60.0213,0.5694,0.525011,0.0,0,0.163532089,1.342923716,1.2791737938777
VUGYED_clean,VUGYED_clean,7.99474,6.54413,7.99474,1.10841,1223.87,1104.17,67.208,60.6345,0.5792,0.522549,0.0,0,0.148149041,1.222378437,1.2243428482618826
VUHNET_clean,VUHNET_clean,10.15164,5.15951,10.13819,1.26924,1812.62,1428.11,0.0,0.0,0.6596,0.519681,0.0,0,0.065829367,0.623378348,0.6208257405901995
VUKJOC_clean,VUKJOC_clean,4.9896,3.40405,4.97821,1.45464,736.58,506.365,85.4496,58.7426,0.4856,0.333827,0.0,0,0.116998063,0.863181808,0.8491614523187779
VUKSOL_clean,VUKSOL_clean,5.74617,4.59937,5.73998,1.07923,2058.01,1906.93,0.0,0.0,0.6268,0.580787,0.0,1,0.134030046,1.191868634,1.17403711772473
VUMBIQ_clean,VUMBIQ_clean,4.87594,3.54867,4.87222,1.55224,358.688,231.077,25.2971,16.2971,0.4518,0.291063,0.0,1,0.103407127,0.786397427,0.6964760380304598
VUMCEM_clean,VUMCEM_clean,5.05124,3.61434,5.04105,1.01673,972.711,956.701,0.0,0.0,0.5318,0.523047,0.0,0,0.342095064,2.135692222,2.132049862396428
VUQJUN01_clean,VUQJUN01_clean,11.32844,10.26466,11.32844,0.790589,1731.69,2190.38,0.0,0.0,0.6654,0.841651,0.0,1,0.190089052,1.594642115,1.5315136917053438
VUQKAU01_clean,VUQKAU01_clean,4.81422,4.24964,4.81422,1.04625,1425.24,1362.23,0.0,0.0,0.5584,0.533714,0.0,1,0.202340965,1.582493866,1.5988555167685032
VUVZAP_clean,VUVZAP_clean,4.71954,3.57694,4.71245,1.57661,1081.4,685.901,0.0,0.0,0.5506,0.349231,0.0,0,0.210840097,1.507160762,1.45468126235463
WABVIF03_clean,WABVIF03_clean,5.80274,3.92866,4.7438,1.30723,1855.76,1419.61,0.0,0.0,0.6136,0.46939,0.0,1,0.084894635,0.753267105,0.7519568801611638
WABVIF_clean,WABVIF_clean,5.93486,4.28251,5.93486,1.19094,2095.13,1759.22,0.0,0.0,0.6604,0.55452,0.0,1,0.075433524,0.690638487,0.7102852371916824
WAHKUO_clean,WAHKUO_clean,16.20891,7.16155,16.20891,0.580972,2068.66,3560.7,0.0,0.0,0.759,1.30643,0.0,1,0.145622891,1.377958146,1.3622303808927978
WAHNEB_clean,WAHNEB_clean,15.95836,6.79866,15.95836,0.49512,2275.95,4596.76,0.0,0.0,0.781,1.57739,0.0,1,0.160018475,1.517078077,1.502333327615995
WAHNIF_clean,WAHNIF_clean,16.02728,6.94786,16.02728,0.608079,2054.1,3378.01,0.0,0.0,0.7564,1.24392,0.0,1,0.144476877,1.36809824,1.3385020557878582
WAHNOL_clean,WAHNOL_clean,16.15521,7.17077,16.15521,0.498613,2156.59,4325.17,0.0,0.0,0.7774,1.55913,0.0,1,0.158793068,1.520318841,1.4531026696999696
WAJHOG_clean,WAJHOG_clean,6.41579,6.06601,6.40923,1.24433,1319.37,1060.3,0.0,0.0,0.541,0.434771,0.0,1,0.150629728,1.217263534,1.14902430717467
WAQFIG_clean,WAQFIG_clean,8.54706,6.43178,8.54706,0.665022,2729.5,4104.38,0.0,0.0,0.7646,1.14974,0.0,1,0.153602879,1.423958933,1.428285024581715
WAQKUX_clean,WAQKUX_clean,11.77413,6.99458,11.77413,0.695804,2361.16,3393.43,0.0,0.0,0.7362,1.05806,0.0,1,0.157371066,1.404490433,1.426124342457223
WARFAZ_clean,WARFAZ_clean,6.17335,5.62341,6.16091,1.2809,1123.23,876.911,0.0,0.0,0.4772,0.372552,0.0,1,0.065776402,0.536112574,0.5902155292426164
WASQEP_clean,WASQEP_clean,10.60263,4.61939,9.00037,0.666978,2426.86,3638.59,0.0,0.0,0.7138,1.0702,0.0,0,0.184448814,1.692069399,1.6399199536300464
WASQIT_clean,WASQIT_clean,10.8507,4.21913,8.79858,0.655054,2519.15,3845.71,0.0,0.0,0.7108,1.0851,0.0,0,0.19520441,1.803127101,1.7519083482140918
WAVRAO_clean,WAVRAO_clean,15.02274,4.23694,15.02053,0.819731,1973.4,2407.37,0.0,0.0,0.6752,0.823685,0.0,1,0.197346692,1.699747982,1.635981443898437
WECBEN_clean,WECBEN_clean,6.503,4.33861,6.44488,0.992115,3119.1,3143.89,0.0,0.0,0.6996,0.70516,0.0,0,0.105856356,1.014665143,0.9861124023456409
WECFAN_clean,WECFAN_clean,5.13884,4.48422,5.13105,1.20369,945.898,785.834,0.0,0.0,0.4976,0.413397,0.0,1,0.088384387,0.720001035,0.7320049658443534
WECJIZ_clean,WECJIZ_clean,5.92737,4.9743,5.92737,1.01088,914.95,905.103,64.8197,64.122,0.5454,0.53953,0.0,1,0.125934852,0.941061637,0.9893313793184617
WEFZIS_clean,WEFZIS_clean,4.30666,3.54798,4.30607,2.06143,662.208,321.237,0.0,0.0,0.4722,0.229064,0.0,1,0.109773603,0.861400277,0.822327098763296
WEHHEY_clean,WEHHEY_clean,10.71326,6.70339,10.52268,0.819904,2131.67,2599.9,0.0,0.0,0.7068,0.862052,0.0,1,0.217916011,1.640155204,1.6756715195223688
WEHJAW_clean,WEHJAW_clean,11.37189,6.87066,11.36953,0.813465,2137.05,2627.1,0.0,0.0,0.727,0.893708,0.0,1,0.21982076,1.655361652,1.733823702134164
WEHJOK_clean,WEHJOK_clean,11.74533,5.64839,11.7384,0.778372,2312.59,2971.06,0.0,0.0,0.736,0.945563,0.0,1,0.135419129,1.282403741,1.2463463256800345
WEHJUQ_clean,WEHJUQ_clean,11.40663,8.63285,11.3324,0.700785,2325.03,3317.76,0.0,0.0,0.7666,1.09392,0.0,1,0.124540572,1.189338824,1.1731436925753365
WEMDID_clean,WEMDID_clean,5.01302,4.40435,5.01302,1.50314,2329.65,1549.85,0.0,0.0,0.6306,0.419521,0.0,0,0.076976837,0.699962845,0.7010982039987855
WEMFIF_clean,WEMFIF_clean,4.85948,4.34946,4.85948,1.66666,2253.59,1352.15,0.0,0.0,0.5992,0.35952,0.0,1,0.079073759,0.714240355,0.7067092507248997
WEYQAU05_clean,WEYQAU05_clean,4.49445,3.64175,4.49445,1.14735,1525.05,1329.2,0.0,0.0,0.568,0.495054,0.0,0,0.211119868,1.736251639,1.7120264617587497
WEYQAU08_clean,WEYQAU08_clean,4.54883,3.77222,4.52816,1.12759,1562.09,1385.34,0.0,0.0,0.5786,0.51313,0.0,0,0.217658732,1.769882078,1.7530487758134086
WIDQEG_clean,WIDQEG_clean,7.60111,7.11755,7.60111,1.01218,1727.14,1706.35,0.0,0.0,0.63,0.622417,0.0,0,0.140263529,1.25547409,1.26124394287052
WIDWOX_clean,WIDWOX_clean,6.98663,4.18313,6.97418,1.49157,1020.42,684.125,118.512,79.4544,0.5482,0.367533,0.0,1,0.040369247,0.355317613,0.3634505240376974
WILRAK_clean,WILRAK_clean,6.14662,4.92634,6.07221,1.13056,2856.19,2526.36,0.0,0.0,0.7378,0.652598,0.0,1,0.045023275,0.441132022,0.4345675276630463
WIPPIW_clean,WIPPIW_clean,6.83572,4.03275,6.83132,1.10561,1802.61,1630.43,0.0,0.0,0.614,0.55535,0.0,0,0.134861747,1.143081883,1.1594154106320445
WIWQOI_clean,WIWQOI_clean,5.87719,4.74286,5.84645,1.30118,2520.95,1937.44,0.0,0.0,0.693,0.532594,0.0,0,0.040390198,0.389142936,0.39003290399832946
WIYWUY_clean,WIYWUY_clean,5.49903,4.14636,5.49903,1.53964,937.998,609.231,0.0,0.0,0.4952,0.321633,0.0,1,0.088932129,0.695744071,0.6875181931308745
WIYZOU_clean,WIYZOU_clean,6.69801,4.2951,6.69801,1.32919,1592.17,1197.85,0.0,0.0,0.5518,0.41514,0.0,1,0.050122,0.48137149,0.47173071180097537
WOCWAN_clean,WOCWAN_clean,5.80963,5.50482,5.80963,1.36819,906.494,662.552,0.0,0.0,0.4696,0.343228,0.0,0,0.082282978,0.653193686,0.651055801439378
WODXEU_clean,WODXEU_clean,5.99818,3.55745,5.99789,1.43122,1129.23,788.996,0.0,0.0,0.5054,0.353125,0.0,1,0.093813421,0.747124522,0.7577877397626962
WOJZIG_clean,WOJZIG_clean,6.32968,4.348,6.32927,1.20953,2082.36,1721.62,0.0,0.0,0.5984,0.494736,0.0,1,0.180211459,1.426535016,1.4591462680227074
WOLREV_clean,WOLREV_clean,9.92256,5.8874,9.91786,0.624717,2477.67,3966.07,0.0,0.0,0.7426,1.1887,0.0,1,0.144191174,1.32190309,1.3408344656300926
WOPSAX_clean,WOPSAX_clean,11.66235,10.95208,11.66071,1.12361,1554.7,1383.67,0.0,0.0,0.6474,0.57618,0.0,1,0.110395842,1.041667724,1.0065536720857693
WORLAS_clean,WORLAS_clean,9.28052,5.47786,6.88618,0.953453,2042.04,2141.73,5.77107,6.05281,0.6674,0.699982,0.0,1,0.16032597,1.355735714,1.374148748845184
WOTSEF_clean,WOTSEF_clean,5.63894,4.87372,5.6352,0.95923,2385.0,2486.37,0.0,0.0,0.6578,0.685758,0.0,1,0.16045846,1.443706754,1.3932947136487701
WOYHUP_clean,WOYHUP_clean,12.04583,5.92239,11.92324,0.785656,2290.99,2916.02,0.0,0.0,0.7288,0.927633,0.0,1,0.203151231,1.730911721,1.6971707295005019
WOYJAX_clean,WOYJAX_clean,12.27463,5.80964,12.27345,0.829543,2229.7,2687.86,0.0,0.0,0.7142,0.860956,0.0,1,0.221911759,1.778537716,1.790487084558257
WULQUR_clean,WULQUR_clean,7.08547,5.79444,7.06039,0.976074,2045.35,2095.49,0.0,0.0,0.6658,0.682121,0.0,1,0.168827155,1.494191926,1.452467480266934
WUNTEF_clean,WUNTEF_clean,5.11473,4.16376,5.10357,1.08866,1006.1,924.169,87.4124,80.2937,0.5292,0.486103,0.0,0,0.211909012,1.585500999,1.5165814601854184
WUNTIJ_clean,WUNTIJ_clean,5.10474,4.13393,5.10321,1.0969,978.875,892.401,83.5224,76.1441,0.514,0.468593,0.0,0,0.215199155,1.600150047,1.4637669365467705
WUNTOP_clean,WUNTOP_clean,5.08733,4.17716,5.07679,1.08852,1089.8,1001.18,0.0,0.0,0.5174,0.475323,0.0,0,0.20001482,1.53968912,1.4767631209232976
WUNVUX_clean,WUNVUX_clean,5.06256,4.10802,5.0479,1.09653,996.696,908.953,84.6011,77.1534,0.5168,0.471304,0.0,0,0.205629578,1.56895753,1.5148993504749908
WUSLED_clean,WUSLED_clean,10.30385,9.54542,10.30385,0.791501,1993.93,2519.18,0.0,0.0,0.7574,0.956916,0.0,1,0.08371341,0.771168744,0.7755537981403116
WUTBES_clean,WUTBES_clean,7.39924,5.0967,7.39924,1.7772,885.87,498.464,0.0,0.0,0.459,0.258271,0.0,0,0.063075834,0.514086811,0.4962501565136253
WUTCAP_clean,WUTCAP_clean,7.16776,4.98308,7.16776,1.90582,867.573,455.224,0.0,0.0,0.4432,0.232551,0.0,0,0.065452143,0.504441888,0.5133386011657316
WUYWUK_clean,WUYWUK_clean,8.78773,6.19333,8.65663,0.743413,2043.29,2748.52,0.0,0.0,0.6694,0.900442,0.0,0,0.132447943,1.229094984,1.2233172497141658
WUYXAR_clean,WUYXAR_clean,9.35403,6.16685,9.35403,0.696817,2021.29,2900.75,0.0,0.0,0.689,0.988782,0.0,0,0.125046131,1.176555066,1.1797026929928212
WUYXUL_clean,WUYXUL_clean,9.2643,7.0803,9.2643,0.838826,2017.64,2405.31,0.0,0.0,0.6628,0.790152,0.0,1,0.120964164,1.107396071,1.112358527355867
WUYYAS_clean,WUYYAS_clean,9.33636,7.09924,9.33362,0.775219,2017.38,2602.33,0.0,0.0,0.6762,0.87227,0.0,1,0.122719142,1.124684961,1.129551353712921
WUZDOL_clean,WUZDOL_clean,5.93429,4.20385,5.53783,1.95218,1731.21,886.811,0.0,0.0,0.5688,0.291367,0.0,1,0.037910279,0.345100558,0.3501853617164045
XACZEH_clean,XACZEH_clean,10.60893,7.2431,10.60893,1.18823,994.3,836.792,67.7434,57.0121,0.5998,0.504785,0.0,1,0.059888134,0.557744781,0.5201782824919579
XADDIR_manual,XADDIR_manual,13.24642,6.64739,13.24642,0.87412,2116.36,2421.13,0.0,0.0,0.718,0.821397,0.0,1,0.159191773,1.261098828,1.2790075071861957
XADDOX_clean,XADDOX_clean,5.56472,4.25664,5.46687,1.21878,1831.56,1502.78,0.0,0.0,0.5704,0.46801,0.0,1,0.093764554,0.831205436,0.8105816420814458
XADDUD_clean,XADDUD_clean,6.46377,5.36376,6.20996,1.13461,1899.46,1674.11,0.0,0.0,0.5878,0.518062,0.0,1,0.112350629,0.999772208,0.9816338078094418
XAFXOT_clean,XAFXOT_clean,5.91185,4.82034,5.90988,1.88819,647.785,343.072,0.0,0.0,0.3646,0.193095,0.0,1,0.058065935,0.442418778,0.44199931025743294
XAHPAZ_clean,XAHPAZ_clean,8.5954,7.40656,8.5954,0.71813,2299.0,3201.36,0.0,0.0,0.725,1.00957,0.0,1,0.123092138,1.120718815,1.1616263271375016
XAHPED_clean,XAHPED_clean,12.36916,10.86748,12.33885,0.374438,1946.72,5199.04,0.0,0.0,0.8398,2.24283,0.0,1,0.128029272,1.248015212,1.2570756629458055
XAHPUT_clean,XAHPUT_clean,21.82812,20.58591,21.82812,0.178675,1104.09,6179.32,0.0,0.0,0.9154,5.12326,0.0,1,0.182815245,1.81536392,1.785934325139799
XAKZIT_clean,XAKZIT_clean,12.23219,8.02038,12.23219,0.853098,1638.56,1920.72,0.0,0.0,0.6458,0.757006,0.0,1,0.131719787,1.087843845,1.1534882960558888
XALBAO_clean,XALBAO_clean,12.08969,7.27048,11.78932,0.880979,1591.93,1807.0,0.0,0.0,0.6308,0.716022,0.0,1,0.129314245,1.078771618,1.147046467157404
XALBUI_clean,XALBUI_clean,12.38727,7.83288,12.25594,0.880388,1559.27,1771.12,0.0,0.0,0.6108,0.693785,0.0,1,0.129741425,1.075604793,1.1147443807860946
XALCUJ_clean,XALCUJ_clean,8.77917,3.81164,4.50991,0.995838,192.509,193.314,1019.4,1023.66,0.5598,0.562139,0.0,1,0.120546809,0.952878405,0.9435298372810635
XALDAS_clean,XALDAS_clean,11.1437,9.04409,11.1437,0.650684,2284.21,3510.47,0.0,0.0,0.7594,1.16708,0.0,1,0.1555083,1.334681206,1.4238684655045197
XALDEU_clean,XALDEU_clean,8.28708,3.55494,4.42564,1.01761,177.365,174.295,1049.0,1030.85,0.5566,0.546967,0.0,1,0.110477369,0.902774705,0.90018472969094
XALTIP_clean,XALTIP_clean,18.68299,9.17237,18.68299,0.551216,1809.24,3282.27,0.0,0.0,0.7988,1.44916,0.0,1,0.10907573,1.043870365,1.0493725304718307
XALXUF01_clean,XALXUF01_clean,16.53276,6.69779,16.53276,0.78335,1957.27,2498.59,0.0,0.0,0.7286,0.930107,0.0,1,0.153323416,1.388790026,1.345544036390153
XANLEE_clean,XANLEE_clean,6.11311,4.49275,6.10612,0.785206,2427.23,3091.21,0.0,0.0,0.6562,0.835705,0.0,1,0.234595169,2.058133135,2.0103419412947994
XAPCOJ_clean,XAPCOJ_clean,7.18852,7.02354,7.18852,1.11226,1622.09,1458.37,0.0,0.0,0.6008,0.540161,0.0,0,0.178548326,1.565077776,1.5082152278129182
XAPGUQ_clean,XAPGUQ_clean,5.69788,4.67127,5.65245,1.33358,1307.89,980.739,0.0,0.0,0.5882,0.44107,0.0,1,0.088271432,0.752093612,0.757615978640946
XAPNIN_clean,XAPNIN_clean,6.36937,5.09614,6.24616,0.987749,1999.77,2024.57,0.0,0.0,0.6554,0.663529,0.0,0,0.172295229,1.509679944,1.4545169335662107
XASJUZ_clean,XASJUZ_clean,5.3717,3.49252,5.3717,1.8286,687.912,376.196,166.963,91.3066,0.5254,0.287324,0.0,1,0.0857229,0.698751974,0.6329758798565129
XASNUD_clean,XASNUD_clean,13.51875,4.58024,13.51875,0.967914,2185.15,2257.59,0.0,0.0,0.6906,0.713493,0.0,1,0.159981578,1.434867582,1.3310929308402404
XASPEP_clean,XASPEP_clean,8.21663,6.97386,8.21491,1.11162,2036.98,1832.45,0.0,0.0,0.6426,0.578078,0.0,1,0.146989289,1.308165652,1.2911830787163547
XATZUQ_clean,XATZUQ_clean,7.56959,6.44554,7.50387,0.891969,1666.54,1868.38,0.0,0.0,0.6382,0.715495,0.0,1,0.155523915,1.353088844,1.3395466856438438
XEDPON_clean,XEDPON_clean,7.48304,4.32366,7.48304,1.13521,1918.18,1689.72,0.0,0.0,0.6406,0.564302,0.0,1,0.169219193,1.410542178,1.413893790682384
XEGJIE02_clean,XEGJIE02_clean,6.83643,4.32814,6.8224,1.14242,1819.25,1592.45,0.0,0.0,0.6186,0.541481,0.0,1,0.122053687,1.070317151,1.0648178013261067
XEHSIN_clean,XEHSIN_clean,4.81303,3.64676,4.81303,1.40908,773.939,549.25,0.0,0.0,0.452,0.320776,0.0,0,0.113046105,0.857888872,0.8198981224266683
XEJXAN_clean,XEJXAN_clean,4.27901,3.60567,4.27901,1.57867,491.894,311.588,0.0,0.0,0.4078,0.258319,0.0,0,0.21323004,1.248619256,1.2387614050317521
XEKCAT_clean,XEKCAT_clean,5.88115,4.91006,5.87893,0.940943,2247.61,2388.68,0.0,0.0,0.6062,0.644247,0.0,1,0.208808503,1.824944659,1.780228513254484
XENCAU_clean,XENCAU_clean,8.29403,6.89914,8.29403,0.556974,2324.09,4172.71,0.0,0.0,0.7312,1.31281,0.0,1,0.078739462,0.777568228,0.766577418586929
XEQGAC_clean,XEQGAC_clean,5.58663,3.48947,5.56914,1.35723,1328.82,979.066,0.0,0.0,0.5714,0.421003,0.0,1,0.144179907,1.138687337,1.1138135356170684
XESKIR_clean_h,XESKIR_clean_h,10.14317,9.85365,10.14317,1.23585,1309.87,1059.89,0.0,0.0,0.5666,0.45847,0.0,1,0.039192854,0.385872996,0.38558226496331605
XEXLAP_clean,XEXLAP_clean,8.64993,8.01633,8.63141,1.0685,1374.86,1286.72,0.0,0.0,0.5518,0.516424,0.0,0,0.07934386,0.726252146,0.7305012503359962
XEXLET_clean,XEXLET_clean,8.01945,7.40132,8.00563,1.23661,1375.89,1112.63,0.0,0.0,0.5666,0.458188,0.0,0,0.070356573,0.652612825,0.6498172682501087
XEXLUJ_clean,XEXLUJ_clean,8.72919,8.14175,8.68787,1.12133,1390.1,1239.69,0.0,0.0,0.5646,0.50351,0.0,1,0.108797898,0.957634984,0.929850786323331
XIDBUJ_clean,XIDBUJ_clean,7.40475,6.25511,7.40475,1.09542,1351.03,1233.34,0.0,0.0,0.5684,0.518888,0.0,0,0.164941378,1.357930983,1.2727091314257943
XIHSEN01_clean,XIHSEN01_clean,5.64298,3.8792,5.64298,1.08478,1405.71,1295.85,0.0,0.0,0.5704,0.525822,0.0,1,0.172586833,1.414340374,1.4085613968801842
XILSUI_clean,XILSUI_clean,8.05462,5.1792,8.05462,0.833153,2078.06,2494.21,0.0,0.0,0.6418,0.770326,0.0,1,0.165583155,1.502250943,1.4649655525654481
XINRAP_clean,XINRAP_clean,7.72889,5.88361,7.72889,0.997869,1989.71,1993.96,0.0,0.0,0.6604,0.66181,0.0,1,0.074286072,0.702271357,0.7093087556905582
XISPEW_clean,XISPEW_clean,7.45128,5.46523,7.15276,1.17603,1960.28,1666.86,0.0,0.0,0.6188,0.526177,0.0,1,0.128361466,1.080601223,1.1197124909119407
XISPUM01_clean,XISPUM01_clean,6.90955,4.49306,6.89631,1.14557,2040.23,1780.98,0.0,0.0,0.6396,0.558325,0.0,1,0.093028831,0.86149262,0.8406398648765955
XISVUR_clean,XISVUR_clean,5.04407,3.94718,5.0182,1.1747,1719.75,1463.99,0.0,0.0,0.6072,0.516898,0.0,1,0.182558825,1.512923215,1.5163736150337108
XITYOP_clean,XITYOP_clean,11.26084,5.01855,11.26084,0.828925,2008.18,2422.64,0.0,0.0,0.6806,0.821064,0.0,1,0.199240578,1.682399694,1.5619607241889448
XIWYEH_clean,XIWYEH_clean,4.26164,3.52891,4.24796,2.34877,351.985,149.859,0.0,0.0,0.3304,0.140669,0.0,0,0.19301535,0.833053295,1.0234855594410617
XOFPEP01_clean,XOFPEP01_clean,5.97449,3.48385,5.9665,2.03706,967.647,475.021,0.0,0.0,0.5188,0.25468,0.0,1,0.058541574,0.475469668,0.4620061081797963
XOFPEP_clean,XOFPEP_clean,5.97089,3.4618,5.97089,2.03022,1036.5,510.537,0.0,0.0,0.5304,0.261252,0.0,1,0.055329766,0.451280167,0.46040196692861857
XOHLEM_clean,XOHLEM_clean,5.52611,4.54089,5.51535,1.339,1839.55,1373.82,0.0,0.0,0.5986,0.44705,0.0,1,0.183579075,1.434315286,1.462754655589134
XOMGIQ_clean,XOMGIQ_clean,5.5226,3.96675,5.5226,1.11957,1446.11,1291.67,0.0,0.0,0.5666,0.506089,0.0,1,0.113906389,0.979523973,0.9717928364394944
XOMJOY_clean,XOMJOY_clean,6.10947,3.84777,5.97895,1.18998,613.441,515.507,422.204,354.8,0.5142,0.43211,0.0,0,0.21807544,1.426001688,1.4170785973496618
XOPLOE_clean,XOPLOE_clean,7.50726,5.3332,7.50699,0.991241,2013.82,2031.62,0.0,0.0,0.621,0.626488,0.0,1,0.128791692,1.130666215,1.1360761787958138
XOTGUI_clean,XOTGUI_clean,5.14072,4.00351,5.14055,1.55556,2014.34,1294.93,0.0,0.0,0.6006,0.386099,0.0,1,0.074888196,0.666105101,0.6791495502748248
XOTSEG_clean,XOTSEG_clean,8.78779,6.45971,8.7759,0.828086,1735.59,2095.91,0.0,0.0,0.6318,0.762964,0.0,1,0.126287652,1.120136988,1.141850693453333
XOVPIH_clean,XOVPIH_clean,4.3234,3.46915,4.32329,1.51036,756.835,501.096,0.0,0.0,0.4966,0.328796,0.0,1,0.068518841,0.573886648,0.5850428373505557
XOVQAB_clean,XOVQAB_clean,9.04253,7.30249,9.03111,0.610216,2352.44,3855.09,0.0,0.0,0.7448,1.22055,0.0,1,0.124820531,1.178565305,1.1858127317253078
XUDNUH_clean,XUDNUH_clean,12.36127,6.84234,12.36127,0.492653,2292.38,4653.12,0.0,0.0,0.8076,1.63929,0.0,1,0.132705817,1.267927403,1.2720696221557084
XUDYEC_clean,XUDYEC_clean,6.34584,5.04991,6.34584,1.10902,1973.56,1779.55,0.0,0.0,0.6464,0.582857,0.0,1,0.144966854,1.261944385,1.243737439216591
XUJPEY_clean,XUJPEY_clean,5.84221,4.51142,5.77769,1.25506,1324.62,1055.42,0.0,0.0,0.5206,0.4148,0.0,0,0.21391416,1.508844712,1.521955344231999
XUJPIC_clean,XUJPIC_clean,5.88914,4.75213,5.84985,1.23811,1386.84,1120.12,0.0,0.0,0.5304,0.428394,0.0,0,0.211149905,1.520389661,1.553093155152755
XUJPOI_clean,XUJPOI_clean,5.22333,3.76094,5.20942,1.23729,1450.85,1172.61,0.0,0.0,0.566,0.457452,0.0,0,0.202345822,1.542829821,1.5517748323900937
XUKNIC_clean,XUKNIC_clean,6.71193,5.19255,6.7113,1.00366,2512.55,2503.38,0.0,0.0,0.6472,0.644838,0.0,1,0.150510058,1.338317615,1.3401067431611178
XUMVEH_clean,XUMVEH_clean,5.51001,5.03328,5.49298,1.14233,1980.67,1733.88,0.0,0.0,0.6382,0.55868,0.0,1,0.148427979,1.221789378,1.2808296822749843
XUWKEH_clean,XUWKEH_clean,5.79973,4.2003,5.79973,1.47767,748.2,506.339,0.0,0.0,0.4194,0.283826,0.0,1,0.035456525,0.331250832,0.3198248764207834
XUWTAK_clean,XUWTAK_clean,4.40667,3.75356,4.40321,2.17452,723.721,332.819,0.0,0.0,0.4382,0.201516,0.0,1,0.332974948,1.667256482,1.5496145544251716
YABHER_clean,YABHER_clean,14.37293,4.52414,14.37293,0.692157,1907.84,2756.36,0.0,0.0,0.7082,1.02318,0.0,1,0.168007486,1.457840984,1.4918318889876385
YANBAR02_clean,YANBAR02_clean,4.9953,3.83765,4.98464,1.73124,921.603,532.338,0.0,0.0,0.4702,0.271598,0.0,0,0.064102994,0.514196117,0.5163232226914997
YANBAR_clean,YANBAR_clean,4.9541,3.79831,4.9225,1.76383,896.703,508.383,0.0,0.0,0.4572,0.259208,0.0,0,0.067319565,0.542865479,0.5403743998529581
YARKEJ_clean,YARKEJ_clean,5.07878,4.0341,5.03574,1.22095,872.445,714.565,0.0,0.0,0.486,0.398052,0.0,0,0.206313171,1.478491465,1.3356700005493407
YASLOW_clean,YASLOW_clean,11.27088,6.03691,11.27088,0.827082,2236.87,2704.53,0.0,0.0,0.7068,0.85457,0.0,0,0.095984717,0.916577351,0.9135197032545038
YAVTUN_clean,YAVTUN_clean,9.91839,8.86286,9.91839,0.965245,1733.93,1796.36,0.0,0.0,0.6864,0.711115,0.0,1,0.082539002,0.796797903,0.7719278496981206
YAVVOJ_clean,YAVVOJ_clean,4.78155,4.02282,4.65286,1.48818,1095.49,736.125,0.0,0.0,0.5464,0.36716,0.0,1,0.123617765,0.987780834,0.984244499377128
YAVWUQ_clean,YAVWUQ_clean,15.48597,6.62234,15.4779,0.747785,2189.36,2927.8,0.0,0.0,0.7402,0.989857,0.0,1,0.159459834,1.418897554,1.426573972346716
YEDKOI_clean,YEDKOI_clean,5.69122,4.8418,5.69122,1.08403,1663.7,1534.74,7.50334,6.92174,0.592,0.546112,0.0,1,0.106852132,0.922076894,0.9368081889342431
YEFPEE_clean,YEFPEE_clean,6.60032,5.32777,6.60032,1.16153,2587.98,2228.08,0.0,0.0,0.7204,0.620219,0.0,0,0.058209938,0.557098064,0.5642478993447524
YEKXET_clean,YEKXET_clean,6.4533,5.02363,5.80415,0.985188,2310.11,2344.84,0.0,0.0,0.6394,0.649013,0.0,1,0.149821431,1.320394504,1.31008047903513
YELYOE_clean,YELYOE_clean,5.04252,3.59258,5.00865,2.17111,739.471,340.597,0.0,0.0,0.4584,0.211137,0.0,1,0.214874488,1.205409294,1.1307410261915818
YENLUA_ion_b,YENLUA_ion_b,21.49217,18.9061,21.49217,0.794834,1364.82,1717.11,0.605784,0.762152,0.7146,0.899055,0.0,1,0.05464959,0.531374574,0.5008880477626484
YEVQOG_clean,YEVQOG_clean,6.25531,4.55241,6.24369,1.60942,1024.12,636.328,2.59362,1.61152,0.5428,0.337264,0.0,1,0.055341943,0.459192829,0.4630266792773002
YEZFIU_clean,YEZFIU_clean,7.76134,3.87237,7.76134,1.15876,1542.78,1331.4,0.0,0.0,0.5858,0.505539,0.0,1,0.077417226,0.712881505,0.7024852578195511
YIKJOT_clean,YIKJOT_clean,9.06042,4.04226,9.06042,1.25445,1709.74,1362.94,22.3665,17.8297,0.6492,0.517517,0.0,1,0.064673201,0.611193347,0.5880408995204814
YINCOP_clean,YINCOP_clean,5.26078,4.28352,5.26078,1.18451,1235.25,1042.84,0.0,0.0,0.5154,0.435117,0.0,1,0.156194441,1.193489393,1.1863023810749138
YINCUV_clean,YINCUV_clean,4.80903,3.55203,4.73589,1.40486,557.682,396.966,0.0,0.0,0.407,0.289708,0.0,1,0.125853738,0.91454416,0.80847986849536
YIVZOU_clean,YIVZOU_clean,7.22451,3.90462,7.20186,1.01646,1810.83,1781.5,0.0,0.0,0.6044,0.594611,0.0,1,0.140361676,1.045083201,1.2400015830758286
YIWLIZ_clean,YIWLIZ_clean,6.76345,5.40521,6.76332,1.26054,2049.12,1625.6,0.0,0.0,0.6972,0.553098,0.0,0,0.04165976,0.406180139,0.4056284064689604
YIWMOG_clean,YIWMOG_clean,6.74773,5.04258,6.74039,1.26894,2076.98,1636.78,0.0,0.0,0.6788,0.534934,0.0,1,0.042011102,0.389934826,0.40402491581608135
YIXYUB_clean,YIXYUB_clean,7.99703,7.36677,7.98615,1.64643,944.835,573.867,0.0,0.0,0.4756,0.288867,0.0,0,0.074665736,0.651758663,0.6213563751729991
YIYHAQ_clean,YIYHAQ_clean,5.13693,3.97105,5.11342,0.982113,1295.69,1319.28,0.0,0.0,0.5422,0.552075,0.0,1,0.135761733,1.159144699,1.15778811126564
YOCDUR_clean,YOCDUR_clean,9.69113,7.20147,9.69113,0.660405,2307.63,3494.27,0.0,0.0,0.7614,1.15293,0.0,1,0.122157804,1.167595367,1.1593153017394116
YODRAM_clean,YODRAM_clean,7.27536,4.86667,7.27536,0.966335,1538.49,1592.09,200.889,207.888,0.6076,0.628767,0.0,1,0.200099713,1.533664061,1.5276146772210497
YODWOF_clean,YODWOF_clean,21.60336,14.63737,21.60336,0.354351,1695.85,4785.8,0.0,0.0,0.8718,2.46027,0.0,1,0.138715179,1.368591125,1.336477515519525
YOFXEY_clean,YOFXEY_clean,5.28351,3.76449,3.92047,1.16809,406.535,348.035,406.008,347.584,0.5144,0.440378,0.0,0,0.12006495,0.927718863,0.9004503494187525
YOLGUB_clean,YOLGUB_clean,7.59854,5.9029,7.59287,0.74526,2992.97,4016.0,0.0,0.0,0.791,1.06137,0.0,1,0.045981308,0.458965944,0.46197107030305
YONNUL_clean,YONNUL_clean,7.44579,3.94305,6.4772,1.00681,1672.8,1661.47,0.0,0.0,0.5814,0.577465,0.0,0,0.243914935,1.773802718,1.8616892660527866
YOYPIN_clean,YOYPIN_clean,6.69706,5.82012,6.69706,1.12302,945.662,842.074,0.0,0.0,0.503,0.447901,0.0,0,0.179918479,1.214626218,1.2734211865778884
YOYQEK_clean,YOYQEK_clean,6.62212,5.08469,6.62212,1.12644,928.228,824.034,0.0,0.0,0.5154,0.457546,0.0,0,0.205841441,1.34244226,1.3810627116044853
YOYRIP_clean,YOYRIP_clean,6.79198,5.2818,6.79198,1.07942,946.208,876.593,0.0,0.0,0.5242,0.485633,0.0,0,0.199922281,1.282379948,1.3789073787405153
YOZJEE_clean,YOZJEE_clean,4.63204,3.60208,4.62987,1.53122,1162.82,759.411,4.86491,3.17715,0.5256,0.343256,0.0,1,0.103039265,0.856697798,0.8376341539936673
YOZYOD_clean,YOZYOD_clean,6.08705,4.94831,6.08705,1.19906,1535.33,1280.44,0.0,0.0,0.57,0.475373,0.0,1,0.158586136,1.316261944,1.2481836630848446
YUBGIN_clean,YUBGIN_clean,5.8422,3.48658,5.82075,1.92767,1406.23,729.498,0.0,0.0,0.58,0.300882,0.0,1,0.076004298,0.638359081,0.6507958150317791
YUBTUM_clean,YUBTUM_clean,7.3117,5.64903,7.31034,1.22617,1319.07,1075.76,0.0,0.0,0.5428,0.442678,0.0,0,0.058728928,0.506989112,0.5553964940138172
YUCZOM_clean,YUCZOM_clean,4.78325,3.91982,4.78325,1.01421,1563.82,1541.91,0.0,0.0,0.5504,0.54269,0.0,1,0.111628451,1.037275485,0.9825443331071478
YUDFEK_clean,YUDFEK_clean,6.78829,4.53676,6.76727,1.15506,1800.97,1559.2,0.0,0.0,0.6172,0.534345,0.0,1,0.126310005,1.105552928,1.0643236390493636
YUKKAR_clean,YUKKAR_clean,5.85992,4.34741,5.85992,1.1473,1614.58,1407.28,0.0,0.0,0.5232,0.456026,0.0,0,0.162641751,1.3154011,1.3033192167299328
YULNOK_clean,YULNOK_clean,4.29835,3.4152,4.29262,1.35163,393.739,291.306,2.25484,1.66823,0.4592,0.339737,0.0,1,0.07259792,0.580381478,0.574989678700763
YURKAY_clean,YURKAY_clean,8.234,7.52617,8.234,0.858047,2501.02,2914.78,0.0,0.0,0.7128,0.830724,0.0,1,0.125530086,1.160082781,1.178810478237815
YUXLEJ_clean,YUXLEJ_clean,10.83121,6.54663,10.83121,0.97354,1928.71,1981.13,0.0,0.0,0.6686,0.686772,0.0,1,0.081203362,0.744913955,0.739158555176545
YUYGOQ_clean,YUYGOQ_clean,5.37118,4.47094,5.33272,1.34967,1149.04,851.347,10.6722,7.90727,0.5126,0.379797,0.0,1,0.12757646,1.001987814,0.9737228791151217
ZABQIC_ion_b,ZABQIC_ion_b,12.00373,11.11993,12.00373,0.767386,1559.55,2032.28,0.0,0.0,0.672,0.8757,0.0,1,0.071163794,0.681495015,0.6864747562205751
ZACHIX_clean,ZACHIX_clean,13.14331,6.50331,13.13039,0.890304,2133.37,2396.22,0.0,0.0,0.7114,0.799053,0.0,1,0.159609604,1.302768161,1.2907662861900864
ZAFXAI_clean,ZAFXAI_clean,8.16636,3.63608,8.16636,1.40372,1642.88,1170.38,0.0,0.0,0.568,0.40464,0.00156727,0,0.086645396,0.706039169,0.796504598477789
ZARLIP_clean,ZARLIP_clean,9.09773,7.66595,9.09773,0.805646,1902.98,2362.06,0.0,0.0,0.6786,0.842305,0.0,1,0.112376642,1.018453877,1.0396429624278816
ZARTAP03_clean,ZARTAP03_clean,4.16883,3.64959,4.16883,1.16973,666.603,569.875,0.0,0.0,0.5526,0.472415,0.0,0,0.066329532,0.611325128,0.6188982130582728
ZARVIZ_clean,ZARVIZ_clean,8.08211,6.49977,8.07086,1.60695,1752.25,1090.42,2.37844,1.4801,0.6066,0.377486,0.0,1,0.0416516,0.394518228,0.39894060283579624
ZASJAG_clean,ZASJAG_clean,8.3258,8.06587,8.3258,1.20593,1261.26,1045.89,0.0,0.0,0.5316,0.440823,0.0,0,0.068280886,0.640946264,0.6346734144734447
ZAVPET_clean,ZAVPET_clean,5.39742,4.45708,5.33979,1.26627,1762.86,1392.17,0.0,0.0,0.5648,0.446036,0.0,1,0.122023749,1.026526255,1.029595294004814
ZAVREV_clean,ZAVREV_clean,5.30179,4.55872,5.30179,1.39948,1649.43,1178.6,0.0,0.0,0.5718,0.40858,0.0,1,0.125650103,1.039499588,1.0432954628396596
ZAZBUZ_clean,ZAZBUZ_clean,6.78822,5.70042,6.78792,1.17074,1452.69,1240.82,0.0,0.0,0.588,0.502245,0.0,1,0.149996209,1.224831163,1.1883993593782722
ZEDQEG_clean,ZEDQEG_clean,5.11458,4.23281,5.10868,1.21651,1349.89,1109.64,0.0,0.0,0.5426,0.446031,0.0,1,0.112800731,0.998539248,0.9337806497231554
ZELQAK_clean,ZELQAK_clean,8.24038,5.23853,8.14946,0.765451,2630.89,3437.05,0.0,0.0,0.7374,0.963354,0.0,1,0.163103019,1.51762882,1.4994481949693774
ZEZQAY_clean,ZEZQAY_clean,6.85728,4.76238,6.85728,1.25559,1624.77,1294.03,0.0,0.0,0.5694,0.453492,0.0,1,0.127498495,1.065421945,1.05342321197412
ZEZQEC_clean,ZEZQEC_clean,6.82109,4.77027,6.82109,1.2492,1610.37,1289.12,0.0,0.0,0.5834,0.467017,0.0,1,0.124704709,1.062192184,1.034437331972424
ZIGFIG_clean,ZIGFIG_clean,11.59694,6.57481,10.91215,0.866393,2057.4,2374.67,0.0,0.0,0.6856,0.791327,0.0,1,0.18660011,1.368457207,1.4810421118601986
ZILFOR_manual,ZILFOR_manual,9.30653,7.96955,8.40209,0.639421,2480.2,3878.82,0.0,0.0,0.7576,1.18482,0.0,1,0.14879754,1.36989244,1.38817425165484
ZIMLAK_clean,ZIMLAK_clean,8.81434,4.17837,8.81158,1.15604,2223.72,1923.56,0.0,0.0,0.7056,0.610357,0.0,1,0.060858132,0.576002045,0.5854713767683503
ZIMLEO_clean,ZIMLEO_clean,8.8325,4.17886,8.8325,1.13678,2223.09,1955.6,0.0,0.0,0.7064,0.621405,0.0,1,0.060743106,0.575851077,0.5973050933194389
ZINDAD_clean,ZINDAD_clean,16.39277,6.7436,16.39277,0.781296,1939.71,2482.68,0.0538053,0.0688667,0.7302,0.934601,0.0,1,0.159493387,1.435510043,1.3640110799021576
ZISYAD_clean,ZISYAD_clean,5.9099,4.91539,5.73695,1.28892,1160.38,900.27,0.0,0.0,0.5204,0.403748,0.0,0,0.215784741,1.397901699,1.4645053631002625
ZITRUP_clean,ZITRUP_clean,6.53672,5.01398,6.53672,0.717884,2623.55,3654.57,0.0,0.0,0.7268,1.01242,0.0,0,0.094346355,0.904601308,0.8833968469052534
ZOMNUM_clean,ZOMNUM_clean,6.06034,4.51773,6.06034,1.06034,1392.7,1313.45,0.0,0.0,0.5604,0.52851,0.0,1,0.156416931,1.250358363,1.2871009413582608
ZOXNEH_clean,ZOXNEH_clean,5.49902,3.71803,5.37867,1.30831,1870.03,1429.35,0.0,0.0,0.6444,0.492544,0.0,1,0.244265134,1.896360823,1.8492186926528915
ZUBFIN_clean,ZUBFIN_clean,7.69352,3.71325,7.67785,1.11238,1215.17,1092.41,0.0,0.0,0.5518,0.496052,0.0,1,0.219263622,1.566827893,1.5782836328588157
ZUGDEM_clean,ZUGDEM_clean,9.67095,5.98717,9.67095,0.85339,2198.39,2576.07,0.0,0.0,0.6996,0.819789,0.0,1,0.134037593,1.25745154,1.1931332586864065
ZUQMAB_clean,ZUQMAB_clean,6.12654,3.97231,6.12654,1.08189,1594.49,1473.8,0.0,0.0,0.5652,0.522421,0.0,0,0.146964744,1.228896712,1.252834032870399
