train_idx
6773
983
8777
797
2866
5981
1059
8300
3322
375
3499
6749
2887
4921
7800
8463
62
5677
6140
2233
6996
7263
2049
3474
8227
7285
1716
5844
3420
3861
7027
5568
2389
1508
3659
1412
3158
7340
5204
7691
6154
4928
8651
4121
8171
2541
3311
5008
8253
8328
6503
2117
7721
4825
6770
657
960
6608
193
3427
5286
2373
5940
562
1242
4630
1297
7355
2554
2572
8481
8556
2391
5547
2974
3094
5513
7966
500
6070
4354
773
4462
5699
2724
6443
778
736
6249
7749
2018
5242
1191
4298
7890
5310
5995
3774
2642
5460
8586
7798
405
2751
2756
8667
4914
2731
712
3604
5095
7362
2927
783
5862
4722
1631
363
5130
7305
7511
438
554
8609
1183
1750
3907
7187
1229
3766
188
3964
3700
73
2897
2163
2802
800
4485
4258
8816
770
2146
1912
5182
7429
7904
3216
4996
6178
5193
1345
1612
462
4404
4879
3045
7020
8370
4610
7704
7046
5370
1045
4519
71
4007
213
8659
6961
4162
3551
1095
4824
8302
3865
204
3799
976
2272
7173
5478
7608
922
5877
2450
7369
7842
4884
1629
7079
8703
4599
1170
6562
7656
6046
7403
4147
5165
3302
4963
1816
5385
4778
951
7877
5575
915
7424
2904
8541
7520
5741
3357
2153
1337
7658
1881
1604
2916
6831
4551
588
4766
1501
7458
344
958
7197
7380
5885
178
8788
1938
8743
1419
126
7553
6221
8332
1823
5374
2625
1232
2747
4535
3442
466
8776
3182
237
7650
896
8211
7264
8774
7073
1287
2830
1506
2181
3722
6544
7851
8155
5079
5913
2388
3443
1825
5866
2257
2986
267
3688
5933
2784
1132
6982
7067
836
5398
5219
815
7363
6798
7136
3308
2835
6379
3284
2093
6138
8708
8107
694
973
1006
4160
3337
7097
8536
1279
4314
4550
1307
6513
6130
6933
5533
8096
1546
2976
1902
8660
8673
6244
1815
548
370
4670
5537
2451
5275
8152
7773
333
2238
7995
1638
4818
8034
939
8024
5149
5884
751
7723
2581
947
8383
3919
8587
136
5990
7878
3915
1461
3872
6322
3113
1802
798
3794
8439
6007
5946
3343
2381
1325
91
6413
4812
7979
4797
7938
1590
574
6755
674
8016
7917
5831
98
4781
443
4313
3014
2804
2428
2116
4829
3355
5238
849
1587
8134
2640
6175
2799
3811
1057
1497
5647
7934
8466
6866
667
7166
4857
6461
3396
1597
6682
3009
6152
872
6002
3638
7228
7116
1020
5397
6576
1221
4133
3399
4944
1342
4976
8554
5595
5077
4579
3124
1116
6208
11
3251
1665
6710
950
6383
3938
5534
3725
8756
2077
2329
3637
5780
8341
8167
734
1625
4435
5305
1845
5058
8574
2633
3911
833
8613
8203
2738
2477
6788
7624
8658
6311
5994
2736
647
241
2853
5608
6742
5291
191
1166
1464
2682
6808
2559
3036
5129
869
5888
6510
5322
4806
3384
2468
1690
3414
4621
5855
6103
2901
6433
8434
1556
5266
5716
1850
4159
5192
2275
1241
6570
610
2696
7933
1666
7422
4854
6021
6089
4232
2562
8001
4910
7888
6142
4685
6212
4765
3358
559
1736
6539
8074
6211
6295
4711
2841
5848
4345
844
3436
1515
8196
3122
651
1583
4248
1644
1416
5139
3344
3020
1219
7931
8294
6507
5824
8038
1344
2780
3536
6187
8448
7557
6459
4804
2187
1977
3808
1539
5
8217
4509
4714
1518
4503
151
6469
7775
4966
6625
2003
8413
1097
7089
8077
6
6279
4447
2063
2638
1713
4285
6595
7605
1123
996
4868
6107
970
3878
2900
3687
8784
3013
1600
3847
700
2235
1558
5617
2706
5127
8665
1409
3460
2164
7846
6010
6679
3562
6737
1564
7500
8633
6066
160
3640
6286
2302
7896
2038
3680
7690
832
1015
3550
1196
3934
2673
3918
3044
4622
377
2053
4949
8159
2243
3314
305
5879
5439
2084
8801
5355
4967
2801
4736
4771
1528
1000
5409
3754
8261
4718
2813
6609
2032
7819
3103
1865
3571
7542
4112
5968
1732
8575
5184
3842
7164
759
7513
4903
199
3295
4875
3926
4725
5067
2359
441
2732
2744
4280
3120
7256
634
1086
6236
8342
2501
2571
367
2143
5353
411
1384
449
8446
5042
527
8048
8274
1789
5150
3518
7735
6171
7610
2065
5376
3978
2267
7316
614
18
8377
6267
8670
4431
1984
6990
1549
4790
3383
3115
5303
7325
730
3276
3893
6098
1023
1408
4137
5733
5161
5247
8210
2091
4874
22
6415
4351
6912
6786
1710
5048
7884
5632
3855
4734
946
6948
6123
4166
2896
6019
7786
4918
3555
6967
25
1051
3572
8185
8718
171
3884
1623
4496
7436
1231
8604
5270
3988
3413
2992
3664
6784
3795
7803
5352
6969
3540
8214
8787
3238
6112
7847
3198
2404
988
1914
82
8652
8315
3594
1324
7937
966
6526
6128
1406
8056
5365
8325
6783
7250
914
875
5103
2544
133
1964
4182
4356
409
5426
8480
837
7129
5025
7440
6901
5235
6337
899
2229
1852
2469
2457
6894
6815
1294
4744
8114
2790
6574
8581
4710
2361
1314
6364
5858
5522
8338
422
187
4631
2709
6234
5168
6914
476
2035
7015
8319
7887
3905
1136
4466
6739
5450
2064
2337
5115
4303
3790
7953
1928
5725
8178
5612
2958
1728
8441
7082
7600
5750
8182
3372
7171
7008
2144
7793
4873
6957
3797
6769
7132
4357
5799
8624
3359
1878
4395
7183
8409
2681
3993
4058
51
1019
1246
1651
8626
7031
2990
4405
300
5251
2679
7443
7925
90
5822
830
4185
8571
1809
5581
2686
4430
1351
2750
7724
3143
5343
6143
8135
3217
2289
6147
8735
1414
6747
2152
2470
3715
5767
2335
5953
5065
3897
167
4894
5199
5076
7145
1754
6677
8567
6090
5399
407
7914
6734
4885
5424
4640
4108
503
4446
8100
4277
5452
7913
7715
8416
4416
7479
6900
5552
5276
3018
2489
3151
2514
7006
7492
4115
5138
5806
8305
7959
2048
8742
1709
2371
7530
2147
2646
5284
565
4018
7790
4692
197
7719
8051
7054
1870
3853
7909
3183
87
4260
2525
8654
8395
8764
5970
6072
2079
3576
1328
4300
1979
1859
658
6427
6612
1448
3263
8235
7920
5997
5544
1956
7996
3073
6231
3751
1915
7751
7035
1236
8132
2993
282
4617
4195
3309
2669
2832
6702
1492
5416
6680
1905
5516
8160
7686
8063
4484
4064
6685
7643
2532
4081
3997
1660
504
573
1171
4320
1656
6410
8133
2369
5761
4938
5886
2672
2961
2512
1525
3580
4789
66
1581
8582
5644
6697
8055
6557
4109
1228
4842
6910
563
3253
2840
5952
2121
8608
4024
1021
7628
2365
2368
5671
4844
7915
4785
7456
1691
368
4833
5120
510
5934
8783
6418
6316
4225
2348
3980
8514
7908
157
584
6801
2953
2175
5847
6388
2206
4033
5110
1379
536
1462
6343
3079
4412
3777
3646
5411
4236
1668
352
6897
4522
8272
5830
8435
5108
5301
4275
5256
2690
7415
568
2285
3200
8078
8457
3524
7607
4350
4946
8131
3446
8512
545
1161
5781
4457
7266
2266
3990
7472
3389
744
7309
3221
5684
7087
7711
8549
2055
1304
5971
7764
6554
266
7172
6077
1502
525
3145
7218
421
3844
8796
1848
392
5524
5285
2941
108
609
8136
7090
451
3339
6563
369
2260
5485
1580
5727
6162
7645
8445
4792
1969
5752
6310
6463
7193
7133
4947
8513
1758
398
930
5195
6704
5870
4039
1239
81
4958
4588
8236
2211
3360
5292
731
139
8727
2761
964
3086
1595
1403
6005
4751
2128
2201
3450
5996
7125
8715
4507
600
6258
812
6668
7705
2251
2520
4158
1121
2516
6419
1081
3806
63
8552
6079
4776
3119
690
1146
1042
4634
2204
6516
2935
6215
8782
2194
878
1265
8719
873
3577
4304
7961
3019
3693
7333
8282
1955
3483
2531
7426
8390
1099
3910
1516
8415
265
919
8566
3669
3017
5019
439
8387
2741
7815
6043
7327
6257
2015
3945
8218
5237
7224
867
7597
7611
7186
925
3914
2617
3175
6458
542
5009
5719
6053
1240
4174
4196
2760
60
7143
5666
729
3161
6149
3223
5987
2322
6384
4683
6826
497
6038
1764
1983
6369
4783
5651
552
904
4323
2952
1866
8003
5545
7372
3187
661
3699
3297
6891
8037
7288
1923
1111
1798
5465
7086
8628
4075
8442
5786
3378
7816
3480
8053
1694
5015
3904
4197
1903
4772
4384
8576
2803
5220
8760
1103
6139
546
492
4687
6361
5993
1658
5031
397
6492
702
5715
3746
7009
1841
6121
4343
7789
4862
6082
3599
5757
1050
7892
6596
4542
1872
5754
8687
4754
2050
2068
2202
8372
1199
3210
714
3931
7558
3778
4548
2620
3578
4021
2558
1253
1441
2940
2213
46
227
2808
6560
8650
5579
6320
7321
5166
8489
7958
1521
693
4273
3544
7525
93
2214
5573
5674
8298
1978
2
6197
180
3713
3454
4138
6943
6824
255
8202
7398
7522
3913
3817
2453
2284
6317
7997
2171
2452
6222
6744
484
2008
5958
3088
7343
7970
6599
4863
3350
8351
4253
8049
3868
5897
8148
2603
3417
2240
2178
621
7550
1715
2297
4987
8230
6207
1946
7544
156
7829
52
979
6818
8122
1137
4794
4475
5178
4861
4891
7578
2061
5887
8050
5974
3243
32
1093
1648
7641
4520
4365
7385
3280
6954
6052
6202
3649
6188
7922
4895
304
1428
2880
4288
6398
3935
1652
141
1861
334
4830
2262
2684
611
1266
7876
4077
1423
120
4374
5032
3139
7675
2460
1609
8365
5714
1258
4945
4979
5006
5785
4737
8717
7005
4417
6694
8663
7552
2942
8712
7269
3336
1105
4567
5603
2937
8797
8104
579
5744
4442
2151
5747
2029
7168
6425
1858
4969
3067
7840
3063
2182
6681
662
6718
7211
6069
3156
7239
7685
534
8116
7989
2407
5635
7346
7085
6024
3392
1436
8522
6799
4342
3574
4552
4310
1460
6403
2447
1276
6339
3940
5023
7384
6219
3655
8124
6485
6524
516
3473
192
7727
3899
3057
3678
6226
1267
7574
486
8046
722
2561
3385
1329
3517
7445
576
2446
4099
8041
4362
5106
3792
2954
7464
5415
4426
1991
8241
2779
2254
7470
5891
7349
5440
4017
697
94
6250
2833
1001
3721
2772
385
7733
3781
7867
6003
5133
393
4086
3759
4145
2286
1036
5580
2189
1524
1424
3071
3477
1435
2411
3569
7568
1739
4010
2309
4282
7274
1233
3822
2209
2200
8303
943
650
1205
4763
2085
6794
706
2081
3121
5255
4073
1855
8798
6450
6183
251
4886
2156
6036
8677
5604
8010
8773
7859
5358
287
1976
2947
891
1257
2770
4850
1012
5244
1032
7200
4463
7737
5368
8105
4047
3227
6566
8453
2972
7368
2216
4334
5861
5605
1235
6062
880
1577
3801
8443
1283
1726
7928
502
4901
7822
5366
3261
3364
1190
4943
6895
1693
4012
7666
5344
1055
7388
6797
1479
6421
2855
8379
6271
5324
5614
6720
8192
6917
4206
6486
5471
6378
6874
8000
5482
6844
7684
990
2154
2464
4601
3030
2045
6987
630
7226
4893
3148
5854
1282
8163
2086
1909
4294
3782
118
4923
1068
2823
4591
4568
3538
2519
5539
6395
3040
1468
3575
7754
3917
2506
2481
4624
3709
2970
8245
2608
2078
3592
2423
8638
7630
5197
7176
5582
8147
7053
7974
6836
5904
2422
1819
6319
8068
6963
1338
3471
1753
8108
8216
6284
2667
4965
8493
506
6111
645
7276
6494
2703
4749
3618
4481
29
8392
4836
1047
1280
5463
4113
1466
3591
7817
5999
8358
3642
6020
7095
2225
2810
1274
8181
7351
6998
954
7902
6331
2317
317
2290
7435
2393
2311
5735
8348
3146
34
1801
3108
7538
7245
27
6153
8709
5619
5901
7108
6356
4237
8433
6793
8771
101
8061
1605
8189
4271
8523
5676
302
6757
2434
7777
4915
3411
6134
965
4274
2362
5636
8765
8725
351
6581
2665
4093
174
2118
1310
7058
8813
8371
1284
2370
8197
623
997
2416
6506
4084
5760
2195
6016
5669
2933
5459
323
8819
5585
6841
1262
4445
1425
8548
3625
7468
1790
6578
5768
4677
724
275
5543
2939
1832
3301
3487
271
217
7579
6227
7306
2580
6705
834
8059
6992
473
4107
33
2169
4582
7036
945
1322
2949
2432
5239
6012
3214
1388
6631
8121
7514
790
5571
3154
4693
2104
7318
1187
8036
8086
6449
3619
1560
7833
1321
2300
1200
3981
5597
4386
6649
3509
1129
8641
7383
4956
2765
2398
7378
1453
7149
2836
764
7647
5915
8467
6297
8293
4199
6358
6035
3719
2623
1442
6893
2016
3827
5252
8465
8184
4409
8276
7947
8545
1875
232
8094
8330
4427
2358
1829
1433
6338
3296
2174
7070
6833
8614
8402
4832
1561
701
6577
5316
5221
7529
6205
8516
8472
364
779
8231
5606
5428
2402
7011
575
7992
1927
4672
986
3720
8688
6246
2634
4600
5980
454
4074
1659
2062
4346
6011
7111
7603
6767
6768
4333
3179
5400
2570
2149
6634
4952
6348
5432
256
5749
1563
7337
5174
550
4036
2963
6880
1512
761
8485
4089
1768
7906
2231
5504
5490
3653
7246
7712
3723
2645
1430
8002
3026
8561
7487
4264
3028
4259
4525
1381
7106
4418
732
3300
7080
3371
7178
7701
6336
7430
1608
1794
3306
567
6937
1202
3068
5867
7619
161
3950
7527
7081
8747
2429
5203
5609
5232
2892
8054
3772
8509
4925
1361
6345
1777
2825
362
6675
3338
626
3734
2977
8164
8364
3691
959
1400
7665
7755
6237
2270
7335
7151
4015
335
1413
7787
194
5510
5565
3463
1004
1378
2632
5954
795
234
3430
7633
4912
6164
2387
4539
7748
805
3658
5827
7560
6292
6700
3985
3681
5737
1980
8530
5843
2635
7350
4220
5390
3038
1275
7571
5386
1949
1510
5572
6889
8273
7635
725
6474
4545
110
4731
6575
7025
5233
7660
7923
2261
3047
7545
4490
987
3092
7207
1924
1594
1627
2762
7056
532
8808
1653
5655
6349
4240
4853
5035
55
5736
7220
433
2881
786
381
1568
1895
7898
5742
8768
2768
2494
2140
5525
7805
7399
5892
920
1543
7523
6603
7954
8785
2714
8525
4566
337
6518
8494
5680
7249
2713
2113
1828
2754
4627
5187
541
5493
5765
1863
7976
8643
5641
7921
5562
5564
2345
5918
2246
871
8356
846
6623
2984
8455
361
6693
5728
5475
4516
2249
5332
7999
4708
3928
7512
3539
1610
7782
413
8064
1745
7785
248
4658
6656
5502
8166
2582
801
6305
7223
2394
4188
7823
5427
5207
1772
185
1982
6717
1126
7489
4223
5578
2092
7037
6150
4452
4193
4308
2088
7540
8412
6795
6611
8511
6282
5689
3947
3150
8501
3256
4955
2007
7869
1443
5495
1888
5289
544
8562
2530
1270
3921
2507
5678
4338
3593
4396
3970
2242
1278
5965
2999
6708
4831
6392
6163
4531
4102
3441
117
5708
1017
2244
1555
3316
5548
4595
6376
5257
6496
5514
175
6260
8349
2928
4633
2918
1353
2366
4959
6360
1293
6048
8127
2594
6716
7796
5908
2417
1748
4467
3552
2824
5338
2119
3758
5351
5318
1741
1445
5998
5136
4500
3815
2911
6665
5086
1531
8458
3118
7304
1959
7495
3022
67
5121
2845
2777
8780
6588
4183
7196
3973
666
7007
286
2891
3901
7625
1687
5960
2723
978
6190
4733
8588
2051
3756
3090
582
523
7783
2577
4041
3177
2564
3956
2056
1812
6451
8297
5496
1936
3775
5084
2406
5838
7391
4317
7681
3944
4172
7491
7408
3793
1827
1862
324
4349
6505
7140
7076
7629
4764
3769
6843
2702
358
5263
2717
1354
2255
6628
79
1557
3125
8726
6424
2330
5878
8149
6523
8724
5640
4480
2100
3484
7717
3230
4377
4385
6214
1971
7534
6973
8656
6262
6191
5943
3116
3507
6278
6635
4057
6240
5309
8119
3573
577
7750
2034
5230
7676
8635
7813
3469
2114
2740
4997
6056
6643
3159
1575
5188
2390
5090
7756
5466
7379
8110
5064
689
8770
5922
1211
4465
5225
2658
7899
6834
3323
3968
6078
1906
8546
2415
5050
58
3043
811
1614
7198
8280
860
6501
1185
7283
6854
5059
6281
5925
2024
8005
1082
8806
2817
8323
5156
5794
7096
5500
7743
6543
1035
3107
2299
5280
5131
5007
6832
5112
5907
5690
4476
5560
5043
5813
3277
8610
8200
8602
4990
8177
5124
1010
4487
7394
6490
6952
134
740
4473
7821
2220
1269
5091
2245
7144
5774
5681
4811
3818
8557
8497
307
7376
6580
4845
5748
4849
4142
1791
7077
901
3126
8757
4341
6672
3369
1933
4413
6764
4216
7292
3502
4985
8352
5083
4840
2727
1483
7881
8292
3244
2615
6407
7674
8308
2386
4181
8376
4432
113
8035
5431
6984
995
7393
5434
1696
4425
3771
4358
7217
1341
5526
5972
6916
3011
7490
4676
8111
7298
7434
1586
643
2975
2473
8488
295
2126
8329
4269
852
6386
5505
962
328
7131
2159
6359
4596
3807
2712
3643
2313
653
2697
2026
8260
262
6177
3072
469
1795
7010
8679
8117
8479
8664
4179
6779
3657
309
1582
4575
1680
3117
3197
360
7952
6583
1793
1999
6790
3969
6040
5820
3218
5333
3321
5983
1596
2839
2737
5574
6939
6701
5105
5089
3004
2589
6953
2609
243
1820
4062
3157
4740
2996
6497
6228
3909
2870
8017
6300
2995
5175
1247
6886
2265
5687
6789
299
426
3386
2647
8205
8113
8265
5283
488
3941
3453
3402
3012
7709
1986
3167
3660
3342
4091
4819
4696
327
7626
7526
6830
2641
2521
6648
5109
17
5206
1156
1372
4800
1080
211
1163
6706
5973
7700
2689
2226
4808
1437
5797
5871
2859
1817
4590
8014
793
533
6031
928
4373
8240
8477
1796
2399
6863
3366
164
6346
940
8228
8738
2109
1533
7622
4753
2419
5047
3702
8799
2822
5924
2161
5947
1189
2969
8655
8515
581
6803
7601
1031
5158
16
1273
4268
1585
1672
2277
5288
5407
428
5401
4464
7047
3876
4578
1397
3894
5361
2344
4748
769
3733
1727
8309
719
8072
8339
2491
4957
6711
2936
59
2196
6762
1203
2127
115
3293
6976
2339
5126
1117
7175
5988
130
84
5691
145
7332
8596
7561
2946
499
2131
1769
8563
8640
6589
2444
289
4255
2735
8438
7119
4460
7897
7291
5294
8510
695
3525
2907
8668
1702
5222
4393
3410
7210
3755
5912
280
3585
3521
745
5307
257
8473
5417
6719
1447
7102
8221
2920
2604
1102
6431
6723
913
6116
1641
4758
5557
1008
692
6482
7107
1016
3229
7453
7050
5966
5558
6416
7854
6885
6464
8713
7710
2788
4972
3279
8130
7307
5414
4936
4705
3021
1018
952
4822
7354
5991
3468
2868
6633
640
5814
2691
2843
7505
7461
6230
5846
1244
2133
6118
3500
1131
7746
1890
5591
6865
4592
862
7397
1981
1884
5215
5248
465
1027
8781
311
8802
1043
1965
425
7469
8075
170
5559
5367
2502
5446
7358
3948
179
5004
3286
4803
1900
1417
3239
8109
6820
6630
5393
1334
7939
1593
3656
5317
321
5964
3582
2553
3289
8310
2764
6097
7950
1335
4759
2767
2166
5859
5967
8508
7668
1391
825
5371
1961
4686
1842
716
4122
4397
8470
7948
8285
1432
933
374
893
4917
5975
6160
6535
329
8013
2405
3836
2818
8095
3406
5217
2527
6750
5743
5062
5445
7026
8734
2441
3007
6169
3327
3603
278
3181
8487
4001
3520
918
39
8414
831
4883
1698
231
6455
2607
6489
8459
4180
5304
184
6366
8238
431
4092
3902
6156
6166
6644
967
3764
4080
7810
8115
854
7231
2550
699
1215
1218
4025
4533
2991
663
7252
4679
3920
743
1315
4888
8288
2893
4379
7767
3887
366
7293
3397
6014
3432
5839
4360
6374
5298
2338
435
7227
5693
13
4887
5287
4802
7392
1396
4564
3407
2539
4029
388
763
1570
3996
5828
7818
8648
4609
7216
3763
8558
6106
5665
2588
2316
7386
7506
5654
2357
7969
5315
8737
2591
6637
5583
7466
4727
8517
357
401
4837
8009
6636
274
1679
5762
6312
969
1655
6906
8779
7955
6344
5279
418
2421
6622
4782
6771
3890
3508
1738
452
8244
5682
6092
1589
1720
6651
1686
8533
1033
4973
7903
7838
6585
7138
5818
6688
5498
7828
7752
4992
8736
2944
6060
6616
3740
5337
8168
1365
8353
10
6970
1150
5155
6756
6329
3166
1799
5372
3042
4638
122
2027
5143
6289
4569
6809
1358
5837
6318
5132
6699
4645
5488
4606
889
1061
1440
7347
2044
2956
5832
6822
1725
8707
5228
6658
3142
6032
7295
5022
8284
8430
1214
5722
7572
5234
5875
4730
8270
5491
5685
5146
6037
5905
5053
166
955
5772
8118
8384
5063
6851
5159
3598
8452
2197
2636
7944
7516
6525
1919
3292
1724
4088
2948
5216
1780
2915
1255
6268
4359
2879
4144
378
8674
4869
659
8207
4585
821
7732
3220
912
8540
3382
767
7103
766
5979
8021
6210
981
4775
4934
95
5438
3039
6657
6434
2906
1025
7314
8275
1970
6161
6559
3257
1514
2622
219
4586
4538
3375
1224
6743
5710
6468
1394
7052
6075
6180
4050
8598
1143
5272
3133
1530
3679
2326
6936
7926
6435
6478
7946
670
3704
7184
8815
2725
131
5056
4347
4094
796
2179
8693
6698
7929
5853
5930
6411
754
1958
2403
5842
704
4669
1208
7153
1009
8680
635
8191
3677
1962
3291
3155
4493
1071
603
3486
4261
4455
5281
5802
3330
3526
6825
6265
8150
5012
7563
4526
7776
2921
1603
4838
6761
858
2067
2009
4866
6931
6000
8058
6642
8611
5835
7471
5775
154
3903
3270
944
2781
6251
3370
281
2006
5299
4292
487
771
7765
4383
5454
246
2573
6382
1154
5566
5038
5391
4037
3633
1405
4644
2666
5932
8505
2659
8778
6309
1740
2873
8705
5919
6947
6389
2474
6465
982
3999
4098
6325
5027
2022
3752
8649
6254
8564
5462
6663
3951
6988
2978
5135
3288
5982
6730
3489
5712
3694
4961
6728
8187
1060
8542
1901
8524
4563
1985
6285
168
8661
3347
5950
2307
146
8237
294
3176
5701
2263
107
1192
6454
7788
4654
7433
538
5661
6533
6220
269
7832
4933
560
5726
696
8810
1669
4867
4389
123
447
8580
7411
7824
4809
8344
7766
5948
5260
49
3744
2578
5073
1209
8287
7486
1517
4000
2913
5788
1677
8321
2831
1695
5034
5476
1393
3960
2342
7417
8605
5670
855
7195
75
4242
3992
3194
5480
2376
5939
2846
1357
5563
1731
6055
3351
4165
4713
3636
1846
6460
3712
6479
3789
8266
2098
8007
5314
2923
2596
828
5631
3401
1026
135
4517
6294
1277
2816
7615
8176
6621
8004
1259
7535
8091
3879
3051
6733
903
6174
972
3831
6335
5349
4499
4211
64
570
2033
6772
6362
4877
3535
8748
4536
1650
7286
7040
5688
4543
6541
3850
2247
1678
4486
5198
2899
4544
7356
3506
423
2687
3233
8537
3275
6925
528
382
1997
8623
7575
2227
1894
7778
6323
1429
2349
5231
6729
4807
163
4641
669
1821
7413
3717
5033
3400
3246
4769
4239
3845
3456
8125
158
755
4674
3361
3423
3424
2722
4547
3070
6261
1871
5986
7504
4513
6104
7634
3843
1616
4662
4594
618
1670
8333
4453
3491
2878
2426
3621
2314
2908
6368
3425
842
77
5873
3504
6571
7279
5017
268
3085
1545
3135
4974
3556
1830
8577
350
711
7338
8600
688
3437
8700
5387
863
3208
2569
2465
675
2239
2004
8617
7617
8818
1767
2708
2909
7880
826
4793
6495
5845
3254
7943
8584
306
6812
2167
4307
7930
2115
3698
5211
4306
782
6617
7045
3882
6962
1674
4549
6333
717
6606
7555
6758
7598
2454
2721
3232
4720
3606
4129
7262
6602
2685
4859
6878
5377
7554
7
4297
3438
1496
5308
3294
721
7858
6199
3813
5795
4752
3558
3123
6549
4767
668
8698
4
5992
8137
7241
4150
3283
6741
8248
5045
8504
340
2014
4366
8553
4375
7396
2101
3249
2186
3055
7742
3416
5672
474
4095
5698
5899
6938
8290
5600
7860
6627
297
6856
4388
2743
2861
2994
5296
6137
3663
6615
6915
2734
7099
8424
4207
5000
3900
4760
7265
6519
6472
1701
1773
3367
129
5895
2057
3332
4616
2707
2108
1467
5016
6907
1164
4698
6028
6290
5364
8120
1281
2856
1840
8018
7912
6186
3622
48
8263
365
726
7856
5697
5382
7042
76
2087
3975
8030
4156
5295
2327
7057
7621
1145
3942
5148
8350
7201
8255
83
2549
6475
8361
5766
1481
1746
5099
3732
3820
5039
3488
2396
4043
3514
2898
4132
6041
5278
8696
589
4779
7284
5341
8694
1520
1810
2547
1292
6141
932
6172
7484
3916
6959
4192
1195
8347
1371
6530
909
4006
6827
1149
8706
7016
7482
8199
1073
2505
911
1184
5312
5660
8144
3895
2325
7799
6071
7657
2442
7474
1703
2012
1268
4191
5265
2515
6835
4238
6546
4402
1110
835
1157
768
6088
6488
4719
3434
888
2729
1854
1948
4715
2047
7614
6432
5097
4565
1618
2858
2353
3952
6754
4948
686
6882
5468
7988
5406
3824
3641
1573
455
5379
7839
6821
4399
2529
45
4380
6673
7105
3786
3050
607
1194
7760
6905
6477
3451
198
2110
2303
7835
7254
6342
2847
5030
7779
1465
6842
8578
3207
2888
4278
6722
2590
254
8043
7747
597
6298
6652
7826
7225
7573
6508
7024
2626
5072
2914
7004
599
7365
1592
7642
3730
225
6991
3718
515
229
4986
3908
787
520
5729
5928
1370
3542
140
2555
874
332
8471
6426
8173
2259
3885
5293
8733
5621
4706
2237
8407
5029
7163
1682
322
7023
7655
1700
5900
6100
6405
4318
4305
4321
7905
1125
2198
2059
4319
6144
1567
7582
2595
209
8198
4939
7165
424
8535
7804
3668
1390
6881
8755
3966
7312
637
1106
4534
7078
2336
490
43
4370
387
2938
6591
7240
1049
4295
6958
8606
6659
6975
4155
4700
1489
2296
4270
7444
3589
6792
6586
6146
314
879
1994
8373
3736
4353
3061
1356
6044
4055
4451
6800
4361
3906
5002
8490
3802
3607
4213
3545
3062
583
1339
38
2142
2819
3190
7117
8418
8791
4495
1169
5152
5639
206
4870
125
1836
2543
7243
3511
7664
5850
6109
7994
4695
8432
5792
3819
1519
6620
586
7850
2487
4602
2409
5920
3839
6058
5018
1607
4056
6445
894
7127
353
5739
3428
4649
8500
259
6013
3087
2857
7244
3305
6579
5894
2766
215
655
4045
5396
5137
8744
7508
4249
7100
7160
5101
1877
4437
8728
989
7963
8675
7984
2172
1966
3991
1814
6765
6727
827
3605
6412
1882
8521
3110
150
6213
3352
4629
1522
6034
4382
1611
283
4570
6678
6690
3804
7722
7699
8022
7203
6590
310
8539
3049
3835
636
656
5860
6667
1676
4684
557
6902
857
1469
7259
7528
6045
7602
8220
5561
5069
5116
1122
7059
7280
242
2456
6277
8468
4704
7159
4816
8761
5626
6350
7580
5082
7919
2536
5229
3388
8143
3874
3828
458
5622
3478
924
5938
8422
6200
2281
6715
3862
6923
7237
5836
3268
7980
1179
7339
3829
1401
5011
3741
6892
3225
5653
3803
5778
4984
7731
5160
3787
8692
7012
6375
5902
4726
427
7463
2355
608
2252
5020
2749
4400
6216
6094
8320
7795
6650
5805
8026
3325
2987
5755
1044
2694
6061
5864
4743
4909
7841
6158
1074
7094
4835
3685
2874
7588
1480
5202
7889
3561
850
1941
5346
8102
1148
8301
3661
6499
5909
2052
6909
3954
7616
2177
7707
2234
6853
7591
2482
1252
7092
6945
7738
3299
1688
7278
3710
8225
6189
8583
5246
6691
235
935
807
3315
1880
4919
4882
8362
5183
7251
2798
1578
2715
606
3703
7592
460
5978
5384
453
3209
1415
417
3213
338
4369
7139
6766
8499
7152
8093
6911
8065
6304
8811
4265
8476
1904
5117
1212
2466
1867
7551
1784
4315
5339
3617
8547
4053
7065
4019
1547
2271
1186
8420
1760
3185
4026
1360
4118
3674
3408
814
6527
3852
3153
4228
2037
1899
7849
7348
410
7739
6618
4205
4993
4327
5389
1808
906
2930
1626
3620
6805
7991
8686
6409
7497
7161
2305
7260
1998
3168
3033
4233
1913
5634
2778
4664
2664
6448
8194
2212
3165
847
2980
2066
5723
400
1576
2791
2748
8175
6417
2586
5345
2478
7978
6597
8222
5949
5425
68
840
2568
181
3767
5176
3567
4157
4613
285
6785
2864
8621
2318
5213
1620
1305
2273
6086
7590
2611
420
6760
5667
4611
2655
5602
5607
8701
5075
3069
172
244
4911
6133
2504
8271
7205
1066
6965
3192
4178
1538
8594
1853
4134
4930
1804
1176
2023
4814
5218
5421
1083
6091
2828
859
8081
8572
6393
7439
6483
929
2966
226
2842
6470
7945
5388
6385
3196
1434
3857
406
7618
1206
1188
4470
6504
6759
5652
2324
2538
2852
6951
2141
8188
7209
5811
3707
8313
6858
4614
8012
7481
1404
5976
3106
7825
7967
6059
728
6235
5796
6473
23
7806
2701
3075
5145
3319
7567
4728
7848
2096
7556
1811
2676
7518
7322
1800
8451
4929
8417
2805
3731
5808
1692
5851
5464
475
1968
6101
5555
2082
3312
3932
1407
7862
6732
5812
3742
6736
7863
2513
2862
4023
3590
6487
672
3255
8622
3587
1619
7965
2383
5914
7940
6647
3974
2875
252
4515
5541
4865
8534
5412
1940
5649
578
5520
5527
8334
3461
5753
4008
6619
601
2410
4440
1147
4801
6859
8408
4755
2705
3602
7713
3987
1920
3250
7698
389
3381
6120
5269
3779
1916
7114
2385
2425
24
4054
8084
7916
747
2036
5893
2445
1654
3037
4555
8326
6193
705
4090
691
5071
1347
5791
6600
169
5554
7549
8092
21
4788
7981
8254
3494
3584
7302
7126
3611
6209
8444
4168
4153
6542
7649
5718
6964
6308
6512
4571
2877
2982
6155
3557
4136
4489
8807
4667
5163
5363
4823
4605
6436
6198
6774
6006
35
4774
5144
5880
4786
6552
2492
6129
8642
8440
6942
8601
5942
8590
8644
5469
2510
3470
8607
6778
4439
4647
3114
3838
5623
591
2449
3949
4521
4858
6645
4332
5518
6217
1022
3058
3313
112
4546
5040
7488
3041
4619
3612
2522
7374
977
5624
8595
4072
882
3984
2354
4978
2400
748
3770
8723
6438
7395
4688
5185
4229
1584
4626
3189
7320
2776
6466
4675
5114
602
7639
5249
7971
6775
7402
3888
7983
1621
3788
2438
4407
4027
8139
3738
742
1503
5551
5157
6837
4787
8304
6085
3266
3329
6624
2258
1885
1291
3495
7536
2433
3096
6135
202
6999
4756
1011
4022
1535
8592
1574
2320
173
7049
6270
6291
5923
3570
5758
5433
6397
1737
707
819
5730
6050
8257
3203
2905
2613
5214
1014
4581
616
3925
3601
4381
2593
6707
1487
5629
1572
4572
4768
6869
6511
564
5028
7158
3242
2130
3652
3994
8447
6721
8201
8464
5821
5021
531
6861
5381
5153
4826
4202
7064
8526
4615
7801
6977
1091
4902
1664
6838
3099
41
2912
8289
5104
8142
4777
727
6593
7990
664
4699
2902
8246
3697
1634
7401
2542
471
6876
5598
2288
6819
3083
1399
430
1367
1398
7683
2346
7342
7334
1364
155
6241
1662
5066
4106
4230
8103
4324
3373
6689
8710
639
5162
2563
7671
6406
7932
6993
4813
902
931
5057
6184
3673
2971
6453
6269
3031
8316
4209
3513
7301
3962
3128
7830
5763
4703
3377
7812
8702
3708
4504
1886
4169
1100
3060
4524
7219
5809
2924
6391
1523
2420
2097
7066
991
7949
4612
7174
5803
7324
5261
7448
1876
8385
1237
6848
6414
376
848
5074
6555
3307
6873
3455
8817
7537
2222
7753
4657
203
7874
4954
3614
4348
4257
7570
8381
7606
1896
6817
5793
3559
6001
6306
6845
3963
572
8569
1892
7515
7441
781
3961
3785
3404
1120
6442
2060
8645
7021
6351
2480
633
5969
5782
2378
3714
5223
1251
1484
3032
5868
4653
1617
7680
7509
4002
5826
7075
496
3672
383
3272
212
2657
7648
5740
1774
4689
1926
785
1749
1931
8671
7019
6259
4762
6781
6646
1301
176
1788
3415
7155
1993
8180
8404
5240
14
3783
3340
5700
1883
2556
15
4729
7044
6321
7769
1380
1569
2005
8423
4671
1697
3391
998
132
1459
3634
6122
74
1635
5473
1649
923
2001
4942
8555
5430
7235
4020
4103
558
3084
5123
6569
4171
4738
1874
4527
6357
6303
3930
5511
6870
4994
8599
8343
3565
7407
7736
3333
519
703
4989
8772
1319
3138
7693
8550
1509
587
8678
547
5856
7501
1857
7653
8790
2210
7055
2579
1935
477
774
8711
6553
2461
7962
6946
3052
2072
4580
6960
7581
8612
6840
3245
8579
5804
1226
8368
4184
6929
2054
8492
4335
3726
8769
7651
2010
415
5756
4177
3285
1766
7640
2957
7308
5092
4076
508
7014
8483
4060
3412
5675
4561
2278
7192
80
5347
2528
1054
2040
1078
4428
2964
6330
7901
3081
1477
1160
5392
8206
3848
4796
2328
526
3457
7185
5321
2619
3109
7741
56
5709
3896
2232
5243
7807
148
4975
102
683
876
1175
8666
5323
30
6941
971
1532
856
6908
2988
4367
3174
7214
2796
7632
3056
7951
3164
1290
1272
6751
4028
5529
8154
3623
4316
3955
7013
5959
2551
3537
8039
4438
1256
2605
8704
316
4991
3149
624
4673
7589
4256
3479
1598
6456
8378
2677
733
7221
8731
5319
2848
105
2103
2742
628
4279
3670
4252
4161
7238
6302
1721
1488
6724
5926
3682
2476
7900
2293
5507
3547
5911
4747
3809
7230
4391
6573
1003
3600
2943
1456
8396
6515
6605
1718
8389
5486
8669
4186
1463
543
3826
5170
6026
4528
6467
5001
7745
4355
70
4065
6095
404
1313
3748
1450
8766
7233
4652
916
5394
3810
513
8088
7455
7631
5302
4429
7478
1945
6371
1606
809
7154
7410
8161
6313
4173
1951
6745
6017
6746
7421
8627
1165
870
8129
5492
1566
2746
4735
1601
1699
7319
881
2165
4821
3326
3345
6613
2490
8775
8618
4212
4798
3348
3965
6640
7101
2170
2221
2304
1306
3248
3616
6940
7532
47
5540
8716
6119
6787
7359
7446
2610
5147
1657
468
4482
7533
2876
8011
5087
685
3967
908
2199
2699
5610
7662
1216
3078
1056
5720
7612
1834
7331
6638
3650
1359
8281
4916
6540
6441
1646
6452
2587
7502
8474
8469
7702
4214
4553
3588
713
2726
4127
3046
1316
3711
7191
7577
6232
6057
1495
5046
4770
1771
1471
2250
1028
5657
2759
1162
4682
3527
6823
1355
5167
6264
941
8786
1119
5567
1193
4642
2797
4376
1548
4468
1085
5706
190
347
6253
3666
4059
6225
820
7837
6315
4604
3
6997
5335
3768
4922
6168
4723
2185
1153
7157
1138
1661
238
8087
8277
8507
8695
7182
963
6813
7299
5196
7425
8346
1781
7853
1752
3089
1553
2557
2700
7857
8804
4371
5274
2083
5093
8425
8020
5890
892
2356
5290
6159
2884
7206
6481
2917
3034
1088
4263
159
6173
6423
8247
883
2139
2112
8615
3860
6476
2585
673
7865
641
1960
4378
4950
1346
3201
4131
1107
3696
5098
4411
1889
2132
5010
4518
7729
2321
7287
6660
592
7048
3760
1673
6370
4724
1065
4820
8357
3273
8685
3568
803
8090
4143
8484
221
4336
710
6796
7827
7768
746
1288
4331
4436
4042
4034
5169
8597
8060
4101
1114
7985
2508
6182
5784
571
4632
6529
5596
6610
2934
3871
8258
1309
6429
2537
7924
737
5509
3654
2560
2448
7409
7215
408
4712
1030
7503
5530
6125
1851
8462
2230
845
6402
6537
7993
114
5625
222
7389
1201
6068
5570
7451
590
4780
2962
8067
7517
4049
3130
5769
8028
4707
818
5395
7083
6816
3541
4096
2162
4392
3269
2518
3464
4532
3773
6971
4558
1376
2926
5122
6868
2637
4717
6327
6194
195
1897
3287
5648
595
4164
394
7000
617
7141
5852
4221
6714
2719
7809
5650
1779
147
2412
1002
905
183
7771
3505
2730
866
7297
1505
1988
1544
2785
8027
758
4322
2500
2106
3219
1382
2380
3816
37
593
5180
884
3195
2815
2203
8551
4291
414
2046
8741
5055
7361
2787
5810
3728
5171
4846
1326
861
580
2158
5642
6782
2217
5874
4401
298
4151
7390
272
4016
3064
4013
2602
6829
5528
6653
2683
7462
7018
953
250
2236
5553
1942
2998
6087
4032
2629
331
2301
5070
6670
7352
6340
5479
4757
429
5770
1957
5420
1152
8268
7541
4424
8754
8047
6584
7941
483
8082
4087
6355
205
3439
2264
7328
5532
7493
8498
216
2414
897
5356
419
5226
4562
4410
975
4287
1207
5461
7546
514
6252
2241
5173
4126
3449
2455
4448
6117
750
5100
4537
4892
8732
8045
4906
6401
2960
8746
7208
8436
5628
5815
7467
7179
2463
6860
6328
3029
5840
6927
8250
1286
823
5118
5833
4852
1921
2276
5745
8044
5935
1298
7137
7267
6814
4502
6444
2379
7576
2753
6446
8450
7797
8749
3830
7130
4231
1155
2565
2733
4329
1052
8204
8071
985
5359
1362
1302
6978
4011
7866
7911
8792
36
974
1565
4302
8229
5917
5186
1173
5798
4390
1973
3265
4219
6920
8629
7212
684
2013
5497
7918
4097
1527
3563
6922
5189
1352
822
2534
4421
3431
551
2540
6517
2347
291
3982
1254
539
6989
4494
214
4702
3729
2871
921
8632
8083
6514
3132
7194
961
247
3368
3356
3335
7432
4791
1158
6170
5703
678
8318
3303
1069
5264
1803
6373
1989
7960
1363
373
4299
3856
4896
2718
3971
7375
8386
6283
6255
7038
2105
480
4241
8057
4937
1180
4847
5236
3701
4701
676
4218
3169
3886
8295
1245
1475
5590
6039
3101
355
816
8544
4100
3024
2308
2207
2351
326
2648
5190
4254
3006
631
4574
5378
5549
4458
4583
5410
2910
3173
3892
4694
3365
8740
5764
1879
8475
8690
5599
3662
8307
4639
8279
6565
5336
7093
2090
3516
4628
2814
245
2312
5447
4926
3512
8620
4035
6498
6587
1213
5898
4085
2945
5327
890
2493
772
2606
8234
8689
6872
7330
2435
777
4204
5267
5929
3840
2340
1311
2129
3615
379
776
1348
6930
6692
868
6167
3609
7820
2670
1167
8340
42
8603
1963
2467
3891
2524
7907
1072
4741
8314
200
6025
5779
3105
1770
6811
8374
2282
6740
3095
1733
3077
8099
2981
6224
2287
5350
6950
2145
7678
4281
5453
7687
3054
3390
8052
3834
2002
5448
8141
4071
2769
8794
2475
3776
5941
288
2427
7041
493
7189
2789
1712
7247
7345
2180
4479
8758
4067
3933
4149
4491
3705
1029
4119
2837
5633
1864
1332
629
3747
535
1127
4398
20
7564
7032
838
4971
2793
8454
885
7098
4980
5656
5927
4913
8215
1090
4461
501
2720
7232
817
6266
5273
325
7344
1954
3651
276
3716
2675
6884
1144
1151
1785
5620
4167
8697
7772
1559
1084
3065
495
8528
8382
2548
6921
6632
6654
5869
8311
6192
459
5646
7170
4843
7447
4871
3226
7162
8032
4293
3205
7763
482
7289
4459
3160
5254
4880
3260
3240
7431
8232
5501
3692
3881
2661
210
7088
2343
3689
7644
7473
6944
665
1944
7730
1849
765
5088
2979
2188
4449
6457
2782
5584
1943
2134
5643
7257
6233
2377
2929
1474
479
1250
2621
4589
2323
1747
3398
5329
4456
1418
7781
8419
6509
3849
2499
5328
3395
349
7323
1140
2408
1708
1707
3354
2431
4198
6430
5713
5499
619
3854
5683
2191
8745
1446
3310
7222
8565
2099
3841
2511
5704
8015
6365
5436
339
7654
509
8162
8399
7123
5005
8040
5637
3267
1744
3215
1786
6572
5692
1918
2080
8751
2315
4048
4325
5205
467
6093
8496
390
2401
7118
4251
4364
4920
3532
2526
2382
6531
8213
8699
2215
3374
5134
3080
622
4860
7843
4560
1887
182
7452
201
4139
1540
8239
556
8299
207
7548
3510
553
1139
6073
7364
1704
3281
6662
494
6110
2758
760
54
8431
2488
2644
1511
6243
4817
3943
1685
2107
7521
3923
6534
7069
5212
5405
7303
3796
7879
3989
5881
865
5601
4557
7936
2698
8363
3583
6532
7270
5707
7329
7613
1067
4014
6607
3290
1624
1303
6538
4540
8331
6229
8242
6852
4810
2150
1263
446
7483
5931
1907
7595
7855
8789
6839
8721
1333
485
138
1947
5787
4477
7029
6314
6113
4597
2630
1860
7371
6986
3241
5052
7128
1177
8335
5489
6748
735
12
1893
7460
1762
927
3858
7091
5816
6956
5550
5271
3627
3440
7791
2656
1249
8767
2319
7596
644
8262
1987
5051
6502
3780
3626
7569
8456
1588
4709
7442
3671
6399
1295
1763
8812
7465
4111
5268
7762
6428
8403
5668
2821
5659
2125
5711
7734
6899
1410
7017
7637
4514
8393
308
5373
4289
4030
7296
2111
7060
2771
2280
4927
3324
8800
555
8380
3765
1818
2576
7002
2498
6165
1340
4584
6131
7845
6713
2028
6004
6307
2903
391
4083
8672
6547
4716
8637
7583
8503
8031
3317
886
3579
9
6974
4148
6924
489
627
1007
6935
1613
7494
7061
1542
2533
4556
804
7623
1719
7134
1182
3953
799
6567
8518
2860
5663
2854
7894
3485
0
2224
4608
3093
2651
1992
6299
5119
6151
4125
3191
3104
3074
5380
3553
8739
457
3972
1331
3433
3458
5883
2021
6598
4227
1449
264
6847
4587
2041
8019
3112
8681
530
5616
3995
6354
7450
6735
4189
4069
7586
5172
5081
2919
4117
4408
2043
2089
7987
2775
8426
3837
7273
2728
5111
434
4286
1141
1104
4471
2997
1312
3098
2523
7585
7419
8183
4848
7594
3631
5732
7253
4656
6105
7039
2367
6669
2795
7559
7275
3025
3832
1491
7499
5569
4170
26
8066
5536
5037
6696
318
1990
6047
3492
6928
4267
6926
5325
7190
4368
1142
320
1705
8080
994
851
2850
472
5777
8634
7051
7814
677
1128
3530
6471
2865
8366
220
395
2885
5085
1526
5695
4637
196
8327
6972
4063
6875
1844
3629
3163
7110
4636
4066
843
396
8631
5773
5627
3466
2485
4739
4406
3271
7414
7156
3880
3977
8684
8531
8259
6114
4296
4215
6293
4506
7148
1643
1034
7871
1552
5297
957
775
8814
4044
6239
2872
8753
5191
6687
4655
1013
6955
5589
6148
4529
4344
7255
3762
6985
5408
2397
1046
652
2333
1210
2020
6934
2745
2671
4970
6862
8156
3186
4078
6347
2631
5577
2030
853
4554
5357
1734
5330
739
