filename,LCD,PLD,LFPD,cm3_g,ASA_m2_cm3,ASA_m2_g,NASA_m2_cm3,NASA_m2_g,AV_VF,AV_cm3_g,NAV_cm3_g,Has_OMS,y_true,y_pred
ACOCOM_clean,24.60642,13.0343,24.60642,0.349927,1537.41,4393.52,0.0,0.0,0.863,2.46623,0.0,1,0.5200810797,0.5224850541000232
ACOCUS_clean,24.38417,13.22222,24.38417,0.346494,1518.48,4382.42,0.0,0.0,0.8644,2.49471,0.0,1,0.5334517848,0.5238378889419826
acs.cgd.5b01554_VAGNUP1452791_clean,6.16218,5.1323,5.87594,1.47047,1873.32,1273.96,0.0,0.0,0.572,0.388992,0.0,1,0.0487284699,0.07572230972788836
acs.inorgchem.6b01762_ic6b01762_si_002_clean,11.40609,8.52606,11.40609,2.31198,1582.43,684.446,0.0,0.0,0.647,0.279846,8.65e-05,1,0.0492793164,0.06653930485890464
ADOBIF_clean,5.54781,3.82743,5.54167,1.58873,944.037,594.207,131.28,82.6315,0.4886,0.30754,0.0,1,0.0531310701,0.046341822750781136
AGUBUA_clean,5.46218,4.59563,5.46034,1.83317,1345.91,734.196,0.0,0.0,0.576,0.31421,0.0,0,0.0679451494,0.05418576824528287
AMIZIG_clean,6.42874,5.80877,6.41409,1.40393,699.498,498.243,0.0,0.0,0.4248,0.302579,0.0,1,0.0339192042,0.034377482783047975
AQIXUU_clean,5.00071,3.74213,5.00071,2.31618,778.297,336.026,0.0,0.0,0.406,0.175289,0.0,1,0.0239104899,0.02817946161865853
ATEJOA_clean,4.70745,4.24568,4.70745,1.89843,608.117,320.327,105.12,55.3722,0.4134,0.217759,0.0,0,0.0437743956,0.031951774724931416
ATUZEW_clean,10.5847,3.84767,10.5847,0.968927,2122.87,2190.95,0.0,0.0,0.6504,0.671258,0.0,1,0.1427227639,0.1415545553945515
AVETOM_clean,5.57195,3.01035,5.56463,1.79151,0.0,0.0,366.792,204.739,0.387,0.216019,0.0,1,0.0181631605,0.024467758513391516
AWUPOZ_clean,18.42385,9.2554,18.42385,0.353418,1737.36,4915.87,0.0,0.0,0.8534,2.41471,0.0,1,0.507486642,0.5021987299427098
AXIGAR_clean,6.07916,3.82644,6.07805,0.772367,2511.2,3251.3,0.0,0.0,0.6878,0.890509,0.0,1,0.150675355,0.16400272195553683
AXINAX_clean,19.26045,15.71248,19.26045,0.424639,1405.73,3310.41,0.0,0.0,0.8372,1.97156,0.0,1,0.4127710021,0.40320259751988885
BADJIC_clean,3.80162,2.90343,3.80162,1.35655,0.0,0.0,63.1802,46.5741,0.4538,0.334525,0.0,0,0.0343241511,0.02602468330851289
BADXAI_clean,6.25366,4.40633,6.25366,1.71483,758.25,442.172,0.0,0.0,0.4118,0.240141,0.0,1,0.0248810458,0.029834579038612627
BAYCOU_clean,4.18312,3.08908,4.18312,2.36439,0.0,0.0,92.9336,39.3055,0.3682,0.155727,0.0,1,0.0155201562,0.013515052769885474
BEWVEG_clean,6.48201,4.71475,6.48201,1.10737,1863.88,1683.16,0.0,0.0,0.6042,0.545619,0.0,1,0.0934117608,0.09842244403811543
BEXTUV_clean,4.28323,3.79801,4.26635,1.30528,1237.19,947.835,0.0,0.0,0.5092,0.390108,0.0,1,0.0704704369,0.06450323472076958
BEXVIL_clean,8.76522,6.70231,8.74887,0.885188,2434.41,2750.17,0.0,0.0,0.7548,0.8527,0.0,1,0.1809600184,0.17652990661487222
BIBMAC_clean,5.44888,3.01221,5.44399,1.74888,0.0,0.0,462.588,264.506,0.446,0.255021,0.0,1,0.0249906474,0.029709445363921685
BIBYAO_clean,13.04186,4.014,13.04186,1.4952,1811.79,1211.73,0.0,0.0,0.6492,0.434188,0.000668805,0,0.160717224,0.1070269428481605
BIHRER_clean,6.1845,3.26807,6.17281,1.25322,0.0,0.0,707.655,564.668,0.4676,0.373118,0.0,1,0.0395950125,0.04834373984756035
BIWSOQ_clean,15.33666,5.40917,6.36274,0.990293,1940.65,1959.67,0.0,0.0,0.6518,0.658189,0.0,1,0.1545947573,0.13180164260569294
BOSHIC_clean,11.35851,4.44127,11.35851,0.998372,1829.81,1832.79,0.0,0.0,0.6236,0.624617,0.0,1,0.14479806,0.12705140281167043
BOWSOW_clean,5.38919,4.13551,5.38919,1.62989,1386.73,850.81,0.0,0.0,0.5466,0.33536,0.0,1,0.0755482248,0.05899920755327362
BUCSIC01_clean,4.44124,3.57533,4.41189,1.50616,553.814,367.699,138.791,92.149,0.4836,0.321081,0.0,1,0.0502267461,0.0398053403651522
BUSTAM_clean,5.9276,2.66956,5.91101,1.96873,0.0,0.0,748.201,380.043,0.4466,0.226847,0.0,1,0.0385683711,0.039678253033181635
BUVVIZ_clean,5.00001,3.6207,4.99072,1.72941,572.133,330.826,0.0,0.0,0.4138,0.239272,0.0,0,0.0233078719,0.027309208740472907
c5ce00931f_c5ce00931f2_clean,5.29408,4.17227,5.29408,1.81161,1362.6,752.15,0.0,0.0,0.5006,0.276328,0.0,1,0.0495799139,0.05294710629515482
c5ce02503f_c5ce02503f2_clean,13.50319,5.63614,13.50319,1.78413,1087.4,609.485,289.45,162.236,0.5546,0.310852,0.0,1,0.0925326142,0.0766761348394228
c5dt01100k_c5dt01100k2_clean,10.14478,9.16125,10.14478,1.64843,1361.9,826.183,0.0,0.0,0.588,0.356703,0.0,1,0.062660455,0.06316333747023405
c5dt03038b_c5dt03038b2_clean,6.32747,4.74814,6.26915,1.49819,1746.54,1165.77,0.0,0.0,0.584,0.389803,0.0,1,0.0849496782,0.07290959906594312
c5dt05023e_c5dt05023e2_clean,6.45831,4.45817,6.45831,1.05764,1467.29,1387.32,0.0,0.0,0.552,0.521916,0.0,1,0.0822560726,0.0861532495339125
c6cc01597b_c6cc01597b2_clean,5.3252,4.32379,5.3252,1.51358,1134.66,749.654,0.0,0.0,0.4966,0.328096,0.0,1,0.0631162246,0.0532195507336908
c6cc03787a_c6cc03787a2_clean,13.49945,6.3228,13.49945,0.687385,2187.23,3181.96,0.0,0.0,0.746,1.08527,0.000290958,0,0.2197690685,0.2211335747289854
c6ta07145g_c6ta07145g2_clean,6.02059,3.60964,6.01517,1.26554,923.516,729.74,0.0,0.0,0.497,0.392717,0.0,0,0.0514639296,0.05296242248363507
CASWIE_clean,9.90767,8.8856,9.90767,1.25703,2053.39,1633.52,0.0,0.0,0.7078,0.563072,0.0,0,0.1302227125,0.1067047384462644
CAYQOK_clean,11.83799,7.63891,11.7221,0.673503,2318.04,3441.77,0.0,0.0,0.7596,1.12783,0.0,1,0.24401359,0.23842748729962404
CAYQUQ_clean,11.37885,6.17998,10.24831,0.783377,2242.23,2862.26,0.0,0.0,0.6804,0.868548,0.0,1,0.1874716612,0.18326346529463178
CEDFUO_clean,6.32807,4.51999,5.33405,1.32113,1794.57,1358.35,0.0,0.0,0.6002,0.454307,0.0,1,0.0879354891,0.08015984752678071
CESFIQ_clean,12.64207,6.13059,12.56929,0.688272,2372.6,3447.18,0.0,0.0,0.7544,1.09608,0.0,1,0.2458944435,0.22721670210708217
CEYWOU_clean,5.92045,3.96552,5.92045,1.52165,1106.54,727.196,0.0,0.0,0.488,0.320704,0.0,1,0.0642040106,0.050300397417337044
cg500192d_si_002_clean,9.72623,8.82974,9.6524,1.57345,1897.89,1206.2,0.0,0.0,0.6888,0.437764,0.0,1,0.105653591,0.08636648909583072
cg800945m_si_002_clean,4.88985,2.68705,4.88628,1.50156,0.0,0.0,109.26,72.7639,0.3972,0.264524,0.0,1,0.0111230725,0.014681845970908672
CIFGUV_clean,4.01419,3.06563,3.42367,2.04219,0.0,0.0,271.352,132.873,0.3676,0.180003,0.0,0,0.0356998788,0.021347805553309396
CIQQIE_clean,6.69548,4.06015,6.67985,1.03219,1589.58,1540.01,0.0,0.0,0.5732,0.555324,0.0,1,0.1032202401,0.09884365089887232
COJMIZ_clean,8.76253,5.35896,8.72035,1.01046,1718.52,1700.73,0.0,0.0,0.6106,0.604279,0.0,0,0.1169596234,0.11169707203909958
COQJID_clean,5.67335,4.4679,5.67044,1.27511,1146.44,899.089,0.0,0.0,0.4982,0.390711,0.0,0,0.0606905786,0.05943627031748778
COWDEZ_clean,8.91053,4.46746,8.91053,4.13717,1136.38,274.675,0.0,0.0,0.4164,0.100649,0.000386738,1,0.0230810031,0.025352872051237305
COXDIE_clean,5.62039,5.35711,5.62039,1.66496,1129.92,678.647,0.152502,0.091595,0.484,0.290697,0.0,1,0.040885839,0.04921127933637212
CUFQUR_clean,6.03864,3.8691,6.03864,2.05539,1028.56,500.422,0.0,0.0,0.503,0.244722,0.0,1,0.0317789365,0.036502972266697124
CUGLIB_clean,5.58062,5.51252,5.58062,2.40243,819.805,341.239,0.0,0.0,0.416,0.173158,0.0,1,0.0195200691,0.02799173774267469
CUGZAH_clean,7.43946,7.40575,7.42884,2.24368,763.393,340.242,0.0,0.0,0.4524,0.201633,0.0,1,0.0230546909,0.025572724594288734
CUNRAG_clean,4.531,2.72413,4.38623,2.08372,0.0,0.0,487.364,233.891,0.416,0.199643,0.0,0,0.04077543,0.030483686320209785
CUSXIY_clean,15.40731,13.34223,14.58073,0.291845,1568.49,5374.4,0.0,0.0,0.8896,3.04819,0.0,0,0.6329034538,0.5990656955484994
CUSXOE_clean,17.97302,15.80148,17.15199,0.243844,1288.51,5284.15,0.0,0.0,0.909,3.72779,0.0,1,0.7765964248,0.7489547274088266
CUVVOG_clean,8.37247,7.3895,8.37077,1.20081,1241.45,1033.84,0.0,0.0,0.5362,0.446532,0.0,0,0.0858289914,0.07637645300469559
CUXFUX_clean,5.75656,5.11113,5.75656,1.3231,1207.8,912.854,37.5492,28.3797,0.5462,0.412818,0.0,0,0.08508028,0.06817089626384501
DAPZAW_clean,5.27842,2.79747,5.27842,2.02961,0.0,0.0,812.03,400.091,0.517,0.254728,0.0,1,0.0303355859,0.043380096137891726
DUKDIX_clean,4.02194,2.79853,4.01631,2.07478,0.0,0.0,167.353,80.6608,0.413,0.199057,0.0,1,0.0106482165,0.017237166099223142
DUKDOD_clean,4.05295,2.80054,4.04002,2.05581,0.0,0.0,180.073,87.5921,0.4374,0.212763,0.0,1,0.0104020311,0.019115924229859443
DUQRUD_clean,5.84696,3.93964,5.84696,1.3492,787.842,583.933,0.0,0.0,0.45,0.333531,0.0,0,0.0339420461,0.03949440621658133
DUSHIK_clean,14.6863,6.85074,14.6863,0.965487,1544.65,1599.87,302.186,312.988,0.665,0.688771,0.0,1,0.1515232673,0.1441204756071987
DUXLUF02_clean,3.90407,2.74899,3.8986,1.8272,0.0,0.0,8.50955,4.65716,0.3066,0.167798,0.0,1,0.0045779244,0.01016305901042587
EBOXEA_clean,5.66693,4.72038,5.66453,1.32843,1075.3,809.448,0.0,0.0,0.5358,0.403332,0.0,1,0.0481688683,0.05543330384102892
EDUVAA_clean,11.12176,8.60837,11.10384,0.690728,2384.44,3452.06,0.0,0.0,0.7446,1.07799,0.0,0,0.2256762181,0.2222421439374641
EDUVII_clean,20.32202,9.77849,20.31158,0.420228,1870.75,4451.74,0.0,0.0,0.8576,2.0408,0.0,0,0.4432517469,0.42391267575296293
EGABAR_clean,5.34669,4.59707,5.34669,2.32794,964.221,414.195,0.0,0.0,0.453,0.194593,0.0,0,0.0353272269,0.04182218596858784
EGEJOQ_clean,7.45353,3.87905,7.45353,1.25003,1261.63,1009.28,2.23392,1.78709,0.531,0.424788,0.0,0,0.0649297604,0.07144465437173653
EHUSUX_clean,11.68128,4.3201,11.68059,0.797571,1974.27,2475.35,0.0,0.0,0.6798,0.852338,0.0,1,0.1665832424,0.16908715529841548
EKADIF_clean,7.65126,6.54995,7.64495,1.18404,1687.65,1425.33,3.75836,3.17418,0.6332,0.534779,0.0,1,0.1091093773,0.09622901729176991
EKEKIQ_clean,7.79579,7.10452,7.79579,1.16703,1042.73,893.491,0.0,0.0,0.5546,0.475225,0.0,0,0.0726167914,0.06460947946828899
EKEKOW_clean,7.39946,6.7038,7.38889,1.19584,1297.81,1085.27,0.0,0.0,0.5626,0.470465,0.0,1,0.0804610421,0.08038676988857633
EMUYAM01_clean,4.15548,2.7929,4.05962,2.82255,0.0,0.0,29.2914,10.3776,0.2616,0.0926822,0.0,1,0.0108482406,0.009814695627484979
ENCDBZ01_clean,4.96088,3.91158,4.96088,1.33226,1771.15,1329.44,0.0,0.0,0.6226,0.467327,0.0,0,0.0691065599,0.08195487439802666
EPAXAW_clean,4.6565,2.69943,4.64928,1.75762,0.0,0.0,353.714,201.246,0.3704,0.21074,0.0,0,0.0282157771,0.022530054608886005
EPECUZ_clean,6.24856,2.76555,6.24323,1.23793,0.0,0.0,1345.81,1087.15,0.5436,0.439119,0.0,1,0.0761472067,0.07345164849642288
ERALIU_clean,14.86335,13.54057,14.86335,1.02804,1927.12,1874.56,4.88892,4.75558,0.7196,0.699973,0.000194545,1,0.1657407529,0.1499077365168876
ERAQAR_clean,7.38576,7.26835,7.38576,1.40447,1641.95,1169.09,0.0,0.0,0.6066,0.431907,0.0,0,0.1008840941,0.09055280769966129
ERUNUC_clean,14.74144,10.998,14.73673,0.612946,1667.89,2721.11,0.0,0.0,0.75,1.2236,0.0,1,0.2474098775,0.25364096242082335
ESARIB_clean,4.9043,3.62901,4.9043,1.8746,341.914,182.392,0.0,0.0,0.3502,0.186813,0.0,1,0.0316689162,0.018473000647767177
ESEBOV_clean,25.10343,17.21264,25.10343,0.432192,1480.29,3425.07,0.0,0.0,0.8414,1.94682,0.0,1,0.3947645427,0.42074791732016703
ETEMEX_clean,5.91958,3.04496,5.91958,1.5488,0.0,0.0,508.212,328.132,0.4422,0.285511,0.0,1,0.0302484912,0.032317919466312135
ETIPII_clean,4.4114,3.63269,4.34894,1.3361,794.526,594.661,72.734,54.4377,0.5232,0.391588,0.0,1,0.0648739599,0.052426333292581284
EVADEK_clean,5.2436,3.53683,5.24252,2.08094,869.818,417.992,0.0,0.0,0.4392,0.211058,0.0,1,0.0342057291,0.03282990872224334
EXUSAT_clean,5.52267,3.11573,5.52267,1.78731,0.0,0.0,822.162,460.001,0.4606,0.257706,0.0,1,0.0398874962,0.04197442817235681
EZIMIK_clean,9.82604,3.91626,9.82604,1.06853,1265.94,1184.75,505.148,472.75,0.5976,0.559273,0.0,0,0.131169734,0.1223157085141848
FAGYEU_clean,6.85669,2.78326,6.85669,1.22782,0.0,0.0,866.918,706.062,0.5022,0.409017,0.0,1,0.0566834702,0.057786123887253765
FASGEO_clean,4.99768,3.35597,4.99362,1.72278,433.626,251.702,0.0,0.0,0.4048,0.23497,0.0,1,0.0250807101,0.021899911459463225
FAVDAK_clean,6.67812,5.88583,6.64405,2.22356,1150.29,517.317,190.493,85.6703,0.5552,0.249689,0.0,1,0.0432446011,0.05061729381328167
FECFAV_clean,5.25994,4.33258,5.25994,2.87728,502.041,174.484,0.0,0.0,0.3954,0.137421,0.0,1,0.0104909636,0.015070234785417497
FEWWIP_clean,7.82961,5.33402,7.82275,0.99306,2309.46,2325.6,0.0,0.0,0.6608,0.665418,0.0,0,0.1640780923,0.1376117403663889
FEYJID_clean,11.05011,4.28201,11.03981,1.28763,1684.31,1308.07,60.6702,47.1178,0.6268,0.486786,0.0,1,0.1071198732,0.09815931759477453
FIGLAK_clean,3.54245,3.11894,3.54245,1.57943,0.0,0.0,18.7102,11.8461,0.393,0.248823,0.0,1,0.0058484657,0.014900930515429567
FIGVUN_clean,4.04027,2.92923,4.04027,1.87942,0.0,0.0,439.972,234.101,0.5318,0.28296,0.0,0,0.0441783372,0.038105718497699614
FIHHOV_clean,6.48503,4.23046,4.73284,1.35341,178.981,132.245,677.871,500.863,0.475,0.350966,0.0,1,0.0511199501,0.05401874375222472
FIHHUB_SL,15.61182,13.11587,15.60898,0.621293,2170.48,3493.49,0.0,0.0,0.7232,1.16402,0.0,0,0.227554002,0.23871260307321582
FIPJEV_clean,5.48611,3.75413,5.4744,1.70121,1138.25,669.081,0.0,0.0,0.4918,0.289089,0.0,1,0.0576965313,0.047637709706249094
FISGOF_clean,15.80637,8.55438,15.80637,0.434111,2007.26,4623.85,0.0,0.0,0.8372,1.92854,0.0,1,0.4025947687,0.4093369781607471
FISXEM_clean,15.69953,15.64725,15.69953,0.982352,1496.09,1522.96,0.0,0.0,0.7144,0.727234,0.0,0,0.1652450752,0.14140187091084425
FOFDAH_clean,4.47344,2.88853,4.47076,1.54038,0.0,0.0,319.149,207.189,0.3948,0.256301,0.0,0,0.0257631615,0.026035034292739928
FOPFAS_clean,20.99168,6.62083,20.99168,0.583055,2159.7,3704.11,0.0,0.0,0.7806,1.33881,0.0,1,0.296626037,0.2772632945873448
FOQNOQ01_clean,5.8632,5.042,5.82773,1.375,1086.49,790.181,181.915,132.302,0.54,0.392729,0.0,1,0.0660317395,0.06008690865596881
FOQNOQ_clean,5.74039,4.59611,5.66519,1.31962,1294.45,980.929,0.224512,0.170134,0.5432,0.411634,0.0,1,0.0640412015,0.06991173225123792
FOQNUW01_clean,6.20702,4.77029,6.1269,1.35255,1350.08,998.172,0.0,0.0,0.5374,0.397323,0.0,1,0.0678686089,0.06975971707635584
FOQNUW_clean,6.24181,4.91804,6.10517,1.36057,1316.22,967.403,0.0,0.0,0.552,0.405711,0.0,1,0.0687456344,0.0670870837881545
FOQPAE02_clean,6.1209,4.89143,6.11396,1.39791,1360.89,973.519,0.0,0.0,0.5506,0.393874,0.0,1,0.0694513546,0.06805328575296876
FOSTOY_clean,11.96802,7.0236,11.96802,0.654669,2141.84,3271.64,0.0,0.0,0.7566,1.1557,0.0,0,0.2637148502,0.2351521650226304
FUHJOJ_clean,6.00539,3.60827,6.00353,1.22184,1103.63,903.253,0.0,0.0,0.4852,0.397107,0.0,0,0.0592487881,0.06165298985648569
FUTZIF_clean,5.6655,4.98419,5.65746,1.25322,1742.86,1390.71,0.0,0.0,0.5754,0.459137,0.0,1,0.0956322841,0.08382915695140856
FUVBOP_clean,10.72258,6.59075,10.71272,0.950401,1920.81,2021.05,0.114282,0.120246,0.6984,0.734848,0.0,1,0.1434161469,0.14997849856591303
FUVDEH05_clean,7.30465,6.40041,7.2683,1.88786,438.985,232.53,0.0,0.0,0.3024,0.160181,0.0,1,0.0196673817,0.017834877600276758
GACYER_clean,11.44273,8.46463,11.4041,0.752428,2161.9,2873.23,9.41673,12.5151,0.746,0.991457,0.0,1,0.2083896909,0.21002207209353987
GAHSEQ_clean,9.12806,8.89551,9.12806,1.04861,1169.01,1114.83,0.0,0.0,0.5662,0.539955,0.0,1,0.0777159337,0.08263314704450897
GALFAB_clean,5.55868,3.43749,5.55868,1.2617,790.625,626.635,0.0,0.0,0.4566,0.361893,0.0,0,0.0535003274,0.044801934159983056
GANBAZ02_clean,5.94516,4.40671,5.62899,1.06833,1884.21,1763.7,0.0,0.0,0.666,0.623402,0.0,0,0.1318533074,0.10272457099853671
GANBED_clean,6.15693,4.36932,6.15693,0.928453,2162.5,2329.14,0.0,0.0,0.6738,0.725723,0.0,0,0.1424884768,0.13510618377895903
GANBIH_clean,7.19995,5.0012,7.19632,1.06228,1292.17,1216.41,0.0,0.0,0.5366,0.505138,0.0,0,0.0732101515,0.08166832904706314
GEBPEK_clean,17.98452,9.34908,17.98452,0.462491,1934.3,4182.35,0.0,0.0,0.837,1.80977,0.0,0,0.3863525748,0.37208950204449764
GEDPAH_clean,6.03167,4.27212,6.03167,1.25052,927.95,742.052,0.0,0.0,0.4286,0.342738,0.0,1,0.0353931909,0.04852805788496423
GEZYUH_clean,5.69188,4.56898,5.68303,1.43146,1889.0,1319.63,0.0,0.0,0.5604,0.39149,0.0,1,0.0691403704,0.07551123751663412
GOBTAT_clean,7.10593,5.74189,7.09799,0.916339,2102.05,2293.96,0.0,0.0,0.6472,0.706289,0.0,0,0.1442157977,0.14028938122048562
GONMON_clean,7.36451,3.08655,7.36451,1.50929,0.0,0.0,1044.08,691.77,0.5014,0.33221,0.0,1,0.0482532426,0.053751633218429365
GONSUZ_clean,4.31262,4.05462,4.31117,1.54869,644.734,416.31,25.0293,16.1616,0.4898,0.316268,0.0,0,0.0492797262,0.04162600361374659
GOPLUS_clean,4.69015,3.69955,4.69015,1.12654,1103.97,979.963,0.0,0.0,0.5668,0.503132,0.0,0,0.0645600128,0.07365571584863093
GURPOZ_clean,7.44587,3.76611,7.44587,1.50447,1310.58,871.124,0.0,0.0,0.5666,0.37661,0.0,0,0.0834607267,0.0654139094868864
HABRUZ_clean,5.62999,4.2146,5.61662,1.21831,1657.43,1360.44,0.0,0.0,0.5722,0.469669,0.0,1,0.0783509762,0.08388832511753215
HACDOH_clean,11.09643,3.77101,11.09643,1.1212,1595.24,1422.79,0.0,0.0,0.6134,0.547091,0.0,0,0.1314131292,0.10465732041229805
HACDUN_clean,11.06812,3.7276,11.06812,1.21046,1575.96,1301.95,0.0,0.0,0.6108,0.504603,0.0,1,0.1268333817,0.10114858078665287
HACRAH_clean,10.70695,3.98119,10.7068,1.08072,1943.74,1798.55,0.0,0.0,0.6278,0.580906,0.0,0,0.1486035552,0.1191808810103688
HAKVEX_clean,8.23039,2.73186,8.22786,1.55666,0.0,0.0,1081.94,695.042,0.5648,0.362829,0.0,1,0.0966676492,0.05614353476642508
HAWGIY_clean,4.9936,3.76376,4.99295,1.55118,587.725,378.89,0.0,0.0,0.3948,0.254516,0.0,0,0.0249262368,0.030131045156918862
HIYZEV_clean,6.85088,3.31241,6.85088,1.35159,1151.37,851.868,0.0,0.0,0.5104,0.37763,0.0,1,0.066505264,0.060354039887883924
HOVQUG_clean,4.17086,3.66339,4.17086,1.64186,726.593,442.541,0.0,0.0,0.4718,0.287356,0.0,1,0.0461366874,0.03755161864261618
HOXRUJ_clean,3.43647,2.82408,3.43244,2.30405,0.0,0.0,3.00777,1.30543,0.2548,0.110588,0.0,1,0.0115540017,0.008113767797623697
HUXHEP_clean,4.54285,2.94307,4.53552,1.64054,0.0,0.0,705.969,430.327,0.4708,0.286978,0.0,1,0.0429231435,0.040101332082247663
HUXHUF_clean,6.21028,4.81184,6.21028,1.07666,1642.42,1525.48,0.0,0.0,0.5898,0.547807,0.0,0,0.0895050815,0.09578038978605508
IBIYUO_clean,5.20433,4.31707,5.18919,2.0196,573.799,284.115,0.0,0.0,0.4548,0.225193,0.0,0,0.0218705683,0.027446742287427148
ic402614w_si_002_clean,9.2693,3.70616,9.2693,1.31599,1346.03,1022.83,0.0,0.0,0.551,0.418696,0.0,1,0.0869703515,0.07138109073266136
ic502488c_si_002_clean,8.06561,4.40981,8.06561,1.22976,1402.42,1140.4,0.0,0.0,0.563,0.457812,0.0,1,0.0867715214,0.07872546030962975
ic8008859_si_001_clean,6.51934,4.39103,6.27132,0.92999,1351.28,1453.01,0.0,0.0,0.5454,0.586458,0.0,1,0.0830201231,0.09489594577837224
IFEPUG07_clean,6.70506,6.18332,6.70506,1.72629,549.827,318.502,0.0,0.0,0.3412,0.197649,0.0,0,0.0250540338,0.022671665148436396
IFEPUG08_clean,6.7666,6.32311,6.7666,1.76811,569.763,322.245,0.0,0.0,0.3312,0.187319,0.0,1,0.0248737932,0.022729768543896245
IFEPUG10_clean,6.80475,6.55642,6.80475,1.8372,603.527,328.504,0.0,0.0,0.3222,0.175376,0.0,1,0.0268316256,0.022720574039073155
IFEQER_clean,7.19047,6.08402,7.19047,1.57527,553.109,351.12,0.0,0.0,0.394,0.250116,0.0,0,0.0267323932,0.02525879836455948
IFEROC_clean,13.26851,5.93369,13.26851,1.30004,1827.02,1405.36,0.0,0.0,0.6474,0.497986,0.000153842,0,0.1261751174,0.11307428553633807
IGUCEU_clean,4.52933,3.82475,4.49997,1.71915,529.35,307.913,0.0,0.0,0.4484,0.260826,0.0,0,0.0212754069,0.026635998318686988
IJAPIU_clean,10.97896,4.58149,10.97895,0.821497,2292.36,2790.46,0.0,0.0,0.6958,0.84699,0.0,1,0.1754069155,0.17745441936037212
IJAPOA_clean,11.3719,4.56274,10.28688,0.827364,2231.15,2696.69,0.0,0.0,0.6978,0.843401,0.0,1,0.1739704522,0.17651974392933312
ILEPEW_clean,5.27444,3.12918,5.0252,1.46505,0.0,0.0,1039.88,709.795,0.4956,0.338283,0.0,1,0.0569400479,0.05466822385331127
ILITON_clean,10.85959,9.44525,10.85959,0.579291,2065.83,3566.14,0.0,0.0,0.7778,1.34268,0.0,1,0.2779542494,0.26512241005279963
INECIP_clean,9.29924,6.52394,9.29924,0.881325,1561.41,1771.66,0.320426,0.363573,0.6242,0.708252,0.0,0,0.1141529959,0.12273985334397516
IPEBAI_clean,5.23722,3.37327,5.23722,1.95599,430.123,219.9,0.0,0.0,0.3738,0.191105,0.0,1,0.0314579932,0.02033415725336754
ISIYUF02_clean,4.26222,2.90235,4.25895,2.04977,0.0,0.0,747.939,364.889,0.5086,0.248125,0.0,0,0.0314953516,0.0448084797281155
ISIYUF_clean,4.28256,2.9134,4.28256,2.04442,0.0,0.0,746.205,364.995,0.4946,0.241926,0.0,0,0.0319687076,0.044406480969343715
IWEWEO_clean,8.41618,6.10368,8.41618,1.98293,1680.19,847.329,0.0,0.0,0.6294,0.317409,0.0,1,0.0593598834,0.055571915730423915
IWEWOY_clean,20.27537,19.97281,20.27537,0.872765,1162.79,1332.3,0.0,0.0,0.6926,0.79357,0.0,1,0.1531987601,0.1420887663894857
IYAFIX_clean,3.89557,3.10296,3.88978,2.1052,0.0,0.0,271.338,128.889,0.4776,0.226867,0.0,1,0.0212815441,0.023721272754690145
IYIHUU_manual,11.83739,10.43961,11.83739,0.634446,2047.9,3227.86,0.0,0.0,0.7402,1.16669,0.0,1,0.2329273877,0.24065083947057542
IZETUE_clean,6.43193,3.35619,6.40823,2.14315,729.038,340.171,49.3858,23.0435,0.4876,0.227515,0.0,1,0.0271056017,0.03492868059096947
ja0734952si20070516_030528_clean,12.93372,6.65576,12.93372,1.08034,1587.08,1469.06,0.0,0.0,0.6156,0.569821,0.0,1,0.115816821,0.1167580616511057
ja078060t-file002_clean,16.93112,9.01585,16.93112,0.615402,2165.98,3519.61,0.0,0.0,0.7858,1.27689,0.0,1,0.2930650759,0.272399441350902
ja202154j_si_003_clean,11.58737,3.83412,11.58737,0.92986,1525.64,1640.72,0.0,0.0,0.645,0.693653,0.0,0,0.1092730532,0.11273288546405251
ja4015666_si_002_clean,10.09928,9.13648,10.09928,0.711506,2224.92,3127.06,0.0,0.0,0.7638,1.0735,0.0,0,0.2238003425,0.21901132021330022
ja410368j_si_002_clean,11.55893,3.45239,11.55893,0.94881,1479.04,1558.83,0.0,0.0,0.6372,0.671578,0.0,0,0.1128198503,0.10897557859579005
jacs.6b02030_ja6b02030_si_004_clean,6.78187,4.96364,6.78187,1.83949,1314.77,714.746,0.0,0.0,0.5076,0.275946,0.0,1,0.0465883162,0.05230042448104365
jacs.6b08724_ja6b08724_si_011_clean,28.29641,26.81159,28.29641,0.32286,1413.52,4378.13,0.0,0.0,0.8676,2.68723,0.0,1,0.5596690378,0.5382313064649227
jacs.6b08724_ja6b08724_si_013_clean,28.04628,26.50518,28.04628,0.350938,1434.54,4087.73,0.0,0.0,0.8658,2.4671,0.0,1,0.510468055,0.5196659998887524
JADBEY_clean,5.1025,4.19518,4.95899,1.35732,1188.64,875.723,0.0,0.0,0.488,0.359531,0.0,0,0.0569493903,0.06320529548102079
JALLIU_clean,13.72158,6.77108,13.72158,0.777101,2196.2,2826.14,0.0,0.0,0.7498,0.964868,0.000514734,0,0.1942330271,0.2042825702738594
j.inoche.2015.02.023_INC05895-mmc1_clean,5.70413,3.46915,5.53584,1.31977,1259.88,954.616,0.0,0.0,0.503,0.381126,0.0,1,0.0765810597,0.06386979482888513
JIVSAJ01_clean,4.3833,3.67284,4.3833,2.70687,329.356,121.674,0.0,0.0,0.271,0.100116,0.0,1,0.0187943224,0.022599305948752466
JIVSEN01_clean,4.34146,3.54842,4.34146,2.62724,302.71,115.22,0.0,0.0,0.276,0.105053,0.0,1,0.0166937434,0.0223715772006364
j.jssc.2015.08.048_mmc2_clean,5.63684,4.28173,5.63468,1.56134,1712.37,1096.73,0.0,0.0,0.5572,0.356872,0.0,0,0.1054694336,0.06982133489692431
j.jssc.2016.06.015_ZJU-10_clean,11.36875,4.57229,11.36875,0.827579,2351.53,2841.46,0.0,0.0,0.6996,0.845357,0.0,1,0.1838577237,0.18278632042136833
JOHQUT_clean,5.10814,3.94987,5.09674,1.90453,697.67,366.322,0.0,0.0,0.4102,0.215382,0.0,1,0.027153435,0.0280826639937848
JOZWUS_clean,21.40599,8.60608,20.3343,0.48265,1906.91,3950.91,0.0,0.0,0.8026,1.6629,0.000414379,1,0.3524979988,0.3539336759962194
JUSGUB_clean,10.14001,9.53522,10.14001,1.35238,706.669,522.536,374.012,276.558,0.5274,0.389979,0.0,0,0.0700542141,0.06898660994615292
JUYBEM_clean,5.13731,3.85682,5.13731,1.48243,1119.92,755.465,0.0,0.0,0.4988,0.336475,0.0,0,0.0570779473,0.055835322445065394
JUZSEE_clean,4.48789,3.2957,4.48789,1.30528,0.0,0.0,585.198,448.33,0.502,0.384591,0.0,0,0.037035381,0.046398541688613036
KELJAN_clean,6.72992,4.20356,6.59748,1.50078,1661.97,1107.4,0.0,0.0,0.603,0.401791,0.0,1,0.0695000812,0.0733084362326692
KEVBIY_clean,5.74361,3.76343,5.74351,1.17993,1562.06,1323.86,6.09913,5.16906,0.5462,0.462908,0.0,0,0.1177266689,0.08726570150490155
KOHSOR_clean,4.94476,3.35592,4.94132,1.20321,456.11,379.079,0.0,0.0,0.4486,0.372837,0.0,0,0.0300919276,0.03203544185598305
KOMJAZ_clean,7.10673,4.38637,7.09455,2.18628,640.766,293.085,6.57689,3.00825,0.4462,0.204091,0.0,1,0.0345574194,0.027371967697681895
KOZNEU_clean,6.23615,4.7768,6.23615,1.17797,1865.2,1583.39,0.0,0.0,0.6078,0.51597,0.0,1,0.1078762372,0.09665760763251233
LABNUA_clean,8.4808,6.77897,8.4808,1.71596,1723.81,1004.58,0.0,0.0,0.6358,0.370522,0.0,0,0.0689168345,0.07325904137990456
LABQAJ_clean,8.83584,6.63857,8.83584,2.01738,1709.46,847.365,0.0,0.0,0.6386,0.316549,0.0,1,0.0612206081,0.056312013504858385
LADKIN_clean,4.55067,3.23586,4.03922,2.4742,0.0,0.0,527.137,213.054,0.4552,0.183979,0.0,0,0.0400864259,0.034112708494332886
LARPIF_clean,3.68463,2.98928,3.68463,1.62457,0.0,0.0,86.4733,53.2285,0.4148,0.25533,0.0,0,0.0397084306,0.01732048139456449
LATCIS_clean,6.18491,5.22174,6.13,1.03702,2650.66,2556.04,0.0,0.0,0.747,0.720336,0.0,1,0.1233735037,0.12363848889284607
LETREJ_clean,35.31492,34.29677,35.31423,0.67811,1025.72,1512.62,0.0,0.0,0.85,1.25348,0.0,1,0.2322077793,0.2580248225516887
LEZJOQ_clean,6.98318,4.55304,6.95995,1.61528,389.786,241.312,156.551,96.9186,0.4644,0.287504,0.0,0,0.0331095722,0.030198296489480567
LIDSEY01_clean,5.12889,4.12015,5.11957,1.23861,1870.37,1510.06,0.0,0.0,0.573,0.462617,0.0,1,0.1033772229,0.09003053794976879
LIDSEY_clean,5.38035,4.73063,5.37764,1.08774,2028.26,1864.66,0.0,0.0,0.5984,0.550133,0.0,1,0.1150486067,0.1013180741294093
LOZSOK_clean,4.88564,3.63855,4.86025,1.66521,574.268,344.863,0.0,0.0,0.4628,0.277923,0.0,1,0.0411488421,0.029006767607692205
LUCKIF_clean,5.92099,2.66663,5.91879,1.74858,0.0,0.0,575.639,329.204,0.4448,0.254378,0.0,1,0.0356247736,0.03407573236810804
LUSQIB_clean,6.45531,3.17096,6.44954,1.11435,0.0,0.0,800.654,718.497,0.5472,0.491051,0.0,1,0.0588332544,0.06334670066172177
MAJKAM_clean,6.55321,5.18508,6.53172,1.09153,1978.37,1812.47,0.0,0.0,0.6024,0.551884,0.0,1,0.1138786767,0.10391462446602806
MARKOF_clean,4.86139,3.18919,4.85615,1.26954,0.0,0.0,670.647,528.258,0.5384,0.424089,0.0,1,0.0648001705,0.053155127934037504
MAXHUP_clean,5.13022,4.79202,5.13022,2.58707,825.121,318.94,0.0,0.0,0.427,0.165051,0.0,1,0.0147335531,0.024605523461290427
MAZSOX_clean,5.55494,4.03435,5.33658,1.3131,1791.89,1364.62,0.0,0.0,0.6002,0.457085,0.0,1,0.0830738985,0.08093098865550657
MOKVOZ_clean,13.24903,6.01162,13.24903,0.724616,2572.52,3550.19,0.0,0.0,0.738,1.01847,0.0,1,0.2438576097,0.2190060497586179
MUFZIY_clean,5.11633,4.22096,4.9793,1.2975,1374.55,1059.38,0.0,0.0,0.5374,0.414181,0.0,1,0.0717753091,0.0714657657085844
MUGXIX_clean,6.18311,3.84627,6.03204,1.11722,1799.74,1610.9,0.0,0.0,0.5848,0.523441,0.0,1,0.0994057329,0.09438450212609477
NANPUN_clean,6.54289,4.24913,6.41069,1.18041,2725.22,2308.7,0.0,0.0,0.7086,0.600298,0.0,1,0.0996706988,0.1093449643013455
NASHAS_clean,3.99947,3.02384,3.98064,2.15519,0.0,0.0,205.986,95.5765,0.488,0.22643,0.0,1,0.0211320965,0.023332351846849606
NATXUC_clean,5.25875,2.72799,5.15698,2.7357,0.0,0.0,527.225,192.72,0.4114,0.150382,0.0,1,0.0148009105,0.029169561455844636
NAWWOA_clean,6.12876,3.33724,6.12159,1.11504,1505.13,1349.85,0.0,0.0,0.5668,0.508325,0.0,1,0.0986420811,0.0853715325498506
NAYHAY_clean,9.43032,7.54222,9.43032,1.04574,1938.97,1854.15,0.0,0.0,0.6636,0.634572,0.0,1,0.1157050545,0.12216299708994457
NEDLOZ_clean,5.19157,3.5955,4.37454,1.44817,1020.62,704.764,0.0,0.0,0.4738,0.327171,0.0,0,0.0701606166,0.05154325669775376
NIKKAU_clean,5.93093,3.07516,5.91426,1.37567,0.0,0.0,1101.24,800.518,0.4814,0.34994,0.0,1,0.0556309761,0.057731461862294955
NODKEX_clean,5.07245,4.30959,5.07245,1.09741,1894.95,1726.75,0.0,0.0,0.5778,0.526513,0.0,0,0.0987625967,0.09754121864773352
NUZCIV_clean,7.57732,5.39606,7.57711,1.85198,785.332,424.05,0.0,0.0,0.38,0.205186,0.0,0,0.0335284566,0.028050789715663424
OBENAL01_clean,3.10965,2.61865,3.10741,2.78674,0.0,0.0,0.0,0.0,0.312,0.111959,0.0,1,0.0051284887,0.006388712277650588
OCEGOV_clean,3.97154,3.13725,3.97154,2.08763,0.0,0.0,179.256,85.8658,0.3428,0.164206,0.0,0,0.036689421,0.01731257462468297
OCILEU_clean,4.58414,3.42916,4.57221,1.15745,652.399,563.652,0.0,0.0,0.5004,0.43233,0.0,1,0.0571278495,0.04887468374583043
OCUMUX_clean,5.1192,3.7079,5.1192,1.29581,1317.84,1017.0,0.689155,0.531833,0.5164,0.398515,0.0,1,0.0708884913,0.06993118688788777
OCUPOS_clean,4.38921,3.97026,4.38921,1.66698,711.745,426.966,0.0,0.0,0.445,0.266949,0.0,1,0.0390778626,0.034072650746965916
OCUREK_clean,4.93226,3.39584,4.93226,1.78543,887.96,497.336,0.0,0.0,0.483,0.270523,0.0,1,0.0449866737,0.03970190136748809
OCUTAI_clean,4.9495,3.52882,4.91814,1.71859,1100.33,640.251,0.0,0.0,0.4958,0.288493,0.0,1,0.054769403,0.04698860718564165
OJOSIR_clean,9.97318,4.04646,9.96574,1.17933,2193.71,1860.13,0.0,0.0,0.651,0.552007,0.0,1,0.1425887147,0.11601676063717281
OLANIA_clean,6.60205,3.29163,6.59533,1.25218,0.0,0.0,1066.5,851.709,0.5194,0.414795,0.0,1,0.0596148407,0.06284603098029447
OQEPEG_clean,4.87959,3.34342,4.87959,1.83419,761.801,415.334,0.0,0.0,0.4176,0.227676,0.0,1,0.0519992236,0.03470058594555452
OQUFIR_clean,11.25706,10.64391,11.25706,1.25158,1683.65,1345.22,0.0,0.0,0.6192,0.494733,0.000319595,1,0.0979695682,0.10647441349274969
OSOTIB_clean,11.1654,5.76413,11.16529,0.768695,2412.13,3137.96,0.0,0.0,0.7286,0.947841,0.0,1,0.2185170872,0.20344172701648455
OXAMEG_clean,5.69878,4.15176,5.69426,1.30487,1528.5,1171.39,0.0,0.0,0.5762,0.441578,0.0,1,0.0748997509,0.07537855074215569
OXAPAF_clean,5.78823,4.71087,5.78381,1.11325,1842.99,1655.5,0.0,0.0,0.5886,0.52872,0.0,1,0.0993670167,0.09549969918787653
PADHIM_clean,4.89943,3.0444,4.89943,2.15706,0.0,0.0,539.608,250.159,0.4582,0.212418,0.0,1,0.0511039807,0.031047179096137245
PAPNUR_clean,3.73346,2.92456,3.73346,1.5932,0.0,0.0,68.8519,43.2161,0.409,0.256716,0.0,1,0.0173341652,0.017084247588650875
PAQMOL_clean,5.73524,3.04497,5.73524,2.5108,0.0,0.0,797.305,317.55,0.4158,0.165604,0.0,1,0.028241273,0.04376862581288325
PARSEJ_clean,7.10918,3.63338,7.10142,1.23949,1731.43,1396.89,0.0,0.0,0.5994,0.483586,0.0,1,0.1004411132,0.08591388986304936
PEKDEQ_clean,6.37859,4.93188,6.37859,0.860942,2189.0,2542.56,0.0,0.0,0.6426,0.746392,0.0,1,0.1443081617,0.14049167166237347
PEKVUY_clean,5.42809,3.78005,5.42809,2.82711,1122.0,396.872,0.0,0.0,0.4876,0.172473,0.0,1,0.0320164508,0.03071800828355903
PENNIH_clean,6.3502,4.1996,4.94284,1.08381,1502.1,1385.95,0.0,0.0,0.547,0.504702,0.0,0,0.0799757365,0.08596423643502221
PETWUI_clean,10.45034,5.06084,10.45034,1.57916,2084.61,1320.07,0.0,0.0,0.6474,0.409964,0.000253299,0,0.1137745537,0.10051120482803602
PIDNOH_clean,4.82649,4.03563,4.70621,1.58707,809.533,510.082,0.0,0.0,0.4494,0.283164,0.0,1,0.0461911966,0.03531730059382307
PILJAX_clean,6.83681,4.60726,6.73853,1.38338,998.206,721.569,0.0,0.0,0.4758,0.34394,0.0,1,0.0526041056,0.04584917393612759
PITRIU_clean,5.1118,3.9203,5.10388,1.181,1357.88,1149.77,0.0,0.0,0.5244,0.44403,0.0,1,0.0867668342,0.07634692218127562
POBGAQ_clean,12.10195,9.86984,11.94213,0.53152,1907.5,3588.78,0.0,0.0,0.7308,1.37493,0.0,0,0.2792918568,0.2685205951024493
POCRAB_clean,5.23607,3.48613,5.20368,1.30167,934.815,718.167,0.0,0.0,0.481,0.369526,0.0,1,0.0425323423,0.0521725568598668
PUBSOV_clean,12.29772,4.40701,12.29772,1.06558,1807.75,1696.49,0.0,0.0,0.6366,0.597423,0.0,1,0.1451567146,0.11971656183580122
PUMGIP_clean,5.7453,3.83462,5.73601,1.16695,456.507,391.195,576.227,493.787,0.5048,0.432579,0.0,1,0.0571348118,0.06274647685086635
QAHDUA_clean,23.63634,22.83001,23.63634,0.425592,1765.68,4148.76,0.0,0.0,0.8564,2.01226,0.0,0,0.4277458825,0.4251809275144537
QAJJOD_clean,12.20979,6.10496,12.20979,1.14685,1766.96,1540.71,0.0,0.0,0.6092,0.531194,0.000174391,0,0.1393441484,0.11709598444713454
QAXROW_clean,5.17222,2.79399,5.15762,2.57186,0.0,0.0,625.899,243.364,0.4082,0.158718,0.0,0,0.0232777747,0.03848811362278565
QIKYOA_clean,6.61593,4.14269,6.59132,1.04069,1590.42,1528.23,5.00662,4.81084,0.6008,0.577307,0.0,1,0.1026894766,0.09851575306194083
QISJEJ_clean,3.99458,3.16501,3.97662,1.27475,0.0,0.0,267.778,210.063,0.497,0.389881,0.0,0,0.0449156062,0.04003200386862619
QIWHEL_clean,6.23289,3.57497,6.23289,1.40383,1318.74,939.391,0.0,0.0,0.5748,0.409452,0.0,1,0.0675292681,0.06527432679861646
QIWQES_clean,6.44452,4.39633,6.26218,0.848839,2656.63,3129.72,0.0,0.0,0.6752,0.795439,0.0,1,0.1689370204,0.15427065976722673
QOGREK_clean,3.84381,3.01611,3.81782,1.2003,0.0,0.0,257.405,214.451,0.5638,0.469716,0.0,1,0.041249774,0.04374594826269861
QUQGEP_neutral,5.04832,3.46231,5.04832,1.78813,230.047,128.652,0.0,0.0,0.3434,0.192044,0.0,0,0.0091904495,0.014486906748915063
QUQQOJ_clean,4.48385,3.90246,4.48385,1.73709,680.126,391.531,0.0,0.0,0.355,0.204365,0.0,0,0.0265658947,0.03162633998052002
QUQZOS_clean,6.02265,4.01043,6.02265,1.66025,709.739,427.49,0.0,0.0,0.3766,0.226834,0.0,0,0.0521970585,0.030386708613333237
QURPOK_clean,8.43298,2.62306,8.42176,1.65492,0.0,0.0,1428.39,863.118,0.5956,0.359898,0.000120852,1,0.0685530565,0.06740934329839063
QUSSAA_clean,4.78,3.54213,4.78,1.57799,239.569,151.819,1.50875,0.956125,0.405,0.256656,0.0,1,0.0194081131,0.017210645018812393
QUSSOO_clean,4.55358,3.93395,4.55358,1.57579,234.822,149.019,76.9833,48.8538,0.4096,0.259933,0.0,1,0.0223839669,0.018660634080909816
QUTDAM_clean,11.27758,5.77514,11.27758,0.754326,2377.38,3151.67,0.0,0.0,0.7286,0.965895,0.0,1,0.2120828736,0.20733664121384687
RAZXIA04_clean,4.36297,3.24134,4.36297,1.80861,0.0,0.0,288.663,159.604,0.3896,0.215414,0.0,0,0.0220491169,0.025561728503504355
REHHIX_clean,9.35675,7.76923,9.35675,1.01818,2023.43,1987.3,0.0,0.0,0.682,0.669824,0.0,1,0.1394505651,0.13301463860855117
REHHUJ_clean,8.23485,7.33998,8.22968,1.08218,2034.99,1880.45,0.0,0.0,0.6656,0.615052,0.0,1,0.1279984649,0.11756525668577514
RIPWEU_clean,5.36705,3.28695,5.13064,3.95841,0.0,0.0,571.466,144.368,0.397,0.100293,0.0,1,0.0134631195,0.07293740453569475
RITGUY_clean,7.95322,7.17933,7.95063,2.27911,1239.6,543.896,0.0,0.0,0.5128,0.225,0.0,1,0.0358610608,0.0418172785563825
ROQMER04_clean,4.90072,2.60095,4.90072,4.33983,0.0,0.0,618.438,142.503,0.4612,0.106271,0.0,1,0.2478949638,0.12006718668721685
ROQNES05_clean,5.09793,2.76755,5.09793,4.08002,0.0,0.0,740.215,181.424,0.4652,0.114019,0.0,1,0.2328487061,0.21201660501767614
RORTOJ_clean,6.66057,4.41092,6.52091,0.981543,2083.85,2123.04,0.0,0.0,0.6188,0.630436,0.0,1,0.1173629763,0.12400459396529522
RORTUP_clean,6.59655,4.47032,5.86846,1.00477,2073.35,2063.5,0.0,0.0,0.6322,0.629197,0.0,1,0.1188144581,0.1211389976707686
RUDPOW_clean,5.41076,4.66977,5.39738,2.71783,1184.38,435.783,0.0,0.0,0.5036,0.185295,0.0,1,0.0292063158,0.03334177679230274
RUDQOX_clean,6.05488,4.57305,6.02316,2.85352,852.525,298.763,0.0,0.0,0.4552,0.159522,0.0,1,0.0204675857,0.023992645975430493
RUDQUD01_clean,5.17887,2.98011,5.17598,2.21557,0.0,0.0,1116.87,504.099,0.5682,0.256458,0.0,1,0.0411559665,0.04311085274406611
RUHDII_clean,4.00153,3.18469,4.00153,2.15,0.0,0.0,81.2723,37.8011,0.3944,0.183442,0.0,0,0.011122531,0.01632083728609568
SAJHUJ_clean,6.4139,3.72776,6.34123,1.44908,755.301,521.226,133.822,92.3491,0.5074,0.350152,0.0,0,0.0557136209,0.04682219071117992
SALRUU_clean,5.91203,3.84839,5.91203,1.89218,897.906,474.535,26.6841,14.1023,0.5394,0.285068,0.0,1,0.0480250021,0.03927600706994901
SANGOG_clean,6.60497,4.87256,6.56692,1.52915,1286.32,841.195,0.0,0.0,0.524,0.342673,0.0,1,0.0711948322,0.06127483598296038
SANHEX_clean,6.59961,4.84606,6.59961,1.58966,1288.07,810.28,0.0,0.0,0.5242,0.329756,0.0,1,0.0691496252,0.059143891820887765
SAPHOI_clean,7.22635,3.6325,7.22635,1.12288,1450.11,1291.42,116.271,103.547,0.6152,0.547876,0.0,1,0.1015090096,0.09048839843372508
SAWJAC_clean,4.04365,3.16605,4.04365,1.66149,0.0,0.0,310.471,186.863,0.4034,0.242794,0.0,1,0.0248504061,0.025631655724968866
SEHMIC_clean,4.11143,3.27966,3.9951,1.86068,0.0,0.0,449.989,241.841,0.4658,0.250338,0.0,1,0.0220774222,0.032003209975718636
SENWEP_clean,5.93538,3.31524,5.93538,1.23957,1558.32,1257.15,0.0,0.0,0.6436,0.519213,0.0,1,0.0842102461,0.08240971521076855
SERWET_clean,5.26286,3.5348,5.17332,1.00337,1282.88,1278.58,0.0,0.0,0.555,0.553137,0.0,0,0.0956063642,0.08447973409009893
SINLAE_clean,6.69716,5.18096,6.69716,1.19378,889.708,745.285,0.0,0.0,0.5462,0.457538,0.0,1,0.0515445553,0.0562815271810157
SOKXIB_clean,11.6126,7.16546,11.6126,0.857146,1980.64,2310.74,0.0,0.0,0.706,0.823663,0.0,1,0.191078305,0.1637601370825657
SOPLIU_clean,8.00418,6.00384,7.95536,0.793634,2093.66,2638.07,0.0,0.0,0.6836,0.861354,0.0,1,0.1664115085,0.16653990903791382
SUKKUG_clean,11.3345,4.2895,11.3345,1.1764,1829.28,1554.98,0.0,0.0,0.6228,0.529413,0.0,1,0.1410917743,0.12206762518692228
SURLEY_clean,8.70904,3.84622,8.70904,1.62137,1669.72,1029.82,0.0,0.0,0.5792,0.35723,0.000123353,0,0.0764674834,0.07339923320342
SUXNIJ_clean,5.64724,4.5438,5.64724,1.44554,1962.92,1357.92,0.0,0.0,0.566,0.39155,0.0,1,0.0689699539,0.07674887070880432
TACQUK_clean,5.31454,2.6763,5.24674,2.0922,0.0,0.0,739.329,353.374,0.3938,0.188223,0.0,1,0.0492147289,0.03815504026428306
TADWOM_clean,9.57231,6.35673,9.57231,0.87901,1890.37,2150.57,0.0,0.0,0.6552,0.745384,0.0,1,0.141586829,0.14134211445393796
TAJTOQ_clean,3.86191,2.88549,3.68526,1.35217,0.0,0.0,85.3373,63.1113,0.4918,0.363711,0.0,0,0.038043203,0.030517657114329876
TAZLAJ_clean,11.18983,6.92715,11.18534,1.0698,2252.1,2105.17,0.0,0.0,0.7314,0.683682,0.0,1,0.1418049443,0.14302305450867295
TEQLIM_clean,10.57747,9.21067,10.57747,0.779734,1974.44,2532.19,79.8475,102.404,0.7166,0.919031,0.0,1,0.1752243027,0.17931314919716107
TEQPEM_SL,17.25569,8.09715,17.25569,0.556792,2001.58,3594.84,0.0,0.0,0.8118,1.45799,0.0,0,0.292040459,0.3032221065212744
TEQVOC_clean,5.38838,3.99776,5.38838,1.49315,564.33,377.946,0.0,0.0,0.462,0.309413,0.0,1,0.022700421,0.030026451871788915
TERFED_clean,4.51281,3.91001,4.51281,1.28172,1102.17,859.911,0.0,0.0,0.5092,0.397278,0.0,1,0.0680101872,0.05973579790922647
TOFLIL_clean,6.43035,3.58774,6.40263,1.17796,1255.08,1065.47,0.0,0.0,0.5356,0.454684,0.0,1,0.0737850786,0.0724754515112094
TOKKOV_clean,5.02498,3.26586,4.31205,1.69711,0.0,0.0,791.116,466.154,0.5054,0.2978,0.0,1,0.0408815138,0.043434381686501586
TOVHET_clean,10.32872,5.24629,6.09815,0.967713,1426.09,1473.67,625.967,646.851,0.653,0.674787,0.0,1,0.1385810413,0.14332465548671625
TUJFUB_clean,5.43444,3.29132,5.38764,1.71232,0.0,0.0,749.468,437.692,0.4478,0.261517,0.0,1,0.0517593395,0.04078359445047528
TURBUE_clean,11.84396,5.52264,10.5666,3.09865,733.123,236.594,594.714,191.927,0.5488,0.177109,0.0,1,0.043571226,0.06531611159289155
TUYJII_clean,4.15574,3.24372,4.15574,1.33393,0.0,0.0,487.196,365.234,0.4638,0.347695,0.0,0,0.0315728706,0.03957009080216094
UFEXOT_clean,5.24877,5.07012,5.24877,2.41392,1168.03,483.873,0.0,0.0,0.46,0.190561,0.0,1,0.031504949,0.03648177700160139
UJEGUL_clean,6.0532,4.88486,6.0532,1.5961,1140.46,714.525,0.0,0.0,0.4812,0.301484,0.0,1,0.0634477322,0.04931264882563348
UKAZAI_clean,4.01402,2.89555,3.95242,1.98445,0.0,0.0,282.41,142.312,0.534,0.269092,0.0,1,0.0445448315,0.026907073880115956
ULILEI_clean,7.22603,5.77359,6.90295,1.4654,978.051,667.43,0.0,0.0,0.4894,0.333971,0.0,1,0.0515062601,0.04568040618292798
ULOKOX_clean,8.64627,5.79102,8.63931,1.45123,1704.6,1174.59,0.0,0.0,0.6308,0.434666,0.0,0,0.0745627385,0.08203984881475311
UMEKAA_clean,7.47808,5.74079,7.45471,0.904552,2404.59,2658.32,0.0,0.0,0.691,0.763914,0.0,0,0.1569018649,0.15681442329713835
UMOYOM01_clean,8.8085,5.25892,8.77749,0.621878,2962.67,4764.07,0.0,0.0,0.7408,1.19123,0.0,1,0.2478736474,0.24881655224987234
UMOYOM09_clean,9.17279,5.31913,9.17279,0.580043,2871.76,4950.95,0.0,0.0,0.7526,1.29749,0.0,1,0.2690043533,0.25978858489401957
UMOYOM12_clean,10.19907,5.488,10.19907,0.599366,2923.9,4878.33,0.0,0.0,0.7518,1.25433,0.0,1,0.2560342268,0.2639391998531575
UMOYOM18_clean,7.82903,4.99743,6.01083,0.808894,2359.81,2917.33,0.0,0.0,0.6612,0.817412,0.0,1,0.166245772,0.15899364256590803
UNACES01_clean,10.38875,3.81692,9.82399,1.06757,1652.24,1547.67,0.38238,0.358178,0.625,0.585442,0.0,0,0.1343518246,0.10903445950133114
USAHAZ_clean,10.72389,9.68617,10.71468,0.687876,2071.59,3011.58,0.0,0.0,0.7326,1.06502,0.0,0,0.2244639562,0.2109698542292629
UVUCEV_clean,5.657,3.96658,5.657,1.45056,765.054,527.42,0.0,0.0,0.4608,0.31767,0.0,1,0.040314211,0.03638566523070721
VAMYUG_clean,10.04314,6.94027,10.02007,0.640476,2529.62,3949.59,0.0,0.0,0.7656,1.19536,0.0,1,0.2416026154,0.2499774728771279
VAMZER_clean,7.00413,5.41811,7.00325,0.798549,2577.99,3228.34,0.0,0.0,0.7048,0.8826,0.0,0,0.178919521,0.17760818003449708
VARJAB_clean,6.78948,3.75665,6.78948,0.974046,1905.16,1955.93,0.0,0.0,0.5918,0.607569,0.0,0,0.1259769781,0.1138236706247896
VECVUW_clean,13.25433,10.77774,13.25433,1.80334,770.078,427.028,489.233,271.292,0.5684,0.315192,0.0,1,0.0579341369,0.08545014020505906
VEYREX_clean,4.77741,3.91091,4.77741,1.11908,1335.34,1193.25,0.0,0.0,0.5556,0.496481,0.0,0,0.066519947,0.07955722289549774
VIDVUB_clean,8.75776,6.77107,8.75514,0.887092,2407.2,2713.58,0.0,0.0,0.7368,0.830579,0.0,1,0.1809267786,0.1727102678271861
VIDWAI_clean,4.26915,3.21318,4.18386,1.57071,0.0,0.0,1087.21,692.178,0.5068,0.322657,0.0,0,0.0563614657,0.0586841349133513
VIWRAW_clean,18.47685,6.99909,18.46157,1.33324,1894.12,1420.69,0.0,0.0,0.773,0.579791,0.0,1,0.1134409578,0.11578889683100888
VOMMAN_clean,3.92951,2.72653,3.92951,1.60537,0.0,0.0,142.036,88.475,0.3778,0.235335,0.0,0,0.0143847166,0.016949423306970926
VOQXIK_clean,7.63858,6.07404,7.63858,0.724945,2355.92,3249.79,0.0,0.0,0.6782,0.935519,0.0,1,0.2044515108,0.1834640244474917
VOSVEG_clean,10.99131,5.30484,10.99131,1.00093,1319.63,1318.4,0.0,0.0,0.5658,0.565276,0.0,1,0.0973514034,0.09958012557781637
VOVQEE_clean,6.4704,5.01157,6.4704,1.74606,2352.07,1347.07,0.0,0.0,0.6902,0.39529,0.0,1,0.0738749842,0.07073150089365521
VOXVAH_clean,5.92871,5.26453,5.92106,1.32162,1764.11,1334.81,0.0,0.0,0.577,0.436585,0.0,0,0.0963816874,0.08532479660251283
VUKSIF_clean,5.75842,4.01754,5.72554,1.25557,1414.52,1126.59,0.0,0.0,0.5766,0.459233,0.0,1,0.0825017348,0.07683214449120426
VURNED_clean,8.28196,7.22796,8.27719,0.968429,2084.34,2152.29,0.0,0.0,0.665,0.686679,0.0,0,0.1564230671,0.13540390011053888
VUWROW_clean,7.68342,6.19716,7.66529,1.06352,2246.75,2112.57,0.0,0.0,0.6738,0.633558,0.0,1,0.148454615,0.12566936694618097
WAFKIY_clean,7.94426,7.06157,7.92163,0.97672,2030.81,2079.21,0.0,0.0,0.6618,0.677574,0.0,1,0.1524876957,0.1329236477024859
WAHDIT_clean,5.64465,5.55803,5.64465,1.60299,480.063,299.48,0.0,0.0,0.2714,0.169309,0.0,1,0.0164271182,0.020441470023545613
WAKTOS_clean,5.69222,4.43155,5.69222,2.83189,703.861,248.548,0.0,0.0,0.4318,0.152478,0.0,1,0.0150056911,0.01963686240911415
WANHOL_clean,11.33875,4.69312,11.33857,0.842421,2322.16,2756.54,0.0,0.0,0.7046,0.836399,0.0,1,0.1826315778,0.18025626323226335
WANHUR_clean,11.34841,4.3749,11.34841,0.826694,2186.19,2644.5,0.0,0.0,0.6798,0.822311,0.0,1,0.1750268629,0.1691707972172977
WANKOO_clean,5.43736,3.9967,5.34183,2.07196,667.58,322.197,0.0,0.0,0.439,0.211877,0.0,1,0.019383998,0.026555600746987346
WARFAY01_clean,7.74959,5.31367,7.74959,1.27773,2063.4,1614.89,0.0,0.0,0.6292,0.492434,0.0,0,0.1516883284,0.11082775152036516
WARFIG_clean,7.74727,5.30798,7.74727,1.27733,2063.24,1615.28,0.0,0.0,0.6278,0.491494,0.0,0,0.1523141392,0.11082775152036516
WASMUB02_clean,7.51016,6.67264,7.50984,1.25015,1421.32,1136.93,0.0,0.0,0.5328,0.42619,0.000319962,0,0.0920728415,0.0808672458188557
WEBJIY_clean,16.85961,16.29058,16.85961,0.987245,2036.71,2063.02,0.0,0.0,0.69,0.698915,0.0,1,0.1562009543,0.15242906148569485
WIBDAO_clean,3.72663,3.02173,3.54928,1.66902,0.0,0.0,80.5176,48.2425,0.4496,0.26938,0.0,0,0.0257654561,0.019996036799485986
WIDTAF_clean,4.24329,3.2471,4.13637,1.66166,0.0,0.0,338.094,203.468,0.4088,0.246019,0.0,1,0.0364951564,0.025795321422739853
WILNEL_clean,5.01402,2.72435,4.98959,1.14726,0.0,0.0,748.266,652.218,0.52,0.453252,0.0,0,0.0561959282,0.053945657509770345
WIVFIS_clean,9.45936,2.89438,9.45936,1.51852,0.0,0.0,1474.94,971.303,0.6072,0.399864,0.0,1,0.0627909348,0.0746999323029375
WOJYUR_clean,6.03938,3.6829,6.03792,1.63755,514.016,313.893,377.608,230.593,0.4758,0.290556,0.0,1,0.0541789788,0.04057547919602652
WONJUG_clean,12.31296,8.59906,12.31296,1.47134,1427.08,969.918,131.627,89.4607,0.6012,0.408607,0.000271861,1,0.1279919759,0.09073134878654487
WOYWOY_clean,5.91166,4.30758,5.61164,1.12104,1432.33,1277.68,0.0,0.0,0.5304,0.473134,0.0,1,0.0781060215,0.08015315148892137
WUDTUM_clean,7.46451,6.7517,7.44938,1.37436,604.323,439.712,0.0,0.0,0.4424,0.321895,0.0,1,0.032540037,0.029371231094558498
WUDZOM_clean,9.28496,5.45388,9.18547,2.06825,1601.94,774.537,0.0,0.0,0.6036,0.291841,0.0,1,0.0543051926,0.055225042241096284
WUXYIZ_clean,3.37355,2.98631,3.36114,1.70887,0.0,0.0,0.849339,0.497019,0.228,0.133422,0.0,1,0.0122910072,0.008928442493406782
WUXYUL_clean,3.5191,2.61206,3.15401,1.60264,0.0,0.0,15.152,9.45438,0.2734,0.170593,0.0,1,0.0131118558,0.011300954801138283
XANMUX07_clean,8.08658,7.93125,8.08658,1.12874,1428.77,1265.81,0.0,0.0,0.627,0.555487,0.0,0,0.0919465088,0.09407012519363966
XANMUX08_clean,7.80034,7.66637,7.80034,1.1623,1830.3,1574.73,0.0,0.0,0.6326,0.544267,0.0,0,0.1128949153,0.10593235795204069
XANMUX_clean,7.22549,7.05144,7.22549,1.16648,1435.38,1230.52,0.0,0.0,0.6128,0.525341,0.0,0,0.0850429043,0.09121054192025699
XANZAQ01_clean,7.80283,7.09635,7.80283,0.978047,1597.51,1633.37,0.0,0.0,0.6454,0.659886,0.0,1,0.1088321551,0.11739357459992357
XANZAQ06_clean,8.35756,7.91059,8.35756,0.939122,1667.31,1775.39,0.0,0.0,0.6656,0.708747,0.0,1,0.1264153249,0.12430308523840719
XIGLOQ_clean,4.42386,2.76202,3.96285,1.79107,0.0,0.0,254.279,141.97,0.4716,0.263306,0.0,0,0.0560460339,0.023979564180485247
XINXAV_clean,5.04481,3.01766,5.04481,1.31276,0.0,0.0,1107.07,843.312,0.5386,0.410281,0.0,1,0.0471264564,0.06423598240642378
XIVVEF_clean,7.94651,5.43115,7.90631,1.14535,2097.38,1831.21,0.0,0.0,0.648,0.565766,0.0,0,0.1507326639,0.12032989127041427
XODNUB_clean,4.71915,3.55393,4.43069,2.13543,453.661,212.445,0.0,0.0,0.405,0.189657,0.0,1,0.014722071,0.019163267604060022
XOMCUZ_clean,5.38174,3.9098,5.38174,1.47361,430.645,292.238,0.0,0.0,0.4026,0.273206,0.0,1,0.0196108324,0.02397122665483538
XOMHIS_clean,8.65147,5.97828,8.65147,0.851979,2400.52,2817.58,0.0,0.0,0.7112,0.834762,0.0,1,0.195480776,0.17694807166860385
XOMNEU_clean,4.40246,3.57141,4.39113,1.21453,547.741,450.992,0.0,0.0,0.4748,0.390935,0.0,1,0.0475595339,0.037592896759546274
XOPVOO_clean,4.09166,3.62442,4.09166,3.20829,862.369,268.794,0.0,0.0,0.381,0.118755,0.0,0,0.2881920318,0.07673999046927021
XUFWIF_clean,10.42496,6.51739,10.42496,0.851444,2291.0,2690.72,0.0,0.0,0.7078,0.831294,0.0,1,0.1912855776,0.17218441567467813
YEGHEZ_clean,5.88391,4.37273,5.87003,1.21357,1253.26,1032.7,0.0,0.0,0.5114,0.4214,0.0,0,0.0750426699,0.06904660421425222
YIZJEY_clean,6.38909,5.16549,5.85719,1.3913,1198.42,861.362,0.0,0.0,0.5582,0.401206,0.0,0,0.0564236897,0.06476368584292397
YOCNIP_clean,6.24098,4.07873,6.24098,1.73801,306.791,176.518,6.61904,3.8084,0.3778,0.217375,0.0,0,0.0203205394,0.017898600084712446
YOFMIQ_clean,4.81861,2.69037,4.81861,2.1217,0.0,0.0,275.633,129.911,0.4506,0.212376,0.0,1,0.0175149523,0.019999229467327143
YOGKEM_clean,9.34542,5.57292,9.34542,0.967443,2138.01,2209.96,0.0,0.0,0.6476,0.669394,0.0,1,0.1464151363,0.14121223835411528
YOZBIZ_clean,8.26642,3.87936,8.26616,1.4767,1152.52,780.471,0.0,0.0,0.5144,0.348345,0.0,1,0.0655367577,0.05309289160362322
ZADRAA_clean,10.05232,5.81781,10.05232,1.33714,1945.37,1454.87,0.0,0.0,0.6546,0.489551,0.000149573,1,0.1503197133,0.1165768743604356
ZADREE_clean,10.34457,5.76157,10.34457,1.31114,2073.65,1581.56,0.0,0.0,0.6666,0.508413,0.000152539,1,0.1608482888,0.12518192921568505
ZISNEW_clean,10.937,5.73353,10.937,0.756384,2253.97,2979.93,0.0,0.0,0.706,0.933388,0.0,1,0.2021587694,0.19329295252329032
ZIZTEJ_clean,4.9754,4.00901,4.96475,2.66219,1407.31,528.628,0.0,0.0,0.5208,0.195628,0.0,1,0.0315295051,0.041176421583134525
ZOQTIK_clean,8.17476,4.78997,8.17413,2.26836,1524.97,672.282,0.0,0.0,0.581,0.256133,0.0,1,0.0467679426,0.048164942409253154
ZOYZUK_clean,5.26542,2.76938,5.24945,1.28262,0.0,0.0,1055.61,823.014,0.56,0.436607,0.0,1,0.0457049121,0.06421645178579848
ZUQBUK_clean,6.60273,3.87772,6.60273,0.987073,2004.83,2031.09,0.0,0.0,0.58,0.587596,0.0,0,0.1249333756,0.11860128398659668
ZUTBAR03_clean,5.66424,2.8332,5.66424,2.67969,0.0,0.0,879.148,328.079,0.4898,0.182783,0.0,0,0.1032427502,0.05620510361153222
ZUWWAP_clean,5.07411,2.67704,5.07411,2.0862,0.0,0.0,528.592,253.376,0.464,0.222414,0.0,1,0.0332710555,0.030188601792456374
ABEXIQ_clean,4.80529,4.06893,4.80529,1.7876,954.695,534.065,11.1491,6.2369,0.4776,0.267174,0.0,1,0.0394706171,0.038463463150907685
ABIYIV_clean,4.33176,3.82431,4.32093,1.34661,564.007,418.836,0.0,0.0,0.4458,0.331055,0.0,0,0.0257064598,0.03581488599808232
ABULOB_clean,4.86958,4.16445,4.86236,1.31921,1184.81,898.121,0.0,0.0,0.5364,0.406607,0.0,0,0.0788884522,0.06517674986033802
ACIBOE_clean,8.25776,7.03071,8.25776,1.10094,2063.01,1873.86,0.0,0.0,0.6554,0.595309,0.0,1,0.1168072746,0.11802275788307387
ACOGAB_clean,5.20085,3.89327,4.84433,1.15458,1432.82,1240.99,0.0,0.0,0.5566,0.482082,0.0,0,0.0771030121,0.08117684502453534
ACOLIP_clean,4.91034,3.57647,4.78103,1.04949,1065.44,1015.2,0.0,0.0,0.5434,0.517777,0.0,0,0.0763194315,0.0715011637974463
acs.cgd.5b01686_WAHFUJ1434675_clean,5.00451,3.93435,5.00451,1.28464,1087.15,846.274,0.0,0.0,0.4874,0.379407,0.0,1,0.0508479275,0.054027759432113194
acs.chemrev.6b00346_cr6b00346_si_001_clean,9.19439,3.959,7.03116,0.906382,2290.66,2527.25,0.0,0.0,0.6912,0.762592,0.0,1,0.1558283055,0.14787810078230185
acscombsci.5b00188_24205_clean,5.32506,4.91361,5.32498,1.2624,1666.29,1319.94,0.0,0.0,0.5558,0.440273,0.0,0,0.1001553591,0.08231596293669702
acscombsci.5b00188_5024922_clean,20.5205,15.85622,20.5205,0.295002,1403.53,4757.71,0.0,0.0,0.8866,3.00541,0.0,0,0.611189967,0.6142711737501875
acs.inorgchem.6b00894_ic6b00894_si_003_clean,5.39452,2.99444,5.35605,1.36061,0.0,0.0,496.94,365.232,0.4792,0.352194,0.0,0,0.0332766773,0.03802063518391731
acs.inorgchem.6b02413_ic6b02413_si_002_clean,13.37732,6.88163,13.37732,0.804279,2195.74,2730.07,0.0,0.0,0.74,0.920079,0.00124335,0,0.1847968138,0.19384845765951975
acs.inorgchem.6b02514_ic6b02514_si_002_clean,6.09101,5.53211,6.09101,1.35156,1494.27,1105.59,0.0,0.0,0.6002,0.44408,0.0,1,0.0600505446,0.07773817707169325
ACUFEK_clean,15.55627,9.00897,15.55627,0.559431,2205.12,3941.72,0.0,0.0,0.787,1.40679,0.0,1,0.2898109045,0.296425981994476
ADABIS_clean,3.98906,3.05237,3.97803,1.65298,0.0,0.0,144.772,87.5821,0.4004,0.242229,0.0,1,0.0113067534,0.018658170218531778
ADABUE_clean,4.54949,3.31506,4.54949,1.46632,439.176,299.509,0.0,0.0,0.4708,0.321075,0.0,1,0.0248430076,0.02787935582597345
ADASEF_clean,21.62414,10.92309,17.5655,0.435607,1820.41,4179.02,0.0,0.0,0.8462,1.94258,0.0,1,0.4049852262,0.41921824578034195
ADASUV_clean,17.16775,6.7332,17.16775,0.625693,2275.03,3636.01,0.0,0.0,0.7672,1.22616,0.0,1,0.2569671803,0.2669316954975396
ADATAC_clean,26.33515,10.27637,16.37091,0.33727,1729.95,5129.28,0.0,0.0,0.871,2.5825,0.0,1,0.5328639427,0.5378873321471263
ADATIK_clean,24.55082,12.17426,18.62931,0.377577,1712.52,4535.57,0.0,0.0,0.8764,2.32112,0.0,1,0.4797539327,0.5071442490445994
ADEGIA01_clean,4.82721,2.87092,4.67723,1.60142,0.0,0.0,683.245,426.648,0.4982,0.311098,0.0,1,0.0464443351,0.03905225286108829
ADIQEL_clean,4.43355,3.91364,4.43149,1.23763,785.544,634.715,0.0,0.0,0.4682,0.378303,0.0,0,0.0616143513,0.046650603828153926
ADOCEC_clean,5.40135,3.83278,5.40061,1.53544,942.082,613.56,194.67,126.785,0.4904,0.319388,0.0,1,0.0545235599,0.05118498668199094
ADUROI_clean,25.68553,17.12424,25.68553,0.402567,1285.84,3194.1,0.0,0.0,0.8358,2.07617,0.0,1,0.4199342736,0.40397031093296837
ADUWIH_clean,9.28386,6.55138,8.99777,0.722123,2053.82,2844.14,0.0,0.0,0.7098,0.982935,0.0,1,0.1906331829,0.19167715947468908
AFITEP_clean,4.64022,4.09997,4.63375,1.06928,1521.04,1422.49,0.0,0.0,0.5262,0.492105,0.0,0,0.0840244403,0.08469047124298489
AFIXAO_clean,6.3306,4.52097,6.32879,1.12223,1320.24,1176.44,0.0,0.0,0.5702,0.508096,0.0,0,0.0664982707,0.08076145468462295
AFIXES_clean,6.43864,4.7481,6.42659,1.12574,1304.99,1159.23,0.0,0.0,0.5758,0.511486,0.0,0,0.0672190724,0.08097005691473982
AFOYEB_clean,5.92566,5.81418,5.92369,1.68224,585.772,348.21,0.0,0.0,0.4054,0.240988,0.0,0,0.0250404363,0.026690923959582086
AFUPEX_clean,5.43312,4.58891,5.43311,1.38641,2204.93,1590.39,0.0,0.0,0.6146,0.443303,0.0,1,0.0924889186,0.08871425788193767
AGIMOU_clean,4.22721,3.03966,4.22721,1.67254,0.0,0.0,423.521,253.22,0.4144,0.247766,0.0,1,0.0335914414,0.028737757984061224
AGONAM_clean,5.63222,4.90729,5.59904,1.43768,1370.35,953.171,0.0,0.0,0.568,0.395082,0.0,0,0.0670981107,0.06722192899659268
AHEQAH_clean,9.26829,6.21673,9.2669,0.759287,2415.98,3181.91,0.0,0.0,0.7146,0.941146,0.0,1,0.1929794087,0.19280614962784481
AHOKAJ_clean,3.61285,2.77173,3.61285,2.08849,0.0,0.0,83.5648,40.0121,0.418,0.200145,0.0,0,0.0213475239,0.016107478866937128
AJAKON_clean,5.2765,4.32303,5.27104,1.36723,1066.44,780.005,8.76449,6.41042,0.5024,0.367459,0.0,1,0.0541265238,0.05248832574119462
AJINOY_clean,3.72125,2.71527,3.72125,1.44035,0.0,0.0,56.8028,39.4368,0.3726,0.258687,0.0,1,0.0110685594,0.017337629105372968
AJOTEY_clean,5.91075,5.20074,5.90935,1.2556,1942.39,1546.98,0.0,0.0,0.6358,0.506371,0.0,1,0.1035549864,0.09561814245467788
AJOVEB_clean,5.15455,4.85632,5.13093,1.95651,774.474,395.845,0.0,0.0,0.4138,0.211499,0.0,1,0.0292310191,0.029067231989993475
ALALUU01_clean,3.42308,2.87759,3.41148,2.03959,0.0,0.0,5.29274,2.595,0.4502,0.22073,0.0,1,0.013516779,0.016155345945391975
ALUKOI_clean,8.54787,6.76817,8.5436,0.579939,2887.58,4979.11,0.0,0.0,0.7926,1.3667,0.0,1,0.2795943698,0.2762229610833108
ALULID_clean,7.81513,5.26988,7.81513,0.929552,2122.82,2283.71,0.0,0.0,0.6652,0.715614,0.0,1,0.13345627,0.13951267767335757
ALURIJ_clean,6.87946,3.53974,6.12375,1.07753,1201.6,1115.15,0.0,0.0,0.5294,0.49131,0.0,0,0.0742960253,0.07614304625999421
AMAFOK_clean,6.60314,5.66314,6.60314,1.49249,870.16,583.026,0.0,0.0,0.4392,0.294274,0.0,1,0.0483612297,0.039120648896955865
AMIKOX_clean,3.46941,2.69518,3.46727,1.4673,0.0,0.0,15.7447,10.7304,0.4072,0.277517,0.0,0,0.0116254676,0.01638609610983699
AMIWID_clean,4.855,3.30529,4.84395,2.19335,0.0,0.0,638.272,291.003,0.4344,0.198053,0.0,1,0.0320181786,0.034425196842197865
AMIWOJ_clean,4.90585,3.36795,4.88479,2.21508,656.085,296.19,0.0,0.0,0.4318,0.194937,0.0,1,0.0322119112,0.029253125126286708
AMUXAI_clean,8.64297,7.79614,8.57936,1.02442,1402.26,1368.83,0.421846,0.411789,0.5964,0.582182,0.0,1,0.0860594782,0.09745517948909413
APAZEY_clean,6.61049,4.70522,6.61049,0.97171,2250.82,2316.35,0.0,0.0,0.6362,0.654722,0.0,1,0.1339602086,0.12873193318361006
APEBED_clean,4.58202,3.62787,4.5574,1.65192,481.079,291.224,0.0,0.0,0.4828,0.292266,0.0,1,0.0360133106,0.024891885760896168
AQALIO_clean,3.6362,2.83608,3.61709,2.20004,0.0,0.0,130.15,59.1582,0.4758,0.216269,0.0,1,0.0223659345,0.01982623078721947
AQEFUY_clean,8.95844,2.64235,8.90621,1.21964,0.0,0.0,1337.97,1097.02,0.631,0.517366,0.0,1,0.0730927845,0.07980978836904883
AQMAND_clean,3.37168,2.85465,3.37168,2.05911,0.0,0.0,2.13512,1.03691,0.4536,0.220289,0.0,1,0.0166303094,0.016031644339344467
AQODOA_clean,3.45952,3.20541,3.43624,1.86922,0.0,0.0,16.1822,8.6572,0.3508,0.187672,0.0,1,0.0092281309,0.011748961530963498
ARINOF_clean,4.65727,3.54074,4.65727,1.16089,773.093,665.951,0.0,0.0,0.4696,0.404519,0.0,0,0.0418130581,0.04963680226126881
AROFAP_clean,6.18036,4.30595,6.18036,1.16997,1430.3,1222.5,0.0,0.0,0.575,0.491464,0.0,1,0.0872010661,0.08055821968992691
ARUYES_clean,5.37817,4.58095,5.37264,1.47856,1357.43,918.075,0.0,0.0,0.5162,0.349122,0.0,1,0.0701952713,0.06317403534770852
ARUYUH_clean,4.6223,3.84632,4.60163,1.67938,1300.59,774.446,0.0,0.0,0.5928,0.352987,0.0,0,0.052308784,0.05999206730061954
ASIQEA_clean,8.85063,6.25728,8.83155,0.902561,1517.6,1681.44,0.0,0.0,0.6232,0.69048,0.0,1,0.1100748512,0.11632729977893955
ASUKEE_clean,4.78914,3.45844,4.64139,1.18597,613.731,517.491,0.198684,0.167528,0.5058,0.426485,0.0,1,0.0422375685,0.04605787548156003
ATIBOU02_clean,5.13844,4.03284,5.13064,1.58929,1001.62,630.232,0.0,0.0,0.4764,0.299756,0.0,0,0.0372036078,0.04388138459055774
ATICEL_clean,4.9438,3.91943,4.9438,1.60993,940.703,584.311,0.0,0.0,0.4708,0.292434,0.0,0,0.0341426929,0.04320432607151263
ATIJUJ_manual,17.44029,16.95439,17.44029,0.753394,1262.36,1675.56,0.0,0.0,0.7098,0.942136,0.0,1,0.1599421976,0.17891596990095476
ATIXUX_clean,4.75983,4.08689,4.75983,1.55048,933.775,602.248,10.5817,6.82478,0.5034,0.324673,0.0,0,0.0531462759,0.04909617784406484
ATOWOW_clean,9.60606,7.73922,9.60387,0.865497,1776.39,2052.45,0.0,0.0,0.6816,0.787524,0.0,1,0.1519895807,0.1441584672200796
ATUXOE_clean,4.28881,2.66857,4.28881,1.71175,0.0,0.0,211.753,123.705,0.3874,0.226318,0.0,1,0.0314598469,0.019067987294786648
AVAGOV_clean,4.8139,4.57423,4.8139,1.40471,790.723,562.91,0.0,0.0,0.4598,0.327328,0.0,1,0.0351631838,0.039974191446622856
AVELOD_clean,8.08398,4.98141,8.08398,0.915242,1686.35,1842.51,0.0,0.0,0.6036,0.659498,0.0,1,0.1058602657,0.11447561499277485
AVEQID_clean,7.54994,6.22752,7.22874,0.801255,2259.4,2819.83,0.0,0.0,0.702,0.876126,0.0,1,0.1874270997,0.17466785303410504
AVIMIC_clean,5.83174,5.68454,5.8285,1.51867,600.182,395.202,0.0,0.0,0.4036,0.265759,0.0,0,0.0265060031,0.028657848666770555
AVIPAX_clean,7.26399,5.25081,7.26386,0.96381,1855.66,1925.33,0.0,0.0,0.5882,0.610286,0.0,1,0.1267104094,0.11558622244756969
AVIVAC_clean,11.84006,7.39815,11.84006,0.73653,1721.91,2337.87,62.4247,84.7552,0.713,0.968053,0.0,1,0.177883705,0.18354803114059232
AVIVEG_clean,11.84801,7.36492,11.84801,0.733043,1723.96,2351.79,66.007,90.0452,0.716,0.97675,0.0,1,0.1792874255,0.18326668924991152
AVIVIK_clean,11.79938,6.70311,11.79938,0.734288,1705.89,2323.19,141.576,192.807,0.7142,0.972643,0.0,1,0.177007746,0.18663336406133993
AVIVUW_clean,12.04076,6.91892,12.04076,0.729779,1690.09,2315.89,127.81,175.136,0.7162,0.981393,0.0,1,0.1788923852,0.19048936747873732
AWAREV_clean,4.9083,4.51433,4.9083,1.8749,727.007,387.757,0.0,0.0,0.456,0.243213,0.0,0,0.0262093434,0.03189916754143441
AWASEY_clean,12.05091,7.26209,12.03698,1.15771,1906.22,1646.54,0.0,0.0,0.7186,0.620707,0.0,1,0.1168274876,0.12654232768041468
AWEZOS01_clean,5.84706,3.42755,5.84706,1.53516,287.064,186.993,30.7793,20.0495,0.4222,0.27502,0.0,1,0.0128060291,0.023129637956329344
AWEZOS_clean,5.8274,3.41984,5.8274,1.53516,283.608,184.741,30.6343,19.9551,0.4216,0.274629,0.0,1,0.0126405474,0.020587772709939764
AWIBAL_clean,4.9496,4.4506,4.9496,1.68807,1040.45,616.352,0.0,0.0,0.482,0.285533,0.0,1,0.0446126442,0.04205197558046703
AXAQAT_clean,3.7148,2.67421,3.70703,2.23963,0.0,0.0,62.5697,27.9375,0.4054,0.181012,0.0,1,0.0144005936,0.014804684352251365
AXUHEH_clean,7.21454,5.63203,7.19196,1.06453,1024.66,962.545,0.0,0.0,0.4958,0.465746,0.0,1,0.0588558022,0.06075297570289768
AZAFIS_clean,4.56554,4.01347,4.56554,1.5219,1198.03,787.192,0.0,0.0,0.5324,0.349826,0.0,1,0.0636038725,0.0566672467679557
AZAWAZ_clean,3.88927,2.89659,3.85613,2.7922,0.0,0.0,321.497,115.141,0.4724,0.169186,0.0,1,0.0196885072,0.021873317545269153
AZEWEH_clean,4.13891,3.52594,4.05476,2.44574,369.977,151.274,133.125,54.4315,0.4542,0.185711,0.0,1,0.0237129553,0.028319156778408044
AZILEA_clean,4.19485,2.70328,3.77354,1.78477,0.0,0.0,157.26,88.1122,0.4734,0.265244,0.0,1,0.0220745326,0.021075066694101016
BAFCAP_clean,5.02045,3.27172,4.77527,1.09251,0.0,0.0,729.312,667.559,0.5198,0.475787,0.0,1,0.0533638547,0.05637232619147644
BAHGUN04_clean,4.27373,3.28764,4.25925,1.48559,0.0,0.0,336.973,226.827,0.424,0.285408,0.0,1,0.0312498732,0.028820500805185792
BAKJEE_clean,6.44764,5.41267,6.44764,0.918977,2207.44,2402.06,0.0,0.0,0.6406,0.69708,0.0,1,0.1398131817,0.13455592606330033
BAKJII_clean,6.19215,5.21845,6.19129,0.959339,2059.17,2146.44,0.0,0.0,0.6236,0.650031,0.0,0,0.1274745014,0.1276315189241818
BALMUW_clean,3.22163,2.73038,3.21802,3.31599,0.0,0.0,0.0,0.0,0.2458,0.0741257,0.0,0,0.0066779264,0.006185927468037422
BAMKIM_clean,6.79615,5.75134,6.79615,1.10764,1482.92,1338.8,0.0,0.0,0.5666,0.511536,0.0,1,0.0746055431,0.08849354873696093
BAMKOS_clean,6.76349,5.81846,6.76349,1.11335,1511.81,1357.89,0.0,0.0,0.5736,0.515203,0.0,1,0.0757239396,0.08998350972153729
BANMAG_clean,8.68497,7.44113,8.68497,1.37401,1122.97,817.297,0.0,0.0,0.5786,0.421103,0.0,1,0.0538382671,0.05896769394618823
BASJUB_clean,5.47244,4.59142,5.38091,1.03022,1558.36,1512.66,0.0,0.0,0.5602,0.54377,0.0,0,0.0896422554,0.09483479279775825
BASSUL_clean,4.06394,2.65439,4.06394,2.38455,0.0,0.0,124.01,52.0055,0.313,0.131262,0.0,1,0.0076289524,0.011398224088726747
BASTAS_clean,4.07475,2.66663,3.75664,2.3203,0.0,0.0,126.008,54.3067,0.3218,0.138689,0.0,1,0.0079354879,0.01122306168497643
BAXFIR01_clean,4.08461,3.48945,4.06863,1.30493,544.936,417.597,0.0,0.0,0.4766,0.36523,0.0,0,0.0460259496,0.03576672938012283
BAXFUD_clean,4.14435,3.36776,4.138,1.24657,540.704,433.752,0.0,0.0,0.5082,0.407677,0.0,0,0.0483102891,0.04364774820040003
BAZFUF01_clean,20.14565,8.54605,20.14565,0.342062,1831.33,5353.8,0.0,0.0,0.863,2.52293,0.0,1,0.5168790009,0.5224680591811374
BAZJIX_clean,8.75902,7.46421,8.75317,0.770453,2094.53,2718.57,0.0,0.0,0.676,0.877405,0.0,1,0.1799997647,0.1731529555886702
BEKZEX01_clean,3.65346,2.60027,3.65346,4.13281,0.0,0.0,43.1656,10.4446,0.2772,0.0670729,0.0,1,0.0047498204,0.005888012861763922
BENXUP_clean,4.10218,3.42336,4.09595,1.4733,653.043,443.252,0.0,0.0,0.4814,0.32675,0.0,1,0.0437215443,0.0421550585402378
BENZOL_clean,5.62502,3.68781,5.62502,1.15041,1146.89,996.943,0.0,0.0,0.4858,0.422284,0.0,1,0.0689398494,0.06610034516626084
BEPBAB_clean,5.3188,3.97632,5.3188,1.04154,1135.05,1089.78,0.0,0.0,0.473,0.454133,0.0,1,0.0744833224,0.06862542774512291
BEPNUH_clean,10.32563,10.2098,10.32563,1.16569,1103.61,946.742,0.0,0.0,0.6056,0.519521,0.0,0,0.07745904,0.07932500048079197
BEPVAV_clean,4.46396,3.25406,4.36439,1.36696,0.0,0.0,548.755,401.44,0.503,0.367969,0.0,1,0.025415338,0.044260205854080255
BETDEL_clean,6.19335,4.27368,6.19335,1.1646,2251.25,1933.07,0.0,0.0,0.6174,0.530141,0.0,1,0.1077387899,0.10466687113741398
BETDIP_clean,6.11094,3.88458,6.10684,1.1806,2108.93,1786.32,0.0,0.0,0.6132,0.519398,0.0,1,0.1036536948,0.10262987545301791
BETDUB_clean,6.03659,3.7841,6.03659,1.16905,1945.06,1663.8,0.0,0.0,0.6102,0.521964,0.0,1,0.1013128578,0.09707439193711119
BETGAK_clean,6.1095,4.21478,5.89063,1.06153,2331.97,2196.8,0.0,0.0,0.6284,0.591977,0.0,1,0.1154928794,0.11860495053852849
BETGOY_clean,15.16495,5.42937,15.16495,1.28137,1222.88,954.353,401.433,313.284,0.472,0.368356,0.11956,1,0.1088028562,0.10330813752222517
BETHEP_clean,15.93969,5.38602,15.93969,1.55026,1210.88,781.08,479.733,309.453,0.6876,0.443538,0.0,1,0.0912681857,0.11497345145638693
BETZOR_clean,7.75357,4.72091,7.64098,1.06732,1559.59,1461.22,0.0,0.0,0.5544,0.519432,0.0,1,0.091614151,0.09305244098941161
BEVRAW_clean,2.99235,2.76283,2.98977,1.62793,0.0,0.0,0.0,0.0,0.4482,0.275319,0.0,0,0.0220872818,0.015766701982036113
BEVWAB_clean,10.82145,10.4749,10.82145,1.13595,1606.82,1414.52,0.0,0.0,0.6172,0.543335,0.0,1,0.1104638985,0.1165905108608719
BEXSAA_clean,6.21678,4.72062,6.15067,0.992771,1456.96,1467.57,0.0,0.0,0.5884,0.592684,0.0,1,0.1008941304,0.09838472664911532
BEXSEE_clean,6.49176,4.26641,6.49176,1.04973,1376.89,1311.66,0.0,0.0,0.5628,0.536136,0.0,1,0.094807939,0.08420942287454969
BEYSEF_clean,5.61731,4.74798,5.61731,1.17978,1409.15,1194.41,0.0,0.0,0.5534,0.469069,0.0,0,0.0618507405,0.08141667299942483
BIBXIV_clean,18.4936,4.06846,18.4936,0.9977,1657.17,1660.99,0.0,0.0,0.7322,0.733888,0.0,0,0.1531659618,0.14304012143271574
BIMDEF_clean,4.67684,3.43732,4.67684,1.38964,1289.29,927.79,0.0,0.0,0.5428,0.390606,0.0,1,0.0631844099,0.06534435052763626
BIPLIX_clean,7.36646,5.75458,7.16866,1.07595,1632.15,1516.94,0.0,0.0,0.6014,0.558949,0.0,1,0.0920033997,0.10171345274424773
BIQVII_clean,5.22147,4.62031,5.22147,1.62242,863.635,532.315,0.0,0.0,0.4264,0.262818,0.0,1,0.038242334,0.03654314258718214
BIRLIZ_clean,4.9162,2.97273,4.90623,1.34988,0.0,0.0,674.416,499.612,0.4986,0.369366,0.0,1,0.0343733333,0.04639679014679259
BIRSEC_clean,6.48832,4.86094,6.48832,1.33798,1247.05,932.038,0.0,0.0,0.5134,0.383713,0.0,1,0.0603984497,0.06224307260234378
BIXXIR_clean,6.61997,3.93876,6.61997,3.35504,1248.51,372.13,0.0,0.0,0.4698,0.140028,0.0,1,0.0240004368,0.024634895104802754
BIYTOU_clean,7.95789,5.70379,7.949,1.02105,1875.01,1836.36,0.0,0.0,0.6212,0.608393,0.0,1,0.1235458196,0.11723340802553298
BIZMII_clean,8.09188,6.36998,8.09188,0.865187,2004.99,2317.41,0.0,0.0,0.6566,0.758911,0.0,0,0.1413781304,0.1446298427880222
BOCKOT_clean,4.81526,3.42101,4.526,1.37869,1402.34,1017.16,0.0,0.0,0.5962,0.43244,0.0,1,0.0703785878,0.0724762140068836
BOCTEU01_clean,3.96678,2.99779,3.96678,1.31889,0.0,0.0,525.218,398.229,0.5458,0.413834,0.0,0,0.0364861575,0.0513483697236394
BOCTOE03_clean,4.3221,2.79678,4.3221,1.22701,0.0,0.0,721.68,588.163,0.5734,0.467316,0.0,0,0.0437993115,0.05488662561128796
BOHGOU_clean,3.21949,2.72507,3.21949,1.45797,0.0,0.0,0.0,0.0,0.4566,0.313175,0.0,1,0.0251395062,0.01855762998633101
BOHJOZ_auto,7.4485,3.57263,7.4485,1.57117,1415.9,901.179,0.0,0.0,0.557,0.354513,0.000254588,0,0.0577710536,0.06410584864565946
BOJYIK_clean,4.83494,2.79192,4.83275,1.61681,0.0,0.0,703.479,435.104,0.5008,0.309746,0.0,1,0.047243344,0.039975403339748784
BONWIL_clean,3.70731,2.93141,3.70731,1.7315,0.0,0.0,114.744,66.2687,0.3752,0.216691,0.0,0,0.0099153186,0.016291432573269427
BOPHIZ_clean,6.90751,5.24121,6.77761,1.23618,1521.62,1230.9,0.0,0.0,0.572,0.462715,0.0,1,0.0854292455,0.08367049310995478
BOPWIO_clean,3.67778,2.91901,3.67248,1.97045,0.0,0.0,32.7909,16.6414,0.3624,0.183918,0.0,1,0.0096895635,0.01225404203500427
BOQYUD_clean,3.46694,2.90192,3.46694,2.93039,0.0,0.0,4.4174,1.50744,0.2296,0.0783513,0.0,0,0.0095328803,0.007776944029537269
BOTLED_clean,3.31756,2.88638,3.25402,2.91906,0.0,0.0,0.0,0.0,0.3234,0.110789,0.0,0,0.0064409009,0.00753104965621397
BOVHEB_clean,5.76843,4.22597,5.76235,1.21128,1167.42,963.79,0.0,0.0,0.531,0.43838,0.0,1,0.0758976813,0.06573766943354066
BOWNUY_clean,15.52711,9.99848,15.50545,0.770284,1323.45,1718.13,449.917,584.092,0.7344,0.953414,0.0,1,0.1977969611,0.2030947554599729
BOWZUK_clean,8.36121,7.81351,8.30025,0.894084,1398.32,1563.97,0.0,0.0,0.6136,0.686289,0.0,1,0.1048437112,0.1118817870335663
BOXYIY_clean,4.39053,3.85775,4.38747,1.58321,405.121,255.886,388.713,245.521,0.5092,0.321625,0.0,0,0.044099784,0.04301199314168995
BOYYOF_clean,9.47252,6.48081,9.47252,1.142,1531.96,1341.47,0.0,0.0,0.5924,0.518737,0.0,1,0.0842639787,0.09613638822672262
BOZFON_clean,6.15469,4.01567,6.15002,1.24414,1139.51,915.903,0.0,0.0,0.502,0.403491,0.0,1,0.0575281405,0.061120282766892575
BUBQOE_clean,4.52128,3.65213,4.52128,2.72539,937.142,343.857,0.0,0.0,0.5338,0.195862,0.0,1,0.0296498939,0.03213233878052195
BUGSEC_clean,4.72085,4.19082,4.71595,1.60879,1101.18,684.479,0.0,0.0,0.538,0.334413,0.0,1,0.0384711405,0.048482533890258785
BUGSIG_clean,4.72751,4.18275,4.72118,1.638,1097.7,670.147,0.0,0.0,0.5356,0.326984,0.0,1,0.0387334797,0.046759849849845936
BUKRUW02_clean,10.18784,5.8011,10.17435,0.90051,2432.65,2701.41,0.0,0.0,0.7394,0.821091,0.0,1,0.162778513,0.17337580860816368
BUKRUW03_clean,10.56885,5.12331,10.56885,0.827757,2720.18,3286.2,0.0,0.0,0.764,0.922976,0.0,1,0.1725343347,0.2001701899760949
BULBER_clean,7.8305,4.27284,7.79516,1.49467,1437.06,961.456,0.0,0.0,0.5544,0.370918,0.0,1,0.0641154699,0.06634662463653682
BUNKUS_clean,39.11063,37.47642,39.11063,0.375289,1307.21,3483.2,0.0,0.0,0.8658,2.30702,0.0,1,0.4625809717,0.4757108112967131
BURJOO_clean,5.25312,4.62411,5.25312,1.36621,795.034,581.927,0.0,0.0,0.4348,0.318253,0.0,0,0.0377891051,0.037046170444167574
BUVWOF03_clean,7.08217,5.70931,7.08217,1.19421,800.187,670.058,0.0,0.0,0.4798,0.401773,0.0,0,0.0425143401,0.04669514230821249
BUVYEX_clean,7.01349,5.55881,7.01349,1.21167,786.339,648.971,0.0,0.0,0.4712,0.388885,0.0,0,0.04186889,0.04146874399405414
BUVYIB_clean,10.88811,8.55613,10.38381,0.702067,2220.12,3162.26,0.0,0.0,0.6958,0.991073,0.0,0,0.1903258813,0.200218361258105
BUWMEN_clean,5.23161,3.83405,5.2282,1.19035,2065.33,1735.06,0.0,0.0,0.6496,0.545721,0.0,1,0.0962825714,0.09649068562135393
BUXZAX_clean,33.37685,31.81617,33.36969,0.55548,1448.92,2608.41,0.0,0.0,0.8332,1.49996,0.000360049,1,0.3094605609,0.3198075117084406
c5cc09432a_c5cc09432a2_clean,7.04652,4.99124,7.03394,1.10591,1252.19,1132.28,0.0,0.0,0.53,0.479244,0.0,1,0.0793976595,0.07544731525662407
c5ce00010f_c5ce00010f2_clean,6.25876,3.82372,5.50534,1.19183,724.15,607.595,429.773,360.599,0.5406,0.453588,0.0,1,0.0523192246,0.07515708702761026
c5ce02194d_c5ce02194d2_clean,6.92785,5.95944,6.79754,0.95198,1569.85,1649.04,0.0,0.0,0.5884,0.61808,0.0,1,0.1039764086,0.10859984489972475
c5nj02634b_c5nj02634b2_clean,6.56089,5.15548,6.36711,0.972386,1739.81,1789.21,0.0,0.0,0.6012,0.618273,0.0,1,0.1082877795,0.11198002992473888
c6cc00862c_c6cc00862c2_clean,8.00553,6.19741,8.00553,0.932782,1633.12,1750.81,0.0,0.0,0.6212,0.665964,0.0,1,0.1248931817,0.117524601069492
c6cc02494g_c6cc02494g4_clean,11.99779,10.81941,11.9905,1.02929,1587.08,1541.92,0.0,0.0,0.6598,0.641025,0.0,1,0.1375644716,0.12721616148936854
c6cc02494g_c6cc02494g5_clean,11.54428,10.77033,11.54428,1.02257,1607.9,1572.4,0.0,0.0,0.664,0.649342,0.0,1,0.1432553831,0.12650091091095522
c6cc02494g_c6cc02494g6_clean,11.73822,10.49789,11.73822,1.02922,1570.21,1525.64,0.0,0.0,0.6512,0.632715,0.0,1,0.1313081601,0.1252010849412842
c6ce00407e_c6ce00407e8_clean,6.42415,4.65473,6.4148,0.850252,2400.69,2823.5,0.0,0.0,0.6736,0.792235,0.0,1,0.1561605052,0.15440619914349157
CABJOH_clean,4.53725,3.92462,4.47478,1.06179,1786.16,1682.21,0.0,0.0,0.5552,0.522889,0.0,1,0.1003830589,0.09453374329525382
CADPII_clean,5.83331,5.05627,5.83331,2.03698,286.725,140.76,0.0,0.0,0.351,0.172314,0.0,1,0.0135211197,0.015624853865629437
CADQAB_clean,6.63883,4.78268,6.63883,1.11548,2206.23,1977.84,0.0,0.0,0.6348,0.569083,0.0,1,0.1179054396,0.11237082096606671
CADQOP_clean,6.71582,4.81933,6.71582,1.09675,2218.01,2022.35,0.0,0.0,0.6388,0.58245,0.0,1,0.1188233741,0.1163614416062782
CAGXIU_clean,5.87273,4.76439,5.85793,1.68022,875.321,520.957,0.0,0.0,0.4288,0.255205,0.0,0,0.042936013,0.036449140398217734
CAHNEF_clean,4.2178,3.08502,4.13445,2.33657,0.0,0.0,220.937,94.5562,0.3872,0.165713,0.0,1,0.0132313068,0.018502133305616064
CAHQOS_clean,5.19236,3.17969,5.19236,1.93707,0.0,0.0,772.568,398.833,0.4076,0.210421,0.0,0,0.0375771291,0.03881591790672854
CAJBUN_clean,4.98227,2.94215,4.98227,1.57401,0.0,0.0,346.026,219.838,0.4058,0.257813,0.0,1,0.042573139,0.023008857468774194
CAKFEB_clean,3.65255,2.91792,3.64481,1.9175,0.0,0.0,43.5525,22.7131,0.3714,0.193689,0.0,1,0.0104999483,0.013590530202192058
CAKXOD_clean,4.11875,2.79775,4.11072,2.00641,0.0,0.0,229.103,114.185,0.4716,0.235046,0.0,1,0.0289614177,0.02216226093293193
CAKYAQ_clean,4.08997,2.78322,4.0162,2.04806,0.0,0.0,223.636,109.194,0.4694,0.229193,0.0,1,0.0276253913,0.021972443736614167
CANRIU_clean,6.98874,4.43531,6.97328,0.861557,1846.01,2142.64,0.0,0.0,0.6044,0.70152,0.0,1,0.1226147178,0.12191581433687522
CANRUG_clean,6.57321,4.9271,6.57235,0.884567,1797.13,2031.65,0.0,0.0,0.588,0.664732,0.0,1,0.1179755108,0.11818973849529348
CAPLOX_clean,6.59085,5.37966,6.59085,1.11008,2109.4,1900.22,0.0,0.0,0.6376,0.574371,0.0,1,0.1176966367,0.11164595602452304
CAVMOD_clean,10.28847,9.36955,10.28847,0.959454,1312.84,1368.32,0.0,0.0,0.585,0.609722,0.0,1,0.1013373181,0.10255141760389863
CAVRAU_clean,8.06449,6.42877,8.06449,0.994088,1841.55,1852.5,0.0,0.0,0.6396,0.643404,0.0,1,0.1260137109,0.122092947094394
CAWDOU02_clean,6.97816,4.93144,6.97816,0.905214,1990.01,2198.39,0.0,0.0,0.6108,0.674758,0.0,1,0.1167172976,0.12737004448751582
CAWZUX_clean,4.75634,3.15287,4.48882,1.43304,0.0,0.0,332.848,232.267,0.4286,0.299084,0.0,1,0.0228560644,0.026852345684819104
CAXWAB_clean,11.47981,10.7455,11.47981,1.14506,1582.63,1382.13,0.0,0.0,0.6306,0.550713,0.0,1,0.1238655862,0.1200364903794029
CAXXEG_clean,6.07325,3.85926,6.03932,1.21319,1423.03,1172.97,0.0,0.0,0.5422,0.446922,0.0,0,0.0694992414,0.07974803445861053
CAXZUY_clean,9.32301,5.43687,8.01925,0.950981,1467.16,1542.78,0.0,0.0,0.579,0.608845,0.0,0,0.1149534611,0.1077094156288345
CAYSOK_clean,7.10061,5.08651,7.10061,1.15597,734.4,635.313,0.0,0.0,0.476,0.411777,0.0,0,0.037480323,0.042645461510854805
CAZFOA_clean,3.89004,2.95907,3.88208,1.31123,0.0,0.0,220.491,168.155,0.4452,0.339528,0.0,1,0.0340322884,0.0331765309060539
CDLGLU01_clean,3.41972,2.80899,3.41954,1.89224,0.0,0.0,16.5566,8.74975,0.44,0.232529,0.0,1,0.0133616957,0.016027829448237135
CDLGLU10_clean,3.40131,2.76994,3.35047,1.87407,0.0,0.0,10.2159,5.45116,0.4344,0.231795,0.0,1,0.0127185546,0.014594970487447026
CDLGLU12_clean,3.40713,2.85499,3.3244,1.88548,0.0,0.0,14.1978,7.53009,0.4614,0.244713,0.0,1,0.0137230413,0.016849012548822623
CEGWER_clean,4.43901,3.87534,4.42525,1.46079,690.461,472.661,0.0,0.0,0.4246,0.290664,0.0,1,0.0401280647,0.035165492436950885
CEHLAD_clean,10.21413,5.8901,10.08749,0.853623,2217.93,2598.26,0.0,0.0,0.735,0.861036,0.0,1,0.1731367788,0.1775848562701521
CEHWIX_clean,3.77572,3.29583,3.77572,1.55337,0.0,0.0,294.827,189.798,0.4734,0.304757,0.0,1,0.0369542191,0.031350991038070514
CEKROB_clean,5.35179,3.54558,5.35179,1.20403,773.46,642.39,0.0,0.0,0.4936,0.409955,0.0,0,0.0471479409,0.048279348876756605
CEMYUQ_clean,6.77494,3.84893,6.77491,1.21968,1760.79,1443.65,0.0,0.0,0.6118,0.501606,0.0,1,0.1071199236,0.09222928162097907
CESYEF01_clean,3.18076,2.7668,3.18076,2.28452,0.0,0.0,0.0,0.0,0.3324,0.145501,0.0,1,0.0051252194,0.007230201014511176
CETHEQ_clean,9.71439,7.35018,9.71439,1.06464,1786.46,1678.0,0.0,0.0,0.68,0.638714,0.0,1,0.1015239174,0.11781487432836836
CETJAN_clean_h,5.90298,3.79569,5.88477,1.04758,1099.93,1049.97,0.0,0.0,0.521,0.497338,0.0,0,0.0655102411,0.07205623404881667
CEXHOD_clean,6.20263,3.99405,6.1987,0.988457,1905.85,1928.11,0.0,0.0,0.5896,0.596485,0.0,1,0.0945007465,0.10914997825772177
cg060732osi20070605_042406_clean,6.23351,5.51273,6.19042,0.921282,2509.58,2724.01,0.0,0.0,0.696,0.755469,0.0,0,0.18040421,0.16058958683207386
cg0702636-file001_clean,4.28619,2.95991,4.28619,1.71071,0.0,0.0,554.044,323.869,0.4834,0.282573,0.0,0,0.0468493068,0.03884363512404444
cg0702636-file002_clean,4.27325,2.94575,4.26862,1.71371,0.0,0.0,573.164,334.457,0.4894,0.285579,0.0,0,0.0465123939,0.03948538984021427
cg301725z_si_004_clean,4.69664,4.11195,4.68637,1.09749,1702.36,1551.13,0.0,0.0,0.5844,0.532487,0.0,0,0.1035605245,0.09294453149270748
cg501141m_si_002_clean,7.16379,4.82619,7.11311,0.994067,1469.53,1478.3,195.255,196.42,0.5926,0.596137,0.0,1,0.1098977348,0.1088805794747785
cg501231v_si_001_clean,17.06774,7.18297,17.06774,0.779609,1749.67,2244.29,0.0,0.0,0.6902,0.885316,0.0,0,0.1599782132,0.17321612220128965
cg900505v_si_004_clean,4.31103,2.79095,4.31103,2.33143,0.0,0.0,50.8886,21.8272,0.3494,0.149865,0.0,0,0.0037604473,0.012989655517085294
cg901128k_si_004_clean,5.1054,4.19275,5.1054,1.86722,389.052,208.359,0.0,0.0,0.4158,0.222684,0.0,0,0.0164158345,0.01954775463046786
CIFDUS_clean,6.0819,4.13005,6.0819,0.982136,1846.77,1880.36,0.0,0.0,0.6008,0.611728,0.0,1,0.1145502192,0.10894721382985564
CIFLUA_clean,9.37773,7.98095,9.37773,0.746179,1903.8,2551.39,0.0,0.0,0.6868,0.920422,0.0,1,0.188401874,0.1701110956100949
CIFMAH_clean,10.24439,9.01949,10.24042,0.733938,2150.52,2930.12,0.0,0.0,0.6824,0.929779,0.0,1,0.1864479124,0.18576389395859788
CIFMIP_clean,7.90061,6.44934,7.90061,1.08801,1993.5,1832.24,0.0,0.0,0.6246,0.574075,0.0,1,0.1126141748,0.1128233481298575
CIGFEF_clean,5.08065,3.70225,5.00391,1.56415,1026.35,656.171,0.0,0.0,0.547,0.349712,0.0,1,0.055572919,0.04727225305903757
CIRTUU_clean,15.60203,7.15132,15.60203,0.583758,2414.48,4136.1,0.0,0.0,0.7788,1.33412,0.0,1,0.2841386845,0.27788895572243866
CIWYUD_clean,7.106,4.57125,7.10384,1.41213,1333.92,944.617,0.0,0.0,0.5334,0.377728,0.0,1,0.0662469027,0.06454888936618959
CIZLEE_clean,3.35055,2.73009,3.34297,2.78994,0.0,0.0,0.315034,0.112918,0.3162,0.113336,0.0,1,0.0048861846,0.008360509350815101
CIZPOS_clean,10.90949,3.96313,10.90949,0.997777,2106.31,2111.0,0.0,0.0,0.6492,0.650646,0.0,1,0.1381849939,0.13906671985111974
cm202876r_si_002_clean,4.47913,3.53194,4.47073,1.51151,750.121,496.273,0.0,0.0,0.4498,0.297584,0.0,1,0.0490705291,0.04074192935724883
cm503311x_alf100K_clean,7.0434,6.64625,7.0434,0.965639,1593.91,1650.63,0.0,0.0,0.608,0.629635,0.0,0,0.1164871907,0.11756162552494417
cm503311x_alf200K_clean,7.35028,7.12879,7.35028,0.963076,1569.66,1629.84,0.0,0.0,0.6114,0.634841,0.0,0,0.1183575695,0.11760303583181345
cm503311x_alf350K_clean,7.39937,7.12527,7.39534,0.965163,1550.6,1606.57,0.0,0.0,0.6104,0.632432,0.0,0,0.113971784,0.11627208821936176
cm503311x_alf400K_clean,7.38658,7.1188,7.38658,0.965403,1554.96,1610.69,0.0,0.0,0.6116,0.633518,0.0,0,0.1153912499,0.11634403187978501
cm503311x_alf40K_clean,7.05984,6.6215,7.05984,0.967154,1574.94,1628.43,0.0,0.0,0.6042,0.62472,0.0,0,0.1161313132,0.11621620888813104
cm503311x_aloh300K_clean,7.16075,6.82592,7.16075,0.948967,1591.48,1677.07,0.0,0.0,0.6092,0.641961,0.0,0,0.1199886023,0.11884824007714948
cm503311x_F-mil-53-Al-lp-ortho_clean,7.02034,6.52714,7.01966,0.96948,1649.91,1701.85,0.0,0.0,0.609,0.628172,0.0,0,0.118147504,0.11647623693561832
cm901983a_si_001_clean,27.79726,11.16103,27.79599,0.630774,1349.52,2139.47,28.0221,44.4249,0.749,1.18743,0.0,1,0.2455017393,0.2414864731031556
COCMOY_clean,15.71318,6.14739,15.71318,0.538882,2078.74,3857.5,0.0,0.0,0.7762,1.44039,0.0,1,0.2918147684,0.291017434226568
COCNAL_clean,10.84171,6.54754,10.84171,0.653951,2390.98,3656.2,0.0,0.0,0.7696,1.17685,0.0,1,0.2352606494,0.2442020028286302
CODFEH_clean,3.78989,3.49285,3.78989,1.48867,302.667,203.313,0.0,0.0,0.4624,0.310612,0.0,1,0.0324570869,0.02788635630543089
CODGAE_clean,6.89729,3.09833,6.89729,1.45089,0.0,0.0,1358.22,936.134,0.558,0.384592,0.0,0,0.0741140719,0.06952130082512607
CODKOX_clean,3.29786,2.69845,3.29021,1.95495,0.0,0.0,0.0,0.0,0.3566,0.182408,0.0,1,0.0101010438,0.009194312130569496
CODNAM_clean,4.57469,3.97634,4.52445,1.63521,1494.85,914.162,0.0,0.0,0.5962,0.364602,0.0,0,0.0636599455,0.06576999700138103
CODQUJ_clean,3.31151,2.69287,3.29637,1.90776,0.0,0.0,0.0,0.0,0.3496,0.183252,0.0,0,0.0101273122,0.008501207136633493
CODRUJ_clean,4.3292,3.79384,4.32865,1.92319,755.058,392.607,0.0,0.0,0.4878,0.253641,0.0,1,0.0353261423,0.037504216461407426
CODSOF_clean,4.21568,3.17481,4.20333,1.43721,0.0,0.0,244.606,170.194,0.4032,0.280543,0.0,1,0.0186643053,0.0253115773751571
COKMEW_clean,11.49614,10.90273,11.4945,1.13639,1559.35,1372.2,0.0,0.0,0.646,0.568466,0.0,1,0.1281268836,0.12550520180299132
COKNAT_clean,11.6018,10.75702,11.60156,1.22798,1610.43,1311.45,0.0,0.0,0.6686,0.544469,0.0,1,0.1208595827,0.11415025167719343
COKPEZ_clean,11.53314,10.69952,11.53296,0.910755,1588.72,1744.4,0.0,0.0,0.66,0.724674,0.0,1,0.1632859487,0.13747767934329133
COMZAH_clean,5.00277,3.2825,4.99658,1.18624,0.0,0.0,514.906,434.065,0.4896,0.412732,0.0,0,0.040812824,0.04096863006401459
COQHUN_clean,7.65838,4.8543,7.65838,0.97068,1543.72,1590.34,0.0,0.0,0.5742,0.591544,0.0,1,0.0958410908,0.10549048015602708
COQNIF_clean,8.23055,5.78857,8.23055,1.332,1912.43,1435.75,0.0,0.0,0.608,0.456455,0.0,0,0.0932212662,0.09544369175211267
COQTEJ_clean,7.76168,6.6264,7.46116,0.69781,2656.93,3807.52,0.0,0.0,0.7034,1.00801,0.0,1,0.2180984246,0.20499583922109188
COTXEQ_clean,5.14726,4.24065,5.13338,1.08125,1135.23,1049.92,0.0,0.0,0.5266,0.487029,0.0,0,0.0708211657,0.07014680950957802
COTXIU_clean,5.20924,4.31105,5.19843,1.08343,1119.32,1033.13,0.0,0.0,0.5218,0.481618,0.0,0,0.0700270535,0.06901506873868564
COTXOA_clean,5.06649,4.15335,5.05658,1.08454,1114.76,1027.86,0.0,0.0,0.52,0.479465,0.0,0,0.0693273952,0.0694353165207626
COVPAG_clean,5.03463,4.22302,4.98223,1.34292,669.782,498.75,0.0,0.0,0.3872,0.288327,0.0,1,0.0534666714,0.03301275835606899
COWMAD_clean,6.73617,5.57745,6.73408,1.22293,2145.79,1754.63,0.0,0.0,0.651,0.532328,0.0,1,0.0995663075,0.10553154140634541
COWMEH_clean,6.75649,5.53249,6.75411,1.20645,2145.39,1778.27,0.0,0.0,0.6618,0.548553,0.0,1,0.1002408777,0.10501173955657968
COWXOC_clean,5.83443,2.91199,5.76943,1.28374,0.0,0.0,783.736,610.511,0.5028,0.391668,0.0,1,0.0407891594,0.05214602724442457
COXCUP_clean,3.9076,3.17345,3.89241,1.94492,0.0,0.0,157.272,80.8632,0.4104,0.211012,0.0,1,0.010406787,0.018016147305704264
COXHED_clean,8.70899,8.38156,8.70899,0.6876,2308.5,3357.33,0.0,0.0,0.7964,1.15823,0.0,0,0.2255809442,0.2327330735182879
COXHIH_clean,8.57279,8.24745,8.57279,0.705939,2310.51,3272.96,0.0,0.0,0.7916,1.12134,0.0,0,0.2192122706,0.22650976398702233
COYCEZ_clean,6.30223,4.25857,6.12676,1.16488,1753.9,1505.65,0.0,0.0,0.5836,0.500994,0.0,1,0.0829811783,0.0931363337388228
COYTEQ_clean,3.8382,3.37897,3.83551,1.78776,534.075,298.739,0.0,0.0,0.4242,0.23728,0.0,1,0.0450794033,0.03032889188150751
CUCTAX_clean,4.38086,4.0721,4.38086,1.35437,330.655,244.139,49.7338,36.721,0.4262,0.314685,0.0,0,0.0278013317,0.027829496679118312
CUGLTM01_clean,3.16369,2.6439,3.1585,1.68446,0.0,0.0,0.0,0.0,0.4164,0.247201,0.0,1,0.009804645,0.012098394284127054
CUGLTM_clean,3.17988,2.69075,3.17961,1.66914,0.0,0.0,0.0,0.0,0.4158,0.24911,0.0,1,0.0095616922,0.01231814426201465
CUKZOY_clean,4.8322,4.10064,4.8322,1.27011,1172.94,923.5,0.0,0.0,0.5356,0.421697,0.0,1,0.0500496857,0.0629287608439427
CUMDEU_clean,5.19472,4.72553,5.19472,1.64523,654.329,397.714,0.0,0.0,0.462,0.280812,0.0,0,0.0252618759,0.02924663506098621
CUMDUK_clean,6.0834,3.52201,5.92291,1.54452,1012.49,655.538,0.0,0.0,0.489,0.316603,0.0,1,0.0441593031,0.046912042333252316
CUMLUT_clean,5.66406,3.97439,5.65405,1.2172,2284.73,1877.03,0.0,0.0,0.6392,0.525138,0.0,1,0.1075065296,0.10109260930980668
CUNFOH01_clean,8.64942,5.76711,8.00067,1.65261,1750.49,1059.23,0.0,0.0,0.639,0.38666,0.0,1,0.0587900215,0.07049555048253661
CUNFOH_clean,9.05758,5.6508,9.05758,1.63668,1779.69,1087.38,0.0,0.0,0.6298,0.384804,0.0,1,0.0608366172,0.07262809601998593
CUNWEO_clean,7.09668,6.48549,7.07965,1.23144,1193.32,969.043,0.0,0.0,0.53,0.430389,0.0,0,0.0713571376,0.07223540506757103
CUQROX_clean,5.44132,4.56825,5.41816,1.11997,1366.06,1219.73,0.0,0.0,0.5636,0.503227,0.0,0,0.0752578323,0.08122021917040774
CUQSAK_clean,18.30047,4.50008,17.86541,0.672661,1852.6,2754.14,0.138515,0.205922,0.7088,1.05373,0.0,1,0.1874103646,0.20995940381113304
CUQXUI_clean,8.23055,4.00763,8.23055,0.791399,1552.16,1961.29,0.863838,1.09153,0.6424,0.811727,0.0,1,0.1161362329,0.1307983102405948
CURBOH_clean,9.52504,4.72038,9.52504,1.26402,1793.73,1419.06,0.0,0.0,0.654,0.517396,0.0,0,0.0904037948,0.0946029902318293
CURQEN_clean,5.22355,3.40082,5.03486,1.27256,737.628,579.643,0.0,0.0,0.5026,0.394953,0.0,1,0.0497514527,0.04784194182972103
CURYOE01_clean,11.02009,9.16908,10.48925,1.0226,1239.44,1212.05,0.0,0.0,0.5864,0.57344,0.0,0,0.1030320963,0.0952153738697163
CUSYAR_clean,28.01343,12.17996,27.60124,0.247232,1408.41,5696.7,0.0,0.0,0.9076,3.67105,0.0,0,0.7419804861,0.7249736727863696
CUSYIA_clean,5.815,4.76876,5.815,0.737304,2684.86,3641.46,0.0,0.0,0.6944,0.941809,0.0,0,0.1876341516,0.17087736679773777
CUVGIK_clean,6.25146,5.06086,6.0647,1.02515,1494.68,1458.01,0.0,0.0,0.5362,0.523046,0.0,0,0.1001920761,0.09414780849299216
CUVXAT_clean,6.50652,4.77619,6.38844,1.06179,1622.41,1527.99,0.0,0.0,0.5708,0.537581,0.0,0,0.0907996104,0.09690818836071151
CUWVAT_clean,6.58776,4.88581,6.58776,1.3301,1313.65,987.633,75.7547,56.9541,0.5658,0.425382,0.0,1,0.0794172318,0.07166240608926655
CUWVEX_clean,4.57028,3.39691,4.56838,1.52621,899.509,589.372,0.0,0.0,0.4664,0.305593,0.0,1,0.0491895517,0.04708214715639792
CUWWEY_clean,6.3126,4.22285,6.24291,1.35207,1327.35,981.718,0.0,0.0,0.5216,0.38578,0.0,0,0.063065733,0.06957050273347265
CUWXID_clean,6.81153,5.91204,6.80774,1.05332,2229.66,2116.79,0.0,0.0,0.6498,0.616908,0.0,1,0.1274231064,0.12255697227603798
CUWZAX_clean,6.33115,4.3932,6.33115,1.11728,2292.11,2051.51,0.0,0.0,0.638,0.571029,0.0,1,0.1140018928,0.11534483688621795
CUXLEO_clean,4.56916,3.40748,4.56916,1.05387,1849.74,1755.19,0.0,0.0,0.6276,0.59552,0.0,0,0.1114111198,0.10691673298296407
CUYHIO_clean,3.56239,3.14648,3.55286,1.31327,0.0,0.0,48.1467,36.6618,0.4416,0.336261,0.0,1,0.0179300721,0.02406575886787138
CUYWUP_clean,7.47672,4.58604,7.47672,0.942864,1947.64,2065.66,0.0,0.0,0.6222,0.659904,0.0,1,0.1252949577,0.12385597359595672
CUYYAX_clean,5.04944,3.83367,4.87007,1.16048,1383.0,1191.75,0.0,0.0,0.5718,0.492727,0.0,1,0.0803764304,0.07814437271901628
DABFIX_clean,5.93116,3.4012,5.93116,1.19033,685.642,576.011,28.078,23.5885,0.47,0.394849,0.0,1,0.0411980685,0.0466009447222225
DACXOV_clean,5.17401,3.25603,5.17401,1.44948,0.0,0.0,688.239,474.818,0.4494,0.310042,0.0,0,0.0402061857,0.039332588304677625
DADNUU_clean,4.77214,3.58642,4.71473,1.86251,1387.29,744.847,0.0,0.0,0.5582,0.299703,0.0,0,0.051989989,0.055255074968892905
DAFJOM_clean,8.83929,3.81491,8.83929,0.983115,1714.88,1744.33,0.0,0.0,0.601,0.611322,0.0,0,0.1292826479,0.11334035787514891
DAFSEL_clean,3.65039,3.25709,3.65039,1.69217,0.0,0.0,152.39,90.0561,0.4294,0.253757,0.0,1,0.0221576567,0.020112032483108527
DAFSOV_clean,3.83746,3.40945,3.83746,1.6077,380.608,236.741,0.0,0.0,0.4436,0.275923,0.0,1,0.0254407981,0.027177437374383134
DAFYAN_clean,9.66168,8.17907,9.66128,0.727331,2334.02,3209.02,0.0,0.0,0.7244,0.99597,0.0,1,0.2089980195,0.20035635982247313
DAFYER_clean,7.75718,2.92029,7.75718,1.30703,0.0,0.0,1228.65,940.03,0.5122,0.391881,0.0,0,0.0854102063,0.06588973257724161
DAGDUL_clean,5.27377,3.53794,5.26479,1.49897,1060.75,707.651,0.047289,0.0315476,0.5304,0.353842,0.0,1,0.0475726072,0.05101436025322649
DAGJED_clean,5.20512,3.82408,5.11079,1.13589,1063.56,936.32,0.0,0.0,0.5332,0.469412,0.0,1,0.0659792609,0.06298941828858351
DAKVIW_clean,10.56447,5.75649,10.52532,0.937929,2177.49,2321.59,0.0,0.0,0.7172,0.764663,0.0,1,0.157794083,0.15837944426726536
DAKVUI_clean,10.79495,6.61419,10.65384,0.825495,2120.6,2568.89,0.0,0.0,0.704,0.852822,0.0,1,0.1832439202,0.17632654004853512
DAKZUN_clean,8.9514,8.55667,8.9514,1.07791,1424.0,1321.08,0.0,0.0,0.6034,0.559789,0.0,1,0.0931926705,0.09578338538341616
DALSER_clean,4.08249,3.08769,4.08249,1.53283,0.0,0.0,554.74,361.906,0.5406,0.352681,0.0,0,0.055129961,0.04578897884680585
DALTAO_clean,5.94592,4.16513,5.91791,1.30338,1417.2,1087.33,0.0,0.0,0.5806,0.445458,0.0,1,0.0758939236,0.07355789549797291
DALVIY_clean,8.33476,5.09032,8.29465,1.08397,2205.78,2034.91,0.0,0.0,0.6634,0.612008,0.0,1,0.1162518427,0.12396006310316429
DAMZEZ_clean,5.14628,4.13045,5.14063,1.48117,701.768,473.794,0.0,0.0,0.4344,0.293282,0.0,0,0.032257294,0.03225873332964935
DANVAQ_clean,5.88569,2.76546,5.88569,1.5186,0.0,0.0,1050.31,691.629,0.552,0.363492,0.0,1,0.0559211603,0.05752839642939966
DAPXEZ_clean,4.82667,3.282,4.45515,2.24459,0.0,0.0,841.514,374.908,0.4866,0.216788,0.0,1,0.0399820332,0.0394311884273317
DARJOX_clean,4.96663,3.20989,4.95574,1.92117,0.0,0.0,871.941,453.859,0.487,0.253491,0.0,0,0.0460283579,0.045820030588119814
DATPIY_clean,5.0065,3.44702,5.0065,2.43277,611.699,251.441,0.0,0.0,0.401,0.164832,0.0,1,0.0217558139,0.02399709447205728
DAWBOU_clean,5.38914,4.65491,5.38091,1.40413,956.091,680.914,0.0,0.0,0.473,0.336864,0.0,0,0.0461206318,0.046429490662537605
DAWDAI_clean,5.05189,3.47503,5.00056,1.41655,729.858,515.235,3.30907,2.336,0.487,0.343792,0.0,0,0.0414933854,0.04457923107400659
DAXJET01_clean,3.49947,3.24056,3.47991,1.38026,0.0,0.0,19.4899,14.1204,0.493,0.357179,0.0,0,0.0189279562,0.028656414931829827
DEBGIA_clean,4.22344,3.46939,4.21901,1.31115,709.801,541.36,0.0,0.0,0.5062,0.386075,0.0,1,0.0436492771,0.04718460653469602
DEKHEH_clean,5.43686,4.14383,5.43686,1.07065,1502.42,1403.28,0.0,0.0,0.5314,0.496335,0.0,0,0.0747444416,0.08428457690469254
DEKHUX_clean,6.73498,5.41814,6.73498,1.052,1333.52,1267.6,0.0,0.0,0.5288,0.50266,0.0,0,0.0901063205,0.08175348766306778
DELGEI_manual,11.23796,5.9406,11.23796,0.599562,2425.76,4045.89,0.0,0.0,0.7354,1.22656,0.0,1,0.232196333,0.25849711371436745
DEPTOH_clean,5.8241,3.64846,5.79204,2.13649,1058.19,495.294,0.0,0.0,0.4966,0.232438,0.0,0,0.0635848751,0.05224014133809354
DEPXIG_clean,5.45833,4.42032,5.43874,1.21453,1418.68,1168.08,0.0,0.0,0.5298,0.436217,0.0,1,0.0838353223,0.07815610047835958
DEPXUS_clean,7.67266,3.27382,7.64984,1.3385,0.0,0.0,1488.34,1111.95,0.5644,0.421668,0.0,0,0.0738494353,0.07730854588845772
DEXZIR_clean,4.19955,3.09402,4.11824,2.25751,0.0,0.0,172.477,76.4015,0.419,0.185603,0.0,1,0.0132147421,0.01771202347224972
DEZCER_clean,4.88214,3.3147,4.85946,0.940405,1038.64,1104.46,20.1438,21.4203,0.5742,0.610588,0.0,1,0.0867320805,0.07860381508764529
DIBJIJ_clean,6.10817,4.16928,5.9554,1.53541,899.273,585.691,0.0598489,0.0389792,0.5054,0.329164,0.0,1,0.0432579984,0.04414005169824617
DIBWUH_clean,4.03722,2.63218,4.03037,1.44455,0.0,0.0,359.694,249.001,0.5128,0.35499,0.0,1,0.0272773232,0.03660343716571173
DIHVIB01_clean,13.18363,6.64307,13.17065,0.881735,2096.71,2377.93,0.0,0.0,0.7124,0.807952,0.0,1,0.1718552422,0.17076183564754074
DIMJUG_clean,6.00113,3.19524,5.94268,1.89184,0.0,0.0,640.147,338.373,0.4348,0.229829,0.0,1,0.0303681102,0.03485071776232998
DIPMAS_clean,5.87796,4.78268,5.87796,1.71391,1532.86,894.368,0.0,0.0,0.5492,0.320438,0.0,1,0.0533473721,0.05365366646010563
DIRBIP_clean,4.8713,2.89563,4.84395,2.47822,0.0,0.0,661.907,267.089,0.4242,0.171171,0.0,1,0.0541267666,0.033798679826912856
DISSUU_clean,5.80103,3.27505,5.80103,1.8659,0.0,0.0,868.433,465.423,0.5386,0.288654,0.0,0,0.0415394096,0.048250706673190834
DITJIB_clean,20.3631,9.01147,20.3631,0.521418,1774.76,3403.71,0.0,0.0,0.8332,1.59795,0.0,1,0.3260851157,0.334685088240856
DITSIK_clean,4.54299,3.27099,4.54088,1.9661,0.0,0.0,578.836,294.408,0.4972,0.252886,0.0,1,0.0283306538,0.0370784219893185
DIVMUR_clean,3.94175,3.3555,3.94175,2.26692,427.505,188.584,199.673,88.081,0.5082,0.224181,0.0,0,0.0316072208,0.03834199245001565
DIVSUY_clean,6.25148,4.17859,6.25148,1.23081,1945.11,1580.35,0.0,0.0,0.5978,0.485697,0.0,1,0.0981735673,0.09453578352283704
DIXKOL_clean,7.1658,4.7152,7.1658,1.41392,1322.21,935.139,0.0,0.0,0.5174,0.365933,0.0,1,0.0653069281,0.0626725882855231
DODMIT_clean,7.01246,4.52059,7.01246,1.55856,1353.3,868.3,0.0,0.0,0.5366,0.344293,0.0,1,0.0651545662,0.060434670185847125
DOJXOQ_clean,4.85133,2.87156,4.8303,1.65314,0.0,0.0,390.873,236.443,0.4226,0.255634,0.0,0,0.036942743,0.02552075855294092
DOJYAD_clean,4.74618,2.74064,4.72708,1.79401,0.0,0.0,361.117,201.29,0.4276,0.238348,0.0,0,0.0330318577,0.02391096527130064
DOLXOR01_clean,6.62435,5.36027,6.62435,1.08308,2578.79,2380.98,0.0,0.0,0.7368,0.68028,0.0,1,0.1044110893,0.12157128579120298
DOMFUI_clean,8.13637,5.96872,8.13476,1.18044,720.043,609.981,519.992,440.508,0.5282,0.447462,0.0,1,0.0818921548,0.07655642084101566
DOPHOH_clean,12.12577,5.64086,12.12577,0.985409,1409.44,1430.31,390.474,396.256,0.664,0.673832,0.0,1,0.131369347,0.14051732638113057
DOPJAV_clean,7.55824,6.21149,7.55824,1.32954,1214.76,913.669,0.0,0.0,0.54,0.406156,0.0,1,0.059076721,0.06407060569744283
DOQHIB_clean,3.51583,3.11145,3.49331,2.37147,0.0,0.0,53.0867,22.3856,0.3918,0.165214,0.0,1,0.0213936723,0.013432560311419497
DOQHUN_clean,3.4932,3.06352,3.47156,2.45905,0.0,0.0,38.0853,15.4878,0.388,0.157785,0.0,1,0.0198716359,0.013085796851752388
DOQRUY_clean,4.87761,2.69307,4.44858,1.36131,0.0,0.0,508.568,373.586,0.4348,0.319397,0.0,1,0.0423807342,0.03201864718064664
DOYSIT_clean,5.27709,3.01376,5.27709,0.836624,0.0,0.0,1038.77,1241.62,0.559,0.668162,0.0,1,0.0836560089,0.09109448586302804
DUBBEI_clean,4.93494,3.49142,4.86694,2.00135,1263.38,631.266,0.0,0.0,0.5166,0.258126,0.0,0,0.0449948747,0.056502983153307214
DUDKEU_clean,5.16942,3.66649,5.16942,1.65561,855.86,516.946,0.0,0.0,0.4144,0.250301,0.0,1,0.029648198,0.03671326428973534
DUFKAS_clean,18.33861,11.31425,18.33733,0.529585,1559.27,2944.33,0.0,0.0,0.811,1.53139,0.0,1,0.3092236816,0.3111940623297026
DUFZOU_clean,7.15398,3.0854,7.15398,1.54167,0.0,0.0,621.227,402.958,0.4962,0.321859,0.0,1,0.0346779593,0.037056928344494755
DUHXIP_clean,5.38027,3.4809,5.34205,1.27884,677.396,529.696,4.06005,3.17479,0.4624,0.361578,0.0,1,0.0418057708,0.041464050255721634
DUKMON_clean,4.06904,2.70917,4.03702,1.26122,0.0,0.0,159.333,126.332,0.4276,0.339037,0.0,0,0.019364171,0.024946144356665936
DUMXEQ01_clean,4.78039,3.84263,4.78039,1.76597,828.843,469.341,0.0,0.0,0.4496,0.254591,0.0,0,0.0370642929,0.03576453954289166
DUNXUH01_clean,5.08043,3.95835,5.08043,1.20337,1874.89,1558.04,0.0,0.0,0.6064,0.503919,0.0,1,0.1023238707,0.09265994022683441
DUNXUH02_clean,5.05926,3.9622,4.49661,1.21011,1835.42,1516.73,0.0,0.0,0.6046,0.499624,0.0,1,0.1014686963,0.09298559433206233
DUNXUH03_clean,4.97891,3.78832,4.59863,1.23681,1734.27,1402.21,0.0,0.0,0.5936,0.479945,0.0,1,0.0974808829,0.08277443347421495
DUPKAC_clean,11.8886,6.57125,10.69212,0.647287,2123.23,3280.21,0.0,0.0,0.7376,1.13953,0.0,1,0.2382159096,0.22919030447899955
DUTKAG_clean,6.82996,5.62808,6.81318,0.906851,2249.11,2480.13,0.0,0.0,0.6722,0.741246,0.0,1,0.1422741232,0.14592782634057708
DUWBEE_clean,7.4726,6.03228,7.03921,0.972318,2397.88,2466.15,0.0,0.0,0.7166,0.737002,0.0,1,0.1575507507,0.14787086574204134
DUWFAE_clean,3.76592,2.87653,3.75105,1.62651,0.0,0.0,73.6792,45.2988,0.4074,0.250474,0.0,1,0.017143267,0.016776902928138743
DUWFOS_clean,4.7722,3.99598,4.7722,1.5688,655.828,418.043,0.0,0.0,0.462,0.294492,0.0,0,0.0319230262,0.0314402405006723
DUWROE_clean,4.35263,3.47485,4.33203,1.3646,1032.9,756.92,0.0,0.0,0.5148,0.377252,0.0,0,0.0608641959,0.060184516586609976
DUXKEN_clean,5.19652,2.66706,3.97094,1.45864,0.0,0.0,298.057,204.339,0.4356,0.298635,0.0,1,0.0271794139,0.024728121697306565
DUXKUD_clean,7.67361,6.90082,7.6375,1.23834,1391.29,1123.51,0.0,0.0,0.5864,0.473535,0.0,1,0.0716396079,0.08210855226869088
DUXMAL_clean,4.53313,3.88732,4.40894,1.15892,1217.93,1050.91,0.0,0.0,0.5062,0.436785,0.0,1,0.0807842158,0.07191340595082146
DUYVEA_clean,4.52649,3.62009,4.52649,1.39154,383.437,275.549,0.0,0.0,0.4574,0.328701,0.0,1,0.0220614205,0.02922925365419854
EBATUY_clean,5.89375,3.67074,5.89375,1.25605,1195.64,951.909,0.0,0.0,0.5408,0.430557,0.0,0,0.0640999452,0.06923433384002692
EBELUU_clean,5.06354,4.01259,5.06354,1.09045,1520.09,1394.01,0.0,0.0,0.5732,0.525654,0.0,1,0.0902997902,0.08535151054172155
EBEXAM_clean,7.13111,6.78821,7.13111,1.50724,1561.7,1036.13,0.0,0.0,0.5636,0.373929,0.0,0,0.0789549955,0.08107827598548564
EBEXEQ_clean,7.05454,6.70514,7.05454,1.61812,1500.38,927.234,0.0,0.0,0.5486,0.339035,0.0,1,0.0736966656,0.06551225455963186
EBEZUI_ion_b,4.71709,3.35366,4.70455,1.37981,581.461,421.405,0.464558,0.336682,0.5038,0.365121,0.0,1,0.039249946,0.038750161876932455
EBIDOK_ion_b,10.15108,7.28168,10.14731,0.88059,1949.39,2213.74,0.147124,0.167074,0.6452,0.732691,0.0,1,0.1236469939,0.14505256574772435
EBIHII_clean,6.77782,5.19916,6.76838,1.13174,1870.74,1652.98,0.0,0.0,0.589,0.520437,0.0,1,0.1070396645,0.0984749198929337
EBINUA02_clean,4.09342,2.9968,4.09342,1.0337,0.0,0.0,279.757,270.636,0.55,0.532068,0.0,1,0.0342630859,0.048494993814925905
EBINUA_clean,4.14048,3.02919,4.14048,1.02004,0.0,0.0,302.486,296.544,0.5614,0.550372,0.0,1,0.0357523809,0.04958216794006281
EBOBIJ_clean,6.08923,4.67292,6.06736,0.939565,1692.1,1800.94,0.0,0.0,0.6024,0.641148,0.0,0,0.1199213233,0.11044135698237184
EBOCOQ_clean,5.90692,5.38954,5.89965,0.987787,1345.25,1361.88,0.0,0.0,0.583,0.590208,0.0,1,0.0944614899,0.09173046514705137
ECAHEX_clean,6.93055,5.1748,6.93055,1.20906,867.96,717.883,0.0,0.0,0.4824,0.398989,0.0,0,0.045455737,0.04834382398737337
ECASAD_clean,4.09039,3.62411,4.09039,1.61904,470.381,290.531,0.0,0.0,0.4766,0.294372,0.0,0,0.0233854319,0.027081196948482128
ECEZAO01_clean,4.88805,4.01037,4.88805,1.43329,945.622,659.759,0.0,0.0,0.4914,0.342849,0.0,1,0.0422133563,0.04720033299262289
ECIWOC_clean,5.05411,4.785,5.05411,1.40153,572.024,408.141,0.0,0.0,0.4148,0.295961,0.0,1,0.032949751,0.029167338410258675
ECODIK_clean,4.79857,4.01377,4.75701,1.19981,1900.99,1584.41,0.0,0.0,0.5936,0.494745,0.0,1,0.088030479,0.09331883928876832
ECODOQ_clean,4.25807,3.05825,4.25807,2.18839,0.0,0.0,458.705,209.608,0.464,0.212028,0.0,0,0.0401820206,0.032631569265098866
ECOROD_clean,4.00683,3.00159,4.00105,1.54054,0.0,0.0,404.217,262.386,0.4398,0.285484,0.0,1,0.0357065873,0.03226038173223924
EDAGEX_clean,4.90414,3.69066,4.90414,1.79444,798.923,445.222,0.0,0.0,0.4496,0.250552,0.0,0,0.0303833907,0.035924840447156416
EDATOT_clean,9.62468,7.97439,9.62468,0.668028,2323.97,3478.84,0.0,0.0,0.7968,1.19276,0.0,0,0.2334307015,0.23814434606863677
EDAVOV_clean,5.43148,4.91725,5.43148,1.632,451.699,276.776,0.0,0.0,0.4036,0.247304,0.0,1,0.0175227364,0.021101934254785598
EDUSUR_clean,14.97276,6.60675,14.97057,0.720686,2039.23,2829.56,0.0,0.0,0.7584,1.05233,0.0,0,0.2144232146,0.215282450216972
EDUTIG_clean,15.04959,5.6073,15.03522,0.712902,1939.67,2720.81,0.0,0.0,0.7442,1.0439,0.0,0,0.2036006622,0.2123745002344018
EFEGOM_clean,6.13983,5.63757,6.13983,1.11988,1513.16,1351.17,0.0,0.0,0.5868,0.523983,0.0,0,0.0919971127,0.09189613484048553
EFOSUO_clean,5.23309,4.44144,5.224,2.23497,2650.04,1185.72,0.0,0.0,0.6472,0.289579,0.0,1,0.0525426523,0.05110782398042635
EGAFOJ_clean,5.4475,3.328,5.4475,1.44245,989.435,685.939,0.0,0.0,0.5174,0.358695,0.0,1,0.0522501261,0.051430510696856
EGAGEA_clean,5.34124,3.39236,5.33988,1.52814,999.384,653.988,0.0,0.0,0.5156,0.337404,0.0,1,0.0492389112,0.050378024936571404
EGATIQ_clean,10.61507,9.35673,10.60597,0.815931,1600.87,1962.02,0.0,0.0,0.6556,0.803499,0.0,1,0.1484402077,0.14449851791608412
EGIFUV_clean,9.74551,8.51622,9.74551,1.04544,1332.95,1275.02,6.1078,5.84232,0.6136,0.58693,0.0,1,0.0891674443,0.09392823343073176
EGUNAX_clean,3.81467,3.01234,3.81432,1.4477,0.0,0.0,208.192,143.809,0.442,0.305312,0.0,1,0.0426758886,0.02725830571361164
EHAFEA_clean,5.41079,3.41231,5.40089,2.22058,1080.51,486.589,0.0,0.0,0.5328,0.239937,0.0,1,0.0420004751,0.038048778265909924
EHEKUY_clean,6.18029,3.5251,6.17561,1.28701,834.589,648.47,1.25956,0.978668,0.5024,0.390361,0.0,0,0.0450334713,0.0480267604331214
EJEGOQ_clean,13.1275,3.17537,13.1275,2.99053,0.0,0.0,1263.59,422.531,0.585,0.195618,0.0,1,0.0340194992,0.03341787082079192
EJIDUW01_clean,4.24244,3.3869,4.24244,1.5584,593.906,381.101,0.0,0.0,0.4886,0.313527,0.0,1,0.0360541362,0.03754153149073927
EJIDUW02_clean,4.29785,3.46947,4.29785,1.53852,788.843,512.727,0.0,0.0,0.4966,0.322777,0.0,1,0.038517956,0.04393740661891
EJONOH_clean,4.44167,3.60442,4.4347,1.47939,700.956,473.814,0.0,0.0,0.4646,0.314048,0.0,1,0.0387197984,0.038102335706237375
EJOQOL_clean,7.54682,4.16239,7.5307,1.29085,1431.56,1109.01,0.0,0.0,0.5368,0.415851,0.0,1,0.0738622082,0.0744387089619244
EKETOF_clean,4.41106,3.42867,4.41106,1.63804,321.449,196.241,0.0,0.0,0.4172,0.254695,0.0,0,0.0198207542,0.02370313794870435
EKEVAT_clean,4.38581,3.45093,4.3809,1.70718,319.337,187.056,0.0,0.0,0.4042,0.236765,0.0,0,0.0184970845,0.022533042782219903
EKIGIQ_clean,4.47438,2.65851,4.47438,1.56622,0.0,0.0,508.669,324.775,0.4564,0.291402,0.0,0,0.0295247639,0.033494949866149516
EKOPIE_clean,6.61542,5.14354,6.60525,1.21526,2002.74,1648.0,0.0,0.0,0.6146,0.505737,0.0,1,0.1029523536,0.09912531179055536
EKOPOK_clean,7.61675,7.30447,7.61675,1.24495,1308.01,1050.65,0.0,0.0,0.569,0.457046,0.0,1,0.086143432,0.0763234630883992
ELAZEX_clean,3.63212,2.66568,3.42222,1.98591,0.0,0.0,17.7543,8.94016,0.359,0.180774,0.0,1,0.0119708591,0.012202121657637177
ELELEN_clean,7.0748,4.1882,7.0748,0.915782,1244.35,1358.78,0.0,0.0,0.592,0.646442,0.0,1,0.0770063128,0.08897909828247562
ELERIY_clean,13.06874,6.51652,13.06768,0.765708,2243.35,2929.77,0.0,0.0,0.7112,0.928814,0.0,1,0.1964644161,0.19488412470329938
ELIKOA_clean,4.97213,3.73339,4.97213,1.55809,1148.96,737.416,0.0,0.0,0.4918,0.315643,0.0,1,0.0491507874,0.05051192294043016
ELOHOE_clean,5.56549,4.27537,5.53003,1.15001,1036.4,901.217,0.0,0.0,0.5212,0.453215,0.0,1,0.0628239235,0.05837953267959183
ELOZEK_clean,5.94525,5.24436,5.94525,2.80091,275.157,98.2384,0.0,0.0,0.3674,0.131171,0.0,1,0.0063187249,0.01354346154603113
EMIFOW_clean,7.56186,4.84974,7.24948,1.40224,2851.33,2033.41,0.0,0.0,0.6898,0.491927,0.0,1,0.1154723773,0.10293367295288158
EMIYEF_clean,4.02053,2.70329,3.99652,1.99702,0.0,0.0,133.156,66.6774,0.4216,0.211115,0.0,1,0.021260769,0.01617153433650731
EMIYUW_clean,10.6209,7.98188,10.6209,0.698012,2320.47,3324.4,0.0,0.0,0.7472,1.07047,0.000573056,1,0.219113328,0.22136838458593433
EMOSOO_clean,4.07662,2.98298,4.05985,2.58243,0.0,0.0,460.188,178.2,0.4674,0.180992,0.0,1,0.0281211907,0.027502946549046225
EMUBIZ_clean,10.77303,6.68088,10.77303,1.37229,1702.91,1240.92,117.774,85.8232,0.672,0.489692,0.000145742,1,0.0911179093,0.09832376488212388
EMUYAM_clean,4.21039,3.17028,4.21039,1.86364,0.0,0.0,54.771,29.3893,0.3862,0.207229,0.0,1,0.0063461674,0.01537004059945031
ENAFOP_ion_b,11.60166,8.24635,11.58519,1.18111,1100.84,932.042,0.0,0.0,0.5386,0.456012,0.0,1,0.067123051,0.07952285186709171
ENANIS_clean,4.58864,4.1598,4.58113,1.33735,718.625,537.349,0.0,0.0,0.4534,0.339028,0.0,1,0.0459476698,0.039397742216917137
ENUCOG_clean,4.91468,3.25846,4.91468,1.86086,0.0,0.0,509.281,273.68,0.4838,0.259987,0.0,1,0.0338390784,0.03215018215391118
EPAVAU_clean,5.39915,3.19554,5.39394,1.64446,0.0,0.0,782.223,475.67,0.5138,0.312442,0.0,1,0.0369272755,0.04423933890108209
EPECEJ_clean,7.92371,4.89913,7.91993,0.908491,1989.28,2189.65,0.0,0.0,0.6342,0.69808,0.0,1,0.1290136067,0.12994279527825486
EPOTAF_clean,7.63453,6.61136,7.601,0.575241,2982.7,5185.13,0.0,0.0,0.779,1.35421,0.0,1,0.2739490136,0.2628897584992278
EPUXET_clean,4.89022,3.26125,4.88787,1.25583,0.0,0.0,624.27,497.099,0.4632,0.368841,0.0,0,0.0343631255,0.042866030817008675
EQERIC_clean,5.65308,5.10575,5.50654,1.08357,1441.7,1330.51,0.0,0.0,0.5522,0.509612,0.0,0,0.0956255139,0.08513721942372049
EQOXIT_clean,7.68652,6.98261,7.68519,1.19569,1340.21,1120.87,0.0,0.0,0.551,0.460823,0.0,1,0.0705747981,0.08098796587595138
EQUBIC_clean,4.62524,4.02529,4.62419,2.01313,877.337,435.807,0.0,0.0,0.4672,0.232076,9.93e-05,0,0.0298664481,0.03611196892649497
EQUBOI_clean,4.70314,4.11847,4.7011,1.94101,957.405,493.252,0.0,0.0,0.4856,0.250179,0.000103039,0,0.0328561039,0.04097636000356066
EQUBUO_clean,4.678,4.09417,4.67712,1.98147,941.234,475.017,0.0,0.0,0.4712,0.237803,0.000100935,0,0.0319028154,0.03944978181429311
EQUNIP_clean,12.19685,4.3543,12.19496,0.882362,2411.33,2732.81,0.0,0.0,0.7004,0.793779,0.0,1,0.182651468,0.16940598014322328
EREFEN01_SL,5.00416,3.86566,5.00416,1.13683,1255.14,1104.07,0.0,0.0,0.5352,0.470783,0.0,0,0.0782053462,0.07458518471793392
ERELIX_clean,5.64254,3.51162,5.62378,1.23268,1079.22,875.507,0.0,0.0,0.5468,0.443586,0.0,1,0.0559078157,0.061253626764200333
ERIGER_clean,7.45113,4.52945,7.45095,1.32558,1000.06,754.431,0.0,0.0,0.5014,0.378249,0.0,1,0.040259006,0.048040261899634784
ERIWAF_clean,10.65116,5.48487,10.46238,0.840538,2241.03,2666.18,0.0,0.0,0.709,0.843508,0.0,1,0.1769673341,0.17677755444327112
EROCIZ_clean,5.34059,3.74867,5.34025,1.39658,907.085,649.503,0.0,0.0,0.4828,0.345701,0.0,1,0.0429079658,0.047577465430725066
ERUFUS_clean,4.3604,3.42673,4.35329,1.50899,684.051,453.317,0.0,0.0,0.4548,0.301394,0.0,0,0.0345829989,0.04117949273666882
ERULEK_clean,8.92635,6.96534,8.92635,0.799593,1925.59,2408.22,0.0,0.0,0.6678,0.835175,0.0,1,0.1565416011,0.15861568150709068
ERUVEU_clean,3.34466,3.01377,3.34466,2.21788,0.0,0.0,0.325326,0.146684,0.3556,0.160334,0.0,0,0.0072215266,0.01210180030238138
ESARAT_clean,4.65638,2.73042,4.28273,1.24022,0.0,0.0,877.4,707.453,0.5198,0.419118,0.0,1,0.0654904761,0.05937530228056795
ESAROH_clean,4.75347,3.71612,4.73943,1.3675,535.723,391.753,0.0,0.0,0.4534,0.331553,0.0,1,0.0315425255,0.03167284173843593
ESEQUO_clean,5.9241,3.78187,5.9241,1.17049,1289.9,1102.02,0.0,0.0,0.5438,0.464593,0.0,1,0.071145892,0.07644235086531723
ESIFET_clean,8.81259,5.05152,8.81259,1.42533,1454.27,1020.3,0.0,0.0,0.5856,0.410852,0.0,0,0.0711112603,0.07666776790732671
ESIGES01_clean,5.30554,4.43053,5.27741,1.28243,1799.46,1403.16,0.0,0.0,0.6102,0.475814,0.0,0,0.0880896904,0.08473493538593217
ESURER02_clean,6.73405,5.67186,6.7278,1.40899,1346.64,955.749,0.0,0.0,0.5328,0.378145,0.0,0,0.0706872887,0.0677857909256026
ESURER03_clean,6.73192,5.66128,6.64205,1.40989,1345.84,954.57,0.0,0.0,0.5322,0.377477,0.0,0,0.0707706663,0.06809838113963826
ESUSAO_clean,6.44994,4.84687,6.44994,1.43017,1343.92,939.69,0.0,0.0,0.5242,0.366529,0.0,1,0.0664641252,0.06365816835244498
ESUSIW_clean,6.7467,5.80608,6.7467,1.39203,1364.88,980.494,0.0,0.0,0.5394,0.387491,0.0,1,0.0707810885,0.06957373574886566
ETECIR_clean,4.32284,3.50203,4.32284,1.44521,1297.96,898.111,0.0,0.0,0.6006,0.41558,0.0,0,0.0740836344,0.07347889676765179
ETECOX_clean,10.32812,8.91862,10.31469,1.07802,2014.96,1869.13,0.0,0.0,0.7346,0.681437,0.0,1,0.1524280786,0.13492367957165186
ETEJUJ_clean,6.80904,5.16362,6.80904,1.11208,2257.09,2029.61,0.0,0.0,0.6478,0.582511,0.0,1,0.1203289946,0.11890333663039893
ETESIG_clean,5.84738,4.10522,5.84738,1.34804,1113.36,825.908,0.0,0.0,0.511,0.379069,0.0,1,0.0568501538,0.056135519416855136
ETEXEI_clean,5.78427,4.68209,5.77551,1.52654,1503.21,984.721,0.0,0.0,0.622,0.407458,0.0,0,0.069856717,0.07283456681150349
ETICIV_clean,4.88964,3.07888,4.88964,1.37961,0.0,0.0,605.775,439.09,0.4466,0.323714,0.0,0,0.034298557,0.037758515398437144
EVADIQ_clean,7.6272,6.3767,7.6272,1.10873,1926.39,1737.47,0.0,0.0,0.6356,0.573266,0.0,1,0.1107770721,0.11040086106368063
EVAKIV_clean,13.34989,4.00312,13.34989,0.730238,1776.02,2432.11,0.0,0.0,0.6852,0.938325,0.0,0,0.1730181568,0.1713138097620156
EVEGOB_clean,6.69286,4.9654,6.69286,1.28252,924.55,720.888,100.648,78.477,0.5186,0.404362,0.0,1,0.0535706989,0.053441908982814465
EVIMUT_clean,5.27695,4.27032,5.27695,0.98944,1543.01,1559.48,0.0,0.0,0.5212,0.526762,0.0,1,0.0844213027,0.09272890256663784
EVUPOC_clean,6.33794,4.33255,6.21155,1.43397,1521.86,1061.29,0.0,0.0,0.5584,0.389408,0.0,1,0.0720979677,0.06906027884551473
EVUQOC_clean,5.3745,3.92262,5.34265,1.5074,1102.05,731.093,0.0,0.0,0.4832,0.320551,0.0,1,0.0557048232,0.05087674529764308
EVURAP_clean,4.91998,4.00691,4.90722,1.50366,1094.53,727.909,0.0,0.0,0.4888,0.325073,0.0,1,0.050073854,0.05032310437325408
EWILON_clean,7.32231,3.25878,7.31405,1.45934,0.0,0.0,1209.87,829.056,0.5252,0.359889,0.000548194,0,0.0672636029,0.06641335855633951
EWIPIL_clean,5.07501,3.95522,5.05284,1.20337,1849.05,1536.56,0.0,0.0,0.602,0.500263,0.0,1,0.1017882615,0.09305423412311914
EWUGEK_clean,4.25922,3.99552,4.25922,1.59647,254.293,159.284,0.0,0.0,0.3716,0.232763,0.0,0,0.0109113037,0.016491763393393283
EWUKIS_clean,6.09706,5.36823,6.07492,1.05799,2424.88,2291.97,0.0,0.0,0.6762,0.639136,0.0,1,0.1264530501,0.12347164964008224
EWUSUL_clean,11.25293,8.38573,11.25293,0.979503,1671.61,1706.59,0.0,0.0,0.7086,0.723428,0.0,1,0.130244679,0.13641998821446688
EWUTEW_clean,7.55965,4.88065,7.45386,1.29422,1660.56,1283.06,0.0,0.0,0.5852,0.452164,0.0,1,0.074780567,0.08189787589791242
EXAXAE_clean,10.76753,6.65722,10.58024,1.36537,1690.78,1238.34,127.443,93.34,0.6754,0.494666,0.0,1,0.0935673555,0.09612759638339277
EXEQII_SL,7.24683,7.11371,7.24683,1.02502,1683.52,1642.43,0.0,0.0,0.597,0.58243,0.0,0,0.1173006636,0.11448026593448285
EXEWIO_clean,7.06551,3.91163,7.06551,1.10612,1247.35,1127.68,0.0,0.0,0.5336,0.482408,0.0,1,0.0739379601,0.07452999671237577
EXOTUH_SL,6.05951,4.4083,6.05951,0.950557,1966.63,2068.92,0.0,0.0,0.6264,0.658982,0.0,0,0.1164277122,0.12189245972956331
EXOZIB_clean,8.81916,5.67239,8.81916,0.860889,2066.43,2400.34,0.0,0.0,0.7104,0.825193,0.0,1,0.1484628985,0.15650070129760674
EYACOX_clean,8.14361,5.87215,7.68514,0.961963,2469.42,2567.06,0.0,0.0,0.6732,0.699819,0.0,1,0.1524390547,0.14539650202080262
EYUWAW_clean_h,6.01873,4.52997,6.01625,1.02499,1441.95,1406.78,0.0,0.0,0.5778,0.563711,0.0,1,0.0963433509,0.09203216242648421
EZABEN_clean,5.22809,3.75233,5.19001,1.80933,1456.46,804.973,0.0,0.0,0.5686,0.314261,0.0,1,0.050805692,0.051901448208446305
EZEQUX_clean,5.58794,4.86495,5.58794,1.14902,1119.33,974.163,0.0,0.0,0.4862,0.423145,0.0,0,0.0695841166,0.06406428606054469
EZITUE_clean,5.18743,4.58908,5.18743,1.41786,514.897,363.149,0.0,0.0,0.4536,0.319918,0.0,1,0.0255089524,0.02628304135379257
EZOBUR02_clean,5.4535,4.4976,5.43411,1.36504,878.599,643.645,0.0,0.0,0.4944,0.362188,0.0,1,0.040655781,0.04457486156312019
EZOBUR_clean,6.22091,4.91314,6.06649,1.26527,1070.0,845.668,0.0,0.0,0.5366,0.4241,0.0,1,0.0506326585,0.05762305556152358
EZOFEF_clean,11.22482,4.58247,11.22482,1.02492,1340.94,1308.34,253.285,247.127,0.6156,0.600633,0.0,0,0.1169799561,0.11147922325506737
EZOFOP_clean,16.09732,3.03368,16.09732,0.822613,0.0,0.0,1664.63,2023.58,0.655,0.796243,0.0,1,0.1504884214,0.12009553270430731
EZUCOS_SL,6.20322,3.17591,6.17692,1.33573,0.0,0.0,1021.03,764.4,0.5296,0.396488,0.0,0,0.0575244931,0.06029489521858332
EZULAO_clean,5.09593,4.42786,5.07986,1.44576,1054.74,729.539,0.0,0.0,0.5038,0.348468,0.0,1,0.0550349123,0.04918819818623837
FABGUM_clean,4.49645,4.20268,4.49184,1.20151,964.988,803.144,198.183,164.944,0.618,0.514351,0.0,0,0.0617220006,0.07300519805572979
FAFDEX_clean,4.84612,4.0465,4.84612,1.4121,763.799,540.896,0.0,0.0,0.426,0.301679,0.0,1,0.0464544736,0.037164306686650196
FAFGAU_clean,4.21105,3.27208,4.20718,1.88279,0.0,0.0,384.116,204.014,0.4222,0.224241,0.0,1,0.0204920593,0.02652675380292349
FAFMAC_clean,6.81612,5.39086,6.79864,1.26269,1165.02,922.651,0.0,0.0,0.5508,0.436212,0.0,1,0.0568054152,0.0636507553513736
FAGQAI_clean,13.61199,8.61498,13.60121,0.481098,2019.32,4197.32,0.0,0.0,0.7864,1.63459,0.0,1,0.3361122049,0.3373790522786043
FAHGAY_clean,5.42928,5.0549,5.42928,0.789805,2259.65,2861.02,0.0,0.0,0.6494,0.822229,0.0,0,0.164145459,0.15477207545828686
FAHVAM_clean,7.31415,3.20421,7.31256,1.51627,0.0,0.0,689.197,454.535,0.5072,0.334506,0.0,1,0.0400578895,0.041974861719665316
FALDAA_clean,6.52279,5.33991,6.32184,1.08899,1435.02,1317.76,0.0,0.0,0.579,0.531688,0.0,1,0.0841291216,0.08934774442497083
FALLOT_clean,5.47116,3.44168,5.42276,1.84097,1146.35,622.691,0.0,0.0,0.5828,0.316572,0.0,1,0.042370282,0.046313330441266884
FALVOF_clean,6.65756,4.5203,6.48608,1.39374,1687.85,1211.03,0.0,0.0,0.5882,0.422031,0.0,1,0.0724712315,0.07642752588693727
FANQER_clean,5.21362,4.0339,5.21362,1.50842,1029.25,682.337,0.211472,0.140194,0.5204,0.344996,0.0,1,0.0405590927,0.04863929943614162
FAPXOM_clean,7.22558,7.07954,7.22145,1.12985,1598.05,1414.39,0.0,0.0,0.5978,0.529098,0.0,0,0.1110976382,0.10416488029980468
FAQGIP_clean,5.30496,3.71196,5.30496,1.22203,1264.33,1034.61,0.0,0.0,0.5172,0.423229,0.0,1,0.0719221333,0.07344343416553661
FAQVEA_clean,4.28187,3.21093,4.24486,1.46606,0.0,0.0,320.863,218.861,0.4562,0.311175,0.0,1,0.0310869096,0.030800835555479772
FARHIR_ion_b,6.8791,5.35126,6.8791,1.62906,838.805,514.901,0.0,0.0,0.3778,0.231913,0.0,1,0.0411344596,0.03517294700378532
FARHOX_ion_b,6.26684,3.62781,6.26416,1.63231,1189.76,728.882,0.0,0.0,0.5338,0.327022,0.0,1,0.0527765932,0.05327962830077141
FARYAA_clean,5.49967,2.6024,5.49967,3.31353,0.0,0.0,371.864,112.226,0.3964,0.119631,0.0,1,0.011951795,0.0227757094857709
FASGAK_clean,4.97958,3.34492,4.9783,1.52455,441.077,289.316,0.0,0.0,0.4214,0.27641,0.0,0,0.0309886624,0.02543845719650431
FASHAK_clean,5.67537,4.91896,5.66915,1.31877,1672.64,1268.34,0.0,0.0,0.5816,0.441018,0.0,1,0.0719220375,0.07818699812367734
FASHUD_SL,4.32022,2.90284,4.32022,1.72886,0.0,0.0,573.562,331.758,0.5168,0.298926,0.0,1,0.0465971332,0.039351488462036566
FASJAL_clean,3.28609,2.75862,3.28291,1.63609,0.0,0.0,0.0,0.0,0.4658,0.284704,0.0,1,0.0296123899,0.015945338580347163
FATVOM_clean,4.53669,4.03212,4.53669,1.59797,796.91,498.701,0.0,0.0,0.4212,0.263584,0.0,1,0.0322501974,0.035023843843511065
FAVGOB_clean,4.8913,4.26213,4.88425,1.63875,774.721,472.75,0.0,0.0,0.4632,0.282654,0.0,1,0.0285764459,0.034012248009921434
FAVGUH_clean,4.86763,4.2119,4.84866,1.64912,773.676,469.146,0.0,0.0,0.4688,0.284274,0.0,1,0.0281465221,0.03365655990547783
FAWCEN03_SL,11.36441,3.15216,11.36441,0.921497,0.0,0.0,1382.61,1500.39,0.6438,0.698646,0.0,0,0.1041561172,0.11067164162536319
FAYPOM_clean,8.33734,7.34032,8.33734,0.888945,1770.92,1992.16,0.0,0.0,0.637,0.71658,0.0,0,0.1300128379,0.13099311287361926
FAZPED_clean,7.63868,5.99081,7.63868,1.64589,749.747,455.527,0.0,0.0,0.4048,0.245946,0.0,1,0.0349300438,0.029449970619309124
FECCIZ_clean,4.99663,3.47947,4.98801,1.68897,855.07,506.267,0.0,0.0,0.478,0.283012,0.0,0,0.0537168528,0.041528187327899375
FECWOB01_clean,4.17085,3.04516,4.16284,1.57834,0.0,0.0,480.944,304.714,0.4434,0.280927,0.0,1,0.0350002186,0.032815318276840685
FEFDEB_manual,13.10906,11.59751,13.10906,0.53928,2135.2,3959.36,0.0,0.0,0.77,1.42783,0.0,0,0.2843636835,0.29078414204708014
FEFVES_clean,4.77641,3.28141,4.37104,1.17598,0.0,0.0,684.029,581.665,0.4808,0.408849,0.0,1,0.0469785155,0.05045511272421288
FEJKEM_clean,3.45598,3.08881,3.42976,2.13204,0.0,0.0,3.50827,1.6455,0.388,0.181985,0.0,1,0.0090814977,0.012702873591577499
FENROG_clean,5.38209,4.56613,5.38209,1.67781,1972.59,1175.69,0.0,0.0,0.6206,0.369888,0.0,1,0.0615065515,0.06840074238743357
FEPQEW_clean,4.04938,2.86699,4.04938,1.89878,0.0,0.0,319.323,168.173,0.4636,0.244157,0.0,1,0.0230487318,0.0266109535302943
FERHAN_clean,10.23981,6.40536,10.23981,0.784123,1831.24,2335.4,115.057,146.734,0.6978,0.889911,0.0,1,0.1704632712,0.17213849204967752
FESTUT_clean,4.58957,3.56818,4.49102,1.91412,810.164,423.257,0.0,0.0,0.5446,0.284517,0.0,0,0.0411321936,0.040867404710231925
FEWQOP_clean,5.35536,5.19712,5.35116,2.28568,1163.85,509.19,0.0,0.0,0.467,0.204315,0.0,1,0.0339515008,0.04016245268374769
FEWWUB_clean,13.46293,4.10343,6.99036,0.839472,1304.99,1554.54,374.213,445.771,0.6142,0.731651,0.0,0,0.1263296701,0.1376289228706537
FEZREJ_clean,6.80795,5.29768,6.78405,1.3201,2032.7,1539.8,0.0,0.0,0.6256,0.473902,0.0,1,0.0953752183,0.09433015651565484
FIBHIJ_clean,5.3367,3.42361,5.26159,1.29192,845.674,654.588,0.0,0.0,0.5226,0.404515,0.0,1,0.0397439878,0.050885521007608916
FIBKEI_clean,12.33456,6.95883,12.32864,0.708252,2274.88,3211.97,0.0,0.0,0.7362,1.03946,0.0,1,0.2228934329,0.21752034176264626
FIDRIV_clean,15.99327,15.90265,15.99327,0.698397,1517.46,2172.77,0.0,0.0,0.7102,1.0169,0.0,1,0.1906779656,0.19792607102557086
FIFMIS_clean,4.83064,4.51142,4.83037,1.28879,636.461,493.845,117.284,91.0034,0.48,0.372443,0.0,1,0.0475853212,0.04506337341102752
FIFPAM01_clean,4.73813,3.78761,4.73813,1.03017,1649.03,1600.74,0.0,0.0,0.5794,0.562433,0.0,1,0.0810850611,0.09496085061081586
FIFPAM_clean,4.72449,3.84654,4.62424,1.03535,1611.82,1556.78,0.0,0.0,0.5846,0.564637,0.0,1,0.0772827794,0.09654691833108722
FIGFOR_clean,3.72046,3.29782,3.71836,2.20004,0.0,0.0,190.236,86.4697,0.4298,0.19536,0.0,0,0.0339809149,0.02116222201848625
FIGQUJ_clean,4.99341,2.87726,4.98836,1.49096,0.0,0.0,441.532,296.14,0.4284,0.287333,0.0,0,0.0230025501,0.030573548581459706
FIGXAU_clean,3.75003,2.82695,3.75003,2.0438,0.0,0.0,212.904,104.171,0.5098,0.249437,0.0,1,0.0269893798,0.024164821412851853
FIJDEI_clean,4.05285,3.32057,3.95169,1.80622,167.541,92.7577,0.0,0.0,0.406,0.224778,0.0,1,0.0196562114,0.014628175357496317
FIJDIM03_clean,5.87678,5.11703,5.87678,1.23925,1279.62,1032.57,0.0,0.0,0.5332,0.430259,0.0,1,0.0791283854,0.07489920849405955
FIJDIM07_clean,6.01552,5.19329,6.01552,1.22701,1316.88,1073.24,0.0,0.0,0.5354,0.436345,0.0,1,0.0811390016,0.07571942038037426
FIJDIM_clean,5.85157,5.09863,5.85157,1.24567,1280.47,1027.93,0.0,0.0,0.5282,0.424028,0.0,1,0.0775968228,0.07386471647966983
FIJDUY_clean,5.11347,3.64709,5.11347,1.4525,1805.45,1242.99,0.0,0.0,0.5992,0.412529,0.0,1,0.0724804417,0.0747255640578658
FIJGEK_clean,4.71012,3.29398,4.64671,1.95767,0.0,0.0,624.76,319.134,0.4102,0.209534,0.0,0,0.0359291314,0.03554342431151487
FIKTOK_clean,3.77425,2.77068,3.73727,1.91065,0.0,0.0,57.4779,30.0829,0.3544,0.185487,0.0,1,0.0093349935,0.012803728847859394
FIPKOG01_clean,6.5379,4.8064,6.53406,1.09146,1614.42,1479.13,0.0,0.0,0.5916,0.542026,0.0,0,0.0923973345,0.09517181592617874
FIRZOX_clean,8.47321,7.4886,8.47321,1.47389,1193.71,809.905,0.0,0.0,0.5488,0.372348,0.0,1,0.0502527656,0.05939259065512146
FITHIA_clean,4.35737,3.84524,4.35737,1.27732,941.275,736.915,0.0,0.0,0.4314,0.337739,0.0,1,0.0342309319,0.049988939431265915
FITJAU_clean,4.86338,3.20957,4.86338,1.94295,0.0,0.0,641.219,330.023,0.5016,0.258163,0.0,1,0.0322208828,0.03823334921765944
FIVNAZ_clean,4.57167,3.52743,4.40749,2.12433,1354.32,637.526,0.0,0.0,0.5842,0.275004,0.0,1,0.0444564872,0.04957094431312215
FIVQOR_clean,4.63823,4.0753,4.63823,2.18775,1209.41,552.809,0.0,0.0,0.4796,0.219221,0.0,1,0.0598255105,0.04382729463750625
FIVYEP01_clean,5.69673,4.73568,5.69673,2.0333,1245.18,612.394,0.0,0.0,0.4572,0.224856,0.0,1,0.0391952191,0.044582561590038185
FIZPOV_clean,6.69877,5.40684,6.69877,0.878608,2365.02,2691.78,0.0,0.0,0.6734,0.766439,0.0,1,0.1695816824,0.15030196370974563
FOCZAA_clean,4.86095,4.4492,4.8459,1.39709,775.702,555.227,0.0,0.0,0.452,0.32353,0.0,0,0.0444664548,0.037797727269121825
FOFHAK_clean,4.16875,3.58203,4.16875,2.15496,1011.75,469.5,0.0,0.0,0.4808,0.223114,0.0,1,0.053793245,0.040697988985711
FOFMOE_clean,4.64077,3.05558,4.2956,1.48886,0.0,0.0,295.829,198.695,0.4538,0.304798,0.0,1,0.0188460929,0.0277915868147513
FOHSAW01_clean,4.19352,3.30187,4.19352,1.65632,0.0,0.0,479.983,289.79,0.473,0.285573,0.0,1,0.0237553731,0.03537461212896706
FOJPEB_clean,5.80387,3.28015,5.80387,1.42172,0.0,0.0,773.979,544.396,0.4586,0.322567,0.0,0,0.0366894368,0.04434648148839662
FOJVUX_clean,3.90292,2.68796,3.90292,1.38007,0.0,0.0,115.7,83.8365,0.4328,0.313607,0.0,1,0.0229032923,0.023238421613417243
FOKGET_clean,4.20139,2.77875,4.20113,1.86651,0.0,0.0,488.17,261.541,0.4828,0.258664,0.0,1,0.0287202982,0.03339867352918553
FOKWIN_clean,4.14624,3.73304,4.14504,1.37748,413.35,300.078,0.0,0.0,0.4306,0.312601,0.0,0,0.025580435,0.026173955525263318
FOKYEL_clean,8.8968,8.56106,8.8968,1.19075,983.087,825.606,363.949,305.648,0.581,0.48793,0.0,1,0.0902418081,0.08593427230756784
FOKYIP_clean,5.79638,3.84056,5.66635,1.22762,1981.83,1614.37,0.0,0.0,0.5912,0.481583,0.0,1,0.0949284455,0.09426185923321566
FOKYUB_clean,5.01467,2.92937,4.81674,1.24234,0.0,0.0,643.317,517.825,0.56,0.450761,0.0,1,0.051117876,0.051851565586148195
FOMWOV_clean,7.41662,4.5384,7.41662,0.990309,1837.3,1855.28,0.0,0.0,0.6302,0.636367,0.0,0,0.1192180788,0.11875760508277375
FONPUV_clean,5.63348,5.082,5.6238,1.54253,959.017,621.718,0.0,0.0,0.4556,0.29536,0.0,1,0.0426412704,0.04254704732761146
FOQTEL_clean,4.19018,2.78003,4.19018,1.40023,0.0,0.0,554.095,395.718,0.4784,0.341659,0.0,0,0.032349136,0.041001065092779565
FORPIM_clean,9.59156,4.26108,9.59156,1.02718,2184.13,2126.33,0.0,0.0,0.709,0.690238,0.0,1,0.1272989766,0.13266938658861854
FORPOS_clean,9.45347,4.25355,9.45336,1.03837,2182.11,2101.49,0.0,0.0,0.7034,0.677411,0.0,1,0.1256244489,0.13188226286895688
FORQIN_clean,9.58088,4.20865,9.58088,1.06074,2156.73,2033.24,0.0,0.0,0.7006,0.660485,0.0,1,0.1232995394,0.12727922136648318
FOSTUE_clean,13.09568,7.43748,13.09568,0.582855,2174.14,3730.15,0.0,0.0,0.7556,1.29638,0.0,0,0.2754633931,0.25870319915638595
FUBNOH_clean,4.81179,3.53828,4.81179,1.32608,706.882,533.061,0.0,0.0,0.4668,0.352014,0.0,0,0.0462416349,0.03908765860911742
FUHNIH_clean,5.52821,3.42388,5.52134,1.16361,1148.32,986.858,0.0,0.0,0.5352,0.459948,0.0,1,0.0849190083,0.07185206515584783
FULQOT_clean,5.67142,3.50634,5.66877,1.72182,1110.34,644.862,0.0,0.0,0.4972,0.288764,0.0,1,0.0513830881,0.0479069744778587
FUNLAD_clean,6.24379,4.83507,6.24379,1.06947,1236.73,1156.4,0.0,0.0,0.53,0.495574,0.0,0,0.0845456839,0.07588524901677894
FUQJUX_clean,12.69722,8.47633,12.65144,0.718278,2115.98,2945.9,0.0,0.0,0.7464,1.03915,0.0,1,0.2077034034,0.21614755349283016
FURFIJ01_clean,4.13712,3.42264,4.1139,1.63785,320.686,195.797,0.0,0.0,0.4366,0.266569,0.0,1,0.0258865868,0.024358796483301914
FURFOP_clean,4.93892,3.56519,4.93892,1.22098,496.28,406.459,457.279,374.517,0.5202,0.42605,0.0,0,0.0542989417,0.05548274927586
FURQUF_ion_b,8.81158,7.98715,8.81158,1.41389,1094.82,774.331,0.0,0.0,0.5082,0.359435,0.0,1,0.0466011011,0.05262531436344307
FURRAM_clean,10.403,9.40744,10.403,1.04916,1635.25,1558.63,0.0,0.0,0.6366,0.606772,0.0,1,0.0939510432,0.11176115848319107
FUSMEM_clean,10.20459,9.2057,10.20459,1.06882,1617.37,1513.23,0.0,0.0,0.6304,0.589811,0.0,1,0.0896188285,0.1113098181393383
FUSNIR_clean,11.70294,10.66498,11.70294,1.01253,1536.34,1517.33,0.0,0.0,0.6416,0.633661,0.0,1,0.1013529008,0.12438139322835093
FUTYEA_clean,5.60643,4.51803,5.59058,1.0369,2090.75,2016.34,0.0,0.0,0.6318,0.609316,0.0,1,0.1257221473,0.11711684243381973
FUTYUQ_clean,7.46662,4.79581,7.42523,1.0101,2335.64,2312.29,0.0,0.0,0.6514,0.644887,0.0,1,0.1379049004,0.1334981523825154
FUTZOL_clean,9.30232,6.36524,9.14367,0.891296,2041.5,2290.48,0.0,0.0,0.6794,0.762261,0.0,1,0.1454326858,0.15109978940375493
FUVFUZ_clean,6.56118,5.97328,6.56118,1.8467,394.83,213.803,0.0,0.0,0.2718,0.147181,0.0,1,0.0139759128,0.016119831128587794
FUWXOL_SL,4.76594,4.4337,4.74254,1.49774,1245.43,831.539,0.0,0.0,0.5154,0.344119,0.0,0,0.069383689,0.06147742206081071
FUXXIH_clean,10.16266,8.68185,10.16266,0.899748,1582.07,1758.35,0.0,0.0,0.6434,0.715089,0.0,1,0.1198140659,0.12986722984604826
FUYKER_clean,6.42799,4.66248,6.41167,1.2058,1179.26,977.987,0.0,0.0,0.5038,0.417814,0.0,1,0.070213416,0.06659079717289365
FUZKAN_clean,5.06549,3.23595,5.05633,1.24948,0.0,0.0,587.605,470.28,0.477,0.38176,0.0,0,0.0422581777,0.04185881198119132
GADDOH_clean,8.41895,4.83802,8.38301,1.2132,1718.46,1416.47,0.0,0.0,0.6166,0.508243,0.0,1,0.0976671023,0.09346826486509724
GAFRUD_clean,10.59453,5.69918,10.59344,0.768776,2454.62,3192.89,0.0,0.0,0.7144,0.929269,0.0,1,0.1939477318,0.1942337205294622
GAGTEQ_clean,5.67831,3.39362,5.66081,1.64794,1405.83,853.08,0.0,0.0,0.5604,0.34006,0.0,0,0.0647700383,0.06602441381572771
GAHXUL_clean,5.28974,3.50395,5.28106,1.05699,1056.2,999.25,0.0,0.0,0.5634,0.533021,0.0,1,0.0601543165,0.06889067465939364
GAJTOC_clean,4.47391,2.97124,4.46858,1.60963,0.0,0.0,468.056,290.786,0.4426,0.274971,0.0,1,0.0275524532,0.03220265575000538
GAJZIC_clean,4.74189,4.18269,4.74189,1.58149,1144.61,723.756,0.0,0.0,0.5442,0.344106,0.0,1,0.0409349761,0.04986293668770844
GAKBAX_clean,4.75047,4.21764,4.75047,1.60269,1138.62,710.445,0.0,0.0,0.5414,0.337808,0.0,1,0.0408599569,0.04944073728289067
GALHOS_ion_b,10.40242,4.28813,10.40242,0.962357,1197.69,1244.54,67.8044,70.4566,0.5764,0.598946,0.0,0,0.0850113009,0.09648905164815925
GALJAG_clean,7.13587,6.98688,7.13339,0.8258,2198.4,2662.15,0.0,0.0,0.6726,0.814482,0.0,0,0.1683369481,0.15712266878503778
GAMTIY_clean,4.94228,3.13094,4.94228,1.44018,0.0,0.0,724.278,502.908,0.5186,0.360094,0.0,1,0.0518522239,0.04846717197011954
GAMVAS_clean,3.72131,2.69973,3.70726,1.82538,0.0,0.0,52.4368,28.7265,0.3938,0.215736,0.0,1,0.0127731733,0.014931014527890946
GAMXAV_clean,12.82817,4.31562,12.82817,0.868866,1783.25,2052.39,0.0,0.0,0.6754,0.777335,0.0,1,0.1550420865,0.1495663970178641
GAPDEH_clean,4.06996,3.18947,4.05011,1.59955,0.0,0.0,291.616,182.312,0.3496,0.218561,0.0,1,0.0355335539,0.02514946679791044
GAQKOB_clean,4.0449,2.86519,4.0449,1.34541,0.0,0.0,376.339,279.721,0.449,0.333727,0.0,0,0.0263138835,0.03506317325791429
GARLET_clean,5.53835,4.38226,5.51111,1.15379,1524.15,1321.0,0.0,0.0,0.573,0.496625,0.0,1,0.0844617187,0.08536644420513496
GARLIX_clean,5.51894,4.34952,5.51894,1.16479,1506.37,1293.26,0.0,0.0,0.5712,0.49039,0.0,1,0.0845590918,0.082653582269177
GARPAR_clean,4.88792,3.20385,4.88792,1.2842,0.0,0.0,895.178,697.072,0.5266,0.410062,0.0,1,0.0494074115,0.058975069901360005
GARSUQ_clean,4.38052,3.88796,4.36788,1.61033,1121.78,696.613,0.0,0.0,0.4852,0.301304,0.0,1,0.0462568359,0.05027547253175048
GARTAX_clean,4.45838,3.94557,4.41836,1.61624,1125.98,696.667,0.0,0.0,0.4868,0.301193,0.0,1,0.0498442866,0.0499605633615813
GARTIF_clean,4.43647,3.87557,4.43647,1.65372,1132.95,685.091,0.0,0.0,0.471,0.284812,0.0,1,0.0466209006,0.04916075982963529
GASSUR_clean,7.13166,6.36797,7.11779,1.0643,1692.45,1590.2,0.0,0.0,0.616,0.578785,0.0,1,0.1172408359,0.10575666382008014
GAWCUF_clean,5.14591,3.62459,5.10569,1.20211,1101.2,916.058,0.0,0.0,0.5036,0.418931,0.0,0,0.0595431363,0.06402256772688664
GAWKEW_clean,5.75147,3.14287,5.66213,3.75396,0.0,0.0,728.361,194.025,0.474,0.126267,0.0,1,0.0162281098,0.18817273096453452
GAWMOI_clean,4.49519,2.62342,4.3428,1.8682,0.0,0.0,326.777,174.916,0.4266,0.228348,0.0,1,0.0220145184,0.023473585352052573
GAXDIS10_clean,5.63603,3.80534,5.63603,1.31969,1996.73,1513.03,0.0,0.0,0.6636,0.502846,0.0,1,0.0742000499,0.08579120485221134
GAXQIH_clean,5.17093,4.52481,5.06299,1.36553,783.142,573.505,0.0,0.0,0.4372,0.320168,0.0,0,0.035341097,0.03687676344682715
GAYGAQ_clean_h,5.42545,4.61164,5.42545,1.32331,1222.55,923.858,0.0,0.0,0.5596,0.42288,0.0,1,0.0710203578,0.0628924160840143
GEDDEA_clean,10.13591,3.81582,10.13591,1.29721,1601.1,1234.26,0.0,0.0,0.591,0.455593,0.0,1,0.0768822672,0.08601631885598406
GEDRAK_clean,5.77362,3.92842,5.19693,1.15636,2398.21,2073.93,0.0,0.0,0.6018,0.520425,0.0,1,0.101374707,0.10566038589699026
GEDREO_clean,5.54518,3.28289,5.54518,1.31295,0.0,0.0,1181.14,899.609,0.5332,0.406109,0.0,1,0.065308892,0.0676636326260247
GEDSEP_clean,4.82283,3.73359,4.81042,1.38544,1023.08,738.448,0.0,0.0,0.5156,0.372155,0.0,1,0.0591976048,0.050580843066873445
GEDSOZ_clean,6.10424,4.23086,6.10424,1.10708,2330.43,2105.02,0.0,0.0,0.618,0.558223,0.0,1,0.1127034192,0.11288717012647892
GEDSUF_clean,6.8646,4.02613,6.8646,1.20789,1460.83,1209.4,0.0,0.0,0.5606,0.464115,0.0,1,0.0796319435,0.08099458598840018
GEFFUT_clean,5.01317,3.07239,4.97334,1.13405,0.0,0.0,768.603,677.751,0.5182,0.456947,0.0,1,0.0552449865,0.05768613044724432
GEGBOL_clean,4.71731,3.22624,4.44524,1.22917,0.0,0.0,689.784,561.178,0.522,0.424676,0.0,1,0.0460193166,0.052276892163252944
GEGDED_clean,10.73095,6.57358,10.72652,0.838883,2111.23,2516.71,0.0,0.0,0.6964,0.830152,0.0,1,0.177758446,0.16757693852586775
GEGGEG01_clean,4.4734,3.53731,4.46972,1.51151,780.594,516.434,0.0,0.0,0.4522,0.299171,0.0,1,0.0489115392,0.04126713951534887
GEGWAS_clean,5.44742,3.17954,5.44742,1.34706,0.0,0.0,902.139,669.712,0.5032,0.373555,0.0,1,0.0516643059,0.05483936633071999
GEPDEM_clean,4.09249,3.45067,4.09249,1.44433,525.305,363.701,0.0,0.0,0.487,0.33718,0.0,1,0.0358570686,0.032554700095254255
GERNOI_clean,6.93892,3.80818,6.45255,1.05982,1273.96,1202.05,0.0,0.0,0.5412,0.510651,0.0,0,0.077310756,0.08224921264774368
GEVXIQ_clean,5.46888,4.61181,5.39982,1.67855,1326.24,790.111,0.0,0.0,0.5498,0.327545,0.0,1,0.0505922983,0.056063603628463014
GEZYOB_clean,5.97203,4.53159,5.97203,1.47469,1908.41,1294.11,0.0,0.0,0.5414,0.367128,0.0,0,0.0637435983,0.0787000654949737
GIFFAE_clean,5.12876,3.25577,5.12146,1.85543,0.0,0.0,1249.04,673.178,0.5526,0.297828,0.0,1,0.0551255732,0.051209858768715096
GIMSUS_clean,4.94182,3.17204,4.94182,1.63504,0.0,0.0,541.618,331.257,0.4382,0.268006,0.0,0,0.0350634994,0.03263973302365713
GIQYIP_clean,4.93593,3.90727,4.93593,1.7362,1686.39,971.31,0.0,0.0,0.5894,0.339477,0.0,1,0.0576335142,0.06097019929349202
GIRXUC_clean,9.02646,6.62876,9.00319,0.768463,2450.96,3189.43,0.0,0.0,0.7778,1.01215,0.0,1,0.2050740711,0.21021609503186667
GISNED_clean,16.88394,10.60987,16.88394,0.446812,2036.44,4557.7,0.0,0.0,0.8226,1.84104,0.0,0,0.3735846209,0.3729846860308799
GISZUD_clean,6.49431,5.39638,6.48428,1.08851,2690.71,2471.91,0.0,0.0,0.726,0.666964,0.0,1,0.1147148313,0.12047602876985246
GITTOT_manual,11.41369,3.07343,11.41369,0.903406,0.0,0.0,1406.08,1556.42,0.6252,0.692048,0.0,0,0.1027446654,0.10864023835102458
GITVEL_clean,15.24588,13.37948,15.24588,0.777112,1827.71,2351.93,0.0,0.0,0.724,0.931654,0.0,0,0.1663339637,0.1816976874289079
GIVNOQ_clean,7.18513,5.72761,7.17339,0.897407,2341.84,2609.57,0.0,0.0,0.648,0.72208,0.0,1,0.1331605228,0.1452731945693282
GIWCOF_ion_b,6.18603,4.18536,6.1755,1.09485,1872.24,1710.03,0.0,0.0,0.5864,0.535596,0.0,1,0.0892041163,0.09593299997246327
GIYSUD_clean,5.72746,4.12193,5.64984,1.21514,2074.82,1707.48,0.0,0.0,0.605,0.497886,0.0,1,0.0881100808,0.0975327482441286
GIZXET_clean,4.75858,3.81827,4.66708,0.984908,1381.16,1402.32,0.0,0.0,0.5818,0.590715,0.0,0,0.0998382732,0.09007931307356058
GOGSIF_clean,8.22407,5.82511,8.22407,0.843093,1913.32,2269.41,1.31012,1.55395,0.6484,0.769073,0.0,1,0.1177573108,0.14226945803467575
GOLQII_clean,3.73015,3.36962,3.7227,2.16778,133.498,61.5829,0.0,0.0,0.3658,0.168744,0.0,1,0.011141295,0.01309162697721876
GONTAG_clean,3.69316,3.31113,3.69316,1.23517,630.32,510.311,0.0,0.0,0.5362,0.434111,0.0,1,0.0590945843,0.05598953022973278
GOSKEG_clean,7.10002,5.21425,6.59335,0.943193,1754.71,1860.4,1.38955,1.47324,0.6182,0.655433,0.0,1,0.122066103,0.11500851199280059
GOSRIP_clean,4.372,2.69453,4.26367,1.80918,0.0,0.0,629.086,347.719,0.5122,0.283112,0.0,1,0.0429800391,0.04005591431100161
GOXMEN_clean,5.02477,2.84713,3.58468,1.34483,0.0,0.0,265.483,197.411,0.4038,0.300261,0.0,0,0.0253141292,0.025419004647421875
GOYPAN_clean,3.85595,2.62604,3.83887,1.53512,0.0,0.0,185.167,120.621,0.4784,0.311637,0.0,0,0.0256153541,0.02546197873220378
GOYPER_clean,3.86862,2.68927,3.85387,1.4708,0.0,0.0,194.38,132.159,0.4886,0.3322,0.0,0,0.0313186057,0.03108335450333668
GOYXID_clean,3.92669,3.05098,3.92204,2.25635,0.0,0.0,137.765,61.0567,0.3626,0.160702,0.0,1,0.0118569104,0.01367305693545845
GUANZS_clean,5.10287,4.04623,5.10287,1.31647,2066.97,1570.09,0.0,0.0,0.6518,0.495113,0.0,0,0.0914363236,0.09401022350255088
GUBKUL_clean,8.78437,8.58193,8.78437,1.65394,1300.1,786.066,0.0,0.0,0.597,0.360957,0.0,1,0.0687371171,0.05895468805061526
GUBSED_clean,4.28713,3.01795,4.27044,1.39474,0.0,0.0,612.968,439.485,0.4958,0.355478,0.0,1,0.04234777,0.04419224454166465
GUHPAC_clean,8.2386,5.1093,8.2386,0.972915,1925.54,1979.14,0.0,0.0,0.6264,0.643838,0.0,1,0.1195982406,0.12296203264965457
GUJGAU_clean,4.66296,2.95254,4.66296,1.64426,0.0,0.0,636.356,387.016,0.4316,0.262488,0.0,0,0.0279714998,0.0356536483224685
GUJGEY_clean,4.66121,2.89757,4.66121,1.69984,0.0,0.0,615.816,362.279,0.438,0.257672,0.0,0,0.0266183931,0.03526480192997675
GUKFEY_clean,5.44718,4.31032,5.44265,0.953017,1818.67,1908.33,0.0,0.0,0.6068,0.636715,0.0,1,0.1105745534,0.10992791156448543
GUKXIU_clean,4.00797,2.85782,3.79346,2.8046,0.0,0.0,211.355,75.3601,0.3234,0.115311,0.0,1,0.0121319127,0.014443733353892874
GULPIN_clean,4.25802,3.49743,4.22359,1.39734,591.978,423.648,0.0,0.0,0.4574,0.327337,0.0,1,0.0372727618,0.03799005981657181
GUPREQ_clean,6.00262,3.86824,5.65571,1.31,1012.28,772.734,0.0,0.0,0.4954,0.378168,0.0,1,0.0506199972,0.05104802825909738
GUQTOB_clean,3.95311,3.16468,3.95311,2.71398,0.0,0.0,353.909,130.402,0.4128,0.152101,0.0,1,0.0179834933,0.020542907489162182
GUQWOG_clean,7.33297,4.64507,7.06229,0.957966,1896.24,1979.44,0.0,0.0,0.6126,0.63948,0.0,0,0.1175784501,0.1194073090200751
HAFSOZ_clean,6.82545,2.91099,6.82258,1.28721,0.0,0.0,1087.16,844.587,0.5828,0.452762,0.0,1,0.074141352,0.06521999185979227
HAJDII_clean,7.11031,6.37447,7.11031,1.26291,989.015,783.122,12.4903,9.89007,0.5394,0.427108,0.0,0,0.0546279435,0.059021238100819266
HAJLOU_clean,5.886,3.5289,5.886,1.35798,373.139,274.776,0.0,0.0,0.3686,0.271433,0.0,0,0.0202580765,0.024944180414952402
HAJLUA_clean,5.93833,3.59787,5.73261,1.34629,399.566,296.791,0.0,0.0,0.3782,0.28092,0.0,0,0.0216390043,0.025056548690272545
HAKSAQ_clean,8.06664,3.9387,8.06075,1.15948,1831.32,1579.42,0.0,0.0,0.63,0.543345,0.0,0,0.1122086614,0.10121973193395604
HAKTOF_clean,8.10985,2.73318,7.84132,1.46538,0.0,0.0,1193.47,814.443,0.561,0.382837,0.0,1,0.0876882812,0.0624678664016589
HAKWAU_clean,7.77196,4.02298,7.7515,0.967928,1840.06,1901.03,0.0,0.0,0.6374,0.65852,0.0,1,0.128058947,0.11729236251467402
HALQUJ_clean,5.83271,4.11171,5.82021,0.775057,2252.16,2905.8,0.0,0.0,0.6658,0.859034,0.0,0,0.1512761857,0.1545387071541063
HALVAU_clean,7.2529,4.09487,7.24788,1.02599,1723.2,1679.54,0.0,0.0,0.6096,0.594156,0.0,1,0.1039327294,0.10555010597146261
HAPHUD_clean,8.47502,6.8337,8.46296,0.827108,1882.02,2275.42,0.0,0.0,0.6618,0.800137,0.0,1,0.1535509002,0.14941009732207447
HAPNUK_clean,5.80307,3.70444,5.7954,1.49676,1370.95,915.947,0.0,0.0,0.5352,0.357572,0.0,1,0.0553834023,0.06315533829234696
HAPPAS_clean,5.66478,3.61524,5.6614,1.54511,1255.98,812.875,0.0,0.0,0.5282,0.341853,0.0,1,0.0525300094,0.057957359209191345
HAPVAX_clean,4.77798,4.3693,4.77798,2.75276,1214.15,441.064,0.0,0.0,0.4816,0.174951,0.0,1,0.0321275121,0.037462409318151105
HAPVEB_clean,4.76596,4.34263,4.75951,2.7741,1216.03,438.349,0.0,0.0,0.4794,0.172813,0.0,1,0.0319479141,0.03667260467759821
HASMIZ_clean,9.9371,5.9051,9.93469,0.740129,2096.9,2833.15,0.0,0.0,0.687,0.928217,0.0,0,0.1775719938,0.17825311646374153
HAWREE_clean,5.95677,4.26157,5.93982,1.29463,1394.9,1077.46,0.0,0.0,0.5154,0.398107,0.0,0,0.0665456959,0.07458298842162048
HAWWUZ_clean,6.85987,6.20916,6.70163,1.02767,2542.94,2474.47,0.0,0.0,0.6868,0.668309,0.0,1,0.1336094424,0.1351024020484391
HAZSIL_clean,7.68408,4.67009,7.68408,1.19851,1999.16,1668.03,0.0,0.0,0.6332,0.528321,0.0,1,0.0974603865,0.10301256786057496
HEBNOT_clean,6.16705,5.25559,6.16705,2.0588,1791.16,870.001,0.0,0.0,0.601,0.291917,0.0,1,0.0486755089,0.05287854310902177
HEBTAL_clean,4.70614,3.03297,4.70614,1.23596,0.0,0.0,810.622,655.866,0.5042,0.407943,0.0,1,0.061962452,0.055739140736561846
HEDCEA_clean,4.75561,2.92557,4.72634,1.27525,0.0,0.0,489.429,383.789,0.4862,0.381257,0.0,0,0.0389395246,0.03920571619615275
HEFDON_clean,9.34267,6.30544,9.30322,1.26616,1290.92,1019.56,0.0,0.0,0.564,0.445443,0.0,1,0.0754071946,0.07672454631062309
HEFFEF_clean,9.54316,8.35297,9.54316,1.17123,1191.49,1017.3,0.0,0.0,0.5608,0.478813,0.0,1,0.0799334413,0.07934023134894973
HEKTAU_clean,4.87289,4.04271,4.86475,1.11842,1707.65,1526.84,0.0,0.0,0.5666,0.506605,0.0,1,0.0880393792,0.08986546796395935
HENYUV_clean,4.33819,2.97954,4.33146,1.54934,0.0,0.0,402.823,259.996,0.5022,0.324138,0.0,0,0.0381495153,0.03744482578750231
HEYFUM_clean,4.40012,2.73373,4.23135,2.58936,0.0,0.0,345.814,133.552,0.4726,0.182516,0.0,1,0.0221627356,0.02215521058490355
HIBGEF_clean,4.68206,3.60956,4.68206,1.41956,703.501,495.576,0.0,0.0,0.4404,0.310237,0.0,0,0.0370038508,0.03621817790297699
HICVOG_clean,4.78823,4.34338,4.74662,1.25646,1202.69,957.206,0.0,0.0,0.553,0.440126,0.0,1,0.0819999445,0.06556701308922802
HIFTUM_clean,6.30533,4.49793,6.29978,1.16773,1014.53,868.802,0.0,0.0,0.5164,0.442225,0.0,1,0.0456094677,0.05778894228411781
HIHFOV_clean,4.86314,3.46095,4.86114,1.09882,730.753,665.036,0.0,0.0,0.4806,0.437379,0.0,0,0.0557638947,0.05084467724507888
HIHGAI_clean,10.55614,5.67197,10.5437,1.00791,1714.99,1701.54,0.0538795,0.0534569,0.6458,0.640735,0.0,1,0.1188898371,0.12292671705075617
HIQNAY_clean,6.18436,4.94333,5.98081,1.31558,928.05,705.433,194.939,148.177,0.529,0.402105,0.0,1,0.0621048647,0.060542729249712116
HISGAT_clean,5.66636,4.82954,5.66636,1.37462,738.511,537.249,0.0,0.0,0.318,0.231337,0.0,1,0.0438773785,0.03512533074747093
HISGIB_clean,6.02888,4.81928,6.02888,1.46684,832.757,567.721,0.0,0.0,0.4806,0.327643,0.0,1,0.0430269813,0.04138518251851051
HIWKEE_clean,5.33619,3.90302,5.22967,1.1804,712.798,603.863,412.05,349.077,0.5362,0.454254,0.0,1,0.0584035576,0.07468303644026572
HIWLIK_clean,4.58174,3.69427,4.58174,1.68973,1137.53,673.202,0.0,0.0,0.5902,0.349287,0.0,1,0.0541177313,0.04898206889565876
HIWLOQ_clean,5.62306,3.85048,5.61686,1.5787,1548.3,980.742,0.0,0.0,0.6176,0.391207,0.0,1,0.064902798,0.062351217703492404
HIYMAF_clean,4.37654,2.76711,4.36181,2.0627,0.0,0.0,338.32,164.019,0.3356,0.1627,0.0,1,0.0310025677,0.022698117489253378
HIYYEU_clean,4.58192,3.82938,4.58192,1.15929,890.249,767.928,0.0,0.0,0.475,0.409735,0.0,0,0.0360301291,0.053027586489486606
HIZQEN01_clean,5.09985,3.87591,5.09025,1.50728,1179.77,782.72,0.0,0.0,0.547,0.362907,0.0,1,0.0583879514,0.05637448763617234
HIZQUD_clean,6.30539,5.26051,6.30539,1.49546,1378.73,921.943,0.0,0.0,0.5664,0.378747,0.0,1,0.0670620153,0.06660496053103468
HOBGAH_clean,4.98965,4.17051,4.98965,1.41285,672.875,476.256,0.0,0.0,0.4416,0.312561,0.0,0,0.0254718477,0.03246354478182055
HOBGIP_clean,4.56618,4.05009,4.56618,1.4926,751.203,503.284,0.0,0.0,0.4242,0.284201,0.0,0,0.0357566805,0.03713605428798401
HOGJOD_clean,4.75742,3.71555,4.75742,1.43501,995.445,693.686,0.0,0.0,0.5006,0.348848,0.0,0,0.0484376825,0.051658427856809026
HOGQIF_clean,4.41978,2.89426,4.41978,1.80256,0.0,0.0,260.638,144.593,0.3736,0.207261,0.0,1,0.015860816,0.020882240962150342
HOHMEX_manual,18.78417,14.89456,18.78417,0.315898,1578.36,4996.42,0.0,0.0,0.8756,2.77178,0.0,0,0.551770313,0.5231105641457785
HOJLUP_clean,6.04405,4.68216,6.04405,0.897215,1739.4,1938.66,0.0,0.0,0.5916,0.659373,0.0,1,0.1083124044,0.11169998266088615
HOJPAZ_clean,4.0071,3.01444,3.78054,1.23576,0.0,0.0,174.773,141.43,0.511,0.413512,0.0,0,0.0429081479,0.03958225358756685
HOKLIE_clean,5.61648,4.05301,5.61199,1.31362,1114.73,848.591,0.0,0.0,0.4902,0.373167,0.0,1,0.0604836973,0.05653514014769755
HOMZEP_clean,8.52957,6.78202,7.76045,1.30479,1180.46,904.71,435.839,334.03,0.602,0.461377,0.0,1,0.1078695532,0.09689885085214876
HOQMIL01_clean,5.56977,4.83187,5.56337,1.16042,1122.88,967.652,0.0,0.0,0.4848,0.417781,0.0,0,0.0686955106,0.06324510847141537
HOQMIL03_clean,5.60791,4.87769,5.56878,1.15397,1143.32,990.77,0.0,0.0,0.4896,0.424274,0.0,0,0.0707289803,0.06613927161444531
HOQMUX_clean,4.86191,4.39042,4.86191,1.23808,888.924,717.986,0.0,0.0,0.4546,0.367182,0.0,0,0.0510081957,0.047944945335140945
HOQNEI_clean,5.27742,4.83558,5.27742,1.18109,1071.17,906.928,0.0,0.0,0.4762,0.403186,0.0,0,0.063221919,0.0573924602313061
HORHAY_clean,4.10114,3.04525,4.10114,1.17808,0.0,0.0,503.221,427.153,0.503,0.426966,0.0,0,0.0397430578,0.044546237268884
HOTWUJ_clean,4.28095,3.36803,4.27939,1.98384,592.121,298.472,0.0,0.0,0.48,0.241955,0.0,1,0.0320114735,0.03380316796266191
HOWJEK_clean,3.99229,3.40619,3.99097,1.96697,432.183,219.72,0.0,0.0,0.4482,0.227863,0.0,1,0.0275530995,0.02767944726736493
HOWSAP_clean,6.71751,4.61596,6.71751,1.15559,1670.87,1445.9,0.0,0.0,0.5844,0.505717,0.0,1,0.0871133519,0.09195060570982042
HOXKUB_clean,6.32021,4.20706,6.31633,1.716,1292.29,753.082,0.0,0.0,0.5408,0.315151,0.0,1,0.0598946807,0.05238074740710026
HOXSUK_clean,6.8634,6.5073,6.8549,1.07828,1271.94,1179.6,0.0,0.0,0.553,0.512854,0.0,1,0.0888353366,0.08355044533065238
HOZBUV_clean,7.91812,7.59324,7.91812,1.47122,1126.87,765.945,0.0,0.0,0.5294,0.359837,0.0,1,0.050770687,0.05226411057299992
HOZDIL_clean,4.45764,2.70708,3.66651,1.7208,0.0,0.0,207.17,120.392,0.383,0.22257,0.0,1,0.0235814669,0.01850114712790453
HUCFAO_clean,5.18257,3.1685,4.9152,1.24354,0.0,0.0,1008.37,810.885,0.5162,0.415105,0.0,0,0.0570546613,0.059966116142788586
HUCXIO_clean,6.71014,3.72796,6.70426,1.27761,1431.04,1120.09,0.0,0.0,0.554,0.433623,0.0,0,0.0718100238,0.07728529840048998
HUCXOU_clean,6.73345,3.74488,6.72117,1.28647,1439.37,1118.85,0.0,0.0,0.5556,0.43188,0.0,0,0.0716179894,0.0774277473824772
HUFHOH_clean,11.37997,7.84586,11.37913,0.791329,2050.25,2590.9,0.0,0.0,0.7294,0.921741,0.0,1,0.1645484684,0.18893343433253523
HUFHUN_clean,11.46361,8.17134,11.46361,0.780594,2181.16,2794.23,0.0,0.0,0.7478,0.957988,0.0,1,0.171870936,0.20412362628126113
HUFMUS_clean,4.79853,3.61328,4.79853,1.52895,747.86,489.132,0.0,0.0,0.4994,0.326629,0.0,1,0.0359068377,0.039151662482823577
HUFYIS_clean,4.3139,3.55368,4.30056,2.21162,511.056,231.077,0.0,0.0,0.5152,0.232951,0.0,1,0.024601245,0.027109979205779483
HUHJOL_clean,5.1326,3.26277,5.12759,1.44588,0.0,0.0,454.384,314.261,0.4232,0.292693,0.0,1,0.0201479975,0.031135650472691463
HULTEN_clean,5.18269,3.6406,5.1729,1.69201,1269.56,750.33,0.0,0.0,0.571,0.337469,0.0,0,0.0731319629,0.060873035490070705
HUPQIU_clean,11.12952,5.24741,11.12952,1.02735,1615.52,1572.51,0.0,0.0,0.5816,0.566115,0.0,1,0.0875794261,0.11703922291565733
HUQHEI_clean,10.39855,7.33583,10.39855,0.70723,1815.66,2567.28,0.0,0.0,0.6916,0.9779,0.0,1,0.1901311864,0.18289931275782922
HURFEH_clean,7.40163,5.27423,7.39913,1.02718,1852.44,1803.42,0.0,0.0,0.6308,0.61411,0.0,1,0.1122226536,0.11440351691698211
HURGUX01_clean,4.95927,3.84058,4.95343,1.32588,650.018,490.253,0.0,0.0,0.4448,0.335474,0.0,1,0.0412340102,0.0360330053247987
HURGUX_clean,4.97475,3.84254,4.97057,1.32525,657.853,496.398,0.0,0.0,0.4546,0.343029,0.0,1,0.0422350582,0.03645116007870275
HURQUG_clean,6.31098,3.21738,6.31098,1.67305,0.0,0.0,879.917,525.936,0.5212,0.311527,0.0,0,0.0422104665,0.04742462716445375
HUVHIR_clean,6.43752,3.3852,6.43752,1.55619,990.748,636.65,0.0,0.0,0.5272,0.338777,0.0,1,0.0509252164,0.04973550861433827
HUWSUN_clean,6.32885,4.07784,6.32149,0.837909,1976.96,2359.4,0.0,0.0,0.6126,0.731105,0.0,0,0.129644125,0.13523523760758066
HUXDOT_clean,4.56892,2.97523,4.55488,1.62038,0.0,0.0,450.335,277.92,0.514,0.31721,0.0,1,0.030655178,0.03325490268991606
HUYKAN_clean,9.77773,6.64666,9.77773,0.912205,1093.16,1198.37,132.875,145.663,0.5876,0.644153,0.0,1,0.095907395,0.09836893648763918
HUYKIV_clean,13.89985,13.68041,13.89985,0.580343,1228.9,2117.55,17.6299,30.3783,0.7586,1.30716,0.0,1,0.2395737807,0.24736145144319469
HUYKUH_clean,11.74767,8.70516,11.74078,0.798853,1389.42,1739.27,15.3936,19.2696,0.6548,0.819675,0.0,0,0.1310401081,0.140860563562426
HUZFEO_clean,5.36799,3.75589,5.36799,1.02114,1113.68,1090.63,0.0,0.0,0.58,0.567992,0.0,0,0.0804999197,0.07953613583261898
HUZLIY_clean,5.13042,3.32571,5.12351,2.29627,857.325,373.355,0.0,0.0,0.4596,0.200151,0.0,0,0.0433460973,0.04178785562938957
HUZXAD_clean,11.46912,7.77199,11.4651,0.64457,2049.85,3180.18,0.0,0.0,0.7146,1.10865,0.0,1,0.2185394138,0.21963184537052327
HUZXOR_clean,11.426,7.94889,11.41586,0.669497,1905.96,2846.85,0.0,0.0,0.7086,1.05841,0.0,1,0.1980966008,0.20561022043285576
HUZXUX_clean,9.29118,6.23555,9.29118,0.722566,1940.52,2685.59,0.0,0.0,0.6812,0.942751,0.0,1,0.1664566694,0.1779717814392168
IBABOF01_clean,5.88201,4.55805,5.8327,1.10239,1625.66,1474.66,0.0,0.0,0.5558,0.504176,0.0,0,0.0909335511,0.09072067023735676
IBABOF_clean,5.93645,4.5492,5.93645,1.10165,1649.71,1497.5,0.0,0.0,0.558,0.506515,0.0,0,0.090789525,0.09344057744332791
IBACAS_clean,6.00206,4.65234,5.82846,1.09941,1650.0,1500.81,0.0,0.0,0.5576,0.507182,0.0,0,0.091908886,0.09329784541072128
IBASOV_clean,7.32486,5.10994,7.32486,1.82355,868.952,476.517,0.0,0.0,0.451,0.24732,0.0,0,0.0313062725,0.03249272819521666
IBICED_clean,10.07018,9.94208,10.07018,1.22593,1035.72,844.843,0.0,0.0,0.5562,0.453697,0.0,0,0.0656465159,0.06499339494059062
IBICIH_clean,9.99905,9.84285,9.99905,1.06849,1087.54,1017.83,0.0,0.0,0.5632,0.527098,0.0,0,0.0763366187,0.07814603314576893
IBIRES_clean,6.08051,3.77232,6.05891,1.56855,1166.99,743.994,0.0,0.0,0.5416,0.345287,0.0,1,0.047765547,0.052335949365767076
IBIYOI_ion_b,5.57969,4.82285,5.52558,1.97565,709.524,359.134,0.0,0.0,0.437,0.221193,0.0,1,0.0249710813,0.027974837877547412
IBUBAL_clean,8.56175,6.50064,8.56175,1.3766,1598.36,1161.09,0.0,0.0,0.5934,0.431061,0.0,1,0.075774553,0.08167719506498544
IBUDOZ_clean,5.08668,4.25333,5.08214,1.48919,879.713,590.733,0.0,0.0,0.5098,0.342334,0.0,1,0.0406441093,0.04350441886101809
ic025743v_s1_clean,5.43084,3.59671,5.41371,0.985749,2031.66,2061.03,0.0,0.0,0.67,0.679686,0.0,1,0.1008304061,0.11802554476431999
ic0520162si20051122_054857_clean,4.22657,2.78898,4.22657,2.15998,0.0,0.0,97.2432,45.0204,0.4316,0.199817,0.0,0,0.0095682366,0.017245257235909472
ic060030osi20060309_091447_clean,7.66338,4.13517,7.08387,1.45852,1622.05,1112.12,0.0,0.0,0.6038,0.41398,0.0,1,0.0721402704,0.0762875767868953
ic060608urom20060410_101638_clean,4.58785,3.57723,4.32835,1.52818,688.664,450.644,0.0,0.0,0.5224,0.341845,0.0,0,0.0433714303,0.04207748944822935
ic060771psi20060614_113937_clean,5.26056,3.44551,5.26056,1.3794,1193.29,865.074,0.0,0.0,0.5622,0.407567,0.0,1,0.0656982694,0.0620883589459785
ic100188w_si_002_clean,7.49679,5.33186,7.49523,1.88994,791.307,418.693,0.0,0.0,0.3762,0.199054,0.0,0,0.0325387752,0.027703270366753796
ic101935f_si_002_auto,13.52781,8.78691,13.51433,0.408029,2079.05,5095.35,0.0,0.0,0.8498,2.08269,0.0,0,0.4177988254,0.41517412028103157
ic402058f_si_005_clean,5.71457,4.11763,5.69455,1.40487,535.949,381.495,295.743,210.514,0.4902,0.34893,0.0,1,0.0498737849,0.04818179234586612
ic402280p_si_002_clean,4.83974,2.7849,4.76646,1.84667,0.0,0.0,304.448,164.863,0.438,0.237183,0.0,1,0.0164718228,0.02093488922786388
ic402692p_si_003_clean,5.22305,3.60975,4.94835,1.24721,1324.38,1061.87,0.0,0.0,0.5356,0.429439,0.0,1,0.0825132075,0.07320140166671829
ic402692p_si_005_clean,8.36657,7.12488,8.36657,1.09017,2068.01,1896.96,0.0,0.0,0.651,0.597155,0.0,1,0.1220899404,0.11909642215963309
ic403134c_si_002_clean,5.082,3.77684,5.05347,1.04512,1065.89,1019.88,0.0,0.0,0.4842,0.463297,0.0,0,0.0759516086,0.06870459503593278
ic5011133_si_002_clean,5.81331,3.76182,5.80948,1.18896,1513.31,1272.8,0.0419839,0.0353114,0.5602,0.471167,0.0,1,0.084095187,0.08235473531881563
ic501801f_si_003_clean,7.15079,6.5153,7.14534,0.88298,1302.1,1474.67,43.0565,48.7627,0.5668,0.641917,0.0,1,0.0882382663,0.1023056265453242
ic501898x_si_005_clean,4.55913,2.84233,4.53369,1.386,0.0,0.0,789.001,569.263,0.4746,0.342423,0.0,0,0.0442233002,0.04792552904418024
ic502643m_si_007_clean,13.1918,11.62964,13.1918,0.690929,2270.17,3285.68,0.0,0.0,0.7542,1.09157,0.0,1,0.2269963482,0.23018690983156864
ic502643m_si_009_clean,12.65736,11.14997,12.63796,0.678305,2348.61,3462.47,0.0,0.0,0.757,1.11602,0.0,1,0.2356150087,0.2319066021323212
ic502725y_si_004_clean,9.62394,4.35849,9.62394,1.57097,2049.09,1304.34,0.0,0.0,0.6364,0.405099,0.000509239,0,0.0761624863,0.09473788962164277
ic5b00535_si_002_clean,17.88281,5.61829,17.88281,0.59819,1804.02,3015.8,0.0,0.0,0.749,1.25211,0.000668684,0,0.2352220065,0.2525562226440782
ic7014034-file001_clean,6.72718,4.71693,5.67099,0.945137,1965.67,2079.78,0.0,0.0,0.6212,0.657259,0.0,1,0.1147773184,0.1197708851924271
ic8004536-file004_clean,6.6968,4.95321,6.255,1.67243,1875.63,1121.5,0.0,0.0,0.609,0.364141,0.000119587,1,0.0615206832,0.07069114805825974
ICAQIO_clean,20.39112,7.95732,20.39112,0.40349,1914.78,4745.53,0.0,0.0,0.8268,2.04912,0.0,0,0.421881798,0.42590734008374115
ICIVAS_clean,5.79063,4.60472,5.70801,1.33492,507.517,380.187,462.251,346.277,0.4564,0.341894,0.0,1,0.0613495142,0.056919593818240584
ICIZOL_clean,4.66454,3.07422,4.31426,1.23139,0.0,0.0,613.128,497.913,0.5064,0.411241,0.0,1,0.0555591161,0.04971240166866409
ICOYIK_clean,4.99706,3.19605,4.99329,1.57134,0.0,0.0,680.908,433.329,0.479,0.304835,0.0,1,0.0442674898,0.038906733172852315
IDEYOF_clean,10.03153,6.17304,10.03153,0.42881,2478.11,5779.04,0.0,0.0,0.8074,1.88288,0.0,1,0.3793083217,0.36452900106777886
IDIWUN_clean,10.73827,9.8398,10.73827,0.874765,1685.19,1926.45,0.0,0.0,0.684,0.781924,0.0,0,0.148191869,0.14436272391341937
IDUDES_clean,4.4794,2.97646,4.4794,1.27416,0.0,0.0,657.369,515.924,0.5018,0.393829,0.0,0,0.0580994835,0.04924965068789174
IFAHEC_clean,8.64157,7.39543,8.63925,1.95986,1143.21,583.31,50.6979,25.8681,0.5464,0.278795,0.0,1,0.0704658852,0.05326037143355879
IFENOY_clean,7.29661,5.78947,7.29661,1.34939,546.821,405.234,0.0,0.0,0.4514,0.33452,0.0,0,0.0244575894,0.030951157269579636
IFEYIB_clean,5.67304,3.77404,5.54772,1.56953,1870.34,1191.66,0.0,0.0,0.6516,0.415157,0.0,1,0.0665153161,0.06777555070054156
IFUXOW_clean,5.75578,2.87381,5.73819,1.23287,0.0,0.0,1395.4,1131.83,0.5806,0.470935,0.0,1,0.0659879432,0.07479672811617463
IGEXOH_clean,5.20725,4.43194,5.19154,1.26433,2211.95,1749.5,0.0,0.0,0.6598,0.521856,0.0,0,0.0998950017,0.09523437902248025
IGINIX_clean,5.75448,3.84672,5.66179,1.27352,1748.75,1373.16,0.0,0.0,0.5668,0.445064,0.0,1,0.0870073999,0.081256746005745
IGIZEF_clean,4.69926,3.5008,4.58086,1.87274,282.887,151.055,108.889,58.1444,0.4116,0.219785,0.0,1,0.0277952396,0.019245716127251664
IGOJEV_clean,6.84915,5.33678,6.8307,1.1268,1367.78,1213.86,0.0,0.0,0.5334,0.473376,0.0,0,0.0849381095,0.0817716732411275
IJASOC_clean,6.30976,5.8805,6.27431,1.0194,1983.73,1945.99,0.0,0.0,0.653,0.640576,0.0,1,0.1086593425,0.12077651721868954
IJEVIE_clean,6.39858,3.56516,6.38456,1.47483,1314.49,891.28,0.423263,0.286991,0.5748,0.389739,0.0,1,0.072935996,0.06303086231685434
IJUTEM_clean,7.42822,3.46008,7.42822,1.4496,1196.69,825.529,190.636,131.509,0.5614,0.38728,0.0,0,0.076183974,0.0722251598928712
IKEBUV01_clean,4.90885,3.89845,4.88149,1.28693,1923.5,1494.65,0.0,0.0,0.6236,0.484565,0.0,1,0.0815242391,0.08780536632726543
IKEBUV_clean,4.87862,3.88747,4.8574,1.29691,1916.47,1477.73,0.0,0.0,0.6176,0.47621,0.0,1,0.0799232886,0.08620402566308255
IKETOH_manual,13.20001,6.4144,13.20001,0.879595,2120.61,2410.89,0.0,0.0,0.713,0.810601,0.0,1,0.1716996049,0.1709693379158217
IKOKEA_clean,6.08904,3.3904,6.07977,1.63594,1155.87,706.549,0.0,0.0,0.5166,0.315782,0.0,0,0.0591920189,0.056205626638754565
IKOPIJ_clean,5.93474,4.94123,5.93474,1.12209,2241.63,1997.73,0.0,0.0,0.5918,0.527408,0.0,1,0.0987918636,0.10748921837014067
IKOQII_clean,4.83665,3.16343,4.83665,1.17628,0.0,0.0,470.334,399.848,0.5636,0.479137,0.0,0,0.038353267,0.044561422541013855
IKOSOQ_clean,5.18747,4.15785,5.187,1.04558,711.454,680.438,252.551,241.541,0.5228,0.500009,0.0,1,0.0685343541,0.06692301040542221
IKOVAH_clean,16.06628,15.68836,16.05839,1.01053,1521.53,1505.68,0.0,0.0,0.6416,0.634917,0.0,1,0.1377379257,0.13062439464011014
ILECIN_clean,4.56784,2.62927,4.39537,1.14451,0.0,0.0,561.319,490.444,0.5344,0.466924,0.0,0,0.0508131552,0.04878792262057364
ILIMUN_clean,6.19427,4.05594,6.18143,1.18958,950.094,798.68,0.0,0.0,0.473,0.397619,0.0,0,0.051650112,0.05172024424496424
ILITUT_manual,12.63372,9.84913,12.63125,0.49196,2089.33,4246.95,0.0,0.0,0.786,1.59769,0.0,1,0.3198736221,0.32986129826398936
ILOSOS_clean,8.86399,3.09735,8.84245,1.09578,0.0,0.0,1114.02,1016.64,0.5824,0.531492,0.0,1,0.0665236027,0.08021738088412941
ILOTOT_clean,4.12508,3.17559,4.11568,1.43009,0.0,0.0,259.474,181.44,0.393,0.274808,0.0,0,0.0169209113,0.02556239916130082
ILUFIF_clean,7.09777,3.09218,7.09763,1.56986,0.0,0.0,598.426,381.198,0.4914,0.313022,0.0,1,0.0359166114,0.03432357869895598
ILUFOL_clean,7.10624,3.06586,7.10592,1.59676,0.0,0.0,603.154,377.736,0.4902,0.306997,0.0,1,0.0361242588,0.03512923257449517
ILUHON_clean,7.0969,3.0903,7.07606,1.53277,0.0,0.0,600.316,391.655,0.4938,0.322163,0.0,1,0.0350815987,0.03634789738405293
ILUJAB_clean,7.14322,3.19958,7.14322,1.49429,0.0,0.0,615.271,411.748,0.483,0.323231,0.0,1,0.0365429968,0.03710813202013245
ILUJIJ_clean,7.16071,3.15378,7.16071,1.52527,0.0,0.0,614.248,402.714,0.4956,0.324926,0.0,1,0.0360063107,0.03732573508891476
INESIE_clean,4.15862,2.63435,4.09466,1.47296,0.0,0.0,121.669,82.602,0.4302,0.292066,0.0,0,0.0158669768,0.0192113411921966
INIQUR_clean,6.2915,4.5306,6.2915,1.16326,1032.52,887.604,0.0,0.0,0.5158,0.443408,0.0,1,0.0446373018,0.05783296359110818
INIXOT_clean,3.98278,3.32513,3.98278,1.84127,266.343,144.652,0.0,0.0,0.4098,0.222564,0.0,1,0.0404076593,0.018811174706596392
INOMIJ_clean,7.95221,7.58337,7.95221,0.978026,1630.8,1667.44,0.0,0.0,0.607,0.620638,0.0,1,0.1267316273,0.1121338527386265
INOVEN_clean,6.5916,4.86656,6.58623,1.1112,2296.52,2066.7,0.0,0.0,0.6394,0.575413,0.0,1,0.1168187608,0.11725361395951259
IPICOA_clean,5.44441,4.81551,5.37454,1.57966,1489.86,943.154,0.0,0.0,0.6242,0.395149,0.0,0,0.0685812376,0.0649290433799145
IPIDUH_clean,5.17469,3.85894,5.16774,1.5676,1161.37,740.859,0.0,0.0,0.5352,0.341413,0.0,1,0.0451415013,0.052304209752822725
IPIHIA_clean,4.19682,3.6848,4.18995,1.35995,968.941,712.483,0.0,0.0,0.4832,0.355307,0.0,1,0.0429446062,0.05427393782948775
IPIJEY_clean,5.9118,5.17695,5.9118,1.3358,1030.18,771.213,0.0,0.0,0.4974,0.372363,0.0,1,0.0537454602,0.05169019006593319
IQEKOG_clean,6.56789,4.70003,6.53165,0.994726,2095.71,2106.82,0.0,0.0,0.6568,0.660283,0.0,1,0.1244671971,0.12496440579940703
IQIDES_clean,4.41091,3.06466,4.32573,1.33382,0.0,0.0,619.188,464.22,0.518,0.388357,0.0,0,0.0698823008,0.04860011443289766
IQIPAZ_clean,5.68593,3.36787,5.68593,1.52427,553.312,363.001,0.0,0.0,0.404,0.265044,0.0,1,0.0341728132,0.030222241274572986
IQOKIK_clean,6.46497,4.73774,6.45982,0.941841,1852.78,1967.19,0.0,0.0,0.5902,0.626645,0.0,1,0.1095381443,0.11301722704405384
IQUCOO_clean,6.46968,5.45118,6.44712,1.037,1366.21,1317.47,0.0,0.0,0.5412,0.521892,0.0,1,0.0929068517,0.08802493525967624
IRAJER_clean,5.44662,5.0231,5.44662,2.01995,992.271,491.236,0.0,0.0,0.4872,0.241195,0.0,0,0.056947722,0.04246618707864345
IRISAD_clean,3.55041,3.37764,3.54765,2.02637,457.974,226.007,0.0,0.0,0.5816,0.287016,0.0,0,0.0544787976,0.04190724432346437
IROHAZ_clean,4.52679,2.88571,4.51817,4.4706,0.0,0.0,254.201,56.8605,0.364,0.0814208,4.47e-05,1,0.0070720961,0.025698986003106702
IROVAO_clean,6.12408,5.59581,6.1197,2.89163,1515.71,524.173,0.0,0.0,0.544,0.188129,0.0,1,0.0357842111,0.036244402340488105
ISIYOZ01_clean,3.99213,2.80137,3.95177,2.22064,0.0,0.0,308.316,138.841,0.4398,0.198051,0.0,0,0.0199063795,0.024432085304600393
ISUCUV_clean,5.63872,3.87203,5.63872,1.06793,1382.56,1294.62,0.0,0.0,0.5686,0.532434,0.0,1,0.0922876704,0.0820600016036617
ISUGIN_clean,6.04571,2.89186,6.04571,2.18598,0.0,0.0,339.886,155.485,0.424,0.193964,0.0,0,0.018641542,0.02401702400005308
ISUGOT_clean,6.0411,2.94156,6.03863,2.13035,0.0,0.0,341.624,160.36,0.4272,0.20053,0.0,0,0.0193062751,0.023913938141861796
ITAPAU_clean,4.795,4.07473,4.77797,1.13588,2690.44,2368.6,0.0,0.0,0.6968,0.613446,0.0,1,0.0896026495,0.10476052996448001
ITIWAK_clean,5.0332,4.12661,5.01239,1.10257,950.216,861.818,65.1005,59.0442,0.5042,0.457294,0.0,0,0.0644980035,0.06259818172241374
IVEQEG_clean,4.62536,3.17511,4.62536,1.52175,0.0,0.0,530.049,348.315,0.4134,0.27166,0.0,0,0.0404756669,0.03198153052078543
IVILEG_clean,14.1452,13.26623,14.13413,0.718024,1541.13,2146.34,0.0,0.0,0.7232,1.00721,0.0,1,0.1869200125,0.18713782424720826
IVIXIW_clean,3.69588,3.20784,3.69588,1.83643,0.0,0.0,96.2341,52.4027,0.328,0.178607,0.0,1,0.0068549757,0.012872063188385005
IVOGUX_clean,5.27459,4.52668,5.27459,1.48634,1223.66,823.275,0.0,0.0,0.5418,0.36452,0.0,1,0.0576750651,0.05814742035069983
IWAYEK_clean,9.36738,4.35185,9.36738,1.20213,1638.24,1362.78,0.0,0.0,0.576,0.479148,0.0,1,0.0846682244,0.09185077023824527
IWELIG01_clean,4.6866,4.49829,4.6866,1.86798,511.71,273.938,140.313,75.1146,0.3994,0.213814,0.0,0,0.0393098215,0.026528295379597583
IWOSUJ01_clean,5.00717,3.11982,4.90374,1.37206,0.0,0.0,586.133,427.192,0.461,0.335992,0.0,0,0.0503755304,0.039064300299360456
IWOTAQ_clean,5.03988,3.11819,5.03988,1.34559,0.0,0.0,604.473,449.225,0.4676,0.347506,0.0,0,0.0506836047,0.040376157409278954
IXAMEA_clean,4.43443,3.24991,4.43165,1.95953,0.0,0.0,498.604,254.451,0.4838,0.246896,0.0,1,0.0495481921,0.033442863816832605
IXEJOM_clean,15.02825,14.15107,15.02825,0.818993,2120.95,2589.7,0.0,0.0,0.749,0.914537,0.000244202,1,0.18539579,0.19654264614142794
IXEQIL_clean,4.46131,3.00612,4.46131,1.93071,0.0,0.0,214.702,111.204,0.3764,0.194954,0.0,1,0.0190742026,0.01883450124647207
IXIPAG_clean,7.26036,3.75863,5.90499,3.37203,985.803,292.347,369.675,109.63,0.5588,0.165716,0.0,1,0.0247497292,0.033133895411652424
IXIPEK_clean,7.04096,3.63154,5.75307,3.49876,924.617,264.27,341.824,97.6986,0.5428,0.155141,0.0,1,0.0228909388,0.02608220704395399
IXIPIO_clean,7.45471,4.20487,6.02758,3.27069,1181.85,361.346,334.28,102.205,0.5696,0.174153,0.0,1,0.0268795244,0.03883403642973904
IXOFUX01_clean,6.87071,6.41176,6.84188,1.00146,1800.87,1798.25,0.0,0.0,0.6308,0.629881,0.0,0,0.1234025453,0.12101668443683555
IXURID_clean,5.42414,4.17526,5.42124,1.15055,1597.74,1388.68,0.0,0.0,0.5668,0.492633,0.0,1,0.0835613859,0.08499703487738514
IXUWII_clean,7.47721,5.13969,7.4691,0.925259,1534.87,1658.86,0.0,0.0,0.5898,0.637443,0.0,0,0.1131372381,0.11148905443726023
IXUWOO_clean,6.5953,3.20621,6.55588,1.07583,0.0,0.0,1101.94,1024.27,0.5128,0.476656,0.0,0,0.0787435561,0.06667572305457309
IYASOS_clean,5.79357,5.23786,5.68144,1.42202,1531.27,1076.83,0.0,0.0,0.5756,0.404777,0.0,1,0.0762190459,0.0726137320918735
IYAYUE_clean,6.14666,4.14311,6.14666,1.13268,1552.87,1370.97,0.0,0.0,0.598,0.527951,0.0,1,0.0984539393,0.08729213354334704
IYEQUA_clean,4.07083,3.14703,4.06592,1.31059,0.0,0.0,276.61,211.058,0.4676,0.356786,0.0,0,0.0240050162,0.03330106525610444
IYOWID_manual,20.51668,7.7477,20.51668,0.405068,1929.7,4763.89,0.0,0.0,0.822,2.02929,0.0,0,0.4126384123,0.4190122576593024
IYUCEM_clean,9.38043,8.88789,9.38043,1.09901,1267.7,1153.49,0.0,0.0,0.5774,0.525384,0.0,1,0.0861041098,0.08705726483622127
IYUCIQ_clean,9.96651,8.62113,9.96126,0.918137,1921.78,2093.13,0.0,0.0,0.6824,0.743244,0.0,0,0.1405690699,0.14682799713182704
IYUHOA_clean,7.25841,4.65632,7.2501,1.15015,1882.43,1636.69,0.0,0.0,0.5978,0.519759,0.0,0,0.1067635112,0.1011136254306371
IYUHUG_ion_b,9.1569,7.01562,9.1569,0.894019,1922.0,2149.85,0.0,0.0,0.6824,0.763294,0.0,0,0.1391388585,0.14516337064989934
IYUQEZ_clean,14.23268,4.75487,14.22709,0.637403,1240.77,1946.61,289.582,454.315,0.6812,1.06871,0.0,1,0.1979066799,0.19364991387982836
IZEPEJ_clean,23.87439,6.75259,21.66541,0.54542,1808.89,3316.52,0.0,0.0,0.7792,1.42862,0.0,1,0.2932520723,0.3011324777837956
IZEWAN_clean,9.04728,8.48639,9.03641,0.87931,1735.67,1973.9,0.0,0.0,0.6642,0.755365,0.0,1,0.1571690613,0.13709641755188523
IZIHAC_clean,7.3243,5.53893,7.31909,1.3207,1515.57,1147.55,0.0,0.0,0.5694,0.431134,0.0,1,0.0765106461,0.07988990306735161
IZISEQ_clean,4.08842,3.70736,4.08842,1.02254,520.647,509.17,0.0,0.0,0.4678,0.457489,0.0,1,0.0332659526,0.04477694817910048
IZOWAW_clean,18.94727,10.51321,18.93676,1.00603,1791.25,1780.51,0.0981256,0.0975376,0.7888,0.784073,0.0,1,0.1612335976,0.1611554568131187
IZUMUM_clean,5.57902,4.64149,5.57902,1.29431,1246.48,963.048,0.0,0.0,0.5324,0.411338,0.0,0,0.0540251619,0.06580423899626786
IZUVUV_clean,10.56188,10.34053,10.56188,0.902736,1518.51,1682.12,0.0,0.0,0.6572,0.728009,0.0,1,0.1237906496,0.12810461460514058
ja106851d_si_001_clean,4.73011,2.94949,4.70899,1.2762,0.0,0.0,477.149,373.882,0.4834,0.37878,0.0,0,0.03774335,0.03910077738374529
ja302380x_si_003_clean,6.15862,4.38483,5.85392,1.07794,1748.54,1622.12,0.0,0.0,0.6004,0.556988,0.0,1,0.096984677,0.09617524208301105
ja4012707_si_003_clean,5.77734,4.61223,5.7686,1.06481,2227.7,2092.11,0.0,0.0,0.671,0.630159,0.0,0,0.1210801903,0.11402035961939797
ja4012707_si_005_manual,4.21154,3.07955,4.20571,1.28541,0.0,0.0,1016.19,790.553,0.601,0.467554,0.0,0,0.0628031546,0.06756964005683352
ja4050828_auto,29.28345,28.74884,29.27587,0.488759,1535.79,3142.23,0.0,0.0,0.8256,1.68918,0.0,0,0.3318049694,0.3642388262623283
ja406030p_si_003_clean,14.29207,10.12824,14.29207,0.648977,1825.21,2812.44,0.0,0.0,0.775,1.19419,0.0,1,0.2383228272,0.2431091601274025
ja406030p_si_006_manual,12.36076,7.19983,11.84038,0.687816,2106.83,3063.07,0.0,0.0,0.751,1.09186,0.0,1,0.2143203095,0.22387316922873546
ja411887c_si_002_clean,11.91912,9.14993,11.89973,0.619221,2306.85,3725.41,0.0,0.0,0.7606,1.22832,0.0,1,0.2500643718,0.2582356055771118
ja507269n_si_002_clean,27.33946,23.18439,27.33946,0.358752,1494.97,4167.13,0.0,0.0,0.865,2.41113,0.0,1,0.4820079287,0.4957945347934503
ja507269n_si_003_clean,27.20941,25.54914,27.20941,0.339031,1450.85,4279.41,0.0,0.0,0.869,2.56319,0.0,1,0.5144531613,0.516617861533453
ja510525s_si_003-1_clean,10.94267,8.40951,10.74622,0.792307,2099.13,2649.38,0.0,0.0,0.6954,0.87769,0.000252427,1,0.1832322345,0.17716719546354998
ja512437u_si_004_clean,5.66299,4.65074,5.65798,1.30634,1428.94,1093.85,0.0,0.0,0.5386,0.412296,0.0,1,0.0726476532,0.07268613168615418
ja512973b_si_003_auto,21.33814,8.58252,20.92518,0.403686,1883.32,4665.31,0.0,0.0,0.8204,2.03227,0.000495434,0,0.4129462358,0.4242414372029177
ja5b02777_si_002_clean,3.7991,2.89148,3.7991,1.4852,0.0,0.0,236.94,159.535,0.4766,0.3209,0.0,1,0.0399621747,0.030260058316213798
ja5b02777_si_006_clean,3.70012,2.88428,3.69529,1.48055,0.0,0.0,189.684,128.118,0.4896,0.330689,0.0,1,0.0380087744,0.030585415760874382
ja5b02999_si_003_clean,14.70244,11.79351,14.69456,0.775127,1933.94,2495.0,0.0,0.0,0.7872,1.01557,0.0,1,0.2082902533,0.21583117273644137
ja809985t_si_002_clean,22.77836,8.92569,22.41884,0.406231,1793.65,4415.34,0.0,0.0,0.8602,2.11751,0.0,0,0.4460956728,0.4606695019038062
ja907023c_si_002_clean,9.7447,5.39631,9.52834,0.66078,1783.63,2699.29,403.357,610.425,0.6912,1.04604,0.0,0,0.2109923058,0.20289214558741023
jacs.5b12516_ja5b12516_si_004_clean,8.49651,6.78307,8.47146,1.40015,1810.97,1293.41,0.0,0.0,0.6308,0.450522,0.0,1,0.0714728476,0.08521372862492854
jacs.6b01345_ja6b01345_si_001_clean,20.28746,11.03087,20.28746,0.706861,1313.51,1858.23,15.0052,21.228,0.6976,0.986898,0.0,1,0.2086930712,0.18514771306789862
jacs.6b02030_ja6b02030_si_002_clean,9.27827,8.57062,9.27827,1.61278,1536.21,952.52,0.0,0.0,0.6184,0.383437,0.0,1,0.0764508412,0.06983568464439471
jacs.6b06759_ja6b06759_si_003_clean,15.38405,7.99425,15.37857,0.667947,2168.98,3247.23,0.0,0.0,0.7722,1.15608,0.000299425,0,0.2430069472,0.24713771375005983
jacs.6b06759_ja6b06759_si_004_clean,15.4905,7.85668,15.48477,0.558595,2165.23,3876.2,0.0,0.0,0.7746,1.38669,0.000358041,0,0.2906584033,0.2767320903747409
jacs.6b08724_ja6b08724_si_014_clean,28.056,26.5894,28.056,0.284192,1417.0,4986.05,0.0,0.0,0.8798,3.09579,0.0,1,0.6328553774,0.6662641376896608
JADMAF_clean,5.40649,3.68585,5.39971,1.18993,400.217,336.338,47.5494,39.9599,0.4748,0.399016,0.0,1,0.0345906889,0.038380735355862984
JAHNEM02_clean,3.46248,2.64816,3.46248,1.73087,0.0,0.0,2.82803,1.63388,0.3364,0.194353,0.0,0,0.0057085304,0.008724237001162025
JAJKUD_clean,5.4506,2.86562,5.4506,1.414,0.0,0.0,812.904,574.897,0.5,0.353607,0.0,0,0.0464661212,0.049990738668606816
JAJLEO_clean,5.44394,2.82962,5.44394,1.47647,0.0,0.0,800.898,542.441,0.4786,0.324151,0.0,0,0.0447631023,0.04789410313157348
JAKBIJ_clean,5.97609,4.07891,5.95911,0.794839,2068.46,2602.36,0.0,0.0,0.6772,0.851997,0.0,0,0.1348507006,0.14762880701647296
JALPAQ_clean,3.97561,2.90565,3.97561,1.6608,0.0,0.0,84.2654,50.738,0.3694,0.222423,0.0,1,0.0147395024,0.015227134701413486
JEDJUY_clean,5.0551,4.14906,5.0551,1.66961,1339.59,802.333,0.0,0.0,0.4474,0.267966,0.0,1,0.0598537694,0.05479701645408292
JEMQEY_clean,3.332,2.60657,3.33001,1.7505,0.0,0.0,0.0,0.0,0.3544,0.202457,0.0,0,0.0061601976,0.009814019390064224
JEYXOB_clean,4.25762,2.77868,4.15332,2.00793,0.0,0.0,498.807,248.419,0.42,0.209171,0.0,0,0.031053415,0.029370415240493178
JILWOR_clean,10.37997,3.63188,10.37997,1.43849,1318.22,916.388,0.0,0.0,0.5592,0.38874,0.0,0,0.0761927528,0.07219140439674143
j.inoche.2015.01.025_INC05862-mmc1_clean,5.32737,2.69056,5.32598,1.50699,0.0,0.0,553.825,367.505,0.4944,0.328072,0.0,1,0.0395368178,0.039355283427471945
j.inoche.2015.03.054_CIFs_clean,12.69533,7.85866,12.69533,0.704617,2272.11,3224.61,0.0,0.0,0.79,1.12118,0.0,1,0.2239725908,0.24063911004783742
j.inoche.2015.06.036_inc06102-mmc2_clean,4.4873,3.3179,4.4873,1.95445,281.618,144.09,120.739,61.7763,0.3762,0.192484,0.0,1,0.0261144149,0.019433388280145417
j.inoche.2015.12.019_1_clean,6.46265,4.53541,6.46076,1.0284,1784.75,1735.46,0.0,0.0,0.5772,0.561258,0.0,0,0.1089673693,0.10703616583895512
JISVAJ_clean,8.23303,6.49522,8.23303,0.862534,2413.26,2797.87,0.0,0.0,0.71,0.823156,0.0,1,0.1620694243,0.16778546731781657
JIZJEJ_clean,10.34811,9.92334,10.34811,1.06947,1137.02,1063.16,0.0,0.0,0.5768,0.53933,0.0,0,0.0844182477,0.084136249897336
JIZJUZ_clean,10.30863,9.86894,10.26273,1.07331,1114.06,1037.97,0.0,0.0,0.5706,0.531626,0.0,0,0.0839636687,0.0829315043654326
JIZWOG_clean,5.77811,5.24857,5.77811,1.0286,1416.31,1376.93,0.0,0.0,0.5656,0.549873,0.0,0,0.0900200072,0.08946699669125716
j.jssc.2016.09.008_mmc8_clean,4.48976,3.77657,4.48976,1.63203,829.111,508.026,0.0,0.0,0.4792,0.293623,0.0,1,0.0355230756,0.04004633490440156
JOFKIA_clean,6.957,5.13094,6.957,1.57886,1125.97,713.155,0.0,0.0,0.5264,0.333406,0.0,1,0.0473742968,0.049768991903484966
JOGHIY_clean,4.7279,3.83843,4.69154,1.03019,1565.61,1519.72,0.0,0.0,0.5608,0.544364,0.0,1,0.0803489189,0.09113162396137466
JOKWOV_clean,5.03424,2.86104,5.03424,1.95756,0.0,0.0,791.27,404.213,0.5492,0.280553,0.0,1,0.0463569973,0.04345552728052647
JOKXEM_clean,4.6554,3.9457,4.65434,1.57353,726.052,461.416,0.0,0.0,0.5004,0.318011,0.0,1,0.0273329034,0.03383662164024126
JOKYAJ_clean,4.98975,3.80682,4.92018,1.55283,739.05,475.936,0.0,0.0,0.512,0.32972,0.0,1,0.0282426184,0.0372696246348449
JORBAV_clean,5.6025,5.15328,5.59565,1.72417,1077.57,624.98,31.7982,18.4426,0.5402,0.31331,0.0,1,0.0424026693,0.045026205994698185
JOVROD_clean,4.79644,3.03624,4.79644,0.798989,0.0,0.0,1255.51,1571.37,0.6486,0.811776,0.0,1,0.0944773245,0.10494243559827436
JUCGUL_clean,6.1601,4.88151,6.1601,0.959179,1807.63,1884.57,0.0,0.0,0.5894,0.614484,0.0,1,0.108051582,0.11140009783160983
JUCXEK_clean,7.06758,6.25925,7.06758,2.58085,1392.56,539.574,0.0,0.0,0.5948,0.230467,0.0,1,0.036001816,0.039478362014430356
JUFBIX_clean,5.04128,2.68626,4.5732,1.55778,0.0,0.0,185.336,118.974,0.373,0.239444,0.0,0,0.0180646051,0.015171898942614323
JUFREJ_clean,6.336,6.00289,6.33424,2.30777,537.799,233.038,0.0,0.0,0.3782,0.163881,0.0,1,0.0179581392,0.020060166092459072
JUKKIL_clean,4.32221,3.34804,4.31656,1.94869,613.017,314.58,0.0,0.0,0.4824,0.247551,0.0,1,0.0319241882,0.03555747868642947
JUPNAL_clean,3.64386,3.28199,3.63941,1.47701,0.0,0.0,251.735,170.435,0.4578,0.30995,0.0,1,0.0354282091,0.03010696706692706
JUQTOG_clean,7.0124,3.08649,6.99734,1.28641,0.0,0.0,1319.65,1025.84,0.5754,0.447292,0.0,0,0.0740487877,0.07509935085139147
JUQVAU_clean,7.11924,4.2578,6.73222,1.25075,1718.51,1373.98,0.35167,0.281167,0.5804,0.464042,0.0,1,0.0875532845,0.08487227073892029
JURKIS_clean,7.21804,4.89996,7.21804,1.05199,1093.71,1039.66,0.0,0.0,0.5258,0.499814,0.0,1,0.0653172185,0.07010064455675265
JUSKAL_clean,5.98148,5.50358,5.98148,1.39089,683.78,491.614,0.0,0.0,0.4456,0.320371,0.0,1,0.0336177074,0.03499954479643023
JUXZOT_clean,4.54071,3.29336,4.45814,0.966027,0.0,0.0,2012.32,2083.09,0.6394,0.661886,0.0,1,0.1227057189,0.09643362457314107
KAFTUI_clean,5.18489,3.11952,5.15884,1.51856,0.0,0.0,476.848,314.012,0.4642,0.305683,0.0,1,0.0329255492,0.03363624869360602
KAHKUB01_clean,4.31258,2.65379,4.3124,0.999225,0.0,0.0,692.575,693.112,0.5222,0.522605,0.0,0,0.0660335824,0.06156780866090151
KAHKUB_clean,4.39885,2.69675,4.39711,0.991264,0.0,0.0,733.27,739.732,0.5264,0.531039,0.0,0,0.0678592619,0.06550572342785424
KAHYEY_clean,3.89651,3.5765,3.89651,1.95338,467.631,239.396,0.0,0.0,0.401,0.205285,0.0,1,0.0228864464,0.02746608705523733
KAHYID_clean,8.93039,4.11514,8.89727,1.11173,2249.06,2023.03,0.0,0.0,0.7014,0.630911,0.0,1,0.1160525204,0.12230549663190791
KAHYUP_clean,8.96058,4.23716,8.87271,1.11708,2278.94,2040.08,0.0,0.0,0.7126,0.637912,0.0,1,0.1163566275,0.12347149008293422
KAKCAD_clean,9.06904,5.14285,6.93826,0.88724,1840.24,2074.12,0.0,0.0,0.6138,0.691809,0.0,1,0.131879833,0.12677767359855768
KAKCEH02_clean,9.05571,8.66764,9.05571,1.03977,1417.11,1362.9,0.0,0.0,0.5874,0.564931,0.0,0,0.0987590605,0.10312798451809228
KAKCEH_clean,9.06296,8.67891,9.0551,1.03141,1421.05,1377.78,0.0,0.0,0.5742,0.556714,0.0,1,0.1015622355,0.09976966677460558
KALGEL_clean,6.46285,4.62415,6.46285,0.930333,1709.53,1837.55,0.0,0.0,0.6066,0.652024,0.0,0,0.1154156687,0.11309981581038256
KARNID_clean,13.04357,6.77607,13.04357,0.899644,2279.39,2533.66,0.0,0.0,0.69,0.76697,0.0,1,0.1609087762,0.16351575840186305
KASRED_clean,7.65199,6.36839,7.38295,0.889824,2356.91,2648.74,0.0,0.0,0.6808,0.765095,0.0,1,0.1526960437,0.15452987335381324
KATDAM_clean,6.25403,6.06717,6.25403,1.40557,375.411,267.088,0.0,0.0,0.4372,0.311048,0.0,0,0.0184538246,0.024635407493895353
KAVTEI_clean,5.69693,3.84932,5.6869,1.19116,1393.16,1169.59,0.886343,0.744103,0.5548,0.465766,0.0,0,0.0680149749,0.0814593921409622
KAVTUY_clean,5.22962,4.08985,5.19903,2.0701,676.869,326.975,0.0,0.0,0.424,0.204821,0.0,1,0.0217523003,0.02622946454504836
KECRAL12_clean,6.84524,5.44973,6.84445,1.04937,2682.68,2556.47,0.0,0.0,0.7656,0.729579,0.0,1,0.1228901403,0.1260052718228564
KEDJAG04_clean,5.58759,4.3837,5.56019,1.07026,3013.15,2815.34,0.0,0.0,0.6894,0.644141,0.0,0,0.1209756271,0.1226406077723815
KEDJAG08_clean,5.61357,4.40385,5.61357,1.06606,3021.96,2834.71,0.0,0.0,0.6918,0.648934,0.0,0,0.1207419408,0.12286355869632737
KEDJAG10_clean,5.6275,4.42824,5.62604,1.06272,3031.79,2852.86,0.0,0.0,0.692,0.651159,0.0,0,0.1224236836,0.12474663020679194
KEDJAG14_clean,5.64072,4.46761,5.621,1.05911,3041.81,2872.03,0.0,0.0,0.6942,0.655454,0.0,0,0.1227112975,0.1256091225716871
KEDJAG26_clean,5.76062,4.63585,5.58828,1.03565,3107.22,3000.25,0.0,0.0,0.7004,0.676287,0.0,0,0.1284695688,0.1303346113478414
KEDQAN_clean,6.47084,4.69781,6.47084,1.24227,903.446,727.254,0.0,0.0,0.4856,0.390897,0.0,0,0.0517545556,0.04956615208562228
KEFBOO_clean,11.98728,8.05488,11.98728,0.72084,2302.73,3194.5,0.0,0.0,0.7462,1.03518,0.0,1,0.2202630768,0.21886786032769512
KEFFEI01_clean,3.96931,2.79019,3.96931,2.17482,0.0,0.0,235.891,108.464,0.421,0.193579,0.0,0,0.0175028419,0.01986250653527881
KEGZOL04_clean,6.38911,4.90295,6.38911,0.984664,2559.58,2599.45,0.0,0.0,0.7106,0.721667,0.0,0,0.1245000893,0.1339910253167288
KEHFUA_clean,4.97412,3.92327,4.96359,1.11198,578.781,520.497,332.856,299.337,0.5476,0.492456,0.0,1,0.0601803312,0.06707699469730358
KEHGOV_manual,3.60734,2.84874,3.60371,1.5991,0.0,0.0,60.1048,37.5865,0.4262,0.266524,0.0,0,0.015934524,0.01737770753098039
KEJBOQ_clean_h,5.17871,3.9347,5.17066,1.30921,1037.24,792.266,0.0,0.0,0.5384,0.411242,0.0,1,0.0644208554,0.054716297892024375
KEJQAR_clean,10.40713,2.61296,10.40713,0.968939,0.0,0.0,1814.26,1872.42,0.6902,0.712326,0.0,0,0.1335339512,0.13067040781143713
KEVWUF_clean,9.52723,4.19884,9.52723,1.04193,2188.13,2100.07,0.0,0.0,0.7092,0.680658,0.0,1,0.1251377516,0.1308313981763915
KEWNUX_clean,10.50155,5.22557,10.50155,1.81291,2313.92,1276.36,0.0,0.0,0.6966,0.384245,0.0,1,0.0717613159,0.08537061086362632
KEXFIC10_clean,4.89247,3.74563,4.89153,1.59304,659.951,414.272,0.0,0.0,0.4988,0.313112,0.0,1,0.0253783598,0.03227990770506337
KEYROX_clean,11.21887,3.60068,11.21229,0.939946,1552.8,1652.01,0.0,0.0,0.65,0.691529,0.0,0,0.1059780526,0.11153216299798363
KIBDEF_clean,4.31904,3.92279,4.31686,2.00589,798.722,398.188,0.0,0.0,0.4762,0.2374,0.0,1,0.0358096685,0.035980404014271945
KIBDIJ_clean,4.30909,3.88512,4.30289,2.07432,740.264,356.871,0.0,0.0,0.4854,0.234004,0.0,0,0.0339471061,0.03881542578410671
KIFXOO_clean,4.97615,3.02702,4.85033,1.17931,0.0,0.0,637.701,540.742,0.4912,0.416515,0.0,1,0.043615522,0.04673386448076832
KIGCEK_clean,10.39364,10.27787,10.39364,0.990795,1293.94,1305.96,0.0,0.0,0.603,0.608602,0.0,1,0.0979117136,0.10387249029758258
KIHTOL01_clean,3.32214,2.70973,3.3076,1.86683,0.0,0.0,0.110773,0.0593375,0.3658,0.195947,0.0,0,0.0105860467,0.011265564535734324
KILJEV_clean,3.8471,3.18487,3.8471,1.95946,0.0,0.0,152.458,77.8064,0.3714,0.189542,0.0,1,0.0150033711,0.016528268691772208
KINDIW_clean,4.37637,3.36633,4.37637,1.59147,434.713,273.153,24.8126,15.591,0.4372,0.274715,0.0,0,0.035024168,0.026914827010447742
KINROQ_clean,9.89689,4.84005,9.89689,1.30206,1987.71,1526.59,0.0,0.0,0.6598,0.506735,0.0,1,0.0768410415,0.10663350246464567
KIRTUC_clean,4.85053,4.15268,4.83508,1.33238,1171.73,879.427,0.0,0.0,0.5362,0.402437,0.0,0,0.0775374169,0.06383568852505359
KISVEO_clean,12.37009,6.46344,11.80655,2.21622,1903.3,858.806,0.0,0.0,0.6734,0.303851,0.0,1,0.0605188167,0.06694635377260008
KIVFAY_clean,6.23242,4.28797,6.23242,1.46353,1355.07,925.895,0.0,0.0,0.5256,0.359132,0.0,1,0.061451485,0.06286909635873715
KIVFEC_clean,6.2609,4.2583,5.97896,1.47095,1347.56,916.116,0.0,0.0,0.5236,0.355961,0.0,1,0.0609559691,0.06203956768810819
KIYBIF_clean,4.0985,3.15807,4.06139,1.35327,0.0,0.0,214.116,158.221,0.4506,0.33297,0.0,1,0.0274012934,0.030559713881145943
KIYQOA_clean,4.76031,3.94678,4.76031,1.3892,1043.7,751.292,0.0,0.0,0.5312,0.382377,0.0,1,0.0595323303,0.05025980400279384
KOBFIR_clean,7.61968,5.81939,7.61968,0.929894,1834.94,1973.28,0.0,0.0,0.6418,0.690186,0.0,0,0.1329468952,0.12765131596744878
KOCCUC_clean,9.17407,6.81795,9.17407,1.04186,1636.71,1570.96,6.29699,6.044,0.6142,0.589525,0.0,1,0.1120514999,0.11053014944949
KOFPEB02_clean,7.34058,5.07386,7.34058,1.77151,892.32,503.707,0.0,0.0,0.46,0.259666,0.0,0,0.0336539506,0.03427705216042626
KOFPEB04_clean,7.23942,4.91036,7.23942,1.7997,891.039,495.105,0.0,0.0,0.4576,0.254265,0.0,0,0.032258389,0.03384741506121917
KOGJOG_clean,4.59413,3.10287,4.5748,2.00575,0.0,0.0,681.872,339.959,0.4802,0.239412,0.0,1,0.0323749433,0.038010083423963274
KOGYIP_clean,5.27845,4.86254,5.27845,1.3895,794.839,572.034,0.0,0.0,0.4714,0.33926,0.0,1,0.0319186516,0.03946597415308632
KOKKOL_clean,5.52004,3.68761,5.13882,1.35428,964.882,712.469,2.40449,1.77548,0.5008,0.369791,0.0,1,0.0613530498,0.05107742465815438
KOLYUH_clean,6.17756,3.26072,6.15317,0.999417,0.0,0.0,999.475,1000.06,0.5466,0.546919,0.0,1,0.0730320832,0.07522704057930359
KOMGUP_clean,4.68805,3.52352,4.66923,1.59631,799.407,500.784,0.0,0.0,0.5144,0.322243,0.0,0,0.0456678597,0.03984820877225213
KOMHAW_clean,4.30719,2.83423,4.30719,1.67254,0.0,0.0,377.967,225.983,0.4924,0.294402,0.0,1,0.0345653845,0.03222445892330694
KOSJOT_clean,11.15761,9.87899,11.15761,1.18127,1568.08,1327.45,0.0,0.0,0.6374,0.539589,0.0,1,0.1203733609,0.11564544111422596
KOSLUB_clean,10.96072,9.79504,10.96072,1.20031,1612.87,1343.71,0.0,0.0,0.6478,0.539695,0.0,1,0.1161907692,0.11442694704538489
KOVJAI_clean,5.14485,3.87668,5.14485,1.59025,1739.3,1093.73,0.0,0.0,0.5728,0.360194,0.0,1,0.0627821008,0.06284687576140477
KUCDIW_clean,15.32957,4.28733,15.14716,0.82417,1410.27,1711.14,0.0,0.0,0.6424,0.779451,0.0,0,0.1127826422,0.12592294853699496
KUDLUR_clean,7.15013,5.00794,7.15013,1.94765,848.423,435.613,0.0,0.0,0.4292,0.220368,0.0,0,0.0288164647,0.03088374624670879
KUFVAK_clean,6.38663,4.81205,6.34996,0.850503,2611.85,3070.95,0.0,0.0,0.6758,0.794589,0.0,1,0.1726275044,0.154938336677492
KUFVEO_clean,4.96195,3.39873,4.94972,1.1582,1396.85,1206.05,0.0,0.0,0.5244,0.452772,0.0,1,0.0783185377,0.07976913956602442
KUJNEJ_clean,12.51834,7.61249,12.51295,0.637007,2148.52,3372.84,0.0,0.0,0.739,1.16011,0.0,0,0.2294628194,0.2367983122132139
KUJNUZ_clean,8.0106,6.50203,7.98579,1.08206,1519.03,1403.83,0.0,0.0,0.6028,0.557085,0.0,1,0.0965801314,0.09605114913936685
KUJPAH_clean,10.82391,6.6625,10.80154,0.808261,1985.69,2456.74,0.0,0.0,0.6988,0.864572,0.0,1,0.1612435483,0.1709506245243643
KULLAG_clean,8.67819,7.37101,8.67819,0.808147,1895.46,2345.44,0.0,0.0,0.644,0.796885,0.0,1,0.1431341345,0.14552615262436627
KULMIP_clean,3.31897,2.75107,3.31628,2.07709,0.0,0.0,0.0,0.0,0.408,0.196428,0.0,1,0.0123878389,0.011854364347643129
KULRIT_clean,5.77631,3.79148,5.77631,1.4748,1923.58,1304.31,0.0,0.0,0.5954,0.403717,0.000135612,1,0.0728542196,0.07864596495660747
KUMGIK_clean,4.46757,3.79797,4.46575,1.34004,1684.26,1256.87,0.0,0.0,0.5592,0.417301,0.0,0,0.0780875362,0.0825024389839875
KUNRAO_clean,5.17272,3.17773,5.17272,1.2255,0.0,0.0,1092.63,891.578,0.57,0.465115,0.0,1,0.0750209347,0.06824110941018419
KUNSUJ_clean,17.88791,6.52688,17.88791,0.635531,1938.63,3050.41,0.0,0.0,0.7634,1.2012,0.0,1,0.2501633918,0.25107828245219854
KUQWIE_clean,4.08788,3.51453,4.08434,2.15741,347.669,161.151,0.0,0.0,0.4,0.185408,0.0,1,0.0163180223,0.02133169161546708
KUTRUO_clean,6.83473,3.59668,6.83473,1.18846,813.826,684.776,8.77654,7.38483,0.5106,0.429633,0.0,0,0.0527680709,0.05276045140252638
KUVMIZ_clean,15.75075,11.00764,15.73688,0.361001,1774.59,4915.74,0.0,0.0,0.8214,2.27534,0.0,1,0.449958627,0.44173870942677185
KUXVIJ_clean,4.0859,2.79794,4.06826,1.96099,0.0,0.0,203.003,103.521,0.4398,0.224274,0.0,1,0.0107969218,0.020262805176415127
KUYLOH_clean,4.21519,2.71358,4.21519,1.58742,0.0,0.0,215.704,135.884,0.4418,0.278314,0.0,1,0.0261465085,0.02179679570238101
KUYPIF_clean,5.29478,4.2566,5.29396,1.44591,1143.68,790.98,0.0,0.0,0.5108,0.353273,0.0,1,0.0655113288,0.05439551768688808
KUZZAI_clean,6.29773,3.71971,6.29294,1.09675,1370.58,1249.67,0.0,0.0,0.5312,0.48434,0.0,1,0.0775969277,0.07985165909188927
la304204k_si_003_clean,7.26398,5.93484,7.26398,0.928582,1704.47,1835.57,0.0,0.0,0.6226,0.670485,0.0,1,0.1198075835,0.11964059755556194
LABPOV_clean,5.38943,3.83465,5.38943,1.71242,444.245,259.426,0.0,0.0,0.4352,0.254144,0.0,1,0.0156129854,0.021502290667678725
LABRUE_clean,7.57658,5.24596,7.57658,1.02746,1360.51,1324.14,0.363733,0.354011,0.5524,0.537636,0.0,1,0.0879683667,0.08693491923664344
LACBID_clean,10.30601,6.64118,10.28692,0.805914,2114.88,2624.2,0.0,0.0,0.7002,0.868827,0.0,1,0.1735755782,0.17814324689559058
LACZEX_clean,9.30565,6.85906,9.27959,0.706361,2166.56,3067.21,0.0,0.0,0.6788,0.960982,0.0,1,0.2052925682,0.18822143416182563
LADQOZ_clean,6.39416,5.57332,6.29797,1.14467,684.064,597.606,672.069,587.128,0.5646,0.493241,0.0,1,0.0816573453,0.08662625103547829
LADQUF_clean,6.36601,5.5234,6.1979,1.16657,696.584,597.122,678.849,581.92,0.5602,0.480212,0.0,1,0.080544458,0.08394031572323056
LAFFEG_clean,5.85396,3.83342,5.85396,1.02444,1451.46,1416.84,0.0,0.0,0.5924,0.578269,0.0,1,0.0896759629,0.09146828280660968
LAFQUG_clean,12.86913,4.98724,12.65799,0.728838,1735.49,2381.17,147.1,201.828,0.6744,0.925308,0.0,0,0.1845513285,0.17436754351917302
LAFRER_manual,13.05445,5.12975,13.05445,0.705732,1930.45,2735.39,0.0,0.0,0.696,0.986211,0.0,0,0.1926534702,0.19578981214618799
LAGNAK_clean,5.49382,4.32281,5.47087,1.02346,1865.76,1823.0,0.0,0.0,0.633,0.618491,0.0,1,0.1091866151,0.1076001611460543
LAGPAM_clean,5.52911,4.43587,5.49964,1.29684,1347.35,1038.95,0.0,0.0,0.5314,0.409766,0.0,1,0.0724788228,0.07027889270777697
LAGTIY_clean,8.49333,5.93464,8.49333,1.13024,2517.32,2227.25,0.0,0.0,0.7308,0.646591,0.0,1,0.1351159629,0.13395619953280108
LAGVOG_clean,7.38705,6.71212,7.38296,0.935187,2320.11,2480.9,0.0,0.0,0.6728,0.719428,0.0,1,0.1479832412,0.1447970114805726
LAKFIN_clean,8.38907,7.72449,8.38907,1.20127,2069.83,1723.03,0.0,0.0,0.6742,0.561239,0.0,0,0.1004918906,0.10531913599211076
LAMFIO_clean,4.66583,3.98613,4.66523,1.50136,697.933,464.867,0.0,0.0,0.541,0.360339,0.0,1,0.0306426351,0.040198615406087254
LAMGUB_clean,4.96165,3.84451,4.96165,1.56907,690.851,440.295,0.0,0.0,0.504,0.32121,0.0,1,0.0264585023,0.032702375269022296
LAPLEW01_clean,5.51479,4.08174,5.5069,1.06599,2203.59,2067.17,0.0,0.0,0.6184,0.580117,0.0,0,0.1263753227,0.11312985783261612
LAPZIO_clean,15.30437,8.24294,15.30437,0.552463,2030.06,3674.57,0.0,0.0,0.7882,1.4267,0.0,1,0.3123943275,0.2971307076269293
LARNEA_clean,4.57019,3.30547,4.02594,1.70236,0.0,0.0,854.913,502.194,0.4874,0.286309,0.0,1,0.0446715658,0.04655128962410822
LARPEC_clean,7.01725,4.86799,6.99499,1.23133,2027.11,1646.27,0.0,0.0,0.6304,0.511965,0.0,1,0.1050445361,0.09961669629748716
LARVIM_clean,10.82294,9.52295,10.82294,1.0693,1503.49,1406.04,81.7206,76.4241,0.6418,0.600203,0.0,1,0.1199857707,0.11688994711447365
LASDEQ_clean,13.8531,8.72821,13.84085,0.762381,2268.77,2975.9,0.0,0.0,0.7444,0.976415,0.0,1,0.2039453429,0.21007013671181934
LASMAV_neutral,8.35947,4.46891,5.6634,1.04829,1752.03,1671.32,0.0,0.0,0.5968,0.569309,0.0,1,0.1007181108,0.10294217007672093
LASREF_clean,11.04017,10.09881,11.0096,0.804882,1997.85,2482.17,0.0,0.0,0.781,0.970328,0.0,1,0.2004071835,0.20082511556511035
LAVTEJ_clean,6.93182,6.57314,6.93182,1.58977,1549.61,974.742,0.0,0.0,0.5672,0.356782,0.0,0,0.0743657812,0.07545719323599508
LAVTUZ_clean,6.84748,6.45021,6.84748,1.66996,1548.02,926.977,0.0,0.0,0.5682,0.340247,0.0,0,0.0746973267,0.07049200745316943
LAWGEW_clean,15.06244,7.93691,15.06244,0.591684,2230.24,3769.3,0.0,0.0,0.803,1.35714,0.0,0,0.2809853631,0.27924388225710844
LAWHOJ_clean,10.27348,3.66364,10.27348,1.54552,1337.51,865.414,0.0,0.0,0.5444,0.352244,0.0,1,0.0682013955,0.06499333156080994
LAZJIH_clean,5.57744,4.95549,5.57327,1.06968,1869.94,1748.13,0.0,0.0,0.6238,0.583165,0.0,0,0.1187323475,0.10411683223100687
LECFAC_clean,9.81867,4.43769,9.81443,0.838672,2179.96,2599.3,0.0,0.0,0.7164,0.854207,0.0,1,0.1737938224,0.1663277913382805
LEDHEJ_clean,5.17343,4.21878,5.16848,1.58915,678.436,426.917,0.0,0.0,0.4584,0.288456,0.0,1,0.0345818859,0.03093540218550113
LEHXUT_clean,24.94881,9.11981,13.96328,0.407171,1936.47,4755.92,0.0,0.0,0.8288,2.03551,0.0,1,0.4316468371,0.41521204239079473
LELDUD_clean,16.5482,9.24625,16.5482,0.458126,1992.46,4349.15,0.0,0.0,0.829,1.80955,0.0,1,0.3764730273,0.37944514177482375
LEMHAM_clean,3.9751,3.37818,3.9751,2.10772,426.208,202.213,0.0,0.0,0.4398,0.208662,0.0,1,0.0270713641,0.026503526111621573
LEQQEE_clean,5.49128,3.18412,4.97136,1.13313,0.0,0.0,833.069,735.192,0.5202,0.459082,0.0,1,0.0596273554,0.06057960708409335
LEQVIN_clean,4.74953,2.67924,4.74953,1.90009,0.0,0.0,835.262,439.591,0.4584,0.241252,0.0,0,0.0559380201,0.042781207578661884
LETRAF_clean,26.75898,26.49317,26.74189,0.733819,1149.99,1567.13,0.0,0.0,0.828,1.12834,0.0,1,0.2081803162,0.22783879871738977
LEVDIB_clean,12.81022,4.05785,12.67653,0.771367,2135.54,2768.51,0.0,0.0,0.6982,0.905146,0.0,1,0.182683222,0.17960143309081097
LEVNOQ_clean,5.91307,3.93225,5.91307,0.947393,1555.93,1642.33,0.0,0.0,0.5826,0.614951,0.0,1,0.1131107101,0.1010636237091296
LEYRAK_clean,9.5213,4.16248,9.5213,1.04525,2148.73,2055.7,0.0,0.0,0.7006,0.670268,0.0,1,0.1249000715,0.12917308250112966
LEZLAF_clean,5.67349,3.43363,5.66285,1.39295,953.777,684.72,0.0,0.0,0.529,0.379771,0.0,1,0.0457163173,0.05168136440817726
LEZWUK_clean,6.90304,3.45469,6.90294,3.02612,1351.11,446.482,2.10866,0.696819,0.5404,0.178579,0.0,1,0.0275770896,0.03280281913467166
LEZXAR_clean,6.92017,3.56103,6.91993,3.0017,1355.71,451.646,4.12818,1.37528,0.5278,0.175834,0.0,1,0.0287759104,0.035768518201528175
LICSUM_clean,3.55956,2.75719,3.47205,1.39208,0.0,0.0,38.9767,27.999,0.423,0.303863,0.0,1,0.02425411,0.018240546506481242
LIDZUV_clean,5.12552,3.77339,4.88815,1.54716,456.013,294.742,0.0,0.0,0.3458,0.223506,0.0,0,0.0302318155,0.023372451484357473
LIJNOJ_clean,4.87208,3.58717,4.87208,1.2994,528.572,406.782,0.0,0.0,0.416,0.320148,0.0,0,0.0325424365,0.028641069125400223
LIPQOR_clean,9.96385,4.33568,9.96385,0.897942,1931.52,2151.05,198.042,220.551,0.6648,0.74036,0.0,1,0.1319305187,0.14926133870326286
LIPRAE_clean,11.56984,2.6307,10.76126,0.908142,0.0,0.0,1499.86,1651.57,0.6714,0.739311,0.0,1,0.1233386271,0.12397055216310798
LIQFEY_clean,5.32747,3.70757,5.32747,1.44986,1251.71,863.334,0.0,0.0,0.5234,0.361001,0.0,0,0.0639194306,0.06189208552294717
LIVTIT_clean,5.03218,4.49412,5.03218,0.873833,1850.2,2117.34,0.0,0.0,0.6576,0.752547,0.0,1,0.1263901971,0.12680686810240732
LIWVIY_clean,5.89138,4.8352,5.89138,1.26516,1787.77,1413.07,0.0,0.0,0.6376,0.503967,0.0,1,0.08199134,0.08706328139593815
LODKIA_clean,6.01281,4.49425,5.60772,1.02042,1998.25,1958.27,0.0,0.0,0.6138,0.601518,0.0,1,0.1163597611,0.11304648859232855
LODPOK_clean,6.03379,4.847,6.02677,1.05247,1500.99,1426.17,0.0,0.0,0.5354,0.50871,0.0,1,0.0935278315,0.09020827036393066
LOFCUF_clean,4.92056,3.12506,4.85331,1.58715,0.0,0.0,491.214,309.495,0.451,0.284158,0.0,1,0.0273017782,0.031969023756797825
LOFVUY_clean,8.04365,4.63845,8.04358,1.07811,1889.15,1752.28,0.0,0.0,0.626,0.580647,0.0,1,0.1028341489,0.10881902404258029
LOGXEM_clean,11.7072,8.5205,11.7072,1.40177,1826.91,1303.29,0.0,0.0,0.6678,0.476399,0.0,0,0.0780242345,0.10259156722424345
LOJLAZ_clean,6.04161,4.90341,6.00485,1.78682,1392.9,779.539,0.0,0.0,0.5636,0.31542,0.0,1,0.0574413962,0.05250599190465561
LOJNAA_clean,4.81582,2.75514,4.78314,1.60964,0.0,0.0,427.026,265.292,0.4538,0.281926,0.0,1,0.0254207469,0.027380110286978815
LOLQIM_clean,4.98566,2.73336,4.98566,1.79928,0.0,0.0,762.52,423.793,0.516,0.286782,0.0,1,0.0499054059,0.04313633098480251
LOLREL_clean,8.50343,6.96426,8.50343,1.36486,1470.9,1077.7,0.0,0.0,0.5994,0.439167,0.0,1,0.0799132368,0.07862044461760086
LOLVAJ_clean,4.04776,3.6459,4.03742,2.02495,342.226,169.005,0.0,0.0,0.431,0.212845,0.0,0,0.013796654,0.024397653379015657
LOMMEH_clean,5.50313,2.7686,5.50313,1.67175,0.0,0.0,169.951,101.66,0.4066,0.243218,0.0,0,0.0125176922,0.01738149486354046
LONWIW_clean,6.32722,5.3124,6.00348,0.832586,2332.25,2801.21,0.0,0.0,0.6626,0.795834,0.0,1,0.1579173241,0.15361438618115378
LOQSEQ_clean,4.56007,2.72619,4.52807,1.27817,0.0,0.0,348.284,272.485,0.4612,0.360827,0.0,0,0.0302101647,0.031407107902071296
LOQSOA_clean,4.80314,3.14023,4.78401,1.30488,0.0,0.0,372.6,285.543,0.4468,0.342406,0.0,0,0.0315841897,0.03179208200565835
LORMOW_clean,5.15517,3.73399,5.14768,1.63871,712.948,435.067,0.0,0.0,0.4168,0.254347,0.0,1,0.0272962786,0.03174512472963558
LORRUH_clean,6.15081,3.36993,6.15081,1.38382,906.777,655.273,0.0,0.0,0.48,0.346867,0.0,1,0.044245899,0.049205017313192004
LOVLEP_clean,10.42908,4.04603,10.42903,1.5407,1428.2,926.981,0.0,0.0,0.5884,0.381905,0.0,1,0.052805476,0.07082978240971574
LOXWEC_clean,7.26238,6.47995,7.26238,1.2744,1043.86,819.095,0.0,0.0,0.5004,0.392655,0.0,0,0.0506557173,0.054622338276037866
LOZSAW_clean,4.38663,2.68416,4.38663,1.01242,0.0,0.0,716.85,708.055,0.523,0.516583,0.0,0,0.0618742369,0.06121400243139735
LUBNAZ_clean,8.26904,7.02568,8.25431,1.05459,2068.88,1961.78,0.0,0.0,0.642,0.608768,0.0,1,0.1190811976,0.12220620756542455
LUDLED_clean,13.17739,6.65728,13.17739,0.881906,2096.4,2377.12,0.0,0.0,0.7118,0.807115,0.0,1,0.1726289082,0.17075521819352324
LUDLIH_clean,13.23241,6.67449,13.22045,0.876399,2107.58,2404.81,0.0,0.0,0.7124,0.812871,0.0,1,0.1731055072,0.17113543060247993
LUDVIP_clean,6.92788,4.09866,6.92788,1.5951,1191.16,746.758,0.0,0.0,0.5576,0.34957,0.0,1,0.0482732894,0.052934765969486
LUDVUB_clean,5.40241,3.13712,5.16406,1.85106,0.0,0.0,613.784,331.585,0.489,0.264172,0.0,0,0.0279042101,0.039860994532273826
LUFNAC01_clean,7.70412,5.87256,7.69288,1.02639,1471.97,1434.12,0.0,0.0,0.566,0.551448,0.0,1,0.1097345164,0.09516954503221037
LUFNAC02_clean,7.66591,5.85542,7.65462,1.02962,1488.42,1445.6,0.0,0.0,0.5648,0.548553,0.0,1,0.109599975,0.09649446422179606
LUFNAC03_clean,7.68055,5.84066,7.66172,1.02599,1463.18,1426.13,0.0,0.0,0.565,0.55069,0.0,1,0.1100377684,0.09508206742147338
LUFQUZ01_clean,4.13433,3.66293,4.13433,1.49707,741.631,495.388,0.0,0.0,0.4688,0.313145,0.0,1,0.0482513407,0.04120338760773077
LUJBAV_clean,4.98599,3.44797,4.98599,1.46601,380.372,259.461,0.0,0.0,0.3928,0.267938,0.0,1,0.0241891309,0.023844641138841438
LUKREO_clean,4.04002,3.66815,4.04002,1.33832,308.401,230.438,0.0,0.0,0.4326,0.323241,0.0,1,0.0256077379,0.025829809653648186
LULWUL_clean,3.64523,3.2818,3.64523,1.41495,0.0,0.0,243.003,171.739,0.3778,0.267005,0.0,1,0.0398844846,0.02760901741583799
LULXAS_clean,4.15152,3.42748,4.13309,1.37462,547.083,397.99,0.0,0.0,0.3992,0.290408,0.0,1,0.0472226397,0.029962827856050284
LUMMAJ_clean,3.60227,2.93149,3.60227,1.61896,0.0,0.0,69.6794,43.0396,0.4432,0.273756,0.0,1,0.0178289206,0.018560122387760808
LUMYEZ_clean,6.00702,4.53801,6.00702,1.30429,1992.95,1527.99,0.0,0.0,0.6142,0.470906,0.0,1,0.0891847403,0.09154141979571248
LUMYOJ_clean,5.98976,4.51852,5.98976,1.3118,1973.17,1504.17,0.0,0.0,0.6186,0.471565,0.0,1,0.0885588937,0.091112507797256
LUMYUP_clean,6.15923,4.54415,6.13245,1.2924,1996.56,1544.85,0.0,0.0,0.6166,0.477097,0.0,1,0.0895822806,0.09174513775839403
LUMZEA_clean,5.68133,2.7509,5.67971,1.82686,0.0,0.0,694.97,380.419,0.4732,0.259024,0.0,1,0.0282526988,0.038704037343474815
LUNBAX_clean,5.92168,4.6498,5.91414,1.91328,2588.47,1352.9,0.0,0.0,0.676,0.353321,0.0,1,0.0593682451,0.060544170501650306
LUNWEW_clean,5.21025,3.12517,5.06871,1.32697,0.0,0.0,1025.22,772.605,0.5554,0.418548,0.0,1,0.054397123,0.06094558547098075
LUPYAX_clean,7.54991,6.34934,7.53102,1.01424,2199.81,2168.93,0.0,0.0,0.6806,0.671046,0.0,1,0.1273321253,0.13694526318695385
LUSHIR_clean,5.64907,5.07129,5.64636,1.2313,1163.45,944.9,0.0,0.0,0.5004,0.406401,0.0,0,0.0651411386,0.06394396043270077
LUSJEP_clean,6.10412,5.49511,6.10412,1.18923,1245.03,1046.92,0.0,0.0,0.5248,0.441293,0.0,0,0.0744375114,0.07280454985580677
LUVTAY_clean,10.30257,9.44256,10.2197,1.08662,1146.97,1055.54,0.0,0.0,0.5838,0.537262,0.0,1,0.0864546925,0.08501510518301741
LUWMEX_clean,5.64862,4.46205,5.64805,1.16543,1755.8,1506.57,0.0,0.0,0.5904,0.506596,0.0,1,0.0917926459,0.09246450975252632
LUWMIB_clean,6.46125,4.54999,6.46125,1.13178,2301.96,2033.92,0.0,0.0,0.6152,0.543567,0.0,1,0.1106126655,0.1118397406860801
LUYSEF_clean,4.81614,3.46612,4.554,1.34495,1416.38,1053.11,0.0,0.0,0.6156,0.457711,0.0,1,0.0728094473,0.07291897958763856
LUZJAT_clean,8.19723,7.01697,8.18474,1.37403,1823.93,1327.44,0.0,0.0,0.6136,0.44657,0.0,1,0.0890249247,0.08569235500044019
MABKIK01_clean,5.51433,5.20447,5.51433,1.39065,845.278,607.831,0.0,0.0,0.4446,0.319707,0.0,0,0.036456887,0.03952581833838676
MAFDII_SL,6.17503,4.57934,6.17321,1.14403,1406.65,1229.55,266.817,233.224,0.5936,0.518866,0.0,0,0.0934865545,0.10093556129613743
MAFJIO_clean,10.24604,5.19927,9.76441,0.774705,2445.7,3156.94,0.0,0.0,0.7196,0.92887,0.0,1,0.1911414679,0.19040349394527123
MAGCUU_clean,5.53566,2.64045,5.53455,0.933009,0.0,0.0,800.732,858.226,0.5044,0.540617,0.0,0,0.0545861175,0.06636042921225745
MAGNEQ_clean,5.32617,4.14354,5.3111,1.10004,2360.03,2145.41,0.0,0.0,0.6692,0.608342,0.0,1,0.0997505714,0.1086024505114839
MAGVOG01_clean,3.75071,3.05593,3.74757,1.79514,0.0,0.0,194.02,108.081,0.526,0.293013,0.0,1,0.0148606598,0.02206667042387138
MAGVOG03_clean,3.66626,3.00986,3.66626,1.80948,0.0,0.0,139.44,77.0607,0.5256,0.29047,0.0,1,0.0134682902,0.02065982484502829
MAGVOG04_clean,3.59179,3.07435,3.59179,1.82288,0.0,0.0,94.3728,51.7713,0.522,0.28636,0.0,1,0.0131722656,0.019134085387094324
MAGVOG08_clean,3.57665,2.93929,3.57665,1.92425,0.0,0.0,24.007,12.476,0.5074,0.263688,0.0,1,0.0099024553,0.018668008436667577
MAGVOG23_clean,3.54406,2.98963,3.54406,1.81212,0.0,0.0,70.7465,39.0406,0.5232,0.288722,0.0,1,0.0114010796,0.018548531298419352
MAGVOG28_clean,3.62042,3.02827,3.62042,1.80007,0.0,0.0,107.553,59.7491,0.5278,0.29321,0.0,1,0.012691019,0.01955832554254537
MAGVOG31_clean,3.66117,3.04425,3.66117,1.79247,0.0,0.0,133.111,74.261,0.5302,0.295793,0.0,1,0.0135526324,0.01948388127125361
MAGVOG35_clean,3.73829,3.07384,3.73829,1.78309,0.0,0.0,182.955,102.606,0.5344,0.299705,0.0,1,0.0148723396,0.019574224492893158
MAGVOG_clean,3.64024,2.80137,3.64024,1.78872,0.0,0.0,95.6406,53.4687,0.5274,0.294848,0.0,1,0.0107544562,0.020284613003394375
MAHCEG_clean,18.51843,7.97271,18.51843,0.531149,2149.05,4046.05,0.0,0.0,0.8144,1.53328,0.0,1,0.3186295107,0.3210937254453333
MAKGAJ_clean,8.49976,6.89727,8.49976,1.31953,1515.96,1148.87,0.0,0.0,0.5704,0.432276,0.0,0,0.081976545,0.08682762261967307
MAKHAJ_clean,5.36353,4.34017,5.23294,1.65348,1412.13,854.037,0.0,0.0,0.5972,0.361179,0.0,0,0.0623868206,0.06312934310810002
MAKRAU_clean,7.29081,6.46944,7.28567,1.08372,1133.62,1046.04,0.0,0.0,0.4976,0.459157,0.0,1,0.0743530131,0.07382191681075459
MALRUP_clean,16.92414,16.84411,16.92414,0.675419,1334.6,1975.96,0.0,0.0,0.764,1.13115,0.0,1,0.2439371085,0.22578894103219546
MALSIE_clean,16.8944,16.81333,16.8944,0.672143,1349.09,2007.15,0.0,0.0,0.767,1.14113,0.0,1,0.2453424194,0.2350654007962412
MALWOM_clean,4.33227,3.16942,4.27766,1.77992,0.0,0.0,715.294,401.869,0.5544,0.311475,0.0,0,0.0513923775,0.0456249899847012
MALWUU_clean,4.24807,2.98977,4.2372,1.95493,0.0,0.0,486.984,249.105,0.4672,0.238985,0.0,0,0.0386197828,0.03301708820519976
MANDUD_clean,8.1447,5.93208,8.1447,0.901348,2323.1,2577.36,0.0,0.0,0.6668,0.739781,0.0,1,0.1451997832,0.151312313141725
MAPCUE_clean,5.3952,3.72256,5.3952,1.47049,1163.8,791.435,0.0,0.0,0.504,0.342742,0.0,0,0.0543636957,0.058475716380850584
MAPHAP_clean,4.44624,2.68084,4.43788,1.52115,0.0,0.0,517.818,340.412,0.5052,0.332117,0.0,1,0.0428946574,0.03881137323016465
MAQJEW_clean,3.08024,2.67956,3.08024,2.0036,0.0,0.0,0.0,0.0,0.3686,0.183969,0.0,0,0.0062832414,0.010101016837193388
MAQRAA_clean,6.97366,6.05295,6.96579,1.20561,1541.67,1278.75,0.0,0.0,0.5886,0.488218,0.0,1,0.0928621335,0.08883852172183156
MARJAQ_clean,10.63499,10.4191,10.6339,1.83144,1181.22,644.965,1.00954,0.551229,0.5826,0.31811,0.0,1,0.078097097,0.055386766704635326
MASZOX_clean,6.20608,3.81259,6.16409,1.48643,1158.39,779.31,0.0,0.0,0.5192,0.349294,0.0,1,0.0509610911,0.05454743789763022
MATHEV_clean,3.84188,2.65767,3.81662,2.1752,0.0,0.0,377.192,173.406,0.3942,0.181225,0.0,0,0.0216310696,0.02414547004923559
MATPOP_clean,9.20624,4.84305,9.20624,1.16023,1655.06,1426.49,0.0,0.0,0.6112,0.526791,0.0,1,0.0961835024,0.09909358209824237
MATTUX_clean,6.25712,5.16476,6.25712,1.06941,1603.09,1499.04,0.0,0.0,0.5648,0.528144,0.0,1,0.0964860664,0.09573606511916831
MAVFEV01_clean,4.92643,4.38387,4.92643,1.57725,2265.97,1436.66,0.0,0.0,0.6254,0.396513,0.0,1,0.0741073814,0.07636071092865077
MAVFEV_clean,4.93313,4.38082,4.93313,1.57553,2293.93,1455.98,0.0,0.0,0.6088,0.38641,0.0,0,0.0739422404,0.07715172644673099
MAYFUN_clean,4.35216,2.72561,4.31622,1.75285,0.0,0.0,838.213,478.201,0.4836,0.275894,0.0,0,0.0435277529,0.045985602337066875
MAYJOM_clean,6.51956,6.14293,6.51763,1.25239,1627.1,1299.19,0.0,0.0,0.6236,0.497928,0.0,0,0.095922942,0.0912735572052748
MAYXUG_clean,3.93702,2.88696,3.93702,2.34564,0.0,0.0,209.127,89.1559,0.3948,0.168312,0.0,1,0.0161245144,0.017533180284339436
MAZJAY_clean,5.84732,2.9425,5.84732,1.86705,0.0,0.0,707.249,378.806,0.4848,0.259661,0.0,0,0.0324609631,0.04258988369215377
MAZJEC_clean,5.75047,2.93376,5.6386,1.90857,0.0,0.0,684.75,358.776,0.4812,0.252125,0.0,0,0.0314272256,0.04111328288262884
MECVIA_clean,10.80775,2.64192,10.80775,1.17536,0.0,0.0,1779.95,1514.39,0.6924,0.589096,0.0,0,0.1161688822,0.1200211146997053
MECWEX_manual,11.42301,3.1317,11.42301,0.921103,0.0,0.0,1390.12,1509.19,0.6422,0.697207,0.0,0,0.1033872272,0.11097902710982321
MEFJOY_clean,13.35543,4.52002,13.28243,0.978068,2208.16,2257.67,0.0,0.0,0.6982,0.713857,0.0,1,0.1463848196,0.15544195693154944
MEFYUT_clean,5.77585,4.33422,5.56399,1.19211,1979.16,1660.22,0.0,0.0,0.6036,0.506331,0.0,1,0.0880846825,0.09652346297924587
MEGBEH_manual,9.9497,6.81571,9.9489,0.994874,2116.8,2127.71,0.0,0.0,0.683,0.686519,0.0,1,0.1409580027,0.14003116866273319
MEHPAQ_clean,3.09554,2.64049,3.09554,1.68847,0.0,0.0,0.0,0.0,0.4046,0.239626,0.0,1,0.0086930525,0.011983202338356813
MEJQID_clean,4.95338,3.66569,4.91383,1.21757,1152.17,946.288,0.0,0.0,0.5426,0.445643,0.0,0,0.0663629424,0.0682857009542804
MEJQOJ_clean,5.07328,3.68023,5.06179,1.21005,1189.89,983.336,0.0,0.0,0.5496,0.454196,0.0,0,0.067760449,0.07216008615131018
MEJZOS_clean,5.26465,3.41703,5.25331,1.72957,398.344,230.313,32.6666,18.8871,0.43,0.248616,0.0,1,0.0232236226,0.023113748466438114
MEJZUY_clean,5.25291,3.40149,5.01155,1.7873,394.206,220.559,29.004,16.2278,0.4246,0.237565,0.0,1,0.0223304463,0.02177565782000443
MEQHUL_clean,6.03972,4.19838,6.03396,2.27118,1173.84,516.843,0.0,0.0,0.5134,0.22605,0.0,1,0.037881612,0.03919105259630211
MEWNEH_clean,5.42515,3.64983,5.42515,2.53736,330.635,130.307,105.197,41.4594,0.4166,0.164187,0.0,1,0.0197919586,0.01934516207652412
MEXDAU01_clean,4.5761,2.91188,4.55805,1.87887,0.0,0.0,615.485,327.583,0.534,0.284214,0.0,0,0.0460186679,0.041197996101217056
MIDRAT_clean,4.2048,3.33834,4.2048,1.26356,437.101,345.929,0.0,0.0,0.4452,0.352339,0.0,0,0.036200471,0.03321874444595155
MIFTEC_clean,6.21252,5.76844,6.21252,1.49343,549.45,367.91,94.3906,63.2038,0.457,0.306006,0.0,1,0.0326971545,0.03370613706678714
MIJFIU_clean,7.7548,2.75421,7.7548,1.00618,0.0,0.0,848.287,843.073,0.5282,0.524954,0.0,1,0.0563563856,0.07009957630301143
MIJHOD_clean,4.18455,3.46938,4.126,1.22946,1127.43,917.014,0.0,0.0,0.5064,0.411887,0.0,1,0.0705601224,0.06759141271523425
MIJYEK_clean,5.3671,3.22254,5.3671,2.49312,0.0,0.0,656.728,263.416,0.4186,0.167902,0.0,1,0.0227130277,0.035440773649828505
MIKDUH_clean,5.90493,5.239,5.89411,2.24827,1626.7,723.534,0.0,0.0,0.5828,0.259221,0.0,1,0.0485537388,0.04834276671656233
MIMDAP_clean,4.29213,2.89437,4.27689,1.96346,0.0,0.0,327.4,166.746,0.4194,0.213602,0.0,1,0.0150897543,0.023031002322911512
MIMSUY_clean,11.16343,10.81199,11.16343,0.974993,1274.86,1307.56,0.0,0.0,0.613,0.628722,0.0,1,0.1106172642,0.10943006563636866
MINCIX_clean,10.4943,7.36608,10.44985,0.729721,2144.38,2938.63,0.0,0.0,0.7612,1.04314,0.0,1,0.2246484236,0.2142514886408137
MINVUA_SL,6.89591,6.55778,6.89591,1.0419,1723.91,1654.59,0.0,0.0,0.5992,0.575105,0.0,0,0.1061297579,0.1106609413118896
MIQLII_clean,6.49396,4.19114,6.49396,1.29248,1977.91,1530.32,0.0,0.0,0.6424,0.497028,0.0,0,0.0952001956,0.09757000811657306
MISQIQ02_clean,4.23621,4.07274,4.23621,2.08336,549.107,263.568,0.0,0.0,0.3918,0.188062,0.0,0,0.0252789355,0.02668852558038097
MISQIQ04_clean,4.23963,4.07761,4.23963,2.08195,575.722,276.53,0.0,0.0,0.3888,0.186748,0.0,0,0.0254197442,0.028235563777505607
MISQIQ07_clean,4.23855,4.07782,4.23855,2.08216,622.195,298.822,0.0,0.0,0.3756,0.18039,0.0,0,0.0249822314,0.03143269464617532
MITGUR01_clean,3.70587,2.68143,3.6977,2.08145,0.0,0.0,96.462,46.3437,0.4106,0.197267,0.0,1,0.0183195892,0.015404080997326972
MIVNUB_clean,3.84269,3.06229,3.84269,2.32973,0.0,0.0,96.5125,41.4265,0.3776,0.162079,0.0,1,0.0132604191,0.013472159638925951
MIVWAR_clean,5.82094,2.89057,5.82094,1.07961,0.0,0.0,844.633,782.353,0.5288,0.489809,0.0,1,0.0655187715,0.0624082771276121
MIXBEC_clean,12.4058,6.44619,12.40529,0.643237,2322.53,3610.7,0.0,0.0,0.758,1.17841,0.0,1,0.2475054096,0.24622933583619694
MOBBIO_clean,5.66644,4.51564,5.66644,0.981281,2678.54,2729.64,0.0,0.0,0.6804,0.693379,0.0,0,0.1284995775,0.13293823632907215
MOCKEV_clean,10.91306,6.61562,10.91306,0.767829,2301.91,2997.95,0.0,0.0,0.734,0.955943,0.0,1,0.2040741701,0.20132681266563168
MOLLII_clean,3.83099,3.15452,3.83091,2.16412,0.0,0.0,50.841,23.4927,0.4308,0.199065,0.0,1,0.0088617439,0.01657470705182626
MOSDUT_clean,5.00847,4.17233,5.00847,1.12183,1419.6,1265.43,13.3609,11.9099,0.5596,0.498828,0.0,1,0.0784184674,0.08139393566151079
MOTVOI_clean,9.87335,7.01536,9.87051,1.00037,1639.71,1639.11,0.0,0.0,0.6506,0.650361,0.0,1,0.1273514463,0.12061421788402099
MOWQIZ_clean,5.23784,2.88423,4.69397,1.93325,0.0,0.0,670.633,346.894,0.5288,0.273529,0.0,1,0.0332971232,0.03976346377633621
MUBZUG_auto,18.63539,7.90997,18.63539,0.469492,1954.88,4163.83,0.0,0.0,0.8032,1.71078,0.000425992,0,0.3485579913,0.342661451311715
MUDTAH_clean,18.89368,6.63386,18.89368,0.562193,2169.18,3858.42,0.0,0.0,0.7916,1.40806,0.0,1,0.3006125676,0.288186256901402
MUFYAP_clean,6.26363,3.70776,6.26313,1.90371,978.115,513.793,0.0,0.0,0.5022,0.2638,0.0,1,0.0444227953,0.03878462843090133
MUJPUE_clean,6.48776,3.37947,6.26169,1.39952,638.17,455.993,39.2954,28.0779,0.4824,0.34469,0.0,0,0.0438627368,0.040722322958799136
MULQOA_clean,5.82935,5.12372,5.78502,1.29204,2093.52,1620.33,0.0,0.0,0.6306,0.488067,0.0,1,0.0926808076,0.09376026681478455
MULSER_clean,6.43873,5.71769,6.32596,3.20394,1423.73,444.368,0.0,0.0,0.5564,0.173661,0.0,1,0.0353964613,0.03201412175885907
MURBEI_clean,7.16636,5.68293,7.16636,0.873364,2436.63,2789.93,0.0,0.0,0.6948,0.795545,0.0,0,0.1873680039,0.16230653583699167
MURCIL_clean,8.29917,7.10888,8.29917,1.5444,1055.62,683.511,0.0,0.0,0.5688,0.368297,0.0,1,0.0438289767,0.04694606675466326
MURCOR_clean,8.10583,6.88134,8.10583,1.58436,1015.28,640.812,0.0,0.0,0.5632,0.355475,0.0,1,0.0420180126,0.042369464184686505
MUSCIN_clean,9.38658,7.66741,9.38512,0.993168,1809.71,1822.16,0.0,0.0,0.6586,0.663131,0.0,1,0.132694357,0.12674272652390306
MUSSIE_clean,8.74352,7.39002,8.74352,1.23265,727.688,590.344,539.668,437.811,0.5772,0.468259,0.0,0,0.0827583586,0.0864511531752173
MUTNAQ_clean,4.57844,2.9184,4.56708,1.44096,0.0,0.0,465.48,323.035,0.471,0.326866,0.0,0,0.0296860872,0.03465084037103257
MUTVUT_clean,4.81469,3.76296,4.81469,1.36731,413.706,302.568,0.0,0.0,0.4354,0.318435,0.0,0,0.0211934659,0.02448134498329539
MUVGOA_clean,5.03839,3.5374,4.60238,0.993755,720.941,725.471,502.862,506.022,0.5306,0.533934,0.0,0,0.0925377955,0.0862622659916441
MUVROM_clean,6.53947,4.17251,6.17765,1.42791,635.748,445.228,276.909,193.926,0.462,0.323549,0.0,1,0.0535649958,0.04919124758211685
MUWQEB_clean,15.66484,9.57746,15.5128,0.72296,1280.06,1770.59,458.981,634.865,0.7258,1.00393,0.0,1,0.213196386,0.20807159873427447
MUXHIW01_clean,3.39894,2.68407,3.39894,1.99057,0.0,0.0,6.84708,3.43975,0.4092,0.205569,0.0,1,0.0137205443,0.013339100974656223
MUXHUI01_clean,3.32627,2.62136,3.32559,2.07313,0.0,0.0,0.0,0.0,0.3974,0.191691,0.0,1,0.0116268449,0.01141092128639519
MUZVUA_clean,6.29282,4.92678,6.2328,1.05196,1843.91,1752.83,0.0,0.0,0.6012,0.571503,0.0,1,0.1003061052,0.10515682713229346
NABMUA01_clean,6.23732,6.06718,6.23732,1.12213,1424.12,1269.12,0.0,0.0,0.5374,0.47891,0.0,1,0.1065012723,0.08681192106892302
NADZEZ_clean,4.52715,3.99796,4.52715,1.63451,828.325,506.772,0.0,0.0,0.4522,0.276657,0.0,0,0.0498870822,0.039452871667937976
NAGBUU_clean,4.53887,4.18445,4.52808,1.74664,609.414,348.906,0.0,0.0,0.3514,0.201186,0.0,1,0.0241390444,0.027198155036295177
NAGQET_clean,6.32737,4.10631,6.32737,1.16822,1034.31,885.371,0.0,0.0,0.4844,0.414648,0.0,0,0.0552219884,0.05643337723142006
NAHDIM_clean,9.95042,3.2912,9.94964,0.879702,0.0,0.0,1238.92,1408.34,0.5938,0.675001,0.0,1,0.0974304815,0.10366630572739194
NAHNES_clean,12.52913,11.45257,12.52913,0.578749,2093.33,3616.99,0.0,0.0,0.7668,1.32493,0.0,1,0.2742630024,0.26449257688302724
NAJSUP_clean,6.289,4.7993,6.289,1.17213,2075.39,1770.61,0.0,0.0,0.6006,0.512401,0.0,1,0.1075864904,0.10314885466962083
NAJTEA_clean,5.94588,4.33133,5.94588,1.22585,1966.72,1604.37,0.0,0.0,0.5868,0.478688,0.0,1,0.0983187999,0.0952082831118436
NALWOO_clean,9.16164,8.79623,9.14564,1.02635,1440.32,1403.34,0.0,0.0,0.5862,0.571148,0.0,1,0.1021654159,0.10147087348137546
NANNEY_clean,4.84708,2.74228,4.48751,1.29059,0.0,0.0,356.384,276.14,0.4166,0.322798,0.0,0,0.0265528272,0.025067247455128755
NANYUX03_clean,5.54429,4.75767,5.52159,1.04137,1912.89,1836.9,0.0,0.0,0.6486,0.622835,0.0,0,0.116757647,0.10942368678901596
NAQRAA_clean,8.82176,4.19423,8.82039,1.0822,2240.28,2070.12,0.0,0.0,0.7116,0.657551,0.0,1,0.1207562285,0.1239323670784084
NARMUR_clean,3.85567,3.41897,3.84405,2.08835,240.166,115.003,0.0,0.0,0.399,0.19106,0.0,1,0.0157944139,0.018620314815758404
NARNAY_clean,3.7797,3.35693,3.7797,2.18462,172.349,78.8921,0.0,0.0,0.3916,0.179253,0.0,1,0.014563079,0.013731699642830511
NARNOM_clean,3.67086,3.25949,3.67086,2.36402,0.0,0.0,90.9169,38.4586,0.3802,0.160828,0.0,1,0.0129455141,0.013627016350594434
NARPUU_clean,4.57962,3.51552,4.57962,1.96606,599.01,304.676,0.0,0.0,0.431,0.219221,0.0,1,0.0293864539,0.02755721859667297
NASROR_clean,13.45228,4.98216,13.45228,0.776126,1903.68,2452.8,0.0,0.0,0.7,0.901915,0.0,1,0.1779241121,0.177116859312558
NATFAS_clean,6.53453,3.93626,6.37422,1.34798,1587.17,1177.44,0.0,0.0,0.564,0.418403,0.0,0,0.0855898317,0.0803175021480515
NAWDUN_clean,7.40097,5.49968,7.39892,0.842634,2070.76,2457.48,0.0,0.0,0.6368,0.755726,0.0,1,0.1443919494,0.14648305506701373
NAYGUR_clean,7.6924,7.0244,7.6924,0.745846,2238.41,3001.16,0.0,0.0,0.7254,0.972586,0.0,1,0.1647822472,0.18678511249705915
NAYXOC_clean,8.15867,4.39162,7.93074,1.10978,1802.12,1623.85,0.0,0.0,0.6112,0.550741,0.0,1,0.1061709015,0.10078402136287627
NAYZOE_clean,15.82314,6.52553,15.81665,0.498918,2302.42,4614.84,0.0,0.0,0.813,1.62953,0.0,1,0.335793698,0.33078916250086154
ncomms11831_ncomms11831-s3_clean,4.53044,4.08038,4.52326,1.56068,421.065,269.795,0.0,0.0,0.3414,0.21875,0.0,0,0.0270001109,0.02245162390943603
NEBNOZ_clean,6.01321,5.05928,6.00094,1.13873,1248.11,1096.06,0.0,0.0,0.5186,0.45542,0.0,1,0.0698461369,0.07389820928004238
NEDJAJ_clean,5.22097,2.98806,5.20032,1.83663,0.0,0.0,745.323,405.809,0.4994,0.27191,0.0,1,0.0372945819,0.04230678646970824
NEDWIE_clean,8.99031,6.43493,8.98641,0.682799,2139.49,3133.41,0.0,0.0,0.724,1.06034,0.0,1,0.2048675258,0.20034580025634913
NEHGIS_clean,5.25791,4.32138,5.25791,1.34435,1760.82,1309.79,0.0,0.0,0.5618,0.417897,0.0,1,0.0729230809,0.07633429725417801
NEJSAY_clean,4.50943,3.7344,4.50943,1.24034,1046.3,843.559,44.3105,35.7246,0.5234,0.421982,0.0,0,0.0617702256,0.06374809060138928
NELWIL_clean,3.58332,2.90369,3.50223,1.68506,0.0,0.0,51.1153,30.3344,0.4086,0.242484,0.0,1,0.0115710099,0.015611050684334146
NERVEN_clean,12.25139,5.76203,12.25139,1.08035,1360.26,1259.1,0.0,0.0,0.5706,0.528164,0.0,1,0.0813376055,0.09533197965570374
NETHOJ_clean_h,4.97649,4.04567,4.52041,1.68332,1607.37,954.88,0.0,0.0,0.565,0.335646,0.0,1,0.0570916147,0.059401115212789284
NETYIV01_clean,8.07265,7.09602,8.06746,0.782971,2020.36,2580.37,0.0,0.0,0.686,0.87615,0.0,1,0.1554221371,0.16622026197066664
NEVVAM02_clean,6.83817,5.86962,6.83673,1.42399,1416.84,994.976,0.0,0.0,0.5302,0.372334,0.0,0,0.0682266487,0.07506156973904513
NEVVAM_clean,6.98127,5.93133,6.98127,1.4203,1415.91,996.914,0.0,0.0,0.523,0.368233,0.0,0,0.0694006982,0.07389329833381762
NEVVEQ_clean,4.80581,3.79614,4.80581,1.56913,728.185,464.069,0.0,0.0,0.453,0.288695,0.0,0,0.0442639665,0.03484124161273205
NEXVUI_clean,9.07531,8.9508,9.07531,1.35917,693.606,510.314,30.665,22.5615,0.5322,0.391561,0.0,1,0.0490539103,0.04601021352472305
NEYJIM_clean,8.63602,2.71972,8.63602,1.95132,0.0,0.0,802.829,411.428,0.494,0.253162,0.0,1,0.0279772727,0.03858312142734432
NIBJAK_clean,32.00355,17.55175,32.00033,0.223433,1188.94,5321.22,0.0,0.0,0.9102,4.0737,0.0,1,0.8506525769,0.8337247310966716
NIFZUZ_clean,4.47146,2.86287,4.11273,1.6227,0.0,0.0,253.773,156.389,0.4366,0.269058,0.0,1,0.0296114671,0.022956213765921996
NIGBOW_clean,11.80846,11.56903,11.80846,0.664854,1743.47,2622.33,0.0,0.0,0.7086,1.0658,0.0,0,0.2186822142,0.19927895388619604
NIGFUF_clean,7.45855,4.62821,7.45855,1.23037,2420.25,1967.09,0.0,0.0,0.6578,0.534636,0.0,1,0.1174848201,0.11147948285368324
NIGNUO_clean,16.88905,3.72632,16.88905,0.773731,1979.77,2558.73,0.0,0.0,0.6948,0.897987,0.0,1,0.1758545604,0.17618863576080124
NIGPEA_clean,10.42385,9.24875,10.42385,0.730648,2142.0,2931.64,0.0,0.0,0.6842,0.936428,0.0,1,0.1881622982,0.18904739806447268
NIHBAI02_clean,4.7992,3.7527,4.7992,1.74298,825.866,473.823,0.0,0.0,0.449,0.257604,0.0,0,0.034982433,0.036830654401941366
NIJZOV_clean,8.62609,7.08161,8.6236,1.5406,1133.11,735.501,0.0,0.0,0.5798,0.376347,0.0,1,0.0498719418,0.0535797561578978
NIKJIB_clean,7.23675,3.61132,7.23452,1.15081,1184.22,1029.04,0.0,0.0,0.5324,0.462633,0.0,1,0.0661795646,0.07219980742671642
NIKJOH_clean,5.92614,3.00956,5.92202,1.25543,0.0,0.0,1126.53,897.324,0.4956,0.394764,0.0,1,0.0621878709,0.0632838390051565
NIKKIC_clean,5.94413,4.27315,5.93398,1.24613,1177.42,944.864,0.0,0.0,0.498,0.399638,0.0,1,0.0593717126,0.06338781228942092
NIKYOW_clean,4.56807,3.54686,4.56807,1.80221,654.259,363.032,0.0,0.0,0.4324,0.239928,0.0,0,0.0293033018,0.03176399046100954
NIKYUC_clean,4.9018,3.64376,4.89963,1.7317,810.432,467.997,0.0,0.0,0.4504,0.260091,0.0,0,0.0340160763,0.03723036901605085
NIKZEN01_clean,4.86464,3.71164,4.85271,1.72603,830.972,481.435,0.0,0.0,0.4544,0.263263,0.0,0,0.0347729764,0.03769188811046295
NIMTAE_clean,4.79937,4.4136,4.79752,1.0571,1265.99,1197.61,0.0,0.0,0.5494,0.519725,0.0,0,0.0751732997,0.07986927188242561
NIRKAB_clean,6.92969,3.36489,6.92969,1.45312,1377.63,948.051,0.0,0.0,0.547,0.376432,0.0,0,0.0635794621,0.06950807918838639
NIRMUW_clean,4.28887,3.01391,4.28887,1.9678,0.0,0.0,453.774,230.6,0.3832,0.194735,0.0,1,0.0284591181,0.027887167336113503
NIZZAY_clean,8.39896,7.78516,8.38426,1.2112,2073.27,1711.74,0.0,0.0,0.6754,0.557627,0.0,0,0.1017973392,0.1023189423003724
NOCLOH01_clean,5.48382,4.82541,5.46744,1.30816,1237.43,945.928,0.0,0.0,0.5374,0.410806,0.0,1,0.072315695,0.06426437442874784
NOCLOH_clean,5.4394,4.78188,5.37771,1.31451,1235.22,939.686,0.0,0.0,0.5324,0.405018,0.0,1,0.0706108388,0.0638148779754499
NOCYUB_clean,4.54438,4.10807,4.54438,1.72564,433.752,251.357,0.0,0.0,0.3964,0.229712,0.0,1,0.0278173396,0.020562677944980193
NOHLAZ_clean,4.58304,3.41283,4.57147,1.83959,742.915,403.849,0.0,0.0,0.415,0.225594,0.0,1,0.0399605724,0.033901841328910644
NOHLED_clean,4.02474,3.01362,3.77521,2.02092,0.0,0.0,133.099,65.8606,0.3242,0.160422,0.0,1,0.0130213369,0.013115286936857984
NOQPAM_clean,3.67254,2.67734,3.22252,2.07701,0.0,0.0,34.0309,16.3845,0.3774,0.181703,0.0,1,0.0135134889,0.013469336597703399
NUBBAP_clean,14.05418,6.66438,11.10621,0.762781,2298.42,3013.21,0.0,0.0,0.7708,1.01051,0.0,1,0.2111122052,0.21712715909338676
NUCBIY_clean,5.06822,3.86536,5.06061,1.18684,700.396,590.137,0.0,0.0,0.4806,0.404942,0.0,0,0.0426463945,0.04320558160836441
NUCYER_clean,4.96656,4.20041,4.96656,1.49997,657.943,438.637,0.0,0.0,0.4852,0.323473,0.0,1,0.0307566834,0.03381391164555539
NUDLIJ_clean,6.93743,5.78938,6.89446,1.14165,1419.26,1243.17,0.0,0.0,0.5428,0.475454,0.0,0,0.0902274029,0.08629072438024366
NUDNEH_clean,6.40452,5.65537,6.40452,1.17792,1346.46,1143.08,0.0,0.0,0.5262,0.44672,0.0,0,0.0814105481,0.07865570469739125
NUFCAU_clean,9.94144,7.33631,9.94144,0.845072,2116.0,2503.93,0.0,0.0,0.7364,0.871405,0.0,1,0.1721492305,0.17652047375349827
NUGRIR_clean,8.70402,6.3995,8.695,1.28478,1827.49,1422.42,0.0,0.0,0.645,0.502033,0.0,0,0.0932386959,0.09318461671401417
NUHNUA_clean,5.91571,3.87698,4.38862,0.866172,1483.02,1712.15,0.0,0.0,0.5628,0.649756,0.0,1,0.0890189526,0.09948821926575305
NUHQIS_clean,6.54623,4.66095,6.54623,1.20529,1894.68,1571.97,0.0,0.0,0.5972,0.495483,0.0,1,0.0983710338,0.09679113150488466
NUHQUE_clean,6.55171,4.68685,6.54808,1.21067,1893.64,1564.13,0.0,0.0,0.5964,0.492619,0.0,1,0.0978951357,0.09534031745682953
NULMAJ_clean,5.03229,4.40705,5.03229,0.892035,1713.32,1920.69,0.0,0.0,0.6184,0.693246,0.0,0,0.0843396556,0.11190984736876337
NUNPAP_clean,6.01151,4.33549,6.00656,0.794607,2195.03,2762.41,0.0,0.0,0.6796,0.855265,0.0,1,0.1594913629,0.15964188856683775
NUNWIE_clean,3.87406,3.12024,3.87278,2.1028,0.0,0.0,292.086,138.903,0.463,0.220183,0.0,1,0.0309363796,0.024966864706255934
NUTYIM_clean,13.08434,12.35689,13.08434,0.80193,1745.22,2176.28,0.0,0.0,0.7446,0.92851,0.0,0,0.1907170966,0.18461903313804257
NUVXOT_clean,9.16707,5.75569,9.14121,0.884237,2287.82,2587.34,0.0,0.0,0.7176,0.811547,0.0,1,0.1676096729,0.162393589999852
NUVYOT_clean,4.99931,3.59386,4.8252,1.15218,688.171,597.279,170.523,148.001,0.5094,0.44212,0.0,1,0.0564751896,0.055955169299315405
NUZSAD_clean,3.81349,3.15465,3.81349,2.05862,0.0,0.0,197.228,95.8062,0.3692,0.179344,0.0,0,0.0131238184,0.018437221371276416
OBAJAF_clean,9.08651,7.73882,9.08617,0.939446,1595.74,1698.6,0.0,0.0,0.6188,0.658686,0.0,1,0.1192406049,0.11788033552436647
OCINIA_clean,5.60901,3.32165,5.60901,1.53578,1179.07,767.736,0.0,0.0,0.5314,0.346013,0.0,1,0.0591730679,0.0573614171362541
OCOKUP_clean,5.00304,3.71484,4.99284,1.15999,792.721,683.386,0.0,0.0,0.474,0.408624,0.0,1,0.0520849315,0.049937101841046445
OCUGEZ01_clean,5.7662,4.18465,5.76016,1.3013,1459.07,1121.24,0.0,0.0,0.5724,0.439868,0.0,1,0.0680640437,0.07393313539102797
OCUGEZ_clean,5.71674,4.14737,5.66007,1.32226,1442.09,1090.62,0.0,0.0,0.5748,0.43471,0.0,1,0.0664744825,0.07245822854948689
OCUMOR_clean,5.32208,3.84167,5.31587,1.29298,1290.04,997.724,16.7653,12.9664,0.525,0.406038,0.0,1,0.070750292,0.07026005077561985
OCUQIN_clean,5.33125,3.14528,5.07457,1.48509,0.0,0.0,1059.52,713.44,0.5218,0.35136,0.0,1,0.060248393,0.055907489863724145
OCUSOV_clean,4.91031,3.4317,4.90721,1.52702,1101.56,721.382,0.0,0.0,0.5004,0.327698,0.0,1,0.0594481514,0.054421734878262996
OCUTEM_clean,5.16189,3.4562,5.16189,1.4963,1173.27,784.115,0.0,0.0,0.5098,0.340707,0.0,1,0.0618488762,0.057414253490984356
ODAJAG_clean,4.17677,3.25151,4.17557,2.09663,0.0,0.0,435.792,207.853,0.4414,0.210528,0.0,1,0.0210329981,0.027908132562975016
OFEREX_clean,6.99117,6.70761,6.99117,1.56791,1544.85,985.293,0.0,0.0,0.5694,0.363159,0.0,1,0.0768763724,0.06957958869637657
OFESEY_clean,7.30457,5.07688,7.30457,1.8342,871.652,475.221,0.0,0.0,0.451,0.245883,0.0,0,0.0319833606,0.03236262025952149
OFUCEZ_clean,5.30083,4.49138,5.29823,1.50666,1791.35,1188.95,0.0,0.0,0.5642,0.374471,0.0,1,0.0674530265,0.0709621409913998
OGAGAF_clean,4.92581,3.9125,4.92581,1.40546,832.759,592.516,0.0,0.0,0.5084,0.361731,0.0,0,0.0362954964,0.04341317116062276
OGOWAJ_clean,7.34237,6.24854,7.34237,0.908904,1684.85,1853.71,0.0,0.0,0.611,0.672238,0.0,0,0.1175222153,0.12229764075686225
OHEGAJ_clean,4.72341,2.80937,4.71665,2.20772,0.0,0.0,546.683,247.623,0.5162,0.233816,0.0,1,0.0328805253,0.03300558265502528
OHOMIH_clean,4.60907,4.30122,4.60907,1.97594,752.524,380.843,0.0,0.0,0.396,0.200411,0.0,1,0.0278868407,0.03044894653716816
OJIDAN_clean,19.79872,19.3368,19.78262,0.704653,1186.45,1683.74,21.5807,30.626,0.6956,0.987152,0.0,1,0.1772329661,0.17237494226230426
OKABAE_clean,14.07417,9.53484,14.07417,0.650845,2097.18,3222.24,0.0,0.0,0.77,1.18308,0.0,1,0.2509309048,0.2462474976067343
OKABEI_clean,13.86987,9.42284,13.86987,0.653017,2127.67,3258.22,0.0,0.0,0.7686,1.177,0.0,1,0.2515337734,0.24609790326601605
OKAYUW_clean,4.44294,3.73093,4.20318,1.19551,569.391,476.274,0.0,0.0,0.4482,0.374902,0.0,0,0.043084638,0.03780377137400899
OKIPUU_clean,4.91214,2.87904,4.91214,1.38188,0.0,0.0,357.44,258.662,0.459,0.332156,0.0,0,0.0251573177,0.030886546867095285
OKIQAB_clean,5.10514,2.82759,4.82525,1.34977,0.0,0.0,320.958,237.788,0.4304,0.31887,0.0,1,0.0257647958,0.026247458955751188
OKIWUB02_clean,5.03837,4.11286,5.03612,1.09856,959.969,873.844,73.9627,67.327,0.5172,0.470799,0.0,0,0.0656139586,0.06302654524650904
OKOSUE_clean,8.8545,8.04507,8.8545,0.943263,2011.47,2132.46,0.0,0.0,0.6862,0.727475,0.0,1,0.1486944318,0.14132990366002926
OKUTEV_clean,23.06458,12.98274,23.06458,0.330655,1597.33,4830.79,0.0,0.0,0.865,2.61602,0.0,1,0.5426446279,0.5305584660911589
OLAGIR_clean,5.85131,3.81671,5.85131,1.37856,1640.47,1189.99,0.0,0.0,0.6336,0.459611,0.0,0,0.087411542,0.07931088938086833
OLAQOI_clean,9.42311,9.23332,9.42311,1.32858,853.13,642.139,2.75819,2.07605,0.5142,0.387031,0.0,1,0.0521351498,0.047355450799978105
OLAWUU_clean,5.70617,3.38454,5.70617,1.82501,608.324,333.327,125.668,68.8591,0.4924,0.269807,0.0,1,0.0287111231,0.03516549507062598
OLOKEF_clean,4.36483,3.3129,4.3161,1.5482,868.847,561.197,0.0,0.0,0.512,0.330706,0.0,1,0.0571998799,0.05084246137009805
OLONAG_clean,5.4975,2.97064,5.48387,1.82825,0.0,0.0,824.753,451.116,0.4878,0.266812,0.0,1,0.032500038,0.04429938593249277
OLUCAZ_clean,5.7945,5.1746,5.79081,1.16161,989.952,852.226,0.0,0.0,0.5026,0.432676,0.0,1,0.0510767515,0.05808446094871794
OMIMEE_clean,16.54568,6.7257,16.54568,0.768319,2276.49,2962.95,0.0,0.0,0.7618,0.991516,0.0,1,0.2008246931,0.22237550348694354
OMIPAD_clean,5.24341,3.62169,5.16602,1.1791,539.772,457.781,0.0,0.0,0.4566,0.387243,0.0,0,0.0404245458,0.03426560570799434
OMUSAS_clean,18.71438,16.17316,18.71102,0.318003,1216.14,3824.31,0.0,0.0,0.8696,2.73457,0.0,1,0.5338409645,0.5350344022218677
ONEJUN_clean,5.6787,4.73551,5.6787,3.33073,1808.25,542.898,0.0,0.0,0.5352,0.160685,0.0,1,0.0270249324,0.03367222091781331
ONUQOE_clean,5.78941,4.64204,5.78941,1.32315,1185.02,895.611,0.0,0.0,0.5286,0.399503,0.0,0,0.0645870526,0.06463959940433629
OPAGIX_clean,11.70127,10.88776,11.68193,0.905898,1551.84,1713.04,0.0,0.0,0.6624,0.731208,0.0,1,0.1647074089,0.13641666479277412
OPAPEB_clean,4.83812,3.32695,4.83799,1.58153,509.553,322.189,0.0,0.0,0.4302,0.272015,0.00012646,1,0.0276821145,0.024878730022560247
OPAPOL_clean,4.79997,3.29458,4.79997,1.61076,0.0,0.0,484.37,300.708,0.4276,0.265464,0.000124165,1,0.0266782623,0.03100908578337158
OPEGIA_clean,5.19146,3.15179,5.19146,2.50635,0.0,0.0,492.643,196.558,0.3978,0.158717,0.0,0,0.0320925697,0.03124030775923898
OPIPUZ_clean,4.1797,3.40347,4.03039,1.43766,625.591,435.146,0.0,0.0,0.4234,0.294507,0.0,0,0.0285929643,0.038441876267837
OPIXUI_clean,8.41938,5.49258,8.39031,1.03412,1914.8,1851.63,0.0,0.0,0.6428,0.621591,0.0,1,0.1122892154,0.12147066978128468
OPIYAP_clean,5.9608,4.59988,5.87453,1.18841,1751.48,1473.8,0.0,0.0,0.5816,0.489391,0.0,1,0.0830946708,0.09167434548053159
OPOZEZ_clean,7.29162,6.03013,7.28839,1.13101,1136.3,1004.68,0.0,0.0,0.5256,0.464718,0.0,0,0.0671961936,0.07215888497147598
OQESAF_clean,5.40051,4.82483,5.39518,1.19788,1160.82,969.063,0.0,0.0,0.5318,0.443952,0.0,1,0.0712039282,0.06609479029167382
OQESEJ_clean,5.44129,4.56082,5.37025,1.17091,1266.4,1081.56,0.0,0.0,0.5586,0.477065,0.0,1,0.0760398262,0.0771411362880556
OQIQIQ_clean,5.6202,4.58328,5.56734,1.81543,1128.03,621.358,0.0,0.0,0.505,0.278171,0.0,1,0.0504704224,0.04555830633615674
OQUXEF_clean,5.15601,3.95885,4.51563,3.15796,940.396,297.786,0.0,0.0,0.4776,0.151237,0.0,1,0.0203295638,0.02278984007651265
OQUXIJ_clean,5.10257,3.94634,4.56846,3.16115,912.504,288.662,0.0,0.0,0.4752,0.150325,0.0,1,0.0198819676,0.022610570884246617
ORAQUU_clean,8.39177,4.98086,8.38728,0.858283,1785.46,2080.27,0.0,0.0,0.5764,0.671573,0.0,1,0.1314348253,0.12252907654492294
OREZES_clean,6.24665,4.6565,6.24665,1.39534,1020.81,731.587,0.0,0.0,0.5102,0.365646,0.0,1,0.0353861991,0.04768538059410081
ORIWET_clean,11.42805,11.05994,11.42805,1.09099,1549.25,1420.05,0.0,0.0,0.6484,0.594324,0.0,1,0.1271900467,0.12406826720107753
OROLUD_clean,4.90586,4.18695,4.898,1.66342,1280.2,769.617,0.0,0.0,0.5884,0.353728,0.0,0,0.0568826156,0.060114559789123535
ORULEU_clean,5.09262,3.5697,5.08241,1.45149,909.467,626.575,0.0,0.0,0.458,0.315538,0.0,1,0.0480965411,0.045350299099823126
OSAVEK_clean,5.46185,5.06196,5.40742,0.991485,1397.48,1409.49,0.0,0.0,0.5638,0.568642,0.0,1,0.0980709056,0.0953680783721916
OSAVUA_clean,5.76863,5.59566,5.76863,0.884314,1778.32,2010.97,0.0,0.0,0.631,0.713547,0.0,1,0.1374675836,0.12527032359638993
OSIXEU_clean,4.48519,3.90629,4.42091,1.97236,391.928,198.71,0.0,0.0,0.4512,0.228762,0.0,1,0.014436183,0.02268482800972657
OTAQAD_clean,7.25379,5.92825,6.48374,0.846977,2257.66,2665.55,0.0,0.0,0.6554,0.773811,0.0,0,0.1683696435,0.15449340681571552
OTAWIR_clean,8.76686,5.54904,8.76285,0.758956,2118.77,2791.7,0.0,0.0,0.6858,0.90361,0.0,1,0.1864897075,0.17527272758755447
OTAXOX_clean,5.66244,2.97964,5.65648,1.37084,0.0,0.0,751.62,548.291,0.462,0.33702,0.0,0,0.0395795237,0.047495725142448646
OTEGUR_clean,7.28809,7.1769,7.28809,1.35972,1613.99,1187.0,0.0,0.0,0.5986,0.440239,0.0,0,0.1011653704,0.09085905607836302
OTIBUQ_clean,7.49622,5.20769,7.4368,0.82052,1944.83,2370.25,0.0,0.0,0.6366,0.775849,0.0,0,0.1591012289,0.14267223002189133
OTIPEO_clean,5.44422,3.64653,5.43023,1.30852,1112.97,850.554,0.0,0.0,0.552,0.421851,0.0,1,0.0706162638,0.05975670014409745
OTIPUE_clean,4.56896,3.82437,4.54982,1.42368,625.25,439.178,0.0,0.0,0.419,0.294307,0.0,0,0.0369984706,0.03357599030013128
OTOXIF_clean,4.04239,2.68801,3.71038,1.57055,0.0,0.0,111.027,70.6935,0.431,0.274427,0.0,1,0.0287645089,0.01760841703539498
OVEJIJ_clean,6.31656,4.24661,6.2524,1.60097,1225.59,765.53,134.792,84.1937,0.5422,0.33867,0.0,1,0.0689791147,0.05917780482348329
OVICUS_clean,5.87924,5.2518,5.87924,1.52853,828.26,541.866,0.0,0.0,0.4388,0.287073,0.0,1,0.0444984034,0.03782117008800089
OVIWIA_clean,4.70586,3.71228,4.70586,2.66834,1137.35,426.241,0.0,0.0,0.5094,0.190905,0.0,1,0.0328145351,0.03389881093127048
OVUCOY_clean,6.51812,4.71987,6.51261,2.41124,1158.77,480.568,0.0,0.0,0.5524,0.229094,0.0,1,0.0358462659,0.03645917426633169
OVUDAL_clean,7.09169,4.92914,7.08099,2.29972,1368.63,595.127,0.0,0.0,0.5708,0.248204,0.0,1,0.0404581068,0.043232185835082586
OWAVIS_clean,9.58182,5.9765,9.29598,0.840674,2344.57,2788.91,0.0,0.0,0.7226,0.859548,0.0,1,0.1731986321,0.1776574040326488
OWETIU_clean,6.92899,4.15657,6.92674,3.31737,1014.79,305.901,78.2458,23.5867,0.4912,0.148069,0.0,1,0.0197293797,0.02068281822670555
OWIHIN_clean,7.33344,7.17038,7.33344,1.33826,1633.23,1220.41,0.0,0.0,0.6104,0.456115,0.0,0,0.1022902738,0.09349853925272743
OWIJAH_clean,7.38305,7.21509,7.38305,1.32603,1628.6,1228.17,0.0,0.0,0.6114,0.461074,0.0,0,0.1036200262,0.09342444460925449
OWIJEL_clean,7.46814,7.33893,7.46814,1.32685,1640.34,1236.26,0.0,0.0,0.612,0.461241,0.0,0,0.1047519933,0.0930800970492324
OWIYUP_clean,8.24396,6.91953,8.2349,0.925347,1653.05,1786.41,0.0,0.0,0.6152,0.664832,0.0,1,0.1147856049,0.11931831502683163
OWUWUA_clean,5.57616,4.37097,5.56477,1.14473,1062.1,927.816,0.0,0.0,0.5102,0.445693,0.0,1,0.0602763881,0.06162072398883331
OXALOP_clean,5.88824,4.43891,5.88824,1.02509,1694.61,1653.14,0.780383,0.761286,0.599,0.584341,0.0,1,0.1039698323,0.10035259526276098
OXOZUY_clean,8.19821,4.66417,8.1974,0.956716,1690.02,1766.48,0.0,0.0,0.6112,0.638852,0.0,1,0.1120676611,0.11425554865470797
OYEWEW_clean,9.10111,6.40889,9.10064,0.579676,2406.76,4151.9,0.0,0.0,0.7488,1.29176,0.0,1,0.2644473993,0.2555303632272158
OZUKOL_clean,11.66314,11.04095,11.6623,1.07501,1570.69,1461.09,0.0,0.0,0.6578,0.611902,0.0,1,0.1346628104,0.12411972707696681
OZUKUR01_clean,12.00308,11.20848,12.00308,1.04914,1577.91,1504.01,0.0,0.0,0.6712,0.639764,0.0,1,0.1381284008,0.12611982281380404
OZUKUR_clean,11.77684,11.08852,11.77544,1.07383,1569.26,1461.37,0.0,0.0,0.6592,0.613879,0.0,1,0.1329528246,0.12365292001236122
OZULAY_clean,11.76704,10.98127,11.76502,1.07223,1568.4,1462.75,0.0,0.0,0.6546,0.610504,0.0,1,0.1341019533,0.1234482156347141
OZUMAZ_clean,11.32593,10.60044,11.32547,1.32216,1533.89,1160.14,0.0,0.0,0.6396,0.483754,0.0,1,0.1035393624,0.10310440545930372
PACZOK_clean,14.42262,6.94223,14.41025,1.08844,2172.35,1995.84,0.0,0.0,0.7086,0.651024,0.0,1,0.1362149093,0.14122358070651594
PACZUQ_clean,6.93068,4.23947,6.93068,1.54491,905.644,586.213,0.0,0.0,0.4772,0.308886,0.0,0,0.0317134912,0.041289952284974854
PAJSAX_clean,11.72543,11.19673,11.71838,0.847503,1673.18,1974.24,0.0,0.0,0.6882,0.812032,0.0,0,0.1395187189,0.1514999587861346
PAKXIK_clean,5.56128,3.90775,5.56038,1.25158,1486.65,1187.82,19.61,15.6682,0.5744,0.458939,0.0,1,0.0709280859,0.07825694664764506
PAMGIV_clean,4.35287,3.39585,4.35042,1.32875,833.514,627.293,0.0,0.0,0.533,0.401129,0.0,1,0.0537684117,0.056444657852440246
PAMTUU_clean,12.40087,5.62514,12.40087,0.908425,2011.92,2214.73,0.0,0.0,0.6952,0.76528,0.0,1,0.1556286213,0.15564309905250925
PAPVAF_clean,10.09597,6.84011,9.58875,0.817097,2396.15,2932.52,0.0,0.0,0.7324,0.896344,0.0,1,0.181663178,0.18800633581951537
PAPVEJ_clean,4.81247,3.05568,4.78767,1.46668,0.0,0.0,513.987,350.443,0.4398,0.299861,0.0,1,0.0361076382,0.031494531356961175
PAPVIN_clean,4.8231,3.07966,4.81833,1.46172,0.0,0.0,533.123,364.722,0.4442,0.303888,0.0,1,0.0379705096,0.032326384852752216
PAPXUB_clean,4.14867,3.74838,4.12901,1.41027,380.17,269.572,0.0,0.0,0.4056,0.287604,0.0,0,0.0242142436,0.025340856309029852
PARKUQ01_clean,6.67552,5.18428,6.65544,1.17133,2054.42,1753.92,0.0,0.0,0.6446,0.550316,0.0,0,0.1104209811,0.107063368995841
PARNON_clean,7.81335,6.23608,7.8124,0.973393,1971.82,2025.72,0.0,0.0,0.6118,0.628523,0.0,1,0.120317655,0.12463282901299655
PASNAA01_clean,4.83008,3.80459,4.83008,1.46381,1335.98,912.674,0.0,0.0,0.51,0.348405,0.0,1,0.0636592881,0.0614234632735738
PASNAA_clean,4.89594,3.826,4.89193,1.4497,1354.61,934.408,0.0,0.0,0.5164,0.356212,0.0,1,0.065098654,0.06275631735646056
PASNEE_clean,4.1572,2.83674,4.15664,1.74103,0.0,0.0,147.202,84.5488,0.4688,0.269265,0.0,1,0.0202143072,0.021371630726573013
PATWOY_clean,7.80785,6.68696,7.80785,0.911859,1500.87,1645.94,0.0,0.0,0.5982,0.656023,0.0,1,0.1138320005,0.11127498621605972
PEFRID01_clean,6.55951,5.47634,6.55951,1.31717,1348.3,1023.64,0.0,0.0,0.552,0.419081,0.0,1,0.0757206939,0.07114576191454228
PEFRUP01_clean,6.70842,5.60789,6.69161,1.32053,1380.71,1045.57,0.0,0.0,0.5546,0.419982,0.0,1,0.078645299,0.07208158349091144
PEGBUA_clean,4.24178,3.44241,4.23659,1.42808,542.261,379.715,0.0,0.0,0.474,0.331915,0.0,1,0.0295570818,0.03402156052947593
PEGPOI_clean,4.98627,3.51233,4.9807,1.99017,618.984,311.02,0.0,0.0,0.3962,0.199078,0.0,1,0.0280015868,0.027981282960602483
PEGQAV_clean,5.14547,3.15291,5.14547,2.3247,0.0,0.0,536.15,230.632,0.4248,0.182733,0.0,1,0.0224487795,0.029610834639534026
PEGQOJ_clean,5.06893,3.45218,5.06893,2.53315,611.744,241.495,0.0,0.0,0.3936,0.15538,0.0,1,0.0209348816,0.022754547105791723
PEHQID_neutral,5.14211,3.77935,5.14211,1.46568,1144.37,780.78,0.0,0.0,0.5232,0.356968,0.0,0,0.04377996,0.057343370869535865
PEJNUP_clean,9.7414,9.14394,9.67281,0.771129,2269.17,2942.66,0.0,0.0,0.7412,0.961188,0.0,0,0.1950556003,0.19436114280617345
PEJRED_clean,4.11493,2.97482,3.99412,1.36173,0.0,0.0,184.048,135.157,0.4058,0.298003,0.0,1,0.0163115223,0.023540021960456764
PEKWAF_clean,4.37236,3.14456,4.34705,3.10112,0.0,0.0,523.237,168.725,0.4638,0.149559,0.0,1,0.027259979,0.027828795328180195
PELGOE_clean,4.61976,3.65124,4.60921,1.18989,1005.69,845.196,0.0,0.0,0.5078,0.426764,0.0,1,0.0596554264,0.05947080031806284
PELRAB_clean,3.40218,2.89523,3.40218,1.26815,0.0,0.0,8.29508,6.5411,0.4354,0.343336,0.0,1,0.0135841867,0.023587782873218277
PEPFAT_clean,10.91726,6.85852,7.70966,1.0029,2251.01,2244.49,0.0,0.0,0.6862,0.684214,0.0,1,0.1438849481,0.1461176463234385
PEPLEC_clean,7.22831,6.81306,7.22831,1.03011,1642.0,1594.0,0.0,0.0,0.618,0.599935,0.0,0,0.115278618,0.11467541582429225
PEQRUZ_clean,5.68699,4.77458,5.65626,1.19715,1015.07,847.906,0.0,0.0,0.4752,0.396942,0.0,1,0.0794912682,0.05399124646343665
PETWOC_clean,9.15829,4.1058,9.15829,1.69456,1870.12,1103.6,0.0,0.0,0.6222,0.367174,0.000472098,0,0.0659630079,0.07845235315717555
PEVQIS_clean_h,14.89727,7.78421,14.89178,0.605776,2230.04,3681.29,0.0,0.0,0.8056,1.32986,0.0,0,0.267243124,0.2750824857920376
PEVYUM_clean,4.01364,3.19633,4.01364,1.38412,0.0,0.0,473.665,342.214,0.43,0.310666,0.0,0,0.0290847258,0.036593456357697084
PEWFII_clean,4.2167,2.74504,4.09989,2.1516,0.0,0.0,768.518,357.184,0.518,0.240751,0.0,1,0.0398353061,0.04183425910529479
PEWKOT_clean,5.45411,3.32069,4.75757,1.65307,436.668,264.155,126.937,76.7882,0.457,0.276455,0.0,0,0.0355659173,0.027250505621071466
PEWXUL01_clean,5.54275,4.60824,5.54275,1.0598,1055.66,996.092,0.0,0.0,0.5124,0.483488,0.0,0,0.0652344999,0.06544955003132258
PEYSIW_clean,5.69089,4.7197,5.69089,1.0552,1032.59,978.576,0.0,0.0,0.5102,0.483511,0.0,0,0.0650162584,0.06385510124319552
PIBGAK_clean,6.08784,5.5601,6.06673,1.08232,1652.36,1526.68,0.0,0.0,0.6232,0.575798,0.0,1,0.10330879,0.10291440302254702
PIBPAS01_clean,10.22467,9.87308,10.22467,0.904434,1674.99,1851.98,0.0,0.0,0.6484,0.716913,0.0,1,0.1330558105,0.1319747377218854
PICTIG_clean,7.17773,5.19524,7.1746,0.956819,2131.67,2227.87,0.0,0.0,0.65,0.679334,0.0,1,0.125637127,0.13304726843159906
PIDMEV01_clean,7.72003,4.28453,7.71744,1.05835,1674.28,1581.97,0.0,0.0,0.5974,0.564462,0.0,1,0.0984985976,0.10090680813453337
PIGHIX_clean,4.27166,3.21122,4.2697,1.25505,0.0,0.0,770.951,614.279,0.4778,0.380702,0.0,1,0.0470244025,0.05418987758917111
PIJJOI_clean,6.12931,4.00789,6.08289,1.09199,859.144,786.767,2.75763,2.52532,0.5414,0.495791,0.0,0,0.058303974,0.05978397764447879
PIJROR_clean,8.28575,7.67913,8.28575,1.27602,1385.29,1085.63,0.0,0.0,0.5522,0.432752,0.0,0,0.079612639,0.0809718465985522
PIQMOT_clean,6.47127,5.32823,6.30186,1.23035,1074.68,873.471,0.0,0.0,0.4866,0.395496,0.0,0,0.0638546994,0.055576293349829366
PITPEP_clean,11.41966,9.93708,11.41966,0.952882,1649.81,1731.39,0.565272,0.593223,0.622,0.652757,0.0,1,0.1191037197,0.12429399854189874
PIYZED01_clean,6.96517,5.63588,6.96517,1.04478,2626.41,2513.83,0.0,0.0,0.7254,0.694307,0.0,0,0.1243819239,0.12458391292765367
PIYZED02_clean,6.95041,5.62583,6.95041,1.04842,2625.12,2503.87,0.0,0.0,0.7248,0.691323,0.0,0,0.122844047,0.12427661942858498
PIZPIX02_clean,4.8742,3.92497,4.87073,1.75108,1636.83,934.755,0.0,0.0,0.5514,0.314892,0.0,1,0.0564607065,0.05230008335925327
PIZRUN_clean,5.3818,4.43333,5.37307,1.2127,1196.95,987.011,0.0,0.0,0.5248,0.432754,0.0,1,0.0629833087,0.07040854747593973
PODKOK_clean,18.51885,8.56409,12.59731,0.489414,2180.69,4455.72,0.0,0.0,0.8128,1.66076,0.0,1,0.348936743,0.3442123102649201
PODVUB_clean,4.5439,3.06862,4.52301,2.27214,0.0,0.0,256.937,113.082,0.3852,0.169532,0.0,1,0.0145714343,0.019179618746284682
POFSIN04_clean,6.97392,5.62462,6.97392,1.04699,2616.52,2499.1,0.0,0.0,0.7262,0.69361,0.0,0,0.1234730473,0.12458391292765367
POHCOG_clean,6.03433,4.98914,5.98921,1.54389,1290.39,835.809,0.0,0.0,0.5212,0.33759,0.0,1,0.0555743903,0.061345036314992635
POHWIU_clean,15.94965,10.39364,15.94872,0.460887,1949.35,4229.57,0.0,0.0,0.8104,1.75835,0.0,1,0.3637426837,0.36378939523590786
POKSEP_clean,5.24976,3.94365,5.24501,1.70126,572.314,336.407,0.0,0.0,0.4264,0.250638,0.0,1,0.030877728,0.025914049757945687
POKSIT_clean,5.21903,3.84136,5.20793,2.02039,562.699,278.51,0.0,0.0,0.4168,0.206297,0.0,1,0.0257464096,0.023441207257373475
POKTOA_clean,4.03898,2.9855,4.00238,1.93222,0.0,0.0,228.532,118.274,0.3822,0.197803,0.0,1,0.0174866056,0.019092063991675262
POKVAO_clean,5.22916,3.84535,5.22916,1.97617,548.634,277.625,0.0,0.0,0.4172,0.211116,0.0,1,0.0267119975,0.022570520884547404
POKVES_clean,3.98493,3.00906,3.98493,2.05587,0.0,0.0,198.119,96.3678,0.3688,0.179389,0.0,1,0.0150863185,0.017003817519328293
POKVUI_clean,4.03047,2.98599,4.0072,1.9449,0.0,0.0,225.384,115.885,0.3806,0.195691,0.0,1,0.0169833761,0.01846894349051706
POLBEX_clean,8.55331,7.31354,8.46863,1.98623,1149.15,578.559,46.9518,23.6386,0.5414,0.272577,0.0,1,0.0719245047,0.05308833664191556
POLNAG_clean,4.3281,3.57802,4.3281,1.44142,721.593,500.611,0.441141,0.306046,0.4992,0.346324,0.0,1,0.0377619753,0.04493767604831425
POQKAI_clean,3.6073,2.68378,3.6073,2.51254,0.0,0.0,60.5773,24.11,0.4162,0.165649,0.0,0,0.0226973096,0.01678549845459669
PORVUO_clean,4.67797,3.97904,4.67797,1.06036,1507.72,1421.89,0.0,0.0,0.5284,0.498321,0.0,0,0.0838719663,0.08718008141510916
POSFOU_clean,4.73608,3.35906,4.73077,1.31618,562.105,427.072,0.0,0.0,0.5096,0.38718,0.0,1,0.0423005173,0.038686548491081274
POSGAH_clean,6.19197,4.53531,6.16887,1.09324,1845.26,1687.87,0.0,0.0,0.5814,0.531812,0.0,0,0.0975237357,0.09834576601831804
POTNET_clean,4.90891,3.62196,4.89268,1.35117,1395.4,1032.74,0.298007,0.220556,0.5558,0.411349,0.0,1,0.071317703,0.07119129910061747
POTREX_clean,14.70007,10.79864,14.70007,0.483438,2025.11,4188.97,0.0,0.0,0.7802,1.61386,0.0,1,0.3388615825,0.3316252606601623
POVZUX_clean,4.32954,2.6263,3.90024,3.64122,0.0,0.0,307.357,84.4105,0.408,0.11205,0.0,1,0.0103931599,0.010102134031646587
PUDSIR_clean,6.84685,5.37896,6.83632,1.0569,2169.92,2053.1,0.0,0.0,0.647,0.61217,0.0,1,0.1191298585,0.12257502108172007
PUDSOX_clean,7.03254,5.77219,7.03254,1.04422,2164.07,2072.42,0.0,0.0,0.654,0.626304,0.0,1,0.1221488319,0.12427291596031181
PUFNUB_clean,4.95108,3.29964,4.95034,1.53377,0.0,0.0,393.158,256.335,0.3948,0.257405,0.0,0,0.0294826239,0.027743280983440602
PUGFII_clean,5.58292,2.993,4.55976,1.24413,0.0,0.0,883.579,710.201,0.4966,0.399156,0.0,1,0.0700692565,0.05873069172438016
PUGHIK_clean,5.58453,2.94571,4.54434,1.24413,0.0,0.0,889.639,715.072,0.4992,0.401246,0.0,1,0.0695110339,0.05888656095292869
PUGHUW_clean,4.59881,3.19101,4.38746,1.29152,0.0,0.0,680.912,527.217,0.4696,0.363602,0.0,1,0.055413529,0.04433044347036641
PUGPEO_clean,9.53093,8.66388,9.24995,1.0567,1899.67,1797.75,0.0,0.0,0.6656,0.629888,0.0,1,0.1250649799,0.12123835868448694
PUPHUE_clean,7.11215,6.70655,7.11215,0.937093,954.53,1018.61,0.0,0.0,0.5324,0.56814,0.0,1,0.0780981009,0.07652173254892532
PUPXII_clean,3.89064,2.97043,3.89064,1.45541,0.0,0.0,162.553,111.688,0.422,0.289952,0.0,1,0.0198318858,0.023584888052154335
PURNIB_clean,4.73361,3.41508,4.65301,3.6233,403.306,111.309,0.0,0.0,0.3372,0.0930644,5.52e-05,1,0.0102557866,0.034682493560578294
PUWDAM_clean,9.00542,5.91155,9.00542,0.805702,2374.94,2947.67,0.0,0.0,0.7118,0.883453,0.0,0,0.1976789442,0.17837225150844888
PUWDIU_clean,8.22754,6.95777,8.22754,1.0931,2055.27,1880.23,0.0,0.0,0.6384,0.584028,0.0,1,0.1182563911,0.11694866992026337
PUWDOA_clean,10.50578,8.82117,10.50578,0.768678,1898.43,2469.74,0.0,0.0,0.689,0.896344,0.0,1,0.1719862529,0.17020161558603197
PUWXAH_clean,4.52797,3.58309,4.52797,1.5745,738.046,468.749,0.0,0.0,0.4104,0.260654,0.0,0,0.0280028433,0.037416272709107835
PUZJOL_clean,4.83061,4.03981,4.83061,1.24259,1148.92,924.616,0.0,0.0,0.519,0.417676,0.0,0,0.0722444805,0.06429691782590585
PUZKOM_clean,5.73239,3.68789,5.71092,1.28608,1004.7,781.21,0.0,0.0,0.5098,0.396397,0.0,1,0.0563400005,0.053485035837755844
QADVUN_clean,3.777,2.91711,3.76909,2.40911,0.0,0.0,119.573,49.6338,0.4546,0.1887,0.0,1,0.0216114201,0.01911287893791873
QADWEA_clean,4.644,4.03482,4.644,1.80951,763.808,422.108,0.0,0.0,0.4542,0.251007,0.0,0,0.035995547,0.033429499710006236
QADWIE_clean,4.58512,3.92708,4.57664,1.84741,722.607,391.146,0.0,0.0,0.4522,0.244775,0.0,0,0.0350147258,0.03264023162096333
QAGDIO_clean,12.81046,10.08472,12.79582,0.728225,1959.77,2691.16,0.0,0.0,0.7164,0.983763,0.0,1,0.2042892222,0.19644486211893278
QAGQEW_clean,16.48295,9.14033,16.48295,0.959417,1239.84,1292.29,398.029,414.866,0.701,0.730652,0.0,1,0.1635583873,0.1657741427254238
QAJKAO_clean,5.03797,2.87978,5.03797,1.76281,0.0,0.0,713.197,404.579,0.4732,0.268435,0.0,1,0.035606832,0.03908195788896454
QALWUV_clean,7.07527,5.39947,6.79315,0.842522,2364.13,2806.02,0.0,0.0,0.7084,0.840809,0.0,0,0.1296732568,0.1704960617071126
QAMVEH01_clean,5.82556,4.59087,5.81673,0.990751,1901.06,1918.81,0.0,0.0,0.6228,0.628614,0.0,1,0.121427999,0.11126242341701667
QAPQEE_clean,4.84641,3.70884,4.84641,1.26705,1206.55,952.253,0.0,0.0,0.5406,0.426661,0.0,1,0.0509086026,0.06517820487251587
QAQHOG_clean,4.07536,3.5864,4.07536,2.36311,463.12,195.979,0.0,0.0,0.3764,0.159282,0.0,1,0.0295442608,0.021459022355264132
QAVDEW_clean,3.85858,2.94555,3.83538,1.58066,0.0,0.0,436.874,276.387,0.5158,0.326318,0.0,1,0.0362255531,0.041152640591517534
QAXQUB_clean,4.92382,2.63814,4.92363,1.88048,0.0,0.0,477.179,253.753,0.4532,0.241002,0.0,1,0.0376600837,0.02920833420503842
QERCEV_clean,3.81997,3.10912,3.81361,2.51107,0.0,0.0,143.305,57.0696,0.4082,0.16256,0.0,0,0.0125991452,0.019436629530918584
QERZUI01_clean,4.40066,3.54145,4.40066,1.45403,577.348,397.068,0.0,0.0,0.4282,0.294492,0.0,1,0.0389611739,0.03155976950108976
QETSOY_clean,3.67394,2.65431,3.67394,2.15075,0.0,0.0,74.9033,34.8265,0.4068,0.189143,0.0,0,0.0177804042,0.015898238622546385
QEVKOS_clean,4.71244,3.94029,4.71244,1.86641,753.543,403.738,0.0,0.0,0.4654,0.249355,0.0,0,0.0264193441,0.033198694413840296
QEWDON_clean,6.85219,4.97206,6.85219,1.41693,1021.65,721.035,55.4121,39.1073,0.5212,0.367839,0.0,1,0.0670529192,0.050812239610972795
QEZZAY_clean,4.42079,3.15597,4.42079,2.11715,0.0,0.0,758.055,358.055,0.5212,0.24618,0.0,0,0.0352499082,0.04641872576900227
QEZZEC_clean,4.41457,3.13321,4.41457,2.18001,0.0,0.0,724.76,332.456,0.522,0.239448,0.0,0,0.0345466417,0.046434075962459194
QIDDAI01_clean_h,4.98799,3.16299,4.9827,1.04634,0.0,0.0,1002.96,958.541,0.5504,0.526022,0.0,1,0.0707074601,0.07166984240374703
QIDDAI_clean_h,5.06102,3.07469,5.02911,1.04837,0.0,0.0,942.424,898.94,0.5614,0.535497,0.0,1,0.067086958,0.07064177830784199
QIGBIR_clean,5.14127,4.23557,5.11201,2.30609,2556.32,1108.51,0.0,0.0,0.6426,0.278653,0.0,1,0.0495734303,0.04973570154085835
QIJLAW_clean,8.05446,5.26641,8.05325,0.671267,2454.25,3656.15,0.0,0.0,0.7174,1.06873,0.0,0,0.187369095,0.1962266044225513
QIRWAR_clean,5.03603,3.89356,5.03603,1.34872,1809.31,1341.5,0.0,0.0,0.6038,0.447684,0.0,1,0.0825043758,0.07936590461128526
QISNIR_clean,6.57248,5.45743,6.53468,1.21872,2929.79,2404.0,0.0,0.0,0.7294,0.598499,0.0,1,0.1180430651,0.11221213342935085
QITDEE_clean,4.86214,3.02405,4.86214,1.33739,0.0,0.0,387.596,289.815,0.464,0.346944,0.0,1,0.0264404995,0.034000933463901574
QITDOO_clean,4.51149,3.70593,4.5073,1.60486,623.741,388.657,0.0,0.0,0.4184,0.260708,0.0,1,0.029340599,0.031729224888565624
QITXAU_clean,5.33833,4.09777,5.32992,1.02323,1464.2,1430.95,0.0,0.0,0.5698,0.556862,0.0,0,0.0792857318,0.09126621220524699
QIVJAG_clean,6.03486,4.47657,5.9683,0.924756,2925.59,3163.63,0.0,0.0,0.7036,0.760849,0.0,1,0.1422258959,0.15122844308376626
QIVQAP_clean,5.96532,3.96258,5.96532,1.08722,942.027,866.452,0.0,0.0,0.4728,0.434869,0.00073582,1,0.0584864407,0.05452525885998641
QIVYUR_clean,4.21696,3.7868,4.20902,1.26329,745.535,590.155,0.0,0.0,0.457,0.361755,0.0,0,0.0465120746,0.04558032987894149
QIVZEC_clean,5.08249,2.6083,4.77531,1.23808,0.0,0.0,716.512,578.726,0.4712,0.380588,0.0,0,0.0376679,0.045379141788219474
QIXNIW_clean,5.3327,4.51343,5.26398,1.68575,1489.56,883.622,0.0,0.0,0.5396,0.320096,0.0,1,0.0562221192,0.05456904980868749
QIYCOS_clean,4.98252,2.67355,4.98066,1.13718,0.0,0.0,632.572,556.262,0.4942,0.434582,0.0,1,0.0329701885,0.04901413103376224
QIYDEJ_clean,22.48969,11.55679,22.48969,0.431427,1897.73,4398.73,0.0,0.0,0.814,1.88676,0.0,1,0.3808149208,0.4023127942814265
QOBPEE_clean,5.93943,5.1846,5.93943,1.67865,1062.24,632.793,0.0,0.0,0.4286,0.255324,0.0,0,0.0548265293,0.04494032326507092
QOBWIN_clean,4.6196,3.06253,4.50511,2.05144,0.0,0.0,561.668,273.793,0.5346,0.260598,0.0,1,0.0386991539,0.03502952063601528
QOCRUW_clean,5.79604,4.18591,5.79604,1.38102,1479.67,1071.43,0.0,0.0,0.5506,0.398692,0.0,1,0.0719502493,0.07149677848602148
QODHUO01_clean,7.02176,3.66753,6.99115,1.3176,1021.05,774.937,0.0,0.0,0.496,0.376443,0.0,1,0.0467163806,0.050928094186162315
QODHUO03_clean,7.01529,3.79079,6.96918,1.33247,1014.37,761.274,0.0,0.0,0.4906,0.368189,0.0,1,0.0458211529,0.049624885611458544
QODHUO07_clean,7.03774,3.77448,6.9742,1.32931,1016.48,764.667,0.0,0.0,0.4848,0.364699,0.0,1,0.0460042888,0.048695756240363056
QOFBIY01_clean,7.02313,3.82948,7.02313,1.33462,1010.65,757.254,0.0,0.0,0.4866,0.364598,0.0,1,0.046411464,0.048185989632918945
QOFCEV_clean,7.0406,3.82805,7.0406,1.32731,1013.17,763.33,0.0,0.0,0.4912,0.370073,0.0,1,0.0467228879,0.0497526577781156
QOLVET_clean,4.18106,3.97053,4.18106,1.83396,707.407,385.727,0.0,0.0,0.4316,0.235338,0.0,0,0.0380963764,0.03393175227663304
QOMFEE_clean,6.23329,4.79223,6.23329,0.956504,2173.22,2272.05,0.0,0.0,0.6332,0.661994,0.0,1,0.1302464573,0.1277837992410271
QOMTET_clean,4.76534,3.95054,4.76534,1.34356,1133.18,843.42,0.0,0.0,0.5016,0.373337,0.0,1,0.0602153334,0.05622309233990129
QONLEM_clean,5.90984,4.72024,5.82362,0.936419,2363.81,2524.31,0.0,0.0,0.6642,0.709298,0.0,1,0.1256745002,0.13312151347770834
QOPPES_clean,7.05411,5.65156,7.03914,0.967554,1983.39,2049.91,0.0,0.0,0.6408,0.662289,0.0,1,0.1180125583,0.12689907411734977
QOPZIF_clean,6.77563,4.15655,6.73512,1.06978,1861.11,1739.71,0.0,0.0,0.6378,0.596196,0.0,1,0.1085087748,0.10435056516666069
QOSJOZ_clean,8.08316,3.97327,8.04054,1.14357,1840.46,1609.4,0.0,0.0,0.6224,0.54426,0.0,1,0.1062209422,0.10212320342521941
QOSKAM_clean,8.09283,3.98695,8.04748,1.17505,1628.38,1385.79,0.0,0.0,0.6158,0.524061,0.0,1,0.0955399674,0.09135785019892849
QOVWOP_clean,3.85842,2.99137,3.85842,1.50485,0.0,0.0,107.351,71.3366,0.4246,0.282154,0.0,0,0.0198408443,0.02006203157117946
QOWLEU_clean_h,7.55178,5.63017,7.55178,1.41332,1270.28,898.791,0.0,0.0,0.5304,0.375286,0.0,0,0.052029833,0.0665293219683572
QUFGIH_clean,5.23484,3.17899,5.23484,1.61709,0.0,0.0,909.892,562.673,0.5008,0.309692,0.0,1,0.0541862314,0.04654009998081888
QUKYUR_clean,4.2216,2.88893,4.2216,2.13114,0.0,0.0,437.358,205.223,0.4372,0.205148,0.0,1,0.0257924594,0.02744535321819118
QUPDEL01_clean,4.31787,3.88877,4.31787,2.05035,791.695,386.128,0.0,0.0,0.4768,0.232546,0.0,1,0.0347317935,0.036082353820078204
QUQBAH_clean,9.66456,8.22981,9.66456,0.719522,1817.4,2525.84,0.0,0.0,0.7038,0.978149,0.0,0,0.1901433389,0.1843719052431087
QUQPUO_clean,4.10943,3.18244,4.08921,1.20432,0.0,0.0,613.537,509.446,0.4756,0.394911,0.0,1,0.0558708273,0.04623859250928553
QUSCEN_clean,5.44405,4.31312,5.4378,1.17461,1160.52,988.008,0.0,0.0,0.5346,0.455132,0.0,0,0.0808359664,0.06920641557384322
QUSHUJ_clean,7.15336,4.82289,7.11748,0.903996,1600.62,1770.61,0.0,0.0,0.599,0.662614,0.0,1,0.1031404994,0.11088744080832592
QUWYEO_clean,4.99055,3.64708,4.98531,1.56862,445.43,283.963,0.0,0.0,0.3404,0.217006,0.0,0,0.0296560578,0.023528745202409176
QUZVEO_clean,9.48553,8.8403,9.48103,1.4036,1600.03,1139.94,0.0,0.0,0.619,0.441008,0.0,1,0.0807399,0.08549696137261772
RAFNIV_clean,5.08011,4.95466,5.07716,1.28742,668.968,519.62,0.0,0.0,0.4346,0.337575,0.0,0,0.0310077454,0.03440693606576199
RAHMAP_clean,5.60258,3.44233,5.60258,1.27525,1106.44,867.624,0.0,0.0,0.5354,0.419839,0.0,1,0.0692540719,0.06210121894612388
RAJFAL_clean,3.99252,2.95999,3.97563,1.3256,0.0,0.0,189.605,143.033,0.43,0.324381,0.0,1,0.0392386855,0.0268842329280915
RAKCUC_clean,8.57661,7.89234,8.55843,1.19439,2063.73,1727.86,0.0,0.0,0.673,0.563469,0.0,0,0.1029388661,0.10908413807238103
RAKDEN_clean,8.39033,7.40998,8.36675,1.20923,2036.82,1684.4,0.0,0.0,0.668,0.55242,0.0,0,0.1023213619,0.09971732944346307
RAQVEM_clean,4.14606,3.13681,4.12069,1.38196,0.0,0.0,176.567,127.766,0.4262,0.308404,0.0,0,0.0147259236,0.023421330097422352
RASKON_clean,4.83097,3.827,4.78914,1.13652,871.617,766.914,0.0,0.0,0.4996,0.439586,0.0,1,0.068833002,0.053290689838229245
RATVEP_clean,3.73735,3.09956,3.72505,1.34661,0.0,0.0,127.088,94.3768,0.4282,0.317985,0.0,1,0.0230192762,0.02378191996221303
RAVWAO_clean,17.92516,17.51395,17.92516,0.536552,1469.43,2738.65,0.0,0.0,0.7562,1.40937,0.0,1,0.2766929798,0.2819348392434639
RAVWUI_clean,36.78756,36.43313,36.78756,0.334728,1010.86,3019.95,0.0,0.0,0.8506,2.54117,0.0,1,0.5072633943,0.5207762061043624
RAVXAP_clean,34.85961,34.35542,34.85961,0.286106,1008.2,3523.86,0.0,0.0,0.8406,2.93808,0.0,1,0.5669184776,0.6419250207564424
RAWZIA_clean,5.39589,4.8012,5.39589,1.33412,1219.23,913.881,0.0,0.0,0.473,0.35454,0.0,0,0.0656773826,0.06367065874136724
RAXQEO_clean,8.85312,4.24768,8.85312,0.848051,1428.37,1684.3,0.0,0.0,0.631,0.744059,0.0,1,0.0965797915,0.11985512305393876
RAYFAA_clean,15.81778,9.45289,13.62877,0.959285,1554.88,1620.88,0.0,0.0,0.6988,0.728459,0.0,1,0.1404988713,0.14089373311395376
RAZJIM_clean,5.21161,3.32417,5.21161,1.39076,954.218,686.112,0.0,0.0,0.518,0.372458,0.0,1,0.0508195837,0.05209400004635514
RAZXIA_clean,7.67887,4.23308,7.64737,1.56136,1212.02,776.259,0.0,0.0,0.456,0.292053,0.0,1,0.0501854423,0.05076991855722997
REDROI_clean,5.11492,3.52421,4.97096,1.62315,751.494,462.985,0.0,0.0,0.4856,0.299172,0.0,0,0.0464253774,0.037768238845138136
REFTUT_clean,6.62287,5.81813,6.60232,1.44048,711.488,493.924,0.0,0.0,0.4434,0.307814,0.0,1,0.0336986133,0.033823721804988174
REGJIW02_clean,4.15601,3.75321,4.15601,2.20306,528.853,240.053,0.0,0.0,0.3622,0.164407,0.0,0,0.0257221841,0.024371555547555657
REGLOG_clean,4.5216,3.24604,4.5216,2.07119,0.0,0.0,890.971,430.174,0.5298,0.255795,0.0,1,0.0363258466,0.046503112378106885
REGMOH_clean,5.75637,3.63199,5.752,1.21306,695.864,573.642,0.0,0.0,0.461,0.380029,0.0,0,0.0396548199,0.04054196002454386
REGQUR_clean,6.37556,5.47534,6.06532,1.03259,2464.11,2386.34,0.0,0.0,0.6836,0.662025,0.0,1,0.1325245456,0.12875078150414518
REGREC_clean,7.78665,6.48187,7.78665,0.899667,2411.03,2679.92,0.0,0.0,0.7204,0.800741,0.0,1,0.1651111807,0.16319409870490775
REJVOS_clean,4.89378,3.67275,4.89056,1.38833,813.018,585.609,0.0,0.0,0.4646,0.334647,0.0,0,0.0409556791,0.04322062615943662
RENWEM01_clean,3.12344,2.64694,3.12344,1.58333,0.0,0.0,0.0,0.0,0.4526,0.285853,0.0,1,0.0193996468,0.015789633651320092
REWLEM_clean_h,12.46985,5.92009,12.2403,0.703058,2170.85,3087.73,0.0,0.0,0.7184,1.02182,0.0,1,0.2107919884,0.20745867577624855
REWNEO01_clean,18.51106,6.94262,11.7916,0.597667,2260.57,3782.32,0.0,0.0,0.7806,1.30608,0.0,1,0.2791037512,0.27026147160681596
REXCUU_clean,8.63785,5.56771,8.63785,1.36162,1719.14,1262.57,0.0,0.0,0.6254,0.459305,0.0,0,0.0775823544,0.08550992972859017
REYCOP_clean,3.95649,3.16913,3.84054,1.19707,0.0,0.0,293.662,245.318,0.4612,0.385274,0.0,1,0.0287305444,0.038367138426608986
REZXEA_clean,10.58306,9.90235,10.58306,0.641816,2266.19,3530.9,0.0,0.0,0.7602,1.18445,0.0,1,0.2448395925,0.24018822034018275
RIFQEC_clean,4.46708,2.94138,4.46708,2.65252,0.0,0.0,471.642,177.809,0.3802,0.143335,0.0,1,0.0173249089,0.024790861331205213
RIGPEE_clean,4.3699,3.50423,4.34774,1.23163,597.681,485.277,0.0,0.0,0.468,0.379984,0.0,1,0.035073371,0.04379280547729982
RIPTEQ_clean,5.96,4.10144,5.96,2.02284,1713.13,846.891,0.0,0.0,0.5442,0.269027,0.0,1,0.0514530565,0.052383494178555215
RIPWIY_clean,5.18343,3.34956,5.18343,3.60339,921.342,255.687,42.9853,11.9291,0.4704,0.130544,0.0,1,0.0239671833,0.018344771258645226
RITGIM_clean,5.22026,3.78444,5.12438,2.19337,1554.84,708.882,0.0,0.0,0.5434,0.247747,0.0,1,0.040264242,0.04636711139322166
RIVDEF_clean,4.74355,4.40879,4.74355,1.30487,1087.67,833.549,0.0,0.0,0.5116,0.392069,0.0,0,0.0415172065,0.05608819718674524
RIWSUM_clean,5.96762,4.61739,5.59799,1.1098,1315.0,1184.9,1.14823,1.03463,0.578,0.520815,0.0,1,0.0718317966,0.07806258175706146
RIXBEG_clean,6.00946,4.04752,5.99904,1.21211,664.521,548.234,0.0,0.0,0.4704,0.388083,0.0,1,0.0420729316,0.03999761408002786
RIYBOS_clean,8.27117,7.50835,8.18647,1.23809,2073.81,1675.0,0.0,0.0,0.6628,0.535339,0.0,1,0.0996768904,0.10330967090926343
RIYWIH_clean,4.61736,3.75355,4.61736,1.46943,261.851,178.199,75.8401,51.612,0.4096,0.278748,0.0,1,0.0270734292,0.021530453043691736
ROGSAI_clean,7.26111,4.49108,7.2508,1.17019,1831.91,1565.48,0.0,0.0,0.6072,0.51889,0.0,1,0.0934131419,0.09826794120521559
RONSOC_clean,9.61015,5.51941,9.61015,1.44392,1795.25,1243.32,0.0,0.0,0.604,0.418306,0.0,0,0.0879686175,0.08540738465727821
ROQDIM02_clean,5.22188,2.67795,5.22188,1.03483,0.0,0.0,945.617,913.785,0.5816,0.562022,0.0,0,0.0650669183,0.0690063983906582
ROQFUA06_clean,5.33889,2.80944,5.33889,0.990335,0.0,0.0,1042.29,1052.46,0.5704,0.575967,0.0,0,0.0737815986,0.07645411263470162
ROQFUA_clean,5.11151,2.66584,5.11151,1.02483,0.0,0.0,897.894,876.138,0.56,0.546431,0.0,0,0.064897553,0.06658293441162758
ROQMER01_clean,5.16557,2.65175,5.16557,1.0453,0.0,0.0,913.508,873.92,0.5746,0.549699,0.0,0,0.0618399114,0.06382176180020745
ROQNES04_clean,5.32216,2.81722,5.32216,0.999305,0.0,0.0,1054.92,1055.65,0.5618,0.562191,0.0,0,0.0717007989,0.07711732606070926
ROQNES_clean,5.09432,2.67474,5.09432,1.02615,0.0,0.0,920.053,896.609,0.55,0.535985,0.0,0,0.0631190948,0.06717993393172995
ROSKER_clean,4.26694,3.06466,4.25528,1.60499,0.0,0.0,303.288,188.965,0.4976,0.310032,0.0,1,0.0393035796,0.02919597019555535
ROTQIC_clean,4.94875,3.6681,4.74718,1.32167,723.976,547.773,0.0,0.0,0.481,0.363934,0.0,1,0.0417812823,0.04207214330610999
RUBGUS_clean,4.4617,3.54667,4.45263,1.35931,320.757,235.971,161.359,118.706,0.4638,0.341202,0.0,1,0.0501348175,0.036610012547631625
RUBHOM_clean,3.70221,3.15399,3.70221,2.08698,0.0,0.0,90.6125,43.418,0.3748,0.17959,0.0,1,0.0113754287,0.014165644922651224
RUFRIV_clean,7.49731,4.21343,7.49731,1.44845,1008.29,696.116,0.0,0.0,0.4786,0.330421,0.0,1,0.04371429,0.045635831970669755
RUGGIL_clean,3.81858,2.92117,3.81858,1.83565,0.0,0.0,324.169,176.596,0.5394,0.293847,0.0,1,0.0334435484,0.02723124054187334
RUGHUY_clean,3.74245,2.84378,3.74245,2.06389,0.0,0.0,187.997,91.0888,0.5116,0.247881,0.0,1,0.0266267183,0.022709998653315022
RUGXOI_clean,5.21341,3.72816,5.20196,1.19066,1517.77,1274.73,0.0,0.0,0.586,0.492165,0.0,0,0.0925065152,0.08378882662207535
RUGZAW_clean,9.17489,7.98957,9.06653,0.92991,1617.71,1739.64,0.0,0.0,0.6164,0.66286,0.0,1,0.1185595234,0.12123017236098022
RUHFUX_clean,9.94292,8.65457,9.91903,0.903529,2165.07,2396.24,0.0,0.0,0.7826,0.86616,0.0,1,0.1748898532,0.18123046771984658
RULVUP_clean,5.01128,4.18788,4.96894,1.11888,878.165,784.859,0.0,0.0,0.5036,0.450092,0.0,1,0.055811241,0.053655544577611014
RULXOM_clean,15.36971,3.55595,15.36971,0.839199,1628.5,1940.54,0.0,0.0,0.652,0.776931,0.0,0,0.152803477,0.13605266992232834
RUMROI_clean,3.98794,3.20816,3.86657,1.74728,0.0,0.0,319.482,182.846,0.4734,0.270936,0.0,0,0.0292267681,0.029639492865252998
RUPZIM_clean,3.48373,3.25841,3.48305,1.5496,0.0,0.0,45.163,29.1448,0.3786,0.24432,0.0,1,0.0127603821,0.0170344981389111
RUSSAA_clean,4.07915,3.1886,4.07915,1.72591,0.0,0.0,346.893,200.991,0.4054,0.23489,0.0,1,0.0232844533,0.025401699672001954
RUSWIN_clean,6.48006,3.76789,6.3774,1.27344,1499.33,1177.39,0.0,0.0,0.5498,0.431746,0.0,1,0.076108838,0.07858508852658748
RUSWUZ_clean,6.54942,3.9072,6.54694,1.21025,1492.0,1232.81,0.0,0.0,0.5598,0.46255,0.0,1,0.081175706,0.08200175679640537
RUTBUE_clean,5.46179,3.3167,5.42607,1.84831,950.011,513.988,28.4133,15.3725,0.5068,0.274196,0.0,1,0.0442095416,0.041554642019933995
RUVCES_clean,5.62432,4.09519,5.62432,1.21847,2083.62,1710.03,0.0,0.0,0.6886,0.565136,0.0,0,0.0998853122,0.09469424682890192
RUVKAV_clean,11.95152,7.15447,11.95152,0.601684,2230.0,3706.27,0.0,0.0,0.7794,1.29537,0.0,1,0.2775341923,0.2666481271350365
RUVMAX_clean,5.22433,4.41387,5.22043,1.2008,1767.14,1471.63,0.0,0.0,0.5696,0.474351,0.0,1,0.0877194964,0.08872699379652962
RUWWOW01_clean,5.03981,3.90859,5.01601,1.48698,1131.86,761.178,0.0,0.0,0.4928,0.331409,0.0,1,0.0523150055,0.05306751836903549
RUWZIU_clean,6.72021,5.65873,6.72021,1.01181,1054.68,1042.37,0.0,0.0,0.5302,0.52401,0.0,0,0.0568251069,0.06959668841524447
RUXKUS_clean,5.88596,2.93597,5.83712,1.08185,0.0,0.0,980.068,905.918,0.549,0.507463,0.0,1,0.0556548882,0.0703587872303913
RUYQIN01_clean,9.71547,7.35837,9.71529,1.15099,1450.59,1260.3,0.0,0.0,0.5838,0.507215,0.0,1,0.0927181067,0.09160418594393158
RUZDAS_clean,5.2699,4.49334,5.2699,1.45263,1149.42,791.271,0.0,0.0,0.5294,0.364442,0.0,1,0.0554274835,0.05474271356214805
SABKIS_clean,6.81493,5.97974,6.81375,1.3839,1674.07,1209.68,0.0,0.0,0.6086,0.439772,0.0,1,0.0873561146,0.07974134694824259
SABXEB_clean,4.46851,2.96544,4.43427,1.77741,0.0,0.0,440.42,247.787,0.4316,0.242825,0.0,1,0.0316770061,0.0293379175658615
SADLEQ_clean,7.11187,6.8054,7.11187,1.50504,1508.7,1002.44,0.0,0.0,0.5702,0.378862,0.0,1,0.0805892645,0.07400664393466531
SADMUH_SL,7.87003,7.35,7.87003,0.987944,1759.25,1780.72,0.0,0.0,0.6412,0.649025,0.0,0,0.1278523225,0.12391915471532075
SARGOJ_clean,11.21149,10.84114,11.20988,1.13101,1553.18,1373.27,0.0,0.0,0.6422,0.56781,0.0,1,0.1270931261,0.12205216233921377
SARGUP_clean,11.61678,10.99568,11.61678,1.13145,1593.32,1408.21,0.0,0.0,0.6444,0.569535,0.0,1,0.1312381485,0.12698933749186841
SASKIH_clean,3.73163,2.8065,3.72675,1.83974,0.0,0.0,147.343,80.0892,0.4642,0.252318,0.0,1,0.0291347447,0.02022121601842085
SATRIP_clean,5.64735,4.63209,5.64735,1.5207,2001.22,1315.99,0.0,0.0,0.609,0.400475,0.0,1,0.0733307023,0.07784532200974195
SATROV_clean,5.68214,4.67755,5.6433,1.62598,1989.31,1223.46,0.0,0.0,0.6086,0.374297,0.0,1,0.0695210917,0.07007114356233311
SAXRIS_clean,6.95604,5.1283,5.82931,1.88243,2109.8,1120.78,0.0,0.0,0.5242,0.27847,0.000106246,1,0.0606775069,0.06659975964701832
SAYKIO_clean,4.81299,3.22485,4.81299,1.81919,0.0,0.0,552.723,303.83,0.4764,0.261875,0.0,1,0.0245903595,0.03347650840847641
SEFSOM_clean,7.74471,4.63206,7.74435,1.3092,888.245,678.465,0.0,0.0,0.4856,0.370914,0.0,0,0.0448811811,0.04480681593866146
SEHLEY_clean,3.36665,2.71265,3.33888,2.12389,0.0,0.0,0.0242582,0.0114216,0.3734,0.17581,0.0,1,0.0052044356,0.010348800779519315
SEHSUU_clean,5.44704,4.60331,5.44667,1.3755,2258.75,1642.13,0.0,0.0,0.6246,0.454089,0.0,1,0.0947521324,0.09172864386326517
SERWAP_clean,5.42763,4.05857,5.33801,0.873598,1883.71,2156.27,0.0,0.0,0.6098,0.698033,0.0,0,0.1151043843,0.11717012753684924
SETQOZ_SL,7.85539,7.34267,7.85421,0.993925,1777.54,1788.41,0.0,0.0,0.6354,0.639284,0.0,0,0.1256605684,0.12300498999329126
SETWUL_clean,3.71353,2.9815,3.7011,2.05864,0.0,0.0,101.525,49.3167,0.432,0.209847,0.0,1,0.0208811608,0.016419968177697905
SETXAS_clean,3.80992,3.02112,3.70447,2.01139,0.0,0.0,214.938,106.86,0.4678,0.232576,0.0,1,0.0220360839,0.022360166237719623
SEYFEI_clean,4.05966,3.18681,4.05966,2.14126,0.0,0.0,327.325,152.866,0.4646,0.216976,0.0,1,0.0253344412,0.026129589543727863
SIBLAQ_clean,3.7637,3.02186,3.7637,1.49639,0.0,0.0,366.029,244.608,0.526,0.351513,0.0,0,0.0440670992,0.04327321615058936
SIKGAW_clean,4.92676,4.21433,4.92676,0.888887,2386.29,2684.58,0.0,0.0,0.6492,0.730352,0.0,0,0.1168883278,0.14133763174398412
SINQAH_clean,4.03021,3.21832,4.02236,2.09821,0.0,0.0,248.476,118.423,0.4642,0.221237,0.0,0,0.0283604775,0.025446619893974495
SIVKAK_clean,4.30972,3.83052,4.30972,1.95562,167.191,85.4925,0.0,0.0,0.4122,0.210777,0.0,1,0.0081194339,0.014644358456643483
SIWPUL11_clean,3.73937,3.20845,3.73937,1.4711,0.0,0.0,33.5218,22.7869,0.4754,0.32316,0.0,0,0.0210303857,0.024477644572520996
SIWSUO_clean,4.95346,3.52092,4.93971,1.30798,969.125,740.933,0.0,0.0,0.499,0.381505,0.0,1,0.0630051034,0.05165790124557923
SIZGEO_clean,4.71719,3.11365,4.26779,1.80677,0.0,0.0,1041.57,576.483,0.5266,0.291459,0.0,0,0.0404779855,0.052377990323487174
SOBZEQ_clean,7.06044,5.44324,7.04565,0.861876,2509.51,2911.69,0.0,0.0,0.7062,0.819376,0.0,1,0.1710194188,0.16631714214473026
SOBZOY_clean,5.37738,4.41402,5.37738,1.12835,1566.4,1388.22,0.0,0.0,0.582,0.515796,0.0,1,0.0749214077,0.0865599011214753
SODZIV_clean,6.23207,5.25681,6.23207,1.2688,1153.66,909.256,0.0,0.0,0.5338,0.420714,0.0,1,0.0550655173,0.06265506933398118
SOHNEJ_clean,8.72478,7.97366,8.7184,1.18471,2089.45,1763.69,0.0,0.0,0.6672,0.563178,0.0,0,0.1035471538,0.10922493752765774
SOKWAS_clean,6.00629,4.14523,5.99555,1.89659,1733.95,914.246,0.0,0.0,0.6016,0.317201,0.0,1,0.0616936545,0.05360819167560493
SOMFAC_clean,6.70637,6.34214,6.70637,1.04875,2285.42,2179.2,0.0,0.0,0.6702,0.639049,0.0,0,0.1422951807,0.13101080473161203
SONTOF_clean,6.50923,5.39354,6.50923,1.11456,2282.12,2047.56,0.0,0.0,0.6604,0.592523,0.0,1,0.1162328996,0.11790238738527908
SONTUL_neutral_b,11.07564,6.55104,11.07564,0.882976,2163.69,2450.45,0.0,0.0,0.717,0.812027,0.0,1,0.1715368638,0.16566121811404244
SONVIB_neutral_b,13.19327,6.63983,13.19327,0.881013,2113.29,2398.7,0.0,0.0,0.7204,0.817695,0.0,1,0.1752204956,0.1736496633671311
SORQAT_clean,4.4873,3.3179,4.4873,1.95445,291.285,149.037,124.29,63.5931,0.3762,0.192484,0.0,1,0.0262825353,0.022010950241819163
SORXAA_clean,4.50589,3.34598,4.50589,1.9208,298.888,155.606,146.137,76.081,0.3866,0.20127,0.0,1,0.0274826896,0.023913239906368677
SOVHAM_clean,4.88485,4.19849,4.88485,1.17469,1409.46,1199.86,0.0,0.0,0.5526,0.470422,0.0,1,0.0615544788,0.0793812168093885
SOVLEW_clean,16.78989,6.64048,16.78989,0.755158,2186.99,2896.07,0.0,0.0,0.742,0.982576,0.0,1,0.206968314,0.21799526070317127
SOXDAM_clean,7.87287,4.28499,7.87287,1.75813,1069.27,608.188,0.0,0.0,0.4738,0.26949,0.0,1,0.0445571224,0.03963960157490377
SOYWOT_neutral_b,13.17245,6.57882,13.17245,0.881994,2147.64,2434.99,0.0,0.0,0.7166,0.812478,0.0,1,0.1728697909,0.1712387441115437
SOZBIS_clean,7.02326,5.68654,7.02326,1.02671,2667.76,2598.37,0.0,0.0,0.7458,0.7264,0.0,0,0.1266065076,0.1294025226080874
SOZPUU_clean,5.35123,2.85135,5.3323,1.39051,0.0,0.0,254.169,182.788,0.3182,0.228836,0.0,0,0.0155415905,0.022469921628549328
SOZRUW_clean,8.81736,4.01112,8.59398,0.978332,1794.66,1834.4,0.0,0.0,0.6308,0.644771,0.0,1,0.1306866703,0.12089399468750985
SOZSEH_clean,8.87095,4.01926,8.85196,0.99882,1779.57,1781.67,0.0,0.0,0.63,0.630744,0.0,1,0.1280187354,0.11785721944552281
SUFJIO_clean,6.28851,3.57969,6.27024,1.16864,1486.44,1271.94,3.80569,3.2565,0.6096,0.52163,0.0,1,0.0882096714,0.08389516633497134
SUFJOU_clean,6.30332,3.54841,6.29414,1.24899,1424.61,1140.61,0.0,0.0,0.571,0.457169,0.0,1,0.0850326619,0.07838548980291721
SUGVUM_clean,5.79435,4.06776,5.78784,1.1064,1279.06,1156.05,0.0,0.0,0.5442,0.491863,0.0,1,0.0755886672,0.07738467245933285
SUKYIH_clean,9.64677,7.09331,9.64677,0.59954,2372.38,3957.0,0.0,0.0,0.7742,1.29132,0.0,1,0.2666444122,0.2604008402218665
SULKIU_clean,5.12422,3.08346,4.51173,1.26023,0.0,0.0,947.359,751.732,0.5146,0.408337,0.0,1,0.0651190059,0.05978819157599125
SUNJOB01_clean,4.89634,3.8976,4.73512,1.37366,1723.73,1254.84,0.0,0.0,0.596,0.433877,0.0,1,0.0771005841,0.07581379528847276
SUSRUV_clean,7.5604,3.02876,7.55252,1.19859,0.0,0.0,1206.18,1006.33,0.5328,0.444521,0.0,1,0.068397494,0.07552794727288625
SUSZIQ_clean,6.2853,5.33445,6.2853,1.91818,700.301,365.087,0.0,0.0,0.4294,0.223858,0.0,0,0.0290038974,0.027500386303573363
TACFIN_clean,4.11781,3.54093,4.10826,2.15064,560.827,260.772,0.0,0.0,0.499,0.232024,0.0,0,0.033736088,0.03452226713066391
TACPAP_clean,6.18933,6.06319,6.18525,1.70548,627.561,367.968,0.0,0.0,0.428,0.250956,0.0,0,0.0290141759,0.027427017341286206
TACYAX_clean,5.05515,2.69572,5.05515,1.22535,0.0,0.0,567.11,462.815,0.494,0.40315,0.0,1,0.0367505706,0.045722610024703486
TADYEE_clean,6.41454,5.84385,6.41454,1.06115,1369.43,1290.51,0.0,0.0,0.545,0.513592,0.0,0,0.0714810657,0.08633985040684872
TAFPOG_clean,4.50085,2.84285,4.46717,1.62237,0.0,0.0,597.144,368.069,0.487,0.300178,0.0,0,0.0388166409,0.0388469735160743
TAGSEB_clean,5.65756,4.12237,5.64659,1.3278,950.233,715.647,0.0,0.0,0.4958,0.373401,0.0,1,0.0448859701,0.04891779008589988
TAJQEC_clean,5.00436,2.9023,4.99835,1.43268,0.0,0.0,706.528,493.15,0.5244,0.366026,0.0,1,0.0507074617,0.04710367977733126
TAJXIO02_clean,3.66669,3.45698,3.66669,2.31975,96.8188,41.7367,0.0,0.0,0.3178,0.136997,0.0,1,0.0050184912,0.009562496483552355
TAJXIO04_clean,3.63081,3.41863,3.61802,2.33825,87.153,37.2728,0.0,0.0,0.3114,0.133177,0.0,1,0.0049327123,0.00971164800672715
TAJXIO06_clean,3.64535,3.29678,3.60844,2.33891,0.0,0.0,63.9716,27.3511,0.3298,0.141006,0.0,1,0.004527598,0.01134849341124343
TAKYEL_clean,7.08068,3.12698,7.08068,1.56884,0.0,0.0,572.755,365.082,0.49,0.312333,0.0,1,0.0366344905,0.03442079205084214
TANFEV_clean,3.98514,2.61526,3.98514,2.3923,0.0,0.0,345.939,144.606,0.4664,0.194959,0.0,0,0.0265791319,0.025602805528264466
TANMIH_clean,5.18859,3.46319,5.18859,1.38533,742.681,536.106,0.0,0.0,0.453,0.326999,0.0,1,0.0414100377,0.0415682929742865
TARVOX_clean,4.82249,4.38256,4.82249,1.56156,717.335,459.371,0.0,0.0,0.4084,0.261533,0.0,1,0.034951239,0.03233990542168415
TARWAK_clean,5.7222,5.11854,5.62643,1.61442,844.237,522.933,0.0,0.0,0.433,0.268207,0.0,1,0.0319993771,0.03604951626283248
TARWEO_clean,5.90162,5.41792,5.90162,1.76228,855.544,485.476,0.0,0.0,0.4612,0.261707,0.0,1,0.0327401338,0.034939005626593536
TAVCIF_clean,4.70191,2.64563,4.67221,1.27266,0.0,0.0,334.799,263.071,0.4566,0.358776,0.0,1,0.0363845821,0.031709623171893714
TAWHOO_clean,4.38999,3.64477,4.35876,1.86492,695.401,372.886,0.0,0.0,0.4262,0.228535,0.0,0,0.0415396985,0.0349840763967719
TAXHUX_clean,3.51407,3.06361,3.50906,1.66232,0.0,0.0,17.8072,10.7122,0.4476,0.269262,0.0,0,0.0071852211,0.0183232566373437
TAZSAP02_clean,4.8997,3.82043,4.80699,1.96517,851.036,433.06,0.0,0.0,0.4368,0.222271,0.0,1,0.0249042531,0.03236219699392762
TEBFUD_clean,3.69312,2.67049,3.69312,2.11286,0.0,0.0,81.51,38.5781,0.4012,0.189885,0.0,1,0.0182519523,0.014963289723873105
TEBWII_clean,7.57164,3.30977,7.57164,0.966019,0.0,0.0,1129.83,1169.57,0.5662,0.586117,0.0,1,0.0701907242,0.08892786217251855
TECTUS_clean,5.16992,3.60905,5.14467,1.12529,1198.87,1065.39,0.0,0.0,0.54,0.479875,0.0,1,0.0817928308,0.07308064685167695
TEJBAN_clean,4.03108,3.48324,4.03108,1.38569,387.305,279.502,0.0,0.0,0.442,0.318974,0.0,0,0.0221316918,0.029041434032041832
TEJGEW_clean,4.65952,3.80073,4.61652,1.92155,1014.2,527.802,0.0,0.0,0.4756,0.247508,0.0,1,0.0319698883,0.03809308904119616
TEJQAC_clean,3.76144,3.19439,3.75514,1.53008,0.0,0.0,37.7108,24.6463,0.379,0.2477,0.0,1,0.0055531392,0.016658223420039767
TEQWER01_clean,4.21874,3.59841,4.17878,1.6409,883.632,538.504,0.0,0.0,0.5372,0.327381,0.0,1,0.0412260277,0.04674656701624182
TERNUA_clean,7.01847,4.73004,6.9462,1.44294,1426.15,988.361,0.0,0.0,0.5566,0.385739,0.0,1,0.0728112969,0.07013034984604925
TESGUU_clean,4.82436,3.58268,4.81961,1.92111,719.303,374.421,0.0,0.0,0.4562,0.237467,0.0,0,0.0296895075,0.033059957439887634
TETVIZ_clean,5.51517,3.41736,5.00993,2.38206,1155.9,485.251,0.0,0.0,0.4816,0.202178,0.0,1,0.036537527,0.03944372778546307
TETWEW_clean,6.01008,3.97081,5.72262,2.0273,1705.36,841.198,0.0,0.0,0.5372,0.264983,0.0,1,0.0500606394,0.05212171872892604
TETZEX_clean,9.38994,9.11674,9.38994,1.90854,1244.92,652.292,0.0,0.0,0.5738,0.300649,0.0,0,0.0762830768,0.05919704123094949
TEVZOK_clean,4.56897,3.54471,4.54551,1.97903,632.114,319.407,0.0,0.0,0.4392,0.221927,0.0,0,0.0262882518,0.032584978416522144
TEWFUY_clean,5.12402,3.76853,5.12402,1.20256,906.265,753.612,0.0,0.0,0.4818,0.400645,0.0,1,0.0576064502,0.054640532124559264
TIDQIG_clean,4.09301,3.34162,4.08996,2.4567,341.206,138.888,0.0,0.0,0.42,0.170961,0.0,0,0.0162608226,0.026262207843457147
TIGQUX_clean,6.58866,2.95324,6.58859,1.53446,0.0,0.0,1169.74,762.313,0.5476,0.356867,0.0,0,0.0721017325,0.06449455557950083
TIJPOT_clean,4.06689,3.45193,4.06689,1.44348,706.681,489.567,0.0,0.0,0.526,0.364397,0.0,1,0.0365885946,0.043297923981540885
TILVOZ_clean,6.92662,5.60326,6.92662,1.05598,2650.36,2509.85,0.0,0.0,0.7402,0.700958,0.0,0,0.121255677,0.12322078003052858
TIQHAD_clean,4.94141,3.41905,4.94141,1.59594,416.437,260.936,0.0,0.0,0.3934,0.246501,0.0,0,0.0250962587,0.023487124697597894
TIQHEH_clean,4.93102,3.44222,4.63541,1.5902,461.876,290.452,0.0,0.0,0.3816,0.23997,0.0,0,0.0253772605,0.022529048150070327
TISHAF_clean,10.6324,4.41521,10.62231,0.802555,2137.19,2662.99,0.0,0.0,0.6594,0.821626,0.0,1,0.1672287642,0.16293874304623396
TISLIR_clean,3.87098,3.35985,3.83504,2.06145,195.316,94.7469,0.0,0.0,0.4438,0.215285,0.0,1,0.0140693352,0.017377472685018283
TISPAO_clean,11.19601,4.56022,11.19601,1.01627,1481.21,1457.5,344.513,338.997,0.6604,0.649826,0.0,0,0.1239273183,0.12982177465120326
TIXMET_clean,7.38507,6.83905,7.38507,1.43185,1792.23,1251.69,0.0,0.0,0.6648,0.464295,0.0,0,0.0807027649,0.08950866151655908
TIXMIX_clean,5.48641,4.37851,5.43408,1.55041,1423.25,917.982,0.0,0.0,0.5816,0.375127,0.0,0,0.0610515815,0.06707522629832055
TIXVON_clean,5.07339,3.91911,5.00348,0.938456,1558.9,1661.14,0.0,0.0,0.5776,0.615479,0.0,1,0.1068034921,0.09942199310770239
TOJLOT_clean,9.35136,7.4656,9.35136,0.787935,1703.38,2161.83,0.0,0.0,0.6612,0.839156,0.0,0,0.1479279949,0.15565566279347187
TOJVIZ_clean,3.39674,2.66676,3.39674,1.51735,0.0,0.0,1.14851,0.756919,0.3788,0.249646,0.0,0,0.0083896754,0.013716645242023873
TOLGOR_clean,5.98694,4.00719,5.95033,1.17836,1406.99,1194.02,0.0,0.0,0.5528,0.469125,0.0,1,0.0701865676,0.0800340099122772
TONMEQ_clean,5.19363,2.88882,5.19363,1.71551,0.0,0.0,655.397,382.043,0.4052,0.236198,0.0,1,0.031648635,0.033697200257440746
TONTIB_clean,8.17686,3.88128,8.17686,0.785515,2106.51,2681.7,0.0,0.0,0.6434,0.819081,0.0,0,0.1612837855,0.15720413957961765
TORJER_clean,5.04936,3.67231,5.03861,1.16476,1436.77,1233.53,0.0,0.0,0.5708,0.490058,0.0,1,0.0737240386,0.07948878802458928
TOTVUV_clean,3.89085,3.14087,3.89085,2.64196,0.0,0.0,146.899,55.6025,0.3742,0.141637,0.0,1,0.0065516499,0.013837094771126018
TOVJIZ_clean,12.65101,8.2906,12.63941,0.451159,2031.86,4503.64,0.0,0.0,0.8026,1.77897,0.0,1,0.3696888244,0.357529444154437
TOVKEW_clean,13.15242,8.94797,13.15242,0.566631,2049.64,3617.24,0.0,0.0,0.7342,1.29573,0.0,1,0.2623503178,0.26205718284999213
TOVKIA_clean,11.37766,5.00759,10.17753,0.697273,2365.25,3392.15,0.0,0.0,0.715,1.02542,0.0,1,0.21047483,0.20856956283776013
TOWLIC_clean,6.99656,4.17509,6.73263,1.1525,2487.14,2158.04,0.0,0.0,0.672,0.58308,0.0,1,0.1152405529,0.11355513852779478
TOWPEC_clean,10.15584,5.70866,7.95557,0.889254,1486.62,1671.76,593.787,667.736,0.6774,0.761762,0.0,1,0.1617848544,0.1618737039018911
TUKDAG_clean,3.37824,2.66134,3.37824,1.47107,0.0,0.0,0.517934,0.352079,0.4176,0.283874,0.0,0,0.0061585473,0.015339766342190364
TUMDAI_clean,4.50033,3.69451,4.50033,1.24564,1071.02,859.815,0.0,0.0,0.5156,0.413924,0.0,0,0.0654739581,0.06340472306280678
TUMRIE_clean,4.83008,3.62775,4.83008,1.3408,1128.82,841.902,0.0,0.0,0.5312,0.396182,0.0,1,0.062009438,0.05811142006201432
TUMROK_clean,4.44242,3.69598,4.44242,1.23691,1067.61,863.126,0.0,0.0,0.5056,0.40876,0.0,0,0.0639450218,0.06310897153529035
TUPDOZ_clean,4.88368,4.4419,4.87874,1.30126,809.227,621.881,0.0,0.0,0.487,0.374254,0.0,1,0.0514543174,0.04471129573402459
TUPGIU_clean,4.86654,3.68424,4.60956,0.816785,1409.59,1725.78,0.0,0.0,0.5472,0.669943,0.0,1,0.0963546142,0.1004713528956581
TURDOB_clean,6.98892,4.35902,6.87374,1.03033,1344.35,1304.78,0.0,0.0,0.5432,0.52721,0.0,0,0.0807372075,0.08365046265758672
TUWPIL_clean,4.51899,3.3401,4.51631,1.27827,568.245,444.544,0.0,0.0,0.4984,0.389903,0.0,1,0.044303602,0.040834103081258524
TUYJED_clean,8.921,4.25748,8.91848,1.03154,2274.68,2205.14,0.0,0.0,0.7106,0.688873,0.0,1,0.1272987369,0.1338560850885598
TUYLIJ_clean,4.51754,3.71437,4.51754,1.86429,822.472,441.171,0.0,0.0,0.4454,0.238911,0.0,0,0.0438365843,0.039456918180421054
UBOGAV_clean,5.07523,3.09037,5.07523,2.28893,0.0,0.0,779.414,340.515,0.474,0.207084,0.0,1,0.0360771328,0.03863893485353254
UBULUA_clean,8.25861,7.55924,8.25861,1.22262,2063.77,1688.0,0.0,0.0,0.67,0.548005,0.0,1,0.0998427871,0.10258589267522372
UCABAE_clean,5.42772,4.56824,5.1729,1.09568,662.018,604.208,511.165,466.528,0.544,0.496495,0.0,0,0.0746509524,0.07948890441452627
UCAXEC_clean,4.65972,3.79898,4.65972,1.24715,773.765,620.428,0.335064,0.268664,0.4924,0.394821,0.0,1,0.0489921582,0.04811422023234699
UCEXEG_clean,6.31608,4.83612,6.30774,1.45624,1389.21,953.967,0.0,0.0,0.5674,0.389633,0.0,1,0.0691126899,0.06735614927864794
UCOXOZ_clean,6.74707,6.10487,6.74209,1.02439,1598.25,1560.2,14.8613,14.5075,0.5836,0.569706,0.0,1,0.0855090634,0.10393862193087225
UCUTIW_clean,6.35635,5.83008,6.34586,1.00359,1563.59,1558.0,0.0,0.0,0.6334,0.631134,0.0,1,0.1009688965,0.11067473069325079
UDEMEW_manual,28.23748,11.69499,28.22828,0.681201,1337.39,1963.29,46.9906,68.9819,0.7606,1.11656,0.0,1,0.2306105643,0.222077470752613
UFEMIC_clean,5.26486,4.19267,5.24985,1.20943,1737.26,1436.43,0.0,0.0,0.6508,0.538107,0.0,0,0.0713409199,0.09205407498227908
UFENAW_clean,7.28617,5.35852,7.10503,0.754992,3088.35,4090.58,0.0,0.0,0.7422,0.983057,0.0,1,0.1947806833,0.19979489374185502
UFOFIF_clean,4.79304,3.6453,4.79304,1.31843,760.934,577.154,0.0,0.0,0.5036,0.381971,0.0,1,0.0434711874,0.04521916437634643
UFUNAK_clean,4.15354,2.89336,4.14541,1.54075,0.0,0.0,201.949,131.072,0.4016,0.260652,0.0,1,0.024021469,0.022305475598245597
UGAQEY_clean,4.89575,4.03861,4.89307,1.29414,1150.64,889.116,1.22671,0.947894,0.5042,0.389602,0.0,1,0.0595526394,0.05795141116370298
UGIGAS01_clean,3.71953,2.84259,3.69838,2.13073,0.0,0.0,125.339,58.8243,0.3662,0.171866,0.0,0,0.0191096093,0.015911748247145113
UGIGAS_clean,3.71779,2.86175,3.68863,2.13564,0.0,0.0,108.364,50.7405,0.3624,0.169691,0.0,0,0.0194679488,0.014464289776858472
UGUGUZ_clean,4.77323,4.07807,4.77323,1.79667,684.632,381.056,127.779,71.1197,0.5662,0.315138,0.0,1,0.0521820656,0.0390116479025965
UGUQUK_clean,3.99032,3.05539,3.98074,1.40234,0.0,0.0,101.65,72.4861,0.3968,0.282957,0.0,0,0.0164689891,0.02009164509979322
UGUXAV_clean,4.02254,3.27151,4.02254,1.39757,0.0,0.0,306.841,219.553,0.5282,0.377941,0.0,0,0.0361130353,0.043129298918117016
UHAXUW_clean,5.09262,3.57011,5.0696,1.51761,748.067,492.925,0.0,0.0,0.446,0.293883,0.0,0,0.0330850461,0.037831771422108376
UHISEK_clean,4.62036,2.94968,4.54474,1.89246,0.0,0.0,318.192,168.136,0.417,0.220348,0.0,0,0.0241927012,0.022899993905505414
UHISOU_clean,4.50899,3.25805,4.50899,1.23297,0.0,0.0,879.933,713.667,0.521,0.422555,0.0,1,0.0754071158,0.06104366391827626
UHUPET_clean,13.55212,8.93511,12.0856,0.540431,2097.88,3881.87,0.0,0.0,0.7682,1.42146,0.0,1,0.2810556787,0.28565013905771974
UJILAA_clean,19.23413,9.51535,19.23413,0.420332,1982.45,4716.4,0.0,0.0,0.8898,2.1169,0.0,1,0.3975736178,0.46533710514191895
UJOJIO05_clean,3.44274,2.64886,3.43821,1.77527,0.0,0.0,1.58128,0.890726,0.33,0.185888,0.0,0,0.0052390684,0.008523290147508175
UJOJIO_clean,3.42023,2.63655,3.42023,1.78596,0.0,0.0,0.795402,0.445363,0.3256,0.182311,0.0,0,0.0052796106,0.007919452863885096
UJOKIP_clean,3.46491,2.66099,3.46491,1.72465,0.0,0.0,2.76916,1.60564,0.3388,0.196446,0.0,0,0.0060515716,0.009427275445103828
UJOWEW_clean,5.75366,4.18708,5.75366,1.11983,1989.69,1776.77,0.0,0.0,0.6036,0.539008,0.0,1,0.0795905763,0.09892560981292228
UJULIW_clean,7.01875,6.807,7.01875,2.47032,548.528,222.047,0.0,0.0,0.3284,0.132938,0.0,1,0.0215981397,0.017008272615643222
UJUQIB_clean,10.2017,5.3119,10.02065,0.774012,2238.72,2892.35,0.0,0.0,0.6914,0.893268,0.0,0,0.1818582771,0.17776259076443085
UKIQOV_clean,13.66711,9.63813,13.66009,0.628902,2104.6,3346.47,0.0,0.0,0.7776,1.23644,0.0,1,0.2644855514,0.2608642511366972
UKOZOK_clean,5.16699,3.99697,5.16538,2.08607,1456.61,698.257,0.0,0.0,0.5214,0.249944,0.0,1,0.0430022362,0.04856838922622713
UKUDEL_clean,10.93489,2.95536,10.93489,1.20739,0.0,0.0,1228.49,1017.48,0.596,0.493627,0.000165647,0,0.0783743939,0.09483851338169194
UKUPIB_clean,7.9794,5.83185,7.9636,0.893496,2137.53,2392.33,0.0,0.0,0.6356,0.711363,0.0,1,0.1410348355,0.14169087844932157
ULEHEA_clean,3.71795,2.69286,3.71795,2.01619,0.0,0.0,85.7804,42.5457,0.4102,0.203453,0.0,1,0.0186361823,0.015337055038334102
ULIMIN_clean,5.00183,3.7748,4.85322,1.2693,515.601,406.208,162.351,127.906,0.476,0.375009,0.0,0,0.0446450719,0.039456991636825305
ULOGAE_clean,6.57121,5.40028,5.95167,1.35328,2211.75,1634.36,0.0,0.0,0.6272,0.463465,0.0,1,0.0974162239,0.09477828216239746
ULOLIS_clean,8.54677,6.10924,8.54677,1.32937,1733.05,1303.66,0.0,0.0,0.6388,0.480529,0.0,0,0.0811214828,0.08577397079403483
ULUVUT_clean,5.14269,4.75945,5.14269,1.14921,1898.67,1652.16,0.0,0.0,0.6398,0.556733,0.0,0,0.0918627019,0.10016691909931694
UMAROR_clean,4.34972,2.76546,4.31289,1.96709,0.0,0.0,679.956,345.667,0.466,0.236899,0.0,1,0.0379457566,0.0384240448076991
UMEDEX_clean,8.31991,5.90244,8.31991,1.33036,1734.05,1303.45,0.0,0.0,0.6334,0.476113,0.0,0,0.080799323,0.08518759902531461
UMEDOH_clean,8.3593,5.89473,8.3593,1.33036,1732.85,1302.55,0.0,0.0,0.6328,0.475662,0.0,0,0.0812115645,0.08518759902531461
UMEKII_clean,6.2978,4.37155,6.14715,1.16372,1476.0,1268.34,0.0,0.0,0.5854,0.50304,0.0,0,0.0878600665,0.08534953627530417
UMOBEF08_clean,9.5277,6.07844,9.52714,0.722374,2381.06,3296.16,0.0,0.0,0.701,0.970411,0.0,1,0.1952833387,0.1972665575017219
UMOBEF09_clean,9.30813,6.0393,8.12664,0.731985,2350.62,3211.3,0.0,0.0,0.696,0.95084,0.0,1,0.1875452419,0.18790101569978074
UMODEH02_clean,11.81211,5.47188,11.81161,0.501768,2601.38,5184.43,0.0,0.0,0.788,1.57045,0.0,1,0.3219285726,0.31844923273828263
UMODEH03_clean,11.61852,5.42066,11.35102,0.51003,2634.97,5166.3,0.0,0.0,0.785,1.53913,0.0,1,0.313107172,0.31444110256901686
UMODEH08_clean,7.50813,5.20054,6.29758,0.647965,2827.66,4363.91,0.0,0.0,0.7222,1.11457,0.0,1,0.221671352,0.21215170133666716
UMODEH09_clean,7.58377,5.1021,6.14779,0.720299,2563.17,3558.48,0.0,0.0,0.6962,0.966543,0.0,1,0.1864054551,0.1834983773343511
UMODEH13_clean,8.08,5.10727,6.08981,0.75692,2343.08,3095.55,0.0,0.0,0.6792,0.89732,0.0,1,0.1721913741,0.17185884881897648
UMODEH20_clean,9.81757,5.20485,6.37863,0.582326,2920.59,5015.39,0.0,0.0,0.7482,1.28485,0.0,1,0.2594890837,0.2527122236219874
UMOVEZ01_clean,10.36799,5.68179,9.99869,0.557538,2889.19,5182.06,0.0,0.0,0.7634,1.36923,0.0,1,0.2842918329,0.2845143565357132
UMOVEZ04_clean,11.43321,6.00494,11.43286,0.521066,2715.35,5211.14,0.0,0.0,0.7844,1.50538,0.0,1,0.3110796429,0.3154918625298893
UMOYOM08_clean,9.66223,5.42293,9.66221,0.547658,2688.94,4909.89,0.0,0.0,0.7644,1.39576,0.0,1,0.2879088009,0.27221643460109807
UMOYOM16_clean,7.63035,5.01799,6.05656,0.779987,2424.82,3108.79,0.0,0.0,0.664,0.851297,0.0,1,0.1661773773,0.1684823645721693
UNABER_clean,4.2819,3.29824,4.2819,1.63284,0.0,0.0,136.975,83.8878,0.401,0.245585,0.0,1,0.0069286178,0.019354539217006694
UNIMAG_clean,7.62122,4.89032,7.61772,1.27361,1516.85,1190.98,7.98461,6.26926,0.5702,0.447703,0.0,1,0.0648583605,0.07982343188202631
UNIPAJ_clean,4.43325,2.61552,4.42646,1.38943,0.0,0.0,445.089,320.339,0.471,0.338988,0.0,1,0.0331367411,0.03620653080593166
UPIBOM_clean,6.9638,6.58355,6.9638,1.56774,1538.59,981.409,0.0,0.0,0.5776,0.368429,0.0,0,0.0770839346,0.0771499715725259
UQEGII_clean,7.86584,3.91024,7.82641,1.73651,1232.93,710.003,0.0,0.0,0.5438,0.313156,0.0,1,0.0397032143,0.04722089106553778
UQOGAK_clean,5.32857,3.35824,5.23125,1.15511,1372.5,1188.2,0.0,0.0,0.5098,0.441345,0.0,1,0.0840859886,0.07874765645947464
UQUCUG_clean,4.91196,3.29582,4.91125,1.5455,0.0,0.0,411.109,266.004,0.416,0.269169,0.0,0,0.0292324285,0.028847802071478926
URENEM_clean,8.53899,7.85329,8.41522,0.74811,2058.38,2751.44,0.0,0.0,0.7178,0.959485,0.0,1,0.2073882538,0.18424937713878795
URUWEL_clean,9.27008,8.60913,9.21935,1.12073,1091.29,973.727,41.1176,36.688,0.5796,0.517161,0.0,1,0.0768327483,0.07603157588873186
USATAL_clean,4.28921,3.2067,4.27363,1.48205,0.0,0.0,346.788,233.993,0.3952,0.266658,0.0,1,0.019372346,0.028706886910651527
USUVIP_clean,7.94489,4.42991,7.94489,1.30315,1252.83,961.391,0.0,0.0,0.5286,0.405634,0.0,1,0.0656920726,0.06313282861093893
UTADIE_clean,5.9737,4.97659,5.79418,1.5664,1976.27,1261.66,0.0,0.0,0.6122,0.390833,0.000127682,1,0.0743198064,0.0732278456262204
UTULIF_clean,4.41246,3.54295,4.40979,1.75943,1064.28,604.898,0.0,0.0,0.5628,0.319876,0.0,0,0.0448748781,0.04989561465482637
UTULUR_SL_part,7.64843,6.25721,7.64843,1.71749,808.319,470.64,196.079,114.166,0.5024,0.29252,0.0,0,0.0616896712,0.04106372991370444
UVANUC_clean,4.85728,3.61043,4.47871,1.46742,436.6,297.529,393.627,268.244,0.5082,0.346323,0.0,1,0.0510813101,0.04504287200176081
UVASAM_clean,4.75617,3.15385,4.68597,1.22491,0.0,0.0,432.985,353.483,0.4388,0.358231,0.0,0,0.0363871768,0.03310148690592282
UVEVUN_clean,13.08634,6.53433,13.08634,0.765991,2243.91,2929.42,0.0,0.0,0.7048,0.920115,0.0,1,0.1968173807,0.19382708637132184
UVEWIC01_clean,4.92418,2.99921,4.7622,1.0991,0.0,0.0,1488.77,1354.53,0.601,0.546809,0.0,1,0.0781327915,0.0811169066352001
UVIPOF_clean,13.17946,6.58449,13.17946,0.87003,2145.41,2465.9,0.0,0.0,0.7218,0.829627,0.0,1,0.1757402358,0.17373715055353064
UVOTOQ_clean,11.52321,9.17095,11.02494,1.0394,1689.27,1625.24,0.0,0.0,0.6776,0.651916,0.0,1,0.1385659434,0.12671381102717416
UVUWAL_clean,5.70984,4.07494,5.63813,1.12706,1693.32,1502.42,0.0,0.0,0.5456,0.484089,0.0,0,0.0873605521,0.09270041482424343
UWODAN_clean,6.59983,5.06853,6.59196,1.38828,1109.99,799.546,13.7879,9.93166,0.5174,0.372693,0.0,1,0.0613162768,0.05547166944205988
UXEDIL02_clean,3.94473,2.69886,3.94473,2.25078,0.0,0.0,176.786,78.5445,0.4344,0.193,0.0,0,0.0159772876,0.019216832409466547
UXEDIL_clean,3.9514,2.75707,3.91061,2.23909,0.0,0.0,199.249,88.9869,0.4398,0.196419,0.0,0,0.0168914065,0.020209785232018454
UXEDUX_clean,4.50403,2.92726,4.50403,2.04861,0.0,0.0,455.826,222.505,0.467,0.227959,0.0,0,0.0227666001,0.03248084701074612
UXIQOJ_clean,7.1779,7.04787,7.1779,1.13503,1629.42,1435.57,0.0,0.0,0.592,0.521571,0.0,0,0.1081353111,0.10404188127635529
UXISUR_clean,13.20708,6.69761,13.19407,0.878357,2102.35,2393.51,0.0,0.0,0.7182,0.817663,0.0,1,0.1748104139,0.17325360631178716
UXUPIN_clean,7.3374,5.72246,6.07377,0.669934,2447.15,3652.82,0.0,0.0,0.7066,1.05473,0.0,1,0.1915785806,0.19996893521622466
UXUYUI_clean,4.1469,3.20447,3.68437,1.01089,0.0,0.0,178.668,176.744,0.4924,0.487097,0.0,1,0.0340079767,0.04117423255323794
UXUZAP_clean,4.84101,3.60752,4.82729,1.24118,1063.95,857.212,0.0,0.0,0.542,0.436681,0.0,0,0.0630319214,0.06283680214990038
UZATAR_clean,4.70366,3.77441,4.70214,2.20784,876.761,397.113,0.0,0.0,0.4486,0.203185,0.0,1,0.0322647362,0.031874865128156016
UZIJUJ_clean,6.64538,5.8584,6.63953,1.01975,1889.57,1852.97,0.0,0.0,0.5996,0.587987,0.0,0,0.1131382109,0.11551517597059449
UZOBAN_clean,6.16935,4.44214,6.16935,0.864572,2160.34,2498.74,0.0,0.0,0.6496,0.751355,0.0,1,0.1301300135,0.14025578338423228
UZUZUL_clean,4.89079,3.61553,4.62488,1.24739,1059.33,849.24,0.0,0.0,0.5482,0.439477,0.0,1,0.0791275723,0.05881314571679288
VACFOV_clean_h,7.04016,6.80377,7.04016,0.930569,2533.92,2722.98,0.0,0.0,0.6628,0.712252,0.0,0,0.1468445272,0.15684108918147185
VACFUB01_clean,8.53124,8.3704,8.53124,1.18192,1047.12,885.95,0.0,0.0,0.5384,0.455532,0.0,0,0.0723450083,0.06612853788488662
VAGBUD_clean,10.23495,9.48231,10.23335,1.57268,1211.54,770.363,0.0,0.0,0.5868,0.37312,0.0,1,0.0612482886,0.06038592224360318
VAHVOR_clean,6.3986,4.82003,6.3986,1.14511,2295.95,2005.01,0.0,0.0,0.6334,0.553137,0.0,1,0.1118372658,0.1112717521302986
VAKBIU_clean,5.76642,3.81153,5.76642,1.03317,1207.86,1169.08,0.0,0.0,0.5546,0.536794,0.0,0,0.0768681882,0.07935628576033171
VALVAI_clean,6.23826,4.86854,6.23826,1.64521,1240.0,753.701,0.0,0.0,0.5196,0.315826,0.0,1,0.0586481818,0.052683969552309924
VAMQIM_clean,11.48256,10.83475,11.48089,1.17217,1544.63,1317.75,0.0,0.0,0.6478,0.55265,0.0,1,0.1227374115,0.12082706609365476
VANHEA_clean,8.56369,6.00066,8.56369,0.853114,2214.19,2595.42,0.0,0.0,0.6496,0.761445,0.0,1,0.1413798675,0.1519191238011784
VANNIK_clean,12.11733,10.70076,12.11733,0.488133,1807.7,3703.29,0.0,0.0,0.8496,1.74051,0.0,1,0.3618204379,0.37010661388304983
VANXUD_clean,3.97189,3.38304,3.97189,2.10276,455.113,216.435,0.0,0.0,0.4586,0.218094,0.0,0,0.0285778669,0.029700782560481614
VAPBIZ_clean,6.25794,3.6162,5.25123,1.10539,876.554,792.979,162.666,147.157,0.5196,0.470059,0.0,0,0.0619903969,0.06480799790407617
VAPHOM_clean,4.23153,3.44235,4.23153,1.69156,935.756,553.19,0.0,0.0,0.5808,0.343351,0.0,0,0.0548067661,0.05287061269779772
VAQTUF_clean,10.13522,6.68232,9.92269,0.858555,1863.51,2170.52,0.0,0.0,0.6104,0.710962,0.0,0,0.1320399402,0.13641966314086296
VASFIH_clean,5.55628,5.01575,5.54452,1.55799,1392.72,893.922,0.0,0.0,0.5596,0.359181,0.0,0,0.0577054815,0.06532845218259616
VASFUT_clean,5.82317,4.52383,5.82317,1.64203,1481.82,902.431,0.0,0.0,0.511,0.311201,0.0,0,0.0526370185,0.06088447707731042
VATVUK_clean,4.75369,3.54535,4.74028,1.35574,615.159,453.744,0.0,0.0,0.4098,0.30227,0.0,0,0.0322077164,0.033376591823009644
VATYOF_clean,5.86599,4.67382,5.86599,1.53817,2040.49,1326.58,0.0,0.0,0.622,0.404378,0.0,1,0.0749757027,0.07787952122247394
VAYWID_clean,8.02289,3.34737,8.02265,1.17529,1267.12,1078.13,0.0,0.0,0.6312,0.537058,0.0,1,0.0710361986,0.07984456252280561
VAZROF_clean,5.03461,4.5915,5.03461,1.23766,828.566,669.464,0.0,0.0,0.453,0.366014,0.0,0,0.0503525114,0.04390286766252229
VECZAG_clean,9.10711,7.36025,9.10711,1.61302,1710.75,1060.59,0.0,0.0,0.6522,0.404334,0.0,1,0.0749878165,0.07770120364657992
VEDGIW_clean,5.91757,4.12403,5.88473,1.04313,1656.13,1587.65,0.0,0.0,0.5804,0.556402,0.0,0,0.0956833881,0.09849684378471155
VEHKIE_SL,13.77124,4.50888,13.77124,0.959384,2184.49,2276.97,0.0,0.0,0.6924,0.721713,0.0,1,0.1486967802,0.15479989207479183
VEHLAW_clean,4.71553,3.44976,4.62826,1.6429,1000.4,608.925,0.0,0.0,0.6102,0.371417,0.0,0,0.0608567162,0.05154143471425535
VEHRIL_clean,8.79809,4.02227,8.77595,1.10229,2192.07,1988.65,0.0,0.0,0.6908,0.626694,0.0,1,0.1152561472,0.11773226893389281
VEHXEN_clean,9.30754,7.04491,9.30754,1.35949,2124.85,1562.97,0.0,0.0,0.7316,0.538142,0.0,1,0.111930877,0.09979342006595388
VEJYOZ_clean,8.47376,5.69683,8.47376,0.880009,2096.08,2381.88,0.0,0.0,0.6858,0.779311,0.0,0,0.1262856605,0.14896684243480907
VEMMAC_clean,7.0981,6.10195,7.04022,0.882251,2276.97,2580.86,0.0,0.0,0.6758,0.765995,0.0,1,0.1474649946,0.14919097967415706
VEMMOQ_clean,8.8382,8.57859,8.83401,0.859762,1844.22,2145.04,0.0,0.0,0.7008,0.815109,0.0,1,0.1554619159,0.1499300890329076
VEMSUC_clean,5.13248,3.64573,5.11696,1.27033,1309.23,1030.62,0.0,0.0,0.551,0.433745,0.0,0,0.0734281837,0.07460615178140517
VERPOZ_clean,5.42382,3.86113,5.42382,1.28962,856.154,663.88,0.0,0.0,0.4412,0.342116,0.0,0,0.0419010823,0.04288504599787815
VERZID_clean,3.10748,2.63654,3.09084,1.66069,0.0,0.0,0.0,0.0,0.437,0.263143,0.0,0,0.0110215427,0.014013723980960291
VESBAY_clean,3.11677,2.62993,3.11677,1.37515,0.0,0.0,0.0,0.0,0.4408,0.320547,0.0,0,0.0140701788,0.0161981559135725
VETTUK_clean,5.91349,2.95508,5.91349,1.33861,0.0,0.0,1110.41,829.522,0.4904,0.366349,0.0,1,0.0578155305,0.058965465028465544
VEXVAW_clean,9.7712,5.86323,9.7712,0.773292,2071.81,2679.21,0.0,0.0,0.6628,0.857115,0.0,0,0.1740515201,0.16712834354996042
VEYVEC_clean,3.81592,3.45137,3.81592,1.45798,155.953,106.965,20.8457,14.2976,0.425,0.291499,0.0,1,0.038383486,0.020618505454141095
VICYOX_clean,4.25498,3.38079,4.25498,1.46422,845.897,577.712,0.0,0.0,0.487,0.332601,0.0,1,0.0502028682,0.05060750992396841
VICYUD_clean,5.57985,4.2436,5.56531,1.15194,1489.65,1293.17,0.0,0.0,0.5668,0.492041,0.0,1,0.0808918717,0.08262745971389535
VIFBOD_clean,5.74056,4.35551,5.71651,1.76429,1367.25,774.956,0.0,0.0,0.5562,0.315255,0.0,1,0.0558649155,0.050666522825448805
VIGNOQ_clean,8.75461,3.12932,8.72015,1.42979,0.0,0.0,1413.32,988.483,0.5876,0.410969,0.0,1,0.0659832913,0.07346408000848775
VIGRIO_clean,3.4806,2.83389,3.47886,1.80361,0.0,0.0,8.63678,4.78859,0.3664,0.203148,0.0,1,0.0090412206,0.01230111940662909
VIRPOC_clean,7.89373,4.43058,7.89373,1.31415,1678.47,1277.23,0.0,0.0,0.6094,0.463722,0.0,1,0.0853820959,0.08243943115021361
VIVXOP_clean,6.49065,4.97595,6.49065,1.07139,1218.54,1137.35,2.44835,2.28522,0.5566,0.519514,0.0,1,0.0795135209,0.07707049682912392
VIWKIX_clean,6.70111,4.65532,6.60342,1.36906,1688.36,1233.22,0.0,0.0,0.5926,0.432851,0.0,1,0.0748176585,0.07922986392467324
VIWLOE_clean,5.48118,3.31383,5.4722,1.58006,576.935,365.134,577.319,365.377,0.5356,0.338973,0.0,1,0.0563342719,0.0600344145789782
VIXCUB_clean,5.48718,4.89154,5.42033,1.09462,2414.99,2206.24,0.0,0.0,0.6474,0.59144,0.0,1,0.103594948,0.11578819718160033
VIXGAM_clean,5.19197,3.39107,5.18887,1.9311,371.252,192.249,0.0,0.0,0.463,0.23976,0.0,1,0.030635615,0.023398192842772197
VIXTUT_clean,3.939,3.00466,3.93726,1.26832,0.0,0.0,145.838,114.985,0.4634,0.365367,0.0,1,0.0228646785,0.030382290049736804
VIYMAT_clean,5.60515,5.02913,5.58159,1.46758,1606.87,1094.91,0.0,0.0,0.544,0.37068,0.0,0,0.0724085614,0.07313232126355523
VIYSUT_clean,5.61753,3.04237,5.61609,1.13002,0.0,0.0,1296.39,1147.22,0.5884,0.520697,0.0,1,0.0874522857,0.07702852710586218
VIYTAA_clean,5.13433,3.87051,5.09927,1.31108,1290.46,984.278,0.0,0.0,0.541,0.412638,0.0,1,0.0773339318,0.06916537255135066
VIYVIK_clean,5.08356,3.73927,5.05208,1.32275,1249.3,944.47,0.0,0.0,0.538,0.406727,0.0,1,0.0751219244,0.0634391763839989
VIYZIO_clean,4.30268,2.98583,4.30086,1.39781,0.0,0.0,406.427,290.76,0.4376,0.313061,0.0,1,0.0337661754,0.03305964683761689
VOBGAW_clean,4.66285,3.61303,4.65217,1.94112,362.013,186.497,1.69535,0.873387,0.4252,0.219049,0.0,1,0.0157394476,0.020856500133761793
VOBGEA_clean,4.64455,3.59836,4.63854,1.95569,361.005,184.592,0.902313,0.461378,0.4234,0.216497,0.0,1,0.0153409632,0.020585507095641067
VOBKAA_clean,5.5254,4.43575,5.51234,1.26722,1839.76,1451.8,0.0,0.0,0.5992,0.472845,0.0,1,0.084048315,0.08739932131112736
VOCNOQ_clean,4.9916,3.2968,4.42967,1.46036,0.0,0.0,307.261,210.401,0.4168,0.285409,0.0,0,0.0227002361,0.025484864287170936
VODPOU_clean,4.01882,2.86571,4.01585,1.54217,0.0,0.0,158.403,102.714,0.4276,0.277271,0.0,1,0.0199125949,0.02238511667953287
VOGPEO_clean,11.06118,7.00733,10.18392,0.767126,2192.56,2858.15,0.0,0.0,0.7242,0.944043,0.0,1,0.2003432897,0.19323834357954603
VOHQIS_clean,5.34997,3.62026,5.34997,2.10583,1170.0,555.601,0.0,0.0,0.5162,0.245129,0.0,0,0.069472665,0.059258475488619164
VOJGOS_clean,6.19077,5.31352,6.18884,0.976178,2056.2,2106.38,0.0,0.0,0.6384,0.653979,0.0,1,0.1327079797,0.12478823702062392
VOLPET_clean,9.30216,6.24705,9.30149,0.741977,2463.48,3320.15,0.0,0.0,0.7498,1.01054,0.0,1,0.2041503452,0.20857633718640373
VONCIM_clean,9.77811,8.65057,9.76354,1.43585,1122.84,782.003,80.8916,56.3372,0.5904,0.411186,0.0,1,0.060077511,0.06447236718208096
VOPHUF_clean,4.5467,2.88798,4.45304,1.42239,0.0,0.0,283.154,199.069,0.3672,0.258157,0.0,0,0.0166764464,0.025229864944280603
VOZVAJ01_clean,7.75927,5.99619,7.75927,1.41123,1642.21,1163.68,0.0,0.0,0.619,0.438625,0.0,0,0.0699175346,0.08281967318628809
VUDXID_clean,10.29567,8.38587,10.08643,0.842606,2083.44,2472.62,14.2598,16.9234,0.7296,0.865885,0.0,1,0.1713747567,0.1762312052209674
VUFBEE_clean,4.39803,3.46666,4.37592,1.64467,1017.25,618.512,0.0,0.0,0.5534,0.33648,0.0,1,0.0638725684,0.049601531137824506
VUGXAY_clean,7.74052,6.24667,7.74052,1.0594,1255.22,1184.84,68.8954,65.0324,0.5682,0.536341,0.0,0,0.0903122773,0.08392177242582664
VUGXOM_clean,7.85489,6.36686,7.85489,1.08455,1259.8,1161.59,65.0961,60.0213,0.5694,0.525011,0.0,0,0.0887328667,0.08379487541912599
VUGYAZ_clean,7.90027,6.40337,7.90027,1.10679,1245.86,1125.65,61.7559,55.7974,0.5642,0.509764,0.0,0,0.0860500475,0.08371178757141215
VUKJUI_clean,5.49725,3.44726,5.49566,1.4408,839.787,582.86,90.2917,62.6676,0.4968,0.344808,0.0,0,0.048122361,0.049052434906362456
VUKROK_clean,10.23625,8.88276,10.23453,0.696249,2008.41,2884.62,0.0,0.0,0.7104,1.02033,0.0,0,0.2003058531,0.19798712249206363
VUKRUQ_clean,8.26088,7.40668,8.26088,0.854534,1806.41,2113.91,0.0,0.0,0.6414,0.750584,0.0,0,0.1432909007,0.14224670732620553
VULKOD_clean,5.01507,3.95686,5.01507,1.39517,753.359,539.978,0.0,0.0,0.4446,0.318672,0.0,1,0.0457525845,0.037382762941635374
VUNHAO_clean,8.87764,7.99015,8.87736,0.6011,2717.65,4521.13,0.0,0.0,0.7556,1.25703,0.0,1,0.238251573,0.25444008217088454
VUNNEZ_clean,5.49362,5.42758,5.49362,1.41847,1291.95,910.806,0.0,0.0,0.5748,0.405224,0.0,1,0.0538788159,0.06635107229696219
VUQKAU02_clean,4.89363,4.31451,4.87033,1.033,1471.86,1424.84,0.0,0.0,0.5576,0.539787,0.0,1,0.0958130363,0.08732515860203285
VUQKAU_clean,5.04139,4.46098,5.03992,1.00728,1566.78,1555.46,0.0,0.0,0.5754,0.571243,0.0,1,0.102896704,0.09901580482423304
VUQKUO_clean,5.38168,3.9328,5.38168,1.30466,913.527,700.204,0.0,0.0,0.5054,0.387381,0.0,0,0.0416017708,0.05006355728234991
VURYOX_clean,6.57096,5.95893,6.55565,1.3407,1084.43,808.849,0.0,0.0,0.5052,0.376817,0.0,1,0.0472436754,0.05296747031341298
VUTVAJ_clean,4.43562,3.3386,4.43562,1.59743,811.925,508.268,0.0,0.0,0.548,0.34305,0.0,0,0.0473528772,0.04764519258372661
WABVIF04_clean,5.9528,4.29679,5.9528,1.18253,2130.19,1801.39,0.0,0.0,0.6496,0.549332,0.0,1,0.0920036053,0.10229359967653553
WAHGIY_clean,5.33673,4.40357,5.33673,1.28737,815.264,633.278,0.0,0.0,0.4692,0.364464,0.0,1,0.0454234823,0.0429950533871649
WAHKUO_clean,16.20891,7.16155,16.20891,0.580972,2068.66,3560.7,0.0,0.0,0.759,1.30643,0.0,1,0.265920475,0.26130840783350373
WAHMEY_clean,4.12775,3.15219,4.12775,2.54055,0.0,0.0,48.983,19.2804,0.363,0.142882,0.0,1,0.0049918707,0.012106085242352502
WAHNEB_clean,15.95836,6.79866,15.95836,0.49512,2275.95,4596.76,0.0,0.0,0.781,1.57739,0.0,1,0.3180522382,0.33591393070609954
WAHREE_clean,4.96921,2.85009,4.89676,1.60709,0.0,0.0,182.972,113.853,0.387,0.240807,0.0,0,0.0151239622,0.0165100052817206
WALKAY_clean,4.73309,3.92758,4.72517,1.16625,391.638,335.809,365.08,313.037,0.5,0.428724,0.0,1,0.0575240845,0.052089506247844364
WAMREJ_clean,15.93828,10.49353,15.93828,0.575196,2135.23,3712.18,0.0,0.0,0.7842,1.36336,0.0,1,0.2876335553,0.279496656440936
WANBOE_clean,8.09931,5.5083,8.077,3.37544,1357.32,402.116,0.0,0.0,0.5218,0.154587,0.0,1,0.026576078,0.030405799803853044
WANJIF_clean,4.50079,3.43707,4.48085,1.30508,566.366,433.969,0.0,0.0,0.4924,0.377294,0.0,1,0.051433556,0.039510785113085464
WANRIM01_clean,4.97627,2.70399,4.97627,1.83252,0.0,0.0,785.39,428.585,0.4586,0.250257,0.0,0,0.0411566745,0.0411836732930695
WAQFAX_clean,9.30669,8.11233,9.29943,0.819886,2162.64,2637.74,0.0,0.0,0.722,0.880611,0.0,1,0.1810775412,0.17602545926181934
WASNOU_clean,4.83353,3.26666,4.7875,1.16461,0.0,0.0,661.971,568.406,0.5118,0.439461,0.0,1,0.0445252819,0.04962259237781275
WASPAK_clean,8.92408,8.10678,8.90273,0.931064,1602.41,1721.06,0.0,0.0,0.6094,0.65452,0.0,0,0.1195642042,0.12108480451323299
WASQEP_clean,10.60263,4.61939,9.00037,0.666978,2426.86,3638.59,0.0,0.0,0.7138,1.0702,0.0,0,0.2164720152,0.20884313480050398
WASVES_clean,7.24568,4.22882,6.95314,2.14337,1730.17,807.218,0.0,0.0,0.582,0.271535,0.0,1,0.0506253899,0.05228546578886301
WAVQOB_clean,10.26547,8.18203,10.23692,0.66377,1981.42,2985.1,0.0,0.0,0.7732,1.16486,0.0,1,0.2395164698,0.23486880353966466
WAYMEQ_SL,6.99879,6.49457,6.99879,0.979768,1578.78,1611.38,0.0,0.0,0.5878,0.599938,0.0,0,0.1142977497,0.11572526686452403
WAYMIU_manual,7.34688,6.90533,7.3455,0.98047,1670.06,1703.32,0.0,0.0,0.606,0.618071,0.0,0,0.1200300564,0.1178134823884307
WAZQUL_clean,5.77464,3.29694,5.7582,1.14799,0.0,0.0,1190.98,1037.45,0.506,0.440771,0.0,1,0.0727959172,0.0728388769209077
WEBJOE_clean,19.11149,16.87545,19.11149,0.689845,2240.23,3247.44,0.0,0.0,0.788,1.14229,0.0,1,0.2421630874,0.2533135341152103
WEBROK_clean,3.73489,2.81905,3.73269,2.7221,0.0,0.0,112.393,41.2892,0.352,0.129312,0.0,0,0.0243883293,0.014179986136664019
WECBAJ_clean,4.17403,3.2613,3.775,1.85127,0.0,0.0,205.938,111.242,0.392,0.211747,0.0,0,0.0127333762,0.020840422843961426
WECBEN_clean,6.503,4.33861,6.44488,0.992115,3119.1,3143.89,0.0,0.0,0.6996,0.70516,0.0,0,0.1452201271,0.14076254335920152
WEDWUZ_clean,4.57342,3.19079,4.56913,2.27819,0.0,0.0,216.06,94.8384,0.4134,0.18146,0.0,1,0.0124711364,0.018721501656601913
WEFXEM_clean,6.73931,4.78997,6.67269,1.07497,1461.44,1359.51,0.0,0.0,0.5704,0.530617,0.0,0,0.0895857462,0.08747406664055969
WEFZIS_clean,4.30666,3.54798,4.30607,2.06143,662.208,321.237,0.0,0.0,0.4722,0.229064,0.0,1,0.0313631863,0.03432800900883277
WEHHEY_clean,10.71326,6.70339,10.52268,0.819904,2131.67,2599.9,0.0,0.0,0.7068,0.862052,0.0,1,0.1835319793,0.17602835698178054
WEHHOI_clean,10.711,6.72932,10.68633,0.81633,2148.04,2631.34,0.0,0.0,0.7146,0.875382,0.0,1,0.1864294282,0.1794101892309662
WEHHUO_clean,10.86494,6.69089,10.846,0.80874,2143.96,2650.98,0.0,0.0,0.7268,0.898682,0.0,1,0.186798828,0.18616481144545227
WEHNAA_SL_part,4.64443,3.02009,4.63827,1.44873,0.0,0.0,267.586,184.703,0.3832,0.264507,0.0,0,0.0176424468,0.02295170298951056
WELTOX_clean,5.53916,3.2735,5.53916,1.92744,0.0,0.0,773.095,401.099,0.4648,0.241149,0.0,0,0.0291508617,0.042013091995981196
WEMCUO_clean,4.97873,3.46394,4.79411,2.52518,613.235,242.848,0.0,0.0,0.3982,0.157692,0.0,1,0.0209474017,0.021960738848402384
WEMFOL_clean,4.8612,4.33226,4.8612,1.68559,2254.63,1337.59,0.0,0.0,0.5966,0.353942,0.0,1,0.0687475327,0.06900959407090916
WENDIE_clean,4.91533,3.83478,4.91533,1.40969,980.417,695.487,0.0,0.0,0.4986,0.353696,0.0,1,0.0573816,0.048339062921516206
WENKOR_clean,7.34523,5.77431,7.33779,1.55847,525.754,337.351,34.2975,22.0071,0.4426,0.283996,0.0,1,0.0302951477,0.027134891565388966
WESNIS_clean,4.00866,2.60918,4.00866,1.39757,0.0,0.0,110.381,78.9806,0.4484,0.320844,0.0,0,0.0166238183,0.021661446050105337
WEVQIX_clean,8.30134,7.08669,8.30134,1.3689,1061.52,775.455,0.0,0.0,0.5704,0.416684,0.0,1,0.0497539207,0.05450745561923729
WEVQOD_clean,8.33119,7.13692,8.33119,1.51454,1062.97,701.84,0.0665577,0.0439457,0.5726,0.378068,0.0,1,0.0453651565,0.05009584924689261
WEVQUJ_clean,8.44067,7.27418,8.44067,1.48575,1083.43,729.214,0.77233,0.519826,0.5778,0.388896,0.0,1,0.0473874423,0.0499834504163069
WEXTAV_clean,4.98825,4.19272,4.98346,1.40649,999.163,710.396,0.0,0.0,0.5104,0.36289,0.0,1,0.0534603571,0.048392069861440075
WEYMIY_clean,4.73547,2.66625,4.73547,1.65215,0.0,0.0,483.562,292.687,0.4506,0.272736,0.0,1,0.0272503065,0.031020213240201662
WEYQAU01_clean,4.51961,3.60555,4.51961,1.13786,1565.68,1375.99,0.0,0.0,0.5718,0.502522,0.0,0,0.0902260657,0.08959657600033048
WEYQAU03_clean,4.54995,3.78626,4.54995,1.12516,1590.17,1413.29,0.0,0.0,0.5782,0.513884,0.0,0,0.0944637502,0.09133225843966584
WEYQAU06_clean,4.52093,3.69835,4.50827,1.13868,1559.53,1369.6,0.0,0.0,0.5718,0.502162,0.0,0,0.0902860313,0.08907675298241664
WEYQAU08_clean,4.54883,3.77222,4.52816,1.12759,1562.09,1385.34,0.0,0.0,0.5786,0.51313,0.0,0,0.0932096395,0.08873869243822777
WEYQAU12_clean,4.40257,3.44728,4.36821,1.18614,1438.51,1212.76,0.0,0.0,0.5546,0.467566,0.0,1,0.0836696534,0.08394691530166315
WICGEV_clean,4.986,4.06891,4.90495,1.61194,943.479,585.307,0.0,0.0,0.463,0.287232,0.0,0,0.0356132733,0.04306336265708508
WICQOP_clean,4.01528,2.82313,4.01431,1.19444,0.0,0.0,113.672,95.1683,0.4668,0.390812,0.0,1,0.0288493126,0.02881600511896333
WIHTAK_clean,3.98984,2.78525,3.94663,2.12222,0.0,0.0,214.619,101.13,0.4188,0.19734,0.0,0,0.0178520065,0.019981482064021977
WIHTEO_clean,4.01875,2.84869,4.01875,2.05184,0.0,0.0,233.23,113.669,0.4528,0.22068,0.0,0,0.0192393542,0.02400699576619003
WIHTIS_clean,3.9617,2.78489,3.95919,1.72043,0.0,0.0,206.346,119.938,0.419,0.243544,0.0,0,0.022648417,0.019607985331977648
WIHVEP_clean,4.98664,4.03769,4.97035,1.60991,948.127,588.931,0.0,0.0,0.473,0.293805,0.0,0,0.0354631815,0.042901714540565766
WIHWAN_clean,9.73279,7.22908,9.72646,0.781161,2141.5,2741.43,0.0,0.0,0.7076,0.905831,0.0,0,0.1758742268,0.1771810059053523
WIKYAQ_clean,5.56765,4.22978,5.55876,1.17628,572.115,486.376,3.29466,2.80092,0.4396,0.373721,0.0,1,0.0322144675,0.038270253623567146
WILFAZ_clean,4.61767,3.60434,4.60806,1.63777,404.45,246.951,107.478,65.6246,0.4794,0.292715,0.0,1,0.0381708753,0.027811418996947293
WILRAK_clean,6.14662,4.92634,6.07221,1.13056,2856.19,2526.36,0.0,0.0,0.7378,0.652598,0.0,1,0.1072872692,0.11626712011110517
WILREO_clean,6.22413,4.97143,6.22113,1.10896,2859.64,2578.66,0.0,0.0,0.7412,0.668372,0.0,1,0.1110513574,0.11501550661987109
WILRIS_clean,6.18287,5.26913,6.08331,1.06646,2702.71,2534.28,0.0,0.0,0.743,0.696696,0.0,1,0.1190765432,0.11389058641880316
WIPZEC_clean,5.45688,4.84274,5.44436,1.09301,1433.3,1311.34,0.0,0.0,0.552,0.50503,0.0,0,0.0897215797,0.0833884952531145
WITKIV_clean,20.46084,11.48372,20.46084,0.586943,1702.14,2900.02,0.0,0.0,0.7774,1.32449,0.0,1,0.2602611868,0.2794143295620106
WIWQUO_clean,5.86317,4.77379,5.86317,1.51311,2502.33,1653.77,0.0,0.0,0.691,0.456676,0.0,0,0.0768154688,0.0989160373650654
WIYWAE_clean,5.55509,4.14993,5.55509,1.52455,953.655,625.532,0.0,0.0,0.496,0.325342,0.0,1,0.042664032,0.043876876386014396
WIYWOS_clean,5.5468,4.15747,5.5468,1.51166,957.433,633.365,0.0,0.0,0.499,0.330101,0.0,1,0.0436671645,0.045958972855695605
WOBFOK_clean,4.31485,3.36072,4.31485,1.72806,535.188,309.704,0.0,0.0,0.526,0.304387,0.0,0,0.0320330744,0.03568825063480808
WOBHEB01_clean,11.39724,10.6155,11.39724,1.22811,1590.58,1295.14,0.0,0.0,0.6596,0.537083,0.0,1,0.1124018314,0.11609734710040803
WOBHOL_clean,11.68121,10.84815,11.68121,1.21577,1583.43,1302.41,0.0,0.0,0.6636,0.545826,0.0,1,0.1228370192,0.11861606115325991
WODFOL_clean,4.42221,3.69918,4.41972,1.50844,549.218,364.098,0.0,0.0,0.4148,0.274987,0.0,0,0.0321938344,0.029324581319074963
WOFVIX_clean,5.9844,3.16514,5.9844,2.01452,0.0,0.0,452.206,224.473,0.3966,0.196871,0.0,1,0.0154031885,0.02661534358127092
WOHZAU01_clean_h,5.57953,3.21211,5.34183,1.90493,0.0,0.0,814.602,427.629,0.4746,0.249143,0.0,1,0.0430403784,0.040309891736386654
WOJZIG_clean,6.32968,4.348,6.32927,1.20953,2082.36,1721.62,0.0,0.0,0.5984,0.494736,0.0,1,0.1017688444,0.1021916530435792
WOJZOM_clean,5.77002,3.85246,5.77002,1.252,1972.92,1575.81,0.0,0.0,0.591,0.472044,0.0,1,0.0919149609,0.09296540529049824
WOLFAG_clean,5.22326,2.87418,5.20533,1.12621,0.0,0.0,1008.2,895.212,0.5286,0.469363,0.0,0,0.0610051679,0.06519690521663202
WOPHEQ_clean,6.45599,3.38847,6.45542,1.19882,457.642,381.745,355.134,296.237,0.4952,0.413074,0.0,0,0.0534814496,0.04767429843372484
WOPSOL01_clean,10.90023,10.70959,10.90023,1.18162,1552.96,1314.27,0.0,0.0,0.6334,0.536045,0.0,1,0.1233641503,0.1139413946311052
WOPWOO_clean,5.25085,4.08598,5.25085,2.1223,863.13,406.696,0.0,0.0,0.445,0.209679,0.0,1,0.0274582833,0.03106472636123142
WORKOF_clean,9.81174,6.0117,9.81174,0.930964,2043.98,2195.55,1.24552,1.33788,0.6752,0.725269,0.0,1,0.1381694273,0.14548777425587522
WOTLOI_clean,8.00513,4.84682,8.00513,0.97425,1418.35,1455.84,0.0,0.0,0.579,0.594304,0.0,1,0.0829794022,0.10002330448421226
WOVDES_clean,5.23028,4.01485,5.22391,1.22139,660.545,540.814,0.0,0.0,0.4386,0.359099,0.0,0,0.0389889319,0.03537172331723566
WOXRIK_clean,3.83193,3.01344,3.82185,2.27293,0.0,0.0,188.593,82.9735,0.3806,0.167449,0.0,0,0.0165537133,0.018991393198698636
WOYJIF_clean,12.3325,5.92345,11.43456,0.799114,2266.72,2836.54,0.0,0.0,0.716,0.895992,0.0,1,0.1905697887,0.18683464895081348
WUDQIW_clean,3.73198,3.20831,3.69327,1.34725,0.0,0.0,181.176,134.478,0.551,0.40898,0.0,1,0.0349966627,0.03565660281145034
WUDVEY_clean,7.50178,6.81683,7.48998,1.3921,605.922,435.258,0.0,0.0,0.4572,0.328425,0.0,1,0.0342710878,0.03138792263819006
WULQUR_clean,7.08547,5.79444,7.06039,0.976074,2045.35,2095.49,0.0,0.0,0.6658,0.682121,0.0,1,0.13779288,0.1315153646364451
WUNTEF_clean,5.11473,4.16376,5.10357,1.08866,1006.1,924.169,87.4124,80.2937,0.5292,0.486103,0.0,0,0.0687064484,0.06700266310224934
WUNVAD_clean,5.07875,4.17789,5.06297,1.09375,995.244,909.941,78.4709,71.7451,0.516,0.471773,0.0,0,0.0668820893,0.06515671299553953
WUPNIF_clean,4.10645,3.09037,4.10645,1.77365,0.0,0.0,226.971,127.969,0.387,0.218194,0.0,1,0.0394268706,0.021198068321755387
WURNOO_clean,6.92026,6.59227,6.92026,1.32896,1046.66,787.578,0.0,0.0,0.471,0.354412,0.0,0,0.0483504445,0.05064288051599664
WUSGIC_clean,4.47666,3.4574,4.38159,1.49843,1071.95,715.381,0.0,0.0,0.5224,0.348632,0.0,0,0.05244733,0.0585221778190408
WUTBOC_clean,7.17175,4.98444,7.17175,1.90997,842.378,441.043,0.0,0.0,0.429,0.224611,0.0,0,0.0293467876,0.03134273961199448
WUXLIM_clean,3.88187,2.87991,3.87812,2.15097,0.0,0.0,103.453,48.0959,0.4528,0.21051,0.0,0,0.0157260948,0.021103461147426214
WUXMEH_clean,3.80315,3.23998,3.72844,2.48036,0.0,0.0,219.851,88.637,0.416,0.167718,0.0,0,0.0144157686,0.021621131236503457
WUXYOF_clean,3.55008,2.94927,3.55008,1.67806,0.0,0.0,11.5265,6.86891,0.232,0.138255,0.000119185,1,0.0082785932,0.012294052050678878
WUYWUK_clean,8.78773,6.19333,8.65663,0.743413,2043.29,2748.52,0.0,0.0,0.6694,0.900442,0.0,0,0.1677237135,0.17025124508094291
WUYYEW_clean,9.26232,6.95652,9.26232,0.838222,1987.56,2371.16,0.0,0.0,0.6778,0.808616,0.0,1,0.1467066322,0.1538245407820667
WUZDOL_clean,5.93429,4.20385,5.53783,1.95218,1731.21,886.811,0.0,0.0,0.5688,0.291367,0.0,1,0.040365381,0.05123945753018512
XACFAJ_clean,6.31025,2.99476,6.30344,1.18923,0.0,0.0,1011.6,850.633,0.5312,0.446676,0.0,0,0.0672292149,0.06413348519932391
XADDUD_clean,6.46377,5.36376,6.20996,1.13461,1899.46,1674.11,0.0,0.0,0.5878,0.518062,0.0,1,0.0979642854,0.09941214486121148
XAFFOB_clean,14.83912,13.174,14.83912,0.366991,1878.61,5118.95,0.0,0.0,0.845,2.30251,0.0,1,0.4813651067,0.45972406950121364
XAGCIS01_clean,5.57315,2.64485,5.55209,1.75235,0.0,0.0,818.021,466.814,0.445,0.253945,0.0,1,0.0435252307,0.04058998536521339
XAHPON_clean,17.29514,15.33221,17.29514,0.284265,1476.32,5193.45,0.0,0.0,0.8856,3.1154,0.0,1,0.6445387393,0.6616548002739321
XAHQAA_clean,23.03533,21.60719,23.02579,0.170429,1040.62,6105.88,0.0,0.0,0.9292,5.45213,0.0,1,1.1066304255,1.124578571334941
XAHWAG_clean,5.39358,4.37499,5.38893,1.33376,2734.04,2049.88,0.0,0.0,0.6868,0.514937,0.0,0,0.1031427198,0.0996367863442006
XAJQAC_SL,8.58247,7.41664,8.57789,0.88698,2088.4,2354.51,0.0,0.0,0.6722,0.757852,0.0,0,0.1525445374,0.14777487049840682
XAJZOY_clean,6.5047,2.98776,6.50361,1.70727,0.0,0.0,1133.97,664.199,0.49,0.287007,0.0,0,0.0573307577,0.05187776342102927
XAKQOR_clean,6.07415,4.27878,5.44099,0.965162,1660.14,1720.06,0.0,0.0,0.5906,0.611918,0.0,0,0.096507854,0.10580273040966355
XAKZOZ_clean,12.1779,8.09448,10.99703,0.853016,1612.06,1889.83,0.0,0.0,0.6372,0.746997,0.0,1,0.1326022085,0.13557759301159297
XAKZUF_clean,12.14685,7.7394,12.14685,0.885336,1547.82,1748.28,0.0,0.0,0.616,0.695781,0.0,1,0.1164898186,0.12336516710662392
XALBUI_clean,12.38727,7.83288,12.25594,0.880388,1559.27,1771.12,0.0,0.0,0.6108,0.693785,0.0,1,0.1170502708,0.12314984001527972
XALDIY_clean,8.51371,3.60578,4.41534,1.00994,178.965,177.204,1041.51,1031.26,0.5412,0.535874,0.0,1,0.0710332439,0.07634205855878412
XALDOE_clean,8.72809,3.86749,4.52721,0.991405,208.075,209.879,1052.86,1061.99,0.545,0.549725,0.0,1,0.0743076026,0.07637745143729373
XALTEK_clean,4.31419,3.00244,4.31419,2.12624,0.0,0.0,570.547,268.336,0.529,0.248796,0.0,1,0.0200233337,0.0365857572257508
XALTIP_clean,18.68299,9.17237,18.68299,0.551216,1809.24,3282.27,0.0,0.0,0.7988,1.44916,0.0,1,0.3082632424,0.30217277877924487
XAMDUM_clean,13.20706,6.72961,13.20706,0.879722,2074.04,2357.61,0.0,0.0,0.7196,0.817985,0.0,1,0.1756286399,0.17271539281076992
XANNAB_clean,5.37371,3.38826,5.37371,1.32913,546.549,411.209,252.624,190.067,0.4798,0.360989,0.0,1,0.042683055,0.04468497008068341
XANXUF_clean,4.22776,2.64898,4.15748,1.07965,0.0,0.0,93.7406,86.8249,0.4998,0.462927,0.0,0,0.0285413423,0.03324714018121882
XAPDEY_clean,8.43698,7.85452,8.43698,1.19984,2075.29,1729.64,0.0,0.0,0.6726,0.560573,0.0,0,0.1018407883,0.10634515363346905
XAPNIN_clean,6.36937,5.09614,6.24616,0.987749,1999.77,2024.57,0.0,0.0,0.6554,0.663529,0.0,0,0.1322990021,0.12379432824263827
XAPTUE_clean,7.01351,4.77674,6.96552,1.46731,1437.82,979.906,0.0,0.0,0.555,0.378244,0.0,1,0.0715694793,0.07025745473269768
XAQTOY01_clean,4.47595,3.15695,4.47595,1.99102,0.0,0.0,626.182,314.503,0.4868,0.244497,0.0,0,0.0408345915,0.04225068825268872
XASFAY_clean,4.84062,3.90347,4.82463,0.992255,1242.53,1252.23,0.0,0.0,0.541,0.545223,0.0,1,0.0621143824,0.07947756905247287
XATZUQ_clean,7.56959,6.44554,7.50387,0.891969,1666.54,1868.38,0.0,0.0,0.6382,0.715495,0.0,1,0.135961957,0.12340796678394098
XAVKIR_clean,15.62831,12.51365,15.62831,0.534545,1877.9,3513.08,0.0,0.0,0.7824,1.46367,0.0,1,0.2933492772,0.30060797082174057
XAVQIU01_clean,4.21946,3.54584,4.20969,1.16836,1052.94,901.216,0.0,0.0,0.57,0.487865,0.0,1,0.0914805616,0.0670309313539836
XAZGEK_clean,4.67162,3.9585,4.53755,1.49862,1406.73,938.683,116.154,77.5075,0.6196,0.413447,0.0,1,0.0614082509,0.07047368952235705
XEDGIY_clean,7.07898,5.31452,7.01634,0.998068,1852.97,1856.56,0.0,0.0,0.6184,0.619597,0.0,1,0.1061515026,0.11614137568753871
XEDPIH_clean,4.84924,3.94171,4.80226,1.78705,773.954,433.09,0.0,0.0,0.5042,0.282141,0.0,0,0.0368224215,0.03488541040310574
XEGJUQ_clean,7.4125,4.89988,7.38387,1.09762,2034.16,1853.25,0.0,0.0,0.6302,0.574154,0.0,1,0.1102423516,0.11250983056614397
XEGKAX_clean,7.81736,4.94122,7.81736,1.03321,2328.38,2253.55,0.0,0.0,0.6462,0.625431,0.0,1,0.1229253341,0.13170979750321518
XEHFUL_clean,4.30377,2.60046,4.30377,2.30999,0.0,0.0,289.752,125.434,0.3962,0.171516,0.0,1,0.0203623131,0.019942010360645385
XEHRUY_clean,4.75094,3.73804,4.73309,1.40294,806.249,574.687,0.0,0.0,0.4558,0.32489,0.0,0,0.0393968124,0.041329353376392784
XEHSIN_clean,4.81303,3.64676,4.81303,1.40908,773.939,549.25,0.0,0.0,0.452,0.320776,0.0,0,0.038987863,0.03985426065649638
XEHTUB_clean,3.58584,2.84872,3.48749,2.39414,0.0,0.0,31.7227,13.2501,0.3636,0.151871,0.0,1,0.0119896622,0.010559696260949936
XEJJIG_clean,3.78574,2.62,3.78054,1.92919,0.0,0.0,94.3435,48.9032,0.4002,0.207445,0.0,1,0.0155206096,0.015380528910422298
XEKDOI_clean,4.10568,3.45704,3.93638,1.4574,748.354,513.486,0.0,0.0,0.4558,0.312749,0.0,1,0.0307004656,0.04282897031453759
XENCAU_clean,8.29403,6.89914,8.29403,0.556974,2324.09,4172.71,0.0,0.0,0.7312,1.31281,0.0,1,0.2263848544,0.25141769271346115
XEPBAX_clean,5.14969,3.64809,5.0808,0.940411,1672.05,1778.0,0.0,0.0,0.6138,0.652693,0.0,1,0.1101687952,0.10417750836713714
XEVVUQ_clean,4.64942,3.10763,4.64942,1.8044,0.0,0.0,597.028,330.874,0.487,0.269896,0.0,0,0.047939371,0.03828817285077475
XEWDUA_clean,8.87023,8.12641,8.87023,1.28139,1148.81,896.537,0.0,0.0,0.5282,0.41221,0.0,1,0.0595955324,0.06397014731201656
XEXLIX_clean,7.04809,6.65056,7.03557,1.241,1207.66,973.134,0.0,0.0,0.527,0.424658,0.0,1,0.0708767669,0.07161731500522439
XEXLUJ_clean,8.72919,8.14175,8.68787,1.12133,1390.1,1239.69,0.0,0.0,0.5646,0.50351,0.0,1,0.0911660747,0.09023756569352669
XICNOO_clean,19.61611,6.71064,19.54957,0.903297,1911.76,2116.42,0.0,0.0,0.747,0.826971,0.000221411,1,0.1685686438,0.17597192162564096
XIDBUJ_clean,7.40475,6.25511,7.40475,1.09542,1351.03,1233.34,0.0,0.0,0.5684,0.518888,0.0,0,0.0871007646,0.0860205740525094
XIFHIF_clean,9.50274,8.84024,9.48896,1.39627,1580.72,1132.1,0.0,0.0,0.6078,0.435304,0.0,1,0.081497782,0.08566584782739187
XIFLOP_clean,3.91972,3.02211,3.91972,2.23068,0.0,0.0,58.8926,26.4012,0.3262,0.146234,0.0,0,0.0106714971,0.012068247100271032
XIGHIF_clean,9.11851,6.40194,9.11851,1.31172,1721.81,1312.64,0.0,0.0,0.6494,0.495075,0.0,0,0.0842517944,0.08982486241512048
XIHSAJ_clean,6.08478,4.0122,6.08478,1.01421,1817.12,1791.66,0.0,0.0,0.6044,0.595933,0.0,1,0.1095435141,0.10700996309422965
XIHXET_clean,4.30155,3.10604,4.28136,1.25049,0.0,0.0,736.216,588.741,0.5074,0.40576,0.0,1,0.0690625201,0.05746413439625025
XILLIP_clean,8.02024,6.48918,8.00532,0.699116,2353.41,3366.26,0.0,0.0,0.7058,1.00956,0.0,0,0.1953623465,0.19533287871214775
XILTAP_clean,7.46835,4.491,7.46835,0.893159,2015.14,2256.2,0.0,0.0,0.622,0.696404,0.0,1,0.1365835867,0.1307555784177791
XINJAH_clean,5.1973,3.21133,5.19593,1.54154,0.0,0.0,680.443,441.406,0.4512,0.292695,0.0,0,0.0371819626,0.0393113679059212
XINZEB_clean,5.58391,4.38224,5.56908,1.48991,1505.54,1010.49,0.0,0.0,0.5618,0.377069,0.0,1,0.0698481774,0.0681306488878539
XIPGUA_clean,6.999,4.80417,6.51629,2.95533,1333.32,451.159,0.0,0.0,0.4992,0.168915,0.0,1,0.0303722362,0.03363914427949839
XIQHIO_clean,3.58583,2.84823,3.58583,2.33954,0.0,0.0,67.5399,28.8689,0.3432,0.146696,0.0,0,0.0194432147,0.011785326894433068
XISKUF_clean,4.31794,3.58074,4.31794,1.93785,629.43,324.808,0.0,0.0,0.4082,0.210646,0.0,1,0.0344995447,0.03197858101965717
XISLAM_clean,4.34393,3.64065,4.34393,1.93617,692.959,357.901,0.0,0.0,0.4122,0.212894,0.0,0,0.0344478554,0.03651236281711533
XISVUR_clean,5.04407,3.94718,5.0182,1.1747,1719.75,1463.99,0.0,0.0,0.6072,0.516898,0.0,1,0.0865619797,0.08891971100305307
XISXEE_clean,10.02626,5.46429,10.02412,0.66541,2246.71,3376.43,0.0,0.0,0.7296,1.09647,0.0,1,0.2210440855,0.21826713712650098
XITYOP_clean,11.26084,5.01855,11.26084,0.828925,2008.18,2422.64,0.0,0.0,0.6806,0.821064,0.0,1,0.1695950154,0.1623808628813055
XIVMEW_clean,5.05762,3.31299,5.05127,1.54947,317.384,204.834,321.061,207.207,0.4568,0.29481,0.0,1,0.0490426197,0.0350617209905098
XIWYEH_clean,4.26164,3.52891,4.24796,2.34877,351.985,149.859,0.0,0.0,0.3304,0.140669,0.0,0,0.0190016455,0.020788306981969373
XOCWIX_clean,5.47886,3.44903,5.47476,2.18371,1125.64,515.471,0.227584,0.104219,0.5372,0.246003,0.0,1,0.0427711806,0.04105173262763593
XOFFUT_clean,7.8035,3.03296,7.8035,1.22352,0.0,0.0,1147.48,937.854,0.527,0.430725,0.0,1,0.0725288991,0.07311040751068713
XOFPEP01_clean,5.97449,3.48385,5.9665,2.03706,967.647,475.021,0.0,0.0,0.5188,0.25468,0.0,1,0.0372360166,0.03754123203440465
XOFTOC_clean,3.90687,3.24733,3.8989,2.48425,0.0,0.0,70.2191,28.2658,0.3862,0.15546,0.0,1,0.0065630869,0.013751189258824431
XOGXAU_clean,5.74983,3.78405,5.68214,1.22917,1255.73,1021.6,0.0,0.0,0.5252,0.427279,0.0,1,0.0604919107,0.06882865438090943
XOKHAH_clean,3.76094,3.05778,3.73213,1.56619,0.0,0.0,60.9484,38.9151,0.3978,0.253993,0.0,1,0.019437298,0.01698898348697586
XOMDOU_clean,6.08861,4.66373,6.08699,1.18202,859.304,726.977,313.731,265.419,0.5438,0.460059,0.0,1,0.0648662192,0.07223413268785266
XOMJOY_clean,6.10947,3.84777,5.97895,1.18998,613.441,515.507,422.204,354.8,0.5142,0.43211,0.0,0,0.0628814464,0.0670428291026598
XOSPOK_clean,6.02139,4.57668,6.02139,1.94823,1837.76,943.297,0.0,0.0,0.586,0.300786,0.0,1,0.0588954405,0.05240377040998065
XOVQIJ_clean,7.41561,4.13146,7.41561,0.925084,1684.83,1821.27,0.0,0.0,0.5816,0.6287,0.0,1,0.1023902627,0.11006157957748754
XUBJAF01_clean,3.31207,2.84382,3.31207,2.1992,0.0,0.0,0.0,0.0,0.433,0.19689,0.0,1,0.0114434377,0.01305274088402375
XUCLIS_clean,6.38625,3.16193,6.38353,1.10806,0.0,0.0,878.64,792.954,0.495,0.446727,0.0,1,0.066808476,0.059797058312183175
XUDNUH_clean,12.36127,6.84234,12.36127,0.492653,2292.38,4653.12,0.0,0.0,0.8076,1.63929,0.0,1,0.3342429422,0.34307494357129775
XUFPIZ_clean,4.43917,3.40706,4.39655,1.31985,159.122,120.561,0.0,0.0,0.4154,0.314732,0.0,0,0.0138538853,0.019497470558576424
XUGROI_clean,6.64754,5.07389,6.16433,0.794522,2382.26,2998.35,0.0,0.0,0.6836,0.860391,0.0,1,0.1708461463,0.16725778208242814
XUGSID_clean,4.92449,2.60361,4.80121,1.39194,0.0,0.0,618.158,444.099,0.442,0.317543,0.0,1,0.0461556427,0.034944403186966205
XUJPEY_clean,5.84221,4.51142,5.77769,1.25506,1324.62,1055.42,0.0,0.0,0.5206,0.4148,0.0,0,0.0794679678,0.0725037604826847
XUKNIC_clean,6.71193,5.19255,6.7113,1.00366,2512.55,2503.38,0.0,0.0,0.6472,0.644838,0.0,1,0.1323377431,0.13449200128003636
XUMMUP_clean,8.4295,7.42103,8.42696,1.01197,1167.11,1153.31,0.0,0.0,0.545,0.538555,0.0,1,0.0775113092,0.08176924115121287
XUMNEA_clean,5.24244,3.69297,5.22761,1.21845,601.492,493.654,0.0,0.0,0.4622,0.379335,0.0,0,0.0399333484,0.03821099810814456
XUNGUJ_clean,4.49594,4.05224,4.48031,1.03604,1057.86,1021.06,0.0,0.0,0.4874,0.470444,0.0,0,0.0704247568,0.07140155458036743
XUNTAD_clean,3.83107,2.66972,3.54393,1.13178,0.0,0.0,118.943,105.093,0.4358,0.385056,0.0,1,0.0295823802,0.027035658705061125
XUPSAE_clean,6.99773,6.86151,6.99773,1.067,1576.28,1477.3,0.0,0.0,0.5844,0.547705,0.0,0,0.115101005,0.10437396938024418
XUWFUR_clean,8.57387,5.22151,8.55217,0.997477,1382.53,1386.02,0.0,0.0,0.5736,0.575051,0.0,1,0.0845097455,0.09640975477762052
YABWOP_clean,4.88487,3.26584,4.81241,1.64251,0.0,0.0,708.94,431.619,0.5666,0.344959,0.0,1,0.0455630425,0.044904073196270655
YAJZIV_clean,6.01227,2.87459,6.01227,1.85584,0.0,0.0,678.856,365.794,0.4034,0.217368,0.000107768,1,0.0458896806,0.033138803739410604
YANBAR_clean,4.9541,3.79831,4.9225,1.76383,896.703,508.383,0.0,0.0,0.4572,0.259208,0.0,0,0.0319341821,0.04114921706483526
YARBUQ_clean,4.67624,4.03616,4.54961,1.19852,280.172,233.766,258.386,215.589,0.447,0.372961,0.0,1,0.0431984876,0.03617451072176903
YARDIG_clean,4.62568,3.53484,4.62568,1.03032,1206.44,1170.94,0.0,0.0,0.5394,0.523527,0.0,0,0.0789372822,0.0798113859080021
YARKAF_clean,4.78127,3.38887,4.78127,1.32951,413.16,310.762,3.2692,2.45896,0.4556,0.342684,0.0,1,0.0252803595,0.03156323417275618
YARKOT_clean,5.25265,3.98181,5.2356,0.962764,1924.08,1998.5,0.0,0.0,0.6296,0.653951,0.0,1,0.1257630734,0.1124191674658501
YARSAN_clean,5.04398,3.94642,5.02513,1.29452,830.585,641.616,0.0,0.0,0.4644,0.358743,0.0,1,0.051594995,0.043623046353100464
YARSIV_clean,3.72144,3.36254,3.72144,1.75602,124.297,70.7832,0.0,0.0,0.358,0.20387,0.0,0,0.0129718476,0.01358398913904385
YARYEV_clean,5.64641,4.02417,5.64641,1.12294,2187.12,1947.67,0.0,0.0,0.6948,0.618733,0.0,0,0.0782102581,0.10481378990411727
YARYIZ_clean,5.51251,4.14788,5.51251,1.11604,2131.77,1910.12,0.0,0.0,0.6948,0.622558,0.0,0,0.0769477106,0.10557442527196323
YARYOF_clean,4.91899,3.58217,4.91899,1.2259,1844.97,1504.99,0.0,0.0,0.6484,0.528917,0.0,0,0.0629532944,0.09347298333465141
YARZEZ03_clean,7.77175,4.5942,7.75648,0.810672,2535.58,3127.75,0.0,0.0,0.7232,0.8921,0.0,0,0.1542995957,0.17214767644832293
YARZEZ_clean,5.63038,4.40455,5.63038,0.959184,2069.23,2157.28,0.0,0.0,0.682,0.711021,0.0,0,0.1053173541,0.12601349045913246
YAVWAW_clean,4.87227,4.07548,4.69675,1.46373,1145.93,782.881,0.0,0.0,0.5582,0.381355,0.0,1,0.0554874894,0.05403599834654973
YAVWUQ_clean,15.48597,6.62234,15.4779,0.747785,2189.36,2927.8,0.0,0.0,0.7402,0.989857,0.0,1,0.2100418576,0.2167104681877355
YAWFOS_clean,6.58573,4.52277,6.51086,1.38834,1531.01,1102.76,0.0,0.0,0.6034,0.434618,0.0,1,0.0557600451,0.07468881449751416
YAYPOF_clean,6.50595,4.6947,6.4958,2.40269,1158.01,481.966,0.0,0.0,0.5536,0.230409,0.0,1,0.035785561,0.036375715276380866
YAYRAT_clean,6.10819,5.25433,6.10592,0.863424,2602.75,3014.46,0.0,0.0,0.6904,0.799607,0.0,0,0.1796982674,0.1572687058181175
YAZYEF_clean,3.92715,3.10761,3.92715,2.17948,0.0,0.0,88.2304,40.4824,0.3014,0.13829,0.0,0,0.0081009548,0.011867973354855343
YAZYIJ_clean,3.86183,3.02912,3.86183,2.21857,0.0,0.0,68.792,31.0074,0.2958,0.133329,0.0,0,0.0075484424,0.011768316515889485
YEFNOM_clean,6.99053,5.65806,6.99053,1.03643,2661.11,2567.58,0.0,0.0,0.7442,0.718045,0.0,0,0.1249084953,0.12768893429322464
YEGCUJ_clean,7.31661,4.83808,7.31661,1.36986,1339.97,978.182,0.0,0.0,0.5642,0.411867,0.0,1,0.0570675462,0.07012114457450608
YEGHIC_clean,7.13593,3.78757,7.13593,1.08644,2189.73,2015.5,27.1266,24.9682,0.6726,0.619084,0.0,0,0.0900179757,0.11633601580830882
YEZKOF_clean,6.11466,3.28691,4.5394,1.16779,0.0,0.0,989.345,847.193,0.516,0.44186,0.0,1,0.0606128915,0.0609241112267889
YIKJUZ_clean,8.98552,4.23883,8.98552,1.25419,1702.48,1357.43,21.0421,16.7774,0.6478,0.516507,0.0,1,0.0771783388,0.08977075984356929
YINCUV_clean,4.80903,3.55203,4.73589,1.40486,557.682,396.966,0.0,0.0,0.407,0.289708,0.0,1,0.0349191999,0.028916712535215758
YINXIE_clean,6.16574,4.96395,6.1491,1.27739,1014.53,794.22,0.0,0.0,0.5052,0.395493,0.0,1,0.0585496736,0.05097779000725348
YITHIU_clean,3.9218,3.10838,3.9218,2.15437,0.0,0.0,296.822,137.776,0.4352,0.202008,0.0,1,0.0188121979,0.022912276181228014
YIWBEN_clean,5.41707,3.94622,5.41707,1.08258,1617.69,1494.29,0.0,0.0,0.5648,0.521716,0.0,0,0.0863159579,0.09188613709892457
YIWMOG_clean,6.74773,5.04258,6.74039,1.26894,2076.98,1636.78,0.0,0.0,0.6788,0.534934,0.0,1,0.0798211946,0.09529403881566638
YIWNAT_clean,6.30784,4.54282,6.29619,1.29078,2076.15,1608.45,0.0,0.0,0.675,0.52294,0.0,0,0.076865488,0.09058546237609306
YIWNIB_clean,6.81948,5.37501,6.81948,1.22536,2128.85,1737.32,0.0,0.0,0.696,0.567996,0.0,0,0.0871852936,0.10078505318586947
YIZGIZ_clean,8.32701,3.59268,8.32701,1.46991,1382.6,940.602,0.383122,0.260644,0.553,0.376215,0.0,0,0.0733818713,0.0686845726318488
YOTXOW_clean,6.29142,5.79696,6.29077,1.36514,595.047,435.886,0.0,0.0,0.467,0.342088,0.0,1,0.0331272304,0.03647275722190043
YOYBUL_clean,7.16525,4.74264,7.03966,0.861413,1929.99,2240.49,0.0,0.0,0.6146,0.713479,0.0,0,0.142173476,0.13040066765358202
YOYPIN_clean,6.69706,5.82012,6.69706,1.12302,945.662,842.074,0.0,0.0,0.503,0.447901,0.0,0,0.0585985958,0.055975023710821074
YOYPOT_clean,6.7589,5.79486,6.7589,1.1199,967.709,864.099,0.0,0.0,0.5112,0.456468,0.0,0,0.0600789479,0.057463358423474914
YOYQAG_clean,6.86662,5.74381,6.86662,1.1179,982.695,879.053,0.0,0.0,0.5126,0.458537,0.0,0,0.0612462506,0.05862464387323336
YOYQEK_clean,6.62212,5.08469,6.62212,1.12644,928.228,824.034,0.0,0.0,0.5154,0.457546,0.0,0,0.0612851607,0.05660311135954377
YOYRAH_clean,7.09133,6.25516,7.09133,1.0672,1026.65,962.001,0.0,0.0,0.525,0.491941,0.0,0,0.0647149152,0.062375578138997405
YOYTOX_clean,5.00131,3.86562,5.00092,1.39238,1497.55,1075.53,0.0,0.0,0.5584,0.401039,0.0,1,0.0611024774,0.07109969096778958
YOYTUD_clean,4.80402,3.83038,4.80248,1.49755,1398.05,933.559,0.0,0.0,0.5346,0.356983,0.0,1,0.0569293352,0.06292489039438787
YOYVOZ01_clean,4.93942,3.90462,4.93942,1.84087,1437.78,781.033,0.0,0.0,0.5596,0.303986,0.0,1,0.0462776334,0.05031845931588876
YOZSAJ_clean,3.42886,2.98988,3.33917,1.71673,0.0,0.0,9.57975,5.58025,0.3904,0.22741,0.0,0,0.0247080378,0.013828042202710542
YOZYOD_clean,6.08705,4.94831,6.08705,1.19906,1535.33,1280.44,0.0,0.0,0.57,0.475373,0.0,1,0.0849310869,0.08366339209764236
YUBGIN_clean,5.8422,3.48658,5.82075,1.92767,1406.23,729.498,0.0,0.0,0.58,0.300882,0.0,1,0.050444332,0.051556081466071574
YUBGUZ_clean,5.8508,3.21682,5.8508,1.90744,0.0,0.0,1354.41,710.066,0.5644,0.295894,0.0,1,0.049780042,0.052737532082541984
YUDFIO_clean,7.42167,6.24399,7.42167,1.08555,1886.91,1738.2,0.0,0.0,0.6204,0.571506,0.0,1,0.1069677772,0.11017173412591594
YUFLOC_clean,6.07463,4.45798,5.9729,0.984585,2401.71,2439.31,0.0,0.0,0.6528,0.663021,0.0,1,0.1287214367,0.12962891542241986
YUGLES_clean,10.89993,6.77637,10.89993,0.718001,2324.4,3237.32,0.0,0.0,0.7434,1.03537,0.0,1,0.225788059,0.22007172877060135
YUGZIK_clean,11.91055,8.94015,11.87908,0.448758,2210.67,4926.21,0.0,0.0,0.8084,1.80142,0.0,1,0.36166062,0.3577248906587763
YUKKAR_clean,5.85992,4.34741,5.85992,1.1473,1614.58,1407.28,0.0,0.0,0.5232,0.456026,0.0,0,0.0841959781,0.08555135658162173
YULBAJ_clean,4.78019,3.27297,4.78019,1.5076,0.0,0.0,1157.76,767.95,0.5174,0.343194,0.0,0,0.0683259861,0.06153834181102241
YUNJIB_clean,3.86853,2.66075,3.85925,1.33848,0.0,0.0,164.691,123.043,0.5156,0.385212,0.0,1,0.0257477129,0.03121991418975436
YUNJUO_clean,4.39479,3.63152,4.30622,1.20023,327.056,272.493,228.818,190.645,0.4452,0.370927,0.0,0,0.0427168111,0.04045231201321403
YUNKAV_clean,4.51501,3.79299,4.16091,1.19194,612.464,513.84,0.0,0.0,0.4502,0.377705,0.0,0,0.0437364832,0.04051678397638071
YURKEC_clean,7.90101,7.08763,7.8976,1.07399,1764.62,1643.06,0.0,0.0,0.6344,0.590696,0.0,1,0.1136695026,0.10754457755735786
YURKIG_clean,6.91612,5.83867,6.83043,1.00356,2150.65,2143.01,0.0,0.0,0.6578,0.655465,0.0,1,0.1255949583,0.13095388115857592
YUSGID_clean,4.4966,3.71515,4.45873,1.44519,752.59,520.755,0.0,0.0,0.4252,0.294217,0.0,0,0.0311566724,0.03982025272470702
YUTDUO_clean,7.90649,6.23902,7.90649,1.39467,1474.83,1057.48,0.0,0.0,0.5612,0.40239,0.0,1,0.0729284367,0.07539605970819346
YUZPOA_clean,20.08724,6.66271,20.08724,0.597835,2261.64,3783.05,0.0,0.0,0.7894,1.32043,0.0,1,0.2769068737,0.2782414712162274
YUZRAO_clean,7.04018,5.00118,6.73681,1.11887,1297.93,1160.04,0.0,0.0,0.528,0.471906,0.0,1,0.0746236461,0.07883201971836806
YUZXAT_clean,5.15837,3.71285,5.1262,1.26263,639.82,506.735,0.0,0.0,0.4692,0.371605,0.0,1,0.0400619452,0.04088668040148799
ZACCUB_clean,5.33809,3.35117,5.33809,2.14234,943.989,440.635,0.0,0.0,0.4798,0.223961,0.0,1,0.0612507885,0.03688450762745171
ZACHIX_clean,13.14331,6.50331,13.13039,0.890304,2133.37,2396.22,0.0,0.0,0.7114,0.799053,0.0,1,0.1719598615,0.16947076487628468
ZAHLEC_clean,10.74057,8.40432,8.92854,0.504189,2700.75,5356.61,0.0,0.0,0.8076,1.60178,0.0,1,0.3255304323,0.3092365395811376
ZALDUO_clean,4.61661,3.56851,4.61661,1.92477,1210.48,628.894,0.0,0.0,0.514,0.267045,0.0,1,0.0344235591,0.04812293850981602
ZALREM_clean,5.87604,3.78386,5.86921,1.04183,1802.16,1729.8,0.0,0.0,0.622,0.597029,0.0,0,0.113301919,0.10665408862094486
ZARVIZ_clean,8.08211,6.49977,8.07086,1.60695,1752.25,1090.42,2.37844,1.4801,0.6066,0.377486,0.0,1,0.0727922413,0.06999711534324166
ZASTUK_clean,5.34498,3.95884,5.34498,1.23434,967.3,783.659,0.0,0.0,0.4876,0.39503,0.0,1,0.0582704881,0.051499984142615994
ZASWOF_clean,3.26494,2.79891,3.25888,3.21652,0.0,0.0,0.0,0.0,0.4932,0.153333,0.0,1,0.014877058,0.016624151585668004
ZAVPUJ_clean,5.35189,4.46399,5.34326,1.29856,1713.78,1319.75,0.0,0.0,0.5712,0.439871,0.0,1,0.0781698734,0.07861026728466904
ZAVRAR_clean,5.32227,4.57646,5.32227,1.37671,1661.66,1206.98,0.0,0.0,0.5744,0.417225,0.0,1,0.0736382235,0.07358930406847577
ZAXWAY_clean,4.52908,2.96859,4.52908,1.45523,0.0,0.0,329.284,226.277,0.4818,0.331082,0.0,0,0.0252723417,0.03450099465579248
ZEDLOL_clean,4.6264,3.66432,4.6264,1.37262,652.64,475.472,0.0,0.0,0.459,0.334398,0.0,0,0.0371325179,0.03794668801898147
ZEDZAL01_clean,5.65082,4.55391,5.6492,1.03183,1744.09,1690.29,0.0,0.0,0.599,0.580521,0.0,0,0.1117484438,0.10360230581425038
ZEDZAL_clean,5.65964,4.57272,5.65578,1.03183,1734.09,1680.59,0.0,0.0,0.6058,0.587111,0.0,0,0.1116237286,0.10245721387796732
ZEHCAQ02_clean,4.12583,2.64971,4.06091,2.02971,0.0,0.0,581.933,286.707,0.5354,0.263781,0.0,1,0.0348585979,0.037467302945391544
ZEHCAQ_clean,4.19888,2.71451,4.1726,2.02103,0.0,0.0,626.454,309.968,0.5382,0.2663,0.0,1,0.0369658889,0.04000695836246431
ZEKROY_clean,5.41315,3.12391,5.3949,1.40405,0.0,0.0,271.422,193.314,0.2978,0.212101,0.0,1,0.016139707,0.023280950079793264
ZELQAK_clean,8.24038,5.23853,8.14946,0.765451,2630.89,3437.05,0.0,0.0,0.7374,0.963354,0.0,1,0.1998540788,0.1951558792395246
ZERNOB_clean,4.35265,2.64863,4.35265,1.75217,0.0,0.0,467.23,266.657,0.3994,0.227945,0.0,1,0.0191280538,0.028619232198398542
ZETQAS_clean,4.38482,2.76215,4.38482,2.36761,0.0,0.0,121.103,51.1499,0.3662,0.154671,0.0,0,0.007947505,0.01584699382488114
ZEVXAB_clean,8.31732,6.45797,8.30908,0.729711,1924.84,2637.82,0.0,0.0,0.6412,0.878704,0.0,0,0.1602764308,0.16503285666329487
ZEZPAX_clean,4.88259,3.42627,4.87229,1.37031,946.317,690.584,0.0,0.0,0.58,0.423261,0.0,1,0.0659237838,0.05384377045305965
ZEZQAY_clean,6.85728,4.76238,6.85728,1.25559,1624.77,1294.03,0.0,0.0,0.5694,0.453492,0.0,1,0.0834315798,0.08301783357190319
ZIDBEV_clean,9.63216,5.48309,9.63216,0.807059,2178.07,2698.78,0.0,0.0,0.7352,0.910962,0.0,1,0.1455070979,0.18277027296365397
ZIJVAR_clean,3.81019,2.63372,3.81019,1.45241,0.0,0.0,47.1808,32.4844,0.3854,0.265351,0.0,1,0.0144535937,0.017803323221039752
ZIJVOF01_clean,5.27877,3.42429,5.23095,1.22527,1101.04,898.609,0.0,0.0,0.5618,0.458512,0.0,1,0.0663280056,0.06605074400140519
ZIJVOF_clean,5.29078,3.31943,5.29078,1.22582,1049.42,856.102,0.0,0.0,0.5682,0.463527,0.0,1,0.0663262839,0.062457461671184114
ZIMLAK_clean,8.81434,4.17837,8.81158,1.15604,2223.72,1923.56,0.0,0.0,0.7056,0.610357,0.0,1,0.1118613933,0.11417130580142132
ZIWLUO_clean,7.47107,4.53903,7.43631,1.09467,1585.65,1448.51,0.0,0.0,0.5836,0.533128,0.0,1,0.0873343905,0.09487811679221698
ZIYQAB_clean,4.81934,3.2861,4.80982,1.34833,0.0,0.0,942.654,699.128,0.5366,0.397974,0.0,1,0.0530499985,0.06010323389034843
ZIZTOT_clean,4.99186,3.31985,4.98584,1.90366,1020.3,535.969,0.0,0.0,0.5588,0.29354,0.0,1,0.0400815788,0.04280280991452862
ZOFZIF_clean,8.07986,5.82761,8.06722,0.702361,2633.85,3750.0,0.0,0.0,0.7174,1.02141,0.0,1,0.2230243066,0.20257914821238032
ZOFZUR_clean,12.72726,10.75924,12.72726,0.565447,2337.99,4134.76,0.0,0.0,0.7702,1.36211,0.0,1,0.2787759408,0.2815270211829162
ZOXTUD_clean,5.84263,3.22574,5.70759,1.90531,0.0,0.0,588.445,308.845,0.4264,0.223795,0.0,1,0.0286603612,0.03263004386730746
ZOXVEP_clean,5.87141,3.21635,5.85418,1.91494,0.0,0.0,638.808,333.592,0.4284,0.223715,0.0,1,0.0292361043,0.034291604684061734
ZUBFIN_clean,7.69352,3.71325,7.67785,1.11238,1215.17,1092.41,0.0,0.0,0.5518,0.496052,0.0,1,0.0838177704,0.07592166367779894
ZUDQUM_clean,5.81277,5.4291,5.81277,1.09047,1603.64,1470.59,0.0,0.0,0.5888,0.539951,0.0,0,0.1004984182,0.09608701999842996
ZUTBUN_clean,4.42995,3.86732,4.42995,2.2828,1037.92,454.67,0.0,0.0,0.4626,0.202646,0.0,0,0.0551928479,0.05176551275454815
ZUZZEB_clean,12.38418,6.8566,12.3754,0.903178,2016.22,2232.36,0.0,0.0,0.7248,0.8025,0.0,0,0.1584780252,0.16365167458868313
