filename,name,LCD,PLD,LFPD,cm3_g,ASA_m2_cm3,ASA_m2_g,NASA_m2_cm3,NASA_m2_g,AV_VF,AV_cm3_g,NAV_cm3_g,Has_OMS,Input,y_true,y_pred
ACOCUS_clean,ACOCUS_clean,24.38417,13.22222,24.38417,0.346494,1518.48,4382.42,0.0,0.0,0.8644,2.49471,0.0,1,0.159597857,0.313515152,0.31686213868749996
acscombsci.5b00188_5013797_clean,acscombsci.5b00188_5013797_clean,9.69678,6.71185,9.61668,0.664961,2272.9,3418.09,0.0,0.0,0.7302,1.09811,0.0,0,0.12897796,0.257618829,0.25575503375770803
acs.inorgchem.6b01211_ic6b01211_si_002_clean,acs.inorgchem.6b01211_ic6b01211_si_002_clean,11.28381,4.52903,11.28381,0.822811,2257.22,2743.3,0.0,0.0,0.6948,0.844422,0.0,1,0.185814382,0.367631837,0.35978003082750243
ADOBIF_clean,ADOBIF_clean,5.54781,3.82743,5.54167,1.58873,944.037,594.207,131.28,82.6315,0.4886,0.30754,0.0,1,0.091491767,0.178336636,0.17521227702249945
ANOMOG_clean,ANOMOG_clean,12.8003,5.50166,12.79961,0.784559,2116.78,2698.05,0.0,0.0,0.7198,0.917458,0.0,1,0.183327274,0.352796834,0.356080276182501
AQIXUU_clean,AQIXUU_clean,5.00071,3.74213,5.00071,2.31618,778.297,336.026,0.0,0.0,0.406,0.175289,0.0,1,0.209911306,0.382050367,0.3857961440412509
ATEZEG_clean,ATEZEG_clean,10.12518,7.5272,10.12318,0.775574,2361.78,3045.2,0.0,0.0,0.7158,0.922929,0.0,1,0.172393437,0.342189977,0.3388362522287507
BETDOV_clean,BETDOV_clean,6.15975,4.21588,6.15598,1.35335,1572.21,1161.72,0.0,0.0,0.5314,0.392656,0.0,1,0.142567899,0.280208478,0.2773059229499994
BEWVEG_clean,BEWVEG_clean,6.48201,4.71475,6.48201,1.10737,1863.88,1683.16,0.0,0.0,0.6042,0.545619,0.0,1,0.113575622,0.222179305,0.22432450806750093
BIHBEB_clean,BIHBEB_clean,18.34605,17.1599,18.34605,0.724278,1666.73,2301.23,0.0,0.0,0.776,1.07141,0.0,1,0.345581281,0.634549342,0.6213021624612479
c5ce00931f_c5ce00931f2_clean,c5ce00931f_c5ce00931f2_clean,5.29408,4.17227,5.29408,1.81161,1362.6,752.15,0.0,0.0,0.5006,0.276328,0.0,1,0.166524959,0.315782887,0.31837733663874895
c6ce00465b_c6ce00465b2_clean,c6ce00465b_c6ce00465b2_clean,7.48534,6.6993,7.48534,0.744889,2472.69,3319.54,0.0,0.0,0.7082,0.950746,0.0,0,0.269914242,0.531071919,0.5190520544899969
CASWIE_clean,CASWIE_clean,9.90767,8.8856,9.90767,1.25703,2053.39,1633.52,0.0,0.0,0.7078,0.563072,0.0,0,0.274781544,0.509932082,0.49087401906249717
CEMKOV_clean,CEMKOV_clean,6.14232,4.76606,5.27946,0.925155,1938.38,2095.19,0.0,0.0,0.617,0.666916,0.0,1,0.308640597,0.603642329,0.5900159456949998
COJMOF02_clean,COJMOF02_clean,7.77133,6.76319,7.77133,0.912847,1827.53,2002.01,0.0,0.0,0.6452,0.7068,0.0,0,0.161258001,0.317098563,0.3170869337262518
COQJOJ_clean,COQJOJ_clean,7.38214,4.96534,7.38214,1.07307,1447.07,1348.53,0.0720169,0.0671129,0.5318,0.495588,0.0,1,0.235880475,0.443825779,0.4481588558087498
COWDEZ_clean,COWDEZ_clean,8.91053,4.46746,8.91053,4.13717,1136.38,274.675,0.0,0.0,0.4164,0.100649,0.000386738,1,0.066906621,0.122731544,0.1304063069800005
CUPHIG_clean,CUPHIG_clean,11.10015,5.6209,11.10015,0.767516,2426.29,3161.23,0.0,0.0,0.7292,0.950078,0.0,1,0.193834346,0.380299937,0.3819425391587494
CUWHUZ_clean,CUWHUZ_clean,16.54325,4.10215,14.7488,0.938804,1933.37,2059.39,0.0,0.0,0.6922,0.737321,0.0,0,0.204534979,0.390251187,0.3982716820875001
DITPED_clean,DITPED_clean,7.50583,5.90159,7.4889,1.29378,1287.83,995.397,0.0,0.0,0.555,0.428975,0.0,1,0.127676002,0.254063091,0.24929714680125045
DOFTOJ_clean,DOFTOJ_clean,8.39259,6.42224,8.39259,0.858615,2621.58,3053.27,0.0,0.0,0.7534,0.87746,0.0,1,0.189338223,0.366038455,0.37425802398499974
DOJXOR_clean,DOJXOR_clean,7.78532,7.29613,7.78532,1.02283,1574.02,1538.88,0.0,0.0,0.5858,0.572722,0.0,1,0.173966262,0.339891869,0.33912521686125047
DOLWEI_clean,DOLWEI_clean,10.11442,4.05745,10.10256,0.875132,2134.94,2439.57,3.14287,3.59131,0.6764,0.772912,0.0,1,0.129911461,0.258525996,0.2576438840917705
ECEZAO_clean,ECEZAO_clean,4.94749,4.06581,4.8956,1.42755,1119.79,784.412,0.0,0.0,0.5024,0.351932,0.0,1,0.172498397,0.328585101,0.33179569226124966
EDUVII_clean,EDUVII_clean,20.32202,9.77849,20.31158,0.420228,1870.75,4451.74,0.0,0.0,0.8576,2.0408,0.0,0,0.150836918,0.301678741,0.2985251540487484
EGABAR_clean,EGABAR_clean,5.34669,4.59707,5.34669,2.32794,964.221,414.195,0.0,0.0,0.453,0.194593,0.0,0,0.151854766,0.286125578,0.2812040679050007
EHUTAE_clean,EHUTAE_clean,11.6271,4.37686,9.57037,0.725635,2073.78,2857.89,0.0,0.0,0.7062,0.973216,0.0,1,0.267074502,0.497919826,0.5105340433762469
EKEKIQ_clean,EKEKIQ_clean,7.79579,7.10452,7.79579,1.16703,1042.73,893.491,0.0,0.0,0.5546,0.475225,0.0,0,0.068820933,0.136933063,0.13600187267375036
ENCDBZ01_clean,ENCDBZ01_clean,4.96088,3.91158,4.96088,1.33226,1771.15,1329.44,0.0,0.0,0.6226,0.467327,0.0,0,0.092994269,0.186738417,0.1844674432587504
EQOCOC01_clean,EQOCOC01_clean,9.01895,5.30438,9.01895,0.963226,2097.19,2177.26,0.0,0.0,0.6844,0.710529,0.0,0,0.210633153,0.40589108,0.40549366462625036
ERANES_clean,ERANES_clean,8.79503,8.24088,8.79503,0.804109,2252.06,2800.69,5.76922,7.17468,0.711,0.884209,0.000248723,1,0.144971834,0.286199372,0.2874748802425005
ERAQAR_clean,ERAQAR_clean,7.38576,7.26835,7.38576,1.40447,1641.95,1169.09,0.0,0.0,0.6066,0.431907,0.0,0,0.261221353,0.511586589,0.49767208814999764
ESEBOV_clean,ESEBOV_clean,25.10343,17.21264,25.10343,0.432192,1480.29,3425.07,0.0,0.0,0.8414,1.94682,0.0,1,0.115984462,0.239572246,0.23185825486749892
ETIPII_clean,ETIPII_clean,4.4114,3.63269,4.34894,1.3361,794.526,594.661,72.734,54.4377,0.5232,0.391588,0.0,1,0.435964612,0.785259641,0.7731240341787536
FALRIV01_clean,FALRIV01_clean,5.68899,4.70468,5.67497,1.06479,1159.51,1088.96,0.0,0.0,0.5166,0.485167,0.0,0,0.206280304,0.400715657,0.3975571170949994
FALRIV_clean,FALRIV_clean,5.65646,4.67756,5.65646,1.06232,1172.37,1103.6,0.0,0.0,0.5212,0.490626,0.0,0,0.212867081,0.402980669,0.4100877756462502
FAYLIC_clean,FAYLIC_clean,6.73446,3.80347,6.73446,1.51633,1348.21,889.13,0.0,0.0,0.5788,0.381711,0.0,1,0.221510566,0.43400714,0.42534566052124967
FECJUT_clean,FECJUT_clean,8.20883,4.88885,8.12686,0.902793,1817.93,2013.68,0.0,0.0,0.618,0.684542,0.0,1,0.148128286,0.294016946,0.29334727522999937
FEYJID_clean,FEYJID_clean,11.05011,4.28201,11.03981,1.28763,1684.31,1308.07,60.6702,47.1178,0.6268,0.486786,0.0,1,0.118189204,0.235269839,0.23258798696875055
FEZCIX_clean,FEZCIX_clean,9.87905,6.13901,9.87905,1.05939,3096.5,2922.91,0.0,0.0,0.8222,0.776107,0.0,1,0.029006385,0.059185379,0.0584175665412497
FIHHOV_clean,FIHHOV_clean,6.48503,4.23046,4.73284,1.35341,178.981,132.245,677.871,500.863,0.475,0.350966,0.0,1,0.094184521,0.183409061,0.1816416986674998
FIHHUB_SL,FIHHUB_SL,15.61182,13.11587,15.60898,0.621293,2170.48,3493.49,0.0,0.0,0.7232,1.16402,0.0,0,0.121334902,0.238383387,0.23999681579874996
FIJFOU_clean,FIJFOU_clean,6.85299,4.5996,6.84418,1.41253,1137.63,805.384,0.0,0.0,0.4974,0.352134,0.0,1,0.119501352,0.230676872,0.23289074779999847
FIQKIB_clean,FIQKIB_clean,6.36198,4.04904,6.29401,2.05984,1001.37,486.138,2.57664,1.25089,0.4784,0.232251,0.0,1,0.080791771,0.154998862,0.15635579220374962
FISGOF_clean,FISGOF_clean,15.80637,8.55438,15.80637,0.434111,2007.26,4623.85,0.0,0.0,0.8372,1.92854,0.0,1,0.127319113,0.25790791,0.25185895401875075
FISXEM_clean,FISXEM_clean,15.69953,15.64725,15.69953,0.982352,1496.09,1522.96,0.0,0.0,0.7144,0.727234,0.0,0,0.20750333,0.402322946,0.39823254209874903
FOQNOQ01_clean,FOQNOQ01_clean,5.8632,5.042,5.82773,1.375,1086.49,790.181,181.915,132.302,0.54,0.392729,0.0,1,0.164381741,0.315644202,0.3135979131400007
FOQNOQ02_clean,FOQNOQ02_clean,5.77332,4.6821,5.75387,1.37197,1078.45,786.062,190.643,138.956,0.5392,0.393013,0.0,1,0.162797575,0.310995755,0.31140996565000056
FOQNUW_clean,FOQNUW_clean,6.24181,4.91804,6.10517,1.36057,1316.22,967.403,0.0,0.0,0.552,0.405711,0.0,1,0.157374032,0.292701388,0.30499564252500083
FUVDEH01_clean,FUVDEH01_clean,7.23867,5.86079,7.23867,1.59448,533.217,334.414,0.0,0.0,0.397,0.248984,0.0,0,0.079342725,0.149588358,0.15452607854874992
GAFGEC_clean,GAFGEC_clean,6.70517,3.42904,6.68311,1.37564,1797.55,1306.7,0.0,0.0,0.5494,0.399377,0.0,0,0.121703848,0.238907232,0.2390349924462506
GAHSEQ_clean,GAHSEQ_clean,9.12806,8.89551,9.12806,1.04861,1169.01,1114.83,0.0,0.0,0.5662,0.539955,0.0,1,0.046946517,0.094366684,0.09376583656250034
GANBIH_clean,GANBIH_clean,7.19995,5.0012,7.19632,1.06228,1292.17,1216.41,0.0,0.0,0.5366,0.505138,0.0,0,0.152066941,0.290669622,0.29511764381624994
GITSUY_clean,GITSUY_clean,12.38253,7.614,12.38253,0.866035,1866.54,2155.27,0.0,0.0,0.694,0.801354,0.0,0,0.110321318,0.218785222,0.22053034357000073
GONMUT_clean,GONMUT_clean,4.84898,3.45303,4.8484,1.575,1208.01,766.989,0.0,0.0,0.5358,0.340189,0.0,1,0.211588683,0.400258823,0.3997102019212497
GOQWOY_clean,GOQWOY_clean,8.51298,6.88549,8.50318,0.782047,2084.03,2664.84,0.0,0.0,0.7176,0.917592,0.0,0,0.125958507,0.252943817,0.2503570173374989
GUPCEA_clean,GUPCEA_clean,20.25729,7.86931,20.25729,1.05452,1329.67,1260.93,0.0,0.0,0.6494,0.615828,0.0,0,0.132655775,0.258396328,0.25949148436374947
HANKIS_clean,HANKIS_clean,10.84256,6.81027,10.84256,0.962348,2445.81,2541.5,9.90677,10.2944,0.7018,0.729258,0.0,1,0.140792063,0.271404976,0.2795413788799992
HAWGIY_clean,HAWGIY_clean,4.9936,3.76376,4.99295,1.55118,587.725,378.89,0.0,0.0,0.3948,0.254516,0.0,0,0.097884783,0.187421108,0.18883290623250013
HIWMAD_clean,HIWMAD_clean,7.70996,7.42674,7.70996,1.56246,1499.4,959.639,0.0,0.0,0.6218,0.397961,0.0,0,0.160115649,0.313162601,0.30961547383000065
HIZSEQ_clean,HIZSEQ_clean,8.45379,5.93435,8.42674,0.797325,2202.23,2762.03,0.0,0.0,0.7088,0.888973,0.0,1,0.157101226,0.308673038,0.3126851703449999
HOGJET_clean,HOGJET_clean,10.64607,6.59696,10.64607,0.792851,2302.52,2904.1,0.0,0.0,0.722,0.910637,0.0,1,0.131191056,0.258385222,0.2600513763129165
HUCSEF_clean,HUCSEF_clean,13.78845,4.39887,13.78845,0.867071,1791.92,2066.64,0.0,0.0,0.6752,0.778714,0.0,1,0.253157878,0.484853537,0.4899359424350001
HUGTOT_clean,HUGTOT_clean,8.81626,5.50482,8.81626,1.26191,1165.98,923.983,0.0,0.0,0.5748,0.455501,0.0,1,0.058687493,0.117616133,0.11624863053249994
HUHBUJ_clean,HUHBUJ_clean,5.60126,5.18977,5.60126,1.80903,559.324,309.185,0.365081,0.201811,0.4444,0.245657,0.0,1,0.043626846,0.085301316,0.0860774592637497
HUXHUF_clean,HUXHUF_clean,6.21028,4.81184,6.21028,1.07666,1642.42,1525.48,0.0,0.0,0.5898,0.547807,0.0,0,0.13561312,0.262035139,0.2666271834499987
IBAPOS_clean,IBAPOS_clean,10.42394,6.6282,10.40124,0.688725,2224.76,3230.26,0.0,0.0,0.7214,1.04744,0.0,1,0.129368629,0.254127475,0.2585924415696368
IBAQAF_clean,IBAQAF_clean,10.29518,8.20784,10.21825,0.691719,2146.79,3103.55,0.0,0.0,0.7272,1.05129,0.0,1,0.133991607,0.262488499,0.26709183888249927
ic1010083_si_002_clean,ic1010083_si_002_clean,8.73889,4.47796,8.73889,1.29976,1302.13,1001.82,0.0,0.0,0.5268,0.405305,0.0,1,0.207204055,0.385612621,0.39052744582375015
ICAREL_clean,ICAREL_clean,16.21859,9.18486,11.94903,0.616739,2046.86,3318.84,0.0,0.0,0.7336,1.18948,0.0,1,0.14067521,0.279734246,0.2794732102675008
ICIVEW_clean,ICIVEW_clean,9.81405,8.96526,9.81405,1.68894,1459.56,864.19,0.0,0.0,0.6214,0.367924,0.0,1,0.125411254,0.249017883,0.24456362452250077
IFEPUG02_clean,IFEPUG02_clean,7.03312,5.99915,7.03312,1.58114,529.815,335.085,0.0,0.0,0.3982,0.251844,0.0,0,0.068419434,0.131428081,0.1345196321524997
IFEPUG05_clean,IFEPUG05_clean,6.85642,6.11281,6.85642,1.65571,533.488,322.211,0.0,0.0,0.3698,0.223348,0.0,0,0.058328342,0.113944747,0.11290961118249987
IGUCEU_clean,IGUCEU_clean,4.52933,3.82475,4.49997,1.71915,529.35,307.913,0.0,0.0,0.4484,0.260826,0.0,0,0.045199972,0.088804853,0.0894871795475
IJENIV_clean,IJENIV_clean,10.00359,4.25651,10.00359,1.99634,628.149,314.65,0.0,0.0,0.4272,0.213991,0.0,1,0.065591255,0.121675511,0.12950643255999958
IJEXUS_clean,IJEXUS_clean,21.63198,16.25392,21.63198,0.800283,1414.75,1767.81,0.0,0.0,0.7074,0.883938,0.0,1,0.058236493,0.115834544,0.11620887794249998
IMULEH_clean,IMULEH_clean,8.24491,4.53271,8.24491,0.809297,1780.75,2200.36,0.0,0.0,0.6282,0.776229,0.0,0,0.118977783,0.237128274,0.23527705964249995
INEPEY_clean,INEPEY_clean,6.95447,5.78801,6.95447,1.44957,1129.68,779.321,87.9996,60.7072,0.5158,0.355829,0.0,1,0.212496822,0.378113296,0.39773077819624963
IWEWIS_clean,IWEWIS_clean,8.35434,5.33584,8.35252,2.50251,1589.74,635.259,0.0,0.0,0.5862,0.234245,0.0,1,0.109906486,0.213966324,0.21380906968125044
IXIKOR01_clean,IXIKOR01_clean,5.26705,3.69374,5.26705,1.61953,806.553,498.016,0.0,0.0,0.4486,0.276994,0.0,1,0.3185141,0.558302223,0.5722495576675013
IYIHUU_manual,IYIHUU_manual,11.83739,10.43961,11.83739,0.634446,2047.9,3227.86,0.0,0.0,0.7402,1.16669,0.0,1,0.133649527,0.269657267,0.264222086696249
IZUSEC_clean,IZUSEC_clean,10.20962,3.68293,10.20962,1.00333,666.649,664.439,253.612,252.771,0.5956,0.593625,0.0,0,0.234532107,0.454730673,0.43480194234874986
ja078060t-file002_clean,ja078060t-file002_clean,16.93112,9.01585,16.93112,0.615402,2165.98,3519.61,0.0,0.0,0.7858,1.27689,0.0,1,0.199531803,0.389506048,0.3820283251437497
ja101440z_si_001_clean,ja101440z_si_001_clean,5.9006,5.23774,5.9006,1.30709,1576.97,1206.47,0.0,0.0,0.571,0.436847,0.0,1,0.20021507,0.381883955,0.38360963073249954
ja102862j_si_005_clean,ja102862j_si_005_clean,16.33925,5.69725,16.33925,0.874313,1862.92,2130.72,0.0,0.0,0.7038,0.804975,0.000228751,0,0.180894955,0.357416737,0.3516196409862492
ja202154j_si_003_clean,ja202154j_si_003_clean,11.58737,3.83412,11.58737,0.92986,1525.64,1640.72,0.0,0.0,0.645,0.693653,0.0,0,0.095119545,0.18901059,0.1889114593062503
ja410368j_si_002_clean,ja410368j_si_002_clean,11.55893,3.45239,11.55893,0.94881,1479.04,1558.83,0.0,0.0,0.6372,0.671578,0.0,0,0.112332408,0.220313549,0.22134540497750063
ja507119n_si_002_clean,ja507119n_si_002_clean,15.60995,11.91932,15.59956,1.42878,1384.15,968.765,14.3512,10.0444,0.6548,0.458293,0.000139979,0,0.127776398,0.229918018,0.25043954787000033
ja5111317_ja5111317_si_003_clean,ja5111317_ja5111317_si_003_clean,31.61006,11.66371,31.57217,0.400393,1352.25,3377.31,0.0,0.0,0.8428,2.10493,0.0,0,0.168238527,0.331691547,0.32922892697874984
jacs.6b08724_ja6b08724_si_011_clean,jacs.6b08724_ja6b08724_si_011_clean,28.29641,26.81159,28.29641,0.32286,1413.52,4378.13,0.0,0.0,0.8676,2.68723,0.0,1,0.152974474,0.306009593,0.30412478196125187
jacs.6b08724_ja6b08724_si_015_clean,jacs.6b08724_ja6b08724_si_015_clean,27.74932,26.1862,27.74932,0.352885,1423.48,4033.82,0.0,0.0,0.8634,2.44669,0.0,1,0.144380899,0.294375889,0.28390930696874955
JADBEY_clean,JADBEY_clean,5.1025,4.19518,4.95899,1.35732,1188.64,875.723,0.0,0.0,0.488,0.359531,0.0,0,0.142935443,0.275917103,0.2770167769775009
JADMIN_clean,JADMIN_clean,4.66472,3.54882,4.41049,1.45894,240.443,164.807,147.508,101.107,0.4662,0.319547,0.0,1,0.192138878,0.339663219,0.35048388382124995
JOQSIT_clean,JOQSIT_clean,5.78583,3.79733,5.78464,1.35269,1551.12,1146.69,0.0,0.0,0.5566,0.411475,0.0,1,0.077040532,0.153069296,0.15209316886874918
JUTCOS_clean,JUTCOS_clean,7.04726,4.27705,7.02404,1.31095,1329.11,1013.85,0.0,0.0,0.5362,0.409016,0.0,1,0.125228911,0.24333703,0.2447237279712506
KOJZOZ_clean,KOJZOZ_clean,9.94395,7.51619,9.94395,1.17869,2115.26,1794.59,0.0,0.0,0.694,0.58879,0.0,1,0.06251614,0.123183838,0.12405035601500018
KOMJAZ_clean,KOMJAZ_clean,7.10673,4.38637,7.09455,2.18628,640.766,293.085,6.57689,3.00825,0.4462,0.204091,0.0,1,0.268457941,0.448533551,0.47019665157875123
KOVGOT_clean,KOVGOT_clean,9.14342,6.58506,9.14342,1.30232,2351.43,1805.57,0.204239,0.156827,0.6926,0.53182,0.0,1,0.042359618,0.084558573,0.08433247714499949
LABMOT_clean,LABMOT_clean,9.27177,5.60554,9.27177,1.89573,1610.12,849.338,0.0,0.0,0.6208,0.327473,0.0,1,0.085240434,0.167710131,0.16785809991375072
LABPEM_clean,LABPEM_clean,6.18341,5.05232,6.14574,2.50734,600.583,239.53,0.0,0.0,0.4104,0.163679,0.0,1,0.069355258,0.129680829,0.1368288215137498
LAWGUO_clean,LAWGUO_clean,7.18198,3.98931,7.17216,1.75912,848.078,482.104,0.0,0.0,0.4794,0.272523,0.0,1,0.057228833,0.113181109,0.1121936795137502
LAWHID_clean,LAWHID_clean,7.12473,3.80895,6.25716,1.71371,841.749,491.186,0.0,0.0,0.4802,0.280211,0.0,1,0.054597872,0.107324181,0.10630530930000014
LOSYAV_clean,LOSYAV_clean,4.55984,3.67657,4.54982,1.22852,1180.85,961.195,0.0,0.0,0.5162,0.42018,0.0,1,0.273579454,0.523621414,0.5155340681875024
LUDVAH_clean,LUDVAH_clean,5.76222,3.92954,5.75675,1.87163,1115.45,595.979,0.0,0.0,0.5392,0.288092,0.0,1,0.090739852,0.17596277,0.17595181709999902
LUTZEH_clean,LUTZEH_clean,27.97153,12.56634,27.97011,0.560816,1424.55,2540.14,0.0,0.0,0.8216,1.46501,0.0,1,0.082458938,0.165063131,0.16513304032999795
LUWNAU_clean,LUWNAU_clean,10.46973,7.87545,10.46973,0.738468,2086.61,2825.59,0.0,0.0,0.7458,1.00993,0.0,1,0.127690416,0.255177494,0.25287491175375065
MAJJUF_clean,MAJJUF_clean,9.38886,6.3118,6.70875,0.66218,2520.92,3807.0,0.0,0.0,0.7062,1.06648,0.0,1,0.110182738,0.219486296,0.221442038067501
MAVRAE_clean,MAVRAE_clean,14.86498,11.27751,14.86293,0.610418,2066.56,3385.48,11.8472,19.4083,0.781,1.27945,0.0,1,0.130419537,0.262238135,0.2598963964937478
MIPHEA_clean,MIPHEA_clean,12.05615,8.64769,12.04135,0.749529,1624.67,2167.58,0.0,0.0,0.6532,0.871481,0.0,1,0.081894171,0.161924854,0.1620116972474995
MOYMUJ_clean,MOYMUJ_clean,7.15328,5.11485,7.15328,1.11361,1124.53,1009.81,0.0,0.0,0.5304,0.476289,0.0,1,0.186350393,0.361697546,0.3586344898337498
MUKQUG_clean,MUKQUG_clean,11.37507,4.46993,11.2947,0.820023,2214.4,2700.41,0.0,0.0,0.683,0.832903,0.0,1,0.262295268,0.503852092,0.5004470787812467
NEBYOK_clean,NEBYOK_clean,5.47437,4.15922,5.45635,1.58777,611.158,384.916,0.0,0.0,0.467,0.294124,0.0,1,0.062412689,0.121021871,0.12140381775499998
NIKHAS_clean,NIKHAS_clean,5.15286,4.051,5.1389,1.29378,835.081,645.456,0.0,0.0,0.4744,0.366676,0.0,0,0.172301101,0.315890902,0.3280837260262491
NIXKIQ_clean,NIXKIQ_clean,10.7322,9.85354,10.72549,0.912018,1850.3,2028.8,0.0,0.0,0.6804,0.746038,0.0,1,0.312545828,0.593853592,0.5933590416949994
NODKIB_clean,NODKIB_clean,5.63153,3.9554,5.61978,1.17451,1015.77,864.844,0.0,0.0,0.5246,0.446654,0.0,0,0.216949979,0.413902178,0.40984126055999937
NOHQEI_clean,NOHQEI_clean,10.43188,7.39379,10.43163,0.730087,2047.09,2803.9,0.0,0.0,0.7394,1.01276,0.0,0,0.16833286,0.334746006,0.3287978466437505
NUDLEF_clean,NUDLEF_clean,8.75721,7.78778,8.74627,1.19678,1224.87,1023.47,99.9871,83.5467,0.567,0.473771,0.0,1,0.089338749,0.175442375,0.17477403851249884
NUMPAO_clean,NUMPAO_clean,7.21762,6.75917,7.21266,0.764555,2351.84,3076.09,0.0,0.0,0.7014,0.917396,0.0,1,0.109908978,0.217629355,0.21892886801125125
OCIMEV_clean,OCIMEV_clean,6.59899,4.30563,6.58855,1.02176,1307.66,1279.81,0.0,0.0,0.5182,0.507164,0.0,0,0.188552653,0.37185224,0.36376690692875013
OCIMIZ_clean,OCIMIZ_clean,6.97793,4.97983,6.96924,0.99263,1294.22,1303.83,0.0,0.0,0.5312,0.535144,0.0,0,0.145064444,0.279232827,0.2813251299024994
OCIMOF_clean,OCIMOF_clean,6.71274,4.68971,6.50439,1.02328,1271.58,1242.65,0.0,0.0,0.5194,0.507583,0.0,0,0.16973881,0.329679612,0.3266522209275
OCIMUL_clean,OCIMUL_clean,6.68572,4.74391,6.68572,1.01595,1259.83,1240.05,0.0,0.0,0.5212,0.513019,0.0,0,0.167311292,0.327589956,0.32513055657250023
OCIZAD_clean,OCIZAD_clean,5.25446,4.2672,5.25048,1.11639,1457.42,1305.47,0.0,0.0,0.522,0.467577,0.0,1,0.126383999,0.251389475,0.2482858625487511
OCUMUX_clean,OCUMUX_clean,5.1192,3.7079,5.1192,1.29581,1317.84,1017.0,0.689155,0.531833,0.5164,0.398515,0.0,1,0.098806329,0.194608249,0.19322154635249966
OCUTAI_clean,OCUTAI_clean,4.9495,3.52882,4.91814,1.71859,1100.33,640.251,0.0,0.0,0.4958,0.288493,0.0,1,0.144796111,0.278482874,0.27982694110000006
OFAMUF_clean,OFAMUF_clean,5.59939,4.02992,5.59939,1.54548,471.321,304.968,0.0,0.0,0.3828,0.247691,0.0,1,0.059972859,0.112759857,0.11569079613249945
OHAQAR_clean,OHAQAR_clean,11.81735,7.47362,11.8167,0.883951,1847.52,2090.07,63.5005,71.8371,0.6804,0.769726,0.000226257,1,0.241126486,0.447415034,0.46352683275499806
OJOSEN_clean,OJOSEN_clean,11.61043,10.79035,11.61043,0.843395,2130.49,2526.09,0.0,0.0,0.7798,0.924597,0.0,1,0.394613157,0.74243875,0.726959879625002
OJUPEQ_clean,OJUPEQ_clean,7.65722,5.34894,7.64941,1.35901,1262.34,928.863,1.71614,1.26278,0.5006,0.368355,0.00500363,1,0.15664225,0.303862002,0.2988690921812507
OMUMIU_clean,OMUMIU_clean,6.8237,5.05077,6.8237,1.16475,1401.88,1203.6,0.0,0.0,0.5646,0.484741,0.0,1,0.189225115,0.351161226,0.36297459086374984
ONEYIQ_clean,ONEYIQ_clean,21.6608,8.8003,21.6608,0.662891,1404.88,2119.33,139.38,210.261,0.7188,1.08434,0.0,1,0.089353586,0.177209189,0.17897216242499916
OPAHIY_clean,OPAHIY_clean,10.04486,7.28733,8.32739,1.10725,1597.55,1442.8,0.0,0.0,0.6074,0.548566,0.0,1,0.183543233,0.3519266,0.35819780935375056
OQUFIR_clean,OQUFIR_clean,11.25706,10.64391,11.25706,1.25158,1683.65,1345.22,0.0,0.0,0.6192,0.494733,0.000319595,1,0.142841269,0.278042891,0.27940360222250005
ORAWAH_clean,ORAWAH_clean,14.82674,6.56061,14.82548,0.863117,1932.93,2239.48,0.0,0.0,0.7068,0.818892,0.0,1,0.205213963,0.403560243,0.39900082093750006
OXAMEG_clean,OXAMEG_clean,5.69878,4.15176,5.69426,1.30487,1528.5,1171.39,0.0,0.0,0.5762,0.441578,0.0,1,0.152036782,0.294741854,0.2942098696587495
OYAKAC02_clean,OYAKAC02_clean,10.84931,8.93162,10.8375,1.42421,1898.38,1332.94,0.0,0.0,0.6618,0.464679,0.000140429,1,0.133155647,0.261454211,0.2600597678887508
OZASOZ_clean,OZASOZ_clean,12.0686,4.7874,12.0686,0.713789,1872.2,2622.9,0.0,0.0,0.6712,0.940333,0.0,1,0.152040683,0.297114243,0.2994812916900004
PARSAF_clean,PARSAF_clean,6.81897,3.63122,6.59432,1.17917,1741.83,1477.16,0.0,0.0,0.6012,0.509849,0.0,1,0.29765443,0.544907923,0.5659128975825
PARSEJ_clean,PARSEJ_clean,7.10918,3.63338,7.10142,1.23949,1731.43,1396.89,0.0,0.0,0.5994,0.483586,0.0,1,0.273199291,0.510929671,0.5172959627412488
PEQFAT_clean,PEQFAT_clean,12.28103,8.80657,12.27438,1.02563,1866.98,1820.32,0.0,0.0,0.7048,0.687184,0.0,1,0.05245192,0.103212241,0.10397633452749983
PETWUI_clean,PETWUI_clean,10.45034,5.06084,10.45034,1.57916,2084.61,1320.07,0.0,0.0,0.6474,0.409964,0.000253299,0,0.420891861,0.795505322,0.7738354180750017
PIDNOH_clean,PIDNOH_clean,4.82649,4.03563,4.70621,1.58707,809.533,510.082,0.0,0.0,0.4494,0.283164,0.0,1,0.432306998,0.759168955,0.767174724263753
POBGAQ01_clean,POBGAQ01_clean,13.29282,10.46232,13.28611,0.466279,1667.35,3575.87,0.0,0.0,0.769,1.64923,0.0,0,0.116022659,0.228220556,0.23179758054874922
PUBSEL_clean,PUBSEL_clean,11.39413,4.45603,11.39395,0.823222,2176.06,2643.34,0.0,0.0,0.6782,0.823836,0.0,1,0.2402951,0.456682679,0.46831479396374825
PUMGIP_clean,PUMGIP_clean,5.7453,3.83462,5.73601,1.16695,456.507,391.195,576.227,493.787,0.5048,0.432579,0.0,1,0.177045246,0.336731743,0.3331648394537502
PUPJER_clean,PUPJER_clean,11.34986,4.2884,11.34946,1.04067,2155.08,2070.86,0.0,0.0,0.678,0.651506,0.0,1,0.243899366,0.466471259,0.4668903533424983
QAMLEY_clean,QAMLEY_clean,11.14892,6.14756,10.82233,0.696915,2278.27,3269.08,0.0,0.0,0.7598,1.09023,0.0,0,0.153666622,0.30489568,0.3038978700100012
QAPPON_clean,QAPPON_clean,4.75518,3.45443,4.66797,1.42132,625.227,439.891,255.697,179.901,0.5156,0.362761,0.0,1,0.155063841,0.299638649,0.29747960161375187
QITHAC_clean,QITHAC_clean,10.61703,8.29235,10.61607,1.30575,1337.07,1023.99,0.278994,0.213666,0.6224,0.476662,0.0,1,0.193703349,0.372685531,0.37085429201250003
QIWHEL_clean,QIWHEL_clean,6.23289,3.57497,6.23289,1.40383,1318.74,939.391,0.0,0.0,0.5748,0.409452,0.0,1,0.160259055,0.305135626,0.30870133136750044
QUQMOG_clean,QUQMOG_clean,7.40115,5.90293,7.389,1.2714,1211.2,952.657,0.0,0.0,0.5432,0.427247,0.0,1,0.432013296,0.747301299,0.8002930193637485
REHHET_clean,REHHET_clean,8.42834,7.30081,8.42834,1.12746,2081.49,1846.18,0.0,0.0,0.6604,0.585741,0.0,1,0.217284533,0.415974909,0.42113717435749926
RESDUQ_clean,RESDUQ_clean,9.24485,8.42275,9.24485,0.921133,2004.83,2176.48,0.0,0.0,0.7082,0.768836,0.0,1,0.112510196,0.220255231,0.22222165220625076
RETVIW_clean,RETVIW_clean,4.7226,4.53264,4.7226,2.05578,528.256,256.961,0.0,0.0,0.3428,0.166749,0.0,0,0.112085021,0.207633965,0.21178627517250073
RUDPOW_clean,RUDPOW_clean,5.41076,4.66977,5.39738,2.71783,1184.38,435.783,0.0,0.0,0.5036,0.185295,0.0,1,0.043542438,0.086154776,0.08603676323499952
RUFZOJ_clean,RUFZOJ_clean,11.51038,11.00419,11.51038,0.791669,2046.48,2585.02,0.0,0.0,0.7196,0.908965,0.0,1,0.111713723,0.21943471,0.22203001076500126
SAKNOJ_clean,SAKNOJ_clean,15.48179,8.59456,15.48179,0.827341,1070.73,1294.18,649.279,784.778,0.7024,0.848985,0.0,1,0.151925908,0.305791778,0.2913609891662506
SAMYAJ_clean,SAMYAJ_clean,6.24825,4.80314,6.24825,2.02087,581.897,287.944,0.0,0.0,0.4242,0.209909,0.0,0,0.060439859,0.116294132,0.1166046906012501
SESLUZ_clean,SESLUZ_clean,5.3028,4.79056,5.23858,2.17471,1211.49,557.081,0.0,0.0,0.5374,0.247113,0.0,1,0.14081361,0.263573147,0.27296738550250216
SETTAO_clean,SETTAO_clean,13.88196,10.03543,13.88196,0.534109,2056.79,3850.88,0.0,0.0,0.786,1.47161,0.0,1,0.146395057,0.294475811,0.29275821479500036
SEZPIY_clean,SEZPIY_clean,4.97649,3.71436,4.80086,1.82817,1160.84,634.973,0.0,0.0,0.5496,0.300629,0.0,0,0.29972836,0.543166722,0.5480824519362484
SOKXIB_clean,SOKXIB_clean,11.6126,7.16546,11.6126,0.857146,1980.64,2310.74,0.0,0.0,0.706,0.823663,0.0,1,0.311890936,0.569386684,0.591049910596251
SOKXOH_clean,SOKXOH_clean,22.96741,14.74434,21.68942,0.423627,1862.02,4395.43,0.0,0.0,0.8094,1.91064,0.0,1,0.138721304,0.279042285,0.2763047034974994
SURKUN01_clean,SURKUN01_clean,8.71483,3.85255,8.71483,1.61835,1671.59,1032.9,0.0,0.0,0.581,0.359009,0.000123583,0,0.227394885,0.42665783,0.4340874816487487
TACFIN01_clean,TACFIN01_clean,4.01428,3.59259,3.98738,2.27761,410.969,180.439,0.0,0.0,0.4656,0.204425,0.0,1,0.24818478,0.456892418,0.4299974489787504
TAZLEN_clean,TAZLEN_clean,11.08754,7.14784,11.07704,1.04748,2269.71,2166.83,0.0,0.0,0.7294,0.696338,0.0,1,0.117584514,0.230339657,0.23246886051249985
TOFLIL_clean,TOFLIL_clean,6.43035,3.58774,6.40263,1.17796,1255.08,1065.47,0.0,0.0,0.5356,0.454684,0.0,1,0.152503377,0.296332216,0.29472713767125014
TOHMIO_clean,TOHMIO_clean,6.54925,4.9068,5.95185,1.44483,1653.85,1144.67,0.0,0.0,0.552,0.382052,0.0,1,0.296370476,0.544161932,0.5509448870100008
TOKLEM_clean,TOKLEM_clean,5.5043,4.02182,5.5043,1.55856,1342.35,861.273,0.0,0.0,0.542,0.347756,0.0,1,0.107060249,0.209532471,0.20898337862999847
UBACUX_clean,UBACUX_clean,7.27569,3.40268,7.27569,1.19506,1324.35,1108.19,0.0,0.0,0.5504,0.460564,0.0,1,0.098630461,0.194198771,0.1946632452449996
UDAXEF_clean,UDAXEF_clean,8.6836,5.82923,8.6836,1.53432,1708.5,1113.52,0.0,0.0,0.6396,0.416861,0.0,0,0.064842935,0.128727666,0.12819806162874917
UFEXOT_clean,UFEXOT_clean,5.24877,5.07012,5.24877,2.41392,1168.03,483.873,0.0,0.0,0.46,0.190561,0.0,1,0.077329627,0.146324917,0.15215977831749922
UGOCAW_clean,UGOCAW_clean,17.45578,5.12425,17.45578,1.074,2102.62,1957.74,0.0,0.0,0.744,0.692734,0.0,1,0.221196274,0.415400986,0.4294713273512484
ULOJUC01_clean,ULOJUC01_clean,8.43303,5.90044,8.43303,1.86665,1700.1,910.775,0.0,0.0,0.62,0.332146,0.0,1,0.079503906,0.154310797,0.15719023363250076
UMOYOM09_clean,UMOYOM09_clean,9.17279,5.31913,9.17279,0.580043,2871.76,4950.95,0.0,0.0,0.7526,1.29749,0.0,1,0.153515242,0.306057416,0.3044082042225002
UNACES01_clean,UNACES01_clean,10.38875,3.81692,9.82399,1.06757,1652.24,1547.67,0.38238,0.358178,0.625,0.585442,0.0,0,0.414018299,0.74900038,0.7749195183725017
UTULEB_clean,UTULEB_clean,5.58337,4.79072,5.5596,1.57279,1503.83,956.154,0.0,0.0,0.6132,0.38988,0.0,0,0.18828858,0.361849039,0.36239489879874986
UYAMIS_clean,UYAMIS_clean,6.90627,5.76616,6.90627,1.36836,1464.89,1070.55,0.0,0.0,0.5788,0.422989,0.0,1,0.102111948,0.200032676,0.20049049152875031
UZOBAO_clean,UZOBAO_clean,6.41483,3.88704,6.41321,1.3729,1454.01,1059.08,0.0,0.0,0.533,0.38823,0.0,1,0.22736582,0.437321273,0.4360260226712483
UZUTUG_clean,UZUTUG_clean,8.7772,5.97521,8.7772,2.03648,1722.58,845.862,0.0,0.0,0.6272,0.307983,0.0,1,0.092117639,0.180475323,0.18109989902000112
VABKER_clean,VABKER_clean,25.48776,13.70158,25.4679,0.386827,1629.94,4213.63,0.0,0.0,0.8474,2.19064,0.0,1,0.184585678,0.370879796,0.3651580269775006
VAJTEH_clean,VAJTEH_clean,4.91266,3.88473,4.86323,1.37089,793.53,578.842,0.0,0.0,0.4266,0.311184,0.0,1,0.112636918,0.221083615,0.21594161521375022
VAMYUG_clean,VAMYUG_clean,10.04314,6.94027,10.02007,0.640476,2529.62,3949.59,0.0,0.0,0.7656,1.19536,0.0,1,0.126652295,0.252224431,0.25275108820749925
VECVUW_clean,VECVUW_clean,13.25433,10.77774,13.25433,1.80334,770.078,427.028,489.233,271.292,0.5684,0.315192,0.0,1,0.082386926,0.157739143,0.1591964451699998
VELBAQ_clean,VELBAQ_clean,8.45052,7.3406,8.18626,0.767479,2121.67,2764.47,0.0,0.0,0.657,0.856049,0.0,1,0.136217432,0.268117456,0.26891392438624967
VIGDIY_clean,VIGDIY_clean,4.82892,4.12995,4.82892,1.46465,383.946,262.141,174.084,118.857,0.4494,0.30683,0.0,1,0.047879998,0.094890586,0.09455703139250024
VONDOT_clean,VONDOT_clean,5.04789,4.53537,5.04607,1.46717,1023.41,697.539,0.0,0.0,0.4992,0.340246,0.0,0,0.291234771,0.525182536,0.5339699428562477
VUHNUJ_clean,VUHNUJ_clean,8.53907,5.66104,8.53907,1.93709,1673.65,863.999,0.0,0.0,0.6264,0.323371,0.0,1,0.082724177,0.163440301,0.16374881830875038
VUKSIF_clean,VUKSIF_clean,5.75842,4.01754,5.72554,1.25557,1414.52,1126.59,0.0,0.0,0.5766,0.459233,0.0,1,0.19038739,0.363866308,0.36655828307499905
WAGQAY_clean,WAGQAY_clean,23.95302,15.31723,23.95302,0.391691,1362.13,3477.56,0.0,0.0,0.858,2.1905,0.0,1,0.135318926,0.270197824,0.2698003765825008
WANHEB_clean,WANHEB_clean,11.27878,4.48127,11.27878,0.837758,2209.49,2637.39,0.0,0.0,0.6896,0.82315,0.0,1,0.228095875,0.444302993,0.44064059311624704
WANHOL_clean,WANHOL_clean,11.33875,4.69312,11.33857,0.842421,2322.16,2756.54,0.0,0.0,0.7046,0.836399,0.0,1,0.193196031,0.372739163,0.3763625658737482
WARFAY04_clean,WARFAY04_clean,7.8465,5.35942,7.8465,1.08487,2078.82,1916.18,0.0,0.0,0.6412,0.591037,0.0,1,0.413575385,0.792423303,0.7770936572137498
WAVQIV_ion_b,WAVQIV_ion_b,9.9978,7.95845,9.98195,0.747982,2000.14,2674.04,0.0,0.0,0.7406,0.990131,0.0,0,0.069312207,0.140113863,0.1392489970687496
WAVRES_clean,WAVRES_clean,14.9385,4.22033,14.9385,1.02521,1957.71,1909.57,0.0,0.0,0.681,0.664253,0.0,1,0.232688535,0.449144014,0.4500112055250024
WAZQIZ_clean,WAZQIZ_clean,5.13597,3.56044,4.95178,1.22527,1000.27,816.366,27.2269,22.2211,0.4862,0.396809,0.0,1,0.10837757,0.212945756,0.21185851176624979
WEBJIY_clean,WEBJIY_clean,16.85961,16.29058,16.85961,0.987245,2036.71,2063.02,0.0,0.0,0.69,0.698915,0.0,1,0.184402318,0.359982427,0.35771661608625166
WEBJUK_clean,WEBJUK_clean,18.31229,16.60062,18.31229,0.879226,2151.59,2447.14,0.0,0.0,0.7156,0.813897,0.0,1,0.176659507,0.348895431,0.3431827427525001
WEXSEZ_clean,WEXSEZ_clean,10.86576,4.1334,10.86576,1.02008,1886.77,1849.62,0.0,0.0,0.6346,0.622107,0.0,1,0.200568573,0.390018967,0.3924107088124995
WOYWOY_clean,WOYWOY_clean,5.91166,4.30758,5.61164,1.12104,1432.33,1277.68,0.0,0.0,0.5304,0.473134,0.0,1,0.35380282,0.612151188,0.6511805491912496
WUDZOM_clean,WUDZOM_clean,9.28496,5.45388,9.18547,2.06825,1601.94,774.537,0.0,0.0,0.6036,0.291841,0.0,1,0.085616448,0.168024317,0.16889313784250043
XAKZEP_clean,XAKZEP_clean,11.84752,7.82774,11.74488,0.869535,1611.99,1853.86,0.0,0.0,0.6302,0.724755,0.0,1,0.134038446,0.259232454,0.26369287238125
XANMUX07_clean,XANMUX07_clean,8.08658,7.93125,8.08658,1.12874,1428.77,1265.81,0.0,0.0,0.627,0.555487,0.0,0,0.090760459,0.179748552,0.17907931572499944
XANZAQ01_clean,XANZAQ01_clean,7.80283,7.09635,7.80283,0.978047,1597.51,1633.37,0.0,0.0,0.6454,0.659886,0.0,1,0.098352949,0.193688916,0.19437804771499972
XANZAQ07_clean,XANZAQ07_clean,8.40037,8.01066,8.40037,0.935791,1631.15,1743.07,0.0,0.0,0.6708,0.716827,0.0,1,0.123660479,0.244899748,0.24473983117374967
XANZAQ_clean,XANZAQ_clean,8.11701,7.49064,8.11701,0.931625,1637.23,1757.39,0.0,0.0,0.6638,0.712518,0.0,1,0.106988441,0.208919984,0.21213784128250027
YABHIV_clean,YABHIV_clean,17.95239,10.63646,17.95239,0.600011,2087.15,3478.52,0.0,0.0,0.8014,1.33564,0.0,1,0.135229216,0.270625345,0.2697741777412508
YAGHAS_clean,YAGHAS_clean,6.63776,6.21846,6.62662,1.46892,366.493,249.498,251.846,171.449,0.4672,0.318056,0.0,1,0.142464176,0.269782725,0.2716071020149991
YAPTIT_clean,YAPTIT_clean,6.99254,5.10549,6.94978,0.718293,1959.91,2728.57,0.0,0.0,0.632,0.879864,0.0,1,0.206114514,0.403416382,0.4013979094300006
YASVUM_clean,YASVUM_clean,7.50043,5.49919,7.38492,0.881793,2738.41,3105.5,0.0,0.0,0.7254,0.822642,0.0,1,0.24429569,0.482826233,0.47655495493124705
YIWBIR_clean,YIWBIR_clean,4.82964,4.23812,4.82964,1.13369,1456.59,1284.82,0.0,0.0,0.5224,0.460795,0.0,0,0.28369211,0.528329725,0.5377075013187491
YOYCEV_clean,YOYCEV_clean,5.85347,3.65099,5.85347,0.977585,1221.28,1249.28,38.9821,39.8759,0.5474,0.559951,0.0,1,0.187189435,0.360331622,0.363521248740001
YOZBEW_clean,YOZBEW_clean,8.42176,6.43112,8.32646,0.767708,2167.11,2822.83,0.0,0.0,0.7092,0.923788,0.0,1,0.105808659,0.21176969,0.2105367770787503
YOZBIZ01_clean,YOZBIZ01_clean,8.46705,3.85629,8.46593,1.4767,1184.08,801.843,0.0,0.0,0.5176,0.350512,0.0,0,0.279529926,0.525481811,0.518264902152502
YUDDEH_clean,YUDDEH_clean,9.23238,6.19771,8.9716,0.865828,1917.28,2214.39,0.0,0.0,0.6654,0.768513,0.0,1,0.183090915,0.367160574,0.35612919004250043
ZOQSUV_clean,ZOQSUV_clean,8.97796,7.21692,8.97057,1.99998,1715.15,857.582,0.0,0.0,0.633,0.316503,0.0,1,0.077865016,0.152404938,0.1547888183175007
ZOQTAC_clean,ZOQTAC_clean,8.58967,6.28898,8.58967,2.14551,1675.17,780.777,0.0,0.0,0.6196,0.288789,0.0,1,0.084723165,0.169060005,0.16582278279000046
ZOQTIK_clean,ZOQTIK_clean,8.17476,4.78997,8.17413,2.26836,1524.97,672.282,0.0,0.0,0.581,0.256133,0.0,1,0.097040017,0.188519446,0.18522307061624985
ABAYIO_clean,ABAYIO_clean,11.39486,4.3226,11.27409,0.949126,1428.73,1505.31,409.494,431.444,0.6636,0.69917,0.0,0,0.159001173,0.300699092,0.3088731316574987
ABEXUC_clean,ABEXUC_clean,4.74458,4.0168,4.72731,1.84813,905.952,490.198,6.39745,3.46157,0.4864,0.263185,0.0,1,0.070850239,0.140123785,0.1382652663775003
ABEYIR_clean,ABEYIR_clean,4.69665,3.92183,4.69665,1.96962,879.845,446.707,3.91969,1.99007,0.464,0.235578,0.0,1,0.06820094,0.133141884,0.13339350623374982
ABIYIV_clean,ABIYIV_clean,4.33176,3.82431,4.32093,1.34661,564.007,418.836,0.0,0.0,0.4458,0.331055,0.0,0,0.067560431,0.129298099,0.13389756965624944
ABULOB_clean,ABULOB_clean,4.86958,4.16445,4.86236,1.31921,1184.81,898.121,0.0,0.0,0.5364,0.406607,0.0,0,0.449791085,0.810900231,0.8237334409450038
ACAJIZ_clean,ACAJIZ_clean,6.1865,5.74044,6.1865,1.30148,981.157,753.879,0.0,0.0,0.4824,0.370656,0.0,0,0.069963279,0.137651041,0.13801863341000042
ACOGAB_clean,ACOGAB_clean,5.20085,3.89327,4.84433,1.15458,1432.82,1240.99,0.0,0.0,0.5566,0.482082,0.0,0,0.202763951,0.385404672,0.38928937112500045
acscombsci.5b00188_3001288_clean,acscombsci.5b00188_3001288_clean,29.41365,23.60037,29.35162,0.156124,881.282,5644.76,0.0,0.0,0.9382,6.00933,0.0,0,0.161339167,0.320399757,0.3202206627125024
acscombsci.5b00188_5024922_clean,acscombsci.5b00188_5024922_clean,20.5205,15.85622,20.5205,0.295002,1403.53,4757.71,0.0,0.0,0.8866,3.00541,0.0,0,0.124249651,0.24727803,0.2459607326925002
acs.inorgchem.5b02108_ic5b02108_si_002_clean,acs.inorgchem.5b02108_ic5b02108_si_002_clean,7.194,7.0599,7.194,1.21033,1596.38,1318.96,0.0,0.0,0.591,0.488296,0.0,0,0.277505111,0.55316736,0.5309574284050008
ACUBAB_clean,ACUBAB_clean,6.48174,4.30295,6.47204,2.30944,1238.98,536.484,0.0,0.0,0.5252,0.227414,0.0,1,0.124844125,0.236824688,0.24207593897625101
ACUFEK_clean,ACUFEK_clean,15.55627,9.00897,15.55627,0.559431,2205.12,3941.72,0.0,0.0,0.787,1.40679,0.0,1,0.130319453,0.260322711,0.26088572787124853
ACUJOZ_manual,ACUJOZ_manual,11.50806,7.82539,10.51641,0.694288,2343.63,3375.59,0.0,0.0,0.739,1.0644,0.0,1,0.122667882,0.240647659,0.2457462259337495
ADATAC_clean,ADATAC_clean,26.33515,10.27637,16.37091,0.33727,1729.95,5129.28,0.0,0.0,0.871,2.5825,0.0,1,0.153358444,0.306308476,0.3045574753637523
ADAXEK_clean,ADAXEK_clean,5.76724,4.10445,5.76724,1.26343,1305.6,1033.38,0.0,0.0,0.5042,0.399073,0.0,0,0.21325579,0.409882927,0.4110314122700009
ADAXIO_clean,ADAXIO_clean,5.72682,5.00855,5.71823,1.28062,1140.41,890.52,0.0,0.0,0.4934,0.385283,0.0,0,0.160129062,0.306840681,0.3077046363875009
AFENEE_clean,AFENEE_clean,4.49346,3.41581,4.45719,1.24906,796.3,637.522,0.0,0.0,0.4856,0.388774,0.0,1,0.109721985,0.218419588,0.21352323140999918
AFOVEX_clean,AFOVEX_clean,8.81515,6.86051,8.81515,1.02206,1673.56,1637.43,0.0,0.0,0.619,0.605638,0.0,0,0.155080315,0.301110133,0.3027052003437488
AFOYEB_clean,AFOYEB_clean,5.92566,5.81418,5.92369,1.68224,585.772,348.21,0.0,0.0,0.4054,0.240988,0.0,0,0.052092321,0.099464313,0.10121836647624985
AGARUW_clean,AGARUW_clean,6.77693,6.25183,6.7733,1.77195,1346.33,759.804,0.0,0.0,0.5056,0.285336,0.0,0,0.064444133,0.125806712,0.12695979200374988
AGOFEJ_clean,AGOFEJ_clean,12.6138,8.71559,12.59801,0.583675,1959.85,3357.77,0.0,0.0,0.767,1.31409,0.0,1,0.107939541,0.21956026,0.21407454460624986
AHOKOX_clean,AHOKOX_clean,4.49188,3.54288,4.49188,1.73966,1360.22,781.89,0.0,0.0,0.5116,0.29408,0.0,1,0.113976573,0.226008518,0.2225558607675
AJAKON_clean,AJAKON_clean,5.2765,4.32303,5.27104,1.36723,1066.44,780.005,8.76449,6.41042,0.5024,0.367459,0.0,1,0.114209096,0.219557704,0.22096917921624964
AKOHEO_clean,AKOHEO_clean,5.56086,3.46237,5.08522,2.37535,1051.21,442.55,0.0,0.0,0.4804,0.202244,0.0,1,0.040053128,0.079783415,0.07882551425125017
ALANAD_clean,ALANAD_clean,8.58065,5.8094,8.54388,0.697286,2813.81,4035.37,0.0,0.0,0.7542,1.08162,0.0,1,0.155152009,0.312226977,0.30709330696750003
ALIBUT_clean,ALIBUT_clean,13.10382,3.67767,13.10382,1.322,940.809,711.658,184.278,139.394,0.5642,0.426778,0.0,0,0.064484547,0.124185208,0.12697384396249967
ALICAA_clean,ALICAA_clean,12.98786,3.46699,12.98786,1.43218,894.164,624.337,203.647,142.194,0.5692,0.397436,0.0,0,0.053976284,0.106399675,0.10634646743750005
ALIXUP_clean,ALIXUP_clean,6.38387,5.75713,6.38387,1.33865,1367.26,1021.37,0.0,0.0,0.5492,0.410264,0.0,1,0.029659874,0.059760926,0.05931640156000004
ALURIJ_clean,ALURIJ_clean,6.87946,3.53974,6.12375,1.07753,1201.6,1115.15,0.0,0.0,0.5294,0.49131,0.0,0,0.129629674,0.2525392,0.25372045737125004
AMOYOR_clean,AMOYOR_clean,4.82905,4.48972,4.82035,1.16972,759.125,648.979,0.0,0.0,0.4596,0.392914,0.0,0,0.133686721,0.256973928,0.2573025039012493
ANEHEI_clean,ANEHEI_clean,6.80985,3.50032,6.5431,1.23995,1316.98,1062.12,0.0,0.0,0.5484,0.442274,0.0,1,0.132441282,0.255036226,0.2575388245537499
ANOMUM_clean,ANOMUM_clean,7.28969,4.98752,7.24267,0.833729,2493.01,2990.19,0.0,0.0,0.6952,0.833844,0.0,1,0.176855443,0.350406587,0.34581246247249964
AQEQES_clean,AQEQES_clean,5.6853,5.37606,5.64875,1.07587,1742.46,1619.58,0.0,0.0,0.6052,0.56252,0.0,0,0.167016298,0.332270935,0.3278456173400016
AQIQAU_clean,AQIQAU_clean,7.60741,6.30843,7.59214,0.861714,1966.86,2282.5,0.0,0.0,0.658,0.763595,0.0,1,0.133069623,0.261313131,0.2622094001537507
AQOLID_clean,AQOLID_clean,15.46142,7.44821,15.40352,1.15975,1222.53,1054.13,396.899,342.228,0.6494,0.559948,0.0,1,0.137920927,0.271900172,0.26945728215125014
AQOLUP_clean,AQOLUP_clean,15.5822,9.65924,15.5822,0.788284,1287.18,1632.89,417.804,530.017,0.712,0.903228,0.0,1,0.160292793,0.31592411,0.3119779892224998
AQOMEA_clean,AQOMEA_clean,15.83521,9.82464,15.8304,0.749306,1274.9,1701.44,431.482,575.842,0.7222,0.963826,0.0,1,0.148693881,0.29383429,0.28854988076500104
AQUCOF_clean,AQUCOF_clean,9.38154,5.59471,9.38154,1.04219,1955.75,1876.59,0.0,0.0,0.6824,0.654777,0.0,1,0.08160895,0.161190426,0.16222159116500062
ARINUL_clean,ARINUL_clean,4.74057,3.91438,4.73173,1.12547,612.424,544.15,0.0,0.0,0.4952,0.439995,0.0,0,0.111420014,0.211740117,0.2165343342725007
AROFAP_clean,AROFAP_clean,6.18036,4.30595,6.18036,1.16997,1430.3,1222.5,0.0,0.0,0.575,0.491464,0.0,1,0.23899494,0.461317954,0.4602399425525001
ARUYUH_clean,ARUYUH_clean,4.6223,3.84632,4.60163,1.67938,1300.59,774.446,0.0,0.0,0.5928,0.352987,0.0,0,0.184088792,0.355563054,0.35403573160125
ASACON_clean,ASACON_clean,6.42024,5.0837,6.41252,1.7783,988.209,555.703,0.0,0.0,0.4528,0.254625,0.0,1,0.122880267,0.233301799,0.23530260968124989
ASOVEL_clean,ASOVEL_clean,5.72633,5.3133,5.71091,1.03379,949.896,918.849,0.0,0.0,0.495,0.478821,0.0,1,0.119054306,0.229924581,0.23289868764874888
ATAYEB_clean,ATAYEB_clean,10.54748,5.75428,10.54661,0.825883,2349.73,2845.11,0.0,0.0,0.7048,0.853389,0.0,1,0.162384615,0.326946063,0.32089408266375036
ATEYUV_clean,ATEYUV_clean,10.25531,8.1108,10.25531,0.751133,2430.54,3235.83,0.0,0.0,0.7324,0.975061,0.0,1,0.173648512,0.341609348,0.34124108159749944
AVELUJ_clean,AVELUJ_clean,8.10638,4.88927,8.10638,0.902679,1696.47,1879.38,0.0,0.0,0.605,0.670227,0.0,1,0.10259701,0.209890097,0.20359646778624918
AVEQID_clean,AVEQID_clean,7.54994,6.22752,7.22874,0.801255,2259.4,2819.83,0.0,0.0,0.702,0.876126,0.0,1,0.163329969,0.324312482,0.3219167014175
AVIMUO_clean,AVIMUO_clean,5.70679,3.6399,5.68672,1.24095,795.076,640.701,0.0545715,0.0439757,0.4934,0.397599,0.0,1,0.127343795,0.245376883,0.24364086318500008
AWASEY_clean,AWASEY_clean,12.05091,7.26209,12.03698,1.15771,1906.22,1646.54,0.0,0.0,0.7186,0.620707,0.0,1,0.044737984,0.08850419,0.08932494934124906
AWAWUR_clean,AWAWUR_clean,9.42427,4.27216,9.42427,0.982453,1582.3,1610.56,0.0,0.0,0.6066,0.617434,0.0,1,0.134208262,0.259734391,0.2630709003812498
AWEJIW_clean,AWEJIW_clean,10.88001,10.50387,10.88001,1.19375,1315.8,1102.24,0.0,0.0,0.6004,0.502953,0.0,1,0.13019241,0.244855317,0.25519554369374925
AWEVIJ_clean,AWEVIJ_clean,10.6197,8.65931,10.61387,0.747212,1607.37,2151.16,0.0,0.0,0.6408,0.857588,0.0,1,0.148194693,0.287671209,0.2908568247175005
AWEZOS01_clean,AWEZOS01_clean,5.84706,3.42755,5.84706,1.53516,287.064,186.993,30.7793,20.0495,0.4222,0.27502,0.0,1,0.03122715,0.059696772,0.05872932113749974
AXAFAG_clean,AXAFAG_clean,6.59817,6.13172,6.59498,2.82524,1689.3,597.93,0.0,0.0,0.606,0.214495,0.0,1,0.033238885,0.065252809,0.06635455898875028
AXINAX01_clean,AXINAX01_clean,19.47488,13.27772,19.47462,0.402001,1509.07,3753.89,0.0,0.0,0.8346,2.07611,0.0,1,0.133936063,0.266170036,0.266576549028751
AXIPEE03_clean,AXIPEE03_clean,6.5428,4.0805,6.53621,1.61298,1706.94,1058.25,0.0,0.0,0.59,0.365782,0.0,1,0.079595641,0.153766874,0.1584595881512498
AZAVOO_clean,AZAVOO_clean,5.27678,3.99297,4.86471,1.01321,1059.99,1046.17,0.0,0.0,0.5368,0.529802,0.0,1,0.267972097,0.507374238,0.5081753026312488
AZEBUE_clean,AZEBUE_clean,5.44142,4.51467,5.32983,1.81828,1092.81,601.015,0.0,0.0,0.5076,0.279165,0.0,1,0.170400253,0.320044992,0.3239713382850001
AZIVAI_clean,AZIVAI_clean,7.0547,5.80911,7.0547,0.682418,2610.44,3825.28,0.0,0.0,0.715,1.04774,0.0,1,0.167593097,0.333970533,0.33193706309749876
AZIXUD_clean,AZIXUD_clean,5.99991,4.88169,5.99991,1.10463,1885.15,1706.59,0.0,0.0,0.6184,0.559825,0.0,1,0.163179919,0.319543189,0.3198797537937494
BAKJEE_clean,BAKJEE_clean,6.44764,5.41267,6.44764,0.918977,2207.44,2402.06,0.0,0.0,0.6406,0.69708,0.0,1,0.181352092,0.350657428,0.3547085556962504
BAMKIM_clean,BAMKIM_clean,6.79615,5.75134,6.79615,1.10764,1482.92,1338.8,0.0,0.0,0.5666,0.511536,0.0,1,0.066653901,0.134166023,0.13230528530499966
BAMKOS_clean,BAMKOS_clean,6.76349,5.81846,6.76349,1.11335,1511.81,1357.89,0.0,0.0,0.5736,0.515203,0.0,1,0.071405731,0.142639819,0.14178438742749955
BAWRUO_clean,BAWRUO_clean,7.29901,5.68693,7.29887,2.71918,1447.8,532.44,20.7388,7.62687,0.5782,0.212638,0.0,1,0.045287176,0.090460465,0.08973011051375021
BAXSIE_clean,BAXSIE_clean,5.31376,5.06628,5.30265,1.49933,912.911,608.879,0.0,0.0,0.437,0.291463,0.0,1,0.140256266,0.268260963,0.2688311825287494
BAZFUF_clean,BAZFUF_clean,20.24597,8.58384,20.24597,0.340053,1825.41,5368.02,0.0,0.0,0.8648,2.54313,0.0,1,0.134465371,0.267706,0.26843687123125065
BEDYEQ_clean,BEDYEQ_clean,33.05863,31.49051,33.05863,0.462445,1416.09,3062.18,0.0,0.0,0.8292,1.79308,0.000432484,1,0.12775729,0.256036403,0.25313480347374984
BEJZAS_clean,BEJZAS_clean,4.75514,3.65279,4.718,1.35569,1756.76,1295.84,0.0,0.0,0.628,0.463233,0.0,0,0.141468051,0.284905315,0.27375393288375205
BELTUJ_clean,BELTUJ_clean,5.64744,4.1969,5.5822,1.08566,1393.43,1283.49,0.0,0.0,0.5582,0.51416,0.0,1,0.169348805,0.322663304,0.32829786308375214
BENXUP_clean,BENXUP_clean,4.10218,3.42336,4.09595,1.4733,653.043,443.252,0.0,0.0,0.4814,0.32675,0.0,1,0.138185123,0.269540591,0.2672798268362501
BEPNOB_clean,BEPNOB_clean,10.36311,10.23127,10.36311,0.890303,1334.01,1498.37,0.0,0.0,0.6478,0.727618,0.0,1,0.05661674,0.111446034,0.11422316432250032
BEPPOD_clean,BEPPOD_clean,10.03622,9.89092,10.03622,0.960732,1283.35,1335.81,0.0,0.0,0.613,0.638055,0.0,1,0.053574309,0.107025911,0.1066082614487502
BEPREV02_clean,BEPREV02_clean,7.19383,5.44633,7.19383,0.766283,2502.2,3265.37,0.0,0.0,0.6548,0.854514,0.0,0,0.234432591,0.462348502,0.4585063597475036
BEPREV03_clean,BEPREV03_clean,6.75186,5.16957,6.7451,0.798706,2519.19,3154.09,0.0,0.0,0.64,0.801296,0.0,0,0.259747505,0.507888118,0.5033279098437474
BEPVOJ01_clean,BEPVOJ01_clean,5.12362,3.97858,5.12362,1.3287,794.481,597.937,0.0,0.0,0.5126,0.38579,0.0,1,0.076526708,0.14848184,0.1489250346562502
BETDUB_clean,BETDUB_clean,6.03659,3.7841,6.03659,1.16905,1945.06,1663.8,0.0,0.0,0.6102,0.521964,0.0,1,0.171682393,0.337255004,0.33435875922625036
BETFUD_clean,BETFUD_clean,6.14614,4.2626,6.11668,1.06295,2329.37,2191.42,0.0,0.0,0.6258,0.58874,0.0,1,0.178604805,0.348670034,0.34825414866374893
BEVWAB_clean,BEVWAB_clean,10.82145,10.4749,10.82145,1.13595,1606.82,1414.52,0.0,0.0,0.6172,0.543335,0.0,1,0.161090179,0.311315482,0.3124852843487492
BEXQIF_clean,BEXQIF_clean,8.04962,5.28644,8.01765,0.683962,2466.36,3605.99,0.0,0.0,0.7172,1.0486,0.0,0,0.093549886,0.184659357,0.18578671962249943
BEXQUR_clean,BEXQUR_clean,8.07729,5.36514,8.07375,0.705667,2478.07,3511.67,0.0,0.0,0.72,1.02031,0.0,0,0.082583177,0.163823801,0.16417686211749902
BEXREC_clean,BEXREC_clean,8.13134,5.54983,8.13134,0.665352,2617.27,3933.67,0.0,0.0,0.7388,1.11039,0.0,0,0.083869711,0.169122257,0.16646579390999963
BEXRIG_clean,BEXRIG_clean,8.16514,5.60091,8.16514,0.67222,2617.75,3894.19,0.0,0.0,0.7394,1.09994,0.0,0,0.085067506,0.16874176,0.16905215541000002
BEXSAA_clean,BEXSAA_clean,6.21678,4.72062,6.15067,0.992771,1456.96,1467.57,0.0,0.0,0.5884,0.592684,0.0,1,0.108403489,0.214809265,0.21429930050874962
BIFKEI_clean,BIFKEI_clean,5.92703,4.3432,5.92703,1.02128,2025.04,1982.84,0.0,0.0,0.6088,0.596113,0.0,1,0.168898703,0.333005273,0.33059101235500066
BIJDUV_clean,BIJDUV_clean,8.61386,5.69718,8.42708,0.896671,1704.44,1900.85,0.0,0.0,0.6122,0.682747,0.0,1,0.103333273,0.206929552,0.2051568187049992
BIPLIX_clean,BIPLIX_clean,7.36646,5.75458,7.16866,1.07595,1632.15,1516.94,0.0,0.0,0.6014,0.558949,0.0,1,0.079455224,0.158904445,0.1590194859562501
BIYSUZ_clean,BIYSUZ_clean,8.31867,7.50799,8.23674,1.3283,1507.88,1135.19,0.0,0.0,0.5826,0.438604,0.0,1,0.06664345,0.131231514,0.1312095857824992
BIYTOU_clean,BIYTOU_clean,7.95789,5.70379,7.949,1.02105,1875.01,1836.36,0.0,0.0,0.6212,0.608393,0.0,1,0.123440608,0.248770592,0.24466962038749937
BIZLUT_clean,BIZLUT_clean,8.11197,6.3971,8.1065,0.849879,2006.01,2360.34,0.0,0.0,0.6572,0.773287,0.0,0,0.153000811,0.297550899,0.300925488220001
BIZMII_clean,BIZMII_clean,8.09188,6.36998,8.09188,0.865187,2004.99,2317.41,0.0,0.0,0.6566,0.758911,0.0,0,0.151714494,0.299278134,0.2980514770425003
BOPHIZ_clean,BOPHIZ_clean,6.90751,5.24121,6.77761,1.23618,1521.62,1230.9,0.0,0.0,0.572,0.462715,0.0,1,0.165578332,0.323906044,0.3220740557249997
BUCSEY_clean,BUCSEY_clean,4.71556,3.52125,4.69979,1.38457,757.197,546.884,0.91517,0.66098,0.4988,0.360257,0.0,1,0.130025987,0.250956533,0.2525725097825003
BUGSOM_clean,BUGSOM_clean,4.69508,4.16375,4.68969,1.65941,1093.22,658.798,0.0,0.0,0.5332,0.321319,0.0,1,0.046440067,0.092157413,0.09199349076749977
BUNLAZ_clean,BUNLAZ_clean,38.39638,36.09316,38.39638,0.330751,1417.57,4285.91,0.0,0.0,0.8776,2.65335,0.0,1,0.139606334,0.276399754,0.27733664419625
BUSNAF_clean,BUSNAF_clean,7.07895,5.43293,7.07895,1.23597,749.429,606.348,0.0,0.0,0.4656,0.376708,0.0,0,0.055288477,0.108921767,0.10963259158374974
BUVYIB_clean,BUVYIB_clean,10.88811,8.55613,10.38381,0.702067,2220.12,3162.26,0.0,0.0,0.6958,0.991073,0.0,0,0.210369531,0.419734103,0.40620467712125097
c5ce02194d_c5ce02194d2_clean,c5ce02194d_c5ce02194d2_clean,6.92785,5.95944,6.79754,0.95198,1569.85,1649.04,0.0,0.0,0.5884,0.61808,0.0,1,0.16441073,0.319281181,0.32124492622125045
c5gc02393a_c5gc02393a2_clean,c5gc02393a_c5gc02393a2_clean,5.4044,4.48945,5.38726,1.33709,1164.94,871.248,14.4818,10.8309,0.513,0.383669,0.0,1,0.126479332,0.246058743,0.24631389219500222
c5ta04989j_c5ta04989j2_clean,c5ta04989j_c5ta04989j2_clean,7.09855,5.91102,7.08643,1.4765,1374.61,930.993,0.0,0.0,0.5276,0.357332,0.0,1,0.123655056,0.244225309,0.24310029871125072
c6cc00862c_c6cc00862c2_clean,c6cc00862c_c6cc00862c2_clean,8.00553,6.19741,8.00553,0.932782,1633.12,1750.81,0.0,0.0,0.6212,0.665964,0.0,1,0.177838232,0.345431421,0.3508054023487503
c6cc02494g_c6cc02494g4_clean,c6cc02494g_c6cc02494g4_clean,11.99779,10.81941,11.9905,1.02929,1587.08,1541.92,0.0,0.0,0.6598,0.641025,0.0,1,0.089128673,0.175614736,0.17795597444625005
CAJWIV_ion_b,CAJWIV_ion_b,6.19996,3.79741,6.11559,1.07892,1261.13,1168.88,0.0,0.0,0.546,0.50606,0.0,1,0.179956299,0.35713396,0.3471239315037497
CANRIU_clean,CANRIU_clean,6.98874,4.43531,6.97328,0.861557,1846.01,2142.64,0.0,0.0,0.6044,0.70152,0.0,1,0.201860845,0.388789565,0.3945699279862502
CASTEW_clean,CASTEW_clean,6.08438,5.45003,6.05599,1.74666,1447.28,828.595,0.0,0.0,0.5044,0.288779,0.0,0,0.290338034,0.531737257,0.5293776916299996
CAVMOD_clean,CAVMOD_clean,10.28847,9.36955,10.28847,0.959454,1312.84,1368.32,0.0,0.0,0.585,0.609722,0.0,1,0.119186471,0.224927703,0.2352378802674996
CAVPIA_manual,CAVPIA_manual,19.92035,7.75151,19.86628,0.416148,1969.69,4733.15,0.0,0.0,0.8146,1.95748,0.0,0,0.124951728,0.25092605,0.24895654949250035
CAVPUM_manual,CAVPUM_manual,20.42812,7.78019,20.42812,0.407456,1942.56,4767.53,0.0,0.0,0.8202,2.01298,0.0,1,0.129969648,0.262357526,0.26150351106999886
CAVVUS_clean,CAVVUS_clean,8.70352,6.17686,8.67533,1.10684,1589.76,1436.3,0.0,0.0,0.6378,0.576233,0.0,1,0.145015711,0.286691616,0.28476604438000075
CAXWAB_clean,CAXWAB_clean,11.47981,10.7455,11.47981,1.14506,1582.63,1382.13,0.0,0.0,0.6306,0.550713,0.0,1,0.105018123,0.212240021,0.207165544278751
CAXWEF_clean,CAXWEF_clean,11.4766,10.80771,11.4766,1.14451,1589.9,1389.16,0.0,0.0,0.6324,0.552552,0.0,1,0.106333484,0.210030797,0.21115434041374978
CAXWIJ_clean,CAXWIJ_clean,11.51419,10.74209,11.51419,1.143,1585.27,1386.93,0.0,0.0,0.6362,0.556603,0.0,1,0.105730308,0.21314842,0.20874944763750036
CAXXEG_clean,CAXXEG_clean,6.07325,3.85926,6.03932,1.21319,1423.03,1172.97,0.0,0.0,0.5422,0.446922,0.0,0,0.116353628,0.226229604,0.22736960606499956
CAXZUY_clean,CAXZUY_clean,9.32301,5.43687,8.01925,0.950981,1467.16,1542.78,0.0,0.0,0.579,0.608845,0.0,0,0.183578409,0.366504473,0.35508520491499995
CAYSOK_clean,CAYSOK_clean,7.10061,5.08651,7.10061,1.15597,734.4,635.313,0.0,0.0,0.476,0.411777,0.0,0,0.036626241,0.072034433,0.07295198317875047
CAZNEY_clean,CAZNEY_clean,6.26427,5.09264,6.24536,0.832059,2251.27,2705.66,0.0,0.0,0.6506,0.781916,0.0,1,0.159119248,0.315816321,0.3109672799324989
CEJBEA_clean,CEJBEA_clean,7.33038,5.85474,7.33038,1.57516,776.239,492.799,0.0,0.0,0.4492,0.285177,0.0,0,0.036103856,0.073183427,0.07167375835000062
CEJCAW_clean,CEJCAW_clean,5.5108,4.81672,5.5108,1.18356,1317.21,1112.92,29.3634,24.8094,0.5646,0.477037,0.0,1,0.093116555,0.18665209,0.18427856484750002
CEKROB_clean,CEKROB_clean,5.35179,3.54558,5.35179,1.20403,773.46,642.39,0.0,0.0,0.4936,0.409955,0.0,0,0.097462343,0.187031541,0.18767932213375008
CELZEA_clean,CELZEA_clean,5.3255,4.52273,5.32364,1.62985,1218.16,747.41,0.0,0.0,0.5184,0.318067,0.0,1,0.086895704,0.174101941,0.17021078917499938
CENJIQ_clean,CENJIQ_clean,8.5056,4.03981,8.49212,1.2776,1268.59,992.946,62.8816,49.2184,0.584,0.457106,0.0,1,0.072283984,0.146409498,0.14431888436624962
CETFUD_clean,CETFUD_clean,4.78644,4.1075,4.78644,1.42835,1079.17,755.535,0.0,0.0,0.4914,0.344034,0.0,1,0.125146739,0.244597715,0.24287622861500108
CEXHET_clean,CEXHET_clean,5.56032,3.64308,4.81937,1.07672,1426.07,1324.45,4.06218,3.77273,0.5636,0.523441,0.0,1,0.12846497,0.248434509,0.2538391363612509
cg200606r_si_001_clean,cg200606r_si_001_clean,4.89412,3.61697,4.88387,1.24739,1030.7,826.282,0.0,0.0,0.5586,0.447815,0.0,1,0.421527627,0.752783167,0.759714243257506
cg300302n_si_004_clean,cg300302n_si_004_clean,4.26728,3.40774,4.26728,1.22723,425.532,346.741,0.0,0.0,0.4466,0.363908,0.0,0,0.043861818,0.088255547,0.08582807768249957
cg400449c_si_001_clean,cg400449c_si_001_clean,12.65792,7.41339,12.43712,0.667569,2346.54,3515.05,0.0,0.0,0.7554,1.13157,0.0,1,0.152953215,0.302029573,0.3038843197300022
cg401858s_si_002_clean,cg401858s_si_002_clean,5.76822,4.62513,5.72988,1.11065,1442.06,1298.4,0.0,0.0,0.5672,0.510693,0.0,1,0.120760642,0.235979751,0.23701353233875033
cg500033b_si_003_clean,cg500033b_si_003_clean,4.83661,3.74279,4.83563,1.15821,667.849,576.623,201.392,173.883,0.5058,0.436709,0.0,0,0.224886645,0.412183469,0.4226964385712503
cg500149s_si_002_clean,cg500149s_si_002_clean,5.58191,4.61814,5.576,1.28231,662.205,516.417,0.0,0.0,0.4432,0.345627,0.0,0,0.05747522,0.111980102,0.11273086086250016
cg501141m_si_002_clean,cg501141m_si_002_clean,7.16379,4.82619,7.11311,0.994067,1469.53,1478.3,195.255,196.42,0.5926,0.596137,0.0,1,0.199264122,0.382138995,0.3809510190437516
cg501560z_si_003_clean,cg501560z_si_003_clean,10.58889,8.21137,10.57587,0.621509,2301.94,3703.79,0.0,0.0,0.8104,1.30392,0.0,1,0.063314296,0.126952891,0.12531089017625027
cg900153m_si_001_clean,cg900153m_si_001_clean,16.94263,7.25585,10.11151,0.592421,2320.63,3917.2,0.0,0.0,0.7834,1.32237,0.0,1,0.133458454,0.264369296,0.2652858294837492
CIFJAE_clean,CIFJAE_clean,5.80851,5.16856,5.80851,1.17303,1403.54,1196.51,0.0,0.0,0.544,0.463755,0.0,1,0.198302815,0.3837367,0.38043953232125005
CIFMIP_clean,CIFMIP_clean,7.90061,6.44934,7.90061,1.08801,1993.5,1832.24,0.0,0.0,0.6246,0.574075,0.0,1,0.122304822,0.242730005,0.2425442397512499
CIPCUB_clean,CIPCUB_clean,4.79005,3.99723,4.76699,1.72886,1140.31,659.571,0.0,0.0,0.5,0.289207,0.0,1,0.1446485,0.280086224,0.27964012011750095
CISXEJ_clean,CISXEJ_clean,8.40281,5.25443,8.32688,0.998279,1037.93,1039.71,82.5858,82.7282,0.5322,0.533117,0.0,1,0.164335813,0.318427641,0.31837929646749985
CIXBUH_clean,CIXBUH_clean,8.16009,7.52386,8.14429,1.22695,2058.62,1677.84,0.0,0.0,0.6684,0.544765,0.0,0,0.093382692,0.18860868,0.1856933003074995
CIXCAO_clean,CIXCAO_clean,8.41278,7.79803,8.41278,1.20596,2061.81,1709.68,0.0,0.0,0.6754,0.560051,0.0,0,0.094498544,0.184915504,0.18763690522874904
CIZMIJ_clean,CIZMIJ_clean,6.80411,4.91458,6.62402,0.777083,2425.06,3120.72,0.0,0.0,0.6814,0.876869,0.0,1,0.206068178,0.405743785,0.4033414033262517
cm1008587_si_003_clean,cm1008587_si_003_clean,6.03686,5.8505,6.03686,1.12119,1527.32,1362.24,0.0,0.0,0.5816,0.518737,0.0,0,0.161324547,0.313033521,0.31682483153124896
cm301726k_si_004_clean,cm301726k_si_004_clean,7.25727,6.70407,7.25727,1.2275,1056.33,860.551,0.0,0.0,0.4792,0.390387,0.0,1,0.141609804,0.276983491,0.27393215480625044
cm501138g_si_005_clean,cm501138g_si_005_clean,13.193,6.5701,13.193,0.888496,2142.98,2411.92,0.0,0.0,0.7196,0.809908,0.0,1,0.169268803,0.323208947,0.32593225264499937
cm501138g_si_006_clean,cm501138g_si_006_clean,13.20287,6.64275,13.20287,0.881027,2105.19,2389.47,0.0,0.0,0.7198,0.817001,0.0,1,0.160542782,0.313824212,0.30996362228874924
cm501138g_si_008_clean,cm501138g_si_008_clean,13.18132,6.60546,13.18132,0.885001,2136.53,2414.16,0.0,0.0,0.72,0.813558,0.0,1,0.164203165,0.322271249,0.3148671617862495
cm501138g_si_012_clean,cm501138g_si_012_clean,13.22876,6.69209,13.22876,0.883303,2102.85,2380.67,0.0,0.0,0.72,0.815122,0.0,1,0.16125316,0.310745047,0.31057682973874967
cm503311x_alf100K_clean,cm503311x_alf100K_clean,7.0434,6.64625,7.0434,0.965639,1593.91,1650.63,0.0,0.0,0.608,0.629635,0.0,0,0.179014442,0.354302281,0.3511754332537499
cm503311x_alf125K_clean,cm503311x_alf125K_clean,7.14687,6.82418,7.14687,0.9646,1570.17,1627.8,0.0,0.0,0.6102,0.632594,0.0,0,0.176883222,0.353103217,0.34755062848874707
cm503311x_alf225K_clean,cm503311x_alf225K_clean,7.37407,7.1534,7.3737,0.963767,1557.96,1616.53,0.0,0.0,0.6114,0.634385,0.0,0,0.179760572,0.353060754,0.3551022598274979
cm503311x_alf275K_clean,cm503311x_alf275K_clean,7.36182,7.1382,7.36181,0.964358,1561.39,1619.1,0.0,0.0,0.612,0.634619,0.0,0,0.180581516,0.362810988,0.3527709023987528
cm503311x_alf40K_clean,cm503311x_alf40K_clean,7.05984,6.6215,7.05984,0.967154,1574.94,1628.43,0.0,0.0,0.6042,0.62472,0.0,0,0.175682135,0.345362883,0.34421410268125063
cm503311x_alf425K_clean,cm503311x_alf425K_clean,7.36621,7.1125,7.36621,0.965299,1563.1,1619.29,0.0,0.0,0.6096,0.631514,0.0,0,0.176972191,0.345372993,0.3433575843112493
cm503311x_aloh175K_clean,cm503311x_aloh175K_clean,7.12797,6.78403,7.12797,0.949982,1591.61,1675.41,0.0,0.0,0.6094,0.641486,0.0,0,0.185476827,0.367399775,0.3664800120462495
cm503311x_aloh350K_clean,cm503311x_aloh350K_clean,7.17066,6.85243,7.17066,0.948507,1596.68,1683.36,0.0,0.0,0.6094,0.642483,0.0,0,0.184225172,0.365936775,0.3649423407562501
cm503311x_aloh375K_clean,cm503311x_aloh375K_clean,7.15773,6.843,7.15773,0.948289,1598.4,1685.56,0.0,0.0,0.6106,0.643896,0.0,0,0.186771572,0.366427177,0.36616534014874863
cm503311x_aloh425K_clean,cm503311x_aloh425K_clean,7.16028,6.84144,7.16028,0.947823,1600.53,1688.64,0.0,0.0,0.611,0.644635,0.0,0,0.186041098,0.369476291,0.3663437616124987
cm503311x_aloh475K_clean,cm503311x_aloh475K_clean,7.15171,6.83611,7.15171,0.947452,1603.8,1692.75,0.0,0.0,0.6108,0.644676,0.0,0,0.186712067,0.367434657,0.3658622836712481
cm503311x_aloh500K_clean,cm503311x_aloh500K_clean,7.13372,6.81979,7.13372,0.947313,1605.9,1695.22,0.0,0.0,0.6114,0.645405,0.0,0,0.185862583,0.365690547,0.3664542609724995
cm503311x_OH-mil-53-Al-lp-ortho_clean,cm503311x_OH-mil-53-Al-lp-ortho_clean,7.10725,6.52666,7.10725,0.948868,1614.15,1701.13,0.0,0.0,0.6014,0.633808,0.0,0,0.21531853,0.41773787,0.4174761846275012
cm504350q_si_002_clean,cm504350q_si_002_clean,5.76264,4.30885,5.7542,1.44577,991.836,686.024,142.148,98.3197,0.5294,0.366171,0.0,1,0.12016871,0.22107587,0.23423672938749984
CODNAM_clean,CODNAM_clean,4.57469,3.97634,4.52445,1.63521,1494.85,914.162,0.0,0.0,0.5962,0.364602,0.0,0,0.231569113,0.44778404,0.4401938988924999
COJHIT_clean,COJHIT_clean,10.09171,9.35609,10.09171,0.716453,1773.43,2475.29,0.0,0.0,0.707,0.986805,0.0,0,0.120285708,0.240103453,0.24034408743625094
COKPUP_clean,COKPUP_clean,11.57951,10.81874,11.57907,1.23248,1594.31,1293.59,0.0,0.0,0.671,0.544433,0.0,1,0.110754385,0.220133198,0.21952600628750094
COPXOV_clean,COPXOV_clean,5.47401,3.72166,5.47401,1.25742,393.122,312.642,0.0,0.0,0.4288,0.341015,0.0,0,0.119152286,0.217456133,0.22811321026124984
COQTEJ_clean,COQTEJ_clean,7.76168,6.6264,7.46116,0.69781,2656.93,3807.52,0.0,0.0,0.7034,1.00801,0.0,1,0.202684087,0.400243121,0.3975435948562504
COWBEX_clean,COWBEX_clean,5.58641,4.95411,5.5297,1.71799,525.99,306.165,0.0,0.0,0.4268,0.24843,0.0,1,0.048070071,0.093185545,0.09368937543375028
COWMAD_clean,COWMAD_clean,6.73617,5.57745,6.73408,1.22293,2145.79,1754.63,0.0,0.0,0.651,0.532328,0.0,1,0.081808851,0.16181164,0.1615931322612507
COXHON_clean,COXHON_clean,8.79766,8.47314,8.79766,0.659131,2297.83,3486.15,0.0,0.0,0.8002,1.21402,0.0,0,0.076776113,0.152163328,0.15237135651625033
CUBHOY_clean,CUBHOY_clean,7.59167,4.35736,7.59084,1.4363,1409.0,980.994,0.0,0.0,0.55,0.382928,0.0,1,0.071485261,0.143676592,0.1409999795812498
CUFFEP_clean,CUFFEP_clean,6.24407,5.54414,6.24407,0.899727,2546.22,2829.99,0.0,0.0,0.6998,0.777791,0.0,0,0.192777522,0.382471304,0.37870322772624804
CUGVUW_clean,CUGVUW_clean,6.46234,4.56978,6.46234,1.32198,676.004,511.358,0.0,0.0,0.4376,0.331019,0.0,0,0.054356002,0.104417121,0.10499292907125024
CUKXIR_clean,CUKXIR_clean,4.25316,3.64523,4.25225,1.37123,1248.02,910.151,0.0,0.0,0.5164,0.376597,0.0,1,0.150057393,0.299746706,0.28951701972500105
CUKXUC_clean,CUKXUC_clean,4.71812,4.30637,4.71207,1.61022,1190.26,739.19,16.3088,10.1283,0.5368,0.33337,0.0,1,0.090068821,0.178026119,0.1756894153362497
CUKYAJ_clean,CUKYAJ_clean,4.71891,4.29348,4.71891,1.65805,1181.97,712.869,13.2923,8.01679,0.5418,0.326769,0.0,1,0.089628683,0.174698284,0.17412509113249988
CUMDUK_clean,CUMDUK_clean,6.0834,3.52201,5.92291,1.54452,1012.49,655.538,0.0,0.0,0.489,0.316603,0.0,1,0.053515481,0.105145085,0.10539002690000011
CUNFOH_clean,CUNFOH_clean,9.05758,5.6508,9.05758,1.63668,1779.69,1087.38,0.0,0.0,0.6298,0.384804,0.0,1,0.026496758,0.051911864,0.052513702755000426
CUNQUZ_clean,CUNQUZ_clean,5.05516,4.50865,5.05476,1.94091,1202.57,619.589,0.0,0.0,0.5384,0.277396,0.0,1,0.098449717,0.190964751,0.19110010977124986
CUPHUS_clean,CUPHUS_clean,7.45968,5.41366,5.85768,0.680928,2377.88,3492.12,0.0,0.0,0.7016,1.03036,0.0,1,0.162013184,0.32469557,0.3221431273337505
CUSYIA_clean,CUSYIA_clean,5.815,4.76876,5.815,0.737304,2684.86,3641.46,0.0,0.0,0.6944,0.941809,0.0,0,0.188029054,0.379563616,0.3699556120149985
CUVHIL01_clean,CUVHIL01_clean,12.86501,12.02225,12.84969,1.66038,1437.07,865.505,0.0,0.0,0.642,0.386658,0.0,1,0.061698135,0.120197778,0.12186027162000027
CUVXAT_clean,CUVXAT_clean,6.50652,4.77619,6.38844,1.06179,1622.41,1527.99,0.0,0.0,0.5708,0.537581,0.0,0,0.134198906,0.264821844,0.26299409411000013
CUWNOZ_clean,CUWNOZ_clean,5.62994,3.54616,5.59519,1.08751,1437.05,1321.41,0.0,0.0,0.5562,0.511443,0.0,0,0.216435909,0.417927682,0.4203195049725009
CUWWEY_clean,CUWWEY_clean,6.3126,4.22285,6.24291,1.35207,1327.35,981.718,0.0,0.0,0.5216,0.38578,0.0,0,0.130576669,0.25169174,0.2525004552462502
CUXFIL_clean,CUXFIL_clean,5.39541,4.09689,5.37407,1.23338,1385.07,1122.99,0.0,0.0,0.496,0.402148,0.0,1,0.194554949,0.369820359,0.3738218336850001
CUXJAI_clean,CUXJAI_clean,5.59834,5.04687,5.59211,1.08566,2410.48,2220.29,0.0,0.0,0.6696,0.616766,0.0,1,0.099264093,0.197924506,0.19687737940125052
DACYUE_clean,DACYUE_clean,6.8959,6.15645,6.8959,0.724543,2828.29,3903.55,0.0,0.0,0.6932,0.956741,0.0,1,0.203573668,0.40795638,0.39648467055999975
DADLOM_clean,DADLOM_clean,18.71129,17.36648,18.69765,0.589373,1296.58,2199.93,0.0,0.0,0.7274,1.23419,0.0,1,0.134809847,0.266123055,0.2673353793012498
DAKZUN_clean,DAKZUN_clean,8.9514,8.55667,8.9514,1.07791,1424.0,1321.08,0.0,0.0,0.6034,0.559789,0.0,1,0.068543875,0.136148359,0.13552008805375038
DANFUW_clean,DANFUW_clean,4.81728,3.69845,4.80154,1.21376,550.063,453.189,0.0,0.0,0.4588,0.377999,0.0,1,0.075203761,0.145390219,0.14616004943500052
DAPBED_clean,DAPBED_clean,11.8768,6.79638,11.8768,0.823875,2185.0,2652.11,0.0,0.0,0.7074,0.858625,0.0,1,0.199783242,0.379869697,0.37791161423874947
DAWBIO_clean,DAWBIO_clean,5.36745,4.59869,5.35848,1.40464,933.9,664.867,0.0,0.0,0.4578,0.325919,0.0,0,0.148364917,0.284277284,0.2816807445775005
DAWCAH_clean,DAWCAH_clean,5.49841,4.3714,5.48581,1.35332,991.393,732.566,0.0,0.0,0.483,0.356901,0.0,0,0.167913641,0.313159825,0.32272809495124916
DEBGIA_clean,DEBGIA_clean,4.22344,3.46939,4.21901,1.31115,709.801,541.36,0.0,0.0,0.5062,0.386075,0.0,1,0.103646029,0.201557666,0.20303089274250088
DEJJIN_clean,DEJJIN_clean,9.02838,5.92782,8.88373,1.15645,1730.76,1496.61,0.0,0.0,0.6316,0.546154,0.0,1,0.072435139,0.142776863,0.14532258454499938
DEJRUH_clean,DEJRUH_clean,4.98345,3.78027,4.98096,1.03045,1372.42,1331.87,0.0,0.0,0.5442,0.52812,0.0,1,0.141496443,0.279620787,0.27557863557250206
DEPXOM_clean,DEPXOM_clean,5.87443,4.69467,5.85064,1.07984,2256.84,2089.97,0.0,0.0,0.6052,0.560452,0.0,1,0.137004717,0.270040994,0.26921634691749935
DEWRIH_clean,DEWRIH_clean,5.32446,3.88819,5.25315,2.34041,1006.15,429.901,0.0,0.0,0.4786,0.204494,0.0,1,0.034619816,0.06919143,0.06812963201250007
DIBJEF_clean,DIBJEF_clean,5.60649,4.70814,5.13464,1.76959,946.581,534.916,0.0,0.0,0.4236,0.239378,0.000565104,1,0.097179132,0.188795248,0.18527932206124972
DIBPAH_clean,DIBPAH_clean,5.70136,3.62358,5.70136,1.16448,1493.52,1282.56,0.0,0.0,0.5674,0.487255,0.0,1,0.208202696,0.398056985,0.3988756706312487
DICVES_clean,DICVES_clean,6.33441,3.59662,6.33441,1.11373,1441.4,1294.21,0.0,0.0,0.581,0.521669,0.0,1,0.169995326,0.3342131,0.330412100358752
DIDDOK_clean,DIDDOK_clean,9.60031,8.17399,9.60031,0.525842,2599.96,4944.37,0.0,0.0,0.7878,1.49817,0.0,1,0.145608064,0.292105782,0.291087824644998
DIHVIB01_clean,DIHVIB01_clean,13.18363,6.64307,13.17065,0.881735,2096.71,2377.93,0.0,0.0,0.7124,0.807952,0.0,1,0.148102776,0.282821391,0.2882951442162498
DIKJUD_clean,DIKJUD_clean,5.51513,4.27188,5.50941,1.06812,1036.17,970.09,0.0,0.0,0.5198,0.486651,0.0,1,0.206205504,0.392633626,0.39778628548999895
DINNIZ_clean,DINNIZ_clean,5.64071,4.66315,5.45064,1.16869,1439.96,1232.11,0.0,0.0,0.5486,0.469413,0.0,1,0.08813007,0.172202078,0.1734379788012497
DIVGIA_clean,DIVGIA_clean,5.63742,3.98335,5.62763,1.20442,696.106,577.961,65.1595,54.1004,0.5032,0.417795,0.0,1,0.079963078,0.157682573,0.1565717617587503
DIVSUY_clean,DIVSUY_clean,6.25148,4.17859,6.25148,1.23081,1945.11,1580.35,0.0,0.0,0.5978,0.485697,0.0,1,0.181633293,0.356447049,0.35227026905375125
DIWMON_clean,DIWMON_clean,9.50738,3.99435,9.49132,0.925424,1888.23,2040.4,0.0,0.0,0.6264,0.676879,0.0,1,0.138745086,0.274880524,0.27644281759750233
DIWNAA_clean,DIWNAA_clean,6.5178,6.18035,6.5178,0.652513,3119.09,4780.12,0.0,0.0,0.7074,1.08412,0.0,1,0.307017593,0.615145303,0.5667362094050001
DIYKED_clean,DIYKED_clean,4.3222,3.9714,4.30868,1.64821,471.45,286.037,0.0806433,0.0489277,0.4054,0.245963,0.0,0,0.026675617,0.053164609,0.05156784202125008
DODMIT_clean,DODMIT_clean,7.01246,4.52059,7.01246,1.55856,1353.3,868.3,0.0,0.0,0.5366,0.344293,0.0,1,0.145020832,0.280653784,0.28024385871499996
DOKDEN_clean,DOKDEN_clean,15.14217,13.44364,15.14217,0.712137,1836.8,2579.28,0.0,0.0,0.7026,0.986608,0.0,0,0.152462256,0.303510896,0.2988897464987518
DOMKEX_clean,DOMKEX_clean,5.79906,5.20244,5.74892,1.1266,1080.97,959.499,0.0,0.0,0.4364,0.387361,0.0,1,0.096578965,0.190026064,0.18824571942750018
DONKIC_clean,DONKIC_clean,6.48379,4.41641,6.4829,1.03451,1661.2,1605.79,0.0954102,0.0922278,0.5846,0.565101,0.0,1,0.128371124,0.255161913,0.252820564012501
DOPHOH_clean,DOPHOH_clean,12.12577,5.64086,12.12577,0.985409,1409.44,1430.31,390.474,396.256,0.664,0.673832,0.0,1,0.097177748,0.192440362,0.19096558037250022
DORFOG_clean,DORFOG_clean,3.83387,3.5005,3.83387,1.28492,358.59,279.076,0.0,0.0,0.476,0.370451,0.0,1,0.094663189,0.188843437,0.18603327306874987
DUFKAS_clean,DUFKAS_clean,18.33861,11.31425,18.33733,0.529585,1559.27,2944.33,0.0,0.0,0.811,1.53139,0.0,1,0.09702599,0.192481745,0.1940406463737507
DUKNII_clean,DUKNII_clean,5.28968,3.60886,5.25875,1.23201,362.386,294.143,41.4473,33.6421,0.4702,0.381654,0.0,1,0.093808892,0.177393994,0.18038196105624985
DUMXEQ01_clean,DUMXEQ01_clean,4.78039,3.84263,4.78039,1.76597,828.843,469.341,0.0,0.0,0.4496,0.254591,0.0,0,0.157051673,0.296586434,0.29467896494500045
DUMXEQ_clean,DUMXEQ_clean,4.75958,3.82785,4.75554,1.76954,805.711,455.323,0.0,0.0,0.4502,0.254417,0.0,0,0.157159854,0.291034557,0.2947987530275005
DUNXUH03_clean,DUNXUH03_clean,4.97891,3.78832,4.59863,1.23681,1734.27,1402.21,0.0,0.0,0.5936,0.479945,0.0,1,0.267783587,0.511464761,0.5141535597575014
DUNXUH04_clean,DUNXUH04_clean,4.99541,3.81551,4.9844,1.23241,1776.81,1441.74,0.0,0.0,0.5952,0.482957,0.0,1,0.265189558,0.512962066,0.507189061323753
DUNXUH14_clean,DUNXUH14_clean,5.00423,3.8343,4.58368,1.22609,1739.06,1418.37,0.0,0.0,0.5986,0.488218,0.0,1,0.275369134,0.522322474,0.5244188931237544
DUNXUH21_clean,DUNXUH21_clean,5.07683,3.95879,4.81355,1.20337,1860.11,1545.75,0.0,0.0,0.6076,0.504916,0.0,1,0.277730615,0.531709888,0.5334037805662539
DUQYEU_clean,DUQYEU_clean,4.86021,4.34715,4.86021,1.66839,2272.53,1362.11,0.0,0.0,0.6004,0.359868,0.0,1,0.079879239,0.158349914,0.15812429738375028
DURDIF_clean,DURDIF_clean,6.93958,6.05366,6.90375,0.735097,2642.04,3594.14,0.0,0.0,0.7204,0.980006,0.0,1,0.167212931,0.334837884,0.33096154269499856
DUWBEE_clean,DUWBEE_clean,7.4726,6.03228,7.03921,0.972318,2397.88,2466.15,0.0,0.0,0.7166,0.737002,0.0,1,0.116245153,0.22973556,0.23073554516249967
DUWROE_clean,DUWROE_clean,4.35263,3.47485,4.33203,1.3646,1032.9,756.92,0.0,0.0,0.5148,0.377252,0.0,0,0.182451784,0.354313233,0.34776922728875026
DUXKUD_clean,DUXKUD_clean,7.67361,6.90082,7.6375,1.23834,1391.29,1123.51,0.0,0.0,0.5864,0.473535,0.0,1,0.060101582,0.118653219,0.11904212506625
EBEMEF_clean,EBEMEF_clean,4.2795,3.43566,4.27665,1.23366,1261.3,1022.41,0.0,0.0,0.6368,0.516186,0.0,1,0.032314827,0.063738512,0.06450474920250034
EBEMII_clean,EBEMII_clean,4.74887,3.57779,4.74887,1.57979,558.843,353.745,0.0,0.0,0.4136,0.261807,0.0,0,0.071285669,0.13737019,0.1375670198512497
ECAFOG_clean,ECAFOG_clean,9.52896,9.26877,9.52862,1.12614,1174.7,1043.12,0.0,0.0,0.5574,0.494964,0.0,0,0.065750833,0.131827607,0.12984136927374906
ECAHOH_clean,ECAHOH_clean,6.87089,4.98271,6.87089,1.21823,856.833,703.343,0.0,0.0,0.4828,0.396313,0.0,0,0.072706973,0.14153063,0.14408384681874928
ECIWOC_clean,ECIWOC_clean,5.05411,4.785,5.05411,1.40153,572.024,408.141,0.0,0.0,0.4148,0.295961,0.0,1,0.194440558,0.353503491,0.3616013991312503
ECODIK_clean,ECODIK_clean,4.79857,4.01377,4.75701,1.19981,1900.99,1584.41,0.0,0.0,0.5936,0.494745,0.0,1,0.186231203,0.362173805,0.3599347712125004
EDAPIK_clean_h,EDAPIK_clean_h,7.09885,6.53196,7.09077,0.672755,2256.65,3354.34,0.591427,0.879112,0.6938,1.03128,0.0,1,0.131376543,0.263735701,0.2611781313275537
EDOMAM_clean,EDOMAM_clean,8.29315,6.04438,8.28681,0.809806,2146.39,2650.49,0.0,0.0,0.6716,0.829334,0.0,0,0.153507196,0.303912714,0.30272477280625104
EDUTIG_clean,EDUTIG_clean,15.04959,5.6073,15.03522,0.712902,1939.67,2720.81,0.0,0.0,0.7442,1.0439,0.0,0,0.122936235,0.24658185,0.24485164107374902
EGATIQ_clean,EGATIQ_clean,10.61507,9.35673,10.60597,0.815931,1600.87,1962.02,0.0,0.0,0.6556,0.803499,0.0,1,0.181900669,0.351685897,0.35700547082124984
EGEJIK_manual,EGEJIK_manual,10.26084,8.70015,10.25879,0.680562,2082.85,3060.48,75.8285,111.42,0.7408,1.08851,0.0,0,0.130435202,0.258685372,0.2601871396549995
EGELUY_SL,EGELUY_SL,7.32559,6.86607,7.31942,0.950432,1658.89,1745.4,0.0,0.0,0.6086,0.640341,0.0,0,0.23181501,0.454532012,0.4541738268312484
EGOXII_clean,EGOXII_clean,5.25614,3.66279,5.25614,1.73248,965.076,557.05,0.0,0.0,0.56,0.323237,0.0,1,0.169026897,0.32177798,0.3229534654574996
EHAFIE_clean,EHAFIE_clean,5.56485,3.57227,5.56485,2.06302,1265.0,613.179,0.0,0.0,0.5486,0.265921,0.0,1,0.063405683,0.124564315,0.12461305301500064
EHAFUQ_clean,EHAFUQ_clean,5.5462,3.57781,5.45874,2.0894,1245.04,595.885,0.0,0.0,0.5448,0.260744,0.0,1,0.063257614,0.125419699,0.12446049431625023
EHAGIF_clean,EHAGIF_clean,5.44616,3.48144,5.44616,2.1778,1155.98,530.802,0.0,0.0,0.5374,0.246762,0.0,1,0.064080793,0.124636819,0.1248195018324999
EHAGOL_clean,EHAGOL_clean,5.39044,3.4677,5.39044,2.17273,1093.47,503.269,0.185996,0.0856051,0.5364,0.246879,0.0,1,0.061413817,0.121129862,0.12014527509624977
EHEKUY_clean,EHEKUY_clean,6.18029,3.5251,6.17561,1.28701,834.589,648.47,1.25956,0.978668,0.5024,0.390361,0.0,0,0.121632592,0.232224877,0.235456707765
EKETOF_clean,EKETOF_clean,4.41106,3.42867,4.41106,1.63804,321.449,196.241,0.0,0.0,0.4172,0.254695,0.0,0,0.128425446,0.238255381,0.24391233890250139
EKETUL_clean,EKETUL_clean,4.43428,3.43441,4.41751,1.64611,319.015,193.799,0.0,0.0,0.4126,0.250651,0.0,0,0.115215275,0.223864145,0.21604350984875034
ELIJUF_clean,ELIJUF_clean,4.98722,3.63869,4.98647,1.36019,1078.5,792.905,0.0,0.0,0.4826,0.354803,0.0,1,0.180756383,0.349490729,0.3488363096900009
ELOGUJ_clean,ELOGUJ_clean,5.2439,3.95274,4.46811,3.13806,963.536,307.048,0.0,0.0,0.4846,0.154427,6.37e-05,1,0.033565261,0.065203693,0.06607076543125019
ENAFOP_ion_b,ENAFOP_ion_b,11.60166,8.24635,11.58519,1.18111,1100.84,932.042,0.0,0.0,0.5386,0.456012,0.0,1,0.030725256,0.061375476,0.061090442318750326
EPONAA_clean,EPONAA_clean,9.18286,8.73453,9.17503,0.495184,2583.42,5217.09,0.0,0.0,0.8544,1.72542,0.0,1,0.052746238,0.106826327,0.10650831967999984
EPOPEG_clean,EPOPEG_clean,5.47224,4.77054,5.47224,0.955888,1699.64,1778.08,0.0,0.0,0.613,0.641289,0.0,0,0.143166651,0.282861747,0.2828873847824993
EPOTAF_clean,EPOTAF_clean,7.63453,6.61136,7.601,0.575241,2982.7,5185.13,0.0,0.0,0.779,1.35421,0.0,1,0.138853248,0.276117863,0.27523496299500033
EQERAU_clean,EQERAU_clean,8.66462,5.10134,8.65703,0.830188,1832.92,2207.84,0.0,0.0,0.646,0.778137,0.0,1,0.172361533,0.33944837,0.3361442936787513
ERAHOV_clean,ERAHOV_clean,8.72809,7.46409,8.72809,0.942162,2285.98,2426.31,0.0,0.0,0.718,0.762077,0.0,1,0.074352023,0.147801397,0.14757447366249962
ERAMER_clean,ERAMER_clean,12.83976,11.91501,12.83976,0.685959,2103.01,3065.8,0.0,0.0,0.7502,1.09365,0.000291563,1,0.10790319,0.213018315,0.2139373987275003
ERELIX_clean,ERELIX_clean,5.64254,3.51162,5.62378,1.23268,1079.22,875.507,0.0,0.0,0.5468,0.443586,0.0,1,0.132936777,0.258694603,0.2584673337999999
ERULEK_clean,ERULEK_clean,8.92635,6.96534,8.92635,0.799593,1925.59,2408.22,0.0,0.0,0.6678,0.835175,0.0,1,0.118878981,0.238243188,0.23609002871500095
ERUNOW_clean,ERUNOW_clean,9.74436,7.85759,9.7385,0.884315,1769.89,2001.42,0.0,0.0,0.6546,0.740234,0.0,1,0.119078155,0.236191692,0.23607473295124992
ESARUN_clean,ESARUN_clean,6.08793,3.97207,6.06402,1.14221,1213.02,1061.99,0.0,0.0,0.5254,0.459984,0.0,1,0.184170507,0.35711303,0.3566583205787504
ESASEY_clean,ESASEY_clean,5.5251,4.77538,5.51126,1.28472,744.013,579.127,0.0,0.0,0.486,0.378294,0.0,1,0.14774706,0.279528676,0.28111635629375065
ESIDOB_clean,ESIDOB_clean,5.0954,4.12899,5.0954,1.32897,1274.07,958.69,0.0,0.0,0.5378,0.404673,0.0,0,0.311741157,0.580874491,0.5853439397900005
ESIGES02_clean,ESIGES02_clean,5.25592,4.31073,5.18518,1.28541,1797.52,1398.4,0.0,0.0,0.597,0.464442,0.0,0,0.195940139,0.375592849,0.37706518371500075
ESIGES_clean,ESIGES_clean,5.24833,4.2623,5.18742,1.29046,1800.98,1395.62,0.0,0.0,0.6108,0.473321,0.0,0,0.205188865,0.38493464,0.3935364891775002
ESURER03_clean,ESURER03_clean,6.73192,5.66128,6.64205,1.40989,1345.84,954.57,0.0,0.0,0.5322,0.377477,0.0,0,0.136542574,0.270002782,0.26515272913375215
ESUSOC02_clean,ESUSOC02_clean,7.24893,6.31165,7.23441,1.36801,1456.76,1064.88,0.0,0.0,0.538,0.393273,0.0,0,0.135063056,0.263224877,0.26351199867499986
ESUVAR_clean,ESUVAR_clean,6.28796,4.55194,6.20677,1.47064,1312.34,892.358,0.0,0.0,0.5172,0.351684,0.0,1,0.147644391,0.286636617,0.2875754398675009
ETECIR_clean,ETECIR_clean,4.32284,3.50203,4.32284,1.44521,1297.96,898.111,0.0,0.0,0.6006,0.41558,0.0,0,0.146843645,0.288521974,0.2885520955262506
ETEJUJ_clean,ETEJUJ_clean,6.80904,5.16362,6.80904,1.11208,2257.09,2029.61,0.0,0.0,0.6478,0.582511,0.0,1,0.127360843,0.252361763,0.25154822173124963
ETEKAQ01_manual,ETEKAQ01_manual,5.81491,4.70834,5.54365,1.17141,2276.97,1943.78,0.0,0.0,0.6496,0.554545,0.0,1,0.093849268,0.186301719,0.1855654346212499
ETEKAQ_clean,ETEKAQ_clean,6.79458,5.19238,6.79458,1.13284,2254.4,1990.05,0.0,0.0,0.6454,0.569721,0.0,1,0.127565676,0.253964262,0.25126106079375016
ETEPID_clean,ETEPID_clean,6.17672,3.95395,5.87594,1.10537,1278.33,1156.47,289.636,262.025,0.5518,0.499197,0.0,1,0.393929091,0.676932532,0.7143198730450004
EVADIQ_clean,EVADIQ_clean,7.6272,6.3767,7.6272,1.10873,1926.39,1737.47,0.0,0.0,0.6356,0.573266,0.0,1,0.128676373,0.257018586,0.25464348417250043
EVIMUT_clean,EVIMUT_clean,5.27695,4.27032,5.27695,0.98944,1543.01,1559.48,0.0,0.0,0.5212,0.526762,0.0,1,0.100206452,0.193591134,0.1977836864775008
EVURAP_clean,EVURAP_clean,4.91998,4.00691,4.90722,1.50366,1094.53,727.909,0.0,0.0,0.4888,0.325073,0.0,1,0.156326215,0.29642325,0.2979007290337505
EWECOY_clean,EWECOY_clean,6.36107,5.38638,6.36107,1.35369,1897.91,1402.03,0.0,0.0,0.613,0.452836,0.0,1,0.104352482,0.204381631,0.20714861562124984
EWETUW_clean,EWETUW_clean,5.62021,4.24917,5.57976,1.31411,662.316,504.004,418.644,318.576,0.5412,0.411838,0.0,1,0.271109162,0.493935971,0.5031486181212524
EWUKAK_clean,EWUKAK_clean,8.06678,6.82094,8.05126,1.11278,1981.43,1780.62,0.0,0.0,0.6252,0.561838,0.0,1,0.138976664,0.274276317,0.27384724830125023
EWUKIS_clean,EWUKIS_clean,6.09706,5.36823,6.07492,1.05799,2424.88,2291.97,0.0,0.0,0.6762,0.639136,0.0,1,0.16576919,0.326881512,0.32711331493624934
EWUSUL_clean,EWUSUL_clean,11.25293,8.38573,11.25293,0.979503,1671.61,1706.59,0.0,0.0,0.7086,0.723428,0.0,1,0.046384631,0.091453969,0.09159938240749989
EXALAR_clean,EXALAR_clean,8.27068,4.14256,8.27068,0.819136,1552.0,1894.68,19.4699,23.7688,0.6382,0.779114,0.0,1,0.090752302,0.182411962,0.18059481871499966
EYIYES_clean,EYIYES_clean,8.23387,5.84668,8.15455,0.958955,2430.13,2534.15,0.0,0.0,0.6902,0.719741,0.0,1,0.124868097,0.242916009,0.24732986403000015
EYOCOM_clean,EYOCOM_clean,8.18337,5.84697,8.18337,0.974997,2429.97,2492.29,0.0,0.0,0.6902,0.7079,0.0,1,0.123476811,0.244344527,0.24431581493875026
EYULOA_clean,EYULOA_clean,4.93073,3.99192,4.90572,1.26506,819.807,648.04,0.0,0.0,0.5008,0.395872,0.0,0,0.214670095,0.405402894,0.40589815422124986
EZEQUX_clean,EZEQUX_clean,5.58794,4.86495,5.58794,1.14902,1119.33,974.163,0.0,0.0,0.4862,0.423145,0.0,0,0.207528152,0.398012403,0.3949412804562496
EZIVAM_clean,EZIVAM_clean,4.86841,4.201,4.86841,1.36805,410.17,299.821,0.0,0.0,0.4216,0.308176,0.0,1,0.097591928,0.184169964,0.18906597454500002
FAFDEX_clean,FAFDEX_clean,4.84612,4.0465,4.84612,1.4121,763.799,540.896,0.0,0.0,0.426,0.301679,0.0,1,0.136959242,0.264617139,0.2612252857837502
FAFMAC_clean,FAFMAC_clean,6.81612,5.39086,6.79864,1.26269,1165.02,922.651,0.0,0.0,0.5508,0.436212,0.0,1,0.062522363,0.125833632,0.12328415338624994
FAGMEI_clean,FAGMEI_clean,4.74677,3.86448,4.45761,1.13696,582.955,512.733,152.586,134.206,0.5114,0.449797,0.0,1,0.134414616,0.266919103,0.2590057450987492
FALVOF_clean,FALVOF_clean,6.65756,4.5203,6.48608,1.39374,1687.85,1211.03,0.0,0.0,0.5882,0.422031,0.0,1,0.054732132,0.110372772,0.10804400532875019
FAMPUH_clean,FAMPUH_clean,14.29727,6.50644,14.29727,0.67257,2359.31,3507.91,0.0,0.0,0.7568,1.12524,0.0,1,0.170242682,0.335760569,0.33228124679375093
FAMQAO_clean,FAMQAO_clean,14.19972,6.54893,14.18609,0.666736,2302.24,3453.0,0.0,0.0,0.7576,1.13628,0.0,1,0.167481042,0.327384101,0.33029998642750114
FANCIJ_clean,FANCIJ_clean,8.52966,7.16955,8.46063,1.09037,1242.28,1139.32,72.6595,66.6376,0.5784,0.530463,0.0,0,0.143117499,0.276105478,0.2728270878074985
FANCOP_clean,FANCOP_clean,8.31522,6.68432,8.30333,1.04032,1268.68,1219.51,89.2086,85.7514,0.5834,0.560791,0.0,0,0.180537035,0.345965235,0.3474541660262499
FAQGEL_clean,FAQGEL_clean,5.35554,3.64691,5.34801,1.44151,1313.99,911.54,0.0,0.0,0.536,0.371832,0.0,1,0.165385757,0.319427794,0.31497733769875
FARBIL_clean,FARBIL_clean,6.5257,5.85477,6.5257,1.16183,1319.81,1135.97,0.0,0.0,0.544,0.468226,0.0,0,0.149621499,0.294676072,0.29207041650499915
FARFIO_clean,FARFIO_clean,9.12316,6.55123,9.12316,1.31137,1730.77,1319.82,0.0,0.0,0.6458,0.492464,0.0,0,0.058579288,0.116441666,0.11742515405500034
FATKIW_clean,FATKIW_clean,4.92999,3.7145,4.92517,1.89194,1016.62,537.341,0.0,0.0,0.477,0.252122,0.0,1,0.05373239,0.103500036,0.10505447601374994
FATKOC_clean,FATKOC_clean,4.67985,3.79401,4.65705,1.90793,1011.46,530.135,0.0,0.0,0.4774,0.250219,0.0,1,0.052229088,0.100234263,0.10071592028374997
FATLUJ_clean,FATLUJ_clean,5.42171,4.28978,5.42171,1.20951,1168.02,965.69,4.12251,3.4084,0.5226,0.432074,0.0,1,0.07784257,0.151638546,0.15315309315749928
FAVHAO_clean,FAVHAO_clean,4.95666,4.40143,4.92219,1.63957,784.566,478.52,0.0,0.0,0.4652,0.283733,0.0,1,0.060561445,0.118278299,0.1185031414450001
FAVKAP_clean,FAVKAP_clean,6.87609,5.10388,6.87609,1.0919,2445.17,2239.37,0.0,0.0,0.6468,0.592361,0.0,1,0.125611815,0.247503223,0.24892820381625003
FAWCEN02_SL,FAWCEN02_SL,11.41573,3.43573,11.41573,0.924186,1463.4,1583.45,0.0,0.0,0.6478,0.700941,0.0,0,0.074989147,0.149957954,0.14920766324875076
FAYPEC_clean,FAYPEC_clean,11.32938,4.75784,11.28719,0.745804,1782.19,2389.63,0.0,0.0,0.6898,0.924908,0.0,1,0.11644359,0.232056299,0.2311971118525005
FEBXIV_clean,FEBXIV_clean,17.28638,15.74639,17.27933,0.293688,1491.04,5076.95,0.0,0.0,0.8788,2.99229,0.0,1,0.14993196,0.300015114,0.30003066665250083
FECXAO_clean,FECXAO_clean,5.79137,4.59346,5.79018,0.989543,1846.09,1865.6,0.0,0.0,0.6174,0.623924,0.0,0,0.213792462,0.420456815,0.41697427658500197
FEFCUQ_clean,FEFCUQ_clean,8.87571,6.35025,8.74283,0.77796,2120.63,2725.88,0.0,0.0,0.673,0.865083,0.0,0,0.147205007,0.296763665,0.2920015371112497
FEFZOF_clean,FEFZOF_clean,4.86334,3.89341,4.85268,1.78217,1115.48,625.914,0.0,0.0,0.5442,0.305359,0.0,1,0.081681124,0.161923199,0.15862733366124934
FEGNIQ_clean,FEGNIQ_clean,7.13681,4.81158,7.13681,1.15152,1310.71,1138.24,0.0,0.0,0.528,0.458524,0.0,0,0.106529746,0.211884194,0.20881913264499807
FEHCIG_manual,FEHCIG_manual,7.75569,7.04294,7.74271,0.956692,1636.76,1710.86,0.0,0.0,0.6308,0.659355,0.0,0,0.128814569,0.251886785,0.25507201798499973
FEQSIF_clean,FEQSIF_clean,9.23636,5.60978,9.22645,0.773392,2340.66,3026.49,0.0,0.0,0.7012,0.906656,0.0,1,0.18559542,0.360288081,0.3656352089112507
FERHAN_clean,FERHAN_clean,10.23981,6.40536,10.23981,0.784123,1831.24,2335.4,115.057,146.734,0.6978,0.889911,0.0,1,0.172102094,0.327844956,0.33518622609375115
FEVSAC_clean,FEVSAC_clean,4.70494,3.78141,4.69575,1.30344,385.722,295.926,85.5055,65.5998,0.4704,0.36089,0.0,1,0.051166711,0.101243495,0.10086458503249959
FEWGUL_clean,FEWGUL_clean,4.38967,3.93713,4.357,1.63655,694.151,424.154,0.0,0.0,0.3828,0.233906,0.0,0,0.136624598,0.250468757,0.25933042871499995
FEWWUB_clean,FEWWUB_clean,13.46293,4.10343,6.99036,0.839472,1304.99,1554.54,374.213,445.771,0.6142,0.731651,0.0,0,0.19635721,0.365287501,0.37592283258000103
FEZTIP_clean,FEZTIP_clean,5.60935,4.76331,5.55768,1.11089,1381.78,1243.85,0.0,0.0,0.563,0.5068,0.0,1,0.164390705,0.322597433,0.3191344815475008
FIFGEI_clean,FIFGEI_clean,16.15291,14.69313,16.15291,0.412792,1738.34,4211.18,0.0,0.0,0.8636,2.09209,0.0,1,0.136063738,0.274252071,0.2715875126362511
FIFMOY_clean,FIFMOY_clean,4.8407,4.42587,4.8407,1.29544,593.069,457.813,123.778,95.5491,0.468,0.361267,0.0,1,0.170822986,0.324215709,0.32565076400750087
FIFMUD_clean,FIFMUD_clean,5.99897,3.96607,5.98731,0.985465,1849.24,1876.51,1.01814,1.03316,0.5914,0.600123,0.0,1,0.115277089,0.224982368,0.2283406683999994
FIFPAM_clean,FIFPAM_clean,4.72449,3.84654,4.62424,1.03535,1611.82,1556.78,0.0,0.0,0.5846,0.564637,0.0,1,0.083962819,0.166143403,0.16571439885250058
FIHFAF_clean,FIHFAF_clean,6.24558,4.36754,6.24558,1.21214,1512.33,1247.65,0.0,0.0,0.5622,0.463807,0.0,1,0.14549754,0.283404884,0.2840088394024992
FIJDIM01_clean,FIJDIM01_clean,5.82926,5.08135,5.82926,1.24507,1266.69,1017.36,0.0,0.0,0.5318,0.427125,0.0,1,0.166382348,0.322934236,0.32194274720750216
FIJDIM04_clean,FIJDIM04_clean,5.91316,5.13983,5.91316,1.23456,1288.47,1043.66,0.0,0.0,0.5342,0.432705,0.0,1,0.164891646,0.322680619,0.31872018409375175
FIJDIM08_clean,FIJDIM08_clean,6.03525,5.21694,6.03525,1.22274,1324.94,1083.58,0.0,0.0,0.5378,0.43983,0.0,1,0.165635588,0.315269379,0.32087093616374945
FIJFEK_manual,FIJFEK_manual,6.92559,6.57184,6.92559,1.58281,1548.76,978.488,0.0,0.0,0.5618,0.354939,0.0,0,0.12253254,0.241555316,0.24115895081124986
FIRNAX01_clean,FIRNAX01_clean,7.03668,6.10812,7.03668,0.718413,2358.57,3283.03,0.0,0.0,0.7048,0.981051,0.0,1,0.15129187,0.30048503,0.30050078883750186
FIRNUR_clean,FIRNUR_clean,6.62054,6.03585,6.61701,0.714161,2609.57,3654.03,0.0,0.0,0.6944,0.97233,0.0,1,0.176786593,0.350491499,0.3497922849775006
FIVYUF_clean,FIVYUF_clean,4.68091,3.50866,4.67789,1.41648,465.948,328.948,0.0,0.0,0.4326,0.305405,0.0,0,0.100127801,0.190953126,0.19138994709375015
FOBNAN_clean,FOBNAN_clean,8.70901,6.58612,8.70709,0.867344,2020.64,2329.69,0.0,0.0,0.6644,0.766017,0.0,1,0.130848599,0.256020213,0.2582638929074987
FOKWIN_clean,FOKWIN_clean,4.14624,3.73304,4.14504,1.37748,413.35,300.078,0.0,0.0,0.4306,0.312601,0.0,0,0.087212679,0.166631245,0.16897857796125057
FOKYIP_clean,FOKYIP_clean,5.79638,3.84056,5.66635,1.22762,1981.83,1614.37,0.0,0.0,0.5912,0.481583,0.0,1,0.184934263,0.352021213,0.35502933387625
FOMWOV_clean,FOMWOV_clean,7.41662,4.5384,7.41662,0.990309,1837.3,1855.28,0.0,0.0,0.6302,0.636367,0.0,0,0.159367972,0.311097265,0.3111304625525001
FONPUV_clean,FONPUV_clean,5.63348,5.082,5.6238,1.54253,959.017,621.718,0.0,0.0,0.4556,0.29536,0.0,1,0.098391155,0.193676435,0.1907109103362506
FORPUY_clean,FORPUY_clean,9.42246,3.59342,9.42246,1.13071,1908.86,1688.19,0.0,0.0,0.6696,0.592195,0.0,1,0.06149436,0.121635544,0.1216823829150002
FORQAF_clean,FORQAF_clean,9.35233,4.33657,9.35233,1.04043,2153.98,2070.28,0.0,0.0,0.6962,0.669144,0.0,1,0.059706846,0.118203246,0.11875607901499934
FORQIN_clean,FORQIN_clean,9.58088,4.20865,9.58088,1.06074,2156.73,2033.24,0.0,0.0,0.7006,0.660485,0.0,1,0.062060166,0.121200804,0.12349199162250012
FUBDAI_clean,FUBDAI_clean,8.13737,7.41793,8.13713,1.22976,2049.34,1666.45,0.0,0.0,0.6726,0.546935,0.0,0,0.092213516,0.183375694,0.18365778623999962
FUDHET_clean,FUDHET_clean,7.05179,4.74765,7.05179,0.905742,2494.35,2753.93,0.0,0.0,0.6642,0.733321,0.0,1,0.169493114,0.337267779,0.33303089501250055
FUHNED_clean,FUHNED_clean,6.48528,4.12203,6.4155,1.3617,1522.72,1118.25,0.0,0.0,0.5858,0.430197,0.0,1,0.196826276,0.382787634,0.3761532147462507
FULQUZ_clean,FULQUZ_clean,5.87633,5.25314,5.79727,1.51981,1332.09,876.486,0.0,0.0,0.5216,0.3432,0.0,1,0.1389197,0.271257563,0.2699026587312509
FUNBAS_clean,FUNBAS_clean,6.30412,4.59254,6.30412,1.11042,1258.26,1133.14,0.0,0.0,0.5296,0.476938,0.0,0,0.166742436,0.320294218,0.32531354542750096
FUNCAT_clean,FUNCAT_clean,9.48772,8.77545,9.48772,0.930198,1473.55,1584.13,0.0,0.0,0.6084,0.654055,0.0,0,0.146252178,0.282338096,0.28799744168625135
FUNCEX_clean,FUNCEX_clean,13.21557,12.47689,13.21557,0.543761,1970.91,3624.58,0.0,0.0,0.7842,1.44218,0.0,1,0.134197976,0.26681706,0.2666048340250003
FURROA_clean,FURROA_clean,11.58923,10.47029,11.58875,1.00075,1596.28,1595.09,0.0,0.0,0.6602,0.659706,0.0,1,0.053349011,0.107449383,0.1062608738825003
FUSQUH_clean,FUSQUH_clean,6.74859,4.59542,6.74676,1.05193,1186.33,1127.76,0.0,0.0,0.5202,0.49452,0.0,0,0.133951008,0.256903667,0.26128344139249904
FUTYOK_clean,FUTYOK_clean,6.0154,4.82285,5.99433,1.02626,1867.85,1820.05,0.0,0.0,0.6442,0.627713,0.0,0,0.188022599,0.372908388,0.36639750238875074
FUTYUQ_clean,FUTYUQ_clean,7.46662,4.79581,7.42523,1.0101,2335.64,2312.29,0.0,0.0,0.6514,0.644887,0.0,1,0.192674453,0.374726589,0.37749965929374796
FUWYAY_clean,FUWYAY_clean,4.00169,3.86741,4.00169,1.98354,581.815,293.322,0.0,0.0,0.4022,0.202769,0.0,1,0.06545577,0.129432537,0.1296332701412499
FUXXIH_clean,FUXXIH_clean,10.16266,8.68185,10.16266,0.899748,1582.07,1758.35,0.0,0.0,0.6434,0.715089,0.0,1,0.081392011,0.16245838,0.16153171543749997
GACBOE_clean,GACBOE_clean,6.66763,4.36115,6.66763,1.04515,2329.85,2229.2,0.0,0.0,0.6722,0.64316,0.0,1,0.179379133,0.351552013,0.349061086806249
GACPUX_clean,GACPUX_clean,5.9525,3.77259,5.85811,1.02185,1638.86,1603.82,0.0,0.0,0.614,0.600871,0.0,1,0.167417453,0.331290467,0.32731279877750125
GADNUX_clean,GADNUX_clean,15.43787,6.70397,14.77017,0.729552,2339.56,3206.84,0.0,0.0,0.7494,1.02721,0.0,1,0.164248495,0.320069707,0.3226780641587492
GAHWIX_clean,GAHWIX_clean,10.08038,7.17794,10.08038,0.589363,2617.83,4441.79,0.0,0.0,0.7728,1.31125,0.0,1,0.153384718,0.303041458,0.30459399434125145
GAJYUN_clean,GAJYUN_clean,4.85568,4.28663,4.65881,1.5312,1091.56,712.879,0.0,0.0,0.5342,0.348877,0.0,1,0.047972868,0.093466017,0.09513648549000042
GAJZOI_clean,GAJZOI_clean,4.76043,4.22431,4.76043,1.6231,1140.51,702.673,0.0,0.0,0.5414,0.333559,0.0,1,0.048191661,0.095987698,0.09535593947625025
GAJZUO_clean,GAJZUO_clean,4.67022,4.137,4.66388,1.35819,1115.52,821.33,0.0,0.0,0.5302,0.390373,0.0,1,0.065441119,0.130620456,0.12968454127499965
GALHOS_ion_b,GALHOS_ion_b,10.40242,4.28813,10.40242,0.962357,1197.69,1244.54,67.8044,70.4566,0.5764,0.598946,0.0,0,0.134500806,0.25493385,0.2626959997324996
GARLAP_clean,GARLAP_clean,5.58892,4.38006,5.58663,1.1363,1527.33,1344.12,0.0,0.0,0.5756,0.506555,0.0,1,0.211802974,0.409839103,0.4109191867537499
GARLIX_clean,GARLIX_clean,5.51894,4.34952,5.51894,1.16479,1506.37,1293.26,0.0,0.0,0.5712,0.49039,0.0,1,0.219304533,0.417906991,0.42712617346374804
GARQAU_clean,GARQAU_clean,7.22233,4.73121,7.22233,1.05141,1110.85,1056.54,0.0,0.0,0.5324,0.50637,0.0,0,0.192452494,0.367008857,0.36704966010374923
GARTIF_clean,GARTIF_clean,4.43647,3.87557,4.43647,1.65372,1132.95,685.091,0.0,0.0,0.471,0.284812,0.0,1,0.149260067,0.287640302,0.28853145611250214
GARTUR_clean,GARTUR_clean,11.12255,10.84777,11.12255,1.34756,1641.0,1217.75,0.0,0.0,0.6774,0.502685,0.0,1,0.077445223,0.152140018,0.15513413113874963
GAWCUF_clean,GAWCUF_clean,5.14591,3.62459,5.10569,1.20211,1101.2,916.058,0.0,0.0,0.5036,0.418931,0.0,0,0.155463053,0.297534668,0.30113357867625173
GAXQIH_clean,GAXQIH_clean,5.17093,4.52481,5.06299,1.36553,783.142,573.505,0.0,0.0,0.4372,0.320168,0.0,0,0.089172455,0.171804311,0.17266610239625
GAYGAQ_clean_h,GAYGAQ_clean_h,5.42545,4.61164,5.42545,1.32331,1222.55,923.858,0.0,0.0,0.5596,0.42288,0.0,1,0.217782452,0.413305536,0.4194055882999981
GAYTEH_ion_b,GAYTEH_ion_b,7.25944,3.65684,7.23718,1.37181,1135.72,827.897,0.0,0.0,0.497,0.362294,0.0,1,0.059944695,0.117187502,0.11874274426499985
GAZLAW_clean,GAZLAW_clean,5.89078,3.42545,5.89078,1.13599,1083.97,954.205,0.0,0.0,0.5156,0.453877,0.0,0,0.118002887,0.230334139,0.23090055292374867
GEDQIR_clean,GEDQIR_clean,6.54643,4.98654,6.54643,1.05474,2262.59,2145.17,0.0,0.0,0.6334,0.600529,0.0,1,0.154265448,0.309768589,0.30291695397124935
GEDRAK_clean,GEDRAK_clean,5.77362,3.92842,5.19693,1.15636,2398.21,2073.93,0.0,0.0,0.6018,0.520425,0.0,1,0.197327997,0.384740698,0.38189889418874967
GEDSAL_clean,GEDSAL_clean,5.44628,3.82645,5.44628,1.17011,2237.72,1912.41,0.0,0.0,0.5966,0.509868,0.0,1,0.198819341,0.389278906,0.3861379999087501
GEZYOB_clean,GEZYOB_clean,5.97203,4.53159,5.97203,1.47469,1908.41,1294.11,0.0,0.0,0.5414,0.367128,0.0,0,0.074673011,0.147444531,0.1470456528774994
GINLIA_clean,GINLIA_clean,6.39385,4.60431,6.39349,0.877136,2189.88,2496.63,0.0,0.0,0.6554,0.747205,0.0,1,0.233155417,0.44952532,0.4530979382850023
GIQYIP_clean,GIQYIP_clean,4.93593,3.90727,4.93593,1.7362,1686.39,971.31,0.0,0.0,0.5894,0.339477,0.0,1,0.086691813,0.172223071,0.16951341654499963
GIQYUB_clean,GIQYUB_clean,4.85877,3.85756,4.85723,1.80735,1636.84,905.654,0.0,0.0,0.586,0.324231,0.0,1,0.087374644,0.173540214,0.17016606465374987
GIRDUI_clean,GIRDUI_clean,4.42025,3.76528,4.4179,1.33231,513.764,385.618,0.0,0.0,0.4442,0.333405,0.0,1,0.087284971,0.166748349,0.1692223957162507
GIRXUC_clean,GIRXUC_clean,9.02646,6.62876,9.00319,0.768463,2450.96,3189.43,0.0,0.0,0.7778,1.01215,0.0,1,0.095044353,0.189926878,0.18929841010750026
GISZUF_clean,GISZUF_clean,5.98913,5.07662,5.983,1.31215,1025.01,781.164,0.0,0.0,0.5226,0.398277,0.0,1,0.098336291,0.193597866,0.1919911383287503
GITPIK_clean,GITPIK_clean,6.71051,5.85889,6.69498,1.05932,1949.1,1839.96,0.0,0.0,0.6024,0.568668,0.0,1,0.154277723,0.304223358,0.30186040204249975
GIVNOQ_clean,GIVNOQ_clean,7.18513,5.72761,7.17339,0.897407,2341.84,2609.57,0.0,0.0,0.648,0.72208,0.0,1,0.11785413,0.232237476,0.23402866216749998
GIWCIZ_ion_b,GIWCIZ_ion_b,5.12494,3.68789,4.86231,1.25758,738.946,587.595,101.966,81.0816,0.492,0.391229,0.0,1,0.145095558,0.280238728,0.2773278703900009
GIWCOF_ion_b,GIWCOF_ion_b,6.18603,4.18536,6.1755,1.09485,1872.24,1710.03,0.0,0.0,0.5864,0.535596,0.0,1,0.131188837,0.261378953,0.25773717336625124
GIXGOK_clean,GIXGOK_clean,17.36935,5.40179,17.36935,1.04037,1505.92,1447.48,0.0,0.0,0.6542,0.628815,0.0,0,0.066527746,0.130441818,0.13286098919624856
GIXNAE_clean,GIXNAE_clean,7.22845,6.88703,7.22003,0.852646,2024.04,2373.83,0.0,0.0,0.6572,0.770777,0.0,0,0.119914229,0.237027257,0.23936233951124994
GIYSIR_clean,GIYSIR_clean,5.35034,4.96809,5.33586,1.46578,931.664,635.609,0.0,0.0,0.4966,0.338795,0.0,0,0.106045893,0.207370477,0.20486808992499966
GIYSOX_clean,GIYSOX_clean,5.41931,4.91867,5.41931,1.46994,924.604,629.008,0.0,0.0,0.4898,0.333211,0.0,0,0.104558029,0.199403738,0.20505087062000157
GIYSUD_clean,GIYSUD_clean,5.72746,4.12193,5.64984,1.21514,2074.82,1707.48,0.0,0.0,0.605,0.497886,0.0,1,0.132159164,0.259184449,0.25951896717999984
GOGWAB_clean,GOGWAB_clean,4.95936,4.07145,4.95936,1.0628,2097.01,1973.11,0.0,0.0,0.6348,0.597292,0.0,1,0.31449141,0.606239789,0.5995888756474976
GORQAF_clean,GORQAF_clean,6.72825,5.09275,6.72825,1.1538,2875.75,2492.42,0.0,0.0,0.7648,0.662854,0.0,0,0.038677909,0.076022337,0.0759365353712498
GOSBOH_clean,GOSBOH_clean,10.37122,8.95436,10.37122,0.787001,1611.54,2047.69,0.0,0.0,0.6654,0.845489,0.0,1,0.076675117,0.155268518,0.15326300382125002
GOZNEQ_clean,GOZNEQ_clean,6.09971,4.27883,6.09943,0.947205,2272.9,2399.59,0.0,0.0,0.644,0.679895,0.0,1,0.095501676,0.191633332,0.18954676015125013
GUBVUU_clean,GUBVUU_clean,6.86464,4.18996,6.61474,0.930991,1654.01,1776.62,0.0,0.0,0.6014,0.645979,0.0,1,0.16314084,0.325982565,0.3202018871362503
GUDJOG_clean,GUDJOG_clean,7.68451,4.9879,7.6811,1.00363,1922.96,1916.01,0.0,0.0,0.6122,0.609987,0.0,1,0.149813037,0.292343171,0.29529628071499886
GUFXEM_clean,GUFXEM_clean,6.06791,4.72083,6.0579,1.2094,1573.94,1301.42,0.0,0.0,0.5582,0.461552,0.0,1,0.165025902,0.320746655,0.3203434463325005
GUHMIH_clean,GUHMIH_clean,13.3149,6.32995,13.3149,0.498432,2835.47,5688.77,0.0,0.0,0.778,1.5609,0.0,1,0.138583065,0.274131414,0.2751227851175009
GUHPEG_clean,GUHPEG_clean,5.72092,4.53231,5.72092,1.21796,1067.45,876.424,0.0,0.0,0.5332,0.437781,0.0,1,0.128874398,0.250693996,0.25221137686375034
GUJREK01_clean,GUJREK01_clean,6.68707,6.10275,6.68707,1.23624,984.626,796.47,83.5539,67.5873,0.5306,0.429206,0.0,1,0.081992281,0.163345847,0.16068378132749925
GULWAM_clean,GULWAM_clean,8.69308,7.48414,8.68762,0.756867,2252.53,2976.13,0.0,0.0,0.7044,0.930679,0.0,0,0.131236349,0.261936027,0.2600964165813036
GUPDEB_clean,GUPDEB_clean,20.68684,7.65386,20.68684,0.945467,1548.81,1638.15,1.11326,1.17747,0.7196,0.761105,0.0,0,0.055328534,0.109704528,0.10869628189124998
GUSMAJ_clean,GUSMAJ_clean,4.67375,3.80751,4.66389,1.32281,575.521,435.074,0.0,0.0,0.4708,0.355908,0.0,0,0.171681944,0.313953326,0.32410103054624884
GUXSIC_clean,GUXSIC_clean,6.13867,3.70141,6.13867,1.60239,1120.27,699.126,0.0,0.0,0.517,0.322643,0.0,0,0.24232828,0.462224108,0.452477289788751
GUYBAE_clean,GUYBAE_clean,5.86532,5.19351,5.73822,2.36156,1533.32,649.284,0.0,0.0,0.5552,0.235099,0.0,1,0.086743068,0.170439118,0.16944076588874984
HABREJ_clean,HABREJ_clean,7.22153,5.5004,7.20678,0.929467,1805.81,1942.84,0.0,0.0,0.6346,0.682757,0.0,1,0.198496281,0.388327862,0.38609416174500244
HADLOQ01_clean,HADLOQ01_clean,10.03253,9.59417,10.02623,0.699735,1785.38,2551.51,0.0,0.0,0.7038,1.00581,0.0,0,0.127957047,0.25900482,0.25391969126000047
HADXIW_clean,HADXIW_clean,4.67426,4.35266,4.67426,2.30119,853.786,371.02,0.0,0.0,0.5434,0.236139,0.0,1,0.030448605,0.060244788,0.060558273587499885
HAFVOB_clean,HAFVOB_clean,5.59823,4.10574,5.59823,0.989877,1624.62,1641.23,0.0,0.0,0.559,0.564717,0.0,1,0.204129473,0.398320878,0.3956557753675004
HAFVUH_SL,HAFVUH_SL,7.26111,7.14037,7.26111,0.948615,1661.34,1751.34,0.0,0.0,0.5896,0.621538,0.0,0,0.209623663,0.416291094,0.4041049608287499
HAJLEK_clean,HAJLEK_clean,5.87742,3.45437,5.87742,1.36069,369.973,271.901,0.0,0.0,0.367,0.269716,0.0,0,0.080082077,0.147792785,0.1541219565587494
HAKWAU_clean,HAKWAU_clean,7.77196,4.02298,7.7515,0.967928,1840.06,1901.03,0.0,0.0,0.6374,0.65852,0.0,1,0.178672679,0.349066964,0.34952488578375
HALQUJ_clean,HALQUJ_clean,5.83271,4.11171,5.82021,0.775057,2252.16,2905.8,0.0,0.0,0.6658,0.859034,0.0,0,0.164882864,0.323988484,0.32326566988000066
HAPBAE_clean,HAPBAE_clean,7.19899,4.51752,7.19899,1.177,1685.21,1431.79,101.434,86.1807,0.6014,0.510961,0.0,1,0.080681987,0.156885254,0.15954357210499942
HAPBEI_clean,HAPBEI_clean,7.40345,4.51665,7.18933,1.1831,1645.32,1390.68,107.302,90.6958,0.5974,0.504945,0.0,1,0.078497167,0.155654166,0.15540922937249937
HASNOH_clean,HASNOH_clean,5.38898,4.39397,5.38845,1.86317,1402.69,752.852,0.0,0.0,0.5556,0.298201,0.0,1,0.072804672,0.144234471,0.1430578024399997
HATZOS02_clean,HATZOS02_clean,4.8576,4.0805,4.8576,1.31729,1109.65,842.374,1.31609,0.999089,0.544,0.41297,0.0,1,0.072677536,0.144237541,0.1446063355274992
HAVVUX_clean,HAVVUX_clean,8.34589,6.74867,8.34589,2.21863,955.771,430.794,0.0,0.0,0.5032,0.226807,0.0,1,0.039025729,0.076529583,0.07681010248624962
HAWVEI_clean,HAWVEI_clean,5.44774,3.7649,5.44192,1.50867,1222.23,810.136,0.0,0.0,0.526,0.348652,0.0,0,0.188410383,0.363322341,0.3590947448699998
HEFDON_clean,HEFDON_clean,9.34267,6.30544,9.30322,1.26616,1290.92,1019.56,0.0,0.0,0.564,0.445443,0.0,1,0.115038979,0.22958615,0.22600617765874975
HEGNEN_clean,HEGNEN_clean,5.92457,4.79042,5.92457,1.92239,717.079,373.015,0.0,0.0,0.4062,0.2113,0.0,0,0.063767742,0.121882882,0.12427706009000047
HETZOW_clean,HETZOW_clean,5.51262,3.86354,5.23725,1.5527,956.041,615.728,190.025,122.384,0.5024,0.323565,0.0,1,0.093742193,0.182124858,0.18226165781499976
HIBGEF_clean,HIBGEF_clean,4.68206,3.60956,4.68206,1.41956,703.501,495.576,0.0,0.0,0.4404,0.310237,0.0,0,0.103510706,0.204049445,0.19493424735250012
HIFTOG_clean,HIFTOG_clean,7.95891,4.14066,7.95891,1.16582,1897.92,1627.97,0.0,0.0,0.6126,0.525468,0.0,0,0.17170086,0.340116327,0.33425046866500097
HIGRIA_clean,HIGRIA_clean,11.33189,6.86002,11.33189,0.649596,2356.83,3628.15,0.0,0.0,0.774,1.19151,0.0,1,0.120019612,0.242470279,0.24117131877000061
HIJSOK_clean,HIJSOK_clean,4.65728,3.47175,4.65433,1.22153,961.191,786.878,69.3358,56.7617,0.5406,0.442561,0.0,1,0.101170199,0.20305045,0.19784931343624998
HIMSAY_clean,HIMSAY_clean,5.16871,3.64786,5.16485,0.985668,753.397,764.352,500.835,508.117,0.5382,0.546026,0.0,0,0.402954878,0.730533332,0.7199419507775001
HISGAT_clean,HISGAT_clean,5.66636,4.82954,5.66636,1.37462,738.511,537.249,0.0,0.0,0.318,0.231337,0.0,1,0.124984439,0.237909917,0.2386621745937506
HIWKEE_clean,HIWKEE_clean,5.33619,3.90302,5.22967,1.1804,712.798,603.863,412.05,349.077,0.5362,0.454254,0.0,1,0.065509749,0.127639679,0.1298447636199992
HIWLOQ_clean,HIWLOQ_clean,5.62306,3.85048,5.61686,1.5787,1548.3,980.742,0.0,0.0,0.6176,0.391207,0.0,1,0.143203493,0.280082061,0.27366449177500035
HIWLUW_clean,HIWLUW_clean,5.19394,3.96476,5.19394,1.59085,1442.83,906.957,0.0,0.0,0.6148,0.386461,0.0,0,0.176615533,0.339148322,0.34173768269000016
HOFSOL_clean,HOFSOL_clean,6.47441,4.48765,6.46774,0.782233,2543.82,3252.0,0.0,0.0,0.7104,0.90817,0.0,0,0.12751115,0.255186814,0.2506561637225001
HOGJOD_clean,HOGJOD_clean,4.75742,3.71555,4.75742,1.43501,995.445,693.686,0.0,0.0,0.5006,0.348848,0.0,0,0.142024746,0.272132438,0.27724587717250143
HOGLEV_clean,HOGLEV_clean,14.03402,9.0463,14.02308,0.76193,2112.49,2772.55,0.0,0.0,0.7494,0.983555,0.0,1,0.159575599,0.314829247,0.31375813825124943
HOLQIK_clean,HOLQIK_clean,12.10808,3.4458,10.16044,0.913109,1657.88,1815.64,0.0,0.0,0.663,0.726091,0.0,1,0.151534064,0.286544239,0.2965782790362503
HOQNEI_clean,HOQNEI_clean,5.27742,4.83558,5.27742,1.18109,1071.17,906.928,0.0,0.0,0.4762,0.403186,0.0,0,0.199080867,0.377638997,0.3780409397924995
HOWQAM_clean,HOWQAM_clean,6.8261,5.31039,6.2759,1.01498,2208.17,2175.58,0.0,0.0,0.6538,0.644149,0.0,1,0.162176733,0.311386592,0.3205802842849996
HOXKIP_clean,HOXKIP_clean,5.63987,3.43131,5.63987,1.70238,1080.26,634.558,0.0,0.0,0.5028,0.295352,0.0,1,0.145828269,0.2805051,0.28125492983999867
HOXKUB_clean,HOXKUB_clean,6.32021,4.20706,6.31633,1.716,1292.29,753.082,0.0,0.0,0.5408,0.315151,0.0,1,0.17023792,0.321686999,0.32597976237250026
HUCWOT_clean,HUCWOT_clean,6.74016,3.64875,6.72751,1.24419,1425.52,1145.74,0.0,0.0,0.5586,0.448968,0.0,0,0.120215874,0.234767829,0.23386138124500014
HUDMAW_clean,HUDMAW_clean,5.85435,3.49017,5.85435,1.41425,459.28,324.752,4.50371,3.18452,0.4168,0.294714,0.0,0,0.08040456,0.153778863,0.15688952161249944
HUDWUA_clean,HUDWUA_clean,5.86312,3.92573,5.85006,1.18848,1521.84,1280.49,0.0,0.0,0.5574,0.469003,0.0,1,0.182078512,0.359508181,0.35450526500750135
HUFHOH_clean,HUFHOH_clean,11.37997,7.84586,11.37913,0.791329,2050.25,2590.9,0.0,0.0,0.7294,0.921741,0.0,1,0.071310369,0.145246709,0.14109967356750064
HUFLUR_clean,HUFLUR_clean,4.58854,4.14721,4.58854,1.14854,1287.04,1120.59,0.0,0.0,0.5678,0.494365,0.0,1,0.062521468,0.123200675,0.12396352689625015
HUQGUX_clean,HUQGUX_clean,10.2361,7.27261,10.14502,0.69251,1823.51,2633.19,0.0,0.0,0.6952,1.00388,0.0,1,0.128143876,0.255495652,0.25395445940500033
HURFEH_clean,HURFEH_clean,7.40163,5.27423,7.39913,1.02718,1852.44,1803.42,0.0,0.0,0.6308,0.61411,0.0,1,0.214825367,0.402514054,0.41423932701750066
HURFUX_clean,HURFUX_clean,6.75247,5.05596,6.75247,1.0343,1910.3,1846.94,0.0,0.0,0.6324,0.611426,0.0,1,0.219450076,0.417407722,0.42723372586250075
HUVHOX_clean,HUVHOX_clean,5.48842,3.66587,5.4468,1.48531,1066.45,718.001,0.0,0.0,0.5288,0.356021,0.0,1,0.26337718,0.48801087,0.48829082638000104
HUWLUI_clean,HUWLUI_clean,8.75473,4.69687,8.74085,1.19037,1892.69,1590.0,0.0,0.0,0.6324,0.531265,0.0,0,0.095654702,0.190943457,0.18901262260999982
HUYKUH_clean,HUYKUH_clean,11.74767,8.70516,11.74078,0.798853,1389.42,1739.27,15.3936,19.2696,0.6548,0.819675,0.0,0,0.074656853,0.148720724,0.14852866663374917
HUZXIL_clean,HUZXIL_clean,10.514,7.06946,10.514,0.669354,2073.02,3097.05,0.0,0.0,0.7026,1.04967,0.0,1,0.143254527,0.285705582,0.28529153850250066
IBABOF01_clean,IBABOF01_clean,5.88201,4.55805,5.8327,1.10239,1625.66,1474.66,0.0,0.0,0.5558,0.504176,0.0,0,0.17222239,0.331716155,0.33494584925500065
IBASAH_clean,IBASAH_clean,7.16916,5.08713,7.16916,1.9547,862.063,441.02,0.0,0.0,0.4422,0.226224,0.0,0,0.061869934,0.11831298,0.12122262130374951
IBASUB_clean,IBASUB_clean,7.25865,5.07987,7.25865,1.86882,874.187,467.775,0.0,0.0,0.4444,0.237797,0.0,0,0.061559684,0.120272884,0.11995141665499963
IBUBAL_clean,IBUBAL_clean,8.56175,6.50064,8.56175,1.3766,1598.36,1161.09,0.0,0.0,0.5934,0.431061,0.0,1,0.069044041,0.136280945,0.1378577050324996
ic051810ksi20060220_094504_clean,ic051810ksi20060220_094504_clean,6.9462,5.87305,6.9462,1.26346,2180.21,1725.6,0.0,0.0,0.6444,0.51003,0.0,1,0.125893878,0.247896002,0.24866622455125012
ic300665a_si_002_clean,ic300665a_si_002_clean,6.76851,6.40962,6.75925,1.06856,1310.99,1226.88,0.0,0.0,0.5662,0.529874,0.0,1,0.126171715,0.241072704,0.24895545878625047
ic402058f_si_002_clean,ic402058f_si_002_clean,5.68988,4.36716,5.68491,1.37492,565.476,411.28,350.976,255.27,0.5054,0.367586,0.0,1,0.191491162,0.359737289,0.35470777495375044
ic403134c_si_002_clean,ic403134c_si_002_clean,5.082,3.77684,5.05347,1.04512,1065.89,1019.88,0.0,0.0,0.4842,0.463297,0.0,0,0.354778647,0.669093423,0.6423927137474951
ic5011133_si_002_clean,ic5011133_si_002_clean,5.81331,3.76182,5.80948,1.18896,1513.31,1272.8,0.0419839,0.0353114,0.5602,0.471167,0.0,1,0.159856632,0.318839583,0.3128974621312503
ic5011133_si_003_clean,ic5011133_si_003_clean,6.22091,5.02145,6.15779,1.0165,1852.81,1822.74,0.0,0.0,0.6262,0.616036,0.0,0,0.150961037,0.298800272,0.29548415943124834
ic501801f_si_003_clean,ic501801f_si_003_clean,7.15079,6.5153,7.14534,0.88298,1302.1,1474.67,43.0565,48.7627,0.5668,0.641917,0.0,1,0.075929695,0.14919893,0.1512493398049995
ic502921j_si_003_clean,ic502921j_si_003_clean,7.7085,4.09601,7.43001,1.34893,1247.81,925.035,50.2931,37.2837,0.56,0.415144,0.0,1,0.093262971,0.183739684,0.1826290252175005
ic5b00130_si_002_clean,ic5b00130_si_002_clean,5.93683,5.18128,5.93683,1.3408,561.854,419.044,0.0,0.0,0.4314,0.321748,0.0,0,0.092105906,0.174774467,0.17903009093124975
ic5b00194_si_002_clean,ic5b00194_si_002_clean,8.53834,6.535,8.52358,0.823713,2522.95,3062.9,0.0,0.0,0.705,0.85588,0.0,1,0.215255222,0.430317941,0.4118885669499997
ic7014034-file001_clean,ic7014034-file001_clean,6.72718,4.71693,5.67099,0.945137,1965.67,2079.78,0.0,0.0,0.6212,0.657259,0.0,1,0.18674164,0.36561467,0.3654506490050023
IDORAW_clean,IDORAW_clean,10.66058,7.94571,10.64148,0.758358,1989.66,2623.65,0.0,0.0,0.7566,0.997682,0.0,1,0.086141668,0.173148976,0.1717839857524999
IDUDIW_clean,IDUDIW_clean,4.41225,3.49442,4.39662,1.09369,1435.22,1312.27,0.0,0.0,0.577,0.527571,0.0,0,0.190916064,0.369377263,0.36856666322749937
IGAHAB_clean,IGAHAB_clean,8.07676,5.90613,8.07676,1.09695,1250.92,1140.36,257.39,234.642,0.6018,0.548613,0.0,1,0.182086304,0.333569826,0.34778577881750034
IGEXOH_clean,IGEXOH_clean,5.20725,4.43194,5.19154,1.26433,2211.95,1749.5,0.0,0.0,0.6598,0.521856,0.0,0,0.149670239,0.299233508,0.29408383762249984
IHIMAP01_clean,IHIMAP01_clean,5.07944,3.8505,5.07201,1.90767,927.816,486.36,0.0,0.0,0.4506,0.236204,0.0,1,0.040516955,0.079754427,0.08012486877625027
IKEBUV_clean,IKEBUV_clean,4.87862,3.88747,4.8574,1.29691,1916.47,1477.73,0.0,0.0,0.6176,0.47621,0.0,1,0.116238745,0.231334179,0.2283228229637503
IKETIC_clean,IKETIC_clean,5.48661,4.24072,5.47557,1.63135,1674.67,1026.56,0.0,0.0,0.5538,0.339473,0.0,1,0.10390853,0.203459343,0.20415170603875082
IKOPEF_clean,IKOPEF_clean,7.2534,4.34633,7.2534,1.24385,1606.2,1291.31,0.0,0.0,0.5726,0.460344,0.0,1,0.138837638,0.269228749,0.2736879083712511
IKOSOQ_clean,IKOSOQ_clean,5.18747,4.15785,5.187,1.04558,711.454,680.438,252.551,241.541,0.5228,0.500009,0.0,1,0.165966642,0.317355797,0.3254673516974995
IKOVAH_clean,IKOVAH_clean,16.06628,15.68836,16.05839,1.01053,1521.53,1505.68,0.0,0.0,0.6416,0.634917,0.0,1,0.127544836,0.246788872,0.25447787900249896
IKUBUL01_clean,IKUBUL01_clean,4.97225,4.13588,4.96966,1.70618,1252.65,734.185,0.0,0.0,0.581,0.340527,0.0,0,0.240488386,0.449471224,0.4494119559625
IKUBUL_clean,IKUBUL_clean,5.00176,4.50394,4.98274,1.67146,1332.86,797.421,0.0,0.0,0.5778,0.345685,0.0,0,0.225424815,0.421506543,0.4282641583412507
ILIGAL_clean,ILIGAL_clean,5.39984,4.21783,5.39803,1.8431,801.718,434.983,0.0,0.0,0.424,0.230047,0.0,0,0.140500233,0.263727309,0.26804813195249844
ILIGEP_clean,ILIGEP_clean,5.40466,4.22337,5.40056,1.85928,816.766,439.291,0.0,0.0,0.4238,0.227938,0.0,0,0.140110635,0.262746182,0.2678155065699987
IMAGAG_clean,IMAGAG_clean,5.63215,4.41962,5.58123,0.709614,2844.3,4008.23,0.0,0.0,0.7052,0.99378,0.0,1,0.16430865,0.330672005,0.3235261670475015
IMAXUR_clean,IMAXUR_clean,9.35814,4.03338,9.35814,0.94009,1810.27,1925.64,0.0,0.0,0.6284,0.668447,0.0,1,0.153739288,0.300827519,0.3031163407674991
INARUM_clean,INARUM_clean,4.27147,3.60968,4.26595,1.49233,736.38,493.444,0.0,0.0,0.5148,0.344964,0.0,1,0.119133307,0.229251128,0.23295588706374942
INOMIJ_clean,INOMIJ_clean,7.95221,7.58337,7.95221,0.978026,1630.8,1667.44,0.0,0.0,0.607,0.620638,0.0,1,0.138522305,0.278453817,0.27335030260500104
INOVEN_clean,INOVEN_clean,6.5916,4.86656,6.58623,1.1112,2296.52,2066.7,0.0,0.0,0.6394,0.575413,0.0,1,0.154356043,0.306619763,0.3031928729199991
IPICOA_clean,IPICOA_clean,5.44441,4.81551,5.37454,1.57966,1489.86,943.154,0.0,0.0,0.6242,0.395149,0.0,0,0.181935412,0.353937424,0.35238519767125065
IQOHUT_clean,IQOHUT_clean,6.95469,5.55862,6.9488,0.866054,1696.91,1959.36,0.0,0.0,0.6176,0.71312,0.0,1,0.12264153,0.24769705,0.2437573280924985
IQUCOO_clean,IQUCOO_clean,6.46968,5.45118,6.44712,1.037,1366.21,1317.47,0.0,0.0,0.5412,0.521892,0.0,1,0.180496843,0.348574881,0.3492810663037514
IRAYOQ_clean,IRAYOQ_clean,5.78238,3.66955,5.46102,1.63677,1152.51,704.133,59.8933,36.5923,0.516,0.315255,0.0,1,0.109160604,0.217145079,0.21380725520999985
IROVES_clean,IROVES_clean,4.99754,4.47196,4.99754,2.88324,1161.14,402.721,0.0,0.0,0.4772,0.165508,0.0,1,0.035875114,0.070383798,0.07105824762250035
ITAPAU_clean,ITAPAU_clean,4.795,4.07473,4.77797,1.13588,2690.44,2368.6,0.0,0.0,0.6968,0.613446,0.0,1,0.032799842,0.066317335,0.06515173605375031
ITIBOD_clean,ITIBOD_clean,4.51038,3.48306,4.50833,2.426,458.262,188.896,79.7243,32.8625,0.4254,0.17535,0.0,1,0.110858446,0.208981192,0.21176865682125037
IVEHEW_manual,IVEHEW_manual,8.08882,6.64746,8.02924,0.857961,1988.29,2317.45,0.0,0.0,0.6604,0.769732,0.0,0,0.118608858,0.237360222,0.23395956679999902
IWAYIO_clean,IWAYIO_clean,9.10068,4.24338,9.10068,1.22219,1678.76,1373.57,0.0,0.0,0.5934,0.485524,0.0,1,0.076705342,0.151467544,0.1525598284337502
IWAZEL_clean,IWAZEL_clean,9.02688,4.19715,9.02563,1.29051,1705.91,1321.89,0.0,0.0,0.6062,0.469736,0.0,1,0.073821183,0.146766912,0.14625738099624988
IWELIG01_clean,IWELIG01_clean,4.6866,4.49829,4.6866,1.86798,511.71,273.938,140.313,75.1146,0.3994,0.213814,0.0,0,0.422371101,0.724316131,0.7514104820375017
IWELIG_clean,IWELIG_clean,4.69268,4.51959,4.68546,1.86097,534.218,287.064,156.241,83.9569,0.4064,0.218381,0.0,0,0.422135658,0.713988742,0.7473465245825017
IWEVAJ_clean,IWEVAJ_clean,13.76426,6.67603,13.76426,0.642349,2372.68,3693.76,0.0,0.0,0.7784,1.2118,0.0,1,0.100984831,0.201113591,0.20146251279500058
IXAZEO_clean,IXAZEO_clean,4.95392,4.38313,4.95392,1.49539,968.887,647.917,0.0,0.0,0.4732,0.31644,0.0,1,0.037652165,0.074383175,0.07452599872750018
IXEJIG_clean,IXEJIG_clean,11.25458,10.39011,10.80502,0.837465,1965.46,2346.92,0.0,0.0,0.6976,0.83299,0.000955264,1,0.102415308,0.202061411,0.20351599876125
IXEJOL_clean,IXEJOL_clean,5.47758,4.11939,5.46905,1.8094,1349.53,745.844,0.0,0.0,0.534,0.295125,0.000331601,1,0.096529758,0.188930338,0.18646517848624986
IXISAJ_clean,IXISAJ_clean,5.70852,4.41794,5.70852,1.67395,1266.62,756.664,0.0,0.0,0.5296,0.316377,0.0,0,0.216252786,0.392147152,0.40963386186749945
IXISOX_clean,IXISOX_clean,5.5699,4.33438,5.5699,1.93342,1150.89,595.258,0.0,0.0,0.516,0.266884,0.0,0,0.184778707,0.326807923,0.35171016689999923
IXISOZ02_clean,IXISOZ02_clean,4.74076,3.59919,4.72141,1.46415,983.567,671.767,0.0,0.0,0.4992,0.340949,0.0,0,0.145977819,0.284340263,0.28257723538999924
IXISUD_clean,IXISUD_clean,7.1533,3.82815,7.1533,2.06709,831.561,402.286,84.7168,40.9836,0.496,0.239951,0.0,0,0.082416204,0.16011981,0.1576228377399999
IXOFAD_clean,IXOFAD_clean,7.25204,6.74283,7.23817,1.01031,1741.08,1723.31,0.0,0.0,0.638,0.631491,0.0,0,0.140862229,0.279340478,0.2780552465687501
IXOFEH_clean,IXOFEH_clean,7.08623,6.6722,7.07786,1.02717,1639.04,1595.68,0.0,0.0,0.6198,0.603404,0.0,0,0.133529957,0.26801026,0.26290079634375135
IYAJID_clean,IYAJID_clean,7.03999,4.83767,7.03999,1.19258,1520.7,1275.13,0.0,0.0,0.565,0.473761,0.0,0,0.180517684,0.353364951,0.3517253134075014
IYICUP_clean,IYICUP_clean,7.48898,5.2438,6.05899,1.02061,1910.86,1872.27,0.0,0.0,0.6306,0.617866,0.0,0,0.164763763,0.325146311,0.32258426542125085
IYOCIK_clean,IYOCIK_clean,8.71773,6.01818,8.7094,1.33605,1729.76,1294.69,0.0,0.0,0.6404,0.479325,0.0,0,0.061934746,0.122824737,0.12309237089875033
IYOCOQ_clean,IYOCOQ_clean,8.6676,5.83377,8.6676,1.34426,1726.36,1284.24,0.0,0.0,0.6354,0.472675,0.0,0,0.06243046,0.123618671,0.12432325079250046
IYODAD_clean,IYODAD_clean,9.11936,6.31963,9.11936,1.11347,1733.11,1556.5,0.0,0.0,0.6578,0.590765,0.0,0,0.0763619,0.151106391,0.15207877918250032
IYOQAQ_clean,IYOQAQ_clean,5.30249,4.25008,5.30179,1.48751,1231.76,828.073,0.0,0.0,0.5432,0.365175,0.0,1,0.187510161,0.352647026,0.3595449842312503
IZENUY_clean,IZENUY_clean,10.28405,5.66029,7.85884,0.907624,1488.62,1640.12,573.454,631.819,0.6758,0.744581,0.0,1,0.1674119,0.333746253,0.3291036606887498
IZEPAF_clean,IZEPAF_clean,24.1004,7.53546,24.1004,0.570649,1958.05,3431.26,0.0,0.0,0.7816,1.36967,0.0,1,0.11455088,0.226981841,0.2289080242849998
IZEPEJ_clean,IZEPEJ_clean,23.87439,6.75259,21.66541,0.54542,1808.89,3316.52,0.0,0.0,0.7792,1.42862,0.0,1,0.119153707,0.236087143,0.2360326819962499
IZIHOQ_clean,IZIHOQ_clean,7.0561,5.32108,7.05322,1.40869,1409.46,1000.55,0.0,0.0,0.555,0.393983,0.0,1,0.087300526,0.171961319,0.17105561006499997
IZISEQ_clean,IZISEQ_clean,4.08842,3.70736,4.08842,1.02254,520.647,509.17,0.0,0.0,0.4678,0.457489,0.0,1,0.178205039,0.345151707,0.3391546760662492
ja110042b_si_003_clean,ja110042b_si_003_clean,18.775,6.41603,18.72266,0.610707,2220.68,3636.25,0.0,0.0,0.7614,1.24675,0.0,1,0.14173711,0.284790242,0.28089170348125103
ja300034j_si_002_clean,ja300034j_si_002_clean,16.78888,16.71746,16.78888,0.713223,1373.37,1925.59,0.0,0.0,0.772,1.08241,0.0,1,0.112417714,0.226940519,0.22169530047625025
ja302340b_si_002_clean,ja302340b_si_002_clean,8.31134,7.66102,8.31134,1.03479,1409.77,1362.37,116.194,112.287,0.5924,0.572482,0.0,1,0.135326182,0.261432019,0.2673693247112491
ja406030p_si_006_manual,ja406030p_si_006_manual,12.36076,7.19983,11.84038,0.687816,2106.83,3063.07,0.0,0.0,0.751,1.09186,0.0,1,0.169217981,0.329529336,0.33052167947000105
ja408959g_si_003_clean,ja408959g_si_003_clean,17.33749,14.32817,17.33749,0.750299,1914.17,2551.21,1.3371,1.78209,0.7272,0.969213,0.00026656,0,0.094825538,0.188666486,0.18840972561124958
ja500330a_si_005_clean,ja500330a_si_005_clean,6.34772,3.79741,5.91821,1.34881,2067.47,1532.8,0.0,0.0,0.5966,0.442315,0.000444835,1,0.095894724,0.189015361,0.18838895136625047
ja500330a_si_006_auto,ja500330a_si_006_auto,12.20585,6.15217,12.20585,0.793444,2143.73,2701.8,0.0,0.0,0.7068,0.8908,0.000252066,0,0.062799836,0.126873249,0.12445089628750008
ja507269n_si_002_clean,ja507269n_si_002_clean,27.33946,23.18439,27.33946,0.358752,1494.97,4167.13,0.0,0.0,0.865,2.41113,0.0,1,0.129670851,0.253550161,0.2618245367637507
ja512137t_si_002_clean,ja512137t_si_002_clean,8.83209,4.60356,8.83209,0.894333,2156.88,2411.72,0.0,0.0,0.6544,0.731719,0.0,0,0.208614658,0.417263803,0.4062469952637513
ja512437u_si_002_clean,ja512437u_si_002_clean,5.46454,4.64589,5.42464,1.16038,1353.66,1166.57,0.0,0.0,0.522,0.449854,0.0,1,0.175555221,0.341417395,0.3395976232187502
ja512973b_si_003_auto,ja512973b_si_003_auto,21.33814,8.58252,20.92518,0.403686,1883.32,4665.31,0.0,0.0,0.8204,2.03227,0.000495434,0,0.095697506,0.190515878,0.19108273147749952
ja512973b_si_004_auto,ja512973b_si_004_auto,23.13451,12.211,23.13368,0.298536,1643.34,5504.68,0.0,0.0,0.864,2.89413,0.0,0,0.102255845,0.204607434,0.20277758053750092
ja5131269_si_003_clean,ja5131269_si_003_clean,10.97224,8.95533,10.97224,0.663582,2332.5,3515.02,0.0,0.0,0.7592,1.14409,0.0,0,0.162254875,0.319162131,0.32182261087750175
ja5b00365_si_002_clean,ja5b00365_si_002_clean,21.77625,7.63115,21.77625,0.452533,2037.74,4502.96,0.0,0.0,0.826,1.82528,0.0,0,0.133411808,0.263601142,0.2651810254749991
ja907023c_si_001_clean,ja907023c_si_001_clean,9.61179,5.4202,9.50068,0.666698,1801.22,2701.7,393.55,590.296,0.69,1.03495,0.0,0,0.141498559,0.278215508,0.27803519376625013
ja907023c_si_004_clean,ja907023c_si_004_clean,9.71962,5.45923,9.49261,0.665822,1776.52,2668.16,388.062,582.832,0.695,1.04382,0.0,0,0.14047357,0.280380765,0.27834945047500015
jacs.5b13491_ja5b13491_si_002_clean,jacs.5b13491_ja5b13491_si_002_clean,10.00499,6.00632,8.35178,0.770104,1492.72,1938.34,566.054,735.036,0.688,0.893386,0.0,1,0.171599831,0.342729846,0.3376905049862499
jacs.6b01345_ja6b01345_si_001_clean,jacs.6b01345_ja6b01345_si_001_clean,20.28746,11.03087,20.28746,0.706861,1313.51,1858.23,15.0052,21.228,0.6976,0.986898,0.0,1,0.241317969,0.42958383,0.44588286979249914
jacs.6b04608_ja6b04608_si_003_clean,jacs.6b04608_ja6b04608_si_003_clean,17.74549,10.18366,17.61731,0.472151,1971.53,4175.64,0.0,0.0,0.8228,1.74266,0.000423593,0,0.105280444,0.208707348,0.20826974452124922
jacs.6b08724_ja6b08724_si_009_clean,jacs.6b08724_ja6b08724_si_009_clean,28.38912,26.8915,28.38912,0.324235,1424.57,4393.62,0.0,0.0,0.8668,2.67337,0.0,1,0.144505652,0.291565664,0.2837065068074993
JADBIC_clean,JADBIC_clean,6.8732,4.88929,6.87248,1.16013,1658.2,1429.33,0.0,0.0,0.5776,0.497877,0.0,1,0.121785557,0.240179343,0.23925669812624975
JADJOQ_clean,JADJOQ_clean,5.63389,5.12978,5.62594,1.03186,2420.1,2345.38,0.0,0.0,0.6734,0.65261,0.0,1,0.131993341,0.262672115,0.25904849358375126
JAKBOP01_clean,JAKBOP01_clean,5.57699,4.27379,5.57277,0.833702,1977.55,2372.01,0.0,0.0,0.6608,0.792609,0.0,0,0.081594814,0.163329579,0.16243171539375026
JAVWUY_clean,JAVWUY_clean,5.48014,3.89264,5.47915,1.114,1459.0,1309.69,0.0,0.0,0.5932,0.532494,0.0,1,0.141284026,0.275233384,0.2747886190550022
JELPAS_clean,JELPAS_clean,6.6136,5.51475,6.6136,2.20984,1180.92,534.391,0.0,0.0,0.4712,0.213228,0.0,1,0.101619136,0.194867988,0.1974077163649999
JILXOS_clean,JILXOS_clean,4.50507,4.05314,4.50324,1.57483,481.643,305.838,0.0,0.0,0.4424,0.280919,0.0,1,0.103881992,0.198119114,0.197861454915
j.inoche.2015.03.028_inc05925-mmc2_clean,j.inoche.2015.03.028_inc05925-mmc2_clean,5.98483,4.5721,5.97294,0.945356,2162.97,2287.99,0.0,0.0,0.6338,0.670435,0.0,0,0.243852422,0.473089247,0.47268482957374963
JISVAJ_clean,JISVAJ_clean,8.23303,6.49522,8.23303,0.862534,2413.26,2797.87,0.0,0.0,0.71,0.823156,0.0,1,0.103781858,0.205836744,0.20573158228499971
JIVFUQ_clean,JIVFUQ_clean,6.2294,5.27198,6.22457,1.14554,1736.51,1515.89,0.0,0.0,0.6318,0.55153,0.0,0,0.158321485,0.312471682,0.3089917664587511
JIVHIG_clean,JIVHIG_clean,5.86134,3.79303,5.86134,0.999234,920.272,920.978,0.0,0.0,0.4348,0.435133,0.0,1,0.113763262,0.219685331,0.2200451632687502
JIZJEJ_clean,JIZJEJ_clean,10.34811,9.92334,10.34811,1.06947,1137.02,1063.16,0.0,0.0,0.5768,0.53933,0.0,0,0.059299622,0.11860133,0.11742222906874958
JIZJUZ_clean,JIZJUZ_clean,10.30863,9.86894,10.26273,1.07331,1114.06,1037.97,0.0,0.0,0.5706,0.531626,0.0,0,0.059629088,0.118309399,0.11765717974749952
j.jssc.2016.09.008_mmc8_clean,j.jssc.2016.09.008_mmc8_clean,4.48976,3.77657,4.48976,1.63203,829.111,508.026,0.0,0.0,0.4792,0.293623,0.0,1,0.083832446,0.164048741,0.1627254099299999
JOGHEU_clean,JOGHEU_clean,4.6871,3.79057,4.64785,1.04241,1656.32,1588.93,0.0,0.0,0.5686,0.545465,0.0,1,0.088847936,0.176553584,0.1758988378062497
JOGHIY_clean,JOGHIY_clean,4.7279,3.83843,4.69154,1.03019,1565.61,1519.72,0.0,0.0,0.5608,0.544364,0.0,1,0.093579225,0.187062346,0.1850530085074999
JOHFIW_manual,JOHFIW_manual,6.80122,6.39579,6.80122,1.29813,1554.38,1197.39,0.0,0.0,0.5754,0.443252,0.0,0,0.168973984,0.328271064,0.32828388630875094
JOKYOX_clean,JOKYOX_clean,4.99892,3.69875,4.99892,1.57161,690.001,439.041,0.0,0.0,0.5096,0.324253,0.0,1,0.02893239,0.05793272,0.05714306004999986
JOQSOZ_clean,JOQSOZ_clean,6.10079,4.1274,6.09895,1.15948,1782.04,1536.94,0.0,0.0,0.5942,0.512473,0.0,1,0.086392668,0.171273767,0.17043813226249957
JOSNAG01_clean,JOSNAG01_clean,4.34391,3.48794,4.33354,1.48639,790.023,531.506,0.0,0.0,0.5002,0.336521,0.0,1,0.06777552,0.132693814,0.13360771294749976
JOSNAG_clean,JOSNAG_clean,4.31831,3.47722,4.26587,1.49368,756.727,506.618,0.0,0.0,0.503,0.336751,0.0,1,0.066335173,0.128236365,0.13019397113
jp102463p_si_004_clean,jp102463p_si_004_clean,7.69309,7.15133,7.69309,1.0015,1823.95,1821.21,0.0,0.0,0.6478,0.646828,0.0,0,0.147862807,0.293593012,0.2927168351825007
jp209895d_si_002_clean,jp209895d_si_002_clean,5.49532,3.6076,5.46456,1.0177,1748.28,1717.87,0.0,0.0,0.5898,0.57954,0.0,1,0.249528243,0.47569698,0.4803998279537487
JUCGUL_clean,JUCGUL_clean,6.1601,4.88151,6.1601,0.959179,1807.63,1884.57,0.0,0.0,0.5894,0.614484,0.0,1,0.217905012,0.428006728,0.42426408229500157
JUGQIN_clean,JUGQIN_clean,6.60597,5.16054,6.59079,1.12408,2425.27,2157.56,0.0,0.0,0.675,0.600491,0.0,1,0.101728372,0.202516837,0.2030753183174988
JUJMOS_clean,JUJMOS_clean,10.00436,3.46125,9.10166,1.00404,871.243,867.739,634.245,631.694,0.6146,0.612128,0.0,0,0.140349581,0.275044525,0.265847062120001
JUTCIM_clean,JUTCIM_clean,15.74073,14.87864,15.74073,0.734143,2013.05,2742.03,0.0,0.0,0.7486,1.01969,0.0,1,0.179323247,0.352586556,0.35089726048374914
JUVROJ_clean,JUVROJ_clean,5.07744,3.63748,5.07744,1.35621,1447.17,1067.07,0.0,0.0,0.563,0.415127,0.0,0,0.156098683,0.304529765,0.30513169066625184
JUYJIY_clean,JUYJIY_clean,8.93591,6.40725,8.93528,0.861374,1865.56,2165.8,0.0,0.0,0.6744,0.782935,0.0,0,0.130206717,0.256467132,0.25850901713999974
KAGVUL_clean,KAGVUL_clean,6.24779,5.74251,6.24779,3.24848,1430.81,440.455,0.0,0.0,0.5524,0.170049,0.0,1,0.048078785,0.094114513,0.09490628607625011
KAGWEW_clean,KAGWEW_clean,10.78843,9.81151,10.76706,1.6648,1720.66,1033.55,0.0,0.0,0.7082,0.425396,0.0,1,0.033742659,0.067295712,0.06710826109375007
KAHYID_clean,KAHYID_clean,8.93039,4.11514,8.89727,1.11173,2249.06,2023.03,0.0,0.0,0.7014,0.630911,0.0,1,0.061401074,0.122351364,0.12239192756999943
KALFEK_clean,KALFEK_clean,6.54196,4.56831,6.52391,0.938074,1723.71,1837.5,0.0,0.0,0.6008,0.640461,0.0,0,0.210378532,0.41242072,0.4060603375624999
KALGEL_clean,KALGEL_clean,6.46285,4.62415,6.46285,0.930333,1709.53,1837.55,0.0,0.0,0.6066,0.652024,0.0,0,0.202064831,0.39553544,0.39507975022125125
KANMIX_clean,KANMIX_clean,9.77148,3.95127,9.76981,1.08328,1654.63,1527.42,0.0,0.0,0.6392,0.590057,0.0,1,0.156536706,0.301296827,0.3062069450749996
KASRAZ_clean,KASRAZ_clean,6.01546,4.14091,6.00986,0.986437,2302.7,2334.36,0.0,0.0,0.6452,0.654071,0.0,1,0.167381146,0.329124499,0.3285904980550008
KAVGAQ_clean,KAVGAQ_clean,5.26252,4.91537,5.26252,1.15534,1485.59,1285.85,0.0,0.0,0.5246,0.454067,0.0,0,0.222283081,0.425934717,0.4297997114625012
KAVJEX_clean,KAVJEX_clean,8.73636,5.24821,8.73636,1.1563,1804.89,1560.92,0.0,0.0,0.605,0.523221,0.0,0,0.068531319,0.135445202,0.13435931017875036
KEDJAG12_clean,KEDJAG12_clean,5.63489,4.44582,5.40576,1.06079,3035.28,2861.33,0.0,0.0,0.6926,0.652908,0.0,0,0.07907785,0.158067818,0.15681984331124998
KEDJAG14_clean,KEDJAG14_clean,5.64072,4.46761,5.621,1.05911,3041.81,2872.03,0.0,0.0,0.6942,0.655454,0.0,0,0.078732314,0.159607751,0.1562801005762505
KEDJAG16_clean,KEDJAG16_clean,5.644,4.47445,5.6433,1.05807,3043.8,2876.74,0.0,0.0,0.6942,0.656098,0.0,0,0.080022582,0.158910687,0.1586457701987488
KEFWID_clean,KEFWID_clean,5.1885,3.70567,5.1885,1.78935,815.911,455.982,0.0,0.0,0.4748,0.265348,0.0,1,0.097895415,0.18899055,0.18990850801125017
KEHGIP_clean,KEHGIP_clean,4.93159,3.98659,4.92634,1.07028,1453.04,1357.62,0.0,0.0,0.5542,0.517807,0.0,1,0.279707746,0.529913604,0.5369980455125027
KETHEY02_clean,KETHEY02_clean,5.25403,3.55446,5.25403,1.49143,984.672,660.22,0.0,0.0,0.4862,0.325996,0.0,1,0.219679942,0.409605852,0.41347201548124946
KEVWUF_clean,KEVWUF_clean,9.52723,4.19884,9.52723,1.04193,2188.13,2100.07,0.0,0.0,0.7092,0.680658,0.0,1,0.063634065,0.126872376,0.1264697857624997
KEWZET_clean,KEWZET_clean,6.38285,4.89652,6.37584,1.09177,1385.23,1268.79,0.0,0.0,0.5274,0.483068,0.0,1,0.128812915,0.2527411,0.25435998256000025
KEYMUY_clean,KEYMUY_clean,6.53351,5.26079,6.50691,1.20658,1362.71,1129.4,0.0,0.0,0.5562,0.460973,0.0,1,0.162982582,0.316866908,0.3187491266200001
KIKFIV_clean,KIKFIV_clean,6.97244,5.06027,6.95895,1.05179,1573.15,1495.68,0.0,0.0,0.5538,0.52653,0.0,1,0.109683486,0.213328088,0.21449771787624963
KINFAQ_clean,KINFAQ_clean,7.6173,5.59807,7.60335,1.3531,1646.54,1216.86,0.0,0.0,0.602,0.444903,0.0,1,0.12769629,0.25478698,0.25108788674625043
KINNIG_clean,KINNIG_clean,5.23856,4.20025,5.23856,0.934994,2808.15,3003.39,0.0,0.0,0.672,0.718721,0.0,0,0.19918995,0.391562106,0.3877275230624992
KITVEQ_clean,KITVEQ_clean,6.53651,4.25527,6.53589,1.13006,897.316,794.041,0.0,0.0,0.4944,0.437498,0.0,0,0.107680333,0.207530848,0.20930445947499943
KIVDUQ_clean,KIVDUQ_clean,6.26762,4.30044,6.26762,1.44826,1375.59,949.827,0.0,0.0,0.529,0.365266,0.0,1,0.062899204,0.127618051,0.12322364075500052
KIYQOA_clean,KIYQOA_clean,4.76031,3.94678,4.76031,1.3892,1043.7,751.292,0.0,0.0,0.5312,0.382377,0.0,1,0.237085427,0.445977277,0.44428983009125084
KOBFIR_clean,KOBFIR_clean,7.61968,5.81939,7.61968,0.929894,1834.94,1973.28,0.0,0.0,0.6418,0.690186,0.0,0,0.14844487,0.295826023,0.2939919687699993
KOFPEB02_clean,KOFPEB02_clean,7.34058,5.07386,7.34058,1.77151,892.32,503.707,0.0,0.0,0.46,0.259666,0.0,0,0.06279141,0.122650038,0.1226836752150001
KOFVOS_clean,KOFVOS_clean,5.23992,4.30833,5.23699,1.25499,1442.74,1149.6,0.0,0.0,0.543,0.432672,0.0,1,0.173683935,0.334828084,0.33426722996375047
KOHDIW_clean,KOHDIW_clean,6.97684,4.55031,6.84951,0.806536,2130.46,2641.49,0.0,0.0,0.6532,0.809883,0.0,1,0.156640572,0.312344923,0.310227723935
KOHLIE_clean,KOHLIE_clean,6.85522,4.84816,6.83832,0.971676,1685.5,1734.63,0.0,0.0,0.5992,0.616666,0.0,1,0.140648375,0.277647738,0.27593019863250084
KOJTOU_clean,KOJTOU_clean,6.48228,4.55814,6.48011,1.0623,1935.66,1822.14,0.0,0.0,0.6082,0.57253,0.0,1,0.129136825,0.25365434,0.2569851618587503
KORNAI_clean,KORNAI_clean,6.27152,3.95758,6.27152,1.38102,999.488,723.73,0.0,0.0,0.4722,0.34192,0.0,1,0.08317592,0.159862108,0.16407094350875018
KOSJAF_clean,KOSJAF_clean,10.99192,9.84925,10.99026,1.18883,1563.88,1315.47,0.0,0.0,0.6324,0.53195,0.0,1,0.088095825,0.1738926,0.17429071797749848
KOVJAI01_clean,KOVJAI01_clean,4.82969,3.81832,4.82273,1.56913,1845.61,1176.2,0.0,0.0,0.5908,0.376513,0.0,1,0.096816083,0.191444214,0.1887639439750002
KOXFUA_clean,KOXFUA_clean,4.69443,3.97759,4.69443,1.13804,1028.96,904.147,0.0,0.0,0.5206,0.457451,0.0,0,0.116666318,0.225962455,0.227135431528749
KOZNIY_clean,KOZNIY_clean,6.57194,5.24744,6.52017,1.04618,2076.22,1984.58,0.0,0.0,0.6344,0.606399,0.0,1,0.10628505,0.211577819,0.21115384233374937
KUHNEI_clean,KUHNEI_clean,4.79446,3.77144,4.77823,1.53468,1318.31,859.009,0.0,0.0,0.5006,0.326191,0.0,1,0.211936929,0.400690161,0.3991854666112504
KUJNOT_clean,KUJNOT_clean,8.23736,6.10049,8.23736,1.05875,1568.61,1481.57,0.0,0.0,0.6114,0.577473,0.0,1,0.13257467,0.265314299,0.2608654313287506
KUKMUA_clean,KUKMUA_clean,7.32298,5.66775,7.31573,1.18063,2218.14,1878.78,0.0,0.0,0.6574,0.556822,0.0,1,0.133452633,0.266090161,0.26193535619125075
KULLAG_clean,KULLAG_clean,8.67819,7.37101,8.67819,0.808147,1895.46,2345.44,0.0,0.0,0.644,0.796885,0.0,1,0.108219694,0.209233079,0.21699357786749945
KULRIT_clean,KULRIT_clean,5.77631,3.79148,5.77631,1.4748,1923.58,1304.31,0.0,0.0,0.5954,0.403717,0.000135612,1,0.127751781,0.25014961,0.24940671037875103
KULZEY_clean,KULZEY_clean,5.33789,3.67614,4.8281,1.21787,366.738,301.132,43.558,35.7659,0.4728,0.38822,0.0,1,0.094156641,0.171382358,0.18203487647749994
KUQXIE_clean,KUQXIE_clean,4.66467,3.81788,4.64797,2.25323,873.463,387.649,0.0,0.0,0.4358,0.193411,0.0,1,0.095723845,0.182829689,0.1815358616587499
KUVJIW_clean,KUVJIW_clean,5.68037,4.76623,5.68037,2.51192,1254.16,499.284,0.0,0.0,0.5368,0.213701,0.0,1,0.071856886,0.140536782,0.13898798245624985
KUXREC_clean,KUXREC_clean,9.08968,8.2956,9.08968,0.720728,2297.66,3187.98,0.0,0.0,0.7352,1.02008,0.0,1,0.129984734,0.261507585,0.2586122048643754
LABNAG_clean,LABNAG_clean,10.27364,5.56329,10.24469,1.27911,1762.02,1377.54,0.0,0.0,0.6464,0.505353,0.0,0,0.061770786,0.123452685,0.12210868497625006
LACBID_clean,LACBID_clean,10.30601,6.64118,10.28692,0.805914,2114.88,2624.2,0.0,0.0,0.7002,0.868827,0.0,1,0.104439843,0.20897991,0.20836496244499977
LACZEX_clean,LACZEX_clean,9.30565,6.85906,9.27959,0.706361,2166.56,3067.21,0.0,0.0,0.6788,0.960982,0.0,1,0.137719391,0.276962309,0.27284441903125045
LADHEF_clean,LADHEF_clean,6.83841,4.27158,6.82898,1.16057,1697.89,1462.98,0.0,0.0,0.622,0.535943,0.0,1,0.134789093,0.266246796,0.2643690227162503
LAFFEG02_clean,LAFFEG02_clean,5.85231,3.84033,5.85188,1.01925,1457.17,1429.65,0.0,0.0,0.5954,0.584153,0.0,1,0.156582733,0.307202335,0.3068906449200008
LAFQUG_clean,LAFQUG_clean,12.86913,4.98724,12.65799,0.728838,1735.49,2381.17,147.1,201.828,0.6744,0.925308,0.0,0,0.206200473,0.405934728,0.3998412087475011
LAGNUE_clean,LAGNUE_clean,5.28866,4.84747,5.2531,1.29946,1308.25,1006.77,0.0,0.0,0.533,0.410171,0.0,1,0.211548527,0.406475754,0.40525825101124985
LAHYOL_clean,LAHYOL_clean,4.91604,3.64149,4.71388,1.41984,853.074,600.823,0.0,0.0,0.4516,0.318063,0.0,1,0.218703044,0.400057739,0.40940312832874926
LAKFIN_clean,LAKFIN_clean,8.38907,7.72449,8.38907,1.20127,2069.83,1723.03,0.0,0.0,0.6742,0.561239,0.0,0,0.090982457,0.183770028,0.18186137836374905
LALFUB_clean,LALFUB_clean,4.98066,4.11701,4.97309,1.72073,1391.23,808.509,0.0,0.0,0.5092,0.29592,0.0,0,0.089828918,0.177025352,0.17529760777874948
LAQNID_clean,LAQNID_clean,13.51443,6.53331,13.51443,0.653619,2236.32,3421.44,0.0,0.0,0.7516,1.1499,0.0,1,0.18073852,0.350642191,0.3529999641962492
LARPEC_clean,LARPEC_clean,7.01725,4.86799,6.99499,1.23133,2027.11,1646.27,0.0,0.0,0.6304,0.511965,0.0,1,0.156373694,0.306132307,0.3066628005675003
LASYOU_clean,LASYOU_clean,10.05429,4.94116,10.05429,0.926612,2320.72,2504.52,0.0,0.0,0.6828,0.736878,0.0,1,0.165351476,0.329909061,0.32558552070374863
LAVTAF_clean,LAVTAF_clean,6.94207,6.59487,6.94207,1.57026,1544.58,983.644,0.0,0.0,0.5696,0.362742,0.0,0,0.120553792,0.239432382,0.23567725292499941
LAVTEJ_clean,LAVTEJ_clean,6.93182,6.57314,6.93182,1.58977,1549.61,974.742,0.0,0.0,0.5672,0.356782,0.0,0,0.119923525,0.235959761,0.23533569990999925
LAVTIN_clean,LAVTIN_clean,6.87869,6.48693,6.87869,1.63046,1549.18,950.153,0.0,0.0,0.5698,0.349473,0.0,0,0.124522036,0.243831694,0.24434082898000065
LAWFUN_clean,LAWFUN_clean,6.89842,3.95926,6.89842,1.2173,1168.89,960.232,0.0,0.0,0.5192,0.426519,0.0,1,0.173839061,0.342900012,0.33368078109250066
LAWGEW_clean,LAWGEW_clean,15.06244,7.93691,15.06244,0.591684,2230.24,3769.3,0.0,0.0,0.803,1.35714,0.0,0,0.1006763,0.201474356,0.20056637816000122
LAWGIA_clean,LAWGIA_clean,15.0745,7.93652,15.0745,0.590588,2230.11,3776.08,0.0,0.0,0.8028,1.35932,0.0,0,0.100079693,0.202740622,0.19882059509625044
LAWGUM_clean,LAWGUM_clean,15.09972,7.93483,15.09787,0.58881,2231.62,3790.06,0.0,0.0,0.8032,1.36411,0.0,0,0.100883286,0.19959119,0.2004795323137516
LAWHOJ_clean,LAWHOJ_clean,10.27348,3.66364,10.27348,1.54552,1337.51,865.414,0.0,0.0,0.5444,0.352244,0.0,1,0.091643285,0.176760115,0.18045181076749972
LAXJAX_clean,LAXJAX_clean,12.82983,5.12034,12.75758,0.7175,1929.2,2688.78,0.0,0.0,0.678,0.944947,0.0,0,0.208602411,0.404159688,0.4063771284274989
LEDHEJ_clean,LEDHEJ_clean,5.17343,4.21878,5.16848,1.58915,678.436,426.917,0.0,0.0,0.4584,0.288456,0.0,1,0.148425921,0.276628267,0.27973672870499955
LEGGEK_clean,LEGGEK_clean,4.38053,3.59011,4.38053,1.51154,471.927,312.216,0.0,0.0,0.4872,0.32232,0.0,1,0.249522876,0.46702912,0.45167379129375157
LEGGIO_clean,LEGGIO_clean,5.18429,3.8135,5.15632,1.17196,1806.33,1541.29,0.0,0.0,0.5938,0.506672,0.0,1,0.191688977,0.364369034,0.3705457159450008
LELMIA01_clean,LELMIA01_clean,5.7573,4.86083,5.74121,1.47804,1284.35,868.952,0.0,0.0,0.5138,0.347622,0.0,1,0.194200846,0.37282838,0.37100813439750113
LEQQII_clean,LEQQII_clean,8.74289,7.28376,8.74289,0.770513,1869.68,2426.54,0.0,0.0,0.6812,0.884086,0.0,1,0.101073714,0.199719946,0.2009420482137507
LEVBAQ_clean,LEVBAQ_clean,5.71097,4.52955,5.6806,2.00382,1507.28,752.202,0.0,0.0,0.5374,0.268188,0.0,1,0.242719146,0.457011674,0.4536160001262513
LEVDIB_clean,LEVDIB_clean,12.81022,4.05785,12.67653,0.771367,2135.54,2768.51,0.0,0.0,0.6982,0.905146,0.0,1,0.169040912,0.330771288,0.3293971501262511
LEVNOQ01_clean,LEVNOQ01_clean,5.76478,3.88293,5.76079,0.975082,1366.72,1401.64,0.0,0.0,0.5706,0.585182,0.0,1,0.240860799,0.466268737,0.4642577075712505
LEYRAK_clean,LEYRAK_clean,9.5213,4.16248,9.5213,1.04525,2148.73,2055.7,0.0,0.0,0.7006,0.670268,0.0,1,0.061669342,0.124034905,0.12234319608499974
LIDZOP_clean,LIDZOP_clean,5.56488,4.14994,5.56158,1.64984,557.624,337.986,0.0,0.0,0.3922,0.23772,0.0,0,0.250187112,0.422155333,0.4538350137750009
LIGHAM_clean,LIGHAM_clean,5.55777,4.9763,5.55645,1.04913,1135.92,1082.72,0.164681,0.156969,0.531,0.506133,0.0,1,0.10583363,0.205700951,0.20624901790124928
LIRFIB_clean,LIRFIB_clean,9.16234,8.82724,9.16234,0.554774,2252.81,4060.77,0.0,0.0,0.8042,1.4496,0.0,0,0.070635362,0.140989602,0.14009766678375052
LIVTIT_clean,LIVTIT_clean,5.03218,4.49412,5.03218,0.873833,1850.2,2117.34,0.0,0.0,0.6576,0.752547,0.0,1,0.150599973,0.298144659,0.2956148288712496
LOBHAM_clean,LOBHAM_clean,7.0104,5.91491,7.0104,1.01758,1770.03,1739.45,0.0,0.0,0.6232,0.612433,0.0,0,0.125575726,0.250912862,0.24919661582249994
LOCZIO_clean,LOCZIO_clean,7.2178,3.83248,7.2178,1.09612,1264.7,1153.8,0.0,0.0,0.5608,0.511625,0.0,1,0.151056139,0.298740307,0.2931663346900004
LODKIA_clean,LODKIA_clean,6.01281,4.49425,5.60772,1.02042,1998.25,1958.27,0.0,0.0,0.6138,0.601518,0.0,1,0.186163762,0.366867967,0.36413328747250107
LODPUQ_clean,LODPUQ_clean,6.04771,4.78066,6.04165,1.07351,1496.3,1393.84,0.0,0.0,0.5402,0.50321,0.0,1,0.255275076,0.475447648,0.4947557476700022
LONVIV_clean,LONVIV_clean,10.81251,9.68892,10.81235,1.16864,1579.98,1351.99,0.0,0.0,0.6292,0.538405,0.0,1,0.095342487,0.189862262,0.18908191687374945
LORROB_clean,LORROB_clean,6.37003,3.61495,6.36168,1.37197,938.703,684.2,0.0,0.0,0.4942,0.360212,0.0,1,0.082983989,0.160891408,0.16227676385375023
LOSXIC_clean,LOSXIC_clean,6.03462,5.83771,6.03429,1.10745,2163.31,1953.42,0.0,0.0,0.6146,0.554971,0.0,0,0.32533752,0.595106491,0.606340194596249
LOXWEC_clean,LOXWEC_clean,7.26238,6.47995,7.26238,1.2744,1043.86,819.095,0.0,0.0,0.5004,0.392655,0.0,0,0.060081166,0.119342981,0.11841675869500046
LUCDIW_clean,LUCDIW_clean,8.52461,6.17272,8.52461,0.822543,2288.73,2782.5,0.0,0.0,0.7208,0.876306,0.0,1,0.112168285,0.224358645,0.22281610589000128
LUDCUK_clean,LUDCUK_clean,6.13722,3.87042,6.049,1.49949,788.964,526.155,0.0,0.0,0.4632,0.308905,0.0,1,0.269429739,0.472819574,0.49359849095375163
LUDLIH_clean,LUDLIH_clean,13.23241,6.67449,13.22045,0.876399,2107.58,2404.81,0.0,0.0,0.7124,0.812871,0.0,1,0.160248298,0.301847243,0.3088858402162496
LUFNAC03_clean,LUFNAC03_clean,7.68055,5.84066,7.66172,1.02599,1463.18,1426.13,0.0,0.0,0.565,0.55069,0.0,1,0.191755627,0.37944725,0.3724365725637492
LUFNEG_clean,LUFNEG_clean,4.76594,3.97544,4.75053,1.17247,1466.56,1250.83,0.0,0.0,0.5002,0.426622,0.0,1,0.331848701,0.632406923,0.6149337872825013
LUJPUC_clean,LUJPUC_clean,7.07474,4.6808,7.07474,1.16372,1382.44,1187.95,0.0,0.0,0.5842,0.50201,0.0,1,0.056987575,0.114564535,0.11270485642375014
LUPTAS_clean,LUPTAS_clean,4.91554,3.81154,4.8497,1.42961,733.471,513.055,0.0,0.0,0.4568,0.319527,0.0,1,0.153062576,0.289517283,0.29188115483500243
LUPYAX_clean,LUPYAX_clean,7.54991,6.34934,7.53102,1.01424,2199.81,2168.93,0.0,0.0,0.6806,0.671046,0.0,1,0.128575517,0.254388953,0.2541693220687499
LURLOB_clean,LURLOB_clean,7.37662,6.99185,7.37662,1.00469,1747.18,1739.02,0.0,0.0,0.6396,0.636613,0.0,0,0.138039314,0.275114649,0.27354656298000124
LUSHOX_clean,LUSHOX_clean,5.30336,4.92542,5.30336,1.19355,1298.68,1088.08,0.0,0.0,0.5398,0.452264,0.0,1,0.157338979,0.303873892,0.30649721530250146
LUSHUD_clean,LUSHUD_clean,5.21289,4.69215,5.21289,1.27198,1075.64,845.64,0.0,0.0,0.4926,0.38727,0.0,0,0.170384696,0.325352316,0.3258881236937494
LUYBOY_clean,LUYBOY_clean,7.89316,7.4198,7.87816,1.34135,1580.28,1178.13,0.0,0.0,0.5778,0.43076,0.0,1,0.086875804,0.172847238,0.1706855900212503
LUYHAP_clean,LUYHAP_clean,12.05622,6.74493,12.05603,0.618537,2287.3,3697.93,0.0,0.0,0.7716,1.24746,0.0,1,0.135018868,0.267901836,0.2701918532512511
LUZBOY_clean,LUZBOY_clean,6.14636,4.66385,6.14509,0.864953,1863.69,2154.67,0.0,0.0,0.6302,0.728594,0.0,0,0.126094108,0.246686341,0.24886950994874973
MABKEG_clean,MABKEG_clean,4.96705,4.29241,4.96705,1.47907,598.033,404.332,0.0,0.0,0.4092,0.276661,0.0,0,0.091331759,0.171791094,0.1732548664087501
MABKIK_clean,MABKIK_clean,4.95272,4.26488,4.95272,1.45304,582.257,400.715,0.0,0.0,0.4264,0.293453,0.0,0,0.085880055,0.170338481,0.1693263449800004
MACKAE_clean,MACKAE_clean,9.52684,4.31294,9.52684,2.70363,1850.45,684.433,0.0,0.0,0.6186,0.228804,0.0,1,0.029167329,0.057423063,0.05814123095249978
MAKHAJ_clean,MAKHAJ_clean,5.36353,4.34017,5.23294,1.65348,1412.13,854.037,0.0,0.0,0.5972,0.361179,0.0,0,0.202739313,0.384855687,0.3835848992150007
MAKRAU_clean,MAKRAU_clean,7.29081,6.46944,7.28567,1.08372,1133.62,1046.04,0.0,0.0,0.4976,0.459157,0.0,1,0.106299671,0.211590456,0.20842763615374849
MALSEA_clean,MALSEA_clean,16.90358,16.82254,16.90358,0.671459,1350.93,2011.93,0.0,0.0,0.767,1.14229,0.0,1,0.118921157,0.238239468,0.23704607483374968
MAPFIS_clean,MAPFIS_clean,5.59771,4.30891,5.54289,1.06696,1494.67,1400.87,0.0,0.0,0.5474,0.513047,0.0,1,0.178652822,0.344074585,0.3460558441775015
MAPLEX_clean,MAPLEX_clean,5.48812,3.7418,5.48733,1.43983,1166.77,810.351,0.0,0.0,0.499,0.346569,0.0,0,0.146454561,0.285371407,0.2826375921837506
MARNOL_clean,MARNOL_clean,5.81104,3.45148,5.7898,1.22228,1232.48,1008.35,0.0,0.0,0.5482,0.448508,0.0,1,0.137851095,0.274975974,0.2689420911762501
MASZUD_clean,MASZUD_clean,6.16395,3.77069,6.1156,1.46962,1165.3,792.926,0.0,0.0,0.5354,0.364312,0.0,1,0.078844052,0.151831346,0.15353678757374933
MATBAM_clean,MATBAM_clean,7.54049,4.88112,7.54049,1.17286,1649.01,1405.98,0.0,0.0,0.5866,0.500147,0.0,1,0.115484978,0.224981688,0.22777346983499933
MATPOP_clean,MATPOP_clean,9.20624,4.84305,9.20624,1.16023,1655.06,1426.49,0.0,0.0,0.6112,0.526791,0.0,1,0.113360134,0.221885571,0.22392151623750017
MATPUV_clean,MATPUV_clean,8.96945,4.59437,8.96945,1.16708,1604.04,1374.41,0.0,0.0,0.584,0.500396,0.0,1,0.109146617,0.214497094,0.21538364796375004
MAVNUU_manual,MAVNUU_manual,7.52328,6.25675,7.49475,1.00896,1346.7,1334.73,0.0,0.0,0.5494,0.544519,0.0,1,0.197776942,0.388244113,0.3836516082287519
MAWTUC_clean,MAWTUC_clean,5.33465,4.95075,5.33465,1.06578,1588.39,1490.35,0.0,0.0,0.586,0.549831,0.0,1,0.18156452,0.350311696,0.35489545680125184
MAYJOM_clean,MAYJOM_clean,6.51956,6.14293,6.51763,1.25239,1627.1,1299.19,0.0,0.0,0.6236,0.497928,0.0,0,0.161543483,0.316110625,0.3180142849612496
MEHMET_clean,MEHMET_clean,21.82341,9.06966,13.94061,0.408796,1899.79,4647.28,0.0,0.0,0.8328,2.0372,0.0,1,0.136868187,0.270059402,0.2734724589550005
MIFLIY_clean,MIFLIY_clean,9.88279,8.82764,9.86175,0.758162,1549.91,2044.3,0.0,0.0,0.642,0.846785,0.0,1,0.140432231,0.279874641,0.2785050644337507
MIFPUO_clean,MIFPUO_clean,6.70296,5.88092,6.70296,1.13456,971.753,856.498,0.0,0.0,0.5046,0.444752,0.0,0,0.183190782,0.354622391,0.3438093881124998
MIFQOJ_clean,MIFQOJ_clean,7.14805,6.39591,7.14805,1.06573,1037.76,973.749,0.0,0.0,0.5254,0.492994,0.0,0,0.164436991,0.314773353,0.3174513451749996
MIFTEC_clean,MIFTEC_clean,6.21252,5.76844,6.21252,1.49343,549.45,367.91,94.3906,63.2038,0.457,0.306006,0.0,1,0.059089803,0.115921277,0.11514434210374985
MINVUA01_SL,MINVUA01_SL,6.89591,6.55778,6.89591,1.0419,1703.36,1634.86,0.0,0.0,0.5962,0.572226,0.0,0,0.130596889,0.258670028,0.25805392866875076
MIQLII_clean,MIQLII_clean,6.49396,4.19114,6.49396,1.29248,1977.91,1530.32,0.0,0.0,0.6424,0.497028,0.0,0,0.143533403,0.283588479,0.28216280030999996
MOFLAV_clean,MOFLAV_clean,10.54329,3.57347,9.99148,0.796722,1428.62,1793.12,0.0,0.0,0.6376,0.800279,0.0,1,0.067610524,0.137066429,0.13442231590375017
MOGNAY_clean,MOGNAY_clean,5.98746,4.8264,5.9716,1.48355,1468.56,989.896,0.0,0.0,0.5258,0.35442,0.0,0,0.09932775,0.199317387,0.19299568868875003
MOGXUB_clean,MOGXUB_clean,4.66693,3.601,4.66693,2.8376,304.361,107.26,28.0112,9.87147,0.401,0.141317,0.0,1,0.037260958,0.071574976,0.07349007218125007
MOTVOI_clean,MOTVOI_clean,9.87335,7.01536,9.87051,1.00037,1639.71,1639.11,0.0,0.0,0.6506,0.650361,0.0,1,0.142508284,0.277587011,0.2842339219662491
MOYYIJ_clean,MOYYIJ_clean,12.42053,9.37645,12.42053,0.730593,2207.0,3020.84,0.0,0.0,0.7162,0.980299,0.0,1,0.15579177,0.306888868,0.3084124168662491
MUBZOA_auto,MUBZOA_auto,18.72717,7.12,18.72717,0.441638,1990.25,4506.52,0.0,0.0,0.8132,1.84133,0.00045286,0,0.073808554,0.148421466,0.1460476220987496
MUDTAH_clean,MUDTAH_clean,18.89368,6.63386,18.89368,0.562193,2169.18,3858.42,0.0,0.0,0.7916,1.40806,0.0,1,0.147059119,0.291585066,0.29424956177249845
MUDTEL_clean,MUDTEL_clean,19.09514,6.59272,18.85083,0.559282,2154.91,3853.0,0.0,0.0,0.789,1.41074,0.0,1,0.134855404,0.270436222,0.27021407593750024
MUFXUI_clean,MUFXUI_clean,6.32175,3.7026,6.31403,1.91517,995.288,519.687,0.0,0.0,0.5032,0.262744,0.0,1,0.064742676,0.125687569,0.12543774162750018
MUGFOK_clean,MUGFOK_clean,5.96918,4.1656,5.96918,1.0315,1325.72,1285.24,0.0,0.0,0.5408,0.524287,0.0,0,0.103402635,0.203928791,0.20198445138874965
MUGHED_clean,MUGHED_clean,6.89695,5.88693,6.88053,1.44086,1384.56,960.922,0.0,0.0,0.5716,0.396706,0.0,0,0.176020507,0.340561143,0.34053059584875
MUGQAI_clean,MUGQAI_clean,4.49067,3.71104,4.4722,1.86928,279.265,149.397,0.0,0.0,0.3624,0.193872,0.0,1,0.149334731,0.274241579,0.2695663827362516
MUJRIT_clean,MUJRIT_clean,6.24948,5.12409,6.24249,1.30647,1092.9,836.531,0.0,0.0,0.5376,0.411492,0.0,1,0.062606048,0.123677185,0.12280982203124989
MUNDEG_clean,MUNDEG_clean,13.44844,12.65122,13.43461,0.869875,2175.3,2500.7,0.0,0.0,0.7658,0.880357,0.0,1,0.081321708,0.161154998,0.16183458095874959
MUNDOQ_clean,MUNDOQ_clean,14.169,13.34985,14.06749,0.845802,2182.1,2579.91,0.0,0.0,0.7752,0.916526,0.0,1,0.079294117,0.158092272,0.15882828144374994
MUNLUE_clean,MUNLUE_clean,8.36355,6.76783,8.36355,1.33052,1528.86,1149.07,0.0,0.0,0.5564,0.418184,0.0,0,0.101006307,0.196855885,0.1981838052837504
MUNNUF_clean,MUNNUF_clean,7.33223,5.00492,7.33223,0.937356,1880.0,2005.64,0.0,0.0,0.6136,0.654607,0.0,1,0.182287381,0.354998301,0.3596836742262501
MURCAD_clean,MURCAD_clean,4.60111,3.76823,4.60111,1.18753,1551.89,1306.82,0.0,0.0,0.5832,0.491102,0.0,1,0.151605568,0.298049079,0.2944069855337512
MUVGUG_clean,MUVGUG_clean,5.3049,3.8372,5.3049,0.980252,740.547,755.465,511.645,521.952,0.5644,0.57577,0.0,0,0.426690658,0.764675287,0.7847673342874988
MUVJIX_clean,MUVJIX_clean,5.57567,4.9751,5.5219,1.4259,1132.91,794.523,0.0,0.0,0.4782,0.335368,0.0,1,0.112643764,0.2185209,0.21690200842874965
MUVLUM_clean,MUVLUM_clean,8.4023,7.67137,8.36811,1.09338,1571.87,1437.62,0.0,0.0,0.597,0.546011,0.0,1,0.116313528,0.230157893,0.22804852711874937
MUWQEB_clean,MUWQEB_clean,15.66484,9.57746,15.5128,0.72296,1280.06,1770.59,458.981,634.865,0.7258,1.00393,0.0,1,0.138501994,0.273405191,0.2730369905400008
MUZVUA_clean,MUZVUA_clean,6.29282,4.92678,6.2328,1.05196,1843.91,1752.83,0.0,0.0,0.6012,0.571503,0.0,1,0.135885719,0.259855287,0.2669865532675002
NACYAU_clean,NACYAU_clean,9.59326,6.44061,9.30682,0.587991,2547.85,4333.14,0.0,0.0,0.7478,1.27179,0.0,1,0.154501191,0.308684246,0.30750065666000004
NAFSOF_clean,NAFSOF_clean,10.41333,8.31604,10.41316,0.437831,2285.29,5219.56,0.0,0.0,0.8158,1.86328,0.0,1,0.135246346,0.273957162,0.27048299758875144
NAHFIO_clean,NAHFIO_clean,5.2589,3.87482,5.25696,1.10135,1180.95,1072.27,0.0,0.0,0.523,0.474873,0.0,0,0.08436603,0.167885351,0.16558847474000007
NAHNES_clean,NAHNES_clean,12.52913,11.45257,12.52913,0.578749,2093.33,3616.99,0.0,0.0,0.7668,1.32493,0.0,1,0.124899593,0.251277438,0.24822337570124972
NAJSUP_clean,NAJSUP_clean,6.289,4.7993,6.289,1.17213,2075.39,1770.61,0.0,0.0,0.6006,0.512401,0.0,1,0.208596844,0.402940894,0.4032035640050008
NAMDUD_clean,NAMDUD_clean,16.03482,3.9849,16.03053,0.771409,1799.33,2332.52,0.0,0.0,0.674,0.873726,0.0,1,0.184080397,0.354712465,0.35701974023750205
NANTII_clean,NANTII_clean,10.0936,8.00204,10.0936,0.620421,2302.26,3710.81,0.0,0.0,0.7974,1.28526,0.0,1,0.076962133,0.155927105,0.15290454563750036
NAPNEA_clean,NAPNEA_clean,6.09623,3.46864,4.58597,0.972297,496.247,510.387,355.216,365.337,0.5562,0.572048,0.0,0,0.207162498,0.386947132,0.3900095682862488
NAQREE_clean,NAQREE_clean,8.85655,4.22407,8.85397,1.08196,2247.94,2077.65,0.0,0.0,0.7126,0.658619,0.0,1,0.063548639,0.126754784,0.12634076988499957
NARMUR_clean,NARMUR_clean,3.85567,3.41897,3.84405,2.08835,240.166,115.003,0.0,0.0,0.399,0.19106,0.0,1,0.027327528,0.054465576,0.05342883455874983
NATKIF_clean,NATKIF_clean,17.00981,12.93858,16.43746,0.345463,1901.41,5503.94,0.0,0.0,0.8556,2.47668,0.0,1,0.157134919,0.318508651,0.3147512434899992
NATKOL_clean,NATKOL_clean,7.96067,5.75072,7.91611,0.695846,2746.18,3946.53,0.0,0.0,0.699,1.00453,0.0,1,0.159045924,0.316285699,0.31303310288499814
NAWDUN_clean,NAWDUN_clean,7.40097,5.49968,7.39892,0.842634,2070.76,2457.48,0.0,0.0,0.6368,0.755726,0.0,1,0.191453044,0.378304933,0.37274633471000107
NAXKOO_clean,NAXKOO_clean,7.154,7.00039,7.154,1.18269,1555.75,1315.44,0.0,0.0,0.5548,0.469101,0.0,0,0.326567682,0.629594753,0.5993065492687518
NAXLII_clean,NAXLII_clean,5.86925,5.28522,5.86925,1.2305,998.395,811.372,0.0,0.0,0.5042,0.409751,0.0,1,0.083125939,0.163341573,0.16547275858249935
NAYZUK_SL,NAYZUK_SL,9.49894,7.59757,9.49894,1.33539,970.819,726.992,135.046,101.128,0.563,0.421599,0.0,0,0.109924961,0.217483589,0.21483967557375053
nchem.2258-s3_clean,nchem.2258-s3_clean,11.60468,9.32321,11.60031,0.548188,2435.64,4443.09,11.1166,20.2788,0.7802,1.42324,0.0,1,0.186386649,0.37862422,0.3666880202287504
ncomms7350-s2_clean,ncomms7350-s2_clean,6.32642,5.9567,6.32642,1.52435,1274.9,836.355,0.0,0.0,0.531,0.348344,0.0,1,0.064612642,0.13047325,0.1266880911637499
NETYIV01_clean,NETYIV01_clean,8.07265,7.09602,8.06746,0.782971,2020.36,2580.37,0.0,0.0,0.686,0.87615,0.0,1,0.108601901,0.214728273,0.2167753175437501
NEVPOU_clean,NEVPOU_clean,6.31655,5.18077,6.31594,1.2374,1037.41,838.376,200.543,162.068,0.5652,0.456764,0.0,1,0.109061741,0.213111615,0.21294890724999935
NEXXEV_clean,NEXXEV_clean,10.14339,9.60102,10.14163,0.701942,1675.6,2387.1,0.0,0.0,0.6396,0.911186,0.0,1,0.167579875,0.323547826,0.32731890681874887
NEYVEU_clean,NEYVEU_clean,20.18169,6.42425,20.08436,0.514184,2007.78,3904.79,0.0,0.0,0.7952,1.54653,0.0,0,0.13477443,0.267920255,0.27016463329124973
NEZWOG01_clean,NEZWOG01_clean,6.15081,4.94067,6.15081,1.68632,1580.27,937.116,0.0,0.0,0.5538,0.328408,0.0,1,0.04284259,0.085445689,0.08504702367999988
NIFTIH_clean,NIFTIH_clean,4.90975,3.65701,4.90975,1.37616,1012.21,735.536,0.0,0.0,0.5236,0.380479,0.0,1,0.179735566,0.347867201,0.34430600116375004
NIGDIS_clean,NIGDIS_clean,14.03164,7.36423,14.03164,0.622681,2210.2,3549.5,0.0,0.0,0.7674,1.23241,0.0,1,0.161261366,0.323441328,0.3197037693300024
NIGGEQ_clean,NIGGEQ_clean,7.37601,4.62938,6.94846,1.24921,2427.77,1943.44,0.0,0.0,0.6582,0.526892,0.0,1,0.111446885,0.222249279,0.22142840880000153
NIHBIQ01_clean,NIHBIQ01_clean,5.30133,3.89271,5.30133,1.65496,952.5,575.542,0.0,0.0,0.4798,0.289916,0.0,0,0.107271935,0.205810164,0.2071826458662494
NIJTOR_clean,NIJTOR_clean,5.13346,3.60858,4.57199,1.35089,285.546,211.376,191.611,141.84,0.4084,0.302318,0.0,1,0.141433104,0.260197401,0.27084566510624897
NIKKIC_clean,NIKKIC_clean,5.94413,4.27315,5.93398,1.24613,1177.42,944.864,0.0,0.0,0.498,0.399638,0.0,1,0.140624337,0.270827401,0.2731766459062514
NIKZAJ01_clean,NIKZAJ01_clean,4.60883,3.61545,4.57384,1.79637,691.539,384.965,0.0,0.0,0.4298,0.23926,0.0,0,0.110018673,0.208525166,0.21080848845124966
NIMPEG01_clean,NIMPEG01_clean,8.44,5.51406,8.10508,0.6075,2688.56,4425.61,0.0,0.0,0.7444,1.22535,0.0,1,0.156336072,0.312173052,0.31085719300875053
NIMPEG_clean,NIMPEG_clean,5.8871,5.25211,5.8871,0.735505,2646.72,3598.51,0.0,0.0,0.6844,0.930517,0.0,1,0.162800639,0.328184689,0.32210861073375135
NIMPOQ_clean,NIMPOQ_clean,9.48433,7.47639,9.46555,0.558554,2612.29,4676.87,0.0,0.0,0.765,1.36961,0.0,1,0.156456556,0.317528886,0.3122982678837517
NINVAI_clean,NINVAI_clean,11.85606,6.40748,11.85606,0.818223,2181.06,2665.61,0.0,0.0,0.7028,0.858935,0.0,1,0.186521566,0.356058304,0.3569828402737523
NIYJAI_clean,NIYJAI_clean,5.86863,4.46882,5.70658,1.13108,1072.3,948.033,0.0,0.0,0.5246,0.463806,0.0,0,0.126059512,0.247429438,0.24450219526250133
NOBVOR_clean,NOBVOR_clean,5.28259,5.11208,5.27848,1.1717,1472.77,1256.95,0.0,0.0,0.5292,0.451653,0.0,0,0.220342436,0.426700918,0.42732041399750015
NOCLOH01_clean,NOCLOH01_clean,5.48382,4.82541,5.46744,1.30816,1237.43,945.928,0.0,0.0,0.5374,0.410806,0.0,1,0.17406635,0.335685597,0.33408371075875004
NOCLOH_clean,NOCLOH_clean,5.4394,4.78188,5.37771,1.31451,1235.22,939.686,0.0,0.0,0.5324,0.405018,0.0,1,0.173775771,0.335190876,0.33326318528875004
NOCYUB_clean,NOCYUB_clean,4.54438,4.10807,4.54438,1.72564,433.752,251.357,0.0,0.0,0.3964,0.229712,0.0,1,0.047106415,0.090674328,0.0919650913149998
NODKAT_clean,NODKAT_clean,4.87174,3.58316,4.87174,1.20089,870.838,725.159,0.0,0.0,0.5258,0.437841,0.0,0,0.212023747,0.388186342,0.4029539339800005
NODKOH_clean,NODKOH_clean,5.43236,4.66054,5.43106,1.05473,1385.41,1313.52,0.0,0.0,0.5884,0.557866,0.0,0,0.173036351,0.334433084,0.3379672917212504
NOHSIM_clean,NOHSIM_clean,4.94525,3.77888,4.76061,1.43422,1498.07,1044.52,0.0,0.0,0.608,0.423923,0.0,0,0.136904157,0.265173702,0.26680038830124986
NOPJOT_clean,NOPJOT_clean,6.1592,4.69936,6.14418,1.00061,2117.03,2115.74,0.0,0.0,0.6142,0.613825,0.0,1,0.166602865,0.330206587,0.3286807142325018
NOSTUM_clean,NOSTUM_clean,5.81524,5.30062,5.7997,0.959933,1717.62,1789.31,0.0,0.0,0.6084,0.633794,0.0,1,0.209210799,0.411517138,0.40283531846124987
NUBBAP_clean,NUBBAP_clean,14.05418,6.66438,11.10621,0.762781,2298.42,3013.21,0.0,0.0,0.7708,1.01051,0.0,1,0.109633154,0.220924208,0.21771070414875132
NUCCEV_clean,NUCCEV_clean,6.52615,3.99784,6.52615,1.00465,1502.03,1495.08,0.0,0.0,0.556,0.553427,0.0,1,0.193329274,0.362622332,0.37929412363249954
NUCPEI_clean,NUCPEI_clean,6.7664,4.45805,6.7664,1.03972,2105.55,2025.11,0.0,0.0,0.6338,0.609585,0.0,1,0.304014013,0.590269445,0.5801151426050022
NUDMEG_clean,NUDMEG_clean,6.29424,5.40754,6.23822,1.19809,1344.33,1122.06,0.0,0.0,0.5334,0.445207,0.0,0,0.165796506,0.321104932,0.32285502494499974
NUGRIR_clean,NUGRIR_clean,8.70402,6.3995,8.695,1.28478,1827.49,1422.42,0.0,0.0,0.645,0.502033,0.0,0,0.057949643,0.116106707,0.11537771597625043
NUHQIS_clean,NUHQIS_clean,6.54623,4.66095,6.54623,1.20529,1894.68,1571.97,0.0,0.0,0.5972,0.495483,0.0,1,0.152113732,0.293476693,0.297142824399999
NUHRAL_clean,NUHRAL_clean,6.51247,4.65457,6.51247,1.22333,1897.36,1550.98,0.0,0.0,0.5928,0.484579,0.0,1,0.154577395,0.295386468,0.3026062206399994
NUNNUH_clean,NUNNUH_clean,6.00836,4.32228,5.9546,0.799722,2197.7,2748.08,0.0,0.0,0.6854,0.857048,0.0,1,0.154673537,0.306358412,0.30672237734874913
NURMUJ_clean,NURMUJ_clean,4.39424,3.64857,4.38802,1.20073,1518.88,1264.97,0.0,0.0,0.6332,0.527347,0.0,1,0.121443042,0.237525826,0.23935090360749967
NUVWEH_clean,NUVWEH_clean,5.84014,3.85397,5.84014,1.503,1203.66,800.838,0.0,0.0,0.5116,0.340385,0.0,1,0.057360237,0.112857361,0.11253016580749996
NUWPOM_clean,NUWPOM_clean,8.32687,8.01604,8.32687,1.25431,1381.61,1101.49,0.0,0.0,0.5552,0.442633,0.0,1,0.041209499,0.081911564,0.08198060688124985
OBIBEJ_clean,OBIBEJ_clean,8.27924,5.80407,6.33414,0.828843,1754.26,2116.52,0.0,0.0,0.601,0.725107,0.0,1,0.136031288,0.26887759,0.2683723059187497
OBUFIB_SL,OBUFIB_SL,4.69226,3.94966,4.47162,1.56841,881.672,562.145,0.0,0.0,0.426,0.271613,0.0,0,0.085656338,0.166069193,0.16791265846000034
OCOKUP_clean,OCOKUP_clean,5.00304,3.71484,4.99284,1.15999,792.721,683.386,0.0,0.0,0.474,0.408624,0.0,1,0.149715384,0.283167845,0.28954236196375016
OCUNAE_clean,OCUNAE_clean,5.43724,3.65933,5.43724,1.22157,1397.41,1143.94,27.2256,22.2874,0.5506,0.450731,0.0,1,0.093730734,0.184049873,0.18560971962249984
OCUSOV_clean,OCUSOV_clean,4.91031,3.4317,4.90721,1.52702,1101.56,721.382,0.0,0.0,0.5004,0.327698,0.0,1,0.163974413,0.319428702,0.31101400104375065
ODIMAQ_clean,ODIMAQ_clean,8.52073,7.26741,8.52073,1.44329,1085.87,752.358,0.0,0.0,0.5848,0.405186,0.0,1,0.028240114,0.054455691,0.055804379751249515
ODODOC_clean,ODODOC_clean,7.00262,4.84122,6.9907,1.05423,1743.61,1653.92,0.0,0.0,0.6044,0.57331,0.0,0,0.12148436,0.240006854,0.23936475993374967
ODODUI_clean,ODODUI_clean,11.00214,7.6444,10.86092,0.618366,2208.53,3571.55,0.0,0.0,0.7646,1.23648,0.0,1,0.131816338,0.264728949,0.26115080414374975
ODOMIF_clean,ODOMIF_clean,4.61212,3.63133,4.60194,1.07759,1653.01,1533.99,0.0,0.0,0.5582,0.51801,0.0,0,0.289744054,0.557829919,0.5475173837249974
OFAWEZ_clean,OFAWEZ_clean,10.66695,9.07717,10.66695,0.975199,2204.12,2260.18,0.0,0.0,0.7702,0.789787,0.0,1,0.066375545,0.133440264,0.13109043527249914
OFESAU_clean,OFESAU_clean,7.18693,4.9999,7.18693,1.91678,854.706,445.907,0.0,0.0,0.4402,0.229656,0.0,0,0.063576466,0.123601313,0.12477059147625023
OFESEY_clean,OFESEY_clean,7.30457,5.07688,7.30457,1.8342,871.652,475.221,0.0,0.0,0.451,0.245883,0.0,0,0.064771099,0.125751822,0.12623333621999905
OFODET_clean,OFODET_clean,6.29959,4.57313,6.27845,1.15382,1340.43,1161.73,0.0,0.0,0.519,0.449811,0.0,1,0.138491325,0.271319776,0.26902196862624944
OFUCEZ_clean,OFUCEZ_clean,5.30083,4.49138,5.29823,1.50666,1791.35,1188.95,0.0,0.0,0.5642,0.374471,0.0,1,0.082540766,0.166192401,0.16343795694250077
OGIBUD_clean,OGIBUD_clean,6.49659,4.27127,6.49659,1.11792,1777.29,1589.82,0.0,0.0,0.603,0.539397,0.0,0,0.198442123,0.389337352,0.3859210732137508
OGIYUZ_clean,OGIYUZ_clean,9.8373,8.87116,9.8373,1.07364,1299.27,1210.15,0.0,0.0,0.577,0.537422,0.0,0,0.144281787,0.273307018,0.2774879361150003
OHAKEO_clean,OHAKEO_clean,5.91842,4.8868,5.91143,1.15127,1254.68,1089.81,0.0,0.0,0.543,0.471652,0.0,0,0.216353223,0.407957435,0.41436253334374945
OJIWAG_clean,OJIWAG_clean,5.38643,4.20657,5.38643,1.10966,1491.09,1343.75,0.0,0.0,0.561,0.505563,0.0,1,0.208913049,0.401574364,0.40320736789124956
OJORUC_clean,OJORUC_clean,8.31671,3.81807,7.2234,0.868373,1910.02,2199.54,0.0,0.0,0.6578,0.757508,0.0,1,0.239390087,0.46444777,0.4678484590724981
OKABAE_clean,OKABAE_clean,14.07417,9.53484,14.07417,0.650845,2097.18,3222.24,0.0,0.0,0.77,1.18308,0.0,1,0.126752098,0.255877667,0.2524082089800001
OKIVUA_clean,OKIVUA_clean,5.10253,4.2044,5.09658,1.08974,982.283,901.395,83.5631,76.6819,0.5216,0.478648,0.0,0,0.217110971,0.410304123,0.4130628912512491
OKUSUK_clean,OKUSUK_clean,24.78598,13.19796,24.78598,0.313235,1548.59,4943.87,0.0,0.0,0.8766,2.79854,0.0,1,0.147983346,0.293956966,0.29757205677500076
OLAGIR_clean,OLAGIR_clean,5.85131,3.81671,5.85131,1.37856,1640.47,1189.99,0.0,0.0,0.6336,0.459611,0.0,0,0.187349227,0.355104775,0.3612938722649995
OMIPAD_clean,OMIPAD_clean,5.24341,3.62169,5.16602,1.1791,539.772,457.781,0.0,0.0,0.4566,0.387243,0.0,0,0.241524882,0.422900606,0.4425434640087485
ONUQOE_clean,ONUQOE_clean,5.78941,4.64204,5.78941,1.32315,1185.02,895.611,0.0,0.0,0.5286,0.399503,0.0,0,0.180406502,0.340907904,0.35026356984875034
OPAMOI_clean,OPAMOI_clean,4.34496,3.46478,4.34496,1.66467,999.374,600.345,0.0,0.0,0.5336,0.320544,0.0,1,0.109290774,0.213866952,0.21243822660749964
OPENUT_clean,OPENUT_clean,7.63636,6.82671,7.63251,1.41267,1546.48,1094.72,0.0,0.0,0.5554,0.393156,0.0,1,0.071010369,0.139701344,0.14013836421999915
OPIWEQ_clean,OPIWEQ_clean,4.3926,3.70955,4.3926,1.4951,548.278,366.717,0.0,0.0,0.4282,0.286403,0.0,0,0.186525144,0.348445395,0.34961404197999907
OPOZEZ_clean,OPOZEZ_clean,7.29162,6.03013,7.28839,1.13101,1136.3,1004.68,0.0,0.0,0.5256,0.464718,0.0,0,0.08721588,0.174649451,0.17184648474250025
OQIZUL_clean,OQIZUL_clean,13.227,6.74608,13.21397,0.868865,2105.53,2423.31,0.0,0.0,0.7146,0.822452,0.0,1,0.160434934,0.29469826,0.30933315560999985
OQUCOU_clean,OQUCOU_clean,8.09828,4.42359,8.09828,0.85933,2801.31,3259.88,0.0,0.0,0.697,0.811097,0.0,1,0.113151609,0.227483127,0.22450016359374947
OQUFAJ04_clean,OQUFAJ04_clean,10.98593,10.0178,10.98593,1.04962,2124.9,2024.45,7.18544,6.84576,0.6738,0.641947,0.000381091,1,0.103180679,0.202940173,0.2041182015549997
OQUFOX_clean,OQUFOX_clean,11.5339,10.83209,11.5339,1.11588,1914.53,1715.71,0.0,0.0,0.6464,0.579272,0.00035846,1,0.113822102,0.224282289,0.22477286379625078
ORAGOF_clean,ORAGOF_clean,11.1071,8.37381,11.01802,1.02581,1703.75,1660.88,0.0,0.0,0.6588,0.642222,0.0,1,0.073053488,0.145491256,0.14618590875124907
ORIVUI_clean,ORIVUI_clean,11.75163,10.98212,11.75156,1.19791,1581.46,1320.18,0.0,0.0,0.6576,0.548955,0.0,1,0.095422852,0.188696501,0.18904128802249973
ORUKET_clean,ORUKET_clean,11.72853,7.7572,11.72853,0.760878,1856.28,2439.65,0.0,0.0,0.6772,0.890024,0.0,1,0.125046842,0.252314013,0.24820787460999913
ORUKOD_clean,ORUKOD_clean,4.98278,3.59875,4.86135,1.67769,666.045,397.001,0.0,0.0,0.4328,0.257974,0.0,1,0.133471022,0.244934585,0.25010156222375046
OSIXIY_clean,OSIXIY_clean,4.45544,3.93912,4.44865,1.99203,383.618,192.577,0.0,0.0,0.4342,0.217969,0.0,1,0.04637174,0.094055912,0.09155138247625022
OTAVAH_clean,OTAVAH_clean,5.59343,4.88116,5.59343,1.10464,1681.99,1522.66,0.0,0.0,0.5666,0.512927,0.0,0,0.071031765,0.138917237,0.14089357928874963
OTIJAE_clean,OTIJAE_clean,7.04903,4.97186,7.04895,1.01719,2261.56,2223.34,0.0,0.0,0.6676,0.65632,0.0,0,0.077067257,0.151144427,0.1525057033812509
OVEJIJ_clean,OVEJIJ_clean,6.31656,4.24661,6.2524,1.60097,1225.59,765.53,134.792,84.1937,0.5422,0.33867,0.0,1,0.109726438,0.213543629,0.21205818365124937
OWEYOF_clean,OWEYOF_clean,6.37079,4.45129,6.36918,1.04803,1419.15,1354.11,0.0,0.0,0.5498,0.524602,0.0,0,0.34218206,0.646792175,0.6419005756062517
OWIHEJ_clean,OWIHEJ_clean,7.35052,7.17386,7.35052,1.33314,1629.69,1222.45,0.0,0.0,0.6108,0.458167,0.0,0,0.226151476,0.450091996,0.4435218976937451
OWILAJ_clean,OWILAJ_clean,8.92733,6.71409,8.92733,0.968913,1708.71,1763.53,0.0,0.0,0.6184,0.638241,0.000412834,1,0.108410795,0.208249324,0.2152164492649996
OWUWUA_clean,OWUWUA_clean,5.57616,4.37097,5.56477,1.14473,1062.1,927.816,0.0,0.0,0.5102,0.445693,0.0,1,0.143364856,0.277508633,0.2756780218112513
OYERER_clean,OYERER_clean,14.32515,11.45272,14.00664,0.462369,2190.15,4736.81,0.0,0.0,0.8394,1.81543,0.0,1,0.09313346,0.182183896,0.18515098097249985
OYIVEY_clean,OYIVEY_clean,8.41834,4.77784,8.41834,1.02358,1872.15,1829.01,0.0951624,0.0929698,0.626,0.611576,0.0,1,0.132613047,0.262474751,0.26168484305500056
OYOSAX_clean,OYOSAX_clean,5.10436,4.21189,5.06572,1.19023,1067.87,897.196,0.0,0.0,0.5162,0.433699,0.0,1,0.161513466,0.314364186,0.3107299622437493
OZUKOL_clean,OZUKOL_clean,11.66314,11.04095,11.6623,1.07501,1570.69,1461.09,0.0,0.0,0.6578,0.611902,0.0,1,0.088139079,0.1764495,0.1756846450537481
OZUMAZ_clean,OZUMAZ_clean,11.32593,10.60044,11.32547,1.32216,1533.89,1160.14,0.0,0.0,0.6396,0.483754,0.0,1,0.081272351,0.163924984,0.16021127198249982
PAFMUH_clean,PAFMUH_clean,4.1569,3.45207,4.13312,1.53558,373.555,243.267,0.0,0.0,0.4318,0.281197,0.0,1,0.093519285,0.178356253,0.17876793307250047
PAJSAX_clean,PAJSAX_clean,11.72543,11.19673,11.71838,0.847503,1673.18,1974.24,0.0,0.0,0.6882,0.812032,0.0,0,0.105589538,0.208483742,0.2097016176325001
PAKXIK_clean,PAKXIK_clean,5.56128,3.90775,5.56038,1.25158,1486.65,1187.82,19.61,15.6682,0.5744,0.458939,0.0,1,0.119526458,0.230765932,0.23440874578375098
PAMHIW_clean,PAMHIW_clean,9.2687,4.50421,9.2687,0.952087,1296.4,1361.64,427.264,448.766,0.6164,0.64742,0.0,0,0.207544234,0.405694997,0.39655569298499815
PAMTOO_clean,PAMTOO_clean,12.35154,5.62136,12.35154,0.923606,1995.9,2160.98,0.0,0.0,0.7096,0.768293,0.0,1,0.142250317,0.27829756,0.2790253587700007
PAPRUU_clean,PAPRUU_clean,7.39284,4.83476,7.39284,1.80811,810.66,448.345,0.0,0.0,0.438,0.242241,0.0,0,0.05924887,0.116494598,0.11486306843249983
PARNIH_clean,PARNIH_clean,8.32489,6.77668,8.32489,0.861017,1951.67,2266.71,0.0,0.0,0.6712,0.779544,0.0,1,0.096551093,0.192108656,0.19302029464375042
PARNON_clean,PARNON_clean,7.81335,6.23608,7.8124,0.973393,1971.82,2025.72,0.0,0.0,0.6118,0.628523,0.0,1,0.127872211,0.248310389,0.25246766961374895
PASTOU_clean,PASTOU_clean,6.66976,4.5166,6.66976,1.58721,797.598,502.516,0.0,0.0,0.4778,0.301032,0.0,1,0.060187474,0.118063269,0.11801797389250045
PAVLOO_clean,PAVLOO_clean,4.63098,4.29599,4.63098,1.36764,915.445,669.362,13.6565,9.98545,0.5494,0.401715,0.0,1,0.368195653,0.658015597,0.6464741147212463
PEFRID_clean,PEFRID_clean,9.83364,8.16227,9.74315,1.01836,1671.9,1641.77,0.0,0.0,0.6476,0.635927,0.0,1,0.125125305,0.245024507,0.24653392064374938
PEGCIP_clean,PEGCIP_clean,5.4738,4.63859,5.45736,1.20371,1399.17,1162.38,0.0,0.0,0.5244,0.435652,0.0,1,0.200849348,0.380523017,0.3859253845049995
PEKCUF_clean,PEKCUF_clean,8.20333,5.43297,8.20152,0.769862,2179.49,2831.01,0.0,0.0,0.6652,0.864051,0.0,1,0.137667604,0.274761852,0.27286404085500054
PEKZIP_clean,PEKZIP_clean,4.53518,4.08657,4.53518,1.41548,619.125,437.397,0.0,0.0,0.4398,0.310708,0.0,1,0.090886415,0.178536861,0.17382773135999974
PEMREG_clean,PEMREG_clean,9.06566,7.46673,9.06566,0.753022,2058.76,2734.0,0.0,0.0,0.7058,0.93729,0.0,1,0.108192601,0.213526085,0.2171081549337494
PEPLAY_clean,PEPLAY_clean,6.74837,6.3776,6.72825,1.05651,1615.67,1529.25,0.0,0.0,0.6178,0.584755,0.0,0,0.142036187,0.278530791,0.2810363790325001
PEQRUZ_clean,PEQRUZ_clean,5.68699,4.77458,5.65626,1.19715,1015.07,847.906,0.0,0.0,0.4752,0.396942,0.0,1,0.36303171,0.660962785,0.6420905622962461
PEVQOY_clean_h,PEVQOY_clean_h,14.80942,7.88362,14.80084,0.613708,2232.3,3637.4,0.0,0.0,0.8108,1.32115,0.0,0,0.104048952,0.208629573,0.2086979702674988
PEYSIW_clean,PEYSIW_clean,5.69089,4.7197,5.69089,1.0552,1032.59,978.576,0.0,0.0,0.5102,0.483511,0.0,0,0.158644677,0.306747586,0.30496482064625047
PIBGAK_clean,PIBGAK_clean,6.08784,5.5601,6.06673,1.08232,1652.36,1526.68,0.0,0.0,0.6232,0.575798,0.0,1,0.099476998,0.199868162,0.19671936596874953
PIBNUK01_clean,PIBNUK01_clean,15.37191,14.18335,15.35887,0.42304,1389.84,3285.35,0.0,0.0,0.8366,1.97759,0.0,1,0.098376621,0.192154421,0.1960800222049999
PIJDIX_clean,PIJDIX_clean,5.30724,3.52085,5.26545,1.71921,1128.44,656.369,0.0,0.0,0.5814,0.338178,0.0,1,0.177832486,0.333925315,0.3424925730712504
PIYZED_clean,PIYZED_clean,7.00442,5.67284,7.00442,1.03221,2628.22,2546.21,0.0,0.0,0.7278,0.705091,0.0,0,0.051148112,0.102815581,0.10274369686624998
PIZPIX02_clean,PIZPIX02_clean,4.8742,3.92497,4.87073,1.75108,1636.83,934.755,0.0,0.0,0.5514,0.314892,0.0,1,0.090882749,0.179741622,0.17910678488249887
PIZQUM_clean,PIZQUM_clean,5.38703,4.44024,5.38703,1.21672,1189.38,977.523,0.0,0.0,0.5254,0.431815,0.0,1,0.191645657,0.369276408,0.36723913859249874
POBVIN_clean,POBVIN_clean,9.76079,6.4479,9.73092,0.869183,2049.78,2358.28,0.0,0.0,0.696,0.800752,0.0,1,0.133716697,0.266705738,0.26213603872749947
POFSIN01_clean,POFSIN01_clean,6.99195,5.64457,6.99195,1.04057,2621.47,2519.27,0.0,0.0,0.7274,0.699041,0.0,0,0.052680218,0.102792499,0.10549953373750019
POFSIN04_clean,POFSIN04_clean,6.97392,5.62462,6.97392,1.04699,2616.52,2499.1,0.0,0.0,0.7262,0.69361,0.0,0,0.05211758,0.104163027,0.10399601366250016
POFSIN_clean,POFSIN_clean,6.96628,5.64795,6.96628,1.04283,2632.71,2524.58,0.0,0.0,0.7246,0.694838,0.0,0,0.051448185,0.103220969,0.10304123606249936
POLDOK_clean,POLDOK_clean,5.06326,4.95206,5.06326,1.44271,500.914,347.204,76.3428,52.9162,0.4724,0.327439,0.0,1,0.109778341,0.211394467,0.20679879286999958
PORVUO_clean,PORVUO_clean,4.67797,3.97904,4.67797,1.06036,1507.72,1421.89,0.0,0.0,0.5284,0.498321,0.0,0,0.306046947,0.57847644,0.5753116848450027
PUDSUD_clean,PUDSUD_clean,7.08521,6.02588,7.08155,0.996555,2169.83,2177.33,0.0,0.0,0.6624,0.66469,0.0,1,0.142540816,0.283081527,0.28381560747124945
PUNSIB_clean,PUNSIB_clean,5.01625,3.57988,5.00209,1.32619,942.101,710.383,0.0,0.0,0.5344,0.402959,0.0,0,0.071559442,0.139178528,0.14005210707000018
PUQDOW_clean,PUQDOW_clean,5.15222,4.10448,5.15222,1.41779,682.397,481.312,0.0,0.0,0.4322,0.304841,0.0,0,0.105342647,0.202529992,0.19858857435375055
PUVJOG_clean,PUVJOG_clean,5.99071,5.7142,5.99071,1.16612,1343.68,1152.27,0.0,0.0,0.5688,0.487772,0.0,0,0.108180379,0.214204234,0.2136747534549994
PUZKOM_clean,PUZKOM_clean,5.73239,3.68789,5.71092,1.28608,1004.7,781.21,0.0,0.0,0.5098,0.396397,0.0,1,0.211682296,0.396521035,0.3974318638937497
PUZTOV_clean,PUZTOV_clean,7.33778,6.60028,7.33778,1.18441,1668.47,1408.69,0.0,0.0,0.6108,0.5157,0.0,1,0.140507153,0.278374077,0.27702314406125095
QADWIE_clean,QADWIE_clean,4.58512,3.92708,4.57664,1.84741,722.607,391.146,0.0,0.0,0.4522,0.244775,0.0,0,0.148253721,0.28038378,0.2824501545662516
QAHQOH_clean,QAHQOH_clean,6.29485,5.24442,6.29485,1.04558,2001.85,1914.57,0.0,0.0,0.6266,0.599282,0.0,1,0.274676794,0.535997418,0.520223226308754
QALGUH_SL,QALGUH_SL,7.81866,7.32218,7.81866,0.998911,1796.0,1797.96,0.0,0.0,0.6356,0.636293,0.0,0,0.132582644,0.262763078,0.2617014014087514
QALHAO_clean,QALHAO_clean,7.68357,4.14824,7.68357,1.41986,1680.89,1183.84,0.0,0.0,0.6244,0.439761,0.0,1,0.077777619,0.153351976,0.15507703982874946
QALHES_clean,QALHES_clean,7.67318,4.16213,7.67318,1.424,1678.65,1178.83,0.0,0.0,0.625,0.438904,0.0,1,0.078447379,0.153644876,0.15609523547249923
QALHIX_clean,QALHIX_clean,10.92504,5.92348,10.86207,0.740473,2226.36,3006.67,0.00873198,0.0117924,0.7394,0.998552,0.0,1,0.130443671,0.260788795,0.2598980961342199
QALWUV_clean,QALWUV_clean,7.07527,5.39947,6.79315,0.842522,2364.13,2806.02,0.0,0.0,0.7084,0.840809,0.0,0,0.061260332,0.121880696,0.12160042512000006
QAPQEE_clean,QAPQEE_clean,4.84641,3.70884,4.84641,1.26705,1206.55,952.253,0.0,0.0,0.5406,0.426661,0.0,1,0.103905101,0.206137627,0.2047324052387505
QAQMON_clean,QAQMON_clean,13.97996,12.87565,13.97503,0.607595,2338.25,3848.36,0.0,0.0,0.7644,1.25807,0.0,1,0.157329786,0.311076232,0.31511407432125177
QAQNOO_clean,QAQNOO_clean,9.00524,7.79992,9.00524,0.836247,1935.23,2314.19,0.0,0.0,0.674,0.805982,0.0,1,0.080174391,0.15906565,0.160037987577499
QARCET_clean,QARCET_clean,5.6311,3.58556,5.5035,1.43101,772.342,539.717,0.0,0.0,0.4414,0.308453,0.0,0,0.147714427,0.277281772,0.28137108890874984
QATPOR_clean,QATPOR_clean,4.01523,3.48616,4.00077,2.44828,405.938,165.805,0.0,0.0,0.3718,0.151862,0.0,1,0.224211182,0.382340654,0.4014875576049999
QATVUE_clean,QATVUE_clean,6.38161,3.71559,6.38161,1.03389,1164.63,1126.45,0.0,0.0,0.5572,0.538935,0.0,0,0.3519128,0.653805647,0.6566676470462488
QAVWAN_clean,QAVWAN_clean,6.3577,4.74176,6.3577,1.14455,1283.39,1121.31,0.0,0.0,0.5318,0.464638,0.0,1,0.203756392,0.391850329,0.390359700641249
QAWDID_clean,QAWDID_clean,8.86764,6.4582,8.76206,0.663333,2493.74,3759.41,0.0,0.0,0.781,1.17739,0.0,1,0.103144938,0.204604032,0.20472747207249964
QAWREM_clean,QAWREM_clean,4.54212,3.52572,4.54212,1.85502,694.124,374.186,0.0,0.0,0.4334,0.233636,0.0,1,0.157764359,0.292393329,0.2936594684950012
QEBGEL_clean,QEBGEL_clean,6.08453,4.84553,6.08453,1.01993,1460.11,1431.58,0.0,0.0,0.5522,0.54141,0.0,0,0.186917226,0.36669319,0.36471611338375076
QEFNAQ_clean,QEFNAQ_clean,6.2895,4.867,6.2895,1.2915,870.104,673.714,94.8179,73.4166,0.5222,0.404335,0.0,1,0.172041873,0.322737611,0.3296415052400013
QERWAL_clean,QERWAL_clean,6.23685,3.59052,6.23393,0.96089,1663.57,1731.28,0.0,0.0,0.5974,0.621716,0.0,0,0.182892872,0.3553709,0.3576275411412496
QEWDON_clean,QEWDON_clean,6.85219,4.97206,6.85219,1.41693,1021.65,721.035,55.4121,39.1073,0.5212,0.367839,0.0,1,0.308874771,0.561471857,0.5597917463450003
QIPROY_clean,QIPROY_clean,5.10002,3.64368,4.72082,0.794412,2326.28,2928.3,0.0,0.0,0.6568,0.826775,0.0,1,0.17076602,0.33993819,0.33598108570625174
QIQTAN_clean,QIQTAN_clean,5.97055,4.70307,5.97055,1.22492,943.091,769.92,0.0,0.0,0.5008,0.408843,0.0,1,0.106229553,0.209640405,0.20518540654249964
QISNAJ_clean,QISNAJ_clean,6.86275,5.39635,6.82883,1.05954,2863.52,2702.61,0.0,0.0,0.7298,0.688789,0.0,1,0.080361545,0.16040216,0.15993367022499957
QISNEN_clean,QISNEN_clean,6.73584,5.39558,6.7159,1.14249,2865.04,2507.71,0.0,0.0,0.739,0.646833,0.0,1,0.075476764,0.149587958,0.14904994392749982
QIVJAG_clean,QIVJAG_clean,6.03486,4.47657,5.9683,0.924756,2925.59,3163.63,0.0,0.0,0.7036,0.760849,0.0,1,0.077079494,0.153892247,0.15290968630875038
QIVYUR_clean,QIVYUR_clean,4.21696,3.7868,4.20902,1.26329,745.535,590.155,0.0,0.0,0.457,0.361755,0.0,0,0.154463062,0.294220921,0.2982385474700018
QIWCOQ_clean,QIWCOQ_clean,7.90536,6.37424,7.89587,0.88756,1705.8,1921.9,0.0,0.0,0.6366,0.717248,0.0,1,0.166493717,0.324333547,0.32889975764999896
QIXSOG_clean,QIXSOG_clean,7.51562,5.04263,7.51562,0.608086,2919.24,4800.71,0.0,0.0,0.776,1.27614,0.0,1,0.075511338,0.151244085,0.14867526915624982
QIYDEJ_clean,QIYDEJ_clean,22.48969,11.55679,22.48969,0.431427,1897.73,4398.73,0.0,0.0,0.814,1.88676,0.0,1,0.140785316,0.2829826,0.27951039179625004
QIYDIN_clean,QIYDIN_clean,29.975,15.02249,29.83505,0.197643,1310.13,6628.79,0.0,0.0,0.9182,4.64576,0.0,1,0.161530434,0.322065494,0.3218113465325035
QOCBUH_clean,QOCBUH_clean,5.62714,5.2779,5.62443,1.65942,1085.12,653.917,0.0,0.0,0.4334,0.261175,0.0,0,0.19732148,0.369416243,0.37178081586125133
QOCSEH_clean,QOCSEH_clean,5.70812,4.12503,5.70669,1.44217,1397.59,969.093,0.0,0.0,0.5398,0.374298,0.0,1,0.141525356,0.277704941,0.27552534395875183
QODHUO04_clean,QODHUO04_clean,7.0665,3.70053,7.05456,1.31094,1039.62,793.032,0.0,0.0,0.501,0.382168,0.0,1,0.082366519,0.162858916,0.16224207897500037
QOFDIA01_clean,QOFDIA01_clean,7.07034,3.75403,6.76838,1.31589,1019.32,774.626,0.0,0.0,0.4958,0.37678,0.0,1,0.08322735,0.167267192,0.16512403607249992
QOFDIA07_clean,QOFDIA07_clean,7.02954,3.71586,6.33543,1.32374,1036.28,782.845,0.0,0.0,0.4912,0.371071,0.0,1,0.084852332,0.164486687,0.166545127735
QOJVAM_clean,QOJVAM_clean,5.27687,4.07489,5.26218,1.3881,1464.38,1054.95,0.0,0.0,0.585,0.421438,0.0,1,0.21341858,0.411599147,0.41484485493499984
QOMFEE_clean,QOMFEE_clean,6.23329,4.79223,6.23329,0.956504,2173.22,2272.05,0.0,0.0,0.6332,0.661994,0.0,1,0.220931651,0.426117555,0.42957351314249864
QONQAM_clean,QONQAM_clean,6.95521,6.65822,6.95521,0.957388,1627.93,1700.38,0.0,0.0,0.609,0.636106,0.0,0,0.19661861,0.387551423,0.38237295178500125
QOVDAH_clean,QOVDAH_clean,9.81819,9.19443,9.81819,1.3396,1377.74,1028.47,0.0,0.0,0.5818,0.434308,0.0,1,0.036499501,0.07201341,0.07277442268375026
QOWRAV06_clean,QOWRAV06_clean,16.3778,5.24265,16.37247,0.717908,2134.21,2972.83,0.0,0.0,0.7136,0.994,0.0,1,0.166775274,0.316323948,0.3216734951187511
QOXNIB_clean,QOXNIB_clean,4.25979,3.61253,4.24685,2.02207,509.832,252.133,0.0,0.0,0.4388,0.217005,0.0,1,0.08006895,0.152911274,0.1539117967475
QUJJUC_clean,QUJJUC_clean,6.37183,4.25289,6.36461,1.09976,2598.54,2362.82,0.0821372,0.0746863,0.689,0.626499,0.0,0,0.120418468,0.238559932,0.23768635676125044
QUMFUB_clean,QUMFUB_clean,6.17873,3.70632,6.16879,1.24989,1414.19,1131.45,0.0,0.0,0.5442,0.435399,0.0,0,0.14287826,0.281877966,0.27590241136249977
QUNVIG_clean,QUNVIG_clean,7.99116,6.98056,7.99116,0.854766,1939.43,2268.96,0.0,0.0,0.6666,0.779862,0.0,0,0.089140413,0.178692502,0.1783440350987503
QUQGAL_clean,QUQGAL_clean,5.24917,3.7405,5.24587,0.948381,1199.28,1264.55,0.0,0.0,0.5468,0.576561,0.0,1,0.185788907,0.363295358,0.3605704485037511
QUQHAM_clean,QUQHAM_clean,4.11745,3.56035,4.11745,2.20732,218.405,98.9459,0.0,0.0,0.3616,0.163818,0.0,1,0.054839535,0.106013559,0.10631244793874972
QUSQIG_clean,QUSQIG_clean,4.53831,3.95004,4.53831,1.42878,1037.77,726.335,0.0,0.0,0.4826,0.337771,0.0,0,0.065766339,0.131274775,0.1297898534562499
QUSRUT_clean,QUSRUT_clean,5.91349,3.768,5.90805,2.1648,1012.46,467.691,0.0,0.0,0.5258,0.242886,0.0,1,0.02952088,0.058703958,0.058576924779999956
QUXRIM_clean,QUXRIM_clean,4.75182,4.31251,4.74788,1.55891,477.005,305.985,0.0,0.0,0.3332,0.213739,0.0,0,0.313831239,0.526434011,0.5366455285562486
QUZVEO_clean,QUZVEO_clean,9.48553,8.8403,9.48103,1.4036,1600.03,1139.94,0.0,0.0,0.619,0.441008,0.0,1,0.06221372,0.121075104,0.12409753497375052
RACHUA_clean,RACHUA_clean,10.9643,9.26908,10.9643,0.761133,2031.27,2668.75,0.0,0.0,0.7024,0.922834,0.0,1,0.096828639,0.192305327,0.19351384874750052
RACZEC_clean,RACZEC_clean,5.79552,5.04854,5.77825,1.51587,900.967,594.354,0.0,0.0,0.4678,0.308601,0.0,0,0.082418163,0.161108157,0.1604296801950005
RAHNOF_clean,RAHNOF_clean,19.03849,6.57368,19.03849,0.594852,2177.49,3660.55,0.0,0.0,0.7766,1.30553,0.0,1,0.140332797,0.277607441,0.27875838099000094
RAKCUC_clean,RAKCUC_clean,8.57661,7.89234,8.55843,1.19439,2063.73,1727.86,0.0,0.0,0.673,0.563469,0.0,0,0.090923208,0.181373743,0.18175323863874873
RANWAH_clean,RANWAH_clean,16.74527,9.32901,16.72649,0.807635,1226.12,1518.16,378.27,468.367,0.6974,0.863509,0.0,1,0.189015708,0.370129879,0.3576767204687482
RASXEP01_clean,RASXEP01_clean,5.09989,3.45083,5.0749,2.38949,628.019,262.825,0.0,0.0,0.4048,0.169408,0.0,1,0.05442172,0.101291983,0.10411354212749967
RASXIT_clean,RASXIT_clean,5.08501,3.51139,5.08501,2.43093,644.893,265.287,0.0,0.0,0.4018,0.165287,0.0,1,0.057065308,0.110889462,0.11014246637250004
RAVVIU_clean,RAVVIU_clean,4.57827,3.5768,4.571,1.86654,688.219,368.714,0.0,0.0,0.4312,0.231016,0.0,0,0.061633848,0.121210335,0.11994208044750046
RAVWES_clean,RAVWES_clean,24.44059,23.62721,24.44059,0.439059,1246.56,2839.17,0.0,0.0,0.7912,1.80203,0.0,1,0.158058833,0.314353306,0.31356232099124987
RAVXET_clean,RAVXET_clean,38.22812,38.06649,38.22812,0.326773,945.437,2893.25,0.0,0.0,0.8304,2.54121,0.0,1,0.105229531,0.207850186,0.2073620808662488
RAWZIA_clean,RAWZIA_clean,5.39589,4.8012,5.39589,1.33412,1219.23,913.881,0.0,0.0,0.473,0.35454,0.0,0,0.322502909,0.597214868,0.5852647583087497
RAYFAA_clean,RAYFAA_clean,15.81778,9.45289,13.62877,0.959285,1554.88,1620.88,0.0,0.0,0.6988,0.728459,0.0,1,0.074369689,0.145430942,0.14815289699749948
RAYFEE_clean,RAYFEE_clean,13.87561,10.03609,13.87561,0.965847,1665.9,1724.8,0.0,0.0,0.7062,0.731172,0.0,1,0.100878358,0.198891563,0.20089396374625057
RAZGOQ_clean,RAZGOQ_clean,5.22922,5.1443,5.20974,1.6171,770.443,476.435,163.357,101.019,0.5102,0.315503,0.0,1,0.061271841,0.12252902,0.11989444849250008
REDYEG_clean,REDYEG_clean,6.00247,5.30071,6.00247,1.71779,1047.72,609.926,0.0,0.0,0.4804,0.279662,0.0,0,0.099022472,0.190864141,0.19063454164750052
REFJET_clean,REFJET_clean,6.27741,5.87074,6.27741,1.48318,1233.99,831.987,0.0,0.0,0.4452,0.300165,0.000134845,1,0.132738674,0.260538186,0.2538663374699999
REFTON_SL,REFTON_SL,6.52014,5.78584,6.51985,1.60919,731.041,454.292,0.0,0.0,0.4398,0.273306,0.0,1,0.046858645,0.091957189,0.09259659433249993
REGJIW_clean,REGJIW_clean,4.22072,4.03217,4.22072,2.18549,633.476,289.856,0.0,0.0,0.367,0.167926,0.0,0,0.20341577,0.382908163,0.3754624927025012
REGQUR_clean,REGQUR_clean,6.37556,5.47534,6.06532,1.03259,2464.11,2386.34,0.0,0.0,0.6836,0.662025,0.0,1,0.166068186,0.329897638,0.3280907655749987
REGRAY_clean,REGRAY_clean,9.45537,5.54963,9.26082,0.925798,2318.33,2504.14,0.0,0.0,0.7126,0.769715,0.0,1,0.13982879,0.273295638,0.277502841233751
REWNEO_clean,REWNEO_clean,19.37323,6.76945,10.17378,0.57834,2196.18,3797.39,0.0,0.0,0.79,1.36598,0.0,1,0.143936096,0.285839399,0.28607275749875144
REXDEF_clean,REXDEF_clean,8.48446,5.31586,8.48446,1.36884,1680.23,1227.48,0.0,0.0,0.6354,0.464188,0.0,0,0.063013074,0.126144645,0.12535735080000088
REXFEH_clean,REXFEH_clean,9.20954,5.96123,9.20203,1.33437,1715.88,1285.91,0.0,0.0,0.627,0.469885,0.0,0,0.059831413,0.121572613,0.11941078823999986
REXFOR_clean,REXFOR_clean,8.55578,6.22037,8.55578,1.35087,1711.36,1266.85,0.0,0.0,0.6414,0.474804,0.0,0,0.060030884,0.120766829,0.11954947319999984
REYBAA_clean,REYBAA_clean,4.19945,3.50951,4.19839,1.29344,533.841,412.731,0.0,0.0,0.4586,0.35456,0.0,0,0.069126446,0.138668875,0.1356976687662499
REZXEA_clean,REZXEA_clean,10.58306,9.90235,10.58306,0.641816,2266.19,3530.9,0.0,0.0,0.7602,1.18445,0.0,1,0.091566095,0.181439302,0.181387102691249
RICBEM_clean,RICBEM_clean,11.37522,8.59238,11.37522,0.399184,2277.32,5704.93,0.0,0.0,0.821,2.0567,0.0,1,0.137848562,0.276040664,0.2741921875900006
RIPKIM_clean,RIPKIM_clean,7.16555,6.65101,7.16555,1.28891,929.295,720.995,0.0,0.0,0.4824,0.374271,0.0,0,0.048591709,0.096474075,0.09573804542375021
RIYBEI_clean,RIYBEI_clean,8.30815,7.80553,8.30815,1.20426,2064.05,1713.96,0.0,0.0,0.6688,0.555362,0.0,0,0.09263879,0.1838826,0.18442751140624883
RIYXIG_clean,RIYXIG_clean,5.32542,4.68558,5.29552,1.52248,1574.19,1033.97,0.0,0.0,0.575,0.377674,0.0,1,0.063263947,0.124815635,0.12481160958499998
RONSOC_clean,RONSOC_clean,9.61015,5.51941,9.61015,1.44392,1795.25,1243.32,0.0,0.0,0.604,0.418306,0.0,0,0.069716579,0.138455333,0.13948426775124956
RONWIA_clean,RONWIA_clean,5.83208,4.50922,5.82484,1.11758,1988.36,1779.17,0.0,0.0,0.6574,0.588235,0.0,1,0.042493199,0.084624781,0.08448039770749977
RONZID_clean,RONZID_clean,6.44623,4.93162,6.4436,1.11083,2786.39,2508.38,0.0,0.0,0.7422,0.668147,0.0,1,0.044685905,0.089762957,0.08932375721499916
ROYREE_clean,ROYREE_clean,6.65259,5.04516,6.56274,1.17392,1308.03,1114.24,0.0,0.0,0.5524,0.47056,0.0,1,0.243334244,0.447835921,0.4591994573637507
RUBGUS_clean,RUBGUS_clean,4.4617,3.54667,4.45263,1.35931,320.757,235.971,161.359,118.706,0.4638,0.341202,0.0,1,0.18261131,0.349539451,0.34166040225624833
RUBTAK01_SL,RUBTAK01_SL,8.70379,4.00842,8.70379,1.20121,1712.27,1425.46,0.0,0.0,0.5914,0.492338,0.000832496,0,0.12833067,0.253294409,0.2527456147825005
RUGXOI_clean,RUGXOI_clean,5.21341,3.72816,5.20196,1.19066,1517.77,1274.73,0.0,0.0,0.586,0.492165,0.0,0,0.246791227,0.476539819,0.4697154498924992
RUGYOJ_clean,RUGYOJ_clean,5.31747,4.41438,5.22074,1.35237,1132.24,837.223,13.731,10.1533,0.5218,0.385841,0.0,1,0.128892104,0.247835696,0.25167843168500015
RUHFOR_clean,RUHFOR_clean,10.01133,8.72369,10.0082,0.889531,2175.51,2445.69,0.0,0.0,0.787,0.884736,0.0,1,0.052269319,0.104830681,0.10430455188125007
RUPTED_clean,RUPTED_clean,4.59148,3.67658,4.57699,2.43056,359.515,147.915,0.0,0.0,0.433,0.178148,0.0,1,0.029377764,0.057925214,0.0572182956024995
RUVBOB_clean,RUVBOB_clean,6.09913,3.98908,5.99424,1.3777,1258.08,913.177,14.3931,10.4472,0.545,0.395586,0.0,0,0.115556687,0.226342795,0.22654334781125057
RUVCES_clean,RUVCES_clean,5.62432,4.09519,5.62432,1.21847,2083.62,1710.03,0.0,0.0,0.6886,0.565136,0.0,0,0.110759918,0.220586867,0.22024176811875137
RUYNIK_clean,RUYNIK_clean,5.71975,3.68772,5.7164,1.35451,1400.63,1034.05,0.0,0.0,0.5398,0.398522,0.0,1,0.105748425,0.208515182,0.20625549035999918
RUYQIN03_clean,RUYQIN03_clean,9.69288,7.37414,9.69288,1.14102,1457.05,1276.97,0.0,0.0,0.586,0.513575,0.0,0,0.082030509,0.158296862,0.16165467898624977
SABKIS_clean,SABKIS_clean,6.81493,5.97974,6.81375,1.3839,1674.07,1209.68,0.0,0.0,0.6086,0.439772,0.0,1,0.116487611,0.231614048,0.2276414629275002
SADMUH_SL,SADMUH_SL,7.87003,7.35,7.87003,0.987944,1759.25,1780.72,0.0,0.0,0.6412,0.649025,0.0,0,0.136387224,0.274024617,0.26967499006124984
SAHXAD_clean,SAHXAD_clean,7.24131,5.09073,7.23502,0.88875,2564.25,2885.23,0.0,0.0,0.6954,0.782447,0.0,1,0.142926409,0.280616114,0.28365712666375087
SAJRAW10_clean,SAJRAW10_clean,6.98873,5.65739,6.98873,1.03716,2658.72,2563.46,0.0,0.0,0.7434,0.716765,0.0,0,0.051041355,0.102449145,0.10270338715749978
SAJRUT_clean,SAJRUT_clean,6.75939,5.98836,6.75562,0.832145,2447.69,2941.42,0.0,0.0,0.6812,0.818608,0.0,1,0.159216915,0.316139524,0.31207517706249854
SAKRED_clean,SAKRED_clean,5.5169,5.02553,5.5169,1.03225,2416.65,2341.14,0.0,0.0,0.6696,0.648678,0.0,1,0.129525582,0.257047584,0.2569426378420831
SALXEL_clean,SALXEL_clean,17.7233,14.92578,17.7233,0.954529,1589.06,1664.76,49.7541,52.1243,0.7288,0.763518,0.000419055,1,0.073141621,0.141702153,0.1460840524587489
SALZAH_clean,SALZAH_clean,5.2131,3.75496,5.20977,1.33753,1363.66,1019.54,0.0,0.0,0.5834,0.436178,0.0,1,0.047214422,0.095879776,0.09352875498749995
SANGEW_clean,SANGEW_clean,6.64431,4.85626,6.63808,1.45126,1299.25,895.255,0.0,0.0,0.529,0.36451,0.0,1,0.213637013,0.409193879,0.4056874800887497
SANHIB_clean,SANHIB_clean,6.11189,4.81167,6.1084,1.59136,1228.71,772.117,0.0,0.0,0.5088,0.319727,0.0,1,0.208080754,0.392538167,0.39383135291000165
SAQQEH_clean,SAQQEH_clean,10.62623,9.13273,10.62623,0.914395,1723.95,1885.35,0.0,0.0,0.6746,0.737756,0.0,1,0.127850443,0.25404393,0.2538906020450012
SAQQIL_clean,SAQQIL_clean,10.65559,9.10715,10.62918,0.918282,1715.69,1868.37,0.0,0.0,0.6836,0.744434,0.0,1,0.128124253,0.25456036,0.25445742362999996
SARGOJ_clean,SARGOJ_clean,11.21149,10.84114,11.20988,1.13101,1553.18,1373.27,0.0,0.0,0.6422,0.56781,0.0,1,0.103656434,0.20778251,0.20550256376500006
SAXRIS_clean,SAXRIS_clean,6.95604,5.1283,5.82931,1.88243,2109.8,1120.78,0.0,0.0,0.5242,0.27847,0.000106246,1,0.028896922,0.057711417,0.057856920874999995
SEFSOM_clean,SEFSOM_clean,7.74471,4.63206,7.74435,1.3092,888.245,678.465,0.0,0.0,0.4856,0.370914,0.0,0,0.075047421,0.144738555,0.14754114962249973
SEFVEG_clean,SEFVEG_clean,11.61384,3.82499,11.61384,0.903214,1567.68,1735.67,0.0,0.0,0.6424,0.711238,0.0,0,0.065371666,0.130043093,0.13078849979999813
SEFWOR_clean,SEFWOR_clean,11.5954,3.6311,11.5954,0.926162,1578.03,1703.84,0.0,0.0,0.6492,0.700957,0.0,0,0.056342163,0.112214301,0.11056391777250046
SEHTAB_clean,SEHTAB_clean,5.41612,4.59352,5.36104,1.41024,2230.71,1581.8,0.0,0.0,0.6402,0.453966,0.0,1,0.169032121,0.334589778,0.3310718863437499
SEHTEF_clean,SEHTEF_clean,5.47631,4.61623,5.47631,1.08146,2270.04,2099.06,0.0,0.0,0.6446,0.596049,0.0,1,0.187591173,0.370842402,0.3672106895175007
SENVIR_clean,SENVIR_clean,15.37344,3.88956,15.37344,0.850165,1726.79,2031.12,0.0,0.0,0.6596,0.77585,0.0,1,0.208382559,0.412195697,0.4032498163637477
SERCEZ_clean,SERCEZ_clean,10.07441,8.56931,10.07441,0.708098,2363.51,3337.82,0.0,0.0,0.7424,1.04844,0.0,1,0.154024037,0.307132142,0.3063504521312508
SETQUF_SL,SETQUF_SL,7.76352,7.22608,7.76352,0.996606,1737.41,1743.32,0.0,0.0,0.6204,0.622513,0.0,0,0.139511476,0.275191755,0.2760953458062503
SEVLEM_clean,SEVLEM_clean,9.1752,7.37433,9.1752,0.963135,2062.24,2141.17,0.0,0.0,0.6686,0.694191,0.0,1,0.079289353,0.158503763,0.15892666315624968
SIDCAL_clean,SIDCAL_clean,9.18075,7.95829,9.18075,1.0779,1545.97,1434.24,0.0,0.0,0.5948,0.551815,0.0,0,0.099808726,0.195287014,0.1962366829062501
SIKYER_clean,SIKYER_clean,6.53029,4.26393,6.50771,1.2109,2088.91,1725.09,0.0,0.0,0.6104,0.504089,0.0,1,0.119290467,0.233722662,0.23588672524500162
SISFEH_clean,SISFEH_clean,4.41588,3.6646,4.35167,1.61069,592.834,368.062,0.0,0.0,0.4254,0.26411,0.0,1,0.067928708,0.132311673,0.13412599568999956
SISQAO_clean,SISQAO_clean,5.99338,5.23289,5.99338,1.66873,1254.35,751.683,0.0,0.0,0.5178,0.310297,0.0,1,0.148944261,0.292376333,0.2885754986962525
SITTUM_clean,SITTUM_clean,6.67296,3.57209,6.58264,1.4371,626.277,435.791,0.0,0.0,0.4524,0.3148,0.0,1,0.084114351,0.166585238,0.16432649306374994
SIVGOV_clean,SIVGOV_clean,5.24396,4.0676,5.24396,1.11955,1644.75,1469.11,0.0,0.0,0.6106,0.545397,0.0,1,0.133148396,0.265747961,0.2612184694850014
SIVGUB_clean,SIVGUB_clean,8.31266,6.47199,8.20556,0.679186,2443.34,3597.46,0.0,0.0,0.7546,1.11104,0.0,1,0.153845042,0.306194344,0.30564792622375025
SIWSUO_clean,SIWSUO_clean,4.95346,3.52092,4.93971,1.30798,969.125,740.933,0.0,0.0,0.499,0.381505,0.0,1,0.295801167,0.549387791,0.5478756262949996
SIWTEZ_clean,SIWTEZ_clean,6.78942,4.98966,6.77665,1.39975,1050.66,750.605,0.0,0.0,0.4732,0.33806,0.0,1,0.102920515,0.202901676,0.20088825129874976
SOBTUY_clean,SOBTUY_clean,5.30158,4.93345,5.25562,1.24028,1722.57,1388.85,0.0,0.0,0.5708,0.460217,0.0,1,0.069704543,0.136410733,0.1396693556199995
SOHNAF_clean,SOHNAF_clean,8.77466,8.24178,8.76382,1.17605,2072.16,1761.97,0.0,0.0,0.686,0.583311,0.0,0,0.092418911,0.185169616,0.18381105877499915
SOHNEJ_clean,SOHNEJ_clean,8.72478,7.97366,8.7184,1.18471,2089.45,1763.69,0.0,0.0,0.6672,0.563178,0.0,0,0.095065358,0.183780561,0.18907211333749913
SOKKOT_ion_b,SOKKOT_ion_b,6.1792,5.66918,6.17838,1.21138,852.75,703.947,80.7869,66.6897,0.5432,0.448412,0.0,0,0.145655972,0.281696632,0.28146474666125
SONTOF_clean,SONTOF_clean,6.50923,5.39354,6.50923,1.11456,2282.12,2047.56,0.0,0.0,0.6604,0.592523,0.0,1,0.102406008,0.205840221,0.20444006027499914
SONVAT_neutral_b,SONVAT_neutral_b,13.18133,6.56576,13.18133,0.88151,2137.18,2424.45,0.0,0.0,0.7168,0.81315,0.0,1,0.161736216,0.314325351,0.31270504023499973
SONVEX_neutral_b,SONVEX_neutral_b,13.20026,6.62162,13.20026,0.879921,2126.12,2416.26,0.0,0.0,0.7172,0.815073,0.0,1,0.162511174,0.317786828,0.3138236863199996
SOPLAM_clean,SOPLAM_clean,7.99336,6.43639,7.96868,0.786263,2208.41,2808.75,0.0,0.0,0.6702,0.852386,0.0,1,0.146145763,0.288813517,0.2891538428724997
SOPLEQ_clean,SOPLEQ_clean,8.78838,7.50509,8.78838,0.73171,2217.3,3030.3,0.0,0.0,0.6802,0.929603,0.0,0,0.13571734,0.268210725,0.2687126557662491
SOPLOA_clean,SOPLOA_clean,8.29809,6.85068,8.29809,0.790491,2059.77,2605.68,0.0,0.0,0.6598,0.834671,0.0,1,0.144009578,0.28674774,0.28659948607499985
SOTXAC_clean,SOTXAC_clean,6.12649,5.14189,6.12133,1.25484,2251.96,1794.63,0.0,0.0,0.645,0.514011,0.0,1,0.097803548,0.194458223,0.19519764518249968
SOTXEG_neutral,SOTXEG_neutral,5.04075,3.40746,5.04075,1.50786,630.779,418.326,0.0,0.0,0.472,0.313026,0.0,0,0.094081658,0.182314164,0.18096006174125004
SOVHOA_clean,SOVHOA_clean,4.19176,3.82361,4.19176,1.2075,1328.47,1100.17,0.0,0.0,0.5406,0.4477,0.0,1,0.086652743,0.17053786,0.16993734383625
SOVLEW_clean,SOVLEW_clean,16.78989,6.64048,16.78989,0.755158,2186.99,2896.07,0.0,0.0,0.742,0.982576,0.0,1,0.15422899,0.299575489,0.3062101287174999
SOZBIS_clean,SOZBIS_clean,7.02326,5.68654,7.02326,1.02671,2667.76,2598.37,0.0,0.0,0.7458,0.7264,0.0,0,0.051348641,0.101684535,0.10256438535125013
SOZSAD_clean,SOZSAD_clean,8.8027,3.99777,8.80075,0.979603,1802.77,1840.31,0.0,0.0,0.6322,0.645363,0.0,1,0.183316133,0.358588332,0.35717766014125013
SOZSEH_clean,SOZSEH_clean,8.87095,4.01926,8.85196,0.99882,1779.57,1781.67,0.0,0.0,0.63,0.630744,0.0,1,0.184596854,0.356554264,0.3636415040975032
SOZSOR_clean,SOZSOR_clean,8.74499,3.992,8.31175,1.01024,1785.62,1767.53,0.0,0.0,0.6274,0.621043,0.0,1,0.187885727,0.3651905,0.36538500612624986
SUFJOU_clean,SUFJOU_clean,6.30332,3.54841,6.29414,1.24899,1424.61,1140.61,0.0,0.0,0.571,0.457169,0.0,1,0.328794697,0.622954297,0.6164159683937512
SUGDIJ_auto,SUGDIJ_auto,12.99556,11.59411,12.53696,0.409914,1974.15,4816.02,0.0,0.0,0.8394,2.04775,0.0,0,0.119264081,0.239973925,0.23703583870750053
SUHMEP_clean,SUHMEP_clean,8.35438,6.74513,8.35438,1.25512,1629.48,1298.27,0.0,0.0,0.6082,0.484574,0.0,0,0.114238784,0.226876992,0.2253743038549996
SUJNUH_clean,SUJNUH_clean,7.55155,6.59808,7.55155,1.24948,986.433,789.474,0.0,0.0,0.5334,0.426897,0.0,1,0.066794986,0.131242735,0.1317107259112495
SUKRIB_clean,SUKRIB_clean,5.67492,3.40868,5.64201,2.09272,780.987,373.192,0.0,0.0,0.4274,0.204232,0.0,1,0.072636982,0.140342779,0.14034565371124985
SUSZOW_clean,SUSZOW_clean,6.37118,5.41681,6.36973,1.91863,721.465,376.031,0.0,0.0,0.4268,0.22245,0.0,0,0.319935676,0.558532329,0.5581099202775023
SUWQEI_clean,SUWQEI_clean,9.47366,7.57886,8.89706,0.818244,1562.75,1909.88,0.0,0.0,0.6376,0.779229,0.0,1,0.093637052,0.19120033,0.18550500782500015
TACPAP_clean,TACPAP_clean,6.18933,6.06319,6.18525,1.70548,627.561,367.968,0.0,0.0,0.428,0.250956,0.0,0,0.074126609,0.143221287,0.14360359865124922
TACPIX_clean,TACPIX_clean,6.11363,6.00668,6.11363,1.71163,630.3,368.246,0.0,0.0,0.4286,0.250405,0.0,0,0.073970081,0.141891946,0.1434567121024991
TACWOM_clean,TACWOM_clean,6.848,5.25293,6.59533,0.694132,2524.62,3637.09,0.0,0.0,0.711,1.0243,0.0,1,0.191304743,0.374064451,0.37774031515875145
TAGTED_clean,TAGTED_clean,7.12719,5.34262,7.10815,0.804618,2476.05,3077.29,0.0,0.0,0.6892,0.856555,0.0,1,0.147692961,0.293328918,0.29384908541499793
TAKGOE_clean,TAKGOE_clean,10.5248,9.55919,10.5248,1.53175,1232.21,804.446,0.0,0.0,0.5862,0.3827,0.0,1,0.061540002,0.120977584,0.1210760767150003
TAQGOK_clean,TAQGOK_clean,4.98254,4.66211,4.92513,1.2855,367.973,286.249,0.0,0.0,0.4142,0.32221,0.0,1,0.082742388,0.150326249,0.15864862877625047
TARVOX_clean,TARVOX_clean,4.82249,4.38256,4.82249,1.56156,717.335,459.371,0.0,0.0,0.4084,0.261533,0.0,1,0.033713398,0.067154472,0.06564113420375003
TASVUG_clean,TASVUG_clean,7.60995,6.84404,7.60152,1.19319,1872.8,1569.57,0.0,0.0,0.6146,0.515088,0.0,1,0.08377855,0.16361285,0.1663651392249999
TASWOB_clean,TASWOB_clean,7.28953,6.56977,7.27292,1.26788,1836.09,1448.15,0.0,0.0,0.6064,0.478278,0.0,1,0.088129867,0.173303767,0.17339254702374915
TASXIW_clean,TASXIW_clean,7.39302,4.84143,7.39302,1.10616,2095.82,1894.67,0.0,0.0,0.6304,0.569897,0.0,1,0.177195331,0.342687846,0.3483298952524999
TATPOV_clean,TATPOV_clean,8.94506,6.39643,8.9366,0.932619,2044.77,2192.51,0.0,0.0,0.6812,0.730416,0.0,1,0.141537368,0.278905516,0.2780288345075007
TAZLIR_clean,TAZLIR_clean,11.03662,6.77118,11.03522,0.972357,2245.68,2309.52,0.0,0.0,0.737,0.757952,0.0,1,0.119698251,0.232033833,0.23982797420875177
TAZLUD_clean,TAZLUD_clean,11.12433,6.7889,11.12433,0.98349,2237.28,2274.84,0.0,0.0,0.7358,0.748152,0.0,1,0.120021269,0.23369735,0.23998914041875113
TECTUS_clean,TECTUS_clean,5.16992,3.60905,5.14467,1.12529,1198.87,1065.39,0.0,0.0,0.54,0.479875,0.0,1,0.147290206,0.284410639,0.29082611858125046
TEHWEK_clean,TEHWEK_clean,5.04484,3.57491,5.04484,1.22875,1458.35,1186.85,0.0,0.0,0.6306,0.513203,0.0,0,0.128238488,0.251516216,0.25285398208000087
TEJBAN_clean,TEJBAN_clean,4.03108,3.48324,4.03108,1.38569,387.305,279.502,0.0,0.0,0.442,0.318974,0.0,0,0.053723608,0.106398119,0.10533346964124975
TERFUT_clean,TERFUT_clean,8.54041,6.58905,8.49644,0.900361,2024.24,2248.26,0.0,0.0,0.6654,0.739037,0.0,1,0.128056034,0.255208245,0.25310712517499906
TEWFUY_clean,TEWFUY_clean,5.12402,3.76853,5.12402,1.20256,906.265,753.612,0.0,0.0,0.4818,0.400645,0.0,1,0.207759914,0.397727571,0.3905539448300018
TEZKAM_clean,TEZKAM_clean,6.18548,4.52304,6.11894,1.1169,1248.24,1117.59,0.0,0.0,0.5306,0.475064,0.0,1,0.213377908,0.404953717,0.4120035280325012
TIDKAS_clean,TIDKAS_clean,5.39311,4.19786,5.39311,1.06903,921.952,862.419,0.0,0.0,0.508,0.475197,0.0,1,0.116122311,0.227472634,0.22604703792749908
TIGVUC_clean,TIGVUC_clean,4.87344,3.46442,4.87344,1.07454,850.662,791.651,5.08913,4.73609,0.5344,0.497328,0.0,1,0.118466558,0.22953388,0.23040349092499987
TIRRIW_clean,TIRRIW_clean,6.09614,5.02444,6.09614,1.07096,1529.04,1427.73,0.0,0.0,0.5558,0.518974,0.0,0,0.215293943,0.416526285,0.4169284063462516
TOFQEM_clean,TOFQEM_clean,4.70069,3.85298,4.60227,1.25512,1271.42,1012.99,0.0,0.0,0.5644,0.449677,0.0,1,0.213382585,0.411116872,0.414279617160001
TOFTIT_clean,TOFTIT_clean,20.17115,6.28286,20.17115,0.598403,2258.24,3773.78,0.0,0.0,0.7822,1.30715,0.0,1,0.140592397,0.275565335,0.2794987147912514
TOHSAL_clean,TOHSAL_clean,9.79069,6.17903,9.78331,0.576207,2737.54,4750.96,0.0,0.0,0.7668,1.33077,0.0,1,0.160780276,0.31732358,0.3207679800862525
TOHYUL_clean,TOHYUL_clean,7.14824,6.33455,7.14824,1.33984,1522.29,1136.17,0.0,0.0,0.5742,0.428558,0.0,1,0.088491145,0.174589452,0.17407678303000063
TOLYOJ_clean,TOLYOJ_clean,5.56011,4.7997,5.54043,0.908517,1594.37,1754.91,0.0,0.0,0.5744,0.632239,0.0,1,0.144073241,0.284095447,0.28463678854999797
TONTOH_clean,TONTOH_clean,8.07783,3.80615,8.07783,0.808912,2062.02,2549.12,0.0,0.0,0.628,0.776351,0.0,0,0.179322668,0.351317067,0.34996976064125024
TONTUN_clean,TONTUN_clean,8.01411,3.79872,8.01411,0.818446,2057.67,2514.12,0.0,0.0,0.6292,0.768774,0.0,0,0.182417634,0.36265475,0.3579595982325
TORJIV_clean,TORJIV_clean,5.15558,3.73306,5.14713,1.14909,1453.8,1265.17,0.0,0.0,0.5738,0.499351,0.0,1,0.108280936,0.214548447,0.21404766356999974
TOVKEW_clean,TOVKEW_clean,13.15242,8.94797,13.15242,0.566631,2049.64,3617.24,0.0,0.0,0.7342,1.29573,0.0,1,0.163115103,0.325756241,0.319381406990002
TOVKOG_clean,TOVKOG_clean,22.84213,13.1462,21.49189,0.3316,1563.99,4716.49,0.0,0.0,0.8634,2.60374,0.0,1,0.151221751,0.30344652,0.30139743155874804
TOXHAR_clean,TOXHAR_clean,4.88487,4.27765,4.88487,1.14926,1012.18,880.723,0.0,0.0,0.4974,0.4328,0.0,1,0.12996723,0.249828366,0.25363618489500006
TUBCEA_clean,TUBCEA_clean,5.6085,3.84866,5.6085,1.73795,888.172,511.045,0.0,0.0,0.4598,0.264564,0.0,1,0.121445871,0.232713029,0.23262480159124904
TUBJAD_clean,TUBJAD_clean,4.85188,4.35004,4.85188,1.22218,733.491,600.149,0.0,0.0,0.4892,0.400268,0.0,1,0.060077292,0.115755393,0.11816870537375027
TUBLIN_clean,TUBLIN_clean,5.27232,3.84215,5.27232,1.23985,960.484,774.675,0.0,0.0,0.4788,0.386175,0.0,0,0.127052978,0.245885463,0.2437572321887503
TUKCOT_clean,TUKCOT_clean,5.03348,3.75359,4.98119,1.1597,1353.77,1167.35,0.0,0.0,0.5642,0.486504,0.0,1,0.183803975,0.351019547,0.3574923809987513
TUNJET_clean,TUNJET_clean,6.14578,4.61369,6.05606,1.50948,1150.01,761.861,0.0,0.0,0.5096,0.3376,0.0,1,0.118102709,0.227163292,0.23067124748874948
TURDOB_clean,TURDOB_clean,6.98892,4.35902,6.87374,1.03033,1344.35,1304.78,0.0,0.0,0.5432,0.52721,0.0,0,0.152163036,0.300153305,0.29543056727375017
TURDUH_clean,TURDUH_clean,6.62446,4.36886,6.61015,1.02982,1359.58,1320.21,0.0,0.0,0.5506,0.534658,0.0,0,0.152951877,0.297382399,0.2998434449937507
TUTHIA_clean,TUTHIA_clean,7.74765,6.0396,7.74488,1.02371,1471.87,1437.78,0.0,0.0,0.5658,0.552697,0.0,1,0.183135496,0.357281711,0.3526321492100008
UCAXEC_clean,UCAXEC_clean,4.65972,3.79898,4.65972,1.24715,773.765,620.428,0.335064,0.268664,0.4924,0.394821,0.0,1,0.130678806,0.255711455,0.25315434965875
UCEXEG_clean,UCEXEG_clean,6.31608,4.83612,6.30774,1.45624,1389.21,953.967,0.0,0.0,0.5674,0.389633,0.0,1,0.121622374,0.238898016,0.23967220680249923
UCOHUR_clean,UCOHUR_clean,8.1734,7.22847,8.12249,1.21949,2095.07,1717.98,0.0,0.0,0.6692,0.548752,0.0,0,0.096430713,0.188939156,0.19280956793749987
UCUTIW_clean,UCUTIW_clean,6.35635,5.83008,6.34586,1.00359,1563.59,1558.0,0.0,0.0,0.6334,0.631134,0.0,1,0.118429799,0.232638279,0.23445944263874988
UDUMIP_clean,UDUMIP_clean,7.19202,6.41478,7.18204,1.40092,1718.44,1226.65,0.0,0.0,0.5958,0.425293,0.0,1,0.062042428,0.122794483,0.12289559524125032
UFEMIC_clean,UFEMIC_clean,5.26486,4.19267,5.24985,1.20943,1737.26,1436.43,0.0,0.0,0.6508,0.538107,0.0,0,0.038482493,0.076272669,0.07585842262374975
UFEXEJ_clean,UFEXEJ_clean,5.30731,5.14101,5.30608,2.3365,1189.34,509.026,0.0,0.0,0.4796,0.205264,0.0,1,0.074491181,0.14390975,0.1451140055149997
UGAQEY_clean,UGAQEY_clean,4.89575,4.03861,4.89307,1.29414,1150.64,889.116,1.22671,0.947894,0.5042,0.389602,0.0,1,0.11290257,0.220903654,0.2194453646912499
UGELIB_clean,UGELIB_clean,9.36087,9.10832,9.36087,1.90193,1244.67,654.425,0.0,0.0,0.572,0.300747,0.0,0,0.319102778,0.605003462,0.5723959411350014
UGUGUZ_clean,UGUGUZ_clean,4.77323,4.07807,4.77323,1.79667,684.632,381.056,127.779,71.1197,0.5662,0.315138,0.0,1,0.040950106,0.082288563,0.08066673163125058
UGUHEK_clean,UGUHEK_clean,4.77594,4.10655,4.77594,1.75746,691.545,393.492,145.139,82.5845,0.5694,0.323991,0.0,1,0.029866102,0.059330979,0.05896608991374997
UJOWEW_clean,UJOWEW_clean,5.75366,4.18708,5.75366,1.11983,1989.69,1776.77,0.0,0.0,0.6036,0.539008,0.0,1,0.066706168,0.13316547,0.13225937895749929
UJUQIB_clean,UJUQIB_clean,10.2017,5.3119,10.02065,0.774012,2238.72,2892.35,0.0,0.0,0.6914,0.893268,0.0,0,0.154479901,0.301162036,0.30634006315500023
UKAQIH_clean,UKAQIH_clean,7.0082,4.78738,7.0082,1.16844,1713.29,1466.3,0.0,0.0,0.5844,0.500152,0.000171168,0,0.152006084,0.29844391,0.29668674060124883
UKIQIP_clean,UKIQIP_clean,10.57455,7.52574,10.57455,0.823179,2075.57,2521.41,0.0,0.0,0.6786,0.824365,0.0,1,0.106707977,0.213695159,0.21305269246625025
ULOLEO_clean,ULOLEO_clean,8.29808,5.90829,8.29808,1.34322,1731.11,1288.78,0.0,0.0,0.6394,0.47602,0.0,0,0.062043368,0.125202589,0.12331730330500042
ULOLIS_clean,ULOLIS_clean,8.54677,6.10924,8.54677,1.32937,1733.05,1303.66,0.0,0.0,0.6388,0.480529,0.0,0,0.061784649,0.121969579,0.12268435880750038
ULOMAL_clean,ULOMAL_clean,8.86217,6.43433,8.86217,1.31015,1733.6,1323.21,0.0,0.0,0.6522,0.497807,0.0,0,0.060510799,0.120290863,0.12034233228000035
UMABOB_clean,UMABOB_clean,5.41853,4.65091,5.41146,1.04463,1738.12,1663.87,0.0,0.0,0.574,0.549478,0.0,1,0.164544718,0.324808958,0.32126587257875094
UMEDEX_clean,UMEDEX_clean,8.31991,5.90244,8.31991,1.33036,1734.05,1303.45,0.0,0.0,0.6334,0.476113,0.0,0,0.063706096,0.12728201,0.12588047197874933
UMEHOL_clean,UMEHOL_clean,7.1388,4.96773,6.18362,1.60251,1384.6,864.024,0.0,0.0,0.5636,0.351699,0.0,1,0.145954546,0.286343077,0.2826517754862503
UMEKII_clean,UMEKII_clean,6.2978,4.37155,6.14715,1.16372,1476.0,1268.34,0.0,0.0,0.5854,0.50304,0.0,0,0.224463112,0.426466876,0.43389942888250005
UMEPOT_clean,UMEPOT_clean,6.2957,5.33563,6.29133,1.57681,1311.07,831.473,0.0,0.0,0.541,0.343098,0.0,1,0.145219779,0.275203987,0.2805216258237493
UMOBEF01_clean,UMOBEF01_clean,11.72616,5.98085,11.72563,0.505624,2624.2,5190.03,0.0,0.0,0.792,1.56638,0.0,1,0.145461261,0.294519819,0.29297170621249596
UMOBEF08_clean,UMOBEF08_clean,9.5277,6.07844,9.52714,0.722374,2381.06,3296.16,0.0,0.0,0.701,0.970411,0.0,1,0.198856842,0.394520615,0.38780252780125374
UMODEH01_clean,UMODEH01_clean,11.30468,5.41503,11.30468,0.512269,2642.07,5157.57,0.0,0.0,0.7812,1.52498,0.0,1,0.146879919,0.295743504,0.2944968026774997
UMODEH07_clean,UMODEH07_clean,11.33302,5.24933,11.33302,0.558087,2863.98,5131.77,0.0,0.0,0.7612,1.36394,0.0,1,0.163475055,0.323153557,0.3236641707250012
UMODEH14_clean,UMODEH14_clean,11.13019,5.34376,11.13003,0.540267,2804.02,5190.06,0.0,0.0,0.7704,1.42596,0.0,1,0.155668477,0.310506048,0.30767888280874955
UMODEH23_clean,UMODEH23_clean,11.15907,5.34276,11.15907,0.535598,2770.05,5171.89,0.0,0.0,0.7696,1.4369,0.0,1,0.155895088,0.308174255,0.30916896239875014
UMODEH_clean,UMODEH_clean,10.95537,5.36113,10.95537,0.533113,2747.45,5153.6,0.0,0.0,0.7742,1.45222,0.0,1,0.153648685,0.307271097,0.304703987710001
UMOVEZ03_clean,UMOVEZ03_clean,10.92239,5.82104,10.1736,0.537309,2802.84,5216.45,0.0,0.0,0.7724,1.43754,0.0,1,0.156175025,0.312934314,0.31169442424625127
UMOVOJ_clean,UMOVOJ_clean,12.44931,6.04966,11.64464,0.481059,2488.51,5172.97,0.0,0.0,0.8008,1.66466,0.0,1,0.141187984,0.28329992,0.2790879643025001
UMOYOM03_clean,UMOYOM03_clean,9.53653,5.34452,9.53653,0.572297,2816.69,4921.73,0.0,0.0,0.7558,1.32064,0.0,1,0.149598491,0.296715352,0.2987723302200009
UMOYOM16_clean,UMOYOM16_clean,7.63035,5.01799,6.05656,0.779987,2424.82,3108.79,0.0,0.0,0.664,0.851297,0.0,1,0.196382252,0.389285327,0.38712831977625084
UMUBOV_clean,UMUBOV_clean,10.36323,5.21129,10.36305,0.581505,2938.31,5052.94,0.0,0.0,0.7516,1.29251,0.0,1,0.171035316,0.338664902,0.3400389437312489
UNAGOH_clean,UNAGOH_clean,6.96079,6.02919,6.95596,0.981792,1984.33,2021.13,0.0,0.0,0.6686,0.681,0.0,1,0.157418314,0.310441016,0.31071756982500054
UNAGUN_clean,UNAGUN_clean,6.99295,6.04603,6.99295,0.980411,1997.43,2037.34,0.0,0.0,0.6572,0.670331,0.0,1,0.159486162,0.312151482,0.3135031391312511
UPIBOM_clean,UPIBOM_clean,6.9638,6.58355,6.9638,1.56774,1538.59,981.409,0.0,0.0,0.5776,0.368429,0.0,0,0.120130723,0.236888277,0.23569972276749918
UQERIT_clean,UQERIT_clean,4.88677,3.80399,4.88677,1.1967,1362.48,1138.53,0.0,0.0,0.5566,0.465112,0.0,0,0.245885357,0.473791394,0.4639148088399994
UQOYOP_clean,UQOYOP_clean,5.62402,4.63088,5.62402,1.0296,1173.78,1140.03,0.0,0.0,0.5218,0.506796,0.0,0,0.211984769,0.40884228,0.4067931419062504
UREVIY_clean,UREVIY_clean,4.97933,3.80174,4.64142,1.58439,1154.53,728.69,0.0,0.0,0.5098,0.321764,0.0,1,0.122950481,0.238172156,0.23985674491750056
UREVOE_clean,UREVOE_clean,4.98141,3.80725,4.69195,1.62966,1156.15,709.443,0.0,0.0,0.5054,0.310125,0.0,1,0.118323601,0.232005751,0.2309913028849998
USAWIW_clean,USAWIW_clean,8.66526,5.94328,8.64173,1.00954,1665.76,1650.02,0.0,0.0,0.6018,0.596112,0.0,0,0.095966622,0.195092184,0.1903022743825004
USORUR_clean,USORUR_clean,6.75938,5.44409,6.68952,0.77718,2490.53,3204.57,0.0,0.0,0.705,0.907126,0.0,1,0.177945329,0.349206489,0.3522588537200011
USOXEH_clean,USOXEH_clean,5.26933,4.60511,5.26933,1.1789,1588.69,1347.6,0.0,0.0,0.5772,0.489609,0.0,1,0.112677581,0.221068736,0.22106270475499978
UTACUP_clean,UTACUP_clean,7.57859,3.49654,7.57859,1.1652,1628.8,1397.88,0.0,0.0,0.6024,0.516994,0.0,1,0.069860338,0.137080761,0.1391814864837496
UTEXIB_clean,UTEXIB_clean,6.29693,3.9636,6.29186,1.00241,1350.02,1346.77,59.1211,58.9791,0.5926,0.591177,0.0,0,0.165701525,0.325192752,0.32581952094125005
UTOCEN_clean,UTOCEN_clean,6.30527,4.82361,6.30527,1.02298,1494.45,1460.88,0.0,0.0,0.5268,0.514966,0.0,1,0.211615659,0.410767298,0.4061109892112496
UVIPIZ_clean,UVIPIZ_clean,13.16154,6.50431,13.16154,0.868575,2146.52,2471.31,0.0,0.0,0.7192,0.828023,0.0,1,0.131468567,0.258297182,0.2577217688037501
UVUQAE_clean,UVUQAE_clean,5.89761,4.70396,5.31275,1.14377,1514.01,1323.7,0.0,0.0,0.5466,0.477894,0.0,1,0.209691807,0.401073342,0.4054187474350007
UYOFIY_clean,UYOFIY_clean,4.54158,3.74063,4.4159,1.84541,1216.19,659.037,0.0,0.0,0.4962,0.268884,0.0,1,0.161899435,0.30456771,0.3066154482775
UZATAR_clean,UZATAR_clean,4.70366,3.77441,4.70214,2.20784,876.761,397.113,0.0,0.0,0.4486,0.203185,0.0,1,0.06402847,0.124183345,0.12471377182375053
UZEKEQ_clean,UZEKEQ_clean,4.76828,3.67807,4.76182,1.66742,847.636,508.351,0.0,0.0,0.4118,0.246968,0.0,1,0.053806679,0.10481677,0.10498487306500007
UZIJUJ_clean,UZIJUJ_clean,6.64538,5.8584,6.63953,1.01975,1889.57,1852.97,0.0,0.0,0.5996,0.587987,0.0,0,0.171918973,0.338657669,0.3376904356099997
UZUNAF_clean,UZUNAF_clean,7.30425,6.5808,7.30425,1.26614,1045.59,825.812,0.0,0.0,0.4964,0.392058,0.0,0,0.061409563,0.119611449,0.1211627751587511
UZUZUL_clean,UZUZUL_clean,4.89079,3.61553,4.62488,1.24739,1059.33,849.24,0.0,0.0,0.5482,0.439477,0.0,1,0.414699455,0.7662798,0.7577079416825054
VABJIS_clean,VABJIS_clean,4.14214,4.05323,4.14214,1.37391,738.742,537.692,0.0,0.0,0.5042,0.366981,0.0,0,0.105891981,0.206989979,0.20438538061750047
VACFUB01_clean,VACFUB01_clean,8.53124,8.3704,8.53124,1.18192,1047.12,885.95,0.0,0.0,0.5384,0.455532,0.0,0,0.079246111,0.158314579,0.15633765688875007
VACFUB_clean_h,VACFUB_clean_h,8.50715,8.34107,8.50715,1.18054,1091.35,924.448,0.0,0.0,0.5186,0.439291,0.0,0,0.072827685,0.144467504,0.14484072207624937
VACLIX_clean,VACLIX_clean,25.84424,11.11801,22.64252,0.527457,1593.04,3020.23,0.0,0.0,0.8434,1.59899,0.000379178,1,0.0909612,0.181563606,0.1820225398687489
VAFWAB_clean,VAFWAB_clean,5.22912,3.96499,5.18849,1.68714,1215.2,720.275,0.0,0.0,0.594,0.352075,0.0,1,0.163296328,0.308602746,0.31074464766000115
VAGBEN_clean,VAGBEN_clean,6.05449,4.8127,6.05449,1.78797,959.833,536.829,0.0,0.0,0.4822,0.269692,0.0,1,0.061924518,0.120841512,0.12225791761624963
VAHJIA_clean,VAHJIA_clean,4.59496,3.72145,4.53376,1.21451,948.028,780.582,0.0,0.0,0.4972,0.409382,0.0,0,0.193120359,0.360096928,0.3689557760725005
VALVAI_clean,VALVAI_clean,6.23826,4.86854,6.23826,1.64521,1240.0,753.701,0.0,0.0,0.5196,0.315826,0.0,1,0.16375893,0.317382241,0.31054412189500097
VALVIQ_clean,VALVIQ_clean,5.21348,4.28071,5.21348,1.82071,1261.82,693.039,0.0,0.0,0.5078,0.278902,0.0,1,0.090193387,0.173784779,0.17594303790624963
VALXAK_clean,VALXAK_clean,9.98876,6.23965,8.39165,0.742505,1487.88,2003.86,574.813,774.154,0.69,0.929286,0.0,1,0.164468207,0.326875774,0.32225864764750073
VALXOY_clean,VALXOY_clean,10.47061,5.58858,8.23634,0.777087,1484.63,1910.51,601.467,774.002,0.6808,0.876093,0.0,1,0.17851985,0.359683514,0.34368344389
VAPFUP_clean,VAPFUP_clean,5.15651,3.56832,5.15424,2.0755,483.988,233.191,0.0,0.0,0.4372,0.210648,0.0,1,0.056769689,0.109741651,0.11027439539000021
VAQTUF_clean,VAQTUF_clean,10.13522,6.68232,9.92269,0.858555,1863.51,2170.52,0.0,0.0,0.6104,0.710962,0.0,0,0.160862204,0.312609786,0.3128130457187503
VEDFAN_clean,VEDFAN_clean,6.01158,4.07874,6.00756,1.03866,1741.67,1676.84,0.0,0.0,0.5802,0.558605,0.0,0,0.173785631,0.333149288,0.3384263323649999
VEHLIE_clean,VEHLIE_clean,5.23023,3.70327,5.22427,1.49837,1455.04,971.08,0.0,0.0,0.63,0.420457,0.0,0,0.197816844,0.381911186,0.37905276386
VEHRIL_clean,VEHRIL_clean,8.79809,4.02227,8.77595,1.10229,2192.07,1988.65,0.0,0.0,0.6908,0.626694,0.0,1,0.060942553,0.122290413,0.12183436588874967
VEJHID_clean,VEJHID_clean,17.65342,7.8833,11.58918,0.646039,2104.35,3257.31,0.0,0.0,0.7972,1.23398,0.0,1,0.098501567,0.197967925,0.19728728901250045
VEJYIT01_clean,VEJYIT01_clean,6.55973,5.0687,6.54696,0.921332,2008.21,2179.68,0.0,0.0,0.6708,0.728076,0.0,0,0.15113614,0.297944783,0.297276484857499
VEMMAC_clean,VEMMAC_clean,7.0981,6.10195,7.04022,0.882251,2276.97,2580.86,0.0,0.0,0.6758,0.765995,0.0,1,0.137911524,0.27501136,0.27244266097500114
VETTOE_clean,VETTOE_clean,6.62806,4.69762,5.65255,0.902784,2439.76,2702.49,0.0,0.0,0.6684,0.740376,0.0,1,0.171266697,0.339413558,0.337331786531251
VEWKUF_clean,VEWKUF_clean,11.97194,10.54967,11.9427,0.470726,2101.15,4463.64,0.0,0.0,0.7866,1.67104,0.0,0,0.133110756,0.265558053,0.2641911069987494
VICSIL_clean,VICSIL_clean,5.30875,4.09789,5.30496,1.03603,1478.6,1427.18,0.0,0.0,0.565,0.545353,0.0,0,0.148161277,0.281486851,0.2923817517424993
VILXOE_clean,VILXOE_clean,5.3607,4.59016,5.36062,1.2053,1282.83,1064.32,0.0,0.0,0.529,0.438894,0.0,1,0.185405111,0.354284127,0.3589687077224996
VIPYOK_clean,VIPYOK_clean,4.56016,3.89151,4.55758,1.54463,762.225,493.466,0.0,0.0,0.455,0.294568,0.0,1,0.136190449,0.265363132,0.26078653368250004
VITYOO_clean,VITYOO_clean,8.76574,6.10267,8.74057,1.07917,1888.77,1750.21,0.0,0.0,0.6338,0.587305,0.0,1,0.120307925,0.236511852,0.2381439740675005
VITYUU_clean,VITYUU_clean,6.93618,5.76476,6.92128,1.4786,1370.63,926.978,0.0,0.0,0.519,0.351007,0.0,1,0.122194535,0.241302515,0.24127987035124995
VITZIJ_clean,VITZIJ_clean,6.87611,5.69177,6.87611,1.52398,1353.45,888.103,0.0,0.0,0.5184,0.340161,0.0,1,0.121492926,0.240227289,0.2396516264249988
VIWLEU_clean,VIWLEU_clean,6.5503,4.41913,6.52435,1.44375,1672.31,1158.32,0.0,0.0,0.5838,0.404365,0.0,1,0.055092199,0.109393099,0.10944601946750057
VIWMIZ_clean,VIWMIZ_clean,9.56168,4.85659,9.53534,0.901746,1718.7,1905.97,37.8251,41.9466,0.6334,0.702415,0.0,1,0.170161438,0.321483583,0.33163461975625047
VIWMOF_clean,VIWMOF_clean,9.80611,5.23388,9.77319,0.869727,1722.79,1980.84,39.7443,45.6975,0.6458,0.742532,0.0,1,0.181993702,0.33392717,0.35638885880625
VIXWEF_clean,VIXWEF_clean,12.63096,6.04016,12.48762,0.859273,2339.33,2722.46,0.0,0.0,0.7402,0.861426,0.0,1,0.088105332,0.174207984,0.17603672380374902
VIZSOO_clean,VIZSOO_clean,10.55409,4.56253,10.55409,0.761137,2666.36,3503.12,0.0,0.0,0.738,0.969602,0.0,0,0.146975442,0.295951612,0.29314636988249954
VOJGOS_clean,VOJGOS_clean,6.19077,5.31352,6.18884,0.976178,2056.2,2106.38,0.0,0.0,0.6384,0.653979,0.0,1,0.249407451,0.487204899,0.4829483221712478
VONDEJ_clean,VONDEJ_clean,5.31005,4.78872,5.30922,1.60595,966.902,602.074,0.0,0.0,0.507,0.315701,0.0,0,0.247927909,0.451758926,0.45791075842250123
VOXVEL_clean,VOXVEL_clean,6.58217,4.28987,6.50926,1.3543,1358.41,1003.03,0.0,0.0,0.5474,0.404194,0.0,0,0.276447363,0.526223778,0.5213796630512497
VOZVAJ01_clean,VOZVAJ01_clean,7.75927,5.99619,7.75927,1.41123,1642.21,1163.68,0.0,0.0,0.619,0.438625,0.0,0,0.062027569,0.123261203,0.12336144312750078
VUCTUK_clean,VUCTUK_clean,4.04395,3.64101,4.04395,1.92522,503.149,261.347,0.0,0.0,0.4222,0.2193,0.0,1,0.065736539,0.128913491,0.130107139235
VUGXEC_clean,VUGXEC_clean,7.75346,6.26253,7.72478,1.06296,1251.42,1177.3,67.8457,63.8273,0.5624,0.529091,0.0,0,0.166353486,0.332963301,0.3274307876725024
VUKJUI_clean,VUKJUI_clean,5.49725,3.44726,5.49566,1.4408,839.787,582.86,90.2917,62.6676,0.4968,0.344808,0.0,0,0.124040583,0.238434406,0.23862849084499993
VULFIT_clean,VULFIT_clean,4.52056,3.43974,4.50577,1.5127,759.724,502.229,0.0,0.0,0.4534,0.299728,0.0,1,0.258761744,0.4637608,0.4806960914674995
VULKOD_clean,VULKOD_clean,5.01507,3.95686,5.01507,1.39517,753.359,539.978,0.0,0.0,0.4446,0.318672,0.0,1,0.157483758,0.299230425,0.29556915562750036
VUMYUZ_clean,VUMYUZ_clean,8.61002,3.76636,8.58351,1.65942,1147.35,691.414,0.0,0.0,0.5252,0.316496,0.0,1,0.039487175,0.078390184,0.0790847410700002
VUVZAP_clean,VUVZAP_clean,4.71954,3.57694,4.71245,1.57661,1081.4,685.901,0.0,0.0,0.5506,0.349231,0.0,0,0.210840097,0.406923592,0.39557480725374966
VUWRUC_clean,VUWRUC_clean,8.86215,6.25992,8.83975,1.16678,1520.16,1302.87,0.0,0.0,0.593,0.508237,0.0,0,0.138843455,0.27439518,0.2730795303200001
VUWSAJ_clean,VUWSAJ_clean,5.66843,4.07448,5.66811,1.11008,1893.61,1705.84,0.0,0.0,0.6012,0.541584,0.0,1,0.15780466,0.310875732,0.3104933974462497
WABWAY_clean,WABWAY_clean,9.49902,4.44037,9.49902,1.29862,1698.78,1308.14,0.0,0.0,0.5936,0.457099,0.0,1,0.056783084,0.113459362,0.1126923305312502
WACLEU_clean,WACLEU_clean,6.11102,5.03298,6.08461,1.15501,1387.0,1200.86,0.0,0.0,0.5472,0.473763,0.0,1,0.174689685,0.336775809,0.33942922571374906
WAGDAL_clean,WAGDAL_clean,4.64816,3.73698,4.61775,2.65265,613.804,231.393,27.6543,10.4252,0.4246,0.160066,0.0,1,0.06529521,0.127712854,0.1288105443799996
WAHNIF_clean,WAHNIF_clean,16.02728,6.94786,16.02728,0.608079,2054.1,3378.01,0.0,0.0,0.7564,1.24392,0.0,1,0.144476877,0.287373179,0.2865499549962506
WAMREJ_clean,WAMREJ_clean,15.93828,10.49353,15.93828,0.575196,2135.23,3712.18,0.0,0.0,0.7842,1.36336,0.0,1,0.156080864,0.308451098,0.3141244530525007
WAVQOB_clean,WAVQOB_clean,10.26547,8.18203,10.23692,0.66377,1981.42,2985.1,0.0,0.0,0.7732,1.16486,0.0,1,0.094714192,0.191953135,0.18851637322249984
WEBJOE_clean,WEBJOE_clean,19.11149,16.87545,19.11149,0.689845,2240.23,3247.44,0.0,0.0,0.788,1.14229,0.0,1,0.159959111,0.317146747,0.31910578375000065
WECBEN_clean,WECBEN_clean,6.503,4.33861,6.44488,0.992115,3119.1,3143.89,0.0,0.0,0.6996,0.70516,0.0,0,0.105856356,0.210491333,0.2103970739912496
WECBOX_clean,WECBOX_clean,4.70975,3.71197,4.69989,1.52733,833.701,545.856,0.0,0.0,0.5236,0.342821,0.0,0,0.123459591,0.242111211,0.23700173199000074
WEDQED_clean,WEDQED_clean,5.20127,4.18257,5.20127,1.3,804.684,618.987,0.0,0.0,0.4758,0.365999,0.0,1,0.173102492,0.322187252,0.3301624454787492
WEGGAS_clean,WEGGAS_clean,4.84334,3.88578,4.83342,1.72479,895.132,518.979,0.0,0.0,0.4484,0.259973,0.0,0,0.152302635,0.28614244,0.28949406235500175
WEHJEA_clean,WEHJEA_clean,11.11094,5.77138,11.07598,0.73357,2315.41,3156.35,0.0,0.0,0.7568,1.03167,0.0,1,0.145738676,0.284849065,0.29061062395499937
WEHJUQ_clean,WEHJUQ_clean,11.40663,8.63285,11.3324,0.700785,2325.03,3317.76,0.0,0.0,0.7666,1.09392,0.0,1,0.124540572,0.245923216,0.24710526730999885
WEMDID_clean,WEMDID_clean,5.01302,4.40435,5.01302,1.50314,2329.65,1549.85,0.0,0.0,0.6306,0.419521,0.0,0,0.076976837,0.153121055,0.15223937295625029
WEMDOJ_clean,WEMDOJ_clean,4.95352,4.39275,4.95352,1.55656,2295.37,1474.65,0.0,0.0,0.629,0.404097,0.0,0,0.076402012,0.154073467,0.1516606628962503
WEMFEB_clean,WEMFEB_clean,4.87971,4.37038,4.87971,1.63348,2285.5,1399.16,0.0,0.0,0.604,0.369763,0.0,1,0.078510482,0.15583095,0.1557824188362499
WENLEI_clean,WENLEI_clean,7.45284,5.80961,7.45284,1.59702,595.668,372.986,17.5491,10.9886,0.4418,0.276639,0.0,1,0.058596492,0.115093825,0.11422026699874975
WEYQAU02_clean,WEYQAU02_clean,4.51815,3.68584,4.44811,1.14062,1514.82,1328.07,0.0,0.0,0.5714,0.500956,0.0,0,0.216217797,0.418880865,0.4223118476450011
WEYQAU05_clean,WEYQAU05_clean,4.49445,3.64175,4.49445,1.14735,1525.05,1329.2,0.0,0.0,0.568,0.495054,0.0,0,0.211119868,0.421599761,0.41435065110250163
WEYQAU07_clean,WEYQAU07_clean,4.54619,3.75106,4.54619,1.13112,1575.56,1392.92,0.0,0.0,0.576,0.509231,0.0,0,0.220063604,0.433057681,0.4308939955149998
WIHWAN_clean,WIHWAN_clean,9.73279,7.22908,9.72646,0.781161,2141.5,2741.43,0.0,0.0,0.7076,0.905831,0.0,0,0.131792688,0.262791498,0.26102729211875064
WIKXAQ_clean,WIKXAQ_clean,7.61954,3.92787,7.61954,0.877202,2692.33,3069.22,0.0,0.0,0.7338,0.836523,0.0,0,0.065079595,0.130903057,0.12992963563125007
WILRAK_clean,WILRAK_clean,6.14662,4.92634,6.07221,1.13056,2856.19,2526.36,0.0,0.0,0.7378,0.652598,0.0,1,0.045023275,0.08889701,0.08940614562999917
WITKIV_clean,WITKIV_clean,20.46084,11.48372,20.46084,0.586943,1702.14,2900.02,0.0,0.0,0.7774,1.32449,0.0,1,0.116322681,0.232097669,0.23251961179999917
WIWQUO_clean,WIWQUO_clean,5.86317,4.77379,5.86317,1.51311,2502.33,1653.77,0.0,0.0,0.691,0.456676,0.0,0,0.035507585,0.07140441,0.0706366888649998
WIYWOS_clean,WIYWOS_clean,5.5468,4.15747,5.5468,1.51166,957.433,633.365,0.0,0.0,0.499,0.330101,0.0,1,0.090577326,0.176686629,0.17536361149249885
WOBHEB_clean,WOBHEB_clean,11.82299,11.04159,11.82299,1.21909,1551.12,1272.35,0.0,0.0,0.6516,0.534496,0.0,1,0.099258239,0.197078497,0.19527236401375028
WOBHOL_clean,WOBHOL_clean,11.68121,10.84815,11.68121,1.21577,1583.43,1302.41,0.0,0.0,0.6636,0.545826,0.0,1,0.109920835,0.219455245,0.21793792383750063
WOBHOM_clean,WOBHOM_clean,5.74395,5.29156,5.74395,1.06237,2263.33,2130.44,0.0,0.0,0.6418,0.604119,0.0,1,0.150353683,0.296544362,0.2960800455962485
WOBQEL_clean,WOBQEL_clean,6.08333,5.37096,6.07626,1.04043,1389.12,1335.14,0.0,0.0,0.5492,0.52786,0.0,1,0.284405219,0.536783602,0.5404940007387511
WODXEU_clean,WODXEU_clean,5.99818,3.55745,5.99789,1.43122,1129.23,788.996,0.0,0.0,0.5054,0.353125,0.0,1,0.093813421,0.183713719,0.1825809666075002
WOHDON_clean,WOHDON_clean,5.72419,4.44331,5.72419,1.42898,2534.05,1773.33,0.0,0.0,0.696,0.487062,0.0,1,0.070963765,0.142306044,0.1416498978125009
WOLMUG_clean,WOLMUG_clean,5.45253,3.7803,5.34777,1.25131,1519.07,1213.99,0.0,0.0,0.5746,0.459198,0.0,1,0.124644072,0.243787499,0.24486113110749966
WOLREV_clean,WOLREV_clean,9.92256,5.8874,9.91786,0.624717,2477.67,3966.07,0.0,0.0,0.7426,1.1887,0.0,1,0.144191174,0.283126451,0.28594442450625035
WOLRIZ_clean,WOLRIZ_clean,11.03643,6.52149,11.03643,0.928573,2127.88,2291.56,0.0,0.0,0.7184,0.77366,0.0,1,0.107950411,0.214923021,0.21401620469875046
WOPSOL01_clean,WOPSOL01_clean,10.90023,10.70959,10.90023,1.18162,1552.96,1314.27,0.0,0.0,0.6334,0.536045,0.0,1,0.110949057,0.221760037,0.21994359021625087
WORSUT_clean,WORSUT_clean,6.27181,5.14016,6.27181,1.1,1232.84,1120.77,0.0,0.0,0.519,0.471819,0.0,0,0.123946203,0.245529843,0.2420838703687502
WOTLOI_clean,WOTLOI_clean,8.00513,4.84682,8.00513,0.97425,1418.35,1455.84,0.0,0.0,0.579,0.594304,0.0,1,0.092200615,0.181155264,0.18352771282625036
WOYJAX_clean,WOYJAX_clean,12.27463,5.80964,12.27345,0.829543,2229.7,2687.86,0.0,0.0,0.7142,0.860956,0.0,1,0.221911759,0.411205197,0.43553729820499976
WUCRUH_clean,WUCRUH_clean,4.31723,3.81301,4.31723,1.71018,546.548,319.586,0.0,0.0,0.3908,0.228514,0.0,1,0.170596255,0.323364054,0.3139623736587487
WUNVUX_clean,WUNVUX_clean,5.06256,4.10802,5.0479,1.09653,996.696,908.953,84.6011,77.1534,0.5168,0.471304,0.0,0,0.205629578,0.399464666,0.39580390596999776
WUTBOC_clean,WUTBOC_clean,7.17175,4.98444,7.17175,1.90997,842.378,441.043,0.0,0.0,0.429,0.224611,0.0,0,0.066652294,0.127484886,0.13078792969749978
WUTCAP_clean,WUTCAP_clean,7.16776,4.98308,7.16776,1.90582,867.573,455.224,0.0,0.0,0.4432,0.232551,0.0,0,0.065452143,0.126981842,0.12905285344374956
WUYXEV_clean,WUYXEV_clean,9.37986,6.91474,9.3766,0.799877,2024.21,2530.65,0.0,0.0,0.6774,0.84688,0.0,0,0.123283622,0.241275444,0.24495234254625037
WUYXOF_clean,WUYXOF_clean,9.05505,5.17643,9.05505,0.759045,1983.21,2612.77,0.0,0.0,0.6628,0.873203,0.0,0,0.115522207,0.228499009,0.2309888986087498
WUYYAS_clean,WUYYAS_clean,9.33636,7.09924,9.33362,0.775219,2017.38,2602.33,0.0,0.0,0.6762,0.87227,0.0,1,0.122719142,0.247546333,0.2443699318975001
WUYYEW_clean,WUYYEW_clean,9.26232,6.95652,9.26232,0.838222,1987.56,2371.16,0.0,0.0,0.6778,0.808616,0.0,1,0.12129102,0.23910817,0.2400845146637489
WUZGAB_clean,WUZGAB_clean,9.3852,6.06112,9.3852,0.741116,2013.56,2716.93,0.0,0.0,0.6778,0.914567,0.0,0,0.120788417,0.241152535,0.2401690965800001
XACZEH_clean,XACZEH_clean,10.60893,7.2431,10.60893,1.18823,994.3,836.792,67.7434,57.0121,0.5998,0.504785,0.0,1,0.059888134,0.121521901,0.11912928891999992
XADDAJ01_clean,XADDAJ01_clean,6.46856,4.61872,6.46856,1.24305,1893.89,1523.58,0.0,0.0,0.5932,0.477214,0.0,1,0.154231496,0.298404552,0.30236000434124927
XAFFIV_clean,XAFFIV_clean,14.22916,13.19368,14.22916,0.358398,1899.33,5299.5,0.0,0.0,0.8506,2.37334,0.0,1,0.131676335,0.265134955,0.26251124435249923
XAHPIH_clean,XAHPIH_clean,14.31673,13.37952,14.23422,0.356183,1691.25,4748.26,0.0,0.0,0.8698,2.442,0.0,1,0.130143807,0.257142418,0.2615128866212497
XAKQOR_clean,XAKQOR_clean,6.07415,4.27878,5.44099,0.965162,1660.14,1720.06,0.0,0.0,0.5906,0.611918,0.0,0,0.180400588,0.35701862,0.3528477626387508
XAKYUE_clean,XAKYUE_clean,12.06174,7.75873,12.06174,0.881143,1544.96,1753.36,0.0,0.0,0.6152,0.698184,0.0,1,0.124870675,0.243854982,0.24681751040624936
XAKZUF_clean,XAKZUF_clean,12.14685,7.7394,12.14685,0.885336,1547.82,1748.28,0.0,0.0,0.616,0.695781,0.0,1,0.129357531,0.25138383,0.25711959778500015
XALBAO_clean,XALBAO_clean,12.08969,7.27048,11.78932,0.880979,1591.93,1807.0,0.0,0.0,0.6308,0.716022,0.0,1,0.129314245,0.256314987,0.2567193394565622
XALBUI_clean,XALBUI_clean,12.38727,7.83288,12.25594,0.880388,1559.27,1771.12,0.0,0.0,0.6108,0.693785,0.0,1,0.129741425,0.254200669,0.2572299413550003
XALCET_clean,XALCET_clean,12.0955,7.67742,12.0955,0.88783,1530.66,1724.05,0.0,0.0,0.6136,0.691123,0.0,1,0.125000259,0.252401067,0.2470070714762495
XALCUJ_clean,XALCUJ_clean,8.77917,3.81164,4.50991,0.995838,192.509,193.314,1019.4,1023.66,0.5598,0.562139,0.0,1,0.120546809,0.237512735,0.2323403935324999
XALDAS_clean,XALDAS_clean,11.1437,9.04409,11.1437,0.650684,2284.21,3510.47,0.0,0.0,0.7594,1.16708,0.0,1,0.1555083,0.304528805,0.3083083621574992
XALTIP_clean,XALTIP_clean,18.68299,9.17237,18.68299,0.551216,1809.24,3282.27,0.0,0.0,0.7988,1.44916,0.0,1,0.10907573,0.220516293,0.21755112774499902
XAMDUM06_clean,XAMDUM06_clean,13.1663,6.64621,13.1663,0.88326,2088.66,2364.72,0.0,0.0,0.7192,0.814256,0.0,1,0.159083279,0.306239961,0.3084523926750024
XAMGUQ_clean,XAMGUQ_clean,8.47788,6.65907,8.47788,0.938367,1761.37,1877.06,0.0,0.0,0.63,0.671379,0.0,1,0.115199745,0.22853967,0.22896205248749876
XAMHEA_manual,XAMHEA_manual,9.05929,7.3957,8.92663,0.731602,2360.06,3225.88,0.0,0.0,0.7172,0.980315,0.0,0,0.131016246,0.258358069,0.26039227120291714
XANLEE_clean,XANLEE_clean,6.11311,4.49275,6.10612,0.785206,2427.23,3091.21,0.0,0.0,0.6562,0.835705,0.0,1,0.234595169,0.463143105,0.46036844610750405
XAPCOJ04_clean,XAPCOJ04_clean,7.30941,7.11813,7.30941,1.12085,1593.11,1421.33,0.0,0.0,0.597,0.53263,0.0,0,0.177511421,0.350782801,0.3524030951050007
XAPCOJ07_clean,XAPCOJ07_clean,7.31581,7.08591,7.31581,1.1114,1611.64,1450.1,0.0,0.0,0.6012,0.540938,0.0,0,0.175225721,0.346396241,0.343784698278749
XAPDEY_clean,XAPDEY_clean,8.43698,7.85452,8.43698,1.19984,2075.29,1729.64,0.0,0.0,0.6726,0.560573,0.0,0,0.092474869,0.183586356,0.18388261311374887
XAPTUE_clean,XAPTUE_clean,7.01351,4.77674,6.96552,1.46731,1437.82,979.906,0.0,0.0,0.555,0.378244,0.0,1,0.146056672,0.282859249,0.28361256219749914
XATZOK_clean,XATZOK_clean,8.52599,5.82023,8.33095,0.788781,2129.05,2699.16,0.0,0.0,0.69,0.874767,0.0,1,0.182149434,0.359172372,0.3585276551399999
XATZUQ_clean,XATZUQ_clean,7.56959,6.44554,7.50387,0.891969,1666.54,1868.38,0.0,0.0,0.6382,0.715495,0.0,1,0.155523915,0.305325262,0.30562891667749986
XEDLUN_clean,XEDLUN_clean,5.03615,3.51292,5.0361,0.885985,1404.83,1585.62,0.0,0.0,0.61,0.688499,0.0,1,0.265839847,0.518456149,0.5096144422862506
XEDPIH_clean,XEDPIH_clean,4.84924,3.94171,4.80226,1.78705,773.954,433.09,0.0,0.0,0.5042,0.282141,0.0,0,0.170750666,0.319786858,0.32329238052125064
XEDPON_clean,XEDPON_clean,7.48304,4.32366,7.48304,1.13521,1918.18,1689.72,0.0,0.0,0.6406,0.564302,0.0,1,0.169219193,0.328356794,0.3311225243325009
XEGKOL_clean,XEGKOL_clean,8.255,5.9525,8.24564,1.11832,1646.01,1471.86,0.0,0.0,0.6014,0.537769,0.0,0,0.095280082,0.188632067,0.18906302320499982
XEHSEJ_clean,XEHSEJ_clean,5.24127,3.85188,5.21916,1.33454,931.861,698.265,0.0,0.0,0.4838,0.362522,0.0,0,0.107814795,0.209517622,0.21083550860624986
XEHSUZ_clean,XEHSUZ_clean,4.73753,3.78928,4.73753,1.38845,832.486,599.579,0.0,0.0,0.4634,0.333753,0.0,0,0.110970992,0.220344652,0.2154772400700006
XEJXAN_clean,XEJXAN_clean,4.27901,3.60567,4.27901,1.57867,491.894,311.588,0.0,0.0,0.4078,0.258319,0.0,0,0.21323004,0.392926947,0.39822055377750076
XEXLAP_clean,XEXLAP_clean,8.64993,8.01633,8.63141,1.0685,1374.86,1286.72,0.0,0.0,0.5518,0.516424,0.0,0,0.07934386,0.15570483,0.15829168123374962
XEXMAQ_clean,XEXMAQ_clean,8.3881,8.06353,8.36842,1.12082,1406.28,1254.68,0.0,0.0,0.5662,0.505164,0.0,1,0.110268074,0.215588253,0.21799599383250112
XIDBUJ_clean,XIDBUJ_clean,7.40475,6.25511,7.40475,1.09542,1351.03,1233.34,0.0,0.0,0.5684,0.518888,0.0,0,0.164941378,0.321612911,0.321108535752499
XIHSAJ_clean,XIHSAJ_clean,6.08478,4.0122,6.08478,1.01421,1817.12,1791.66,0.0,0.0,0.6044,0.595933,0.0,1,0.162748073,0.323177155,0.3191545564637508
XIHSEN_clean,XIHSEN_clean,5.63541,3.87826,5.63541,1.09092,1426.31,1307.44,0.0,0.0,0.5682,0.520843,0.0,1,0.180279509,0.353083324,0.35103919359625124
XINRAP_clean,XINRAP_clean,7.72889,5.88361,7.72889,0.997869,1989.71,1993.96,0.0,0.0,0.6604,0.66181,0.0,1,0.074286072,0.148999558,0.1477536569974995
XISPUM_clean,XISPUM_clean,7.32941,4.58436,7.32711,1.21765,2007.19,1648.41,0.0,0.0,0.6216,0.510492,0.0,1,0.137319256,0.273638234,0.27012981556874893
XISVUR_clean,XISVUR_clean,5.04407,3.94718,5.0182,1.1747,1719.75,1463.99,0.0,0.0,0.6072,0.516898,0.0,1,0.182558825,0.361736122,0.35679869036250034
XIWLAQ_clean,XIWLAQ_clean,6.60663,5.9994,6.60453,2.29175,1025.32,447.396,0.0,0.0,0.5236,0.228472,0.0,1,0.072446142,0.141457432,0.14171761571874916
XOCWIX_clean,XOCWIX_clean,5.47886,3.44903,5.47476,2.18371,1125.64,515.471,0.227584,0.104219,0.5372,0.246003,0.0,1,0.060991398,0.118467555,0.11962277195749993
XODPUD_clean,XODPUD_clean,15.85383,13.08935,15.85383,0.622253,2051.21,3296.43,0.0,0.0,0.7882,1.26669,0.0,1,0.142025512,0.282830041,0.28085473089875007
XOFPEP_clean,XOFPEP_clean,5.97089,3.4618,5.97089,2.03022,1036.5,510.537,0.0,0.0,0.5304,0.261252,0.0,1,0.055329766,0.109739998,0.10845660993625016
XOHLEM_clean,XOHLEM_clean,5.52611,4.54089,5.51535,1.339,1839.55,1373.82,0.0,0.0,0.5986,0.44705,0.0,1,0.183579075,0.361216106,0.3537652841062501
XOJWOJ_clean,XOJWOJ_clean,7.01927,4.56509,7.01927,1.20631,1535.66,1273.03,0.0,0.0,0.6016,0.498713,0.0,1,0.15556485,0.304582027,0.30478235963000067
XOMCIN_clean,XOMCIN_clean,5.94246,4.25779,5.52872,0.995112,2064.21,2074.35,0.0,0.0,0.6074,0.610384,0.0,1,0.244879968,0.459189694,0.47534683958250035
XOMDOU_clean,XOMDOU_clean,6.08861,4.66373,6.08699,1.18202,859.304,726.977,313.731,265.419,0.5438,0.460059,0.0,1,0.217613144,0.413366655,0.4090572798037496
XOMGIQ_clean,XOMGIQ_clean,5.5226,3.96675,5.5226,1.11957,1446.11,1291.67,0.0,0.0,0.5666,0.506089,0.0,1,0.113906389,0.226731412,0.2254768730800009
XONLES01_clean,XONLES01_clean,15.55222,13.97126,15.55222,0.303181,1639.83,5408.75,0.0,0.0,0.871,2.87288,0.0,1,0.14638662,0.297389856,0.29462099217375004
XOQXIL_clean,XOQXIL_clean,5.56779,4.25341,5.54313,1.05181,1608.8,1529.56,0.0,0.0,0.552,0.524811,0.0,1,0.12287422,0.240410492,0.24194825301625011
XOSPOK_clean,XOSPOK_clean,6.02139,4.57668,6.02139,1.94823,1837.76,943.297,0.0,0.0,0.586,0.300786,0.0,1,0.137606302,0.268515647,0.2684297836187499
XOTSEG_clean,XOTSEG_clean,8.78779,6.45971,8.7759,0.828086,1735.59,2095.91,0.0,0.0,0.6318,0.762964,0.0,1,0.126287652,0.250219855,0.25128298593750015
XOTXUB_clean,XOTXUB_clean,4.27674,3.47607,4.14843,1.21704,316.782,260.289,0.0,0.0,0.4284,0.352001,0.0,1,0.035145264,0.072270955,0.06978381198875018
XOVPON_clean,XOVPON_clean,5.74841,4.13919,5.74724,1.29056,1444.67,1119.41,0.0,0.0,0.5696,0.44136,0.0,1,0.093555002,0.184658134,0.18510964216874984
XOVQEF_SL,XOVQEF_SL,13.73802,11.42638,13.39901,0.433642,2002.7,4618.32,0.0,0.0,0.8224,1.89649,0.0,1,0.127613236,0.255497502,0.2515919548562502
XOVQIJ_clean,XOVQIJ_clean,7.41561,4.13146,7.41561,0.925084,1684.83,1821.27,0.0,0.0,0.5816,0.6287,0.0,1,0.136426307,0.268156948,0.26848038719749995
XUDYOM_clean,XUDYOM_clean,5.92099,5.48654,5.7966,1.63199,1266.45,776.015,0.0,0.0,0.5438,0.333212,0.0,0,0.250959585,0.472876737,0.47066144720625297
XUGSEY_clean,XUGSEY_clean,7.45351,5.81909,7.11831,0.709523,2586.66,3645.63,0.0,0.0,0.7068,0.996162,0.0,1,0.163926522,0.328136156,0.3235958275712511
XUJPIC_clean,XUJPIC_clean,5.88914,4.75213,5.84985,1.23811,1386.84,1120.12,0.0,0.0,0.5304,0.428394,0.0,0,0.211149905,0.404351586,0.4061219362562501
XUJPOI_clean,XUJPOI_clean,5.22333,3.76094,5.20942,1.23729,1450.85,1172.61,0.0,0.0,0.566,0.457452,0.0,0,0.202345822,0.389390922,0.38848073701625035
XUJQAV_clean,XUJQAV_clean,5.23926,3.75063,5.23926,1.23622,1470.1,1189.19,0.0,0.0,0.5596,0.452669,0.0,0,0.204293427,0.385936845,0.3894520390187499
XUKYEI_neutral,XUKYEI_neutral,13.17229,10.75846,13.16843,0.287208,1805.38,6285.97,0.0,0.0,0.8682,3.02289,0.0,0,0.125911003,0.253099126,0.2502172184762516
XUMNIE_clean,XUMNIE_clean,7.92656,5.00523,7.92544,0.836736,1842.18,2201.63,0.0,0.0,0.617,0.737389,0.0,0,0.209847266,0.410246952,0.40711156685000005
XUMVEH_clean,XUMVEH_clean,5.51001,5.03328,5.49298,1.14233,1980.67,1733.88,0.0,0.0,0.6382,0.55868,0.0,1,0.148427979,0.289828184,0.29369096382500076
XUNHAQ_clean,XUNHAQ_clean,4.43369,3.93895,4.41861,1.01112,1121.76,1109.42,0.0,0.0,0.495,0.489555,0.0,1,0.287959535,0.545057678,0.5457168225387451
YAGJOI_clean,YAGJOI_clean,5.63288,5.50957,5.62983,1.07586,1552.96,1443.46,0.0,0.0,0.5528,0.513822,0.0,0,0.186538764,0.365754607,0.3614691708787507
YANBAR02_clean,YANBAR02_clean,4.9953,3.83765,4.98464,1.73124,921.603,532.338,0.0,0.0,0.4702,0.271598,0.0,0,0.064102994,0.124774979,0.1254181027500006
YANBAR03_clean,YANBAR03_clean,4.71059,3.74,4.66327,1.80873,823.157,455.102,0.0,0.0,0.451,0.249346,0.0,0,0.063731612,0.128293006,0.12428410668500055
YANBAR_clean,YANBAR_clean,4.9541,3.79831,4.9225,1.76383,896.703,508.383,0.0,0.0,0.4572,0.259208,0.0,0,0.067319565,0.131907375,0.13129021437250005
YAPLUY_clean,YAPLUY_clean,7.79113,6.77532,7.7776,0.987389,1670.12,1691.45,5.68352,5.75611,0.6296,0.637641,0.0,1,0.090884158,0.181790216,0.18015832779000063
YARBUQ_clean,YARBUQ_clean,4.67624,4.03616,4.54961,1.19852,280.172,233.766,258.386,215.589,0.447,0.372961,0.0,1,0.291394854,0.509448548,0.5239113280074995
YARGAB_clean,YARGAB_clean,10.70302,9.67182,10.70302,0.961173,1387.15,1443.19,0.0,0.0,0.6238,0.648999,0.0,1,0.112620418,0.224239516,0.22146092810125054
YARKOT_clean,YARKOT_clean,5.25265,3.98181,5.2356,0.962764,1924.08,1998.5,0.0,0.0,0.6296,0.653951,0.0,1,0.228564392,0.448557748,0.4442739735399983
YARYUL_clean,YARYUL_clean,6.79463,6.1943,6.7496,1.01911,2644.72,2595.13,0.0,0.0,0.7536,0.73947,0.0,1,0.041602644,0.081537761,0.08330914687499946
YARZEZ02_clean,YARZEZ02_clean,7.33631,5.31685,7.33003,0.762014,2989.95,3923.75,0.0,0.0,0.7604,0.997882,0.0,0,0.063935054,0.127988344,0.12799354335999905
YARZEZ03_clean,YARZEZ03_clean,7.77175,4.5942,7.75648,0.810672,2535.58,3127.75,0.0,0.0,0.7232,0.8921,0.0,0,0.068080307,0.135969412,0.13421615635000014
YASLOW_clean,YASLOW_clean,11.27088,6.03691,11.27088,0.827082,2236.87,2704.53,0.0,0.0,0.7068,0.85457,0.0,0,0.095984717,0.192978479,0.19213347809125014
YAVTUN_clean,YAVTUN_clean,9.91839,8.86286,9.91839,0.965245,1733.93,1796.36,0.0,0.0,0.6864,0.711115,0.0,1,0.082539002,0.16740904,0.16434231180999903
YAVVID_clean,YAVVID_clean,4.84619,4.06844,4.72468,1.45348,1121.07,771.298,0.0,0.0,0.5442,0.374412,0.0,1,0.120439925,0.232521683,0.2336416087637498
YAVVUP_clean,YAVVUP_clean,4.79083,4.0345,4.51089,1.48936,1096.45,736.189,0.0,0.0,0.5422,0.364049,0.0,1,0.122478948,0.235278464,0.24116478942375086
YAVWAW_clean,YAVWAW_clean,4.87227,4.07548,4.69675,1.46373,1145.93,782.881,0.0,0.0,0.5582,0.381355,0.0,1,0.117280233,0.231206692,0.22820926332874972
YAVZAX_clean,YAVZAX_clean,5.41112,4.55984,5.40803,1.50963,1275.98,845.227,0.0,0.0,0.5678,0.376117,0.0,0,0.11458127,0.222752873,0.22489418089375054
YAWFOS_clean,YAWFOS_clean,6.58573,4.52277,6.51086,1.38834,1531.01,1102.76,0.0,0.0,0.6034,0.434618,0.0,1,0.030614784,0.061363015,0.06068034386250009
YAYRAT_clean,YAYRAT_clean,6.10819,5.25433,6.10592,0.863424,2602.75,3014.46,0.0,0.0,0.6904,0.799607,0.0,0,0.241458146,0.459863105,0.4756964509174997
YEGCUJ_clean,YEGCUJ_clean,7.31661,4.83808,7.31661,1.36986,1339.97,978.182,0.0,0.0,0.5642,0.411867,0.0,1,0.110820186,0.217233957,0.21738932241874956
YEKXOD_clean,YEKXOD_clean,7.62702,5.92083,7.58526,0.977291,1976.53,2022.46,0.0,0.0,0.6138,0.628063,0.0,1,0.126309857,0.250418887,0.2511728713212494
YEMJAC_clean,YEMJAC_clean,6.87778,6.50668,6.87778,1.59244,1555.51,976.807,0.0,0.0,0.5806,0.364597,0.0,0,0.122452424,0.239971052,0.24144915029374958
YENLUA_ion_b,YENLUA_ion_b,21.49217,18.9061,21.49217,0.794834,1364.82,1717.11,0.605784,0.762152,0.7146,0.899055,0.0,1,0.05464959,0.109215924,0.1073026217849999
YEVQUM_manual,YEVQUM_manual,7.24971,4.97645,7.24971,1.58621,997.869,629.089,110.417,69.6106,0.5532,0.348755,0.0,1,0.056523458,0.111296561,0.1119210397987499
YEYCUC_SL,YEYCUC_SL,17.82348,5.70059,17.82348,0.555715,2326.25,4186.05,0.0,0.0,0.7742,1.39316,0.000719793,0,0.138660885,0.276206408,0.27543521880500027
YEYFEP_clean,YEYFEP_clean,6.98334,4.14157,6.98202,1.19557,2249.87,1881.83,0.0,0.0,0.6508,0.544341,0.0,1,0.088122667,0.17511458,0.17470636425999914
YEZKEV_clean,YEZKEV_clean,5.97739,3.43415,5.31131,1.09565,745.656,680.561,250.74,228.851,0.5084,0.464017,0.0,1,0.150625036,0.282374038,0.2897428890087501
YICDAR_clean,YICDAR_clean,5.59824,4.74384,5.59824,0.895752,2281.69,2547.24,0.0,0.0,0.6272,0.700194,0.0,1,0.161381736,0.315628274,0.31830027957125034
YIKJUZ_clean,YIKJUZ_clean,8.98552,4.23883,8.98552,1.25419,1702.48,1357.43,21.0421,16.7774,0.6478,0.516507,0.0,1,0.06398369,0.127284272,0.12663870914375008
YILJAG_clean,YILJAG_clean,9.10869,5.99614,8.54669,0.787709,2364.52,3001.77,0.0,0.0,0.7242,0.919375,0.0,1,0.127086595,0.258915936,0.25264600926624875
YINCIJ_clean,YINCIJ_clean,5.57662,4.55736,5.57662,1.15159,1292.51,1122.37,0.0,0.0,0.5342,0.463881,0.0,1,0.155451202,0.301614122,0.3031173186725027
YINPEQ_clean,YINPEQ_clean,9.47139,8.23796,9.47139,0.666821,2383.65,3574.65,0.0,0.0,0.7906,1.18563,0.0,0,0.085104179,0.169845253,0.16931283024000007
YIWMOG_clean,YIWMOG_clean,6.74773,5.04258,6.74039,1.26894,2076.98,1636.78,0.0,0.0,0.6788,0.534934,0.0,1,0.042011102,0.083069855,0.08386930013999949
YIXYUB_clean,YIXYUB_clean,7.99703,7.36677,7.98615,1.64643,944.835,573.867,0.0,0.0,0.4756,0.288867,0.0,0,0.074665736,0.147390044,0.1460119763062495
YOCNAH_clean,YOCNAH_clean,6.22868,3.97762,6.13994,1.44635,836.354,578.253,0.0,0.0,0.4804,0.332147,0.0,1,0.246869834,0.433878791,0.4536450303737531
YOCSEQ_clean,YOCSEQ_clean,5.29821,4.82783,5.29821,2.09158,1030.37,492.631,0.0,0.0,0.4588,0.219356,0.0,1,0.100317414,0.188340642,0.19292848516249997
YOGVEX_clean,YOGVEX_clean,4.10269,3.52572,4.10269,1.25337,612.446,488.638,0.0,0.0,0.5006,0.399402,0.0,0,0.118142632,0.226780742,0.23189349704999956
YOKKIU_clean,YOKKIU_clean,4.47915,3.70978,4.27429,1.38219,507.522,367.187,328.529,237.688,0.4744,0.343224,0.0,1,0.175497683,0.350708027,0.3288472910399987
YONNAR_clean,YONNAR_clean,11.86103,5.70578,11.72639,0.691421,2206.3,3190.97,0.0,0.0,0.7668,1.10902,0.0,1,0.127309337,0.256242307,0.2544339791499994
YORLEY_clean,YORLEY_clean,14.11404,9.82464,14.11404,1.50654,1067.45,708.545,0.0,0.0,0.6006,0.398661,0.0,1,0.04229705,0.082250506,0.08421955752999986
YORNIE_clean,YORNIE_clean,6.06957,5.53792,6.06957,0.892995,1622.17,1816.55,0.0,0.0,0.629,0.704371,0.0,1,0.103264354,0.207248083,0.2052137966487495
YOTXOW_clean,YOTXOW_clean,6.29142,5.79696,6.29077,1.36514,595.047,435.886,0.0,0.0,0.467,0.342088,0.0,1,0.086270005,0.166449257,0.16980248389125008
YOYQUA_clean,YOYQUA_clean,6.73531,5.14118,6.73531,1.08477,941.654,868.069,0.0,0.0,0.5218,0.481024,0.0,0,0.201858813,0.384376341,0.3878320087249989
YOYRIP_clean,YOYRIP_clean,6.79198,5.2818,6.79198,1.07942,946.208,876.593,0.0,0.0,0.5242,0.485633,0.0,0,0.199922281,0.378678928,0.3829486943975013
YOYVEP01_clean,YOYVEP01_clean,4.85942,3.67908,4.85942,1.85926,1388.03,746.548,0.0,0.0,0.5542,0.298075,0.0,1,0.076254575,0.151736398,0.15044794969124994
YOYZET_clean,YOYZET_clean,6.17589,4.55995,6.17589,1.24493,1035.54,831.808,0.0,0.0,0.5128,0.411912,0.0,0,0.058861137,0.116410675,0.11640528337750039
YOZKOP_clean,YOZKOP_clean,5.21744,4.85597,5.21744,1.23316,795.516,645.106,0.0,0.0,0.5018,0.406924,0.0,1,0.092124481,0.177562635,0.18236435320749972
YOZYOD_clean,YOZYOD_clean,6.08705,4.94831,6.08705,1.19906,1535.33,1280.44,0.0,0.0,0.57,0.475373,0.0,1,0.158586136,0.313011955,0.3076546426187494
YOZYUJ_clean,YOZYUJ_clean,8.32775,7.35004,8.32775,1.04928,1799.21,1714.71,0.0,0.0,0.648,0.617564,0.0,1,0.154582815,0.301376996,0.30217808397249946
YUBFOR_clean,YUBFOR_clean,8.69265,4.94745,8.69265,1.19814,1446.3,1207.12,0.0,0.0,0.612,0.510792,0.0,1,0.077722563,0.156159789,0.1553282783649994
YUDFIO_clean,YUDFIO_clean,7.42167,6.24399,7.42167,1.08555,1886.91,1738.2,0.0,0.0,0.6204,0.571506,0.0,1,0.072651697,0.14496314,0.1455063436587495
YUJCOX_clean,YUJCOX_clean,5.98412,4.49111,5.97667,1.61045,1537.35,954.605,0.0,0.0,0.5426,0.336924,0.0,1,0.17546679,0.33717205,0.3387890609187509
YULNOK_clean,YULNOK_clean,4.29835,3.4152,4.29262,1.35163,393.739,291.306,2.25484,1.66823,0.4592,0.339737,0.0,1,0.07259792,0.140795183,0.14000015503124946
YUMJAS_clean,YUMJAS_clean,6.24531,4.99676,6.24531,2.01823,1798.6,891.176,0.0,0.0,0.5646,0.27975,0.0,1,0.038014425,0.076207151,0.07525813667374943
YURKEC_clean,YURKEC_clean,7.90101,7.08763,7.8976,1.07399,1764.62,1643.06,0.0,0.0,0.6344,0.590696,0.0,1,0.12669485,0.249642355,0.25208407346124984
YUSGOJ_SL,YUSGOJ_SL,4.42187,3.56624,4.4192,1.435,723.425,504.128,0.0,0.0,0.4304,0.29993,0.0,1,0.060957562,0.119047785,0.1191465796812499
YUSWIU_clean,YUSWIU_clean,5.63795,4.77812,5.63069,1.59088,1761.52,1107.26,0.0,0.0,0.5624,0.353516,0.0,0,0.127775806,0.252349129,0.2477663781837499
YUTGEZ_clean,YUTGEZ_clean,5.82433,3.93601,5.82433,1.29826,1025.59,789.97,0.0,0.0,0.5686,0.437971,0.0,0,0.039657717,0.078482009,0.07870029113875023
YUXLIN_clean,YUXLIN_clean,11.21237,6.77529,11.21199,0.978835,1903.75,1944.91,0.0,0.0,0.6474,0.661399,0.0,1,0.072864234,0.146059775,0.14583280310124935
YUYBIF_clean,YUYBIF_clean,5.00131,4.56878,4.98439,1.44177,873.775,606.043,0.0,0.0,0.501,0.347489,0.0,0,0.141704429,0.272553724,0.27701303987625164
YUYLOV_clean,YUYLOV_clean,5.28891,4.25116,5.28891,1.21408,1053.59,867.808,5.10787,4.20721,0.5256,0.432922,0.0,1,0.111888321,0.217857212,0.2183834712399999
YUZRES_clean,YUZRES_clean,7.11877,4.99085,7.01426,1.11442,1299.63,1166.19,0.0,0.0,0.527,0.472891,0.0,1,0.111729833,0.223223245,0.22069579677625037
YUZXAT_clean,YUZXAT_clean,5.15837,3.71285,5.1262,1.26263,639.82,506.735,0.0,0.0,0.4692,0.371605,0.0,1,0.180148076,0.327346736,0.34088322528749926
ZAHLEC_clean,ZAHLEC_clean,10.74057,8.40432,8.92854,0.504189,2700.75,5356.61,0.0,0.0,0.8076,1.60178,0.0,1,0.121814413,0.245314409,0.2419712933550003
ZAVPOD_clean,ZAVPOD_clean,5.37051,4.47073,5.34338,1.28123,1720.75,1343.05,0.0,0.0,0.573,0.447228,0.0,1,0.122089147,0.243221696,0.24186431322250068
ZAVQOE_clean,ZAVQOE_clean,5.3264,4.54894,5.3264,1.35472,1669.82,1232.6,0.0,0.0,0.5738,0.423556,0.0,1,0.123520227,0.242164777,0.24279405938500026
ZEBMAW_clean,ZEBMAW_clean,7.10606,3.80774,7.0844,1.02768,1719.77,1673.45,0.0,0.0,0.5972,0.581114,0.0,1,0.142801988,0.275187824,0.2812830365549995
ZEDQEG_clean,ZEDQEG_clean,5.11458,4.23281,5.10868,1.21651,1349.89,1109.64,0.0,0.0,0.5426,0.446031,0.0,1,0.112800731,0.221712819,0.22069824572374974
ZELROZ_manual,ZELROZ_manual,16.90888,11.06843,16.90888,0.361932,1789.5,4944.29,0.0,0.0,0.8714,2.40763,0.0,0,0.119994918,0.238105009,0.23880851040500015
ZEXKUK_clean,ZEXKUK_clean,5.43641,4.11889,5.43641,1.10203,1510.94,1371.05,0.0,0.0,0.521,0.472764,0.0,0,0.161163895,0.318143399,0.3150437630037491
ZEZFIV_clean,ZEZFIV_clean,10.69025,9.42287,10.68854,0.594994,2005.75,3371.05,0.0,0.0,0.743,1.24875,0.0,1,0.113883923,0.228499751,0.22732141879124942
ZIJSAO_clean,ZIJSAO_clean,20.32962,7.50871,20.32962,0.465536,2204.15,4734.65,0.0,0.0,0.8128,1.74594,0.0,1,0.139012372,0.277776605,0.275316876112499
ZILFOR_manual,ZILFOR_manual,9.30653,7.96955,8.40209,0.639421,2480.2,3878.82,0.0,0.0,0.7576,1.18482,0.0,1,0.14879754,0.288837677,0.294925195913749
ZOFZOL_clean,ZOFZOL_clean,9.41161,6.60227,9.39434,0.678974,2530.56,3727.03,0.0,0.0,0.7552,1.11227,0.0,1,0.143910961,0.281699873,0.2875104106000012
ZOMNIA_clean,ZOMNIA_clean,6.19749,4.62522,6.12809,1.13009,1429.96,1265.35,0.0,0.0,0.5774,0.510931,0.0,1,0.130056552,0.251253727,0.25526391244750013
ZOZPUB_clean,ZOZPUB_clean,7.7256,6.01065,7.70911,1.03826,1572.11,1514.17,0.0,0.0,0.597,0.574999,0.0,1,0.069591545,0.14003501,0.1393834020087498
ZUDQUM_clean,ZUDQUM_clean,5.81277,5.4291,5.81277,1.09047,1603.64,1470.59,0.0,0.0,0.5888,0.539951,0.0,0,0.165593644,0.319707249,0.3245115312775002
ZUNZIT_clean,ZUNZIT_clean,5.02966,4.18682,5.02966,1.54704,1064.88,688.333,0.0,0.0,0.4702,0.303935,0.0,1,0.157988769,0.303760861,0.2992076819700012
ZURROT_clean,ZURROT_clean,4.90807,3.92111,4.90807,1.07774,1554.64,1442.5,0.0,0.0,0.611,0.566926,0.0,1,0.088788845,0.171132413,0.1754680141924993
