filename,LCD,PLD,LFPD,cm3_g,ASA_m2_cm3,ASA_m2_g,NASA_m2_cm3,NASA_m2_g,AV_VF,AV_cm3_g,NAV_cm3_g,Has_OMS,Input,y_true,y_pred
1499489-acs.cgd.6b01265_1499490_clean,10.85017,3.77263,10.26663,0.884188,1701.53,1924.4,0.0,0.0,0.6458,0.730388,0.0,0,0.0013640406,0.1270307057,0.13236235024564505
ACECIV_ion_b,3.5991,2.94934,3.57968,2.60195,0.0,0.0,21.213,8.15274,0.2312,0.0888565,0.0,1,5.97215e-05,0.0057540858,0.0057183210048496295
ACOCOM_clean,24.60642,13.0343,24.60642,0.349927,1537.41,4393.52,0.0,0.0,0.863,2.46623,0.0,1,0.0046461162,0.483367376,0.47311664685773774
acs.inorgchem.6b01211_ic6b01211_si_002_clean,11.28381,4.52903,11.28381,0.822811,2257.22,2743.3,0.0,0.0,0.6948,0.844422,0.0,1,0.0015150176,0.1614798358,0.15365440826871613
AGAYIQ_clean,4.02834,2.68983,4.02834,2.1487,0.0,0.0,227.224,105.75,0.3908,0.181878,0.0,1,0.0002138013,0.019267086,0.02091571591872922
AHIYOH_clean,5.55847,4.74922,5.55001,1.42546,843.163,591.503,0.0,0.0,0.4554,0.319476,0.0,1,0.0004389521,0.0414935787,0.04280305419282834
AHOZAA_clean,5.54353,3.15137,5.54353,1.68629,0.0,0.0,512.607,303.985,0.4282,0.25393,0.0,1,0.0003050234,0.0311388714,0.029252157250334504
AQIQIC_clean,6.11416,2.65573,6.10292,1.45271,0.0,0.0,973.967,670.449,0.4784,0.329316,0.0,1,0.0004982027,0.0513878968,0.04939154191903215
ATEJOA_clean,4.70745,4.24568,4.70745,1.89843,608.117,320.327,105.12,55.3722,0.4134,0.217759,0.0,0,0.0003906665,0.0376554177,0.03560745458224756
AXINAX_clean,19.26045,15.71248,19.26045,0.424639,1405.73,3310.41,0.0,0.0,0.8372,1.97156,0.0,1,0.0038843665,0.3814944109,0.3716973545226867
BADJIC_clean,3.80162,2.90343,3.80162,1.35655,0.0,0.0,63.1802,46.5741,0.4538,0.334525,0.0,0,0.0003005128,0.0300627803,0.029867722642717455
BEXTUV_clean,4.28323,3.79801,4.26635,1.30528,1237.19,947.835,0.0,0.0,0.5092,0.390108,0.0,1,0.0006493648,0.0620914778,0.06262664765889848
BEXVAD01_clean,3.87179,3.50198,3.85722,1.36931,1031.87,753.568,0.0,0.0,0.5022,0.366754,0.0,1,0.0005865191,0.0553662132,0.05764873272339916
BEXVAD_clean,4.05512,3.67488,4.05512,1.37514,1152.1,837.807,0.0,0.0,0.4946,0.359673,0.0,1,0.0006001617,0.0581680007,0.058501965845805595
BEXVIL_clean,8.76522,6.70231,8.74887,0.885188,2434.41,2750.17,0.0,0.0,0.7548,0.8527,0.0,1,0.0016901157,0.1662705845,0.16808740939338343
BIBMEG_clean,5.57416,2.96797,5.57416,1.77028,0.0,0.0,671.761,379.466,0.4734,0.267415,0.0,1,0.0003621928,0.0325496994,0.03484296718072814
BIRGIU_clean,6.67557,4.28336,6.67557,1.36929,1467.6,1071.8,0.0,0.0,0.553,0.403858,0.0,1,0.0005809918,0.055328753,0.05982979442575413
BUSTAM_clean,5.9276,2.66956,5.91101,1.96873,0.0,0.0,748.201,380.043,0.4466,0.226847,0.0,1,0.0003599946,0.0336958854,0.03469732072695064
c5sc00614g_c5sc00614g2_clean,12.67478,4.17297,12.67478,1.23591,1899.73,1537.11,0.0,0.0,0.6104,0.493887,0.000647296,0,0.0010984514,0.1109307465,0.10956069349863012
c6cc00589f_c6cc00589f3_clean,8.87015,7.61141,8.84647,0.61411,2422.25,3944.33,0.0,0.0,0.804,1.30921,0.0,0,0.0022243089,0.2176081286,0.23061615351365428
CAVMIX_clean,8.93942,5.67971,8.86574,0.942961,1589.69,1685.85,0.0,0.0,0.62,0.657503,0.0,1,0.0009972685,0.1015210671,0.10022527393866526
CEKNIQ_clean,19.34511,12.33787,19.24026,0.450433,1674.23,3716.94,0.0,0.0,0.8472,1.88086,0.0,1,0.0034963541,0.3582960713,0.3556832592789695
CESFOW_clean,11.30689,5.72282,11.30689,0.75113,2376.62,3164.06,0.0,0.0,0.7236,0.963349,0.0,1,0.0018487385,0.1931095783,0.18710850648514762
CIQQIE_clean,6.69548,4.06015,6.67985,1.03219,1589.58,1540.01,0.0,0.0,0.5732,0.555324,0.0,1,0.0008736135,0.0919916838,0.08722628636571801
COQJUP_clean,7.38322,4.6606,7.38042,1.11082,1342.22,1208.32,0.0,0.0,0.5588,0.503054,0.0,1,0.0006423285,0.067527674,0.06590853658344903
CUGYIO_clean,5.85592,5.75004,5.85592,2.37725,832.973,350.394,0.0,0.0,0.4316,0.181554,0.0,1,0.0002103941,0.018161524,0.02193722266698201
CUNRAG_clean,4.531,2.72413,4.38623,2.08372,0.0,0.0,487.364,233.891,0.416,0.199643,0.0,0,0.0003353056,0.0354299609,0.0320341684378597
CUPHIG_clean,11.10015,5.6209,11.10015,0.767516,2426.29,3161.23,0.0,0.0,0.7292,0.950078,0.0,1,0.0019975829,0.1957773793,0.1972416877483042
CUTFII_clean,4.31265,3.62169,4.29278,1.16218,1244.54,1070.86,0.0,0.0,0.5288,0.455007,0.0,1,0.0006346814,0.0616894461,0.06490581343225237
DANZOJ_neutral,11.30814,4.84088,11.28951,0.953196,1460.99,1532.73,328.938,345.089,0.656,0.688211,0.0,0,0.0011920514,0.1141800197,0.11834921597536385
DAXJET_clean,3.45389,3.20739,3.45389,1.41212,0.0,0.0,8.91853,6.31569,0.4856,0.34388,0.0,0,0.0001250195,0.0154637788,0.013346228077174671
DITPED_clean,7.50583,5.90159,7.4889,1.29378,1287.83,995.397,0.0,0.0,0.555,0.428975,0.0,1,0.0006102646,0.0621526359,0.061670848993492684
DIWMUT_clean,7.56491,5.96452,7.55979,0.838759,2075.47,2474.46,0.0,0.0,0.641,0.764225,0.0,1,0.0014208462,0.1409756972,0.13857497158656665
DIZVAK_clean,8.12516,5.69593,7.90061,1.15636,2071.75,1791.62,0.0,0.0,0.639,0.552597,0.0,0,0.0012850585,0.1284402757,0.12513000856472473
DUQRUD_clean,5.84696,3.93964,5.84696,1.3492,787.842,583.933,0.0,0.0,0.45,0.333531,0.0,0,0.0003315288,0.0300534086,0.03395461491228322
EDUVAA_clean,11.12176,8.60837,11.10384,0.690728,2384.44,3452.06,0.0,0.0,0.7446,1.07799,0.0,0,0.0021049664,0.202174973,0.2059002064812668
EGABAR_clean,5.34669,4.59707,5.34669,2.32794,964.221,414.195,0.0,0.0,0.453,0.194593,0.0,0,0.0003215564,0.0311968393,0.03175100731966733
EJATIS_clean,4.15596,3.67859,4.15596,2.74932,303.078,110.238,193.382,70.3383,0.3638,0.132324,0.0,1,0.0003428139,0.03480534,0.032412400728181516
EJEGUW_clean,13.22864,3.02378,11.59412,3.2274,0.0,0.0,1176.86,364.645,0.5774,0.178905,0.0,1,0.0002658764,0.0255045754,0.026961472952644935
ENCNBZ01_clean,5.19153,4.38458,5.1913,1.43907,1901.77,1321.52,0.0,0.0,0.6098,0.423745,0.0,1,0.0007845749,0.0758758046,0.07816782150753465
EPECOT_clean,6.95752,4.232,6.83185,1.2697,722.822,569.283,120.243,94.7014,0.4962,0.390799,0.0,1,0.0004473847,0.046026817,0.044254752616915104
ERALEQ_clean,9.66443,9.12313,9.66443,0.97783,2135.45,2183.86,1.95926,2.00368,0.6884,0.704008,0.000409069,1,0.0014001576,0.1436475525,0.13668354594082585
ERAMUH_clean,15.0811,13.76464,15.0811,0.907724,2091.4,2304.0,0.0,0.0,0.7424,0.81787,0.000220331,1,0.0017377017,0.1861790492,0.17311618236736587
ERAQAR_clean,7.38576,7.26835,7.38576,1.40447,1641.95,1169.09,0.0,0.0,0.6066,0.431907,0.0,0,0.0009299997,0.0892031646,0.09028217641428446
ETEMEX_clean,5.91958,3.04496,5.91958,1.5488,0.0,0.0,508.212,328.132,0.4422,0.285511,0.0,1,0.0002669739,0.0269729261,0.027438700695164554
ETIPII_clean,4.4114,3.63269,4.34894,1.3361,794.526,594.661,72.734,54.4377,0.5232,0.391588,0.0,1,0.0005221152,0.0558402954,0.052135595566591746
ETIXAI_clean,5.65647,4.17101,5.65647,1.21689,891.966,732.986,0.0,0.0,0.4942,0.406116,0.0,1,0.0004582874,0.0470661121,0.046063404147471246
EXUSAT_clean,5.52267,3.11573,5.52267,1.78731,0.0,0.0,822.162,460.001,0.4606,0.257706,0.0,1,0.0003275433,0.0350956589,0.032290854764693365
EZIMIK_clean,9.82604,3.91626,9.82604,1.06853,1265.94,1184.75,505.148,472.75,0.5976,0.559273,0.0,0,0.001241471,0.114146371,0.12111285189373375
EZOBUR01_clean,5.21262,4.53347,5.20127,2.04729,840.942,410.758,0.0,0.0,0.4516,0.220584,0.0,1,0.0003234536,0.0310152686,0.0315318794556558
FAHQEN_clean,5.12084,2.87775,5.12084,1.38899,0.0,0.0,454.135,326.953,0.4354,0.313465,0.0,1,0.0003217531,0.0295952109,0.03199961831680211
FAKHIK_clean,6.91166,3.5646,6.91166,1.35887,1058.17,778.71,0.0,0.0,0.4948,0.364126,0.0,1,0.0005191609,0.0571831195,0.05093344956095048
FALSAO_clean,5.59493,4.61612,5.59493,1.06274,1144.25,1076.7,0.0,0.0,0.509,0.478952,0.0,0,0.0006111977,0.0603284452,0.06142678782123998
FEWXIQ_clean,17.35042,7.46306,17.20636,0.482905,2259.15,4678.25,0.0,0.0,0.7942,1.64463,0.0,0,0.0033100602,0.3216393202,0.31502487492302733
FEZCIX_clean,9.87905,6.13901,9.87905,1.05939,3096.5,2922.91,0.0,0.0,0.8222,0.776107,0.0,1,0.0012063132,0.1268416001,0.1240118223563177
FIJFOU_clean,6.85299,4.5996,6.84418,1.41253,1137.63,805.384,0.0,0.0,0.4974,0.352134,0.0,1,0.0005332799,0.0497100193,0.0532152225388079
FILYAC_clean,5.64031,4.94176,5.6321,1.25304,1576.38,1258.04,0.0,0.0,0.554,0.442124,0.0,1,0.0007839008,0.0741579916,0.07838343577012487
FOQPAE02_clean,6.1209,4.89143,6.11396,1.39791,1360.89,973.519,0.0,0.0,0.5506,0.393874,0.0,1,0.0006024431,0.0620475915,0.06042304289726982
FUVDEH09_clean,7.0294,5.84289,7.0294,1.58635,523.994,330.314,0.0,0.0,0.397,0.25026,0.0,0,0.0002141472,0.0225080614,0.021495035448034605
FUVDEH10_clean,7.04062,5.87984,7.04062,1.60692,511.167,318.104,0.0,0.0,0.3892,0.242203,0.0,0,0.000218906,0.0219804265,0.021970383190683514
FUVDEH13_clean,6.5322,6.05224,6.5322,1.69182,540.534,319.498,0.0,0.0,0.3658,0.216217,0.0,0,0.0002236648,0.0220524037,0.022144142534994072
FUYCAF_clean,4.03019,3.2193,4.01818,1.57717,0.0,0.0,1186.15,752.072,0.5154,0.326787,0.000126809,0,0.0006517057,0.0707223068,0.05882620039609627
GALFAB_clean,5.55868,3.43749,5.55868,1.2617,790.625,626.635,0.0,0.0,0.4566,0.361893,0.0,0,0.0004242648,0.0473887662,0.041151431430934506
GANBED02_clean,5.89181,5.00048,5.83979,0.915211,2178.2,2379.99,0.0,0.0,0.6786,0.741468,0.0,0,0.0012449552,0.1281585147,0.12515000171510882
GATQOK_clean,8.0398,4.43833,8.0398,1.04873,1982.28,1890.18,0.0,0.0,0.641,0.611218,0.000572123,1,0.0010754288,0.1093633761,0.10621878372379703
GEBPEK_clean,17.98452,9.34908,17.98452,0.462491,1934.3,4182.35,0.0,0.0,0.837,1.80977,0.0,0,0.00376077,0.3579876628,0.35029445587559316
GEDPAH_clean,6.03167,4.27212,6.03167,1.25052,927.95,742.052,0.0,0.0,0.4286,0.342738,0.0,1,0.0003195179,0.032861481,0.032865677640293176
GESNIC_clean,6.37295,3.61972,6.37295,1.65786,713.721,430.507,0.0971657,0.058609,0.4796,0.289288,0.0,1,0.0003434758,0.0346278558,0.03429621620094979
GEZYUH_clean,5.69188,4.56898,5.68303,1.43146,1889.0,1319.63,0.0,0.0,0.5604,0.39149,0.0,1,0.0005712302,0.06119211,0.05743037592966107
GITSUY_clean,12.38253,7.614,12.38253,0.866035,1866.54,2155.27,0.0,0.0,0.694,0.801354,0.0,0,0.0012847393,0.1303960026,0.1320395282857498
GITVAH01_clean,9.03293,4.92005,8.03384,1.44808,1218.66,841.568,0.0,0.0,0.5302,0.366141,0.0,0,0.000619178,0.0612541216,0.05996525756680528
GONSUZ_clean,4.31262,4.05462,4.31117,1.54869,644.734,416.31,25.0293,16.1616,0.4898,0.316268,0.0,0,0.0004379462,0.04306053,0.04165898005351051
GORJEE_clean,6.22352,3.46281,6.21155,1.2742,1383.19,1085.53,43.8432,34.4085,0.5994,0.470413,0.0,1,0.0008037405,0.0800704022,0.07841195754882081
GUPBIE_clean,5.04343,2.78329,4.70939,1.7747,0.0,0.0,439.14,247.445,0.3928,0.221333,0.0,1,0.0002467879,0.0234210095,0.024167734368481828
GUZVOO_clean,7.90362,5.63787,7.44008,1.61009,1067.96,663.297,284.683,176.812,0.5464,0.339361,0.0,1,0.0006054456,0.0580630844,0.06085566559097026
HACDUN_clean,11.06812,3.7276,11.06812,1.21046,1575.96,1301.95,0.0,0.0,0.6108,0.504603,0.0,1,0.0011213112,0.1130130476,0.10870966374720993
HANKEO_clean,11.34776,6.98857,11.34776,0.9577,2357.89,2462.03,22.5937,23.5917,0.6972,0.727994,0.0,1,0.0014025799,0.1416369284,0.13916127790827246
HARHOA_clean,5.54988,3.24749,5.54988,1.17907,0.0,0.0,1159.83,983.683,0.5306,0.450016,0.0,1,0.0007619586,0.078381223,0.07491815691107051
HAXNOJ_clean,6.09414,4.53148,6.04647,1.2268,2259.24,1841.57,0.0,0.0,0.705,0.574664,0.0,0,0.0008460085,0.0793864911,0.0844123036627611
HETDUG_clean,4.1951,2.97071,4.19322,1.80667,0.0,0.0,141.915,78.5504,0.3646,0.201807,0.0,0,0.0002491126,0.0249098396,0.024147912042630653
HICGEG_clean,7.22417,4.98345,7.22345,1.05866,1756.83,1659.47,0.0,0.0,0.6354,0.60019,0.0,0,0.0009091648,0.0899332474,0.09017702734684276
HIYZEV_clean,6.85088,3.31241,6.85088,1.35159,1151.37,851.868,0.0,0.0,0.5104,0.37763,0.0,1,0.0006033838,0.0592871446,0.05815280549785472
HOJJUN_clean,10.20501,4.32102,10.20501,1.07008,1864.88,1742.75,0.0,0.0,0.6276,0.586499,0.0,0,0.0010894961,0.1062365241,0.10888326558731558
HOVQUG_clean,4.17086,3.66339,4.17086,1.64186,726.593,442.541,0.0,0.0,0.4718,0.287356,0.0,1,0.0003796836,0.0402304981,0.037443516658230674
HOZFIN_clean,11.69529,10.43289,11.69529,0.774366,1771.67,2287.9,0.0,0.0,0.6506,0.840172,0.0,1,0.0015452385,0.1478678191,0.15110005735621385
HUGTOT_clean,8.81626,5.50482,8.81626,1.26191,1165.98,923.983,0.0,0.0,0.5748,0.455501,0.0,1,0.0004955324,0.0523108276,0.051643887449821194
HURFIL_clean,5.53219,3.67395,5.49739,1.12953,1491.57,1320.52,0.0,0.0,0.5764,0.5103,0.0,1,0.000725389,0.0731755947,0.07189874331848305
HUXHEP_clean,4.54285,2.94307,4.53552,1.64054,0.0,0.0,705.969,430.327,0.4708,0.286978,0.0,1,0.0004121479,0.0377766563,0.039676354891312146
HUXHUF_clean,6.21028,4.81184,6.21028,1.07666,1642.42,1525.48,0.0,0.0,0.5898,0.547807,0.0,0,0.0007682363,0.0796067583,0.07641606157084208
ic403175w_si_002_clean,5.88584,3.69969,5.83238,2.5678,470.928,183.398,0.0,0.0,0.2652,0.103279,0.0,1,0.0001671847,0.0155549063,0.016694195363474496
ic502488c_si_002_clean,8.06561,4.40981,8.06561,1.22976,1402.42,1140.4,0.0,0.0,0.563,0.457812,0.0,1,0.0008124601,0.0773839479,0.07882688108539972
ic5030058_si_002_clean,14.04477,6.79741,14.04477,2.16851,1135.9,523.815,416.058,191.863,0.6208,0.286279,0.0,0,0.0012666087,0.1261984311,0.13023374125659518
ic5b00096_si_002_clean,9.37546,3.5659,9.35215,1.28947,1921.15,1489.87,0.0,0.0,0.6402,0.496481,0.000155102,1,0.0009296617,0.0946225124,0.09055715307980619
ICIKAH_clean,8.01757,3.70704,7.93302,1.68308,428.741,254.736,345.699,205.397,0.4804,0.285429,0.0,1,0.0002569157,0.0268327646,0.026261950406825354
ICITIY_clean,6.58704,5.40423,6.22319,1.47585,2062.64,1397.59,0.0,0.0,0.6524,0.44205,0.0,1,0.000824072,0.0791670189,0.07846843716072079
IDUYOX_clean,9.73996,8.61519,9.73996,0.935578,2195.16,2346.31,0.0,0.0,0.7078,0.756538,0.0,1,0.0015298881,0.1497161212,0.15164583942587062
IFEPUG03_clean,6.99241,5.91522,6.99241,1.59971,524.86,328.098,0.0,0.0,0.393,0.24567,0.0,0,0.0002444847,0.0227709866,0.024252957765494354
IFEQER_clean,7.19047,6.08402,7.19047,1.57527,553.109,351.12,0.0,0.0,0.394,0.250116,0.0,0,0.0002277584,0.0240636852,0.02256170021583973
IGOYIN_clean,6.64376,3.00967,6.64376,2.41457,0.0,0.0,1100.23,455.664,0.4968,0.205751,0.0,1,0.0002732647,0.0297335239,0.027748345931277542
IGUCEU_clean,4.52933,3.82475,4.49997,1.71915,529.35,307.913,0.0,0.0,0.4484,0.260826,0.0,0,0.0001845067,0.0188922946,0.01871821124887303
IJAPOA_clean,11.3719,4.56274,10.28688,0.827364,2231.15,2696.69,0.0,0.0,0.6978,0.843401,0.0,1,0.0015479338,0.1572657556,0.15603228407255718
ILEPEW_clean,5.27444,3.12918,5.0252,1.46505,0.0,0.0,1039.88,709.795,0.4956,0.338283,0.0,1,0.0005151643,0.0509106107,0.05052638055018416
ILITON_clean,10.85959,9.44525,10.85959,0.579291,2065.83,3566.14,0.0,0.0,0.7778,1.34268,0.0,1,0.0025338401,0.2533496287,0.2523838237737952
IMUVES_clean,8.07179,5.61744,8.07179,1.74544,2211.17,1266.82,14.5672,8.34584,0.666,0.381565,0.0,1,0.0010157486,0.0985027048,0.08826508378120748
INEPEY_clean,6.95447,5.78801,6.95447,1.44957,1129.68,779.321,87.9996,60.7072,0.5158,0.355829,0.0,1,0.0004792651,0.0549652677,0.04832013363439758
IPIVOT_clean,6.19757,4.01106,6.19757,1.45575,826.006,567.408,0.0,0.0,0.474,0.325604,0.0,1,0.0004419771,0.0434675511,0.04318241138052313
IVIPEK_clean,4.80997,3.59117,4.76583,1.67501,953.977,569.536,0.0,0.0,0.5042,0.301014,0.0,1,0.0004144616,0.0413733509,0.04028603558648504
IVOLEM_clean,4.89687,3.18993,4.85044,2.13853,0.0,0.0,287.673,134.519,0.3154,0.147485,0.0,0,0.0001970323,0.0184217795,0.01961157292475777
IVOLIQ_clean,4.90881,3.20512,4.90849,2.13544,0.0,0.0,292.304,136.882,0.3144,0.14723,0.0,0,0.0001851807,0.018722513,0.018081285277178283
IWEVUD_clean,8.76153,5.94273,8.76153,2.07228,1706.46,823.467,0.0,0.0,0.6254,0.301793,0.0,1,0.0005480784,0.0517807788,0.05354894303291422
IWEWAK_clean,8.91997,5.7935,8.91997,2.21714,1660.09,748.751,0.0,0.0,0.615,0.277384,0.0,1,0.0004985183,0.0492391909,0.049726578669624
IWEWOY_clean,20.27537,19.97281,20.27537,0.872765,1162.79,1332.3,0.0,0.0,0.6926,0.79357,0.0,1,0.0013571173,0.1404396578,0.13510233221055598
IYOCUW_clean,8.90958,6.18498,8.8933,1.17412,1758.62,1497.81,0.0,0.0,0.6506,0.554116,0.0,0,0.000885283,0.0899071674,0.08771461915262706
IZETUE_clean,6.43193,3.35619,6.40823,2.14315,729.038,340.171,49.3858,23.0435,0.4876,0.227515,0.0,1,0.0002283118,0.0243489855,0.023142184930963913
ja0660047si20060818_060458_clean,6.58402,3.94503,6.58402,1.00815,1971.57,1955.64,0.0,0.0,0.578,0.57333,0.0,0,0.0012143466,0.1073464985,0.11683956926097117
ja102862j_si_005_clean,16.33925,5.69725,16.33925,0.874313,1862.92,2130.72,0.0,0.0,0.7038,0.804975,0.000228751,0,0.0016563283,0.1610804344,0.16125385041960294
ja4015666_si_003_clean,10.07647,9.04237,10.07647,0.718146,2256.82,3142.56,0.0,0.0,0.7528,1.04825,0.0,0,0.0019897837,0.1997577678,0.19707566218837647
ja500330a_si_002_clean,7.59349,3.33849,7.50738,1.74698,1296.78,742.3,0.0,0.0,0.5292,0.302923,0.000228966,0,0.0005083449,0.0493976884,0.049798104515481764
ja507119n_si_002_clean,15.60995,11.91932,15.59956,1.42878,1384.15,968.765,14.3512,10.0444,0.6548,0.458293,0.000139979,0,0.0008655231,0.0890671584,0.08692208214039655
ja5109535_si_002_clean,17.4505,7.65306,17.4505,0.65071,2199.17,3379.65,0.0,0.0,0.7686,1.18117,0.0,0,0.0025234933,0.2448813387,0.24579291394642955
ja5b00450_si_006_clean,13.50951,2.69404,11.53285,2.1182,0.0,0.0,718.138,339.031,0.4826,0.227834,0.000283259,0,0.0006466598,0.0621190665,0.061048703597452514
jacs.6b01663_ja6b01663_si_002_clean,24.65699,17.09587,24.65699,0.438285,1508.06,3440.83,0.0,0.0,0.8424,1.92204,0.000456324,1,0.0035228728,0.3545007221,0.36774653165844734
jacs.6b04608_ja6b04608_si_002_clean,18.84439,11.02909,18.84439,0.389439,1879.81,4826.98,0.0,0.0,0.8376,2.15079,0.00051356,0,0.0040896186,0.409393694,0.4068200929994746
jacs.6b08724_ja6b08724_si_010_clean,27.737,26.1509,27.737,0.354749,1434.45,4043.56,0.0,0.0,0.8742,2.46428,0.0,1,0.0046262381,0.469384299,0.4634024162578561
JADMIN_clean,4.66472,3.54882,4.41049,1.45894,240.443,164.807,147.508,101.107,0.4662,0.319547,0.0,1,0.0002708295,0.0262573793,0.027588743042749997
JALLIU_clean,13.72158,6.77108,13.72158,0.777101,2196.2,2826.14,0.0,0.0,0.7498,0.964868,0.000514734,0,0.0017900906,0.1777934054,0.17915656876943012
j.ica.2016.05.051_4_clean,4.05254,2.66988,3.98588,1.51148,0.0,0.0,111.922,74.0478,0.3764,0.249028,0.0,1,0.000153194,0.0146617876,0.015241864539790744
JIVSAJ01_clean,4.3833,3.67284,4.3833,2.70687,329.356,121.674,0.0,0.0,0.271,0.100116,0.0,1,0.0001591292,0.0156163959,0.015453525791557053
JIVSEN01_clean,4.34146,3.54842,4.34146,2.62724,302.71,115.22,0.0,0.0,0.276,0.105053,0.0,1,0.0001414302,0.0142924179,0.014491538084723308
j.jssc.2015.08.048_mmc2_clean,5.63684,4.28173,5.63468,1.56134,1712.37,1096.73,0.0,0.0,0.5572,0.356872,0.0,0,0.0009511544,0.0918790433,0.07207433433055184
JUTCOS_clean,7.04726,4.27705,7.02404,1.31095,1329.11,1013.85,0.0,0.0,0.5362,0.409016,0.0,1,0.0005818884,0.0601041853,0.05987266792838295
JUYBEM_clean,5.13731,3.85682,5.13731,1.48243,1119.92,755.465,0.0,0.0,0.4988,0.336475,0.0,0,0.0005974647,0.0500265257,0.05755417671400899
KAVXAI_clean,9.40882,5.41413,9.40882,1.00634,2107.27,2094.0,0.0,0.0,0.6462,0.642132,0.0,0,0.0013210797,0.1415361814,0.12697187406844754
KELJAN_clean,6.72992,4.20356,6.59748,1.50078,1661.97,1107.4,0.0,0.0,0.603,0.401791,0.0,1,0.0006209777,0.062179683,0.06196774776390135
KEQYOU_clean,4.18914,2.62132,4.18828,2.56405,0.0,0.0,255.099,99.4909,0.414,0.161463,0.0,1,0.0001350609,0.0146271999,0.01377011614689592
KODPUP_clean,5.81016,4.22982,5.78263,1.55928,1439.88,923.424,0.0,0.0,0.5406,0.346698,0.0,1,0.0005597644,0.0579710961,0.05540337934751512
LABNUA_clean,8.4808,6.77897,8.4808,1.71596,1723.81,1004.58,0.0,0.0,0.6358,0.370522,0.0,0,0.0005846492,0.0629581974,0.0601901139794336
LABQAJ_clean,8.83584,6.63857,8.83584,2.01738,1709.46,847.365,0.0,0.0,0.6386,0.316549,0.0,1,0.0005101928,0.0550604091,0.051467210859372774
LACYOG_clean,9.45292,5.8367,9.45292,1.00526,2164.69,2153.37,0.0,0.0,0.6652,0.661721,0.0,1,0.0012557067,0.1292715624,0.1237939164474482
LARPIF_clean,3.68463,2.98928,3.68463,1.62457,0.0,0.0,86.4733,53.2285,0.4148,0.25533,0.0,0,0.0003113946,0.0348341222,0.02961125656267539
LATCIS_clean,6.18491,5.22174,6.13,1.03702,2650.66,2556.04,0.0,0.0,0.747,0.720336,0.0,1,0.0011144558,0.1114715485,0.11209873892563439
LAVMAY_clean,4.2695,3.50942,4.2695,1.8291,885.681,484.216,0.0,0.0,0.4954,0.270843,0.0,1,0.0003585214,0.034984799,0.035245139326823605
LIDSIC_clean,5.88988,4.79787,5.74819,0.995436,2128.35,2138.11,0.0,0.0,0.6234,0.626258,0.0,1,0.00108307,0.1152700338,0.10973228928039346
LIQGEY_clean,3.44538,2.87198,3.34809,3.78784,0.0,0.0,13.5445,3.57577,0.3998,0.105548,0.0,1,0.0001011642,0.0092477147,0.009738459483840795
LOCNIB_clean,5.61168,3.14368,5.61168,1.61136,0.0,0.0,733.512,455.213,0.48,0.297885,0.0,0,0.0004099949,0.0409923989,0.03946148524501814
LODCUC_clean,6.14463,4.24576,6.14463,1.44314,692.68,479.982,0.0,0.0,0.4588,0.317919,0.0,1,0.0003093796,0.0297905478,0.03094313437070515
LORNEL_clean,6.96325,5.60613,6.9631,1.05672,2615.87,2475.46,0.0,0.0,0.7412,0.701416,0.0,0,0.0010693936,0.1115556575,0.10809014300026329
LOZSOK_clean,4.88564,3.63855,4.86025,1.66521,574.268,344.863,0.0,0.0,0.4628,0.277923,0.0,1,0.0003605235,0.0353301331,0.034880513761572786
LUDVOV_clean,8.59426,6.17353,8.59426,1.40472,1743.92,1241.48,0.0,0.0,0.6538,0.465432,0.0,0,0.0006673385,0.0723852037,0.06882998771701844
MARLOJ_clean,3.97511,3.2689,3.9629,1.56371,0.0,0.0,401.738,256.913,0.504,0.32231,0.0,1,0.0003937744,0.0379475877,0.03845895920908938
MAXHUP_clean,5.13022,4.79202,5.13022,2.58707,825.121,318.94,0.0,0.0,0.427,0.165051,0.0,1,0.0001379616,0.0130384897,0.013958391680556207
MIXXOI_clean,4.08084,3.08846,4.08084,1.23048,0.0,0.0,245.777,199.741,0.4448,0.361486,0.0,0,0.0001992169,0.0206481696,0.021262756266682486
MIZPUI_clean,11.48015,5.54799,11.48015,0.751265,2238.05,2979.04,0.0,0.0,0.6966,0.927235,0.0,1,0.0017981547,0.1756349547,0.17585945384299498
MIZZOM_clean,5.03531,4.09966,5.03367,2.18659,1164.0,532.335,0.0,0.0,0.477,0.218148,0.0,0,0.0011104212,0.1050997845,0.11531719342807381
MUGXIX_clean,6.18311,3.84627,6.03204,1.11722,1799.74,1610.9,0.0,0.0,0.5848,0.523441,0.0,1,0.0008473897,0.0873169881,0.08565076361348604
MUZKEZ_clean,17.52243,13.2696,17.52243,0.353615,1734.78,4905.83,0.0,0.0,0.8448,2.38904,0.0,1,0.0047060989,0.46509924,0.4628834824110614
NANPUN_clean,6.54289,4.24913,6.41069,1.18041,2725.22,2308.7,0.0,0.0,0.7086,0.600298,0.0,1,0.0009554093,0.09034916,0.09454926282922606
NIXFUX_clean,5.80422,4.41238,5.80422,1.31112,1183.0,902.282,0.0,0.0,0.4944,0.377082,0.0,0,0.0005620742,0.0586386838,0.054981130010242685
NIXGIM_clean,5.89002,4.11735,5.89002,1.13414,748.182,659.694,115.507,101.845,0.4764,0.420056,0.0,0,0.0004467899,0.0448236822,0.043350312251382944
NOFRIK_clean,4.43188,3.71354,4.43188,2.7873,333.157,119.527,0.0,0.0,0.2724,0.0977288,0.0,1,0.0001648751,0.0153114526,0.01632148430721747
NUNZUT_clean,6.7597,5.63419,6.7597,1.12121,1275.46,1137.57,0.0,0.0,0.5448,0.485904,0.0,0,0.0006975208,0.0682362799,0.0694583458567331
OBUBIW_clean,8.40991,7.43675,8.40991,1.51932,1162.57,765.188,0.0,0.0,0.5544,0.3649,0.0,1,0.0004647749,0.0446491594,0.04724346501886188
OCUPOS_clean,4.38921,3.97026,4.38921,1.66698,711.745,426.966,0.0,0.0,0.445,0.266949,0.0,1,0.0003472756,0.0339810213,0.033906365927559565
OCUTAI_clean,4.9495,3.52882,4.91814,1.71859,1100.33,640.251,0.0,0.0,0.4958,0.288493,0.0,1,0.0005238531,0.0486169457,0.05043622611311075
OFAPIW_clean,6.56046,3.36337,6.56046,1.19213,1096.47,919.755,0.0,0.0,0.4988,0.418411,0.0,0,0.0006524327,0.0671400894,0.06199746096952389
ONODOM_clean,5.43775,3.24635,5.43775,1.30639,0.0,0.0,875.515,670.18,0.4778,0.365741,0.0,1,0.0005340571,0.0529160167,0.05292518239197067
OQEPEG_clean,4.87959,3.34342,4.87959,1.83419,761.801,415.334,0.0,0.0,0.4176,0.227676,0.0,1,0.000459225,0.0445896813,0.042069113095181125
OSUPOJ_clean,5.23504,2.7633,5.23504,1.85152,0.0,0.0,990.884,535.173,0.5186,0.280094,0.0,1,0.0006681731,0.0690108456,0.061951170059433264
OYOVOP_clean,6.07579,5.04225,6.06489,1.15877,1135.77,980.15,0.0,0.0,0.503,0.43408,0.0,1,0.0004862772,0.0476882767,0.04976106580224089
PALTIH_clean,11.04439,8.71548,11.04439,0.72332,1810.35,2502.84,0.0,0.0,0.6956,0.961677,0.0,1,0.0014539237,0.1544836338,0.14737353200574005
PAQMOL_clean,5.73524,3.04497,5.73524,2.5108,0.0,0.0,797.305,317.55,0.4158,0.165604,0.0,1,0.000259992,0.0250588984,0.026547701337300837
PARSEJ_clean,7.10918,3.63338,7.10142,1.23949,1731.43,1396.89,0.0,0.0,0.5994,0.483586,0.0,1,0.0008994401,0.0886502508,0.08448120636316812
PEMGEV_clean,5.81147,5.44043,5.81147,1.41497,1048.95,741.327,0.0,0.0,0.4866,0.343895,0.0,1,0.0004980049,0.0480109892,0.049341802823542696
PEQFAT_clean,12.28103,8.80657,12.27438,1.02563,1866.98,1820.32,0.0,0.0,0.7048,0.687184,0.0,1,0.0011606592,0.1158025235,0.11495974096982274
PETXAP_clean,13.99523,6.27881,13.98885,1.13186,2079.02,1836.82,0.0,0.0,0.712,0.629056,0.00123691,0,0.0014013686,0.131526552,0.13579898433686338
PIDNIB_clean,5.00704,2.62164,5.00704,1.27902,0.0,0.0,1145.26,895.422,0.5444,0.425638,0.000469108,1,0.0007968999,0.0753862291,0.07957843051109648
PIDNOH_clean,4.82649,4.03563,4.70621,1.58707,809.533,510.082,0.0,0.0,0.4494,0.283164,0.0,1,0.0004100738,0.041126182,0.039411443231138696
PITRIU_clean,5.1118,3.9203,5.10388,1.181,1357.88,1149.77,0.0,0.0,0.5244,0.44403,0.0,1,0.0008040646,0.0768685738,0.07717029867345694
PIVBEC_clean,13.77076,8.56536,13.77076,0.777047,2136.37,2749.35,0.0,0.0,0.75,0.965193,0.0,1,0.0019635157,0.1955364431,0.19452350356959452
POCRAB_clean,5.23607,3.48613,5.20368,1.30167,934.815,718.167,0.0,0.0,0.481,0.369526,0.0,1,0.0003652173,0.038151282,0.03759561374520745
PUWCIT_clean,9.4503,8.03208,9.44131,0.783125,2001.73,2556.08,0.0,0.0,0.6954,0.88798,0.0,1,0.0016736193,0.1603714412,0.16181252791960915
QAMHAQ_clean,7.11373,6.811,7.11373,1.26887,1254.11,988.366,0.0,0.0,0.5466,0.430777,0.0,0,0.0006051752,0.0706943536,0.06177492158255034
QARMAA_clean,9.15444,5.92309,9.15444,1.72576,1678.31,972.505,0.0,0.0,0.6136,0.355553,0.0,1,0.0005761838,0.0584056239,0.05685501137763106
QAXROW_clean,5.17222,2.79399,5.15762,2.57186,0.0,0.0,625.899,243.364,0.4082,0.158718,0.0,0,0.0002022609,0.0200983012,0.02134474647775832
QIYDAF01_clean,22.00141,13.57926,22.00141,0.303251,1702.79,5615.12,0.0,0.0,0.8664,2.85704,0.0,1,0.0054227115,0.543007312,0.5411490745929814
QUHYIB01_clean,4.99733,2.62512,4.97025,2.25496,0.0,0.0,454.849,201.71,0.4198,0.186167,0.0,1,0.0002175275,0.0206092753,0.021549688658551575
QUQQOJ_clean,4.48385,3.90246,4.48385,1.73709,680.126,391.531,0.0,0.0,0.355,0.204365,0.0,0,0.0002110965,0.0231791326,0.021612509992167628
QUQZOS_clean,6.02265,4.01043,6.02265,1.66025,709.739,427.49,0.0,0.0,0.3766,0.226834,0.0,0,0.0004343591,0.0442239461,0.038195293888674334
RAZXIA04_clean,4.36297,3.24134,4.36297,1.80861,0.0,0.0,288.663,159.604,0.3896,0.215414,0.0,0,0.0001841749,0.0201893743,0.018285616315895762
RETVIW_clean,4.7226,4.53264,4.7226,2.05578,528.256,256.961,0.0,0.0,0.3428,0.166749,0.0,0,0.0002138383,0.0194802941,0.021034113259918732
ROKROA_clean,10.11106,5.54962,10.11106,1.34908,2005.9,1486.87,0.0,0.0,0.6572,0.487146,0.0,1,0.0013523,0.1389665496,0.13113402467573715
ROQFUA08_clean,5.11464,2.76099,5.11464,4.00929,0.0,0.0,736.599,183.723,0.4616,0.115133,0.0,1,0.0017729494,0.1689942685,0.1652694017690945
RORTUP_clean,6.59655,4.47032,5.86846,1.00477,2073.35,2063.5,0.0,0.0,0.6322,0.629197,0.0,1,0.0009390845,0.1055368948,0.09479987395438574
RUBTAK05_clean,8.72137,3.8551,8.72137,1.62254,1653.9,1019.33,0.0,0.0,0.5676,0.349822,0.000123264,0,0.0006500642,0.0686072245,0.06497555918933406
RUBTAK07_clean,8.72079,3.85677,8.72079,1.62392,1649.19,1015.56,0.0,0.0,0.5662,0.348662,0.000123158,0,0.0006823165,0.0690716585,0.06694172299225239
RUDPOW_clean,5.41076,4.66977,5.39738,2.71783,1184.38,435.783,0.0,0.0,0.5036,0.185295,0.0,1,0.0002566484,0.0264227197,0.025915556295710507
RULMUI_clean,10.9139,7.22994,10.52372,0.830637,1922.02,2313.91,0.0,0.0,0.6682,0.804443,0.0,1,0.0014165639,0.1434855189,0.13945418433311457
RUSWEJ_clean,3.37273,2.67927,3.37273,1.78861,0.0,0.0,1.44454,0.807631,0.3966,0.221736,0.0,1,8.78052e-05,0.0087110029,0.008521574082616607
RUYKAZ_clean,7.28414,3.24137,7.2788,1.08415,0.0,0.0,1220.32,1125.6,0.541,0.499009,0.0,1,0.0006524674,0.0649064105,0.0655760509928073
SABFUX_clean,6.52911,4.84223,6.42802,0.711336,2529.9,3556.55,0.0,0.0,0.724,1.0178,0.0,0,0.001666753,0.1633131954,0.16510826459765593
SALROO_clean,8.67978,6.03579,8.67978,1.44387,1169.53,809.996,0.0,0.0,0.528,0.365683,0.0,0,0.0006377758,0.0627533972,0.061866796036434295
SALRUU_clean,5.91203,3.84839,5.91203,1.89218,897.906,474.535,26.6841,14.1023,0.5394,0.285068,0.0,1,0.0004104328,0.0422745768,0.03968388665555224
SAMYAJ_clean,6.24825,4.80314,6.24825,2.02087,581.897,287.944,0.0,0.0,0.4242,0.209909,0.0,0,0.0001661638,0.0170666348,0.01707940921758822
SAMYIR_clean,6.27824,4.76913,6.27824,2.08893,574.788,275.159,0.0,0.0,0.4126,0.197517,0.0,0,0.0001969755,0.0162935682,0.019720234781928064
SANGOG_clean,6.60497,4.87256,6.56692,1.52915,1286.32,841.195,0.0,0.0,0.524,0.342673,0.0,1,0.0005815648,0.0627717545,0.05856495004530453
SARPIL_clean,6.09702,4.59857,6.00864,0.925107,3214.55,3474.79,0.0,0.0,0.7256,0.784342,0.0,1,0.0015368908,0.1586640926,0.1525955140335329
SETSUH_clean,12.36294,8.82747,12.35258,0.624621,2037.67,3262.24,0.0,0.0,0.779,1.24716,0.0,1,0.0025007808,0.2589099744,0.24503910824744365
SOHMOS_clean,6.80627,6.22783,6.7969,1.81758,632.629,348.061,0.0,0.0,0.4536,0.249562,0.0,0,0.0002223692,0.0230325831,0.02230397109212748
SURHEU02_clean,8.70584,3.84457,8.70584,1.62392,1646.48,1013.89,0.0,0.0,0.566,0.348539,0.000123158,0,0.0006945008,0.0673264473,0.06802433373411652
SURLEY_clean,8.70904,3.84622,8.70904,1.62137,1669.72,1029.82,0.0,0.0,0.5792,0.35723,0.000123353,0,0.0006708491,0.0670591111,0.06704725705569878
TACFIN01_clean,4.01428,3.59259,3.98738,2.27761,410.969,180.439,0.0,0.0,0.4656,0.204425,0.0,1,0.00022826,0.025848963,0.022720905362604994
TANNUT_clean,3.94901,2.80773,3.94901,1.47598,0.0,0.0,251.923,170.682,0.4472,0.302986,0.0,1,0.0002160076,0.0225608003,0.021874122674040365
TAWSUI_clean,5.20958,3.98928,5.17642,1.56152,1730.86,1108.44,0.0,0.0,0.6298,0.403324,0.0,0,0.0006556319,0.0699698263,0.06433418852059343
TAZLAJ_clean,11.18983,6.92715,11.18534,1.0698,2252.1,2105.17,0.0,0.0,0.7314,0.683682,0.0,1,0.0013099447,0.1292067612,0.1302449092627423
TAZLEN_clean,11.08754,7.14784,11.07704,1.04748,2269.71,2166.83,0.0,0.0,0.7294,0.696338,0.0,1,0.0012786564,0.133419117,0.12638100927133097
TEQLIM_clean,10.57747,9.21067,10.57747,0.779734,1974.44,2532.19,79.8475,102.404,0.7166,0.919031,0.0,1,0.0016347495,0.1590442614,0.16186077152452522
TERFED_clean,4.51281,3.91001,4.51281,1.28172,1102.17,859.911,0.0,0.0,0.5092,0.397278,0.0,1,0.0006436141,0.0589457514,0.06231673564089156
TIPZOJ_clean,4.94343,3.60013,4.89104,2.53459,858.107,338.559,0.0,0.0,0.4532,0.178806,0.0,1,0.000212936,0.0200638213,0.02199320928310372
TIPZUP_clean,4.42426,3.78879,4.41806,2.68502,271.798,101.228,0.0,0.0,0.3626,0.135046,0.0,1,6.83104e-05,0.0070810537,0.0074158106591700615
TOTVEF_clean,6.00697,5.10202,6.00697,2.05406,380.973,185.473,0.0,0.0,0.3726,0.181397,0.0,0,0.0001438385,0.0128822982,0.014577374683484022
TUYJII_clean,4.15574,3.24372,4.15574,1.33393,0.0,0.0,487.196,365.234,0.4638,0.347695,0.0,0,0.0003343245,0.0277766693,0.033188279023257175
UKIQUB_clean,13.62192,8.69235,13.61731,0.709108,2139.96,3017.82,0.0,0.0,0.7494,1.05682,0.0,1,0.0022244001,0.2182798699,0.21434467339529112
ULILEI_clean,7.22603,5.77359,6.90295,1.4654,978.051,667.43,0.0,0.0,0.4894,0.333971,0.0,1,0.0005036885,0.0459342055,0.049042548874588775
ULOJUC_clean,8.56178,5.86238,8.56178,1.55968,1711.24,1097.17,0.0,0.0,0.6422,0.411751,0.0,0,0.0005684543,0.063522215,0.057527482188005234
ULOKOX_clean,8.64627,5.79102,8.63931,1.45123,1704.6,1174.59,0.0,0.0,0.6308,0.434666,0.0,0,0.0006837934,0.0671379118,0.06871758710366062
ULOKUD01_clean,8.86248,5.68435,8.86248,1.87819,1722.41,917.059,0.0,0.0,0.631,0.335961,0.0,1,0.000592893,0.0573107048,0.058658550376557705
UMOYOM02_clean,8.68301,5.26839,8.68301,0.613738,2959.15,4821.52,0.0,0.0,0.7366,1.20019,0.0,1,0.0022894677,0.2260074409,0.22672437470911397
UMOYOM12_clean,10.19907,5.488,10.19907,0.599366,2923.9,4878.33,0.0,0.0,0.7518,1.25433,0.0,1,0.0023432965,0.2366264136,0.23640511729210853
UMOYOM_clean,8.83339,5.23908,8.83268,0.625162,2968.14,4747.79,0.0,0.0,0.7388,1.18177,0.0,1,0.0023073543,0.2210051921,0.23076794175038434
UNABOB_clean,8.55635,7.67109,8.55635,1.32288,1496.81,1131.48,0.0,0.0,0.604,0.45658,0.0,1,0.0006842028,0.0730059221,0.069184084838227
UXACAY_clean,5.42504,4.97343,5.42504,1.96219,875.799,446.337,0.0,0.0,0.4652,0.237082,0.0,1,0.0002669603,0.0251041587,0.02692451161310329
VALSIM_clean,3.97767,2.66888,3.97767,1.98131,0.0,0.0,166.11,83.8388,0.3982,0.200978,0.0,0,0.0002079734,0.021294387,0.019769630266360808
VAMZER_clean,7.00413,5.41811,7.00325,0.798549,2577.99,3228.34,0.0,0.0,0.7048,0.8826,0.0,0,0.0016184887,0.162292428,0.16040821445833064
VARJAB_clean,6.78948,3.75665,6.78948,0.974046,1905.16,1955.93,0.0,0.0,0.5918,0.607569,0.0,0,0.0011183362,0.1119470626,0.10997633208756195
VECVUW_clean,13.25433,10.77774,13.25433,1.80334,770.078,427.028,489.233,271.292,0.5684,0.315192,0.0,1,0.0005265777,0.0526187447,0.05358583787736743
VIDWAI_clean,4.26915,3.21318,4.18386,1.57071,0.0,0.0,1087.21,692.178,0.5068,0.322657,0.0,0,0.000485587,0.049529874,0.04750248092957845
VONSEY_clean,4.00973,3.3725,3.99178,2.10535,462.644,219.747,0.0,0.0,0.3914,0.185907,0.0,0,0.0002555818,0.0243039819,0.025183837487596547
VOSVEG_clean,10.99131,5.30484,10.99131,1.00093,1319.63,1318.4,0.0,0.0,0.5658,0.565276,0.0,1,0.0009083648,0.0875742467,0.08929776849295103
VOXVAH_clean,5.92871,5.26453,5.92106,1.32162,1764.11,1334.81,0.0,0.0,0.577,0.436585,0.0,0,0.000864656,0.0852936775,0.08424112993188998
VOZVEN01_clean,8.60338,5.56407,8.60338,1.89729,1645.79,867.444,0.0,0.0,0.6124,0.322776,0.0,1,0.0005292095,0.0506228809,0.052223345116412925
VUJBIM_clean,18.70668,6.62188,18.70668,0.560742,2180.91,3889.33,0.0,0.0,0.7898,1.40849,0.0,1,0.00258618,0.2753479089,0.26941868953658776
VUKYOR_clean,9.86874,5.55667,9.86874,1.6882,1708.97,1012.3,0.0,0.0,0.6318,0.374245,0.0,1,0.0007144227,0.070776489,0.06807244752551196
VUKYUX_clean,9.90621,6.20444,9.90621,1.16134,1765.64,1520.35,0.0,0.0,0.648,0.557977,0.0,1,0.0010231828,0.0990897606,0.10156285428397413
VURNED02_clean,7.87329,7.03486,7.87329,0.983717,2012.0,2045.3,0.0,0.0,0.6568,0.667672,0.0,0,0.0013478169,0.1345125635,0.13163681782727546
WAPTAL_clean,6.59501,4.67756,6.50224,3.15641,1845.41,584.655,0.0,0.0,0.5866,0.185844,0.0,1,0.0002944046,0.0295138077,0.029206762665087694
WARFAY03_clean,7.76759,5.31247,7.76517,1.0919,2081.65,1906.44,0.0,0.0,0.64,0.586133,0.0,0,0.0013283245,0.1273969922,0.12711694500839274
WAVQIV_ion_b,9.9978,7.95845,9.98195,0.747982,2000.14,2674.04,0.0,0.0,0.7406,0.990131,0.0,0,0.0017166185,0.1730005658,0.17297275057357303
WIBDAO_clean,3.72663,3.02173,3.54928,1.66902,0.0,0.0,80.5176,48.2425,0.4496,0.26938,0.0,0,0.0002040568,0.0227046048,0.020227864068585483
WIKNOU_clean,4.88854,2.95227,4.87249,1.60541,0.0,0.0,285.679,177.948,0.3792,0.236201,0.0,0,0.0001164824,0.0124698753,0.012495403762786433
WILGOO_clean,5.37661,2.60861,5.0078,1.77447,0.0,0.0,970.489,546.917,0.5204,0.29327,0.0,1,0.0003226412,0.0323753353,0.03434528863125657
WIVFIS_clean,9.45936,2.89438,9.45936,1.51852,0.0,0.0,1474.94,971.303,0.6072,0.399864,0.0,1,0.0005917874,0.0581578781,0.06276978147739429
WIWKIX_clean,4.99549,4.15902,4.98439,1.15851,933.473,805.753,15.0963,13.0308,0.5306,0.458002,0.0,0,0.0006336664,0.0599482596,0.06190871601444288
WOJYIF_clean,6.35968,3.81807,6.35968,1.60067,550.71,344.05,382.392,238.895,0.4772,0.298125,0.0,1,0.0005151398,0.0487445312,0.04893825318512034
WONBAD_clean,5.26924,4.23427,4.80256,1.90066,2151.09,1131.76,0.0,0.0,0.5702,0.300001,0.0,1,0.0006795443,0.0665584839,0.06475352515164633
WOPGOZ_clean,4.2355,3.12847,4.1934,1.56536,0.0,0.0,57.818,36.9359,0.3504,0.223846,0.0,1,8.84202e-05,0.0094396608,0.0092038173392659
WOPSAX01_clean,6.41964,5.04801,6.41948,1.99281,578.901,290.494,0.0,0.0,0.4564,0.229023,0.0,0,0.0002840054,0.030355261,0.027912199815857353
WUGPUL_clean,11.44375,6.32835,11.44375,0.724468,2369.18,3270.23,0.0,0.0,0.743,1.02558,0.0,1,0.0020575616,0.2095343852,0.20548892918029682
WUXYIZ_clean,3.37355,2.98631,3.36114,1.70887,0.0,0.0,0.849339,0.497019,0.228,0.133422,0.0,1,0.00011275,0.0107601122,0.010559745811824587
XAMDOF_clean,4.11625,3.21622,4.10285,1.19417,0.0,0.0,502.911,421.138,0.4922,0.412168,0.0,0,0.0005367017,0.0527217047,0.05161153458395612
XANMUX01_clean,7.00841,6.87174,7.00841,1.1901,1390.91,1168.73,0.0,0.0,0.6142,0.516091,0.0,0,0.000753016,0.0728528593,0.07406330590997742
XANMUX04_clean,8.11715,7.85164,8.1162,1.15587,1357.98,1174.85,0.0,0.0,0.6136,0.530856,0.0,0,0.0008028338,0.0784286265,0.08096310514803949
XANMUX05_clean,7.96785,7.76541,7.96785,1.15351,1457.83,1263.82,0.0,0.0,0.6284,0.544772,0.0,0,0.0008181624,0.0819101279,0.08137000135472604
XANMUX06_clean,7.89402,7.78212,7.89402,1.16156,1545.11,1330.2,0.0,0.0,0.6286,0.541169,0.0,0,0.0008852249,0.0885263217,0.08771886148272773
XANMUX08_clean,7.80034,7.66637,7.80034,1.1623,1830.3,1574.73,0.0,0.0,0.6326,0.544267,0.0,0,0.0010136017,0.1016188363,0.09859539615223575
XIFLUV_clean,4.05748,3.15918,4.05748,2.78649,0.0,0.0,96.3149,34.5649,0.2758,0.0989774,0.0,1,0.0001428852,0.0140085005,0.014319441479501989
XINXAV_clean,5.04481,3.01766,5.04481,1.31276,0.0,0.0,1107.07,843.312,0.5386,0.410281,0.0,1,0.0003908368,0.0414476564,0.03967972746206056
XISDIO_clean,6.55204,4.74257,6.53063,1.07527,2036.27,1893.72,0.0,0.0,0.5936,0.552046,0.0,1,0.0010493269,0.1022001836,0.1029397783777048
XIVVEF_clean,7.94651,5.43115,7.90631,1.14535,2097.38,1831.21,0.0,0.0,0.648,0.565766,0.0,0,0.0013492772,0.1331156069,0.13124474053148333
XODNUB_clean,4.71915,3.55393,4.43069,2.13543,453.661,212.445,0.0,0.0,0.405,0.189657,0.0,1,0.0001271075,0.0132845461,0.01305381630357257
XONLES_clean,15.50229,14.17026,15.50229,0.301134,1628.27,5407.15,0.0,0.0,0.8756,2.90768,0.0,1,0.0055615386,0.5443574628,0.558840855019091
XUDPET_clean,10.18322,6.79896,10.18322,0.665226,2463.75,3703.63,0.0,0.0,0.7644,1.14908,0.0,1,0.0022908602,0.2240685816,0.22849306501474334
YARZEZ01_clean,5.61977,4.05885,5.24298,1.02873,1985.67,1930.22,0.0,0.0,0.6746,0.655761,0.0,0,0.0009251062,0.0961700248,0.09305863803181628
YIWNEX_clean,6.05222,4.44321,5.98107,1.39413,1611.64,1156.02,0.0,0.0,0.6292,0.451321,0.0,1,0.00048884,0.052706537,0.049774264785903306
YOGKEM_clean,9.34542,5.57292,9.34542,0.967443,2138.01,2209.96,0.0,0.0,0.6476,0.669394,0.0,1,0.0012816492,0.1302434719,0.12295143120883284
YORRII_clean,6.34779,5.30766,6.27636,1.13523,1975.78,1740.43,0.0,0.0,0.6154,0.542095,0.0,0,0.0010271011,0.1045606148,0.10088947669618718
YOSWUA_clean,3.85097,3.40591,3.84464,2.16633,195.409,90.2027,0.0,0.0,0.3408,0.157317,0.0,1,0.000157342,0.0158664124,0.015312998488583385
ZADROO_clean,10.31269,5.87037,10.31269,1.32035,2021.29,1530.88,0.0,0.0,0.6576,0.498051,0.000151475,1,0.0014093525,0.1384253327,0.13549380470773578
ZEBMEA_clean,6.61101,4.67195,6.5886,1.53404,1279.24,833.903,0.0,0.0,0.5336,0.347839,0.0,1,0.0005459732,0.0507883913,0.0543552793624152
ZEZPIF_clean,4.9314,3.8688,4.91047,1.33575,1333.04,997.967,0.0,0.0,0.5954,0.445741,0.0,1,0.0006821005,0.0676462687,0.06723266150856436
ZOKGAJ_clean,17.39237,16.36156,17.39237,1.58893,759.382,477.921,47.2436,29.733,0.5304,0.33381,0.0,0,0.0005378954,0.0508327036,0.055936941474452266
ZOQTAC_clean,8.58967,6.28898,8.58967,2.14551,1675.17,780.777,0.0,0.0,0.6196,0.288789,0.0,1,0.0005450373,0.0495221184,0.05327082312132082
ZOYZUK_clean,5.26542,2.76938,5.24945,1.28262,0.0,0.0,1055.61,823.014,0.56,0.436607,0.0,1,0.0004631438,0.0415891827,0.04859876865923046
ABAYIO_clean,11.39486,4.3226,11.27409,0.949126,1428.73,1505.31,409.494,431.444,0.6636,0.69917,0.0,0,0.0011723208,0.1172018754,0.11885055347105052
ABESUX_clean,5.87931,4.42492,5.57015,3.74291,1747.69,466.934,0.0,0.0,0.5646,0.150845,0.0,1,0.0003029843,0.0287114119,0.029882783879771353
ABULOB_clean,4.86958,4.16445,4.86236,1.31921,1184.81,898.121,0.0,0.0,0.5364,0.406607,0.0,0,0.0007565796,0.0687977197,0.06953087331277
ACIBOE_clean,8.25776,7.03071,8.25776,1.10094,2063.01,1873.86,0.0,0.0,0.6554,0.595309,0.0,1,0.0010999317,0.1060798214,0.10817333638856653
ACOGEF_clean,5.20115,3.94888,4.8971,1.25952,1433.77,1138.35,0.0,0.0,0.5544,0.440168,0.0,0,0.0005663632,0.0604577437,0.05750242692636165
ACOLOV_clean,8.42183,5.53552,8.41851,0.863411,2226.99,2579.3,0.0,0.0,0.6794,0.786879,0.0,1,0.0013334874,0.1352484766,0.13372463300571621
acs.chemrev.6b00346_cr6b00346_si_001_clean,9.19439,3.959,7.03116,0.906382,2290.66,2527.25,0.0,0.0,0.6912,0.762592,0.0,1,0.0013996715,0.1407603029,0.13854217439734828
acscombsci.5b00188_5024922_clean,20.5205,15.85622,20.5205,0.295002,1403.53,4757.71,0.0,0.0,0.8866,3.00541,0.0,0,0.0057816071,0.568729003,0.5713303354593471
acs.inorgchem.5b02108_ic5b02108_si_002_clean,7.194,7.0599,7.194,1.21033,1596.38,1318.96,0.0,0.0,0.591,0.488296,0.0,0,0.0009276858,0.099527134,0.09020875291078144
acs.inorgchem.5b02973_ic5b02973_si_002_clean,11.38761,10.4443,11.38761,1.02785,1047.76,1019.37,62.4425,60.7507,0.593,0.576933,0.0,0,0.0008101696,0.0802582301,0.08280564134658795
ACUTOI_clean,5.192,4.5372,5.18708,1.71994,820.91,477.29,0.0,0.0,0.4076,0.236985,0.0,1,0.0002974679,0.0277921342,0.029048345258377864
ADATEG_manual,27.33782,13.33904,27.33782,0.238777,1473.42,6170.7,0.0,0.0,0.896,3.75246,0.0,1,0.0074996718,0.7053999595,0.691283360324298
ADATUW_clean,10.34629,8.86044,10.34629,0.640612,2322.12,3624.84,0.0,0.0,0.73,1.13953,0.0,1,0.0019652959,0.1945236215,0.19784020342017872
ADAVAE_clean,10.21446,8.80719,10.21446,0.655338,2331.18,3557.22,0.0,0.0,0.7302,1.11423,0.0,1,0.0019449553,0.1893599976,0.19515011334358884
ADAXIO_clean,5.72682,5.00855,5.71823,1.28062,1140.41,890.52,0.0,0.0,0.4934,0.385283,0.0,0,0.0005846524,0.0563877573,0.05753819380703934
ADOCEC_clean,5.40135,3.83278,5.40061,1.53544,942.082,613.56,194.67,126.785,0.4904,0.319388,0.0,1,0.0004703721,0.048400805,0.045991285568421664
ADUWIH_clean,9.28386,6.55138,8.99777,0.722123,2053.82,2844.14,0.0,0.0,0.7098,0.982935,0.0,1,0.0017307933,0.1719138848,0.17183875712952387
AFEJOK_ion_b,5.99825,5.12689,5.98721,1.10129,1640.7,1489.79,0.0,0.0,0.5808,0.52738,0.0,1,0.0008690334,0.0827331667,0.0855457567568094
AFENEE_clean,4.49346,3.41581,4.45719,1.24906,796.3,637.522,0.0,0.0,0.4856,0.388774,0.0,1,0.0003822872,0.0353467182,0.038997629146661356
AFIXAO_clean,6.3306,4.52097,6.32879,1.12223,1320.24,1176.44,0.0,0.0,0.5702,0.508096,0.0,0,0.000606423,0.0596323111,0.06227854839775228
AFIXES_clean,6.43864,4.7481,6.42659,1.12574,1304.99,1159.23,0.0,0.0,0.5758,0.511486,0.0,0,0.0005664983,0.0599581825,0.057827017735654115
AFOTOF_clean,8.7931,6.77287,8.7931,1.07439,1647.74,1533.66,0.0,0.0,0.6144,0.571859,0.0,0,0.0009902596,0.0997274765,0.09840528358275778
AFOYAW_clean,5.94533,4.22739,5.94533,0.978122,1810.39,1850.89,0.0,0.0,0.6112,0.624871,0.0,1,0.0009511426,0.0934864793,0.09494651798088993
AFOYOK_clean,7.73482,5.71785,7.72321,0.979448,1633.89,1668.18,0.0,0.0,0.588,0.600338,0.0,0,0.0009407548,0.0960090986,0.0940709187402679
AFUKET_clean,5.96671,4.7743,5.96671,0.9597,1662.19,1731.99,97.0966,101.174,0.5958,0.620819,0.0,1,0.0009177177,0.0931266433,0.09272778783615905
AFUKIX_clean,8.69504,5.47442,8.69504,0.784292,2017.86,2572.85,0.0,0.0,0.6382,0.813728,0.0,1,0.0013058598,0.1422341699,0.13135008525624842
AGARUW_clean,6.77693,6.25183,6.7733,1.77195,1346.33,759.804,0.0,0.0,0.5056,0.285336,0.0,0,0.0004910167,0.0455375736,0.047173304459538455
AGONEQ_clean,6.16099,5.90611,6.12795,1.08253,2263.15,2090.61,0.0,0.0,0.6752,0.623722,0.0,0,0.0011876412,0.1121631341,0.11501747841201904
AHEQAH_clean,9.26829,6.21673,9.2669,0.759287,2415.98,3181.91,0.0,0.0,0.7146,0.941146,0.0,1,0.0018032417,0.1710616549,0.17632315677942126
AHUTIH01_clean,4.18118,3.24781,4.17968,2.06338,0.0,0.0,439.088,212.8,0.445,0.215665,0.0,1,0.0002105451,0.0190840722,0.021597715870432126
AJAKON_clean,5.2765,4.32303,5.27104,1.36723,1066.44,780.005,8.76449,6.41042,0.5024,0.367459,0.0,1,0.0005204911,0.047781995,0.05118703018544786
AJIGIL_clean,6.71352,5.54656,6.70452,1.08988,996.607,914.419,0.0,0.0,0.4838,0.443902,0.0,1,0.0004730591,0.0486342386,0.046778458619133524
AJINOY_clean,3.72125,2.71527,3.72125,1.44035,0.0,0.0,56.8028,39.4368,0.3726,0.258687,0.0,1,9.7639e-05,0.0095669388,0.010309422854030545
AJOTEY_clean,5.91075,5.20074,5.90935,1.2556,1942.39,1546.98,0.0,0.0,0.6358,0.506371,0.0,1,0.0009167403,0.0953176579,0.08984227896294852
AJUNOK_clean,4.97833,2.92387,4.97205,1.43764,0.0,0.0,659.441,458.698,0.4446,0.309258,0.0,0,0.0003224948,0.032137849,0.03204678487303176
AKOBAF_clean,4.84557,3.80044,4.84557,1.15061,997.702,867.108,0.0,0.0,0.498,0.432814,0.0,1,0.0004579732,0.0447351881,0.04708622038133953
ALALUU01_clean,3.42308,2.87759,3.41148,2.03959,0.0,0.0,5.29274,2.595,0.4502,0.22073,0.0,1,0.0001263802,0.0122931349,0.012660278012273969
ALAMUW_clean,11.92678,5.98269,11.92678,0.64997,2447.93,3766.22,0.0,0.0,0.761,1.17082,0.0,1,0.0022786034,0.2327609194,0.22832403123491818
ALATAK_clean,3.53536,2.61301,3.53536,1.35214,0.0,0.0,36.3572,26.8886,0.45,0.332806,0.0,1,0.0003069642,0.0294992694,0.03061181486307536
ALEJIM_clean,18.20917,7.10984,11.84134,0.592075,2208.62,3730.3,0.0,0.0,0.783,1.32247,0.0,1,0.0027547334,0.2574405602,0.2631786027480999
ALIXUP_clean,6.38387,5.75713,6.38387,1.33865,1367.26,1021.37,0.0,0.0,0.5492,0.410264,0.0,1,0.0004881999,0.0492501112,0.04979484519125191
ALOLIY_clean,6.86569,5.12412,6.86243,1.19169,992.554,832.898,0.0,0.0,0.537,0.450621,0.0,1,0.0005814997,0.0537732398,0.05864396464603638
ALUJIB_clean,6.08943,4.42337,5.91878,1.4324,1320.62,921.959,0.0,0.0,0.5424,0.378664,0.0,1,0.0005405123,0.0586232904,0.054256957530863924
AMALND_clean,3.73865,2.65866,3.63953,1.87591,0.0,0.0,247.599,131.988,0.4986,0.265791,0.0,1,0.0002336203,0.0249973798,0.023601707261927833
AMIWID_clean,4.855,3.30529,4.84395,2.19335,0.0,0.0,638.272,291.003,0.4344,0.198053,0.0,1,0.0002945046,0.0278286453,0.028794566393550814
AMIXAW_clean,4.89298,3.37247,4.78022,2.28626,664.516,290.657,0.0,0.0,0.4276,0.18703,0.0,1,0.000286634,0.0274752117,0.028300384744693447
AMOYOR_clean,4.82905,4.48972,4.82035,1.16972,759.125,648.979,0.0,0.0,0.4596,0.392914,0.0,0,0.0004074924,0.0397866372,0.040197285568574194
AMOZAE_clean,3.25002,2.76008,3.25002,2.17334,0.0,0.0,0.0,0.0,0.2818,0.129662,0.0,1,0.000154156,0.017244662,0.014273979658208412
AMUFOF_clean,5.11388,4.36379,5.09892,1.34461,989.368,735.801,0.0,0.0,0.4928,0.366499,0.0,1,0.000466946,0.0448301754,0.04624193390423851
ANONAT_manual,7.80429,5.88473,7.80429,0.800823,2311.14,2885.95,0.0,0.0,0.6928,0.86511,0.0,1,0.0015592338,0.1668380343,0.15426127793667588
ANUGIA_clean,13.85309,6.75838,13.85309,0.567973,2306.32,4060.62,0.0,0.0,0.7948,1.39936,0.0,1,0.0027972792,0.2687831106,0.26961264812927693
APACAX_clean,5.65344,4.07573,5.64183,1.00727,1776.16,1763.34,0.75218,0.746751,0.6264,0.621879,0.0,1,0.0011029588,0.1119875648,0.10859831459956025
APAZOI_clean,6.38612,4.28228,6.36726,1.14648,2047.77,1786.13,0.0,0.0,0.6026,0.525607,0.0,1,0.0009883185,0.0956472692,0.0956341775752331
AQALIO_clean,3.6362,2.83608,3.61709,2.20004,0.0,0.0,130.15,59.1582,0.4758,0.216269,0.0,1,0.000214268,0.0201685476,0.021426025230863267
AQIXUV_clean,8.64919,5.459,8.64919,0.934501,1104.45,1181.86,0.0,0.0,0.5626,0.602032,0.0,1,0.0006784494,0.0720477213,0.06976252911848017
AQUCOF_clean,9.38154,5.59471,9.38154,1.04219,1955.75,1876.59,0.0,0.0,0.6824,0.654777,0.0,1,0.0011454182,0.1063915124,0.11297159276088327
AQUCOG_clean,11.41407,10.59979,11.41389,1.19971,1576.67,1314.22,0.0,0.0,0.6588,0.549134,0.0,1,0.0010603332,0.1065425388,0.10640787389952737
AQUDAT_clean,3.98099,3.46811,3.98099,1.656,229.295,138.463,0.0,0.0,0.3916,0.236474,0.0,1,0.0001037969,0.0128893008,0.010383535065836008
AQUDIB_clean,11.3608,10.54479,11.3608,1.19943,1577.62,1315.3,0.0,0.0,0.659,0.549427,0.0,1,0.0010719264,0.1058228677,0.10824549977675657
ARADEE_clean,5.98273,5.3868,5.98273,1.18176,2613.25,2211.32,0.0,0.0,0.645,0.545797,0.0,1,0.0010253938,0.1012085221,0.10169040562569963
ARAHIM02_clean,3.63862,2.64947,3.63862,1.78903,0.0,0.0,42.0814,23.5219,0.4242,0.237111,0.0,0,0.000122422,0.0110907728,0.012393163521047844
ASAHEJ_clean,7.58274,6.68199,7.16375,2.10294,1485.76,706.516,0.0,0.0,0.5748,0.273331,0.0,1,0.0004206557,0.0397507597,0.042380757631587454
ASAJOU_clean,4.47562,3.06398,4.09768,1.42516,0.0,0.0,693.425,486.56,0.4656,0.326701,0.0,1,0.0004086193,0.0384595549,0.039697398962356654
ASALOV_clean,4.69505,2.82604,4.69505,1.38922,0.0,0.0,474.971,341.899,0.467,0.336161,0.0,0,0.000275425,0.0283672124,0.028061558379067226
ASOHUL_clean,6.56282,6.27917,6.55848,1.03902,1614.33,1553.7,0.0,0.0,0.6152,0.592095,0.0,0,0.0009305168,0.0943676152,0.09442023919928601
ASUKEE01_clean,4.79531,3.45398,4.78239,1.18884,601.717,506.139,0.156486,0.131629,0.504,0.423944,0.0,1,0.0003462633,0.0365137307,0.03563004654377931
ATAFIK_clean,6.40025,5.70377,6.3929,1.21508,2093.15,1722.65,0.0,0.0,0.6392,0.526057,0.0,1,0.0009187897,0.0964961681,0.09257339612216535
ATEYOP_clean,10.52737,8.16815,10.52737,0.722386,2397.76,3319.23,0.0,0.0,0.744,1.02992,0.0,1,0.0019114748,0.1913710975,0.18994004034036704
ATIBUA_clean,4.92972,3.79229,4.92858,1.6758,825.852,492.811,0.0,0.0,0.4524,0.269961,0.0,0,0.0003017803,0.027489155,0.029687764926347737
ATIXAE_clean,6.03489,5.11879,6.02804,1.08037,1988.86,1840.92,0.0,0.0,0.5946,0.550369,0.0,1,0.0008841948,0.0855523942,0.08852060219244097
ATOWOW_clean,9.60606,7.73922,9.60387,0.865497,1776.39,2052.45,0.0,0.0,0.6816,0.787524,0.0,1,0.001443294,0.139493496,0.1397684224062679
AVAGOV_clean,4.8139,4.57423,4.8139,1.40471,790.723,562.91,0.0,0.0,0.4598,0.327328,0.0,1,0.0002602979,0.0308529569,0.026433378203964124
AVAJUE_clean,37.52571,19.54108,37.52571,0.164116,999.284,6088.87,0.0,0.0,0.9304,5.66915,0.0,1,0.0111534948,1.0477994881,1.0401043942398267
AVAKEP_clean,25.17564,12.49369,25.17564,0.244994,1420.93,5799.87,0.0,0.0,0.8902,3.63356,0.0,1,0.0070893957,0.6982749201,0.6876306555965565
AVALEO_clean,3.5827,2.67831,3.53096,1.45932,0.0,0.0,13.0526,8.94432,0.4134,0.283282,0.0,0,5.53239e-05,0.0074641126,0.006134833957023856
AVAQIX01_clean,5.36267,3.61603,5.3498,1.32796,1049.23,790.108,0.0,0.0,0.535,0.402873,0.0,1,0.0005812759,0.0591002819,0.05814162195037339
AVESUR_clean,6.33732,4.06042,6.33561,1.18458,2288.74,1932.12,0.0,0.0,0.6222,0.525251,0.0,1,0.0010554458,0.0985792565,0.10360175835354207
AVIHOE_clean,6.82367,6.45553,6.82367,1.66276,1569.85,944.123,0.0,0.0,0.5622,0.338112,0.0,0,0.0006592633,0.0641221293,0.06466477479563229
AVILEY_clean,25.42698,10.76844,22.57889,0.654082,1604.18,2452.57,0.0,0.0,0.8422,1.28761,0.0,1,0.0024226905,0.2384320722,0.24075940291844494
AVIVOQ_clean,11.94166,7.13512,11.94166,0.709142,1885.38,2658.68,0.0,0.0,0.7218,1.01785,0.0,1,0.0016441798,0.1696706131,0.16718044460161335
AVIVUW_clean,12.04076,6.91892,12.04076,0.729779,1690.09,2315.89,127.81,175.136,0.7162,0.981393,0.0,1,0.0016676011,0.160334857,0.16621024439619128
AWAGEL_clean,8.54501,7.28684,8.54501,0.99094,1266.94,1278.53,0.0,0.0,0.599,0.604476,0.0,1,0.0007912067,0.0849247284,0.08160059394852956
AWASAU_clean,4.69319,4.39635,4.67513,2.36864,953.131,402.396,0.0,0.0,0.479,0.202226,0.0,1,0.0002413289,0.022458368,0.02490891365967872
AXINAX01_clean,19.47488,13.27772,19.47462,0.402001,1509.07,3753.89,0.0,0.0,0.8346,2.07611,0.0,1,0.0040558806,0.3919483653,0.39376494090431413
AXIPEE02_clean,6.48792,4.04495,6.46524,1.63435,1656.81,1013.74,0.0,0.0,0.5904,0.361245,0.0,1,0.0005683467,0.0555922431,0.056540326366025566
AXOHIE_clean,5.69113,3.08506,5.69113,1.29178,0.0,0.0,572.793,443.412,0.4778,0.369876,0.0,0,0.0002653422,0.0291361687,0.027205056917284868
AXUHEH_clean,7.21454,5.63203,7.19196,1.06453,1024.66,962.545,0.0,0.0,0.4958,0.465746,0.0,1,0.0005529771,0.0529694666,0.05605231049293536
AYAWEE_clean,4.45454,3.05423,4.4425,1.38548,0.0,0.0,407.915,294.422,0.4026,0.290586,0.0,1,0.0002515155,0.0270142466,0.02574224409832395
AZAFIS_clean,4.56554,4.01347,4.56554,1.5219,1198.03,787.192,0.0,0.0,0.5324,0.349826,0.0,1,0.0005256518,0.0548730641,0.05216625509695733
AZAWAZ_clean,3.88927,2.89659,3.85613,2.7922,0.0,0.0,321.497,115.141,0.4724,0.169186,0.0,1,0.000186106,0.0178671242,0.018666448704020816
AZILEA_clean,4.19485,2.70328,3.77354,1.78477,0.0,0.0,157.26,88.1122,0.4734,0.265244,0.0,1,0.000204421,0.0193133821,0.02049170752247228
BACMOH10_clean,3.65898,3.18288,3.65898,1.51372,0.0,0.0,138.594,91.5585,0.437,0.288693,0.0,1,0.0001962713,0.0222837297,0.02009148636088293
BADJAU_clean,4.09763,2.99488,3.66142,1.2661,0.0,0.0,152.398,120.368,0.5032,0.397442,0.0,0,0.0003569082,0.0348607178,0.0358295358704146
BADYAJ_clean,8.60576,7.13629,8.60576,0.984728,1990.18,2021.04,0.0,0.0,0.6528,0.662924,0.0,0,0.0012211236,0.1116379442,0.12230071252521095
BAHGUN03_clean,4.25449,3.25933,4.23074,1.50254,0.0,0.0,321.562,214.012,0.4192,0.278993,0.0,1,0.0003053832,0.0267052303,0.029586153569577636
BAHGUN04_clean,4.27373,3.28764,4.25925,1.48559,0.0,0.0,336.973,226.827,0.424,0.285408,0.0,1,0.0002948527,0.0273355532,0.02909482927305836
BAKJEE_clean,6.44764,5.41267,6.44764,0.918977,2207.44,2402.06,0.0,0.0,0.6406,0.69708,0.0,1,0.001335347,0.1238957404,0.12737538584950067
BAMKOS_clean,6.76349,5.81846,6.76349,1.11335,1511.81,1357.89,0.0,0.0,0.5736,0.515203,0.0,1,0.0006341796,0.0666810078,0.06610760774566966
BANMAG_clean,8.68497,7.44113,8.68497,1.37401,1122.97,817.297,0.0,0.0,0.5786,0.421103,0.0,1,0.0004621524,0.0490411586,0.047732944358459276
BAQWEY_clean,9.21635,3.18734,9.21635,1.58245,0.0,0.0,1491.77,942.698,0.6166,0.389649,0.0,1,0.0005634407,0.0570252789,0.058271726332462775
BASTAS_clean,4.07475,2.66663,3.75664,2.3203,0.0,0.0,126.008,54.3067,0.3218,0.138689,0.0,1,7.59904e-05,0.006937171,0.007511763820397016
BAZFUF_clean,20.24597,8.58384,20.24597,0.340053,1825.41,5368.02,0.0,0.0,0.8648,2.54313,0.0,1,0.0048577466,0.4800881916,0.4780724904691597
BAZGAM_clean,42.79818,24.24061,42.79818,0.126526,810.47,6405.57,0.0,0.0,0.9392,7.42299,0.0,1,0.0141548967,1.4392458559,1.1486853144524394
BAZJET_clean,13.37019,12.10117,13.37019,0.621294,2143.77,3450.5,0.0,0.0,0.742,1.19428,0.0,1,0.0022502064,0.2289052105,0.22088053732261223
BAZJIX_clean,8.75902,7.46421,8.75317,0.770453,2094.53,2718.57,0.0,0.0,0.676,0.877405,0.0,1,0.0016182759,0.1624384747,0.1597882012370628
BEFGEA_manual,9.2615,6.75088,8.75247,0.652591,2421.36,3710.38,0.0,0.0,0.722,1.10636,0.0,0,0.0020343221,0.2057406728,0.20594795946240238
BEFLIJ_clean,4.69454,3.18706,4.69454,1.535,0.0,0.0,1080.92,704.182,0.5108,0.332768,0.0,0,0.0005658776,0.0573180648,0.05501025228199812
BEFLUV_clean,5.75316,3.83896,5.75316,1.56773,551.699,351.91,132.515,84.5269,0.4868,0.310514,0.0,1,0.0006705115,0.045656715,0.05775738739995696
BEKYOG_clean,5.47883,4.56338,5.47883,2.08888,949.704,454.647,0.0,0.0,0.4514,0.216096,0.0,1,0.0002664295,0.0272969118,0.027165226037344753
BELJIL_clean,7.21036,5.21436,7.21036,1.28754,867.89,674.07,0.0,0.0,0.459,0.356494,0.0,1,0.0003881449,0.0378356281,0.03825633254317291
BENZOL_clean,5.62502,3.68781,5.62502,1.15041,1146.89,996.943,0.0,0.0,0.4858,0.422284,0.0,1,0.0006069242,0.0602608329,0.06026737995463729
BENZUR_clean,5.75474,3.70828,5.75474,1.24694,1151.54,923.496,0.0,0.0,0.5016,0.402265,0.0,1,0.0005395613,0.0551977268,0.05403661682457954
BEPMIU_clean,10.07029,9.95473,10.07029,1.02149,1143.41,1119.35,0.0,0.0,0.6036,0.590899,0.0,0,0.0007414143,0.0754185138,0.07534717507219309
BEPNIV_clean,10.32219,10.19883,10.32219,0.893387,1335.35,1494.71,0.0,0.0,0.6494,0.726897,0.0,1,0.0010604948,0.0988768963,0.10702794253295479
BEPNOB_clean,10.36311,10.23127,10.36311,0.890303,1334.01,1498.37,0.0,0.0,0.6478,0.727618,0.0,1,0.0010291362,0.100573118,0.10536104677550975
BEPPAP_clean,9.9082,9.78954,9.90791,1.03173,1157.48,1121.89,0.0,0.0,0.5902,0.57205,0.0,0,0.0007612514,0.0727107374,0.07639155652136355
BEPPIX_clean,9.77409,9.63706,9.77409,0.990438,1290.67,1303.13,0.0,0.0,0.592,0.597716,0.0,1,0.0008099275,0.0803356449,0.08263530587958078
BEPREV03_clean,6.75186,5.16957,6.7451,0.798706,2519.19,3154.09,0.0,0.0,0.64,0.801296,0.0,0,0.0017259826,0.1562475625,0.1685209864531019
BEPREV_clean,6.75364,5.16047,6.74991,0.798706,2521.08,3156.46,0.0,0.0,0.6402,0.801547,0.0,0,0.0014884898,0.1540783608,0.1496216315940289
BEPRIZ_clean,10.21454,6.03558,10.21454,0.764371,2087.31,2730.76,0.0,0.0,0.673,0.880463,0.0,0,0.001695334,0.1641443792,0.16475342861487813
BEPROF_clean,8.00306,5.96794,8.00133,0.730038,2383.55,3264.96,0.0,0.0,0.687,0.941046,0.0,0,0.0016701885,0.1775421849,0.1648059640748816
BEPVAV_clean,4.46396,3.25406,4.36439,1.36696,0.0,0.0,548.755,401.44,0.503,0.367969,0.0,1,0.0002380174,0.0225656947,0.025495131975123368
BETDAH_clean,6.20265,4.35013,6.20265,1.16306,2339.54,2011.54,0.0,0.0,0.6178,0.531186,0.0,1,0.0010039667,0.0973715956,0.10081012619211291
BETFUD_clean,6.14614,4.2626,6.11668,1.06295,2329.37,2191.42,0.0,0.0,0.6258,0.58874,0.0,1,0.0010038397,0.103245141,0.10151502044693055
BETGEO_clean,15.21578,5.06222,15.21578,1.31768,1287.77,977.304,381.116,289.233,0.6412,0.486614,0.0,1,0.0009331201,0.0906162609,0.09272576433038958
BETHEP_clean,15.93969,5.38602,15.93969,1.55026,1210.88,781.08,479.733,309.453,0.6876,0.443538,0.0,1,0.0008844882,0.0822191909,0.08627262609571433
BETHIT_clean,16.17666,10.50859,16.17666,0.819587,1287.14,1570.48,480.797,586.633,0.7656,0.934129,0.0,1,0.0017114227,0.1750727851,0.17650580611275918
BETZOR_clean,7.75357,4.72091,7.64098,1.06732,1559.59,1461.22,0.0,0.0,0.5544,0.519432,0.0,1,0.0008272476,0.0820843203,0.08288945172671552
BEXRAY_clean,8.11263,5.64009,8.11263,0.639388,2590.56,4051.63,0.0,0.0,0.7392,1.15611,0.0,0,0.0018955276,0.1845916634,0.19018795817587922
BEYSEF_clean,5.61731,4.74798,5.61731,1.17978,1409.15,1194.41,0.0,0.0,0.5534,0.469069,0.0,0,0.0006145344,0.0556075401,0.06330795143342817
BIBXIV_clean,18.4936,4.06846,18.4936,0.9977,1657.17,1660.99,0.0,0.0,0.7322,0.733888,0.0,0,0.0013725776,0.1390315929,0.1373329241254971
BIBXUH_clean,14.73899,5.12647,14.73899,0.739806,2068.95,2796.6,0.0,0.0,0.7088,0.958089,0.00108136,0,0.0018260142,0.1790557995,0.1762444595762387
BIDPOV_clean,11.29156,6.79888,11.29156,0.619303,2469.5,3987.54,0.0,0.0,0.7532,1.21621,0.0,1,0.0024432064,0.2381239802,0.24081606508389436
BIHMUC_clean,4.80366,2.90368,4.80315,1.36548,0.0,0.0,630.363,461.643,0.434,0.317837,0.0,1,0.0002914062,0.0286978678,0.029374284635002582
BIJDUV_clean,8.61386,5.69718,8.42708,0.896671,1704.44,1900.85,0.0,0.0,0.6122,0.682747,0.0,1,0.0010237689,0.0994033987,0.10336804508744073
BIPLIX_clean,7.36646,5.75458,7.16866,1.07595,1632.15,1516.94,0.0,0.0,0.6014,0.558949,0.0,1,0.0008104307,0.0838765803,0.08274726000462858
BIQFOW_clean,5.88357,2.82771,5.87564,2.2446,0.0,0.0,958.605,427.072,0.5038,0.22445,0.0,1,0.0005350749,0.0503042617,0.0527872397894938
BIYSUZ_clean,8.31867,7.50799,8.23674,1.3283,1507.88,1135.19,0.0,0.0,0.5826,0.438604,0.0,1,0.0007053393,0.0704106555,0.07083185898888576
BOCTEU01_clean,3.96678,2.99779,3.96678,1.31889,0.0,0.0,525.218,398.229,0.5458,0.413834,0.0,0,0.0002954293,0.0326212773,0.02997884327416145
BOCTOE01_clean,4.25376,2.75131,4.21442,1.24701,0.0,0.0,672.927,539.633,0.565,0.453084,0.0,0,0.0003899091,0.0373075405,0.03883616335857598
BOJYIK01_clean,4.80803,2.84792,4.80744,1.60323,0.0,0.0,695.034,433.52,0.501,0.312494,0.0,1,0.0004148514,0.042458839,0.04003124379338831
BOKQEZ_clean,7.07757,4.49353,7.07641,1.32957,1554.46,1169.14,0.0,0.0,0.5416,0.407349,0.0,1,0.000747225,0.0674463815,0.07177418082001809
BOMCOX_clean,5.96735,4.28567,5.96735,1.1236,1334.13,1187.38,0.0,0.0,0.5368,0.477752,0.0,1,0.0006151328,0.0668322335,0.06296639377852034
BONWAD_clean,3.83514,2.72512,3.83347,1.91868,0.0,0.0,135.94,70.851,0.4494,0.234224,0.0,1,0.0001435454,0.0145184623,0.014583575997672328
BOTLED_clean,3.31756,2.88638,3.25402,2.91906,0.0,0.0,0.0,0.0,0.3234,0.110789,0.0,0,6.221e-05,0.0056647231,0.006211896396811842
BOWQAG_SL,3.4835,2.72062,3.40675,1.47064,0.0,0.0,23.864,16.2269,0.3908,0.265734,0.0,0,0.0001032631,0.0105586494,0.010287173762837803
BOWRAH_clean,4.51959,4.0875,4.51959,2.30989,576.12,249.414,0.0,0.0,0.3594,0.155592,0.0,1,0.0002411748,0.0259046347,0.023627181944094827
BOXYIY_clean,4.39053,3.85775,4.38747,1.58321,405.121,255.886,388.713,245.521,0.5092,0.321625,0.0,0,0.0004070595,0.0381195276,0.039422969525856666
BOYCEY_auto,12.37213,6.12785,11.76706,0.613909,2396.05,3902.93,0.0,0.0,0.7532,1.22689,0.0,1,0.0024401288,0.2382170177,0.23971936672850144
BUDDIO_clean,3.29205,2.84666,3.26432,1.49438,0.0,0.0,0.0,0.0,0.2686,0.17974,0.0,1,8.54868e-05,0.0082297493,0.008097987261236865
BUPDUM_clean,9.76326,3.29047,9.75377,1.32342,0.0,0.0,1650.82,1247.39,0.6388,0.482688,0.0,1,0.0007333298,0.0715599124,0.0692201628377974
BURQIQ_clean,8.30102,5.43995,8.30102,0.998622,1908.3,1910.93,0.0,0.0,0.629,0.629868,0.0,1,0.0010855371,0.1074721296,0.10836149008462284
BUSQEM_clean,5.28773,3.7404,5.27624,0.951333,772.872,812.409,527.0,553.959,0.565,0.593903,0.0,0,0.0008429776,0.0870822784,0.08351811108113887
BUSQIQ_clean,4.44057,3.72721,4.4272,1.56982,999.031,636.398,0.0,0.0,0.4302,0.274044,0.0,0,0.000414893,0.0408922575,0.03917765897537324
BUVYIB_clean,10.88811,8.55613,10.38381,0.702067,2220.12,3162.26,0.0,0.0,0.6958,0.991073,0.0,0,0.0018489022,0.1718507399,0.183419445860445
BUWMIR_clean,5.20646,3.81875,5.20646,1.17377,2092.97,1783.12,2.40975,2.053,0.6684,0.569448,0.0,1,0.0010323871,0.0915582334,0.10244307513071262
c5ce00010f_c5ce00010f2_clean,6.25876,3.82372,5.50534,1.19183,724.15,607.595,429.773,360.599,0.5406,0.453588,0.0,1,0.0004690367,0.0467365848,0.04767542744211713
c6ce00141f_c6ce00141f2_clean,9.56221,8.33336,9.07575,0.705297,1946.55,2759.91,0.0,0.0,0.6886,0.976327,0.0,0,0.0017008143,0.1693513346,0.16892890840916727
c6ce00407e_c6ce00407e9_clean,13.32178,10.04301,13.32178,0.313342,1952.24,6230.37,0.0,0.0,0.8528,2.72162,0.0,1,0.0050888875,0.5087548329,0.5174264613672257
c6ra28728j_c6ra28728j2_clean,5.10322,2.6955,5.10263,1.2961,0.0,0.0,522.834,403.391,0.4726,0.364633,0.0,1,0.0003646593,0.0372438713,0.036579615771661515
CACBUG_clean,4.28617,3.67636,4.28617,1.29935,625.637,481.501,0.0,0.0,0.4628,0.356178,0.0,1,0.0003084953,0.0339902324,0.03127104597124541
CADPIH_clean,4.87392,3.27838,4.86712,2.12832,0.0,0.0,790.798,371.56,0.4974,0.233705,0.0,0,0.0004733111,0.047696331,0.04472253026155391
CADQOP_clean,6.71582,4.81933,6.71582,1.09675,2218.01,2022.35,0.0,0.0,0.6388,0.58245,0.0,1,0.0011159838,0.1085931642,0.11039154097342858
CAJQIP_clean,13.27741,7.61293,13.27741,0.545408,2173.64,3985.35,0.0,0.0,0.787,1.44296,0.0,1,0.0024633609,0.2715752394,0.25906787480745963
CAKFEB_clean,3.65255,2.91792,3.64481,1.9175,0.0,0.0,43.5525,22.7131,0.3714,0.193689,0.0,1,9.04093e-05,0.0092794228,0.008941905754885593
CAKXIX_clean,4.13408,2.81759,4.08547,1.95983,0.0,0.0,236.274,120.559,0.4734,0.241552,0.0,1,0.0002603697,0.0256457026,0.025449019457930752
CAKYAQ_clean,4.08997,2.78322,4.0162,2.04806,0.0,0.0,223.636,109.194,0.4694,0.229193,0.0,1,0.0002725776,0.0244774693,0.026860811089552322
CAPLOX_clean,6.59085,5.37966,6.59085,1.11008,2109.4,1900.22,0.0,0.0,0.6376,0.574371,0.0,1,0.0011243461,0.1071725923,0.10928483774226143
CAQCAZ_clean,6.29148,5.67839,6.29148,1.73371,1423.23,820.916,0.0,0.0,0.5114,0.294974,0.0,0,0.0006511234,0.0661603162,0.059642432255274574
CAVPEW_manual,20.25907,7.7782,20.25907,0.40269,1930.55,4794.14,0.0,0.0,0.8198,2.03581,0.0,0,0.0038480873,0.383154703,0.3822712332330791
CAVTAW_clean,4.19891,3.25121,4.19891,1.54626,0.0,0.0,362.73,234.586,0.4694,0.303572,0.0,1,0.0002543204,0.0257112377,0.025966351549666474
CAWDOU02_clean,6.97816,4.93144,6.97816,0.905214,1990.01,2198.39,0.0,0.0,0.6108,0.674758,0.0,1,0.0009847329,0.1038771131,0.10061007796295784
CAWZUX_clean,4.75634,3.15287,4.48882,1.43304,0.0,0.0,332.848,232.267,0.4286,0.299084,0.0,1,0.0002107121,0.0205652083,0.022056465825183964
CAXTEC_clean,10.87616,5.2726,10.87615,0.837152,1928.01,2303.05,0.0,0.0,0.6672,0.796988,0.0,0,0.001375367,0.1287197332,0.1356718188925008
CAXXEG_clean,6.07325,3.85926,6.03932,1.21319,1423.03,1172.97,0.0,0.0,0.5422,0.446922,0.0,0,0.0006333607,0.0614656767,0.06476985349389981
CAYQAV_clean,5.97925,4.27197,5.97925,1.3965,1570.86,1124.85,0.0,0.0,0.5832,0.417615,0.0,1,0.0006082817,0.0621807431,0.062005812299588625
CAYYEG_clean,7.23384,5.22809,7.23384,1.1195,757.877,676.976,0.0,0.0,0.4822,0.430726,0.0,0,0.000336566,0.0351517618,0.03396106168237784
CAZGIT_clean,5.03658,3.98397,5.03257,1.74975,597.309,341.369,0.0,0.0,0.4322,0.247007,0.0,1,0.0002256278,0.0221045288,0.022478447722598015
CECVIQ_clean,3.94859,3.20856,3.91188,2.17243,0.0,0.0,365.523,168.255,0.3928,0.180811,0.0,1,0.0002085248,0.02184417,0.020184424515967508
CEFDAU_clean,3.96523,3.28269,3.94655,1.24666,0.0,0.0,668.819,536.487,0.5592,0.448558,0.0,0,0.000465254,0.0484251931,0.04712964096696023
CEJZAU_clean,7.19009,4.36372,6.93205,1.03983,1483.83,1427.0,0.0,0.0,0.5552,0.533934,0.0,0,0.000781103,0.0811022463,0.07922604199716794
CEKROB_clean,5.35179,3.54558,5.35179,1.20403,773.46,642.39,0.0,0.0,0.4936,0.409955,0.0,0,0.0004529175,0.0410935561,0.04537419863447621
CEKRUH_clean,5.36221,3.36123,5.36221,1.38131,729.546,528.155,0.0,0.0,0.4924,0.356473,0.0,0,0.0003543767,0.0363047855,0.035792674798275005
CELKEL_clean,5.6698,2.68133,5.64737,1.35478,0.0,0.0,585.158,431.922,0.4322,0.319019,0.0,1,0.0003084622,0.0323022405,0.03086987735214513
CENPUI_clean,6.19698,4.05893,5.0808,0.999903,1127.63,1127.74,0.0,0.0,0.537,0.537052,0.0,1,0.0007709771,0.0764229173,0.07445336270748482
CEXHOD_clean,6.20263,3.99405,6.1987,0.988457,1905.85,1928.11,0.0,0.0,0.5896,0.596485,0.0,1,0.0008320235,0.0839022025,0.0852471951302981
cg060732osi20070605_042406_clean,6.23351,5.51273,6.19042,0.921282,2509.58,2724.01,0.0,0.0,0.696,0.755469,0.0,0,0.001587915,0.1630570365,0.15357736110444553
cg0702636-file002_clean,4.27325,2.94575,4.26862,1.71371,0.0,0.0,573.164,334.457,0.4894,0.285579,0.0,0,0.0004289951,0.0405335445,0.04089151977632385
cg200332y_si_002_clean,5.21581,3.97485,5.21581,1.32224,2143.79,1621.34,0.0,0.0,0.6406,0.484482,0.0,0,0.0008526582,0.0964942742,0.08529238506003463
cg200615s_si_002_clean,4.28794,2.8499,4.28081,1.75938,0.0,0.0,254.471,144.637,0.3014,0.171311,0.0,1,0.0001215089,0.0135098691,0.012428276870343646
cg301577a_si_002_clean,13.79617,7.99146,13.47475,0.563648,2128.96,3777.11,0.0,0.0,0.7834,1.38987,0.0,1,0.0025531487,0.2564697619,0.25733936373072214
cg501141m_si_002_clean,7.16379,4.82619,7.11311,0.994067,1469.53,1478.3,195.255,196.42,0.5926,0.596137,0.0,1,0.0010195716,0.097567745,0.09981497448352225
cg501332u_si_002_clean,6.1572,4.57393,6.1572,1.23684,1051.25,849.954,0.0,0.0,0.5146,0.416062,0.0,0,0.0003893872,0.0421246222,0.03989485806511957
cg801164f_si_001_clean,5.00808,3.18752,4.35611,1.43341,0.0,0.0,692.391,483.038,0.4768,0.332634,0.0,1,0.0004038217,0.0376206972,0.0392132827969649
cg901114e_si_002_clean,4.97956,4.41476,4.97764,1.61977,1113.96,687.724,0.0,0.0,0.4738,0.29251,0.0,1,0.0004151852,0.0410877054,0.040441481553734004
cg901312t_si_002_clean,15.54833,7.92817,14.85181,0.630454,2258.1,3581.71,0.0,0.0,0.764,1.21183,0.0,1,0.0022942228,0.2277122085,0.2286835839593972
CIFDUS_clean,6.0819,4.13005,6.0819,0.982136,1846.77,1880.36,0.0,0.0,0.6008,0.611728,0.0,1,0.0011268193,0.1009337685,0.1085815357993912
CIFJAE_clean,5.80851,5.16856,5.80851,1.17303,1403.54,1196.51,0.0,0.0,0.544,0.463755,0.0,1,0.0008601829,0.0826156139,0.08307143270573455
CIGDUT_clean,5.04549,3.73361,5.01118,1.73625,237.061,136.536,547.429,315.294,0.5092,0.293276,0.0,1,0.0004154767,0.0392588898,0.04012560371169979
CIGFAB_clean,5.06435,3.71465,5.06435,1.72692,240.436,139.228,509.807,295.211,0.5158,0.298682,0.0,1,0.0003770912,0.0387418146,0.036464684696101556
CIJVOH_clean,5.67314,4.40026,5.67231,1.44318,2399.39,1662.57,0.0,0.0,0.687,0.476032,0.0,1,0.000824072,0.0811655027,0.07930790187190638
CISXEJ_clean,8.40281,5.25443,8.32688,0.998279,1037.93,1039.71,82.5858,82.7282,0.5322,0.533117,0.0,1,0.0007233892,0.0698987202,0.07108199225018026
CIWREG_clean,8.13471,7.32788,8.13207,1.23149,2046.97,1662.19,0.793114,0.644029,0.6562,0.532851,0.0,0,0.0008735906,0.0872162094,0.08724640939633076
CIWRIK_clean,8.18288,7.41537,8.15939,1.23146,2070.3,1681.17,0.299565,0.243259,0.6662,0.540982,0.0,0,0.0008854404,0.0875308863,0.08787422040722663
CIWRUW_clean,8.32352,7.79985,8.25756,1.23467,2023.32,1638.75,0.0,0.0,0.6682,0.541198,0.0,0,0.0009295478,0.0872892829,0.09312610532044883
CIWZIT_clean,6.79559,5.48299,6.79559,1.25271,971.679,775.661,0.13923,0.111143,0.5152,0.411268,0.0,0,0.0003735853,0.0381970716,0.038356285803372435
cm501138g_si_002_clean,13.2781,6.68961,13.2781,0.886331,2090.67,2358.79,0.0,0.0,0.7192,0.811435,0.0,1,0.0015602478,0.1558000582,0.15746819736039958
cm501138g_si_011_clean,13.25601,6.66924,13.25601,0.875822,2120.67,2421.34,0.0,0.0,0.7216,0.823911,0.0,1,0.0015731639,0.1584839947,0.15764181677419917
cm501138g_si_012_clean,13.22876,6.69209,13.22876,0.883303,2102.85,2380.67,0.0,0.0,0.72,0.815122,0.0,1,0.0015679974,0.1573396407,0.15834122560619796
cm503311x_alf150K_clean,7.24848,7.00179,7.24848,0.962828,1577.69,1638.6,0.0,0.0,0.6114,0.635005,0.0,0,0.0011202052,0.1062860437,0.10658196631347822
cm503311x_alf200K_clean,7.35028,7.12879,7.35028,0.963076,1569.66,1629.84,0.0,0.0,0.6114,0.634841,0.0,0,0.001041346,0.1058290647,0.1029571635260736
cm503311x_alf225K_clean,7.37407,7.1534,7.3737,0.963767,1557.96,1616.53,0.0,0.0,0.6114,0.634385,0.0,0,0.0011566017,0.1060231797,0.10874914364125401
cm503311x_alf275K_clean,7.36182,7.1382,7.36181,0.964358,1561.39,1619.1,0.0,0.0,0.612,0.634619,0.0,0,0.0011990643,0.1071797815,0.11100243856810112
cm503311x_alf290K_clean,7.33152,7.10769,7.33152,0.964679,1559.29,1616.38,0.0,0.0,0.6126,0.63503,0.0,0,0.0011667118,0.1086841726,0.10890614304832089
cm503311x_alf40K_clean,7.05984,6.6215,7.05984,0.967154,1574.94,1628.43,0.0,0.0,0.6042,0.62472,0.0,0,0.0012273728,0.1047048154,0.11577848931365912
cm503311x_aloh175K_clean,7.12797,6.78403,7.12797,0.949982,1591.61,1675.41,0.0,0.0,0.6094,0.641486,0.0,0,0.0011921502,0.107088345,0.11119177603063991
cm503311x_aloh375K_clean,7.15773,6.843,7.15773,0.948289,1598.4,1685.56,0.0,0.0,0.6106,0.643896,0.0,0,0.0010546735,0.1084897886,0.10390576133224515
cm503311x_aloh425K_clean,7.16028,6.84144,7.16028,0.947823,1600.53,1688.64,0.0,0.0,0.611,0.644635,0.0,0,0.0011654756,0.1074905162,0.10934180183221112
cm503311x_F-mil-53-Al-lp-mono_clean,7.00775,6.5216,7.00775,0.971998,1645.39,1692.79,0.0,0.0,0.6046,0.622018,0.0,0,0.0011833259,0.1052317315,0.11157193879301573
cm504350q_si_002_clean,5.76264,4.30885,5.7542,1.44577,991.836,686.024,142.148,98.3197,0.5294,0.366171,0.0,1,0.0004787415,0.0469707839,0.04798452689529333
COCNEP_clean,10.13832,6.56369,10.13026,0.615207,2370.03,3852.42,0.0,0.0,0.7534,1.22463,0.0,1,0.0023318586,0.2242086276,0.23262939022007562
CODFEH_clean,3.78989,3.49285,3.78989,1.48867,302.667,203.313,0.0,0.0,0.4624,0.310612,0.0,1,0.0003161043,0.0288309391,0.03111873640076179
CODQUJ_clean,3.31151,2.69287,3.29637,1.90776,0.0,0.0,0.0,0.0,0.3496,0.183252,0.0,0,8.66954e-05,0.0092732016,0.008448215084070218
CODRUJ_clean,4.3292,3.79384,4.32865,1.92319,755.058,392.607,0.0,0.0,0.4878,0.253641,0.0,1,0.0003282106,0.0310904165,0.031895750147750646
COJHIT_clean,10.09171,9.35609,10.09171,0.716453,1773.43,2475.29,0.0,0.0,0.707,0.986805,0.0,0,0.0017531153,0.1760571269,0.17636176971155954
COKMOG_clean,11.40307,10.64671,11.37943,1.32388,1550.85,1171.45,0.0,0.0,0.6382,0.482069,0.0,1,0.0009357555,0.0944473124,0.0931358816385676
COKPEZ_clean,11.53314,10.69952,11.53296,0.910755,1588.72,1744.4,0.0,0.0,0.66,0.724674,0.0,1,0.0014351933,0.1466530332,0.13798448020461554
COKPOJ_clean,11.55541,10.79186,11.54889,1.17423,1558.36,1327.14,0.0,0.0,0.6464,0.550488,0.0,1,0.0011103469,0.1126614805,0.11286255188815848
COKPUP_clean,11.57951,10.81874,11.57907,1.23248,1594.31,1293.59,0.0,0.0,0.671,0.544433,0.0,1,0.0011113997,0.1072663101,0.11231431729877907
COKROL_clean,5.12764,4.65835,5.12764,1.20027,1190.29,991.679,0.0,0.0,0.5368,0.447232,0.0,1,0.0007162739,0.0698929283,0.06942002146316738
COMZAH_clean,5.00277,3.2825,4.99658,1.18624,0.0,0.0,514.906,434.065,0.4896,0.412732,0.0,0,0.0003196061,0.0361242899,0.03242474876255832
COPXOV_clean,5.47401,3.72166,5.47401,1.25742,393.122,312.642,0.0,0.0,0.4288,0.341015,0.0,0,0.0002006877,0.0205664745,0.021186796928234736
COQNIF_clean,8.23055,5.78857,8.23055,1.332,1912.43,1435.75,0.0,0.0,0.608,0.456455,0.0,0,0.000846903,0.0845489256,0.08337720036171725
COTVIS_clean,5.1733,3.29073,5.17236,1.27812,0.0,0.0,1102.67,862.727,0.573,0.448313,0.0,1,0.0005641949,0.0547981028,0.05644124443899858
COWMIL_clean,6.74228,5.52931,6.73491,1.23822,2114.95,1708.06,0.0,0.0,0.6464,0.522042,0.0,1,0.0009734477,0.0892394494,0.09511892546975656
COXHED_clean,8.70899,8.38156,8.70899,0.6876,2308.5,3357.33,0.0,0.0,0.7964,1.15823,0.0,0,0.0020455658,0.2085413781,0.2087787830316264
COYTUG_clean,4.86988,2.93224,4.86988,1.889,0.0,0.0,540.061,285.899,0.4644,0.245845,0.0,1,0.0002623014,0.0287160043,0.025664686276296894
COYVES01_clean,4.8567,3.01821,4.85503,1.94391,0.0,0.0,528.668,271.961,0.4598,0.236534,0.0,1,0.0002567803,0.0277246767,0.025704637443309006
CUFFEP_clean,6.24407,5.54414,6.24407,0.899727,2546.22,2829.99,0.0,0.0,0.6998,0.777791,0.0,0,0.0017067581,0.166876004,0.16737321782437956
CUGFAN_clean,4.06955,2.91623,4.06955,1.39045,0.0,0.0,175.567,126.266,0.441,0.317163,0.0,0,0.0001858968,0.0197676246,0.018659705396249997
CUGVUX_clean,3.87347,2.97215,3.87139,1.65115,0.0,0.0,96.4912,58.4387,0.3956,0.23959,0.0,1,0.0001767363,0.0153262646,0.017249259120305407
CUIMDZ01_clean_h,4.5789,3.79593,4.57845,1.66764,167.634,100.522,0.0,0.0,0.381,0.228466,0.0,1,5.97191e-05,0.0061112498,0.006238815664706095
CUKXAJ_clean,4.51336,3.32184,4.46882,1.85702,824.44,443.958,2.19908,1.18419,0.4912,0.264509,0.0,0,0.0004216561,0.0401235652,0.04024463742074554
CUMDEU_clean,5.19472,4.72553,5.19472,1.64523,654.329,397.714,0.0,0.0,0.462,0.280812,0.0,0,0.0002229573,0.0229505911,0.02258858368662645
CUMDUK_clean,6.0834,3.52201,5.92291,1.54452,1012.49,655.538,0.0,0.0,0.489,0.316603,0.0,1,0.0003871011,0.039390019,0.03878482948883401
CUMKIG03_clean,4.60058,2.85609,4.60058,1.12174,0.0,0.0,535.167,477.088,0.4576,0.407939,0.0,0,0.0002871838,0.0294327452,0.029093041755968198
CUMKIG_clean,4.5976,2.83069,4.5976,1.11134,0.0,0.0,566.869,510.076,0.457,0.411214,0.0,0,0.0003284664,0.0300394209,0.033061738931463025
CUNQOT_clean,4.94603,4.45617,4.94603,1.56048,1158.67,742.507,0.0,0.0,0.5224,0.334768,0.0,1,0.000472043,0.0486792219,0.046711252019398325
CUQRIR_clean,5.69204,4.57463,5.69204,1.10643,1361.29,1230.35,0.0,0.0,0.5686,0.513906,0.0,0,0.0007123714,0.0692166957,0.07117114995172
CURBOH_clean,9.52504,4.72038,9.52504,1.26402,1793.73,1419.06,0.0,0.0,0.654,0.517396,0.0,0,0.0008176334,0.0810227348,0.08084858634814458
CUVHEH_clean,12.77883,12.02741,12.74392,1.65471,1447.16,874.57,0.0,0.0,0.651,0.393423,0.0,1,0.0006006281,0.0653849762,0.060870268977458265
CUVHIL_clean_h,12.87614,12.03249,12.87614,1.65921,1433.06,863.702,0.0,0.0,0.643,0.387534,0.0,1,0.0006477808,0.0639149917,0.06468337972360216
CUWTUL_clean,6.09533,3.90326,6.09533,1.40599,1180.08,839.321,0.0,0.0,0.5142,0.365721,0.0,1,0.0005556668,0.0589560668,0.05509328835972717
CUWWEY_clean,6.3126,4.22285,6.24291,1.35207,1327.35,981.718,0.0,0.0,0.5216,0.38578,0.0,0,0.0006191842,0.0568474018,0.06085456600616255
CUWYUQ_clean,5.63933,3.37729,5.63933,1.34331,1233.85,918.52,0.0,0.0,0.5224,0.388891,0.0,1,0.000583873,0.056681609,0.05881033409330883
CUXJEM_clean,5.2963,3.43417,5.2963,1.4085,970.687,689.164,0.0,0.0,0.509,0.361378,0.0,1,0.0005360129,0.049790245,0.05318543182011095
CUYRUK_clean,3.95948,2.85981,3.95948,1.97065,0.0,0.0,62.4838,31.7073,0.3884,0.197093,0.0,0,5.17653e-05,0.0057257451,0.005439639321904797
DABMUR_clean,5.77537,4.11633,5.61896,0.856547,2860.27,3339.3,0.0,0.0,0.6996,0.816768,0.0,1,0.0015363033,0.143172887,0.15398648468994794
DAFHEZ_clean,5.14518,3.33208,5.05201,1.25164,924.226,738.411,0.0,0.0,0.5078,0.405707,0.0,0,0.0005337965,0.0544547545,0.053143251254182705
DAFJOM_clean,8.83929,3.81491,8.83929,0.983115,1714.88,1744.33,0.0,0.0,0.601,0.611322,0.0,0,0.0012234221,0.1160754428,0.1184097743540467
DAFSEL_clean,3.65039,3.25709,3.65039,1.69217,0.0,0.0,152.39,90.0561,0.4294,0.253757,0.0,1,0.0001584802,0.0190211685,0.01541166368285029
DAHPAE_clean,5.00613,3.59286,5.00613,1.85953,1943.24,1045.01,0.0,0.0,0.5872,0.315779,0.0,0,0.0005494418,0.0526188487,0.053719497579856085
DAKZUN_clean,8.9514,8.55667,8.9514,1.07791,1424.0,1321.08,0.0,0.0,0.6034,0.559789,0.0,1,0.0007980204,0.0852877758,0.082201481612786
DALSER_clean,4.08249,3.08769,4.08249,1.53283,0.0,0.0,554.74,361.906,0.5406,0.352681,0.0,0,0.0004650382,0.0491949897,0.04628905843228403
DANVAQ_clean,5.88569,2.76546,5.88569,1.5186,0.0,0.0,1050.31,691.629,0.552,0.363492,0.0,1,0.0005122523,0.0495719731,0.05172087347236273
DAPWAT_clean,5.11113,2.83337,5.11113,1.11433,0.0,0.0,613.734,550.763,0.497,0.446007,0.0,1,0.0002979893,0.0306205022,0.03140779869767956
DAPXEZ_clean,4.82667,3.282,4.45515,2.24459,0.0,0.0,841.514,374.908,0.4866,0.216788,0.0,1,0.0003513238,0.0343344447,0.03558276331612322
DARJUD_clean,4.94517,3.22924,4.94517,1.77645,0.0,0.0,850.176,478.58,0.4734,0.266486,0.0,0,0.0005701146,0.0435166988,0.05374812213276853
DAXHUH_clean,7.50015,6.78537,7.50015,0.876532,2176.78,2483.4,0.0,0.0,0.6518,0.743612,0.0,1,0.0014469079,0.1353699661,0.14043337560311153
DEGJIK_clean,4.49857,3.8442,4.48892,1.5866,672.4,423.8,0.0,0.0,0.4622,0.291315,0.0,1,0.0002503866,0.0276230109,0.02562758746059371
DEJCIF_clean,5.07924,4.58071,5.07255,1.37299,1275.41,928.928,0.0,0.0,0.5384,0.392137,0.0,1,0.0005831346,0.061529815,0.05884638029900217
DELGEI_manual,11.23796,5.9406,11.23796,0.599562,2425.76,4045.89,0.0,0.0,0.7354,1.22656,0.0,1,0.0021074022,0.2118352825,0.21675668825715366
DEPSEW_clean,5.82661,3.6907,5.82661,2.13899,1066.33,498.522,0.0,0.0,0.4968,0.232259,0.0,0,0.0005870249,0.0545719678,0.05654119008414456
DEPYED_clean,7.62003,3.27067,7.60213,1.31053,0.0,0.0,1511.74,1153.53,0.583,0.44486,0.0,1,0.0006936421,0.0679706806,0.06659502622584249
DEZKAW_clean,8.13146,3.74741,8.1255,0.911325,1740.68,1910.06,27.7822,30.4855,0.6372,0.699202,0.0,1,0.0010421705,0.107792719,0.10589639341671726
DIBPAH_clean,5.70136,3.62358,5.70136,1.16448,1493.52,1282.56,0.0,0.0,0.5674,0.487255,0.0,1,0.0006462726,0.0664787795,0.0665841978673463
DIBWUH_clean,4.03722,2.63218,4.03037,1.44455,0.0,0.0,359.694,249.001,0.5128,0.35499,0.0,1,0.0002530012,0.0240574088,0.026874896571151316
DIBWUI_clean,4.22892,2.97772,4.03584,1.83857,0.0,0.0,320.028,174.063,0.4298,0.233768,0.0,1,0.0002088323,0.024904749,0.021172067264207554
DIDBEZ_clean,9.17575,5.94989,7.9915,0.929043,1495.06,1609.25,0.0,0.0,0.5892,0.634201,0.0,0,0.00107523,0.1071604039,0.10557238586298698
DIMJUG_clean,6.00113,3.19524,5.94268,1.89184,0.0,0.0,640.147,338.373,0.4348,0.229829,0.0,1,0.0002569072,0.026702528,0.025472036761778134
DIMKER_clean,6.00256,3.22793,5.9849,1.87611,0.0,0.0,635.194,338.569,0.45,0.239858,0.0,1,0.0002815268,0.0272463707,0.02789309122770365
DINNIZ_clean,5.64071,4.66315,5.45064,1.16869,1439.96,1232.11,0.0,0.0,0.5486,0.469413,0.0,1,0.0005651461,0.0580072728,0.05867500304184169
DIRBIP_clean,4.8713,2.89563,4.84395,2.47822,0.0,0.0,661.907,267.089,0.4242,0.171171,0.0,1,0.0004509351,0.0455620517,0.041505408989901904
DITXOU_clean,5.00365,3.53364,4.98221,1.08104,1844.81,1706.51,0.0,0.0,0.6206,0.574076,0.0,1,0.0009001689,0.0942228252,0.0904753835433315
DITYEM_clean,4.09318,3.46859,4.09318,1.84238,155.54,84.4234,0.0,0.0,0.347,0.188344,0.0,1,9.71353e-05,0.0073808988,0.010090683227534593
DIYKAZ_clean,4.37543,3.51099,4.3605,1.7281,376.515,217.879,0.0,0.0,0.374,0.216423,0.0,0,0.000161547,0.0177878215,0.016528410473546005
DIYTEM_clean,5.54342,3.85621,5.5369,1.27196,1497.59,1177.39,0.0,0.0,0.5676,0.446239,0.0,1,0.0005879828,0.0611703588,0.06104574435009701
DIZQOT_clean,3.46252,2.72478,3.46252,1.59075,0.0,0.0,7.70406,4.84305,0.4054,0.254849,0.0,1,0.0001246074,0.0132981324,0.01253419131172682
DODHUA_clean,3.82979,2.64299,3.82979,1.56359,0.0,0.0,113.925,72.861,0.423,0.27053,0.0,1,0.0002076915,0.0196085991,0.020284218382917517
DOJYAD_clean,4.74618,2.74064,4.72708,1.79401,0.0,0.0,361.117,201.29,0.4276,0.238348,0.0,0,0.0003141578,0.0289124276,0.030081094139601434
DOKHUH_clean,4.38063,2.80978,4.37199,1.29806,0.0,0.0,462.924,356.628,0.5106,0.393356,0.0,1,0.0003238699,0.0349640377,0.032759119406465254
DOLPIF_clean,3.98128,3.36573,3.89185,1.62328,567.67,349.705,0.0,0.0,0.4742,0.292124,0.0,0,0.0003745586,0.0371695168,0.036757375410818104
DOLXOR01_clean,6.62435,5.36027,6.62435,1.08308,2578.79,2380.98,0.0,0.0,0.7368,0.68028,0.0,1,0.0010522888,0.095790528,0.10605034100068816
DOQHUN_clean,3.4932,3.06352,3.47156,2.45905,0.0,0.0,38.0853,15.4878,0.388,0.157785,0.0,1,0.0001676638,0.0171731412,0.016535282001200274
DOYHUW_clean,6.87938,5.20644,6.87938,0.976254,2294.91,2350.74,0.0,0.0,0.6516,0.667449,0.0,1,0.001256801,0.1216085343,0.12291965253082955
DOYLEI_clean,6.40369,4.15529,6.40369,1.15157,1694.44,1471.42,0.0,0.0,0.6046,0.525024,0.0,1,0.000651771,0.061656394,0.06761013953609361
DUBBEI_clean,4.93494,3.49142,4.86694,2.00135,1263.38,631.266,0.0,0.0,0.5166,0.258126,0.0,0,0.0003800779,0.0401055093,0.038677141003719336
DUDZOT_clean,3.86828,3.15476,3.86828,2.41651,0.0,0.0,300.315,124.276,0.3424,0.141692,0.0,0,0.0001495037,0.0136637344,0.014346017160397937
DUFZUA_clean,7.17076,3.11961,7.17076,1.55098,0.0,0.0,644.052,415.254,0.4962,0.319927,0.0,1,0.0003437659,0.0322658919,0.034496781908458965
DUMXEQ01_clean,4.78039,3.84263,4.78039,1.76597,828.843,469.341,0.0,0.0,0.4496,0.254591,0.0,0,0.000312059,0.0328910233,0.030266612276330575
DUNJON_clean,5.13321,3.70024,5.11248,2.82249,688.218,243.833,0.0,0.0,0.4132,0.146395,0.0,1,0.0001508898,0.0155409587,0.01520177479043155
DUNXUH01_clean,5.08043,3.95835,5.08043,1.20337,1874.89,1558.04,0.0,0.0,0.6064,0.503919,0.0,1,0.0009436925,0.090205899,0.09162660118365597
DUNXUH21_clean,5.07683,3.95879,4.81355,1.20337,1860.11,1545.75,0.0,0.0,0.6076,0.504916,0.0,1,0.0008716778,0.0898938354,0.08727712682188098
DUZPUL_clean,7.06957,4.91595,7.06648,0.920284,2531.68,2750.98,0.0,0.0,0.6946,0.754767,0.0,1,0.0013743564,0.1407382089,0.137307807622035
DUZWOM_clean,5.41107,3.63654,5.41022,1.51085,1084.42,717.756,0.0,0.0,0.4906,0.324718,0.0,0,0.0003629927,0.0356302874,0.03711303431657348
EBANAY_clean,3.59235,3.16505,3.56701,1.92053,0.0,0.0,125.929,65.5703,0.3826,0.199216,0.0,1,0.0001422356,0.0158852363,0.014290817380149994
EBEGID_clean,4.48274,2.95187,4.48274,2.57758,0.0,0.0,203.653,79.0093,0.3084,0.119647,0.0,1,0.0001010144,0.0098667599,0.01039242067471685
EBELUU_clean,5.06354,4.01259,5.06354,1.09045,1520.09,1394.01,0.0,0.0,0.5732,0.525654,0.0,1,0.0007557285,0.0798401161,0.07389938526370883
EBEZUI_ion_b,4.71709,3.35366,4.70455,1.37981,581.461,421.405,0.464558,0.336682,0.5038,0.365121,0.0,1,0.0003413723,0.0348026675,0.033804995372483555
EBIDOK_ion_b,10.15108,7.28168,10.14731,0.88059,1949.39,2213.74,0.147124,0.167074,0.6452,0.732691,0.0,1,0.0011621206,0.1109977578,0.11632785078077659
EBIMEJ_clean,4.76005,3.76742,4.75297,1.25917,1007.84,800.402,0.0,0.0,0.5458,0.433462,0.0,1,0.0006285029,0.0622057051,0.06129193516803618
EBISEQ_clean,4.75207,3.13437,4.75207,1.32667,0.0,0.0,532.329,401.253,0.4718,0.355628,0.0,0,0.0003264244,0.0306723391,0.03215643800795644
EBUQIB_clean,6.03622,4.38011,5.42071,1.1026,1157.92,1050.17,0.0,0.0,0.4992,0.452746,0.0,1,0.0006622247,0.0628828148,0.0638475694927499
ECAHOH_clean,6.87089,4.98271,6.87089,1.21823,856.833,703.343,0.0,0.0,0.4828,0.396313,0.0,0,0.0003652357,0.0384500141,0.03729987126544309
ECEZAO01_clean,4.88805,4.01037,4.88805,1.43329,945.622,659.759,0.0,0.0,0.4914,0.342849,0.0,1,0.0002897293,0.0376020005,0.030695580193294686
ECIYEU02_clean,3.67353,2.8076,3.67353,2.07083,0.0,0.0,189.745,91.6275,0.3706,0.178962,0.0,0,0.0002309613,0.0225350946,0.02201150949510743
ECODIK_clean,4.79857,4.01377,4.75701,1.19981,1900.99,1584.41,0.0,0.0,0.5936,0.494745,0.0,1,0.0008068788,0.078482413,0.08194119082105986
EDADIX_clean,4.63332,3.88728,4.61559,1.24361,944.143,759.198,93.0933,74.8575,0.5198,0.417978,0.0,1,0.0005621184,0.0571532146,0.056183324578020416
EDAFUM_clean,4.92982,3.72004,4.92982,1.77302,851.953,480.51,0.0,0.0,0.4508,0.254256,0.0,0,0.0002797019,0.0275133389,0.02756675162661232
EDAGEX_clean,4.90414,3.69066,4.90414,1.79444,798.923,445.222,0.0,0.0,0.4496,0.250552,0.0,0,0.000276594,0.0268669169,0.02738206917583959
EFAYEQ_clean_h,11.33412,8.20992,11.33412,0.445208,2301.41,5169.29,0.0,0.0,0.8028,1.8032,0.0,1,0.0036504043,0.3260165988,0.3430418160013198
EFAYIU_clean,11.56522,8.64377,10.65601,0.433579,2251.34,5192.46,0.0,0.0,0.8194,1.88985,0.0,1,0.0038660097,0.3545757859,0.3560341481322301
EFOTAV_clean,5.43531,4.50362,5.41958,2.18747,2824.93,1291.41,0.0,0.0,0.6522,0.298153,0.0,1,0.0004602485,0.0495896295,0.04834149171290361
EGELUY01_manual,7.46224,7.0558,7.4593,0.947391,1658.83,1750.95,0.0,0.0,0.6114,0.645351,0.0,0,0.0012333568,0.1110041261,0.11577998780329558
EGELUY_SL,7.32559,6.86607,7.31942,0.950432,1658.89,1745.4,0.0,0.0,0.6086,0.640341,0.0,0,0.0011392534,0.1117068993,0.10718115448427214
EGUNAX_clean,3.81467,3.01234,3.81432,1.4477,0.0,0.0,208.192,143.809,0.442,0.305312,0.0,1,0.0004113811,0.0373842547,0.038864180836175
EHAGIF_clean,5.44616,3.48144,5.44616,2.1778,1155.98,530.802,0.0,0.0,0.5374,0.246762,0.0,1,0.0003737127,0.0387734729,0.03723510230762126
EJEGOQ_clean,13.1275,3.17537,13.1275,2.99053,0.0,0.0,1263.59,422.531,0.585,0.195618,0.0,1,0.0003215232,0.0310804521,0.03224226188837258
EJIDUW01_clean,4.24244,3.3869,4.24244,1.5584,593.906,381.101,0.0,0.0,0.4886,0.313527,0.0,1,0.0003150221,0.0314848706,0.03096038521543532
EJOQOL_clean,7.54682,4.16239,7.5307,1.29085,1431.56,1109.01,0.0,0.0,0.5368,0.415851,0.0,1,0.000696024,0.0666177099,0.0687053459445814
EJOQUR_clean,11.95194,5.10518,11.95194,0.926552,1894.67,2044.86,37.9561,40.9649,0.6978,0.753115,0.0,1,0.0013781018,0.1367743154,0.13780845360162014
EJUVOU_clean,3.96956,2.94299,3.96779,2.67544,0.0,0.0,211.326,78.9873,0.4486,0.167673,0.0,1,0.0002158691,0.0198548028,0.021375713563327726
EKETUL_clean,4.43428,3.43441,4.41751,1.64611,319.015,193.799,0.0,0.0,0.4126,0.250651,0.0,0,0.0001434898,0.0164444524,0.014771794732008414
EKEVAT_clean,4.38581,3.45093,4.3809,1.70718,319.337,187.056,0.0,0.0,0.4042,0.236765,0.0,0,0.0001587659,0.016053471,0.015559038157798044
ELELEN_clean,7.0748,4.1882,7.0748,0.915782,1244.35,1358.78,0.0,0.0,0.592,0.646442,0.0,1,0.0006832923,0.0695782637,0.06984452540028371
ELIKOA_clean,4.97213,3.73339,4.97213,1.55809,1148.96,737.416,0.0,0.0,0.4918,0.315643,0.0,1,0.0004540595,0.0442592582,0.04558534301981103
ELIKUG_clean,4.95561,3.7268,4.95492,1.57969,1129.17,714.803,0.0,0.0,0.4908,0.310694,0.0,1,0.0004575474,0.0432958512,0.04574696777379107
EMAMUC_clean,5.84513,5.03009,5.84513,1.22272,803.232,656.921,0.0,0.0,0.473,0.386841,0.0,1,0.000379421,0.0338174305,0.038498133108137704
EMIFOW_clean,7.56186,4.84974,7.24948,1.40224,2851.33,2033.41,0.0,0.0,0.6898,0.491927,0.0,1,0.0011174662,0.1030732021,0.10984411529698418
EMIZAD_clean,35.58882,34.51057,35.58779,0.382184,1428.23,3737.01,0.0,0.0,0.8516,2.22824,0.000523308,1,0.0043986611,0.4285658689,0.42589420561481833
EMUBOF_clean,9.89745,6.63764,9.89048,1.19874,1975.94,1648.35,0.0,0.0,0.6738,0.562089,0.0,1,0.0010324212,0.1008468145,0.10239842945057726
ENAFOP_ion_b,11.60166,8.24635,11.58519,1.18111,1100.84,932.042,0.0,0.0,0.5386,0.456012,0.0,1,0.0006221755,0.0614671938,0.06336217245081446
ENESUN_clean,8.35126,5.49783,8.35126,0.626692,2424.85,3869.29,2.07427,3.30987,0.7316,1.1674,0.0,1,0.0021114807,0.2026770844,0.2077139094958342
ENISOK_clean,6.962,4.5443,6.96157,1.14432,1841.89,1609.59,0.0,0.0,0.6018,0.525903,0.0,1,0.0007727293,0.0811365721,0.07793836969353558
ENISUQ_clean,6.6554,4.37963,6.6554,0.992256,1823.18,1837.41,0.0,0.0,0.5804,0.58493,0.0,1,0.0009388262,0.0911529938,0.09341785570342406
EPECIN_clean,7.47499,2.63162,7.47499,1.05634,0.0,0.0,1446.28,1369.14,0.5854,0.554178,0.0,1,0.0008554744,0.0864257777,0.08953835196409199
EPISOM_clean,12.63938,6.49016,12.62405,0.677616,2253.72,3325.96,0.0,0.0,0.7494,1.10594,0.0,1,0.0019470422,0.2124320321,0.19909879254108137
EPONAA_clean,9.18286,8.73453,9.17503,0.495184,2583.42,5217.09,0.0,0.0,0.8544,1.72542,0.0,1,0.0029619709,0.2860255661,0.29823406274740244
EQERIC_clean,5.65308,5.10575,5.50654,1.08357,1441.7,1330.51,0.0,0.0,0.5522,0.509612,0.0,0,0.0009302296,0.0848787488,0.08753612727970653
EQEROJ_clean,4.01825,2.96034,3.93901,1.42386,0.0,0.0,378.51,265.834,0.474,0.332899,0.0,1,0.0003087597,0.0282313761,0.031153610527359724
EQUBUO_clean,4.678,4.09417,4.67712,1.98147,941.234,475.017,0.0,0.0,0.4712,0.237803,0.000100935,0,0.000271247,0.0283140095,0.027252993770447483
EQUCOI_clean,4.45934,3.16039,4.34903,1.67389,0.0,0.0,539.466,322.282,0.4922,0.294045,0.0,1,0.0004049946,0.0377668159,0.03955258335323185
EQUNEL_clean,11.53586,5.50716,8.36401,1.01632,2227.68,2191.92,0.0,0.0,0.6942,0.683055,0.0,1,0.0014411281,0.141896437,0.1388933190483544
ERAMAN_clean,12.01377,10.18099,12.01377,0.963545,2126.75,2207.22,0.0,0.0,0.6966,0.722955,0.0,1,0.0013434299,0.1337851576,0.13426239602697254
ERAMER_clean,12.83976,11.91501,12.83976,0.685959,2103.01,3065.8,0.0,0.0,0.7502,1.09365,0.000291563,1,0.0019230937,0.194563351,0.19385205681484263
ERIGER_clean,7.45113,4.52945,7.45095,1.32558,1000.06,754.431,0.0,0.0,0.5014,0.378249,0.0,1,0.0003617007,0.0360001243,0.03672117258752351
ERIWAF_clean,10.65116,5.48487,10.46238,0.840538,2241.03,2666.18,0.0,0.0,0.709,0.843508,0.0,1,0.0014724406,0.1610915592,0.14729127835167377
ERUFUS_clean,4.3604,3.42673,4.35329,1.50899,684.051,453.317,0.0,0.0,0.4548,0.301394,0.0,0,0.0002910428,0.0305972672,0.029396715477326373
ESIGES_clean,5.24833,4.2623,5.18742,1.29046,1800.98,1395.62,0.0,0.0,0.6108,0.473321,0.0,0,0.0008172596,0.0758575369,0.07999227146930807
ESURER02_clean,6.73405,5.67186,6.7278,1.40899,1346.64,955.749,0.0,0.0,0.5328,0.378145,0.0,0,0.0006370572,0.0632236886,0.06301263231215638
ESUSAO01_clean,6.3973,4.82556,6.3973,1.43147,1333.03,931.231,0.0,0.0,0.5244,0.366336,0.0,1,0.0005749582,0.0579995593,0.05622591602170096
ESUTIX_clean,7.33038,6.15605,7.3245,1.35339,1467.91,1084.62,0.0,0.0,0.5522,0.408012,0.0,1,0.0007230403,0.0725307158,0.06985482051046638
ESUVAR01_clean,5.82794,3.93449,5.82794,1.54928,1195.21,771.464,0.0,0.0,0.4896,0.316018,0.0,1,0.0004776843,0.0491128943,0.047175985025684784
ESUVAR_clean,6.28796,4.55194,6.20677,1.47064,1312.34,892.358,0.0,0.0,0.5172,0.351684,0.0,1,0.0006670209,0.0557622598,0.06365870335005802
ESUVOF_clean,6.88083,5.87111,6.87535,1.38485,1391.22,1004.61,0.0,0.0,0.5404,0.390224,0.0,0,0.0006240294,0.0667177321,0.06239215400137603
ETEJIX_clean,6.81796,5.05367,6.81796,1.05868,2313.65,2185.42,0.0,0.0,0.6546,0.61832,0.0,1,0.0011957977,0.1154309196,0.11730506946536269
ETEQUQ_clean,5.92538,4.00393,5.92538,2.21544,1336.48,603.256,0.0,0.0,0.5274,0.238056,0.0,1,0.0004034578,0.0387530986,0.04022461541234458
ETEXEI_clean,5.78427,4.68209,5.77551,1.52654,1503.21,984.721,0.0,0.0,0.622,0.407458,0.0,0,0.0006108309,0.0617167903,0.060969558081917966
ETICIV_clean,4.88964,3.07888,4.88964,1.37961,0.0,0.0,605.775,439.09,0.4466,0.323714,0.0,0,0.0002819544,0.0307975173,0.028493365256107676
ETUWEW_clean,4.93842,4.37104,4.93842,1.56386,2303.31,1472.84,0.0,0.0,0.6098,0.389934,0.0,0,0.0006411041,0.067247849,0.06517732413455775
EVOHOM_clean,3.57984,2.65551,3.56552,2.14715,0.0,0.0,65.0688,30.3047,0.4596,0.214051,0.0,1,0.0002078389,0.0218992615,0.020225283754639896
EVUDAA_clean,8.8715,5.37575,8.86492,1.06655,1848.87,1733.49,0.0,0.0,0.6318,0.592375,0.0,1,0.0010650146,0.1033190091,0.10505435832673149
EVUNAL_clean,4.3435,2.60006,4.3435,2.17687,0.0,0.0,431.427,198.187,0.4248,0.195142,0.0,1,0.0001677218,0.0174986104,0.017530817433413896
EWUKIS_clean,6.09706,5.36823,6.07492,1.05799,2424.88,2291.97,0.0,0.0,0.6762,0.639136,0.0,1,0.001179167,0.1139905066,0.11448200513950209
EWUSUL_clean,11.25293,8.38573,11.25293,0.979503,1671.61,1706.59,0.0,0.0,0.7086,0.723428,0.0,1,0.0012102995,0.1187678295,0.1244573059354339
EXEWIO_clean,7.06551,3.91163,7.06551,1.10612,1247.35,1127.68,0.0,0.0,0.5336,0.482408,0.0,1,0.0006308531,0.0653458717,0.06412383572798373
EXOZEX_clean,5.85437,3.02039,5.85437,1.20274,0.0,0.0,1096.9,912.005,0.5694,0.473419,0.0,1,0.0005475465,0.0598381153,0.05604047680167321
EZABEN_clean,5.22809,3.75233,5.19001,1.80933,1456.46,804.973,0.0,0.0,0.5686,0.314261,0.0,1,0.0004510701,0.0450973635,0.04514296576474617
EZOFEF_clean,11.22482,4.58247,11.22482,1.02492,1340.94,1308.34,253.285,247.127,0.6156,0.600633,0.0,0,0.0010702865,0.1053123247,0.10892623876862682
EZUCOS_SL,6.20322,3.17591,6.17692,1.33573,0.0,0.0,1021.03,764.4,0.5296,0.396488,0.0,0,0.0005015887,0.0516489154,0.05123015838089924
FABFOF_ion_b,4.12242,2.8928,4.12242,1.19882,0.0,0.0,342.79,285.939,0.5322,0.443936,0.0,0,0.0003041615,0.0290533528,0.030509729475600357
FABGUM_clean,4.49645,4.20268,4.49184,1.20151,964.988,803.144,198.183,164.944,0.618,0.514351,0.0,0,0.0005585766,0.0554110897,0.05660753089073807
FAFQEJ01_clean,6.37389,4.22376,5.90055,1.46265,2225.33,1521.44,0.0,0.0,0.6474,0.442621,0.0,1,0.0005862215,0.0632800244,0.061788783492454175
FAGREM_clean,7.38233,6.89343,7.38233,1.46524,1454.62,992.751,0.0,0.0,0.557,0.380143,0.0,1,0.000633907,0.0621639754,0.0637528865807416
FAGXOD_clean,5.20792,3.21624,5.1915,1.1246,0.0,0.0,906.48,806.049,0.5338,0.474659,0.0,1,0.0006401307,0.0636525411,0.06208065735015616
FAJYAS_clean,8.56248,6.70705,8.55013,0.843378,1917.39,2273.46,0.0,0.0,0.6388,0.75743,0.0,1,0.0012420322,0.1291272295,0.12438947996133563
FAQYUR_clean,4.28517,3.37183,4.28155,1.84396,419.281,227.381,0.0,0.0,0.4388,0.237966,0.0,1,0.0001691941,0.0189301785,0.017313062050556195
FARFUA_clean,8.43305,5.99885,8.43305,1.37514,1658.2,1205.84,0.0,0.0,0.6292,0.457553,0.0,0,0.0006675365,0.0670064435,0.06890112828960884
FASHAK_clean,5.67537,4.91896,5.66915,1.31877,1672.64,1268.34,0.0,0.0,0.5816,0.441018,0.0,1,0.0006833085,0.0654416276,0.06865879371626445
FASHOX_clean,5.79545,4.39914,5.79038,3.73156,1762.91,472.433,0.0,0.0,0.572,0.153287,0.0,1,0.0002945804,0.0292238313,0.02838731261958124
FATKAO_clean,4.65609,3.80909,4.65088,1.95034,1014.02,519.916,0.0,0.0,0.465,0.238419,0.0,1,0.000268852,0.0283206453,0.027305332863313655
FATKIV_clean,14.84172,10.48506,14.13115,0.799535,924.965,1156.88,197.216,246.664,0.6364,0.795963,0.0,1,0.0010315876,0.1006716939,0.10408926744766027
FATKIW_clean,4.92999,3.7145,4.92517,1.89194,1016.62,537.341,0.0,0.0,0.477,0.252122,0.0,1,0.0002931171,0.0294257041,0.029503528638404955
FATKOC_clean,4.67985,3.79401,4.65705,1.90793,1011.46,530.135,0.0,0.0,0.4774,0.250219,0.0,1,0.0002803863,0.0289141174,0.028518660180111028
FAVGAN_clean,5.57142,4.50196,5.49969,1.52705,956.016,626.056,0.0,0.0,0.4838,0.316821,0.0,1,0.0003516008,0.0366454996,0.036299180712240586
FAVZEJ_clean,3.48904,2.76185,3.48414,1.69508,0.0,0.0,100.539,59.3125,0.5156,0.304174,0.0,1,0.0001709488,0.0175037303,0.017262972148539373
FAWCEN03_SL,11.36441,3.15216,11.36441,0.921497,0.0,0.0,1382.61,1500.39,0.6438,0.698646,0.0,0,0.0009621295,0.0943253093,0.09314129737515685
FAYPOM_clean,8.33734,7.34032,8.33734,0.888945,1770.92,1992.16,0.0,0.0,0.637,0.71658,0.0,0,0.0012352385,0.1173158575,0.1248164493950395
FECKAA_clean,5.54178,3.96898,5.52138,0.97764,1036.11,1059.8,74.179,75.8756,0.5832,0.596539,0.0,1,0.0007138817,0.0730450013,0.07083006904530226
FECXUI_clean,10.09798,5.67724,10.08611,0.924829,2051.69,2218.46,0.0,0.0,0.69,0.746084,0.0,1,0.0012538702,0.1304279936,0.12709434680264614
FEJDEE_clean,4.71312,2.87829,4.7021,1.83643,0.0,0.0,738.757,402.279,0.5676,0.309078,0.0,1,0.0004086781,0.0372003063,0.03980360841149574
FEJKEM_clean,3.45598,3.08881,3.42976,2.13204,0.0,0.0,3.50827,1.6455,0.388,0.181985,0.0,1,6.76765e-05,0.008146877,0.00700931756078889
FERVEF_clean,4.50859,3.42442,4.50859,2.0439,895.257,438.014,0.0,0.0,0.5236,0.256177,0.0,1,0.0003286626,0.0327781678,0.03265264349028199
FERVUV_clean,4.63344,3.59285,4.63329,1.52979,1125.91,735.991,2.57897,1.68584,0.5188,0.339132,0.0,1,0.000470995,0.046187637,0.04713903338419434
FEWWUB_clean,13.46293,4.10343,6.99036,0.839472,1304.99,1554.54,374.213,445.771,0.6142,0.731651,0.0,0,0.0011364952,0.1132599749,0.11428660071228021
FIGQUJ_clean,4.99341,2.87726,4.98836,1.49096,0.0,0.0,441.532,296.14,0.4284,0.287333,0.0,0,0.0001941843,0.0202756817,0.020069074570727236
FIHLOZ_clean,5.07016,2.95224,4.52103,1.48692,0.0,0.0,476.789,320.655,0.4118,0.276948,0.0,1,0.0002917455,0.0307319891,0.029426284550069116
FIJCUX01_clean,7.34002,6.13056,7.33722,1.22326,1581.46,1292.83,0.0,0.0,0.608,0.497033,0.0,1,0.0008524012,0.0825766012,0.08417849430242404
FIJDIM08_clean,6.03525,5.21694,6.03525,1.22274,1324.94,1083.58,0.0,0.0,0.5378,0.43983,0.0,1,0.0007284433,0.072858419,0.07201555823400453
FINQOK_clean,8.7337,4.60012,8.08289,1.3997,1628.14,1163.2,0.0,0.0,0.614,0.438665,0.0,1,0.000619787,0.0639493031,0.06343204184264688
FIPKOG_clean,6.55849,4.8515,6.50444,1.08595,1635.33,1505.9,0.0,0.0,0.5862,0.539805,0.0,0,0.0007605955,0.0815524901,0.07713814507944754
FIRMUQ_clean,6.37918,5.90394,6.37918,0.804259,2580.98,3209.14,0.0,0.0,0.675,0.839282,0.0,1,0.0014847472,0.1520161604,0.14853605301549816
FIRNAX_clean,6.70534,6.02432,6.70378,0.728308,2391.07,3283.04,0.0,0.0,0.6994,0.960308,0.0,1,0.0018287708,0.1753504283,0.1785203859911796
FIRNUR_clean,6.62054,6.03585,6.61701,0.714161,2609.57,3654.03,0.0,0.0,0.6944,0.97233,0.0,1,0.0018087093,0.175110598,0.17355116741615736
FIRPAZ_clean,7.15818,6.15135,7.14286,0.673811,2389.65,3546.47,0.0,0.0,0.7144,1.06024,0.0,1,0.0019024192,0.1930086028,0.18471245764751934
FIRZOX_clean,8.47321,7.4886,8.47321,1.47389,1193.71,809.905,0.0,0.0,0.5488,0.372348,0.0,1,0.0004873967,0.045925766,0.04843084916687206
FIVYUF_clean,4.68091,3.50866,4.67789,1.41648,465.948,328.948,0.0,0.0,0.4326,0.305405,0.0,0,0.0002268045,0.0221605487,0.023086991151382772
FOCREW_clean,4.67486,3.02955,4.45442,1.35506,0.0,0.0,583.974,430.957,0.4642,0.342568,0.0,1,0.0004247565,0.0404094342,0.04093728550600424
FODZUU_clean,4.75652,2.79292,4.70786,1.95871,0.0,0.0,583.829,298.067,0.406,0.207279,0.0,1,0.0003621942,0.0333075868,0.03353120835373121
FOFCOU_clean,4.8597,4.4269,4.8597,1.38069,783.577,567.528,0.0,0.0,0.4546,0.329257,0.0,0,0.0004292691,0.0388019358,0.0413356816630299
FOHCIP_clean,4.96285,4.14038,4.9303,1.87592,1245.59,663.988,0.0,0.0,0.5966,0.318031,0.0,1,0.000398261,0.0401985736,0.04014711152770822
FONKEA_clean,4.68396,3.93383,4.68242,1.69201,643.159,380.115,0.0,0.0,0.4636,0.273994,0.0,1,0.0002489873,0.0263815835,0.025053304217151247
FORKUU_clean,13.26482,11.33443,13.26482,0.597503,2329.13,3898.11,0.0,0.0,0.7474,1.25087,0.0,0,0.0022269483,0.2384474486,0.22278185653356997
FORQIN_clean,9.58088,4.20865,9.58088,1.06074,2156.73,2033.24,0.0,0.0,0.7006,0.660485,0.0,1,0.0011339688,0.1129549149,0.11211240353272633
FOSTUE_clean,13.09568,7.43748,13.09568,0.582855,2174.14,3730.15,0.0,0.0,0.7556,1.29638,0.0,0,0.0024008395,0.2503963901,0.236427138990823
FOVPEN_clean,6.90856,3.45436,6.49799,1.14952,1115.5,970.402,0.0,0.0,0.525,0.45671,0.0,1,0.0005250942,0.0503108797,0.0536593293112222
FOVPOX_clean,5.86564,3.51663,5.02799,1.32713,811.807,611.702,0.0,0.0,0.504,0.379767,0.0,1,0.0004253996,0.0402171236,0.04220370388845832
FUBDIQ_clean,8.11684,7.23133,8.11684,1.24691,2021.29,1621.04,0.0,0.0,0.6644,0.532838,0.0,0,0.0008531827,0.0864736244,0.08604111243574172
FUDGES_clean,7.76038,5.54861,7.76038,0.846504,2469.98,2917.86,0.0,0.0,0.7118,0.84087,0.0,1,0.0015987307,0.156975109,0.15717652630203346
FULQUZ_clean,5.87633,5.25314,5.79727,1.51981,1332.09,876.486,0.0,0.0,0.5216,0.3432,0.0,1,0.0005665968,0.0581279193,0.05597538235520173
FUMJAA_clean,6.69521,5.2041,6.68616,1.12957,2214.41,1960.41,0.0,0.0,0.6298,0.557558,0.0,1,0.0010243684,0.1083309506,0.10163012386755287
FUNCAT_clean,9.48772,8.77545,9.48772,0.930198,1473.55,1584.13,0.0,0.0,0.6084,0.654055,0.0,0,0.0010738211,0.1074363769,0.10544701235468616
FUNCEX_clean,13.21557,12.47689,13.21557,0.543761,1970.91,3624.58,0.0,0.0,0.7842,1.44218,0.0,1,0.0027138388,0.2702566628,0.26857659789748933
FURFIJ01_clean,4.13712,3.42264,4.1139,1.63785,320.686,195.797,0.0,0.0,0.4366,0.266569,0.0,1,0.0002219682,0.0224497184,0.022128901112861643
FURROA_clean,11.58923,10.47029,11.58875,1.00075,1596.28,1595.09,0.0,0.0,0.6602,0.659706,0.0,1,0.0009558454,0.0933233238,0.09727666040778614
FURRUG_ion_b,8.32809,6.43068,8.32781,1.55213,780.748,503.018,0.0,0.0,0.4718,0.30397,0.0,1,0.0002853554,0.0272460954,0.029011828983876737
FUSMUC_clean,10.39839,9.40181,10.39839,1.04415,1643.14,1573.66,0.0,0.0,0.6396,0.612553,0.0,1,0.0009249349,0.0862971468,0.09400348749685604
FUSNAJ_clean,10.8347,9.87565,10.8347,1.0024,1663.43,1659.45,0.0,0.0,0.6588,0.657225,0.0,1,0.0009582231,0.0928335125,0.09694520190338643
FUSNEN_clean,10.85037,9.87705,10.85037,0.997622,1665.26,1669.23,0.0,0.0,0.6604,0.661974,0.0,1,0.0009368236,0.0932163262,0.09574060084380842
FUTYEA_clean,5.60643,4.51803,5.59058,1.0369,2090.75,2016.34,0.0,0.0,0.6318,0.609316,0.0,1,0.001128844,0.1106573021,0.11235412677854953
FUTZOL_clean,9.30232,6.36524,9.14367,0.891296,2041.5,2290.48,0.0,0.0,0.6794,0.762261,0.0,1,0.0013288387,0.1309727309,0.1337659821910835
FUVDEH06_clean,6.60161,5.99656,6.60161,1.76662,404.855,229.169,0.0,0.0,0.3004,0.170042,0.0,1,0.0001306444,0.0129834204,0.01291211951012281
FUWXOL_SL,4.76594,4.4337,4.74254,1.49774,1245.43,831.539,0.0,0.0,0.5154,0.344119,0.0,0,0.0006409545,0.0605475692,0.06140812795929801
FUXCOS_clean,4.8198,4.16045,4.8198,1.4521,612.494,421.799,0.0,0.0,0.4284,0.295021,0.0,0,0.0002468616,0.02451321,0.024701450236462058
FUZKAN_clean,5.06549,3.23595,5.05633,1.24948,0.0,0.0,587.605,470.28,0.477,0.38176,0.0,0,0.000387445,0.0366954842,0.03787197246108818
GACPUX_clean,5.9525,3.77259,5.85811,1.02185,1638.86,1603.82,0.0,0.0,0.614,0.600871,0.0,1,0.0008554624,0.0901966571,0.08728906968404115
GADMAA01_clean,8.25017,6.95114,8.25017,1.49914,1053.4,702.671,0.37233,0.248363,0.576,0.38422,0.0,1,0.0003868799,0.0401315959,0.03919029349083033
GADNUX_clean,15.43787,6.70397,14.77017,0.729552,2339.56,3206.84,0.0,0.0,0.7494,1.02721,0.0,1,0.0019925398,0.1983027371,0.2000595790448945
GAFROX_clean,10.38317,5.82029,10.02176,0.765244,2450.36,3202.06,0.0,0.0,0.7244,0.946626,0.0,1,0.0018452456,0.1780994705,0.18446054323035643
GAGQAI_clean,15.6839,9.81587,15.64212,0.743275,1280.66,1723.0,458.409,616.743,0.721,0.970032,0.0,1,0.0019102307,0.1899143515,0.19011216254224697
GAJVAQ_clean,4.41782,2.95293,4.41208,1.65256,0.0,0.0,434.878,263.155,0.4614,0.279204,0.0,1,0.000249308,0.0231435441,0.02546656497253238
GAMSOD_clean,4.58378,3.14009,4.58378,1.46841,0.0,0.0,716.037,487.628,0.4784,0.325795,0.0,1,0.0003321616,0.0324411123,0.033089947385487595
GAMVAS_clean,3.72131,2.69973,3.70726,1.82538,0.0,0.0,52.4368,28.7265,0.3938,0.215736,0.0,1,0.0001103693,0.0111876525,0.010960667153359463
GAPDUX_clean,4.39272,3.14854,4.18817,1.64307,0.0,0.0,465.773,283.478,0.4746,0.28885,0.0,1,0.0003646991,0.0345326939,0.036066573497784755
GARLOD_clean,5.48563,4.3317,5.48563,1.18591,1487.56,1254.36,0.0,0.0,0.5682,0.479126,0.0,1,0.000725632,0.073841365,0.07145438813764142
GARPAR_clean,4.88792,3.20385,4.88792,1.2842,0.0,0.0,895.178,697.072,0.5266,0.410062,0.0,1,0.0004676655,0.0434808363,0.04744601448574866
GAWMAU_clean,3.78954,2.70818,3.78954,1.56228,0.0,0.0,151.632,97.0584,0.4554,0.291497,0.0,1,0.000165154,0.0161850925,0.016734067627194763
GAWMOJ_clean,9.85959,7.82076,9.85959,0.707147,2014.24,2848.41,0.0,0.0,0.7242,1.02411,0.0,1,0.0017109925,0.1770730097,0.17493637282698218
GAXDIS10_clean,5.63603,3.80534,5.63603,1.31969,1996.73,1513.03,0.0,0.0,0.6636,0.502846,0.0,1,0.0006429535,0.0669718571,0.06750021560498537
GAXGOD_clean,5.08632,3.052,5.08632,1.30836,0.0,0.0,405.215,309.713,0.4256,0.325293,0.0,0,0.0002748026,0.0283239883,0.027160146284833705
GAXWEJ_clean,4.40485,2.71207,4.39684,1.56723,0.0,0.0,539.867,344.471,0.4694,0.299509,0.0,1,0.0003452515,0.0337718803,0.03429303698249765
GAYPED_clean,9.58074,6.82289,7.89267,0.900136,2106.29,2339.97,0.0,0.0,0.6514,0.723668,0.0,1,0.001453565,0.142557418,0.13930776189448651
GAYTEH_ion_b,7.25944,3.65684,7.23718,1.37181,1135.72,827.897,0.0,0.0,0.497,0.362294,0.0,1,0.0004891213,0.0465675735,0.04804751009760277
GAZLAW_clean,5.89078,3.42545,5.89078,1.13599,1083.97,954.205,0.0,0.0,0.5156,0.453877,0.0,0,0.0005912422,0.0534955093,0.06010448369174531
GEBCAT_clean,7.82822,4.28279,7.82194,1.50818,1191.52,790.035,0.0,0.0,0.4616,0.306064,0.0,1,0.0004021037,0.0442056908,0.04024797177628333
GEDQIR_clean,6.54643,4.98654,6.54643,1.05474,2262.59,2145.17,0.0,0.0,0.6334,0.600529,0.0,1,0.0011185078,0.1098399168,0.11158743911990675
GEDREO_clean,5.54518,3.28289,5.54518,1.31295,0.0,0.0,1181.14,899.609,0.5332,0.406109,0.0,1,0.0005732179,0.0571739913,0.05646768911349761
GEDSEP_clean,4.82283,3.73359,4.81042,1.38544,1023.08,738.448,0.0,0.0,0.5156,0.372155,0.0,1,0.0005190161,0.0526341867,0.0513043430093016
GEGSIW_clean,7.85146,2.85269,7.84347,1.08118,0.0,0.0,1176.8,1088.44,0.5288,0.489093,0.0,1,0.000815263,0.082332906,0.08205094235702341
GEHSAN_clean,4.21897,2.65292,4.13931,1.49275,0.0,0.0,232.374,155.668,0.35,0.234466,0.0,1,0.0002090794,0.0200938662,0.021048970170245134
GEKVEZ_clean,4.60932,3.49419,4.2137,1.75988,1163.32,661.023,0.0,0.0,0.526,0.298883,0.0,1,0.0003385359,0.0332327642,0.03444568046486089
GERWEH_clean,9.16485,6.64251,9.16485,1.11428,1571.66,1410.47,39.9079,35.815,0.625,0.560902,0.0,1,0.0010029968,0.0991763243,0.10054852233999467
GEVXAI_clean,3.71553,2.68712,3.70664,2.06408,0.0,0.0,101.112,48.9867,0.415,0.201058,0.0,1,0.0001670733,0.0168080898,0.016546594318294687
GIGWID01_clean,3.32151,2.73215,3.30755,1.85399,0.0,0.0,0.0,0.0,0.365,0.196873,0.0,0,8.62309e-05,0.0092834705,0.008233017122439118
GIHPAQ_clean,6.0679,3.20702,4.88779,1.37065,0.0,0.0,933.937,681.382,0.517,0.377193,0.0,1,0.0004038089,0.0453560492,0.04067162816415005
GIMVAA_clean,3.80885,2.6465,3.67034,1.67581,0.0,0.0,281.031,167.699,0.4886,0.29156,0.0,1,0.0001694703,0.0161851923,0.0175628113185724
GIQYOV_clean,4.65103,4.01588,4.65103,1.69435,1544.77,911.715,0.0,0.0,0.5744,0.339009,0.0,1,0.0004540584,0.0459450391,0.04686861823859666
GIRDUI_clean,4.42025,3.76528,4.4179,1.33231,513.764,385.618,0.0,0.0,0.4442,0.333405,0.0,1,0.0002253602,0.0262510529,0.02334665120206175
GIRYEN_clean,4.46145,3.72288,4.46145,1.49644,287.06,191.829,0.0,0.0,0.4038,0.269841,0.0,1,0.0001635141,0.0168069842,0.01684439684274313
GISMIG_clean,4.0304,2.93362,4.0304,1.49375,0.0,0.0,163.882,109.711,0.4292,0.28733,0.0,0,0.0001529155,0.0149352419,0.015408102847577895
GITVEL01_clean,15.27666,13.37931,15.27666,0.777112,1815.11,2335.71,0.0,0.0,0.723,0.930368,0.0,0,0.00157742,0.1509139494,0.1552456910926452
GIWCAR_ion_b,6.05356,4.17814,6.05356,1.07197,1658.11,1546.78,2.02848,1.89228,0.5834,0.544229,0.0,1,0.0007691496,0.0767320489,0.07710785276186007
GIWCOF_ion_b,6.18603,4.18536,6.1755,1.09485,1872.24,1710.03,0.0,0.0,0.5864,0.535596,0.0,1,0.0008123462,0.0802926182,0.08241858571713641
GOLYUD_clean,5.23544,3.22982,5.01332,1.30229,0.0,0.0,525.595,403.593,0.46,0.353224,0.0,1,0.000302901,0.0332287728,0.030380448332349586
GOQXAN_clean,6.22843,5.8492,6.22773,1.32869,1398.1,1052.24,0.0,0.0,0.556,0.418457,0.0,1,0.0006217346,0.0639797443,0.06299986095916471
GOTNEK_clean,6.68492,5.17244,6.67225,1.16398,1342.18,1153.1,0.0,0.0,0.5428,0.466332,0.0,1,0.000753843,0.0711602496,0.07235367375050028
GOXGAD_clean,4.36902,3.10948,4.36902,1.76306,0.0,0.0,443.44,251.518,0.4778,0.271007,0.0,1,0.0002741774,0.0303207113,0.027482011252478244
GOYPER_clean,3.86862,2.68927,3.85387,1.4708,0.0,0.0,194.38,132.159,0.4886,0.3322,0.0,0,0.000249643,0.0274525491,0.025264050254031882
GOYXID_clean,3.92669,3.05098,3.92204,2.25635,0.0,0.0,137.765,61.0567,0.3626,0.160702,0.0,1,0.0001162556,0.0104560302,0.012071758277197631
GOYYIE_clean,3.88784,3.0249,3.88595,2.39828,0.0,0.0,113.123,47.1685,0.347,0.144687,0.0,1,8.49469e-05,0.0092139048,0.008748195512014225
GUBVUU_clean,6.86464,4.18996,6.61474,0.930991,1654.01,1776.62,0.0,0.0,0.6014,0.645979,0.0,1,0.0009618601,0.0979191139,0.09637881779049358
GUCHUJ_clean,4.84299,3.46778,4.84299,1.43835,1253.58,871.544,0.0,0.0,0.5374,0.373624,0.0,1,0.0005870172,0.0571115536,0.058090489935067866
GUFBUG_clean,6.13698,5.34529,5.96708,1.2615,1111.92,881.432,0.0,0.0,0.517,0.40983,0.0,0,0.0006122302,0.0593431395,0.059473499819835456
GUFREF_clean,4.21553,3.44252,4.2138,1.21319,638.089,525.958,0.0,0.0,0.4724,0.389386,0.0,0,0.000358772,0.0327117013,0.03565597049729141
GUJREK_clean,6.69718,6.09535,6.69718,1.23624,986.103,797.665,80.349,64.9948,0.5296,0.428397,0.0,1,0.0005365207,0.0538649749,0.05440831807142986
GULVUF_clean,16.10036,15.32514,16.09835,0.674334,1617.68,2398.93,0.0,0.0,0.7312,1.08433,0.0,0,0.0017891312,0.1886326628,0.1834954579371485
GULWIU_clean,11.05938,6.30446,11.02908,0.918977,2242.53,2440.24,0.0,0.0,0.738,0.803067,0.0,1,0.0014768434,0.139016532,0.14935859709307767
GUNFAW01_neutral,9.61074,7.33598,9.61074,0.662989,2371.82,3577.46,0.0,0.0,0.7958,1.20032,0.0,0,0.0022279826,0.2134104426,0.22035596353130504
GUPDEB_clean,20.68684,7.65386,20.68684,0.945467,1548.81,1638.15,1.11326,1.17747,0.7196,0.761105,0.0,0,0.0012179505,0.1235175186,0.12285540231544481
GUQWOG_clean,7.33297,4.64507,7.06229,0.957966,1896.24,1979.44,0.0,0.0,0.6126,0.63948,0.0,0,0.0010938806,0.1068224656,0.10849941700898544
GURZID01_clean,3.82163,2.93079,3.80757,2.09127,0.0,0.0,221.816,106.068,0.466,0.222831,0.0,1,0.0002163464,0.0231395621,0.021421577522121135
HAFWIW_clean,5.35067,4.98225,5.35067,1.31519,1804.28,1371.88,0.0,0.0,0.6304,0.479324,0.0,1,0.0006762253,0.0683632358,0.06924412367842372
HAJDII_clean,7.11031,6.37447,7.11031,1.26291,989.015,783.122,12.4903,9.89007,0.5394,0.427108,0.0,0,0.0005027206,0.0496038402,0.050344431661447774
HAKCIG_clean,5.39588,2.97433,5.39588,1.38697,0.0,0.0,441.553,318.358,0.4434,0.31969,0.0,1,0.0002637283,0.0274980691,0.027109617324699773
HAKTAR_clean,8.14226,3.27028,7.02069,1.26185,0.0,0.0,1433.18,1135.78,0.6064,0.480565,0.0,1,0.0009682184,0.0885831221,0.09014382506432086
HAMLIT_clean,7.60143,4.74827,7.04866,1.03116,1778.09,1724.35,0.0,0.0,0.6042,0.58594,0.0,1,0.001047311,0.1035695176,0.10373765256464819
HANWAW_clean,11.32674,4.96034,11.30095,0.840493,2065.42,2457.39,0.0,0.0,0.7018,0.834987,0.0,1,0.0015639219,0.1544848891,0.15510012689351463
HAPBEI_clean,7.40345,4.51665,7.18933,1.1831,1645.32,1390.68,107.302,90.6958,0.5974,0.504945,0.0,1,0.0007332356,0.0706282038,0.07409327058322907
HAPHUD_clean,8.47502,6.8337,8.46296,0.827108,1882.02,2275.42,0.0,0.0,0.6618,0.800137,0.0,1,0.0013898287,0.1376534749,0.13617582379217963
HAPNEU_clean,7.1275,4.47989,7.11656,1.12613,1773.48,1574.85,0.0,0.0,0.6,0.5328,0.0,1,0.0007310312,0.0739727683,0.07499117854983778
HASMIZ_clean,9.9371,5.9051,9.93469,0.740129,2096.9,2833.15,0.0,0.0,0.687,0.928217,0.0,0,0.0015800148,0.162810217,0.15723667018195517
HATZOS02_clean,4.8576,4.0805,4.8576,1.31729,1109.65,842.374,1.31609,0.999089,0.544,0.41297,0.0,1,0.0004517677,0.0449603998,0.046243025901971505
HAVVUX_clean,8.34589,6.74867,8.34589,2.21863,955.771,430.794,0.0,0.0,0.5032,0.226807,0.0,1,0.0003003304,0.030018812,0.029855978066949587
HAVZIP_clean,12.95456,9.6087,12.76631,0.416845,1954.8,4689.52,0.0,0.0,0.815,1.95516,0.0,1,0.0037716568,0.3721430015,0.3706602820468684
HAWREE_clean,5.95677,4.26157,5.93982,1.29463,1394.9,1077.46,0.0,0.0,0.5154,0.398107,0.0,0,0.0005726618,0.0592538905,0.057057691501424174
HAWVEI_clean,5.44774,3.7649,5.44192,1.50867,1222.23,810.136,0.0,0.0,0.526,0.348652,0.0,0,0.0006062683,0.0550786823,0.058693226725915926
HAWVOS_clean,5.41179,3.71334,5.38603,1.62695,1198.02,736.358,0.0,0.0,0.519,0.319002,0.0,0,0.0005363515,0.0518277001,0.05263661607925772
HAXMUP_clean,8.05193,5.7692,8.05193,1.0871,1247.11,1147.19,0.0,0.0,0.6042,0.555788,0.0,1,0.0005882141,0.0577279698,0.0625974159006003
HAZGOF06_clean_h,3.90842,2.98497,3.80382,1.24473,0.0,0.0,93.5276,75.1387,0.4794,0.385143,0.0,0,0.0003363345,0.028151917,0.03312746460782587
HAZGOF08_clean_h,3.9069,2.98365,3.78989,1.2477,0.0,0.0,101.411,81.2783,0.4828,0.386951,0.0,0,0.000262985,0.028278937,0.02592823720931488
HAZWIP_clean,6.08536,5.42004,6.08536,0.76282,3171.25,4157.27,0.0,0.0,0.7336,0.961695,0.0,1,0.0016710421,0.1715782939,0.17040877502593754
HEDBID_clean,5.55564,3.58661,5.41937,2.08307,1276.82,612.952,0.0,0.0,0.5458,0.262017,0.0,1,0.0004458184,0.0406117335,0.044118996255099976
HEDBOJ_clean,6.12669,4.55303,6.11551,2.25914,1566.11,693.232,0.0,0.0,0.5588,0.247351,0.0,1,0.0003969608,0.0403124998,0.04030149311199925
HEDCEA_clean,4.75561,2.92557,4.72634,1.27525,0.0,0.0,489.429,383.789,0.4862,0.381257,0.0,0,0.0003348768,0.0336127686,0.03360447970313034
HEDGUS_clean,3.49905,2.94252,3.48387,1.74568,0.0,0.0,16.2872,9.33004,0.3924,0.224784,0.0,1,9.01269e-05,0.0085182821,0.008812572591295212
HEDTER_clean,4.77494,2.7809,4.77083,1.08402,0.0,0.0,388.468,358.36,0.4938,0.455528,0.0,1,0.0003484882,0.0343467657,0.03469115346699791
HEFDIH_clean,4.92199,2.61069,4.92199,1.41969,0.0,0.0,196.276,138.252,0.3854,0.271467,0.0,0,8.805e-05,0.0102884158,0.00954635194628822
HEGCEB_clean,5.1693,4.46656,5.1693,1.06371,1875.59,1763.26,0.0,0.0,0.6372,0.599038,0.0,1,0.0007356518,0.0676039352,0.07645258835464526
HIFVOI_clean,9.00136,6.57223,9.00136,0.85431,2140.93,2506.03,0.0,0.0,0.7094,0.830378,0.0,0,0.0012528339,0.1234374208,0.1286612240899552
HIGRIA_clean,11.33189,6.86002,11.33189,0.649596,2356.83,3628.15,0.0,0.0,0.774,1.19151,0.0,1,0.0023027835,0.2247871032,0.23004268117716148
HIQNAY_clean,6.18436,4.94333,5.98081,1.31558,928.05,705.433,194.939,148.177,0.529,0.402105,0.0,1,0.0005656981,0.055108072,0.055347924330674876
HISGIB_clean,6.02888,4.81928,6.02888,1.46684,832.757,567.721,0.0,0.0,0.4806,0.327643,0.0,1,0.0003901262,0.0385526022,0.03847123495190561
HISJIE_clean,6.27871,5.58535,6.27871,1.41351,623.69,441.235,0.0,0.0,0.4354,0.308027,0.0,1,0.0002643199,0.0294390535,0.026556120846301025
HIWLEG_clean,4.25056,2.77423,4.25056,1.56942,0.0,0.0,954.959,608.478,0.6002,0.382433,0.0,0,0.0004902693,0.048703825,0.04900420489168951
HOCDOU_clean,5.08767,3.82439,5.07588,1.48605,1252.4,842.773,0.0,0.0,0.5402,0.363514,0.0,1,0.0004974993,0.0488184384,0.050725444050025326
HOJNUR01_clean,3.94518,2.94764,3.79329,1.27312,0.0,0.0,129.373,101.619,0.5026,0.394779,0.0,0,0.0003005542,0.0338552922,0.030400818825336805
HOJNUR_clean,3.99147,3.01058,3.92256,1.23168,0.0,0.0,174.273,141.492,0.5124,0.416016,0.0,0,0.000363617,0.0373465521,0.03639828680869066
HOMXIR_manual,23.70226,22.8547,23.70226,0.394433,1769.36,4485.82,0.0,0.0,0.844,2.13978,0.0,0,0.0042572508,0.4075257768,0.41681200691500175
HOQMIL02_clean,5.63983,4.88733,5.62365,1.14617,1146.47,1000.26,0.0,0.0,0.486,0.424021,0.0,0,0.0005751972,0.0633104109,0.056875596064867064
HORHIG_clean,4.11455,2.92172,4.11455,1.18923,0.0,0.0,434.266,365.164,0.4984,0.419093,0.0,0,0.0002581766,0.0310926753,0.026157426492920764
HOXSAQ_clean,4.18162,2.9595,4.18162,2.0699,0.0,0.0,302.226,146.01,0.329,0.158945,0.0,1,0.000286036,0.0275219411,0.02748762167425369
HOYREU_clean,6.42466,5.8923,6.42466,1.33156,1407.54,1057.05,0.0,0.0,0.5312,0.398929,0.0,1,0.0007959303,0.0717811237,0.07754333343626169
HUCFAO_clean,5.18257,3.1685,4.9152,1.24354,0.0,0.0,1008.37,810.885,0.5162,0.415105,0.0,0,0.0005195009,0.0491624206,0.05094778875966059
HUCWUZ_clean,6.73347,3.6531,6.72302,1.2549,1424.07,1134.81,0.0,0.0,0.5568,0.443702,0.0,0,0.0006722987,0.0649663227,0.06780747353181474
HUCXAG_clean,6.73203,3.67524,6.71149,1.26793,1413.13,1114.52,0.0,0.0,0.5564,0.438826,0.0,0,0.0006170819,0.0647251958,0.062311184476138634
HUCXOU_clean,6.73345,3.74488,6.72117,1.28647,1439.37,1118.85,0.0,0.0,0.5556,0.43188,0.0,0,0.0006555548,0.0645831698,0.06572192160175841
HUHJOL_clean,5.1326,3.26277,5.12759,1.44588,0.0,0.0,454.384,314.261,0.4232,0.292693,0.0,1,0.0001795908,0.0181112925,0.01898260421539057
HULRIR_clean,9.43814,4.59805,9.43814,1.24517,1642.64,1319.2,2.40063,1.92795,0.6318,0.5074,0.0,1,0.0008876364,0.0907734035,0.0868793982520198
HULTEP_clean,7.49376,5.16023,7.49376,0.72122,2310.7,3203.88,0.0,0.0,0.6912,0.958376,0.0,0,0.0016253738,0.1631896604,0.16400313988401044
HUPQIU_clean,11.12952,5.24741,11.12952,1.02735,1615.52,1572.51,0.0,0.0,0.5816,0.566115,0.0,1,0.0008029728,0.0796341474,0.08398961627752566
HUQHUY_clean,12.11698,9.08074,12.11414,0.619951,1818.86,2933.88,0.0,0.0,0.7208,1.16267,0.0,1,0.0021901549,0.2117526058,0.21512867918127238
HURGAE_clean,5.60961,3.61361,5.60331,1.138,1484.11,1304.14,0.0,0.0,0.5708,0.501583,0.0,1,0.0007703536,0.0741092287,0.07486708141406793
HURGUX01_clean,4.95927,3.84058,4.95343,1.32588,650.018,490.253,0.0,0.0,0.4448,0.335474,0.0,1,0.0004019475,0.0361065045,0.03901482896371811
HUWLUI_clean,8.75473,4.69687,8.74085,1.19037,1892.69,1590.0,0.0,0.0,0.6324,0.531265,0.0,0,0.0009014432,0.0904707042,0.08974833135600009
HUYKIV_clean,13.89985,13.68041,13.89985,0.580343,1228.9,2117.55,17.6299,30.3783,0.7586,1.30716,0.0,1,0.0022047963,0.2223099229,0.22210277964390104
HUYKOB_clean,12.11737,9.13356,12.10852,0.81232,1278.02,1573.3,19.6901,24.2393,0.6314,0.77728,0.0,0,0.0011975937,0.1202640664,0.11911675911445309
HUZSOL_clean,9.96894,8.00393,9.95333,0.905605,1288.39,1422.68,0.0,0.0,0.602,0.664749,0.0,1,0.0009900379,0.101692091,0.09842620636766054
IBABOF01_clean,5.88201,4.55805,5.8327,1.10239,1625.66,1474.66,0.0,0.0,0.5558,0.504176,0.0,0,0.0007946705,0.0802869879,0.07972825410841514
IBASAH_clean,7.16916,5.08713,7.16916,1.9547,862.063,441.02,0.0,0.0,0.4422,0.226224,0.0,0,0.0002507824,0.025603187,0.024731705887181897
IBASEL_clean,7.42906,5.13218,7.42906,1.77226,891.565,503.068,0.0,0.0,0.4602,0.259669,0.0,0,0.0003010251,0.0286139923,0.029726226406135613
IBASOV_clean,7.32486,5.10994,7.32486,1.82355,868.952,476.517,0.0,0.0,0.451,0.24732,0.0,0,0.0003105607,0.0281348224,0.030118676251374998
IBASUB_clean,7.25865,5.07987,7.25865,1.86882,874.187,467.775,0.0,0.0,0.4444,0.237797,0.0,0,0.0002728016,0.0271703867,0.026842199744403838
IBATEM_clean,7.23101,5.08834,7.23101,1.90327,884.824,464.897,0.0,0.0,0.4492,0.236015,0.0,0,0.0002784952,0.026421559,0.02716948258339329
IBEYOE_clean,6.06432,4.11134,6.06432,2.34842,1354.27,576.674,0.0,0.0,0.5366,0.228494,0.0,1,0.0003614266,0.0368874161,0.03613167166879983
IBICON_clean,10.09823,9.93982,10.09823,1.22363,1026.52,838.914,0.0,0.0,0.5488,0.448503,0.0,0,0.0006381862,0.0598181421,0.06333637469335902
IBIRES_clean,6.08051,3.77232,6.05891,1.56855,1166.99,743.994,0.0,0.0,0.5416,0.345287,0.0,1,0.0004234019,0.0420662252,0.042665310924313624
IBITEU_clean,4.8738,3.28439,4.86704,1.11711,0.0,0.0,1159.34,1037.8,0.54,0.483392,0.0,0,0.0006161091,0.060926115,0.061146315150353
IBOTEY_clean,8.07557,7.19713,7.70521,0.981503,1333.18,1358.3,51.1851,52.1497,0.584,0.595006,0.0,0,0.0008282978,0.084283687,0.08437184444765276
ic0520162si20051122_054857_clean,4.22657,2.78898,4.22657,2.15998,0.0,0.0,97.2432,45.0204,0.4316,0.199817,0.0,0,8.98822e-05,0.00838432,0.00906631346886269
ic060771psi20060614_113937_clean,5.26056,3.44551,5.26056,1.3794,1193.29,865.074,0.0,0.0,0.5622,0.407567,0.0,1,0.0005627133,0.0590172916,0.05583582424256393
ic102347b_si_001_clean,7.286,6.24859,7.286,0.867522,2138.17,2464.68,0.0,0.0,0.647,0.745803,0.0,1,0.0013373237,0.1321137032,0.13318362811311313
ic402692p_si_005_clean,8.36657,7.12488,8.36657,1.09017,2068.01,1896.96,0.0,0.0,0.651,0.597155,0.0,1,0.0010857981,0.107412543,0.1072857609461407
ic403134c_si_002_clean,5.082,3.77684,5.05347,1.04512,1065.89,1019.88,0.0,0.0,0.4842,0.463297,0.0,0,0.0005776196,0.0667186627,0.057099264474715326
ic5011133_si_002_clean,5.81331,3.76182,5.80948,1.18896,1513.31,1272.8,0.0419839,0.0353114,0.5602,0.471167,0.0,1,0.000705888,0.0750189319,0.07070890036435537
ic5028256_si_002_clean,11.37946,3.3255,11.37946,0.933117,1429.44,1531.9,0.0,0.0,0.6478,0.694232,0.0,0,0.0009539931,0.0957003613,0.09296788485368342
ic502921j_si_002_clean,10.79969,7.20507,10.77322,1.03513,1844.88,1782.26,0.0,0.0,0.6792,0.656147,0.0,1,0.0011714985,0.1184055616,0.11466692670550367
ic7025158-file001_clean,6.29254,4.20047,6.29254,1.82522,2184.33,1196.75,0.0,0.0,0.6642,0.363901,0.0,1,0.000590314,0.047832066,0.060305695901822325
ICAQIO_clean,20.39112,7.95732,20.39112,0.40349,1914.78,4745.53,0.0,0.0,0.8268,2.04912,0.0,0,0.0040699283,0.3880412988,0.3977877024449774
ICAWUF_clean,8.09105,7.71087,8.06629,1.03438,1360.39,1315.18,0.0,0.0,0.5716,0.552602,0.0,1,0.0007390109,0.0741545767,0.07550925509800355
ICIKEL_clean,9.47336,2.84595,7.72453,1.63129,0.0,0.0,835.273,512.034,0.5032,0.308468,0.0,1,0.0003116672,0.0310550995,0.0331004048023082
ICISAP_clean,8.79152,6.71431,8.77922,0.851648,2192.52,2574.44,0.0,0.0,0.6926,0.813247,0.0,1,0.0014667044,0.1534626981,0.14743434704031957
ICIVAS_clean,5.79063,4.60472,5.70801,1.33492,507.517,380.187,462.251,346.277,0.4564,0.341894,0.0,1,0.0005798912,0.0546807655,0.05480964637514602
ICIZAV_clean,3.84281,3.18904,3.84281,1.93678,0.0,0.0,199.333,102.919,0.3884,0.200539,0.0,1,0.000123946,0.0136387844,0.012802794471170222
ICIZOL_clean,4.66454,3.07422,4.31426,1.23139,0.0,0.0,613.128,497.913,0.5064,0.411241,0.0,1,0.0004955571,0.0494313236,0.04996871551021955
ICODIP_clean,12.5506,9.93166,12.1307,0.813948,1593.28,1957.47,0.0,0.0,0.685,0.841577,0.0,0,0.0014953598,0.1509367968,0.14642014457171731
IDAGUR_clean,4.21795,3.2565,4.15153,1.38333,0.0,0.0,506.98,366.493,0.4348,0.314315,0.0,1,0.0002820176,0.0267374341,0.028152081758123913
IFEPUG_SL,8.50919,8.20364,8.50919,1.3525,636.298,470.459,0.0,0.0,0.441,0.326062,0.0,0,0.0003747318,0.0360115851,0.03693380623826556
IFEQAN_SL,8.46927,8.16692,8.46927,1.35259,651.783,481.879,0.0,0.0,0.4438,0.328112,0.0,0,0.000373323,0.0357249011,0.03728763038764009
IFEYIB_clean,5.67304,3.77404,5.54772,1.56953,1870.34,1191.66,0.0,0.0,0.6516,0.415157,0.0,1,0.0006403693,0.0591102403,0.06354522158306682
IFOSIG_clean,4.26001,3.61738,4.26001,1.58988,662.885,416.939,121.875,76.6569,0.5738,0.360907,0.0,0,0.0005088567,0.0508267552,0.0503461464747066
IGETUL_clean,7.73199,5.01492,7.73199,1.17458,1427.74,1215.53,0.0,0.0,0.5802,0.493962,0.0,1,0.0007945024,0.0793887604,0.07993031446303916
IHAJEH_clean,6.78044,6.29448,6.78044,1.39086,1751.0,1258.94,0.0,0.0,0.6318,0.454253,0.0,0,0.0007203137,0.0688578555,0.07212844569514307
IHAZOH_clean,7.81797,3.00994,7.81797,1.26641,0.0,0.0,1121.44,885.526,0.5218,0.412032,0.0,1,0.0006334328,0.0635085844,0.06214384360597164
IJEYON_clean,4.12084,3.31963,4.1204,1.28925,475.404,368.745,0.0,0.0,0.499,0.387048,0.0,0,0.0004215901,0.0378868942,0.04108843029331895
IJIGOX_clean,6.16574,5.62335,6.16574,2.01565,1416.67,702.835,0.0,0.0,0.5266,0.261256,0.0,0,0.0005773379,0.0535850642,0.0549470935451064
IJODES_clean,4.9358,3.10102,4.89748,1.44251,0.0,0.0,573.112,397.301,0.4568,0.316669,0.0,1,0.0003663249,0.0330239344,0.036271893977681074
IKAYAU_clean,4.59122,3.56678,4.59122,1.61867,325.484,201.081,0.0,0.0,0.3984,0.246128,0.0,1,0.0001630016,0.014121702,0.016687672323916793
IKEBUV01_clean,4.90885,3.89845,4.88149,1.28693,1923.5,1494.65,0.0,0.0,0.6236,0.484565,0.0,1,0.0007344243,0.0726749771,0.07446610161176388
IKETUO_clean,5.44662,4.20794,5.39592,1.67888,1662.67,990.343,0.0,0.0,0.552,0.328791,0.0,1,0.0005570216,0.0529004919,0.05598092014706881
IKOPEF_clean,7.2534,4.34633,7.2534,1.24385,1606.2,1291.31,0.0,0.0,0.5726,0.460344,0.0,1,0.0007293156,0.0738232915,0.0729714212382763
IKOTUZ_clean,16.05073,15.64664,16.05073,1.00283,1515.79,1511.5,0.0,0.0,0.658,0.656142,0.0,1,0.0012629781,0.1262033028,0.12565409277588185
IKOVAH_clean,16.06628,15.68836,16.05839,1.01053,1521.53,1505.68,0.0,0.0,0.6416,0.634917,0.0,1,0.0012524842,0.1255818762,0.12329742121899087
ILIQEB_clean,4.39949,3.02292,4.39949,1.4504,0.0,0.0,557.364,384.284,0.4682,0.322808,0.0,1,0.0002825659,0.0293717842,0.028599859865855268
ILUFUR_clean,7.14136,3.0815,7.14136,1.56508,0.0,0.0,607.447,388.125,0.49,0.313083,0.0,1,0.0003282231,0.0328657993,0.032339908348865354
ILUJIJ_clean,7.16071,3.15378,7.16071,1.52527,0.0,0.0,614.248,402.714,0.4956,0.324926,0.0,1,0.0002941739,0.0321292133,0.02948231629706647
IMACND_clean,4.34425,3.82182,4.33967,1.80066,838.501,465.663,0.0,0.0,0.5398,0.299779,0.0,1,0.0003584201,0.0361830889,0.035235379356474035
IMAGAG_clean,5.63215,4.41962,5.58123,0.709614,2844.3,4008.23,0.0,0.0,0.7052,0.99378,0.0,1,0.0014758667,0.1547866086,0.15317344292301147
IMUTUG_ion_b,8.41076,5.98943,8.40503,1.06348,2136.59,2009.05,13.7433,12.9229,0.6802,0.639596,0.0,1,0.0013350401,0.131534175,0.12908932330484305
INESIE_clean,4.15862,2.63435,4.09466,1.47296,0.0,0.0,121.669,82.602,0.4302,0.292066,0.0,0,0.000134021,0.0142542567,0.013897892429018179
INIQUR_clean,6.2915,4.5306,6.2915,1.16326,1032.52,887.604,0.0,0.0,0.5158,0.443408,0.0,1,0.0004470446,0.0401458674,0.0456332586178696
IPIFAP_clean,7.07203,5.90208,7.07203,1.44306,1593.23,1104.06,0.0,0.0,0.6048,0.419109,0.0,1,0.0005472978,0.0553169396,0.056447984068079375
IQEKOG_clean,6.56789,4.70003,6.53165,0.994726,2095.71,2106.82,0.0,0.0,0.6568,0.660283,0.0,1,0.0011208751,0.1113789048,0.11309543675385118
IQEWOQ_clean,5.16976,4.01341,5.16976,1.5881,979.709,616.905,0.0,0.0,0.4814,0.303129,0.0,0,0.0002953935,0.0331367585,0.030181642140100783
IQIJIC_clean,5.3134,3.06743,5.3134,1.16441,0.0,0.0,711.318,610.883,0.4852,0.416692,0.0,1,0.0004289339,0.0391648352,0.04167301017474074
IQOKIK_clean,6.46497,4.73774,6.45982,0.941841,1852.78,1967.19,0.0,0.0,0.5902,0.626645,0.0,1,0.0009554385,0.09721146,0.09523125336475345
IROROY_clean,4.85913,3.35138,4.70737,1.53051,561.658,366.975,6.11842,3.99764,0.4798,0.313491,0.0,1,0.0003976475,0.0351709396,0.039093341104933774
IROVAO_clean,6.12408,5.59581,6.1197,2.89163,1515.71,524.173,0.0,0.0,0.544,0.188129,0.0,1,0.0003007491,0.0328033439,0.030558911195532182
ISACIP_clean,4.48211,3.32925,4.47549,1.75937,523.766,297.7,0.0,0.0,0.3988,0.226672,0.0,0,0.0002663315,0.0252440531,0.0265358075998609
ISENUQ_clean,5.97954,4.24278,5.90822,1.30449,1185.84,909.047,0.0,0.0,0.4938,0.37854,0.0,1,0.0005268186,0.0511751129,0.052074007218371056
ISIYOZ_clean,3.93319,2.81019,3.93319,2.23336,0.0,0.0,279.739,125.255,0.4342,0.194416,0.0,0,0.000182194,0.0167835897,0.01805634959417739
ITAPIC_clean,5.53493,4.56275,5.50447,0.932577,3320.52,3560.59,0.0,0.0,0.7606,0.815589,0.0,1,0.0012525053,0.1197885914,0.1302310142715819
ITOSEQ_clean,5.53585,3.92423,5.52778,1.23909,1879.29,1516.67,0.0,0.0,0.6304,0.508762,0.0,0,0.0008579088,0.0860561684,0.08520760779548367
IVARUT_clean,3.98401,2.98662,3.98401,1.2765,0.0,0.0,182.786,143.194,0.4532,0.355034,0.0,0,0.0001910426,0.0208960544,0.020128828234473515
IVOGUX_clean,5.27459,4.52668,5.27459,1.48634,1223.66,823.275,0.0,0.0,0.5418,0.36452,0.0,1,0.0005294636,0.0515270963,0.05248743280771678
IVUVIG_clean,6.23822,4.28609,6.22408,1.47829,1492.88,1009.86,0.0,0.0,0.5414,0.366233,0.0,1,0.0006543216,0.0624192735,0.0645407418326204
IWAYUA_clean,9.10772,4.29795,9.10772,1.27221,1742.4,1369.58,0.0,0.0,0.6022,0.473349,0.0,1,0.0007174234,0.0774434032,0.07286686482784925
IWELIG_clean,4.69268,4.51959,4.68546,1.86097,534.218,287.064,156.241,83.9569,0.4064,0.218381,0.0,0,0.0002843663,0.0334589081,0.027597743764382697
IWEVAJ_clean,13.76426,6.67603,13.76426,0.642349,2372.68,3693.76,0.0,0.0,0.7784,1.2118,0.0,1,0.0022786579,0.2287155843,0.2310787091921964
IWOTAQ_clean,5.03988,3.11819,5.03988,1.34559,0.0,0.0,604.473,449.225,0.4676,0.347506,0.0,0,0.0004287188,0.0435268022,0.041194713004114404
IXAZEO_clean,4.95392,4.38313,4.95392,1.49539,968.887,647.917,0.0,0.0,0.4732,0.31644,0.0,1,0.0004985223,0.0484155396,0.04883955872579915
IXEJIG_clean,11.25458,10.39011,10.80502,0.837465,1965.46,2346.92,0.0,0.0,0.6976,0.83299,0.000955264,1,0.0014251159,0.1486148127,0.1432359222145751
IXEJOM_clean,15.02825,14.15107,15.02825,0.818993,2120.95,2589.7,0.0,0.0,0.749,0.914537,0.000244202,1,0.0016584167,0.1697949196,0.16573029884875812
IXEQIL_clean,4.46131,3.00612,4.46131,1.93071,0.0,0.0,214.702,111.204,0.3764,0.194954,0.0,1,0.0001652433,0.0163638329,0.01664688153959343
IXIPAG_clean,7.26036,3.75863,5.90499,3.37203,985.803,292.347,369.675,109.63,0.5588,0.165716,0.0,1,0.0002169891,0.0223777868,0.022711366179731757
IXISOX_clean,5.5699,4.33438,5.5699,1.93342,1150.89,595.258,0.0,0.0,0.516,0.266884,0.0,0,0.0003676217,0.0372320437,0.03713961600508088
IXISOZ02_clean,4.74076,3.59919,4.72141,1.46415,983.567,671.767,0.0,0.0,0.4992,0.340949,0.0,0,0.0004722577,0.0453115973,0.04606281436404968
IXITOA02_clean,5.87166,2.682,5.66811,1.61112,0.0,0.0,853.166,529.548,0.493,0.305998,0.0,0,0.0003619475,0.0386319585,0.03638348792672831
IXUHUE_clean,4.06107,2.8241,4.06045,2.03817,0.0,0.0,221.814,108.83,0.4134,0.202829,0.0,1,0.000137342,0.0149798901,0.013717479301497595
IXUWII_clean,7.47721,5.13969,7.4691,0.925259,1534.87,1658.86,0.0,0.0,0.5898,0.637443,0.0,0,0.0010197787,0.1008594059,0.09997404260763015
IXUWOO_clean,6.5953,3.20621,6.55588,1.07583,0.0,0.0,1101.94,1024.27,0.5128,0.476656,0.0,0,0.0005521507,0.0692566035,0.05624593570366163
IYAHAT_clean,4.67222,2.76111,4.64679,1.76693,0.0,0.0,426.285,241.257,0.4528,0.256264,0.0,1,0.0002630496,0.0239446287,0.02551005809210388
IYAJOJ_clean,6.96485,4.61788,6.92434,1.17533,1527.18,1299.36,0.0,0.0,0.552,0.469655,0.0,1,0.0008773074,0.0855541289,0.08483425972354576
IYASOS_clean,5.79357,5.23786,5.68144,1.42202,1531.27,1076.83,0.0,0.0,0.5756,0.404777,0.0,1,0.0006977122,0.0682269328,0.06845263130847358
IYEQUA_clean,4.07083,3.14703,4.06592,1.31059,0.0,0.0,276.61,211.058,0.4676,0.356786,0.0,0,0.0002319881,0.0214613729,0.02432508438465817
IYIGEC_clean,3.41912,3.17525,3.41889,2.16371,0.0,0.0,2.70506,1.25019,0.3414,0.157784,0.0,1,3.30529e-05,0.0045346422,0.004706888595665251
IYOCIK_clean,8.71773,6.01818,8.7094,1.33605,1729.76,1294.69,0.0,0.0,0.6404,0.479325,0.0,0,0.0007465349,0.0727575271,0.07443462906037887
IYODAD_clean,9.11936,6.31963,9.11936,1.11347,1733.11,1556.5,0.0,0.0,0.6578,0.590765,0.0,0,0.0009276671,0.0919712217,0.09370648126961839
IYOSUM_clean,6.18145,3.97754,6.17448,0.943184,2480.99,2630.44,0.0,0.0,0.6618,0.701666,0.0,1,0.0014094171,0.1319356676,0.13736701999575404
IYOTAT_clean,6.12724,4.05651,6.12724,0.946965,2470.71,2609.08,0.0,0.0,0.6612,0.698231,0.000211201,1,0.0013428601,0.1320746477,0.1304973005812204
IYUHOA_clean,7.25841,4.65632,7.2501,1.15015,1882.43,1636.69,0.0,0.0,0.5978,0.519759,0.0,0,0.0009444008,0.0955859285,0.09193170263192801
IYUJAO_clean,6.23359,4.26512,6.23359,1.39701,1111.0,795.271,29.8587,21.3733,0.5102,0.365209,0.0,1,0.0005221228,0.0480743687,0.05182659774609574
IZEBAR_clean,6.51824,4.42782,6.29573,1.10634,2352.12,2126.04,0.0,0.0,0.625,0.564928,0.0,1,0.0010457786,0.1047454566,0.10733064286740997
IZEBEV_clean,3.9737,3.59297,3.9737,1.83936,288.006,156.579,0.0,0.0,0.4124,0.224208,0.0,1,0.0001906688,0.0174896518,0.019089902563570457
IZEWAN_clean,9.04728,8.48639,9.03641,0.87931,1735.67,1973.9,0.0,0.0,0.6642,0.755365,0.0,1,0.0014167178,0.1419597275,0.1379038293572802
IZISEQ_clean,4.08842,3.70736,4.08842,1.02254,520.647,509.17,0.0,0.0,0.4678,0.457489,0.0,1,0.0003244419,0.02902571,0.03266823663117731
ja073612tsi20070723_060520_clean,5.85008,3.03352,5.73386,1.20892,0.0,0.0,1478.57,1223.04,0.6042,0.499784,0.0,1,0.0006434559,0.0642492637,0.06497428734543347
ja205976v_si_006_clean,11.60788,10.85998,11.60788,1.12671,1551.48,1377.0,0.0,0.0,0.6348,0.563411,0.0,1,0.0011482156,0.1163749322,0.11293241536944075
ja302340b_si_002_clean,8.31134,7.66102,8.31134,1.03479,1409.77,1362.37,116.194,112.287,0.5924,0.572482,0.0,1,0.0008547012,0.0827382585,0.08596714393320329
ja3082523_si_004_clean,15.27185,8.36501,15.01039,0.495502,2200.94,4441.83,0.0,0.0,0.774,1.56205,0.0,0,0.0027518671,0.281621123,0.2819959232782782
ja406030p_si_005_manual,11.30323,7.62193,11.30323,0.677748,2157.76,3183.72,0.0,0.0,0.75,1.10661,0.0,1,0.0019680659,0.195041939,0.20217529508019036
ja406844r_si_002_clean,11.4181,8.43938,10.92264,0.695103,2221.97,3196.61,0.0,0.0,0.7474,1.07524,0.0,0,0.0021555966,0.2034389544,0.20793325433376672
ja411887c_si_002_clean,11.91912,9.14993,11.89973,0.619221,2306.85,3725.41,0.0,0.0,0.7606,1.22832,0.0,1,0.0022879683,0.2282283456,0.22970462237226544
ja500330a_si_007_auto,19.46238,14.48757,19.44715,0.798895,1320.38,1652.76,18.6426,23.3354,0.7758,0.971091,0.000500691,0,0.0016375241,0.1713091302,0.1698668491967936
ja500330a_si_009_auto,10.23354,4.21372,10.21937,1.02655,1874.68,1826.19,0.0,0.0,0.6604,0.643319,0.0,0,0.0008974224,0.1045367029,0.09186530464731311
ja5103103_si_002_auto,16.95031,14.45168,16.94349,0.50204,1609.85,3206.61,0.0,0.0,0.8216,1.63652,0.0,1,0.002900108,0.303150213,0.3023169878134763
ja510525s_si_002_clean,11.55111,8.31224,11.55111,1.02928,1660.34,1613.11,402.375,390.929,0.6934,0.673676,0.000194311,1,0.0013674589,0.1298635671,0.13755081168442795
ja512311a_si_003_auto,11.88887,9.00529,11.09267,0.491487,2207.95,4492.38,0.0,0.0,0.8056,1.63911,0.0,0,0.0028836721,0.294548519,0.2955939432490374
ja5b02777_si_006_clean,3.70012,2.88428,3.69529,1.48055,0.0,0.0,189.684,128.118,0.4896,0.330689,0.0,1,0.0002977189,0.0341485557,0.029772136935346097
ja5b02999_si_007_clean,19.24151,15.81933,18.17294,0.414726,1795.61,4329.62,0.0,0.0,0.8236,1.98589,0.0,1,0.0039565409,0.3812539512,0.3802661546618679
JABMEF_clean,4.29453,3.62408,4.28019,1.76637,1054.03,596.719,0.0,0.0,0.558,0.315902,0.0,0,0.0004284822,0.0453943003,0.04218480153838911
jacs.6b08724_ja6b08724_si_009_clean,28.38912,26.8915,28.38912,0.324235,1424.57,4393.62,0.0,0.0,0.8668,2.67337,0.0,1,0.0052287242,0.5126635864,0.5122111723085419
JALLEQ_clean,20.72686,7.8738,20.45456,0.987929,1836.17,1858.6,0.0,0.0,0.7646,0.773942,0.000202444,1,0.0015391013,0.1417611471,0.15110134356389993
JASNEX_clean,3.25557,2.72372,3.23347,1.49567,0.0,0.0,0.0,0.0,0.4068,0.271985,0.0,1,8.93114e-05,0.0149965465,0.00867114038642432
JEBCOJ_clean,7.20433,5.04936,7.20433,1.89362,858.504,453.367,0.0,0.0,0.4412,0.232993,0.0,0,0.0003054073,0.0268410685,0.02922619068962113
JEMNAR_clean,5.06331,3.17172,5.03446,1.44958,0.0,0.0,731.507,504.636,0.4528,0.312367,0.0,0,0.0003266762,0.0370250405,0.033105274724966945
JENKIX_SL,9.92059,7.48583,9.85803,1.01231,1221.66,1206.81,0.0,0.0,0.5698,0.56287,0.0,1,0.0007990419,0.0837010912,0.08202663552053614
j.inoche.2014.12.007_INC05825-mmc2_clean,5.53363,2.96045,4.54126,1.53062,0.0,0.0,251.591,164.372,0.4336,0.283283,0.0,1,0.0001419268,0.013075098,0.015329015579018569
j.inoche.2015.01.025_INC05862-mmc2_clean,4.92906,3.897,4.88525,1.27844,1610.15,1259.46,0.0,0.0,0.5778,0.451957,0.0,0,0.000740377,0.0720574182,0.0724551710957744
JIVSEN_clean,4.65844,4.22522,4.64209,1.94999,466.538,239.251,0.0,0.0,0.392,0.201026,0.0,1,0.0001267731,0.0139463803,0.012865824004958537
JIZJEJ_clean,10.34811,9.92334,10.34811,1.06947,1137.02,1063.16,0.0,0.0,0.5768,0.53933,0.0,0,0.0008382604,0.0770594888,0.08225297496634547
JIZWIA_clean,5.73459,5.3907,5.73388,1.0417,1399.8,1343.76,0.0,0.0,0.5588,0.536429,0.0,0,0.0009233522,0.0774035953,0.08838559048111928
j.jssc.2014.11.015_mmc2_clean,5.22329,3.73672,5.11659,0.962226,1097.58,1140.67,0.0,0.0,0.5588,0.580737,0.0,0,0.0007657044,0.0739877074,0.07526236623386962
j.jssc.2016.09.008_mmc7_clean,4.60903,3.05023,4.59626,1.65034,0.0,0.0,425.221,257.656,0.4642,0.281275,0.0,1,0.0003022787,0.0285735489,0.02986007707831744
JOCWIJ_clean,13.89765,5.51402,13.89722,0.824207,1875.6,2275.65,13.4154,16.2767,0.735,0.891766,0.0,1,0.0014466942,0.1443827601,0.14557115742484314
JOGSAA_clean,12.97631,9.4474,12.86758,0.420776,1989.54,4728.27,0.0,0.0,0.8226,1.95496,0.0,1,0.0036554451,0.3699580427,0.3671368533254891
JOKWOV_clean,5.03424,2.86104,5.03424,1.95756,0.0,0.0,791.27,404.213,0.5492,0.280553,0.0,1,0.0004215711,0.0396003488,0.041195709831719815
JOKXAI10_clean,4.67354,3.99704,4.67354,1.55632,737.434,473.833,0.0,0.0,0.5056,0.32487,0.0,1,0.0002383683,0.025465109,0.02495964678492622
JOQZUM_clean,5.68246,5.15937,5.6766,1.419,1065.4,750.809,34.7517,24.4903,0.522,0.367865,0.0,1,0.0004495946,0.0470363161,0.04599807077058621
JORBAV_clean,5.6025,5.15328,5.59565,1.72417,1077.57,624.98,31.7982,18.4426,0.5402,0.31331,0.0,1,0.0004003646,0.0381517937,0.04033788540052102
JORLEJ_clean,9.51377,6.43314,9.51377,0.798695,1989.75,2491.25,0.0,0.0,0.6678,0.836114,0.0,1,0.0014121263,0.1358074288,0.13992186833168396
JOVROD_clean,4.79644,3.03624,4.79644,0.798989,0.0,0.0,1255.51,1571.37,0.6486,0.811776,0.0,1,0.0008751811,0.0854463003,0.08985472675307044
JOVWOI_clean,4.43266,3.14601,4.43262,2.07269,0.0,0.0,514.599,248.275,0.399,0.192503,0.0,1,0.0005114151,0.0319629234,0.03970359673904356
jp2064408_si_002_clean,12.93309,6.73336,12.93309,0.876804,2105.23,2401.03,0.0,0.0,0.7182,0.819111,0.0,1,0.001571561,0.1573685547,0.15707477433236586
JUBXIP_clean,6.53259,2.94652,6.51537,2.10663,0.0,0.0,744.771,353.537,0.478,0.226903,0.0,1,0.0002948032,0.0279467913,0.029073729073686987
JUCGUL_clean,6.1601,4.88151,6.1601,0.959179,1807.63,1884.57,0.0,0.0,0.5894,0.614484,0.0,1,0.0009968968,0.0949744731,0.09883515128483811
JUFREJ_clean,6.336,6.00289,6.33424,2.30777,537.799,233.038,0.0,0.0,0.3782,0.163881,0.0,1,0.0001441697,0.0159442686,0.014657185749513496
JUKNUA_clean,5.93325,3.47434,5.93325,3.50199,1020.83,291.501,0.0,0.0,0.457,0.130497,0.0,1,0.000170518,0.0161026301,0.017439448425586816
JUNBUR_clean,6.68812,5.2162,6.6842,1.12906,2243.68,1987.2,0.0,0.0,0.6588,0.583492,0.0,1,0.0010968131,0.1064444899,0.1088234660834413
JUPBUT_clean,4.59351,3.07746,4.59253,1.47358,0.0,0.0,875.017,593.804,0.4954,0.336188,0.0,1,0.0004961792,0.0460480139,0.04992883522716726
JUQTOG_clean,7.0124,3.08649,6.99734,1.28641,0.0,0.0,1319.65,1025.84,0.5754,0.447292,0.0,0,0.0006864929,0.0659548399,0.06806136693575951
JUTCIM_clean,15.74073,14.87864,15.74073,0.734143,2013.05,2742.03,0.0,0.0,0.7486,1.01969,0.0,1,0.0019025834,0.1827169124,0.18859134044947884
JUWBIO_clean,4.41179,2.90753,4.38337,1.58511,0.0,0.0,657.862,415.026,0.5318,0.335497,0.0,0,0.0004754171,0.0443531901,0.04710936091862221
jz4002345_si_004_clean,8.12994,4.03809,8.12994,1.2166,1662.07,1366.16,0.0,0.0,0.5922,0.486767,0.000164393,0,0.0007044349,0.0772257659,0.0726630100138307
KABXIW_clean,5.62028,4.9456,5.38973,1.141,1960.49,1718.22,0.0,0.0,0.6228,0.545837,0.0,1,0.0009196586,0.0938540693,0.09153745392760027
KACZIZ_clean,8.95718,5.39384,8.83819,0.804507,2612.7,3247.58,0.0,0.0,0.7218,0.897196,0.0,1,0.0016614923,0.1705520028,0.16585355346950725
KAGVUL_clean,6.24779,5.74251,6.24779,3.24848,1430.81,440.455,0.0,0.0,0.5524,0.170049,0.0,1,0.0002995161,0.031345555,0.03004260211123049
KAHYOJ_clean,8.86827,4.20402,8.86827,1.11868,2254.43,2015.26,0.0,0.0,0.7004,0.626094,0.0,1,0.001012642,0.1060670192,0.10130334578902327
KAKCEH02_clean,9.05571,8.66764,9.05571,1.03977,1417.11,1362.9,0.0,0.0,0.5874,0.564931,0.0,0,0.0009152945,0.0894492457,0.09208579677008243
KALGEL_clean,6.46285,4.62415,6.46285,0.930333,1709.53,1837.55,0.0,0.0,0.6066,0.652024,0.0,0,0.0010088649,0.1023507408,0.10041082403553249
KANMIX_clean,9.77148,3.95127,9.76981,1.08328,1654.63,1527.42,0.0,0.0,0.6392,0.590057,0.0,1,0.0009870768,0.1009141812,0.09759526914141549
KAPHUH_clean,4.86022,3.00344,4.85982,1.05926,0.0,0.0,1072.39,1012.39,0.5428,0.512433,0.0,1,0.0006553272,0.0671078771,0.06524017856183964
KARNAU_clean,15.53234,10.48172,15.53234,0.459782,1976.67,4299.13,0.0,0.0,0.8028,1.74604,0.0,0,0.0031665756,0.3256193871,0.32370782802464937
KATDAM_clean,6.25403,6.06717,6.25403,1.40557,375.411,267.088,0.0,0.0,0.4372,0.311048,0.0,0,0.0001462232,0.0163655745,0.01521499337281102
KAYBIX_clean,5.6946,5.49039,5.6894,1.21439,1338.7,1102.37,0.0,0.0,0.5044,0.415354,0.0,1,0.0008122897,0.0800288267,0.07657920174586079
KEDJAG08_clean,5.61357,4.40385,5.61357,1.06606,3021.96,2834.71,0.0,0.0,0.6918,0.648934,0.0,0,0.0010925334,0.1103978246,0.11081014125415836
KEDJAG12_clean,5.63489,4.44582,5.40576,1.06079,3035.28,2861.33,0.0,0.0,0.6926,0.652908,0.0,0,0.0011704289,0.1116421545,0.11323362264871406
KEDJAG26_clean,5.76062,4.63585,5.58828,1.03565,3107.22,3000.25,0.0,0.0,0.7004,0.676287,0.0,0,0.0011244907,0.1143505193,0.11608499063938689
KEGZOL04_clean,6.38911,4.90295,6.38911,0.984664,2559.58,2599.45,0.0,0.0,0.7106,0.721667,0.0,0,0.0011324511,0.1099987544,0.11342479585708184
KENJEU_clean,6.20454,3.65645,6.19551,1.18024,913.968,774.393,4.05812,3.43839,0.5244,0.444317,0.0,1,0.0004256014,0.0442156831,0.0430277336890494
KEPPIF_clean,7.58494,5.23607,7.09943,1.25981,2380.78,1889.8,0.0,0.0,0.6804,0.540084,0.0,1,0.0009143426,0.0929367658,0.08916184348085192
KETHEY02_clean,5.25403,3.55446,5.25403,1.49143,984.672,660.22,0.0,0.0,0.4862,0.325996,0.0,1,0.0004610174,0.0437848721,0.045704024770552416
KEWZET_clean,6.38285,4.89652,6.37584,1.09177,1385.23,1268.79,0.0,0.0,0.5274,0.483068,0.0,1,0.0008004103,0.0764623236,0.07868451531775299
KEXFAU_clean,4.63469,3.96609,4.63178,0.913347,1885.16,2064.02,0.0,0.0,0.6022,0.659333,0.0,1,0.0008423193,0.0844563795,0.08610064562062415
KEXKAB_clean,4.09177,3.26764,4.07647,1.48331,0.0,0.0,376.446,253.788,0.4724,0.318477,0.0,1,0.0002752151,0.0291998467,0.027979277449408476
KIBDEF_clean,4.31904,3.92279,4.31686,2.00589,798.722,398.188,0.0,0.0,0.4762,0.2374,0.0,1,0.0003040697,0.0313544592,0.030583304320155904
KICXEB_clean,5.19321,4.51034,5.19321,3.50049,366.788,104.782,3.53238,1.00911,0.3962,0.113184,0.0,1,7.79875e-05,0.0077245062,0.008137161377267716
KIDDOS_clean,5.1988,3.52628,5.1988,1.34479,1175.14,873.846,0.0,0.0,0.5262,0.391287,0.0,1,0.0005900519,0.0567403539,0.05882206209997153
KIHTOL_clean,3.42127,2.72486,3.41659,1.85521,0.0,0.0,5.86364,3.16063,0.37,0.199438,0.0,0,8.99695e-05,0.009896642,0.008653657702860404
KIKDIT_clean,5.07008,3.27077,4.57242,1.13676,0.0,0.0,559.504,492.193,0.5196,0.45709,0.0,1,0.0003204491,0.0308793882,0.032106789192767146
KINDOC_clean,6.25246,5.98089,6.23061,1.0194,1977.32,1939.7,0.0,0.0,0.6526,0.640183,0.0,1,0.0009829229,0.0974892586,0.09969421455412325
KINFEU_clean,7.75525,5.37339,7.72099,1.46024,1528.12,1046.49,0.0,0.0,0.5768,0.395004,0.0,1,0.0007001205,0.0684374111,0.06897116912604045
KIPKEB_clean,7.31365,7.00422,7.30257,1.55565,545.263,350.505,9.24741,5.9444,0.4558,0.292997,0.0,1,0.0002907245,0.0274874795,0.029144775304178472
KIRTUC_clean,4.85053,4.15268,4.83508,1.33238,1171.73,879.427,0.0,0.0,0.5362,0.402437,0.0,0,0.0006980348,0.0678084616,0.066079471597391
KIVFEC_clean,6.2609,4.2583,5.97896,1.47095,1347.56,916.116,0.0,0.0,0.5236,0.355961,0.0,1,0.0005731582,0.0544314334,0.0560295457120984
KIVVOC_clean,4.30313,2.8769,4.24716,1.27743,0.0,0.0,542.603,424.761,0.562,0.439946,0.0,1,0.0004709108,0.0455151226,0.04696726630335187
KIXXOG_clean,3.83742,2.67446,3.83742,1.17163,0.0,0.0,569.53,486.1,0.497,0.424195,0.0,1,0.0005776746,0.0562212727,0.053845483744221385
KOBRAV01_clean,6.38674,3.78902,6.38674,1.36238,822.472,603.704,0.0,0.0,0.4712,0.345866,0.0,1,0.0003336954,0.0347943048,0.034237872448442036
KODSUT_clean,3.62473,2.79121,3.62136,1.2745,0.0,0.0,100.992,79.241,0.531,0.416636,0.0,1,0.0002269246,0.0229586827,0.023686938232712177
KOFPEB03_clean,7.32397,5.11399,7.32397,1.7716,886.883,500.612,0.0,0.0,0.461,0.260217,0.0,0,0.0002932782,0.0295790436,0.028937880249620695
KOFPEB_clean,7.31754,5.12695,7.31754,1.78125,881.099,494.651,0.0,0.0,0.4574,0.256786,0.0,0,0.0003032386,0.0295347752,0.029328376115706874
KOGJOG_clean,4.59413,3.10287,4.5748,2.00575,0.0,0.0,681.872,339.959,0.4802,0.239412,0.0,1,0.0002973272,0.028176602,0.02933299877933494
KOHLIE_clean,6.85522,4.84816,6.83832,0.971676,1685.5,1734.63,0.0,0.0,0.5992,0.616666,0.0,1,0.0009641698,0.0921292656,0.09664134427755824
KOKKOL_clean,5.52004,3.68761,5.13882,1.35428,964.882,712.469,2.40449,1.77548,0.5008,0.369791,0.0,1,0.0005543095,0.0538298005,0.054348193514555956
KOMDAT_clean,8.28379,7.41139,8.23195,0.998413,1202.66,1204.57,0.0,0.0,0.5776,0.578518,0.0,0,0.0007326087,0.0770058334,0.07535908259519446
KOMGID_clean,4.92265,3.16718,4.92265,1.29294,0.0,0.0,858.12,663.695,0.5374,0.415641,0.0,1,0.0004733009,0.0508048595,0.047473463057693996
KOMGUP_clean,4.68805,3.52352,4.66923,1.59631,799.407,500.784,0.0,0.0,0.5144,0.322243,0.0,0,0.0004143665,0.0397655685,0.04008196078221184
KONSAJ_clean,18.94329,3.74567,18.94329,1.10475,1183.2,1071.01,0.0,0.0,0.647,0.585652,0.0,1,0.0008687597,0.0859893089,0.08836754308118445
KOQLUZ_clean,5.1448,3.57576,5.11859,3.8283,1063.95,277.916,0.0,0.0,0.4726,0.123449,5.22e-05,1,0.0001427028,0.015583892,0.014592381233480901
KOSJOT_clean,11.15761,9.87899,11.15761,1.18127,1568.08,1327.45,0.0,0.0,0.6374,0.539589,0.0,1,0.001082744,0.1085076967,0.10795298431382368
KOSKIO_clean,11.01742,9.84741,11.01742,1.18828,1532.31,1289.52,0.0,0.0,0.6324,0.5322,0.0,1,0.0011147989,0.1066413878,0.10959194951989157
KOXGAH_clean,5.583,3.66466,5.55273,1.2752,1155.67,906.265,0.0,0.0,0.5562,0.436166,0.0,1,0.0004922479,0.0490640735,0.05012568155746011
KPACCE10_clean,3.44973,2.6299,3.42939,1.69789,0.0,0.0,5.71037,3.36321,0.3312,0.195065,0.0,1,9.30379e-05,0.010032798,0.009671964502861568
KUFBEU_clean,5.14306,4.53772,5.14306,2.05503,811.697,394.98,0.0,0.0,0.4976,0.242137,0.0,1,0.0002819464,0.0266259947,0.028233969660874565
KUFTAI_clean,6.13135,4.37055,6.10622,0.966131,1917.87,1985.1,0.0,0.0,0.596,0.616894,0.0,1,0.0010490737,0.1046501814,0.10491498811163874
KUGZIW_clean,10.78109,9.76034,10.78096,0.954298,1397.44,1464.37,0.0,0.0,0.6244,0.654303,0.0,1,0.0012143174,0.1150174464,0.11810514284165098
KUJFUS_clean,4.92573,2.7522,4.92165,1.01198,0.0,0.0,882.944,872.49,0.5382,0.531828,0.0,0,0.000609817,0.0599326583,0.05939031722023495
KUJNUZ_clean,8.0106,6.50203,7.98579,1.08206,1519.03,1403.83,0.0,0.0,0.6028,0.557085,0.0,1,0.0008810072,0.0866940204,0.08748954691239512
KUKHAB_clean,5.58283,2.96304,5.58283,1.19026,0.0,0.0,687.325,577.458,0.4882,0.410163,0.0,1,0.0004314071,0.0430902734,0.042601932865962984
KUKZOH_clean,7.44729,5.70388,7.44729,0.883784,2165.19,2449.91,57.8203,65.4236,0.6614,0.748373,0.0,1,0.001305786,0.1302647213,0.1311057240066206
KULRIT_clean,5.77631,3.79148,5.77631,1.4748,1923.58,1304.31,0.0,0.0,0.5954,0.403717,0.000135612,1,0.0006284488,0.0656459377,0.06377398981240752
KUMGIK_clean,4.46757,3.79797,4.46575,1.34004,1684.26,1256.87,0.0,0.0,0.5592,0.417301,0.0,0,0.0006488252,0.0694360715,0.06605819709629226
KUNLEL_clean,4.42814,3.33271,4.3665,1.44273,471.865,327.064,0.0,0.0,0.4994,0.346149,0.0,1,0.000291864,0.0272120279,0.029589443572871195
KUNSUJ_clean,17.88791,6.52688,17.88791,0.635531,1938.63,3050.41,0.0,0.0,0.7634,1.2012,0.0,1,0.0021785161,0.2269338257,0.22085386868765042
KUNWEW_clean,5.28786,3.80654,5.2803,1.47108,725.981,493.502,0.0,0.0,0.4468,0.303722,0.0,1,0.0002721565,0.0283871034,0.02765506842726859
KUQWIE_clean,4.08788,3.51453,4.08434,2.15741,347.669,161.151,0.0,0.0,0.4,0.185408,0.0,1,0.0001491576,0.0144289901,0.014075826390674215
KUVJIW_clean,5.68037,4.76623,5.68037,2.51192,1254.16,499.284,0.0,0.0,0.5368,0.213701,0.0,1,0.0003345423,0.0351861797,0.033795637774734766
KUYLOH_clean,4.21519,2.71358,4.21519,1.58742,0.0,0.0,215.704,135.884,0.4418,0.278314,0.0,1,0.0001866205,0.0224222844,0.018597689542806935
KUYPIF_clean,5.29478,4.2566,5.29396,1.44591,1143.68,790.98,0.0,0.0,0.5108,0.353273,0.0,1,0.0005671904,0.0570503202,0.05521656136938989
KUZPEC_clean,5.17179,3.98335,5.17179,1.18882,918.246,772.405,0.0,0.0,0.4884,0.410829,0.0,0,0.0003892502,0.0380546713,0.039222232455247884
KUZZAI_clean,6.29773,3.71971,6.29294,1.09675,1370.58,1249.67,0.0,0.0,0.5312,0.48434,0.0,1,0.0006580232,0.067923778,0.0663602044429457
la4012839_si_002_auto,13.36908,6.74856,13.36908,0.867921,2110.92,2432.16,0.0,0.0,0.7182,0.827495,0.0,1,0.0016233918,0.1607522742,0.16144252677815446
LACJAC_clean,4.56325,3.36486,4.5467,1.59158,616.143,387.126,0.0,0.0,0.461,0.289649,0.0,1,0.0002280356,0.028006418,0.023450625918864446
LACNUB_clean,10.94579,5.16973,10.93074,0.864094,1771.17,2049.74,0.852229,0.986269,0.6286,0.727467,0.0,1,0.0011269454,0.1186272523,0.1136077709816039
LACQIS_clean,6.42465,5.40382,6.41795,0.966783,2295.27,2374.13,0.0,0.0,0.6476,0.669851,0.0,1,0.0011964641,0.1096151184,0.11715423696156647
LAFRAN_manual,12.74626,5.01226,12.74368,0.72706,1886.16,2594.23,0.0,0.0,0.6866,0.944351,0.0,0,0.0017292552,0.1668467135,0.16676395873596023
LAGHIL_clean,4.99697,4.10291,4.99697,1.2735,911.527,715.766,0.0,0.0,0.5088,0.399529,0.0,1,0.0005009487,0.0492402129,0.04980531260372489
LAGNAK_clean,5.49382,4.32281,5.47087,1.02346,1865.76,1823.0,0.0,0.0,0.633,0.618491,0.0,1,0.0009505781,0.0982300962,0.09447857873045869
LAGNUE_clean,5.28866,4.84747,5.2531,1.29946,1308.25,1006.77,0.0,0.0,0.533,0.410171,0.0,1,0.0006486867,0.0644417396,0.06455466378720018
LAGQOB_clean,4.89671,3.9272,4.87864,1.32887,1753.02,1319.17,0.0,0.0,0.599,0.450758,0.0,1,0.0006701874,0.0713336513,0.0686845191572429
LAJTIC_clean,3.75555,3.44484,3.75041,1.857,465.817,250.843,0.0,0.0,0.5076,0.273344,0.0,1,0.0002094561,0.0184359471,0.02175411281113511
LAKFIN_clean,8.38907,7.72449,8.38907,1.20127,2069.83,1723.03,0.0,0.0,0.6742,0.561239,0.0,0,0.0008801738,0.0905196592,0.0896141814085264
LALPIZ_clean,4.79448,3.30829,4.79412,1.45261,0.0,0.0,490.589,337.73,0.4296,0.295744,0.0,1,0.0002402473,0.0261783741,0.024895161439471108
LASRAB_clean,10.22208,8.47748,10.22208,0.840267,2115.15,2517.24,0.0,0.0,0.7808,0.929228,0.0,1,0.0016280772,0.1683777024,0.16259737098931315
LASWEJ_clean,7.10977,4.83707,7.10977,1.05149,1683.85,1601.39,0.0,0.0,0.578,0.549695,0.0,1,0.0008520387,0.0881710888,0.08583071826689259
LATPIG_clean,6.7326,6.29437,6.73188,1.53602,1420.36,924.703,0.0,0.0,0.5822,0.379031,0.0,0,0.0005480933,0.0564126121,0.0552783915604367
LAVTOT_clean,6.86565,6.50199,6.86565,1.63118,1543.92,946.504,0.0,0.0,0.5648,0.346252,0.0,0,0.0006714879,0.0655145859,0.06690891774987479
LAVZOA_clean,4.97897,3.76472,4.96668,2.4043,872.519,362.9,0.0,0.0,0.4822,0.200558,0.0,1,0.0002669232,0.0256097249,0.027098504872483234
LAWGEW_clean,15.06244,7.93691,15.06244,0.591684,2230.24,3769.3,0.0,0.0,0.803,1.35714,0.0,0,0.0023742498,0.2564068043,0.24746829477531962
LAWGUM_clean,15.09972,7.93483,15.09787,0.58881,2231.62,3790.06,0.0,0.0,0.8032,1.36411,0.0,0,0.0025650013,0.2597064028,0.2588035769838677
LAZJAZ_SL,5.50863,3.38524,5.50863,1.27617,503.423,394.478,0.0,0.0,0.464,0.363587,0.0,1,0.0003592734,0.0327592042,0.03523163789014188
LECGEH_clean,4.6023,3.38182,4.58013,1.08823,903.939,830.653,0.0,0.0,0.5422,0.498241,0.0,1,0.0006666763,0.0635044686,0.0652412677475746
LEDLEN_clean,8.11845,6.60905,8.11698,0.914085,1985.25,2171.84,0.0,0.0,0.6552,0.716782,0.0,1,0.0011678794,0.1172033095,0.11779345340549661
LEHXUT_clean,24.94881,9.11981,13.96328,0.407171,1936.47,4755.92,0.0,0.0,0.8288,2.03551,0.0,1,0.0036688324,0.3945371315,0.3856920884795114
LEJBUX_clean,6.30676,4.81909,6.30369,1.04776,2668.26,2546.63,0.0,0.0,0.7428,0.70894,0.0,1,0.001053323,0.1106167717,0.10704590867760123
LEJRIC_clean,11.60038,10.84699,11.60038,1.19087,1547.76,1299.69,0.0,0.0,0.637,0.534904,0.0,1,0.0011040308,0.1105279295,0.11107931606417817
LELROL_clean,9.52458,5.89518,9.49645,0.725604,2342.81,3228.77,0.0,0.0,0.6884,0.948726,0.0,1,0.0017441156,0.1723626288,0.1749003546615786
LELRUR_clean,7.75367,5.31169,7.43322,1.04806,1544.2,1473.39,0.0,0.0,0.5926,0.565427,0.0,1,0.0008353243,0.0925472704,0.0845509534677293
LEMNOH_clean,4.05561,3.09524,4.05434,1.19418,0.0,0.0,699.34,585.624,0.4786,0.400777,0.0,0,0.00049209,0.0521973257,0.04807247777392373
LEPLEZ02_clean,3.35249,2.87252,3.35249,2.16555,0.0,0.0,0.0,0.0,0.4378,0.202166,0.0,1,0.0001141445,0.0105047251,0.010977330159180539
LERNEC01_clean,4.91469,2.64138,4.91469,1.77237,0.0,0.0,534.292,301.456,0.4094,0.23099,0.0,0,0.0002907307,0.02314741,0.028440112384099155
LERNEC_clean,5.00175,2.66132,4.996,1.75601,0.0,0.0,553.55,315.231,0.4158,0.236786,0.0,0,0.0002146167,0.0240021335,0.021738362886842076
LETQAE_clean,18.31927,17.55519,18.31927,0.940384,1367.76,1454.47,0.0,0.0,0.7778,0.827109,0.0,1,0.0015106497,0.1420930152,0.15218350643031692
LEVPAF_clean,9.99333,8.10197,9.99333,0.81142,1805.64,2225.28,0.0,0.0,0.6764,0.833601,0.0,1,0.0012908256,0.1263318242,0.13057040471910827
LEYPAI_clean,5.73576,4.86589,5.73576,1.67394,1567.04,936.138,0.0,0.0,0.5778,0.345174,0.0,1,0.0005557629,0.0541995973,0.05553713632760081
LEYRAK_clean,9.5213,4.16248,9.5213,1.04525,2148.73,2055.7,0.0,0.0,0.7006,0.670268,0.0,1,0.0011313598,0.1119431864,0.1126503003225843
LEZXAR_clean,6.92017,3.56103,6.91993,3.0017,1355.71,451.646,4.12818,1.37528,0.5278,0.175834,0.0,1,0.0002533742,0.0257432678,0.02589916698028135
LIDZUV_clean,5.12552,3.77339,4.88815,1.54716,456.013,294.742,0.0,0.0,0.3458,0.223506,0.0,0,0.0002903996,0.0260028703,0.028518914221177166
LIPQOR_clean,9.96385,4.33568,9.96385,0.897942,1931.52,2151.05,198.042,220.551,0.6648,0.74036,0.0,1,0.0012565195,0.120451948,0.12714605773431664
LIVLUZ_clean,5.91163,5.00426,5.91034,1.15595,1292.96,1118.53,0.0,0.0,0.5702,0.493275,0.0,0,0.0007289183,0.071624216,0.07257654934223141
LIXWAR01_clean,5.58762,3.9288,5.58762,1.07311,1360.46,1267.78,0.0,0.0,0.5636,0.525205,0.0,1,0.000848125,0.0841364186,0.08274877755218135
LOFCUF_clean,4.92056,3.12506,4.85331,1.58715,0.0,0.0,491.214,309.495,0.451,0.284158,0.0,1,0.0002533903,0.0240679561,0.026098516494095288
LOJLAZ01_clean,6.41625,5.33783,6.41625,1.67137,1436.49,859.47,0.0,0.0,0.5874,0.351448,0.0,1,0.0005431935,0.0567254883,0.05383818155919539
LOXKAM_clean,14.55985,13.78223,14.55985,0.784824,1498.1,1908.83,0.0,0.0,0.661,0.842227,0.0,1,0.0014561183,0.1430040793,0.14328326761634222
LUCDIW_clean,8.52461,6.17272,8.52461,0.822543,2288.73,2782.5,0.0,0.0,0.7208,0.876306,0.0,1,0.0015493079,0.1613267121,0.15543901874917895
LUDLAZ_clean,6.64156,4.20343,6.64156,1.63514,826.484,505.451,0.0,0.0,0.421,0.25747,0.0,1,0.0004807714,0.0464172982,0.04344264289754933
LUDVUB_clean,5.40241,3.13712,5.16406,1.85106,0.0,0.0,613.784,331.585,0.489,0.264172,0.0,0,0.00024687,0.0248933836,0.02444148688898149
LUFBUL_clean,4.96727,4.63026,4.96727,1.29284,870.275,673.148,0.0,0.0,0.4736,0.366324,0.0,1,0.000456256,0.0458892564,0.04566936675375242
LUFNAC04_clean,7.6755,5.87796,7.66911,1.02659,1461.4,1423.54,0.0,0.0,0.5658,0.551143,0.0,1,0.0009780944,0.0982963631,0.09560151578320951
LUFNAC05_clean,7.61946,5.80686,7.57494,1.03101,1474.3,1429.95,0.0,0.0,0.564,0.547035,0.0,1,0.0009311118,0.0967117646,0.09137933164866745
LUKRIS_clean,5.16354,4.10534,5.03617,1.38895,415.25,298.967,0.0,0.0,0.404,0.290867,0.0,1,0.0002224296,0.0211457675,0.022577838321251254
LULJAE_clean,4.24556,3.3625,4.2354,1.23171,864.034,701.491,0.0,0.0,0.5204,0.422502,0.0,1,0.0006123541,0.0576574652,0.05985923125699422
LULXAS_clean,4.15152,3.42748,4.13309,1.37462,547.083,397.99,0.0,0.0,0.3992,0.290408,0.0,1,0.000389594,0.0413482678,0.035243105809727594
LULXEW_clean,3.97553,2.95293,3.94955,1.41342,0.0,0.0,208.526,147.532,0.3786,0.26786,0.0,1,0.0002741587,0.0311675194,0.026602257852766847
LUMLIQ_clean,4.75675,3.55253,4.75675,2.1629,785.103,362.986,0.0,0.0,0.4638,0.214434,0.0,1,0.0003010689,0.0301671044,0.02966900316914498
LUMYUP_clean,6.15923,4.54415,6.13245,1.2924,1996.56,1544.85,0.0,0.0,0.6166,0.477097,0.0,1,0.0008030634,0.0806767386,0.0819111781911518
LUSHOX03_clean,5.24171,4.88245,5.22892,1.21123,1320.66,1090.34,0.0,0.0,0.5276,0.435589,0.0,1,0.000716467,0.0714422167,0.07017087887294027
LUSJOZ_clean,6.14785,5.47386,6.14779,1.1794,1250.19,1060.02,0.0,0.0,0.5326,0.451584,0.0,0,0.000714082,0.0658773972,0.0698126304303911
LUWMOH_clean,6.36296,4.2806,6.36272,1.20693,1999.45,1656.65,0.0,0.0,0.5984,0.495805,0.0,1,0.0009357668,0.0906312346,0.09145204489616114
LUXFOA_clean,13.73946,4.3179,13.73946,0.952497,1834.04,1925.51,15.1519,15.9076,0.6722,0.705724,0.0,1,0.0012489187,0.1254542806,0.12329181169766582
LUYBOY_clean,7.89316,7.4198,7.87816,1.34135,1580.28,1178.13,0.0,0.0,0.5778,0.43076,0.0,1,0.0008076933,0.0774954924,0.07993848784918126
LUYSOP_clean,15.21554,13.85225,15.21554,0.826153,1716.72,2077.96,0.0,0.0,0.7048,0.853111,0.0,0,0.0016922233,0.1638173674,0.1651948059663214
MABJUV01_clean,4.71712,3.63905,4.71712,1.54053,563.034,365.48,0.0,0.0,0.4068,0.264064,0.0,0,0.0001750569,0.0196485356,0.017746059854195344
MAFLUD_clean,5.38373,3.98212,5.36788,1.15006,1774.93,1543.34,0.0,0.0,0.592,0.514756,0.0,1,0.0007695356,0.0799076468,0.07654082330381497
MAGBAZ_clean,7.74379,4.25931,7.73545,0.9596,2206.02,2298.89,0.0,0.0,0.666,0.694039,0.0,0,0.0012285936,0.1252374999,0.12394780695770685
MAGNEQ01_clean,5.36278,4.15643,5.36278,1.09674,2370.15,2161.08,0.0,0.0,0.672,0.612723,0.0,1,0.0008975538,0.0908564224,0.09042216365316337
magnetochemistry3010001_PF362NdCl_clean,4.20828,3.26143,4.18379,1.82277,0.0,0.0,338.278,185.584,0.445,0.244133,0.0,1,0.0001977382,0.0220036406,0.02011450577203979
MAGVOG05_clean,3.52966,3.02857,3.52966,1.83271,0.0,0.0,56.6181,30.893,0.5176,0.282423,0.0,1,9.64698e-05,0.0102519862,0.010601070867066223
MAGVOG11_clean,3.25643,2.83841,3.25643,2.02018,0.0,0.0,0.0,0.0,0.4858,0.240474,0.0,1,5.27139e-05,0.0055799181,0.005738984624351845
MAGVOG15_clean,3.34726,2.84004,3.25668,2.08276,0.0,0.0,0.530296,0.254613,0.474,0.227583,0.0,1,5.11635e-05,0.0056109262,0.0054933935933053415
MAGVOG18_clean,3.79122,3.07658,3.79122,1.78066,0.0,0.0,226.838,127.39,0.536,0.301013,0.0,1,0.0001422241,0.0138188891,0.015086490768024095
MAGVOG20_clean,3.81924,3.0828,3.81924,1.77639,0.0,0.0,244.535,137.659,0.5362,0.301848,0.0,1,0.0001422241,0.014391093,0.015238932949078493
MAGVOG22_clean,3.52251,2.99402,3.52251,1.81279,0.0,0.0,50.1561,27.6679,0.5238,0.288947,0.0,1,0.0001041874,0.0098134619,0.010943736687672567
MAGVOG25_clean,3.56704,3.00238,3.56704,1.80765,0.0,0.0,74.5607,41.2473,0.5244,0.2901,0.0,1,9.75723e-05,0.0104402402,0.010816758642492274
MAGVOG29_clean,3.632,3.03778,3.632,1.79915,0.0,0.0,114.827,63.8229,0.5284,0.293695,0.0,1,0.0001422241,0.0117533323,0.014954759733883955
MAGVOG30_clean,3.65061,3.03835,3.65061,1.79585,0.0,0.0,125.436,69.8477,0.5292,0.294679,0.0,1,0.0001091487,0.0117963303,0.01170760741229731
MAGVOG_clean,3.64024,2.80137,3.64024,1.78872,0.0,0.0,95.6406,53.4687,0.5274,0.294848,0.0,1,8.93035e-05,0.0097423499,0.009684194490615222
MAJHOW_clean,5.19955,3.2085,5.19438,1.20736,0.0,0.0,833.151,690.059,0.493,0.408328,0.0,1,0.0004752358,0.0439465175,0.0474744973586443
MALSEA_clean,16.90358,16.82254,16.90358,0.671459,1350.93,2011.93,0.0,0.0,0.767,1.14229,0.0,1,0.0021603381,0.2257378949,0.2169470372821262
MALWUU_clean,4.24807,2.98977,4.2372,1.95493,0.0,0.0,486.984,249.105,0.4672,0.238985,0.0,0,0.0003283694,0.0331634406,0.03182707592628086
MANDUD_clean,8.1447,5.93208,8.1447,0.901348,2323.1,2577.36,0.0,0.0,0.6668,0.739781,0.0,1,0.0012319895,0.1303608705,0.12795130994181927
MASZUD_clean,6.16395,3.77069,6.1156,1.46962,1165.3,792.926,0.0,0.0,0.5354,0.364312,0.0,1,0.0004495852,0.0454254648,0.04573690803280991
MATBAM_clean,7.54049,4.88112,7.54049,1.17286,1649.01,1405.98,0.0,0.0,0.5866,0.500147,0.0,1,0.0007518227,0.0736974209,0.07453840770423892
MATBEQ_clean,6.25491,3.91181,5.95608,1.39707,1185.59,848.625,0.0,0.0,0.547,0.391533,0.0,1,0.0005329612,0.0494170429,0.05408929785599405
MATHEV_clean,3.84188,2.65767,3.81662,2.1752,0.0,0.0,377.192,173.406,0.3942,0.181225,0.0,0,0.0001788083,0.0186540888,0.01763912102697487
MAVFEV01_clean,4.92643,4.38387,4.92643,1.57725,2265.97,1436.66,0.0,0.0,0.6254,0.396513,0.0,1,0.0006563297,0.06611992,0.06699473434909503
MAYJOM_clean,6.51956,6.14293,6.51763,1.25239,1627.1,1299.19,0.0,0.0,0.6236,0.497928,0.0,0,0.0008201249,0.0849022928,0.07983034488099586
MEBMEM01_clean,4.99521,4.76904,4.99521,2.65468,694.411,261.58,0.0,0.0,0.4228,0.159266,0.0,1,0.0001372159,0.0130422184,0.013872978974244292
MECWIB_clean,7.68734,5.08903,7.68734,1.09108,1654.78,1516.65,0.0,0.0,0.567,0.51967,0.0,0,0.0007721208,0.0797800503,0.07791083867174083
MEHPAQ_clean,3.09554,2.64049,3.09554,1.68847,0.0,0.0,0.0,0.0,0.4046,0.239626,0.0,1,6.82265e-05,0.0078327332,0.007015264805260565
MEJQOJ_clean,5.07328,3.68023,5.06179,1.21005,1189.89,983.336,0.0,0.0,0.5496,0.454196,0.0,0,0.0005894466,0.0603875085,0.06042401337756806
MEJZIM_clean,5.3333,3.56234,5.2261,1.69384,503.361,297.172,49.7521,29.3724,0.4348,0.256695,0.0,1,0.0002388485,0.0227156767,0.024391625088617138
METYIU_clean,7.46107,4.86322,7.46107,1.31027,1231.65,939.995,0.0,0.0,0.5398,0.411977,0.0,0,0.0005152508,0.0520080062,0.05236304835890032
MEXDAU_clean,4.54871,2.8928,4.54871,1.8886,0.0,0.0,603.679,319.644,0.5446,0.288362,0.0,0,0.0003930067,0.0399140222,0.03848101931496149
MEXDEY_clean,5.3901,4.95385,5.37594,2.70285,794.745,294.04,0.0,0.0,0.4526,0.167453,0.0,1,0.0002153795,0.0224655344,0.021705428681199714
MICDEJ_clean,5.47717,4.50209,5.38717,1.18044,1256.75,1064.65,0.0,0.0,0.5258,0.445429,0.0,1,0.0006420878,0.0658909632,0.06469534205055838
MICNAO_clean,5.38514,2.95181,5.38514,1.04908,0.0,0.0,1084.24,1033.52,0.5686,0.542,0.0,1,0.0006515422,0.0670907467,0.065350343920118
MICNES_clean,5.22596,3.22734,5.21195,0.972071,0.0,0.0,1275.14,1311.77,0.6024,0.619708,0.0,1,0.0007829231,0.0819370157,0.08045900509485368
MICNOC_clean,4.78165,2.89559,4.76167,1.0648,0.0,0.0,900.042,845.267,0.5808,0.545454,0.0,1,0.0006148985,0.0607516166,0.06096722431872956
MIDCAF_clean,11.10741,9.8382,11.10741,0.853326,1614.16,1891.61,0.0,0.0,0.6702,0.785397,0.0,1,0.001358191,0.1308241931,0.13392825723111892
MIFKUJ_clean,6.05079,4.58023,5.97678,0.91647,1939.38,2116.14,0.0,0.0,0.5864,0.639846,0.0,1,0.0010836456,0.1047599186,0.106860930314094
MIFPUO_clean,6.70296,5.88092,6.70296,1.13456,971.753,856.498,0.0,0.0,0.5046,0.444752,0.0,0,0.0005361164,0.0523660081,0.0536885208628219
MIFQOJ_clean,7.14805,6.39591,7.14805,1.06573,1037.76,973.749,0.0,0.0,0.5254,0.492994,0.0,0,0.0005822953,0.0583150086,0.05914409790860247
MIHHOA_clean,4.98547,3.21821,4.97786,1.3146,0.0,0.0,432.547,329.033,0.4352,0.331052,0.0,0,0.0002986764,0.0280218712,0.030398222086141263
MIHLEV_clean,5.70252,3.69982,5.70252,1.38172,844.284,611.037,0.0,0.0,0.4754,0.344063,0.0,1,0.0003614294,0.0381460909,0.03633887291871616
MIHLUL_clean,4.76281,3.28084,4.75473,1.42077,0.0,0.0,465.486,327.629,0.4832,0.340097,0.0,1,0.0003389228,0.0342684148,0.033583883986477284
MILQIJ_clean,4.63559,4.00457,4.63559,1.27465,706.955,554.628,0.0,0.0,0.4642,0.364179,0.0,0,0.0004514166,0.0419817501,0.04378902622467577
MIMDAP_clean,4.29213,2.89437,4.27689,1.96346,0.0,0.0,327.4,166.746,0.4194,0.213602,0.0,1,0.0001425432,0.0135888028,0.014951248812442905
MIMKIE_clean,5.77879,3.6694,5.74168,1.1744,1435.84,1222.62,0.0,0.0,0.5446,0.463725,0.0,1,0.0007916532,0.0752809944,0.07858489354469818
MIMSUY_clean,11.16343,10.81199,11.16343,0.974993,1274.86,1307.56,0.0,0.0,0.613,0.628722,0.0,1,0.001021779,0.0990619261,0.10277351028273503
MINCIX_clean,10.4943,7.36608,10.44985,0.729721,2144.38,2938.63,0.0,0.0,0.7612,1.04314,0.0,1,0.0020743794,0.2035010543,0.20604693299881932
MISQIQ06_clean,4.2381,4.07519,4.2381,2.08503,537.998,258.029,0.0,0.0,0.3768,0.180717,0.0,0,0.0004525994,0.0217976916,0.029045642542971106
MISQIQ_clean,4.24107,4.07806,4.24107,2.08195,577.159,277.221,0.0,0.0,0.3898,0.187228,0.0,0,0.0001961264,0.0220378207,0.015119762659605775
MITSAK_clean,6.11636,4.97088,6.11301,1.14225,2249.13,1969.04,0.0,0.0,0.6532,0.571855,0.0,1,0.0010611341,0.1079740698,0.10385697217934527
MIXBIG_auto,10.49302,6.38821,9.82708,0.743714,2384.9,3206.74,0.0,0.0,0.733,0.985594,0.0,1,0.0019377751,0.1883538781,0.1939900433508674
MIYGIL_clean,3.31102,2.62928,3.31102,2.60868,0.0,0.0,0.0,0.0,0.4634,0.177638,0.0,0,0.0001429471,0.0152912618,0.014482823899013677
MODDEP_clean,3.3093,2.69903,3.29378,1.96959,0.0,0.0,0.0,0.0,0.3568,0.181154,0.0,1,7.9365e-05,0.0088116056,0.008305528841757344
MOGYAI_clean,4.73161,3.28293,4.72081,3.10553,0.0,0.0,260.828,83.9883,0.3714,0.119593,0.0,1,0.0001028891,0.0108548023,0.010109552040110298
MOVHEM_clean,4.78648,3.65733,4.78648,1.31907,1696.72,1286.3,0.0,0.0,0.5664,0.429393,0.0,1,0.0007292837,0.0716809862,0.07248663042063758
MOYYEF_clean,7.68803,7.36383,7.68803,0.950247,1850.19,1947.06,0.0,0.0,0.627,0.659828,0.0,1,0.0012086274,0.1121158251,0.11690023874726153
MUDLON_clean,10.7008,8.31199,10.7008,0.628411,1977.63,3147.04,0.0,0.0,0.7012,1.11583,0.0,1,0.0019846811,0.1947109356,0.19785290600405708
MUFYAP_clean,6.26363,3.70776,6.26313,1.90371,978.115,513.793,0.0,0.0,0.5022,0.2638,0.0,1,0.0004195866,0.040169029,0.04067823597764635
MUHNAG_clean,5.2054,3.59701,5.17347,1.40338,910.102,648.507,0.0,0.0,0.4596,0.327495,0.0,0,0.0004639565,0.0422603107,0.045434392757631885
MUHNUA_clean,6.00569,3.96893,5.96297,1.13245,277.836,245.342,598.929,528.881,0.5278,0.466071,0.0,1,0.000441761,0.0416156174,0.0453926280228389
MULQOA_clean,5.82935,5.12372,5.78502,1.29204,2093.52,1620.33,0.0,0.0,0.6306,0.488067,0.0,1,0.0007873417,0.0835116116,0.08223239903770178
MULXOH_clean,5.40379,4.11586,5.39113,1.20876,1724.57,1426.72,0.0,0.0,0.5842,0.483303,0.0,1,0.0007329418,0.0700047601,0.07466921554647493
MUNNUF_clean,7.33223,5.00492,7.33223,0.937356,1880.0,2005.64,0.0,0.0,0.6136,0.654607,0.0,1,0.0010790179,0.1102923674,0.10793176340427679
MUNPER_clean,7.09681,5.52234,7.09517,0.917986,1955.18,2129.86,0.0,0.0,0.6202,0.675609,0.0,0,0.0011116295,0.1159696183,0.11183274728141333
MUPQAQ_clean,6.98761,3.18126,6.98761,1.58684,0.0,0.0,859.497,541.641,0.4958,0.312445,0.0,1,0.0003321314,0.0317200884,0.03418714810196756
MURTUO_clean,5.36071,4.16389,5.36071,1.95193,861.496,441.357,0.0,0.0,0.5124,0.26251,0.0,1,0.0002439481,0.0240024109,0.02474932451593329
MUTDEM_clean,7.7486,3.51419,7.7486,0.965915,1652.66,1710.98,19.3,19.9811,0.6184,0.640222,0.0,1,0.0009633139,0.0983964674,0.0965354879329369
MUTDIQ_clean,8.28155,3.70267,8.27208,0.907108,1694.67,1868.21,61.3387,67.62,0.6404,0.70598,0.0,1,0.0011023521,0.1086514087,0.10846287173811192
MUTNAQ_clean,4.57844,2.9184,4.56708,1.44096,0.0,0.0,465.48,323.035,0.471,0.326866,0.0,0,0.0002675464,0.0258999432,0.02760276983225648
MUVLUM_clean,8.4023,7.67137,8.36811,1.09338,1571.87,1437.62,0.0,0.0,0.597,0.546011,0.0,1,0.0009216239,0.0951096183,0.09142442322634739
MUWQEB_clean,15.66484,9.57746,15.5128,0.72296,1280.06,1770.59,458.981,634.865,0.7258,1.00393,0.0,1,0.0019349986,0.1932458827,0.1929793485194093
MUXHUI01_clean,3.32627,2.62136,3.32559,2.07313,0.0,0.0,0.0,0.0,0.3974,0.191691,0.0,1,0.0001076014,0.0106849643,0.010836212080373313
NACYUM_clean,5.55428,3.97006,5.53082,1.38654,927.307,668.791,0.0,0.0,0.4542,0.327578,0.0,1,0.0004679802,0.0455026938,0.0446932561161434
NADKEK_clean,5.31129,3.4955,5.31129,1.49762,283.2,189.1,22.2509,14.8575,0.4336,0.289526,0.0,0,0.0001973583,0.0185557505,0.020457516856385066
NADNEM_clean,6.17658,3.63409,6.12044,1.11816,999.382,893.777,0.0,0.0,0.5212,0.466125,0.0,0,0.0005825076,0.0578253601,0.058694234656267844
NADZEZ_clean,4.52715,3.99796,4.52715,1.63451,828.325,506.772,0.0,0.0,0.4522,0.276657,0.0,0,0.0004574536,0.042804761,0.04442013170739002
NAMDUD_clean,16.03482,3.9849,16.03053,0.771409,1799.33,2332.52,0.0,0.0,0.674,0.873726,0.0,1,0.0016337106,0.1556502038,0.1620685985687929
NANMEW_clean,7.12435,3.30498,7.12435,1.38608,0.0,0.0,641.638,462.916,0.5032,0.363038,0.0,1,0.0003106333,0.0377062295,0.03149203340089215
NANTII_clean,10.0936,8.00204,10.0936,0.620421,2302.26,3710.81,0.0,0.0,0.7974,1.28526,0.0,1,0.002359976,0.2392261948,0.23771467021212123
NAQLAT_clean,6.1178,3.53855,6.08833,1.24225,1087.35,875.308,0.0,0.0,0.5306,0.427128,0.0,1,0.0005983022,0.0600364562,0.059786685149567954
NAQQED_clean,8.84631,4.18602,8.84631,1.16199,2235.29,1923.68,0.0,0.0,0.7052,0.606892,0.0,1,0.0010629888,0.1024737623,0.10463734394266531
NAQRAA_clean,8.82176,4.19423,8.82039,1.0822,2240.28,2070.12,0.0,0.0,0.7116,0.657551,0.0,1,0.0010537366,0.1099563574,0.10651238453394225
NARMUR_clean,3.85567,3.41897,3.84405,2.08835,240.166,115.003,0.0,0.0,0.399,0.19106,0.0,1,0.0001229608,0.0136415922,0.012588194421086565
NARNIG_clean,3.7044,3.30001,3.70047,2.34187,0.0,0.0,105.53,45.0623,0.3758,0.16047,0.0,1,0.0001166573,0.0115025963,0.012055725982352102
NARNOM_clean,3.67086,3.25949,3.67086,2.36402,0.0,0.0,90.9169,38.4586,0.3802,0.160828,0.0,1,8.85647e-05,0.011142187,0.009096267819476984
NASROR_clean,13.45228,4.98216,13.45228,0.776126,1903.68,2452.8,0.0,0.0,0.7,0.901915,0.0,1,0.0016202158,0.1596204445,0.16051942612671105
NATFAS_clean,6.53453,3.93626,6.37422,1.34798,1587.17,1177.44,0.0,0.0,0.564,0.418403,0.0,0,0.0008076522,0.0759585779,0.07901912823676982
NAVFUM_clean,3.89875,2.74655,3.88187,2.06017,0.0,0.0,421.459,204.575,0.4038,0.196003,0.0,0,0.0002461779,0.0236777311,0.02360328105809635
NAVJAW01_clean,11.39615,10.64646,11.39615,1.17113,1550.28,1323.75,0.0,0.0,0.633,0.540502,0.0,1,0.0011343881,0.1081800242,0.11174870945999968
NAVLIG_clean,4.05904,3.742,4.05904,1.16225,487.528,419.471,0.0,0.0,0.474,0.407831,0.0,0,0.0002938888,0.0287390353,0.02939177910415089
NAXLII_clean,5.86925,5.28522,5.86925,1.2305,998.395,811.372,0.0,0.0,0.5042,0.409751,0.0,1,0.000446894,0.04429562,0.04496560903942941
NAYNIK_clean,5.90297,3.81726,5.80437,1.72086,950.582,552.388,0.0,0.0,0.5262,0.305777,0.0,0,0.0002368857,0.0237381474,0.025551914103963607
NAYXOC_clean,8.15867,4.39162,7.93074,1.10978,1802.12,1623.85,0.0,0.0,0.6112,0.550741,0.0,1,0.0009207696,0.0944897291,0.0918991393492532
NAYZUK_SL,9.49894,7.59757,9.49894,1.33539,970.819,726.992,135.046,101.128,0.563,0.421599,0.0,0,0.0006875461,0.0622799407,0.06627934688326792
NAZZEV_clean,9.68562,8.04863,9.67315,1.02009,1679.74,1646.65,0.0,0.0,0.6478,0.635039,0.0,1,0.0012624171,0.1171994631,0.12102764121072886
nchem.2258-s3_clean,11.60468,9.32321,11.60031,0.548188,2435.64,4443.09,11.1166,20.2788,0.7802,1.42324,0.0,1,0.0028110102,0.2703575674,0.2660741658299217
ncomms11831_ncomms11831-s2_clean,4.88753,3.53737,4.88616,1.57042,403.532,256.959,0.0,0.0,0.3336,0.212428,0.0,0,0.0002137664,0.0247091802,0.021362872249975854
ncomms7350-s2_clean,6.32642,5.9567,6.32642,1.52435,1274.9,836.355,0.0,0.0,0.531,0.348344,0.0,1,0.000436216,0.0451477894,0.04474869625685173
NDAIAH_clean,6.63827,3.41985,6.40814,1.54439,1188.39,769.486,0.0,0.0,0.551,0.356774,0.0,1,0.0004933984,0.0479850406,0.05011195791132182
NEDXOL_clean,5.99531,3.70069,5.99531,1.19863,1096.35,914.669,0.0,0.0,0.5274,0.440003,0.0,0,0.0005821692,0.0572261355,0.059059757128546095
NEJSEC_clean,5.81645,3.98304,5.23805,1.24255,1038.8,836.024,5.34967,4.30539,0.5324,0.428473,0.0,0,0.0005178464,0.05282545,0.05236982183957988
NEKBEL_clean,4.90746,3.89074,4.89557,1.60125,914.813,571.31,2.67246,1.66898,0.5046,0.315128,0.0,1,0.0003275715,0.0325480646,0.03295211686828268
NELVAC_clean,4.82648,4.29457,4.79942,1.65303,931.318,563.4,0.0,0.0,0.5062,0.306225,0.0,0,0.0003664647,0.0394018561,0.0369196242985526
NEPWIQ_clean,4.3412,3.92268,4.32302,2.14557,765.165,356.625,0.0,0.0,0.4758,0.221759,0.0,1,0.0002785675,0.0286268188,0.028200744556279952
NETYIV01_clean,8.07265,7.09602,8.06746,0.782971,2020.36,2580.37,0.0,0.0,0.686,0.87615,0.0,1,0.001353461,0.1416506251,0.13710653458880612
NEVVAM_clean,6.98127,5.93133,6.98127,1.4203,1415.91,996.914,0.0,0.0,0.523,0.368233,0.0,0,0.0006554824,0.0627089586,0.0645022819149513
NEYJIM_clean,8.63602,2.71972,8.63602,1.95132,0.0,0.0,802.829,411.428,0.494,0.253162,0.0,1,0.0002488324,0.0255830796,0.02565258507511257
NEYYIZ_clean,5.77965,3.26538,5.77965,0.966711,0.0,0.0,1318.69,1364.09,0.6446,0.666797,0.0,0,0.0006422409,0.0705240878,0.06333376907559224
NICJUG_clean,4.89962,3.36041,4.89962,1.72542,148.084,85.8247,0.0,0.0,0.4514,0.261617,0.0,1,0.0001345917,0.0135975776,0.013872993499553772
NIGDEO_clean,13.9402,7.42068,13.92619,0.633535,2119.03,3344.77,0.0,0.0,0.7538,1.18983,0.0,1,0.0023370344,0.2306916493,0.233013850297435
NIGDIS_clean,14.03164,7.36423,14.03164,0.622681,2210.2,3549.5,0.0,0.0,0.7674,1.23241,0.0,1,0.002407047,0.2389646029,0.2362171200866702
NIGFUF_clean,7.45855,4.62821,7.45855,1.23037,2420.25,1967.09,0.0,0.0,0.6578,0.534636,0.0,1,0.0010295961,0.1056463424,0.10137659411007567
NIGGEQ_clean,7.37601,4.62938,6.94846,1.24921,2427.77,1943.44,0.0,0.0,0.6582,0.526892,0.0,1,0.0010562986,0.1047545403,0.10477009137274688
NIHBIQ01_clean,5.30133,3.89271,5.30133,1.65496,952.5,575.542,0.0,0.0,0.4798,0.289916,0.0,0,0.0003776566,0.0354314954,0.03721719563287447
NIHBIQ02_clean,5.38184,3.95166,5.35574,1.6285,1006.66,618.147,0.0,0.0,0.4894,0.300521,0.0,0,0.0003951114,0.037234092,0.038908866148273616
NIHBIQ_clean,5.25122,3.88968,5.21988,1.66955,927.396,555.476,0.0,0.0,0.4762,0.285226,0.0,0,0.0003982849,0.0346190575,0.03903703937853517
NIKJUN_clean,5.97101,2.84267,5.9634,1.37868,0.0,0.0,1106.78,802.784,0.4894,0.354977,0.0,1,0.0005477617,0.0497074221,0.05325957415893033
NIKKIC_clean,5.94413,4.27315,5.93398,1.24613,1177.42,944.864,0.0,0.0,0.498,0.399638,0.0,1,0.0004914309,0.0531414787,0.0492547820160161
NIKYOW_clean,4.56807,3.54686,4.56807,1.80221,654.259,363.032,0.0,0.0,0.4324,0.239928,0.0,0,0.0002856227,0.0257441256,0.027929685016864356
NIMPOQ_clean,9.48433,7.47639,9.46555,0.558554,2612.29,4676.87,0.0,0.0,0.765,1.36961,0.0,1,0.0025132343,0.2498823814,0.2518123949139723
NIRNAD_clean,4.25391,3.23786,4.23073,1.77484,0.0,0.0,431.68,243.221,0.3624,0.204187,0.0,1,0.0002888221,0.0269943018,0.02888136537777971
NIVNOW_clean,4.9886,3.10602,4.9886,1.76087,0.0,0.0,889.731,505.28,0.502,0.285087,0.0,1,0.0002692649,0.0264613927,0.02830363156177211
NIYZIG_clean,9.1257,4.85174,9.11367,0.956862,1879.49,1964.22,0.0,0.0,0.637,0.665718,0.0,1,0.0012366054,0.1213074271,0.12122659463742744
NIZZEC_clean,8.3208,7.63206,8.31922,1.20763,2065.46,1710.34,0.0,0.0,0.6766,0.560269,0.0,0,0.0009427142,0.0927941548,0.0932079107249286
NOCKUM_clean,6.00758,5.1022,6.00758,1.07326,1338.2,1246.86,0.0,0.0,0.5502,0.512645,0.0,1,0.0007965705,0.0801815491,0.07888969226537691
NOCLOH02_clean,5.50015,4.83636,5.44966,1.30452,1262.04,967.436,0.0,0.0,0.5462,0.418699,0.0,1,0.0006823103,0.0646870614,0.0668862149708754
NOCLUN_clean,6.26764,5.77209,6.22951,1.07441,1685.14,1568.43,0.0,0.0,0.6158,0.57315,0.0,1,0.0009451192,0.0944506867,0.09348190484789475
NOCZAI_clean,4.42954,4.04745,4.42954,1.74484,414.324,237.458,0.705302,0.404222,0.3944,0.226039,0.0,1,0.0002409293,0.02345585,0.024522640012413856
NODKUN_clean,8.11946,6.79716,8.07056,0.764763,2379.51,3111.44,0.0,0.0,0.6852,0.895963,0.0,0,0.0016640368,0.1677090032,0.16310802871557717
NOFQOQ_clean,5.26068,4.9317,5.26068,1.52336,805.604,528.834,0.0,0.0,0.5044,0.331111,0.0,1,0.0002777261,0.0289204518,0.028622675615257987
NOHFOG_clean,5.40858,4.54107,5.33613,1.66638,1542.3,925.536,0.0,0.0,0.5474,0.328496,0.0,1,0.0004937664,0.0517782216,0.05022539282461568
NOHKOM_clean,4.47987,3.22897,4.46706,1.95435,0.0,0.0,556.611,284.807,0.3942,0.201704,0.0,1,0.0002934636,0.032059816,0.028869213604200528
NOQNOY_clean,5.31837,2.93234,4.66391,1.34891,0.0,0.0,739.909,548.525,0.49,0.363257,0.0,1,0.0004686025,0.0413377498,0.04607448060394169
NORBUT_clean,5.08002,3.51252,5.07961,1.76418,163.887,92.8971,0.0,0.0,0.4354,0.246801,0.0,1,7.88671e-05,0.0081785197,0.009051251812154796
NOSHIO_clean,5.46118,3.24444,5.46118,1.79774,0.0,0.0,1325.4,737.259,0.5886,0.327411,0.0,1,0.0005227588,0.0520279499,0.05226604104239941
NOWGIR_clean,9.36325,6.59726,9.2981,1.43951,1651.33,1147.14,0.0,0.0,0.634,0.440427,0.0,1,0.0006977644,0.0726732468,0.07060711137129735
NUCREJ_clean,4.13308,3.35735,4.13308,1.63646,223.934,136.841,0.0,0.0,0.4364,0.266673,0.0,1,0.0001328929,0.0139524813,0.013697488115948762
NUDLAA_clean,10.10107,9.89769,10.10107,1.02317,1506.84,1472.72,0.0,0.0,0.6112,0.597362,0.0,1,0.0010569734,0.0993488878,0.1043624747841977
NUDNEH_clean,6.40452,5.65537,6.40452,1.17792,1346.46,1143.08,0.0,0.0,0.5262,0.44672,0.0,0,0.0006529238,0.0727191945,0.06613308034387395
NUFBUN_clean,7.53238,5.74054,7.52156,1.07363,1972.83,1837.54,0.0,0.0,0.6478,0.603375,0.0,1,0.0010856288,0.1077557103,0.10650947453843593
NUHQIS_clean,6.54623,4.66095,6.54623,1.20529,1894.68,1571.97,0.0,0.0,0.5972,0.495483,0.0,1,0.0008703498,0.0882612792,0.08685979736325104
NUNPAP_clean,6.01151,4.33549,6.00656,0.794607,2195.03,2762.41,0.0,0.0,0.6796,0.855265,0.0,1,0.0013509247,0.1456473199,0.13604406076107092
NUNTOH_clean,4.10262,3.17813,4.10101,1.65303,0.0,0.0,763.584,461.93,0.5398,0.326552,0.0,1,0.0004926602,0.0462409738,0.047641134181229595
NUNWIE_clean,3.87406,3.12024,3.87278,2.1028,0.0,0.0,292.086,138.903,0.463,0.220183,0.0,1,0.0002692354,0.0269123713,0.02674929847406254
NUTYIM_clean,13.08434,12.35689,13.08434,0.80193,1745.22,2176.28,0.0,0.0,0.7446,0.92851,0.0,0,0.0017230027,0.1745965527,0.16953470514843752
NUWPOM_clean,8.32687,8.01604,8.32687,1.25431,1381.61,1101.49,0.0,0.0,0.5552,0.442633,0.0,1,0.0007284327,0.0704912956,0.07294823555716001
NUWVIM_clean,4.95462,3.8636,4.94993,1.17037,724.517,619.05,9.52012,8.13429,0.4914,0.419868,0.0,0,0.0004332702,0.0405194316,0.042866596044378875
NUXWAG_clean,4.2499,3.21404,4.2499,1.30911,0.0,0.0,776.358,593.045,0.5648,0.43144,0.0,1,0.0005014522,0.0535949727,0.05079366889060767
NUYQUU_clean,3.95153,3.47099,3.94298,2.33033,494.395,212.157,0.0,0.0,0.4774,0.204864,0.0,0,0.0002538872,0.0231310917,0.025892289769408536
OBAFOP_clean,5.00648,4.01028,4.65887,2.41546,964.282,399.213,0.0,0.0,0.4784,0.198058,0.0,1,0.0002063856,0.0218420745,0.021190148616745005
OBAHIL_clean,8.44223,7.37969,8.44223,0.972998,1553.57,1596.68,0.0,0.0,0.603,0.619734,0.0,0,0.0010894074,0.0980018006,0.10618837572017656
OBAHOR_clean,8.04827,7.09842,8.046,0.982079,1580.94,1609.79,0.0,0.0,0.5956,0.606469,0.0,0,0.0010073924,0.0976783828,0.09926395248227479
OBAJAF_clean,9.08651,7.73882,9.08617,0.939446,1595.74,1698.6,0.0,0.0,0.6188,0.658686,0.0,1,0.001155948,0.1077260007,0.11129015383432012
OBEDEE_clean,5.83756,4.97252,5.83756,0.932431,2005.16,2150.46,0.0,0.0,0.6298,0.675439,0.0,1,0.000991779,0.099594674,0.10119052966828462
OBUBOC_manual,8.45577,7.46863,8.45577,1.46042,1170.56,801.525,0.571901,0.391601,0.5536,0.37907,0.0,1,0.0005068296,0.046466713,0.05047427351056487
OCAWAT_clean,5.70065,4.00684,5.61058,1.58378,1148.22,724.987,0.0,0.0,0.5174,0.326687,0.0,1,0.0004335902,0.0458447857,0.0429213330998799
OCINIA_clean,5.60901,3.32165,5.60901,1.53578,1179.07,767.736,0.0,0.0,0.5314,0.346013,0.0,1,0.0005005639,0.0522201551,0.05016933307173192
OCUQOT_clean,5.08411,3.37974,5.08411,1.51,1121.68,742.832,0.0,0.0,0.5036,0.333509,0.0,1,0.0005177073,0.052825744,0.050887635971591204
OCUSIP_clean,5.39686,4.96775,5.37929,1.58503,1157.95,730.556,0.0,0.0,0.5014,0.316334,0.0,1,0.0004670925,0.0484955735,0.0461937364556917
OCUSOV_clean,4.91031,3.4317,4.90721,1.52702,1101.56,721.382,0.0,0.0,0.5004,0.327698,0.0,1,0.0005977315,0.0523439659,0.05681479218542336
ODODUI_clean,11.00214,7.6444,10.86092,0.618366,2208.53,3571.55,0.0,0.0,0.7646,1.23648,0.0,1,0.0022325406,0.2239692248,0.22419563621353827
ODOMIF_clean,4.61212,3.63133,4.60194,1.07759,1653.01,1533.99,0.0,0.0,0.5582,0.51801,0.0,0,0.0009097317,0.0907978056,0.08616129869196053
ODONEB_clean,4.03145,3.0708,4.03145,1.29598,0.0,0.0,114.331,88.2201,0.4328,0.333957,0.0,1,0.0001259207,0.0125620485,0.013387757868685426
ODONIF_clean,3.90059,3.2084,3.90059,1.28373,0.0,0.0,130.191,101.417,0.4252,0.331223,0.0,1,0.000128367,0.0130759266,0.013382734920447488
OFERUN02_clean_h,11.42938,3.12691,11.42938,0.92153,0.0,0.0,1377.79,1495.11,0.6302,0.683863,0.0,0,0.0008997365,0.0941425666,0.09033503354358657
OFERUN06_clean,11.42842,3.43062,11.4146,0.893311,1495.78,1674.42,0.0,0.0,0.6708,0.750915,0.0,0,0.0010698877,0.1035137273,0.10918089821440272
OFESAU_clean,7.18693,4.9999,7.18693,1.91678,854.706,445.907,0.0,0.0,0.4402,0.229656,0.0,0,0.000269893,0.0262979029,0.02677016990706212
OFESEY_clean,7.30457,5.07688,7.30457,1.8342,871.652,475.221,0.0,0.0,0.451,0.245883,0.0,0,0.000297392,0.0278582808,0.02903191188728833
OFODET_clean,6.29959,4.57313,6.27845,1.15382,1340.43,1161.73,0.0,0.0,0.519,0.449811,0.0,1,0.0006586702,0.0706094556,0.06556587936937168
OGAXUR_clean,6.21326,5.95602,6.21326,1.24359,1052.97,846.718,0.0,0.0,0.4942,0.397397,0.0,1,0.0004887901,0.0536357726,0.04776918321364197
OGIYUZ_clean,9.8373,8.87116,9.8373,1.07364,1299.27,1210.15,0.0,0.0,0.577,0.537422,0.0,0,0.0007418119,0.0805572751,0.07468711432549376
OHAKEO_clean,5.91842,4.8868,5.91143,1.15127,1254.68,1089.81,0.0,0.0,0.543,0.471652,0.0,0,0.0006981725,0.0698140435,0.06912313481718498
OHAKIS_clean,5.22451,4.43244,5.1107,1.2284,1098.1,893.932,0.0,0.0,0.5162,0.420223,0.0,0,0.000571378,0.0605034714,0.05608714321057094
OJONOQ_clean,6.43933,5.37715,5.61608,1.49915,1863.16,1242.81,0.0,0.0,0.6578,0.438781,0.0,1,0.000687396,0.0705685988,0.06948348872274382
OKAYIK_clean,4.91102,3.55113,4.79222,1.56666,396.357,252.995,0.0,0.0,0.3392,0.216512,0.0,0,0.0002540997,0.0245155804,0.025229905155360364
OKAYOQ_clean,4.43848,3.73339,4.16809,1.19153,558.623,468.829,0.0,0.0,0.4514,0.378841,0.0,0,0.0003957631,0.0382865919,0.03828252431039945
OKILIE_clean,3.62365,2.83679,3.54493,1.37609,0.0,0.0,69.3979,50.4311,0.4472,0.324978,0.0,1,0.0002648787,0.0269317699,0.026298295786589192
OLANAS_clean,8.02314,6.05017,8.02314,1.20795,1391.88,1152.26,0.0,0.0,0.562,0.46525,0.0,1,0.0006115481,0.0662225912,0.06310124593147234
OLEKUL_clean,5.61758,3.34547,5.51958,1.30116,678.37,521.356,132.84,102.093,0.4586,0.352454,0.0,1,0.0004406501,0.0436646598,0.043086559168024285
OLOYOF_clean,10.67083,6.6024,10.66881,0.812728,2368.58,2914.35,0.0,0.0,0.7332,0.902146,0.0,1,0.001842848,0.1804426775,0.18242072790472338
OMIMEE_clean,16.54568,6.7257,16.54568,0.768319,2276.49,2962.95,0.0,0.0,0.7618,0.991516,0.0,1,0.0018929752,0.1844871232,0.1883814339869096
OMIPAD_clean,5.24341,3.62169,5.16602,1.1791,539.772,457.781,0.0,0.0,0.4566,0.387243,0.0,0,0.0003174283,0.0351994955,0.03163280106956038
OMIPEH_clean,21.73136,7.72557,21.69935,0.65885,2065.52,3135.04,0.0,0.0,0.8104,1.23002,0.0,1,0.0023894981,0.2321537825,0.23490793874419225
ONEJUN_clean,5.6787,4.73551,5.6787,3.33073,1808.25,542.898,0.0,0.0,0.5352,0.160685,0.0,1,0.0002351426,0.0242828217,0.024257809303774434
OPAGIX_clean,11.70127,10.88776,11.68193,0.905898,1551.84,1713.04,0.0,0.0,0.6624,0.731208,0.0,1,0.001451217,0.1489649088,0.13852071080586079
OPEGOG_clean,4.90473,2.95666,4.90473,2.48384,0.0,0.0,357.948,144.111,0.4042,0.162732,0.0,0,0.0002277282,0.0227751013,0.022569966818462375
OPIFUQ_clean,17.9991,10.13495,17.99088,0.790446,1197.42,1514.86,384.276,486.151,0.722,0.913408,0.0,1,0.0018571432,0.1857783159,0.18761864915924822
OPOBIF_clean,6.22483,5.35278,6.22483,1.6905,347.831,205.756,0.0,0.0,0.3994,0.236261,0.0,1,0.0001591495,0.0163947367,0.015437616829969119
OPOBOL_clean,3.22773,2.64519,3.22773,1.97289,0.0,0.0,0.0,0.0,0.3452,0.174972,0.0,1,5.69544e-05,0.0066307619,0.005508635426729908
OQEROS_clean,5.47906,4.59982,5.42309,1.16864,1289.46,1103.39,0.0,0.0,0.5586,0.477993,0.0,1,0.0007451018,0.0684248434,0.0722786105846425
OQESAF_clean,5.40051,4.82483,5.39518,1.19788,1160.82,969.063,0.0,0.0,0.5318,0.443952,0.0,1,0.0005271751,0.0641264981,0.05380167389642521
OQUCOU_clean,8.09828,4.42359,8.09828,0.85933,2801.31,3259.88,0.0,0.0,0.697,0.811097,0.0,1,0.0014376247,0.1395970866,0.14624083372422486
OQUZIL_clean,5.18347,3.94031,4.38977,3.26699,933.452,285.723,0.0,0.0,0.4852,0.148516,6.12e-05,1,0.0001824474,0.0174569938,0.017694678624587987
ORAQUU_clean,8.39177,4.98086,8.38728,0.858283,1785.46,2080.27,0.0,0.0,0.5764,0.671573,0.0,1,0.0011452951,0.1178355553,0.11082114794202826
ORIVOC_clean,11.63735,10.86073,11.63667,1.22977,1588.45,1291.67,0.0,0.0,0.669,0.544005,0.0,1,0.0010378762,0.1035166186,0.10383957463946308
OROLUD_clean,4.90586,4.18695,4.898,1.66342,1280.2,769.617,0.0,0.0,0.5884,0.353728,0.0,0,0.0005287589,0.0503504925,0.05171151569169021
OROMAK_clean,4.47726,3.37817,4.47726,1.77377,1093.9,616.711,0.0,0.0,0.5632,0.317516,0.0,0,0.0004265052,0.0403094556,0.04252756843562666
ORUKOD_clean,4.98278,3.59875,4.86135,1.67769,666.045,397.001,0.0,0.0,0.4328,0.257974,0.0,1,0.0002826562,0.0288393381,0.02809276680255902
OSAVEK_clean,5.46185,5.06196,5.40742,0.991485,1397.48,1409.49,0.0,0.0,0.5638,0.568642,0.0,1,0.0008815177,0.0884762364,0.08745569213059938
OSAVUA_clean,5.76863,5.59566,5.76863,0.884314,1778.32,2010.97,0.0,0.0,0.631,0.713547,0.0,1,0.0013024947,0.1244984999,0.12391104697464085
OSAWEL_clean,5.275,4.57502,5.23103,1.20581,1256.21,1041.8,0.0,0.0,0.5198,0.43108,0.0,1,0.0007431274,0.0719951739,0.0713843162966213
OSAXAI_clean,4.39347,3.53304,4.39347,1.30634,641.01,490.691,0.0,0.0,0.4368,0.334369,0.0,0,0.0003501868,0.0313551937,0.03506468547938908
OSIKIL_clean,8.13936,7.62995,8.13936,1.21532,2049.41,1686.32,0.0,0.0,0.6656,0.547676,0.0,0,0.0009005818,0.0885308744,0.08941489374148888
OSIXIY_clean,4.45544,3.93912,4.44865,1.99203,383.618,192.577,0.0,0.0,0.4342,0.217969,0.0,1,0.0001251151,0.012318305,0.01312923311777491
OSUVIJ_clean,5.66016,4.49241,5.58709,1.27175,1400.18,1100.98,0.0,0.0,0.5626,0.442381,0.0,1,0.0005626344,0.0614100594,0.05704686043986282
OTAQAD_clean,7.25379,5.92825,6.48374,0.846977,2257.66,2665.55,0.0,0.0,0.6554,0.773811,0.0,0,0.0015558238,0.151169743,0.14841591212248012
OTAVOV_clean,5.7034,4.97261,5.54406,1.0469,1728.96,1651.5,0.0,0.0,0.5858,0.559554,0.0,0,0.0007666365,0.0735495372,0.07600821503326383
OTAVUB_clean,5.619,4.89691,5.42117,1.09458,1697.03,1550.39,0.0,0.0,0.5796,0.529517,0.0,0,0.0006528585,0.0689597481,0.06773007048716392
OTECAT_clean,10.77761,8.01894,10.77717,0.584808,2035.46,3480.57,0.0,0.0,0.7422,1.26913,0.0,1,0.0022895677,0.2282850999,0.22787102287386438
OTOXIF_clean,4.04239,2.68801,3.71038,1.57055,0.0,0.0,111.027,70.6935,0.431,0.274427,0.0,1,0.0002601934,0.0254122195,0.025427458930320578
OTUDEO_clean,11.1719,10.22736,11.1719,0.861706,1688.22,1959.16,0.0,0.0,0.6512,0.75571,0.0,1,0.0013196001,0.1327207491,0.13192650520232238
OVIDON_clean,4.40281,2.81637,4.39884,1.53474,0.0,0.0,310.072,202.036,0.4368,0.284609,0.0,1,0.0001611329,0.017820511,0.017289792080474597
OVUDAL_clean,7.09169,4.92914,7.08099,2.29972,1368.63,595.127,0.0,0.0,0.5708,0.248204,0.0,1,0.0003876444,0.0363319054,0.03884349830929549
OWETIU_clean,6.92899,4.15657,6.92674,3.31737,1014.79,305.901,78.2458,23.5867,0.4912,0.148069,0.0,1,0.0001765451,0.0177517052,0.017573437707858113
OWEYOF_clean,6.37079,4.45129,6.36918,1.04803,1419.15,1354.11,0.0,0.0,0.5498,0.524602,0.0,0,0.0009909184,0.0892309221,0.09354190759817155
OWIHEJ_clean,7.35052,7.17386,7.35052,1.33314,1629.69,1222.45,0.0,0.0,0.6108,0.458167,0.0,0,0.000904161,0.0902589287,0.087361590105391
OWIKAI_clean,3.60224,2.65234,3.60224,2.2573,0.0,0.0,24.348,10.7864,0.3168,0.140345,0.0,0,0.0001100151,0.0095076943,0.010736224197970658
OWILAJ_clean,8.92733,6.71409,8.92733,0.968913,1708.71,1763.53,0.0,0.0,0.6184,0.638241,0.000412834,1,0.0010443136,0.1037321169,0.10460131945650883
OWUWOU_clean,5.606,4.2786,5.606,1.14741,1253.9,1092.81,0.0,0.0,0.529,0.461039,0.0,1,0.000581802,0.0569528182,0.06048751844191502
OWUWUA_clean,5.57616,4.37097,5.56477,1.14473,1062.1,927.816,0.0,0.0,0.5102,0.445693,0.0,1,0.0005776813,0.0539471606,0.056089226983203885
OXEVOE_clean,5.9996,4.29075,5.9996,1.32095,787.004,595.785,77.213,58.4525,0.5,0.378515,0.0,1,0.0004005649,0.0418692551,0.04053845660508941
OXOZUY_clean,8.19821,4.66417,8.1974,0.956716,1690.02,1766.48,0.0,0.0,0.6112,0.638852,0.0,1,0.0009725388,0.0994769763,0.09815664693831595
OYERER_clean,14.32515,11.45272,14.00664,0.462369,2190.15,4736.81,0.0,0.0,0.8394,1.81543,0.0,1,0.0034838382,0.3271441071,0.3440474063187845
OYIVEY_clean,8.41834,4.77784,8.41834,1.02358,1872.15,1829.01,0.0951624,0.0929698,0.626,0.611576,0.0,1,0.0010275078,0.1037324402,0.10400825230596335
OZAVUI_clean,5.43678,4.75451,5.43678,1.24526,1365.54,1096.59,0.0,0.0,0.5928,0.476044,0.0,1,0.0007112578,0.0686606258,0.07005837468909579
OZUKUR_clean,11.77684,11.08852,11.77544,1.07383,1569.26,1461.37,0.0,0.0,0.6592,0.613879,0.0,1,0.0012005311,0.122000691,0.11727025229953766
OZUMAZ_clean,11.32593,10.60044,11.32547,1.32216,1533.89,1160.14,0.0,0.0,0.6396,0.483754,0.0,1,0.0009513226,0.0943487208,0.09160085175362934
PAKFAL_clean,4.75354,4.10738,4.75354,2.43205,513.87,211.291,0.0,0.0,0.3964,0.16299,0.0,1,0.0001442544,0.0127640735,0.014710785382667691
PAKFEP_clean,4.86901,4.27875,4.86901,1.90484,508.538,266.971,0.0,0.0,0.3924,0.206001,0.0,1,0.0001692609,0.0164469086,0.017018781385794043
PAMTUU_clean,12.40087,5.62514,12.40087,0.908425,2011.92,2214.73,0.0,0.0,0.6952,0.76528,0.0,1,0.0013810514,0.1406091346,0.13741888891125242
PAPPIH_clean,3.83347,2.61175,3.83347,1.15257,0.0,0.0,145.715,126.426,0.4648,0.403272,0.0,1,0.0002058271,0.0195414689,0.0221497169325968
PARKUQ01_clean,6.67552,5.18428,6.65544,1.17133,2054.42,1753.92,0.0,0.0,0.6446,0.550316,0.0,0,0.0010258173,0.0990087628,0.10009382858190295
PASNEE_clean,4.1572,2.83674,4.15664,1.74103,0.0,0.0,147.202,84.5488,0.4688,0.269265,0.0,1,0.0001587266,0.018003805,0.015808993118024695
PATWOY_clean,7.80785,6.68696,7.80785,0.911859,1500.87,1645.94,0.0,0.0,0.5982,0.656023,0.0,1,0.0009700555,0.1027529456,0.09757812534977811
PEBCAA_clean,4.95801,3.02326,4.89301,1.87387,0.0,0.0,946.103,504.893,0.5454,0.291056,0.0,1,0.0004463112,0.0435673714,0.045386536627553056
PEBNEP_clean,4.70974,3.99855,4.70974,1.47945,319.51,215.966,0.0,0.0,0.4064,0.274697,0.0,1,0.0001494639,0.0143313905,0.014732640705355274
PECBOQ_clean,4.1758,2.83331,4.16444,1.8403,0.0,0.0,250.614,136.181,0.435,0.236374,0.0,1,0.0001876996,0.0177907456,0.01847418296468634
PECLEP_clean,5.39206,3.58035,5.25926,1.26009,1193.65,947.27,0.0,0.0,0.492,0.390447,0.0,0,0.00056449,0.0556040475,0.05587432577297602
PEDMER_clean,4.87431,3.86596,4.87431,1.94999,1030.99,528.717,0.0,0.0,0.5166,0.264924,0.0,1,0.0004255291,0.0425943559,0.04109780473218867
PEDMOB_clean,6.13543,5.59613,6.13543,1.47554,899.4,609.538,0.0,0.0,0.4724,0.320153,0.0,1,0.0003370837,0.0412786517,0.03396270671765206
PEDRIA_clean,15.09269,7.93434,15.07573,0.589901,2245.43,3806.46,0.0,0.0,0.8114,1.37549,0.0,0,0.0025721037,0.2564575361,0.25821744411067366
PEFRUP01_clean,6.70842,5.60789,6.69161,1.32053,1380.71,1045.57,0.0,0.0,0.5546,0.419982,0.0,1,0.0007094086,0.0693039184,0.06979891802501993
PEFRUP_clean,9.50189,8.00757,9.50189,1.0519,1670.24,1587.83,0.0,0.0,0.6432,0.611463,0.0,1,0.0010611111,0.112003513,0.10520582078449814
PEGQUP_clean,4.99244,3.49069,4.98026,2.64253,618.757,234.153,0.0,0.0,0.3906,0.147813,0.0,1,0.0002012074,0.0179562406,0.02021185068867737
PEJFEQ_clean,3.45673,2.75252,3.45167,2.56138,0.0,0.0,24.1937,9.44557,0.378,0.147577,0.0,0,0.0002332881,0.0260749159,0.022625526048099167
PEJNUP_clean,9.7414,9.14394,9.67281,0.771129,2269.17,2942.66,0.0,0.0,0.7412,0.961188,0.0,0,0.0017327628,0.1763468565,0.1740119524275501
PELGOE_clean,4.61976,3.65124,4.60921,1.18989,1005.69,845.196,0.0,0.0,0.5078,0.426764,0.0,1,0.0005507135,0.0523177822,0.05556004300757138
PELXIP_clean,5.04305,3.66818,5.03506,1.84132,581.447,315.776,13.9718,7.58794,0.4556,0.247431,0.0,1,0.0002469391,0.0246583905,0.024510990161979277
PENNAZ_clean,8.96214,8.00387,8.96214,0.962495,1990.53,2068.1,0.0,0.0,0.7004,0.727692,0.0,1,0.0013106479,0.1356235745,0.13088153498052335
PENNUT_clean,5.51848,4.07497,5.51848,1.34514,1276.26,948.789,0.0,0.0,0.5072,0.377061,0.0,1,0.0005230962,0.0493688271,0.053206004416621086
PEPBAO_clean,5.10254,3.95909,5.10254,1.42412,833.906,585.559,0.0,0.0,0.4934,0.34646,0.0,0,0.0003507428,0.0320312016,0.03617661191718894
PEPFAT_clean,10.91726,6.85852,7.70966,1.0029,2251.01,2244.49,0.0,0.0,0.6862,0.684214,0.0,1,0.0013415165,0.1295665265,0.13174839362321014
PEQRUZ_clean,5.68699,4.77458,5.65626,1.19715,1015.07,847.906,0.0,0.0,0.4752,0.396942,0.0,1,0.0006348518,0.0699802104,0.05994793657690888
PEQWAK_clean,5.99001,5.4678,5.99001,1.06078,1335.71,1259.17,0.0,0.0,0.5666,0.534134,0.0,1,0.0007857629,0.0794762464,0.07942429683207868
PEVFON_clean,11.13773,3.47627,11.13633,0.923906,1490.46,1613.21,0.0,0.0,0.6306,0.682537,0.0,0,0.0010984143,0.097141013,0.10776031456256582
PEVLEJ_clean,3.99247,3.35272,3.91043,2.12809,287.194,134.954,0.0,0.0,0.3742,0.175838,0.0,1,0.0001587089,0.0176817201,0.01527511334722983
PEVQOY_clean_h,14.80942,7.88362,14.80084,0.613708,2232.3,3637.4,0.0,0.0,0.8108,1.32115,0.0,0,0.0025254304,0.2474221966,0.25272791257002647
PEVZAT_clean,3.95096,3.16385,3.95096,1.39135,0.0,0.0,388.835,279.466,0.4324,0.310778,0.0,0,0.0002738102,0.0254660369,0.027080300360048586
PEWFII01_clean,4.22419,2.75196,4.20945,2.14367,0.0,0.0,716.52,334.249,0.5362,0.250132,0.0,1,0.0003727161,0.0350398435,0.036299823271691685
PEWFII_clean,4.2167,2.74504,4.09989,2.1516,0.0,0.0,768.518,357.184,0.518,0.240751,0.0,1,0.0003206038,0.0352426282,0.03174290524721014
PEYPIU_clean,4.73554,3.50341,4.73554,1.41341,845.394,598.124,0.0,0.0,0.4704,0.332812,0.0,0,0.0004173736,0.043438452,0.04154609659884423
PIDMEV01_clean,7.72003,4.28453,7.71744,1.05835,1674.28,1581.97,0.0,0.0,0.5974,0.564462,0.0,1,0.000934869,0.0917163872,0.0931877985428481
PIGXUZ_clean,4.56718,3.56694,4.54309,1.41248,518.542,367.114,0.0,0.0,0.408,0.288854,0.0,0,0.0002352111,0.0251983296,0.023765602426275022
PIJDIX_clean,5.30724,3.52085,5.26545,1.71921,1128.44,656.369,0.0,0.0,0.5814,0.338178,0.0,1,0.0005031955,0.0491947575,0.04973849020536706
PIWRAQ_clean,5.23847,2.90153,5.2383,1.79232,0.0,0.0,802.887,447.959,0.4986,0.278186,0.0,1,0.0003174416,0.0307891593,0.03168420519585294
PIWSEV_clean,8.52736,7.61097,8.52736,0.846818,2044.34,2414.14,0.0,0.0,0.6702,0.791433,0.0,1,0.0013986694,0.1322227544,0.1409000176520594
PIYZED_clean,7.00442,5.67284,7.00442,1.03221,2628.22,2546.21,0.0,0.0,0.7278,0.705091,0.0,0,0.001141145,0.1153710618,0.11240589120473313
PIZHEN_clean,4.08535,2.81479,3.91567,3.34285,0.0,0.0,152.591,45.647,0.422,0.12624,0.0,1,0.0001284863,0.0120085883,0.012415189450996745
PIZPIX02_clean,4.8742,3.92497,4.87073,1.75108,1636.83,934.755,0.0,0.0,0.5514,0.314892,0.0,1,0.0005126074,0.0494077363,0.05096689754090499
PIZPIX_clean_h,4.99576,3.97323,4.53163,1.71361,1574.79,918.993,0.0,0.0,0.5616,0.32773,0.0,1,0.0005010622,0.0494723895,0.04983619182646992
PIZRUN_clean,5.3818,4.43333,5.37307,1.2127,1196.95,987.011,0.0,0.0,0.5248,0.432754,0.0,1,0.0005380324,0.0555774501,0.055248127341330965
PIZSAU_clean,5.7096,4.51588,5.7096,1.18019,1218.01,1032.05,0.0,0.0,0.5404,0.457893,0.0,1,0.0005669794,0.0580724914,0.0575352927271886
POCPAZ_clean,6.39676,5.12111,6.38825,0.921688,1695.17,1839.2,6.74347,7.31643,0.6078,0.659442,0.0,1,0.001035526,0.0974518429,0.10080735062676204
PODXEN_clean,5.34783,4.01094,5.34783,1.28087,710.366,554.597,0.0,0.0,0.4518,0.352729,0.0,1,0.0002875444,0.0299480883,0.02953477114016214
POFSIN01_clean,6.99195,5.64457,6.99195,1.04057,2621.47,2519.27,0.0,0.0,0.7274,0.699041,0.0,0,0.0011296037,0.1138302996,0.11232211582438054
POFSIN03_clean,6.95953,5.63255,6.95953,1.04557,2624.93,2510.51,0.0,0.0,0.7258,0.694164,0.0,0,0.0012031795,0.1137783638,0.1179089620745458
POFSIN04_clean,6.97392,5.62462,6.97392,1.04699,2616.52,2499.1,0.0,0.0,0.7262,0.69361,0.0,0,0.0011945235,0.1143799536,0.11744921707721644
POHLOP_clean,4.01562,2.88489,3.90861,1.79796,0.0,0.0,382.778,212.895,0.4742,0.263743,0.0,1,0.0002642814,0.0267890596,0.026084472479883204
POKVES_clean,3.98493,3.00906,3.98493,2.05587,0.0,0.0,198.119,96.3678,0.3688,0.179389,0.0,1,0.0001510247,0.0138708522,0.014882218597132613
POLDOK_clean,5.06326,4.95206,5.06326,1.44271,500.914,347.204,76.3428,52.9162,0.4724,0.327439,0.0,1,0.000312599,0.0308994668,0.03088361500468096
POLDUQ_clean,5.0902,4.98067,5.0902,1.44184,520.517,361.01,59.0453,40.9514,0.471,0.326666,0.0,1,0.0002944534,0.0298626937,0.029363147689738366
POLYEW_clean,5.14291,3.60228,5.14291,1.21883,774.169,635.173,0.0,0.0,0.4678,0.38381,0.0,1,0.0004232184,0.0432791903,0.04150996216179323
POSFOU_clean,4.73608,3.35906,4.73077,1.31618,562.105,427.072,0.0,0.0,0.5096,0.38718,0.0,1,0.0003780653,0.0370033227,0.037474075451356
POSGAH_clean,6.19197,4.53531,6.16887,1.09324,1845.26,1687.87,0.0,0.0,0.5814,0.531812,0.0,0,0.0009094967,0.0865263145,0.08919715390975168
PUFRIR_clean,5.81593,4.39318,5.8122,0.99503,2005.1,2015.11,0.0,0.0,0.6314,0.634554,0.0,1,0.0008019441,0.0889394151,0.08376805215842012
PUFXIZ_clean,4.99812,2.62764,4.99812,1.37474,0.0,0.0,756.157,550.036,0.5084,0.369815,0.0,1,0.0004840646,0.0414330562,0.04785672123930032
PUGFII_clean,5.58292,2.993,4.55976,1.24413,0.0,0.0,883.579,710.201,0.4966,0.399156,0.0,1,0.0005930208,0.0615349759,0.05880246525591408
PUJJEL_clean,9.07645,8.51256,9.07645,1.13917,1399.12,1228.2,0.0,0.0,0.572,0.502121,0.0,0,0.0007934036,0.0796278426,0.07964143066750236
PULHOT_clean,5.02589,2.8012,5.01307,1.81033,0.0,0.0,869.819,480.476,0.5112,0.28238,0.0,0,0.0004808576,0.0499838831,0.04687603512597994
PUNSIB_clean,5.01625,3.57988,5.00209,1.32619,942.101,710.383,0.0,0.0,0.5344,0.402959,0.0,0,0.0004484708,0.0449687375,0.04586012574318439
PUQDOW_clean,5.15222,4.10448,5.15222,1.41779,682.397,481.312,0.0,0.0,0.4322,0.304841,0.0,0,0.0002712521,0.0266957918,0.02736694328222713
PURNEX_clean,5.09479,3.51841,5.0825,3.89183,1036.85,266.417,0.0,0.0,0.4494,0.115473,0.0,1,0.0001607367,0.0150454403,0.0162336350530838
PURRIE_clean,4.99199,2.94614,4.97757,1.35446,0.0,0.0,208.739,154.113,0.3844,0.283804,0.0,1,0.0001096598,0.0122696224,0.011885832655169857
PUSRUR_clean,5.04529,3.12069,5.04149,2.23299,0.0,0.0,552.213,247.297,0.4624,0.207077,0.0,1,0.0001726151,0.0187299507,0.018098536231558535
PUVJOG_clean,5.99071,5.7142,5.99071,1.16612,1343.68,1152.27,0.0,0.0,0.5688,0.487772,0.0,0,0.0007396416,0.0741899004,0.07287565715771833
PUWDOA_clean,10.50578,8.82117,10.50578,0.768678,1898.43,2469.74,0.0,0.0,0.689,0.896344,0.0,1,0.0016157055,0.1548615007,0.15737996825569797
PUWXAH_clean,4.52797,3.58309,4.52797,1.5745,738.046,468.749,0.0,0.0,0.4104,0.260654,0.0,0,0.0002678461,0.0248168841,0.026408341115913746
PUWYAI_clean,3.94407,2.70576,3.76015,1.53108,0.0,0.0,95.6349,62.4623,0.4062,0.265302,0.0,1,0.0003234907,0.0292775169,0.030842318778228874
PUZKOM_clean,5.73239,3.68789,5.71092,1.28608,1004.7,781.21,0.0,0.0,0.5098,0.396397,0.0,1,0.0004641354,0.0497324287,0.04719587214669149
PUZMAZ_manual,16.4214,9.23775,16.40927,0.447552,2179.79,4870.46,0.0,0.0,0.7972,1.78124,0.0,0,0.0033281999,0.3381856165,0.3288686291391282
QADBII_clean,4.90485,4.23271,4.90165,1.42586,539.675,378.491,0.0,0.0,0.4884,0.34253,0.0,0,0.0002404789,0.0252756729,0.02518008127808905
QADWEY_clean,5.10125,3.39709,4.70821,1.83379,898.197,489.805,0.0,0.0,0.5456,0.297527,0.0,0,0.0004411208,0.0479176012,0.043147602232168146
QAGTOH_clean,4.99286,4.09874,4.71178,1.12214,865.652,771.429,0.0,0.0,0.4996,0.44522,0.0,0,0.0004283596,0.0445266828,0.04307794956624728
QAPQEE_clean,4.84641,3.70884,4.84641,1.26705,1206.55,952.253,0.0,0.0,0.5406,0.426661,0.0,1,0.0005078671,0.0459427906,0.05255154242234391
QAQHOG_clean,4.07536,3.5864,4.07536,2.36311,463.12,195.979,0.0,0.0,0.3764,0.159282,0.0,1,0.0002573212,0.0252712148,0.025232529589241205
QAQNOO_clean,9.00524,7.79992,9.00524,0.836247,1935.23,2314.19,0.0,0.0,0.674,0.805982,0.0,1,0.0012478406,0.1258579749,0.127547548061976
QAQRUW_clean,6.65732,4.64818,6.52021,0.851853,2010.6,2360.27,0.0,0.0,0.621,0.728999,0.0,1,0.0013065049,0.1262534117,0.1284107022645641
QARTEK_clean,4.66531,2.87899,4.65441,1.51683,0.0,0.0,346.074,228.157,0.449,0.296013,0.0,0,0.0001984606,0.0195924203,0.02068352862555164
QATLEE_clean,5.57595,4.31452,5.57595,1.46536,813.962,555.469,0.0,0.0,0.467,0.318693,0.0,1,0.000422558,0.043953856,0.040975063138784164
QEPZOB_clean,6.00756,3.91744,6.00756,0.930353,1597.61,1717.21,0.801378,0.86137,0.6088,0.654376,0.0,1,0.0009238177,0.081515803,0.09266410296002345
QERZUI01_clean,4.40066,3.54145,4.40066,1.45403,577.348,397.068,0.0,0.0,0.4282,0.294492,0.0,1,0.0003640528,0.0339592085,0.03562391981772385
QERZUI_clean,4.32153,3.30941,4.30984,1.48187,0.0,0.0,394.866,266.465,0.4232,0.285586,0.0,1,0.000291844,0.0290023735,0.02946339745026015
QEZZOL_clean,6.25588,3.45747,6.04611,1.73068,941.451,543.977,0.0,0.0,0.483,0.279081,0.0,1,0.0002992512,0.0294487028,0.03050996930909164
QISVAQ_clean,5.30487,2.64369,5.2651,1.38354,0.0,0.0,759.704,549.101,0.4892,0.353585,0.0,1,0.0004411021,0.044978512,0.043759169091090906
QITDEE_clean,4.86214,3.02405,4.86214,1.33739,0.0,0.0,387.596,289.815,0.464,0.346944,0.0,1,0.000256072,0.0231681535,0.02642566274834688
QIWDOR_clean,4.59203,4.06699,4.58575,1.55074,682.335,440.007,0.0,0.0,0.3988,0.257168,0.0,1,0.0002294305,0.0255621369,0.0230936128930158
QIWPET_clean,6.87756,5.53647,6.83784,1.18214,1480.3,1252.22,0.0,0.0,0.543,0.459336,0.0,1,0.0008196389,0.0856490919,0.07834589455655998
QIYDIN01_clean,21.60142,10.45655,21.53105,0.395741,1819.65,4598.09,0.0,0.0,0.8328,2.10441,0.0,1,0.0038570718,0.3910677052,0.3959598070682992
QIYQAR_clean,3.54215,2.80365,3.54215,1.82518,0.0,0.0,33.1135,18.1426,0.4794,0.262659,0.0,1,0.0002086632,0.0239912611,0.02037363738491752
QOBGEV_clean,7.79609,3.48851,7.69085,1.10244,1557.79,1413.04,0.0,0.0,0.6186,0.56112,0.0,0,0.001004024,0.0960062438,0.09888449504104253
QOBWEJ01_clean,4.69819,2.92267,4.42594,2.00966,0.0,0.0,737.135,366.796,0.53,0.263727,0.0,1,0.0004228958,0.041052651,0.040862723473533195
QOBWIN_clean,4.6196,3.06253,4.50511,2.05144,0.0,0.0,561.668,273.793,0.5346,0.260598,0.0,1,0.0003334232,0.0339611704,0.03310040054166675
QOCBUH_clean,5.62714,5.2779,5.62443,1.65942,1085.12,653.917,0.0,0.0,0.4334,0.261175,0.0,0,0.0004987888,0.0461600721,0.046866447010911756
QOCSAD_clean,5.79442,4.21505,5.67699,1.39648,1468.21,1051.36,0.0,0.0,0.5488,0.392987,0.0,1,0.0006256117,0.063412098,0.06217405994594086
QODHUO03_clean,7.01529,3.79079,6.96918,1.33247,1014.37,761.274,0.0,0.0,0.4906,0.368189,0.0,1,0.0003923012,0.0415216433,0.03965032886227742
QODHUO10_clean,7.01033,3.79821,6.75812,1.33845,1014.35,757.851,0.0,0.0,0.488,0.364601,0.0,1,0.0004053159,0.0405808641,0.04068796116149578
QODHUO11_clean,7.01042,3.80896,6.9255,1.3366,1007.71,753.939,0.0,0.0,0.4868,0.364209,0.0,1,0.0004415713,0.0413115483,0.04404362737452592
QODHUO12_clean,7.0091,3.78553,6.9949,1.33735,1014.06,758.26,0.0,0.0,0.4828,0.361012,0.0,1,0.0004081048,0.0408857806,0.040833555975398894
QOFBIY_clean,7.01606,3.82362,7.01606,1.3363,1014.56,759.23,0.0,0.0,0.4868,0.364289,0.0,1,0.0004341343,0.0414946842,0.042659583648275295
QOFDIA01_clean,7.07034,3.75403,6.76838,1.31589,1019.32,774.626,0.0,0.0,0.4958,0.37678,0.0,1,0.0004369231,0.041989244,0.04364878696765002
QOFDIA06_clean,7.01624,3.71089,6.8329,1.32411,1025.99,774.855,0.0,0.0,0.4912,0.370967,0.0,1,0.000417401,0.0413905663,0.04205526272167412
QOFDIA07_clean,7.02954,3.71586,6.33543,1.32374,1036.28,782.845,0.0,0.0,0.4912,0.371071,0.0,1,0.0004490082,0.0413366481,0.04484220228737473
QOFLAA_clean,9.67197,6.44372,9.67197,0.77122,2332.16,3023.99,0.0,0.0,0.771,0.999714,0.0,1,0.0018239373,0.1813287765,0.18204878515508183
QOHTUD_clean,6.67584,5.81143,6.66422,1.12235,912.162,812.727,0.0,0.0,0.4922,0.438545,0.0,1,0.000444446,0.0460347765,0.04440327765797487
QOJKAB_clean,5.80501,4.09157,5.4799,1.16562,2116.28,1815.58,0.0,0.0,0.6686,0.5736,0.0,0,0.0008861883,0.0891974687,0.08784297705918673
QOJTUE_clean,4.99075,4.07072,4.98875,1.39072,1473.66,1059.64,0.0,0.0,0.5964,0.428841,0.0,1,0.0007075007,0.0676736868,0.06975460404125154
QOMRUH_clean,5.91598,4.8393,5.90444,0.946458,2296.32,2426.22,0.0,0.0,0.6568,0.693956,0.0,1,0.001071737,0.112643924,0.10978473546963624
QOMTET_clean,4.76534,3.95054,4.76534,1.34356,1133.18,843.42,0.0,0.0,0.5016,0.373337,0.0,1,0.0004918838,0.0529145653,0.04909231286899374
QONLEM_clean,5.90984,4.72024,5.82362,0.936419,2363.81,2524.31,0.0,0.0,0.6642,0.709298,0.0,1,0.0011614525,0.1142879007,0.11661955030841523
QOPPOC_clean,4.21204,3.56876,4.20993,1.51146,562.274,372.007,0.0,0.0,0.4702,0.31109,0.0,1,0.0003500362,0.0358374636,0.034955298633540716
QOSJEP_clean,5.95986,5.08733,5.90424,1.45523,1476.39,1014.54,0.0,0.0,0.5466,0.37561,0.0,1,0.0005409459,0.0584120857,0.054997957995253685
QOVDEL_clean,9.82811,9.16141,9.82811,1.34846,1344.96,997.404,0.0,0.0,0.5734,0.425224,0.0,1,0.0006674211,0.0650809665,0.06788409552364141
QOVSOL_clean,6.4221,3.84022,6.40906,1.13898,1211.49,1063.66,0.0,0.0,0.5446,0.478145,0.0,0,0.0006531127,0.0669987665,0.06534755143845443
QOVSUR_clean,7.13291,2.76599,7.13291,1.29279,0.0,0.0,773.593,598.39,0.5074,0.392484,0.0,0,0.0004289964,0.0440289147,0.04196777045247107
QOWLEU_clean_h,7.55178,5.63017,7.55178,1.41332,1270.28,898.791,0.0,0.0,0.5304,0.375286,0.0,0,0.0005272133,0.0474118623,0.052558560052792865
QUFXIZ_clean,4.67454,3.3342,4.67454,1.48268,312.717,210.914,0.0,0.0,0.406,0.273829,0.0,1,0.0002230282,0.0196481112,0.022264690332499143
QUGNOV_clean,3.55675,2.97561,3.55675,1.86679,0.0,0.0,25.9667,13.9098,0.3552,0.190273,0.0,0,7.29087e-05,0.0095024383,0.007651171349979299
QUHMOX_clean,4.58402,3.20914,4.58402,3.25207,0.0,0.0,275.13,84.6014,0.3406,0.104733,0.0,1,0.0001146449,0.0117331547,0.01088227824976583
QUJJUC_clean,6.37183,4.25289,6.36461,1.09976,2598.54,2362.82,0.0821372,0.0746863,0.689,0.626499,0.0,0,0.0011723937,0.1127380833,0.11389690354895433
QUKYOL_clean,4.31995,2.89067,4.31995,2.04489,0.0,0.0,512.193,250.475,0.4492,0.21967,0.0,1,0.0002479162,0.0247267337,0.02516306157464902
QUPDEL01_clean,4.31787,3.88877,4.31787,2.05035,791.695,386.128,0.0,0.0,0.4768,0.232546,0.0,1,0.0003163142,0.0301679496,0.030928568799679562
QUQPOI_SL,6.67917,4.16594,6.67917,0.777338,2276.92,2929.12,0.0,0.0,0.6518,0.838503,0.0,0,0.001395597,0.1435743543,0.1387271948101403
QURSEC_clean,6.73488,4.98598,6.69979,1.11309,1471.92,1322.37,0.0,0.0,0.585,0.525564,0.0,1,0.0007297172,0.0771165993,0.07378358779140179
QUSRUT_clean,5.91349,3.768,5.90805,2.1648,1012.46,467.691,0.0,0.0,0.5258,0.242886,0.0,1,0.0002717096,0.0287028154,0.027718457740165604
QUSSII_clean,5.07067,4.28847,5.07067,1.30387,1013.74,777.485,0.0,0.0,0.5214,0.399886,0.0,1,0.0004602715,0.0508676466,0.04714508737719581
QUVFET_clean,3.88602,3.16514,3.79127,2.23795,0.0,0.0,231.353,103.377,0.402,0.179629,0.0,0,0.0001579419,0.0159258043,0.015695652056494546
QUXROS_clean,5.0019,3.66108,4.98081,1.56447,446.305,285.275,0.0,0.0,0.341,0.217965,0.0,0,0.0002561163,0.025467446,0.02525506798106177
RABNOX_clean,3.57391,2.71206,3.5703,2.0427,0.0,0.0,17.6723,8.65144,0.346,0.169384,0.0,0,8.79046e-05,0.008697111,0.008707493275223731
RAGYAB_clean,4.47073,2.84112,4.46679,1.85769,0.0,0.0,412.043,221.804,0.5066,0.272704,0.0,1,0.0003945335,0.0365892342,0.038140515492630145
RAHBUZ_clean,6.80616,5.48586,6.79539,1.14478,1985.3,1734.22,0.0,0.0,0.6386,0.557835,0.0,1,0.0009189491,0.0897217091,0.09166509909553218
RAHMAP_clean,5.60258,3.44233,5.60258,1.27525,1106.44,867.624,0.0,0.0,0.5354,0.419839,0.0,1,0.0006413037,0.0608027656,0.06264822541402264
RAHNOF_clean,19.03849,6.57368,19.03849,0.594852,2177.49,3660.55,0.0,0.0,0.7766,1.30553,0.0,1,0.0025833949,0.2561717352,0.257941852990878
RALZEL_clean,4.9282,3.31788,4.92744,1.70267,413.407,242.8,0.0,0.0,0.3896,0.228817,0.0,1,0.0002227437,0.021325972,0.02199060246716791
RANNOM_clean,5.69914,3.57907,5.69914,1.37889,1612.66,1169.53,0.0,0.0,0.555,0.402497,0.0,1,0.0006135288,0.0573905771,0.061792885669165354
RAPBOZ_clean,6.26431,4.41375,6.26263,1.54927,1120.19,723.042,0.0,0.0,0.4916,0.31731,0.0,1,0.0005941772,0.0472357004,0.056505130074398856
RAPYUE_clean,8.10283,5.74584,7.78942,0.857006,2630.83,3069.79,0.0,0.0,0.7212,0.841534,0.0,1,0.0016294873,0.1538208167,0.16073746756116655
RAVJOP_clean,6.06205,4.36461,6.04226,1.22934,1821.97,1482.08,0.0,0.0,0.617,0.501897,0.0,1,0.0008817154,0.0829909749,0.08731757764727055
RAVWIW_clean,30.70055,30.14408,30.70055,0.362219,1156.23,3192.07,0.0,0.0,0.82,2.26383,0.0,1,0.0038230868,0.4082148435,0.4025158379522509
RAVXAP_clean,34.85961,34.35542,34.85961,0.286106,1008.2,3523.86,0.0,0.0,0.8406,2.93808,0.0,1,0.0053751494,0.5285814078,0.5371909172421147
RAVXOD_clean,71.64119,71.50197,71.64119,0.179103,619.991,3461.66,0.0,0.0,0.8986,5.01724,0.0,1,0.0092162882,0.9127543083,1.426497612739678
RAXYOF_clean,4.79754,4.32387,4.79754,1.30004,712.796,548.286,0.0,0.0,0.4292,0.330142,0.0,0,0.0002744263,0.0279034923,0.027787591828045063
RAZYIC_clean,7.88308,6.20532,7.88308,1.40501,1615.19,1149.59,0.0,0.0,0.5966,0.424622,0.0,0,0.000750591,0.0732537834,0.07334488188948896
REBRIA_clean,10.5814,2.63789,10.5814,0.973035,0.0,0.0,1787.86,1837.41,0.6822,0.701106,0.0,0,0.0011098632,0.1188774274,0.10815332987510061
REDYEG_clean,6.00247,5.30071,6.00247,1.71779,1047.72,609.926,0.0,0.0,0.4804,0.279662,0.0,0,0.0003899687,0.0369260059,0.038732084020679146
REGRAY_clean,9.45537,5.54963,9.26082,0.925798,2318.33,2504.14,0.0,0.0,0.7126,0.769715,0.0,1,0.0014927343,0.1427321836,0.1463062321866023
REJLIC_clean,7.01256,4.27999,7.01256,1.09096,1719.24,1575.89,0.0,0.0,0.5716,0.523941,0.0,0,0.0007943617,0.0822034575,0.08093491428860938
REKCUG_clean,5.13391,3.39797,5.11577,1.71878,1203.69,700.316,0.0,0.0,0.566,0.329302,0.0,0,0.0003955601,0.0451301758,0.03959982650591137
RESQAJ_clean,5.3045,3.72656,5.30006,1.51504,527.124,347.927,0.0,0.0,0.4244,0.280124,0.0,1,0.0002239344,0.0227644212,0.022729007152138405
RESWOC_clean,5.10105,3.16769,5.02219,1.9706,0.0,0.0,752.24,381.731,0.4602,0.233533,0.0,1,0.0002637258,0.0280641614,0.026851746923935976
REXDUV_clean,8.6384,5.67843,8.6331,1.35953,1719.61,1264.86,0.0,0.0,0.6318,0.464721,0.0,0,0.0007564097,0.0712842069,0.07367463595823258
REXFEH_clean,9.20954,5.96123,9.20203,1.33437,1715.88,1285.91,0.0,0.0,0.627,0.469885,0.0,0,0.0007248103,0.0721512144,0.0724159422629061
RIFGAQ_clean,13.18615,6.52783,13.17424,0.879718,2150.81,2444.89,0.0,0.0,0.7148,0.812533,0.0,1,0.0015260205,0.1599622263,0.15608288970211398
RIGPEE01_clean,4.32886,3.44721,4.31075,1.25081,566.106,452.592,0.0,0.0,0.462,0.369361,0.0,1,0.000270238,0.0293960502,0.027916423442195012
RILVOZ_clean,4.31101,3.3071,4.17578,1.30078,0.0,0.0,552.123,424.455,0.4892,0.376082,0.0,1,0.0004223888,0.0410992757,0.041068651189995156
RIPNIP_clean,5.40468,4.16071,5.24069,1.54847,1362.91,880.165,0.0,0.0,0.5192,0.335298,0.0,1,0.0004768051,0.0459034383,0.04823374774421381
RIPTAM_clean,5.57227,3.16505,5.5704,1.36277,0.0,0.0,924.811,678.626,0.5064,0.371596,0.0,1,0.0004607904,0.047191651,0.04696811411133974
RIWSUM_clean,5.96762,4.61739,5.59799,1.1098,1315.0,1184.9,1.14823,1.03463,0.578,0.520815,0.0,1,0.000696267,0.0640222748,0.06983503246441713
RIXBEG_clean,6.00946,4.04752,5.99904,1.21211,664.521,548.234,0.0,0.0,0.4704,0.388083,0.0,1,0.0004012755,0.0370412603,0.0394064146640449
RIXBIK_clean,6.35159,4.65776,6.34133,1.14836,1013.62,882.673,0.0,0.0,0.5162,0.449512,0.0,1,0.0005860651,0.0572364335,0.05874595806408571
RIYBAE_clean,8.18384,7.49831,8.16337,1.22176,2051.61,1679.23,0.0,0.0,0.667,0.545934,0.0,0,0.0008814905,0.0903274297,0.08785935679385534
RIYBEI_clean,8.30815,7.80553,8.30815,1.20426,2064.05,1713.96,0.0,0.0,0.6688,0.555362,0.0,0,0.000921648,0.0924347121,0.0916045135704768
RIYBIM_clean,8.35741,7.50788,8.28491,1.24126,2090.26,1683.99,0.0,0.0,0.6636,0.534619,0.0,0,0.0009137482,0.091154938,0.09046724552632371
RIYBOS_clean,8.27117,7.50835,8.18647,1.23809,2073.81,1675.0,0.0,0.0,0.6628,0.535339,0.0,1,0.0008979485,0.0907698208,0.09026438919169605
RIYWIH_clean,4.61736,3.75355,4.61736,1.46943,261.851,178.199,75.8401,51.612,0.4096,0.278748,0.0,1,0.0002508395,0.023500533,0.024836146410314463
ROGLOP_clean,5.33017,3.84032,5.33017,1.2463,995.82,799.02,0.0,0.0,0.527,0.422851,0.0,1,0.0005112116,0.0466457476,0.051608897234422794
ROGSAI_clean,7.26111,4.49108,7.2508,1.17019,1831.91,1565.48,0.0,0.0,0.6072,0.51889,0.0,1,0.0008871316,0.0847681355,0.08771485105815417
ROLZEZ_clean,6.54271,5.20454,6.54271,1.10411,1262.09,1143.08,86.4297,78.2797,0.5632,0.510092,0.0,0,0.0006734295,0.06761818,0.06865895268802723
RONWIA_clean,5.83208,4.50922,5.82484,1.11758,1988.36,1779.17,0.0,0.0,0.6574,0.588235,0.0,1,0.0007541822,0.0773582434,0.07552528553949153
RONZUP_clean_h,4.06927,2.89313,4.06927,1.87075,0.0,0.0,367.091,196.226,0.4368,0.233489,0.0,1,0.0001493763,0.0157633202,0.01484271038176023
ROQDIM03_clean,5.26519,2.71024,5.26519,1.02435,0.0,0.0,974.413,951.248,0.5848,0.570897,0.0,0,0.0005945186,0.0606842667,0.06133528483601497
ROQFUA01_clean,5.15072,2.69402,5.15072,1.01799,0.0,0.0,923.919,907.594,0.5634,0.553445,0.0,0,0.0006456273,0.0595044304,0.06376010671866228
ROQFUA_clean,5.11151,2.66584,5.11151,1.02483,0.0,0.0,897.894,876.138,0.56,0.546431,0.0,0,0.0005695927,0.0583465698,0.056288417754868966
ROQVIE_clean,8.20229,7.33404,8.17219,0.896085,1741.45,1943.4,0.0,0.0,0.6732,0.751268,0.0,0,0.0013691522,0.1330940666,0.13639137785906
RORLIV_clean,5.0614,3.45442,5.0614,1.30915,1167.77,892.008,0.0,0.0,0.6106,0.466408,0.0,0,0.0004967447,0.0513447432,0.05184715874822853
RORRIB_clean,5.56844,4.5608,5.56844,2.09957,1607.82,765.783,0.0,0.0,0.5896,0.280819,0.0,1,0.0004165148,0.0422570692,0.041404463199757095
ROYRII_clean,6.60108,5.14039,6.60108,1.17875,1322.43,1121.89,0.0,0.0,0.5472,0.464219,0.0,1,0.0007281155,0.0696145422,0.07231700476984439
RUBTAK01_SL,8.70379,4.00842,8.70379,1.20121,1712.27,1425.46,0.0,0.0,0.5914,0.492338,0.000832496,0,0.0007595211,0.0803957231,0.07540348701508164
RUBTAK02_SL,8.49537,3.88559,8.49537,1.23841,1654.63,1336.08,0.0,0.0,0.5866,0.47367,0.000322994,0,0.000741159,0.0746433942,0.07400207476675716
RUBTAK03_auto,8.46299,3.95011,8.46299,1.23778,1637.26,1322.74,0.0,0.0,0.6028,0.487,0.000161579,0,0.0006441322,0.0740010355,0.06834723535618592
RUDQUD_clean,5.30275,3.07284,5.30275,2.00224,0.0,0.0,1175.48,587.083,0.5982,0.298765,0.0,1,0.0003981108,0.0397616233,0.04099740319130361
RUFMUA01_clean,4.11681,2.9225,4.01453,1.51217,0.0,0.0,359.122,237.488,0.3882,0.256717,0.0,1,0.0003273533,0.0288826334,0.03120261378900027
RUGHOS_clean,3.74757,2.86804,3.74757,2.005,0.0,0.0,228.769,114.099,0.511,0.254862,0.0,1,0.0002847386,0.0257098117,0.027911247473294022
RUGKAH_clean,3.92683,2.69591,3.92683,2.3372,0.0,0.0,182.176,77.9463,0.4314,0.18458,0.0,0,0.0001628353,0.0141068193,0.016400142586443997
RUGXOI_clean,5.21341,3.72816,5.20196,1.19066,1517.77,1274.73,0.0,0.0,0.586,0.492165,0.0,0,0.0008392449,0.0819009305,0.08122374694180892
RUGZAW_clean,9.17489,7.98957,9.06653,0.92991,1617.71,1739.64,0.0,0.0,0.6164,0.66286,0.0,1,0.0010455085,0.1055030454,0.10515346113124699
RUJGOT_clean,3.71093,3.17193,3.71093,1.70495,0.0,0.0,221.996,130.207,0.385,0.225813,0.0,0,0.000162223,0.0151408096,0.01608394485458965
RULQIY_clean,8.44935,6.89767,8.44935,1.57222,1115.58,709.56,0.0,0.0,0.577,0.366998,0.0,1,0.0004262605,0.0437403946,0.04321037098706128
RURPAW_clean,4.26453,3.57847,4.26352,2.09861,723.866,344.926,0.0,0.0,0.4906,0.233773,0.0,1,0.0003634382,0.0312714888,0.03565969339839879
RURPEA_clean,4.37304,3.99561,4.36427,1.79681,1037.11,577.197,0.0,0.0,0.5372,0.298975,0.0,1,0.000387859,0.037392478,0.03860320059727144
RUVBOB_clean,6.09913,3.98908,5.99424,1.3777,1258.08,913.177,14.3931,10.4472,0.545,0.395586,0.0,0,0.0005637854,0.0528924228,0.05596793538618496
RUVCES_clean,5.62432,4.09519,5.62432,1.21847,2083.62,1710.03,0.0,0.0,0.6886,0.565136,0.0,0,0.0009144934,0.0901399531,0.08861385304415012
RUVKAV_clean,11.95152,7.15447,11.95152,0.601684,2230.0,3706.27,0.0,0.0,0.7794,1.29537,0.0,1,0.0024683371,0.25077725,0.2450820810500368
RUYVAK_clean,9.67948,7.48497,9.67948,1.15401,1452.68,1258.81,0.0,0.0,0.5806,0.503115,0.0,1,0.0008810379,0.084936911,0.08645340978275923
RUYVEO_clean,12.21297,10.12216,12.21297,0.962787,1461.82,1518.32,0.0,0.0,0.6354,0.659959,0.0,1,0.0012027298,0.1147768594,0.11557378790661206
SABVOH01_clean,6.48998,6.20475,6.48998,1.00596,1532.58,1523.5,0.0,0.0,0.5966,0.593066,0.0,0,0.0011332466,0.1007128037,0.10776139087920629
SABYAY_clean,4.49231,2.91617,4.47725,1.70915,0.0,0.0,478.051,279.702,0.4376,0.256034,0.0,1,0.0003178691,0.0289603707,0.03035100472770139
SABZED_clean,4.43879,2.9662,4.43879,1.80329,0.0,0.0,426.692,236.619,0.431,0.239007,0.0,1,0.0002785627,0.0267149196,0.0273567544179837
SADLIU_clean,6.85652,6.48147,6.85652,1.67165,1571.6,940.146,0.0,0.0,0.549,0.328417,0.0,0,0.0007197365,0.0658504129,0.06715210102894545
SADMUH_SL,7.87003,7.35,7.87003,0.987944,1759.25,1780.72,0.0,0.0,0.6412,0.649025,0.0,0,0.0011499455,0.1130480918,0.11155568569402582
SAHBAF_clean,3.95463,2.96684,3.95463,1.55745,0.0,0.0,483.564,310.483,0.5306,0.340684,0.0,0,0.0004650382,0.0463296873,0.04595835989977261
SANHUN_clean,6.50583,4.8025,6.36295,1.599,1277.92,799.196,0.0,0.0,0.517,0.323327,0.0,1,0.0005206769,0.0570265197,0.05087007457221903
SAPJEZ_clean,6.92299,3.26636,6.92274,1.48778,0.0,0.0,1369.63,920.584,0.5514,0.370619,0.0,0,0.0009566533,0.0659065923,0.06273760650059682
SARGID_clean,11.28011,10.79695,11.27845,1.13003,1551.23,1372.74,0.0,0.0,0.643,0.569013,0.0,1,0.0011518492,0.1168073299,0.11278032674531266
SARGOJ_clean,11.21149,10.84114,11.20988,1.13101,1553.18,1373.27,0.0,0.0,0.6422,0.56781,0.0,1,0.0011900019,0.1138359584,0.11639371583895512
SAYTUJ_clean,5.53716,4.24775,5.50087,1.26647,2678.26,2114.75,0.0,0.0,0.7138,0.563615,0.0,1,0.0007194201,0.075127278,0.07143311855403744
SEFSOM_clean,7.74471,4.63206,7.74435,1.3092,888.245,678.465,0.0,0.0,0.4856,0.370914,0.0,0,0.0004174339,0.0407193493,0.04163980005721805
SEFVEG02_clean,11.61381,3.82654,11.61381,0.901728,1567.52,1738.35,0.0,0.0,0.642,0.711966,0.0,0,0.0010412052,0.1007291663,0.10709037427092193
SEGBIR_clean,10.04679,9.57778,10.04679,1.2245,885.139,722.858,0.0,0.0,0.519,0.423847,0.0,1,0.0004499776,0.0507700789,0.045824317718875615
SEHLEY_clean,3.36665,2.71265,3.33888,2.12389,0.0,0.0,0.0242582,0.0114216,0.3734,0.17581,0.0,1,3.52659e-05,0.0046557793,0.004579899704971456
SEHSUU_clean,5.44704,4.60331,5.44667,1.3755,2258.75,1642.13,0.0,0.0,0.6246,0.454089,0.0,1,0.0008959354,0.0841066382,0.08829302799663635
SEHTAB_clean,5.41612,4.59352,5.36104,1.41024,2230.71,1581.8,0.0,0.0,0.6402,0.453966,0.0,1,0.0008329946,0.0865748063,0.08324693170416306
SEHTEF_clean,5.47631,4.61623,5.47631,1.08146,2270.04,2099.06,0.0,0.0,0.6446,0.596049,0.0,1,0.0010603541,0.1098170319,0.10555990698246355
SEHXIN_clean,7.02055,6.72566,7.02055,1.5497,1564.27,1009.4,0.0,0.0,0.5642,0.364069,0.0,0,0.000779381,0.0700031208,0.07653250438602739
SEJBAL_clean,5.28042,3.84303,5.01194,1.17037,1017.74,869.583,0.0,0.0,0.5124,0.437809,0.0,1,0.0005163562,0.0490646318,0.05171560390247708
SETQAL_clean,4.42679,4.26632,4.42679,1.31307,1092.38,831.931,0.0,0.0,0.5278,0.40196,0.0,0,0.0005668338,0.0545246495,0.05602524954732402
SETQEP_clean,4.49444,4.34625,4.49444,1.29869,1133.37,872.699,0.0,0.0,0.5334,0.410721,0.0,0,0.0005721313,0.0574382815,0.0555426761998246
SETSIV_clean,10.19056,8.58608,10.19056,0.702208,2298.35,3273.03,0.0,0.0,0.7264,1.03445,0.0,1,0.0021080055,0.1986434192,0.20495024982800733
SEYFEI_clean,4.05966,3.18681,4.05966,2.14126,0.0,0.0,327.325,152.866,0.4646,0.216976,0.0,1,0.0002339527,0.0223008864,0.023696415047131842
SEYQIW_clean,5.89707,5.20358,5.89707,1.03265,2825.78,2736.42,0.0,0.0,0.6948,0.672829,0.0,0,0.0012873283,0.1232326655,0.12787916573001779
SIKGAW_clean,4.92676,4.21433,4.92676,0.888887,2386.29,2684.58,0.0,0.0,0.6492,0.730352,0.0,0,0.0010918486,0.105578732,0.11318913591577362
SIKJOM_clean,4.32762,2.99344,4.29007,1.20467,0.0,0.0,502.709,417.299,0.5312,0.44095,0.0,1,0.0003616738,0.0363806253,0.036371639206846086
SINVAM_clean,4.31766,3.04283,4.31766,2.07819,0.0,0.0,366.904,176.55,0.4626,0.222598,0.0,0,0.0003932377,0.0381216302,0.03732574107088556
SIPWUK_clean,3.80122,3.02694,3.78391,1.68555,0.0,0.0,211.871,125.699,0.4438,0.263297,0.0,1,0.0002762293,0.0262553199,0.02719603499765599
SIRZUQ_clean,6.19917,3.14657,6.19917,1.64949,0.0,0.0,288.592,174.958,0.4238,0.256928,0.0,1,0.0001058169,0.012341661,0.011446434636933497
SISPUH_clean,5.99511,5.1936,5.99511,1.69632,1257.02,741.025,0.0,0.0,0.5152,0.303716,0.0,1,0.0005008854,0.0505744359,0.04945878805124007
SISQES_clean,5.97003,5.21528,5.97003,1.65966,1234.67,743.931,0.0,0.0,0.5184,0.312353,0.0,1,0.0005080257,0.0508991008,0.05129189956385014
SIVGUB_clean,8.31266,6.47199,8.20556,0.679186,2443.34,3597.46,0.0,0.0,0.7546,1.11104,0.0,1,0.002176068,0.2119554063,0.2138800836098113
SIZGEO_clean,4.71719,3.11365,4.26779,1.80677,0.0,0.0,1041.57,576.483,0.5266,0.291459,0.0,0,0.0003659725,0.0355974259,0.03744161445356295
SIZJUH_clean,6.46611,5.64692,6.46611,1.69172,651.341,385.016,66.1469,39.1003,0.474,0.280188,0.0,1,0.0003227506,0.0338597598,0.03168067934075588
SODNAA_clean,4.92821,3.76656,4.9265,1.39799,1007.61,720.756,0.0,0.0,0.501,0.358372,0.0,1,0.0003709561,0.0370589024,0.03832724303054863
SODQOT_clean,6.38354,5.71555,6.35379,1.16333,2168.31,1863.88,0.0,0.0,0.653,0.561321,0.0,1,0.0009372193,0.0994302699,0.09345725111470365
SOHMIM_clean,8.13654,7.41946,8.10265,1.23579,2022.73,1636.78,0.0,0.0,0.6656,0.538601,0.0,0,0.000855816,0.0885150747,0.08656920805635447
SOHMUY_clean,8.20693,7.56134,7.97833,1.2172,2055.43,1688.66,0.0,0.0,0.6606,0.542722,0.0,0,0.0009664138,0.0908152448,0.0959121318773719
SOHNIN_clean,8.46136,7.91648,8.46136,1.21276,2069.15,1706.15,0.0,0.0,0.6704,0.552789,0.0,0,0.0009065066,0.0905742997,0.08971146235684527
SOJKOT01_clean,3.47216,3.17302,3.47216,1.60583,0.0,0.0,20.84,12.9777,0.4446,0.276866,0.0,0,0.0001785463,0.0170021728,0.01776945113226137
SOJKOT03_clean,3.48714,3.20549,3.48363,1.59604,0.0,0.0,30.7555,19.2699,0.4506,0.282323,0.0,0,0.0001812312,0.0178693978,0.017848996975435235
SOJSUH_clean,8.78676,6.77563,8.78676,0.847279,2062.57,2434.34,0.0,0.0,0.6744,0.79596,0.0,1,0.0013805778,0.1396801279,0.13749053600290617
SOKWAS01_clean,5.31439,4.17423,5.31439,1.94035,1774.06,914.299,0.0,0.0,0.5988,0.308604,0.0,1,0.0005001981,0.050592602,0.049744120079792925
SONTAR_manual,6.97799,5.28288,6.97799,1.00094,2334.34,2332.14,0.0,0.0,0.674,0.673365,0.0,1,0.0011438371,0.1113636174,0.11362148815441596
SOPLAM_clean,7.99336,6.43639,7.96868,0.786263,2208.41,2808.75,0.0,0.0,0.6702,0.852386,0.0,1,0.0015346423,0.1507651251,0.1527886422891505
SOPLOA_clean,8.29809,6.85068,8.29809,0.790491,2059.77,2605.68,0.0,0.0,0.6598,0.834671,0.0,1,0.0015629693,0.143276195,0.151530639529491
SORQAT_clean,4.4873,3.3179,4.4873,1.95445,291.285,149.037,124.29,63.5931,0.3762,0.192484,0.0,1,0.0002264479,0.0229064033,0.022344718582899447
SORXAA_clean,4.50589,3.34598,4.50589,1.9208,298.888,155.606,146.137,76.081,0.3866,0.20127,0.0,1,0.0002350277,0.0242406896,0.02342354589757696
SOSSEA_clean,4.66034,3.46037,4.63504,1.16769,974.945,834.933,0.0,0.0,0.5088,0.435731,0.0,0,0.0005522757,0.0540136416,0.05552987726904062
SOTTUR_clean,4.85387,3.54585,4.85387,1.5081,695.909,461.447,0.0,0.0,0.4606,0.305417,0.0,1,0.0003185086,0.0309165706,0.031681964556388886
SOTXEG_neutral,5.04075,3.40746,5.04075,1.50786,630.779,418.326,0.0,0.0,0.472,0.313026,0.0,0,0.000331402,0.0287664456,0.032379283558108464
SOYWOT_neutral_b,13.17245,6.57882,13.17245,0.881994,2147.64,2434.99,0.0,0.0,0.7166,0.812478,0.0,1,0.001482752,0.1571226525,0.15075333826572349
SOZBIS_clean,7.02326,5.68654,7.02326,1.02671,2667.76,2598.37,0.0,0.0,0.7458,0.7264,0.0,0,0.0011555717,0.1160332433,0.11567783443352406
SUFJIO_clean,6.28851,3.57969,6.27024,1.16864,1486.44,1271.94,3.80569,3.2565,0.6096,0.52163,0.0,1,0.0008055309,0.0781590612,0.07951474357351532
SUHHOT_clean,3.34085,2.62208,3.34085,2.18322,0.0,0.0,0.0,0.0,0.3694,0.1692,0.0,1,8.65622e-05,0.0081668544,0.008867182032319962
SUKKUF_clean,5.04,3.85862,5.04,2.47267,613.367,248.059,0.0,0.0,0.3764,0.152224,0.0,1,0.0002197317,0.0220704923,0.021889234335719043
SUKREX_clean,5.76528,3.44001,5.76528,2.05587,771.787,375.407,0.0,0.0,0.4332,0.210714,0.0,1,0.0002945857,0.0288119729,0.028820366641588033
SUKRIB_clean,5.67492,3.40868,5.64201,2.09272,780.987,373.192,0.0,0.0,0.4274,0.204232,0.0,1,0.0002765448,0.0278070593,0.027310682163014216
SUKYON_clean,10.7978,7.28862,10.07334,0.52652,2852.06,5416.81,0.601169,1.14178,0.7786,1.47877,0.0,1,0.0028310374,0.2828568504,0.27840039028725105
SUSRUV_clean,7.5604,3.02876,7.55252,1.19859,0.0,0.0,1206.18,1006.33,0.5328,0.444521,0.0,1,0.0006125398,0.0607240408,0.06300968222724986
SUSZOW_clean,6.37118,5.41681,6.36973,1.91863,721.465,376.031,0.0,0.0,0.4268,0.22245,0.0,0,0.0002458365,0.0252418789,0.024128376925456423
SUVNEE_clean,15.6562,6.95834,15.6562,0.815704,1584.31,1942.26,314.611,385.692,0.6944,0.851289,0.0,1,0.0015899744,0.1513316057,0.15794216109814377
TACFIN_clean,4.11781,3.54093,4.10826,2.15064,560.827,260.772,0.0,0.0,0.499,0.232024,0.0,0,0.0002808958,0.0291112498,0.02808592919597649
TADWIG_manual,12.20204,12.01283,12.20204,0.782648,1673.73,2138.55,0.0,0.0,0.6702,0.856323,0.0,1,0.0015108559,0.1523364833,0.14919651676991744
TADYII_clean,4.96323,4.04573,4.95818,1.11527,1604.24,1438.44,0.0,0.0,0.5578,0.500149,0.0,0,0.0006212345,0.055902987,0.06373146974754995
TAHYUZ_clean,4.56041,2.93335,4.55647,1.76079,0.0,0.0,223.124,126.718,0.3476,0.197411,0.0,1,0.000116709,0.0116412005,0.012322963600508738
TAJXIO02_clean,3.66669,3.45698,3.66669,2.31975,96.8188,41.7367,0.0,0.0,0.3178,0.136997,0.0,1,3.22733e-05,0.0044120937,0.004468788824131762
TAJXIO04_clean,3.63081,3.41863,3.61802,2.33825,87.153,37.2728,0.0,0.0,0.3114,0.133177,0.0,1,3.48211e-05,0.0042125091,0.004468788824131762
TAKVAF_clean,7.05263,6.93916,7.05263,1.17979,1573.47,1333.69,0.0,0.0,0.5826,0.493819,0.0,0,0.0009579669,0.096308781,0.09135933663966979
TAKYEL_clean,7.08068,3.12698,7.08068,1.56884,0.0,0.0,572.755,365.082,0.49,0.312333,0.0,1,0.0003610634,0.0323144723,0.035177349568213945
TAMHUM_clean,11.15594,7.259,10.84071,0.82433,2033.72,2467.12,0.0,0.0,0.7282,0.883384,0.0,1,0.0013439815,0.1392521077,0.13975675179840263
TAQGUQ_clean,4.82822,2.67666,4.82021,1.29603,0.0,0.0,185.568,143.182,0.4112,0.317276,0.0,1,0.0001864612,0.0182831129,0.018668208981651606
TARVUD_clean,5.52201,5.05683,5.52201,1.5754,822.863,522.32,0.0,0.0,0.431,0.273582,0.0,1,0.000336144,0.0323032198,0.03318450673043052
TASFAU_clean,11.93851,7.45098,11.93851,0.561345,2465.98,4393.0,0.0,0.0,0.7892,1.40591,0.0,1,0.0024402056,0.2436836589,0.2598494059056418
TAYNEN_clean,5.31191,3.45332,5.31191,1.3024,757.68,581.756,0.0,0.0,0.4834,0.371161,0.0,0,0.0003350525,0.0335613218,0.03385963149519573
TEBCEK_clean,3.71564,2.86477,3.71564,1.54308,0.0,0.0,37.7648,24.4736,0.3464,0.224486,0.0,0,7.60574e-05,0.0080773007,0.007939554757513501
TEBFUD_clean,3.69312,2.67049,3.69312,2.11286,0.0,0.0,81.51,38.5781,0.4012,0.189885,0.0,1,0.0001485843,0.0159148965,0.014287020914473652
TESHAB_clean,5.24315,3.84947,5.24293,1.8144,918.907,506.452,0.0,0.0,0.4908,0.270503,0.0,0,0.0003261274,0.0324042575,0.03202471678829384
TETZEZ_clean,10.62365,6.73057,10.03707,0.736025,1901.4,2583.34,0.0,0.0,0.6844,0.92986,0.0,1,0.0016887281,0.1639657646,0.1655093940834196
TEVZOK_clean,4.56897,3.54471,4.54551,1.97903,632.114,319.407,0.0,0.0,0.4392,0.221927,0.0,0,0.0002367774,0.0228974202,0.024236502002413757
TEVZUQ_clean,4.84681,3.6521,4.84681,1.89478,778.542,410.888,0.0,0.0,0.4634,0.244567,0.0,0,0.0002784741,0.0281452421,0.02741841966226072
TEWFUY_clean,5.12402,3.76853,5.12402,1.20256,906.265,753.612,0.0,0.0,0.4818,0.400645,0.0,1,0.0005391089,0.0513933863,0.05266853869184778
TIDKAS_clean,5.39311,4.19786,5.39311,1.06903,921.952,862.419,0.0,0.0,0.508,0.475197,0.0,1,0.0004101274,0.043828849,0.04184571123164754
TIFZIR_clean,5.07264,3.5666,4.83614,1.48604,1551.78,1044.24,0.0,0.0,0.6264,0.421523,0.0,0,0.0006508578,0.0670156471,0.06587750186657906
TIGQUX_clean,6.58866,2.95324,6.58859,1.53446,0.0,0.0,1169.74,762.313,0.5476,0.356867,0.0,0,0.0007284812,0.064007304,0.06958401522126642
TILVUF_clean,5.76983,4.47642,5.76568,1.10794,2807.97,2534.4,0.0,0.0,0.7218,0.651478,0.0,0,0.00106793,0.099917996,0.10798087861857573
TIQGEG01_clean,3.98024,3.07037,3.8259,2.18618,0.0,0.0,183.13,83.7672,0.4318,0.197514,0.0,1,0.0001845237,0.0184301667,0.018336284348210136
TIQHAD_clean,4.94141,3.41905,4.94141,1.59594,416.437,260.936,0.0,0.0,0.3934,0.246501,0.0,0,0.0002184997,0.0223535664,0.02139954739886872
TIRRIW_clean,6.09614,5.02444,6.09614,1.07096,1529.04,1427.73,0.0,0.0,0.5558,0.518974,0.0,0,0.0008594885,0.0823685265,0.08476407507365086
TISPAO_clean,11.19601,4.56022,11.19601,1.01627,1481.21,1457.5,344.513,338.997,0.6604,0.649826,0.0,0,0.0011344328,0.1123801735,0.11287632763770394
TISWEZ_clean,4.23888,2.74193,3.89905,2.3595,0.0,0.0,104.649,44.3522,0.3576,0.151558,0.0,0,7.50602e-05,0.0064662168,0.00770125069124075
TIXVON_clean,5.07339,3.91911,5.00348,0.938456,1558.9,1661.14,0.0,0.0,0.5776,0.615479,0.0,1,0.0009444407,0.0940046498,0.09303315062749686
TOFTIT_clean,20.17115,6.28286,20.17115,0.598403,2258.24,3773.78,0.0,0.0,0.7822,1.30715,0.0,1,0.0025636448,0.2497793873,0.2544913245359327
TOHYOF_clean,4.95921,3.31181,4.94339,1.25515,1437.58,1145.35,0.0,0.0,0.5604,0.446482,0.0,0,0.0006140249,0.0651622509,0.060401887596615335
TONLOY_clean,7.42094,6.92579,7.42094,1.50963,792.043,524.661,0.0,0.0,0.4632,0.30683,0.0,1,0.0003525884,0.031654339,0.03528040109471192
TONLOZ_clean,5.96623,4.0883,5.95565,1.23552,1555.44,1258.93,0.0,0.0,0.5706,0.461828,0.0,1,0.0008001425,0.0809898592,0.07936640136274965
TONMAM_clean,5.2062,2.93825,5.2062,1.70605,0.0,0.0,684.118,400.996,0.4062,0.238094,0.0,1,0.0002805776,0.0286982733,0.027272184923667675
TONTIB_clean,8.17686,3.88128,8.17686,0.785515,2106.51,2681.7,0.0,0.0,0.6434,0.819081,0.0,0,0.0014523275,0.1445232098,0.1404056711876406
TOQCIL_clean,4.36189,3.12888,4.35758,2.43143,0.0,0.0,625.827,257.39,0.507,0.208519,0.0,1,0.0002553903,0.0255943051,0.026195578136455837
TORJIV_clean,5.15558,3.73306,5.14713,1.14909,1453.8,1265.17,0.0,0.0,0.5738,0.499351,0.0,1,0.0006659789,0.0676579515,0.067655421585882
TOVJIZ_clean,12.65101,8.2906,12.63941,0.451159,2031.86,4503.64,0.0,0.0,0.8026,1.77897,0.0,1,0.0034030412,0.3439315686,0.3300277915002117
TOVKEW_clean,13.15242,8.94797,13.15242,0.566631,2049.64,3617.24,0.0,0.0,0.7342,1.29573,0.0,1,0.0022552045,0.2404797886,0.22272009003001997
TOVWIM_clean,8.38379,2.60203,8.37128,1.22876,0.0,0.0,1125.19,915.709,0.5334,0.434096,0.0,1,0.0005969018,0.0576856738,0.06401489048985357
TOWNUQ_clean,8.86609,7.97255,8.86609,0.87729,1618.53,1844.92,0.0,0.0,0.6006,0.684609,0.0,1,0.0009897661,0.1075026473,0.09939984363185989
TOXMUQ_clean,6.89787,6.74832,6.89787,1.06186,1595.8,1502.83,0.0,0.0,0.5884,0.55412,0.0,0,0.0012021385,0.1035247618,0.11045046999839613
TUJGIQ_clean,5.65806,4.28444,5.64037,1.20241,974.646,810.578,0.0,0.0,0.5012,0.41683,0.0,1,0.0005049403,0.0466892325,0.05067908531591014
TUKDAG_clean,3.37824,2.66134,3.37824,1.47107,0.0,0.0,0.517934,0.352079,0.4176,0.283874,0.0,0,5.88045e-05,0.0054908711,0.005487635829140178
TUKYIJ_clean,6.43776,2.80445,6.41451,1.35599,0.0,0.0,335.763,247.614,0.453,0.334073,0.0,1,0.0001499973,0.0142725943,0.01598474910285842
TUMDAI_clean,4.50033,3.69451,4.50033,1.24564,1071.02,859.815,0.0,0.0,0.5156,0.413924,0.0,0,0.0005520931,0.0569549287,0.05559564005610155
TUQWIL_clean,5.32706,3.3808,5.32706,1.42065,1391.69,979.613,0.0,0.0,0.6154,0.433181,0.0,0,0.0006710523,0.072506279,0.06749434137460157
TUTJAU_clean,6.55313,5.09154,6.45158,1.05742,1473.03,1393.05,0.0,0.0,0.5626,0.532052,0.0,1,0.000896518,0.0925365731,0.0866296189855919
TUYHOL_clean,5.84321,4.88702,5.4789,3.20354,994.943,310.576,0.0,0.0,0.468,0.146088,0.0,1,0.0001901907,0.0190369893,0.019677949441752208
TUZVUH_clean,8.88409,8.01315,8.88409,1.36955,1074.66,784.684,0.0,0.0,0.5192,0.379103,0.0,1,0.0005660103,0.0539231127,0.055451632043328265
UBACOR_clean,5.7806,3.33609,5.7806,1.34848,972.027,720.832,0.0,0.0,0.4794,0.355511,0.0,1,0.0004665745,0.0460357276,0.0462258541711739
UBECEM_clean,4.8768,4.71272,4.8768,2.40571,1479.77,615.106,0.0,0.0,0.5964,0.24791,0.0,1,0.0003485755,0.0351405743,0.035432119688742436
UBOGAV_clean,5.07523,3.09037,5.07523,2.28893,0.0,0.0,779.414,340.515,0.474,0.207084,0.0,1,0.0003245709,0.032190198,0.03184221496282174
UCAXEC_clean,4.65972,3.79898,4.65972,1.24715,773.765,620.428,0.335064,0.268664,0.4924,0.394821,0.0,1,0.0004424346,0.0444528732,0.04424707987052314
UCEGEQ_clean,4.6624,3.53865,4.56509,1.68077,1210.21,720.033,0.0,0.0,0.5348,0.318188,0.0,1,0.0003140732,0.0351068993,0.03204030893557492
UCEXAC_clean,6.32023,4.85158,6.32023,1.4352,1385.63,965.467,0.0,0.0,0.5604,0.390469,0.0,1,0.000633134,0.0614791463,0.06301527960906449
UCEXEG_clean,6.31608,4.83612,6.30774,1.45624,1389.21,953.967,0.0,0.0,0.5674,0.389633,0.0,1,0.0006332611,0.0608474429,0.06301527960906449
UCOJED_clean,7.99802,7.49345,7.99418,1.22768,2022.24,1647.21,0.0,0.0,0.665,0.541674,0.0,0,0.0008716157,0.0854815362,0.08793944463491389
UDICER_clean,3.77926,2.66082,3.77926,2.41704,0.0,0.0,128.638,53.2212,0.4106,0.169877,0.0,1,0.0002269572,0.019889523,0.021992408103917394
UFISUY_clean,3.9371,2.93732,3.9371,1.55788,0.0,0.0,454.444,291.707,0.52,0.333788,0.0,0,0.0004785931,0.0452755313,0.04533680463049292
UFITEJ_clean,4.28866,3.3328,4.22514,1.50236,891.064,593.111,0.0,0.0,0.5408,0.359968,0.0,0,0.0004972979,0.0501623805,0.050092876864570555
UFUNIS_clean,4.49854,3.78199,4.40172,1.42532,684.322,480.117,0.0,0.0,0.4402,0.308843,0.0,1,0.0003723268,0.0383158076,0.03645607619845988
UGUQUK_clean,3.99032,3.05539,3.98074,1.40234,0.0,0.0,101.65,72.4861,0.3968,0.282957,0.0,0,0.0001816266,0.0142773619,0.017753747824119294
UGUXAV_clean,4.02254,3.27151,4.02254,1.39757,0.0,0.0,306.841,219.553,0.5282,0.377941,0.0,0,0.0003038329,0.0324364304,0.030760433806113787
UHISOU_clean,4.50899,3.25805,4.50899,1.23297,0.0,0.0,879.933,713.667,0.521,0.422555,0.0,1,0.0006883342,0.0655800468,0.06649266410927336
UJAQAY_clean,3.85934,2.81383,3.84308,1.41324,0.0,0.0,285.6,202.089,0.4266,0.301859,0.0,1,0.0003136852,0.0333336228,0.030391780109441446
UJAQEC_clean,4.46683,3.5414,4.46683,1.21484,1347.94,1109.56,67.5496,55.6038,0.5582,0.459485,0.0,1,0.0007665648,0.0757728375,0.07411302968978765
UJAQUS_clean,7.15939,6.10118,7.07981,0.989707,2008.92,2029.81,0.0,0.0,0.6442,0.6509,0.0,1,0.0011294637,0.115064293,0.11261394133692763
UJEDIX_clean,4.86939,3.4331,4.86939,1.44888,987.806,681.772,2.33073,1.60864,0.5456,0.376567,0.0,0,0.0004478784,0.0429128373,0.045340699100686374
UJILAA_clean,19.23413,9.51535,19.23413,0.420332,1982.45,4716.4,0.0,0.0,0.8898,2.1169,0.0,1,0.0036640858,0.3674755769,0.40190220595422504
UJOJEK_clean,3.40841,2.63492,3.40455,1.78897,0.0,0.0,1.54318,0.86261,0.317,0.177197,0.0,0,5.16913e-05,0.00454681,0.005148583271049215
UJOJIO03_clean,3.45833,2.66539,3.45833,1.77865,0.0,0.0,2.1784,1.22475,0.3282,0.184522,0.0,0,4.15558e-05,0.0048437818,0.004193050423291409
UJOJIO04_clean,3.44232,2.65169,3.43415,1.77869,0.0,0.0,1.58433,0.890726,0.3286,0.184743,0.0,0,4.561e-05,0.0049360153,0.004818284488185757
UJOJIO07_clean,3.45743,2.66902,3.45238,1.77861,0.0,0.0,1.98032,1.11341,0.3282,0.184526,0.0,0,5.4732e-05,0.0050110184,0.005009286140249286
UJOWEW_clean,5.75366,4.18708,5.75366,1.11983,1989.69,1776.77,0.0,0.0,0.6036,0.539008,0.0,1,0.0007106747,0.0712769294,0.07282867924327932
UKAQAZ_clean,7.03658,4.81444,7.03658,1.1542,1709.08,1480.75,0.0,0.0,0.5836,0.505632,0.0,0,0.0008484578,0.0866556056,0.08401744259432153
UKIQOV_clean,13.66711,9.63813,13.66009,0.628902,2104.6,3346.47,0.0,0.0,0.7776,1.23644,0.0,1,0.0024475559,0.2394783963,0.2445997081306845
UKUBUY_clean,7.24877,4.48545,6.9378,1.0306,1336.85,1297.17,0.0,0.0,0.5312,0.51543,0.0,0,0.0008115505,0.0823723737,0.07847898041838136
UKUDEL_clean,10.93489,2.95536,10.93489,1.20739,0.0,0.0,1228.49,1017.48,0.596,0.493627,0.000165647,0,0.0007182863,0.0709890355,0.07196965497621986
UKULOB01_clean,3.80006,3.21073,3.67546,2.09728,0.0,0.0,130.666,62.3029,0.4118,0.19635,0.0,1,5.82844e-05,0.0077186853,0.006055955462130449
ULOGIL_clean,4.16035,3.10206,4.16035,1.93416,0.0,0.0,408.297,211.098,0.4766,0.246412,0.0,1,0.0002564424,0.0249788744,0.025519846094582965
ULUPUM01_clean,3.45453,2.73045,3.44786,1.70967,0.0,0.0,11.8472,6.92952,0.409,0.239228,0.0,1,0.0001628812,0.0165833443,0.015919849944972888
UMEDEX_clean,8.31991,5.90244,8.31991,1.33036,1734.05,1303.45,0.0,0.0,0.6334,0.476113,0.0,0,0.0008067309,0.0727162348,0.08073077447506419
UMEDIB_clean,8.20629,5.26943,8.19367,1.3504,1744.84,1292.1,0.0,0.0,0.632,0.46801,0.0,0,0.0007090106,0.069502793,0.07108102985971823
UMEHOL_clean,7.1388,4.96773,6.18362,1.60251,1384.6,864.024,0.0,0.0,0.5636,0.351699,0.0,1,0.0006047307,0.0593783194,0.05927119600947591
UMEQAG_clean,7.17863,4.94429,6.16873,1.58166,1384.15,875.123,0.0,0.0,0.5566,0.351908,0.0,1,0.0006074344,0.059674456,0.05940893910669395
UMESIQ_clean,7.11235,5.04643,6.16421,1.65932,1412.73,851.388,0.0,0.0,0.558,0.336282,0.0,1,0.0006543075,0.0599445443,0.06298899551422404
UMOBEF03_clean,11.19548,6.07261,11.19529,0.54262,2779.47,5122.32,0.0,0.0,0.775,1.42826,0.0,1,0.0028228088,0.2674297116,0.27031217568352084
UMOBEF05_clean,9.81532,6.14212,9.81476,0.699468,2487.48,3556.24,0.0,0.0,0.705,1.00791,0.0,1,0.0018513004,0.1845967485,0.18579594874150515
UMODEH08_clean,7.50813,5.20054,6.29758,0.647965,2827.66,4363.91,0.0,0.0,0.7222,1.11457,0.0,1,0.0020559184,0.1995226084,0.20431628581025274
UMODEH21_clean,9.91334,5.23079,9.91334,0.575954,2919.56,5069.08,0.0,0.0,0.75,1.30219,0.0,1,0.0023252238,0.2388182367,0.23555755179316998
UMODEH24_clean,11.42851,5.36939,11.42851,0.532371,2746.88,5159.71,0.0,0.0,0.7732,1.45237,0.0,1,0.0026569297,0.2746949975,0.2668531558019141
UMOVID_clean,12.08323,6.02223,11.77524,0.495095,2551.4,5153.36,0.0,0.0,0.7958,1.60737,0.0,1,0.0029756682,0.3077303175,0.3015392707252282
UMOYOM06_clean,9.27242,5.3599,9.27242,0.544667,2828.76,5193.56,0.0,0.0,0.7628,1.40049,0.0,1,0.002453321,0.2582964921,0.25529326549074727
UMOYOM07_clean,9.75529,5.37054,9.54348,0.541661,2791.87,5154.28,0.0,0.0,0.7712,1.42377,0.0,1,0.0025552774,0.2638849667,0.2592468431875579
UMOYOM11_clean,8.68074,5.21106,8.68074,0.619321,2929.2,4729.69,0.0,0.0,0.724,1.16902,0.0,1,0.0022521323,0.2209935435,0.22061662207139904
UMUBAH_clean,10.24236,5.23581,10.24236,0.576725,2914.77,5054.0,0.0,0.0,0.7536,1.30669,0.0,1,0.0024565923,0.240368386,0.2429970140075617
UMUTUS_clean,4.65879,3.19932,3.74179,1.91364,0.0,0.0,597.436,312.199,0.5256,0.27466,0.0,1,0.0003913959,0.0362558787,0.03794994438689477
UNAGOH_clean,6.96079,6.02919,6.95596,0.981792,1984.33,2021.13,0.0,0.0,0.6686,0.681,0.0,1,0.0011581482,0.1238931905,0.1151408874055198
UNIPAJ_clean,4.43325,2.61552,4.42646,1.38943,0.0,0.0,445.089,320.339,0.471,0.338988,0.0,1,0.0002895879,0.0291069827,0.0298521037407205
UNOTOH_clean,3.99709,3.24249,3.99709,1.34176,0.0,0.0,313.476,233.631,0.4354,0.324499,0.0,1,0.0002133911,0.0230573239,0.02177722428214739
UQUCUG_clean,4.91196,3.29582,4.91125,1.5455,0.0,0.0,411.109,266.004,0.416,0.269169,0.0,0,0.0002224895,0.0258605626,0.022482000785387778
URUVUA_clean,9.76128,4.51984,9.76128,1.07567,2198.26,2043.62,0.0,0.0,0.6792,0.631422,0.0,1,0.0011906206,0.1135419137,0.1167110210164559
USOXEH_clean,5.26933,4.60511,5.26933,1.1789,1588.69,1347.6,0.0,0.0,0.5772,0.489609,0.0,1,0.0006523432,0.065017336,0.06743206181837463
USUPUV_clean,5.56088,3.62011,5.55354,1.39664,1062.12,760.484,0.0,0.0,0.503,0.36015,0.0,1,0.000405498,0.0387502608,0.04141889346008799
UTEXIB_clean,6.29693,3.9636,6.29186,1.00241,1350.02,1346.77,59.1211,58.9791,0.5926,0.591177,0.0,0,0.0008813221,0.0901151914,0.08699816684948013
UVARIT_clean,4.76443,3.17403,4.76443,1.2266,0.0,0.0,435.65,355.168,0.447,0.364421,0.0,0,0.0003270332,0.0317857382,0.0320291939484153
UVAROZ_clean,4.79706,3.34321,4.54959,1.22985,422.335,343.405,0.0,0.0,0.4402,0.357931,0.0,0,0.0003081139,0.0324141285,0.030815868435648267
UVARUF_clean,4.72699,3.36186,4.72699,1.24889,419.475,335.877,0.0,0.0,0.4302,0.344465,0.0,0,0.0003067626,0.0319262814,0.03103273840913583
UVEVAT_clean,5.06012,3.86427,5.04389,0.990442,2050.94,2070.73,0.0,0.0,0.6266,0.632647,0.0,0,0.0011122894,0.1022614608,0.11270909260854756
UVIPIZ_clean,13.16154,6.50431,13.16154,0.868575,2146.52,2471.31,0.0,0.0,0.7192,0.828023,0.0,1,0.0015662204,0.1586983749,0.15762998470481723
UWODAN_clean,6.59983,5.06853,6.59196,1.38828,1109.99,799.546,13.7879,9.93166,0.5174,0.372693,0.0,1,0.0005718697,0.0553155403,0.05554876877335957
UWUTIQ_clean,6.1259,4.66623,6.123,1.0094,1933.04,1915.04,0.0,0.0,0.5992,0.59362,0.0,0,0.0009914486,0.1004753417,0.09932772010017213
UXABUR_clean,5.25063,5.01707,5.2326,1.46007,406.574,278.462,0.0,0.0,0.4604,0.315327,0.0,1,0.0001169593,0.0134411234,0.013008112080840715
UXAXEY_clean,6.18002,3.46612,6.18002,1.398,1132.15,809.836,0.0,0.0,0.5144,0.367953,0.0,1,0.0005740577,0.0542665725,0.05551575993804985
UXEFEJ_clean,4.11163,3.20391,4.1071,2.11847,0.0,0.0,340.218,160.596,0.4534,0.214022,0.0,0,0.0001895417,0.0188558026,0.01960898708143439
UXUNUX_clean,7.36512,5.79316,6.13107,0.678518,2356.29,3472.7,0.0,0.0,0.6988,1.02989,0.0,1,0.0016272811,0.1654818129,0.16181033753589139
UXUYUI_clean,4.1469,3.20447,3.68437,1.01089,0.0,0.0,178.668,176.744,0.4924,0.487097,0.0,1,0.0003161827,0.0295333032,0.03208212214054112
UZANAL_clean,4.61621,3.08464,4.61621,1.88583,0.0,0.0,526.677,279.281,0.4612,0.244561,0.0,1,0.0002649919,0.027528288,0.02618840126330695
UZATAR_clean,4.70366,3.77441,4.70214,2.20784,876.761,397.113,0.0,0.0,0.4486,0.203185,0.0,1,0.0002922483,0.0285346561,0.02890836789647463
UZOBAN_clean,6.16935,4.44214,6.16935,0.864572,2160.34,2498.74,0.0,0.0,0.6496,0.751355,0.0,1,0.0012238394,0.1164400503,0.12525275066720054
UZUNAF01_clean,7.28303,6.53777,7.28303,1.26957,1027.84,809.6,0.0,0.0,0.5124,0.403601,0.0,0,0.0004427988,0.0463718423,0.0430591591508444
UZUNAF_clean,7.30425,6.5808,7.30425,1.26614,1045.59,825.812,0.0,0.0,0.4964,0.392058,0.0,0,0.0004486098,0.0473783089,0.04580053723200033
VAGKOF_clean,5.16964,2.61998,4.50178,1.4486,0.0,0.0,95.7977,66.1311,0.3954,0.272953,0.0,1,0.0001047591,0.0106517592,0.010943005550414124
VAGTUU_clean,6.4105,3.89316,6.4105,1.19065,828.698,696.007,460.809,387.025,0.5728,0.481084,0.0,1,0.0006979111,0.0748785648,0.06733800342619252
VAHJEW_clean,5.94599,4.30466,5.94599,1.08689,1479.94,1361.63,0.0,0.0,0.5432,0.499775,0.0,0,0.0007056087,0.0722557409,0.07122424698900287
VALVAI_clean,6.23826,4.86854,6.23826,1.64521,1240.0,753.701,0.0,0.0,0.5196,0.315826,0.0,1,0.0005193293,0.0515241764,0.050796201325620294
VALXEO_clean,9.6783,6.73158,8.21464,0.83384,1503.01,1802.51,543.478,651.776,0.6804,0.815983,0.0,1,0.0016235917,0.1554084602,0.16118355133558282
VALXOY_clean,10.47061,5.58858,8.23634,0.777087,1484.63,1910.51,601.467,774.002,0.6808,0.876093,0.0,1,0.0016626182,0.1695997127,0.16498635074468693
VAMQAE_clean,7.70786,5.78406,7.70755,1.38137,1401.32,1014.44,0.0,0.0,0.5594,0.404959,0.0,0,0.0005593428,0.0518294159,0.05706461207535341
VAMQOS_clean,11.49062,10.84702,11.48896,1.17541,1553.24,1321.44,0.0,0.0,0.6476,0.550957,0.0,1,0.0011495251,0.1133150448,0.11305211836493655
VANNEG_clean,11.28278,7.20114,10.99968,0.910221,2188.91,2404.81,0.0,0.0,0.7194,0.790358,0.0,1,0.001418379,0.144149847,0.14222048819703162
VANNIK_clean,12.11733,10.70076,12.11733,0.488133,1807.7,3703.29,0.0,0.0,0.8496,1.74051,0.0,1,0.003375296,0.3340822945,0.3357861226198403
VARWOC_clean,8.41083,6.51113,8.31612,1.24989,2285.05,1828.2,0.0,0.0,0.6966,0.55733,0.0,1,0.0009025685,0.089402869,0.0895663939100257
VARWUI_clean,8.3742,6.48381,8.29614,1.28778,2247.33,1745.13,0.0,0.0,0.6946,0.53938,0.0,1,0.0008498559,0.0865852703,0.08548610315408163
VATVIY_clean,6.85041,4.79302,6.73681,1.28666,1128.63,877.177,0.0,0.0,0.517,0.401816,0.0,1,0.0004415503,0.0446395704,0.045487671408388546
VECZAG_clean,9.10711,7.36025,9.10711,1.61302,1710.75,1060.59,0.0,0.0,0.6522,0.404334,0.0,1,0.0006768706,0.0689893789,0.0681585895238799
VEDFUH_clean,5.95596,4.00314,5.95596,1.05093,1663.77,1583.13,0.0,0.0,0.5708,0.543136,0.0,0,0.000822047,0.0842525954,0.08190418549294752
VEDGES_clean,5.91912,4.12997,5.83809,1.04225,1662.62,1595.23,0.0,0.0,0.5592,0.536534,0.0,0,0.0009043629,0.085992354,0.08879331331509362
VEGCAN_clean,26.23164,8.97115,26.23164,0.749461,1794.02,2393.75,0.0,0.0,0.8278,1.10453,0.000266859,1,0.0022907874,0.212821323,0.22411851931177115
VEHJID01_clean,8.78437,6.6937,8.25223,0.765372,2471.66,3229.36,0.0,0.0,0.7812,1.02068,0.0,1,0.0018248121,0.184207404,0.18549463953299508
VEHJUP_clean,14.28068,6.83408,11.22906,0.743695,2268.42,3050.2,0.0,0.0,0.7746,1.04156,0.0,1,0.0018936042,0.1972374521,0.1920376667330513
VEHLAW_clean,4.71553,3.44976,4.62826,1.6429,1000.4,608.925,0.0,0.0,0.6102,0.371417,0.0,0,0.0005509586,0.0536458174,0.05388990823820254
VEHLIE_clean,5.23023,3.70327,5.22427,1.49837,1455.04,971.08,0.0,0.0,0.63,0.420457,0.0,0,0.0006902119,0.0660968781,0.06768991925230433
VEHXEN_clean,9.30754,7.04491,9.30754,1.35949,2124.85,1562.97,0.0,0.0,0.7316,0.538142,0.0,1,0.0009736722,0.1022207105,0.09663894520300965
VEJHEZ_clean,15.05768,6.22214,9.48846,0.685711,2179.67,3178.7,0.0,0.0,0.7706,1.1238,0.0,1,0.0021000645,0.21136497,0.21158621240301662
VEJYUF01_clean,5.23877,2.60028,5.22732,1.21219,0.0,0.0,722.216,595.795,0.5648,0.465934,0.0,0,0.0004972185,0.046002496,0.05333851125248312
VEMMIK_clean,14.01468,13.16757,14.01422,0.723032,1733.84,2398.01,0.0,0.0,0.741,1.02485,0.0,1,0.0017469212,0.1876895442,0.1775687300090868
VEMSUC_clean,5.13248,3.64573,5.11696,1.27033,1309.23,1030.62,0.0,0.0,0.551,0.433745,0.0,0,0.0007131661,0.0647834326,0.06957211380180339
VEQBID_clean,6.52238,4.921,6.52175,1.46143,1501.88,1027.68,0.0,0.0,0.5412,0.370323,0.0,0,0.0004769148,0.0449107038,0.049238046477148474
VETTUK_clean,5.91349,2.95508,5.91349,1.33861,0.0,0.0,1110.41,829.522,0.4904,0.366349,0.0,1,0.0005344732,0.0512089598,0.05313933075832137
VETVAS_manual,5.94508,3.03911,5.91086,1.24476,0.0,0.0,1139.41,915.362,0.5096,0.409395,0.0,1,0.0005447409,0.0563062133,0.05258405273293229
VEWXAY_clean,5.90319,4.58543,5.60032,0.850194,2471.89,2907.44,0.0,0.0,0.6584,0.774411,0.0,1,0.0011910348,0.1224030284,0.1229878520201223
VIDXOX_clean,6.16109,5.04479,6.14883,1.68509,1433.05,850.43,0.0,0.0,0.5712,0.338974,0.0,1,0.0005166532,0.0509686286,0.051137503106984235
VIFBOD_clean,5.74056,4.35551,5.71651,1.76429,1367.25,774.956,0.0,0.0,0.5562,0.315255,0.0,1,0.0004882547,0.0504369769,0.04751278841523477
VIPXUO_clean,4.31173,3.23579,4.17899,1.18593,0.0,0.0,327.114,275.829,0.495,0.417394,0.0,1,0.0003808153,0.0443383883,0.037913186087863884
VIPZAX_clean,4.67098,3.47065,4.66764,1.4463,574.254,397.051,55.2162,38.1776,0.4772,0.329946,0.0,1,0.0003782811,0.0397454314,0.03689978193313348
VISTOG_clean,4.99734,2.98288,4.99734,1.87105,0.0,0.0,1016.52,543.287,0.591,0.315866,0.0,1,0.0003278685,0.0303445663,0.0337063607483356
VITYUU_clean,6.93618,5.76476,6.92128,1.4786,1370.63,926.978,0.0,0.0,0.519,0.351007,0.0,1,0.0005899439,0.0619996163,0.05878881782426643
VITZAB_clean,6.94119,5.72919,6.85845,1.49624,1369.03,914.98,0.0,0.0,0.526,0.351548,0.0,1,0.0006031097,0.0618174668,0.05934022717985865
VIWHUG_clean,4.81929,3.4802,4.68813,1.37889,639.979,464.125,0.0,0.0,0.4514,0.327364,0.0,1,0.0002851124,0.0283686827,0.02869663841056295
VIXGAM01_clean,5.20749,3.40288,5.20749,1.93235,393.451,203.613,0.0,0.0,0.4654,0.240847,0.0,1,0.0002713238,0.0271421851,0.027085996009094216
VIXGAM_clean,5.19197,3.39107,5.18887,1.9311,371.252,192.249,0.0,0.0,0.463,0.23976,0.0,1,0.0002495307,0.0270059784,0.025012093628220454
VIXGEQ_clean,5.1528,3.32283,5.1528,1.93922,349.848,180.407,0.0,0.0,0.471,0.242881,0.0,1,0.0002811307,0.0271029575,0.02792652103836554
VIXVUV_clean,4.91855,2.67667,4.91855,1.21417,0.0,0.0,386.737,318.52,0.471,0.38792,0.0,1,0.000312152,0.0315538101,0.031068435213389166
VIYMAT_clean,5.60515,5.02913,5.58159,1.46758,1606.87,1094.91,0.0,0.0,0.544,0.37068,0.0,0,0.0006519378,0.0642549923,0.06469724565223589
VIYSUT_clean,5.61753,3.04237,5.61609,1.13002,0.0,0.0,1296.39,1147.22,0.5884,0.520697,0.0,1,0.0008014457,0.0779836175,0.07939989568365327
VIYVIK_clean,5.08356,3.73927,5.05208,1.32275,1249.3,944.47,0.0,0.0,0.538,0.406727,0.0,1,0.0006405813,0.064798806,0.0626463526963315
VIYZIO_clean,4.30268,2.98583,4.30086,1.39781,0.0,0.0,406.427,290.76,0.4376,0.313061,0.0,1,0.0003054708,0.0293575583,0.030486295302895997
VIZSUU_clean,10.03238,7.42233,9.74376,0.749914,2221.9,2962.88,0.0,0.0,0.7282,0.971044,0.0,0,0.001835644,0.1787557604,0.18432441439257
VOBGAW_clean,4.66285,3.61303,4.65217,1.94112,362.013,186.497,1.69535,0.873387,0.4252,0.219049,0.0,1,0.00014685,0.0137516734,0.014836083702568665
VOBGEA_clean,4.64455,3.59836,4.63854,1.95569,361.005,184.592,0.902313,0.461378,0.4234,0.216497,0.0,1,0.0001308478,0.0136376723,0.013208756490860936
VOCCOH_clean,6.23291,3.01018,6.22587,1.32779,0.0,0.0,1166.77,878.73,0.5372,0.404582,0.0,1,0.0006665772,0.0628244813,0.06580811298941851
VOCNOQ_clean,4.9916,3.2968,4.42967,1.46036,0.0,0.0,307.261,210.401,0.4168,0.285409,0.0,0,0.0001960058,0.0196659155,0.020366757617494895
VOCPEK_clean,4.62063,3.5641,4.61051,1.96241,341.977,174.264,0.360619,0.183763,0.4222,0.215144,0.0,1,0.0001252189,0.0132375453,0.013045007688120627
VOCQAF_clean,4.95925,3.73408,4.95925,1.25635,976.237,777.039,0.0,0.0,0.4616,0.367412,0.0,0,0.0004639622,0.0462007607,0.04609482973293889
VODPOU_clean,4.01882,2.86571,4.01585,1.54217,0.0,0.0,158.403,102.714,0.4276,0.277271,0.0,1,0.0001674587,0.0175798362,0.0171337766426117
VODSEM_clean,5.2679,4.81357,5.26778,1.72365,582.024,337.669,47.1721,27.3675,0.5448,0.316073,0.0,0,0.0003008928,0.0322760515,0.030169543584636097
VOLPET_clean,9.30216,6.24705,9.30149,0.741977,2463.48,3320.15,0.0,0.0,0.7498,1.01054,0.0,1,0.0017935652,0.185840173,0.1818804140389807
VONDEJ_clean,5.31005,4.78872,5.30922,1.60595,966.902,602.074,0.0,0.0,0.507,0.315701,0.0,0,0.0004185977,0.0417049104,0.04158537143915141
VORBUA_clean,3.50756,2.8028,3.50756,1.80701,0.0,0.0,43.0901,23.8461,0.468,0.258992,0.0,1,0.0001687067,0.0155798468,0.01688552283043624
VOYGOH_clean,8.28524,6.29263,8.24088,1.28416,2599.39,2024.19,0.195596,0.152314,0.7268,0.565973,0.0,1,0.0010864834,0.1026915239,0.10834962092814485
VUCCON_clean,5.76923,2.86899,5.76923,1.81841,0.0,0.0,1111.06,611.008,0.468,0.257368,0.0,0,0.0004251739,0.0410515619,0.041169541734369576
VUFBEE_clean,4.39803,3.46666,4.37592,1.64467,1017.25,618.512,0.0,0.0,0.5534,0.33648,0.0,1,0.0005589461,0.0563794285,0.054576653640572494
VUGXEC_clean,7.75346,6.26253,7.72478,1.06296,1251.42,1177.3,67.8457,63.8273,0.5624,0.529091,0.0,0,0.000827339,0.0788910496,0.0824984985749865
VUGYAZ_clean,7.90027,6.40337,7.90027,1.10679,1245.86,1125.65,61.7559,55.7974,0.5642,0.509764,0.0,0,0.0008720266,0.0768877128,0.08510445505922871
VUGYED_clean,7.99474,6.54413,7.99474,1.10841,1223.87,1104.17,67.208,60.6345,0.5792,0.522549,0.0,0,0.0006859124,0.0768523709,0.06875249144266601
VUHJAK_clean,4.48985,4.30755,4.48985,1.91615,471.61,246.123,0.0,0.0,0.4148,0.216475,0.0,1,0.0002135717,0.0230726378,0.020499613738755505
VUHNET_clean,10.15164,5.15951,10.13819,1.26924,1812.62,1428.11,0.0,0.0,0.6596,0.519681,0.0,0,0.0007801092,0.0819805904,0.07913761739413454
VUKHOZ_clean,14.72034,13.81107,14.72034,1.23894,1154.41,931.773,0.0,0.0,0.6248,0.504303,0.0,1,0.0008643162,0.0790261436,0.08656562625080558
VULFOZ_clean,4.55829,3.35861,4.51523,1.52274,694.033,455.778,0.0,0.0,0.4522,0.296964,0.0,1,0.0004257971,0.0415006904,0.041066342303929596
VUNXUY_clean,6.27462,2.74494,6.27462,1.7747,0.0,0.0,909.399,512.424,0.4948,0.278808,0.0,1,0.0003528773,0.0370528188,0.03612101492569502
VUQJUN01_clean,11.32844,10.26466,11.32844,0.790589,1731.69,2190.38,0.0,0.0,0.6654,0.841651,0.0,1,0.0015564148,0.1556061873,0.15063562528386024
VURYIR_clean,4.29138,3.47068,4.23523,1.58197,597.238,377.529,0.0,0.0,0.4322,0.273204,0.0,1,0.0002239799,0.0203193754,0.022863759238614584
VUWSAJ_clean,5.66843,4.07448,5.66811,1.11008,1893.61,1705.84,0.0,0.0,0.6012,0.541584,0.0,1,0.0008936084,0.0882106321,0.08841562961087299
WABWAY_clean,9.49902,4.44037,9.49902,1.29862,1698.78,1308.14,0.0,0.0,0.5936,0.457099,0.0,1,0.0007609884,0.0781975757,0.0754471247474958
WACKOB_clean,3.97749,2.60036,3.97749,2.39734,0.0,0.0,327.36,136.551,0.4648,0.193881,0.0,0,0.0002308829,0.0230984109,0.023137002829798185
WACLEU_clean,6.11102,5.03298,6.08461,1.15501,1387.0,1200.86,0.0,0.0,0.5472,0.473763,0.0,1,0.0007664902,0.0816641185,0.0753068592826725
WAFKAQ_clean,8.03491,5.51639,8.03491,0.911443,2137.62,2345.31,0.0,0.0,0.6604,0.724566,0.0,1,0.0013117718,0.1359723325,0.13001884507882533
WAJGIY_clean,4.43088,3.09548,4.06413,1.43996,0.0,0.0,275.109,191.053,0.3706,0.257368,0.0,1,0.0002615781,0.0231805563,0.025528640549087416
WALBOC01_clean,4.21583,2.9953,4.21411,1.6978,0.0,0.0,444.223,261.646,0.4834,0.284721,0.0,1,0.0003472396,0.0337994905,0.034323723214604925
WANJIF_clean,4.50079,3.43707,4.48085,1.30508,566.366,433.969,0.0,0.0,0.4924,0.377294,0.0,1,0.0004772552,0.0440361004,0.04655580777949614
WANRIM_clean,5.01244,2.74566,5.01244,1.82496,0.0,0.0,771.65,422.831,0.4576,0.250745,0.0,0,0.0005319105,0.0352620012,0.04946950261303308
WAPSUE_clean,6.68993,4.69904,6.68534,3.09743,1954.36,630.96,0.0,0.0,0.5988,0.193321,0.0,1,0.0003029629,0.0318080054,0.0298596470519208
WARWOC_clean,3.58801,2.97135,3.58801,1.76901,0.0,0.0,36.7768,20.7895,0.3482,0.196833,0.0,1,9.55333e-05,0.009026698,0.010051227608930085
WASPAK_clean,8.92408,8.10678,8.90273,0.931064,1602.41,1721.06,0.0,0.0,0.6094,0.65452,0.0,0,0.0011983013,0.1077913045,0.11199921588148108
WATPIT_clean,4.3307,2.74492,4.3307,1.49405,0.0,0.0,218.173,146.028,0.4794,0.320873,0.0,1,0.0002007654,0.0188869283,0.021254286322618984
WAXJAJ_clean,4.1185,2.74143,4.10687,1.42611,0.0,0.0,451.894,316.873,0.5064,0.355093,0.0,0,0.0003235262,0.0321203055,0.03264577681699985
WAYMAM_clean,7.05522,6.73992,7.05522,1.02658,1675.75,1632.35,0.0,0.0,0.6178,0.601802,0.0,0,0.0009819063,0.1006683333,0.09739017085487003
WAYMEQ_SL,6.99879,6.49457,6.99879,0.979768,1578.78,1611.38,0.0,0.0,0.5878,0.599938,0.0,0,0.0009750728,0.1011452795,0.09712369676948782
WECBAJ_clean,4.17403,3.2613,3.775,1.85127,0.0,0.0,205.938,111.242,0.392,0.211747,0.0,0,0.0001185968,0.0110610529,0.012209565018409984
WECFAN01_clean,4.19243,3.69787,4.18729,1.32337,513.248,387.834,0.0,0.0,0.4454,0.336565,0.0,1,0.0002292397,0.0263829948,0.023847526658443276
WEFXEM_clean,6.73931,4.78997,6.67269,1.07497,1461.44,1359.51,0.0,0.0,0.5704,0.530617,0.0,0,0.0008115628,0.0800259776,0.08019056053759556
WEFZIS_clean,4.30666,3.54798,4.30607,2.06143,662.208,321.237,0.0,0.0,0.4722,0.229064,0.0,1,0.0002724522,0.0280830917,0.027173438363231116
WEHHIC_clean,10.89625,6.78698,10.2645,0.812812,2126.87,2616.68,0.0,0.0,0.7052,0.867605,0.0,1,0.0017095944,0.1669916285,0.16795325435735056
WEHJAW_clean,11.37189,6.87066,11.36953,0.813465,2137.05,2627.1,0.0,0.0,0.727,0.893708,0.0,1,0.0016876891,0.1692214693,0.16999377404971902
WEMDID_clean,5.01302,4.40435,5.01302,1.50314,2329.65,1549.85,0.0,0.0,0.6306,0.419521,0.0,0,0.0006316923,0.0695280805,0.06492121755520108
WEMDUP_clean,4.9238,4.37132,4.9238,1.57984,2315.52,1465.67,0.0,0.0,0.6202,0.392572,0.0,0,0.0006408035,0.0659533676,0.06538941413632136
WENLEI_clean,7.45284,5.80961,7.45284,1.59702,595.668,372.986,17.5491,10.9886,0.4418,0.276639,0.0,1,0.0003191173,0.0298182289,0.031086824819568513
WEYQAU07_clean,4.54619,3.75106,4.54619,1.13112,1575.56,1392.92,0.0,0.0,0.576,0.509231,0.0,0,0.0008625736,0.0813244068,0.08430820542684783
WEYQAU16_clean,4.03587,3.00077,4.00272,1.31029,0.0,0.0,651.573,497.276,0.5116,0.390449,0.0,0,0.0005306617,0.0559858061,0.05203157690254206
WICQIJ_clean,4.1309,3.08082,4.10518,1.18312,0.0,0.0,322.859,272.889,0.4652,0.393199,0.0,1,0.00033677,0.0330501775,0.03320852464400891
WIDQEG_clean,7.60111,7.11755,7.60111,1.01218,1727.14,1706.35,0.0,0.0,0.63,0.622417,0.0,0,0.0010855947,0.111039028,0.1070631036764817
WIDZOA_clean,4.22629,3.17117,4.21904,1.43552,0.0,0.0,434.262,302.512,0.4404,0.306787,0.0,0,0.0002350659,0.0220307354,0.02385063440358857
WIFBAQ_clean,6.13409,5.44238,6.13409,1.2726,1015.51,797.983,0.0,0.0,0.5042,0.396197,0.0,0,0.0004485593,0.0424792392,0.04535941557663346
WIHTAK_clean,3.98984,2.78525,3.94663,2.12222,0.0,0.0,214.619,101.13,0.4188,0.19734,0.0,0,0.0001639754,0.0156341703,0.01624382243205706
WIHTEO_clean,4.01875,2.84869,4.01875,2.05184,0.0,0.0,233.23,113.669,0.4528,0.22068,0.0,0,0.000151528,0.0171179617,0.015186697126645884
WIHTIS_clean,3.9617,2.78489,3.95919,1.72043,0.0,0.0,206.346,119.938,0.419,0.243544,0.0,0,0.000162654,0.0194220574,0.016206327093561405
WIHVEP_clean,4.98664,4.03769,4.97035,1.60991,948.127,588.931,0.0,0.0,0.473,0.293805,0.0,0,0.0003177475,0.0312749814,0.03222249490052103
WILRAK_clean,6.14662,4.92634,6.07221,1.13056,2856.19,2526.36,0.0,0.0,0.7378,0.652598,0.0,1,0.0009631286,0.0982964755,0.09840947485092276
WILREO_clean,6.22413,4.97143,6.22113,1.10896,2859.64,2578.66,0.0,0.0,0.7412,0.668372,0.0,1,0.0009702983,0.1004426033,0.09897801369559633
WIYWOS_clean,5.5468,4.15747,5.5468,1.51166,957.433,633.365,0.0,0.0,0.499,0.330101,0.0,1,0.0003690621,0.0386633341,0.03801440133392087
WODQUD_clean,3.37919,2.68334,3.37644,2.11663,0.0,0.0,1.8938,0.894724,0.4184,0.197672,0.0,1,0.0001199486,0.0140149328,0.011726959934915224
WODROY_clean,5.0308,3.32117,4.94865,1.64875,725.974,440.319,0.0,0.0,0.4684,0.284095,0.0,1,0.0003134838,0.0320124375,0.03077819033407808
WOHDON_clean,5.72419,4.44331,5.72419,1.42898,2534.05,1773.33,0.0,0.0,0.696,0.487062,0.0,1,0.0008324523,0.0843304977,0.0831616111722932
WOJJOV_SL,7.82098,6.43142,7.82098,1.16534,871.633,747.963,192.071,164.819,0.4948,0.424596,0.0,0,0.0006778664,0.065290643,0.06354778312666313
WOJZIG_clean,6.32968,4.348,6.32927,1.20953,2082.36,1721.62,0.0,0.0,0.5984,0.494736,0.0,1,0.00092874,0.0910655942,0.0914494077494069
WOPDEL_clean,5.48028,4.03658,5.4705,1.20981,448.99,371.123,0.0,0.0,0.4372,0.361378,0.0,0,0.0002338189,0.0232619505,0.02436119387927148
WOPHIU01_clean,5.05516,3.23478,5.05516,1.35024,0.0,0.0,709.38,525.373,0.4554,0.337273,0.0,1,0.0003182273,0.0312476674,0.03212327939089326
WOPHIU_clean,4.36935,2.96147,4.36726,1.36578,0.0,0.0,426.349,312.165,0.445,0.325821,0.0,1,0.0002781357,0.0263627528,0.02788106315784364
WOPROK_clean,4.86457,3.56395,4.64534,1.44616,842.342,582.467,68.9778,47.6971,0.5036,0.348232,0.0,1,0.0003609187,0.0369084935,0.03670473929546797
WOPSAX02_clean,11.61446,10.87886,11.61282,1.12308,1562.97,1391.69,0.0,0.0,0.6468,0.575919,0.0,1,0.001149124,0.1184715159,0.11397689390756964
WORKOF_clean,9.81174,6.0117,9.81174,0.930964,2043.98,2195.55,1.24552,1.33788,0.6752,0.725269,0.0,1,0.0012311084,0.1252079776,0.12650170027526134
WORREC_clean,7.54466,5.76979,7.52984,0.764767,2839.31,3712.64,0.0,0.0,0.7218,0.943817,0.0,1,0.00165763,0.1835424914,0.16804505349287902
WOYJID_clean,4.20354,2.68994,4.19532,2.34648,0.0,0.0,204.349,87.0874,0.3326,0.141744,0.0,0,0.0001275623,0.0127852199,0.012386041986887069
WOYJIF_clean,12.3325,5.92345,11.43456,0.799114,2266.72,2836.54,0.0,0.0,0.716,0.895992,0.0,1,0.0018361116,0.1718063175,0.1822566722955094
WOZWEP_clean,9.13832,7.15944,9.13721,1.55974,883.314,566.32,0.0,0.0,0.468,0.30005,0.0,0,0.000440249,0.041573947,0.04328654506883924
WUGQAS_clean,11.44556,6.40417,11.33705,0.730607,2384.2,3263.31,0.0,0.0,0.7356,1.00683,0.0,1,0.002287205,0.2086184462,0.21893054598491785
WULKAQ_clean,13.2528,6.68289,13.24082,0.879538,2081.51,2366.6,0.0,0.0,0.7114,0.808834,0.0,1,0.0016287024,0.1541067759,0.1588123621529999
WUSCUJ_clean,5.70656,4.20407,5.70656,1.37248,1878.22,1368.48,0.0,0.0,0.6602,0.481026,0.0,1,0.0005636864,0.0611670236,0.058003046405007794
WUSSEK_clean,8.48774,6.12459,8.47169,0.953346,1562.83,1639.31,0.0,0.0,0.592,0.62097,0.0,1,0.000970139,0.0934195278,0.09765585057496916
WUTKIG_clean,4.92252,4.16141,4.92016,1.02848,1305.43,1269.29,149.801,145.653,0.5256,0.511047,0.0,1,0.0008037901,0.0791269576,0.07893256099743053
WUYWOE_clean,9.31132,6.13762,9.25337,0.805528,2027.45,2516.92,0.0,0.0,0.6802,0.844415,0.0,0,0.0014702627,0.1395798939,0.14563556548762407
WUYXOF_clean,9.05505,5.17643,9.05505,0.759045,1983.21,2612.77,0.0,0.0,0.6628,0.873203,0.0,0,0.0014830065,0.1468466509,0.1457203059112675
WUYXUL_clean,9.2643,7.0803,9.2643,0.838826,2017.64,2405.31,0.0,0.0,0.6628,0.790152,0.0,1,0.0013282117,0.1348911853,0.13336435595342622
WUYYEW_clean,9.26232,6.95652,9.26232,0.838222,1987.56,2371.16,0.0,0.0,0.6778,0.808616,0.0,1,0.001379454,0.1336455564,0.13733913757351227
WUZGAB_clean,9.3852,6.06112,9.3852,0.741116,2013.56,2716.93,0.0,0.0,0.6778,0.914567,0.0,0,0.0014610609,0.1514061478,0.15036196240078337
WUZQOZ_clean,6.97207,5.82661,6.96816,0.933596,1700.54,1821.49,0.0,0.0,0.6474,0.693448,0.0,1,0.0010634604,0.104763614,0.10541434461759626
XACHOA_clean,4.86067,2.61652,4.8004,1.23323,0.0,0.0,333.885,270.74,0.4568,0.37041,0.0,0,0.0002610916,0.0264071988,0.02638841425739243
XACZEH_clean,10.60893,7.2431,10.60893,1.18823,994.3,836.792,67.7434,57.0121,0.5998,0.504785,0.0,1,0.0006637715,0.0624699498,0.06524053954889747
XADFEP_clean,4.15649,2.86447,4.15649,1.32832,0.0,0.0,625.469,470.873,0.515,0.387708,0.0,1,0.000517862,0.0521649171,0.050196721775665115
XAFBEN_clean,4.46675,3.68033,4.46518,1.46572,1326.74,905.182,0.0,0.0,0.5588,0.381246,0.0,1,0.0006993426,0.0621859029,0.06643023707179942
XAJGOH_clean,3.31996,2.63209,3.31996,1.35976,0.0,0.0,0.0266028,0.0195643,0.3608,0.265341,0.0,1,5.68266e-05,0.0056955311,0.005312584748115816
XAKVUB_clean,4.10491,3.45919,4.10491,2.87963,383.784,133.276,0.0,0.0,0.3656,0.126961,0.0,1,0.0003460809,0.0330201586,0.032763103815366866
XAKZIT_clean,12.23219,8.02038,12.23219,0.853098,1638.56,1920.72,0.0,0.0,0.6458,0.757006,0.0,1,0.0012194552,0.1173810359,0.12371590719865652
XAKZUF_clean,12.14685,7.7394,12.14685,0.885336,1547.82,1748.28,0.0,0.0,0.616,0.695781,0.0,1,0.0010042784,0.1056889661,0.10180728419766291
XALCOD_clean,8.97205,3.95645,4.60423,0.992163,207.149,208.786,995.754,1003.62,0.5564,0.560795,0.0,1,0.000641694,0.0664081764,0.06389639062545151
XALDAQ_clean,8.8251,3.77258,4.48452,0.998614,192.623,192.891,1030.53,1031.96,0.5614,0.562179,0.0,1,0.0006817999,0.0654155559,0.06689790484055899
XALDAS_clean,11.1437,9.04409,11.1437,0.650684,2284.21,3510.47,0.0,0.0,0.7594,1.16708,0.0,1,0.0021318161,0.2116163969,0.21401008442869626
XALDIY_clean,8.51371,3.60578,4.41534,1.00994,178.965,177.204,1041.51,1031.26,0.5412,0.535874,0.0,1,0.0005758058,0.0627943501,0.056836928016617994
XALMII_clean,10.30936,8.99249,10.23213,0.734436,2165.04,2947.89,0.0,0.0,0.7052,0.960192,0.0,1,0.0016782217,0.1769863765,0.16856611363829796
XALPUY_clean,3.9215,2.68472,3.9215,1.72432,0.0,0.0,83.4596,48.4015,0.4336,0.251462,0.0,1,0.0001324751,0.0131545433,0.01344698209645131
XALVOY_clean,3.42483,2.89146,3.4166,1.64764,0.0,0.0,7.66932,4.65474,0.348,0.211211,0.0,1,8.87531e-05,0.0077755401,0.008866296585341594
XAMGUQ_clean,8.47788,6.65907,8.47788,0.938367,1761.37,1877.06,0.0,0.0,0.63,0.671379,0.0,1,0.0011337409,0.1092963702,0.11228291668541819
XAMHEA_manual,9.05929,7.3957,8.92663,0.731602,2360.06,3225.88,0.0,0.0,0.7172,0.980315,0.0,0,0.0017128683,0.1611996243,0.172858958227347
XANKOO_clean,10.98297,5.31916,10.97484,0.745521,2263.49,3036.11,6.87382,9.22015,0.704,0.944306,0.0,1,0.0016294034,0.1639741025,0.1619927875852698
XAPCOJ02_clean,7.30662,7.12733,7.30662,1.1168,1599.91,1432.58,0.0,0.0,0.598,0.535457,0.0,0,0.0009782976,0.0986029274,0.09467302556046707
XAPCOJ04_clean,7.30941,7.11813,7.30941,1.12085,1593.11,1421.33,0.0,0.0,0.597,0.53263,0.0,0,0.0009715351,0.0996736448,0.09537011978766563
XAPDEY_clean,8.43698,7.85452,8.43698,1.19984,2075.29,1729.64,0.0,0.0,0.6726,0.560573,0.0,0,0.0009315228,0.0915650713,0.0937399340847173
XAPGED_clean,10.47318,8.63887,10.47223,1.31181,2059.34,1569.85,0.148904,0.11351,0.7314,0.557551,0.0,1,0.0010557071,0.1039091875,0.10509834970715845
XAPGOK_clean,4.30393,3.46273,4.2974,1.65851,453.916,273.69,0.0,0.0,0.4906,0.295808,0.0,1,0.0003326676,0.0292280617,0.03310339587853399
XAPGUQ_clean,5.69788,4.67127,5.65245,1.33358,1307.89,980.739,0.0,0.0,0.5882,0.44107,0.0,1,0.000650418,0.0636129384,0.06505629990383335
XAPNIN_clean,6.36937,5.09614,6.24616,0.987749,1999.77,2024.57,0.0,0.0,0.6554,0.663529,0.0,0,0.0011033622,0.1189439862,0.1110559810014314
XAQTOY01_clean,4.47595,3.15695,4.47595,1.99102,0.0,0.0,626.182,314.503,0.4868,0.244497,0.0,0,0.000380226,0.0351985828,0.037536960346129786
XASFAY_clean,4.84062,3.90347,4.82463,0.992255,1242.53,1252.23,0.0,0.0,0.541,0.545223,0.0,1,0.0005481342,0.0545819567,0.056698142821252226
XAZFEJ_clean,4.73064,4.15643,4.70239,1.61284,1526.71,946.596,0.0,0.0,0.5556,0.344486,0.0,1,0.0004249607,0.0436578096,0.04318436054405946
XEGJUQ_clean,7.4125,4.89988,7.38387,1.09762,2034.16,1853.25,0.0,0.0,0.6302,0.574154,0.0,1,0.0010118344,0.098934935,0.09956347876971897
XEGKAX_clean,7.81736,4.94122,7.81736,1.03321,2328.38,2253.55,0.0,0.0,0.6462,0.625431,0.0,1,0.0011057433,0.112027942,0.11087815960830617
XEGKIF_clean,5.20553,3.75045,5.02164,1.3269,1101.02,829.769,0.0,0.0,0.5188,0.390988,0.0,1,0.0005588685,0.0540932309,0.05541507452185288
XEGKUR_clean,6.60096,5.85838,6.60096,1.03463,2226.74,2152.21,0.0,0.0,0.653,0.631143,0.0,1,0.0011130179,0.1093713803,0.1134767467997577
XEKDUO_clean,2.97586,2.74524,2.97586,1.90357,0.0,0.0,0.0,0.0,0.328,0.172308,0.0,1,1.00581e-05,0.0010873919,0.002548167028624087
XEKMIL_clean,4.64233,3.82793,4.64153,1.9066,1018.44,534.165,0.0,0.0,0.4706,0.246827,0.0,1,0.0002946917,0.0289446357,0.029498666784281605
XENCAU_clean,8.29403,6.89914,8.29403,0.556974,2324.09,4172.71,0.0,0.0,0.7312,1.31281,0.0,1,0.0021423649,0.2056581407,0.2223133968709307
XEPBAX_clean,5.14969,3.64809,5.0808,0.940411,1672.05,1778.0,0.0,0.0,0.6138,0.652693,0.0,1,0.0010094111,0.0979875716,0.09939435251220877
XEQGAC_clean,5.58663,3.48947,5.56914,1.35723,1328.82,979.066,0.0,0.0,0.5714,0.421003,0.0,1,0.0007216471,0.0654306649,0.06912324184151114
XEXLAP_clean,8.64993,8.01633,8.63141,1.0685,1374.86,1286.72,0.0,0.0,0.5518,0.516424,0.0,0,0.0008466991,0.0870908506,0.08192611305840686
XEXLET_clean,8.01945,7.40132,8.00563,1.23661,1375.89,1112.63,0.0,0.0,0.5666,0.458188,0.0,0,0.0007723984,0.073575089,0.07533271237391123
XEXMAQ_clean,8.3881,8.06353,8.36842,1.12082,1406.28,1254.68,0.0,0.0,0.5662,0.505164,0.0,1,0.0007646969,0.0817503912,0.07663080578391596
XEXMEU_clean,9.62722,8.85338,9.62722,1.05458,1424.32,1350.6,0.0,0.0,0.595,0.564206,0.0,1,0.0009191046,0.0933184826,0.09101047879688212
XEYMAR_clean,6.22077,4.79076,5.73209,1.34353,2239.47,1666.86,0.0,0.0,0.6636,0.493924,0.0,1,0.0008114557,0.07813063,0.08117784927273393
XICYEP_SL,6.23549,4.07005,5.99515,1.80747,1927.34,1066.32,0.0,0.0,0.6084,0.336603,0.000442607,1,0.0005620074,0.0578877794,0.05586323190941329
XICYIT_SL,6.2924,4.02189,6.26235,1.33234,1949.8,1463.44,0.0,0.0,0.6146,0.461294,0.000450336,1,0.0008101416,0.0791379021,0.08162963701727032
XIDBUJ_clean,7.40475,6.25511,7.40475,1.09542,1351.03,1233.34,0.0,0.0,0.5684,0.518888,0.0,0,0.0007706279,0.0778064153,0.07610037984286398
XIGHAX_clean,9.42856,6.02587,9.42856,1.28204,1741.22,1358.17,0.0,0.0,0.657,0.512466,0.0,0,0.0008018338,0.0792472457,0.08038534054768476
XIHSEN_clean,5.63541,3.87826,5.63541,1.09092,1426.31,1307.44,0.0,0.0,0.5682,0.520843,0.0,1,0.0008780974,0.0847262404,0.08586004797911906
XILSUI_clean,8.05462,5.1792,8.05462,0.833153,2078.06,2494.21,0.0,0.0,0.6418,0.770326,0.0,1,0.0014289712,0.1383990092,0.13909066618650887
XILTAP_clean,7.46835,4.491,7.46835,0.893159,2015.14,2256.2,0.0,0.0,0.622,0.696404,0.0,1,0.0011548603,0.122368768,0.11601775391428552
XINWUO_clean,6.28616,4.28799,6.28616,1.09832,2350.01,2139.64,0.0,0.0,0.6626,0.603282,0.0,1,0.0007627491,0.0777423357,0.07724982358745619
XIPGUA_clean,6.999,4.80417,6.51629,2.95533,1333.32,451.159,0.0,0.0,0.4992,0.168915,0.0,1,0.0002929798,0.0278705145,0.02908057813039458
XIQHIO_clean,3.58583,2.84823,3.58583,2.33954,0.0,0.0,67.5399,28.8689,0.3432,0.146696,0.0,0,0.0001462135,0.0163038629,0.014144256485725353
XIQZIH_clean,4.35261,3.25057,3.99463,1.22667,0.0,0.0,312.144,254.466,0.4642,0.378424,0.0,0,0.0002410787,0.0238688681,0.025442554727846175
XISPEW_clean,7.45128,5.46523,7.15276,1.17603,1960.28,1666.86,0.0,0.0,0.6188,0.526177,0.0,1,0.0008922399,0.0879033243,0.08865802101848258
XISPUM_clean,7.32941,4.58436,7.32711,1.21765,2007.19,1648.41,0.0,0.0,0.6216,0.510492,0.0,1,0.0008549856,0.0842207393,0.08574643428118152
XIWKUJ_clean,6.80952,3.08787,6.80952,2.04662,0.0,0.0,1344.64,657.005,0.5734,0.28017,0.0,0,0.0005189636,0.0528018451,0.05148563403841061
XOCWET_clean,5.57167,3.60863,5.43096,2.052,1278.23,622.917,0.0,0.0,0.549,0.267544,0.0,1,0.0003943383,0.0422739141,0.03937352449561182
XOCWOD_clean,5.38208,3.4319,5.38208,2.211,1054.39,476.883,0.0,0.0,0.5314,0.240344,0.0,1,0.0003376436,0.0366662426,0.03342660049098741
XOFGAC_clean,20.28488,4.16314,9.48492,0.98367,1835.3,1865.77,0.0,0.0,0.6704,0.681529,0.0,1,0.0012445851,0.1290871962,0.12426935023254965
XOFTIW_clean,3.88264,3.28878,3.87499,2.43811,0.0,0.0,67.3983,27.6437,0.3884,0.159304,0.0,1,5.87308e-05,0.0058997716,0.006057738795038938
XOFTOC_clean,3.90687,3.24733,3.8989,2.48425,0.0,0.0,70.2191,28.2658,0.3862,0.15546,0.0,1,5.75593e-05,0.0058412796,0.006057738795038938
XOHLEM_clean,5.52611,4.54089,5.51535,1.339,1839.55,1373.82,0.0,0.0,0.5986,0.44705,0.0,1,0.0007427556,0.0769213847,0.0737345044748901
XOJWEZ_clean,5.26222,4.56445,5.26222,1.41259,749.294,530.438,0.0,0.0,0.5012,0.354809,0.0,1,0.0002955128,0.0315907336,0.030196380172799225
XOLGEM_clean,8.23028,3.3881,4.18472,1.12561,392.038,348.289,1000.78,889.098,0.618,0.549034,0.0,0,0.000826743,0.0825924323,0.07695506901134393
XOMJOY_clean,6.10947,3.84777,5.97895,1.18998,613.441,515.507,422.204,354.8,0.5142,0.43211,0.0,0,0.0005895794,0.0556442479,0.05842187300458739
XOQXEH_clean,5.17553,3.13265,4.94244,1.52455,0.0,0.0,472.003,309.602,0.4694,0.307895,0.0,1,0.0002656921,0.0281761692,0.02697188153355308
XORHET_clean,4.71137,3.51837,4.71137,1.22336,1024.9,837.774,81.2251,66.395,0.5446,0.445167,0.0,1,0.0005446471,0.0556476558,0.05481205134549698
XOTHAP_clean,5.67034,4.65738,5.67034,1.50505,1984.46,1318.53,0.0,0.0,0.6152,0.408756,0.0,1,0.0006927656,0.067243797,0.06926134698174259
XOTSIK_clean,8.84143,7.37067,8.64635,0.961303,1776.26,1847.76,0.0,0.0,0.6086,0.633099,0.0,1,0.0010592015,0.1030951355,0.1047015693382825
XOTZIR_clean,6.298,3.81619,6.27425,1.33376,798.487,598.675,0.0,0.0,0.4626,0.34684,0.0,1,0.0004363499,0.0401390602,0.042822380485467805
XOVPON_clean,5.74841,4.13919,5.74724,1.29056,1444.67,1119.41,0.0,0.0,0.5696,0.44136,0.0,1,0.0006002988,0.062043222,0.06170874715908454
XOVVEK_clean,4.5587,3.32854,4.54868,1.59784,579.018,362.376,0.0,0.0,0.4486,0.280754,0.0,1,0.0002955341,0.0277656125,0.029062872924621067
XUBJAF_clean,3.30914,2.74501,3.30667,2.21573,0.0,0.0,0.0,0.0,0.4288,0.193525,0.0,1,0.0001070012,0.0102220303,0.011000142105391799
XUCLIS_clean,6.38625,3.16193,6.38353,1.10806,0.0,0.0,878.64,792.954,0.495,0.446727,0.0,1,0.0006308996,0.0593714609,0.06144146741190903
XUCNOZ_clean,6.67171,3.21316,6.67171,1.49145,0.0,0.0,1034.55,693.652,0.5484,0.367696,0.0,1,0.0004790359,0.0473283164,0.04848023193896946
XUCSAR01_clean,4.10082,2.80661,4.0776,1.66102,0.0,0.0,220.972,133.034,0.4592,0.276457,0.0,1,0.0003030869,0.03001489,0.02957379043554658
XUCSAR_clean,4.0404,2.74885,4.039,1.66104,0.0,0.0,208.637,125.607,0.4544,0.273564,0.0,1,0.0003239894,0.0305386148,0.03135712863957968
XUDPIX_clean,11.39057,6.9563,11.17218,0.55889,2521.72,4512.0,0.0,0.0,0.7746,1.38596,0.0,1,0.0025564609,0.2511708468,0.2562833861375091
XUFPIZ_clean,4.43917,3.40706,4.39655,1.31985,159.122,120.561,0.0,0.0,0.4154,0.314732,0.0,0,0.0001204604,0.0116018408,0.012682354545064396
XUGSID_clean,4.92449,2.60361,4.80121,1.39194,0.0,0.0,618.158,444.099,0.442,0.317543,0.0,1,0.0004095182,0.0395944201,0.03992025705766136
XUJQAV_clean,5.23926,3.75063,5.23926,1.23622,1470.1,1189.19,0.0,0.0,0.5596,0.452669,0.0,0,0.0007786011,0.070691684,0.07601819358977632
XUKNIC_clean,6.71193,5.19255,6.7113,1.00366,2512.55,2503.38,0.0,0.0,0.6472,0.644838,0.0,1,0.0012230069,0.1186094593,0.12260875114480649
XUMCAK_clean,4.73151,2.87966,4.7307,1.51149,0.0,0.0,698.103,461.865,0.5952,0.393784,0.0,0,0.0003229907,0.032090176,0.03340791677474594
XUMTUV_clean,5.4813,5.1227,5.47077,1.25424,1931.27,1539.79,0.0,0.0,0.6264,0.499425,0.0,1,0.0009141254,0.086286184,0.08858616952507861
XUMVAD_clean,5.48445,5.10748,5.47384,1.24179,1950.9,1571.03,0.0,0.0,0.619,0.498472,0.0,1,0.0008619144,0.0866479241,0.08636957887661889
XUNHAQ_clean,4.43369,3.93895,4.41861,1.01112,1121.76,1109.42,0.0,0.0,0.495,0.489555,0.0,1,0.0007103646,0.066655878,0.06819495450200201
XUNSEG_clean,5.12519,4.59555,5.12519,1.00672,1017.4,1010.61,0.0,0.0,0.4976,0.494281,0.0,1,0.0006673121,0.0658217377,0.06573300058063855
XUQSIN_clean,6.09297,3.1318,6.09106,1.68768,0.0,0.0,1134.56,672.26,0.5418,0.321032,0.0,1,0.0003408995,0.0341689983,0.031578410988393146
XUVQOW_clean,7.02178,4.13589,6.48548,1.19698,1845.1,1541.47,0.0,0.0,0.6186,0.516801,0.0,1,0.0008193801,0.0872404645,0.08160623524523637
XUWFUR_clean,8.57387,5.22151,8.55217,0.997477,1382.53,1386.02,0.0,0.0,0.5736,0.575051,0.0,1,0.0007076252,0.0758831513,0.07337055471069433
XUWSUD_clean,4.4926,3.78091,4.4926,2.14584,718.007,334.605,0.0,0.0,0.4438,0.206819,0.0,1,0.0003344153,0.0364435492,0.032564960141937944
XUWTAK_clean,4.40667,3.75356,4.40321,2.17452,723.721,332.819,0.0,0.0,0.4382,0.201516,0.0,1,0.0003454522,0.0352659214,0.03392551304299161
XUWVUG_clean_h,3.95338,3.75922,3.95195,3.19434,197.336,61.7769,0.0,0.0,0.287,0.0898463,0.0,1,4.63706e-05,0.0053870568,0.004760081277781765
XUZFUU_clean,4.68587,4.02373,4.64539,1.54626,1063.92,688.065,0.0,0.0,0.4318,0.279255,0.0,1,0.000596144,0.0570136442,0.05060329501939709
YAGRON_clean,4.8185,3.03513,4.73512,2.23458,0.0,0.0,659.402,295.09,0.4728,0.211583,0.0,0,0.0004162369,0.0415256133,0.039838023604265395
YANBAR03_clean,4.71059,3.74,4.66327,1.80873,823.157,455.102,0.0,0.0,0.451,0.249346,0.0,0,0.0002734862,0.0262406955,0.02701133323009504
YAPMAF_clean,8.17522,6.25474,8.17454,1.00629,1672.2,1661.75,6.89892,6.8558,0.6166,0.612746,0.0,1,0.0009869299,0.0974891081,0.09847445282219006
YAQCEY_clean,6.56305,4.53526,6.55951,1.09172,1547.89,1417.84,0.0,0.0,0.554,0.507454,0.0,1,0.0008421187,0.0817806923,0.08185124805259386
YARGAB_clean,10.70302,9.67182,10.70302,0.961173,1387.15,1443.19,0.0,0.0,0.6238,0.648999,0.0,1,0.0011422917,0.1118471514,0.1107949099643004
YARKAF_clean,4.78127,3.38887,4.78127,1.32951,413.16,310.762,3.2692,2.45896,0.4556,0.342684,0.0,1,0.000233524,0.0222389879,0.02464665330749871
YARKEJ_clean,5.07878,4.0341,5.03574,1.22095,872.445,714.565,0.0,0.0,0.486,0.398052,0.0,0,0.0003983156,0.0435913534,0.0403023962989582
YASPEP_clean,3.57848,3.19398,3.5679,1.30047,0.0,0.0,76.2476,58.6306,0.422,0.324497,0.0,1,0.000200876,0.0163713987,0.02042731662713905
YATDUV_clean,9.16363,5.74685,9.12289,0.890102,2297.06,2580.67,0.0,0.0,0.7262,0.815861,0.0,1,0.0015554753,0.1511662818,0.1538591566719074
YATTUK_clean,5.98818,5.09996,5.98666,1.2421,2236.34,1800.46,0.0,0.0,0.6648,0.535224,0.0,1,0.0010529295,0.097596142,0.1035647750205021
YAVSOG_clean,5.27147,3.77137,4.73746,1.58778,810.938,510.737,0.0,0.0,0.471,0.296641,0.0,0,0.0003574323,0.0364403146,0.03557154292577806
YAVTUN_clean,9.91839,8.86286,9.91839,0.965245,1733.93,1796.36,0.0,0.0,0.6864,0.711115,0.0,1,0.0012441439,0.1270275624,0.12279894683692989
YAVZAX_clean,5.41112,4.55984,5.40803,1.50963,1275.98,845.227,0.0,0.0,0.5678,0.376117,0.0,0,0.0004962423,0.0496457384,0.05073522078647775
YAWKOX_clean,7.42586,6.54227,7.42586,1.26071,1716.68,1361.67,0.0,0.0,0.6098,0.483696,0.0,1,0.0007129267,0.0704852076,0.0708519413464048
YAYLER_clean,4.97966,4.34921,4.97473,3.91304,903.181,230.813,0.0,0.0,0.4372,0.111729,0.0,1,0.0001578147,0.0154878116,0.015266738487457765
YAZYUU_clean,6.74224,2.93273,6.74224,1.42628,0.0,0.0,909.21,637.472,0.5212,0.365427,0.0,1,0.0004491661,0.0476219631,0.045762510159562765
YEDLAV_clean,5.4499,3.81156,5.4499,1.25884,985.671,783.002,173.283,137.653,0.514,0.408314,0.0,1,0.0007761757,0.0734440161,0.07210763062277394
YEGKOM_clean,5.20851,4.05507,5.20188,1.12752,1913.28,1696.88,0.0,0.0,0.6196,0.549523,0.0,0,0.0007897562,0.0829583916,0.08141027359594946
YEGTAG_clean,3.60944,2.98909,3.60471,2.22868,0.0,0.0,45.8296,20.5635,0.3388,0.152018,0.0,1,8.16525e-05,0.0074612504,0.008580074291189404
YEHGID_clean,6.88886,4.03008,6.66292,1.04955,1124.4,1071.32,29.6858,28.2844,0.5406,0.51508,0.0,0,0.0006687508,0.0651194537,0.06727169203707989
YENLUA_ion_b,21.49217,18.9061,21.49217,0.794834,1364.82,1717.11,0.605784,0.762152,0.7146,0.899055,0.0,1,0.0014335598,0.1460800189,0.13741803554288454
YIJYUN_clean,3.50712,2.6153,3.48906,1.60573,0.0,0.0,17.5346,10.92,0.3942,0.245496,0.0,1,8.9123e-05,0.0087725155,0.009225881287747846
YIKLUZ_SL_part,3.35086,2.61539,3.35086,1.76584,0.0,0.0,0.581569,0.329344,0.468,0.26503,0.0,0,0.0001941102,0.0186169357,0.01849276453365066
YILKAH_clean,5.89247,4.24175,5.78451,1.04927,1964.15,1871.92,0.0,0.0,0.628,0.598513,0.0,0,0.000922304,0.0925263677,0.09300269654953014
YITHIU01_clean,3.38828,3.12628,3.38828,2.26853,0.0,0.0,3.96265,1.74679,0.3762,0.165834,0.0,0,4.85203e-05,0.005761563,0.005369848933024853
YITHIU_clean,3.9218,3.10838,3.9218,2.15437,0.0,0.0,296.822,137.776,0.4352,0.202008,0.0,1,0.0001719494,0.0170490191,0.01741059996289002
YIWMEW_clean,5.71951,3.80264,5.71876,1.30733,2035.3,1556.84,0.0,0.0,0.6656,0.509129,0.0,1,0.0006966448,0.0681557506,0.0700761041289157
YOTRUW_clean,4.26215,2.88566,4.26215,2.43155,0.0,0.0,373.021,153.409,0.3774,0.15521,0.0,0,0.0001325031,0.0138812323,0.013789401422501535
YOVPEG_clean,4.94412,3.02634,4.84665,1.27362,0.0,0.0,312.661,245.491,0.4176,0.327885,0.0,0,0.000179175,0.0197016311,0.018751490603914768
YOYBUL_clean,7.16525,4.74264,7.03966,0.861413,1929.99,2240.49,0.0,0.0,0.6146,0.713479,0.0,0,0.0012063121,0.1267822852,0.11775223014740227
YOYPIN_clean,6.69706,5.82012,6.69706,1.12302,945.662,842.074,0.0,0.0,0.503,0.447901,0.0,0,0.0005120214,0.0520882303,0.051464727640739776
YOYPOT_clean,6.7589,5.79486,6.7589,1.1199,967.709,864.099,0.0,0.0,0.5112,0.456468,0.0,0,0.0005252862,0.0530344529,0.05256022127811496
YOYQEK_clean,6.62212,5.08469,6.62212,1.12644,928.228,824.034,0.0,0.0,0.5154,0.457546,0.0,0,0.0004899134,0.053747215,0.048438127533793
YOYQIO_clean,6.67565,4.79784,6.64558,1.08038,1016.53,940.902,0.0,0.0,0.5102,0.47224,0.0,0,0.000603664,0.0569207051,0.059379350697841914
YOYRIP_clean,6.79198,5.2818,6.79198,1.07942,946.208,876.593,0.0,0.0,0.5242,0.485633,0.0,0,0.000571611,0.0568005065,0.05630322481411561
YOYVAL_clean,5.10696,4.09246,5.10696,1.36597,1540.95,1128.11,0.0,0.0,0.565,0.413627,0.0,1,0.000630372,0.0583478705,0.06339352799692709
YOYVEP01_clean,4.85942,3.67908,4.85942,1.85926,1388.03,746.548,0.0,0.0,0.5542,0.298075,0.0,1,0.0003960961,0.0387135343,0.039649809103031744
YOYZET_clean,6.17589,4.55995,6.17589,1.24493,1035.54,831.808,0.0,0.0,0.5128,0.411912,0.0,0,0.0004088372,0.0416297953,0.041569495561103335
YOZJEE01_clean,4.99022,3.91645,4.98963,1.38859,1498.87,1079.42,0.0,0.0,0.5588,0.402423,0.0,1,0.0005518729,0.0556019858,0.05635712361888577
YUBFOR_clean,8.69265,4.94745,8.69265,1.19814,1446.3,1207.12,0.0,0.0,0.612,0.510792,0.0,1,0.000556062,0.0624260823,0.058312507021210054
YUBTUM_clean,7.3117,5.64903,7.31034,1.22617,1319.07,1075.76,0.0,0.0,0.5428,0.442678,0.0,0,0.0004894538,0.0492790531,0.05005130421803492
YUJCOX_clean,5.98412,4.49111,5.97667,1.61045,1537.35,954.605,0.0,0.0,0.5426,0.336924,0.0,1,0.0005837014,0.0590538477,0.058865682495278036
YUJNOH_clean,5.27714,3.46452,5.27652,1.77541,392.456,221.051,0.0,0.0,0.4746,0.267319,0.0,1,0.0002912884,0.0291836167,0.028741685997437743
YUMYUC_clean,6.81125,6.65142,6.81125,1.26369,1689.58,1337.02,0.0,0.0,0.6178,0.488886,0.0,1,0.0006979202,0.0702881093,0.07178023729768246
YUNKAV_clean,4.51501,3.79299,4.16091,1.19194,612.464,513.84,0.0,0.0,0.4502,0.377705,0.0,0,0.0004283553,0.0378908288,0.04125933865306258
YUPSIM_clean,5.52019,4.61021,5.51376,1.65801,687.926,414.911,0.0,0.0,0.4506,0.271772,0.0,0,0.0002556695,0.0241861159,0.02549497522650583
YURKAY_clean,8.234,7.52617,8.234,0.858047,2501.02,2914.78,0.0,0.0,0.7128,0.830724,0.0,1,0.0016608806,0.1571933801,0.164571226620747
YURKEC_clean,7.90101,7.08763,7.8976,1.07399,1764.62,1643.06,0.0,0.0,0.6344,0.590696,0.0,1,0.0010881945,0.1031436937,0.10770645987078974
YUTDUO_clean,7.90649,6.23902,7.90649,1.39467,1474.83,1057.48,0.0,0.0,0.5612,0.40239,0.0,1,0.0006766838,0.0661177645,0.06788100348852595
YUTGEZ_clean,5.82433,3.93601,5.82433,1.29826,1025.59,789.97,0.0,0.0,0.5686,0.437971,0.0,0,0.0004945083,0.0473202843,0.0507317667298042
YUWKIL_clean,3.59629,2.88161,3.59084,1.89504,0.0,0.0,38.9206,20.5381,0.3698,0.195141,0.0,1,9.49951e-05,0.0089944537,0.010092648278580878
YUYLIP_clean,5.22265,4.3746,5.21018,1.35436,1100.13,812.287,11.7356,8.66502,0.5156,0.380696,0.0,1,0.0005159387,0.0490065907,0.051175323586917884
YUYLOV_clean,5.28891,4.25116,5.28891,1.21408,1053.59,867.808,5.10787,4.20721,0.5256,0.432922,0.0,1,0.0005093266,0.0526889038,0.05187640225523438
YUZXAT_clean,5.15837,3.71285,5.1262,1.26263,639.82,506.735,0.0,0.0,0.4692,0.371605,0.0,1,0.0003689228,0.035547252,0.03695732199812245
ZAFXAI_clean,8.16636,3.63608,8.16636,1.40372,1642.88,1170.38,0.0,0.0,0.568,0.40464,0.00156727,0,0.0006014219,0.0644787095,0.06105897479586595
ZALREM_clean,5.87604,3.78386,5.86921,1.04183,1802.16,1729.8,0.0,0.0,0.622,0.597029,0.0,0,0.0009722147,0.0992806364,0.09797916355742936
ZAQZOG_clean,5.77457,3.67413,5.75944,1.64692,1133.89,688.489,59.8527,36.3421,0.521,0.316347,0.0,1,0.0005136308,0.0534694069,0.050504050386279024
ZASWOF_clean,3.26494,2.79891,3.25888,3.21652,0.0,0.0,0.0,0.0,0.4932,0.153333,0.0,1,0.0001365103,0.0133325049,0.013133600280138257
ZAVPIX_clean,5.34624,4.4404,5.30939,1.2826,1715.57,1337.57,0.0,0.0,0.5728,0.446594,0.0,1,0.0007341248,0.0717090895,0.07322534245323645
ZEHCAQ_clean,4.19888,2.71451,4.1726,2.02103,0.0,0.0,626.454,309.968,0.5382,0.2663,0.0,1,0.000332365,0.0328199599,0.033434739314513615
ZEKRIS_clean,5.6482,4.818,5.6482,1.03468,1377.31,1331.15,0.0,0.0,0.5112,0.494067,0.0,1,0.0009308024,0.0928669439,0.08802242616282077
ZELROZ_manual,16.90888,11.06843,16.90888,0.361932,1789.5,4944.29,0.0,0.0,0.8714,2.40763,0.0,0,0.0046949318,0.449891031,0.4544735450995199
ZEZPAX_clean,4.88259,3.42627,4.87229,1.37031,946.317,690.584,0.0,0.0,0.58,0.423261,0.0,1,0.0005596515,0.0589274204,0.055573160067997895
ZEZQEC_clean,6.82109,4.77027,6.82109,1.2492,1610.37,1289.12,0.0,0.0,0.5834,0.467017,0.0,1,0.0008289218,0.075310934,0.08107494683221152
ZIKJIO_clean,7.07783,5.58584,7.07783,0.782965,2562.61,3272.96,0.0,0.0,0.6992,0.893015,0.0,1,0.0016910131,0.1637031739,0.16614655778045162
ZILFOR_manual,9.30653,7.96955,8.40209,0.639421,2480.2,3878.82,0.0,0.0,0.7576,1.18482,0.0,1,0.0022840378,0.2227148707,0.22454948007434208
ZIMLIS_clean,8.92267,4.20987,8.92267,1.114,2237.68,2008.69,0.0,0.0,0.7006,0.628903,0.0,1,0.0011054675,0.1069169152,0.11001248126889833
ZISYAD_clean,5.9099,4.91539,5.73695,1.28892,1160.38,900.27,0.0,0.0,0.5204,0.403748,0.0,0,0.0005849712,0.0596237346,0.0581864794279684
ZIWLUO_clean,7.47107,4.53903,7.43631,1.09467,1585.65,1448.51,0.0,0.0,0.5836,0.533128,0.0,1,0.0007629422,0.0781203957,0.07696810581494007
ZIWMEZ_clean,4.39347,3.81576,4.39171,1.76923,646.685,365.518,0.0,0.0,0.428,0.241913,0.0,1,0.0002070753,0.0202152661,0.02084455504444277
ZIYQAB_clean,4.81934,3.2861,4.80982,1.34833,0.0,0.0,942.654,699.128,0.5366,0.397974,0.0,1,0.0005031467,0.047133269,0.05100574824278497
ZIZTOT_clean,4.99186,3.31985,4.98584,1.90366,1020.3,535.969,0.0,0.0,0.5588,0.29354,0.0,1,0.000328673,0.0356133759,0.03310915383587722
ZNGLUD_clean,3.19455,2.66271,3.17912,1.65404,0.0,0.0,0.0,0.0,0.4224,0.255375,0.0,1,9.07135e-05,0.0087233439,0.008854550018677505
ZOHBEF_clean,4.05883,3.23876,4.05716,1.69064,0.0,0.0,335.92,198.694,0.4624,0.273506,0.0,0,0.0002094509,0.0211167743,0.021221128276928264
ZOXTOX_clean,5.93888,3.12657,5.92099,1.98209,0.0,0.0,589.468,297.397,0.4366,0.220272,0.0,1,0.0002823644,0.0257541794,0.027844092439372845
ZUDXAZ_clean,4.0542,3.70372,4.05121,1.83709,560.464,305.082,53.3835,29.0587,0.4362,0.237441,0.0,1,0.0002899671,0.0297379818,0.028668417328998552
ZUHSEC_clean,3.80907,3.35382,3.80907,2.31857,171.964,74.1679,0.0,0.0,0.35,0.150955,0.0,1,8.47887e-05,0.0093208578,0.008405994304684887
ZUKNAW_clean,11.21967,10.68501,10.9966,0.962771,2472.04,2567.63,0.0,0.0,0.7894,0.819925,0.0,1,0.0015243664,0.1483659941,0.1548901417433618
ZUMNAY_clean,3.7217,2.73118,3.7217,2.00295,0.0,0.0,136.592,68.1954,0.4202,0.209791,0.0,1,0.0002022952,0.0193474296,0.019907474135721647
ZURQOS_clean,4.62363,3.68876,4.61478,1.30618,1284.42,983.341,0.0,0.0,0.526,0.402701,0.0,1,0.0005089328,0.051841927,0.05237530249072611
ZUXPOZ_clean,4.9428,4.31959,4.93372,2.00162,1314.33,656.635,0.0,0.0,0.579,0.289266,0.0,1,0.0003380318,0.0385628194,0.034403287173086106
