filename,name,LCD,PLD,LFPD,cm3_g,ASA_m2_cm3,ASA_m2_g,NASA_m2_cm3,NASA_m2_g,AV_VF,AV_cm3_g,NAV_cm3_g,Has_OMS,Input,y_true,y_pred
acs.chemmater.5b03723_cm5b03723_si_005_clean,acs.chemmater.5b03723_cm5b03723_si_005_clean,14.22819,7.4356,14.22819,0.645145,2122.45,3289.88,0.0,0.0,0.7418,1.14982,0.0,1,0.0056888686,0.7916474536,0.8130575445197502
acs.inorgchem.5b02378_ic5b02378_si_002_clean,acs.inorgchem.5b02378_ic5b02378_si_002_clean,3.84352,3.57212,3.8244,2.34418,318.947,136.059,0.0,0.0,0.356,0.151866,0.0,0,0.0006645751,0.09673978,0.09739536095700017
acs.inorgchem.6b00136_ic6b00136_si_002_clean,acs.inorgchem.6b00136_ic6b00136_si_002_clean,7.2744,7.0365,7.27294,1.17665,1340.62,1139.36,0.0,0.0,0.582,0.494624,0.0,1,0.0020416302,0.3004975875,0.2958940126673752
AMIZIG_clean,AMIZIG_clean,6.42874,5.80877,6.41409,1.40393,699.498,498.243,0.0,0.0,0.4248,0.302579,0.0,1,0.0007967825,0.1127690351,0.11258872232249993
APEBII_clean,APEBII_clean,10.32114,3.69719,10.3209,1.22342,1765.75,1443.28,0.0,0.0,0.6248,0.510698,0.0,1,0.0030767234,0.4396515309,0.43377125954312556
APEBOO_clean,APEBOO_clean,10.56651,4.16012,10.56651,1.24771,1971.26,1579.91,0.0,0.0,0.6524,0.52288,0.0,1,0.0037963435,0.5464673071,0.5354978065039977
AQEFOS_clean,AQEFOS_clean,8.68225,2.76851,8.68064,1.96074,0.0,0.0,799.798,407.907,0.5044,0.25725,0.0,1,0.0006219461,0.0922499577,0.09336699304124957
AQERUL_clean,AQERUL_clean,5.19905,3.7128,5.19898,1.6479,850.334,516.012,0.0,0.0,0.4402,0.267129,0.0,0,0.001234512,0.1876348818,0.1780726480276248
AQOLOJ_clean,AQOLOJ_clean,15.82324,9.85536,15.82324,0.918562,1262.34,1374.26,403.393,439.157,0.709,0.771858,0.0,1,0.004421904,0.6219516538,0.6572478132099991
AQOTIK_clean,AQOTIK_clean,6.7817,3.86887,6.78051,1.47348,1288.35,874.359,0.0,0.0,0.5612,0.380867,0.0,1,0.0016797818,0.2393563674,0.2428229137769999
ASIVEF_clean,ASIVEF_clean,11.85007,7.21214,11.45277,0.623261,2219.01,3560.32,0.0,0.0,0.7618,1.22228,0.0,1,0.0054100423,0.8130108424,0.7979775977668752
ATEZEG_clean,ATEZEG_clean,10.12518,7.5272,10.12318,0.775574,2361.78,3045.2,0.0,0.0,0.7158,0.922929,0.0,1,0.0045238394,0.6658567974,0.6510267624219963
ATEZIK_clean,ATEZIK_clean,10.39835,7.60488,10.39835,0.744295,2329.14,3129.33,0.0,0.0,0.7298,0.980525,0.0,1,0.0046984568,0.7070896816,0.6938184888898737
AVUBUP_clean,AVUBUP_clean,3.97304,3.03083,3.94893,1.71387,0.0,0.0,108.221,63.1442,0.4194,0.244709,0.0,1,0.0004653185,0.0659504604,0.0678630535872499
AWEWOP_clean,AWEWOP_clean,9.66818,6.8565,9.66161,1.11027,1532.43,1380.24,0.0,0.0,0.5908,0.532125,0.0,1,0.0025276727,0.351142701,0.36724216166612467
AXUJOT_clean,AXUJOT_clean,5.28998,2.80082,5.28998,3.32173,0.0,0.0,559.288,168.373,0.3366,0.101333,0.000240839,1,0.0003448313,0.0500625775,0.051277960731749644
AZOHEC_clean,AZOHEC_clean,4.77676,3.3276,4.59302,1.48092,831.253,561.309,0.0,0.0,0.527,0.35586,0.0,0,0.001214044,0.1707720589,0.175763020079625
BETDOV_clean,BETDOV_clean,6.15975,4.21588,6.15598,1.35335,1572.21,1161.72,0.0,0.0,0.5314,0.392656,0.0,1,0.0013836993,0.2109935346,0.2045535452763748
BETFOX_clean,BETFOX_clean,5.13144,3.67825,5.11456,1.3623,1196.21,878.085,0.0,0.0,0.5018,0.368349,0.0,0,0.001259297,0.1870592483,0.18857258803099988
BEXVAD01_clean,BEXVAD01_clean,3.87179,3.50198,3.85722,1.36931,1031.87,753.568,0.0,0.0,0.5022,0.366754,0.0,1,0.0015221567,0.2207825754,0.21857847435162425
BEXVIL_clean,BEXVIL_clean,8.76522,6.70231,8.74887,0.885188,2434.41,2750.17,0.0,0.0,0.7548,0.8527,0.0,1,0.0039913323,0.5960637323,0.5716775450148756
BIJJOV_clean,BIJJOV_clean,4.82105,3.20318,4.80458,2.14714,0.0,0.0,284.655,132.574,0.3092,0.144005,0.0,0,0.0005096173,0.0746796867,0.07670374397175012
BUCSIC01_clean,BUCSIC01_clean,4.44124,3.57533,4.41189,1.50616,553.814,367.699,138.791,92.149,0.4836,0.321081,0.0,1,0.0010941758,0.1755035633,0.15870027516574964
BUPDOH_clean,BUPDOH_clean,11.18608,5.4183,11.18608,0.930795,2344.47,2518.79,0.0,0.0,0.7156,0.768805,0.0,1,0.0043608875,0.6210132589,0.6273019056495033
c5dt01100k_c5dt01100k2_clean,c5dt01100k_c5dt01100k2_clean,10.14478,9.16125,10.14478,1.64843,1361.9,826.183,0.0,0.0,0.588,0.356703,0.0,1,0.0014451386,0.2048886826,0.21090554547387544
c5nj02236c_c5nj02236c2_clean,c5nj02236c_c5nj02236c2_clean,6.30027,4.16214,6.2999,1.32173,1286.33,973.214,0.0,0.0,0.5228,0.395541,0.0,0,0.0015358456,0.2354896483,0.2243315956505001
c6cc01597b_c6cc01597b2_clean,c6cc01597b_c6cc01597b2_clean,5.3252,4.32379,5.3252,1.51358,1134.66,749.654,0.0,0.0,0.4966,0.328096,0.0,1,0.0014332263,0.217240727,0.20318533559224963
c6cc03787a_c6cc03787a2_clean,c6cc03787a_c6cc03787a2_clean,13.49945,6.3228,13.49945,0.687385,2187.23,3181.96,0.0,0.0,0.746,1.08527,0.000290958,0,0.0048621471,0.7119169862,0.7147136344162509
CAHQAG_clean,CAHQAG_clean,3.74377,3.05139,3.72559,1.42157,0.0,0.0,222.905,156.802,0.4296,0.302201,0.0,1,0.0008359765,0.1199606071,0.12435576296812575
CAXSUR_SL,CAXSUR_SL,13.20977,6.6958,13.20977,0.618713,2108.92,3408.56,2.69185,4.35072,0.73,1.17987,0.0,0,0.0051489436,0.7233987852,0.7521675611193759
CEMKOV_clean,CEMKOV_clean,6.14232,4.76606,5.27946,0.925155,1938.38,2095.19,0.0,0.0,0.617,0.666916,0.0,1,0.0030077202,0.4276735942,0.42837781467749947
CIMFOV_clean,CIMFOV_clean,5.64366,2.87535,5.6428,1.82627,0.0,0.0,472.02,258.461,0.4502,0.246513,0.0,0,0.0010448032,0.1556346221,0.15327717506824937
cm071462f-file004_clean,cm071462f-file004_clean,6.42322,5.39187,6.42322,1.55223,1810.57,1166.43,0.0,0.0,0.6266,0.403676,0.0,0,0.0017759945,0.2729828816,0.25710013479337596
COMZIP_clean,COMZIP_clean,4.48695,3.03074,4.47514,1.30912,0.0,0.0,513.378,392.155,0.4668,0.356575,0.0,0,0.0010275663,0.1459642301,0.14721300852312566
COQJOJ_clean,COQJOJ_clean,7.38214,4.96534,7.38214,1.07307,1447.07,1348.53,0.0720169,0.0671129,0.5318,0.495588,0.0,1,0.0018275804,0.2873388165,0.26648528586199993
COXDIE_clean,COXDIE_clean,5.62039,5.35711,5.62039,1.66496,1129.92,678.647,0.152502,0.091595,0.484,0.290697,0.0,1,0.0009721576,0.1371470166,0.14115443761349994
CUHLUO_clean,CUHLUO_clean,5.42523,4.19371,5.42499,1.12223,1191.58,1061.8,0.0,0.0,0.5356,0.477262,0.0,0,0.0019751882,0.2813259876,0.2800142767830001
CUXFUX_clean,CUXFUX_clean,5.75656,5.11113,5.75656,1.3231,1207.8,912.854,37.5492,28.3797,0.5462,0.412818,0.0,0,0.0019797026,0.2855966293,0.27899796209225075
DADXUE_clean,DADXUE_clean,5.25371,3.53655,5.25051,1.61178,698.642,433.459,0.0,0.0,0.4448,0.275968,0.0,1,0.0009928559,0.1436453285,0.14395783091087475
DAPZAW_clean,DAPZAW_clean,5.27842,2.79747,5.27842,2.02961,0.0,0.0,812.03,400.091,0.517,0.254728,0.0,1,0.0006816275,0.1018584196,0.1020894442448751
DAXJET03_clean,DAXJET03_clean,3.61142,3.36344,3.58987,1.36713,95.3122,69.7168,0.0,0.0,0.4982,0.364412,0.0,0,0.0004909858,0.0791555444,0.07430694998062527
DIGFAC_clean,DIGFAC_clean,4.76577,2.72998,4.76577,1.6295,0.0,0.0,613.516,376.506,0.434,0.26634,0.0,0,0.0011398656,0.1606643961,0.16353106289450042
DIHYUP_clean,DIHYUP_clean,4.79337,3.18026,4.79337,1.21374,0.0,0.0,992.497,817.717,0.5566,0.458582,0.0,1,0.0015128679,0.2130465366,0.22714425466875063
DIMQIB_clean,DIMQIB_clean,6.20574,4.20467,6.19483,1.06672,2087.42,1956.87,0.0,0.0,0.598,0.560599,0.0,1,0.0027784585,0.417314588,0.3954060562093764
DUDKIY_clean,DUDKIY_clean,7.07907,5.66309,7.05735,0.974059,1868.46,1918.22,0.0,0.0,0.6506,0.667927,0.0,1,0.0029115957,0.4444239646,0.42372681921337674
DUKNEE_clean,DUKNEE_clean,4.73188,3.71957,4.56441,1.30231,281.161,215.894,153.376,117.772,0.4962,0.381015,0.0,1,0.0008035595,0.1159892261,0.11800131625612473
EJEGUW_clean,EJEGUW_clean,13.22864,3.02378,11.59412,3.2274,0.0,0.0,1176.86,364.645,0.5774,0.178905,0.0,1,0.0006514148,0.0905819451,0.09696958180237536
EKEMEO_clean,EKEMEO_clean,10.7868,4.76044,10.7868,1.09604,1984.97,1811.03,0.0,0.0,0.6446,0.588115,0.0,1,0.0033576408,0.4824933577,0.4875752301629974
ERALEQ_clean,ERALEQ_clean,9.66443,9.12313,9.66443,0.97783,2135.45,2183.86,1.95926,2.00368,0.6884,0.704008,0.000409069,1,0.0036293073,0.5231137485,0.5167233336637479
EVADIO_clean,EVADIO_clean,5.0224,3.42293,5.0224,2.1799,765.078,350.969,0.0,0.0,0.4278,0.196248,0.0,1,0.0007691502,0.1138223183,0.10929337305400008
EVOTIT_SL,EVOTIT_SL,8.2912,6.01432,8.2912,1.23039,1203.44,978.095,0.0,0.0,0.5204,0.422954,0.0,1,0.0013916838,0.2086319782,0.20666366282937562
EWETIL_clean,EWETIL_clean,4.41968,3.14099,4.36971,1.42919,0.0,0.0,449.543,314.544,0.4034,0.282258,0.0,0,0.000852994,0.1204015157,0.1259709458614993
FALRIV01_clean,FALRIV01_clean,5.68899,4.70468,5.67497,1.06479,1159.51,1088.96,0.0,0.0,0.5166,0.485167,0.0,0,0.0016645561,0.2357543559,0.24299250274237663
FAVDIS_clean,FAVDIS_clean,7.08952,4.40423,6.6109,3.30476,694.499,210.151,254.861,77.1193,0.4708,0.142461,0.0,1,0.0004803961,0.0674645665,0.07007757247450003
FECJUT_clean,FECJUT_clean,8.20883,4.88885,8.12686,0.902793,1817.93,2013.68,0.0,0.0,0.618,0.684542,0.0,1,0.0027593647,0.4077883826,0.4037229567270005
FEWWIP_clean,FEWWIP_clean,7.82961,5.33402,7.82275,0.99306,2309.46,2325.6,0.0,0.0,0.6608,0.665418,0.0,0,0.0037622351,0.5310236517,0.5389136503767517
FEYJID_clean,FEYJID_clean,11.05011,4.28201,11.03981,1.28763,1684.31,1308.07,60.6702,47.1178,0.6268,0.486786,0.0,1,0.0024050762,0.3479707152,0.348812338515376
FIJFOU_clean,FIJFOU_clean,6.85299,4.5996,6.84418,1.41253,1137.63,805.384,0.0,0.0,0.4974,0.352134,0.0,1,0.0012515412,0.1882328068,0.1836586188630002
FILYAC_clean,FILYAC_clean,5.64031,4.94176,5.6321,1.25304,1576.38,1258.04,0.0,0.0,0.554,0.442124,0.0,1,0.0017783534,0.2760561887,0.26194888687775036
FIWKUT_clean,FIWKUT_clean,10.75705,6.21115,10.75089,1.13958,2252.0,1976.17,0.0,0.0,0.6778,0.594779,0.0,1,0.0028967688,0.4205092829,0.41609170449837557
FOFDAH_clean,FOFDAH_clean,4.47344,2.88853,4.47076,1.54038,0.0,0.0,319.149,207.189,0.3948,0.256301,0.0,0,0.0006137435,0.087524406,0.08976216037325012
FOQNOQ01_clean,FOQNOQ01_clean,5.8632,5.042,5.82773,1.375,1086.49,790.181,181.915,132.302,0.54,0.392729,0.0,1,0.001588414,0.2218534786,0.23082643057200028
FOQNOQ_clean,FOQNOQ_clean,5.74039,4.59611,5.66519,1.31962,1294.45,980.929,0.224512,0.170134,0.5432,0.411634,0.0,1,0.0014905042,0.2151419098,0.2222280914968748
FOQNUW02_clean,FOQNUW02_clean,6.26085,4.86283,6.24492,1.35147,1329.33,983.622,0.0525445,0.0388796,0.5542,0.410073,0.0,1,0.0014886073,0.2279884101,0.22128542380862443
FOQPAE02_clean,FOQPAE02_clean,6.1209,4.89143,6.11396,1.39791,1360.89,973.519,0.0,0.0,0.5506,0.393874,0.0,1,0.0015111788,0.2312002511,0.22511274452762423
FORXAM_clean,FORXAM_clean,18.92754,6.8057,18.91027,0.795308,2161.02,2717.21,0.0,0.0,0.7312,0.919393,0.0,1,0.0049039749,0.6866631156,0.7114243867285012
FUVDEH11_clean,FUVDEH11_clean,6.87873,5.8578,6.87873,1.63822,509.358,310.921,0.0,0.0,0.3836,0.234156,0.0,0,0.0005865254,0.0827482662,0.08403614119375023
FUYCAF_clean,FUYCAF_clean,4.03019,3.2193,4.01818,1.57717,0.0,0.0,1186.15,752.072,0.5154,0.326787,0.000126809,0,0.0019248049,0.2846135077,0.24515026012874974
GALFAB_clean,GALFAB_clean,5.55868,3.43749,5.55868,1.2617,790.625,626.635,0.0,0.0,0.4566,0.361893,0.0,0,0.0012915909,0.181541025,0.17851622050049976
GEBSAJ_clean,GEBSAJ_clean,5.78022,5.25567,5.78022,2.94845,1017.65,345.147,0.0,0.0,0.414,0.140413,0.0,0,0.001862831,0.2514125571,0.23541390604549878
GIJXAA_clean,GIJXAA_clean,10.59462,7.92596,10.59462,0.990408,1761.1,1778.16,0.0,0.0,0.6526,0.658921,0.0,0,0.003451835,0.4942948757,0.5026341260756251
GONMUT_clean,GONMUT_clean,4.84898,3.45303,4.8484,1.575,1208.01,766.989,0.0,0.0,0.5358,0.340189,0.0,1,0.0013183325,0.1805675057,0.1908498519454996
GUKCIA_clean,GUKCIA_clean,12.90912,5.8992,12.00342,0.805597,2331.25,2893.82,0.0,0.0,0.7378,0.915843,0.0,1,0.0051667928,0.739350602,3.092546440938873
HABRUZ_clean,HABRUZ_clean,5.62999,4.2146,5.61662,1.21831,1657.43,1360.44,0.0,0.0,0.5722,0.469669,0.0,1,0.0018048053,0.2635162901,0.26574177187950065
HACDOH_clean,HACDOH_clean,11.09643,3.77101,11.09643,1.1212,1595.24,1422.79,0.0,0.0,0.6134,0.547091,0.0,0,0.0030949119,0.4368919841,0.44137343336962304
HAFFAY_clean,HAFFAY_clean,10.29565,3.34701,10.29565,1.03347,1050.59,1016.56,533.111,515.844,0.5962,0.57689,0.0,0,0.0028888517,0.4283174401,0.4239487423106227
HANKOY_clean,HANKOY_clean,11.28133,6.992,11.28091,0.975181,2332.28,2391.64,21.129,21.6668,0.7112,0.7293,0.0,1,0.0035995038,0.5099795122,0.5180617944626239
HARHUG_clean,HARHUG_clean,5.60865,3.24555,5.60865,1.18012,0.0,0.0,1148.53,973.228,0.5318,0.450632,0.0,1,0.0020897118,0.3023484183,0.30304898269925373
HIYZEV_clean,HIYZEV_clean,6.85088,3.31241,6.85088,1.35159,1151.37,851.868,0.0,0.0,0.5104,0.37763,0.0,1,0.001514081,0.2241645831,0.2219051167354997
HOGJET_clean,HOGJET_clean,10.64607,6.59696,10.64607,0.792851,2302.52,2904.1,0.0,0.0,0.722,0.910637,0.0,1,0.0043846325,0.6162337567,0.7128150188581257
HUBQEC_clean,HUBQEC_clean,8.86857,5.43796,8.86857,1.74467,1156.2,662.705,0.0,0.0,0.545,0.31238,0.0,1,0.0008160112,0.1235206909,0.11842078947462521
ic302758g_si_002_clean,ic302758g_si_002_clean,5.94758,3.52279,5.92412,1.3042,626.355,480.261,150.217,115.179,0.4578,0.351021,0.0,0,0.001221174,0.1823901369,0.17122750119637517
ic500905z_si_002_clean,ic500905z_si_002_clean,7.3175,3.29202,7.0082,1.25131,0.0,0.0,1251.82,1000.41,0.5278,0.421798,0.0,1,0.0016031311,0.2383367507,0.23437656901912512
ic502488c_si_002_clean,ic502488c_si_002_clean,8.06561,4.40981,8.06561,1.22976,1402.42,1140.4,0.0,0.0,0.563,0.457812,0.0,1,0.0019271862,0.2924221449,0.2812079494093746
ic8008859_si_001_clean,ic8008859_si_001_clean,6.51934,4.39103,6.27132,0.92999,1351.28,1453.01,0.0,0.0,0.5454,0.586458,0.0,1,0.0017937733,0.2767645799,0.26343462237350046
IFEPUG10_clean,IFEPUG10_clean,6.80475,6.55642,6.80475,1.8372,603.527,328.504,0.0,0.0,0.3222,0.175376,0.0,1,0.0006092998,0.0901564849,0.08815329827925016
IGORUS_clean,IGORUS_clean,10.22764,5.8145,10.22764,0.798105,2273.51,2848.64,0.0,0.0,0.7076,0.8866,0.0,1,0.0044336069,0.6521989887,0.6666041229398764
IGOYIN_clean,IGOYIN_clean,6.64376,3.00967,6.64376,2.41457,0.0,0.0,1100.23,455.664,0.4968,0.205751,0.0,1,0.0007403341,0.1085267808,0.10931342671587485
IGUCEU_clean,IGUCEU_clean,4.52933,3.82475,4.49997,1.71915,529.35,307.913,0.0,0.0,0.4484,0.260826,0.0,0,0.0004898355,0.071843929,0.0724844906662499
IJENIV_clean,IJENIV_clean,10.00359,4.25651,10.00359,1.99634,628.149,314.65,0.0,0.0,0.4272,0.213991,0.0,1,0.0005353822,0.0846052777,0.07958661761387482
ILOWAI_clean,ILOWAI_clean,5.40585,4.42661,5.40585,1.07764,1110.36,1030.36,0.0,0.0,0.5072,0.470657,0.0,0,0.0015233258,0.2300745678,0.22385403154887507
INEPEY_clean,INEPEY_clean,6.95447,5.78801,6.95447,1.44957,1129.68,779.321,87.9996,60.7072,0.5158,0.355829,0.0,1,0.0014199121,0.2072893038,0.20101658158037497
IVIPEK_clean,IVIPEK_clean,4.80997,3.59117,4.76583,1.67501,953.977,569.536,0.0,0.0,0.5042,0.301014,0.0,1,0.0010482891,0.1579845541,0.1545640667809369
IWEWAK_clean,IWEWAK_clean,8.91997,5.7935,8.91997,2.21714,1660.09,748.751,0.0,0.0,0.615,0.277384,0.0,1,0.0012192676,0.1855232767,0.17878839033174984
IXIKOR01_clean,IXIKOR01_clean,5.26705,3.69374,5.26705,1.61953,806.553,498.016,0.0,0.0,0.4486,0.276994,0.0,1,0.0010305407,0.1508836411,0.1489063699768744
IYIHUU_manual,IYIHUU_manual,11.83739,10.43961,11.83739,0.634446,2047.9,3227.86,0.0,0.0,0.7402,1.16669,0.0,1,0.0050192085,0.7589893772,0.7333941037918764
IYITOB_clean,IYITOB_clean,9.11454,7.50033,9.11454,1.16801,1732.8,1483.56,0.0,0.0,0.654,0.559929,0.0,0,0.0022065946,0.3231751453,0.32187427790925127
IYOCUW_clean,IYOCUW_clean,8.90958,6.18498,8.8933,1.17412,1758.62,1497.81,0.0,0.0,0.6506,0.554116,0.0,0,0.0022981131,0.3280664062,0.33637008692425074
IYUHOB_clean,IYUHOB_clean,9.27375,6.04055,9.27375,0.954465,2228.79,2335.12,0.0,0.0,0.6788,0.711184,0.0,0,0.0039707847,0.5812988426,0.5720954982924988
IZIHIK_clean,IZIHIK_clean,7.14331,5.40483,7.14331,1.44939,1285.98,887.257,42.2152,29.1262,0.5348,0.368983,0.0,1,0.0013586215,0.2101573103,0.19894561339162484
ja0660047si20060818_060256_clean,ja0660047si20060818_060256_clean,6.3909,4.01484,6.38663,0.926803,2000.77,2158.79,0.0,0.0,0.5998,0.647171,0.0,0,0.0029657262,0.43680211,0.42628152659925084
ja0660047si20060818_060458_clean,ja0660047si20060818_060458_clean,6.58402,3.94503,6.58402,1.00815,1971.57,1955.64,0.0,0.0,0.578,0.57333,0.0,0,0.0027519366,0.4091771689,0.39486652009037654
ja101440z_si_001_clean,ja101440z_si_001_clean,5.9006,5.23774,5.9006,1.30709,1576.97,1206.47,0.0,0.0,0.571,0.436847,0.0,1,0.0020405154,0.2868109867,0.2955273056032499
ja102862j_si_005_clean,ja102862j_si_005_clean,16.33925,5.69725,16.33925,0.874313,1862.92,2130.72,0.0,0.0,0.7038,0.804975,0.000228751,0,0.0039532807,0.5737551737,0.5680229983581238
ja500330a_si_002_clean,ja500330a_si_002_clean,7.59349,3.33849,7.50738,1.74698,1296.78,742.3,0.0,0.0,0.5292,0.302923,0.000228966,0,0.0012950192,0.186368303,0.1871177098731254
ja507971r_si_004_clean,ja507971r_si_004_clean,4.53044,3.58227,4.53044,1.46814,606.341,412.999,3.33265,2.26998,0.4518,0.307736,0.0,1,0.0011763834,0.1706118883,0.16998386057237447
ja5b00450_si_006_clean,ja5b00450_si_006_clean,13.50951,2.69404,11.53285,2.1182,0.0,0.0,718.138,339.031,0.4826,0.227834,0.000283259,0,0.0018282724,0.2589221192,0.2230520420768751
jacs.5b11034_ja5b11034_si_002_clean,jacs.5b11034_ja5b11034_si_002_clean,10.09486,5.31829,9.68701,0.952575,2265.34,2378.12,0.0,0.0,0.7158,0.751437,0.0,1,0.0041512684,0.6124296557,0.5849976209161233
JADMIN_clean,JADMIN_clean,4.66472,3.54882,4.41049,1.45894,240.443,164.807,147.508,101.107,0.4662,0.319547,0.0,1,0.0006932311,0.1032614316,0.10196216318062522
JEMBUZ_clean,JEMBUZ_clean,3.63545,3.00577,3.62619,1.56485,0.0,0.0,129.494,82.7517,0.428,0.273508,0.0,1,0.0007801312,0.1105439286,0.11109872603274973
j.inoche.2015.02.023_INC05895-mmc1_clean,j.inoche.2015.02.023_INC05895-mmc1_clean,5.70413,3.46915,5.53584,1.31977,1259.88,954.616,0.0,0.0,0.503,0.381126,0.0,1,0.0018343867,0.2584424571,0.26234871357250034
JUSGUB_clean,JUSGUB_clean,10.14001,9.53522,10.14001,1.35238,706.669,522.536,374.012,276.558,0.5274,0.389979,0.0,0,0.001614245,0.2365455715,0.31377465140725164
KACKIL_clean,KACKIL_clean,8.90649,6.59853,8.90649,1.06181,2105.95,1983.36,0.0,0.0,0.6938,0.653414,0.0,1,0.0028336536,0.4435786932,0.4119914180779995
KAVXAI_clean,KAVXAI_clean,9.40882,5.41413,9.40882,1.00634,2107.27,2094.0,0.0,0.0,0.6462,0.642132,0.0,0,0.0035076943,0.5234334788,0.4988522976166257
KELJAN_clean,KELJAN_clean,6.72992,4.20356,6.59748,1.50078,1661.97,1107.4,0.0,0.0,0.603,0.401791,0.0,1,0.0015613676,0.2275345603,0.22761185208862586
KOZNEU_clean,KOZNEU_clean,6.23615,4.7768,6.23615,1.17797,1865.2,1583.39,0.0,0.0,0.6078,0.51597,0.0,1,0.0025717285,0.3596123297,0.3701081651622509
KUNLAH_clean,KUNLAH_clean,8.03251,7.13219,8.01517,1.36208,1523.74,1118.69,0.0,0.0,0.5688,0.417596,0.0,1,0.0018291539,0.2757525488,0.2631331280613759
KUTBAE_clean,KUTBAE_clean,4.09675,2.82588,4.06135,1.88174,0.0,0.0,646.967,343.814,0.5102,0.271133,0.0,1,0.0013647749,0.2011497619,0.19033849604312586
KUXSAZ_clean,KUXSAZ_clean,8.81598,3.44204,8.80847,1.03643,1657.94,1599.66,0.0,0.0,0.6052,0.583926,0.0,0,0.0027580483,0.4019523455,0.3975511251883767
KUZYUB_clean,KUZYUB_clean,17.79121,17.46158,17.79121,1.09527,1160.5,1059.55,0.0,0.0,0.6994,0.638563,0.0,1,0.0032772549,0.478895735,2.5922310118476086
LABPEM_clean,LABPEM_clean,6.18341,5.05232,6.14574,2.50734,600.583,239.53,0.0,0.0,0.4104,0.163679,0.0,1,0.0004473172,0.063687836,0.06858259080875027
LABQAJ_clean,LABQAJ_clean,8.83584,6.63857,8.83584,2.01738,1709.46,847.365,0.0,0.0,0.6386,0.316549,0.0,1,0.0014005044,0.206304786,0.204187795612625
LABQEN_clean,LABQEN_clean,8.21095,6.13308,8.21095,2.19099,1641.41,749.165,0.0,0.0,0.6118,0.279235,0.0,1,0.0012254113,0.1809720863,0.18148240056124998
LARPIF_clean,LARPIF_clean,3.68463,2.98928,3.68463,1.62457,0.0,0.0,86.4733,53.2285,0.4148,0.25533,0.0,0,0.0009776669,0.1435852025,0.14182560509174988
LEQCAN_clean,LEQCAN_clean,13.67194,6.45338,13.67194,0.778071,2218.0,2850.64,0.0,0.0,0.719,0.92408,0.0,1,0.004800136,0.6853650705,0.7070723793071267
LEZJOQ_clean,LEZJOQ_clean,6.98318,4.55304,6.95995,1.61528,389.786,241.312,156.551,96.9186,0.4644,0.287504,0.0,0,0.000723742,0.1125467907,0.10523806259437479
LIDSEY_clean,LIDSEY_clean,5.38035,4.73063,5.37764,1.08774,2028.26,1864.66,0.0,0.0,0.5984,0.550133,0.0,1,0.0025451889,0.3885092629,0.37302266695674824
LORNEL_clean,LORNEL_clean,6.96325,5.60613,6.9631,1.05672,2615.87,2475.46,0.0,0.0,0.7412,0.701416,0.0,0,0.0025613832,0.3991806019,0.3840987461947507
LOZSUQ_clean,LOZSUQ_clean,4.85969,3.60906,4.8342,1.70782,552.609,323.577,0.0,0.0,0.459,0.268764,0.0,1,0.000983523,0.1373097823,0.14274911823049996
LUCKIF_clean,LUCKIF_clean,5.92099,2.66663,5.91879,1.74858,0.0,0.0,575.639,329.204,0.4448,0.254378,0.0,1,0.0008563839,0.1219009646,0.12391935025387482
LUDVAH_clean,LUDVAH_clean,5.76222,3.92954,5.75675,1.87163,1115.45,595.979,0.0,0.0,0.5392,0.288092,0.0,1,0.0009316822,0.1351450427,0.13582442778400014
LUDVEL_clean,LUDVEL_clean,9.0257,6.44197,9.0257,1.37573,1743.29,1267.17,0.0,0.0,0.6582,0.478437,0.0,0,0.0018612345,0.2692902904,0.26918845624475035
LUDVOV_clean,LUDVOV_clean,8.59426,6.17353,8.59426,1.40472,1743.92,1241.48,0.0,0.0,0.6538,0.465432,0.0,0,0.001914256,0.2640429985,0.2787361393898743
LURRUM_clean,LURRUM_clean,8.4742,7.38349,8.24096,1.53799,1630.49,1060.14,0.0,0.0,0.5978,0.388689,0.0,0,0.003670137,0.5190351861,0.49852025605274874
LUYBIS_clean,LUYBIS_clean,8.64392,7.56813,8.64392,1.32804,1594.81,1200.87,0.0,0.0,0.5826,0.438691,0.0,1,0.002326446,0.3412883932,0.33650045474349966
MARLOJ_clean,MARLOJ_clean,3.97511,3.2689,3.9629,1.56371,0.0,0.0,401.738,256.913,0.504,0.32231,0.0,1,0.0010543685,0.1488768505,0.15542116940562434
MIZKAI_clean,MIZKAI_clean,5.91069,4.25348,5.90509,1.31925,1786.7,1354.33,0.0,0.0,0.5938,0.450103,0.0,0,0.0020964667,0.3105002081,0.30511960637874935
MIZZOM_clean,MIZZOM_clean,5.03531,4.09966,5.03367,2.18659,1164.0,532.335,0.0,0.0,0.477,0.218148,0.0,0,0.0033580433,0.4432684577,0.4640855987847479
MUGXIX_clean,MUGXIX_clean,6.18311,3.84627,6.03204,1.11722,1799.74,1610.9,0.0,0.0,0.5848,0.523441,0.0,1,0.0023296817,0.3321435108,0.3349209929382503
MULXUO_clean,MULXUO_clean,5.63973,4.20214,5.63973,1.33333,1496.0,1122.0,0.0,0.0,0.5418,0.40635,0.0,1,0.0016313604,0.2353577711,0.2380213250142501
MUTCEL_clean,MUTCEL_clean,5.85951,3.93163,5.85747,0.998165,1648.55,1651.58,0.0,0.0,0.5924,0.593489,0.0,1,0.0020862085,0.3116426104,0.3090407364731242
NASHAS_clean,NASHAS_clean,3.99947,3.02384,3.98064,2.15519,0.0,0.0,205.986,95.5765,0.488,0.22643,0.0,1,0.0004633839,0.0719290171,0.06772142940112479
NAYHAY_clean,NAYHAY_clean,9.43032,7.54222,9.43032,1.04574,1938.97,1854.15,0.0,0.0,0.6636,0.634572,0.0,1,0.0026985848,0.3814462738,0.60747898919925
NEHMUJ_clean,NEHMUJ_clean,4.41659,3.35369,4.41659,1.33273,474.416,355.973,0.0,0.0,0.4204,0.315443,0.0,0,0.0007277623,0.1009312422,0.10592576495212536
NENHEU_clean,NENHEU_clean,9.96925,9.18698,9.96925,1.10683,1750.22,1581.3,0.0,0.0,0.6956,0.628464,0.0,1,0.0038404191,0.5435903528,0.5433647660616225
NIXFUX_clean,NIXFUX_clean,5.80422,4.41238,5.80422,1.31112,1183.0,902.282,0.0,0.0,0.4944,0.377082,0.0,0,0.0014944732,0.2280659984,0.2216487803699999
NODKEX_clean,NODKEX_clean,5.07245,4.30959,5.07245,1.09741,1894.95,1726.75,0.0,0.0,0.5778,0.526513,0.0,0,0.002347336,0.3322353105,0.33834797638462405
NUCPIM_clean,NUCPIM_clean,6.80799,4.4618,6.75728,1.08855,2111.95,1940.16,0.0,0.0,0.652,0.598964,0.0,1,0.0030035788,0.4260354754,0.43241061239099954
NUMPAO_clean,NUMPAO_clean,7.21762,6.75917,7.21266,0.764555,2351.84,3076.09,0.0,0.0,0.7014,0.917396,0.0,1,0.0035267241,0.5271509553,0.530609693439248
OCILEU_clean,OCILEU_clean,4.58414,3.42916,4.57221,1.15745,652.399,563.652,0.0,0.0,0.5004,0.43233,0.0,1,0.001329969,0.1961359766,0.19832937777012416
OCIMEV_clean,OCIMEV_clean,6.59899,4.30563,6.58855,1.02176,1307.66,1279.81,0.0,0.0,0.5182,0.507164,0.0,0,0.0018813842,0.267853136,0.2700135114268741
OCIMOF_clean,OCIMOF_clean,6.71274,4.68971,6.50439,1.02328,1271.58,1242.65,0.0,0.0,0.5194,0.507583,0.0,0,0.0018466724,0.2642546701,0.2640581860608732
OCUMUX_clean,OCUMUX_clean,5.1192,3.7079,5.1192,1.29581,1317.84,1017.0,0.689155,0.531833,0.5164,0.398515,0.0,1,0.0016468042,0.2350981393,0.24189037734600013
OCURIO_clean,OCURIO_clean,4.77028,3.1741,4.76358,1.89323,0.0,0.0,647.316,341.911,0.4576,0.241703,0.0,1,0.0007893096,0.1171301594,0.11445483405912446
ODIXIK_clean,ODIXIK_clean,6.81688,4.29892,6.81439,1.49389,849.77,568.828,302.861,202.732,0.5408,0.362007,0.0,1,0.0014401569,0.197726759,0.20939118282412497
OGIJIY_clean,OGIJIY_clean,4.40711,3.40103,4.40711,1.69185,860.244,508.464,0.0,0.0,0.4674,0.276266,0.0,1,0.0010821567,0.1545007678,0.15710391887325015
OGUZIA_clean,OGUZIA_clean,4.34698,3.82009,4.34698,2.40082,539.728,224.81,0.0,0.0,0.402,0.167443,0.0,1,0.0004991115,0.0725866586,0.07325006107787535
OJIWEK_clean,OJIWEK_clean,5.59427,3.7203,5.58851,1.22195,1633.54,1336.83,0.0,0.0,0.5402,0.442081,0.0,0,0.0019246686,0.2815382355,0.28531281852625046
OLANIA_clean,OLANIA_clean,6.60205,3.29163,6.59533,1.25218,0.0,0.0,1066.5,851.709,0.5194,0.414795,0.0,1,0.0013147418,0.2003546604,0.19374408971312415
ONODOM_clean,ONODOM_clean,5.43775,3.24635,5.43775,1.30639,0.0,0.0,875.515,670.18,0.4778,0.365741,0.0,1,0.0013701208,0.205973714,0.19891790447600044
ONUJUE_clean,ONUJUE_clean,9.03257,8.2459,9.03257,1.20375,1198.02,995.242,19.6744,16.3443,0.5232,0.434643,0.0,1,0.0019536649,0.2779338165,0.2821658568128736
OQUFAJ03_clean,OQUFAJ03_clean,11.0199,9.96279,11.0199,1.02397,2131.01,2081.12,2.80083,2.73525,0.6704,0.654704,0.000390635,1,0.002917131,0.4303623724,0.4264334086148765
OXAMEG_clean,OXAMEG_clean,5.69878,4.15176,5.69426,1.30487,1528.5,1171.39,0.0,0.0,0.5762,0.441578,0.0,1,0.0016748694,0.2508210138,0.24640800372212512
OYAJIJ02_clean,OYAJIJ02_clean,10.70872,8.94342,10.70872,1.40706,1892.43,1344.95,0.0,0.0,0.6626,0.47091,0.00014214,0,0.0024216101,0.3452393685,0.3480905834315008
OYOVOP_clean,OYOVOP_clean,6.07579,5.04225,6.06489,1.15877,1135.77,980.15,0.0,0.0,0.503,0.43408,0.0,1,0.0012250047,0.1820456405,0.18575842472237497
PACWOG_clean,PACWOG_clean,6.59434,3.00655,6.5577,1.38494,0.0,0.0,993.59,717.423,0.4848,0.350051,0.0,1,0.0016347389,0.2337225855,0.23138180949375026
PADHIM_clean,PADHIM_clean,4.89943,3.0444,4.89943,2.15706,0.0,0.0,539.608,250.159,0.4582,0.212418,0.0,1,0.0012455867,0.1829324613,0.17730425162762445
PAQTOS_clean,PAQTOS_clean,5.12845,3.67184,5.12666,1.49187,656.885,440.311,0.0,0.0,0.4242,0.284342,0.0,1,0.0008148591,0.1190565092,0.11474090619174972
PENYOX_clean,PENYOX_clean,4.58191,3.69127,4.58191,2.05639,514.83,250.357,84.4264,41.0557,0.4242,0.206284,0.0,1,0.0008136201,0.1219845585,0.11626327587162509
PIVBEC_clean,PIVBEC_clean,13.77076,8.56536,13.77076,0.777047,2136.37,2749.35,0.0,0.0,0.75,0.965193,0.0,1,0.0048524954,0.7030962507,0.6971874982221264
PIWDAC_clean,PIWDAC_clean,5.23837,2.85558,5.23837,1.90037,0.0,0.0,934.219,491.6,0.4964,0.261213,0.0,1,0.0008379303,0.1256285004,0.12268822883225003
PUBSAH_clean,PUBSAH_clean,11.33641,4.82375,11.33641,0.84337,2328.1,2760.47,0.0,0.0,0.7052,0.836169,0.0,1,0.0040915972,0.5936280928,0.5855121412388751
PUBSIP_clean,PUBSIP_clean,11.35974,4.90438,11.35974,0.939411,2072.64,2206.31,0.0,0.0,0.6858,0.730032,0.0,1,0.0033602089,0.5014791425,0.48978321488837595
QAMLEY_clean,QAMLEY_clean,11.14892,6.14756,10.82233,0.696915,2278.27,3269.08,0.0,0.0,0.7598,1.09023,0.0,0,0.0048471108,0.7379136301,0.7140386896107492
QAPPON_clean,QAPPON_clean,4.75518,3.45443,4.66797,1.42132,625.227,439.891,255.697,179.901,0.5156,0.362761,0.0,1,0.0009686594,0.139635985,0.14122808872650047
QARLON_clean,QARLON_clean,10.72668,6.5176,10.72668,1.5744,1777.58,1129.05,0.0,0.0,0.671,0.426194,0.0,0,0.0019199222,0.276660195,0.28060881944687444
QARLUT_clean,QARLUT_clean,9.16779,5.97884,9.11657,1.43869,1699.45,1181.25,0.0,0.0,0.6184,0.429835,0.0,1,0.0018044297,0.2647022431,0.26276299148037635
QAVPOU_clean,QAVPOU_clean,8.34511,7.17292,8.34511,2.09717,1140.47,543.814,47.5156,22.657,0.5374,0.25625,0.0,1,0.0016615158,0.2392285039,0.24514176045000027
QIWHEL_clean,QIWHEL_clean,6.23289,3.57497,6.23289,1.40383,1318.74,939.391,0.0,0.0,0.5748,0.409452,0.0,1,0.0015428354,0.2270482314,0.22554689116375026
QOGGID_clean,QOGGID_clean,4.77502,3.54489,4.71306,2.32432,1003.26,431.637,0.0,0.0,0.4844,0.208405,0.0,1,0.0009692067,0.1384987908,0.13905448441900017
QOGREK_clean,QOGREK_clean,3.84381,3.01611,3.81782,1.2003,0.0,0.0,257.405,214.451,0.5638,0.469716,0.0,1,0.0009847477,0.1415543379,0.144838791867625
RAZXIA01_clean,RAZXIA01_clean,4.8504,3.67082,4.8504,1.69205,830.274,490.692,0.0,0.0,0.422,0.249402,0.0,1,0.0007218806,0.1100624683,0.10679643604112489
REHHUJ_clean,REHHUJ_clean,8.23485,7.33998,8.22968,1.08218,2034.99,1880.45,0.0,0.0,0.6656,0.615052,0.0,1,0.0028676741,0.4240678441,0.4185556001924994
ROBYOY_clean,ROBYOY_clean,6.03272,4.74397,6.03272,1.27285,1432.72,1125.6,0.0,0.0,0.533,0.418745,0.0,1,0.0019536134,0.2995905821,0.28139272521787456
RORTID_clean,RORTID_clean,6.7434,4.28476,6.6178,0.994128,2119.38,2131.9,0.0,0.0,0.6284,0.632112,0.0,1,0.0027397305,0.3839657756,0.4031140497253746
RORTOJ_clean,RORTOJ_clean,6.66057,4.41092,6.52091,0.981543,2083.85,2123.04,0.0,0.0,0.6188,0.630436,0.0,1,0.0026317635,0.3892758779,0.388391427524002
RUBTAK07_clean,RUBTAK07_clean,8.72079,3.85677,8.72079,1.62392,1649.19,1015.56,0.0,0.0,0.5662,0.348662,0.000123158,0,0.0017573951,0.2569603018,0.2543548465655006
RUDQUD01_clean,RUDQUD01_clean,5.17887,2.98011,5.17598,2.21557,0.0,0.0,1116.87,504.099,0.5682,0.256458,0.0,1,0.0008721794,0.1375012665,0.12726078302562527
RUHDII_clean,RUHDII_clean,4.00153,3.18469,4.00153,2.15,0.0,0.0,81.2723,37.8011,0.3944,0.183442,0.0,0,0.0002864693,0.0393016004,0.04184450294262503
RULMUI_clean,RULMUI_clean,10.9139,7.22994,10.52372,0.830637,1922.02,2313.91,0.0,0.0,0.6682,0.804443,0.0,1,0.0035192298,0.5188557734,0.5199850386581256
SABFUX_clean,SABFUX_clean,6.52911,4.84223,6.42802,0.711336,2529.9,3556.55,0.0,0.0,0.724,1.0178,0.0,0,0.0040745741,0.5868686861,0.5984262747398783
SAJHUJ_clean,SAJHUJ_clean,6.4139,3.72776,6.34123,1.44908,755.301,521.226,133.822,92.3491,0.5074,0.350152,0.0,0,0.0013535836,0.1901152035,0.19639832442937533
SAMXUC_clean,SAMXUC_clean,6.3742,4.86898,6.3742,2.004,589.067,293.946,0.0,0.0,0.4238,0.211477,0.0,0,0.0005021132,0.0685330841,0.07365290349987479
SAMYIR_clean,SAMYIR_clean,6.27824,4.76913,6.27824,2.08893,574.788,275.159,0.0,0.0,0.4126,0.197517,0.0,0,0.0004423155,0.0630154563,0.06521952758087514
SANGOG_clean,SANGOG_clean,6.60497,4.87256,6.56692,1.52915,1286.32,841.195,0.0,0.0,0.524,0.342673,0.0,1,0.0016497696,0.242410407,0.24077833209724947
SANHEX_clean,SANHEX_clean,6.59961,4.84606,6.59961,1.58966,1288.07,810.28,0.0,0.0,0.5242,0.329756,0.0,1,0.001625005,0.2370897619,0.23112560596524975
SAPHOI_clean,SAPHOI_clean,7.22635,3.6325,7.22635,1.12288,1450.11,1291.42,116.271,103.547,0.6152,0.547876,0.0,1,0.0024095986,0.3458450816,0.34949522694737634
SENWEP_clean,SENWEP_clean,5.93538,3.31524,5.93538,1.23957,1558.32,1257.15,0.0,0.0,0.6436,0.519213,0.0,1,0.0020189223,0.2827445944,0.29518901520050067
SOPLIU_clean,SOPLIU_clean,8.00418,6.00384,7.95536,0.793634,2093.66,2638.07,0.0,0.0,0.6836,0.861354,0.0,1,0.0036731675,0.5516210203,0.5386383244150003
SUKMAO_clean,SUKMAO_clean,11.30925,3.93846,11.30925,1.19101,1863.9,1564.96,0.0,0.0,0.623,0.523084,0.0,1,0.0033111011,0.4642275955,0.49618292198762604
SURHEU_clean,SURHEU_clean,8.75392,3.85708,8.75392,1.61914,1667.04,1029.58,0.0,0.0,0.569,0.351421,0.000123522,0,0.0017989648,0.261632594,0.25587561427612365
SURKUN_clean,SURKUN_clean,8.75193,3.87567,8.75193,1.61914,1674.22,1034.02,0.0,0.0,0.5708,0.352533,0.000123522,0,0.0017968146,0.2570498917,0.2554980173316237
TACFIN02_clean,TACFIN02_clean,3.87987,3.33199,3.86933,2.53869,336.946,132.725,0.0,0.0,0.4738,0.186632,0.0,1,0.0007478643,0.1097072538,0.10834711016499966
TADWOM_clean,TADWOM_clean,9.57231,6.35673,9.57231,0.87901,1890.37,2150.57,0.0,0.0,0.6552,0.745384,0.0,1,0.0030956465,0.4682998817,0.46257019036162567
TAJTOQ01_clean,TAJTOQ01_clean,3.80682,2.74199,3.80429,1.36597,0.0,0.0,72.1377,52.8108,0.477,0.349204,0.0,0,0.0007401976,0.1091354301,0.1096440345893749
TAJTOQ_clean,TAJTOQ_clean,3.86191,2.88549,3.68526,1.35217,0.0,0.0,85.3373,63.1113,0.4918,0.363711,0.0,0,0.0009113913,0.1336087535,0.13585344378925085
TANNUT_clean,TANNUT_clean,3.94901,2.80773,3.94901,1.47598,0.0,0.0,251.923,170.682,0.4472,0.302986,0.0,1,0.0006022031,0.0884038631,0.09004338667300017
TAVSER_clean,TAVSER_clean,4.68059,3.40871,4.58275,1.83044,1021.31,557.959,0.0,0.0,0.4762,0.260156,0.0,0,0.0011993556,0.1635019459,0.17086561354949942
TAZLEN_clean,TAZLEN_clean,11.08754,7.14784,11.07704,1.04748,2269.71,2166.83,0.0,0.0,0.7294,0.696338,0.0,1,0.0033203173,0.4635249101,0.4761703461977509
TEQLIM_clean,TEQLIM_clean,10.57747,9.21067,10.57747,0.779734,1974.44,2532.19,79.8475,102.404,0.7166,0.919031,0.0,1,0.0039324579,0.5660845793,0.5731811800188762
TERFED_clean,TERFED_clean,4.51281,3.91001,4.51281,1.28172,1102.17,859.911,0.0,0.0,0.5092,0.397278,0.0,1,0.0015637618,0.227748842,0.22451513252387525
TOKKOV_clean,TOKKOV_clean,5.02498,3.26586,4.31205,1.69711,0.0,0.0,791.116,466.154,0.5054,0.2978,0.0,1,0.0010295989,0.1406488489,0.14930840857712518
UDAMET_clean,UDAMET_clean,11.69192,5.63198,11.69192,1.6473,2524.33,1532.4,0.0,0.0,0.7696,0.467189,0.0,0,0.0018235458,0.254709007,0.2747922434502502
UDAXAB_clean,UDAXAB_clean,8.17384,5.7358,8.17384,1.76672,1717.58,972.191,0.0,0.0,0.62,0.350934,0.0,0,0.0015027429,0.2172562461,0.22269133338262415
UKAZAI_clean,UKAZAI_clean,4.01402,2.89555,3.95242,1.98445,0.0,0.0,282.41,142.312,0.534,0.269092,0.0,1,0.001030746,0.1484570806,0.1487388604617501
ULOJUC01_clean,ULOJUC01_clean,8.43303,5.90044,8.43303,1.86665,1700.1,910.775,0.0,0.0,0.62,0.332146,0.0,1,0.001399801,0.2070887953,0.2061847307392499
ULOJUC_clean,ULOJUC_clean,8.56178,5.86238,8.56178,1.55968,1711.24,1097.17,0.0,0.0,0.6422,0.411751,0.0,0,0.0016406884,0.2356600481,0.2409440625329997
ULOLAK_clean,ULOLAK_clean,8.32335,5.93961,8.32335,1.44582,1721.43,1190.63,0.0,0.0,0.6254,0.432557,0.0,1,0.0017881016,0.2524715314,0.2608510115971258
ULOLUE_clean,ULOLUE_clean,5.37294,2.6354,5.33746,2.15302,0.0,0.0,503.684,233.944,0.4862,0.225823,0.0,0,0.0005259053,0.0778722821,0.07797462465187496
UMOYOM09_clean,UMOYOM09_clean,9.17279,5.31913,9.17279,0.580043,2871.76,4950.95,0.0,0.0,0.7526,1.29749,0.0,1,0.0059730462,0.8771076182,0.8609663514045057
UMOYOM12_clean,UMOYOM12_clean,10.19907,5.488,10.19907,0.599366,2923.9,4878.33,0.0,0.0,0.7518,1.25433,0.0,1,0.005873198,0.8475952751,0.8540004548691266
UMOYOM14_clean,UMOYOM14_clean,7.70148,5.09259,6.16713,0.70962,2883.03,4062.77,0.0,0.0,0.6922,0.975452,0.0,1,0.0043451463,0.6622492994,0.6376997373984985
VAGTAB_clean,VAGTAB_clean,4.79025,4.06778,4.70403,1.65742,967.077,583.482,0.0,0.0,0.4498,0.271385,0.0,1,0.0011180425,0.1534968474,0.16127268520562466
VAJGAR_clean,VAJGAR_clean,7.48888,5.337,7.48888,1.26111,1441.77,1143.26,0.0,0.0,0.5468,0.433587,0.0,1,0.0023106873,0.3302757495,0.3300189301238742
VAKLIF_clean,VAKLIF_clean,8.6135,7.01422,8.60784,0.699177,2542.49,3636.41,0.0,0.0,0.7356,1.05209,0.0,0,0.0048080604,0.6858180767,0.7048774497882512
VAKQAC_clean,VAKQAC_clean,8.53696,6.0247,8.53696,1.65887,1708.25,1029.77,0.0,0.0,0.6212,0.374472,0.0,0,0.0016635686,0.227022194,0.24680272328050054
VALSIM_clean,VALSIM_clean,3.97767,2.66888,3.97767,1.98131,0.0,0.0,166.11,83.8388,0.3982,0.200978,0.0,0,0.0006082241,0.0876065207,0.08977149912425002
VAMYEQ_clean,VAMYEQ_clean,10.0339,6.95835,10.02217,0.642755,2514.17,3911.56,0.0,0.0,0.7686,1.19579,0.0,1,0.0053486622,0.7715494956,0.7900289786321258
VAMZER_clean,VAMZER_clean,7.00413,5.41811,7.00325,0.798549,2577.99,3228.34,0.0,0.0,0.7048,0.8826,0.0,0,0.0041092002,0.5859050889,0.593814879719628
VEHJID_clean,VEHJID_clean,7.11762,5.60328,7.11536,1.12292,1992.96,1774.8,0.0,0.0,0.6602,0.587929,0.0,1,0.0025639342,0.3772736755,0.37204692707687437
VIDWAI_clean,VIDWAI_clean,4.26915,3.21318,4.18386,1.57071,0.0,0.0,1087.21,692.178,0.5068,0.322657,0.0,0,0.0013049106,0.1919954262,0.18880092044625027
VONDOT_clean,VONDOT_clean,5.04789,4.53537,5.04607,1.46717,1023.41,697.539,0.0,0.0,0.4992,0.340246,0.0,0,0.0012121646,0.1747501263,0.17569737696562482
VOSVEG_clean,VOSVEG_clean,10.99131,5.30484,10.99131,1.00093,1319.63,1318.4,0.0,0.0,0.5658,0.565276,0.0,1,0.0021807917,0.3226031996,0.32011177180575046
VOSWIL_clean,VOSWIL_clean,8.9893,8.47778,8.9893,1.37751,1084.84,787.534,0.0,0.0,0.5664,0.411177,0.0,1,0.0015069885,0.211043575,0.21951638227100015
VOZVEN01_clean,VOZVEN01_clean,8.60338,5.56407,8.60338,1.89729,1645.79,867.444,0.0,0.0,0.6124,0.322776,0.0,1,0.0013440473,0.1902240112,0.1976378203455003
VUHMUI_clean,VUHMUI_clean,8.87676,5.75079,8.87676,1.84427,1683.0,912.558,0.0,0.0,0.6152,0.333574,0.0,1,0.0013956724,0.2067214623,0.20038797478299983
VUHNAP_clean,VUHNAP_clean,8.71036,5.62501,8.71036,1.76558,1678.94,950.928,0.0,0.0,0.6156,0.348667,0.0,1,0.0013615058,0.208909267,0.20042525084662471
VUHNUJ_clean,VUHNUJ_clean,8.53907,5.66104,8.53907,1.93709,1673.65,863.999,0.0,0.0,0.6264,0.323371,0.0,1,0.0012439514,0.1963219915,0.18625939712262482
VUKYOR_clean,VUKYOR_clean,9.86874,5.55667,9.86874,1.6882,1708.97,1012.3,0.0,0.0,0.6318,0.374245,0.0,1,0.0019076606,0.2594722451,0.27148696279487433
WANNIL_clean,WANNIL_clean,4.60008,4.02922,4.60008,1.40928,601.135,426.556,0.0,0.0,0.4274,0.303276,0.0,0,0.000803331,0.1200056472,0.11422846944599989
WARFAY04_clean,WARFAY04_clean,7.8465,5.35942,7.8465,1.08487,2078.82,1916.18,0.0,0.0,0.6412,0.591037,0.0,1,0.0033563517,0.4896519932,0.4924278938022459
WEXSEZ_clean,WEXSEZ_clean,10.86576,4.1334,10.86576,1.02008,1886.77,1849.62,0.0,0.0,0.6346,0.622107,0.0,1,0.0031095434,0.4456784183,0.45455359569224724
WIBDAO_clean,WIBDAO_clean,3.72663,3.02173,3.54928,1.66902,0.0,0.0,80.5176,48.2425,0.4496,0.26938,0.0,0,0.0005973596,0.0883434082,0.08821873441625014
WIRNAO_clean,WIRNAO_clean,4.60036,4.13679,4.36405,1.42758,1221.11,855.37,0.0,0.0,0.5356,0.375181,0.0,1,0.0012733546,0.1767665348,0.18816165881887495
WIWKIX_clean,WIWKIX_clean,4.99549,4.15902,4.98439,1.15851,933.473,805.753,15.0963,13.0308,0.5306,0.458002,0.0,0,0.0015163808,0.2296995655,0.2204771137674992
WOJYIF_clean,WOJYIF_clean,6.35968,3.81807,6.35968,1.60067,550.71,344.05,382.392,238.895,0.4772,0.298125,0.0,1,0.0013097772,0.1912314154,0.18750604985675
WOJYUR_clean,WOJYUR_clean,6.03938,3.6829,6.03792,1.63755,514.016,313.893,377.608,230.593,0.4758,0.290556,0.0,1,0.0012653902,0.1832272128,0.18695406544537524
WOLROF_clean,WOLROF_clean,12.0686,6.65136,12.0686,0.914878,2088.61,2282.94,0.0,0.0,0.7304,0.798358,0.000218608,1,0.0038515587,0.5448014064,0.5511353989823733
WONJUG_clean,WONJUG_clean,12.31296,8.59906,12.31296,1.47134,1427.08,969.918,131.627,89.4607,0.6012,0.408607,0.000271861,1,0.0031002341,0.4314494492,0.4333759809514979
WUDZIG_clean,WUDZIG_clean,8.72668,5.79378,8.72668,2.05451,1701.57,828.212,0.0,0.0,0.6134,0.298563,0.0,1,0.0013348361,0.1979989991,0.19775699855275128
WUTCET_clean,WUTCET_clean,6.18745,5.18464,6.17096,1.11984,1387.44,1238.96,0.0,0.0,0.5566,0.497034,0.0,0,0.0020453696,0.2875988491,0.2976254874913754
WUXMAD_clean,WUXMAD_clean,3.83437,3.24506,3.8301,2.7164,0.0,0.0,191.908,70.648,0.3748,0.137977,0.0,0,0.0003453127,0.0494742554,0.050875913009999746
WUXZAS_clean,WUXZAS_clean,3.62559,3.28526,3.61372,1.5914,0.0,0.0,123.322,77.4927,0.2856,0.179465,0.0,1,0.0005124384,0.0768851044,0.07611660261075008
XANZAQ03_clean,XANZAQ03_clean,8.31524,7.66858,8.31524,0.918646,1605.96,1748.18,3.17356,3.45461,0.6742,0.733906,0.0,1,0.0029709009,0.4568761863,0.43600732303787554
XEKJUT_clean,XEKJUT_clean,6.56629,6.19348,6.55947,1.65134,406.62,246.236,825.001,499.594,0.5444,0.329671,0.0,1,0.0025477513,0.3629117759,0.3138734581364989
XISDUA_clean,XISDUA_clean,6.54816,4.77769,6.53027,1.05483,2022.76,1917.62,0.0,0.0,0.5918,0.561039,0.0,1,0.0026527078,0.3866182346,0.3812356245313759
XOBDUO_clean,XOBDUO_clean,5.3269,4.72459,5.3269,2.12953,807.052,378.982,0.0,0.0,0.4734,0.222303,0.0,1,0.0004360918,0.0650689222,0.06712867993550009
XODNUB_clean,XODNUB_clean,4.71915,3.55393,4.43069,2.13543,453.661,212.445,0.0,0.0,0.405,0.189657,0.0,1,0.0003165581,0.0496360709,0.04868183170937494
XOFGEG_clean,XOFGEG_clean,20.28017,4.1755,10.09474,0.997235,1823.44,1828.5,0.0,0.0,0.6744,0.67627,0.0,1,0.0032474317,0.4604456568,0.46858057816175036
XOMNEU_clean,XOMNEU_clean,4.40246,3.57141,4.39113,1.21453,547.741,450.992,0.0,0.0,0.4748,0.390935,0.0,1,0.0011080299,0.1658328899,0.16069502906550023
XOPJAO_clean,XOPJAO_clean,5.14318,3.48639,5.12605,1.24253,772.666,621.85,0.0,0.0,0.4474,0.360072,0.0,0,0.0011691381,0.1748528382,0.16920345455412455
YARZEZ01_clean,YARZEZ01_clean,5.61977,4.05885,5.24298,1.02873,1985.67,1930.22,0.0,0.0,0.6746,0.655761,0.0,0,0.0025271195,0.3529762365,0.372708597675625
YEFPAA_clean,YEFPAA_clean,6.99143,5.65004,6.99143,1.03721,2660.09,2564.66,0.0,0.0,0.745,0.718274,0.0,0,0.0028997491,0.4029266277,0.41197976710374773
YIJCEB_clean,YIJCEB_clean,6.17665,3.95409,6.10232,1.18759,1899.27,1599.27,0.0,0.0,0.5898,0.496636,0.0,1,0.0031958072,0.4395645495,0.43840476534687417
YIXBIQ_clean,YIXBIQ_clean,16.14545,8.60739,16.14545,1.16801,1743.0,1492.28,0.0,0.0,0.7494,0.641603,0.0,1,0.0034449946,0.4851681842,0.4996657486832492
YOFMIQ_clean,YOFMIQ_clean,4.81861,2.69037,4.81861,2.1217,0.0,0.0,275.633,129.911,0.4506,0.212376,0.0,1,0.0004019086,0.0614187738,0.06159889808012488
YOYCEV_clean,YOYCEV_clean,5.85347,3.65099,5.85347,0.977585,1221.28,1249.28,38.9821,39.8759,0.5474,0.559951,0.0,1,0.0018853043,0.2716847393,0.2776949680128752
ZADQUT_clean,ZADQUT_clean,10.25186,5.73513,10.25186,1.32367,2043.12,1543.53,0.0,0.0,0.659,0.497859,0.000151095,1,0.0038638419,0.5369197432,0.5441890034126218
ZADRAA_clean,ZADRAA_clean,10.05232,5.81781,10.05232,1.33714,1945.37,1454.87,0.0,0.0,0.6546,0.489551,0.000149573,1,0.0037074671,0.5143641654,0.5228904808952466
ZISNEW_clean,ZISNEW_clean,10.937,5.73353,10.937,0.756384,2253.97,2979.93,0.0,0.0,0.706,0.933388,0.0,1,0.004505163,0.6685549277,0.6523270282099979
ZOKGAJ_clean,ZOKGAJ_clean,17.39237,16.36156,17.39237,1.58893,759.382,477.921,47.2436,29.733,0.5304,0.33381,0.0,0,0.0012452754,0.1810694259,0.18408044249474975
ABEXEM_clean,ABEXEM_clean,4.82084,4.14331,4.80387,1.76082,968.791,550.193,3.54724,2.01454,0.494,0.280551,0.0,1,0.000960067,0.1371781621,0.14190525629137551
ac403674p_si_001_clean,ac403674p_si_001_clean,8.50423,8.27985,8.50423,1.12072,1220.76,1089.26,0.0,0.0,0.5906,0.526983,0.0,0,0.0016897551,0.2350464651,0.2504985053075005
ACAJIY_clean,ACAJIY_clean,4.94766,3.4178,4.77873,1.0939,822.742,752.116,0.0,0.0,0.5292,0.483772,0.0,0,0.0013443717,0.1852740219,0.20106387236749984
ACAJIZ_clean,ACAJIZ_clean,6.1865,5.74044,6.1865,1.30148,981.157,753.879,0.0,0.0,0.4824,0.370656,0.0,0,0.001018834,0.1480043413,0.1529466940827498
ACIBOE_clean,ACIBOE_clean,8.25776,7.03071,8.25776,1.10094,2063.01,1873.86,0.0,0.0,0.6554,0.595309,0.0,1,0.0026937103,0.3888620721,0.4018778212982494
acs.cgd.6b00463_OLOMUZ1451936_clean,acs.cgd.6b00463_OLOMUZ1451936_clean,10.32513,7.87202,10.32103,1.07611,1950.06,1812.15,0.0,0.0,0.6638,0.616853,0.0,1,0.0025800858,0.3602731499,0.3769808207727499
acscombsci.5b00188_24205_clean,acscombsci.5b00188_24205_clean,5.32506,4.91361,5.32498,1.2624,1666.29,1319.94,0.0,0.0,0.5558,0.440273,0.0,0,0.0022167139,0.3363428054,0.3227101332248742
acscombsci.5b00188_8372_clean,acscombsci.5b00188_8372_clean,5.7583,4.46842,5.7583,0.958855,3178.07,3314.45,0.0,0.0,0.7062,0.736503,0.0,0,0.0031653063,0.474340013,0.46970407358474936
acs.inorgchem.5b02108_ic5b02108_si_002_clean,acs.inorgchem.5b02108_ic5b02108_si_002_clean,7.194,7.0599,7.194,1.21033,1596.38,1318.96,0.0,0.0,0.591,0.488296,0.0,0,0.0025370633,0.3821023082,0.3784103260923742
acs.inorgchem.5b02973_ic5b02973_si_002_clean,acs.inorgchem.5b02973_ic5b02973_si_002_clean,11.38761,10.4443,11.38761,1.02785,1047.76,1019.37,62.4425,60.7507,0.593,0.576933,0.0,0,0.0020431062,0.2940819214,0.2985532650358754
acs.inorgchem.6b01569_ic6b01569_si_002_clean,acs.inorgchem.6b01569_ic6b01569_si_002_clean,6.29847,5.43889,6.29847,1.11326,868.696,780.315,0.0,0.0,0.5092,0.457394,0.0,1,0.001064716,0.1582755534,0.15457171499587516
acs.inorgchem.6b02696_ic6b02696_si_002_clean,acs.inorgchem.6b02696_ic6b02696_si_002_clean,12.13124,5.0609,12.1281,0.908718,2183.39,2402.71,0.0,0.0,0.6878,0.75689,0.0,0,0.0035296649,0.4996936645,0.5095612788841255
ACUBAB_clean,ACUBAB_clean,6.48174,4.30295,6.47204,2.30944,1238.98,536.484,0.0,0.0,0.5252,0.227414,0.0,1,0.0009061675,0.1315673906,0.13244412384112483
ADABUE_clean,ADABUE_clean,4.54949,3.31506,4.54949,1.46632,439.176,299.509,0.0,0.0,0.4708,0.321075,0.0,1,0.0005270418,0.0847835884,0.07998841414837549
ADARAA_clean,ADARAA_clean,12.29205,5.40077,12.29205,0.881935,2191.85,2485.27,7.83761,8.88684,0.6948,0.787813,0.0,1,0.0034977064,0.5201883952,0.507100400176126
ADASIJ_clean,ADASIJ_clean,18.23438,6.60024,18.20695,0.629251,2196.94,3491.36,0.0,0.0,0.765,1.21573,0.0,1,0.005631554,0.8232737437,0.8225786540873794
ADAVAE_clean,ADAVAE_clean,10.21446,8.80719,10.21446,0.655338,2331.18,3557.22,0.0,0.0,0.7302,1.11423,0.0,1,0.0046609187,0.6626176068,0.6749083820041275
ADUWIH_clean,ADUWIH_clean,9.28386,6.55138,8.99777,0.722123,2053.82,2844.14,0.0,0.0,0.7098,0.982935,0.0,1,0.0042407773,0.6089545636,0.6265189705201273
AFITUF_clean,AFITUF_clean,7.14066,5.08524,7.12439,1.32285,1391.46,1051.86,0.0,0.0,0.5322,0.402312,0.0,1,0.0014956605,0.2248961377,0.22298225945512462
AFIXAO_clean,AFIXAO_clean,6.3306,4.52097,6.32879,1.12223,1320.24,1176.44,0.0,0.0,0.5702,0.508096,0.0,0,0.0014869232,0.2185464206,0.22000693089125015
AFOYEB_clean,AFOYEB_clean,5.92566,5.81418,5.92369,1.68224,585.772,348.21,0.0,0.0,0.4054,0.240988,0.0,0,0.0005417744,0.0862062999,0.08107786764274998
AFOYIE_clean,AFOYIE_clean,9.08566,8.61929,9.08005,0.761887,2055.27,2697.6,0.0,0.0,0.71,0.931897,0.0,1,0.0038218638,0.569075251,0.550020700356751
AFUPEX_clean,AFUPEX_clean,5.43312,4.58891,5.43311,1.38641,2204.93,1590.39,0.0,0.0,0.6146,0.443303,0.0,1,0.0021402973,0.3097688117,0.30903985508512355
AGABIU_clean,AGABIU_clean,12.57098,10.82742,12.57098,0.647122,1792.07,2769.29,2.83534,4.38145,0.7402,1.14383,0.0,1,0.0049393585,0.7298225933,0.7056529163023734
AGONAM_clean,AGONAM_clean,5.63222,4.90729,5.59904,1.43768,1370.35,953.171,0.0,0.0,0.568,0.395082,0.0,0,0.0015945721,0.2258117759,0.23135299102700063
AGONEQ_clean,AGONEQ_clean,6.16099,5.90611,6.12795,1.08253,2263.15,2090.61,0.0,0.0,0.6752,0.623722,0.0,0,0.0029154673,0.4191798789,0.4197961667173766
AGOVOJ_clean,AGOVOJ_clean,13.91201,9.20691,13.91201,0.616035,2114.14,3431.85,0.0,0.0,0.7722,1.2535,0.0,1,0.0058841281,0.8709452779,0.8511935562973738
AJOVEB_clean,AJOVEB_clean,5.15455,4.85632,5.13093,1.95651,774.474,395.845,0.0,0.0,0.4138,0.211499,0.0,1,0.0006545145,0.1001979246,0.09636514156387521
ALAHUS_clean,ALAHUS_clean,7.1812,5.45466,7.18023,1.36604,1533.73,1122.76,0.0,0.0,0.5724,0.41902,0.0,1,0.001678487,0.249724074,0.24730491588549913
ALALUU_clean,ALALUU_clean,3.42062,2.87452,3.40919,2.03592,0.0,0.0,4.24112,2.08314,0.469,0.230362,0.0,1,0.000335408,0.0466762287,0.04884976126187498
ALAMUW_clean,ALAMUW_clean,11.92678,5.98269,11.92678,0.64997,2447.93,3766.22,0.0,0.0,0.761,1.17082,0.0,1,0.0057620573,0.8336224485,0.8306521249908749
ALEQIT_clean,ALEQIT_clean,5.78407,3.96262,5.7827,1.90553,677.8,355.702,0.0,0.0,0.434,0.227759,0.0,1,0.0006742763,0.095616958,0.09839536377950037
ALIBUT_clean,ALIBUT_clean,13.10382,3.67767,13.10382,1.322,940.809,711.658,184.278,139.394,0.5642,0.426778,0.0,0,0.0015212302,0.2178073571,0.22329708270125018
ALIFUY_clean,ALIFUY_clean,4.6486,2.79267,4.63894,1.33624,0.0,0.0,416.226,311.491,0.458,0.342754,0.0,1,0.0007145172,0.1069711781,0.1044356613280001
ALIPEQ_clean,ALIPEQ_clean,3.69694,2.83849,3.69275,1.68544,0.0,0.0,171.161,101.553,0.5374,0.318848,0.0,0,0.0009316134,0.1367831707,0.13580377499775081
ALIXOJ_clean,ALIXOJ_clean,7.8603,5.01976,7.84665,0.979833,2007.79,2049.12,0.0,0.0,0.6394,0.65256,0.0,1,0.0028032213,0.4153848819,0.41081320749662453
ALONEV_clean,ALONEV_clean,5.59976,4.84057,5.59976,1.49156,1651.89,1107.49,0.0,0.0,0.571,0.382821,0.0,1,0.0010814204,0.1649017048,0.16191484067712508
ALUJEX_clean,ALUJEX_clean,5.99288,4.42191,5.93648,1.43356,1311.29,914.712,0.0,0.0,0.5364,0.374173,0.0,1,0.0014720501,0.2161303602,0.21656132110774998
ALUJUN_clean,ALUJUN_clean,4.85152,2.67152,4.83941,1.33934,0.0,0.0,664.1,495.839,0.5002,0.373466,0.0,1,0.0013160256,0.1968111326,0.1931203234637498
ALUKIC_clean,ALUKIC_clean,8.54387,6.77342,8.52787,0.56692,2883.21,5085.74,0.0,0.0,0.7934,1.39949,0.0,1,0.0060633132,0.9325347602,0.9232416342372518
ALUKUO_clean,ALUKUO_clean,8.54799,6.78315,8.52991,0.582411,2894.93,4970.58,0.0,0.0,0.7922,1.36021,0.0,1,0.0062381421,0.9003221125,0.9036124258212493
ALULAV_clean,ALULAV_clean,8.53005,6.74275,8.5229,0.590909,2900.24,4908.1,0.0,0.0,0.7924,1.34099,0.0,1,0.0061456891,0.8912450461,0.8993952116017503
ALULID_clean,ALULID_clean,7.81513,5.26988,7.81513,0.929552,2122.82,2283.71,0.0,0.0,0.6652,0.715614,0.0,1,0.0030820642,0.4427284731,0.4465786386462498
ALURIJ_clean,ALURIJ_clean,6.87946,3.53974,6.12375,1.07753,1201.6,1115.15,0.0,0.0,0.5294,0.49131,0.0,0,0.0017158903,0.2463889216,0.2531881289675
AMAFOK_clean,AMAFOK_clean,6.60314,5.66314,6.60314,1.49249,870.16,583.026,0.0,0.0,0.4392,0.294274,0.0,1,0.0011404962,0.1641642076,0.16655969405650034
AMAGAX_clean,AMAGAX_clean,6.93247,6.0951,6.93247,1.45916,960.382,658.174,0.0,0.0,0.4598,0.315113,0.0,1,0.0012679239,0.1786116467,0.18294130350475007
AMIMAL_clean,AMIMAL_clean,11.07211,9.50667,11.06415,0.988926,1269.07,1283.28,0.0,0.0,0.6132,0.620066,0.0,1,0.0024621001,0.3539302633,0.366441793503
AMODUC_clean,AMODUC_clean,8.56321,6.70069,8.56321,0.575734,2862.5,4971.91,0.0,0.0,0.7896,1.37147,0.000694765,1,0.0062774433,0.9100166487,0.9070935018875019
AMUXAI_clean,AMUXAI_clean,8.64297,7.79614,8.57936,1.02442,1402.26,1368.83,0.421846,0.411789,0.5964,0.582182,0.0,1,0.0018892204,0.2859278396,0.27730699028812544
ANAWOD_clean,ANAWOD_clean,6.92762,6.10595,6.92762,1.43826,1562.19,1086.17,0.0,0.0,0.5924,0.411885,0.0,0,0.0019177784,0.2756919854,0.2750560615732504
ANOMUM_clean,ANOMUM_clean,7.28969,4.98752,7.24267,0.833729,2493.01,2990.19,0.0,0.0,0.6952,0.833844,0.0,1,0.00390244,0.5730954276,0.5667142489533746
APAYIB_clean,APAYIB_clean,5.96805,4.21212,5.96805,1.10941,2139.9,1928.86,0.0,0.0,0.6164,0.555611,0.0,1,0.0025630439,0.3728814822,0.3735913306371247
APAYOH_clean,APAYOH_clean,6.13125,4.32559,6.13125,1.11146,2186.88,1967.56,0.0,0.0,0.6078,0.546846,0.0,1,0.0027322998,0.3768054728,0.39188751416175166
AQALIO_clean,AQALIO_clean,3.6362,2.83608,3.61709,2.20004,0.0,0.0,130.15,59.1582,0.4758,0.216269,0.0,1,0.000506949,0.0775604656,0.0753025704592506
AQEQIW_clean,AQEQIW_clean,6.30636,5.13016,6.19765,1.10057,1724.95,1567.33,0.0,0.0,0.6202,0.563526,0.0,0,0.0025068273,0.3676695205,0.3667768524038747
AQIXUV_clean,AQIXUV_clean,8.64919,5.459,8.64919,0.934501,1104.45,1181.86,0.0,0.0,0.5626,0.602032,0.0,1,0.0017280997,0.2614407896,0.25748774515837386
AQMAND01_clean,AQMAND01_clean,3.38568,2.86973,3.37428,2.08242,0.0,0.0,2.14095,1.02811,0.4646,0.223106,0.0,1,0.0002994901,0.0456488527,0.04287892583937513
AQMAND_clean,AQMAND_clean,3.37168,2.85465,3.37168,2.05911,0.0,0.0,2.13512,1.03691,0.4536,0.220289,0.0,1,0.000368129,0.0547505467,0.055347182842250146
AQUCOG_clean,AQUCOG_clean,11.41407,10.59979,11.41389,1.19971,1576.67,1314.22,0.0,0.0,0.6588,0.549134,0.0,1,0.0027386739,0.3840805419,0.39365906962737574
ARADEE_clean,ARADEE_clean,5.98273,5.3868,5.98273,1.18176,2613.25,2211.32,0.0,0.0,0.645,0.545797,0.0,1,0.0026030146,0.3760068672,0.38445827265149934
ARINUL_clean,ARINUL_clean,4.74057,3.91438,4.73173,1.12547,612.424,544.15,0.0,0.0,0.4952,0.439995,0.0,0,0.0007998763,0.1219992135,0.11749798289787507
ASACON_clean,ASACON_clean,6.42024,5.0837,6.41252,1.7783,988.209,555.703,0.0,0.0,0.4528,0.254625,0.0,1,0.0010667669,0.1460040651,0.15404297715150025
ATEYUV_clean,ATEYUV_clean,10.25531,8.1108,10.25531,0.751133,2430.54,3235.83,0.0,0.0,0.7324,0.975061,0.0,1,0.004637698,0.6694124221,0.67732872767475
ATIBUA_clean,ATIBUA_clean,4.92972,3.79229,4.92858,1.6758,825.852,492.811,0.0,0.0,0.4524,0.269961,0.0,0,0.0006498655,0.1032743412,0.09698112515237511
ATICEL_clean,ATICEL_clean,4.9438,3.91943,4.9438,1.60993,940.703,584.311,0.0,0.0,0.4708,0.292434,0.0,0,0.0008350852,0.1151954629,0.12372880687812497
ATIXAE_clean,ATIXAE_clean,6.03489,5.11879,6.02804,1.08037,1988.86,1840.92,0.0,0.0,0.5946,0.550369,0.0,1,0.0021110805,0.3182970757,0.3185220020548746
ATUXUK_clean,ATUXUK_clean,4.25042,2.62971,4.25042,1.75293,0.0,0.0,209.631,119.589,0.3764,0.214726,0.0,1,0.0007232775,0.1040607662,0.10395533062699995
AVAQIX01_clean,AVAQIX01_clean,5.36267,3.61603,5.3498,1.32796,1049.23,790.108,0.0,0.0,0.535,0.402873,0.0,1,0.0016094624,0.232317591,0.23158252870700063
AVIHIY_clean,AVIHIY_clean,6.88379,6.45442,6.88379,1.62124,1571.08,969.06,0.0,0.0,0.5722,0.35294,0.0,0,0.0016089655,0.2483369427,0.23711534576437315
AVIVOQ_clean,AVIVOQ_clean,11.94166,7.13512,11.94166,0.709142,1885.38,2658.68,0.0,0.0,0.7218,1.01785,0.0,1,0.0042704954,0.6035217309,0.6260815026916282
AWEVIJ_clean,AWEVIJ_clean,10.6197,8.65931,10.61387,0.747212,1607.37,2151.16,0.0,0.0,0.6408,0.857588,0.0,1,0.0033402085,0.4830904329,0.49227637459162243
AXIPEE03_clean,AXIPEE03_clean,6.5428,4.0805,6.53621,1.61298,1706.94,1058.25,0.0,0.0,0.59,0.365782,0.0,1,0.0015325536,0.2121565742,0.22294441953599997
AXUHEH_clean,AXUHEH_clean,7.21454,5.63203,7.19196,1.06453,1024.66,962.545,0.0,0.0,0.4958,0.465746,0.0,1,0.0012917907,0.1963159419,0.19097307867912508
AXUHIL_clean,AXUHIL_clean,5.52712,3.3542,5.48282,1.22986,853.186,693.728,0.0,0.0,0.5008,0.407202,0.0,1,0.000987892,0.1514898961,0.1446526002237505
AXUPEO_clean,AXUPEO_clean,6.09832,3.292,6.09832,1.66532,0.0,0.0,1029.44,618.162,0.4872,0.292556,0.0,1,0.0016336653,0.1752276876,0.23092113125125047
AYAWEE_clean,AYAWEE_clean,4.45454,3.05423,4.4425,1.38548,0.0,0.0,407.915,294.422,0.4026,0.290586,0.0,1,0.0007190384,0.1050447182,0.10494645582475016
AZAVOO_clean,AZAVOO_clean,5.27678,3.99297,4.86471,1.01321,1059.99,1046.17,0.0,0.0,0.5368,0.529802,0.0,1,0.0017811446,0.274239512,0.2577126740617498
AZAVUU_clean,AZAVUU_clean,5.48228,4.93668,5.47166,1.18498,1132.58,955.777,0.0,0.0,0.5306,0.44777,0.0,1,0.0016249941,0.240537287,0.23170886319012593
AZAWAB_clean,AZAWAB_clean,5.65614,4.89759,5.3467,1.11309,1245.12,1118.62,0.0,0.0,0.5586,0.501848,0.0,1,0.0018275323,0.266474385,0.2668318965026244
AZIVAI_clean,AZIVAI_clean,7.0547,5.80911,7.0547,0.682418,2610.44,3825.28,0.0,0.0,0.715,1.04774,0.0,1,0.0048626423,0.6935054344,0.7096383336807511
BACGAQ_clean,BACGAQ_clean,5.16583,4.20229,5.16583,1.16624,909.575,779.923,0.0,0.0,0.5142,0.440905,0.0,0,0.0011405121,0.1675026511,0.1699463243882499
BADHIA_clean,BADHIA_clean,4.01973,3.00401,3.79822,1.23442,0.0,0.0,175.187,141.918,0.5186,0.420115,0.0,0,0.0010586486,0.1489729463,0.15212765421299929
BADHUM_clean,BADHUM_clean,4.02685,2.97037,3.56285,1.24704,0.0,0.0,171.297,137.363,0.5148,0.412818,0.0,0,0.0009821683,0.1450174373,0.14535689711399954
BADYAJ_clean,BADYAJ_clean,8.60576,7.13629,8.60576,0.984728,1990.18,2021.04,0.0,0.0,0.6528,0.662924,0.0,0,0.0029019928,0.4105797123,0.4243013749023762
BAFHAU_clean,BAFHAU_clean,9.02635,7.37185,9.02635,0.858551,2348.05,2734.89,0.0,0.0,0.738,0.859588,0.0,0,0.0030951504,0.4698598724,0.4651355811490008
BAFKUR_clean,BAFKUR_clean,4.20949,2.7626,3.99865,1.34841,0.0,0.0,180.788,134.075,0.4148,0.307621,0.0,0,0.0005115527,0.0746025822,0.07699525107200017
BAHGUN01_clean,BAHGUN01_clean,4.22559,3.22631,4.03111,1.51116,0.0,0.0,307.106,203.226,0.4102,0.271448,0.0,1,0.0007521752,0.1027561661,0.10615689179362484
BAHGUN03_clean,BAHGUN03_clean,4.25449,3.25933,4.23074,1.50254,0.0,0.0,321.562,214.012,0.4192,0.278993,0.0,1,0.00076421,0.1065546511,0.10897965171499992
BAKFAV_clean,BAKFAV_clean,5.07804,3.13825,4.96712,1.79842,0.0,0.0,881.921,490.386,0.5434,0.302154,0.0,0,0.00109889,0.1602578356,0.16187197217912505
BAKGIF_manual,BAKGIF_manual,7.54763,6.30914,7.54763,1.01674,1528.77,1503.6,0.0,0.0,0.6098,0.599757,0.0,0,0.0022201397,0.3268581626,0.3263065058768756
BAKJOO_clean,BAKJOO_clean,7.70901,5.72948,7.70901,1.0049,1743.18,1734.69,0.0,0.0,0.6112,0.608223,0.0,1,0.0026207546,0.3777928356,0.38039408344462466
BALPAH_clean,BALPAH_clean,5.85023,3.45925,5.40262,1.81974,608.898,334.607,332.251,182.582,0.504,0.276963,0.0,1,0.0007124867,0.1046714235,0.10534785530262494
BAMKOS_clean,BAMKOS_clean,6.76349,5.81846,6.76349,1.11335,1511.81,1357.89,0.0,0.0,0.5736,0.515203,0.0,1,0.0017507693,0.244820442,0.2582045144571248
BAPDAA_clean,BAPDAA_clean,12.36039,11.54677,12.35976,1.38142,1564.69,1132.67,0.0,0.0,0.6892,0.498906,0.0,1,0.0023903986,0.3471142468,0.3451783927028746
BAXFIR01_clean,BAXFIR01_clean,4.08461,3.48945,4.06863,1.30493,544.936,417.597,0.0,0.0,0.4766,0.36523,0.0,0,0.0010516797,0.1596216072,0.15205900706674969
BAXFIR02_clean,BAXFIR02_clean,4.03285,3.42273,4.0125,1.31623,519.268,394.513,0.0,0.0,0.474,0.360121,0.0,0,0.0010901558,0.1604096544,0.15530711614224949
BAZJET_clean,BAZJET_clean,13.37019,12.10117,13.37019,0.621294,2143.77,3450.5,0.0,0.0,0.742,1.19428,0.0,1,0.0055856798,0.8010024321,0.8067228211921272
BEFLEF_clean,BEFLEF_clean,4.34381,2.9685,4.34381,1.5922,0.0,0.0,763.83,479.734,0.4908,0.308253,0.0,0,0.0022877112,0.1874585295,0.2979058147836235
BEFLIJ_clean,BEFLIJ_clean,4.69454,3.18706,4.69454,1.535,0.0,0.0,1080.92,704.182,0.5108,0.332768,0.0,0,0.002511215,0.2251787218,0.24246792760837452
BENZUR_clean,BENZUR_clean,5.75474,3.70828,5.75474,1.24694,1151.54,923.496,0.0,0.0,0.5016,0.402265,0.0,1,0.0015083648,0.2096225893,0.22197507481499987
BEPBAB_clean,BEPBAB_clean,5.3188,3.97632,5.3188,1.04154,1135.05,1089.78,0.0,0.0,0.473,0.454133,0.0,1,0.0016009174,0.2499438813,0.23242595389524948
BEPNER_clean,BEPNER_clean,3.72227,2.61847,3.71687,1.16642,0.0,0.0,113.545,97.3442,0.4598,0.394197,0.0,1,0.0004720667,0.0730678864,0.07249510672037493
BEPNIV_clean,BEPNIV_clean,10.32219,10.19883,10.32219,0.893387,1335.35,1494.71,0.0,0.0,0.6494,0.726897,0.0,1,0.0024488308,0.3568907463,0.35943622422687527
BEPNUH_clean,BEPNUH_clean,10.32563,10.2098,10.32563,1.16569,1103.61,946.742,0.0,0.0,0.6056,0.519521,0.0,0,0.0018532303,0.2583651458,0.2783173965271279
BEPPIX_clean,BEPPIX_clean,9.77409,9.63706,9.77409,0.990438,1290.67,1303.13,0.0,0.0,0.592,0.597716,0.0,1,0.0020095371,0.2888181302,0.29660269469450046
BEPREV01_clean,BEPREV01_clean,6.64209,5.02845,6.632,0.808218,2539.09,3141.59,0.0,0.0,0.6368,0.787906,0.0,0,0.0038724936,0.5603952376,0.5554221602147495
BERGAI_clean,BERGAI_clean,5.28761,2.67572,5.28761,1.49712,0.0,0.0,557.137,372.14,0.4878,0.325826,0.0,1,0.0009345572,0.1344030403,0.1347020046543746
BETFEN_clean,BETFEN_clean,6.20622,4.32109,6.20622,1.07862,2315.47,2146.71,0.0,0.0,0.6288,0.582969,0.0,1,0.002461324,0.3805493436,0.3647141388910008
BETFUD_clean,BETFUD_clean,6.14614,4.2626,6.11668,1.06295,2329.37,2191.42,0.0,0.0,0.6258,0.58874,0.0,1,0.0026853865,0.3827682282,0.3893827665363737
BETGAK_clean,BETGAK_clean,6.1095,4.21478,5.89063,1.06153,2331.97,2196.8,0.0,0.0,0.6284,0.591977,0.0,1,0.0025766613,0.3866499736,0.38512392494899994
BETHEP_clean,BETHEP_clean,15.93969,5.38602,15.93969,1.55026,1210.88,781.08,479.733,309.453,0.6876,0.443538,0.0,1,0.0019973208,0.3001425471,0.28655572982100025
BEXQUR_clean,BEXQUR_clean,8.07729,5.36514,8.07375,0.705667,2478.07,3511.67,0.0,0.0,0.72,1.02031,0.0,0,0.0039728996,0.593430324,0.5848473004565025
BEXRIG_clean,BEXRIG_clean,8.16514,5.60091,8.16514,0.67222,2617.75,3894.19,0.0,0.0,0.7394,1.09994,0.0,0,0.0044352891,0.6460889884,0.6689471852808729
BEXSEE_clean,BEXSEE_clean,6.49176,4.26641,6.49176,1.04973,1376.89,1311.66,0.0,0.0,0.5628,0.536136,0.0,1,0.0021145852,0.3152802066,0.3094044888840002
BIFGOO_clean,BIFGOO_clean,10.87246,9.01928,10.87246,1.75205,1220.8,696.781,0.0,0.0,0.5534,0.315858,0.0,1,0.0010278676,0.1542334566,0.15159065339762537
BIFKEI_clean,BIFKEI_clean,5.92703,4.3432,5.92703,1.02128,2025.04,1982.84,0.0,0.0,0.6088,0.596113,0.0,1,0.0023160575,0.3458020093,0.33750037356149726
BIHMUC_clean,BIHMUC_clean,4.80366,2.90368,4.80315,1.36548,0.0,0.0,630.363,461.643,0.434,0.317837,0.0,1,0.0007454578,0.1084528208,0.10952921928850008
BINDAF_manual,BINDAF_manual,13.14316,8.49712,13.14316,0.600599,2185.42,3638.73,0.0,0.0,0.7212,1.2008,0.0,0,0.0050800954,0.7382443032,0.7419698580955004
BIQFOW_clean,BIQFOW_clean,5.88357,2.82771,5.87564,2.2446,0.0,0.0,958.605,427.072,0.5038,0.22445,0.0,1,0.0013985931,0.2052224389,0.19766613787425005
BIRSIG_clean,BIRSIG_clean,6.37536,4.74657,6.37536,1.3786,1214.29,880.813,0.0,0.0,0.4994,0.362252,0.0,1,0.0013511745,0.1924186922,0.19845344847974972
BIXYEO_clean,BIXYEO_clean,6.67369,4.00375,6.66785,3.33858,1267.68,379.707,0.0,0.0,0.4688,0.140419,0.0,1,0.0005687969,0.0807523599,0.08305770441275007
BIYSUZ_clean,BIYSUZ_clean,8.31867,7.50799,8.23674,1.3283,1507.88,1135.19,0.0,0.0,0.5826,0.438604,0.0,1,0.0019725249,0.2630390432,0.2854212635910004
BIYVIQ_clean,BIYVIQ_clean,8.9412,8.20862,8.9412,1.41865,1440.37,1015.31,0.0,0.0,0.5976,0.421246,0.0,1,0.0015929357,0.2426700305,0.23698352288987568
BOCTOE04_clean,BOCTOE04_clean,4.34246,2.69592,4.34246,1.22277,0.0,0.0,739.145,604.483,0.5642,0.461411,0.0,0,0.0010934721,0.1503025319,0.1620878258848753
BOHJOZ_auto,BOHJOZ_auto,7.4485,3.57263,7.4485,1.57117,1415.9,901.179,0.0,0.0,0.557,0.354513,0.000254588,0,0.000986511,0.192011041,0.14445258116099974
BOMCOX_clean,BOMCOX_clean,5.96735,4.28567,5.96735,1.1236,1334.13,1187.38,0.0,0.0,0.5368,0.477752,0.0,1,0.0017392148,0.2525694066,0.25592287605187447
BOWZUK_clean,BOWZUK_clean,8.36121,7.81351,8.30025,0.894084,1398.32,1563.97,0.0,0.0,0.6136,0.686289,0.0,1,0.0024275631,0.3485415804,0.35550763167475075
BOYYOF_clean,BOYYOF_clean,9.47252,6.48081,9.47252,1.142,1531.96,1341.47,0.0,0.0,0.5924,0.518737,0.0,1,0.001935397,0.279507786,0.2859634663358741
BOZFIH_clean,BOZFIH_clean,5.87158,4.75385,5.8575,1.05542,1850.88,1753.69,0.0,0.0,0.6,0.568494,0.0,1,0.002357228,0.3502877008,0.3457234088339988
BUGSIG_clean,BUGSIG_clean,4.72751,4.18275,4.72118,1.638,1097.7,670.147,0.0,0.0,0.5356,0.326984,0.0,1,0.0008786544,0.1276293871,0.1311312504643756
BUVWOF02_clean,BUVWOF02_clean,7.02744,5.38791,7.02744,1.22872,811.616,660.538,0.0,0.0,0.4574,0.372258,0.0,0,0.000859212,0.127624222,0.1298077645609996
BUXZAX_clean,BUXZAX_clean,33.37685,31.81617,33.36969,0.55548,1448.92,2608.41,0.0,0.0,0.8332,1.49996,0.000360049,1,0.0068209504,0.9889676192,5.700502504227496
c4dt03702b_c4dt03702b2_clean,c4dt03702b_c4dt03702b2_clean,8.83143,6.21194,8.83143,0.592358,2322.31,3920.45,0.0,0.0,0.7494,1.26511,0.0,0,0.0054754825,0.8115279469,0.8160184469477514
c5ce02194d_c5ce02194d2_clean,c5ce02194d_c5ce02194d2_clean,6.92785,5.95944,6.79754,0.95198,1569.85,1649.04,0.0,0.0,0.5884,0.61808,0.0,1,0.0023590185,0.3473876708,0.3413047398936241
c5gc02393a_c5gc02393a2_clean,c5gc02393a_c5gc02393a2_clean,5.4044,4.48945,5.38726,1.33709,1164.94,871.248,14.4818,10.8309,0.513,0.383669,0.0,1,0.0012943991,0.1935665492,0.19240929186549963
c5nj02634b_c5nj02634b2_clean,c5nj02634b_c5nj02634b2_clean,6.56089,5.15548,6.36711,0.972386,1739.81,1789.21,0.0,0.0,0.6012,0.618273,0.0,1,0.0025925483,0.3614644578,0.37804507584625
c6ce00407e_c6ce00407e3_clean,c6ce00407e_c6ce00407e3_clean,12.83222,6.18664,12.83222,0.918215,2210.46,2407.34,0.0,0.0,0.7204,0.784565,0.0,1,0.0038696212,0.5525912632,0.5610182232757506
c6cp03028a_c6cp03028a3_clean,c6cp03028a_c6cp03028a3_clean,4.4022,2.99782,4.40188,1.45754,0.0,0.0,725.781,497.949,0.498,0.341672,0.0,0,0.0009746333,0.1412611846,0.14612202364649968
c6dt03852b_c6dt03852b2_clean,c6dt03852b_c6dt03852b2_clean,13.14811,11.57992,13.14609,0.737977,1944.6,2635.04,0.0,0.0,0.7482,1.01385,0.000271011,1,0.0046861536,0.6811441549,0.6798129106833767
CADPII_clean,CADPII_clean,5.83331,5.05627,5.83331,2.03698,286.725,140.76,0.0,0.0,0.351,0.172314,0.0,1,0.0002957395,0.0458474619,0.044054662602000055
CADQAB_clean,CADQAB_clean,6.63883,4.78268,6.63883,1.11548,2206.23,1977.84,0.0,0.0,0.6348,0.569083,0.0,1,0.0027304549,0.3973057056,0.3952501260585011
CADZIT_clean,CADZIT_clean,4.17501,3.53659,4.16494,1.26214,543.593,430.693,0.0,0.0,0.4638,0.367472,0.0,0,0.0007602872,0.1200766268,0.11419320440549974
CAFRUX_clean,CAFRUX_clean,5.34223,3.18242,3.89892,1.16094,0.0,0.0,517.192,445.494,0.5436,0.468242,0.0,1,0.0012033325,0.1675696163,0.17961064451950015
CAGSAG_clean,CAGSAG_clean,9.02799,5.29308,7.06322,0.961699,2031.62,2112.53,9.03866,9.39864,0.6624,0.688781,0.0,1,0.0029699428,0.4313073938,0.436169387793999
CAGXIU_clean,CAGXIU_clean,5.87273,4.76439,5.85793,1.68022,875.321,520.957,0.0,0.0,0.4288,0.255205,0.0,0,0.0009440063,0.1442291683,0.1328079655132504
CAMROA_clean,CAMROA_clean,7.19069,4.56478,7.19069,1.30979,1422.32,1085.91,0.0,0.0,0.5454,0.416401,0.0,1,0.0020069313,0.2814804626,0.2860585753403759
CANRIU_clean,CANRIU_clean,6.98874,4.43531,6.97328,0.861557,1846.01,2142.64,0.0,0.0,0.6044,0.70152,0.0,1,0.0028920001,0.4059677201,0.4220287314484997
CANYIB_clean,CANYIB_clean,8.93125,8.46949,8.93125,1.07172,1754.82,1637.38,0.0,0.0,0.614,0.572909,0.0,1,0.0025407802,0.3733434089,0.36983952157750066
CAVNOE_clean,CAVNOE_clean,5.24143,4.75286,5.24143,1.73091,867.69,501.29,0.0,0.0,0.4214,0.243455,0.0,0,0.0010556541,0.1584111421,0.15339111060849986
CAVRAU_clean,CAVRAU_clean,8.06449,6.42877,8.06449,0.994088,1841.55,1852.5,0.0,0.0,0.6396,0.643404,0.0,1,0.0029632141,0.4170741532,0.4348062124202483
CAWDOU02_clean,CAWDOU02_clean,6.97816,4.93144,6.97816,0.905214,1990.01,2198.39,0.0,0.0,0.6108,0.674758,0.0,1,0.0028117785,0.3910366192,0.40315732376262503
CAWVIH_SL,CAWVIH_SL,6.49654,4.73872,6.48371,1.24069,901.093,726.283,0.0,0.0,0.4956,0.399454,0.0,0,0.0011812558,0.1729949982,0.17244937373075028
CAXTEC_clean,CAXTEC_clean,10.87616,5.2726,10.87615,0.837152,1928.01,2303.05,0.0,0.0,0.6672,0.796988,0.0,0,0.0034806356,0.4637220284,0.5023147407143761
CAYSOK_clean,CAYSOK_clean,7.10061,5.08651,7.10061,1.15597,734.4,635.313,0.0,0.0,0.476,0.411777,0.0,0,0.0008520135,0.1239989875,0.12281585396037516
CAYSOL_clean,CAYSOL_clean,4.10454,3.06683,4.10454,1.54161,0.0,0.0,527.293,342.04,0.5286,0.342888,0.0,0,0.0011980451,0.1814722789,0.17656372370237544
CAYYEG_clean,CAYYEG_clean,7.23384,5.22809,7.23384,1.1195,757.877,676.976,0.0,0.0,0.4822,0.430726,0.0,0,0.0008297826,0.1299330963,0.12203791263500072
CAZGOZ_clean,CAZGOZ_clean,8.02063,3.18,8.00699,0.905364,0.0,0.0,1541.81,1702.97,0.6102,0.673983,0.0,0,0.0027641776,0.4029987179,0.3958602023593757
CAZNEY_clean,CAZNEY_clean,6.26427,5.09264,6.24536,0.832059,2251.27,2705.66,0.0,0.0,0.6506,0.781916,0.0,1,0.0034962737,0.500427871,0.5030471453122505
CEHWIX_clean,CEHWIX_clean,3.77572,3.29583,3.77572,1.55337,0.0,0.0,294.827,189.798,0.4734,0.304757,0.0,1,0.0008791002,0.129231078,0.1295322484947504
CEMYUQ_clean,CEMYUQ_clean,6.77494,3.84893,6.77491,1.21968,1760.79,1443.65,0.0,0.0,0.6118,0.501606,0.0,1,0.0023742436,0.3600399858,0.3426808180350024
CETGOY_clean,CETGOY_clean,10.22503,9.4107,10.22503,0.619603,1948.44,3144.66,0.0,0.0,0.6924,1.11749,0.0,1,0.0044607607,0.6477817196,0.8698651075448762
CETHEQ_clean,CETHEQ_clean,9.71439,7.35018,9.71439,1.06464,1786.46,1678.0,0.0,0.0,0.68,0.638714,0.0,1,0.0022264992,0.3363795219,0.3315965639642511
CEXHOD_clean,CEXHOD_clean,6.20263,3.99405,6.1987,0.988457,1905.85,1928.11,0.0,0.0,0.5896,0.596485,0.0,1,0.002222925,0.3164408021,0.3253032330253742
cg0702636-file001_clean,cg0702636-file001_clean,4.28619,2.95991,4.28619,1.71071,0.0,0.0,554.044,323.869,0.4834,0.282573,0.0,0,0.0010952376,0.162330259,0.15790687817824986
cg200615s_si_002_clean,cg200615s_si_002_clean,4.28794,2.8499,4.28081,1.75938,0.0,0.0,254.471,144.637,0.3014,0.171311,0.0,1,0.0003181612,0.052629334,0.04856978819424996
cg301725z_si_004_clean,cg301725z_si_004_clean,4.69664,4.11195,4.68637,1.09749,1702.36,1551.13,0.0,0.0,0.5844,0.532487,0.0,0,0.0023929462,0.3455184229,0.3447445030255002
cg5010616_si_007_clean,cg5010616_si_007_clean,4.62764,3.59212,4.62764,1.09202,987.897,904.65,4.23835,3.8812,0.4894,0.44816,0.0,1,0.0018614315,0.2448404354,0.26825530162075006
cg8002564_si_008_clean,cg8002564_si_008_clean,4.98348,3.3006,4.98348,1.38404,0.0,0.0,812.956,587.38,0.4888,0.35317,0.0,0,0.0010172939,0.1435525275,0.15144474137037528
cg900349c_si_002_clean,cg900349c_si_002_clean,6.40104,2.85131,6.40104,1.46941,0.0,0.0,1014.19,690.2,0.5798,0.39458,0.0,0,0.0011241829,0.178342247,0.1664698657732504
CIDKUX_clean,CIDKUX_clean,9.17673,8.30352,9.17673,1.04661,1668.34,1594.05,0.0,0.0,0.6532,0.624113,0.0,1,0.0026349647,0.3890166048,0.38607055560225056
CIFMEL_clean,CIFMEL_clean,8.24371,5.76486,8.24371,0.761139,2746.38,3608.25,0.0,0.0,0.7488,0.983788,0.0,1,0.0045127612,0.668374676,0.6524301762771243
CIFMIP_clean,CIFMIP_clean,7.90061,6.44934,7.90061,1.08801,1993.5,1832.24,0.0,0.0,0.6246,0.574075,0.0,1,0.0025415322,0.3757961899,0.37188987730037276
CIGFEF_clean,CIGFEF_clean,5.08065,3.70225,5.00391,1.56415,1026.35,656.171,0.0,0.0,0.547,0.349712,0.0,1,0.0012969215,0.1888133645,0.18780664659937452
CIJVOH01_clean,CIJVOH01_clean,5.72943,4.43683,5.71847,1.42641,2600.15,1822.87,0.0,0.0,0.6914,0.484714,0.0,1,0.0020895111,0.3106821185,0.311210345340373
CIRTUU_clean,CIRTUU_clean,15.60203,7.15132,15.60203,0.583758,2414.48,4136.1,0.0,0.0,0.7788,1.33412,0.0,1,0.0063804315,0.9294646042,0.9068161100531299
CITXUZ_clean,CITXUZ_clean,5.80705,2.7632,5.52538,1.22731,0.0,0.0,741.921,604.508,0.5388,0.439007,0.0,1,0.0012106137,0.187538109,0.17873024189037573
CITZIP_manual,CITZIP_manual,6.91567,6.30981,6.88477,1.43035,1426.63,997.402,0.0,0.0,0.5266,0.368162,0.0,0,0.0015520123,0.232154344,0.22971422032374925
CIWSAD_clean,CIWSAD_clean,8.30771,7.62763,8.30771,1.22175,2054.23,1681.39,0.0,0.0,0.6672,0.546104,0.0,0,0.0022277549,0.3188684864,0.31828262192062584
CIWYUD_clean,CIWYUD_clean,7.106,4.57125,7.10384,1.41213,1333.92,944.617,0.0,0.0,0.5334,0.377728,0.0,1,0.0014464238,0.221125922,0.2131896821033747
CIWZIT_clean,CIWZIT_clean,6.79559,5.48299,6.79559,1.25271,971.679,775.661,0.13923,0.111143,0.5152,0.411268,0.0,0,0.0009766008,0.1430821737,0.1442177922890008
cm1008587_si_003_clean,cm1008587_si_003_clean,6.03686,5.8505,6.03686,1.12119,1527.32,1362.24,0.0,0.0,0.5816,0.518737,0.0,0,0.0022532085,0.3138693871,0.3238956599168754
cm301726k_si_004_clean,cm301726k_si_004_clean,7.25727,6.70407,7.25727,1.2275,1056.33,860.551,0.0,0.0,0.4792,0.390387,0.0,1,0.0016217348,0.2357489964,0.23378561172000029
cm501138g_si_006_clean,cm501138g_si_006_clean,13.20287,6.64275,13.20287,0.881027,2105.19,2389.47,0.0,0.0,0.7198,0.817001,0.0,1,0.0038773708,0.5717430486,0.5707042911747507
cm501138g_si_010_clean,cm501138g_si_010_clean,13.19966,6.69993,13.19966,0.880672,2105.24,2390.49,0.0,0.0,0.7198,0.81733,0.0,1,0.0038747876,0.5735073687,0.5723254710668764
cm503311x_alf11K_clean,cm503311x_alf11K_clean,7.06313,6.65574,7.06313,0.967105,1569.67,1623.06,0.0,0.0,0.6028,0.623304,0.0,0,0.0029683414,0.3845761646,0.3843457900742503
cm503311x_alf125K_clean,cm503311x_alf125K_clean,7.14687,6.82418,7.14687,0.9646,1570.17,1627.8,0.0,0.0,0.6102,0.632594,0.0,0,0.003140214,0.3855022548,0.4032684724782507
cm503311x_alf175K_clean,cm503311x_alf175K_clean,7.34601,7.12573,7.34601,0.962415,1571.81,1633.19,0.0,0.0,0.6104,0.634238,0.0,0,0.0030229362,0.3897020135,0.38780665372512735
cm503311x_alf200K_clean,cm503311x_alf200K_clean,7.35028,7.12879,7.35028,0.963076,1569.66,1629.84,0.0,0.0,0.6114,0.634841,0.0,0,0.0029359889,0.3894249952,0.3889708958513768
cm503311x_alf325K_clean,cm503311x_alf325K_clean,7.35887,7.1334,7.35887,0.964937,1562.46,1619.23,0.0,0.0,0.6116,0.633824,0.0,0,0.0028227552,0.3863494859,0.38892817821425096
cm503311x_alf375K_clean,cm503311x_alf375K_clean,7.39622,7.0927,7.39622,0.96527,1537.67,1593.0,0.0,0.0,0.6086,0.630497,0.0,0,0.0028146671,0.3766336263,0.3900766806135011
cm503311x_alf70K_clean,cm503311x_alf70K_clean,7.062,6.64337,7.062,0.967007,1580.84,1634.77,0.0,0.0,0.6034,0.623987,0.0,0,0.0028551077,0.3833548578,0.38681882903649956
cm503311x_aloh275K_clean,cm503311x_aloh275K_clean,7.13108,6.79826,7.13108,0.949161,1601.41,1687.19,0.0,0.0,0.6114,0.644148,0.0,0,0.003049114,0.3992821467,0.39813678508412276
cm503311x_aloh350K_clean,cm503311x_aloh350K_clean,7.17066,6.85243,7.17066,0.948507,1596.68,1683.36,0.0,0.0,0.6094,0.642483,0.0,0,0.0029239485,0.398637852,0.3976755595447506
cm503311x_aloh375K_clean,cm503311x_aloh375K_clean,7.15773,6.843,7.15773,0.948289,1598.4,1685.56,0.0,0.0,0.6106,0.643896,0.0,0,0.0030265432,0.3981577088,0.3981531464223745
cm503311x_aloh425K_clean,cm503311x_aloh425K_clean,7.16028,6.84144,7.16028,0.947823,1600.53,1688.64,0.0,0.0,0.611,0.644635,0.0,0,0.0030655292,0.3986686304,0.39919952590799773
COCNAL_clean,COCNAL_clean,10.84171,6.54754,10.84171,0.653951,2390.98,3656.2,0.0,0.0,0.7696,1.17685,0.0,1,0.0055483987,0.7688965545,0.7965804899686282
COCNEP_clean,COCNEP_clean,10.13832,6.56369,10.13026,0.615207,2370.03,3852.42,0.0,0.0,0.7534,1.22463,0.0,1,0.0054723224,0.8111565032,0.7977930251100034
CODFUX_clean,CODFUX_clean,4.76662,3.36159,4.76662,1.50711,1268.41,841.619,0.0,0.0,0.5474,0.363213,0.0,0,0.0019606066,0.2762972409,0.27198250988862505
CODGAE_clean,CODGAE_clean,6.89729,3.09833,6.89729,1.45089,0.0,0.0,1358.22,936.134,0.558,0.384592,0.0,0,0.0025245018,0.2494904221,0.25901232263700036
CODROD_clean,CODROD_clean,4.34102,3.83565,4.34102,1.88869,770.385,407.893,0.0,0.0,0.4956,0.262404,0.0,1,0.0008370651,0.1213178416,0.12345440377050025
COJGEO_clean,COJGEO_clean,6.41217,5.04769,5.92617,0.978354,2161.34,2209.16,0.0,0.0,0.6438,0.658044,0.0,1,0.0027195728,0.3971512364,0.39692526408199846
COKNAT_clean,COKNAT_clean,11.6018,10.75702,11.60156,1.22798,1610.43,1311.45,0.0,0.0,0.6686,0.544469,0.0,1,0.0027289133,0.3839013781,0.39151506580437456
COKPEZ_clean,COKPEZ_clean,11.53314,10.69952,11.53296,0.910755,1588.72,1744.4,0.0,0.0,0.66,0.724674,0.0,1,0.0036303295,0.5245943506,0.5209186693724995
COKPID_clean,COKPID_clean,11.40668,10.82581,11.40502,1.13771,1560.01,1371.18,0.0,0.0,0.6426,0.564817,0.0,1,0.002847829,0.4103826496,0.41274312296262744
COKPOJ_clean,COKPOJ_clean,11.55541,10.79186,11.54889,1.17423,1558.36,1327.14,0.0,0.0,0.6464,0.550488,0.0,1,0.0027130928,0.3971542687,0.3935413732999998
COKQOK_clean,COKQOK_clean,11.69077,10.88298,11.69034,1.22651,1596.45,1301.62,0.0,0.0,0.6696,0.545941,0.0,1,0.0027289133,0.3865909652,0.39181876652537506
COQGAS_clean,COQGAS_clean,7.55288,6.66056,7.53462,1.14065,1084.94,951.161,0.0,0.0,0.5048,0.442555,0.0,0,0.0016405428,0.2361356454,0.23636656945225035
COQTEJ_clean,COQTEJ_clean,7.76168,6.6264,7.46116,0.69781,2656.93,3807.52,0.0,0.0,0.7034,1.00801,0.0,1,0.0047599087,0.7267143703,0.7034780872146256
COTXOA_clean,COTXOA_clean,5.06649,4.15335,5.05658,1.08454,1114.76,1027.86,0.0,0.0,0.52,0.479465,0.0,0,0.0016424479,0.237192921,0.23966259804600085
COTYIV_clean,COTYIV_clean,9.63817,7.84231,9.63817,0.968257,1898.84,1961.09,0.0,0.0,0.697,0.71985,0.0,1,0.0029320555,0.441486681,0.42772823303125007
COWRAJ_clean,COWRAJ_clean,5.49804,2.79689,5.49636,1.26041,0.0,0.0,828.33,657.193,0.497,0.394317,0.0,1,0.0015415284,0.2251434776,0.22399725751499983
COWREN_clean,COWREN_clean,4.42408,2.83784,4.41645,1.30789,0.0,0.0,672.497,514.183,0.4756,0.363638,0.0,1,0.0012948551,0.187731895,0.18984346502550017
COYVAO_clean,COYVAO_clean,5.01094,3.28007,4.99906,1.92367,0.0,0.0,707.779,367.931,0.4702,0.244428,0.0,1,0.0007749235,0.122174513,0.11170062407850011
CSCNCA01_clean,CSCNCA01_clean,5.91282,3.29453,5.91282,1.08284,0.0,0.0,1444.09,1333.61,0.634,0.585496,0.0,0,0.0017119814,0.2432968549,0.2546960649582494
CUBHOY_clean,CUBHOY_clean,7.59167,4.35736,7.59084,1.4363,1409.0,980.994,0.0,0.0,0.55,0.382928,0.0,1,0.0013420246,0.2002679776,0.1999800018934999
CUFFAL_clean,CUFFAL_clean,6.84864,5.58095,6.83586,0.914088,2542.3,2781.24,0.0,0.0,0.6982,0.763822,0.0,0,0.0040763589,0.5868589734,0.5874185619261241
CUFGIV_clean,CUFGIV_clean,7.21934,5.21879,7.21721,0.929294,2597.37,2794.99,0.0,0.0,0.6854,0.737549,0.0,1,0.0035581978,0.5114790728,0.5142676221077482
CUMDEU_clean,CUMDEU_clean,5.19472,4.72553,5.19472,1.64523,654.329,397.714,0.0,0.0,0.462,0.280812,0.0,0,0.0006116733,0.0845474981,0.08940176672174954
CUNFOH01_clean,CUNFOH01_clean,8.64942,5.76711,8.00067,1.65261,1750.49,1059.23,0.0,0.0,0.639,0.38666,0.0,1,0.0012734193,0.1915186965,0.19123153753825003
CUPHUS_clean,CUPHUS_clean,7.45968,5.41366,5.85768,0.680928,2377.88,3492.12,0.0,0.0,0.7016,1.03036,0.0,1,0.004314477,0.6143516201,0.6353820842992516
CUQRIR_clean,CUQRIR_clean,5.69204,4.57463,5.69204,1.10643,1361.29,1230.35,0.0,0.0,0.5686,0.513906,0.0,0,0.0018648929,0.264349904,0.2709053385136256
CUQXUI_clean,CUQXUI_clean,8.23055,4.00763,8.23055,0.791399,1552.16,1961.29,0.863838,1.09153,0.6424,0.811727,0.0,1,0.0026391398,0.3821357342,0.38119383076175234
CURYOE01_clean,CURYOE01_clean,11.02009,9.16908,10.48925,1.0226,1239.44,1212.05,0.0,0.0,0.5864,0.57344,0.0,0,0.0022881376,0.3326447876,0.3372448276204983
CUSYIA_clean,CUSYIA_clean,5.815,4.76876,5.815,0.737304,2684.86,3641.46,0.0,0.0,0.6944,0.941809,0.0,0,0.0041435802,0.6213094279,2.691920417872755
CUTBIE_clean,CUTBIE_clean,7.59116,5.99994,7.59116,0.996691,2065.1,2071.96,0.0,0.0,0.6486,0.650753,0.0,1,0.0029684299,0.4318946707,0.5047424921277495
CUTGII_clean,CUTGII_clean,4.82643,3.30602,4.82551,1.21415,0.0,0.0,1254.42,1033.17,0.6356,0.523495,0.0,0,0.0017279707,0.2656020396,0.25704554662099993
CUVGOQ_clean,CUVGOQ_clean,5.59653,4.5385,5.59247,1.00212,1543.11,1539.84,0.0,0.0,0.5404,0.539255,0.0,0,0.0024281462,0.3441484222,0.3396952139971272
CUVHIL01_clean,CUVHIL01_clean,12.86501,12.02225,12.84969,1.66038,1437.07,865.505,0.0,0.0,0.642,0.386658,0.0,1,0.0016491787,0.2372064069,0.24935237610787625
CUVHIL02_clean_h,CUVHIL02_clean_h,12.81562,12.03113,12.80804,1.65786,1432.65,864.159,0.0,0.0,0.6442,0.388573,0.0,1,0.0016124614,0.2290506238,0.237160007423001
CUVTUJ_clean,CUVTUJ_clean,11.49174,10.88335,11.49174,1.17569,1542.4,1311.91,0.0,0.0,0.635,0.540109,0.0,1,0.0027549423,0.4022732619,0.39692002244874935
CUVXAT_clean,CUVXAT_clean,6.50652,4.77619,6.38844,1.06179,1622.41,1527.99,0.0,0.0,0.5708,0.537581,0.0,0,0.0020330562,0.3001368438,0.3010464428801236
CUXLEO_clean,CUXLEO_clean,4.56916,3.40748,4.56916,1.05387,1849.74,1755.19,0.0,0.0,0.6276,0.59552,0.0,0,0.0025681717,0.3749668617,0.37193844510437557
CUYWUP_clean,CUYWUP_clean,7.47672,4.58604,7.47672,0.942864,1947.64,2065.66,0.0,0.0,0.6222,0.659904,0.0,1,0.0028815091,0.4195342479,0.42009749532312435
DABMUR_clean,DABMUR_clean,5.77537,4.11633,5.61896,0.856547,2860.27,3339.3,0.0,0.0,0.6996,0.816768,0.0,1,0.0034359837,0.5312964538,0.5103625974636242
DACZUF_clean,DACZUF_clean,5.17797,3.83142,5.17477,1.30054,1151.53,885.425,0.0,0.0,0.514,0.395219,0.0,1,0.0015097753,0.2238560813,0.22108565370175057
DADLIG_clean,DADLIG_clean,8.09916,4.69208,7.74628,1.04866,1110.94,1059.38,0.0,0.0,0.5094,0.485762,0.0,1,0.001414953,0.2165475759,0.2110108038633755
DADNOO_clean,DADNOO_clean,4.73082,3.55854,4.7198,1.89726,1369.77,721.97,0.0,0.0,0.558,0.294108,0.0,0,0.001188975,0.1764038976,0.17340832678099966
DAFHEZ_clean,DAFHEZ_clean,5.14518,3.33208,5.05201,1.25164,924.226,738.411,0.0,0.0,0.5078,0.405707,0.0,0,0.0014188737,0.2116859826,2.2157138736489945
DAFHOJ_clean,DAFHOJ_clean,4.95203,2.99413,4.9108,1.27494,0.0,0.0,874.516,685.928,0.4914,0.38543,0.0,0,0.0012159275,0.1877415929,0.17118481979862504
DAGDIZ_clean,DAGDIZ_clean,6.53637,3.58733,6.4961,1.65009,1230.44,745.682,0.0,0.0,0.5248,0.318042,0.0,1,0.0011377571,0.1735529903,0.1655839466681254
DAJHOM_manual,DAJHOM_manual,4.92614,3.38466,4.92614,1.3012,724.817,557.039,0.0,0.0,0.4294,0.330004,0.0,0,0.0010321451,0.1459582883,0.14830025065224978
DAKVOC_clean,DAKVOC_clean,10.83342,6.67267,9.96393,0.814427,2128.52,2613.52,0.0,0.0,0.7096,0.871288,0.0,1,0.0041251304,0.5904980905,0.5906162079932475
DANROC_clean,DANROC_clean,8.97986,3.15204,8.31008,1.18504,0.0,0.0,1028.7,868.073,0.5074,0.428171,0.0,1,0.0011625084,0.186575225,0.1721057607310003
DAPHOU_clean,DAPHOU_clean,10.96282,6.06241,10.06318,0.785626,2401.47,3056.76,0.0,0.0,0.737,0.938106,0.0,1,0.0045614275,0.6525791304,0.9634544582655026
DAPXID_ion_b,DAPXID_ion_b,14.13138,12.09179,14.13138,0.764894,1790.29,2340.57,0.0191816,0.0250774,0.7044,0.920911,0.0,1,0.0041504673,0.6035412214,0.6057799818963735
DARJUD_clean,DARJUD_clean,4.94517,3.22924,4.94517,1.77645,0.0,0.0,850.176,478.58,0.4734,0.266486,0.0,0,0.001748865,0.1702054239,0.2151516457217494
DARVAW_clean,DARVAW_clean,3.74235,3.26644,3.73494,1.50511,0.0,0.0,390.576,259.5,0.4942,0.328348,0.0,0,0.0010077053,0.1458670425,0.14472948403387553
DAWCAH_clean,DAWCAH_clean,5.49841,4.3714,5.48581,1.35332,991.393,732.566,0.0,0.0,0.483,0.356901,0.0,0,0.0011771545,0.1703859065,0.1708661377532497
DEBGIA_clean,DEBGIA_clean,4.22344,3.46939,4.21901,1.31115,709.801,541.36,0.0,0.0,0.5062,0.386075,0.0,1,0.0009711894,0.1463626197,0.1397740553845001
DEFKUU_clean,DEFKUU_clean,5.40643,4.54366,5.40121,1.71115,1533.38,896.109,0.0,0.0,0.5346,0.312421,0.0,1,0.0011247373,0.1730813095,0.16623424256137603
DEKHEH_clean,DEKHEH_clean,5.43686,4.14383,5.43686,1.07065,1502.42,1403.28,0.0,0.0,0.5314,0.496335,0.0,0,0.0017475041,0.2563273695,0.2558263785676247
DEPXOM_clean,DEPXOM_clean,5.87443,4.69467,5.85064,1.07984,2256.84,2089.97,0.0,0.0,0.6052,0.560452,0.0,1,0.0027613577,0.3987005185,0.39511845398487616
DEPXUS_clean,DEPXUS_clean,7.67266,3.27382,7.64984,1.3385,0.0,0.0,1488.34,1111.95,0.5644,0.421668,0.0,0,0.0016369488,0.2470065275,0.2389958942058745
DEWQUS_clean,DEWQUS_clean,6.85928,3.77665,6.81852,1.76082,1527.11,867.274,0.0,0.0,0.5524,0.313718,0.0,1,0.0013746524,0.1956458939,0.19951882464687498
DEWRIH_clean,DEWRIH_clean,5.32446,3.88819,5.25315,2.34041,1006.15,429.901,0.0,0.0,0.4786,0.204494,0.0,1,0.0006959272,0.0994278178,0.1021229491706248
DEXDER_clean,DEXDER_clean,4.18684,3.37878,4.18101,2.41925,594.803,245.863,0.0,0.0,0.3846,0.158975,0.0,1,0.000487038,0.0799003486,0.07085088488724994
DEYJIC_clean,DEYJIC_clean,5.18714,3.79158,5.1767,1.26241,1435.68,1137.26,0.0,0.0,0.5344,0.423318,0.0,1,0.0015899485,0.2414175702,0.23343856668537466
DEYXIQ_clean,DEYXIQ_clean,4.50777,3.32439,4.40337,1.3149,808.565,614.927,0.0,0.0,0.498,0.378737,0.0,1,0.0015485088,0.2239194635,0.22399197725787506
DEZCER_clean,DEZCER_clean,4.88214,3.3147,4.85946,0.940405,1038.64,1104.46,20.1438,21.4203,0.5742,0.610588,0.0,1,0.0020034292,0.2956066843,0.29307621525600125
DEZKAW_clean,DEZKAW_clean,8.13146,3.74741,8.1255,0.911325,1740.68,1910.06,27.7822,30.4855,0.6372,0.699202,0.0,1,0.002606894,0.3972107972,0.3759091399032515
DIBXIX_clean,DIBXIX_clean,4.25156,2.97546,4.25116,1.80404,0.0,0.0,374.373,207.519,0.432,0.239463,0.0,1,0.0007527798,0.1034461367,0.10848998491312434
DIKJUD_clean,DIKJUD_clean,5.51513,4.27188,5.50941,1.06812,1036.17,970.09,0.0,0.0,0.5198,0.486651,0.0,1,0.0014742512,0.2111662442,0.21986717359349928
DIMJUG_clean,DIMJUG_clean,6.00113,3.19524,5.94268,1.89184,0.0,0.0,640.147,338.373,0.4348,0.229829,0.0,1,0.0006729852,0.1024454816,0.10004166803099991
DITXOU_clean,DITXOU_clean,5.00365,3.53364,4.98221,1.08104,1844.81,1706.51,0.0,0.0,0.6206,0.574076,0.0,1,0.0024033849,0.3586920403,0.34977041580837415
DITYOW_clean,DITYOW_clean,4.93354,4.81445,4.92328,1.42734,510.614,357.738,113.486,79.5089,0.4866,0.340914,0.0,1,0.0007795057,0.1113521129,0.1128582028472496
DIVGIA_clean,DIVGIA_clean,5.63742,3.98335,5.62763,1.20442,696.106,577.961,65.1595,54.1004,0.5032,0.417795,0.0,1,0.0009134351,0.1195533274,0.13369099534699994
DIXKOL_clean,DIXKOL_clean,7.1658,4.7152,7.1658,1.41392,1322.21,935.139,0.0,0.0,0.5174,0.365933,0.0,1,0.0014718403,0.219853594,0.2163333538864998
DODMIT_clean,DODMIT_clean,7.01246,4.52059,7.01246,1.55856,1353.3,868.3,0.0,0.0,0.5366,0.344293,0.0,1,0.0014701632,0.2217011385,0.2167157184306252
DOJXOQ_clean,DOJXOQ_clean,4.85133,2.87156,4.8303,1.65314,0.0,0.0,390.873,236.443,0.4226,0.255634,0.0,0,0.000914798,0.1296689243,0.13056358697299986
DONNAW_clean,DONNAW_clean,6.49774,6.1972,6.46918,1.18453,1598.35,1349.36,0.0,0.0,0.5994,0.506024,0.0,0,0.00239322,0.3555208793,0.3474183060555003
DOPHUN_clean,DOPHUN_clean,12.13355,5.61514,12.13355,0.984545,1406.36,1428.44,392.743,398.909,0.6676,0.67808,0.0,1,0.0030046702,0.4318026144,0.4363150925223742
DOQHAT_clean,DOQHAT_clean,3.53593,3.14855,3.51917,2.30755,0.0,0.0,78.4604,34.0017,0.3962,0.171698,0.0,1,0.0005021331,0.0752696586,0.07202169465274989
DORFAS_clean,DORFAS_clean,6.89012,5.94748,6.89012,1.02954,1487.46,1444.77,0.0,0.0,0.5948,0.577731,0.0,0,0.002104499,0.3141028529,0.3150212883351266
DORFUM_clean,DORFUM_clean,5.31241,3.65877,4.34235,1.179,656.388,556.733,287.867,244.163,0.4348,0.368788,0.0,1,0.0014126027,0.2112465792,0.19562115258537463
DORYUG_clean,DORYUG_clean,4.30528,3.70581,4.14603,1.35136,548.483,405.876,0.0,0.0,0.4236,0.313463,0.0,0,0.0009977568,0.1406396452,0.1412558428745002
DOWQIP_clean,DOWQIP_clean,3.86725,2.73898,3.86356,2.64572,0.0,0.0,307.638,116.278,0.4508,0.170388,0.0,1,0.0005138864,0.0866025698,0.07860919004987525
DOYBAV_clean,DOYBAV_clean,6.11281,4.48624,6.11281,1.17289,1293.73,1103.03,0.0,0.0,0.5656,0.482229,0.0,1,0.0015891285,0.2263754049,0.23517457284787494
DOYBEA_clean,DOYBEA_clean,5.83429,5.37899,5.82078,1.0599,1634.79,1542.4,0.0,0.0,0.5844,0.551373,0.0,0,0.0025889197,0.3092836834,0.37187295584025065
DOYBUQ_clean,DOYBUQ_clean,4.65105,3.76809,4.64879,1.78136,1057.62,593.716,0.0,0.0,0.5468,0.306956,0.0,1,0.0009409171,0.1457020962,0.13672253478825028
DUDKEU_clean,DUDKEU_clean,5.16942,3.66649,5.16942,1.65561,855.86,516.946,0.0,0.0,0.4144,0.250301,0.0,1,0.0006927489,0.0999476483,0.10153944150349974
DUDKOE_clean,DUDKOE_clean,10.92488,6.00637,10.24342,0.779781,2417.09,3099.71,0.0,0.0,0.7388,0.947446,0.0,1,0.0045979361,0.6555377591,0.6546226426562503
DUFZUA_clean,DUFZUA_clean,7.17076,3.11961,7.17076,1.55098,0.0,0.0,644.052,415.254,0.4962,0.319927,0.0,1,0.0007922175,0.1213578365,0.11822228034487497
DUKMON_clean,DUKMON_clean,4.06904,2.70917,4.03702,1.26122,0.0,0.0,159.333,126.332,0.4276,0.339037,0.0,0,0.0004601427,0.0658124617,0.06994533672499986
DUKNII_clean,DUKNII_clean,5.28968,3.60886,5.25875,1.23201,362.386,294.143,41.4473,33.6421,0.4702,0.381654,0.0,1,0.0007601907,0.109357905,0.11304459426099961
DUNXUH_clean,DUNXUH_clean,5.0284,3.9124,4.82782,1.21944,1796.23,1472.99,0.0,0.0,0.602,0.493667,0.0,1,0.0023869866,0.3407570032,0.3427927087902524
DUPKAC_clean,DUPKAC_clean,11.8886,6.57125,10.69212,0.647287,2123.23,3280.21,0.0,0.0,0.7376,1.13953,0.0,1,0.0053494923,0.7634122743,1.2089157414517488
DUQSEO_clean,DUQSEO_clean,3.77576,3.47286,3.77576,1.73065,285.313,164.859,0.0,0.0,0.4436,0.25632,0.0,1,0.0004710224,0.0678841379,0.06824733031962503
DUWFAE_clean,DUWFAE_clean,3.76592,2.87653,3.75105,1.62651,0.0,0.0,73.6792,45.2988,0.4074,0.250474,0.0,1,0.000420341,0.0593390381,0.06365667802725011
DUWRIY_clean,DUWRIY_clean,4.48859,3.17824,4.47475,1.30596,0.0,0.0,636.381,487.29,0.5372,0.411346,0.0,0,0.0012690422,0.1872982664,0.19028450027949972
DUWTAS_clean,DUWTAS_clean,4.17157,2.88326,4.1334,1.46995,0.0,0.0,438.029,297.988,0.4944,0.336337,0.0,1,0.0009795706,0.1548942901,0.14408912499124943
DUXSIA_clean,DUXSIA_clean,5.54138,2.66658,5.53739,1.39417,0.0,0.0,321.054,230.284,0.4256,0.305272,0.0,1,0.0005719655,0.0838720103,0.08645443395087483
EBAMUS_clean,EBAMUS_clean,12.94449,5.39251,12.9279,1.04643,2056.89,1965.62,0.0,0.0,0.6866,0.656136,0.0,1,0.0032152586,0.4590544108,0.46727946310724916
EBATUZ_clean,EBATUZ_clean,12.21806,7.03158,12.21806,0.59675,2360.49,3955.57,0.0,0.0,0.7812,1.30909,0.0,1,0.0064072481,0.9126163635,0.9074710125532545
EBAVUB_clean,EBAVUB_clean,5.15491,3.70129,5.14806,1.1957,1007.34,842.47,0.0,0.0,0.4888,0.408797,0.0,1,0.0014759165,0.2147189179,0.21353438222687524
EBEMII_clean,EBEMII_clean,4.74887,3.57779,4.74887,1.57979,558.843,353.745,0.0,0.0,0.4136,0.261807,0.0,0,0.0005436285,0.0796812668,0.08118088250624994
EBEXEQ_clean,EBEXEQ_clean,7.05454,6.70514,7.05454,1.61812,1500.38,927.234,0.0,0.0,0.5486,0.339035,0.0,1,0.0016257177,0.2445971518,0.23829566861887375
EBOJOV_clean,EBOJOV_clean,5.22472,4.63991,5.22472,2.49061,907.874,364.519,0.0,0.0,0.4464,0.179234,0.0,1,0.0005690248,0.0824531539,0.08485364495587505
ECAFOG_clean,ECAFOG_clean,9.52896,9.26877,9.52862,1.12614,1174.7,1043.12,0.0,0.0,0.5574,0.494964,0.0,0,0.0019062278,0.2716795576,0.27933027288574885
ECIWOC_clean,ECIWOC_clean,5.05411,4.785,5.05411,1.40153,572.024,408.141,0.0,0.0,0.4148,0.295961,0.0,1,0.0008073278,0.113664855,0.1125498727114997
ECIWUJ_clean,ECIWUJ_clean,3.25413,2.62453,3.25413,1.49231,0.0,0.0,0.0,0.0,0.425,0.284793,0.0,1,0.0003894193,0.0582452819,0.054654064910374875
ECUDEM_clean,ECUDEM_clean,4.87095,3.12705,4.87095,1.50996,0.0,0.0,725.93,480.761,0.5134,0.340009,0.0,1,0.0011314442,0.1672312949,0.16633358972975087
EDAFUM_clean,EDAFUM_clean,4.92982,3.72004,4.92982,1.77302,851.953,480.51,0.0,0.0,0.4508,0.254256,0.0,0,0.0007101318,0.1039729482,0.1056540286262499
EDAVOV_clean,EDAVOV_clean,5.43148,4.91725,5.43148,1.632,451.699,276.776,0.0,0.0,0.4036,0.247304,0.0,1,0.0004235276,0.0592165551,0.0636160582748752
EDOYOL_clean,EDOYOL_clean,5.01736,3.38311,4.48446,1.95196,330.09,169.107,310.576,159.11,0.4952,0.253693,0.0,1,0.0009096546,0.1323791229,0.13300641668475008
EDUSUR_clean,EDUSUR_clean,14.97276,6.60675,14.97057,0.720686,2039.23,2829.56,0.0,0.0,0.7584,1.05233,0.0,0,0.0047315489,0.6782382228,0.6873143102381251
EFESOZ_clean,EFESOZ_clean,10.40168,6.18945,10.40168,0.9137,1441.31,1577.44,199.174,217.986,0.6294,0.688847,0.0,1,0.0029226324,0.4107774892,0.4200212453430015
EFILUA_clean,EFILUA_clean,5.24567,3.1446,5.24567,2.5004,0.0,0.0,561.393,224.521,0.432,0.172772,0.0,0,0.0012324389,0.1797717842,0.17463715637275
EGAFOJ_clean,EGAFOJ_clean,5.4475,3.328,5.4475,1.44245,989.435,685.939,0.0,0.0,0.5174,0.358695,0.0,1,0.0011879574,0.1753299107,0.1730311463267509
EGAGAW_clean,EGAGAW_clean,5.3614,3.39372,5.3614,1.50716,1002.63,665.247,0.0,0.0,0.512,0.339712,0.0,1,0.0011829633,0.1709898095,0.1720677999355001
EGELUY_SL,EGELUY_SL,7.32559,6.86607,7.31942,0.950432,1658.89,1745.4,0.0,0.0,0.6086,0.640341,0.0,0,0.0031194316,0.4142037046,0.4097040340573747
EGOXII_clean,EGOXII_clean,5.25614,3.66279,5.25614,1.73248,965.076,557.05,0.0,0.0,0.56,0.323237,0.0,1,0.0010984518,0.1627308133,0.16050172828924958
EGOZAB_clean,EGOZAB_clean,7.0311,5.28936,7.0311,1.03834,1885.29,1815.68,0.0,0.0,0.6226,0.599612,0.0,1,0.0023152973,0.3458716682,0.3387982701311234
EHAGUR_clean,EHAGUR_clean,5.37684,3.4053,5.1859,2.19821,1066.99,485.393,0.0,0.0,0.5324,0.242197,0.0,1,0.0009541568,0.1418030274,0.14095931939812525
EJEFOP_clean,EJEFOP_clean,4.0642,2.84987,4.04303,1.60769,0.0,0.0,182.958,113.802,0.4082,0.253905,0.0,1,0.0003939664,0.058888152,0.05656150179962505
EKEQIV_clean,EKEQIV_clean,5.23981,3.45461,5.21199,2.0444,792.887,387.835,0.0,0.0,0.4572,0.223636,0.0,1,0.0006794151,0.0984441765,0.09988467935450021
EKIDIL_clean,EKIDIL_clean,5.81547,5.58073,5.8139,2.56508,834.555,325.352,0.0,0.0,0.4098,0.159761,0.0,1,0.0008526132,0.1281657873,0.1265907204214993
ELIKIU_clean,ELIKIU_clean,4.97124,3.7531,4.97064,1.54816,1122.94,725.337,0.0,0.0,0.505,0.326193,0.0,1,0.0011816616,0.1696788936,0.17295018392587477
ELILAN_clean,ELILAN_clean,4.95628,3.69174,4.9556,1.61177,1116.59,692.775,0.0,0.0,0.4992,0.309722,0.0,1,0.0010708938,0.1622058337,0.15700790968468764
ELUJEC_clean,ELUJEC_clean,4.38047,3.64592,4.38047,1.73198,794.119,458.504,0.0,0.0,0.4624,0.266978,0.0,1,0.0008937259,0.1260318983,0.13025839454612564
EMIGOX_clean,EMIGOX_clean,6.95421,5.10297,6.95421,1.53443,2307.47,1503.8,0.0,0.0,0.6448,0.420222,0.0,1,0.0022825755,0.313899886,0.32632950160224944
EMOHIZ_clean,EMOHIZ_clean,4.57808,3.51835,4.56928,1.23803,572.381,462.333,0.0,0.0,0.4556,0.368005,0.0,1,0.0007498545,0.1125689266,0.11130838934874979
ENISOK_clean,ENISOK_clean,6.962,4.5443,6.96157,1.14432,1841.89,1609.59,0.0,0.0,0.6018,0.525903,0.0,1,0.0021477326,0.302061382,0.31796188112925083
EPAVAU_clean,EPAVAU_clean,5.39915,3.19554,5.39394,1.64446,0.0,0.0,782.223,475.67,0.5138,0.312442,0.0,1,0.0008295652,0.1234294132,0.12211807934712518
EPEYAB_clean,EPEYAB_clean,8.46111,3.62498,8.46069,1.24571,1153.47,925.96,0.0,0.0,0.5226,0.419521,0.0,1,0.0015725951,0.2301640646,0.2294762519240003
EPONEE_clean,EPONEE_clean,9.19024,8.74095,9.18226,0.492814,2582.15,5239.6,0.0,0.0,0.8536,1.73209,0.0,1,0.006621018,0.9989813684,1.3093400526813788
EPOPEG_clean,EPOPEG_clean,5.47224,4.77054,5.47224,0.955888,1699.64,1778.08,0.0,0.0,0.613,0.641289,0.0,0,0.0023060301,0.3399738938,0.3374279616647479
EPOXAJ_clean,EPOXAJ_clean,4.90808,3.54046,4.59353,3.60105,1300.0,361.007,0.0,0.0,0.5304,0.14729,0.0,1,0.0005138244,0.0727612231,0.07763404994512506
EQAMUG_clean,EQAMUG_clean,4.23795,3.61938,4.23534,1.81883,688.208,378.378,0.0,0.0,0.424,0.233116,0.0,0,0.0007529001,0.1121338963,0.10932630840724973
EQEROJ_clean,EQEROJ_clean,4.01825,2.96034,3.93901,1.42386,0.0,0.0,378.51,265.834,0.474,0.332899,0.0,1,0.0007709403,0.111387459,0.11316385647187492
EQOXIT_clean,EQOXIT_clean,7.68652,6.98261,7.68519,1.19569,1340.21,1120.87,0.0,0.0,0.551,0.460823,0.0,1,0.0015646105,0.2319361736,0.23495861590862582
ERAMER_clean,ERAMER_clean,12.83976,11.91501,12.83976,0.685959,2103.01,3065.8,0.0,0.0,0.7502,1.09365,0.000291563,1,0.0047447508,0.6737227564,0.691728035100375
EREFEN01_SL,EREFEN01_SL,5.00416,3.86566,5.00416,1.13683,1255.14,1104.07,0.0,0.0,0.5352,0.470783,0.0,0,0.001827085,0.2698854485,0.26804096711487485
ESEVIH_clean,ESEVIH_clean,6.88268,6.30555,6.87572,1.51625,1264.35,833.868,0.0,0.0,0.5472,0.36089,0.0,1,0.0015392787,0.2300202089,0.22714589940349902
ESIGES01_clean,ESIGES01_clean,5.30554,4.43053,5.27741,1.28243,1799.46,1403.16,0.0,0.0,0.6102,0.475814,0.0,0,0.0020559856,0.2929919006,0.29845701162599986
ESIGES_clean,ESIGES_clean,5.24833,4.2623,5.18742,1.29046,1800.98,1395.62,0.0,0.0,0.6108,0.473321,0.0,0,0.0019500842,0.2919050735,0.2873366218617507
ESIWAF_clean,ESIWAF_clean,5.69105,3.39715,5.67851,1.65491,1181.64,714.02,0.0,0.0,0.5042,0.304669,0.0,0,0.0022410912,0.2017703047,0.2280210462546253
ESURER03_clean,ESURER03_clean,6.73192,5.66128,6.64205,1.40989,1345.84,954.57,0.0,0.0,0.5322,0.377477,0.0,0,0.0015685414,0.2356421001,0.2319729860201257
ESUSAO_clean,ESUSAO_clean,6.44994,4.84687,6.44994,1.43017,1343.92,939.69,0.0,0.0,0.5242,0.366529,0.0,1,0.0014799527,0.2263059776,0.21743622784137526
ESUSOC_clean,ESUSOC_clean,7.05543,5.76553,7.05417,1.36444,1437.77,1053.75,0.0,0.0,0.5426,0.397672,0.0,1,0.0017891447,0.2592088722,0.2595017152686257
ESUTAP_clean,ESUTAP_clean,7.12445,6.33134,7.12445,1.37347,1444.41,1051.64,0.0,0.0,0.5478,0.398843,0.0,1,0.0018505923,0.264304461,0.2683627444848757
ESUVOF_clean,ESUVOF_clean,6.88083,5.87111,6.87535,1.38485,1391.22,1004.61,0.0,0.0,0.5404,0.390224,0.0,0,0.0017574439,0.250750386,0.2519149646676244
ETEQUQ_clean,ETEQUQ_clean,5.92538,4.00393,5.92538,2.21544,1336.48,603.256,0.0,0.0,0.5274,0.238056,0.0,1,0.0009620312,0.1400139493,0.1375357815215001
ETUWOG_clean,ETUWOG_clean,4.3132,2.63619,4.3126,1.49933,0.0,0.0,372.979,248.764,0.434,0.289462,0.0,1,0.000799804,0.1217445771,0.11522036330237516
EVEGUH_clean,EVEGUH_clean,6.67679,5.04188,6.67679,1.28811,935.874,726.551,97.6899,75.84,0.5222,0.405402,0.0,1,0.001150362,0.1806489015,2.9523998918126266
EVIMUT_clean,EVIMUT_clean,5.27695,4.27032,5.27695,0.98944,1543.01,1559.48,0.0,0.0,0.5212,0.526762,0.0,1,0.0018947355,0.2809746762,0.2754378840137507
EVUNEP_clean,EVUNEP_clean,4.38284,2.63137,4.38284,2.21084,0.0,0.0,440.491,199.241,0.4236,0.191601,0.0,1,0.0004542816,0.0666331127,0.06882221354949986
EVUQOC_clean,EVUQOC_clean,5.3745,3.92262,5.34265,1.5074,1102.05,731.093,0.0,0.0,0.4832,0.320551,0.0,1,0.0013220725,0.1883493664,0.190413653384875
EWECOY_clean,EWECOY_clean,6.36107,5.38638,6.36107,1.35369,1897.91,1402.03,0.0,0.0,0.613,0.452836,0.0,1,0.0019932007,0.3076211264,0.2945452746406238
EWUCOP_clean,EWUCOP_clean,4.517,3.6203,4.517,1.14036,1567.35,1374.43,0.0,0.0,0.607,0.532288,0.0,0,0.0023359601,0.3276481795,0.3365219797196255
EWUGEK_clean,EWUGEK_clean,4.25922,3.99552,4.25922,1.59647,254.293,159.284,0.0,0.0,0.3716,0.232763,0.0,0,0.0003036473,0.037557722,0.044545627628000066
EWUKIS_clean,EWUKIS_clean,6.09706,5.36823,6.07492,1.05799,2424.88,2291.97,0.0,0.0,0.6762,0.639136,0.0,1,0.0029638015,0.4232069716,0.43630935957600014
EWUSUL_clean,EWUSUL_clean,11.25293,8.38573,11.25293,0.979503,1671.61,1706.59,0.0,0.0,0.7086,0.723428,0.0,1,0.0028348497,0.417583985,0.4163193190767496
EXEXAH_clean,EXEXAH_clean,9.58473,9.08126,9.58473,0.865744,1381.13,1595.31,0.0,0.0,0.6118,0.706675,0.0,0,0.002709226,0.3825349968,0.39417345893999955
EXOZEX_clean,EXOZEX_clean,5.85437,3.02039,5.85437,1.20274,0.0,0.0,1096.9,912.005,0.5694,0.473419,0.0,1,0.0016235945,0.2281888589,0.2343417861730008
EXOZIB_clean,EXOZIB_clean,8.81916,5.67239,8.81916,0.860889,2066.43,2400.34,0.0,0.0,0.7104,0.825193,0.0,1,0.0034704399,0.491477836,0.5109205252933767
EYIYES_clean,EYIYES_clean,8.23387,5.84668,8.15455,0.958955,2430.13,2534.15,0.0,0.0,0.6902,0.719741,0.0,1,0.0035273175,0.5100103095,0.5090093816571256
EYULOA_clean,EYULOA_clean,4.93073,3.99192,4.90572,1.26506,819.807,648.04,0.0,0.0,0.5008,0.395872,0.0,0,0.0010971681,0.1670204288,0.16235071848787555
EZEQIL_clean,EZEQIL_clean,5.30026,4.78345,5.30026,1.17129,1076.67,919.215,0.0,0.0,0.476,0.406389,0.0,0,0.0013826853,0.2207079719,0.20619424739574996
EZEQUX_clean,EZEQUX_clean,5.58794,4.86495,5.58794,1.14902,1119.33,974.163,0.0,0.0,0.4862,0.423145,0.0,0,0.0016407865,0.2363820965,0.2369159805093761
EZOBUR_clean,EZOBUR_clean,6.22091,4.91314,6.06649,1.26527,1070.0,845.668,0.0,0.0,0.5366,0.4241,0.0,1,0.0011765296,0.1722188133,0.17159906091525048
EZUCIM_clean,EZUCIM_clean,5.27092,4.42324,5.21472,1.00292,1781.29,1776.11,0.0,0.0,0.602,0.600249,0.0,0,0.0024470333,0.3522714639,0.36183814463562447
FABGOG_clean,FABGOG_clean,4.61157,3.28798,4.61157,1.54791,0.0,0.0,231.819,149.763,0.4312,0.278569,0.0,1,0.0003520967,0.0519155672,0.05187168406412464
FAFDEX_clean,FAFDEX_clean,4.84612,4.0465,4.84612,1.4121,763.799,540.896,0.0,0.0,0.426,0.301679,0.0,1,0.0011042925,0.1549381624,0.1571908179453758
FAFGAU_clean,FAFGAU_clean,4.21105,3.27208,4.20718,1.88279,0.0,0.0,384.116,204.014,0.4222,0.224241,0.0,1,0.0004603922,0.0700647953,0.06587288146962489
FAGREM_clean,FAGREM_clean,7.38233,6.89343,7.38233,1.46524,1454.62,992.751,0.0,0.0,0.557,0.380143,0.0,1,0.0016053107,0.2306805287,0.2365354475515004
FAHGAY_clean,FAHGAY_clean,5.42928,5.0549,5.42928,0.789805,2259.65,2861.02,0.0,0.0,0.6494,0.822229,0.0,0,0.0037916244,0.540758287,0.5471760560651255
FAHQIR_clean,FAHQIR_clean,5.4668,3.66161,5.45525,1.24631,646.137,518.44,0.0,0.0,0.4704,0.377434,0.0,1,0.0010248801,0.1520178752,0.14910670215575014
FAQGIP_clean,FAQGIP_clean,5.30496,3.71196,5.30496,1.22203,1264.33,1034.61,0.0,0.0,0.5172,0.423229,0.0,1,0.0016305749,0.2414070062,0.23362685202587566
FAQLUH_clean,FAQLUH_clean,7.25665,7.09719,7.24714,1.10687,1602.27,1447.57,0.0,0.0,0.5958,0.538276,0.0,0,0.0025629593,0.3662214114,0.37253728659675006
FAQYUR_clean,FAQYUR_clean,4.28517,3.37183,4.28155,1.84396,419.281,227.381,0.0,0.0,0.4388,0.237966,0.0,1,0.0004661471,0.0742060236,0.06880346973987508
FARFUA_clean,FARFUA_clean,8.43305,5.99885,8.43305,1.37514,1658.2,1205.84,0.0,0.0,0.6292,0.457553,0.0,0,0.0017320399,0.2455546789,0.2595206448341242
FARHOX_ion_b,FARHOX_ion_b,6.26684,3.62781,6.26416,1.63231,1189.76,728.882,0.0,0.0,0.5338,0.327022,0.0,1,0.001204298,0.178428308,0.17845458872224979
FASVIH_clean,FASVIH_clean,7.36263,6.76595,7.35007,1.28937,1714.12,1329.42,0.0,0.0,0.6144,0.476511,0.0,1,0.0022065221,0.3049025928,0.3217960108178757
FAVFUG_clean,FAVFUG_clean,6.83841,4.77149,6.83841,1.02578,1903.53,1855.69,0.0,0.0,0.6082,0.592913,0.0,0,0.0024093853,0.3604220392,0.3543150940863762
FAWCEN01_SL,FAWCEN01_SL,11.33232,3.33749,11.33232,0.937501,1430.55,1525.92,0.0,0.0,0.6446,0.687573,0.0,0,0.0023046358,0.3443325361,0.3426079559051254
FAYQAZ_clean,FAYQAZ_clean,13.25092,5.37829,12.95797,0.797039,1583.25,1986.41,0.0,0.0,0.6806,0.85391,0.0,1,0.00330551,0.4933314141,0.48204878410037316
FAZFET_clean,FAZFET_clean,6.57316,4.4573,6.55727,1.65256,1476.29,893.337,1.47172,0.89057,0.5356,0.324103,0.0,1,0.0011327367,0.1610587753,0.16483117321550034
FECXAO_clean,FECXAO_clean,5.79137,4.59346,5.79018,0.989543,1846.09,1865.6,0.0,0.0,0.6174,0.623924,0.0,0,0.002798644,0.4026111802,0.4025594707068756
FECXES_clean,FECXES_clean,10.76463,6.58995,10.58338,0.833076,2133.05,2560.44,0.0,0.0,0.7044,0.845541,0.0,1,0.004001287,0.5801977031,0.5756686544889991
FEPQEW_clean,FEPQEW_clean,4.04938,2.86699,4.04938,1.89878,0.0,0.0,319.323,168.173,0.4636,0.244157,0.0,1,0.000533541,0.0796210218,0.0780216398492499
FERVIJ_clean,FERVIJ_clean,4.83126,3.6773,4.83126,1.86686,1302.53,697.711,13.494,7.22817,0.5356,0.286899,0.0,1,0.0010145406,0.1461132925,0.1530706456512502
FEVSAC_clean,FEVSAC_clean,4.70494,3.78141,4.69575,1.30344,385.722,295.926,85.5055,65.5998,0.4704,0.36089,0.0,1,0.0007496911,0.1113261962,0.11060808582537476
FEWQIJ_manual,FEWQIJ_manual,5.32147,5.14959,5.31527,2.34625,1158.3,493.681,0.0,0.0,0.4776,0.203559,0.0,1,0.0007486405,0.1073684704,0.11078541067824946
FEWWOV_clean,FEWWOV_clean,6.50134,3.77167,6.50134,0.923858,1579.47,1709.64,0.0,0.0,0.5876,0.636029,0.0,0,0.0025780342,0.3777788692,0.3733228074970009
FEXCES_clean,FEXCES_clean,6.14892,5.48137,6.14892,1.01825,1528.57,1501.17,0.0,0.0,0.5802,0.569801,0.0,1,0.0026207546,0.3952789313,0.3729897264321265
FEZTIP_clean,FEZTIP_clean,5.60935,4.76331,5.55768,1.11089,1381.78,1243.85,0.0,0.0,0.563,0.5068,0.0,1,0.0020340723,0.3070508415,0.2947055442060004
FIFPAM_clean,FIFPAM_clean,4.72449,3.84654,4.62424,1.03535,1611.82,1556.78,0.0,0.0,0.5846,0.564637,0.0,1,0.0017394837,0.2578711224,0.2588946224586252
FIGFOR_clean,FIGFOR_clean,3.72046,3.29782,3.71836,2.20004,0.0,0.0,190.236,86.4697,0.4298,0.19536,0.0,0,0.0008505664,0.119742023,0.1226668023295
FIGQUJ_clean,FIGQUJ_clean,4.99341,2.87726,4.98836,1.49096,0.0,0.0,441.532,296.14,0.4284,0.287333,0.0,0,0.0005553197,0.0767868623,0.08410253071899991
FIHRIZ_clean,FIHRIZ_clean,6.70189,5.92513,6.34809,1.0601,1583.25,1493.5,0.0,0.0,0.594,0.560326,0.0,0,0.0023166952,0.342783779,0.33548550749175043
FIJCUX01_clean,FIJCUX01_clean,7.34002,6.13056,7.33722,1.22326,1581.46,1292.83,0.0,0.0,0.608,0.497033,0.0,1,0.0020853052,0.3098506408,0.3056293707623753
FIJDIM02_clean,FIJDIM02_clean,5.85717,5.09946,5.85717,1.24136,1271.74,1024.47,0.0,0.0,0.5328,0.429205,0.0,1,0.0018739448,0.2626580524,0.26896183947012414
FIJDIM04_clean,FIJDIM04_clean,5.91316,5.13983,5.91316,1.23456,1288.47,1043.66,0.0,0.0,0.5342,0.432705,0.0,1,0.0018443562,0.2675260825,0.26781388944624845
FIJDUY_clean,FIJDUY_clean,5.11347,3.64709,5.11347,1.4525,1805.45,1242.99,0.0,0.0,0.5992,0.412529,0.0,1,0.0016248033,0.2436210823,0.2409351311293749
FIJFEK_manual,FIJFEK_manual,6.92559,6.57184,6.92559,1.58281,1548.76,978.488,0.0,0.0,0.5618,0.354939,0.0,0,0.0017397052,0.2517848801,0.251142316061125
FIJZEE_clean,FIJZEE_clean,7.37726,6.47542,7.37726,1.82096,874.8,480.405,0.0,0.0,0.4718,0.259093,0.0,0,0.0012848846,0.1299690136,0.17124606078112503
FIMZAE_clean,FIMZAE_clean,8.7496,5.24839,8.73677,1.17241,1659.79,1415.71,0.0,0.0,0.6,0.511765,0.0,1,0.0019595448,0.2787752402,0.29070796240750085
FIPKOG_clean,FIPKOG_clean,6.55849,4.8515,6.50444,1.08595,1635.33,1505.9,0.0,0.0,0.5862,0.539805,0.0,0,0.0021685063,0.3146576928,0.3186318373220011
FIPWOS_clean,FIPWOS_clean,5.20561,3.82141,5.20561,1.29023,881.425,683.154,0.0,0.0,0.5118,0.396674,0.0,0,0.0011742888,0.1780890875,0.170861743784375
FIQYUA_clean,FIQYUA_clean,4.6258,3.62649,4.60025,1.85684,696.0,374.831,0.0,0.0,0.4364,0.235023,0.0,0,0.0005656192,0.0897376778,0.08739749806337514
FIRNAX01_clean,FIRNAX01_clean,7.03668,6.10812,7.03668,0.718413,2358.57,3283.03,0.0,0.0,0.7048,0.981051,0.0,1,0.0042533511,0.652224314,0.6253620595411273
FIRNAX_clean,FIRNAX_clean,6.70534,6.02432,6.70378,0.728308,2391.07,3283.04,0.0,0.0,0.6994,0.960308,0.0,1,0.0041512123,0.6403178484,0.6096499024228732
FIRNUR_clean,FIRNUR_clean,6.62054,6.03585,6.61701,0.714161,2609.57,3654.03,0.0,0.0,0.6944,0.97233,0.0,1,0.0042317901,0.6372137436,0.6243989359358764
FIRZOX_clean,FIRZOX_clean,8.47321,7.4886,8.47321,1.47389,1193.71,809.905,0.0,0.0,0.5488,0.372348,0.0,1,0.0011253447,0.1691136563,0.16691549291499985
FODZUU_clean,FODZUU_clean,4.75652,2.79292,4.70786,1.95871,0.0,0.0,583.829,298.067,0.406,0.207279,0.0,1,0.0016895593,0.1318489076,0.15165464480449928
FOKWIN_clean,FOKWIN_clean,4.14624,3.73304,4.14504,1.37748,413.35,300.078,0.0,0.0,0.4306,0.312601,0.0,0,0.0005932577,0.0878420691,0.08734028915700011
FOLLEZ_clean,FOLLEZ_clean,4.11323,3.75301,4.10779,1.67795,655.16,390.454,0.0,0.0,0.4424,0.263656,0.0,1,0.0010039424,0.1417164986,0.1443140835757503
FOQTAH_clean,FOQTAH_clean,4.13249,2.70699,4.13249,1.33116,0.0,0.0,474.826,356.701,0.4578,0.34391,0.0,0,0.0007672054,0.1160993469,0.11258088100350015
FORPIM_clean,FORPIM_clean,9.59156,4.26108,9.59156,1.02718,2184.13,2126.33,0.0,0.0,0.709,0.690238,0.0,1,0.0030169773,0.4189075858,0.4380730172893745
FOSTUE_clean,FOSTUE_clean,13.09568,7.43748,13.09568,0.582855,2174.14,3730.15,0.0,0.0,0.7556,1.29638,0.0,0,0.0062397858,0.8775508339,0.8918351285189996
FOVPEN_clean,FOVPEN_clean,6.90856,3.45436,6.49799,1.14952,1115.5,970.402,0.0,0.0,0.525,0.45671,0.0,1,0.0012739243,0.1917119165,0.18831426759637523
FUBDIQ_clean,FUBDIQ_clean,8.11684,7.23133,8.11684,1.24691,2021.29,1621.04,0.0,0.0,0.6644,0.532838,0.0,0,0.0020908243,0.3135973181,0.3147921823777484
FUHMOM_clean,FUHMOM_clean,5.53443,4.01054,5.50524,1.19557,1378.79,1153.25,0.0,0.0,0.5554,0.464549,0.0,1,0.0020723165,0.3060312474,0.2978526019682496
FULQOT_clean,FULQOT_clean,5.67142,3.50634,5.66877,1.72182,1110.34,644.862,0.0,0.0,0.4972,0.288764,0.0,1,0.0011951568,0.1700389131,0.17441119313487474
FULQUZ_clean,FULQUZ_clean,5.87633,5.25314,5.79727,1.51981,1332.09,876.486,0.0,0.0,0.5216,0.3432,0.0,1,0.0015044568,0.2207360356,0.22022300810937506
FUNBAS_clean,FUNBAS_clean,6.30412,4.59254,6.30412,1.11042,1258.26,1133.14,0.0,0.0,0.5296,0.476938,0.0,0,0.001663686,0.2558412568,0.25080606400087563
FUQJUX_clean,FUQJUX_clean,12.69722,8.47633,12.65144,0.718278,2115.98,2945.9,0.0,0.0,0.7464,1.03915,0.0,1,0.0045528645,0.6540682361,0.6693518482533746
FURRIU_clean,FURRIU_clean,11.05152,9.97547,11.05152,0.995058,1664.82,1673.09,0.0,0.0,0.6552,0.658454,0.0,1,0.0022112841,0.3382266088,0.3250045146734993
FUSNAJ_clean,FUSNAJ_clean,10.8347,9.87565,10.8347,1.0024,1663.43,1659.45,0.0,0.0,0.6588,0.657225,0.0,1,0.0023468144,0.3311291,0.3406869105204995
FUSNIR_clean,FUSNIR_clean,11.70294,10.66498,11.70294,1.01253,1536.34,1517.33,0.0,0.0,0.6416,0.633661,0.0,1,0.0023705916,0.3300900343,0.3496775136126248
FUSQUH_clean,FUSQUH_clean,6.74859,4.59542,6.74676,1.05193,1186.33,1127.76,0.0,0.0,0.5202,0.49452,0.0,0,0.0015920565,0.2288581337,0.23081146954837548
FUTDII_clean,FUTDII_clean,10.10622,8.60837,10.10622,0.871632,1521.24,1745.28,0.0,0.0,0.6404,0.734713,0.0,1,0.0031504039,0.4471832539,0.45234178833424876
FUTJOV_clean,FUTJOV_clean,4.40992,3.0983,4.40285,1.64403,0.0,0.0,528.691,321.582,0.5636,0.342816,0.0,1,0.0006572484,0.1051108474,0.0985079499044997
FUTTIZ_clean,FUTTIZ_clean,12.85599,4.31062,12.85599,0.737111,2140.97,2904.54,0.0,0.0,0.7318,0.992795,0.0,1,0.004447884,0.6245784447,0.8390151226685008
FUTZAX_clean,FUTZAX_clean,6.70042,6.11185,6.67865,0.956816,2069.71,2163.12,0.0,0.0,0.6692,0.699403,0.0,1,0.0032259966,0.4744075717,0.46947275167112495
FUTZOK_clean,FUTZOK_clean,4.72075,4.28777,4.72075,1.63519,1202.62,735.465,19.983,12.2206,0.5424,0.331705,0.0,1,0.0011958594,0.1698120434,0.17535407524749927
FUVFUZ_clean,FUVFUZ_clean,6.56118,5.97328,6.56118,1.8467,394.83,213.803,0.0,0.0,0.2718,0.147181,0.0,1,0.0003159771,0.0460784831,0.045800482869500024
GACBOE_clean,GACBOE_clean,6.66763,4.36115,6.66763,1.04515,2329.85,2229.2,0.0,0.0,0.6722,0.64316,0.0,1,0.0030746267,0.4462328332,0.4399797179586242
GADFAV_clean,GADFAV_clean,5.86066,4.67676,5.86066,1.79494,889.419,495.515,0.0,0.0,0.4512,0.251373,0.0,1,0.0009919405,0.1386704596,0.14492440259449965
GADHIF_clean,GADHIF_clean,7.77769,3.11048,7.77769,0.999796,0.0,0.0,1268.25,1268.51,0.5618,0.561915,0.0,1,0.0020268538,0.3030852501,0.286199341027375
GADMAA_clean,GADMAA_clean,8.30223,7.00364,8.30223,1.50475,1042.04,692.502,0.0,0.0,0.5772,0.383584,0.0,1,0.0010087652,0.1483876271,0.1451015193758747
GAGQAI_clean,GAGQAI_clean,15.6839,9.81587,15.64212,0.743275,1280.66,1723.0,458.409,616.743,0.721,0.970032,0.0,1,0.0046094697,0.6776233594,0.6753331544557496
GAGSUF_clean,GAGSUF_clean,13.27563,13.09101,13.27563,1.53244,1385.3,903.983,0.0,0.0,0.652,0.425465,0.0,1,0.0020138648,0.2923791385,0.28816146641300067
GAJZEY_clean,GAJZEY_clean,4.80464,4.28777,4.80464,1.53408,1142.39,744.678,0.0,0.0,0.5448,0.355132,0.0,1,0.0009529226,0.1420216846,0.14379012272900069
GAMSOD_clean,GAMSOD_clean,4.58378,3.14009,4.58378,1.46841,0.0,0.0,716.037,487.628,0.4784,0.325795,0.0,1,0.0008186931,0.1260297609,0.12052695244974977
GAMTAQ_clean,GAMTAQ_clean,4.9696,3.15514,4.71289,1.41721,0.0,0.0,787.133,555.409,0.5194,0.366494,0.0,1,0.0012543232,0.1841028075,0.1854633908643748
GAMTEU_clean,GAMTEU_clean,4.96917,3.20315,4.96917,1.42337,0.0,0.0,741.895,521.226,0.5212,0.366174,0.0,1,0.0012343699,0.1801859074,0.17841359006462457
GAMTIY_clean,GAMTIY_clean,4.94228,3.13094,4.94228,1.44018,0.0,0.0,724.278,502.908,0.5186,0.360094,0.0,1,0.0012051618,0.175618968,0.1763865852653755
GAMTOE_clean,GAMTOE_clean,3.76788,2.77728,3.76788,1.82545,0.0,0.0,78.4239,42.9614,0.4068,0.222849,0.0,1,0.0003202506,0.0469284003,0.048380607984249965
GAMVAS_clean,GAMVAS_clean,3.72131,2.69973,3.70726,1.82538,0.0,0.0,52.4368,28.7265,0.3938,0.215736,0.0,1,0.0002978785,0.0429657126,0.043416093874875064
GAPDUX_clean,GAPDUX_clean,4.39272,3.14854,4.18817,1.64307,0.0,0.0,465.773,283.478,0.4746,0.28885,0.0,1,0.0009045583,0.1312603145,0.13125882989025056
GAPNOD_clean,GAPNOD_clean,6.6565,4.84778,6.65444,1.74449,1900.25,1089.29,0.0,0.0,0.644,0.369162,0.0,1,0.0015723565,0.2268841715,0.22799712004574982
GAQKOB_clean,GAQKOB_clean,4.0449,2.86519,4.0449,1.34541,0.0,0.0,376.339,279.721,0.449,0.333727,0.0,0,0.0005875648,0.0910312038,0.08521569161975039
GAQYIH_clean,GAQYIH_clean,20.25844,8.96976,15.7736,0.559917,2127.26,3799.24,0.0,0.0,0.8486,1.51558,0.0,1,0.0063501071,0.9382422698,1.3646754355542547
GARLAP_clean,GARLAP_clean,5.58892,4.38006,5.58663,1.1363,1527.33,1344.12,0.0,0.0,0.5756,0.506555,0.0,1,0.0019860484,0.2949603104,0.2900892353718756
GARLET_clean,GARLET_clean,5.53835,4.38226,5.51111,1.15379,1524.15,1321.0,0.0,0.0,0.573,0.496625,0.0,1,0.001934848,0.2894916612,0.28541940721100123
GARQAU_clean,GARQAU_clean,7.22233,4.73121,7.22233,1.05141,1110.85,1056.54,0.0,0.0,0.5324,0.50637,0.0,0,0.0016712267,0.2421467645,0.24505188142375
GARTEB_clean,GARTEB_clean,4.30272,3.79858,4.29463,1.63832,1104.37,674.089,0.0,0.0,0.4846,0.295792,0.0,1,0.0010296879,0.1509356777,0.15300403528975012
GATHAL_clean,GATHAL_clean,3.98213,3.00882,3.94649,1.23575,0.0,0.0,161.377,130.59,0.4966,0.401862,0.0,0,0.00094281,0.1395305328,0.13820634588487515
GAXDIS10_clean,GAXDIS10_clean,5.63603,3.80534,5.63603,1.31969,1996.73,1513.03,0.0,0.0,0.6636,0.502846,0.0,1,0.0016429541,0.2452202992,0.24679219977312467
GAXGOD_clean,GAXGOD_clean,5.08632,3.052,5.08632,1.30836,0.0,0.0,405.215,309.713,0.4256,0.325293,0.0,0,0.0007288709,0.1103182097,0.1085500398318754
GAXVUY_clean,GAXVUY_clean,6.10604,3.07582,5.9657,1.07253,0.0,0.0,1413.31,1317.74,0.5886,0.548796,0.0,1,0.0022359996,0.3423385499,0.31164618689299944
GAXWAF_clean,GAXWAF_clean,6.35613,3.00777,6.26079,1.16133,0.0,0.0,1417.7,1220.75,0.5912,0.509071,0.0,1,0.0022250809,0.3177666891,0.30890609351725007
GEDQIR_clean,GEDQIR_clean,6.54643,4.98654,6.54643,1.05474,2262.59,2145.17,0.0,0.0,0.6334,0.600529,0.0,1,0.002753485,0.4061085066,0.40545939713624923
GEDREO_clean,GEDREO_clean,5.54518,3.28289,5.54518,1.31295,0.0,0.0,1181.14,899.609,0.5332,0.406109,0.0,1,0.0016437571,0.2179965635,0.2448458068996257
GEDSEP_clean,GEDSEP_clean,4.82283,3.73359,4.81042,1.38544,1023.08,738.448,0.0,0.0,0.5156,0.372155,0.0,1,0.0014871558,0.2030168377,0.21247123363562576
GEDSOZ_clean,GEDSOZ_clean,6.10424,4.23086,6.10424,1.10708,2330.43,2105.02,0.0,0.0,0.618,0.558223,0.0,1,0.0024845542,0.3770036179,0.3629084007685012
GEFZAU_clean,GEFZAU_clean,6.43441,5.83045,6.43102,0.991134,1373.29,1385.58,0.0,0.0,0.5466,0.55149,0.0,0,0.0015711757,0.2302568157,0.23395779017975063
GEGBOL_clean,GEGBOL_clean,4.71731,3.22624,4.44524,1.22917,0.0,0.0,689.784,561.178,0.522,0.424676,0.0,1,0.0010875603,0.1571114101,0.16096267532525044
GEGGEG01_clean,GEGGEG01_clean,4.4734,3.53731,4.46972,1.51151,780.594,516.434,0.0,0.0,0.4522,0.299171,0.0,1,0.0011662614,0.1653183259,0.16805970439374956
GEGGIK01_clean,GEGGIK01_clean,4.44976,3.51616,4.44506,1.53378,754.006,491.601,0.0,0.0,0.45,0.293393,0.0,1,0.0011682739,0.1652982006,0.16766542051887456
GEGGIK_clean,GEGGIK_clean,4.4635,3.52722,4.4561,1.51854,764.891,503.702,0.0,0.0,0.4512,0.297128,0.0,1,0.0011773303,0.1666143956,0.16841004599249967
GEGWAS_clean,GEGWAS_clean,5.44742,3.17954,5.44742,1.34706,0.0,0.0,902.139,669.712,0.5032,0.373555,0.0,1,0.0012457744,0.1754834068,0.17908030368387404
GESDUF_clean,GESDUF_clean,7.63383,7.44692,7.63383,1.05439,936.707,888.384,0.0,0.0,0.5408,0.512901,0.0,1,0.0014565501,0.2036768346,0.21462470084224988
GEVKID_clean,GEVKID_clean,4.59038,3.02065,4.5824,1.67391,0.0,0.0,411.718,245.961,0.4722,0.282093,0.0,1,0.0005455789,0.0814448616,0.08106209996887466
GEZRAG_clean,GEZRAG_clean,7.97174,5.12774,7.97032,1.15353,2068.35,1793.06,0.0,0.0,0.6172,0.535054,0.0,1,0.0021896662,0.3132885253,0.32073943175237557
GIFKEL_clean,GIFKEL_clean,4.63167,4.31957,4.63167,1.28045,1230.74,961.183,0.0,0.0,0.5428,0.423914,0.0,1,0.0013201167,0.1834515161,0.19444504555749975
GIHPAQ_clean,GIHPAQ_clean,6.0679,3.20702,4.88779,1.37065,0.0,0.0,933.937,681.382,0.517,0.377193,0.0,1,0.0011650563,0.1711628132,0.1689984928383749
GIMSIG_clean,GIMSIG_clean,8.71143,5.70228,8.71143,1.44846,1502.61,1037.38,0.0,0.0,0.5786,0.399459,0.0,1,0.0016975369,0.250108162,0.24918084288924938
GIMSUS_clean,GIMSUS_clean,4.94182,3.17204,4.94182,1.63504,0.0,0.0,541.618,331.257,0.4382,0.268006,0.0,0,0.0008152792,0.1187166044,0.11927518217512496
GIQXEK_clean,GIQXEK_clean,5.02308,3.9389,5.02308,1.70666,1611.03,943.967,0.0,0.0,0.591,0.34629,0.0,1,0.001263745,0.1877731713,0.18878163136525006
GIRDUI_clean,GIRDUI_clean,4.42025,3.76528,4.4179,1.33231,513.764,385.618,0.0,0.0,0.4442,0.333405,0.0,1,0.0006942916,0.1002921339,0.10287938663712526
GIRYIR_clean,GIRYIR_clean,4.09649,3.3872,4.09649,1.53911,183.262,119.07,0.0,0.0,0.391,0.254043,0.0,1,0.0003464533,0.052161789,0.05132217726875003
GISWEM_clean,GISWEM_clean,4.22229,3.34094,4.22229,1.34736,254.596,188.959,0.0,0.0,0.4264,0.316472,0.0,1,0.0005730762,0.0824330502,0.08644013085175008
GISZUD_clean,GISZUD_clean,6.49431,5.39638,6.48428,1.08851,2690.71,2471.91,0.0,0.0,0.726,0.666964,0.0,1,0.0025529694,0.3821809788,0.38283388756450004
GITTOT01_manual,GITTOT01_manual,11.40059,3.10208,11.40059,0.902033,0.0,0.0,1407.83,1560.73,0.627,0.695097,0.0,0,0.0023107331,0.3358992393,0.34347086922912695
GITTOT_manual,GITTOT_manual,11.41369,3.07343,11.41369,0.903406,0.0,0.0,1406.08,1556.42,0.6252,0.692048,0.0,0,0.0024244675,0.3398483835,0.37294244961725037
GITTUZ_clean,GITTUZ_clean,10.85901,8.03964,10.85901,1.03314,1392.4,1347.74,0.0,0.0,0.6084,0.588883,0.0,0,0.0020428199,0.3047178548,0.3020762399792494
GITVEL_clean,GITVEL_clean,15.24588,13.37948,15.24588,0.777112,1827.71,2351.93,0.0,0.0,0.724,0.931654,0.0,0,0.0036591453,0.530698066,0.5351920237016252
GIVHIC_clean,GIVHIC_clean,5.68256,4.14915,5.67478,1.01525,1315.17,1295.41,0.0,0.0,0.5352,0.527158,0.0,0,0.0018557808,0.2761450271,0.27144821893550025
GIWCAR_ion_b,GIWCAR_ion_b,6.05356,4.17814,6.05356,1.07197,1658.11,1546.78,2.02848,1.89228,0.5834,0.544229,0.0,1,0.0019680533,0.2849886964,0.29503242899025023
GIYSUD_clean,GIYSUD_clean,5.72746,4.12193,5.64984,1.21514,2074.82,1707.48,0.0,0.0,0.605,0.497886,0.0,1,0.0019893357,0.2924629511,0.294632336776501
GIYTIS_SL,GIYTIS_SL,6.15959,5.08946,6.15959,0.966844,2140.02,2213.41,0.0,0.0,0.6424,0.66443,0.0,1,0.0027725076,0.4059471894,0.40593529355237407
GOBGAG_clean,GOBGAG_clean,17.26438,5.3381,17.26438,1.05121,1516.89,1443.0,0.0,0.0,0.6532,0.621382,0.0,0,0.0023340775,0.3420353371,0.34175791144100004
GOLYOX_clean,GOLYOX_clean,5.22433,3.12115,5.21621,1.32627,0.0,0.0,503.51,379.642,0.449,0.338542,0.0,1,0.0008067776,0.1211960876,0.11710611997087493
GOQXAN_clean,GOQXAN_clean,6.22843,5.8492,6.22773,1.32869,1398.1,1052.24,0.0,0.0,0.556,0.418457,0.0,1,0.0017250087,0.237846005,0.2527065441970001
GOSBOH_clean,GOSBOH_clean,10.37122,8.95436,10.37122,0.787001,1611.54,2047.69,0.0,0.0,0.6654,0.845489,0.0,1,0.0029270361,0.4523378976,0.4333370187989999
GUCHUJ_clean,GUCHUJ_clean,4.84299,3.46778,4.84299,1.43835,1253.58,871.544,0.0,0.0,0.5374,0.373624,0.0,1,0.0014715637,0.2203345203,0.21525835929012554
GUHNUU_clean,GUHNUU_clean,8.22186,5.12827,8.22186,0.946932,1929.01,2037.11,0.0,0.0,0.6218,0.656647,0.0,1,0.002787402,0.4075129645,0.40573072963325024
GUJGEY_clean,GUJGEY_clean,4.66121,2.89757,4.66121,1.69984,0.0,0.0,615.816,362.279,0.438,0.257672,0.0,0,0.000664684,0.089362448,0.09869376671912507
GUJVOX_clean,GUJVOX_clean,3.98106,2.74095,3.93078,1.347,0.0,0.0,298.006,221.237,0.4424,0.328434,0.0,1,0.000658658,0.1067070062,0.09760413416499963
GUKZAO_clean,GUKZAO_clean,6.06489,4.97271,6.06019,1.23962,1992.38,1607.25,0.0,0.0,0.6032,0.486602,0.0,1,0.0023938046,0.342064957,0.34384340462737617
GUMDEZ_clean,GUMDEZ_clean,5.27869,4.82624,5.26972,1.35338,1171.24,865.416,0.0,0.0,0.5066,0.374323,0.0,0,0.0018727593,0.2570079931,0.26378370725237466
GUPBUP_SL,GUPBUP_SL,12.69031,3.67391,12.69031,0.919646,1552.86,1688.54,0.0,0.0,0.6966,0.757465,0.0,0,0.002584533,0.3662804323,0.37159353694850183
GUPCAW_clean,GUPCAW_clean,13.64672,8.62891,13.57643,0.814725,1868.84,2293.83,0.829839,1.01855,0.7426,0.911474,0.0,0,0.0034535982,0.5029648078,0.5118163957671268
GUPNUC01_clean,GUPNUC01_clean,4.3857,2.67312,4.3857,1.55126,0.0,0.0,727.902,469.232,0.5808,0.374405,0.0,0,0.0008634258,0.1161052913,0.13017420916075037
GUQWOG_clean,GUQWOG_clean,7.33297,4.64507,7.06229,0.957966,1896.24,1979.44,0.0,0.0,0.6126,0.63948,0.0,0,0.0026722373,0.3920723927,0.38764387265250094
GURZID01_clean,GURZID01_clean,3.82163,2.93079,3.80757,2.09127,0.0,0.0,221.816,106.068,0.466,0.222831,0.0,1,0.0005971452,0.0903019601,0.09015175724899983
GUSJOU_clean,GUSJOU_clean,6.46175,4.9377,6.46175,1.4824,1450.9,978.754,0.0,0.0,0.5424,0.365894,0.0,1,0.0015069969,0.2215206786,0.2230209410477502
GUXZIJ_clean,GUXZIJ_clean,5.81008,4.95296,5.55484,2.37336,1506.6,634.795,0.0,0.0,0.5624,0.236964,0.0,1,0.0010056861,0.1539075753,0.14412737605312376
HAFVUH_SL,HAFVUH_SL,7.26111,7.14037,7.26111,0.948615,1661.34,1751.34,0.0,0.0,0.5896,0.621538,0.0,0,0.0030398981,0.4404608638,0.4093590914566263
HAFWIW_clean,HAFWIW_clean,5.35067,4.98225,5.35067,1.31519,1804.28,1371.88,0.0,0.0,0.6304,0.479324,0.0,1,0.0016842727,0.2533438891,0.2514475814444996
HAKCAZ_clean,HAKCAZ_clean,7.25791,5.03113,6.91895,1.17911,1594.01,1351.88,0.0,0.0,0.5908,0.501055,0.0,1,0.0021579281,0.3111673832,0.31649351517562574
HAKSIY_clean,HAKSIY_clean,8.0725,3.53077,8.06497,1.03469,1587.07,1533.85,0.0,0.0,0.6072,0.58684,0.0,1,0.0027443871,0.3881207153,0.39849590190412615
HAKTAR_clean,HAKTAR_clean,8.14226,3.27028,7.02069,1.26185,0.0,0.0,1433.18,1135.78,0.6064,0.480565,0.0,1,0.0023336546,0.3349030986,0.33238963539612404
HAKWAU_clean,HAKWAU_clean,7.77196,4.02298,7.7515,0.967928,1840.06,1901.03,0.0,0.0,0.6374,0.65852,0.0,1,0.0029631551,0.4248870044,0.43440626390237214
HALVAU_clean,HALVAU_clean,7.2529,4.09487,7.24788,1.02599,1723.2,1679.54,0.0,0.0,0.6096,0.594156,0.0,1,0.0022393045,0.3471272187,0.33280891421512443
HAMJOW_clean,HAMJOW_clean,5.97637,5.66826,5.96867,0.916107,2203.56,2405.35,0.0,0.0,0.6442,0.703193,0.0,1,0.0033752324,0.4754046387,0.487791841414375
HAPBEI_clean,HAPBEI_clean,7.40345,4.51665,7.18933,1.1831,1645.32,1390.68,107.302,90.6958,0.5974,0.504945,0.0,1,0.0017996359,0.2586594453,0.2636557925908754
HAPGIR_clean,HAPGIR_clean,6.12679,5.53694,6.11946,1.24903,1460.77,1169.52,0.0,0.0,0.5518,0.441784,0.0,1,0.001883851,0.2733092309,0.2709269973968755
HAQJIV_clean,HAQJIV_clean,10.92187,6.16089,10.13253,0.730979,2352.02,3217.63,0.0,0.0,0.744,1.01781,0.0,1,0.0048734867,0.7069024633,0.7156744645232501
HARNAR_clean,HARNAR_clean,4.02535,2.83611,3.96371,1.73333,0.0,0.0,362.398,209.076,0.4452,0.256846,0.0,1,0.0005159623,0.0734728487,0.07729214602974982
HASMIZ_clean,HASMIZ_clean,9.9371,5.9051,9.93469,0.740129,2096.9,2833.15,0.0,0.0,0.687,0.928217,0.0,0,0.0040795027,0.595662924,0.602488968951623
HASNOH_clean,HASNOH_clean,5.38898,4.39397,5.38845,1.86317,1402.69,752.852,0.0,0.0,0.5556,0.298201,0.0,1,0.0011250337,0.1656706987,0.16452657729087558
HAWVOS_clean,HAWVOS_clean,5.41179,3.71334,5.38603,1.62695,1198.02,736.358,0.0,0.0,0.519,0.319002,0.0,0,0.0013463516,0.1994693963,0.19532447819850052
HAWWAF_clean,HAWWAF_clean,5.36818,3.69998,5.3038,1.61776,1179.03,728.804,0.0,0.0,0.5186,0.320567,0.0,0,0.0013052302,0.2010469034,0.18846500790049966
HAWWUZ_clean,HAWWUZ_clean,6.85987,6.20916,6.70163,1.02767,2542.94,2474.47,0.0,0.0,0.6868,0.668309,0.0,1,0.003048461,0.4349807421,0.4375102338397499
HAWZEM_clean,HAWZEM_clean,4.83947,3.74089,4.83947,1.28408,1060.99,826.263,0.0,0.0,0.5012,0.390319,0.0,1,0.0016457593,0.2315691874,0.23846234922450069
HAXMUP_clean,HAXMUP_clean,8.05193,5.7692,8.05193,1.0871,1247.11,1147.19,0.0,0.0,0.6042,0.555788,0.0,1,0.0013179901,0.2067975404,0.19503191070075018
HAZGOF07_clean_h,HAZGOF07_clean_h,3.8697,2.98231,3.76224,1.24619,0.0,0.0,91.9242,73.764,0.4808,0.385815,0.0,0,0.0006816141,0.1070098447,0.10061573134375018
HAZGOF08_clean_h,HAZGOF08_clean_h,3.9069,2.98365,3.78989,1.2477,0.0,0.0,101.411,81.2783,0.4828,0.386951,0.0,0,0.0007299174,0.1081136661,0.1074891685462499
HAZNED_clean,HAZNED_clean,4.86872,2.92753,4.86872,2.00125,0.0,0.0,500.778,250.233,0.4086,0.204172,0.0,0,0.0006268941,0.0924509653,0.09304052231075016
HAZNIH_clean,HAZNIH_clean,4.8647,2.92988,4.8647,2.00197,0.0,0.0,487.689,243.605,0.4286,0.21409,0.0,0,0.0006219188,0.0925484822,0.09235326542549999
HAZNON_clean,HAZNON_clean,4.92903,2.60838,4.91802,2.01241,0.0,0.0,441.991,219.633,0.4286,0.212979,0.0,0,0.0005943885,0.0837946296,0.08860387174249994
HAZWIP_clean,HAZWIP_clean,6.08536,5.42004,6.08536,0.76282,3171.25,4157.27,0.0,0.0,0.7336,0.961695,0.0,1,0.0041165134,0.6113283041,0.5985397751588749
HEBNIN_clean,HEBNIN_clean,5.00989,4.14842,5.00989,2.07402,1561.26,752.77,0.0,0.0,0.5908,0.284857,0.0,1,0.000949691,0.1502219952,0.14397847392325103
HEDBUP_clean,HEDBUP_clean,6.082,4.53553,6.07141,2.27942,1559.62,684.218,0.0,0.0,0.5574,0.244536,0.0,1,0.000982573,0.147881662,0.14203178058674945
HEDCIE_clean,HEDCIE_clean,6.94357,6.25435,6.88861,1.02856,1661.58,1615.44,0.0,0.0,0.5918,0.575367,0.0,1,0.0021730241,0.316196812,0.3249320536578758
HEFFEF_clean,HEFFEF_clean,9.54316,8.35297,9.54316,1.17123,1191.49,1017.3,0.0,0.0,0.5608,0.478813,0.0,1,0.0018246055,0.264753693,0.2704834813443757
HEKTAU_clean,HEKTAU_clean,4.87289,4.04271,4.86475,1.11842,1707.65,1526.84,0.0,0.0,0.5666,0.506605,0.0,1,0.0019139969,0.3002218584,0.28237311523025116
HEZPIL01_clean,HEZPIL01_clean,4.55228,3.8726,4.49338,1.6515,1184.67,717.327,0.0,0.0,0.5308,0.321405,0.0,1,0.0014002908,0.217154252,0.20316233362100014
HIFGEK_clean,HIFGEK_clean,6.30554,5.14447,6.30011,1.31758,1695.15,1286.57,0.0,0.0,0.5682,0.431246,0.0,1,0.0015032889,0.2147437269,0.2202413963386245
HIFWAV_clean,HIFWAV_clean,6.82644,4.81311,6.7091,1.14185,1358.99,1190.16,0.0,0.0,0.5914,0.517932,0.0,0,0.0016495646,0.2406735747,0.24501470409050077
HIGRIA_clean,HIGRIA_clean,11.33189,6.86002,11.33189,0.649596,2356.83,3628.15,0.0,0.0,0.774,1.19151,0.0,1,0.0056225789,0.8069515556,0.8216608675851269
HIHFOV_clean,HIHFOV_clean,4.86314,3.46095,4.86114,1.09882,730.753,665.036,0.0,0.0,0.4806,0.437379,0.0,0,0.001403587,0.191099698,0.20456294518325016
HIHFUB_clean,HIHFUB_clean,7.23376,3.90094,7.22167,1.02876,1762.4,1713.12,0.0,0.0,0.6028,0.585946,0.0,1,0.0024487949,0.3358200573,0.35710982349299997
HIQNAY_clean,HIQNAY_clean,6.18436,4.94333,5.98081,1.31558,928.05,705.433,194.939,148.177,0.529,0.402105,0.0,1,0.0014858436,0.2109997324,0.21546047668524967
HIQNUS_clean,HIQNUS_clean,4.05433,3.10309,3.94052,1.22935,0.0,0.0,463.862,377.322,0.4834,0.393215,0.0,0,0.001362997,0.1926435315,0.20381976162187543
HISGAT_clean,HISGAT_clean,5.66636,4.82954,5.66636,1.37462,738.511,537.249,0.0,0.0,0.318,0.231337,0.0,1,0.0009552442,0.1483147637,0.13260930901112494
HISJIE_clean,HISJIE_clean,6.27871,5.58535,6.27871,1.41351,623.69,441.235,0.0,0.0,0.4354,0.308027,0.0,1,0.000762065,0.1105520674,0.1093648803927503
HISSIN_clean,HISSIN_clean,6.52902,4.63625,6.52902,1.20846,1900.2,1572.41,0.0,0.0,0.613,0.507257,0.0,1,0.0022388697,0.3181549018,0.32219564950662644
HIWKEE_clean,HIWKEE_clean,5.33619,3.90302,5.22967,1.1804,712.798,603.863,412.05,349.077,0.5362,0.454254,0.0,1,0.0013004914,0.1965128322,0.19000721459587477
HIWKII_clean,HIWKII_clean,4.49598,3.52102,4.49598,1.26918,746.378,588.079,0.0,0.0,0.5282,0.416174,0.0,1,0.0013100832,0.1935400141,0.19158202578787467
HIYBUN_clean,HIYBUN_clean,10.15365,9.81645,10.15365,1.11827,1552.73,1388.51,0.0,0.0,0.6486,0.580004,0.0,0,0.0021860258,0.3213804073,0.31827642591750077
HIYMAF_clean,HIYMAF_clean,4.37654,2.76711,4.36181,2.0627,0.0,0.0,338.32,164.019,0.3356,0.1627,0.0,1,0.0007039463,0.1043328356,0.10348848687537482
HIYYEU_clean,HIYYEU_clean,4.58192,3.82938,4.58192,1.15929,890.249,767.928,0.0,0.0,0.475,0.409735,0.0,0,0.0008098312,0.1197035779,0.11895368385550016
HOBGEL_clean,HOBGEL_clean,4.92633,4.45881,4.92633,1.33002,1110.7,835.1,0.0,0.0,0.469,0.352627,0.0,0,0.0012809443,0.196247621,0.18167545401187457
HOBGOV_clean,HOBGOV_clean,4.53296,4.00605,4.52467,1.46371,719.363,491.465,0.0,0.0,0.4314,0.29473,0.0,0,0.00081771,0.1199252503,0.11859290686062493
HOGJUK_clean,HOGJUK_clean,4.62158,3.54405,4.62158,1.37822,778.037,564.523,55.153,40.0175,0.5524,0.400807,0.0,0,0.0012493664,0.1889275619,0.18555954399725047
HOGLEV01_clean,HOGLEV01_clean,9.50106,5.60478,9.50106,0.851383,2390.76,2808.08,0.0,0.0,0.7012,0.823601,0.0,1,0.0040656204,0.587647141,0.5828029751406248
HOGLEV_clean,HOGLEV_clean,14.03402,9.0463,14.02308,0.76193,2112.49,2772.55,0.0,0.0,0.7494,0.983555,0.0,1,0.0044534591,0.6642319344,0.9651472863736263
HOGTOM_clean,HOGTOM_clean,7.72626,5.11822,7.71236,1.77252,921.698,519.992,0.0,0.0,0.4714,0.265948,0.0,0,0.0007957584,0.114992748,0.11396364233212468
HOJLUP_clean,HOJLUP_clean,6.04405,4.68216,6.04405,0.897215,1739.4,1938.66,0.0,0.0,0.5916,0.659373,0.0,1,0.0025776742,0.363733422,0.3763593583240006
HOJNIF_clean,HOJNIF_clean,4.00485,3.015,3.81492,1.23402,0.0,0.0,162.531,131.709,0.5098,0.413123,0.0,0,0.000933865,0.1432825415,0.13887455411437594
HOJNUR_clean,HOJNUR_clean,3.99147,3.01058,3.92256,1.23168,0.0,0.0,174.273,141.492,0.5124,0.416016,0.0,0,0.0010049782,0.1462692996,0.14597995873037511
HOKLIE_clean,HOKLIE_clean,5.61648,4.05301,5.61199,1.31362,1114.73,848.591,0.0,0.0,0.4902,0.373167,0.0,1,0.0014224712,0.2048722835,0.20518288811412502
HOLQIK_clean,HOLQIK_clean,12.10808,3.4458,10.16044,0.913109,1657.88,1815.64,0.0,0.0,0.663,0.726091,0.0,1,0.0032255631,0.4519950964,0.4651118430395011
HOPYEQ_clean,HOPYEQ_clean,4.00073,3.18451,3.73972,2.2255,0.0,0.0,323.535,145.376,0.494,0.221973,0.0,0,0.0007381862,0.1042950183,0.10791097697037501
HOQMIL02_clean,HOQMIL02_clean,5.63983,4.88733,5.62365,1.14617,1146.47,1000.26,0.0,0.0,0.486,0.424021,0.0,0,0.0016241943,0.2385796449,0.23313178110425156
HOQNEI_clean,HOQNEI_clean,5.27742,4.83558,5.27742,1.18109,1071.17,906.928,0.0,0.0,0.4762,0.403186,0.0,0,0.001480395,0.2128100714,0.2151404096108748
HOWQOA_clean,HOWQOA_clean,8.78202,2.88546,8.77484,1.01806,0.0,0.0,1613.93,1585.3,0.6166,0.605663,0.0,1,0.0024957851,0.381220052,0.3548755130233747
HOWSAP_clean,HOWSAP_clean,6.71751,4.61596,6.71751,1.15559,1670.87,1445.9,0.0,0.0,0.5844,0.505717,0.0,1,0.0019787822,0.2921232875,0.29284737470112576
HUCFAO_clean,HUCFAO_clean,5.18257,3.1685,4.9152,1.24354,0.0,0.0,1008.37,810.885,0.5162,0.415105,0.0,0,0.0013683283,0.1914964181,0.200107793996125
HUCXAG_clean,HUCXAG_clean,6.73203,3.67524,6.71149,1.26793,1413.13,1114.52,0.0,0.0,0.5564,0.438826,0.0,0,0.0016920889,0.2462017391,0.24313451450749932
HUCXEK_clean,HUCXEK_clean,6.73085,3.71981,6.7271,1.26713,1437.51,1134.46,0.0,0.0,0.5568,0.439419,0.0,0,0.0016007435,0.2433422584,0.23563571546824919
HUFHUN_clean,HUFHUN_clean,11.46361,8.17134,11.46361,0.780594,2181.16,2794.23,0.0,0.0,0.7478,0.957988,0.0,1,0.0036525549,0.5634654933,0.5473667313417497
HUFJEZ_clean,HUFJEZ_clean,8.97021,6.86873,8.96999,1.02124,1801.67,1764.2,0.0,0.0,0.6662,0.652342,0.0,1,0.0023904025,0.353749823,0.34390287289824983
HUFJID_clean,HUFJID_clean,5.47986,2.72127,5.47807,1.28008,0.0,0.0,1249.17,975.853,0.5712,0.446222,0.0,1,0.0014573024,0.2034220181,0.21583692008274943
HUFMUS_clean,HUFMUS_clean,4.79853,3.61328,4.79853,1.52895,747.86,489.132,0.0,0.0,0.4994,0.326629,0.0,1,0.0008162946,0.121862869,0.12018051188912501
HUNCUQ_clean,HUNCUQ_clean,4.96862,3.07482,4.94534,1.29845,0.0,0.0,839.193,646.306,0.5152,0.396782,0.0,1,0.0014018175,0.203728475,0.20486304814075065
HUNFON_clean,HUNFON_clean,3.70002,2.61591,3.69516,1.50686,0.0,0.0,36.1411,23.9844,0.4134,0.274346,0.0,1,0.0003306602,0.0466314861,0.049071557360375044
HURFUX_clean,HURFUX_clean,6.75247,5.05596,6.75247,1.0343,1910.3,1846.94,0.0,0.0,0.6324,0.611426,0.0,1,0.0026046182,0.3739859011,0.38289313582399936
HURGUX01_clean,HURGUX01_clean,4.95927,3.84058,4.95343,1.32588,650.018,490.253,0.0,0.0,0.4448,0.335474,0.0,1,0.0010453692,0.1403622212,0.15473220034949983
HURQUG_clean,HURQUG_clean,6.31098,3.21738,6.31098,1.67305,0.0,0.0,879.917,525.936,0.5212,0.311527,0.0,0,0.0010101807,0.1436504822,0.1482403815191245
HUSQES_clean,HUSQES_clean,3.88653,3.23031,3.88589,1.4047,0.0,0.0,565.177,402.347,0.5278,0.375738,0.0,1,0.0011199188,0.1662889825,0.16481985727025006
HUTTIA_clean,HUTTIA_clean,4.93965,2.94896,4.93965,1.29015,0.0,0.0,649.167,503.17,0.4978,0.385845,0.0,1,0.0010212139,0.1500933756,0.14856157127687547
HUWLUI_clean,HUWLUI_clean,8.75473,4.69687,8.74085,1.19037,1892.69,1590.0,0.0,0.0,0.6324,0.531265,0.0,0,0.002427397,0.336792177,0.3593250967098758
HUXHEP01_clean,HUXHEP01_clean,4.36937,2.99196,4.36937,1.58994,0.0,0.0,616.016,387.446,0.4758,0.299257,0.0,1,0.0009755779,0.139560345,0.14699156823874962
HUZFEO_clean,HUZFEO_clean,5.36799,3.75589,5.36799,1.02114,1113.68,1090.63,0.0,0.0,0.58,0.567992,0.0,0,0.0018054589,0.2730966926,0.2660868657446242
IBAPEJ_clean,IBAPEJ_clean,4.15044,3.18801,4.13489,2.08307,0.0,0.0,366.213,175.804,0.3928,0.188568,0.0,1,0.0006467947,0.0919072879,0.09579843021250023
IBASEL_clean,IBASEL_clean,7.42906,5.13218,7.42906,1.77226,891.565,503.068,0.0,0.0,0.4602,0.259669,0.0,0,0.0006950139,0.1099760064,0.10253255140349993
IBASUB_clean,IBASUB_clean,7.25865,5.07987,7.25865,1.86882,874.187,467.775,0.0,0.0,0.4444,0.237797,0.0,0,0.0006977634,0.1031809538,0.10188409025087468
IBEYOE_clean,IBEYOE_clean,6.06432,4.11134,6.06432,2.34842,1354.27,576.674,0.0,0.0,0.5366,0.228494,0.0,1,0.0009192647,0.1345477993,0.13441282838887494
IBICAZ_clean,IBICAZ_clean,9.97802,9.8426,9.97802,1.0723,1065.95,994.074,0.0,0.0,0.5548,0.517392,0.0,0,0.001591237,0.2483481355,0.23607455625187457
IBUBAL_clean,IBUBAL_clean,8.56175,6.50064,8.56175,1.3766,1598.36,1161.09,0.0,0.0,0.5934,0.431061,0.0,1,0.0016944518,0.251407691,0.2487993688209998
ic025743v_s1_clean,ic025743v_s1_clean,5.43084,3.59671,5.41371,0.985749,2031.66,2061.03,0.0,0.0,0.67,0.679686,0.0,1,0.0022917062,0.3291888955,0.3400290807188736
ic060608urom20060410_101638_clean,ic060608urom20060410_101638_clean,4.58785,3.57723,4.32835,1.52818,688.664,450.644,0.0,0.0,0.5224,0.341845,0.0,0,0.0010021521,0.1505157132,0.14655553409312483
ic070274o-file006_clean,ic070274o-file006_clean,9.5696,5.43482,9.51118,0.6688,2216.08,3313.52,0.0,0.0,0.6986,1.04456,0.0,0,0.0047007172,0.6884608332,0.6759762186302489
ic400777c_si_002_clean,ic400777c_si_002_clean,6.92734,4.01933,6.90734,1.34581,1520.73,1129.98,0.0,0.0,0.5638,0.418931,0.0,1,0.0019669936,0.2902543037,0.28467711983575034
ic402692p_si_002_clean,ic402692p_si_002_clean,7.57252,6.20483,7.53216,1.12902,2001.22,1772.53,0.0,0.0,0.6518,0.577314,0.0,0,0.0025809972,0.3882296509,0.3742516111874996
ic402692p_si_003_clean,ic402692p_si_003_clean,5.22305,3.60975,4.94835,1.24721,1324.38,1061.87,0.0,0.0,0.5356,0.429439,0.0,1,0.0018976494,0.2837238673,0.27386293211974894
ic500323r_si_002_clean,ic500323r_si_002_clean,5.13222,4.08543,5.13222,1.68431,1029.92,611.476,0.0,0.0,0.4906,0.291276,0.0,1,0.0007721137,0.1151957907,0.11569159610574971
ic5011133_si_004_clean,ic5011133_si_004_clean,5.76939,3.85425,5.57935,1.03783,2096.3,2019.88,0.0,0.0,0.6036,0.581597,0.0,1,0.002316963,0.3633570473,0.3367667996764972
ic501801f_si_003_clean,ic501801f_si_003_clean,7.15079,6.5153,7.14534,0.88298,1302.1,1474.67,43.0565,48.7627,0.5668,0.641917,0.0,1,0.0020671862,0.29259864,0.306762413363124
ic501849g_si_002_clean,ic501849g_si_002_clean,6.90703,4.72819,6.90703,1.13022,1690.08,1495.36,0.0,0.0,0.5888,0.520963,0.0,1,0.0021638856,0.3059473896,0.31646998381275065
ic502643m_si_010_clean,ic502643m_si_010_clean,12.46942,12.09962,12.4634,0.660845,2360.76,3572.33,0.0,0.0,0.7614,1.15216,0.0,1,0.0052846286,0.7905519449,0.7723762306056201
ic502921j_si_002_clean,ic502921j_si_002_clean,10.79969,7.20507,10.77322,1.03513,1844.88,1782.26,0.0,0.0,0.6792,0.656147,0.0,1,0.003048868,0.4218112993,0.44070733135749907
ic502921j_si_003_clean,ic502921j_si_003_clean,7.7085,4.09601,7.43001,1.34893,1247.81,925.035,50.2931,37.2837,0.56,0.415144,0.0,1,0.0015821408,0.2330143352,0.23326505155637503
ic5b00130_si_002_clean,ic5b00130_si_002_clean,5.93683,5.18128,5.93683,1.3408,561.854,419.044,0.0,0.0,0.4314,0.321748,0.0,0,0.0006956098,0.1042425127,0.10212465460199993
ic5b01023_si_002_clean,ic5b01023_si_002_clean,12.81278,3.94057,12.81278,0.929822,1555.72,1673.14,0.0,0.0,0.6134,0.659696,0.0,1,0.0027993474,0.3846738196,0.4043565091415012
ICAWUF_clean,ICAWUF_clean,8.09105,7.71087,8.06629,1.03438,1360.39,1315.18,0.0,0.0,0.5716,0.552602,0.0,1,0.0018845752,0.2728051919,0.2732628123205001
ICOWON_clean,ICOWON_clean,5.79599,4.2449,5.79493,1.26187,1474.68,1168.65,0.0,0.0,0.5752,0.45583,0.0,1,0.0016036452,0.2378010455,0.23510927556874933
IDAGOL_clean,IDAGOL_clean,3.78397,3.22953,3.77207,1.49127,0.0,0.0,192.213,128.892,0.436,0.292369,0.0,1,0.000520669,0.0767948846,0.07681146353525004
IDUDIW_clean,IDUDIW_clean,4.41225,3.49442,4.39662,1.09369,1435.22,1312.27,0.0,0.0,0.577,0.527571,0.0,0,0.0022123477,0.3150074428,0.3198218922473739
IFEQIV_SL,IFEQIV_SL,8.23002,7.90173,8.23002,1.32672,694.39,523.389,0.0,0.0,0.4528,0.341293,0.0,0,0.0008847051,0.1290246666,0.12707149177912577
IGETUL_clean,IGETUL_clean,7.73199,5.01492,7.73199,1.17458,1427.74,1215.53,0.0,0.0,0.5802,0.493962,0.0,1,0.0019767975,0.3002131353,0.28672330439925
IGEXOH_clean,IGEXOH_clean,5.20725,4.43194,5.19154,1.26433,2211.95,1749.5,0.0,0.0,0.6598,0.521856,0.0,0,0.002202846,0.3341219294,0.3190993548142501
IGINIX01_clean,IGINIX01_clean,5.76124,3.82869,5.74335,1.27239,1739.17,1366.85,0.0,0.0,0.5698,0.447817,0.0,1,0.0020832247,0.2918367558,0.3038325117182493
IGIZEF_clean,IGIZEF_clean,4.69926,3.5008,4.58086,1.87274,282.887,151.055,108.889,58.1444,0.4116,0.219785,0.0,1,0.0006630002,0.0950834273,0.09595123209037534
IHAJEH_clean,IHAJEH_clean,6.78044,6.29448,6.78044,1.39086,1751.0,1258.94,0.0,0.0,0.6318,0.454253,0.0,0,0.001726425,0.2523516385,0.25822510773912516
IHAJIL_clean,IHAJIL_clean,5.45406,4.34442,5.40178,1.56119,1403.37,898.914,0.0,0.0,0.5862,0.375483,0.0,0,0.0015257558,0.2200929015,0.22389344932174968
IHIMAP_clean,IHIMAP_clean,4.88033,3.6251,4.88017,1.94507,780.03,401.03,0.0,0.0,0.4326,0.222409,0.0,1,0.0005235833,0.0801027147,0.07724486426737492
IJANAJ_clean,IJANAJ_clean,4.15369,3.00882,3.95692,1.41576,0.0,0.0,379.295,267.908,0.456,0.322088,0.0,1,0.0006401414,0.0932680079,0.09697253984712507
IJEVEA_clean,IJEVEA_clean,6.16235,3.65442,6.15987,1.71122,898.254,524.922,0.0,0.0,0.4748,0.277464,0.0,1,0.0009902072,0.143735674,0.14569905459600008
IJEXUR_clean,IJEXUR_clean,5.05755,2.858,5.05755,1.47624,0.0,0.0,568.715,385.245,0.4738,0.32095,0.0,1,0.0006870157,0.1004889694,0.10166622029125007
IJISEZ_clean,IJISEZ_clean,4.28008,2.64423,4.27704,1.77695,0.0,0.0,132.412,74.5166,0.3384,0.190439,0.0,1,0.0007976656,0.1148879644,0.10920077548787488
IJODES_clean,IJODES_clean,4.9358,3.10102,4.89748,1.44251,0.0,0.0,573.112,397.301,0.4568,0.316669,0.0,1,0.0008356786,0.1270028042,0.1231348584926248
IJUJEE_clean,IJUJEE_clean,5.7329,3.14927,5.59608,2.00759,0.0,0.0,597.221,297.481,0.4248,0.211597,0.0,1,0.0006832822,0.095690823,0.10009834713575046
IKETOH_manual,IKETOH_manual,13.20001,6.4144,13.20001,0.879595,2120.61,2410.89,0.0,0.0,0.713,0.810601,0.0,1,0.0036035524,0.5589149172,0.5332202136084999
IKETOI_clean,IKETOI_clean,5.47175,4.23311,5.43757,1.66186,1666.92,1003.04,0.0,0.0,0.5532,0.33288,0.0,1,0.0013913351,0.2004430109,0.20068128628274987
IKETUN_clean,IKETUN_clean,13.22557,6.52759,13.22557,0.869317,2182.06,2510.09,0.0,0.0,0.7238,0.832608,0.0,1,0.0039374033,0.5696045492,0.5656665261187491
IKOKEA_clean,IKOKEA_clean,6.08904,3.3904,6.07977,1.63594,1155.87,706.549,0.0,0.0,0.5166,0.315782,0.0,0,0.0021497424,0.2005127357,0.2408454722357505
IKOQII_clean,IKOQII_clean,4.83665,3.16343,4.83665,1.17628,0.0,0.0,470.334,399.848,0.5636,0.479137,0.0,0,0.0009072855,0.1291097133,0.13616077892100026
IKOVAH_clean,IKOVAH_clean,16.06628,15.68836,16.05839,1.01053,1521.53,1505.68,0.0,0.0,0.6416,0.634917,0.0,1,0.0029904091,0.4418547821,0.4491860028931233
IKUBUL01_clean,IKUBUL01_clean,4.97225,4.13588,4.96966,1.70618,1252.65,734.185,0.0,0.0,0.581,0.340527,0.0,0,0.0013935418,0.2004238334,0.19826523720975053
ILENOC_clean,ILENOC_clean,4.95574,3.57203,4.9334,2.30558,814.836,353.419,0.0,0.0,0.4958,0.215043,0.0,1,0.0010629602,0.1551978612,0.15503760643112494
ILOJEZ_clean,ILOJEZ_clean,4.06811,3.10596,4.05147,1.3886,0.0,0.0,273.889,197.241,0.4204,0.30275,0.0,0,0.0005302583,0.0764599602,0.07936508203950031
ILUFUR_clean,ILUFUR_clean,7.14136,3.0815,7.14136,1.56508,0.0,0.0,607.447,388.125,0.49,0.313083,0.0,1,0.0008233632,0.1252003066,0.11922181051487471
IMIDZB10_clean,IMIDZB10_clean,11.74145,3.30578,11.74145,0.83399,0.0,0.0,1687.04,2022.86,0.7112,0.852768,0.0,0,0.0032852089,0.4651911599,0.48066107200612423
IMISIH_clean,IMISIH_clean,5.27982,3.88793,5.27982,1.92173,1036.22,539.212,0.0,0.0,0.5212,0.271214,0.0,1,0.0007998979,0.1180234539,0.12014014361774997
INIGET_clean,INIGET_clean,5.272,3.4615,5.24671,1.60135,599.11,374.128,0.0,0.0,0.458,0.286009,0.0,1,0.0007777298,0.1140414358,0.11575130353500004
INIQUR_clean,INIQUR_clean,6.2915,4.5306,6.2915,1.16326,1032.52,887.604,0.0,0.0,0.5158,0.443408,0.0,1,0.0009528557,0.1498648924,0.14621192902850086
INIXOT_clean,INIXOT_clean,3.98278,3.32513,3.98278,1.84127,266.343,144.652,0.0,0.0,0.4098,0.222564,0.0,1,0.0009873961,0.1412563275,0.13935130675137442
IQABEJ_clean,IQABEJ_clean,5.1026,4.0827,5.09122,1.64165,725.772,442.098,0.0,0.0,0.4456,0.271434,0.0,1,0.0008542414,0.130700412,0.1241111771051251
IQIPAZ_clean,IQIPAZ_clean,5.68593,3.36787,5.68593,1.52427,553.312,363.001,0.0,0.0,0.404,0.265044,0.0,1,0.0007963545,0.1158178492,0.11248256468062486
IRELAU_clean,IRELAU_clean,6.04901,3.48029,6.04818,1.13995,1676.5,1470.68,0.0,0.0,0.5904,0.517916,0.0,1,0.0023055739,0.3413812744,0.33513016980562704
IROVAO_clean,IROVAO_clean,6.12408,5.59581,6.1197,2.89163,1515.71,524.173,0.0,0.0,0.544,0.188129,0.0,1,0.0008588604,0.1212728788,0.1269529795292503
ISENUQ_clean,ISENUQ_clean,5.97954,4.24278,5.90822,1.30449,1185.84,909.047,0.0,0.0,0.4938,0.37854,0.0,1,0.001288727,0.1960479021,0.19417069769862522
ISIYOZ01_clean,ISIYOZ01_clean,3.99213,2.80137,3.95177,2.22064,0.0,0.0,308.316,138.841,0.4398,0.198051,0.0,0,0.0004731045,0.0682807563,0.06909557527487484
ISUGIN_clean,ISUGIN_clean,6.04571,2.89186,6.04571,2.18598,0.0,0.0,339.886,155.485,0.424,0.193964,0.0,0,0.0004283322,0.0626082245,0.0647595912174999
ISUGOT_clean,ISUGOT_clean,6.0411,2.94156,6.03863,2.13035,0.0,0.0,341.624,160.36,0.4272,0.20053,0.0,0,0.0004021927,0.0653552862,0.061736050477124715
ITIBOD_clean,ITIBOD_clean,4.51038,3.48306,4.50833,2.426,458.262,188.896,79.7243,32.8625,0.4254,0.17535,0.0,1,0.0005549185,0.0835010623,0.08235208430974965
IVEQAC_clean,IVEQAC_clean,4.74809,3.58509,4.40546,1.51827,638.51,420.551,0.0,0.0,0.4406,0.290199,0.0,0,0.0009420598,0.1374119566,0.1375832319363748
IVIKAA_clean,IVIKAA_clean,3.54836,2.91961,3.54836,1.51762,0.0,0.0,45.6578,30.0852,0.4486,0.295595,0.0,1,0.0004262721,0.0665906941,0.0665406187659999
IVOGUX_clean,IVOGUX_clean,5.27459,4.52668,5.27459,1.48634,1223.66,823.275,0.0,0.0,0.5418,0.36452,0.0,1,0.001318685,0.1963403883,0.19165696311099975
IVUVIG_clean,IVUVIG_clean,6.23822,4.28609,6.22408,1.47829,1492.88,1009.86,0.0,0.0,0.5414,0.366233,0.0,1,0.0016291271,0.2340952268,0.23478803157462472
IWAXUZ_clean,IWAXUZ_clean,9.16743,4.27442,9.16743,1.02656,1732.45,1687.62,0.0,0.0,0.6018,0.586228,0.0,1,0.0024367396,0.3565129085,0.35776740688050057
IWAZIP_clean,IWAZIP_clean,9.36232,4.34831,9.36232,1.51484,1601.89,1057.47,0.0,0.0,0.5888,0.388687,0.0,1,0.0015651199,0.2214869108,0.3076868262332506
IXAMEA_clean,IXAMEA_clean,4.43443,3.24991,4.43165,1.95953,0.0,0.0,498.604,254.451,0.4838,0.246896,0.0,1,0.0012739295,0.1712775493,0.16798386444812483
IXEJOM_clean,IXEJOM_clean,15.02825,14.15107,15.02825,0.818993,2120.95,2589.7,0.0,0.0,0.749,0.914537,0.000244202,1,0.0041811591,0.587416345,0.6027432906922516
IXIPAG_clean,IXIPAG_clean,7.26036,3.75863,5.90499,3.37203,985.803,292.347,369.675,109.63,0.5588,0.165716,0.0,1,0.0005440451,0.0814762611,0.0797350353006249
IXIPEK_clean,IXIPEK_clean,7.04096,3.63154,5.75307,3.49876,924.617,264.27,341.824,97.6986,0.5428,0.155141,0.0,1,0.0005243815,0.0750241818,0.07762384147112479
IXIPIO_clean,IXIPIO_clean,7.45471,4.20487,6.02758,3.27069,1181.85,361.346,334.28,102.205,0.5696,0.174153,0.0,1,0.0006187334,0.0878424539,0.09456553397225019
IXISOX_clean,IXISOX_clean,5.5699,4.33438,5.5699,1.93342,1150.89,595.258,0.0,0.0,0.516,0.266884,0.0,0,0.0009303718,0.1412081179,0.13588793740025035
IXISUD_clean,IXISUD_clean,7.1533,3.82815,7.1533,2.06709,831.561,402.286,84.7168,40.9836,0.496,0.239951,0.0,0,0.0007442564,0.1084890403,0.1091377168388748
IXITOA02_clean,IXITOA02_clean,5.87166,2.682,5.66811,1.61112,0.0,0.0,853.166,529.548,0.493,0.305998,0.0,0,0.0009994259,0.1480929315,0.1470809233063749
IXOFEH_clean,IXOFEH_clean,7.08623,6.6722,7.07786,1.02717,1639.04,1595.68,0.0,0.0,0.6198,0.603404,0.0,0,0.0027193968,0.3846738167,0.39518326064825016
IXOFOR_clean,IXOFOR_clean,6.58573,6.10481,6.58573,1.02216,1741.26,1703.51,0.0,0.0,0.611,0.597752,0.0,0,0.0026508709,0.3962312528,0.3837200057983754
IXUQOJ_clean,IXUQOJ_clean,5.21271,3.78909,5.02943,1.47771,847.063,573.227,0.228953,0.154938,0.4794,0.324421,0.0,1,0.0009551703,0.1400364669,0.1406706122055005
IXUQUO_clean,IXUQUO_clean,6.17038,3.88626,6.17038,1.0897,1053.12,966.424,109.804,100.765,0.5652,0.518674,0.0,1,0.0017430204,0.2479675979,0.2536584267359996
IXUWOO_clean,IXUWOO_clean,6.5953,3.20621,6.55588,1.07583,0.0,0.0,1101.94,1024.27,0.5128,0.476656,0.0,0,0.0017859035,0.2660362376,0.2569552485198748
IYASOS_clean,IYASOS_clean,5.79357,5.23786,5.68144,1.42202,1531.27,1076.83,0.0,0.0,0.5756,0.404777,0.0,1,0.001673607,0.2543642243,0.24556304444887453
IYAYUE_clean,IYAYUE_clean,6.14666,4.14311,6.14666,1.13268,1552.87,1370.97,0.0,0.0,0.598,0.527951,0.0,1,0.0021817929,0.3295029184,0.31774966679037553
IYICUP_clean,IYICUP_clean,7.48898,5.2438,6.05899,1.02061,1910.86,1872.27,0.0,0.0,0.6306,0.617866,0.0,0,0.0026469839,0.3928895234,0.38650846448087495
IYOBAA_clean,IYOBAA_clean,7.42959,4.86526,7.42403,1.59483,1008.69,632.478,0.0,0.0,0.5194,0.325678,0.0,1,0.0008880687,0.1313783679,0.1328446373276245
IYOCOQ_clean,IYOCOQ_clean,8.6676,5.83377,8.6676,1.34426,1726.36,1284.24,0.0,0.0,0.6354,0.472675,0.0,0,0.0019216361,0.2641884267,0.2787551069743742
IYODAD_clean,IYODAD_clean,9.11936,6.31963,9.11936,1.11347,1733.11,1556.5,0.0,0.0,0.6578,0.590765,0.0,0,0.0022182298,0.3394876997,0.32592637531900104
IYOVUO_clean,IYOVUO_clean,4.91638,3.15658,4.90706,1.59623,0.0,0.0,1116.43,699.42,0.5128,0.321257,0.0,0,0.0013500937,0.1949256168,0.1971690779693753
IYUHUG_ion_b,IYUHUG_ion_b,9.1569,7.01562,9.1569,0.894019,1922.0,2149.85,0.0,0.0,0.6824,0.763294,0.0,0,0.0031389122,0.4502491033,0.4654183112783745
IZEBAR_clean,IZEBAR_clean,6.51824,4.42782,6.29573,1.10634,2352.12,2126.04,0.0,0.0,0.625,0.564928,0.0,1,0.0027328786,0.3900039262,0.3959523332720014
IZENEI_clean,IZENEI_clean,10.5915,5.77104,6.52601,1.2271,1126.31,917.867,613.387,499.868,0.6526,0.531824,0.0,0,0.0025913399,0.3700234627,0.37625990255162534
IZENUY_clean,IZENUY_clean,10.28405,5.66029,7.85884,0.907624,1488.62,1640.12,573.454,631.819,0.6758,0.744581,0.0,1,0.0037309743,0.5159105246,0.5329428312783766
IZIHOQ_clean,IZIHOQ_clean,7.0561,5.32108,7.05322,1.40869,1409.46,1000.55,0.0,0.0,0.555,0.393983,0.0,1,0.0015518224,0.2258123777,0.22717394818474942
IZOWAW_clean,IZOWAW_clean,18.94727,10.51321,18.93676,1.00603,1791.25,1780.51,0.0981256,0.0975376,0.7888,0.784073,0.0,1,0.0034661462,0.5037399231,0.4991230624279991
IZOWEA_clean,IZOWEA_clean,9.72623,7.72143,9.71631,1.42425,2106.67,1479.15,0.0,0.0,0.696,0.488679,0.0,1,0.0022354821,0.3262791735,0.32365233597575194
IZUMUM_clean,IZUMUM_clean,5.57902,4.64149,5.57902,1.29431,1246.48,963.048,0.0,0.0,0.5324,0.411338,0.0,0,0.0012274756,0.1774625531,0.18362493406874963
ja076167asi20070815_063752_clean,ja076167asi20070815_063752_clean,6.41846,5.04294,5.80487,0.848014,2489.2,2935.33,0.0,0.0,0.6344,0.748101,0.0,1,0.0032683761,0.4768719636,0.47369957262225043
ja202303b_si_002_clean,ja202303b_si_002_clean,5.59986,2.95061,5.58775,1.10274,0.0,0.0,254.38,230.68,0.434,0.393564,0.0,1,0.0008244248,0.1369573202,0.11844026479299974
ja203898s_si_004_clean,ja203898s_si_004_clean,9.14668,4.74188,9.0851,0.980647,1250.92,1275.61,461.53,470.638,0.6076,0.619591,0.0,0,0.0029030993,0.4047101215,0.41595987192599965
ja205976v_si_006_clean,ja205976v_si_006_clean,11.60788,10.85998,11.60788,1.12671,1551.48,1377.0,0.0,0.0,0.6348,0.563411,0.0,1,0.0028323862,0.4285769632,0.41317787922275195
ja4012707_si_003_clean,ja4012707_si_003_clean,5.77734,4.61223,5.7686,1.06481,2227.7,2092.11,0.0,0.0,0.671,0.630159,0.0,0,0.0027985485,0.4070984527,0.405023071344751
ja406030p_si_009_manual,ja406030p_si_009_manual,11.54376,6.59467,10.51794,0.708658,2222.43,3136.11,0.0,0.0,0.7352,1.03745,0.0,1,0.0044350943,0.6699506324,0.654905467756253
ja408959g_si_003_clean,ja408959g_si_003_clean,17.33749,14.32817,17.33749,0.750299,1914.17,2551.21,1.3371,1.78209,0.7272,0.969213,0.00026656,0,0.0042906462,0.6080681474,0.6228589742681275
ja500330a_si_007_auto,ja500330a_si_007_auto,19.46238,14.48757,19.44715,0.798895,1320.38,1652.76,18.6426,23.3354,0.7758,0.971091,0.000500691,0,0.0038794874,0.5885720125,0.5910239295696247
ja500330a_si_009_auto,ja500330a_si_009_auto,10.23354,4.21372,10.21937,1.02655,1874.68,1826.19,0.0,0.0,0.6604,0.643319,0.0,0,0.0023424981,0.3683936732,0.3440465698126247
ja512311a_si_007_auto,ja512311a_si_007_auto,11.3746,9.04299,10.93292,0.509598,2105.05,4130.81,0.0,0.0,0.8058,1.58125,0.0,0,0.005548791,0.93232862,0.9302202913203784
ja512437u_si_004_clean,ja512437u_si_004_clean,5.66299,4.65074,5.65798,1.30634,1428.94,1093.85,0.0,0.0,0.5386,0.412296,0.0,1,0.0015943005,0.2429111331,0.23222537950512506
ja5131269_si_003_clean,ja5131269_si_003_clean,10.97224,8.95533,10.97224,0.663582,2332.5,3515.02,0.0,0.0,0.7592,1.14409,0.0,0,0.004972347,0.755524732,0.7203254355398755
ja5b02777_si_004_clean,ja5b02777_si_004_clean,3.88001,2.63849,3.88001,1.4294,0.0,0.0,281.03,196.606,0.5078,0.355253,0.0,1,0.0009313206,0.1403543158,0.13544002538850022
ja5b02777_si_005_clean,ja5b02777_si_005_clean,3.98118,2.69809,3.98118,1.40941,0.0,0.0,378.826,268.784,0.5272,0.374058,0.0,1,0.0009620798,0.1524068031,0.14195300796649937
ja5b02999_si_004_clean,ja5b02999_si_004_clean,14.69185,13.06998,14.68941,0.678878,1913.08,2818.01,0.0,0.0,0.7962,1.17282,0.0,1,0.0053556973,0.7677304635,0.7754617390097479
ja907023c_si_001_clean,ja907023c_si_001_clean,9.61179,5.4202,9.50068,0.666698,1801.22,2701.7,393.55,590.296,0.69,1.03495,0.0,0,0.0048041645,0.6865770627,0.6936599818082493
ja907023c_si_004_clean,ja907023c_si_004_clean,9.71962,5.45923,9.49261,0.665822,1776.52,2668.16,388.062,582.832,0.695,1.04382,0.0,0,0.0047189576,0.687970446,0.6782089012089988
jacs.5b12516_ja5b12516_si_003_clean,jacs.5b12516_ja5b12516_si_003_clean,8.53606,6.74383,8.51304,1.39796,1816.6,1299.47,0.0,0.0,0.6282,0.44937,0.0,1,0.0016186541,0.2353079005,0.24301492015787363
jacs.5b12516_ja5b12516_si_004_clean,jacs.5b12516_ja5b12516_si_004_clean,8.49651,6.78307,8.47146,1.40015,1810.97,1293.41,0.0,0.0,0.6308,0.450522,0.0,1,0.0015724905,0.2321350747,0.2374304771370002
JADMAF_clean,JADMAF_clean,5.40649,3.68585,5.39971,1.18993,400.217,336.338,47.5494,39.9599,0.4748,0.399016,0.0,1,0.000757913,0.1177149541,0.11266466816474957
JAFPIQ_clean,JAFPIQ_clean,7.18163,6.66781,7.16788,1.29779,1736.11,1337.74,0.0,0.0,0.6626,0.51056,0.0,1,0.0016031357,0.2371366174,0.23861271706174936
JAJLAK_clean,JAJLAK_clean,5.43455,2.85461,4.90096,1.44974,0.0,0.0,800.127,551.911,0.504,0.347649,0.0,0,0.0010193938,0.1528283808,0.1514148061282505
JAKBUV_clean,JAKBUV_clean,5.57167,3.71325,5.56165,0.804799,1950.58,2423.69,0.0,0.0,0.669,0.831263,0.0,0,0.0027551353,0.4191400492,0.4206173950445002
JALLOA_clean,JALLOA_clean,21.13684,18.33831,21.13684,0.755302,1118.2,1480.46,7.09089,9.38816,0.8308,1.09996,0.00158877,1,0.0047231024,0.7033088157,0.6845820080308769
JASNAT_clean,JASNAT_clean,4.78374,3.98828,4.76573,1.2488,1042.64,834.91,0.0,0.0,0.5318,0.425847,0.0,0,0.0015644498,0.2064960971,0.22617565496900052
JAVTEG_clean,JAVTEG_clean,6.01685,3.69212,6.01685,1.47606,1556.57,1054.55,0.0,0.0,0.549,0.371936,0.0,0,0.0021743726,0.24062882,0.3037467007568741
JEDJUY_clean,JEDJUY_clean,5.0551,4.14906,5.0551,1.66961,1339.59,802.333,0.0,0.0,0.4474,0.267966,0.0,1,0.0013970552,0.2033923356,0.18779430667499997
JEDKEJ_clean,JEDKEJ_clean,11.82785,6.92938,11.82019,0.805938,1577.17,1956.93,0.028495,0.0353563,0.6606,0.819666,0.0,0,0.0030183871,0.4277016978,0.4354876153336237
JEJKIT_clean,JEJKIT_clean,5.10722,2.78845,5.05499,1.44221,0.0,0.0,723.272,501.504,0.45,0.312022,0.0,0,0.0008940704,0.1408135093,0.1310046743373756
JENKET_SL,JENKET_SL,12.8466,11.09496,12.83423,0.704786,1452.89,2061.46,0.0,0.0,0.6858,0.973062,0.0,1,0.0039041206,0.5947503563,0.574656328093253
JEYXOB_clean,JEYXOB_clean,4.25762,2.77868,4.15332,2.00793,0.0,0.0,498.807,248.419,0.42,0.209171,0.0,0,0.0007373269,0.1067820903,0.10862759110587472
j.ica.2016.05.002_2_clean,j.ica.2016.05.002_2_clean,7.92311,7.02117,7.40406,1.04215,1506.32,1445.4,0.0,0.0,0.5762,0.552895,0.0,1,0.002086207,0.3123427776,0.3078398446522491
j.inoche.2015.06.036_inc06102-mmc3_clean,j.inoche.2015.06.036_inc06102-mmc3_clean,4.50589,3.34598,4.50589,1.9208,295.09,153.629,144.568,75.2642,0.3866,0.20127,0.0,1,0.000644598,0.0936982926,0.09395908699825024
JIWKUW_clean,JIWKUW_clean,5.76283,3.39969,5.26559,1.43838,780.386,542.546,0.116548,0.0810275,0.4746,0.329955,0.0,1,0.0008713959,0.1329803564,0.12762122118875013
JIXWUJ02_clean,JIXWUJ02_clean,4.89442,3.8959,4.88243,1.64878,881.814,534.829,0.0,0.0,0.4588,0.278267,0.0,0,0.0007376852,0.1082449348,0.10982930703999971
JIXWUJ_clean,JIXWUJ_clean,4.9428,3.96901,4.93448,1.63196,890.669,545.765,0.0,0.0,0.469,0.287384,0.0,0,0.0008143278,0.112249512,0.11983983452987519
j.jssc.2015.05.012_mmc6_clean,j.jssc.2015.05.012_mmc6_clean,5.19284,3.47327,4.97212,1.17487,1114.95,948.996,0.0,0.0,0.5544,0.471883,0.0,1,0.0013751688,0.2085137964,0.2020254696585006
j.jssc.2016.09.008_mmc8_clean,j.jssc.2016.09.008_mmc8_clean,4.48976,3.77657,4.48976,1.63203,829.111,508.026,0.0,0.0,0.4792,0.293623,0.0,1,0.000823583,0.11977943,0.12428395433099991
JOJKUQ_clean,JOJKUQ_clean,18.63152,8.76045,18.62188,0.609363,1817.58,2982.76,0.0,0.0,0.7992,1.31153,0.0,0,0.0063409702,0.9030860261,0.9092481602375027
JOJLOK_clean,JOJLOK_clean,3.68436,2.87211,3.37819,2.10414,0.0,0.0,30.0716,14.2916,0.4164,0.197895,0.0,1,0.0004179675,0.0565338166,0.062358138139624916
JOKYIR_clean,JOKYIR_clean,5.00078,3.76275,4.99703,1.55706,710.679,456.424,0.0,0.0,0.5092,0.327027,0.0,1,0.000652922,0.0912432565,0.09598026565750023
JOKYOX10_clean,JOKYOX10_clean,4.99892,3.69875,4.99892,1.57161,677.229,430.914,0.0,0.0,0.5068,0.322472,0.0,1,0.0005665566,0.0879441004,0.08579643821712535
JOPWUI_clean,JOPWUI_clean,5.51252,3.28798,5.50625,1.46937,0.0,0.0,714.647,486.362,0.4756,0.323676,0.0,1,0.0008098361,0.1260421013,0.1184328315788751
JOQSOZ_clean,JOQSOZ_clean,6.10079,4.1274,6.09895,1.15948,1782.04,1536.94,0.0,0.0,0.5942,0.512473,0.0,1,0.001832043,0.2563542783,0.2623114531539997
JORRAL_clean,JORRAL_clean,6.90146,4.37137,6.90002,0.999683,1472.23,1472.69,0.0,0.0,0.5752,0.575382,0.0,1,0.0022556002,0.324178959,0.3275616783568745
JORSEQ_clean,JORSEQ_clean,4.96868,3.55075,4.83089,1.43147,797.865,557.376,0.0,0.0,0.4912,0.343145,0.0,1,0.0010683084,0.1598166241,0.1560031463554373
JOVXEZ_clean,JOVXEZ_clean,4.48882,3.73021,4.48882,1.13994,1278.34,1121.41,0.0,0.0,0.558,0.4895,0.0,1,0.0015131351,0.2120056924,0.22294865586600046
JUFREJ_clean,JUFREJ_clean,6.336,6.00289,6.33424,2.30777,537.799,233.038,0.0,0.0,0.3782,0.163881,0.0,1,0.0003982688,0.0585608341,0.0585706055514999
JUFZER_clean,JUFZER_clean,4.28524,2.88788,4.28524,1.87804,0.0,0.0,282.887,150.628,0.4414,0.235032,0.0,1,0.0005054745,0.0683086506,0.07575526617287469
JUGLAA_clean,JUGLAA_clean,4.55135,3.34716,4.55135,1.4234,344.591,242.09,115.328,81.0227,0.4036,0.283546,0.0,0,0.0007074594,0.1022335484,0.10427147515712522
JUJTAL_clean,JUJTAL_clean,5.88047,3.45324,5.88047,1.10464,953.649,863.311,0.0,0.0,0.5102,0.461869,0.0,1,0.0017588335,0.2476958593,0.25309063398450005
JUMDEC_clean,JUMDEC_clean,6.63074,6.11727,6.62182,1.03639,1700.67,1640.96,0.0,0.0,0.617,0.595335,0.0,0,0.0026779206,0.3884589717,0.3902143221126255
JUPBUT_clean,JUPBUT_clean,4.59351,3.07746,4.59253,1.47358,0.0,0.0,875.017,593.804,0.4954,0.336188,0.0,1,0.001189971,0.1780252562,0.17283686079650074
JUYROM_clean,JUYROM_clean,6.54798,4.58648,6.32354,0.991599,1825.87,1841.34,0.0,0.0,0.6014,0.606495,0.0,0,0.0026916338,0.390665523,0.38919832072474947
jz4002345_si_004_clean,jz4002345_si_004_clean,8.12994,4.03809,8.12994,1.2166,1662.07,1366.16,0.0,0.0,0.5922,0.486767,0.000164393,0,0.0019563925,0.282109497,0.28554503716524904
jz4002345_si_005_clean,jz4002345_si_005_clean,8.17701,3.85924,8.17701,1.11826,1495.8,1337.62,0.0,0.0,0.578,0.516876,0.00017885,0,0.0019588023,0.2938836977,0.28410080423687467
KAGWEW_clean,KAGWEW_clean,10.78843,9.81151,10.76706,1.6648,1720.66,1033.55,0.0,0.0,0.7082,0.425396,0.0,1,0.00186158,0.2671215445,0.27401287856187545
KAHKUB_clean,KAHKUB_clean,4.39885,2.69675,4.39711,0.991264,0.0,0.0,733.27,739.732,0.5264,0.531039,0.0,0,0.001497887,0.2260232702,0.21874081545775062
KAHYID_clean,KAHYID_clean,8.93039,4.11514,8.89727,1.11173,2249.06,2023.03,0.0,0.0,0.7014,0.630911,0.0,1,0.0026804653,0.3835537617,0.3901526593657503
KAKCAD_clean,KAKCAD_clean,9.06904,5.14285,6.93826,0.88724,1840.24,2074.12,0.0,0.0,0.6138,0.691809,0.0,1,0.0028755208,0.4318499697,0.4217960689503731
KAKCEH02_clean,KAKCEH02_clean,9.05571,8.66764,9.05571,1.03977,1417.11,1362.9,0.0,0.0,0.5874,0.564931,0.0,0,0.0022316272,0.326075409,0.32461841827237614
KALGAH_clean,KALGAH_clean,6.33471,4.78818,6.33036,0.937811,1809.34,1929.33,0.0,0.0,0.5982,0.637868,0.0,0,0.0025421884,0.3984023167,0.36986687541312535
KANMIX_clean,KANMIX_clean,9.77148,3.95127,9.76981,1.08328,1654.63,1527.42,0.0,0.0,0.6392,0.590057,0.0,1,0.0025238793,0.3711834152,0.366649198797375
KAPHOB_clean,KAPHOB_clean,4.89405,3.15092,4.20437,1.04092,0.0,0.0,1133.0,1088.46,0.5528,0.531068,0.0,1,0.0020153286,0.2720180433,0.28343260847775004
KARLUM_clean,KARLUM_clean,12.53415,7.4934,12.53415,0.637007,2138.43,3357.0,0.0,0.0,0.7386,1.15949,0.0,0,0.0052250959,0.7260853069,0.7572389397436262
KARTAA_clean,KARTAA_clean,6.20188,4.23592,5.30961,1.89212,1747.42,923.525,0.0,0.0,0.5718,0.3022,0.0,0,0.0012149984,0.1840095275,0.18146356386824983
KAVJEX01_clean,KAVJEX01_clean,9.52843,6.46475,9.52268,1.03139,1993.36,1932.71,0.0,0.0,0.6454,0.62576,0.0,0,0.0027720563,0.3773957031,0.40649360249450067
KAVJEX_clean,KAVJEX_clean,8.73636,5.24821,8.73636,1.1563,1804.89,1560.92,0.0,0.0,0.605,0.523221,0.0,0,0.0020197116,0.2869675741,0.29824503606974934
KAXFUM_clean,KAXFUM_clean,3.88937,3.01162,3.88937,1.95297,0.0,0.0,90.4635,46.3211,0.3548,0.181672,0.0,1,0.0003074739,0.0452648872,0.043938494872500095
KECRAL12_clean,KECRAL12_clean,6.84524,5.44973,6.84445,1.04937,2682.68,2556.47,0.0,0.0,0.7656,0.729579,0.0,1,0.0027634699,0.4083289173,0.4057338906554998
KEDJAG16_clean,KEDJAG16_clean,5.644,4.47445,5.6433,1.05807,3043.8,2876.74,0.0,0.0,0.6942,0.656098,0.0,0,0.0029300668,0.4108845129,0.417338615799124
KEDJAG18_clean,KEDJAG18_clean,5.65854,4.50803,5.65314,1.0548,3060.96,2901.94,0.0,0.0,0.6954,0.659272,0.0,0,0.002762292,0.408138199,0.40341657805762393
KEDJAG22_clean,KEDJAG22_clean,5.70452,4.56197,5.70452,1.04697,3123.81,2983.66,0.0,0.0,0.6974,0.666112,0.0,0,0.002680402,0.41517076,0.4001155365103753
KEDQAN_clean,KEDQAN_clean,6.47084,4.69781,6.47084,1.24227,903.446,727.254,0.0,0.0,0.4856,0.390897,0.0,0,0.0012256744,0.1732962115,0.1780407802810004
KEFBII_clean,KEFBII_clean,11.60551,5.69321,11.58639,0.756483,2453.14,3242.83,0.0,0.0,0.7332,0.969223,0.0,1,0.0045992797,0.68226553,0.6728053611160004
KEFWID_clean,KEFWID_clean,5.1885,3.70567,5.1885,1.78935,815.911,455.982,0.0,0.0,0.4748,0.265348,0.0,1,0.0007914483,0.1289681931,0.11528884289362465
KEGZOL01_clean,KEGZOL01_clean,6.43501,4.94371,6.43501,0.973544,2580.97,2651.11,0.0,0.0,0.724,0.743675,0.0,0,0.00287881,0.4107738045,0.4130315012049977
KEGZOL02_clean,KEGZOL02_clean,5.90632,4.48545,5.90632,0.991222,2611.36,2634.48,0.0,0.0,0.7042,0.710436,0.0,0,0.0027099357,0.3962843901,0.39994292242287505
KEHFUA_clean,KEHFUA_clean,4.97412,3.92327,4.96359,1.11198,578.781,520.497,332.856,299.337,0.5476,0.492456,0.0,1,0.0014086136,0.2038368983,0.20665255815649983
KETSEI_clean,KETSEI_clean,4.16945,3.27186,4.16351,2.05802,0.0,0.0,348.099,169.143,0.4232,0.205635,0.0,1,0.0004390666,0.0641725435,0.06420874688712523
KEXFIC10_clean,KEXFIC10_clean,4.89247,3.74563,4.89153,1.59304,659.951,414.272,0.0,0.0,0.4988,0.313112,0.0,1,0.0005711628,0.0839778201,0.08533741410275017
KEXPOU_clean,KEXPOU_clean,4.06064,2.7409,3.99156,1.33962,0.0,0.0,510.908,381.381,0.4994,0.372791,0.0,1,0.000860788,0.129133264,0.1292020902161249
KEYFUR_clean,KEYFUR_clean,5.43827,4.92439,5.43827,1.64151,456.158,277.889,0.0,0.0,0.4004,0.243921,0.0,1,0.0003796746,0.0575859158,0.05525919379562493
KEYMUY_clean,KEYMUY_clean,6.53351,5.26079,6.50691,1.20658,1362.71,1129.4,0.0,0.0,0.5562,0.460973,0.0,1,0.001971394,0.2958940828,0.2831511876247507
KEYYET_clean,KEYYET_clean,4.99758,4.16066,4.97856,2.73182,2341.44,857.098,0.0,0.0,0.6236,0.228273,0.0,1,0.0009127332,0.1281331597,0.1348289896383749
KIDDIM_clean,KIDDIM_clean,5.26498,3.54235,5.26498,1.46293,1254.88,857.787,0.054983,0.0375841,0.5414,0.370079,0.0,1,0.0014533849,0.2059572884,0.21321031854475092
KIDDOS_clean,KIDDOS_clean,5.1988,3.52628,5.1988,1.34479,1175.14,873.846,0.0,0.0,0.5262,0.391287,0.0,1,0.0015400952,0.2212957243,0.22491433865550017
KIFKEQ_clean,KIFKEQ_clean,5.10059,4.42412,5.07747,0.933293,1534.27,1643.94,0.0,0.0,0.5798,0.621241,0.0,1,0.0025640773,0.3762438801,0.37217425976287577
KIJRUS_clean,KIJRUS_clean,12.14192,7.10734,11.60914,0.697914,2309.15,3308.64,0.0,0.0,0.7064,1.01216,0.0,1,0.0048069534,0.6931788169,0.6999598185863765
KILJEV_clean,KILJEV_clean,3.8471,3.18487,3.8471,1.95946,0.0,0.0,152.458,77.8064,0.3714,0.189542,0.0,1,0.0003293423,0.0512239406,0.04937572344837499
KINPUU_clean,KINPUU_clean,5.05147,4.16271,5.05147,1.13092,540.779,478.177,0.321066,0.283899,0.472,0.41736,0.0,1,0.0009369857,0.1296065693,0.13698964510150044
KIPJOK_clean,KIPJOK_clean,7.22312,5.53705,7.21754,1.64475,1067.63,649.113,0.0,0.0,0.4574,0.278097,0.0,1,0.0010069188,0.144284809,0.14623181144825004
KIPJUQ_clean,KIPJUQ_clean,7.29399,6.9774,7.2828,1.83817,548.504,298.397,9.18351,4.99601,0.453,0.246441,0.0,1,0.0005884286,0.0857668247,0.08239993010249984
KIPZEQ_clean,KIPZEQ_clean,4.90958,4.0897,4.90138,1.27414,1102.16,865.023,0.0,0.0,0.4878,0.382847,0.0,1,0.0013202363,0.1930343804,0.18963702392375004
KIRFIA_clean,KIRFIA_clean,5.7578,4.65199,5.7578,1.02515,3140.54,3063.5,0.0,0.0,0.6918,0.674829,0.0,0,0.0028148881,0.4303503859,0.4130697839809996
KIXKOS_ion_b,KIXKOS_ion_b,8.14141,2.84709,8.12807,1.42721,0.0,0.0,964.191,675.577,0.4674,0.327492,0.0,1,0.0011698986,0.1703896183,0.16888059853949997
KIYMAI01_clean,KIYMAI01_clean,3.96338,2.94053,3.95389,1.3163,0.0,0.0,708.711,538.412,0.5024,0.381676,0.0,1,0.0015739383,0.2168638622,0.22868474899987523
KIYMEM01_clean,KIYMEM01_clean,4.08262,3.10639,4.06575,1.48391,0.0,0.0,715.022,481.85,0.5052,0.340452,0.0,1,0.0013557928,0.1917224479,0.1953845925985006
KIYTOD_clean,KIYTOD_clean,14.38752,6.75209,13.57035,0.794229,1901.95,2394.72,0.0,0.0,0.7144,0.899489,0.0,1,0.004185111,0.6040328895,0.6008952133927495
KOCCUC_clean,KOCCUC_clean,9.17407,6.81795,9.17407,1.04186,1636.71,1570.96,6.29699,6.044,0.6142,0.589525,0.0,1,0.0024155448,0.367289031,0.35304387813662585
KOHKIC_clean,KOHKIC_clean,9.61717,7.1473,9.61717,0.879264,1566.05,1781.09,99.4285,113.081,0.6478,0.736752,0.0,1,0.0030809921,0.4632159352,0.4357784976046241
KOHLIE_clean,KOHLIE_clean,6.85522,4.84816,6.83832,0.971676,1685.5,1734.63,0.0,0.0,0.5992,0.616666,0.0,1,0.0024352922,0.3370842524,0.3576387452087502
KOJZUF_clean,KOJZUF_clean,5.27662,4.93416,5.27372,1.16508,1131.52,971.191,0.0,0.0,0.5138,0.440998,0.0,1,0.0012582686,0.1929838502,0.18605193232612494
KOKSIO_clean,KOKSIO_clean,4.16651,3.04137,4.16031,1.2445,0.0,0.0,560.413,450.313,0.5102,0.409965,0.0,1,0.0010980787,0.1651140598,0.16002376647800015
KOMDAT_clean,KOMDAT_clean,8.28379,7.41139,8.23195,0.998413,1202.66,1204.57,0.0,0.0,0.5776,0.578518,0.0,0,0.0019205841,0.2863294857,0.27945918661887525
KOMGID_clean,KOMGID_clean,4.92265,3.16718,4.92265,1.29294,0.0,0.0,858.12,663.695,0.5374,0.415641,0.0,1,0.0013225157,0.1960371453,0.19713794716299973
KONCIA_clean,KONCIA_clean,4.36737,3.44948,4.36567,1.89084,688.357,364.048,0.0,0.0,0.4706,0.248884,0.0,0,0.0008137223,0.1151254891,0.11870115548062493
KOSJEJ_clean,KOSJEJ_clean,11.06598,9.80954,11.06598,1.1867,1573.29,1325.77,0.0,0.0,0.637,0.536783,0.0,1,0.0027068599,0.3926122641,0.3889887782847488
KOSKUA_clean,KOSKUA_clean,11.38797,10.70957,11.38797,1.17105,1531.31,1307.64,0.0,0.0,0.6356,0.542761,0.0,1,0.0026730242,0.4018921644,0.43217295972149783
KOSLAH_clean,KOSLAH_clean,11.4975,10.81891,11.4975,1.16812,1568.04,1342.37,0.0,0.0,0.638,0.546177,0.0,1,0.0027923397,0.4049480671,0.39789541902825015
KOSLOV_clean,KOSLOV_clean,11.06557,9.9584,11.06504,1.19415,1597.55,1337.81,0.0,0.0,0.6546,0.54817,0.0,1,0.0026628721,0.3912068021,0.39921651614674963
KOVJAI01_clean,KOVJAI01_clean,4.82969,3.81832,4.82273,1.56913,1845.61,1176.2,0.0,0.0,0.5908,0.376513,0.0,1,0.0014202138,0.2167736447,0.20411196310825006
KOZSOJ_clean,KOZSOJ_clean,5.58117,3.74612,5.58117,1.23312,326.732,264.964,0.0,0.0,0.4264,0.34579,0.0,0,0.0003668423,0.0537463635,0.05344917384912511
KUCDES_clean,KUCDES_clean,14.56646,4.11545,14.56646,0.750237,763.373,1017.51,570.594,760.551,0.617,0.822407,0.0,0,0.002578019,0.3718406268,0.37304986903025034
KUDMAY_clean,KUDMAY_clean,7.16272,5.01285,7.16272,1.93261,861.664,445.855,0.0,0.0,0.439,0.227154,0.0,0,0.0006981925,0.0995766277,0.10040503666475
KUFVAK_clean,KUFVAK_clean,6.38663,4.81205,6.34996,0.850503,2611.85,3070.95,0.0,0.0,0.6758,0.794589,0.0,1,0.0039317122,0.5676236941,0.5642994231173735
KUFVIS_clean,KUFVIS_clean,5.06056,3.06967,5.03691,1.19799,0.0,0.0,1123.03,937.421,0.5062,0.42254,0.0,1,0.0015527338,0.2200296134,0.22572794281500097
KUGCOF_clean,KUGCOF_clean,4.38737,3.36364,4.3863,2.84923,690.124,242.214,0.0,0.0,0.4418,0.155059,0.0,1,0.0005449615,0.0825692556,0.07896634977762515
KUJMEJ_clean,KUJMEJ_clean,4.61683,4.05372,4.60817,1.34015,2066.31,1541.85,0.0,0.0,0.6314,0.47114,0.0,1,0.0019591272,0.3078657819,0.29123189495612517
KULRIT_clean,KULRIT_clean,5.77631,3.79148,5.77631,1.4748,1923.58,1304.31,0.0,0.0,0.5954,0.403717,0.000135612,1,0.0017680181,0.2460175143,0.25490904151787497
KUNSUJ_clean,KUNSUJ_clean,17.88791,6.52688,17.88791,0.635531,1938.63,3050.41,0.0,0.0,0.7634,1.2012,0.0,1,0.0054354625,0.8116943541,0.7932867325321253
KUNWEW_clean,KUNWEW_clean,5.28786,3.80654,5.2803,1.47108,725.981,493.502,0.0,0.0,0.4468,0.303722,0.0,1,0.0007387104,0.1103822703,0.10938109041900028
KUTDAG_clean,KUTDAG_clean,8.09572,7.27616,7.85826,1.05444,1387.54,1315.9,115.306,109.353,0.5816,0.551571,0.0,1,0.0019838491,0.2992509715,0.2968258128778757
KUVYAD_clean,KUVYAD_clean,7.7679,4.64075,7.76059,0.97417,2004.06,2057.19,0.0,0.0,0.6464,0.663539,0.0,1,0.0028711881,0.4212426494,0.42009454635650106
KUXLUL_clean,KUXLUL_clean,5.74302,5.27685,5.74302,1.21834,2265.85,1859.79,0.0,0.0,0.629,0.516277,0.0,1,0.0023921023,0.362615139,0.34773802590062497
LABQAI_clean,LABQAI_clean,5.3891,3.9099,5.3891,1.74433,460.911,264.234,0.0,0.0,0.4348,0.249265,0.0,1,0.0003402033,0.0519369602,0.049674784917375155
LADHEF_clean,LADHEF_clean,6.83841,4.27158,6.82898,1.16057,1697.89,1462.98,0.0,0.0,0.622,0.535943,0.0,1,0.0022748289,0.3252498498,0.4505358419675018
LAFRAN_manual,LAFRAN_manual,12.74626,5.01226,12.74368,0.72706,1886.16,2594.23,0.0,0.0,0.6866,0.944351,0.0,0,0.0040220151,0.6039203703,0.5769219469113733
LAFRER_manual,LAFRER_manual,13.05445,5.12975,13.05445,0.705732,1930.45,2735.39,0.0,0.0,0.696,0.986211,0.0,0,0.004395337,0.6295281394,0.6352234212817512
LAGBUS_clean,LAGBUS_clean,7.74875,6.13477,7.74875,1.18661,1504.44,1267.85,0.0,0.0,0.5684,0.479013,0.0,1,0.0015930119,0.2559746195,0.23909407039062514
LAGNEO_clean,LAGNEO_clean,5.27906,4.62985,5.27848,1.04928,1875.68,1787.59,0.0,0.0,0.62,0.590882,0.0,1,0.0024268756,0.3625640576,0.3571566959167505
LAGNOY_clean,LAGNOY_clean,7.14061,4.94756,7.14061,1.20532,1458.34,1209.92,0.0,0.0,0.5588,0.463613,0.0,1,0.0020517565,0.3070733656,0.29494972229349925
LAGNUE_clean,LAGNUE_clean,5.28866,4.84747,5.2531,1.29946,1308.25,1006.77,0.0,0.0,0.533,0.410171,0.0,1,0.0016517676,0.2506894341,0.24618606246287558
LAGQOB_clean,LAGQOB_clean,4.89671,3.9272,4.87864,1.32887,1753.02,1319.17,0.0,0.0,0.599,0.450758,0.0,1,0.0018774428,0.2697137291,0.27288412816837443
LAGVOG_clean,LAGVOG_clean,7.38705,6.71212,7.38296,0.935187,2320.11,2480.9,0.0,0.0,0.6728,0.719428,0.0,1,0.0031655916,0.4886631254,0.46696211163712564
LAHVAU_clean,LAHVAU_clean,7.77112,5.22128,7.77112,1.02459,1747.86,1705.92,54.8522,53.5358,0.6324,0.617222,0.0,1,0.0025405187,0.3726938888,0.3711106980521236
LAKFIN_clean,LAKFIN_clean,8.38907,7.72449,8.38907,1.20127,2069.83,1723.03,0.0,0.0,0.6742,0.561239,0.0,0,0.0022823954,0.3259974338,0.33703928701124924
LAMGUB_clean,LAMGUB_clean,4.96165,3.84451,4.96165,1.56907,690.851,440.295,0.0,0.0,0.504,0.32121,0.0,1,0.0005773043,0.087763309,0.08605444404950031
LASRAB_clean,LASRAB_clean,10.22208,8.47748,10.22208,0.840267,2115.15,2517.24,0.0,0.0,0.7808,0.929228,0.0,1,0.0039203236,0.599496903,0.5654598051863728
LASWEJ_clean,LASWEJ_clean,7.10977,4.83707,7.10977,1.05149,1683.85,1601.39,0.0,0.0,0.578,0.549695,0.0,1,0.002344829,0.331146835,0.3398271611050003
LASYOU_clean,LASYOU_clean,10.05429,4.94116,10.05429,0.926612,2320.72,2504.52,0.0,0.0,0.6828,0.736878,0.0,1,0.0037529435,0.5279871811,0.5496694276476274
LAWFUN_clean,LAWFUN_clean,6.89842,3.95926,6.89842,1.2173,1168.89,960.232,0.0,0.0,0.5192,0.426519,0.0,1,0.0015191415,0.228459747,0.22135493727912522
LAWGAS_clean,LAWGAS_clean,15.0923,7.9386,15.0599,0.589907,2234.12,3787.24,0.0,0.0,0.812,1.37649,0.0,0,0.006385108,0.9031372342,0.9132275711346273
LAXGOH03_clean,LAXGOH03_clean,3.45581,2.63965,3.44857,2.00531,0.0,0.0,23.6484,11.7929,0.4998,0.249239,0.0,1,0.000692709,0.102311742,0.10337988187137487
LAXJAX_clean,LAXJAX_clean,12.82983,5.12034,12.75758,0.7175,1929.2,2688.78,0.0,0.0,0.678,0.944947,0.0,0,0.0043143332,0.6133502701,0.6134704290913796
LAYGAV_clean,LAYGAV_clean,6.45802,4.57521,6.44061,1.03521,1472.0,1421.94,0.0,0.0,0.5658,0.546558,0.0,0,0.0020707901,0.3050390715,0.3047715432021239
LAZKUU_clean,LAZKUU_clean,6.24874,4.05552,6.23411,0.996458,1522.19,1527.6,0.0,0.0,0.5832,0.585273,0.0,0,0.0020792045,0.3123614815,0.304921746620249
LAZXOB_clean,LAZXOB_clean,9.34691,6.36719,9.34691,1.04439,1784.83,1708.97,0.0,0.0,0.6322,0.605329,0.0,1,0.0025551368,0.3808609477,0.3738915895621249
LECHUX_clean,LECHUX_clean,4.66634,2.72011,4.62729,2.83999,0.0,0.0,341.431,120.222,0.483,0.170071,0.0,1,0.0003728798,0.0534038353,0.05585856595087491
LEDPIU_clean,LEDPIU_clean,4.54615,3.26956,4.38676,1.31264,0.0,0.0,520.868,396.808,0.4608,0.351047,0.0,1,0.0007017646,0.1059345642,0.1045878183237502
LERNEC01_clean,LERNEC01_clean,4.91469,2.64138,4.91469,1.77237,0.0,0.0,534.292,301.456,0.4094,0.23099,0.0,0,0.0006051691,0.0906343818,0.0883929021363751
LEVDIB_clean,LEVDIB_clean,12.81022,4.05785,12.67653,0.771367,2135.54,2768.51,0.0,0.0,0.6982,0.905146,0.0,1,0.0039750873,0.6036387742,0.5788520328500009
LEVLEF_clean,LEVLEF_clean,20.18098,6.8654,20.18098,0.883011,1005.98,1139.26,176.505,199.889,0.6154,0.696933,0.0,1,0.0030047263,0.4470507884,0.43429858482687456
LEVNOQ_clean,LEVNOQ_clean,5.91307,3.93225,5.91307,0.947393,1555.93,1642.33,0.0,0.0,0.5826,0.614951,0.0,1,0.0026110677,0.3811422283,0.3755869299345013
LEWMUX_clean,LEWMUX_clean,9.4187,3.8157,9.4187,1.15388,1572.68,1362.95,0.0,0.0,0.5946,0.515306,0.0,1,0.0021922403,0.312355916,0.3151407626723761
LEYQUD_clean,LEYQUD_clean,9.49015,4.11988,9.48875,1.0718,2134.49,1991.5,0.0,0.0,0.699,0.652175,0.0,1,0.002795776,0.400427383,0.4053938589955024
LIBQIY_clean,LIBQIY_clean,9.48211,4.09783,9.48211,1.10251,2123.81,1926.34,0.0,0.0,0.703,0.637636,0.0,1,0.0025507605,0.3833496078,0.3748034719973745
LICKAL_clean,LICKAL_clean,4.46919,3.89223,4.46919,1.80004,671.763,373.194,1.29095,0.717177,0.4414,0.245217,0.0,1,0.0007428042,0.1065629965,0.10888088260174976
LIKFOB_clean,LIKFOB_clean,4.37966,3.37801,4.37966,1.5872,928.456,584.966,0.0,0.0,0.5234,0.329764,0.0,1,0.0012633358,0.1838219393,0.18393287378150003
LIPQOR_clean,LIPQOR_clean,9.96385,4.33568,9.96385,0.897942,1931.52,2151.05,198.042,220.551,0.6648,0.74036,0.0,1,0.0029389917,0.4239971929,0.6064515249596247
LIQDAS_clean,LIQDAS_clean,12.80393,5.86346,12.80393,0.732254,1996.94,2727.12,0.0,0.0,0.725,0.990093,0.0,1,0.004520082,0.6459035116,0.6566967795748725
LIRNOR_clean,LIRNOR_clean,5.98787,3.62357,5.98787,1.13373,1270.63,1120.75,0.0,0.0,0.5214,0.459897,0.0,0,0.0016831177,0.2490136542,0.24788585645500055
LITCUO_clean,LITCUO_clean,5.34738,3.24586,5.34067,1.05342,0.0,0.0,1060.75,1006.96,0.5662,0.537486,0.0,1,0.0017172625,0.2517507116,0.25358369173074885
LIWVIY_clean,LIWVIY_clean,5.89138,4.8352,5.89138,1.26516,1787.77,1413.07,0.0,0.0,0.6376,0.503967,0.0,1,0.0017714848,0.2762391872,0.2604526297441253
LIXMIQ_clean,LIXMIQ_clean,4.31411,2.60375,4.31411,1.77037,0.0,0.0,255.594,144.373,0.3774,0.213176,0.0,0,0.0005633566,0.0763451183,0.08316804352112497
LIXWAR01_clean,LIXWAR01_clean,5.58762,3.9288,5.58762,1.07311,1360.46,1267.78,0.0,0.0,0.5636,0.525205,0.0,1,0.0021762234,0.3154578093,0.31305491086925097
LIXWEV_clean,LIXWEV_clean,5.08233,3.24401,5.02865,1.80159,0.0,0.0,867.395,481.461,0.498,0.276423,0.0,1,0.0011647581,0.1646073295,0.16414257928137496
LIXXAS_clean,LIXXAS_clean,6.60705,5.3683,6.60705,1.11648,2145.98,1922.1,0.0,0.0,0.6524,0.584335,0.0,1,0.00256428,0.3771391431,0.37698446312549877
LOFVIN_clean,LOFVIN_clean,6.31143,3.36538,6.30575,1.23786,664.218,536.584,0.819265,0.661837,0.4796,0.387442,0.0,1,0.0010036429,0.147591107,0.14446640821925016
LOFVUY01_clean,LOFVUY01_clean,8.11285,4.66596,8.11285,1.07811,1882.69,1746.29,0.0,0.0,0.6276,0.582131,0.0,1,0.0023160749,0.3373181098,0.3399320978736242
LOFVUY_clean,LOFVUY_clean,8.04365,4.63845,8.04358,1.07811,1889.15,1752.28,0.0,0.0,0.626,0.580647,0.0,1,0.0023575867,0.3329729646,0.34615433376600035
LOFZUB_clean,LOFZUB_clean,8.36948,3.5655,8.36948,1.45872,1389.79,952.749,0.0,0.0,0.549,0.376358,0.0,0,0.0026692336,0.2507087001,0.521564142599375
LOLQIM_clean,LOLQIM_clean,4.98566,2.73336,4.98566,1.79928,0.0,0.0,762.52,423.793,0.516,0.286782,0.0,1,0.0011281003,0.1737829054,0.16434477777750056
LOMMIL_clean,LOMMIL_clean,5.4461,2.68608,5.4461,1.51016,0.0,0.0,162.546,107.635,0.4028,0.266727,0.0,0,0.0003123578,0.0437530048,0.049600020657749926
LONVAN_clean,LONVAN_clean,10.90817,9.80221,10.908,1.08454,1586.63,1462.95,0.0,0.0,0.6414,0.591401,0.0,1,0.0029004984,0.4066143858,0.422911429820126
LOQSEQ_clean,LOQSEQ_clean,4.56007,2.72619,4.52807,1.27817,0.0,0.0,348.284,272.485,0.4612,0.360827,0.0,0,0.0006978855,0.1040270876,0.10334570935887477
LOSXIC_clean,LOSXIC_clean,6.03462,5.83771,6.03429,1.10745,2163.31,1953.42,0.0,0.0,0.6146,0.554971,0.0,0,0.0026811021,0.3930726135,0.38792179858974973
LOXWEC_clean,LOXWEC_clean,7.26238,6.47995,7.26238,1.2744,1043.86,819.095,0.0,0.0,0.5004,0.392655,0.0,0,0.0012156627,0.1698464607,0.17825999113112534
LOZSAW02_clean,LOZSAW02_clean,4.27216,2.64931,4.20411,1.02738,0.0,0.0,627.135,610.42,0.5042,0.490762,0.0,0,0.0013341767,0.1935048053,0.2015205942463745
LUCDAO_clean,LUCDAO_clean,8.53408,6.05824,8.194,0.856034,2292.36,2677.89,0.0,0.0,0.7178,0.838519,0.0,1,0.0038134665,0.5559639311,0.560235652936252
LUDCUK_clean,LUDCUK_clean,6.13722,3.87042,6.049,1.49949,788.964,526.155,0.0,0.0,0.4632,0.308905,0.0,1,0.0010690387,0.1661013942,0.15436689276550006
LUDKOM_clean,LUDKOM_clean,6.72845,4.30181,6.72845,1.47246,871.523,591.883,0.0,0.0,0.4702,0.31933,0.0,1,0.0012720032,0.1816504187,0.18153883282412508
LUDKUS_clean,LUDKUS_clean,6.94763,4.22525,6.94763,1.5606,819.909,525.382,0.0,0.0,0.4464,0.286044,0.0,1,0.0011552291,0.1793441306,0.16752826221687464
LUFNAC03_clean,LUFNAC03_clean,7.68055,5.84066,7.66172,1.02599,1463.18,1426.13,0.0,0.0,0.565,0.55069,0.0,1,0.002470863,0.3641373267,0.3626927630173742
LUFNAC04_clean,LUFNAC04_clean,7.6755,5.87796,7.66911,1.02659,1461.4,1423.54,0.0,0.0,0.5658,0.551143,0.0,1,0.0027249967,0.3669562891,0.3918440057662497
LUFQUZ01_clean,LUFQUZ01_clean,4.13433,3.66293,4.13433,1.49707,741.631,495.388,0.0,0.0,0.4688,0.313145,0.0,1,0.0011340948,0.1682415025,0.16319705371150003
LUJBAV_clean,LUJBAV_clean,4.98599,3.44797,4.98599,1.46601,380.372,259.461,0.0,0.0,0.3928,0.267938,0.0,1,0.000585573,0.080126248,0.08419285668950019
LULXEW_clean,LULXEW_clean,3.97553,2.95293,3.94955,1.41342,0.0,0.0,208.526,147.532,0.3786,0.26786,0.0,1,0.0008080467,0.122322894,0.11750716314262499
LUMYOJ_clean,LUMYOJ_clean,5.98976,4.51852,5.98976,1.3118,1973.17,1504.17,0.0,0.0,0.6186,0.471565,0.0,1,0.0018903122,0.2953261648,0.2792044956771254
LUPYAX_clean,LUPYAX_clean,7.54991,6.34934,7.53102,1.01424,2199.81,2168.93,0.0,0.0,0.6806,0.671046,0.0,1,0.0029217841,0.4164713874,0.417786544014126
LUSHOX01_clean,LUSHOX01_clean,5.25442,4.88912,5.25442,1.20931,1317.3,1089.3,0.0,0.0,0.5332,0.440913,0.0,1,0.0019037096,0.2691649038,0.27685765514312444
LUSJIT_clean,LUSJIT_clean,6.09975,5.42401,6.09669,1.18953,1257.58,1057.21,0.0,0.0,0.5236,0.440174,0.0,0,0.0017504619,0.2470117796,0.2555216949692496
LUYHAP_clean,LUYHAP_clean,12.05622,6.74493,12.05603,0.618537,2287.3,3697.93,0.0,0.0,0.7716,1.24746,0.0,1,0.0057220541,0.8799082193,0.8410785891460018
MABCUQ_clean,MABCUQ_clean,5.37255,3.56877,5.37255,1.53414,1466.89,956.165,0.0,0.0,0.6184,0.403092,0.0,1,0.0012643261,0.1884820949,0.1888082278992494
MABJUV_clean,MABJUV_clean,4.72309,3.67608,4.72309,1.52978,599.848,392.114,0.0,0.0,0.4106,0.268405,0.0,0,0.0005175038,0.078697643,0.07714562496174977
MABKEG_clean,MABKEG_clean,4.96705,4.29241,4.96705,1.47907,598.033,404.332,0.0,0.0,0.4092,0.276661,0.0,0,0.0005650064,0.0825128076,0.0855844091972505
MADVUJ_clean,MADVUJ_clean,5.32382,4.69426,5.32382,1.65668,675.478,407.729,0.0,0.0,0.418,0.252311,0.0,0,0.0005558509,0.0893209682,0.08510307908962511
MAGNEQ_clean,MAGNEQ_clean,5.32617,4.14354,5.3111,1.10004,2360.03,2145.41,0.0,0.0,0.6692,0.608342,0.0,1,0.0021184078,0.3264066771,0.3205745403517487
MAGVOG16_clean,MAGVOG16_clean,3.75593,3.07694,3.75593,1.78283,0.0,0.0,198.818,111.518,0.535,0.300085,0.0,1,0.0003820205,0.0514801578,0.057511377086375125
MAGVOG21_clean,MAGVOG21_clean,3.83389,3.09337,3.83389,1.7741,0.0,0.0,254.608,143.514,0.5378,0.30314,0.0,1,0.000406827,0.0550026845,0.06337346006387493
MAGVOG24_clean,MAGVOG24_clean,3.55679,3.00895,3.55679,1.80787,0.0,0.0,68.4325,37.8524,0.5242,0.289954,0.0,1,0.0003274461,0.039659021,0.047532521686375
MAGVOG31_clean,MAGVOG31_clean,3.66117,3.04425,3.66117,1.79247,0.0,0.0,133.111,74.261,0.5302,0.295793,0.0,1,0.0003191773,0.0463055163,0.04716012110549992
MAGVOG33_clean,MAGVOG33_clean,3.71052,3.06345,3.71052,1.78767,0.0,0.0,164.762,92.1656,0.532,0.297593,0.0,1,0.0003324074,0.049149998,0.04927807062949998
MAKFIQ_clean,MAKFIQ_clean,8.56724,6.92833,8.56724,1.27671,1511.52,1183.92,0.0,0.0,0.5678,0.444738,0.0,0,0.0019593368,0.2805746344,0.2839067059867499
MALSEA_clean,MALSEA_clean,16.90358,16.82254,16.90358,0.671459,1350.93,2011.93,0.0,0.0,0.767,1.14229,0.0,1,0.005370295,0.7900575374,0.7812866682281201
MANDUD_clean,MANDUD_clean,8.1447,5.93208,8.1447,0.901348,2323.1,2577.36,0.0,0.0,0.6668,0.739781,0.0,1,0.0031512401,0.4693541713,0.4628152948305
MAPCUE_clean,MAPCUE_clean,5.3952,3.72256,5.3952,1.47049,1163.8,791.435,0.0,0.0,0.504,0.342742,0.0,0,0.0013117543,0.1858670706,0.18999024044987425
MAPHAP_clean,MAPHAP_clean,4.44624,2.68084,4.43788,1.52115,0.0,0.0,517.818,340.412,0.5052,0.332117,0.0,1,0.0009834357,0.1491296015,0.14236559833574947
MAQBEO_clean,MAQBEO_clean,9.00352,4.63709,9.00352,0.93614,1838.21,1963.61,22.2471,23.7647,0.63,0.672976,0.0,1,0.0027671336,0.3994103712,0.40362419376012476
MAQRAA_clean,MAQRAA_clean,6.97366,6.05295,6.96579,1.20561,1541.67,1278.75,0.0,0.0,0.5886,0.488218,0.0,1,0.0020540142,0.3096979432,0.298609643034749
MARXEK_clean,MARXEK_clean,6.80849,6.42208,6.80849,1.6895,1568.88,928.61,0.0,0.0,0.5668,0.335485,0.0,0,0.0015467092,0.2409158848,0.22579388696049893
MASZOX_clean,MASZOX_clean,6.20608,3.81259,6.16409,1.48643,1158.39,779.31,0.0,0.0,0.5192,0.349294,0.0,1,0.0011803781,0.1696307565,0.17136600909425023
MATBAM_clean,MATBAM_clean,7.54049,4.88112,7.54049,1.17286,1649.01,1405.98,0.0,0.0,0.5866,0.500147,0.0,1,0.0018970993,0.274439096,0.2808129016971258
MAVNUU_manual,MAVNUU_manual,7.52328,6.25675,7.49475,1.00896,1346.7,1334.73,0.0,0.0,0.5494,0.544519,0.0,1,0.0021802846,0.3201005441,0.3178652640957502
MAZYER_clean,MAZYER_clean,4.43636,3.24332,4.39078,1.94597,0.0,0.0,377.647,194.066,0.3434,0.176467,0.0,0,0.0007272046,0.1024330371,0.10538037865200056
MEBMEM01_clean,MEBMEM01_clean,4.99521,4.76904,4.99521,2.65468,694.411,261.58,0.0,0.0,0.4228,0.159266,0.0,1,0.0003281249,0.0490144004,0.04911989341399996
MECVOG_clean,MECVOG_clean,10.72106,2.6119,10.72106,1.16476,0.0,0.0,1792.47,1538.92,0.6812,0.584841,0.0,0,0.0028468196,0.3999021748,0.40970820201125085
MECWIB_clean,MECWIB_clean,7.68734,5.08903,7.68734,1.09108,1654.78,1516.65,0.0,0.0,0.567,0.51967,0.0,0,0.0020026247,0.2978471508,0.2983135681368744
MEFJOY_clean,MEFJOY_clean,13.35543,4.52002,13.28243,0.978068,2208.16,2257.67,0.0,0.0,0.6982,0.713857,0.0,1,0.003397726,0.4709230327,0.4930084569728768
MEJMOE_clean,MEJMOE_clean,13.36085,7.20564,12.38159,0.61631,2232.14,3621.79,0.0,0.0,0.8056,1.30713,0.0,0,0.0058848921,0.8495370227,0.8638627949581263
METYIU_clean,METYIU_clean,7.46107,4.86322,7.46107,1.31027,1231.65,939.995,0.0,0.0,0.5398,0.411977,0.0,0,0.0011881078,0.1901881809,0.1770980129971249
MEXDAU01_clean,MEXDAU01_clean,4.5761,2.91188,4.55805,1.87887,0.0,0.0,615.485,327.583,0.534,0.284214,0.0,0,0.0011142685,0.1578340483,0.16416291287174978
MIDRAT_clean,MIDRAT_clean,4.2048,3.33834,4.2048,1.26356,437.101,345.929,0.0,0.0,0.4452,0.352339,0.0,0,0.0008451387,0.1247238942,0.12367889474649935
MIFQOJ_clean,MIFQOJ_clean,7.14805,6.39591,7.14805,1.06573,1037.76,973.749,0.0,0.0,0.5254,0.492994,0.0,0,0.0014931334,0.2197123191,0.22006317424250027
MIFSAX_clean,MIFSAX_clean,6.24449,5.77613,6.24449,1.46696,557.647,380.138,84.3149,57.4759,0.4544,0.309756,0.0,1,0.0008002427,0.1125908202,0.11472002580562556
MIHBAG_clean,MIHBAG_clean,4.75314,2.85432,4.75267,1.28353,0.0,0.0,893.71,696.292,0.4942,0.385033,0.0,0,0.0010831474,0.165322443,0.1603652837671249
MIHHOA_clean,MIHHOA_clean,4.98547,3.21821,4.97786,1.3146,0.0,0.0,432.547,329.033,0.4352,0.331052,0.0,0,0.0007545508,0.1100635592,0.10933902593850027
MIHLIZ_clean,MIHLIZ_clean,5.21862,3.52165,5.21802,1.34387,724.016,538.756,0.0,0.0,0.4324,0.321758,0.0,1,0.0007597571,0.111124946,0.11018922330750026
MIHMEW_clean,MIHMEW_clean,5.92563,3.03678,5.91912,1.47186,0.0,0.0,1150.73,781.822,0.5146,0.349626,0.0,1,0.0012292597,0.18086284,0.18061770952337464
MIMDAP_clean,MIMDAP_clean,4.29213,2.89437,4.27689,1.96346,0.0,0.0,327.4,166.746,0.4194,0.213602,0.0,1,0.0003398381,0.0518149217,0.05297877389737496
MIMKIE_clean,MIMKIE_clean,5.77879,3.6694,5.74168,1.1744,1435.84,1222.62,0.0,0.0,0.5446,0.463725,0.0,1,0.0019338276,0.2844825643,0.2823387517637503
MIMSOS_clean,MIMSOS_clean,11.1144,9.75442,11.1107,0.986032,1267.43,1285.39,0.0,0.0,0.613,0.621683,0.0,1,0.0023667737,0.3581648374,0.3473734474706244
MINCUJ_clean,MINCUJ_clean,12.01283,7.57315,11.94291,0.692877,2023.51,2920.44,0.0,0.0,0.7558,1.09081,0.0,1,0.0052384129,0.7704987511,0.7542081988848764
MINVOU01_clean,MINVOU01_clean,6.55615,6.26734,6.55615,1.05162,1586.57,1508.69,0.0,0.0,0.6118,0.581771,0.0,0,0.0024589428,0.3532511082,0.35990461312837674
MISQIQ03_clean,MISQIQ03_clean,4.25302,4.08852,4.25302,2.07032,582.277,281.249,0.0,0.0,0.3888,0.187797,0.0,0,0.0011770727,0.0851216953,0.09815777573437527
MISQIQ07_clean,MISQIQ07_clean,4.23855,4.07782,4.23855,2.08216,622.195,298.822,0.0,0.0,0.3756,0.18039,0.0,0,0.0012232755,0.0841093184,0.11111661726849931
MISQIQ_clean,MISQIQ_clean,4.24107,4.07806,4.24107,2.08195,577.159,277.221,0.0,0.0,0.3898,0.187228,0.0,0,0.0012069316,0.0837610683,0.10752659889062482
MIVNUB_clean,MIVNUB_clean,3.84269,3.06229,3.84269,2.32973,0.0,0.0,96.5125,41.4265,0.3776,0.162079,0.0,1,0.0003138817,0.0450087625,0.045858955891875254
MIVWAR_clean,MIVWAR_clean,5.82094,2.89057,5.82094,1.07961,0.0,0.0,844.633,782.353,0.5288,0.489809,0.0,1,0.0014635555,0.2204722342,0.21803508792974996
MIZKOW_clean,MIZKOW_clean,3.8316,3.43471,3.8316,1.99445,193.651,97.0949,0.0,0.0,0.3706,0.185815,0.0,1,0.00029126,0.043003235,0.04356645036450006
MOGMIE_clean,MOGMIE_clean,4.37886,2.72877,4.37886,1.80616,0.0,0.0,176.203,97.5566,0.4044,0.2239,0.0,1,0.0003738717,0.0635220131,0.05561457370625011
MOJJUR_clean,MOJJUR_clean,4.35468,3.08683,4.35468,1.31606,0.0,0.0,385.999,293.298,0.4966,0.377337,0.0,1,0.0008758674,0.1296816873,0.1317194706196252
MOYMET_clean,MOYMET_clean,9.12886,8.44595,9.12886,1.00188,1110.93,1108.85,0.0,0.0,0.56,0.558951,0.0,1,0.0019980131,0.2883659065,0.28935609190087513
MOYNIY_clean,MOYNIY_clean,4.76569,4.12526,4.76569,1.26221,800.094,633.883,4.17361,3.30659,0.4918,0.389634,0.0,1,0.0009562677,0.1410204821,0.14215584628675043
MUDLON_clean,MUDLON_clean,10.7008,8.31199,10.7008,0.628411,1977.63,3147.04,0.0,0.0,0.7012,1.11583,0.0,1,0.0048271095,0.7009370118,0.6944649008504978
MUGFOK_clean,MUGFOK_clean,5.96918,4.1656,5.96918,1.0315,1325.72,1285.24,0.0,0.0,0.5408,0.524287,0.0,0,0.0016204666,0.2335881587,0.2377902441761248
MUHPOV_clean,MUHPOV_clean,4.89496,3.08305,4.877,2.10953,0.0,0.0,681.316,322.971,0.4862,0.230478,0.0,0,0.0011012697,0.162687167,0.15926441281487483
MUJPUE_clean,MUJPUE_clean,6.48776,3.37947,6.26169,1.39952,638.17,455.993,39.2954,28.0779,0.4824,0.34469,0.0,0,0.001073379,0.1503847535,0.15412159756600025
MULSER_clean,MULSER_clean,6.43873,5.71769,6.32596,3.20394,1423.73,444.368,0.0,0.0,0.5564,0.173661,0.0,1,0.0008137516,0.1187407965,0.11836671262887485
MULXOH_clean,MULXOH_clean,5.40379,4.11586,5.39113,1.20876,1724.57,1426.72,0.0,0.0,0.5842,0.483303,0.0,1,0.0018482115,0.2652597753,0.2685714873161247
MUNLUE_clean,MUNLUE_clean,8.36355,6.76783,8.36355,1.33052,1528.86,1149.07,0.0,0.0,0.5564,0.418184,0.0,0,0.0018480762,0.2650220968,0.2666726044158762
MUNNUF_clean,MUNNUF_clean,7.33223,5.00492,7.33223,0.937356,1880.0,2005.64,0.0,0.0,0.6136,0.654607,0.0,1,0.0027464621,0.4085281125,0.3976098650197503
MUNPER_clean,MUNPER_clean,7.09681,5.52234,7.09517,0.917986,1955.18,2129.86,0.0,0.0,0.6202,0.675609,0.0,0,0.0028570579,0.4286608012,0.4208555599962468
MUSSIE_clean,MUSSIE_clean,8.74352,7.39002,8.74352,1.23265,727.688,590.344,539.668,437.811,0.5772,0.468259,0.0,0,0.0018795759,0.2778322752,0.27498518247812576
MUTDIQ_clean,MUTDIQ_clean,8.28155,3.70267,8.27208,0.907108,1694.67,1868.21,61.3387,67.62,0.6404,0.70598,0.0,1,0.0028681705,0.4010139854,0.4198086360049988
MUVHAN_clean,MUVHAN_clean,5.19525,3.68882,5.00213,0.984437,787.185,799.629,502.322,510.263,0.5542,0.562961,0.0,0,0.0023039095,0.3288373432,0.33432873851587463
MUVNEX_clean,MUVNEX_clean,5.38689,3.95895,5.38689,2.21744,1372.1,618.775,0.0,0.0,0.5208,0.234865,0.0,1,0.000950899,0.137989763,0.13704539388775078
MUZVUA_clean,MUZVUA_clean,6.29282,4.92678,6.2328,1.05196,1843.91,1752.83,0.0,0.0,0.6012,0.571503,0.0,1,0.002241313,0.3307111422,0.3337705268845
NABNUA_clean,NABNUA_clean,4.40845,2.88021,4.35445,1.43562,0.0,0.0,313.389,218.296,0.451,0.31415,0.0,1,0.0005821486,0.0766977726,0.08508939784750029
NACVUI_clean,NACVUI_clean,4.77526,3.80831,4.76074,1.15827,1072.88,926.279,0.0,0.0,0.5544,0.478644,0.0,0,0.0015161653,0.2249683685,0.22233662809849966
NACYOG_clean,NACYOG_clean,5.74941,4.06197,5.74941,1.46194,999.211,683.482,0.0,0.0,0.4946,0.338317,0.0,1,0.0012238191,0.175766338,0.17701328544937492
NADZEZ_clean,NADZEZ_clean,4.52715,3.99796,4.52715,1.63451,828.325,506.772,0.0,0.0,0.4522,0.276657,0.0,0,0.0011483259,0.1715709315,0.16457641222925012
NAGBUU_clean,NAGBUU_clean,4.53887,4.18445,4.52808,1.74664,609.414,348.906,0.0,0.0,0.3514,0.201186,0.0,1,0.0005445136,0.080887063,0.08073559704162513
NAHFOU_clean,NAHFOU_clean,5.06142,2.85562,5.04798,1.28207,0.0,0.0,629.169,490.745,0.5082,0.39639,0.0,0,0.0010420064,0.150362318,0.15209569583087443
NAJQUN_clean,NAJQUN_clean,5.34756,3.50411,5.30221,1.22931,1132.44,921.195,0.0,0.0,0.5072,0.412588,0.0,1,0.0016595504,0.247484538,0.23999587894375016
NAJTEA_clean,NAJTEA_clean,5.94588,4.33133,5.94588,1.22585,1966.72,1604.37,0.0,0.0,0.5868,0.478688,0.0,1,0.0022887851,0.3233961598,0.3295834434773758
NALWOO_clean,NALWOO_clean,9.16164,8.79623,9.14564,1.02635,1440.32,1403.34,0.0,0.0,0.5862,0.571148,0.0,1,0.0024169801,0.3328447369,0.35493028843200036
NAMDUD_clean,NAMDUD_clean,16.03482,3.9849,16.03053,0.771409,1799.33,2332.52,0.0,0.0,0.674,0.873726,0.0,1,0.0038137617,0.559594068,0.5481504670717509
NAQQED_clean,NAQQED_clean,8.84631,4.18602,8.84631,1.16199,2235.29,1923.68,0.0,0.0,0.7052,0.606892,0.0,1,0.0025539796,0.3675216708,0.3770368370829996
NARNIG_clean,NARNIG_clean,3.7044,3.30001,3.70047,2.34187,0.0,0.0,105.53,45.0623,0.3758,0.16047,0.0,1,0.0002892721,0.0447318974,0.0439310940522501
NATHOH_ion_b,NATHOH_ion_b,5.49353,3.97352,5.49353,2.17321,1195.36,550.044,0.0,0.0,0.4624,0.212773,0.0,1,0.0006713385,0.1015464603,0.09742826099025002
NATXIR_clean,NATXIR_clean,3.61932,3.17484,3.57853,2.29999,0.0,0.0,134.125,58.3156,0.4196,0.182435,0.0,1,0.0004507298,0.0629166483,0.06804250580674978
NAVJAW01_clean,NAVJAW01_clean,11.39615,10.64646,11.39615,1.17113,1550.28,1323.75,0.0,0.0,0.633,0.540502,0.0,1,0.0027656273,0.3951196714,0.3953845497309995
NAWHOL_clean,NAWHOL_clean,4.98803,2.84048,4.98788,1.64979,0.0,0.0,666.862,404.209,0.4934,0.299068,0.0,1,0.0007171997,0.1079245337,0.105359674263
NAWKII_clean,NAWKII_clean,5.87047,3.9227,5.87047,0.947947,1478.21,1559.38,0.0,0.0,0.5784,0.610161,0.0,1,0.0025698147,0.3680922246,0.37118905585150086
NAWXER_clean,NAWXER_clean,9.09863,5.59872,6.09599,0.664973,2891.83,4348.79,0.0,0.0,0.734,1.1038,0.0,1,0.0051954757,0.7636198028,0.7430369839089976
NAZZEV_clean,NAZZEV_clean,9.68562,8.04863,9.67315,1.02009,1679.74,1646.65,0.0,0.0,0.6478,0.635039,0.0,1,0.0029750455,0.4329482469,0.435066459752376
ncomms11831_ncomms11831-s2_clean,ncomms11831_ncomms11831-s2_clean,4.88753,3.53737,4.88616,1.57042,403.532,256.959,0.0,0.0,0.3336,0.212428,0.0,0,0.0006987741,0.098792354,0.10004073870762462
NDAIAH_clean,NDAIAH_clean,6.63827,3.41985,6.40814,1.54439,1188.39,769.486,0.0,0.0,0.551,0.356774,0.0,1,0.0012399416,0.1781953266,0.1839597113597493
NEBNOZ_clean,NEBNOZ_clean,6.01321,5.05928,6.00094,1.13873,1248.11,1096.06,0.0,0.0,0.5186,0.45542,0.0,1,0.001656417,0.234429124,0.2474338985466246
NEDMEP_clean,NEDMEP_clean,4.8267,2.86336,4.82007,1.68825,0.0,0.0,899.075,532.547,0.585,0.346512,0.0,0,0.0012305751,0.1780610664,0.1824187969122498
NEDVUP_clean,NEDVUP_clean,7.10231,5.27516,7.10043,0.883179,2108.77,2387.7,0.0,0.0,0.6378,0.722164,0.0,1,0.0031335316,0.4518745746,0.4481282081522464
NEDWIE_clean,NEDWIE_clean,8.99031,6.43493,8.98641,0.682799,2139.49,3133.41,0.0,0.0,0.724,1.06034,0.0,1,0.0047472912,0.6684109394,0.6836349181407487
NEFZOO_clean,NEFZOO_clean,4.9876,4.51456,4.96943,1.17458,1752.87,1492.33,0.0,0.0,0.5624,0.478808,0.0,1,0.0023897352,0.35582022,0.34361265637350075
NEGMUI_clean,NEGMUI_clean,6.43529,3.57476,6.40936,1.70833,1135.33,664.583,0.0,0.0,0.5116,0.299474,0.0,1,0.0009037702,0.1305683848,0.13421448646012496
NEJSEC_clean,NEJSEC_clean,5.81645,3.98304,5.23805,1.24255,1038.8,836.024,5.34967,4.30539,0.5324,0.428473,0.0,0,0.0013814916,0.201863026,0.2031495602695002
NEKBEL_clean,NEKBEL_clean,4.90746,3.89074,4.89557,1.60125,914.813,571.31,2.67246,1.66898,0.5046,0.315128,0.0,1,0.0008238075,0.1186840433,0.12230282273012479
NEKREB_clean,NEKREB_clean,7.13295,5.12512,7.13295,1.3542,1081.87,798.902,136.454,100.763,0.5622,0.415152,0.0,1,0.001173991,0.1762618555,0.1721556724136254
NERTAH_clean,NERTAH_clean,4.54882,3.46995,4.4502,1.3343,589.598,441.88,43.1614,32.3477,0.4772,0.357642,0.0,1,0.0009145829,0.1383276839,0.13167344344937507
NETFAU_clean,NETFAU_clean,5.9815,3.37252,5.81349,1.64572,938.309,570.151,0.0,0.0,0.5186,0.31512,0.0,1,0.0008389049,0.1241030557,0.12337590310787507
NETYIV01_clean,NETYIV01_clean,8.07265,7.09602,8.06746,0.782971,2020.36,2580.37,0.0,0.0,0.686,0.87615,0.0,1,0.0036967656,0.5137936459,0.5341041727145014
NEVVAM02_clean,NEVVAM02_clean,6.83817,5.86962,6.83673,1.42399,1416.84,994.976,0.0,0.0,0.5302,0.372334,0.0,0,0.0015437208,0.2291878005,0.22983015482712413
NEYYIZ_clean,NEYYIZ_clean,5.77965,3.26538,5.77965,0.966711,0.0,0.0,1318.69,1364.09,0.6446,0.666797,0.0,0,0.0016872131,0.2581027973,0.2502133611019992
NIBXUT_clean,NIBXUT_clean,6.21117,5.18074,6.19848,1.9388,1406.45,725.426,0.0,0.0,0.5234,0.269961,0.0,1,0.0010956955,0.1577673506,0.1616917367283748
NIFTIH_clean,NIFTIH_clean,4.90975,3.65701,4.90975,1.37616,1012.21,735.536,0.0,0.0,0.5236,0.380479,0.0,1,0.0012992741,0.1824813634,0.1898183447628748
NIGFOZ_clean,NIGFOZ_clean,7.49823,4.6446,7.49513,1.19407,2411.1,2019.23,0.0,0.0,0.6618,0.554241,0.0,1,0.002773663,0.3990963751,0.3929603913676257
NIHBEM01_clean,NIHBEM01_clean,4.87963,3.68372,4.87963,1.74048,783.372,450.089,0.0,0.0,0.4496,0.258319,0.0,0,0.0007775283,0.1149456803,0.11355256842212501
NIJZOV_clean,NIJZOV_clean,8.62609,7.08161,8.6236,1.5406,1133.11,735.501,0.0,0.0,0.5798,0.376347,0.0,1,0.0010357101,0.1615272977,0.1540509185481252
NIKJOH_clean,NIKJOH_clean,5.92614,3.00956,5.92202,1.25543,0.0,0.0,1126.53,897.324,0.4956,0.394764,0.0,1,0.0014423007,0.2067199244,0.21166328857737407
NIKJUN_clean,NIKJUN_clean,5.97101,2.84267,5.9634,1.37868,0.0,0.0,1106.78,802.784,0.4894,0.354977,0.0,1,0.0012559394,0.1867613235,0.18681213594512458
NIKYOW02_clean,NIKYOW02_clean,4.72463,3.68194,4.72463,1.75151,766.584,437.671,0.0,0.0,0.4498,0.256808,0.0,0,0.0007870491,0.1122878024,0.11297202932937513
NIKYOW_clean,NIKYOW_clean,4.56807,3.54686,4.56807,1.80221,654.259,363.032,0.0,0.0,0.4324,0.239928,0.0,0,0.0006648661,0.0988651225,0.09996267209837571
NIKZAJ02_clean,NIKZAJ02_clean,4.67382,3.68928,4.66396,1.76633,754.073,426.914,0.0,0.0,0.4402,0.249217,0.0,0,0.0007426189,0.1099837793,0.11041625336024963
NIMXAK_clean,NIMXAK_clean,11.51604,3.85375,11.50661,0.98882,1692.19,1711.32,0.0,0.0,0.6486,0.655933,0.0,0,0.0028896427,0.4194581411,0.5104788880621269
NIMXIS_clean,NIMXIS_clean,10.63837,6.01154,10.63837,1.05177,1918.06,1823.65,0.0,0.0,0.667,0.634168,0.0,1,0.0025794256,0.3890422866,0.3783994044716248
NIRDEX_clean,NIRDEX_clean,3.13727,2.97363,3.12661,2.08403,0.0,0.0,0.0,0.0,0.492,0.236081,0.0,1,0.0006267557,0.0901452599,0.09448327128500024
NIRKAB_clean,NIRKAB_clean,6.92969,3.36489,6.92969,1.45312,1377.63,948.051,0.0,0.0,0.547,0.376432,0.0,0,0.0026072582,0.2083745191,0.25033465642075003
NIVNOW_clean,NIVNOW_clean,4.9886,3.10602,4.9886,1.76087,0.0,0.0,889.731,505.28,0.502,0.285087,0.0,1,0.000622981,0.0995839389,0.09371764062974972
NIZZAY_clean,NIZZAY_clean,8.39896,7.78516,8.38426,1.2112,2073.27,1711.74,0.0,0.0,0.6754,0.557627,0.0,0,0.0023139948,0.3283522444,0.3313428191250008
NOCKOG_clean,NOCKOG_clean,5.62673,5.01808,5.62673,1.04593,1347.49,1288.32,0.0,0.0,0.553,0.528716,0.0,1,0.0022850803,0.3196681108,0.32690107954599895
NOCKUM_clean,NOCKUM_clean,6.00758,5.1022,6.00758,1.07326,1338.2,1246.86,0.0,0.0,0.5502,0.512645,0.0,1,0.0020738036,0.2985915118,0.2999974839987496
NOCLOH_clean,NOCLOH_clean,5.4394,4.78188,5.37771,1.31451,1235.22,939.686,0.0,0.0,0.5324,0.405018,0.0,1,0.0016533609,0.2394467724,0.28219250584587463
NOCZAI_clean,NOCZAI_clean,4.42954,4.04745,4.42954,1.74484,414.324,237.458,0.705302,0.404222,0.3944,0.226039,0.0,1,0.0005704215,0.0890333824,0.0854611281835002
NOFDUI_clean,NOFDUI_clean,4.93531,4.06199,4.92703,1.21153,1000.68,825.958,0.0,0.0,0.4872,0.402135,0.0,0,0.0011203788,0.1684613893,0.1672399771532502
NOFQOQ_clean,NOFQOQ_clean,5.26068,4.9317,5.26068,1.52336,805.604,528.834,0.0,0.0,0.5044,0.331111,0.0,1,0.000767509,0.110446055,0.11395532101375005
NOHKIG_clean,NOHKIG_clean,4.45859,3.20693,4.44592,1.98307,0.0,0.0,535.542,270.057,0.3892,0.196261,0.0,1,0.0007877129,0.1174023542,0.11181426925212476
NOHKOM_clean,NOHKOM_clean,4.47987,3.22897,4.46706,1.95435,0.0,0.0,556.611,284.807,0.3942,0.201704,0.0,1,0.000899184,0.1225897281,0.13020643756949993
NOHSUA_clean,NOHSUA_clean,8.36544,4.75817,8.32279,0.872139,1620.2,1857.73,0.0,0.0,0.5908,0.677415,0.0,1,0.0028297779,0.4079678645,0.41014783815224864
NOMKUX_clean,NOMKUX_clean,8.6673,3.18545,8.64817,1.0495,0.0,0.0,1585.89,1511.09,0.6718,0.640112,0.0,1,0.0021587141,0.3136086207,0.31040127870099893
NOQKOV_clean,NOQKOV_clean,5.57218,4.25994,5.56937,1.06467,1684.1,1581.8,0.0,0.0,0.536,0.503441,0.0,0,0.0018600356,0.2769310568,0.26337897423975093
NOQKUB_clean,NOQKUB_clean,5.39399,4.39499,5.39187,1.00245,1858.17,1853.63,0.0,0.0,0.55,0.548657,0.0,0,0.0021384596,0.3211358877,0.3174240857209987
NOSTUM01_clean,NOSTUM01_clean,6.02005,5.48184,6.00511,0.946326,1720.55,1818.13,0.0,0.0,0.6136,0.648402,0.0,1,0.0029032442,0.4299748774,0.42118215762575006
NUCYER_clean,NUCYER_clean,4.96656,4.20041,4.96656,1.49997,657.943,438.637,0.0,0.0,0.4852,0.323473,0.0,1,0.0006964715,0.1047630096,0.10293740224824972
NUDLAA_clean,NUDLAA_clean,10.10107,9.89769,10.10107,1.02317,1506.84,1472.72,0.0,0.0,0.6112,0.597362,0.0,1,0.0025484896,0.359806362,0.3665775232099999
NUDLIJ_clean,NUDLIJ_clean,6.93743,5.78938,6.89446,1.14165,1419.26,1243.17,0.0,0.0,0.5428,0.475454,0.0,0,0.0020469391,0.2967967796,0.29583435787624984
NUDMAC_clean,NUDMAC_clean,6.47898,5.73918,6.47898,1.16985,1365.51,1167.25,0.0,0.0,0.54,0.461596,0.0,0,0.0019285868,0.2770224011,0.27576123788699997
NUDNEH_clean,NUDNEH_clean,6.40452,5.65537,6.40452,1.17792,1346.46,1143.08,0.0,0.0,0.5262,0.44672,0.0,0,0.0019127006,0.2737816113,0.27302062422187584
NUHNUA_clean,NUHNUA_clean,5.91571,3.87698,4.38862,0.866172,1483.02,1712.15,0.0,0.0,0.5628,0.649756,0.0,1,0.0020898109,0.296172559,0.31272114757062375
NUHPAI_clean,NUHPAI_clean,5.92167,3.93075,4.42412,0.871868,1496.53,1716.46,0.0,0.0,0.5834,0.669138,0.0,1,0.0019675734,0.2994586831,0.2917579526200006
NUHZAS_clean,NUHZAS_clean,4.59282,3.63902,4.53366,1.44559,429.681,297.236,0.0,0.0,0.4222,0.292061,0.0,1,0.0007039608,0.1025159305,0.10422120263475027
NUNCEG_clean,NUNCEG_clean,6.32724,4.08141,6.24551,0.841857,1844.22,2190.65,0.0,0.0,0.5678,0.674462,0.0,1,0.0029145155,0.4182450927,0.425920872105001
NUNSOG_clean,NUNSOG_clean,4.99291,4.35876,4.99291,1.27773,873.941,683.982,0.0,0.0,0.4864,0.380677,0.0,0,0.000847285,0.1295016182,0.12605237276499975
NURMUJ_clean,NURMUJ_clean,4.39424,3.64857,4.38802,1.20073,1518.88,1264.97,0.0,0.0,0.6332,0.527347,0.0,1,0.0020021334,0.2946753894,0.296903919601625
NUVBIQ_clean,NUVBIQ_clean,4.60795,3.59775,4.60795,2.15646,840.114,389.58,0.0,0.0,0.4404,0.204223,0.0,1,0.0007795705,0.108873786,0.11499624869887479
NUVXOT_clean,NUVXOT_clean,9.16707,5.75569,9.14121,0.884237,2287.82,2587.34,0.0,0.0,0.7176,0.811547,0.0,1,0.0037172978,0.5396491371,0.5493321307187515
NUVYOT_clean,NUVYOT_clean,4.99931,3.59386,4.8252,1.15218,688.171,597.279,170.523,148.001,0.5094,0.44212,0.0,1,0.001300842,0.1894501623,0.19060967245924992
NUXMAU_clean,NUXMAU_clean,3.85797,2.8476,3.85421,2.10391,0.0,0.0,244.23,116.084,0.4602,0.218736,0.0,1,0.0007230328,0.096990962,0.10352500001987484
NUYNAY_clean,NUYNAY_clean,6.39583,3.24521,6.39583,1.29195,0.0,0.0,893.046,691.237,0.5078,0.393048,0.0,1,0.0015064291,0.2276661676,0.22013413448349883
OBAFIJ_clean,OBAFIJ_clean,5.23118,4.64394,5.22975,2.3889,967.64,405.056,0.0,0.0,0.4836,0.202436,0.0,1,0.0005548131,0.0876361948,0.08340658165637477
OBIBOT_clean,OBIBOT_clean,6.67176,5.057,6.67176,1.21046,1489.16,1230.24,0.0,0.0,0.5556,0.458998,0.0,1,0.001895197,0.2691147712,0.27657663594425086
OCACUR_clean,OCACUR_clean,5.50745,4.89061,5.44518,1.25128,1937.07,1548.08,0.0,0.0,0.5884,0.47024,0.0,1,0.0022004226,0.3345454193,0.3146790742669999
OCAWAT_clean,OCAWAT_clean,5.70065,4.00684,5.61058,1.58378,1148.22,724.987,0.0,0.0,0.5174,0.326687,0.0,1,0.001230502,0.1749389047,0.17901428938562486
OCOKUP_clean,OCOKUP_clean,5.00304,3.71484,4.99284,1.15999,792.721,683.386,0.0,0.0,0.474,0.408624,0.0,1,0.0011843143,0.1764939644,0.17329767773850002
OCUGEZ_clean,OCUGEZ_clean,5.71674,4.14737,5.66007,1.32226,1442.09,1090.62,0.0,0.0,0.5748,0.43471,0.0,1,0.0015548796,0.2229643661,0.22705797990000107
OCUSUB_clean,OCUSUB_clean,5.00781,3.40979,5.00781,1.50787,1123.4,745.023,0.0,0.0,0.5152,0.341674,0.0,1,0.0013335959,0.2008175755,0.19777595975499995
OCUVUF_clean,OCUVUF_clean,7.8514,5.72034,7.7546,3.13958,1789.03,569.831,0.0,0.0,0.5542,0.176521,0.0,1,0.0007513357,0.1074029747,0.11113711399412494
ODEKAL_clean,ODEKAL_clean,3.74631,2.82242,3.73986,2.76034,0.0,0.0,105.347,38.1646,0.3514,0.127303,0.0,1,0.0006538814,0.0908693845,0.09691820915862531
ODERIZ_clean,ODERIZ_clean,5.75405,4.36229,5.74596,1.52699,807.66,528.922,146.001,95.6134,0.5294,0.346694,0.0,1,0.0009484541,0.1404541666,0.13922075860525054
ODEZAB_clean,ODEZAB_clean,11.63192,4.40592,11.61962,0.799101,2103.64,2632.5,6.44431,8.06445,0.6938,0.868225,0.0,1,0.0041633192,0.5949833215,0.5981421423607499
ODIMAQ_clean,ODIMAQ_clean,8.52073,7.26741,8.52073,1.44329,1085.87,752.358,0.0,0.0,0.5848,0.405186,0.0,1,0.0010534703,0.156971946,0.1983031688931249
ODODIW_clean,ODODIW_clean,7.22618,4.59373,7.22618,0.965963,1948.86,2017.54,0.0,0.0,0.634,0.65634,0.0,1,0.0028878176,0.4037193558,0.42085557145950153
ODOXEK_clean,ODOXEK_clean,5.23174,4.24381,5.21951,1.86723,267.21,143.105,283.845,152.014,0.425,0.22761,0.0,0,0.000600929,0.1004007883,0.08800976836412484
OFEHAK_clean,OFEHAK_clean,6.57238,4.30728,6.57238,1.26099,1569.04,1244.3,0.0,0.0,0.577,0.457578,0.0,1,0.001682487,0.2529141838,0.24685876061550016
OFEREX_clean,OFEREX_clean,6.99117,6.70761,6.99117,1.56791,1544.85,985.293,0.0,0.0,0.5694,0.363159,0.0,1,0.0017405532,0.256857322,0.25354516777349867
OFERUN02_clean_h,OFERUN02_clean_h,11.42938,3.12691,11.42938,0.92153,0.0,0.0,1377.79,1495.11,0.6302,0.683863,0.0,0,0.0023104093,0.3464474135,0.3410579909921268
OFERUN_clean,OFERUN_clean,11.51766,3.43919,11.48105,0.924676,1442.14,1559.62,0.0,0.0,0.6416,0.693865,0.0,0,0.0022842948,0.3462262837,0.3433605154055009
OFESIC_clean,OFESIC_clean,7.36476,5.0904,7.36476,1.82236,878.112,481.855,0.0,0.0,0.4554,0.249896,0.0,0,0.0006999371,0.1055133531,0.10358349369212531
OFOCUI_clean,OFOCUI_clean,11.39371,7.77962,11.39371,0.789274,2336.11,2959.83,0.0,0.0,0.7236,0.916792,0.0,1,0.00445065,0.6339260588,0.709245351354251
OGAGEJ_clean,OGAGEJ_clean,5.64492,5.21899,5.64485,1.05864,1853.73,1751.06,0.0,0.0,0.6242,0.589626,0.0,0,0.002226578,0.3230781987,0.3338408401060012
OGESOJ_clean,OGESOJ_clean,3.54128,3.39333,3.54122,2.02459,475.23,234.729,0.0,0.0,0.5794,0.286182,0.0,0,0.0012652708,0.1838926586,0.1794171374772495
OGIBOV_clean,OGIBOV_clean,4.29925,3.68277,4.29768,2.42877,736.158,303.099,0.0,0.0,0.457,0.188161,0.0,0,0.0012522864,0.1905475961,0.18093287287037468
OGIYAF_clean,OGIYAF_clean,4.13453,2.65637,4.13022,1.53002,0.0,0.0,255.467,166.969,0.4814,0.314636,0.0,0,0.0007281466,0.1069731339,0.10547560170237488
OGOWAJ_clean,OGOWAJ_clean,7.34237,6.24854,7.34237,0.908904,1684.85,1853.71,0.0,0.0,0.611,0.672238,0.0,0,0.002652859,0.3876382188,0.3854686957465001
OHEGAJ_clean,OHEGAJ_clean,4.72341,2.80937,4.71665,2.20772,0.0,0.0,546.683,247.623,0.5162,0.233816,0.0,1,0.0007778953,0.1131426566,0.11517321524574976
OHIHOD_clean,OHIHOD_clean,4.35456,3.00054,4.34805,1.72131,0.0,0.0,329.846,191.625,0.4356,0.253063,0.0,0,0.0008439005,0.1149572244,0.1205374723533748
OHIHUJ_clean,OHIHUJ_clean,4.46285,3.10178,4.45704,1.59089,0.0,0.0,389.736,244.981,0.4484,0.281855,0.0,1,0.0008756075,0.1291112367,0.12861553129849995
OKAYAC_clean,OKAYAC_clean,4.90891,3.57241,4.90749,1.56645,415.712,265.385,0.0,0.0,0.3406,0.217434,0.0,0,0.0007239824,0.0989224289,0.10400835036612456
OKAYEG_clean,OKAYEG_clean,4.8581,3.49488,4.85158,1.57533,393.933,250.064,0.0,0.0,0.3384,0.214812,0.0,0,0.0006685241,0.0981681964,0.09662777514137533
OKIWUB02_clean,OKIWUB02_clean,5.03837,4.11286,5.03612,1.09856,959.969,873.844,73.9627,67.327,0.5172,0.470799,0.0,0,0.0014990179,0.2235198481,0.22382489815099973
OLAGIR_clean,OLAGIR_clean,5.85131,3.81671,5.85131,1.37856,1640.47,1189.99,0.0,0.0,0.6336,0.459611,0.0,0,0.0020330556,0.2905562569,0.29360612552887455
OLAWUU_clean,OLAWUU_clean,5.70617,3.38454,5.70617,1.82501,608.324,333.327,125.668,68.8591,0.4924,0.269807,0.0,1,0.0006803527,0.0959694734,0.10135237077062503
OLOPEM_clean,OLOPEM_clean,4.92877,3.82035,4.91547,1.17415,717.6,611.164,177.099,150.831,0.512,0.436059,0.0,0,0.0013692498,0.2030779244,0.20003591747775
OLUROC_clean,OLUROC_clean,5.45136,3.48672,5.44746,1.49162,882.297,591.504,0.0,0.0,0.5148,0.345129,0.0,0,0.0014929754,0.2127047428,0.2129986010025
OMAMEU_clean,OMAMEU_clean,5.49135,3.67927,5.48307,2.05035,939.573,458.25,0.0,0.0,0.5336,0.260248,0.0,1,0.0009939811,0.1476535414,0.14619794126974972
OMICOD_clean,OMICOD_clean,4.47127,3.21063,4.47127,1.07552,0.0,0.0,807.39,750.696,0.5438,0.505615,0.0,0,0.001364939,0.1952115567,0.2027946366507497
ONEJUN_clean,ONEJUN_clean,5.6787,4.73551,5.6787,3.33073,1808.25,542.898,0.0,0.0,0.5352,0.160685,0.0,1,0.0006015808,0.088922339,0.09284684017987521
OPAGIX_clean,OPAGIX_clean,11.70127,10.88776,11.68193,0.905898,1551.84,1713.04,0.0,0.0,0.6624,0.731208,0.0,1,0.0037344783,0.5255488576,0.5350225817665009
OPAPEB_clean,OPAPEB_clean,4.83812,3.32695,4.83799,1.58153,509.553,322.189,0.0,0.0,0.4302,0.272015,0.00012646,1,0.0006321369,0.09232857,0.09444799391724996
OPEGIA_clean,OPEGIA_clean,5.19146,3.15179,5.19146,2.50635,0.0,0.0,492.643,196.558,0.3978,0.158717,0.0,0,0.0008140234,0.1136140144,0.11817403956874944
OPENUT_clean,OPENUT_clean,7.63636,6.82671,7.63251,1.41267,1546.48,1094.72,0.0,0.0,0.5554,0.393156,0.0,1,0.0015286028,0.2282308161,0.23196310547437424
OPOCUS_clean,OPOCUS_clean,4.34659,2.75234,4.34029,1.69214,0.0,0.0,491.187,290.275,0.5046,0.298202,0.0,1,0.0006249432,0.0966265208,0.09417106698962494
OQANIE_clean,OQANIE_clean,7.73235,4.1602,7.73235,1.08482,1352.95,1247.16,189.787,174.948,0.5938,0.547371,0.0,1,0.002174286,0.3081191344,0.3199836320945003
OQESEJ_clean,OQESEJ_clean,5.44129,4.56082,5.37025,1.17091,1266.4,1081.56,0.0,0.0,0.5586,0.477065,0.0,1,0.0017392628,0.2588201666,0.2540273477786254
OQIQIQ_clean,OQIQIQ_clean,5.6202,4.58328,5.56734,1.81543,1128.03,621.358,0.0,0.0,0.505,0.278171,0.0,1,0.0011933698,0.1729991802,0.17183548433462534
OQIZUL_clean,OQIZUL_clean,13.227,6.74608,13.21397,0.868865,2105.53,2423.31,0.0,0.0,0.7146,0.822452,0.0,1,0.0040213837,0.5629815072,0.5739382212381272
OQUFAJ02_clean,OQUFAJ02_clean,10.4008,8.96418,10.4008,1.23779,2032.69,1642.19,0.0386359,0.0312135,0.6356,0.513494,0.000323156,1,0.0023796247,0.3404034308,0.3470326188676251
OQUFAJ04_clean,OQUFAJ04_clean,10.98593,10.0178,10.98593,1.04962,2124.9,2024.45,7.18544,6.84576,0.6738,0.641947,0.000381091,1,0.0028418649,0.4184942786,0.41795602267524967
OQUGUE_clean,OQUGUE_clean,11.61723,9.4131,11.61627,1.01509,1836.93,1809.63,0.0,0.0,0.664,0.654132,0.000394056,1,0.0026560029,0.3861434834,0.390144292650751
OQUWUU_clean,OQUWUU_clean,7.2326,3.56865,7.1357,2.62668,817.31,311.158,0.924344,0.351906,0.4758,0.181141,0.0,1,0.0004977639,0.0733636042,0.07332961155799993
OQUXAB_clean,OQUXAB_clean,5.25424,3.9856,4.37611,3.15937,963.013,304.812,0.0,0.0,0.479,0.151613,6.33e-05,1,0.0004887475,0.0709737611,0.07113036477224957
ORANAY_clean,ORANAY_clean,7.13721,3.26584,7.12854,1.39249,0.0,0.0,639.236,459.059,0.5092,0.365676,0.0,1,0.0009999878,0.1448804347,0.14653542928862506
ORAQUU_clean,ORAQUU_clean,8.39177,4.98086,8.38728,0.858283,1785.46,2080.27,0.0,0.0,0.5764,0.671573,0.0,1,0.0030596691,0.4324643341,0.4319023568524997
ORIBAU_clean,ORIBAU_clean,6.79191,5.8597,6.78824,0.948194,2192.57,2312.36,0.0,0.0,0.6432,0.678343,0.0,0,0.0027804254,0.43427171,0.40673621440512536
ORIVOC_clean,ORIVOC_clean,11.63735,10.86073,11.63667,1.22977,1588.45,1291.67,0.0,0.0,0.669,0.544005,0.0,1,0.0025126179,0.3695856956,0.37733772308662616
ORIWAP_clean,ORIWAP_clean,11.38312,11.03917,11.38312,1.17282,1538.11,1311.46,0.0,0.0,0.6442,0.549274,0.0,1,0.0028154905,0.3941001468,0.3990598012295009
OROLUD_clean,OROLUD_clean,4.90586,4.18695,4.898,1.66342,1280.2,769.617,0.0,0.0,0.5884,0.353728,0.0,0,0.0012431887,0.1940881449,0.18427571385762498
ORULEU_clean,ORULEU_clean,5.09262,3.5697,5.08241,1.45149,909.467,626.575,0.0,0.0,0.458,0.315538,0.0,1,0.0011491754,0.1637603448,0.16910098940337506
OSAWEL_clean,OSAWEL_clean,5.275,4.57502,5.23103,1.20581,1256.21,1041.8,0.0,0.0,0.5198,0.43108,0.0,1,0.001856716,0.2805141372,0.2668271618882497
OSAXAI_clean,OSAXAI_clean,4.39347,3.53304,4.39347,1.30634,641.01,490.691,0.0,0.0,0.4368,0.334369,0.0,0,0.0007981992,0.1263848521,0.1140836763592498
OTAQAD_clean,OTAQAD_clean,7.25379,5.92825,6.48374,0.846977,2257.66,2665.55,0.0,0.0,0.6554,0.773811,0.0,0,0.0038064027,0.5583851664,0.547611581813751
OTATOT_clean,OTATOT_clean,5.58723,4.86765,5.58723,1.11303,1703.16,1530.2,0.0,0.0,0.5774,0.518764,0.0,0,0.0016597075,0.2490233065,0.2503578007040003
OTAVUB_clean,OTAVUB_clean,5.619,4.89691,5.42117,1.09458,1697.03,1550.39,0.0,0.0,0.5796,0.529517,0.0,0,0.0016008448,0.2556594035,0.23877596742887522
OTAWIR_clean,OTAWIR_clean,8.76686,5.54904,8.76285,0.758956,2118.77,2791.7,0.0,0.0,0.6858,0.90361,0.0,1,0.0041753791,0.6152397762,0.6027149709537486
OTIPAK_clean,OTIPAK_clean,5.73499,5.10341,5.72616,1.20537,1243.12,1031.31,0.0,0.0,0.5414,0.449155,0.0,0,0.0019688036,0.27252752,0.27886713158975057
OTIQAL_clean,OTIQAL_clean,5.97222,5.38811,5.95841,1.10964,1272.64,1146.9,0.0,0.0,0.5134,0.462673,0.0,0,0.001771622,0.2676039167,0.26081664737000043
OTOVAW_clean,OTOVAW_clean,4.51109,3.41338,4.48101,1.61175,574.481,356.434,0.0,0.0,0.423,0.262448,0.0,0,0.000710162,0.1045534887,0.10428993083525005
OWEYOF_clean,OWEYOF_clean,6.37079,4.45129,6.36918,1.04803,1419.15,1354.11,0.0,0.0,0.5498,0.524602,0.0,0,0.0022548295,0.340504909,0.31409900772324983
OWIHUZ_clean,OWIHUZ_clean,7.37728,7.20219,7.37728,1.32559,1638.53,1236.07,0.0,0.0,0.613,0.462436,0.0,0,0.0023522311,0.3458504018,0.3437398356255009
OXALEF_clean,OXALEF_clean,7.18754,5.18545,7.18754,0.839237,2049.14,2441.67,0.0,0.0,0.6438,0.767126,0.0,0,0.0032346694,0.4758082346,0.4776846854720017
OXAMIK_clean,OXAMIK_clean,3.62257,2.90945,3.62257,2.00313,0.0,0.0,50.0596,24.9906,0.3456,0.17253,0.0,1,0.0004209157,0.067469551,0.06498294307875022
OXAZIX_clean,OXAZIX_clean,3.78624,2.69047,3.74913,1.71887,0.0,0.0,361.086,210.071,0.5042,0.293332,0.0,1,0.0006992104,0.1023836938,0.10249733781199956
OXUNEB_clean,OXUNEB_clean,5.40371,3.22299,5.26849,2.40788,0.0,0.0,791.837,328.852,0.4718,0.19594,0.0,1,0.000677224,0.0995302377,0.10087597713862528
OYEJOS_clean,OYEJOS_clean,9.55583,4.63693,9.55583,0.834794,1714.96,2054.35,0.0,0.0,0.6424,0.769531,0.0,1,0.0030732515,0.4219148641,0.4377735933188723
OYEROB_clean,OYEROB_clean,9.45168,7.14174,9.44893,0.790347,2325.92,2942.91,0.982216,1.24277,0.7298,0.923392,0.0,1,0.0039027185,0.5631660616,0.5688639927332485
OYEWIA_clean,OYEWIA_clean,10.37041,7.95909,10.26711,0.677921,2034.96,3001.77,0.0,0.0,0.7108,1.0485,0.0,1,0.0048365337,0.674015493,0.6989836506509988
OZAVES_clean,OZAVES_clean,5.64539,5.08904,5.62805,1.07782,1464.13,1358.41,0.0,0.0,0.5738,0.532369,0.0,1,0.0022248441,0.3339546128,0.32512084398287433
OZAVUI_clean,OZAVUI_clean,5.43678,4.75451,5.43678,1.24526,1365.54,1096.59,0.0,0.0,0.5928,0.476044,0.0,1,0.0018347217,0.2610784933,0.26851988474812527
OZUKOL_clean,OZUKOL_clean,11.66314,11.04095,11.6623,1.07501,1570.69,1461.09,0.0,0.0,0.6578,0.611902,0.0,1,0.0029390735,0.4329656656,0.4258508993331231
OZUKUR01_clean,OZUKUR01_clean,12.00308,11.20848,12.00308,1.04914,1577.91,1504.01,0.0,0.0,0.6712,0.639764,0.0,1,0.0030311386,0.4423921897,0.440303592854498
PAKFAL_clean,PAKFAL_clean,4.75354,4.10738,4.75354,2.43205,513.87,211.291,0.0,0.0,0.3964,0.16299,0.0,1,0.0003166263,0.0470972431,0.04720132600974995
PALTON_clean,PALTON_clean,12.85281,10.88454,12.85281,0.723595,1862.94,2574.56,0.0,0.0,0.677,0.935606,0.0,1,0.0039500632,0.5651269444,0.6210206780563776
PAMHES_clean,PAMHES_clean,4.34401,3.08533,4.22396,1.42106,0.0,0.0,719.827,506.543,0.5426,0.381828,0.0,1,0.0010432071,0.1547670005,0.15322374154525004
PAMHIW_clean,PAMHIW_clean,9.2687,4.50421,9.2687,0.952087,1296.4,1361.64,427.264,448.766,0.6164,0.64742,0.0,0,0.0027509453,0.4113186304,0.4009473403570011
PAMTUU_clean,PAMTUU_clean,12.40087,5.62514,12.40087,0.908425,2011.92,2214.73,0.0,0.0,0.6952,0.76528,0.0,1,0.0033952685,0.5119354996,0.49880344185400366
PAPROO_clean,PAPROO_clean,7.19025,5.05276,7.19025,1.91608,861.592,449.664,0.0,0.0,0.4326,0.225774,0.0,0,0.0006703077,0.0997031818,0.09798298940437512
PAQJUM_clean,PAQJUM_clean,6.1772,2.70883,6.17711,1.68004,0.0,0.0,979.734,583.161,0.5026,0.299159,0.0,0,0.0020575639,0.1837533953,0.22116682275387675
PAQMEB_clean,PAQMEB_clean,5.66983,3.45515,5.06855,2.32316,1166.36,502.057,0.0,0.0,0.4938,0.212555,0.0,1,0.0008610689,0.1253344516,0.12534264904425022
PAQPIG_clean,PAQPIG_clean,4.06633,2.85613,4.06633,1.99384,0.0,0.0,218.017,109.345,0.4346,0.217971,0.0,1,0.000873531,0.1251640135,0.1273734237681248
PARHAS_clean,PARHAS_clean,6.90619,6.37667,6.76731,0.69817,2236.54,3203.43,0.0,0.0,0.6838,0.979418,0.0,1,0.0036983537,0.5552494204,0.549043813990249
PARMIG_clean,PARMIG_clean,4.62483,4.28304,4.62483,1.33462,793.109,594.261,0.0,0.0,0.4652,0.348565,0.0,0,0.0016795167,0.2359690407,0.22076939541400079
PARNIH_clean,PARNIH_clean,8.32489,6.77668,8.32489,0.861017,1951.67,2266.71,0.0,0.0,0.6712,0.779544,0.0,1,0.0032864813,0.4494697925,0.4793745245589993
PASKAX_clean,PASKAX_clean,4.53301,2.83696,4.53301,1.51238,0.0,0.0,226.279,149.618,0.399,0.263822,0.0,0,0.0003335285,0.0583861084,0.05046429776499981
PASNAA_clean,PASNAA_clean,4.89594,3.826,4.89193,1.4497,1354.61,934.408,0.0,0.0,0.5164,0.356212,0.0,1,0.0014639371,0.2170028416,0.21077720742025036
PATNAB_clean,PATNAB_clean,9.14224,6.89364,9.14224,1.35956,1803.58,1326.59,0.0,0.0,0.6728,0.494866,0.0,1,0.0019201723,0.3018055788,0.2826553206707494
PAXWOB_clean,PAXWOB_clean,4.51056,3.21115,4.50626,1.76504,0.0,0.0,722.496,409.338,0.5848,0.331324,0.0,0,0.0010928355,0.1606029416,0.16103485284662508
PEBCAA_clean,PEBCAA_clean,4.95801,3.02326,4.89301,1.87387,0.0,0.0,946.103,504.893,0.5454,0.291056,0.0,1,0.0011654964,0.168940345,0.16652404489712486
PEDGUA_clean,PEDGUA_clean,4.42907,3.13119,3.94665,1.93076,0.0,0.0,439.082,227.414,0.4794,0.248296,0.0,1,0.0008366884,0.1114618216,0.12112570469937521
PEDMOB_clean,PEDMOB_clean,6.13543,5.59613,6.13543,1.47554,899.4,609.538,0.0,0.0,0.4724,0.320153,0.0,1,0.0010737646,0.1559263193,0.15576497609187456
PEFRID_clean,PEFRID_clean,9.83364,8.16227,9.74315,1.01836,1671.9,1641.77,0.0,0.0,0.6476,0.635927,0.0,1,0.0028883494,0.428414192,0.4222128547943761
PEFRUP01_clean,PEFRUP01_clean,6.70842,5.60789,6.69161,1.32053,1380.71,1045.57,0.0,0.0,0.5546,0.419982,0.0,1,0.0018200482,0.2591172492,0.26643710698425077
PEGCAH_clean,PEGCAH_clean,4.41751,3.55963,4.41517,1.40923,648.294,460.035,0.0,0.0,0.4816,0.341747,0.0,1,0.0007545571,0.1179351277,0.11129070208650012
PEGPOI_clean,PEGPOI_clean,4.98627,3.51233,4.9807,1.99017,618.984,311.02,0.0,0.0,0.3962,0.199078,0.0,1,0.0006400685,0.0955857234,0.09302879404662504
PEJMOI_clean,PEJMOI_clean,7.77261,4.72411,7.77261,1.78918,1087.16,607.629,0.0,0.0,0.4986,0.278675,0.0,1,0.0010775012,0.1543032688,0.15564275433837532
PEKDAM_clean,PEKDAM_clean,6.66878,5.26481,6.65683,0.823111,2211.99,2687.35,0.0,0.0,0.6464,0.785313,0.0,1,0.0034572797,0.487844026,0.5013585163855017
PEKWAF_clean,PEKWAF_clean,4.37236,3.14456,4.34705,3.10112,0.0,0.0,523.237,168.725,0.4638,0.149559,0.0,1,0.0006562884,0.0929114167,0.09678990816775011
PEKZIP_clean,PEKZIP_clean,4.53518,4.08657,4.53518,1.41548,619.125,437.397,0.0,0.0,0.4398,0.310708,0.0,1,0.0006638634,0.0924218304,0.09669022196587469
PENYIR_clean,PENYIR_clean,5.70014,3.65365,5.70014,1.6367,929.089,567.66,64.7109,39.5375,0.5088,0.31087,0.0,1,0.0010607358,0.154392374,0.15468334237725007
PEPBAO_clean,PEPBAO_clean,5.10254,3.95909,5.10254,1.42412,833.906,585.559,0.0,0.0,0.4934,0.34646,0.0,0,0.0009372076,0.1240223929,0.13878702770824985
PEPFAT_clean,PEPFAT_clean,10.91726,6.85852,7.70966,1.0029,2251.01,2244.49,0.0,0.0,0.6862,0.684214,0.0,1,0.0033408297,0.464157459,0.4885560751646239
PEPLEC_clean,PEPLEC_clean,7.22831,6.81306,7.22831,1.03011,1642.0,1594.0,0.0,0.0,0.618,0.599935,0.0,0,0.0026508709,0.3838893753,0.3864367187442497
PEPLOM_clean,PEPLOM_clean,5.48105,5.23227,5.47438,1.20095,1296.27,1079.37,0.0,0.0,0.5572,0.463966,0.0,0,0.0016608518,0.2602181363,0.24648335230237525
PEQWAK_clean,PEQWAK_clean,5.99001,5.4678,5.99001,1.06078,1335.71,1259.17,0.0,0.0,0.5666,0.534134,0.0,1,0.0020011794,0.2959191057,0.2906045648151255
PETNOS_clean,PETNOS_clean,4.14513,2.83276,4.14154,2.28542,0.0,0.0,407.946,178.499,0.4244,0.185699,0.0,0,0.0007807051,0.1122873938,0.10975049664149958
PEVFON_clean,PEVFON_clean,11.13773,3.47627,11.13633,0.923906,1490.46,1613.21,0.0,0.0,0.6306,0.682537,0.0,0,0.0024073579,0.356547564,0.3513377453921269
PEVZAT_clean,PEVZAT_clean,3.95096,3.16385,3.95096,1.39135,0.0,0.0,388.835,279.466,0.4324,0.310778,0.0,0,0.0006929763,0.1001215656,0.10161277957462536
PEWFII_clean,PEWFII_clean,4.2167,2.74504,4.09989,2.1516,0.0,0.0,768.518,357.184,0.518,0.240751,0.0,1,0.0009040347,0.1335037296,0.13247884655287545
PEWKOT_clean,PEWKOT_clean,5.45411,3.32069,4.75757,1.65307,436.668,264.155,126.937,76.7882,0.457,0.276455,0.0,0,0.0008508742,0.1198573137,0.12419493221350003
PEWLUA_clean,PEWLUA_clean,17.77125,7.51947,12.45937,0.588936,2255.4,3829.62,0.0,0.0,0.7974,1.35397,0.0,1,0.0063729028,0.9320485462,0.9132218613406277
PEYPIU_clean,PEYPIU_clean,4.73554,3.50341,4.73554,1.41341,845.394,598.124,0.0,0.0,0.4704,0.332812,0.0,0,0.0011191404,0.1694418252,0.1634684756794998
PEZCII_clean,PEZCII_clean,12.50562,10.18861,12.50562,0.9535,1419.23,1488.44,0.0,0.0,0.6362,0.667226,0.0,1,0.002639234,0.3942067833,0.3865578717788755
PIGXUZ_clean,PIGXUZ_clean,4.56718,3.56694,4.54309,1.41248,518.542,367.114,0.0,0.0,0.408,0.288854,0.0,0,0.0006414849,0.0981538753,0.09748670109687498
PIHNUQ_clean,PIHNUQ_clean,4.36505,3.62057,4.36492,1.46153,400.036,273.71,0.0,0.0,0.4114,0.281486,0.0,1,0.000516058,0.0782236019,0.07552114711587513
PIJJOI_clean,PIJJOI_clean,6.12931,4.00789,6.08289,1.09199,859.144,786.767,2.75763,2.52532,0.5414,0.495791,0.0,0,0.001384689,0.1989373951,0.2044321852680008
PIQMOT_clean,PIQMOT_clean,6.47127,5.32823,6.30186,1.23035,1074.68,873.471,0.0,0.0,0.4866,0.395496,0.0,0,0.0015398889,0.2183357768,0.22483074952437446
PIQMUZ_clean,PIQMUZ_clean,5.76653,4.2611,5.71921,1.16552,750.166,643.631,0.0,0.0,0.4826,0.414063,0.0,1,0.0010452567,0.1501536095,0.1538270924418755
PITPEP_clean,PITPEP_clean,11.41966,9.93708,11.41966,0.952882,1649.81,1731.39,0.565272,0.593223,0.622,0.652757,0.0,1,0.0026300194,0.3912081051,0.3865844000508756
PIZNOB_clean_h,PIZNOB_clean_h,5.81424,4.85489,5.81424,1.50508,1940.53,1289.33,0.0,0.0,0.5884,0.390944,0.0,1,0.0016622218,0.2380008485,0.24684743065299883
PIZPAP_clean_h,PIZPAP_clean_h,5.02301,4.09369,4.55915,1.6437,1625.99,989.228,0.0,0.0,0.5662,0.344467,0.0,1,0.0013754317,0.1949538566,0.200226674461
PIZRUN_clean,PIZRUN_clean,5.3818,4.43333,5.37307,1.2127,1196.95,987.011,0.0,0.0,0.5248,0.432754,0.0,1,0.0014316503,0.2123925031,0.2108289797991244
POBNEA_clean,POBNEA_clean,12.6133,10.84896,12.6133,0.646582,1753.98,2712.69,2.26513,3.50323,0.7374,1.14046,0.0,1,0.005324107,0.727616075,1.6728055170248688
POFSIN01_clean,POFSIN01_clean,6.99195,5.64457,6.99195,1.04057,2621.47,2519.27,0.0,0.0,0.7274,0.699041,0.0,0,0.0025823636,0.405872542,0.3918387815281256
POKSUF_clean,POKSUF_clean,3.99213,3.01057,3.99185,2.03856,0.0,0.0,204.745,100.436,0.37,0.181501,0.0,1,0.0003232411,0.0529224263,0.04961136037649985
POKVOC_clean,POKVOC_clean,4.95633,2.87904,4.95047,2.04103,0.0,0.0,365.069,178.865,0.402,0.196959,0.0,1,0.0003466671,0.0503539799,0.05195311627049969
POLBAT_clean,POLBAT_clean,4.56307,2.807,4.55215,2.50493,0.0,0.0,554.41,221.328,0.4158,0.165993,0.0,0,0.0012534468,0.1756454428,0.1775760186074998
POLBEX_clean,POLBEX_clean,8.55331,7.31354,8.46863,1.98623,1149.15,578.559,46.9518,23.6386,0.5414,0.272577,0.0,1,0.0017109535,0.2412992448,0.24452907511199914
POLBOH_clean,POLBOH_clean,4.29177,3.07519,4.29174,1.60977,0.0,0.0,552.062,342.945,0.5444,0.338186,0.0,1,0.0013601971,0.2082842151,0.19900471946362536
POLDOK_clean,POLDOK_clean,5.06326,4.95206,5.06326,1.44271,500.914,347.204,76.3428,52.9162,0.4724,0.327439,0.0,1,0.0008091283,0.1175850783,0.11488172737912535
POMSER_clean,POMSER_clean,7.01968,3.83495,7.01968,1.10319,1326.02,1201.98,0.0,0.0,0.5236,0.474622,0.0,1,0.0019895365,0.2841160721,0.28399090014887574
POMSOB_clean,POMSOB_clean,5.67937,4.56222,5.67937,1.11643,1180.95,1057.79,0.0,0.0,0.5376,0.481534,0.0,1,0.0018047533,0.2652307757,0.2667988086429993
POSGAH_clean,POSGAH_clean,6.19197,4.53531,6.16887,1.09324,1845.26,1687.87,0.0,0.0,0.5814,0.531812,0.0,0,0.0022897918,0.3281678415,0.32882637033825135
POVXII_clean,POVXII_clean,4.522,2.81232,4.46146,1.57551,0.0,0.0,327.166,207.657,0.4076,0.25871,0.0,0,0.0004169121,0.0600109881,0.06262550363024987
POYPAW_clean,POYPAW_clean,7.97392,4.92371,7.96142,0.954107,1622.71,1700.76,0.0,0.0,0.5818,0.609785,0.0,0,0.0024177306,0.3536683967,0.35558460171625034
PUDSUD_clean,PUDSUD_clean,7.08521,6.02588,7.08155,0.996555,2169.83,2177.33,0.0,0.0,0.6624,0.66469,0.0,1,0.0029021131,0.4336332574,0.41918567364062675
PUFNUB_clean,PUFNUB_clean,4.95108,3.29964,4.95034,1.53377,0.0,0.0,393.158,256.335,0.3948,0.257405,0.0,0,0.0005925864,0.1016527055,0.08629970074137507
PUFRIR_clean,PUFRIR_clean,5.81593,4.39318,5.8122,0.99503,2005.1,2015.11,0.0,0.0,0.6314,0.634554,0.0,1,0.0021741592,0.3245454885,0.3280367029213754
PUFXIZ_clean,PUFXIZ_clean,4.99812,2.62764,4.99812,1.37474,0.0,0.0,756.157,550.036,0.5084,0.369815,0.0,1,0.0010304345,0.1638406983,0.14987341657875067
PUGFOO_clean,PUGFOO_clean,5.53782,2.93974,5.53782,1.24874,0.0,0.0,867.644,694.817,0.4948,0.39624,0.0,1,0.0015745847,0.2323624968,0.2281946380681228
PUGHIK_clean,PUGHIK_clean,5.58453,2.94571,4.54434,1.24413,0.0,0.0,889.639,715.072,0.4992,0.401246,0.0,1,0.0015949215,0.2332761357,0.23395371571437362
PUKVAU_clean,PUKVAU_clean,6.34308,4.86227,6.34308,1.0986,1347.83,1226.86,0.0,0.0,0.5706,0.519389,0.0,1,0.0015869877,0.2320588357,0.23475052835762494
PUMNIV_clean,PUMNIV_clean,5.71977,3.98662,5.71104,1.66821,1567.24,939.473,0.0,0.0,0.6384,0.382685,0.0,1,0.001332312,0.188262842,0.19750894712687472
PUQXUV_clean,PUQXUV_clean,5.37589,5.08075,5.29758,1.50363,233.241,155.118,324.657,215.915,0.4578,0.304462,0.0,1,0.0008012947,0.1212172639,0.11621958013587524
PURJIW_clean,PURJIW_clean,8.03037,6.16762,8.02661,0.894418,1849.84,2068.21,0.0,0.0,0.6498,0.726506,0.0,1,0.0027942004,0.4230271302,0.4112151838311265
PUZJOL_clean,PUZJOL_clean,4.83061,4.03981,4.83061,1.24259,1148.92,924.616,0.0,0.0,0.519,0.417676,0.0,0,0.0016810753,0.2477080015,0.23704827431225095
PUZKUS_clean,PUZKUS_clean,5.50979,4.91819,5.49321,1.14051,1329.3,1165.53,0.0,0.0,0.5506,0.482765,0.0,1,0.0021713916,0.3124305112,0.3108540680084991
PYDCUT_clean,PYDCUT_clean,5.31645,4.73242,5.31645,1.56466,1273.49,813.911,0.0,0.0,0.5466,0.349342,0.0,0,0.0013089735,0.1857897352,0.19011457853224978
QADWOK_clean,QADWOK_clean,4.58729,3.99418,4.55638,1.86546,733.177,393.026,0.0,0.0,0.4474,0.239833,0.0,0,0.0008109041,0.1182355809,0.11693844654674948
QAGDIO_clean,QAGDIO_clean,12.81046,10.08472,12.79582,0.728225,1959.77,2691.16,0.0,0.0,0.7164,0.983763,0.0,1,0.0045265345,0.6631268725,0.6549136914184976
QAHMUJ_clean,QAHMUJ_clean,3.54119,3.22591,3.52141,2.39047,0.0,0.0,279.023,116.723,0.4056,0.169674,0.0,1,0.0006132989,0.0872206533,0.08710641677275038
QAJJOB_clean,QAJJOB_clean,5.4172,2.71161,4.91153,2.53284,0.0,0.0,892.976,352.559,0.5096,0.201197,0.0,1,0.0012524714,0.1697431377,0.17972499733799946
QAPQEE_clean,QAPQEE_clean,4.84641,3.70884,4.84641,1.26705,1206.55,952.253,0.0,0.0,0.5406,0.426661,0.0,1,0.0011376224,0.1707765348,0.1701763298981255
QAWPIO_clean,QAWPIO_clean,5.34571,3.76875,5.30515,1.53902,932.084,605.634,189.024,122.821,0.49,0.318384,0.0,1,0.0012258182,0.1852537207,0.17714564431587498
QAWREM_clean,QAWREM_clean,4.54212,3.52572,4.54212,1.85502,694.124,374.186,0.0,0.0,0.4334,0.233636,0.0,1,0.0008042391,0.1179241933,0.11535348708537495
QAWRIQ_clean,QAWRIQ_clean,4.49398,3.4919,4.49398,1.89418,683.645,360.919,0.0,0.0,0.429,0.226483,0.0,1,0.0008227854,0.1155138612,0.12035076463825034
QEBGEL_clean,QEBGEL_clean,6.08453,4.84553,6.08453,1.01993,1460.11,1431.58,0.0,0.0,0.5522,0.54141,0.0,0,0.0022054165,0.3179342513,0.32060929531712495
QEFNAQ_clean,QEFNAQ_clean,6.2895,4.867,6.2895,1.2915,870.104,673.714,94.8179,73.4166,0.5222,0.404335,0.0,1,0.0010839352,0.1591331982,0.16284480392450063
QEKLID01_clean,QEKLID01_clean,5.1388,3.13884,4.865,1.58675,0.0,0.0,1002.67,631.903,0.4998,0.314984,0.0,1,0.0011081469,0.1642685763,0.20350782460275052
QEKLID_clean,QEKLID_clean,5.12126,3.15373,5.07214,1.59211,0.0,0.0,997.398,626.461,0.5014,0.314927,0.0,1,0.00117731,0.1630513052,0.1705404578018751
QESLOQ_clean,QESLOQ_clean,6.6747,4.69389,6.6747,2.0556,1217.11,592.095,0.0,0.0,0.5328,0.259195,0.0,1,0.0012504427,0.1887639641,0.18114232882849987
QEZZEC_clean,QEZZEC_clean,4.41457,3.13321,4.41457,2.18001,0.0,0.0,724.76,332.456,0.522,0.239448,0.0,0,0.0007700075,0.1169338799,0.11310711982637475
QEZZOL_clean,QEZZOL_clean,6.25588,3.45747,6.04611,1.73068,941.451,543.977,0.0,0.0,0.483,0.279081,0.0,1,0.0007316049,0.107605584,0.11012820778262487
QIHXIQ_clean,QIHXIQ_clean,9.72743,8.74819,9.72743,0.867164,1773.91,2045.64,0.0,0.0,0.6572,0.757873,0.0,1,0.0029894209,0.4385921563,0.44148304947699857
QIPROY_clean,QIPROY_clean,5.10002,3.64368,4.72082,0.794412,2326.28,2928.3,0.0,0.0,0.6568,0.826775,0.0,1,0.0033763353,0.4734606692,0.48937364377662607
QIQZIB_clean,QIQZIB_clean,8.62906,4.33786,8.62906,1.28033,1914.7,1495.48,0.0,0.0,0.6336,0.494873,0.0,1,0.0023870601,0.3397014228,0.34261149621050196
QISNIR_clean,QISNIR_clean,6.57248,5.45743,6.53468,1.21872,2929.79,2404.0,0.0,0.0,0.7294,0.598499,0.0,1,0.0025499045,0.3840085609,0.381258281296124
QIVQAP_clean,QIVQAP_clean,5.96532,3.96258,5.96532,1.08722,942.027,866.452,0.0,0.0,0.4728,0.434869,0.00073582,1,0.0013440502,0.1907802716,0.1992989755937499
QIVZEC_clean,QIVZEC_clean,5.08249,2.6083,4.77531,1.23808,0.0,0.0,716.512,578.726,0.4712,0.380588,0.0,0,0.0008027431,0.1295467806,0.11731594372075006
QIWCOQ_clean,QIWCOQ_clean,7.90536,6.37424,7.89587,0.88756,1705.8,1921.9,0.0,0.0,0.6366,0.717248,0.0,1,0.0031790733,0.4660196936,0.45886749564399987
QIXNES_clean,QIXNES_clean,5.40564,4.53621,5.32703,1.33406,1524.22,1142.54,0.0,0.0,0.5456,0.408976,0.0,1,0.0016960925,0.2452036926,0.24725331140337453
QIYCOS_clean,QIYCOS_clean,4.98252,2.67355,4.98066,1.13718,0.0,0.0,632.572,556.262,0.4942,0.434582,0.0,1,0.000871202,0.1118119435,0.1266749431288751
QOBGEV_clean,QOBGEV_clean,7.79609,3.48851,7.69085,1.10244,1557.79,1413.04,0.0,0.0,0.6186,0.56112,0.0,0,0.0024178283,0.354957797,0.3536020934317509
QODHUO10_clean,QODHUO10_clean,7.01033,3.79821,6.75812,1.33845,1014.35,757.851,0.0,0.0,0.488,0.364601,0.0,1,0.0010039936,0.1527130063,0.14891498032712489
QODHUO11_clean,QODHUO11_clean,7.01042,3.80896,6.9255,1.3366,1007.71,753.939,0.0,0.0,0.4868,0.364209,0.0,1,0.0010755746,0.1552713307,0.15448391719362414
QOFCEV_clean,QOFCEV_clean,7.0406,3.82805,7.0406,1.32731,1013.17,763.33,0.0,0.0,0.4912,0.370073,0.0,1,0.0010514044,0.1564389381,0.15507065376125
QOFCOF_clean,QOFCOF_clean,7.02932,3.80353,7.02932,1.32333,1025.15,774.676,0.0,0.0,0.4948,0.373906,0.0,1,0.0010830116,0.1577580742,0.15751623542068818
QOFDIA01_clean,QOFDIA01_clean,7.07034,3.75403,6.76838,1.31589,1019.32,774.626,0.0,0.0,0.4958,0.37678,0.0,1,0.0010681376,0.1575526273,0.15649178777193842
QOHTOX_clean,QOHTOX_clean,3.99648,2.79601,3.98656,1.18737,0.0,0.0,498.682,419.987,0.4748,0.399874,0.0,0,0.0009125716,0.1387587035,0.13257303843975032
QOJTUE_clean,QOJTUE_clean,4.99075,4.07072,4.98875,1.39072,1473.66,1059.64,0.0,0.0,0.5964,0.428841,0.0,1,0.0017246742,0.2572770979,0.25459892215362556
QOJVAM_clean,QOJVAM_clean,5.27687,4.07489,5.26218,1.3881,1464.38,1054.95,0.0,0.0,0.585,0.421438,0.0,1,0.0017982624,0.2595726451,0.2579902282258761
QOKCID_clean,QOKCID_clean,4.30865,3.85554,4.26496,1.71497,435.499,253.939,0.0,0.0,0.3688,0.215047,0.0,1,0.0004987241,0.0678709723,0.07259864028299978
QONLIQ_clean,QONLIQ_clean,6.00653,4.86996,6.00653,0.931336,2311.78,2482.22,0.0,0.0,0.6534,0.701573,0.0,1,0.0028999942,0.4316554159,0.4282378604431264
QONQAM_clean,QONQAM_clean,6.95521,6.65822,6.95521,0.957388,1627.93,1700.38,0.0,0.0,0.609,0.636106,0.0,0,0.0030655292,0.3938035899,0.39652926121524873
QOPZIF_clean,QOPZIF_clean,6.77563,4.15655,6.73512,1.06978,1861.11,1739.71,0.0,0.0,0.6378,0.596196,0.0,1,0.0025282923,0.3634353198,0.36932628001837353
QOSJIT_clean,QOSJIT_clean,8.05472,3.98,7.82448,1.13518,1829.79,1611.9,0.0,0.0,0.6248,0.550399,0.0,1,0.0023692308,0.3516631845,0.3454962735393767
QOWLEU_clean_h,QOWLEU_clean_h,7.55178,5.63017,7.55178,1.41332,1270.28,898.791,0.0,0.0,0.5304,0.375286,0.0,0,0.0011798824,0.171525051,0.17317415399687533
QOWQUO_manual,QOWQUO_manual,16.36508,5.22924,16.36508,0.720668,2111.4,2929.78,0.0,0.0,0.7092,0.984087,0.0,1,0.004407301,0.6258603467,0.6334398285387504
QUJJUC_clean,QUJJUC_clean,6.37183,4.25289,6.36461,1.09976,2598.54,2362.82,0.0821372,0.0746863,0.689,0.626499,0.0,0,0.002818431,0.4085118479,0.41523283900612684
QUPDEL01_clean,QUPDEL01_clean,4.31787,3.88877,4.31787,2.05035,791.695,386.128,0.0,0.0,0.4768,0.232546,0.0,1,0.000793676,0.1172790604,0.11463850341224997
QUSCAJ_clean,QUSCAJ_clean,5.41421,3.75067,5.4093,1.171,1325.63,1132.04,0.0,0.0,0.5476,0.467633,0.0,1,0.0015151494,0.2211255967,0.2250443591541258
QUSCEN_clean,QUSCEN_clean,5.44405,4.31312,5.4378,1.17461,1160.52,988.008,0.0,0.0,0.5346,0.455132,0.0,0,0.0018677586,0.272365329,0.2708004813620005
QUSRUT_clean,QUSRUT_clean,5.91349,3.768,5.90805,2.1648,1012.46,467.691,0.0,0.0,0.5258,0.242886,0.0,1,0.0007167258,0.1060783681,0.10637275503649977
QUTTII01_clean,QUTTII01_clean,5.86223,4.35313,5.84737,1.55825,1478.82,949.028,0.0,0.0,0.4966,0.31869,0.0,1,0.0016571648,0.2271922233,0.24172647033149963
QUXRAE_clean,QUXRAE_clean,5.03286,3.68439,5.03149,1.56261,456.108,291.888,0.0,0.0,0.3404,0.21784,0.0,0,0.0007421324,0.1039661064,0.10689768035187541
RACZEC_clean,RACZEC_clean,5.79552,5.04854,5.77825,1.51587,900.967,594.354,0.0,0.0,0.4678,0.308601,0.0,0,0.0009146103,0.1307159338,0.13233743152524988
RAFNUH_clean,RAFNUH_clean,4.89776,4.80325,4.89776,1.32249,640.157,484.055,0.0,0.0,0.4324,0.326959,0.0,0,0.0006730288,0.0986108281,0.10031283354199984
RAJFAM_clean,RAJFAM_clean,5.76966,4.83521,5.76966,1.51984,1227.59,807.709,0.0,0.0,0.4906,0.322798,0.0,1,0.0012649948,0.1941447963,0.18709640538125058
RANWAH_clean,RANWAH_clean,16.74527,9.32901,16.72649,0.807635,1226.12,1518.16,378.27,468.367,0.6974,0.863509,0.0,1,0.0043364596,0.6329934382,0.6188600315602492
RAPBOZ_clean,RAPBOZ_clean,6.26431,4.41375,6.26263,1.54927,1120.19,723.042,0.0,0.0,0.4916,0.31731,0.0,1,0.001542629,0.1757844245,0.22318330773062517
RAVWAO_clean,RAVWAO_clean,17.92516,17.51395,17.92516,0.536552,1469.43,2738.65,0.0,0.0,0.7562,1.40937,0.0,1,0.0061492124,0.8849667375,0.9362680223092507
RAWZIA_clean,RAWZIA_clean,5.39589,4.8012,5.39589,1.33412,1219.23,913.881,0.0,0.0,0.473,0.35454,0.0,0,0.0016632581,0.2218857774,0.24186893215075006
RAZYIC_clean,RAZYIC_clean,7.88308,6.20532,7.88308,1.40501,1615.19,1149.59,0.0,0.0,0.5966,0.424622,0.0,0,0.0018667392,0.2736031431,0.26789975991800036
RAZYOI_clean,RAZYOI_clean,7.72531,5.99694,7.71841,1.07668,1740.27,1616.34,0.0,0.0,0.608,0.564701,0.0,0,0.0023663966,0.3636752469,0.3462838423230001
REDYEG_clean,REDYEG_clean,6.00247,5.30071,6.00247,1.71779,1047.72,609.926,0.0,0.0,0.4804,0.279662,0.0,0,0.0009009622,0.1382022334,0.13129572865274972
REGJIW01_clean,REGJIW01_clean,4.19061,3.96956,4.19061,2.19605,565.019,257.289,0.0,0.0,0.3638,0.165661,0.0,0,0.0006850306,0.0923414195,0.10058707876962522
REGQUR_clean,REGQUR_clean,6.37556,5.47534,6.06532,1.03259,2464.11,2386.34,0.0,0.0,0.6836,0.662025,0.0,1,0.0030572378,0.4473602741,0.43923416134712434
REGRIG_clean,REGRIG_clean,9.2158,6.6287,9.19553,0.813635,2298.6,2825.1,0.0,0.0,0.7402,0.909744,0.0,1,0.0040935665,0.6006093675,0.6042735040176247
REHHOD_clean,REHHOD_clean,9.5023,7.30426,9.5023,0.978772,2065.68,2110.48,0.0,0.0,0.6764,0.69107,0.0,1,0.0030883917,0.4642904348,0.45126546446824883
REHVAD_clean,REHVAD_clean,5.39014,4.09776,5.39014,1.21945,848.775,696.033,0.0,0.0,0.4626,0.379352,0.0,0,0.0012546966,0.1771821802,0.18098950059749988
REJVOS_clean,REJVOS_clean,4.89378,3.67275,4.89056,1.38833,813.018,585.609,0.0,0.0,0.4646,0.334647,0.0,0,0.0009677114,0.1377592752,0.14101809833400045
REKCUG_clean,REKCUG_clean,5.13391,3.39797,5.11577,1.71878,1203.69,700.316,0.0,0.0,0.566,0.329302,0.0,0,0.001223007,0.1739979984,0.18064708522475
REWSUJ_clean,REWSUJ_clean,7.20015,5.05884,7.19749,1.17107,1370.13,1169.98,0.0,0.0,0.5526,0.471877,0.0,1,0.0017902096,0.2513732227,0.26424281561400076
REXDAB_clean,REXDAB_clean,10.30851,5.62434,10.27466,1.28435,1767.21,1375.95,0.0,0.0,0.652,0.507649,0.0,0,0.001927561,0.2883619373,0.28907342524374874
REXDEF_clean,REXDEF_clean,8.48446,5.31586,8.48446,1.36884,1680.23,1227.48,0.0,0.0,0.6354,0.464188,0.0,0,0.0017715391,0.2483196229,0.26162115528500063
REXDIJ_clean,REXDIJ_clean,8.90631,7.09895,8.90631,1.2857,1723.1,1340.2,0.0,0.0,0.6524,0.507429,0.0,0,0.0019828598,0.282648378,0.2925720111576248
REXFEH_clean,REXFEH_clean,9.20954,5.96123,9.20203,1.33437,1715.88,1285.91,0.0,0.0,0.627,0.469885,0.0,0,0.0018465876,0.2641015285,0.2698226897746245
REXFUX_clean,REXFUX_clean,8.11172,6.18424,8.11172,1.35522,1728.2,1275.22,0.0,0.0,0.6386,0.471215,0.0,0,0.0017399398,0.2578330054,0.2601134157562484
REYMOZ_clean,REYMOZ_clean,13.17296,6.59717,13.17189,0.883255,2124.84,2405.69,0.0,0.0,0.7188,0.813808,0.0,1,0.0038838287,0.5635808077,0.5706361697896265
RIBDEN_clean,RIBDEN_clean,6.08901,5.09508,6.08573,0.93229,2330.9,2500.19,0.0,0.0,0.6512,0.698495,0.0,0,0.003281024,0.4788181361,0.47309527350949865
RIGTIL_clean,RIGTIL_clean,6.02864,4.29629,6.02864,1.13222,1723.76,1522.46,0.0,0.0,0.6098,0.538588,0.0,0,0.0023747732,0.3433891672,0.3457692999335007
RIGVOU_clean,RIGVOU_clean,4.93156,4.16902,4.92505,2.31703,753.709,325.291,0.0,0.0,0.3776,0.162967,0.0,0,0.0006262521,0.0880612955,0.09073645594687531
RIGWIP_clean,RIGWIP_clean,5.39694,5.17369,5.38654,2.25257,825.556,366.496,0.0,0.0,0.3946,0.175178,0.0,0,0.0006641868,0.0972110015,0.09734611810562509
RILVOZ_clean,RILVOZ_clean,4.31101,3.3071,4.17578,1.30078,0.0,0.0,552.123,424.455,0.4892,0.376082,0.0,1,0.0010873376,0.1597361879,0.15766167212362478
RIPKIM_clean,RIPKIM_clean,7.16555,6.65101,7.16555,1.28891,929.295,720.995,0.0,0.0,0.4824,0.374271,0.0,0,0.0009840895,0.1486608057,0.1439584710153752
RIPTEQ_clean,RIPTEQ_clean,5.96,4.10144,5.96,2.02284,1713.13,846.891,0.0,0.0,0.5442,0.269027,0.0,1,0.0011317785,0.1680246948,0.16380935367812557
RIXPIZ_clean,RIXPIZ_clean,9.94535,8.42715,9.94535,0.56995,2088.86,3665.0,0.0,0.0,0.7428,1.30327,0.0,0,0.0060967828,0.8470749526,0.869023559721876
RIYBIM_clean,RIYBIM_clean,8.35741,7.50788,8.28491,1.24126,2090.26,1683.99,0.0,0.0,0.6636,0.534619,0.0,0,0.0022554043,0.3241804705,0.3232421697491256
ROCZOA_clean,ROCZOA_clean,6.50104,5.23642,6.50104,0.958325,2491.0,2599.32,0.0,0.0,0.685,0.714789,0.0,1,0.0030096465,0.4420037719,0.43824268390362414
ROCZUG_clean,ROCZUG_clean,6.74711,5.16908,6.7416,0.926118,2487.32,2685.75,0.0,0.0,0.688,0.742886,0.0,1,0.0032167798,0.4598462324,0.4749826640176233
ROJNEJ_clean,ROJNEJ_clean,4.01951,2.77756,4.018,1.69461,0.0,0.0,471.602,278.295,0.4414,0.260472,0.0,0,0.0010417281,0.1404442402,0.1525166077044996
ROLZEZ_clean,ROLZEZ_clean,6.54271,5.20454,6.54271,1.10411,1262.09,1143.08,86.4297,78.2797,0.5632,0.510092,0.0,0,0.0016923575,0.2512302034,0.2521580177633759
RONWIA_clean,RONWIA_clean,5.83208,4.50922,5.82484,1.11758,1988.36,1779.17,0.0,0.0,0.6574,0.588235,0.0,1,0.0018650942,0.2805297146,0.26950929196237505
RONZOJ_clean,RONZOJ_clean,4.79668,3.08547,4.79668,1.8064,0.0,0.0,616.399,341.231,0.4724,0.261515,0.0,1,0.000638995,0.0938341454,0.09650834686462476
ROQDIM01_clean,ROQDIM01_clean,5.18977,2.65274,5.18977,1.04189,0.0,0.0,919.887,882.899,0.579,0.555719,0.0,0,0.0014436312,0.2154801356,0.2129447484903736
ROQDIM03_clean,ROQDIM03_clean,5.26519,2.71024,5.26519,1.02435,0.0,0.0,974.413,951.248,0.5848,0.570897,0.0,0,0.0015569394,0.2206027881,0.22525543175712623
ROQDIM04_clean,ROQDIM04_clean,5.29945,2.73341,5.29945,1.02055,0.0,0.0,991.231,971.271,0.5856,0.573808,0.0,0,0.0015219677,0.2297821559,0.2225889169173767
ROQFUA04_clean,ROQFUA04_clean,5.27507,2.77816,5.27507,0.996978,0.0,0.0,1010.45,1013.51,0.5684,0.570123,0.0,0,0.0016167362,0.2388994564,0.23416515912100005
ROQMER01_clean,ROQMER01_clean,5.16557,2.65175,5.16557,1.0453,0.0,0.0,913.508,873.92,0.5746,0.549699,0.0,0,0.0013332387,0.2022956129,0.20141392767862404
ROQVIE_clean,ROQVIE_clean,8.20229,7.33404,8.17219,0.896085,1741.45,1943.4,0.0,0.0,0.6732,0.751268,0.0,0,0.0033052411,0.4796624895,0.4749823786812485
RORTAV_clean,RORTAV_clean,9.60382,5.42977,9.56238,0.669195,1791.93,2677.74,407.039,608.252,0.711,1.06247,0.0,0,0.0047626627,0.6682579701,0.6917244930371244
RUBGUS_clean,RUBGUS_clean,4.4617,3.54667,4.45263,1.35931,320.757,235.971,161.359,118.706,0.4638,0.341202,0.0,1,0.0012283563,0.1713297627,0.1770938079336247
RUBTAK02_SL,RUBTAK02_SL,8.49537,3.88559,8.49537,1.23841,1654.63,1336.08,0.0,0.0,0.5866,0.47367,0.000322994,0,0.001953054,0.276784503,0.2826860218691233
RUFDUT_clean,RUFDUT_clean,4.69173,3.85639,4.65615,1.66558,994.805,597.274,0.0,0.0,0.4696,0.281944,0.0,1,0.0010448706,0.1539269048,0.15558386203362493
RUFMUA01_clean,RUFMUA01_clean,4.11681,2.9225,4.01453,1.51217,0.0,0.0,359.122,237.488,0.3882,0.256717,0.0,1,0.0007940414,0.1149329041,0.11221329137912489
RUGGOR_clean,RUGGOR_clean,3.79357,2.90303,3.79357,1.85676,0.0,0.0,281.227,151.461,0.5222,0.281242,0.0,1,0.0007171473,0.1113741433,0.10434963680800002
RUGGUX_clean,RUGGUX_clean,3.78929,2.90906,3.78929,1.90405,0.0,0.0,267.972,140.738,0.52,0.273102,0.0,1,0.0006656869,0.1040096708,0.09700742541762508
RUGKAH_clean,RUGKAH_clean,3.92683,2.69591,3.92683,2.3372,0.0,0.0,182.176,77.9463,0.4314,0.18458,0.0,0,0.0003617584,0.0563462995,0.05538331076687477
RUGKOV_clean,RUGKOV_clean,6.88401,5.43231,6.88401,0.929347,2753.28,2962.6,0.0,0.0,0.6968,0.749773,0.0,1,0.0034160072,0.4926695435,0.5016342226246265
RUGPEQ_clean,RUGPEQ_clean,5.86915,3.30945,5.86915,1.4685,0.0,0.0,772.006,525.711,0.481,0.327545,0.0,1,0.0010570717,0.1577993827,0.15592336252899988
RUHCED_SL,RUHCED_SL,6.00951,5.54585,6.00744,1.22913,1471.94,1197.55,0.0,0.0,0.5726,0.465859,0.0,0,0.002016512,0.302284236,0.2966187151056262
RULBOQ_clean,RULBOQ_clean,7.47442,6.27169,7.47442,1.39226,1576.48,1132.32,0.0,0.0,0.6106,0.438569,0.0,1,0.001344099,0.2123630542,0.19802314411462552
RUPNEW_clean,RUPNEW_clean,10.23147,2.96242,10.21002,0.999099,0.0,0.0,1249.09,1250.22,0.5932,0.593735,0.0,0,0.0020861183,0.2968553607,0.30206592286075046
RUSXAG_clean,RUSXAG_clean,6.44133,3.78742,6.3358,1.2672,1503.0,1186.08,0.0,0.0,0.5486,0.432924,0.0,1,0.0016909476,0.2549082722,0.24657219437450018
RUSXEK_clean,RUSXEK_clean,6.54291,3.90146,6.54291,1.24418,1488.27,1196.19,0.0,0.0,0.5602,0.450258,0.0,1,0.0017458825,0.2636616304,0.2530014962164993
RUVMAX_clean,RUVMAX_clean,5.22433,4.41387,5.22043,1.2008,1767.14,1471.63,0.0,0.0,0.5696,0.474351,0.0,1,0.0020839877,0.2935597348,0.30289646587575003
RUWWOW_clean,RUWWOW_clean,5.0384,3.90108,5.0384,1.48575,1143.96,769.955,0.0,0.0,0.494,0.332493,0.0,1,0.001209403,0.1789837328,0.17684610850524993
RUWXAJ_clean,RUWXAJ_clean,5.17293,4.0299,5.17293,1.53238,836.842,546.106,0.0,0.0,0.4794,0.312847,0.0,1,0.0008363379,0.1298820711,0.122991485396375
RUYQIN01_clean,RUYQIN01_clean,9.71547,7.35837,9.71529,1.15099,1450.59,1260.3,0.0,0.0,0.5838,0.507215,0.0,1,0.0020350443,0.3082921022,0.2963583923830012
RUYQIN02_clean,RUYQIN02_clean,9.7478,7.37011,9.74761,1.14404,1452.85,1269.93,0.0,0.0,0.5842,0.510647,0.0,1,0.0021405852,0.3049797425,0.3082108885863746
RUYQIN03_clean,RUYQIN03_clean,9.69288,7.37414,9.69288,1.14102,1457.05,1276.97,0.0,0.0,0.586,0.513575,0.0,0,0.0020792452,0.3068551226,0.301418965942375
RUYVIS_clean,RUYVIS_clean,15.8929,13.20205,15.79897,0.679059,1536.4,2262.54,0.0,0.0,0.7374,1.08592,0.0,0,0.0043527776,0.6553317641,1.6257542041312496
S2052520616005515_bm5080sup1_clean,S2052520616005515_bm5080sup1_clean,4.47894,3.61798,4.46305,1.15409,1529.36,1325.16,0.0,0.0,0.5662,0.490602,0.0,0,0.0020828967,0.3049893818,0.3025036792343757
SABVOH_manual,SABVOH_manual,6.26548,5.9824,6.25328,0.999416,1586.53,1587.46,0.0,0.0,0.5914,0.591745,0.0,0,0.0028351188,0.3659005617,0.3916028589068736
SABVUN_clean_h_min,SABVUN_clean_h_min,7.01984,6.76477,7.01984,0.978971,1612.66,1647.3,0.0,0.0,0.5868,0.599405,0.0,0,0.0028406249,0.3895172947,0.39461386374512375
SABZON_clean,SABZON_clean,4.43149,2.88604,4.41864,1.7717,0.0,0.0,426.863,240.934,0.4294,0.242366,0.0,1,0.0007196977,0.1047480501,0.10422223566225006
SARGOJ_clean,SARGOJ_clean,11.21149,10.84114,11.20988,1.13101,1553.18,1373.27,0.0,0.0,0.6422,0.56781,0.0,1,0.0028105847,0.40481235,0.409886278766003
SARHEA_clean,SARHEA_clean,11.57288,10.94497,11.57288,1.13911,1582.39,1389.14,0.0,0.0,0.6384,0.560437,0.0,1,0.0028832566,0.4267329142,0.41911005932225026
SASKIH_clean,SASKIH_clean,3.73163,2.8065,3.72675,1.83974,0.0,0.0,147.343,80.0892,0.4642,0.252318,0.0,1,0.0006493955,0.099404293,0.09696568085387529
SATRIP_clean,SATRIP_clean,5.64735,4.63209,5.64735,1.5207,2001.22,1315.99,0.0,0.0,0.609,0.400475,0.0,1,0.0017465497,0.2466196747,0.24940264340949894
SAXLEK_clean,SAXLEK_clean,9.25038,8.58806,9.25038,1.08002,1714.03,1587.03,0.0,0.0,0.6988,0.647023,0.0,1,0.0023664928,0.3481217981,0.3417264190651246
SAYTOD_clean,SAYTOD_clean,6.38142,4.3971,6.36474,1.32305,2428.66,1835.65,0.0,0.0,0.7024,0.530895,0.0,1,0.0017183339,0.2617715405,0.25375808332175054
SAYTUJ_clean,SAYTUJ_clean,5.53716,4.24775,5.50087,1.26647,2678.26,2114.75,0.0,0.0,0.7138,0.563615,0.0,1,0.0018660492,0.2713905419,0.2708563846598748
science.1056698_manual,science.1056698_manual,16.36523,5.22927,16.36523,0.720658,2117.08,2937.7,0.0,0.0,0.7092,0.9841,0.0,1,0.0044588226,0.6386008922,1.8326454673513681
SEFBOV_clean,SEFBOV_clean,5.65834,5.15011,5.64688,1.02534,2480.47,2419.17,0.0,0.0,0.6702,0.653638,0.0,1,0.0027886939,0.405062358,0.404903053849
SEFSOM_clean,SEFSOM_clean,7.74471,4.63206,7.74435,1.3092,888.245,678.465,0.0,0.0,0.4856,0.370914,0.0,0,0.0011366084,0.1512830531,0.1677391720666248
SEFVEG02_clean,SEFVEG02_clean,11.61381,3.82654,11.61381,0.901728,1567.52,1738.35,0.0,0.0,0.642,0.711966,0.0,0,0.0024256648,0.3687422509,0.3573885859268764
SEFWOR_clean,SEFWOR_clean,11.5954,3.6311,11.5954,0.926162,1578.03,1703.84,0.0,0.0,0.6492,0.700957,0.0,0,0.0023433734,0.3571598008,0.3513929325291275
SEHSOO_clean,SEHSOO_clean,5.47299,4.61822,5.4729,1.35698,2221.14,1636.82,0.0,0.0,0.6394,0.471192,0.0,1,0.0022566581,0.3193442182,0.3246597288616261
SEQSIS_clean,SEQSIS_clean,5.53296,4.93164,5.53296,1.1424,1232.92,1079.24,0.0,0.0,0.546,0.477942,0.0,1,0.0019216662,0.2912091418,0.2763781531121252
SERCEZ_clean,SERCEZ_clean,10.07441,8.56931,10.07441,0.708098,2363.51,3337.82,0.0,0.0,0.7424,1.04844,0.0,1,0.0047804133,0.6765069495,0.7083768436066233
SERJOP_clean,SERJOP_clean,8.8151,8.02852,8.80673,1.47492,1445.52,980.069,0.0,0.0,0.5668,0.384292,0.0,1,0.0015044533,0.2310776366,0.22679894961887406
SETQIT_clean,SETQIT_clean,4.41727,4.22902,4.41727,1.31505,1081.66,822.523,0.0,0.0,0.5234,0.398009,0.0,0,0.0013879482,0.208608104,0.20329727327575015
SETSIV_clean,SETSIV_clean,10.19056,8.58608,10.19056,0.702208,2298.35,3273.03,0.0,0.0,0.7264,1.03445,0.0,1,0.0047811705,0.7183843364,0.6980438198292492
SEWCED_clean,SEWCED_clean,12.17369,9.5104,12.17369,0.810307,1760.05,2172.08,0.0,0.0,0.6728,0.830303,0.0,1,0.0033067842,0.4772061508,0.4850670832192474
SIDCAL_clean,SIDCAL_clean,9.18075,7.95829,9.18075,1.0779,1545.97,1434.24,0.0,0.0,0.5948,0.551815,0.0,0,0.0019377512,0.2922464358,0.28800660568424985
SIFVAG_clean,SIFVAG_clean,5.52904,3.49181,5.49354,1.16245,673.998,579.808,0.0,0.0,0.4796,0.412577,0.0,1,0.0009358539,0.1428685879,0.1371999263415002
SINVAM_clean,SINVAM_clean,4.31766,3.04283,4.31766,2.07819,0.0,0.0,366.904,176.55,0.4626,0.222598,0.0,0,0.0010361737,0.1547053981,0.15048120261800013
SISQES_clean,SISQES_clean,5.97003,5.21528,5.97003,1.65966,1234.67,743.931,0.0,0.0,0.5184,0.312353,0.0,1,0.0012980057,0.1950348993,0.18743656485987478
SIVJIS_clean,SIVJIS_clean,6.47513,4.62269,6.40533,1.38853,1236.89,890.797,0.0,0.0,0.5274,0.379827,0.0,0,0.0013296582,0.2083735522,0.19906568984924988
SIVWUR_clean,SIVWUR_clean,4.87776,4.03318,4.87776,1.72206,462.742,268.715,0.0,0.0,0.3598,0.208936,0.0,0,0.0006302741,0.0901690694,0.09110193448387514
SIWTEZ_clean,SIWTEZ_clean,6.78942,4.98966,6.77665,1.39975,1050.66,750.605,0.0,0.0,0.4732,0.33806,0.0,1,0.0013294507,0.1866031142,0.19528256631950047
SIWZOP_clean,SIWZOP_clean,3.50117,3.2101,3.48713,1.31981,0.0,0.0,29.3794,22.2604,0.4692,0.355507,0.0,0,0.0006226173,0.0862970966,0.09099038671800001
SIZGEO_clean,SIZGEO_clean,4.71719,3.11365,4.26779,1.80677,0.0,0.0,1041.57,576.483,0.5266,0.291459,0.0,0,0.0009473855,0.1368545359,0.1382979588221254
SOHBUO_clean,SOHBUO_clean,4.82292,4.04207,4.82292,1.2506,823.12,658.177,0.0,0.0,0.481,0.384614,0.0,1,0.0008364069,0.1328397575,0.12430175407212482
SOHGUS_clean,SOHGUS_clean,9.69532,8.17838,9.6883,0.723839,1841.74,2544.41,0.0,0.0,0.707,0.976737,0.0,0,0.0041876852,0.6051692625,0.6048926743381207
SOMFAC_clean,SOMFAC_clean,6.70637,6.34214,6.70637,1.04875,2285.42,2179.2,0.0,0.0,0.6702,0.639049,0.0,0,0.0032349174,0.4752048367,0.4676838186735018
SOMFEG_clean,SOMFEG_clean,6.71551,6.34258,6.71551,1.05531,2284.15,2164.44,0.0,0.0,0.6512,0.61707,0.0,0,0.0031921921,0.467236563,0.4605938857953764
SONVIB_neutral_b,SONVIB_neutral_b,13.19327,6.63983,13.19327,0.881013,2113.29,2398.7,0.0,0.0,0.7204,0.817695,0.0,1,0.0038360397,0.5772426643,0.5682664952195021
SOQHIR01_clean,SOQHIR01_clean,5.29124,3.26263,5.25532,1.49431,0.0,0.0,1049.8,702.532,0.5198,0.347852,0.0,0,0.0014790337,0.2169891019,0.21682056692337492
SOSSEA_clean,SOSSEA_clean,4.66034,3.46037,4.63504,1.16769,974.945,834.933,0.0,0.0,0.5088,0.435731,0.0,0,0.0014954478,0.2090148439,0.21487267881087532
SOTBIM_clean,SOTBIM_clean,5.21188,2.9066,5.19393,1.48535,0.0,0.0,616.213,414.86,0.4698,0.316289,0.0,1,0.0014677012,0.2151794447,0.21408190935374946
SOTWUV_clean,SOTWUV_clean,6.18672,5.12197,6.18672,1.20466,2258.56,1874.85,0.0,0.0,0.6516,0.540898,0.0,1,0.0024320124,0.3505254345,0.36186357869337493
SOVLEW_clean,SOVLEW_clean,16.78989,6.64048,16.78989,0.755158,2186.99,2896.07,0.0,0.0,0.742,0.982576,0.0,1,0.0047409298,0.6680004115,0.748772969808876
SOXZIP_clean,SOXZIP_clean,4.84498,3.39045,4.84498,1.74398,722.336,414.188,0.0,0.0,0.47,0.269498,0.0,1,0.0008569352,0.1267593612,0.1236490439691247
SOYWUZ_clean,SOYWUZ_clean,13.18202,6.56101,13.18202,0.874244,2168.24,2480.14,0.0,0.0,0.7172,0.820366,0.0,1,0.0039745856,0.5647310662,0.5728443916873747
SOYYEL_clean,SOYYEL_clean,4.14906,3.0252,4.14906,2.08619,0.0,0.0,225.886,108.277,0.4644,0.222607,0.0,1,0.0009075865,0.1341658298,0.12975680085962588
SOZSUX_clean,SOZSUX_clean,8.70746,3.96873,8.68609,1.0202,1783.95,1748.63,0.0,0.0,0.6284,0.615958,0.0,1,0.0028216,0.4142325137,0.4126119867571258
SUBMIN_clean,SUBMIN_clean,9.97573,6.14945,9.9755,0.833875,1650.14,1978.89,0.0,0.0,0.635,0.761505,0.0,0,0.0028726608,0.4360052535,0.5974618877264968
SUJQOE_clean,SUJQOE_clean,4.04841,2.83947,4.00192,1.20423,0.0,0.0,502.971,417.671,0.488,0.405239,0.0,0,0.0009188233,0.1429200193,0.5389973475400002
SUKYIH_clean,SUKYIH_clean,9.64677,7.09331,9.64677,0.59954,2372.38,3957.0,0.0,0.0,0.7742,1.29132,0.0,1,0.0060485338,0.8537961296,0.8622266021828762
SUNJIV_clean,SUNJIV_clean,4.89155,3.90131,4.73471,1.36084,1754.51,1289.29,0.0,0.0,0.5968,0.438553,0.0,1,0.0017898971,0.2600358159,0.25973344084612565
SUNJOB_clean,SUNJOB_clean,4.89048,3.89627,4.72752,1.37509,1744.51,1268.65,0.0,0.0,0.5894,0.428626,0.0,1,0.0018130978,0.2574464,0.26623445501724996
SUNLET_clean,SUNLET_clean,14.87522,10.10535,14.86073,0.621573,1621.79,2609.18,0.0,0.0,0.734,1.18088,0.0,1,0.0048291567,0.7062669044,0.6990684281766242
SUTJIC_clean,SUTJIC_clean,5.35062,3.21758,5.35062,1.19271,0.0,0.0,406.99,341.232,0.445,0.373101,0.0,1,0.0005647893,0.0832706985,0.08424433251462503
SUVNEE_clean,SUVNEE_clean,15.6562,6.95834,15.6562,0.815704,1584.31,1942.26,314.611,385.692,0.6944,0.851289,0.0,1,0.0037380097,0.5415975606,0.5380404546768746
SUVZUG_clean,SUVZUG_clean,5.03983,3.1326,5.03983,1.62871,0.0,0.0,611.92,375.709,0.465,0.285502,0.0,1,0.0007708323,0.1139017434,0.11256468723462504
TACFIN_clean,TACFIN_clean,4.11781,3.54093,4.10826,2.15064,560.827,260.772,0.0,0.0,0.499,0.232024,0.0,0,0.0007917284,0.1152978006,0.11550345907662458
TACJIS_clean,TACJIS_clean,4.83288,3.1608,4.83288,1.22564,0.0,0.0,811.728,662.29,0.5448,0.444503,0.0,1,0.0014032183,0.1922707748,0.20636105496512552
TACPIX_clean,TACPIX_clean,6.11363,6.00668,6.11363,1.71163,630.3,368.246,0.0,0.0,0.4286,0.250405,0.0,0,0.0007043783,0.0978522044,0.10291948584162527
TACWUS_clean,TACWUS_clean,6.83932,5.17767,6.83932,0.667047,2492.87,3737.18,0.0,0.0,0.6944,1.04101,0.0,1,0.0047101248,0.692727996,0.6789094987216242
TACYAX_clean,TACYAX_clean,5.05515,2.69572,5.05515,1.22535,0.0,0.0,567.11,462.815,0.494,0.40315,0.0,1,0.0008600294,0.1215132989,0.12695711430962472
TADCAE_clean,TADCAE_clean,4.68506,3.03191,4.68506,1.61627,0.0,0.0,308.786,191.048,0.4632,0.286585,0.0,1,0.0005162863,0.0810824264,0.07773677810512486
TAFBIN_clean,TAFBIN_clean,4.89948,3.22692,4.89948,1.6684,0.0,0.0,451.74,270.763,0.4126,0.247303,0.0,0,0.0004288237,0.0702641096,0.0616633166425
TAFPOG_clean,TAFPOG_clean,4.50085,2.84285,4.46717,1.62237,0.0,0.0,597.144,368.069,0.487,0.300178,0.0,0,0.0012043089,0.1321478887,0.17122716237887456
TAGTIH_clean,TAGTIH_clean,7.18408,5.4183,7.18408,0.735724,2753.27,3742.25,0.0,0.0,0.7098,0.964764,0.0,1,0.0044881189,0.6511000762,0.6583998701771232
TAGTUT_clean,TAGTUT_clean,8.9985,5.11189,8.9985,0.769828,1964.88,2552.36,0.0,0.0,0.6538,0.849281,0.0,1,0.0037801155,0.5715137693,0.550748947288499
TAKGOE_clean,TAKGOE_clean,10.5248,9.55919,10.5248,1.53175,1232.21,804.446,0.0,0.0,0.5862,0.3827,0.0,1,0.0013430963,0.2061429903,0.1967497717571255
TAKHEV_clean,TAKHEV_clean,10.20812,9.46941,10.20812,1.57295,1231.54,782.951,0.0,0.0,0.5872,0.373312,0.0,1,0.001394094,0.2023347472,0.19926913709125008
TAKTIL_clean,TAKTIL_clean,7.09237,6.9712,7.09237,1.23349,1578.28,1279.52,0.0,0.0,0.5866,0.47556,0.0,0,0.0026871607,0.3719123574,0.38256606210499894
TAKYEL_clean,TAKYEL_clean,7.08068,3.12698,7.08068,1.56884,0.0,0.0,572.755,365.082,0.49,0.312333,0.0,1,0.0008538088,0.1222447624,0.12353480189975023
TAMHUM_clean,TAMHUM_clean,11.15594,7.259,10.84071,0.82433,2033.72,2467.12,0.0,0.0,0.7282,0.883384,0.0,1,0.0034603804,0.4892638271,0.512379984777628
TANMIH_clean,TANMIH_clean,5.18859,3.46319,5.18859,1.38533,742.681,536.106,0.0,0.0,0.453,0.326999,0.0,1,0.0009344173,0.138482235,0.1340467126998748
TARVUD_clean,TARVUD_clean,5.52201,5.05683,5.52201,1.5754,822.863,522.32,0.0,0.0,0.431,0.273582,0.0,1,0.0008295861,0.1190078932,0.12228129214825026
TARWAK_clean,TARWAK_clean,5.7222,5.11854,5.62643,1.61442,844.237,522.933,0.0,0.0,0.433,0.268207,0.0,1,0.0007085123,0.1066226437,0.10444527583525012
TASFAU_clean,TASFAU_clean,11.93851,7.45098,11.93851,0.561345,2465.98,4393.0,0.0,0.0,0.7892,1.40591,0.0,1,0.0058987498,0.8417643644,0.9156921128355009
TASWAN_clean,TASWAN_clean,7.61281,6.7795,7.61281,1.23616,1858.69,1503.6,0.0,0.0,0.6202,0.501716,0.0,1,0.002133028,0.3017329857,0.30883086754862654
TASWER_clean,TASWER_clean,7.18775,6.56186,7.17833,1.27687,1841.49,1442.19,0.0,0.0,0.6088,0.47679,0.0,1,0.0019719329,0.2838887855,0.2901544249627487
TASWIV_clean,TASWIV_clean,7.31506,6.71653,7.31506,1.25001,1853.82,1483.05,0.0,0.0,0.6122,0.489757,0.0,1,0.0020913717,0.2973531366,0.30834834589400006
TASXIW_clean,TASXIW_clean,7.39302,4.84143,7.39302,1.10616,2095.82,1894.67,0.0,0.0,0.6304,0.569897,0.0,1,0.0025815629,0.3788459119,0.3783580691133743
TATFOL_clean,TATFOL_clean,3.86509,3.12277,3.86037,1.12318,0.0,0.0,276.205,245.912,0.4878,0.434301,0.0,0,0.0010124959,0.1477155228,0.14531125034712505
TAWHOO_clean,TAWHOO_clean,4.38999,3.64477,4.35876,1.86492,695.401,372.886,0.0,0.0,0.4262,0.228535,0.0,0,0.0016452914,0.14168965,0.1543422369819994
TAYNEN_clean,TAYNEN_clean,5.31191,3.45332,5.31191,1.3024,757.68,581.756,0.0,0.0,0.4834,0.371161,0.0,0,0.000860196,0.125280923,0.1297209574354997
TAZSAP02_clean,TAZSAP02_clean,4.8997,3.82043,4.80699,1.96517,851.036,433.06,0.0,0.0,0.4368,0.222271,0.0,1,0.0005661565,0.0848383362,0.08664490478725011
TEFWOR_clean,TEFWOR_clean,8.09113,4.61719,8.09113,1.43313,1313.7,916.666,0.0,0.0,0.5436,0.379311,0.0,0,0.0015428401,0.2263180807,0.22569686243437512
TEJGIA01_clean,TEJGIA01_clean,4.64544,3.84764,4.60599,1.88324,1040.62,552.567,0.0,0.0,0.4686,0.248826,0.0,1,0.0007624877,0.1090022184,0.11444300033275008
TENLIJ_clean,TENLIJ_clean,5.37557,4.41973,5.36241,1.14422,1308.35,1143.45,0.0,0.0,0.5684,0.496758,0.0,0,0.0017059614,0.2595416981,0.2517130410367499
TENQOS_clean,TENQOS_clean,6.34819,4.3477,6.32525,1.05624,2172.8,2057.11,0.0,0.0,0.6388,0.604787,0.0,1,0.0022542632,0.3288492295,0.33526060948887504
TERNUA_clean,TERNUA_clean,7.01847,4.73004,6.9462,1.44294,1426.15,988.361,0.0,0.0,0.5566,0.385739,0.0,1,0.0017773741,0.2449113603,0.2531736445298755
TESGOO_clean,TESGOO_clean,4.76391,3.62987,4.72184,1.92126,733.455,381.758,0.0,0.0,0.4574,0.238073,0.0,0,0.000717778,0.101255859,0.10714723538924982
TEWFUY_clean,TEWFUY_clean,5.12402,3.76853,5.12402,1.20256,906.265,753.612,0.0,0.0,0.4818,0.400645,0.0,1,0.0013511,0.199503578,0.19749429679200034
TIDLEZ_clean,TIDLEZ_clean,7.0595,6.90616,7.0592,1.03857,2192.07,2110.66,0.0,0.0,0.6778,0.652626,0.0,0,0.0023568581,0.3635673384,0.34249599293412536
TIFZIR_clean,TIFZIR_clean,5.07264,3.5666,4.83614,1.48604,1551.78,1044.24,0.0,0.0,0.6264,0.421523,0.0,0,0.0017633703,0.2548062805,0.25446521357400065
TIGQOR_clean,TIGQOR_clean,6.65565,3.03325,6.64798,1.54592,0.0,0.0,1165.13,753.681,0.5468,0.353704,0.0,0,0.0019096284,0.2482818606,0.2641183193229995
TIKMEH_clean,TIKMEH_clean,5.55473,4.01932,4.70025,1.57489,444.086,281.979,505.527,320.992,0.4674,0.296782,0.0,1,0.0010002194,0.1427008067,0.14384987138612546
TILHAZ_clean,TILHAZ_clean,7.88517,4.63235,7.88517,1.00373,1853.27,1846.38,0.563729,0.561634,0.6258,0.623475,0.0,1,0.0021699384,0.3421962571,0.3277365821535014
TILVUF_clean,TILVUF_clean,5.76983,4.47642,5.76568,1.10794,2807.97,2534.4,0.0,0.0,0.7218,0.651478,0.0,0,0.0024117689,0.3615851863,0.3579989339339994
TIRRIW_clean,TIRRIW_clean,6.09614,5.02444,6.09614,1.07096,1529.04,1427.73,0.0,0.0,0.5558,0.518974,0.0,0,0.0021803587,0.3099919273,0.3160484140604998
TISJOW_clean,TISJOW_clean,5.34187,2.66918,5.33691,1.40296,0.0,0.0,253.748,180.867,0.3892,0.277414,0.0,0,0.0003758718,0.0481217077,0.055191014262374806
TISPAO_clean,TISPAO_clean,11.19601,4.56022,11.19601,1.01627,1481.21,1457.5,344.513,338.997,0.6604,0.649826,0.0,0,0.0027502751,0.4147834237,0.4107333984957527
TOBKAY_clean,TOBKAY_clean,10.72174,9.5428,10.71607,1.08933,1630.18,1496.5,0.0,0.0,0.666,0.611383,0.0,1,0.0029335091,0.41432355,0.42727665947899934
TOHQEO_clean,TOHQEO_clean,5.89344,4.18847,5.89146,0.984353,1685.69,1712.48,0.0,0.0,0.5842,0.593486,0.0,0,0.0024105861,0.3457803738,0.35300579062337534
TOKDON_clean,TOKDON_clean,5.68269,4.05076,5.58356,1.1925,2235.99,1875.04,0.0,0.0,0.6214,0.52109,0.0,1,0.0024178224,0.3637566459,0.353264150766626
TOLYOJ_clean,TOLYOJ_clean,5.56011,4.7997,5.54043,0.908517,1594.37,1754.91,0.0,0.0,0.5744,0.632239,0.0,1,0.0023241613,0.3495897948,0.3384041789811231
TONTUN_clean,TONTUN_clean,8.01411,3.79872,8.01411,0.818446,2057.67,2514.12,0.0,0.0,0.6292,0.768774,0.0,0,0.0033259557,0.4915653489,0.47895122996849937
TOPKIT_clean,TOPKIT_clean,8.32819,5.0756,8.31268,0.957644,2418.19,2525.15,0.0,0.0,0.6634,0.692742,0.0,1,0.0033287864,0.4957906774,0.4752482014432504
TORJUH_clean,TORJUH_clean,5.30819,3.79107,5.29306,1.12185,1513.8,1349.38,0.0,0.0,0.5828,0.519498,0.0,1,0.0018279404,0.2637404827,0.26806391051787437
TORXAB_clean,TORXAB_clean,5.19491,4.25541,5.19491,1.88967,495.266,262.092,0.0,0.0,0.436,0.230728,0.0,0,0.0004900072,0.0752323764,0.0722084522611247
TOWLIC_clean,TOWLIC_clean,6.99656,4.17509,6.73263,1.1525,2487.14,2158.04,0.0,0.0,0.672,0.58308,0.0,1,0.0025906612,0.3806582075,0.38484303108412526
TOZHAR_clean,TOZHAR_clean,4.71595,3.81365,4.64425,1.35498,1755.8,1295.81,0.0,0.0,0.6366,0.469823,0.0,1,0.0017494869,0.2369838038,0.255163962432
TUBLIN_clean,TUBLIN_clean,5.27232,3.84215,5.27232,1.23985,960.484,774.675,0.0,0.0,0.4788,0.386175,0.0,0,0.001073861,0.1675280754,0.15663284278112496
TUCJAD_clean,TUCJAD_clean,5.76369,4.27387,5.76369,1.22067,1421.06,1164.17,0.0,0.0,0.5556,0.455161,0.0,1,0.0019051805,0.2775917609,0.27935379503862545
TULNIZ_clean,TULNIZ_clean,3.79019,3.04272,3.77541,1.30452,0.0,0.0,157.061,120.397,0.4438,0.340202,0.0,1,0.0006059783,0.0948820188,0.08910919320375027
TUMQOJ_clean,TUMQOJ_clean,4.83352,3.39459,4.83073,1.1864,1126.19,949.248,0.0,0.0,0.5328,0.449088,0.0,0,0.0016633612,0.2448746693,0.2397682724207506
TUMRIE_clean,TUMRIE_clean,4.83008,3.62775,4.83008,1.3408,1128.82,841.902,0.0,0.0,0.5312,0.396182,0.0,1,0.001369203,0.2095677679,0.20243746912237495
TUMRUQ_clean,TUMRUQ_clean,4.43288,3.27602,4.41951,1.24946,0.0,0.0,828.416,663.018,0.521,0.41698,0.0,0,0.0014380457,0.210394539,0.20980093372899972
TUPDOZ_clean,TUPDOZ_clean,4.88368,4.4419,4.87874,1.30126,809.227,621.881,0.0,0.0,0.487,0.374254,0.0,1,0.00125352,0.175030247,0.18626277548437464
TUQWIL_clean,TUQWIL_clean,5.32706,3.3808,5.32706,1.42065,1391.69,979.613,0.0,0.0,0.6154,0.433181,0.0,0,0.0018030702,0.2735567999,0.262444424902126
TURDUH_clean,TURDUH_clean,6.62446,4.36886,6.61015,1.02982,1359.58,1320.21,0.0,0.0,0.5506,0.534658,0.0,0,0.0018730571,0.2697894017,0.27345658349250046
TUTHOG_clean,TUTHOG_clean,7.58539,5.94334,7.58539,1.03555,1488.56,1437.45,0.0,0.0,0.5586,0.539422,0.0,1,0.0025434726,0.3652307424,0.36040595871937486
TUVDIX_clean,TUVDIX_clean,7.2691,3.21232,7.26262,1.4641,0.0,0.0,687.25,469.401,0.5046,0.344649,0.0,1,0.0009305971,0.141434832,0.13455464382524926
TUVDOD_clean,TUVDOD_clean,7.24385,3.14901,7.23939,1.53287,0.0,0.0,676.575,441.377,0.5018,0.327359,0.0,1,0.0008957293,0.1371684813,0.1310324020867502
TUVDUJ_clean,TUVDUJ_clean,7.2946,3.15351,7.2946,1.55416,0.0,0.0,687.896,442.616,0.5052,0.325063,0.0,1,0.000871113,0.133815838,0.1272421521516248
TUYHUR_clean,TUYHUR_clean,9.01467,4.33972,9.01467,1.00323,2258.33,2251.06,0.0,0.0,0.7092,0.706918,0.0,1,0.0029295049,0.4299512697,0.42008729904462405
TUYLIJ_clean,TUYLIJ_clean,4.51754,3.71437,4.51754,1.86429,822.472,441.171,0.0,0.0,0.4454,0.238911,0.0,0,0.0017926169,0.1518398379,0.2110313316633744
UBIPAY_clean,UBIPAY_clean,4.38835,3.9606,4.38835,1.21218,1031.09,850.605,0.0,0.0,0.4942,0.407694,0.0,1,0.0012512615,0.1966873236,0.18596752776549993
UBUMAH_clean,UBUMAH_clean,7.09336,6.41082,6.96082,0.845931,2610.44,3085.88,0.0,0.0,0.7132,0.843094,0.0,1,0.0038042116,0.5519540214,0.5644822364322549
UCABAE_clean,UCABAE_clean,5.42772,4.56824,5.1729,1.09568,662.018,604.208,511.165,466.528,0.544,0.496495,0.0,0,0.0018413107,0.2577468644,0.2692164619113751
UCOXOZ_clean,UCOXOZ_clean,6.74707,6.10487,6.74209,1.02439,1598.25,1560.2,14.8613,14.5075,0.5836,0.569706,0.0,1,0.0018466702,0.289916574,0.270770425642376
UCUTIW_clean,UCUTIW_clean,6.35635,5.83008,6.34586,1.00359,1563.59,1558.0,0.0,0.0,0.6334,0.631134,0.0,1,0.0022429251,0.3391083234,0.32740119933762457
UDUMIP02_clean,UDUMIP02_clean,7.11427,6.32764,7.10696,1.42622,1719.35,1205.53,0.0,0.0,0.5884,0.412559,0.0,1,0.0018025091,0.2619541256,0.2620181934228753
UFEMIC_clean,UFEMIC_clean,5.26486,4.19267,5.24985,1.20943,1737.26,1436.43,0.0,0.0,0.6508,0.538107,0.0,0,0.001515351,0.2390123347,0.2284657375987501
UFEXIN_clean,UFEXIN_clean,5.2808,5.11213,5.27438,2.36936,1181.21,498.534,0.0,0.0,0.4788,0.20208,0.0,1,0.0007765435,0.1096614264,0.1147538385831249
UFISUY_clean,UFISUY_clean,3.9371,2.93732,3.9371,1.55788,0.0,0.0,454.444,291.707,0.52,0.333788,0.0,0,0.001248094,0.1735676729,0.17986531059162505
UGEPEB01_clean,UGEPEB01_clean,3.67281,2.96848,3.51772,1.84538,0.0,0.0,166.86,90.4204,0.382,0.207003,0.0,1,0.0003135459,0.048040632,0.0471906412958751
UGOFED_clean,UGOFED_clean,5.38504,4.20309,4.96349,1.22232,1169.34,956.656,0.0,0.0,0.5274,0.431476,0.0,1,0.0017350592,0.2383209378,0.2518157868292514
UJAQAY_clean,UJAQAY_clean,3.85934,2.81383,3.84308,1.41324,0.0,0.0,285.6,202.089,0.4266,0.301859,0.0,1,0.0009846619,0.1337508626,0.14205518285187504
UJAQUS_clean,UJAQUS_clean,7.15939,6.10118,7.07981,0.989707,2008.92,2029.81,0.0,0.0,0.6442,0.6509,0.0,1,0.0027867267,0.4206816199,0.407479783727375
UJECUI_clean,UJECUI_clean,4.88745,3.19638,4.88745,1.6249,0.0,0.0,476.407,293.192,0.4724,0.290726,0.0,0,0.0006846343,0.1005024348,0.10129028177062514
UKAZEM_clean,UKAZEM_clean,10.77132,8.65206,10.76899,0.789293,2030.11,2572.07,0.0,0.0,0.7756,0.982652,0.0,1,0.0042897993,0.6373112569,0.6137523521168743
UKOZOK_clean,UKOZOK_clean,5.16699,3.99697,5.16538,2.08607,1456.61,698.257,0.0,0.0,0.5214,0.249944,0.0,1,0.0009636501,0.143275203,0.14248526673875045
UKUBOS_clean,UKUBOS_clean,7.20509,4.51731,7.20509,1.01682,1332.64,1310.6,0.0,0.0,0.5496,0.540507,0.0,0,0.002178247,0.3111258975,0.31606457991400044
UKUPUL_clean,UKUPUL_clean,6.90717,5.2805,6.90717,1.43379,1465.65,1022.22,1.90531,1.32886,0.5222,0.364209,0.0138095,1,0.0016902266,0.2135983522,0.2495586599661247
UMESOW_clean,UMESOW_clean,7.17498,4.93769,6.17391,1.56952,1391.65,886.672,0.0,0.0,0.5498,0.350298,0.0,1,0.001626396,0.2267686109,0.23167989706237432
UMIZEX_clean,UMIZEX_clean,6.27903,5.11829,6.27347,1.43647,1654.12,1151.52,0.0,0.0,0.554,0.385668,0.0,1,0.0016013029,0.2327493695,0.23261646961262492
UMOBEF04_clean,UMOBEF04_clean,9.82687,5.92931,9.82687,0.641251,2696.95,4205.76,1.10178,1.71818,0.73,1.1384,0.0,1,0.00521761,0.7647875596,0.7470277056833755
UMOBEF09_clean,UMOBEF09_clean,9.30813,6.0393,8.12664,0.731985,2350.62,3211.3,0.0,0.0,0.696,0.95084,0.0,1,0.004157783,0.6345409201,0.6086043340647487
UMODEH09_clean,UMODEH09_clean,7.58377,5.1021,6.14779,0.720299,2563.17,3558.48,0.0,0.0,0.6962,0.966543,0.0,1,0.0044172683,0.6215047803,0.6353212422733726
UMOVEZ02_clean,UMOVEZ02_clean,10.40783,5.7016,10.40783,0.554264,2884.62,5204.42,0.0,0.0,0.768,1.38562,0.0,1,0.0062638495,0.9380251353,0.9088115939432511
UMOYOM05_clean,UMOYOM05_clean,8.7274,5.24016,8.7274,0.61176,2969.67,4854.31,0.0,0.0,0.7308,1.19459,0.0,1,0.0054773323,0.8136898978,0.8029280954347568
UMOYOM17_clean,UMOYOM17_clean,7.20985,4.99864,5.97659,0.754372,2435.06,3227.93,0.0,0.0,0.675,0.894784,0.0,1,0.0037155988,0.5703444601,0.5478911162154987
UMUTOM_clean,UMUTOM_clean,4.23207,3.31267,4.03201,2.15948,191.333,88.6013,66.504,30.7963,0.4068,0.188378,0.0,1,0.0005068469,0.0783066981,0.07494669195512493
UMUTUS_clean,UMUTUS_clean,4.65879,3.19932,3.74179,1.91364,0.0,0.0,597.436,312.199,0.5256,0.27466,0.0,1,0.0009817244,0.1390102499,0.1443039323878749
UMUXEG_clean,UMUXEG_clean,9.49806,8.4757,9.49806,2.20878,1092.16,494.464,0.0,0.0,0.5272,0.238684,0.0,1,0.0008731098,0.1278974408,0.12830816949562526
UNABUH_clean,UNABUH_clean,4.05523,3.33892,4.05523,1.54893,319.939,206.556,0.0,0.0,0.4028,0.260051,0.0,1,0.0006769315,0.0967697611,0.09866823227637457
UNADIX_clean,UNADIX_clean,6.75931,3.87519,6.75562,1.24165,1862.26,1499.83,0.0,0.0,0.6188,0.498371,0.0,0,0.0023769653,0.3395482479,0.343136980831127
UNECUN_clean,UNECUN_clean,8.22196,7.00638,8.21981,1.18297,2033.93,1719.35,0.0,0.0,0.6502,0.549636,0.0,1,0.0025277497,0.3578558403,0.36825887262674967
UREVOE_clean,UREVOE_clean,4.98141,3.80725,4.69195,1.62966,1156.15,709.443,0.0,0.0,0.5054,0.310125,0.0,1,0.0011881693,0.168237192,0.17258680806774976
URUVUA_clean,URUVUA_clean,9.76128,4.51984,9.76128,1.07567,2198.26,2043.62,0.0,0.0,0.6792,0.631422,0.0,1,0.0027354717,0.4126632096,0.4021031340537511
USUPUV_clean,USUPUV_clean,5.56088,3.62011,5.55354,1.39664,1062.12,760.484,0.0,0.0,0.503,0.36015,0.0,1,0.0009621987,0.1427937201,0.1482759907667509
USUVIP_clean,USUVIP_clean,7.94489,4.42991,7.94489,1.30315,1252.83,961.391,0.0,0.0,0.5286,0.405634,0.0,1,0.0014033392,0.2195092722,5.841568189960128
UTELIQ_clean,UTELIQ_clean,6.45449,5.48487,6.42215,0.86074,1771.9,2058.57,0.0,0.0,0.608,0.706369,0.0,1,0.0032172636,0.4529363597,0.4552676838253737
UTEMAJ_clean,UTEMAJ_clean,8.09581,6.09927,8.09581,0.734825,2275.05,3096.04,0.0,0.0,0.6682,0.909332,0.0,1,0.0040135181,0.5858171185,0.5803769960461236
UTEWOG_clean,UTEWOG_clean,14.59149,9.55269,14.59149,0.752086,1312.92,1745.71,424.373,564.261,0.7204,0.957869,0.0,1,0.0046942538,0.6777520918,0.6720552062157503
UTOCAJ_clean,UTOCAJ_clean,6.32412,4.71832,6.32412,1.02969,1479.29,1436.63,0.0,0.0,0.5216,0.506558,0.0,1,0.0021386626,0.3253839532,0.3010059645568755
UTOCEN_clean,UTOCEN_clean,6.30527,4.82361,6.30527,1.02298,1494.45,1460.88,0.0,0.0,0.5268,0.514966,0.0,1,0.0024089724,0.340389125,0.34057535495837643
UTODIR_clean,UTODIR_clean,4.32077,3.11759,4.30092,1.26449,0.0,0.0,444.048,351.168,0.47,0.371692,0.0,1,0.0006839171,0.0981473822,0.10137070078600019
UVANUC_clean,UVANUC_clean,4.85728,3.61043,4.47871,1.46742,436.6,297.529,393.627,268.244,0.5082,0.346323,0.0,1,0.0012068202,0.1742696688,0.1753654210173748
UVASAM01_clean,UVASAM01_clean,4.77005,3.25481,4.64812,1.22201,0.0,0.0,436.833,357.471,0.4558,0.372992,0.0,0,0.0009594776,0.1284983838,0.14065278634762485
UVIPIZ_clean,UVIPIZ_clean,13.16154,6.50431,13.16154,0.868575,2146.52,2471.31,0.0,0.0,0.7192,0.828023,0.0,1,0.0038845654,0.558579036,0.5685809622335012
UVUDUM_clean,UVUDUM_clean,7.11279,4.8596,7.11279,1.37449,836.385,608.506,0.0,0.0,0.489,0.355769,0.0,1,0.0007951509,0.1165959217,0.11699316154324968
UWELIS_clean,UWELIS_clean,5.99371,4.57547,5.83222,0.952092,2140.18,2247.87,0.0,0.0,0.6406,0.672834,0.0,1,0.0031593976,0.4578730259,0.45158985823662384
UXIQOJ_clean,UXIQOJ_clean,7.1779,7.04787,7.1779,1.13503,1629.42,1435.57,0.0,0.0,0.592,0.521571,0.0,0,0.0024048562,0.3595588893,0.35664443602137474
UXUNUX_clean,UXUNUX_clean,7.36512,5.79316,6.13107,0.678518,2356.29,3472.7,0.0,0.0,0.6988,1.02989,0.0,1,0.0040754766,0.6058141095,0.6069306654247509
UXUPEK_clean,UXUPEK_clean,3.5089,3.03222,3.5089,2.40709,0.0,0.0,19.5977,8.14166,0.4116,0.170995,0.0,1,0.0003866994,0.062320207,0.05570084442187481
UZEKEQ_clean,UZEKEQ_clean,4.76828,3.67807,4.76182,1.66742,847.636,508.351,0.0,0.0,0.4118,0.246968,0.0,1,0.0006563777,0.0941646045,0.09691019702012524
VABJIS_clean,VABJIS_clean,4.14214,4.05323,4.14214,1.37391,738.742,537.692,0.0,0.0,0.5042,0.366981,0.0,0,0.0008394132,0.118098451,0.12277070903374968
VACFOV_clean_h,VACFOV_clean_h,7.04016,6.80377,7.04016,0.930569,2533.92,2722.98,0.0,0.0,0.6628,0.712252,0.0,0,0.0031975422,0.4919220604,0.4704919041017506
VACFUB01_clean,VACFUB01_clean,8.53124,8.3704,8.53124,1.18192,1047.12,885.95,0.0,0.0,0.5384,0.455532,0.0,0,0.0016884927,0.243119637,0.2449689345915001
VAGBEN_clean,VAGBEN_clean,6.05449,4.8127,6.05449,1.78797,959.833,536.829,0.0,0.0,0.4822,0.269692,0.0,1,0.0007571697,0.1150474918,0.11366397825574978
VAGBOX_clean,VAGBOX_clean,5.4847,3.8221,5.12718,1.96889,508.317,258.175,0.0,0.0,0.435,0.220937,0.0,1,0.0004038513,0.061331875,0.05902138749024985
VAGBUD_clean,VAGBUD_clean,10.23495,9.48231,10.23335,1.57268,1211.54,770.363,0.0,0.0,0.5868,0.37312,0.0,1,0.0013543441,0.2023643456,0.19697256256425025
VAGJET_clean,VAGJET_clean,4.15802,3.46053,4.1496,2.48318,463.195,186.533,0.0,0.0,0.361,0.145378,0.0,1,0.000376541,0.0519211318,0.05684677378787512
VAGTAA_clean,VAGTAA_clean,5.69119,4.40372,5.677,0.872253,1821.29,2088.03,0.0,0.0,0.638,0.731439,0.0,1,0.0032009724,0.4550990547,0.46914171222287343
VAHFAM_clean,VAHFAM_clean,3.93084,2.99919,3.90041,2.10134,0.0,0.0,476.421,226.723,0.3874,0.184359,0.0,0,0.0006577529,0.1004441685,0.09701555905600034
VAHJEW_clean,VAHJEW_clean,5.94599,4.30466,5.94599,1.08689,1479.94,1361.63,0.0,0.0,0.5432,0.499775,0.0,0,0.0019592461,0.2741018763,0.2859833072030013
VALVIQ_clean,VALVIQ_clean,5.21348,4.28071,5.21348,1.82071,1261.82,693.039,0.0,0.0,0.5078,0.278902,0.0,1,0.001027576,0.155016756,0.15323191781825032
VALXAK_clean,VALXAK_clean,9.98876,6.23965,8.39165,0.742505,1487.88,2003.86,574.813,774.154,0.69,0.929286,0.0,1,0.0043328838,0.6278010782,0.6155968957210021
VAMPUX_clean,VAMPUX_clean,11.37157,10.81985,11.3699,1.17979,1541.06,1306.22,0.0,0.0,0.6462,0.547726,0.0,1,0.002758504,0.3984756438,0.3959769623610001
VAPBEV_clean,VAPBEV_clean,6.2413,3.63671,6.2413,1.10537,871.132,788.092,165.749,149.949,0.5168,0.467536,0.0,0,0.0013837705,0.209626718,0.2047695039145005
VARWOC_clean,VARWOC_clean,8.41083,6.51113,8.31612,1.24989,2285.05,1828.2,0.0,0.0,0.6966,0.55733,0.0,1,0.0021840409,0.3165120576,0.3202865190341264
VASFAZ_clean,VASFAZ_clean,5.87532,4.55866,5.87532,1.54574,1464.11,947.192,0.0,0.0,0.5206,0.336796,0.0,1,0.0012259959,0.1876687291,0.1804940775073752
VATYEV_clean,VATYEV_clean,5.69723,4.67285,5.69723,1.60096,1965.06,1227.43,0.0,0.0,0.61,0.381022,0.0,1,0.0015201181,0.2376787556,0.22501162014375023
VATYIZ_clean,VATYIZ_clean,5.77973,4.6993,5.77973,1.51124,2028.88,1342.53,0.0,0.0,0.6162,0.407745,0.0,1,0.0017319138,0.2480235007,0.2503476252283745
VATYOF_clean,VATYOF_clean,5.86599,4.67382,5.86599,1.53817,2040.49,1326.58,0.0,0.0,0.622,0.404378,0.0,1,0.0016431809,0.2427887908,0.24514073403949962
VAZTUM_clean,VAZTUM_clean,15.07409,7.93508,15.07409,0.591689,2246.58,3796.89,0.0,0.0,0.8116,1.37167,0.0,0,0.0062978492,0.8987550184,0.9115159118711266
VECWUX_clean,VECWUX_clean,5.40728,3.62986,4.72861,1.2151,591.936,487.152,249.544,205.37,0.5232,0.430584,0.0,1,0.0013209197,0.186015699,0.19209534606787454
VECZAG_clean,VECZAG_clean,9.10711,7.36025,9.10711,1.61302,1710.75,1060.59,0.0,0.0,0.6522,0.404334,0.0,1,0.0016475765,0.2480725461,0.24923647676175148
VEDGIW_clean,VEDGIW_clean,5.91757,4.12403,5.88473,1.04313,1656.13,1587.65,0.0,0.0,0.5804,0.556402,0.0,0,0.0021680238,0.3214215213,0.32192174387587486
VEHJOJ_clean,VEHJOJ_clean,14.09924,6.85678,11.19448,0.748313,2267.56,3030.24,0.0,0.0,0.7708,1.03005,0.0,1,0.0048446964,0.6850643456,0.7019025815626256
VEHLAW_clean,VEHLAW_clean,4.71553,3.44976,4.62826,1.6429,1000.4,608.925,0.0,0.0,0.6102,0.371417,0.0,0,0.001383451,0.2100878101,0.2035647878284999
VEHLEA01_clean,VEHLEA01_clean,4.33955,2.96776,4.2256,1.74633,0.0,0.0,530.268,303.647,0.5634,0.322619,0.0,0,0.0011382442,0.1535782184,0.16577746298687537
VEHLEA02_clean,VEHLEA02_clean,4.00641,2.90837,3.98429,1.81124,0.0,0.0,605.443,334.269,0.5616,0.310063,0.0,0,0.0011117558,0.1556511248,11.434484773904314
VEHLEA_clean,VEHLEA_clean,4.46465,3.05176,4.42162,1.72569,0.0,0.0,609.835,353.387,0.569,0.329724,0.0,0,0.0011518668,0.1652255455,0.1662349415220004
VEHRIL_clean,VEHRIL_clean,8.79809,4.02227,8.77595,1.10229,2192.07,1988.65,0.0,0.0,0.6908,0.626694,0.0,1,0.0026784447,0.3770649842,0.38926322199962504
VEHYUE_clean,VEHYUE_clean,6.12673,3.44814,6.105,1.87284,355.438,189.786,95.0653,50.7601,0.4804,0.256509,0.0,1,0.0006298834,0.0955989643,0.09465365269574993
VEJYUF01_clean,VEJYUF01_clean,5.23877,2.60028,5.22732,1.21219,0.0,0.0,722.216,595.795,0.5648,0.465934,0.0,0,0.0011373383,0.178176476,0.16763458861162583
VEMMEG_clean,VEMMEG_clean,7.14137,6.23055,7.14137,0.816125,2268.41,2779.48,0.0,0.0,0.6764,0.828795,0.0,1,0.0035427303,0.5278090526,0.533397349205999
VEWLAM_clean,VEWLAM_clean,10.25798,6.23412,9.8049,0.70339,1968.06,2797.96,0.0,0.0,0.6656,0.946275,0.0,1,0.0040584239,1.5154179683,0.5975270607284979
VEXTUO_manual,VEXTUO_manual,8.87752,5.53782,8.86061,0.793323,2105.74,2654.33,0.0,0.0,0.6702,0.844801,0.0,0,0.0033352275,0.5061876847,0.49071360220374766
VEZWEE_clean,VEZWEE_clean,6.79648,2.86206,4.59276,1.02008,0.0,0.0,947.064,928.421,0.5406,0.529958,0.0,1,0.0016404517,0.2449079225,0.2383932551193742
VICDOC_clean,VICDOC_clean,4.65057,4.08181,4.52458,1.14596,958.267,836.212,0.0,0.0,0.5148,0.44923,0.0,0,0.0016579575,0.2355035273,0.24018036864362596
VICYOX_clean,VICYOX_clean,4.25498,3.38079,4.25498,1.46422,845.897,577.712,0.0,0.0,0.487,0.332601,0.0,1,0.0012079687,0.1753255052,0.1706850062740001
VIDXOX_clean,VIDXOX_clean,6.16109,5.04479,6.14883,1.68509,1433.05,850.43,0.0,0.0,0.5712,0.338974,0.0,1,0.0012681488,0.1886136726,0.1868294281117497
VIPXUO_clean,VIPXUO_clean,4.31173,3.23579,4.17899,1.18593,0.0,0.0,327.114,275.829,0.495,0.417394,0.0,1,0.0012977503,0.1736581555,0.1896144263246251
VIPYOK_clean,VIPYOK_clean,4.56016,3.89151,4.55758,1.54463,762.225,493.466,0.0,0.0,0.455,0.294568,0.0,1,0.0009063387,0.139453013,0.13204201299737522
VIPZAX_clean,VIPZAX_clean,4.67098,3.47065,4.66764,1.4463,574.254,397.051,55.2162,38.1776,0.4772,0.329946,0.0,1,0.0010441595,0.1548892934,0.15446539206875
VIRKIQ_clean,VIRKIQ_clean,4.98641,4.39323,4.97616,1.53429,1079.28,703.439,0.0,0.0,0.512,0.333704,0.0,1,0.0012296275,0.1807168017,0.17809886920362492
VIRPOC_clean,VIRPOC_clean,7.89373,4.43058,7.89373,1.31415,1678.47,1277.23,0.0,0.0,0.6094,0.463722,0.0,1,0.0019577984,0.2823744782,0.2851089559193744
VIRXIF_clean,VIRXIF_clean,6.07104,5.56303,6.07104,1.4189,1653.8,1165.55,0.0,0.0,0.5644,0.397774,0.0,0,0.0017542645,0.2555005972,0.25139275414249934
VISTOG_clean,VISTOG_clean,4.99734,2.98288,4.99734,1.87105,0.0,0.0,1016.52,543.287,0.591,0.315866,0.0,1,0.0007532373,0.1113452971,0.11286257001625033
VIWLEU_clean,VIWLEU_clean,6.5503,4.41913,6.52435,1.44375,1672.31,1158.32,0.0,0.0,0.5838,0.404365,0.0,1,0.0015420435,0.2308248411,0.22852646269637547
VIXCUB_clean,VIXCUB_clean,5.48718,4.89154,5.42033,1.09462,2414.99,2206.24,0.0,0.0,0.6474,0.59144,0.0,1,0.0022774003,0.3433201856,0.34032167684862363
VIXGEQ_clean,VIXGEQ_clean,5.1528,3.32283,5.1528,1.93922,349.848,180.407,0.0,0.0,0.471,0.242881,0.0,1,0.0006853921,0.1050502483,0.10152540070449989
VIXTUT_clean,VIXTUT_clean,3.939,3.00466,3.93726,1.26832,0.0,0.0,145.838,114.985,0.4634,0.365367,0.0,1,0.0005823138,0.0812365747,0.08465255439187538
VIYZIO01_clean,VIYZIO01_clean,4.31413,2.98944,4.31413,1.39781,0.0,0.0,399.105,285.522,0.4426,0.316638,0.0,1,0.0008258067,0.1175894406,0.12143279257399958
VOBKAA_clean,VOBKAA_clean,5.5254,4.43575,5.51234,1.26722,1839.76,1451.8,0.0,0.0,0.5992,0.472845,0.0,1,0.0018802537,0.2791565998,0.27390556046637504
VOBQEK_clean,VOBQEK_clean,4.27979,3.23619,4.27979,1.25034,0.0,0.0,774.979,619.813,0.523,0.418285,0.0,1,0.0016259642,0.225772333,0.23116543869262518
VOCQAF_clean,VOCQAF_clean,4.95925,3.73408,4.95925,1.25635,976.237,777.039,0.0,0.0,0.4616,0.367412,0.0,0,0.0011727934,0.1807218933,0.17328219294512454
VOLPET_clean,VOLPET_clean,9.30216,6.24705,9.30149,0.741977,2463.48,3320.15,0.0,0.0,0.7498,1.01054,0.0,1,0.0045423241,0.6702265178,0.6638602759832534
VONDEJ_clean,VONDEJ_clean,5.31005,4.78872,5.30922,1.60595,966.902,602.074,0.0,0.0,0.507,0.315701,0.0,0,0.0011147272,0.1640335899,0.16413032299675048
VOPCIO_clean,VOPCIO_clean,8.96483,7.98484,8.95338,1.07697,1629.75,1513.27,0.0,0.0,0.6138,0.569932,0.0,1,0.0025990761,0.3775742092,0.3765905753693755
VOYGOH_clean,VOYGOH_clean,8.28524,6.29263,8.24088,1.28416,2599.39,2024.19,0.195596,0.152314,0.7268,0.565973,0.0,1,0.002535128,0.3646745677,0.3797935064401235
VOZVAJ01_clean,VOZVAJ01_clean,7.75927,5.99619,7.75927,1.41123,1642.21,1163.68,0.0,0.0,0.619,0.438625,0.0,0,0.0015345439,0.2295851522,0.23217445694212546
VOZVIR01_clean,VOZVIR01_clean,8.9147,5.57973,8.87661,1.34608,1682.46,1249.9,0.0,0.0,0.6346,0.471444,0.0,1,0.0016569914,0.2493268526,0.24913595515162354
VUDQOB_clean,VUDQOB_clean,6.32363,4.82237,6.31689,1.49229,1377.55,923.11,0.0,0.0,0.5686,0.381025,0.0,1,0.0016167954,0.2318721152,0.2330448670763759
VUGXAY_clean,VUGXAY_clean,7.74052,6.24667,7.74052,1.0594,1255.22,1184.84,68.8954,65.0324,0.5682,0.536341,0.0,0,0.0020718513,0.2968694019,0.3011459939685004
VUGYIH_clean,VUGYIH_clean,7.72851,6.23818,7.68217,1.11585,1251.2,1121.3,68.7821,61.641,0.5678,0.508849,0.0,0,0.0020577142,0.2875193503,0.297821863307
VUKTEC_clean,VUKTEC_clean,5.61851,4.19073,5.60379,1.41892,799.153,563.212,172.003,121.221,0.487,0.343219,0.0,1,0.0011159036,0.1654596713,0.16683216598274972
VULFOZ_clean,VULFOZ_clean,4.55829,3.35861,4.51523,1.52274,694.033,455.778,0.0,0.0,0.4522,0.296964,0.0,1,0.0011251061,0.1649177302,0.16440042025862536
VUNHAO_clean,VUNHAO_clean,8.87764,7.99015,8.87736,0.6011,2717.65,4521.13,0.0,0.0,0.7556,1.25703,0.0,1,0.0052392593,0.7713866211,0.7713315447589986
VUNXUY_clean,VUNXUY_clean,6.27462,2.74494,6.27462,1.7747,0.0,0.0,909.399,512.424,0.4948,0.278808,0.0,1,0.0009491907,0.1423400424,0.141206018769
VUQJUN_clean,VUQJUN_clean,11.32335,10.23371,11.32335,0.790589,1727.96,2185.66,0.0,0.0,0.6652,0.841398,0.0,1,0.0039122124,0.5630427598,0.5675283361145013
VUQKAU02_clean,VUQKAU02_clean,4.89363,4.31451,4.87033,1.033,1471.86,1424.84,0.0,0.0,0.5576,0.539787,0.0,1,0.0022477624,0.326780444,0.31686668763237485
VUQKUO_clean,VUQKUO_clean,5.38168,3.9328,5.38168,1.30466,913.527,700.204,0.0,0.0,0.5054,0.387381,0.0,0,0.000944048,0.1372716222,0.13834351415237528
VUTVAJ_clean,VUTVAJ_clean,4.43562,3.3386,4.43562,1.59743,811.925,508.268,0.0,0.0,0.548,0.34305,0.0,0,0.0011686954,0.1625441174,0.1706017159175002
VUWRUC_clean,VUWRUC_clean,8.86215,6.25992,8.83975,1.16678,1520.16,1302.87,0.0,0.0,0.593,0.508237,0.0,0,0.0022355126,0.3276872293,0.3254917752613766
WABTOK_clean,WABTOK_clean,4.92775,3.91462,4.90973,1.78273,1357.93,761.713,0.0,0.0,0.5942,0.333308,0.0,1,0.0009940471,0.1425002367,0.14648222124949992
WABVIF03_clean,WABVIF03_clean,5.80274,3.92866,4.7438,1.30723,1855.76,1419.61,0.0,0.0,0.6136,0.46939,0.0,1,0.0017591509,0.2658900221,0.25763458818537555
WAMRIN_clean,WAMRIN_clean,7.37329,5.74338,7.35934,0.949012,1570.93,1655.33,0.0,0.0,0.5942,0.626125,0.0,1,0.0029024032,0.4232361338,0.4145311348667503
WAPSUE_clean,WAPSUE_clean,6.68993,4.69904,6.68534,3.09743,1954.36,630.96,0.0,0.0,0.5988,0.193321,0.0,1,0.0007628264,0.1139006227,0.11486266288300005
WAQFAX_clean,WAQFAX_clean,9.30669,8.11233,9.29943,0.819886,2162.64,2637.74,0.0,0.0,0.722,0.880611,0.0,1,0.004168677,0.5806147382,0.5928165468248721
WATPIT_clean,WATPIT_clean,4.3307,2.74492,4.3307,1.49405,0.0,0.0,218.173,146.028,0.4794,0.320873,0.0,1,0.0004734467,0.0715114302,0.07166699648250004
WAVRAO_clean,WAVRAO_clean,15.02274,4.23694,15.02053,0.819731,1973.4,2407.37,0.0,0.0,0.6752,0.823685,0.0,1,0.0037172818,0.543164192,0.5447367893528738
WAVWEW_clean,WAVWEW_clean,3.40999,3.18523,3.4023,2.19947,0.0,0.0,18.6119,8.462,0.3798,0.172678,0.0,1,0.0006692036,0.0939039491,0.09854287869025047
WAYMOA_manual,WAYMOA_manual,7.07433,6.89369,7.07243,0.955162,1592.82,1667.59,0.0,0.0,0.6076,0.636122,0.0,0,0.0030113126,0.3999219919,0.3951147383073756
WEBJOE_clean,WEBJOE_clean,19.11149,16.87545,19.11149,0.689845,2240.23,3247.44,0.0,0.0,0.788,1.14229,0.0,1,0.0054023811,0.7722328461,0.7744429501893724
WEBQIF_clean,WEBQIF_clean,4.79322,3.22241,3.96216,1.97924,0.0,0.0,535.032,270.321,0.4858,0.245447,0.0,0,0.0008717523,0.1294958424,0.12825169770349987
WECFAN_clean,WECFAN_clean,5.13884,4.48422,5.13105,1.20369,945.898,785.834,0.0,0.0,0.4976,0.413397,0.0,1,0.0010758378,0.1584182628,0.15722078232125006
WECSAZ_clean,WECSAZ_clean,4.83213,2.69723,4.83213,1.58691,0.0,0.0,659.055,415.308,0.4996,0.314826,0.0,1,0.0010552614,0.1584880626,0.15624125701562364
WEDQED_clean,WEDQED_clean,5.20127,4.18257,5.20127,1.3,804.684,618.987,0.0,0.0,0.4758,0.365999,0.0,1,0.001014182,0.1558614116,0.15054259200312461
WEFXEM_clean,WEFXEM_clean,6.73931,4.78997,6.67269,1.07497,1461.44,1359.51,0.0,0.0,0.5704,0.530617,0.0,0,0.0019884513,0.3018449731,0.29304010618375037
WEFZIS_clean,WEFZIS_clean,4.30666,3.54798,4.30607,2.06143,662.208,321.237,0.0,0.0,0.4722,0.229064,0.0,1,0.0007549879,0.1069752346,0.11011623204087492
WELTOX_clean,WELTOX_clean,5.53916,3.2735,5.53916,1.92744,0.0,0.0,773.095,401.099,0.4648,0.241149,0.0,0,0.0006760681,0.0989168509,0.1010039784833751
WEMBUN_clean,WEMBUN_clean,4.83761,4.30379,4.83761,1.70777,2244.04,1314.02,0.0,0.0,0.608,0.356019,0.0,1,0.00158323,0.2289750017,0.23331785367437718
WEMCIC_clean,WEMCIC_clean,5.03643,3.47331,4.82197,2.42633,623.511,256.977,0.0,0.0,0.4032,0.166177,0.0,1,0.0004853407,0.0745132464,0.07026666169224997
WEMDAV_clean,WEMDAV_clean,5.02432,3.48688,5.02432,2.56501,609.55,237.64,0.0,0.0,0.3952,0.154074,0.0,1,0.0004679002,0.0706294139,0.06959342126524995
WENDIE_clean,WENDIE_clean,4.91533,3.83478,4.91533,1.40969,980.417,695.487,0.0,0.0,0.4986,0.353696,0.0,1,0.0013495752,0.197404659,0.19556300469362523
WENLAE_manual,WENLAE_manual,7.43383,5.78969,7.30816,1.58521,593.074,374.131,15.956,10.0656,0.4384,0.276557,0.0,1,0.0007483736,0.1124173098,0.10985240497700008
WESNIS_clean,WESNIS_clean,4.00866,2.60918,4.00866,1.39757,0.0,0.0,110.381,78.9806,0.4484,0.320844,0.0,0,0.0003834815,0.0561119352,0.05538136200362479
WEVQIX_clean,WEVQIX_clean,8.30134,7.08669,8.30134,1.3689,1061.52,775.455,0.0,0.0,0.5704,0.416684,0.0,1,0.0012741768,0.1672276581,0.19174090186099954
WEVQUJ_clean,WEVQUJ_clean,8.44067,7.27418,8.44067,1.48575,1083.43,729.214,0.77233,0.519826,0.5778,0.388896,0.0,1,0.0011250348,0.1541233099,0.16605386955100024
WEXNIW_clean,WEXNIW_clean,3.58079,2.65405,3.57754,2.13725,0.0,0.0,34.7958,16.2807,0.4456,0.208493,0.0,1,0.0004984239,0.0704606414,0.07324661881312568
WEXQOF01_clean,WEXQOF01_clean,4.92443,2.70614,4.92443,1.70669,0.0,0.0,789.136,462.378,0.5118,0.299878,0.0,1,0.0010318895,0.1508356297,0.14830190821425038
WEXQUL_clean,WEXQUL_clean,4.40552,3.16073,4.28239,2.57769,0.0,0.0,447.512,173.61,0.4586,0.177911,0.0,1,0.000607193,0.0891547963,0.08955211671512492
WEYQAU06_clean,WEYQAU06_clean,4.52093,3.69835,4.50827,1.13868,1559.53,1369.6,0.0,0.0,0.5718,0.502162,0.0,0,0.0022995339,0.308932576,0.32908155673425027
WICQIJ_clean,WICQIJ_clean,4.1309,3.08082,4.10518,1.18312,0.0,0.0,322.859,272.889,0.4652,0.393199,0.0,1,0.0009149242,0.1306453387,0.13246766563950088
WICQOP_clean,WICQOP_clean,4.01528,2.82313,4.01431,1.19444,0.0,0.0,113.672,95.1683,0.4668,0.390812,0.0,1,0.000678731,0.100515781,0.10054269778362514
WIHVEP_clean,WIHVEP_clean,4.98664,4.03769,4.97035,1.60991,948.127,588.931,0.0,0.0,0.473,0.293805,0.0,0,0.0008079409,0.1166692367,0.11936705725324993
WIHWAN_clean,WIHWAN_clean,9.73279,7.22908,9.72646,0.781161,2141.5,2741.43,0.0,0.0,0.7076,0.905831,0.0,0,0.0040319775,0.5688035085,0.583284816287748
WILFAZ_clean,WILFAZ_clean,4.61767,3.60434,4.60806,1.63777,404.45,246.951,107.478,65.6246,0.4794,0.292715,0.0,1,0.0008827703,0.1327403313,0.13040403229337555
WILNEL01_clean,WILNEL01_clean,4.81584,3.50149,4.81584,1.10493,799.46,723.542,0.0,0.0,0.5386,0.487453,0.0,0,0.0012890755,0.1842853954,0.19095581987787516
WINCEC_clean,WINCEC_clean,4.94527,3.59812,4.94527,1.22278,1150.61,940.978,0.0,0.0,0.5326,0.435564,0.0,1,0.001698745,0.2624232809,0.24397258079787573
WITKIV_clean,WITKIV_clean,20.46084,11.48372,20.46084,0.586943,1702.14,2900.02,0.0,0.0,0.7774,1.32449,0.0,1,0.0057383837,0.8429287489,0.897389609215125
WIYWEI_clean,WIYWEI_clean,5.60421,3.86066,5.60127,1.48994,937.281,629.074,0.0,0.0,0.4916,0.329946,0.0,1,0.0009356652,0.1416344526,0.13486321187024947
WODPUC_clean,WODPUC_clean,5.52662,3.30183,5.46703,1.50752,0.0,0.0,891.508,591.373,0.528,0.350244,0.0,0,0.0010386127,0.1588641992,0.15508262943412507
WOGHEG_clean,WOGHEG_clean,4.98706,2.98597,4.93093,1.24204,0.0,0.0,880.982,709.304,0.5036,0.405463,0.0,1,0.001440264,0.2018655559,3.6295207398116247
WOHDON_clean,WOHDON_clean,5.72419,4.44331,5.72419,1.42898,2534.05,1773.33,0.0,0.0,0.696,0.487062,0.0,1,0.0022319778,0.3063648193,0.32578756177750146
WOJJOV_SL,WOJJOV_SL,7.82098,6.43142,7.82098,1.16534,871.633,747.963,192.071,164.819,0.4948,0.424596,0.0,0,0.001837502,0.2453719155,0.26692154028675
WOPHIU_clean,WOPHIU_clean,4.36935,2.96147,4.36726,1.36578,0.0,0.0,426.349,312.165,0.445,0.325821,0.0,1,0.0006897013,0.103011686,0.10176247402437534
WOPWOO_clean,WOPWOO_clean,5.25085,4.08598,5.25085,2.1223,863.13,406.696,0.0,0.0,0.445,0.209679,0.0,1,0.0006155429,0.0924140038,0.09130173974049978
WOQTUT_clean,WOQTUT_clean,7.74164,5.799,7.74164,1.37569,1208.67,878.591,0.0,0.0,0.519,0.377266,0.0,0,0.0010852094,0.1597691274,0.16123148640962529
WOQYUW_clean,WOQYUW_clean,3.76811,2.6876,3.66916,2.2431,0.0,0.0,338.002,150.686,0.3646,0.162543,0.0,0,0.0004720826,0.0714922847,0.07054436582849978
WOXRIK_clean,WOXRIK_clean,3.83193,3.01344,3.82185,2.27293,0.0,0.0,188.593,82.9735,0.3806,0.167449,0.0,0,0.0003823696,0.0576932487,0.05718161139574992
WOYJID_clean,WOYJID_clean,4.20354,2.68994,4.19532,2.34648,0.0,0.0,204.349,87.0874,0.3326,0.141744,0.0,0,0.0003908044,0.0522727048,0.05769715125112484
WULJUJ_clean,WULJUJ_clean,13.2515,6.69559,13.2515,0.880841,2071.01,2351.17,0.0,0.0,0.7102,0.806275,0.0,1,0.0037895422,0.5476793237,0.5545173668323744
WULQUR_clean,WULQUR_clean,7.08547,5.79444,7.06039,0.976074,2045.35,2095.49,0.0,0.0,0.6658,0.682121,0.0,1,0.0032336411,0.4679810596,0.46773022871037545
WUNTEF_clean,WUNTEF_clean,5.11473,4.16376,5.10357,1.08866,1006.1,924.169,87.4124,80.2937,0.5292,0.486103,0.0,0,0.0015917227,0.2326363961,0.2313603568948754
WUNVOR_clean,WUNVOR_clean,5.13748,4.1998,5.12786,1.08542,1130.58,1041.61,0.0,0.0,0.5222,0.481103,0.0,0,0.0016564411,0.2387863929,0.2409692148211262
WURKEB_clean,WURKEB_clean,6.32965,4.86396,6.30162,0.999228,1791.69,1793.08,0.0,0.0,0.6306,0.631087,0.0,1,0.002658978,0.3954332765,0.38698974004275016
WUSGIC_clean,WUSGIC_clean,4.47666,3.4574,4.38159,1.49843,1071.95,715.381,0.0,0.0,0.5224,0.348632,0.0,0,0.0012073231,0.1774716907,0.17613199704799995
WUSSEK_clean,WUSSEK_clean,8.48774,6.12459,8.47169,0.953346,1562.83,1639.31,0.0,0.0,0.592,0.62097,0.0,1,0.0023852828,0.3466429968,0.3467272024406253
WUTBES_clean,WUTBES_clean,7.39924,5.0967,7.39924,1.7772,885.87,498.464,0.0,0.0,0.459,0.258271,0.0,0,0.0007271085,0.1086280334,0.10611637046987482
WUTBIW_clean,WUTBIW_clean,7.26683,5.05082,7.26683,1.84193,854.902,464.133,0.0,0.0,0.4484,0.24344,0.0,0,0.0007352496,0.104660047,0.10865928314837442
WUTBOC_clean,WUTBOC_clean,7.17175,4.98444,7.17175,1.90997,842.378,441.043,0.0,0.0,0.429,0.224611,0.0,0,0.0006634982,0.0988829216,0.09776118602912501
WUXMEH_clean,WUXMEH_clean,3.80315,3.23998,3.72844,2.48036,0.0,0.0,219.851,88.637,0.416,0.167718,0.0,0,0.0003606726,0.0496708769,0.05343334086774994
WUZDOL_clean,WUZDOL_clean,5.93429,4.20385,5.53783,1.95218,1731.21,886.811,0.0,0.0,0.5688,0.291367,0.0,1,0.0009126417,0.1328376901,0.13567851640887524
XADCEM_clean,XADCEM_clean,8.43446,8.11603,8.43446,1.03711,1659.86,1600.46,0.0,0.0,0.6244,0.602057,0.0,1,0.0028795741,0.439188146,0.42017789716037646
XADDUD_clean,XADDUD_clean,6.46377,5.36376,6.20996,1.13461,1899.46,1674.11,0.0,0.0,0.5878,0.518062,0.0,1,0.0023444083,0.3236626412,0.3399820406832494
XADGAM_clean,XADGAM_clean,5.02813,3.93675,5.02538,1.19627,575.885,481.401,200.588,167.678,0.4922,0.411446,0.0,1,0.0014431451,0.2031345868,0.21095954203212486
XAGCIS01_clean,XAGCIS01_clean,5.57315,2.64485,5.55209,1.75235,0.0,0.0,818.021,466.814,0.445,0.253945,0.0,1,0.0010108439,0.1457157371,0.14492545833337472
XAGPUT_clean,XAGPUT_clean,5.48557,4.55432,5.48557,1.58071,2319.33,1467.27,0.0,0.0,0.6272,0.396784,0.0,1,0.0017370095,0.2819262012,0.24941272185512461
XAJQAC_SL,XAJQAC_SL,8.58247,7.41664,8.57789,0.88698,2088.4,2354.51,0.0,0.0,0.6722,0.757852,0.0,0,0.0033937598,0.5078944239,0.4948769265239993
XAJZOY_clean,XAJZOY_clean,6.5047,2.98776,6.50361,1.70727,0.0,0.0,1133.97,664.199,0.49,0.287007,0.0,0,0.0020326708,0.1956297837,0.2086126671892514
XAKZIT_clean,XAKZIT_clean,12.23219,8.02038,12.23219,0.853098,1638.56,1920.72,0.0,0.0,0.6458,0.757006,0.0,1,0.0030621874,0.4261149242,0.43936511535724726
XALCAP_clean,XALCAP_clean,12.14021,7.5095,12.14021,0.892504,1531.39,1715.83,0.0,0.0,0.6302,0.706103,0.0,1,0.0027795833,0.3816322825,0.40259954661075215
XALCIX_clean,XALCIX_clean,8.90504,3.86123,4.56441,1.0015,203.674,203.369,1009.04,1007.53,0.5542,0.55337,0.0,1,0.0016472057,0.2373193865,0.2417393090292493
XALDEU_clean,XALDEU_clean,8.28708,3.55494,4.42564,1.01761,177.365,174.295,1049.0,1030.85,0.5566,0.546967,0.0,1,0.0015641292,0.2328461484,0.23393337423300065
XALPUY_clean,XALPUY_clean,3.9215,2.68472,3.9215,1.72432,0.0,0.0,83.4596,48.4015,0.4336,0.251462,0.0,1,0.0003753461,0.0539347896,0.055156369694750094
XALTOV_clean,XALTOV_clean,12.17047,3.00948,12.16768,1.10281,0.0,0.0,1597.06,1448.18,0.6382,0.578705,0.0,0,0.0025987476,0.389440863,0.3797009817831258
XAMDUM04_clean,XAMDUM04_clean,12.94074,6.40333,12.94074,0.919994,2127.62,2312.64,0.0,0.0,0.711,0.772831,0.0,1,0.0038334565,0.5514133277,0.5495536211643743
XAMDUM_clean,XAMDUM_clean,13.20706,6.72961,13.20706,0.879722,2074.04,2357.61,0.0,0.0,0.7196,0.817985,0.0,1,0.0038179574,0.5677494338,0.5656942488580006
XAMLUS_clean,XAMLUS_clean,3.6314,2.70535,3.60157,1.42336,0.0,0.0,146.785,103.126,0.4958,0.348331,0.0,1,0.0007727188,0.1117519031,0.11271571025474975
XAPCOJ02_clean,XAPCOJ02_clean,7.30662,7.12733,7.30662,1.1168,1599.91,1432.58,0.0,0.0,0.598,0.535457,0.0,0,0.0025314014,0.3694335636,0.3736977801972495
XAPCOJ03_clean,XAPCOJ03_clean,7.31075,7.15837,7.31075,1.119,1594.88,1425.28,0.0,0.0,0.597,0.533514,0.0,0,0.002461523,0.3714645454,0.3681363053205012
XAPCOJ05_clean,XAPCOJ05_clean,7.33092,7.2403,7.33092,1.11449,1591.26,1427.79,0.0,0.0,0.599,0.537465,0.0,0,0.002605788,0.3713766338,0.3779653799783755
XAPGAZ_clean,XAPGAZ_clean,10.38016,8.73539,10.36807,1.35659,2005.54,1478.37,0.0,0.0,0.7244,0.533985,0.0,1,0.0024651345,0.3506029776,0.3604202901766256
XAPTEQ_clean,XAPTEQ_clean,5.59461,4.17124,5.5868,1.43565,1333.03,928.52,0.0,0.0,0.5274,0.36736,0.0,1,0.0015806356,0.226198528,0.22575271219100038
XAQTOY01_clean,XAQTOY01_clean,4.47595,3.15695,4.47595,1.99102,0.0,0.0,626.182,314.503,0.4868,0.244497,0.0,0,0.0009854591,0.1395610031,0.14444097611512563
XAVQIU01_clean,XAVQIU01_clean,4.21946,3.54584,4.20969,1.16836,1052.94,901.216,0.0,0.0,0.57,0.487865,0.0,1,0.0022136371,0.3087930128,0.3209649938717494
XAWBEE_clean,XAWBEE_clean,4.29017,3.25005,4.18338,2.27713,0.0,0.0,575.894,252.904,0.4712,0.206927,0.0,0,0.0011742437,0.1626048189,0.1652024105184993
XAZFEJ_clean,XAZFEJ_clean,4.73064,4.15643,4.70239,1.61284,1526.71,946.596,0.0,0.0,0.5556,0.344486,0.0,1,0.00112449,0.1615374828,0.16700770525637565
XAZGEK_clean,XAZGEK_clean,4.67162,3.9585,4.53755,1.49862,1406.73,938.683,116.154,77.5075,0.6196,0.413447,0.0,1,0.0013462657,0.2054255107,0.19901275671149976
XEDPIH_clean,XEDPIH_clean,4.84924,3.94171,4.80226,1.78705,773.954,433.09,0.0,0.0,0.5042,0.282141,0.0,0,0.0008968908,0.1271812113,0.13319494179462502
XEDPUT_clean,XEDPUT_clean,12.14022,5.32775,12.13484,1.5096,998.115,661.177,50.3608,33.3603,0.5416,0.35877,0.0,1,0.0015353668,0.2208863223,0.22278629850962484
XEFGAQ_clean,XEFGAQ_clean,4.04864,3.84801,4.03945,1.23647,540.504,437.135,0.0,0.0,0.4578,0.370247,0.0,0,0.0008139124,0.1180118784,0.11744649212587499
XEFKOI_clean,XEFKOI_clean,4.24138,4.03203,4.24093,1.2014,660.067,549.414,0.0,0.0,0.487,0.40536,0.0,0,0.0009043471,0.1301988608,1.1851922983270036
XEGKUR_clean,XEGKUR_clean,6.60096,5.85838,6.60096,1.03463,2226.74,2152.21,0.0,0.0,0.653,0.631143,0.0,1,0.0026644974,0.4026288124,0.3915940535690003
XEHFUL01_clean,XEHFUL01_clean,4.14546,2.6452,4.14546,2.31309,0.0,0.0,277.038,119.77,0.3954,0.17094,0.0,1,0.0004683939,0.069404644,0.06966219764799994
XEHSAF_clean,XEHSAF_clean,4.88109,3.65952,4.87411,1.39164,808.303,580.827,0.0,0.0,0.4608,0.33112,0.0,0,0.0009150744,0.1358562432,0.13236498490237492
XEHSUZ_clean,XEHSUZ_clean,4.73753,3.78928,4.73753,1.38845,832.486,599.579,0.0,0.0,0.4634,0.333753,0.0,0,0.0009494909,0.1401866533,0.14007518368837557
XENMIO_SL,XENMIO_SL,4.2763,3.43605,4.2763,1.62008,351.871,217.194,309.344,190.944,0.4486,0.2769,0.0,1,0.000901483,0.1341285078,0.12994505328600023
XESKAJ_clean,XESKAJ_clean,9.85685,9.29464,9.85685,1.10591,1360.23,1229.96,0.0,0.0,0.5664,0.512158,0.0,1,0.0019583102,0.2969573549,0.28625806437587487
XEXLAP_clean,XEXLAP_clean,8.64993,8.01633,8.63141,1.0685,1374.86,1286.72,0.0,0.0,0.5518,0.516424,0.0,0,0.0021926371,0.3135596758,0.3148176771708752
XEXLUJ_clean,XEXLUJ_clean,8.72919,8.14175,8.68787,1.12133,1390.1,1239.69,0.0,0.0,0.5646,0.50351,0.0,1,0.0019762216,0.2982920253,0.29024076438550034
XIBZUF_clean,XIBZUF_clean,6.9167,4.63591,6.73101,0.936691,2313.06,2469.39,0.0,0.0,0.6504,0.694359,0.0,1,0.0032548486,0.4857723091,0.4687193652082501
XICNOO02_clean,XICNOO02_clean,19.59015,6.72401,19.59015,0.902602,1911.89,2118.2,0.0,0.0,0.7472,0.827829,0.000221582,1,0.0038581159,0.5398804523,0.5519985804264977
XIDBUJ_clean,XIDBUJ_clean,7.40475,6.25511,7.40475,1.09542,1351.03,1233.34,0.0,0.0,0.5684,0.518888,0.0,0,0.0020436044,0.2930798936,0.29760597773499986
XIFHIF_clean,XIFHIF_clean,9.50274,8.84024,9.48896,1.39627,1580.72,1132.1,0.0,0.0,0.6078,0.435304,0.0,1,0.0019068492,0.267573835,0.2796883662798743
XIGHIF_clean,XIGHIF_clean,9.11851,6.40194,9.11851,1.31172,1721.81,1312.64,0.0,0.0,0.6494,0.495075,0.0,0,0.0019848348,0.2771066402,0.2934307117232497
XIHRIQ_clean,XIHRIQ_clean,4.88127,3.7293,4.77721,1.106,908.9,821.794,0.0,0.0,0.4886,0.441774,0.0,0,0.0014277858,0.2038776237,0.20371090307837492
XILLEL_clean,XILLEL_clean,7.63373,5.31385,7.61296,0.988669,1586.87,1605.06,0.0,0.0,0.5862,0.592918,0.0,0,0.0024972868,0.365007298,0.36298788472325044
XILLIP_clean,XILLIP_clean,8.02024,6.48918,8.00532,0.699116,2353.41,3366.26,0.0,0.0,0.7058,1.00956,0.0,0,0.0044056411,0.6317324779,0.6383302888374991
XILTAP_clean,XILTAP_clean,7.46835,4.491,7.46835,0.893159,2015.14,2256.2,0.0,0.0,0.622,0.696404,0.0,1,0.0031140786,0.4482685747,0.4566870263493715
XIMPOA_clean,XIMPOA_clean,3.66828,2.99963,3.64614,1.45457,0.0,0.0,88.1777,60.621,0.3818,0.262482,0.0,0,0.000321661,0.0413951571,0.04832426085187506
XINRAP_clean,XINRAP_clean,7.72889,5.88361,7.72889,0.997869,1989.71,1993.96,0.0,0.0,0.6604,0.66181,0.0,1,0.0026652725,0.3897867983,0.392288801262876
XINWUO_clean,XINWUO_clean,6.28616,4.28799,6.28616,1.09832,2350.01,2139.64,0.0,0.0,0.6626,0.603282,0.0,1,0.0018896088,0.2850295965,0.2758731775333754
XINZEB_clean,XINZEB_clean,5.58391,4.38224,5.56908,1.48991,1505.54,1010.49,0.0,0.0,0.5618,0.377069,0.0,1,0.0016224507,0.2358682962,0.23312126866199923
XIPBII_clean,XIPBII_clean,7.09225,3.16573,7.09225,1.53471,0.0,0.0,591.614,385.489,0.4848,0.31589,0.0,1,0.0008857688,0.1277582045,0.12683501539050035
XISKUF_clean,XISKUF_clean,4.31794,3.58074,4.31794,1.93785,629.43,324.808,0.0,0.0,0.4082,0.210646,0.0,1,0.0013659772,0.1194630646,0.16166302061725035
XISLAM_clean,XISLAM_clean,4.34393,3.64065,4.34393,1.93617,692.959,357.901,0.0,0.0,0.4122,0.212894,0.0,0,0.00139768,0.1200960869,0.16134940318975036
XISPEW02_clean,XISPEW02_clean,7.73943,5.5228,7.73943,1.0858,1985.75,1828.83,0.0,0.0,0.6324,0.582427,0.0,1,0.0024811347,0.3564200302,0.36415680231800096
XIVMEW_clean,XIVMEW_clean,5.05762,3.31299,5.05127,1.54947,317.384,204.834,321.061,207.207,0.4568,0.29481,0.0,1,0.0011319935,0.1701571665,0.1637845500112504
XIWLAQ_clean,XIWLAQ_clean,6.60663,5.9994,6.60453,2.29175,1025.32,447.396,0.0,0.0,0.5236,0.228472,0.0,1,0.0008445245,0.1212761056,0.12358528918487519
XOCWET_clean,XOCWET_clean,5.57167,3.60863,5.43096,2.052,1278.23,622.917,0.0,0.0,0.549,0.267544,0.0,1,0.0010660951,0.1561143804,0.15440998819687363
XOCWOD_clean,XOCWOD_clean,5.38208,3.4319,5.38208,2.211,1054.39,476.883,0.0,0.0,0.5314,0.240344,0.0,1,0.0009717547,0.1397957759,0.14130707296499956
XOCWUJ_clean,XOCWUJ_clean,5.43529,3.40185,5.40249,2.21366,1083.86,489.625,0.0,0.0,0.5328,0.240687,0.0,1,0.0010089929,0.1397968946,0.14614647094149896
XOHLEM_clean,XOHLEM_clean,5.52611,4.54089,5.51535,1.339,1839.55,1373.82,0.0,0.0,0.5986,0.44705,0.0,1,0.0020797157,0.2897269106,0.3011100405688749
XOPLUL_clean,XOPLUL_clean,4.48758,3.26596,4.47758,1.70185,0.0,0.0,891.093,523.603,0.4918,0.28898,0.0,0,0.0010331828,0.154297709,0.15230994926887498
XOPMIA_clean,XOPMIA_clean,5.53948,4.71058,5.5345,1.05182,1628.72,1548.47,0.0,0.0,0.5582,0.5307,0.0,0,0.0020028679,0.2928542124,0.296918416957625
XOVQIJ_clean,XOVQIJ_clean,7.41561,4.13146,7.41561,0.925084,1684.83,1821.27,0.0,0.0,0.5816,0.6287,0.0,1,0.0023929991,0.3451370703,0.34461445025375
XOVVEK_clean,XOVVEK_clean,4.5587,3.32854,4.54868,1.59784,579.018,362.376,0.0,0.0,0.4486,0.280754,0.0,1,0.0007388352,0.10584682,0.10878380742500036
XOVVOU_clean,XOVVOU_clean,6.57595,5.59779,6.5535,1.07267,2264.54,2111.12,0.0,0.0,0.6676,0.622371,0.0,1,0.0024619405,0.3667768127,0.3645628054268751
XUCSAR01_clean,XUCSAR01_clean,4.10082,2.80661,4.0776,1.66102,0.0,0.0,220.972,133.034,0.4592,0.276457,0.0,1,0.0007861678,0.1198098906,0.11419312326874968
XUCSAR_clean,XUCSAR_clean,4.0404,2.74885,4.039,1.66104,0.0,0.0,208.637,125.607,0.4544,0.273564,0.0,1,0.0008552623,0.1185574799,0.1233103465126251
XUDNAN_clean,XUDNAN_clean,8.67531,5.1775,8.35832,0.937633,1918.83,2046.46,0.0,0.0,0.6496,0.692809,0.0,1,0.002867255,0.4127720671,0.4186564712159992
XUGWUS_clean,XUGWUS_clean,5.27863,4.66019,5.2635,1.38078,911.096,659.843,0.0,0.0,0.496,0.359218,0.0,1,0.0009771125,0.1452127211,0.14306688504125054
XUHVON_clean,XUHVON_clean,4.66393,3.20904,4.65334,1.00628,0.0,0.0,1359.66,1351.18,0.629,0.625077,0.0,0,0.0025201752,0.3572596302,0.3687368633392509
XUJSAY_clean,XUJSAY_clean,5.36362,3.81487,5.35817,1.44593,257.114,177.818,33.7457,23.3384,0.4668,0.322836,0.0,1,0.0007188596,0.1124144927,0.10705117802187501
XUKHUI_clean,XUKHUI_clean,5.94415,4.22176,5.9168,1.20125,1179.74,982.099,0.0,0.0,0.5426,0.451698,0.0,1,0.0015786811,0.239251254,0.2310532344306251
XUKLAS_clean,XUKLAS_clean,5.87516,3.79987,5.86816,1.26294,911.252,721.53,0.0,0.0,0.4946,0.391624,0.0,1,0.0011185332,0.1654269037,0.16821156291862505
XUKNIC_clean,XUKNIC_clean,6.71193,5.19255,6.7113,1.00366,2512.55,2503.38,0.0,0.0,0.6472,0.644838,0.0,1,0.0029236157,0.4358643711,0.4247948698951262
XUMCAK_clean,XUMCAK_clean,4.73151,2.87966,4.7307,1.51149,0.0,0.0,698.103,461.865,0.5952,0.393784,0.0,0,0.0007986997,0.1169454414,0.11960399511087476
XUMTUV_clean,XUMTUV_clean,5.4813,5.1227,5.47077,1.25424,1931.27,1539.79,0.0,0.0,0.6264,0.499425,0.0,1,0.0021387631,0.3212918668,0.3081433106507495
XUNGOD_clean,XUNGOD_clean,5.27654,3.81371,5.27654,1.03399,1095.75,1059.73,0.0,0.0,0.4858,0.469831,0.0,0,0.0017256835,0.2589960617,0.25171008743712503
XUNGUJ_clean,XUNGUJ_clean,4.49594,4.05224,4.48031,1.03604,1057.86,1021.06,0.0,0.0,0.4874,0.470444,0.0,0,0.0017005696,0.2411095834,0.25001779241499944
XUNSAC_clean,XUNSAC_clean,4.78336,3.78154,4.77852,1.05045,959.001,912.941,0.0,0.0,0.4742,0.451425,0.0,1,0.0014853076,0.2293939492,0.21659726595124987
XUNTAD_clean,XUNTAD_clean,3.83107,2.66972,3.54393,1.13178,0.0,0.0,118.943,105.093,0.4358,0.385056,0.0,1,0.0006700029,0.1025239085,0.09808821221374991
XUPSAE_clean,XUPSAE_clean,6.99773,6.86151,6.99773,1.067,1576.28,1477.3,0.0,0.0,0.5844,0.547705,0.0,0,0.0029651073,0.3890679044,0.3867877558266276
XUVGUQ01_ion_b,XUVGUQ01_ion_b,5.66625,3.6728,5.66625,2.37494,405.836,170.882,0.0,0.0,0.3574,0.150488,0.0,1,0.0003491766,0.0504307986,0.04901321763474998
XUYXAR_clean,XUYXAR_clean,4.42154,3.80283,4.41884,1.51094,575.938,381.179,0.0,0.0,0.432,0.285915,0.0,1,0.0007070811,0.0986945198,0.10436830228512509
YAGRON_clean,YAGRON_clean,4.8185,3.03513,4.73512,2.23458,0.0,0.0,659.402,295.09,0.4728,0.211583,0.0,0,0.0011570287,0.1684320975,0.1653528285779991
YAJZIV_clean,YAJZIV_clean,6.01227,2.87459,6.01227,1.85584,0.0,0.0,678.856,365.794,0.4034,0.217368,0.000107768,1,0.001054705,0.1576379639,0.15333268302012454
YAPLUY_clean,YAPLUY_clean,7.79113,6.77532,7.7776,0.987389,1670.12,1691.45,5.68352,5.75611,0.6296,0.637641,0.0,1,0.0024381494,0.356933404,0.3547582610941265
YAPMAF_clean,YAPMAF_clean,8.17522,6.25474,8.17454,1.00629,1672.2,1661.75,6.89892,6.8558,0.6166,0.612746,0.0,1,0.0024407372,0.3522510301,0.3530844287175015
YAQKEI_clean,YAQKEI_clean,4.87973,4.18958,4.87973,1.91746,825.152,430.337,0.0,0.0,0.4374,0.228115,0.0,1,0.0007340206,0.1044149661,0.1085671814226248
YARDIG_clean,YARDIG_clean,4.62568,3.53484,4.62568,1.03032,1206.44,1170.94,0.0,0.0,0.5394,0.523527,0.0,0,0.0018264155,0.2673370723,0.2663704288114989
YARGAB_clean,YARGAB_clean,10.70302,9.67182,10.70302,0.961173,1387.15,1443.19,0.0,0.0,0.6238,0.648999,0.0,1,0.0028940819,0.4104641813,0.42357427815325094
YARKOT_clean,YARKOT_clean,5.25265,3.98181,5.2356,0.962764,1924.08,1998.5,0.0,0.0,0.6296,0.653951,0.0,1,0.0029336763,0.4227441724,0.42332045605512547
YARSIV_clean,YARSIV_clean,3.72144,3.36254,3.72144,1.75602,124.297,70.7832,0.0,0.0,0.358,0.20387,0.0,0,0.0002985659,0.0440941895,0.043419347984625115
YATTUK_clean,YATTUK_clean,5.98818,5.09996,5.98666,1.2421,2236.34,1800.46,0.0,0.0,0.6648,0.535224,0.0,1,0.0024075092,0.361830255,0.3532882783875009
YAVVEZ_clean,YAVVEZ_clean,9.82749,8.59259,9.81107,1.05385,1634.41,1550.89,0.0,0.0,0.6474,0.614319,0.0,1,0.0026150177,0.3895576447,0.38552855761237564
YAVVOJ_clean,YAVVOJ_clean,4.78155,4.02282,4.65286,1.48818,1095.49,736.125,0.0,0.0,0.5464,0.36716,0.0,1,0.0012593351,0.1792919848,0.1859168891627503
YAVVUP_clean,YAVVUP_clean,4.79083,4.0345,4.51089,1.48936,1096.45,736.189,0.0,0.0,0.5422,0.364049,0.0,1,0.0012106692,0.1767856406,0.17678487213024954
YAXBEF_clean,YAXBEF_clean,3.9961,3.09297,3.98305,2.61495,0.0,0.0,352.492,134.799,0.4538,0.17354,0.0,1,0.0006358192,0.0911888679,0.09329335046812498
YEFNOM_clean,YEFNOM_clean,6.99053,5.65806,6.99053,1.03643,2661.11,2567.58,0.0,0.0,0.7442,0.718045,0.0,0,0.0027612536,0.404705429,0.4085809720340022
YEGTEK_clean,YEGTEK_clean,5.83356,3.28711,5.24482,1.57194,0.0,0.0,747.066,475.25,0.5134,0.326602,0.0,1,0.0008638711,0.1301578414,0.12683734360799964
YEQRIV_clean,YEQRIV_clean,5.99633,4.79932,5.81502,0.74227,3172.25,4273.71,0.0,0.0,0.734,0.988859,0.0,1,0.0038564273,0.5784731721,0.5611921780108741
YEVQOG_clean,YEVQOG_clean,6.25531,4.55241,6.24369,1.60942,1024.12,636.328,2.59362,1.61152,0.5428,0.337264,0.0,1,0.0009353876,0.1358323425,0.13529336550124962
YEYCUC_SL,YEYCUC_SL,17.82348,5.70059,17.82348,0.555715,2326.25,4186.05,0.0,0.0,0.7742,1.39316,0.000719793,0,0.0057998798,0.8432905911,0.9033848232259993
YIBMON01_clean,YIBMON01_clean,4.19645,3.27284,4.18819,1.24036,0.0,0.0,758.142,611.228,0.521,0.42004,0.0,1,0.0014058335,0.2064976842,0.20658961929700057
YIBMUT_clean,YIBMUT_clean,4.66852,3.42869,4.24306,1.43993,703.496,488.563,0.0,0.0,0.4898,0.340155,0.0,1,0.0012756727,0.1730741741,0.18624442733812493
YICREI_clean,YICREI_clean,5.84848,5.57464,5.83375,1.84239,1401.27,760.57,0.0,0.0,0.5592,0.303518,0.0,1,0.001408218,0.2041512314,0.20120720739999995
YIKJOT_clean,YIKJOT_clean,9.06042,4.04226,9.06042,1.25445,1709.74,1362.94,22.3665,17.8297,0.6492,0.517517,0.0,1,0.001690691,0.2541394705,0.25036364428887486
YILKAH_clean,YILKAH_clean,5.89247,4.24175,5.78451,1.04927,1964.15,1871.92,0.0,0.0,0.628,0.598513,0.0,0,0.0024067086,0.3507416746,0.3541073835152506
YINCOP_clean,YINCOP_clean,5.26078,4.28352,5.26078,1.18451,1235.25,1042.84,0.0,0.0,0.5154,0.435117,0.0,1,0.0016975745,0.2377659958,0.24826443663787554
YINPEQ_clean,YINPEQ_clean,9.47139,8.23796,9.47139,0.666821,2383.65,3574.65,0.0,0.0,0.7906,1.18563,0.0,0,0.0051185212,0.7600885049,0.753438902493126
YIVZIO_clean,YIVZIO_clean,7.47444,4.87179,7.47444,1.1331,1630.87,1439.3,0.0,0.0,0.577,0.509222,0.0,1,0.0020476184,0.2878943356,0.2984731599941242
YIWMOG_clean,YIWMOG_clean,6.74773,5.04258,6.74039,1.26894,2076.98,1636.78,0.0,0.0,0.6788,0.534934,0.0,1,0.0019550349,0.2669961528,0.2902951522345006
YIWNAT_clean,YIWNAT_clean,6.30784,4.54282,6.29619,1.29078,2076.15,1608.45,0.0,0.0,0.675,0.52294,0.0,0,0.0017466455,0.2564488302,0.25673874423287535
YIWNIB_clean,YIWNIB_clean,6.81948,5.37501,6.81948,1.22536,2128.85,1737.32,0.0,0.0,0.696,0.567996,0.0,0,0.002015941,0.2857018701,0.2948129189944999
YIWPEZ_SL_part,YIWPEZ_SL_part,7.01269,5.15498,7.0057,1.25891,2052.76,1630.59,0.0,0.0,0.6916,0.549364,0.0,0,0.0018908607,0.2723200485,0.273934545601875
YIZGOF_clean,YIZGOF_clean,8.30449,3.57994,8.30449,1.47966,1364.44,922.132,0.0,0.0,0.552,0.373059,0.0,0,0.0025197565,0.2473290938,0.24779022025887432
YOMVIG_clean,YOMVIG_clean,5.30742,3.37579,5.27925,1.93225,831.639,430.398,0.0,0.0,0.4428,0.229162,0.0,0,0.0013000854,0.1272159262,0.1572093249466257
YONNAR_clean,YONNAR_clean,11.86103,5.70578,11.72639,0.691421,2206.3,3190.97,0.0,0.0,0.7668,1.10902,0.0,1,0.0050941015,0.7343295023,0.7408373423967513
YOPNUO_clean,YOPNUO_clean,3.96031,2.83025,3.96031,1.46661,0.0,0.0,329.349,224.566,0.5088,0.346923,0.0,1,0.0007892046,0.1132555638,0.11747415710999962
YOPQEB_clean,YOPQEB_clean,3.4858,3.02028,3.48236,1.70007,0.0,0.0,37.7042,22.178,0.347,0.204109,0.0,1,0.0004719104,0.070215301,0.06801386057837489
YORGOD_clean,YORGOD_clean,8.38023,4.12707,8.38023,0.867162,1938.3,2235.22,0.0,0.0,0.6224,0.717744,0.0,0,0.0027635666,0.4397394722,0.408202410225375
YORZAH_clean,YORZAH_clean,3.59982,3.03812,3.58975,1.90041,0.0,0.0,51.717,27.2136,0.3606,0.189748,0.0,1,0.0004125353,0.0599504762,0.06253720082787505
YOTRUW_clean,YOTRUW_clean,4.26215,2.88566,4.26215,2.43155,0.0,0.0,373.021,153.409,0.3774,0.15521,0.0,0,0.0003862976,0.0537555028,0.05683266136899994
YOTXOW_clean,YOTXOW_clean,6.29142,5.79696,6.29077,1.36514,595.047,435.886,0.0,0.0,0.467,0.342088,0.0,1,0.0008300672,0.1125549666,0.121433826143625
YOVXEO_clean,YOVXEO_clean,5.56492,3.35243,5.56492,1.09559,532.918,486.421,0.145381,0.132697,0.4834,0.441224,0.0,1,0.0009878232,0.1350833149,0.1447153275738757
YOYPAF_clean,YOYPAF_clean,6.55588,5.45199,6.55588,1.14259,922.719,807.568,0.0,0.0,0.4978,0.435677,0.0,0,0.0012668624,0.1960947406,0.18715278819837533
YOYQUA_clean,YOYQUA_clean,6.73531,5.14118,6.73531,1.08477,941.654,868.069,0.0,0.0,0.5218,0.481024,0.0,0,0.0014397118,0.2184836225,0.2083599872941252
YOYVOZ01_clean,YOYVOZ01_clean,4.93942,3.90462,4.93942,1.84087,1437.78,781.033,0.0,0.0,0.5596,0.303986,0.0,1,0.0010594963,0.1537758081,0.15797685672212478
YOZJEE01_clean,YOZJEE01_clean,4.99022,3.91645,4.98963,1.38859,1498.87,1079.42,0.0,0.0,0.5588,0.402423,0.0,1,0.0014177424,0.2079482392,0.20576356596087514
YUBGUZ_clean,YUBGUZ_clean,5.8508,3.21682,5.8508,1.90744,0.0,0.0,1354.41,710.066,0.5644,0.295894,0.0,1,0.0011553258,0.1663147799,0.17078980300312466
YUCNEQ_clean,YUCNEQ_clean,4.00964,3.19829,3.93831,1.42054,0.0,0.0,318.172,223.98,0.4982,0.350712,0.0,1,0.0013209787,0.1753853439,0.18853692341425002
YUFLOC_clean,YUFLOC_clean,6.07463,4.45798,5.9729,0.984585,2401.71,2439.31,0.0,0.0,0.6528,0.663021,0.0,1,0.0028543844,0.4295631409,0.41908029839800215
YUJCOX_clean,YUJCOX_clean,5.98412,4.49111,5.97667,1.61045,1537.35,954.605,0.0,0.0,0.5426,0.336924,0.0,1,0.0015692655,0.2272107519,0.2235141208231246
YUKKAR_clean,YUKKAR_clean,5.85992,4.34741,5.85992,1.1473,1614.58,1407.28,0.0,0.0,0.5232,0.456026,0.0,0,0.0019121672,0.283209986,0.278993391710001
YULBAJ_clean,YULBAJ_clean,4.78019,3.27297,4.78019,1.5076,0.0,0.0,1157.76,767.95,0.5174,0.343194,0.0,0,0.0025347042,0.2290352312,0.2378194698078749
YUMJAS_clean,YUMJAS_clean,6.24531,4.99676,6.24531,2.01823,1798.6,891.176,0.0,0.0,0.5646,0.27975,0.0,1,0.0012159135,0.1779072314,0.181221584925625
YUQNAB_clean,YUQNAB_clean,4.93395,3.37022,4.7939,1.10285,962.356,872.606,82.9417,75.2065,0.5376,0.487463,0.0,1,0.0014105265,0.2107251271,0.20746891642525037
YURJUR_clean,YURJUR_clean,13.69253,8.47609,13.69253,0.683521,2000.04,2926.08,0.0,0.0,0.7552,1.10487,0.0,0,0.0051255602,0.7186780264,0.7339212538302555
YURKIG_clean,YURKIG_clean,6.91612,5.83867,6.83043,1.00356,2150.65,2143.01,0.0,0.0,0.6578,0.655465,0.0,1,0.002852638,0.4221457671,0.4141665617493752
YUSWEQ_clean,YUSWEQ_clean,5.40391,4.45966,5.39413,1.61347,1720.16,1066.13,0.0,0.0,0.5494,0.340509,0.0,1,0.0014747103,0.2209525099,0.21651057613700048
YUXLEJ_clean,YUXLEJ_clean,10.83121,6.54663,10.83121,0.97354,1928.71,1981.13,0.0,0.0,0.6686,0.686772,0.0,1,0.0027073878,0.3764866117,0.396340360485124
YUXLIN_clean,YUXLIN_clean,11.21237,6.77529,11.21199,0.978835,1903.75,1944.91,0.0,0.0,0.6474,0.661399,0.0,1,0.002653707,0.3824521675,0.39123539053462614
YUXQIS_clean,YUXQIS_clean,17.65359,14.41981,17.65359,0.688928,1805.53,2620.78,0.0,0.0,0.7418,1.07675,0.0,0,0.0047338006,0.687057221,0.6841096748762504
YUZBUS_clean,YUZBUS_clean,5.56489,2.86811,5.54943,1.48376,0.0,0.0,641.085,432.066,0.5,0.336981,0.0,0,0.0011846662,0.1670693061,0.1710698816085
YUZCAZ_clean,YUZCAZ_clean,5.53805,2.90827,5.53206,1.48083,0.0,0.0,644.031,434.913,0.5008,0.338189,0.0,0,0.0012017733,0.1676851615,0.17567289256850002
YUZCED_clean,YUZCED_clean,5.25441,3.02415,5.25441,1.46093,0.0,0.0,671.845,459.873,0.5076,0.347449,0.0,0,0.0012644993,0.1746605791,0.18856844776124995
YUZRAO_clean,YUZRAO_clean,7.04018,5.00118,6.73681,1.11887,1297.93,1160.04,0.0,0.0,0.528,0.471906,0.0,1,0.0016748151,0.2477554321,0.2499282084756245
ZACCUB_clean,ZACCUB_clean,5.33809,3.35117,5.33809,2.14234,943.989,440.635,0.0,0.0,0.4798,0.223961,0.0,1,0.0014566075,0.2111197391,0.19420752198900018
ZARZAV_clean,ZARZAV_clean,5.22384,3.95101,5.21614,1.32405,863.286,652.003,0.0,0.0,0.4802,0.362674,0.0,1,0.0011838014,0.1739530463,0.17230664116599997
ZAVQAQ_clean,ZAVQAQ_clean,5.33865,4.48097,5.3256,1.32498,1680.96,1268.67,0.0,0.0,0.569,0.42944,0.0,1,0.00170074,0.2569065442,0.24831164368412484
ZAVQEU_clean,ZAVQEU_clean,5.32077,4.48233,5.32077,1.33464,1678.44,1257.6,0.0,0.0,0.5746,0.430529,0.0,1,0.0017330516,0.2550241821,0.2502962784427507
ZAVRIZ_clean,ZAVRIZ_clean,5.32783,4.62627,5.32783,1.39297,1655.8,1188.68,0.0,0.0,0.5686,0.408192,0.0,1,0.0017021286,0.2446386358,0.24773081215324935
ZAXQOG_clean,ZAXQOG_clean,5.67387,3.7719,5.66477,1.01421,1385.47,1366.06,80.4067,79.2805,0.6032,0.594751,0.0,1,0.0020980977,0.3160910212,0.3087822637508751
ZAZBUZ_clean,ZAZBUZ_clean,6.78822,5.70042,6.78792,1.17074,1452.69,1240.82,0.0,0.0,0.588,0.502245,0.0,1,0.0020571494,0.3012223448,0.3005699414386237
ZEDQEG_clean,ZEDQEG_clean,5.11458,4.23281,5.10868,1.21651,1349.89,1109.64,0.0,0.0,0.5426,0.446031,0.0,1,0.0019473291,0.2941640618,0.2804652630320003
ZEJCUO_clean,ZEJCUO_clean,3.4618,2.60004,3.26788,2.14228,0.0,0.0,3.40248,1.58825,0.3654,0.170566,0.0,1,0.0004504693,0.0659401853,0.06865725701350013
ZEKRIS_clean,ZEKRIS_clean,5.6482,4.818,5.6482,1.03468,1377.31,1331.15,0.0,0.0,0.5112,0.494067,0.0,1,0.002467596,0.3512761479,0.3512153404081262
ZEZPAX_clean,ZEZPAX_clean,4.88259,3.42627,4.87229,1.37031,946.317,690.584,0.0,0.0,0.58,0.423261,0.0,1,0.0016027037,0.2239124004,0.2322648315165008
ZEZPOL_clean,ZEZPOL_clean,5.01325,3.17956,4.94283,1.35634,0.0,0.0,934.336,688.865,0.5604,0.41317,0.0,1,0.0014036353,0.2086225473,0.2075672861326257
ZEZQAY_clean,ZEZQAY_clean,6.85728,4.76238,6.85728,1.25559,1624.77,1294.03,0.0,0.0,0.5694,0.453492,0.0,1,0.001916724,0.2767707107,0.27945884678324934
ZIHFUR01_clean,ZIHFUR01_clean,5.31623,4.89277,5.31045,1.17914,978.608,829.937,0.0,0.0,0.4918,0.417085,0.0,0,0.0009653606,0.1415216612,0.14581294651987609
ZIHFUR_clean,ZIHFUR_clean,5.26061,4.96221,5.22095,1.17428,998.963,850.705,0.0,0.0,0.5002,0.425964,0.0,0,0.0009815004,0.1455354228,0.14390145023725098
ZIJVAR_clean,ZIJVAR_clean,3.81019,2.63372,3.81019,1.45241,0.0,0.0,47.1808,32.4844,0.3854,0.265351,0.0,1,0.0003170842,0.0495448959,0.049342486173375055
ZIJVOF01_clean,ZIJVOF01_clean,5.27877,3.42429,5.23095,1.22527,1101.04,898.609,0.0,0.0,0.5618,0.458512,0.0,1,0.0014875764,0.2256192116,0.21966264189862514
ZIJVOF02_clean,ZIJVOF02_clean,5.27888,3.36573,5.25458,1.22585,1080.88,881.733,0.0,0.0,0.5638,0.459924,0.0,1,0.0015013502,0.2222170691,0.22168977117987518
ZIKCED_clean,ZIKCED_clean,6.17439,3.39179,6.14677,1.27675,942.085,737.875,0.0,0.0,0.4966,0.388955,0.0,0,0.0011946296,0.1745899998,0.1743274872717506
ZIMLIS_clean,ZIMLIS_clean,8.92267,4.20987,8.92267,1.114,2237.68,2008.69,0.0,0.0,0.7006,0.628903,0.0,1,0.0025762094,0.3840878878,0.386833157823501
ZIMTAS_clean,ZIMTAS_clean,15.44798,6.02893,15.44798,0.579498,2082.03,3592.82,0.0,0.0,0.7752,1.33771,0.0,1,0.0061066515,0.8609983933,0.8891400932662497
ZIYQAB_clean,ZIYQAB_clean,4.81934,3.2861,4.80982,1.34833,0.0,0.0,942.654,699.128,0.5366,0.397974,0.0,1,0.0012587314,0.1814423373,0.18695375662399966
ZIZTOT_clean,ZIZTOT_clean,4.99186,3.31985,4.98584,1.90366,1020.3,535.969,0.0,0.0,0.5588,0.29354,0.0,1,0.000940316,0.1348823552,0.1379346006170001
ZOZKEG_clean,ZOZKEG_clean,7.97254,6.83417,7.97254,1.12239,1128.68,1005.6,75.4829,67.2521,0.5514,0.491274,0.0,1,0.0017650753,0.2573446507,0.25930165467999916
ZOZPUB_clean,ZOZPUB_clean,7.7256,6.01065,7.70911,1.03826,1572.11,1514.17,0.0,0.0,0.597,0.574999,0.0,1,0.0020746329,0.306065357,0.3057361822329988
ZULVEJ_clean,ZULVEJ_clean,4.77849,2.78356,4.67171,1.54609,0.0,0.0,882.146,570.567,0.467,0.302053,0.0,0,0.0015892904,0.2191928553,0.22773279360025023
ZURLAB_clean,ZURLAB_clean,4.89339,2.7707,4.89144,1.5825,0.0,0.0,414.696,262.051,0.4282,0.270584,0.0,0,0.0004766373,0.0687584133,0.06879866108599995
ZURROT_clean,ZURROT_clean,4.90807,3.92111,4.90807,1.07774,1554.64,1442.5,0.0,0.0,0.611,0.566926,0.0,1,0.00175059,0.2511581847,0.25688006280849957
ZUSBOG_clean,ZUSBOG_clean,4.86162,3.45547,4.8534,1.16782,1166.3,998.701,0.0,0.0,0.5894,0.504701,0.0,1,0.0016830416,0.2520376613,0.24328179434125027
ZUTBUN_clean,ZUTBUN_clean,4.42995,3.86732,4.42995,2.2828,1037.92,454.67,0.0,0.0,0.4626,0.202646,0.0,0,0.0013239592,0.1908602082,0.18831285217624974
