filename,name,LCD,PLD,LFPD,cm3_g,ASA_m2_cm3,ASA_m2_g,NASA_m2_cm3,NASA_m2_g,AV_VF,AV_cm3_g,NAV_cm3_g,Has_OMS,Input,y_true,y_pred
ACODUT_clean,ACODUT_clean,5.4607,3.36863,5.4607,1.51914,446.079,293.64,0.0,0.0,0.4404,0.289902,0.0,0,0.0045098911,0.1305169008,0.13223654885312522
acs.chemmater.5b03723_cm5b03723_si_004_clean,acs.chemmater.5b03723_cm5b03723_si_004_clean,13.11818,7.33973,12.8246,0.772596,1915.1,2478.78,10.4758,13.5592,0.6956,0.900342,0.0,1,0.0220145615,0.6410688876,0.6338212795998754
acscombsci.5b00188_34903_clean,acscombsci.5b00188_34903_clean,6.15808,5.85025,6.15808,2.16583,1748.44,807.285,0.0,0.0,0.542,0.25025,0.0,0,0.0099130509,0.2843520128,0.2509050176533751
acs.inorgchem.6b00136_ic6b00136_si_002_clean,acs.inorgchem.6b00136_ic6b00136_si_002_clean,7.2744,7.0365,7.27294,1.17665,1340.62,1139.36,0.0,0.0,0.582,0.494624,0.0,1,0.0101671583,0.3004975875,0.29344988923424886
AHIYOH_clean,AHIYOH_clean,5.55847,4.74922,5.55001,1.42546,843.163,591.503,0.0,0.0,0.4554,0.319476,0.0,1,0.0054751666,0.1582617958,0.15799482342349974
APEBOO_clean,APEBOO_clean,10.56651,4.16012,10.56651,1.24771,1971.26,1579.91,0.0,0.0,0.6524,0.52288,0.0,1,0.0190396228,0.5464673071,0.5407251078271252
AQEGUY_clean,AQEGUY_clean,5.54395,4.66139,5.49926,1.46355,1275.66,871.62,0.0,0.0,0.5148,0.351747,0.0,1,0.00724091,0.2098460135,0.21096222129700087
AQIQIC_clean,AQIQIC_clean,6.11416,2.65573,6.10292,1.45271,0.0,0.0,973.967,670.449,0.4784,0.329316,0.0,1,0.0066516503,0.1942153271,0.19470607987712513
AQOTIK_clean,AQOTIK_clean,6.7817,3.86887,6.78051,1.47348,1288.35,874.359,0.0,0.0,0.5612,0.380867,0.0,1,0.0081247952,0.2393563674,0.23827590826874936
ASEKAM_clean,ASEKAM_clean,5.99031,5.00967,5.99031,1.72662,1403.65,812.946,0.0,0.0,0.5696,0.329892,0.0,1,0.0061991988,0.1817475104,0.1808917767125002
ASIVEF_clean,ASIVEF_clean,11.85007,7.21214,11.45277,0.623261,2219.01,3560.32,0.0,0.0,0.7618,1.22228,0.0,1,0.0277965259,0.8130108424,0.7972359079272546
ATEZIK_clean,ATEZIK_clean,10.39835,7.60488,10.39835,0.744295,2329.14,3129.33,0.0,0.0,0.7298,0.980525,0.0,1,0.0240642986,0.7070896816,0.69807220783275
BEGDEY_clean,BEGDEY_clean,12.85123,4.25072,12.8502,1.1719,1647.66,1405.97,0.0,0.0,0.6212,0.530078,0.000170662,1,0.0149564951,0.4325275288,0.4345418296981242
BEWVEG_clean,BEWVEG_clean,6.48201,4.71475,6.48201,1.10737,1863.88,1683.16,0.0,0.0,0.6042,0.545619,0.0,1,0.0105637708,0.3109647602,0.31159722457312433
BIJFAD_clean,BIJFAD_clean,8.3585,6.26342,8.18439,0.855984,1774.61,2073.18,0.0,0.0,0.6172,0.721042,0.0,1,0.0131714322,0.3851265485,0.3869168408666253
BINMIW_clean,BINMIW_clean,11.24986,10.49756,11.228,1.06367,1248.28,1173.56,0.0,0.0,0.5962,0.560513,0.0,1,0.0119277958,0.3504420913,0.34291413515124897
BOHXIH_clean,BOHXIH_clean,7.57568,3.35709,7.57568,1.73991,1194.36,686.45,121.402,69.7752,0.5408,0.310822,0.000114949,0,0.0065927055,0.1865889491,0.1919702305786249
BOSHIC_clean,BOSHIC_clean,11.35851,4.44127,11.35851,0.998372,1829.81,1832.79,0.0,0.0,0.6236,0.624617,0.0,1,0.0161797174,0.482014175,0.46443171980337344
c5ce00931f_c5ce00931f2_clean,c5ce00931f_c5ce00931f2_clean,5.29408,4.17227,5.29408,1.81161,1362.6,752.15,0.0,0.0,0.5006,0.276328,0.0,1,0.0058396088,0.1679446939,0.1689159806525002
c5dt02651b_c5dt02651b2_clean,c5dt02651b_c5dt02651b2_clean,11.24702,10.84395,11.24702,1.63261,1033.92,633.289,0.0,0.0,0.5074,0.31079,0.0,0,0.0060246436,0.1767522301,0.17632208843875033
c6cc00589f_c6cc00589f2_clean,c6cc00589f_c6cc00589f2_clean,11.05462,4.21804,11.05462,0.944025,1733.14,1835.91,0.0,0.0,0.6684,0.708032,0.0,1,0.013538126,0.3937871849,0.39647365298062526
c6ce00465b_c6ce00465b2_clean,c6ce00465b_c6ce00465b2_clean,7.48534,6.6993,7.48534,0.744889,2472.69,3319.54,0.0,0.0,0.7082,0.950746,0.0,0,0.0261507667,0.7579543374,0.7511248143185003
CEDFUO_clean,CEDFUO_clean,6.32807,4.51999,5.33405,1.32113,1794.57,1358.35,0.0,0.0,0.6002,0.454307,0.0,1,0.010332048,0.2953663915,0.301995897263998
cg2007167_si_002_clean,cg2007167_si_002_clean,6.66423,5.56859,6.66139,0.818121,2162.43,2643.17,0.0,0.0,0.663,0.810394,0.0,1,0.0142552643,0.4205312456,0.4208182200198739
cg300979c_si_002_clean,cg300979c_si_002_clean,8.05407,6.75932,7.96872,0.960767,1454.92,1514.34,0.0,0.0,0.5674,0.59057,0.0,0,0.0105125488,0.3091971785,0.3077500429483751
CIFGUV_clean,CIFGUV_clean,4.01419,3.06563,3.42367,2.04219,0.0,0.0,271.352,132.873,0.3676,0.180003,0.0,0,0.0043064238,0.1238942441,0.12621419257300076
CIMFOV_clean,CIMFOV_clean,5.64366,2.87535,5.6428,1.82627,0.0,0.0,472.02,258.461,0.4502,0.246513,0.0,0,0.0055525404,0.1556346221,0.16190134444237575
CIQQIE_clean,CIQQIE_clean,6.69548,4.06015,6.67985,1.03219,1589.58,1540.01,0.0,0.0,0.5732,0.555324,0.0,1,0.0120153503,0.3482046209,0.3471534086555009
cm501138g_si_003_clean,cm501138g_si_003_clean,11.06733,2.94264,11.02516,1.58207,0.0,0.0,1205.96,762.265,0.5212,0.329442,0.0,0,0.0114143515,0.3305396589,0.26442219217024904
COJMOF02_clean,COJMOF02_clean,7.77133,6.76319,7.77133,0.912847,1827.53,2002.01,0.0,0.0,0.6452,0.7068,0.0,0,0.015206214,0.443300918,0.441665506352997
COMNAU_clean,COMNAU_clean,9.72302,3.66698,9.70462,1.61238,1190.87,738.578,0.0,0.0,0.5424,0.336397,0.0,1,0.0074010754,0.2096304976,0.21809727057224998
COMZIP_clean,COMZIP_clean,4.48695,3.03074,4.47514,1.30912,0.0,0.0,513.378,392.155,0.4668,0.356575,0.0,0,0.0052348212,0.1459642301,0.15397617275787506
COQJOJ_clean,COQJOJ_clean,7.38214,4.96534,7.38214,1.07307,1447.07,1348.53,0.0720169,0.0671129,0.5318,0.495588,0.0,1,0.0095482086,0.2873388165,0.2828780857516271
COXDIE_clean,COXDIE_clean,5.62039,5.35711,5.62039,1.66496,1129.92,678.647,0.152502,0.091595,0.484,0.290697,0.0,1,0.0047177254,0.1371470166,0.1369855437529994
CUWHUZ_clean,CUWHUZ_clean,16.54325,4.10215,14.7488,0.938804,1933.37,2059.39,0.0,0.0,0.6922,0.737321,0.0,0,0.0174608397,0.498693403,0.505078206198873
CUWXAV_clean,CUWXAV_clean,6.49506,4.27985,6.49506,1.3087,1636.9,1250.78,0.0,0.0,0.5526,0.42225,0.0,0,0.0084841911,0.2440236827,0.24977980155712384
DAPZAW_clean,DAPZAW_clean,5.27842,2.79747,5.27842,2.02961,0.0,0.0,812.03,400.091,0.517,0.254728,0.0,1,0.0034776913,0.1018584196,0.10185237105037563
DAXJET_clean,DAXJET_clean,3.45389,3.20739,3.45389,1.41212,0.0,0.0,8.91853,6.31569,0.4856,0.34388,0.0,0,0.0021014645,0.060926561,0.0625394244982498
DAYCAI_clean,DAYCAI_clean,4.5761,3.15097,4.5761,1.97793,0.0,0.0,930.016,470.197,0.5392,0.272609,0.0,1,0.007551548,0.2208562518,0.2188917063653758
DEYLOJ_clean,DEYLOJ_clean,7.45013,4.00626,7.41356,3.76527,1192.03,316.587,7.20509,1.91357,0.4952,0.131518,0.0,1,0.0024611015,0.0719409454,0.0720782344451245
DIWMUT_clean,DIWMUT_clean,7.56491,5.96452,7.55979,0.838759,2075.47,2474.46,0.0,0.0,0.641,0.764225,0.0,1,0.0179984356,0.5186215764,0.5217671961777505
DOFTID_clean,DOFTID_clean,8.70669,6.70952,8.70669,0.91345,2575.78,2819.83,0.0,0.0,0.7676,0.84033,0.0,1,0.0202094512,0.5770518614,0.5893981646173756
DUZKAM_clean,DUZKAM_clean,21.49045,20.91759,21.49045,0.763691,1446.12,1893.59,0.0,0.0,0.7166,0.938337,0.0,1,0.0185748938,0.5465515195,0.5374229343111253
EBEXIU02_clean,EBEXIU02_clean,4.00389,3.67365,4.00389,1.98749,501.521,252.339,0.0,0.0,0.386,0.194214,0.0,0,0.0039734171,0.1127616946,0.1173618348354995
ECNPYR01_clean,ECNPYR01_clean,4.76588,2.94711,4.76588,1.80344,0.0,0.0,815.5,452.191,0.5586,0.309741,0.0,1,0.0083861083,0.2431340995,0.24056578326849987
EGEJOQ_clean,EGEJOQ_clean,7.45353,3.87905,7.45353,1.25003,1261.63,1009.28,2.23392,1.78709,0.531,0.424788,0.0,0,0.007380084,0.2197175671,0.2179873827303756
EKEKOW_clean,EKEKOW_clean,7.39946,6.7038,7.38889,1.19584,1297.81,1085.27,0.0,0.0,0.5626,0.470465,0.0,1,0.0093375481,0.2711788313,0.27437466334687516
ELECIJ_clean,ELECIJ_clean,5.29894,3.51797,5.23731,1.40049,1472.06,1051.1,0.0,0.0,0.5722,0.40857,0.000142807,0,0.0093330649,0.274907892,0.2725197041582506
EPECOT_clean,EPECOT_clean,6.95752,4.232,6.83185,1.2697,722.822,569.283,120.243,94.7014,0.4962,0.390799,0.0,1,0.0061705327,0.1797220534,0.17951195796137454
EPECUZ_clean,EPECUZ_clean,6.24856,2.76555,6.24323,1.23793,0.0,0.0,1345.81,1087.15,0.5436,0.439119,0.0,1,0.0087065071,0.2482253762,0.2537250623088432
ERALIU_clean,ERALIU_clean,14.86335,13.54057,14.86335,1.02804,1927.12,1874.56,4.88892,4.75558,0.7196,0.699973,0.000194545,1,0.0189929338,0.5380099606,0.5464032391914982
ETIPII_clean,ETIPII_clean,4.4114,3.63269,4.34894,1.3361,794.526,594.661,72.734,54.4377,0.5232,0.391588,0.0,1,0.0076755519,0.2212007578,0.22473404528325058
ETIXAI_clean,ETIXAI_clean,5.65647,4.17101,5.65647,1.21689,891.966,732.986,0.0,0.0,0.4942,0.406116,0.0,1,0.006214158,0.1815745442,0.18091927449087547
ETIYEN_clean,ETIYEN_clean,5.93251,5.0142,5.93198,1.46361,1238.74,846.356,0.0,0.0,0.4926,0.336565,0.0,1,0.0087560402,0.2521462678,0.2555523244307082
EVADEK_clean,EVADEK_clean,5.2436,3.53683,5.24252,2.08094,869.818,417.992,0.0,0.0,0.4392,0.211058,0.0,1,0.0040290134,0.1191056438,0.11746640031300024
EVOTIT_SL,EVOTIT_SL,8.2912,6.01432,8.2912,1.23039,1203.44,978.095,0.0,0.0,0.5204,0.422954,0.0,1,0.0071984843,0.2086319782,0.21134654559737448
EWETIL_clean,EWETIL_clean,4.41968,3.14099,4.36971,1.42919,0.0,0.0,449.543,314.544,0.4034,0.282258,0.0,0,0.0040703664,0.1204015157,0.11901405249349986
EXOGAB_clean,EXOGAB_clean,6.08835,2.93521,6.01903,2.43945,0.0,0.0,590.322,241.99,0.4432,0.18168,0.0,1,0.0083584153,0.2323303062,0.1532566280924995
FALSAO_clean,FALSAO_clean,5.59493,4.61612,5.59493,1.06274,1144.25,1076.7,0.0,0.0,0.509,0.478952,0.0,0,0.0081534077,0.2346675833,0.2369548828636275
FAVDEO_clean,FAVDEO_clean,8.86805,5.77505,6.60713,2.38182,1421.2,596.685,0.0,0.0,0.566,0.237633,0.0,1,0.0048227215,0.1389660724,0.14028054892125
FIDMEL01_clean,FIDMEL01_clean,4.68139,3.11007,4.51423,2.24942,0.0,0.0,671.35,298.455,0.5084,0.226014,0.0,1,0.0033979103,0.100497671,0.10101969994650015
FIPJEV_clean,FIPJEV_clean,5.48611,3.75413,5.4744,1.70121,1138.25,669.081,0.0,0.0,0.4918,0.289089,0.0,1,0.0066567776,0.1953861564,0.19493348894325002
FIWJIG_clean,FIWJIG_clean,6.45458,3.16665,6.45458,1.10541,0.0,0.0,794.04,718.321,0.549,0.496648,0.0,1,0.0067164231,0.2003797464,0.20055578225725057
FIWKUT_clean,FIWKUT_clean,10.75705,6.21115,10.75089,1.13958,2252.0,1976.17,0.0,0.0,0.6778,0.594779,0.0,1,0.014479527,0.4205092829,0.42104936991374975
FODYUT_clean,FODYUT_clean,4.86672,3.16405,4.70139,1.91946,0.0,0.0,732.512,381.624,0.5282,0.275182,0.0,0,0.0058698646,0.1688491945,0.1693980275640001
FOFHEO_clean,FOFHEO_clean,6.41067,5.52308,6.4074,2.22496,990.681,445.257,0.0,0.0,0.446,0.200453,0.0,0,0.0050329642,0.1483099875,0.13813734982649983
FOPFAS_clean,FOPFAS_clean,20.99168,6.62083,20.99168,0.583055,2159.7,3704.11,0.0,0.0,0.7806,1.33881,0.0,1,0.0332584215,0.9429536524,0.9408865533868729
FOPTOU_clean,FOPTOU_clean,5.99188,4.04402,5.19077,1.42676,820.695,575.214,0.0,0.0,0.3986,0.279373,0.0,1,0.0045244271,0.1350462603,0.1325807528388748
FOQNOQ01_clean,FOQNOQ01_clean,5.8632,5.042,5.82773,1.375,1086.49,790.181,181.915,132.302,0.54,0.392729,0.0,1,0.0076766267,0.2218534786,0.224747206912125
FOQNUW_clean,FOQNUW_clean,6.24181,4.91804,6.10517,1.36057,1316.22,967.403,0.0,0.0,0.552,0.405711,0.0,1,0.0077955454,0.2278164027,0.228820607251751
FUNQEM_clean,FUNQEM_clean,4.27929,2.71979,4.27929,1.4918,0.0,0.0,343.426,230.208,0.4544,0.304598,0.0,0,0.0034282855,0.1007073764,0.10099328679462508
FUVDEH03_clean,FUVDEH03_clean,6.89105,5.80728,6.89105,1.67548,498.219,297.36,0.0,0.0,0.3654,0.218087,0.0,0,0.0026310362,0.0774790551,0.07547395811200014
FUVDEH12_clean,FUVDEH12_clean,6.7205,5.84346,6.7205,1.66278,490.525,295.002,0.0,0.0,0.372,0.223721,0.0,0,0.0026649429,0.0787246781,0.07779966959924917
GANBAZ02_clean,GANBAZ02_clean,5.94516,4.40671,5.62899,1.06833,1884.21,1763.7,0.0,0.0,0.666,0.623402,0.0,0,0.0151476165,0.4422594597,0.43756151547949707
GANBAZ_clean,GANBAZ_clean,5.94353,4.52828,5.85748,1.27209,1425.13,1120.3,410.616,322.787,0.6514,0.51207,0.0,0,0.0168429197,0.4913549458,0.4862727352711277
GANBED02_clean,GANBED02_clean,5.89181,5.00048,5.83979,0.915211,2178.2,2379.99,0.0,0.0,0.6786,0.741468,0.0,0,0.0163461338,0.4723565486,0.47996026023287497
GASTIG_clean,GASTIG_clean,5.0819,3.79248,5.0819,1.32659,966.447,728.518,0.0,0.0,0.4748,0.357909,0.0,1,0.0081872882,0.2350272414,0.21726050825100024
GATQIE_clean,GATQIE_clean,8.12277,6.57853,7.8081,0.814422,2692.15,3305.6,0.0,0.0,0.7176,0.881116,0.000491146,1,0.020214937,0.5911892586,0.5885603347218723
GEBSAJ_clean,GEBSAJ_clean,5.78022,5.25567,5.78022,2.94845,1017.65,345.147,0.0,0.0,0.414,0.140413,0.0,0,0.008849679,0.2514125571,0.1726749848542494
GEDPAH_clean,GEDPAH_clean,6.03167,4.27212,6.03167,1.25052,927.95,742.052,0.0,0.0,0.4286,0.342738,0.0,1,0.0039714194,0.1188775918,0.11599930256462468
GINPAW_clean,GINPAW_clean,5.2982,2.63149,5.28355,1.46721,0.0,0.0,577.901,393.878,0.4082,0.278215,0.0,0,0.0045254658,0.1330523477,0.1312870890823749
GITSUY_clean,GITSUY_clean,12.38253,7.614,12.38253,0.866035,1866.54,2155.27,0.0,0.0,0.694,0.801354,0.0,0,0.0162028295,0.4624087496,0.46696165708312515
GITVAH01_clean,GITVAH01_clean,9.03293,4.92005,8.03384,1.44808,1218.66,841.568,0.0,0.0,0.5302,0.366141,0.0,0,0.0080536906,0.227596153,0.23455819789375024
GONMON_clean,GONMON_clean,7.36451,3.08655,7.36451,1.50929,0.0,0.0,1044.08,691.77,0.5014,0.33221,0.0,1,0.0055192925,0.1612587689,0.16239882097937539
GONSUZ_clean,GONSUZ_clean,4.31262,4.05462,4.31117,1.54869,644.734,416.31,25.0293,16.1616,0.4898,0.316268,0.0,0,0.0058063769,0.1680188102,0.17112683949537488
GORJEE_clean,GORJEE_clean,6.22352,3.46281,6.21155,1.2742,1383.19,1085.53,43.8432,34.4085,0.5994,0.470413,0.0,1,0.0105625897,0.30274477,0.3072003538381238
HABCEV_clean,HABCEV_clean,9.92705,7.22424,9.91479,0.991769,2097.63,2115.04,0.0,0.0,0.6876,0.693307,0.0,1,0.0170827345,0.489170615,0.5000388888964986
HABCIZ_clean,HABCIZ_clean,9.83189,7.12324,9.82847,0.920871,2079.45,2258.13,0.0,0.0,0.6902,0.749507,0.0,1,0.0176135627,0.5072985265,0.5153682882173779
HABCOF_clean,HABCOF_clean,9.97681,7.2596,9.97191,0.933756,2065.72,2212.27,0.0,0.0,0.6892,0.738095,0.0,1,0.0176461881,0.5070401215,0.5136215040936263
HACRAH_clean,HACRAH_clean,10.70695,3.98119,10.7068,1.08072,1943.74,1798.55,0.0,0.0,0.6278,0.580906,0.0,0,0.0173730479,0.4987245681,0.4996445194822467
HAFFEC_clean,HAFFEC_clean,10.00896,3.39542,10.00597,1.02612,1067.02,1039.86,564.199,549.839,0.605,0.589602,0.0,0,0.015368866,0.4464455685,0.43527184005799796
HAWZIQ_clean,HAWZIQ_clean,5.31491,3.2934,5.31491,1.83897,0.0,0.0,919.933,500.245,0.4832,0.262756,0.0,1,0.0042617386,0.1243299632,0.12448660670712504
HEZSAG_clean,HEZSAG_clean,4.00752,2.98714,3.99134,1.66245,0.0,0.0,279.474,168.11,0.4502,0.270805,0.0,0,0.0028402152,0.0840163261,0.08377450908150047
HICZIE_clean,HICZIE_clean,4.75635,3.88223,4.75635,1.70104,552.032,324.527,36.9511,21.7227,0.4418,0.259724,0.0,0,0.0042642515,0.1259451077,0.12552256048375005
HIYZEV_clean,HIYZEV_clean,6.85088,3.31241,6.85088,1.35159,1151.37,851.868,0.0,0.0,0.5104,0.37763,0.0,1,0.0078215024,0.2241645831,0.2270141284707491
HIZSEQ_clean,HIZSEQ_clean,8.45379,5.93435,8.42674,0.797325,2202.23,2762.03,0.0,0.0,0.7088,0.888973,0.0,1,0.0204767937,0.5917372193,0.5989843914492489
HONXAL_clean,HONXAL_clean,5.93962,3.6638,5.93962,1.42871,1198.14,838.618,0.0,0.0,0.5172,0.362006,0.0,0,0.0099483041,0.289004623,0.28826093132025143
HOQNOS_clean,HOQNOS_clean,5.68928,5.15984,5.68602,1.20112,1133.38,943.601,0.0,0.0,0.508,0.422938,0.0,0,0.0081318446,0.2423610558,0.23824551976587585
HOVQUG_clean,HOVQUG_clean,4.17086,3.66339,4.17086,1.64186,726.593,442.541,0.0,0.0,0.4718,0.287356,0.0,1,0.0054261683,0.1587886953,0.15719285667337396
HUCSEF_clean,HUCSEF_clean,13.78845,4.39887,13.78845,0.867071,1791.92,2066.64,0.0,0.0,0.6752,0.778714,0.0,1,0.0180342182,0.5188831301,0.5201249846128756
HUKRIO_clean,HUKRIO_clean,4.32553,3.06239,4.31139,1.65923,0.0,0.0,179.047,107.91,0.3744,0.225647,0.0,0,0.0036963132,0.1069398689,0.10795095987724983
HURFIL_clean,HURFIL_clean,5.53219,3.67395,5.49739,1.12953,1491.57,1320.52,0.0,0.0,0.5764,0.5103,0.0,1,0.0096305412,0.2779783175,0.28248624858362636
HURFOR_clean,HURFOR_clean,7.08248,5.24445,7.08248,1.04737,1938.44,1850.78,0.0,0.0,0.6226,0.594444,0.0,1,0.0129832249,0.3843276568,0.3792209845282486
IBURAZ_clean,IBURAZ_clean,4.88805,3.48372,4.75798,1.89312,918.977,485.428,0.0,0.0,0.536,0.28313,0.0,0,0.0067306466,0.195224683,0.19674580167875033
ic402614w_si_002_clean,ic402614w_si_002_clean,9.2693,3.70616,9.2693,1.31599,1346.03,1022.83,0.0,0.0,0.551,0.418696,0.0,1,0.0100233859,0.2913757555,0.2912248124815006
ic5b00561_si_002_clean,ic5b00561_si_002_clean,5.89498,4.61733,5.89498,1.41475,549.49,388.401,68.7517,48.5964,0.4818,0.340555,0.0,1,0.005252665,0.1582606494,0.15478851851562472
ic8008859_si_001_clean,ic8008859_si_001_clean,6.51934,4.39103,6.27132,0.92999,1351.28,1453.01,0.0,0.0,0.5454,0.586458,0.0,1,0.0096028922,0.2767645799,0.2815733796421259
IDUYOX_clean,IDUYOX_clean,9.73996,8.61519,9.73996,0.935578,2195.16,2346.31,0.0,0.0,0.7078,0.756538,0.0,1,0.0185966403,0.5476642233,0.5407876572073733
IFEPUG01_clean,IFEPUG01_clean,6.97552,6.67002,6.97552,1.81968,554.5,304.724,0.0,0.0,0.3222,0.177064,0.0,1,0.0028756909,0.0832028191,0.08453365104825035
IFEPUG02_clean,IFEPUG02_clean,7.03312,5.99915,7.03312,1.58114,529.815,335.085,0.0,0.0,0.3982,0.251844,0.0,0,0.002996871,0.0892065891,0.08714017906587473
IFEPUG03_clean,IFEPUG03_clean,6.99241,5.91522,6.99241,1.59971,524.86,328.098,0.0,0.0,0.393,0.24567,0.0,0,0.0029302474,0.0872269171,0.08649223928012503
IGORUS_clean,IGORUS_clean,10.22764,5.8145,10.22764,0.798105,2273.51,2848.64,0.0,0.0,0.7076,0.8866,0.0,1,0.0224147067,0.6521989887,0.6463598635616268
IGUCEU_clean,IGUCEU_clean,4.52933,3.82475,4.49997,1.71915,529.35,307.913,0.0,0.0,0.4484,0.260826,0.0,0,0.0025188139,0.071843929,0.07393674139112538
IJENIV_clean,IJENIV_clean,10.00359,4.25651,10.00359,1.99634,628.149,314.65,0.0,0.0,0.4272,0.213991,0.0,1,0.002845457,0.0846052777,0.08320225919037517
IKOTEH_clean,IKOTEH_clean,5.65107,4.60462,5.64755,1.07269,1502.82,1400.99,0.0,0.0,0.5482,0.511053,0.0,0,0.0100230864,0.2891908102,0.29381644430875054
IMULEH_clean,IMULEH_clean,8.24491,4.53271,8.24491,0.809297,1780.75,2200.36,0.0,0.0,0.6282,0.776229,0.0,0,0.0145668736,0.4317180584,0.4282159701259994
INASAT_clean,INASAT_clean,7.1488,3.62291,7.09324,1.42758,1215.89,851.717,0.0,0.0,0.5508,0.385827,0.0,1,0.0094469546,0.267609899,0.2756538386206261
INEXEG_clean,INEXEG_clean,5.75488,3.93289,5.74773,1.23407,1432.27,1160.6,0.0,0.0,0.543,0.440007,0.0,0,0.0092996775,0.2753794108,0.27163402116637597
IREGOD_clean,IREGOD_clean,5.40281,4.28093,5.40281,1.18436,1608.89,1358.45,0.0,0.0,0.5606,0.473337,0.0,1,0.0100892475,0.2921832488,0.2954805752363738
IYUHOB_clean,IYUHOB_clean,9.27375,6.04055,9.27375,0.954465,2228.79,2335.12,0.0,0.0,0.6788,0.711184,0.0,0,0.0199182361,0.5812988426,0.5698341174158764
ja0660047si20060818_060458_clean,ja0660047si20060818_060458_clean,6.58402,3.94503,6.58402,1.00815,1971.57,1955.64,0.0,0.0,0.578,0.57333,0.0,0,0.0141493224,0.4091771689,0.4004733245622495
ja078060t-file002_clean,ja078060t-file002_clean,16.93112,9.01585,16.93112,0.615402,2165.98,3519.61,0.0,0.0,0.7858,1.27689,0.0,1,0.0329531042,0.9342268282,0.918960248118625
ja501810r_si_002_clean,ja501810r_si_002_clean,11.13191,5.72159,11.13191,0.767426,2419.7,3153.01,0.0,0.0,0.7292,0.950189,0.0,1,0.0241738378,0.7096390271,0.7007321324041267
ja507119n_si_002_clean,ja507119n_si_002_clean,15.60995,11.91932,15.59956,1.42878,1384.15,968.765,14.3512,10.0444,0.6548,0.458293,0.000139979,0,0.0110883206,0.312840195,0.32526931236637374
ja508679h_si_001_clean,ja508679h_si_001_clean,23.57179,3.8196,23.57179,0.804199,1699.2,2112.9,0.0,0.0,0.761,0.946283,0.000497389,1,0.0266929508,0.7597791443,0.7785152846822466
ja5109535_si_002_clean,ja5109535_si_002_clean,17.4505,7.65306,17.4505,0.65071,2199.17,3379.65,0.0,0.0,0.7686,1.18117,0.0,0,0.0302879479,0.8766191525,0.8696995618083737
JADBEY_clean,JADBEY_clean,5.1025,4.19518,4.95899,1.35732,1188.64,875.723,0.0,0.0,0.488,0.359531,0.0,0,0.006638442,0.1918686124,0.19586061515624958
JALLIU_clean,JALLIU_clean,13.72158,6.77108,13.72158,0.777101,2196.2,2826.14,0.0,0.0,0.7498,0.964868,0.000514734,0,0.0218105474,0.6308075231,0.6371641974153749
j.inoche.2015.02.023_INC05895-mmc1_clean,j.inoche.2015.02.023_INC05895-mmc1_clean,5.70413,3.46915,5.53584,1.31977,1259.88,954.616,0.0,0.0,0.503,0.381126,0.0,1,0.0086169244,0.2584424571,0.2523027382536617
JIVSIR01_clean,JIVSIR01_clean,4.47156,3.773,4.47156,2.62598,349.939,133.261,0.0,0.0,0.2762,0.10518,0.0,1,0.0023368296,0.0660863745,0.0675144567888749
j.jssc.2015.08.048_mmc3_clean,j.jssc.2015.08.048_mmc3_clean,4.34493,3.34423,4.32886,1.86519,607.903,325.921,0.0,0.0,0.388,0.208022,0.0,0,0.0033970686,0.0986970252,0.09980646521000022
JUSGUB_clean,JUSGUB_clean,10.14001,9.53522,10.14001,1.35238,706.669,522.536,374.012,276.558,0.5274,0.389979,0.0,0,0.0081491359,0.2365455715,0.2375465750591252
JUTCOS_clean,JUTCOS_clean,7.04726,4.27705,7.02404,1.31095,1329.11,1013.85,0.0,0.0,0.5362,0.409016,0.0,1,0.0075939156,0.2240673064,0.22092653639750118
JUYBEM_clean,JUYBEM_clean,5.13731,3.85682,5.13731,1.48243,1119.92,755.465,0.0,0.0,0.4988,0.336475,0.0,0,0.0067972756,0.1914071945,0.19844519524624998
KACGAZ_clean,KACGAZ_clean,9.02802,5.849,9.02802,1.98651,1697.99,854.763,0.0,0.0,0.6242,0.31422,0.0,1,0.0068760891,0.2029965103,0.19920928621275064
KAPGEP_clean,KAPGEP_clean,5.28957,2.99305,5.18694,1.73364,0.0,0.0,375.25,216.452,0.428,0.246879,0.0,1,0.0022104762,0.0609064139,0.06496273986324992
KEWJIG_clean,KEWJIG_clean,7.66764,4.96521,7.66764,1.12411,2024.36,1800.85,0.0,0.0,0.6074,0.540337,0.0,1,0.0138363874,0.4027713486,0.40069618464149925
KOJZOZ_clean,KOJZOZ_clean,9.94395,7.51619,9.94395,1.17869,2115.26,1794.59,0.0,0.0,0.694,0.58879,0.0,1,0.0117810461,0.3485087307,0.343402905479624
KOMHIF_clean,KOMHIF_clean,6.96433,4.30157,6.96433,2.10755,601.281,285.298,0.506718,0.24043,0.4434,0.210386,0.0,1,0.0040105097,0.1172625538,0.11789271021550038
KOMHOL_clean,KOMHOL_clean,7.12004,4.41244,7.12004,2.09673,622.975,297.118,3.20164,1.52697,0.448,0.213666,0.0,1,0.0040779224,0.120891213,0.1189512823906257
KUKPUD_clean,KUKPUD_clean,9.04322,8.10629,9.04322,1.11678,1615.16,1446.26,0.0,0.0,0.65,0.582028,0.0,1,0.0126390201,0.3766666663,0.368782215535999
KUXSAZ_clean,KUXSAZ_clean,8.81598,3.44204,8.80847,1.03643,1657.94,1599.66,0.0,0.0,0.6052,0.583926,0.0,0,0.0136185557,0.4019523455,0.3875618290601273
LACYOG_clean,LACYOG_clean,9.45292,5.8367,9.45292,1.00526,2164.69,2153.37,0.0,0.0,0.6652,0.661721,0.0,1,0.0163904218,0.4743977389,0.4752029277115
LACZAT_clean,LACZAT_clean,8.2988,5.7298,8.2988,0.945764,1995.72,2110.17,179.673,189.977,0.662,0.699963,0.0,1,0.0161536101,0.4710642761,0.4694617465342482
LACZIB_clean,LACZIB_clean,9.35168,6.74694,9.35021,0.752382,2169.18,2883.09,0.0,0.0,0.6922,0.920012,0.0,1,0.0212446813,0.6335430107,0.6096949020168736
LAJFAG_clean,LAJFAG_clean,5.72543,4.57825,5.71752,1.1981,1513.97,1263.65,0.0,0.0,0.532,0.444037,0.0,0,0.0103368523,0.3060222471,0.30221678204549934
LIDSEY_clean,LIDSEY_clean,5.38035,4.73063,5.37764,1.08774,2028.26,1864.66,0.0,0.0,0.5984,0.550133,0.0,1,0.0133211203,0.3885092629,0.3877578927450025
LIHKAQ_clean,LIHKAQ_clean,4.20661,3.40597,4.15918,2.43906,861.502,353.21,0.0,0.0,0.4506,0.184743,0.0,0,0.0062110102,0.1796568005,0.16132713242750008
LOCNIB_clean,LOCNIB_clean,5.61168,3.14368,5.61168,1.61136,0.0,0.0,733.512,455.213,0.48,0.297885,0.0,0,0.0054533575,0.1593504139,0.15908194722812571
LORNEL_clean,LORNEL_clean,6.96325,5.60613,6.9631,1.05672,2615.87,2475.46,0.0,0.0,0.7412,0.701416,0.0,0,0.0135424265,0.3991806019,0.4001927970417495
LOSYAV_clean,LOSYAV_clean,4.55984,3.67657,4.54982,1.22852,1180.85,961.195,0.0,0.0,0.5162,0.42018,0.0,1,0.0089045251,0.25968738,0.26092819363612496
LOXVUR_clean,LOXVUR_clean,4.57014,3.4563,4.57014,1.84158,481.399,261.405,0.0,0.0,0.3796,0.206127,0.0,0,0.0023444519,0.0699442955,0.06848403780999979
LOZSOK_clean,LOZSOK_clean,4.88564,3.63855,4.86025,1.66521,574.268,344.863,0.0,0.0,0.4628,0.277923,0.0,1,0.0047816182,0.1430470656,0.13970486061637444
LUDTUZ_clean,LUDTUZ_clean,9.25303,6.21337,9.25303,1.86951,1728.91,924.79,0.0,0.0,0.6404,0.342549,0.0,1,0.0072050872,0.2135948265,0.2119699485584985
LUDVAH_clean,LUDVAH_clean,5.76222,3.92954,5.75675,1.87163,1115.45,595.979,0.0,0.0,0.5392,0.288092,0.0,1,0.0045164991,0.1351450427,0.13382565586724937
LULXOG_clean,LULXOG_clean,4.25751,3.14352,4.25086,1.7004,0.0,0.0,243.377,143.129,0.407,0.239355,0.0,1,0.0049749573,0.1420076972,0.1460769794127498
MAJKAM_clean,MAJKAM_clean,6.55321,5.18508,6.53172,1.09153,1978.37,1812.47,0.0,0.0,0.6024,0.551884,0.0,1,0.012950288,0.3742726864,0.3743926893121238
MOKVOZ_clean,MOKVOZ_clean,13.24903,6.01162,13.24903,0.724616,2572.52,3550.19,0.0,0.0,0.738,1.01847,0.0,1,0.0273820528,0.7791505533,0.7934367236927564
MOXBOS_clean,MOXBOS_clean,8.77455,8.32709,8.77455,1.39055,1211.67,871.361,0.0,0.0,0.542,0.389775,0.0,1,0.007007299,0.2064624411,0.20447770124175046
MULXUO_clean,MULXUO_clean,5.63973,4.20214,5.63973,1.33333,1496.0,1122.0,0.0,0.0,0.5418,0.40635,0.0,1,0.0081379422,0.2353577711,0.23346104657700056
MUVJAP_clean,MUVJAP_clean,5.84101,5.24434,5.82161,1.88151,1162.86,618.045,0.0,0.0,0.4892,0.260004,0.0,1,0.005764184,0.1668621146,0.16599574043112486
NEDLOZ_clean,NEDLOZ_clean,5.19157,3.5955,4.37454,1.44817,1020.62,704.764,0.0,0.0,0.4738,0.327171,0.0,0,0.0083166743,0.2420502313,0.21300974200000014
NICZAA_clean,NICZAA_clean,5.31469,3.10349,5.31454,1.72513,0.0,0.0,747.069,433.051,0.4908,0.2845,0.0,0,0.0094094272,0.2638822658,0.19872389875775098
NIKKAU_clean,NIKKAU_clean,5.93093,3.07516,5.91426,1.37567,0.0,0.0,1101.24,800.518,0.4814,0.34994,0.0,1,0.0062875444,0.18683587,0.18433814584125013
NIMQAC_clean,NIMQAC_clean,4.88726,4.1244,4.87966,1.793,775.011,432.243,0.0,0.0,0.4462,0.248857,0.0,1,0.0051294141,0.1474282675,0.1490097999724998
NOHQEI_clean,NOHQEI_clean,10.43188,7.39379,10.43163,0.730087,2047.09,2803.9,0.0,0.0,0.7394,1.01276,0.0,0,0.0246427463,0.7065701938,0.7239875722707532
NUNZUT_clean,NUNZUT_clean,6.7597,5.63419,6.7597,1.12121,1275.46,1137.57,0.0,0.0,0.5448,0.485904,0.0,0,0.0088887056,0.2654056478,0.26234661568512485
ODIXIK_clean,ODIXIK_clean,6.81688,4.29892,6.81439,1.49389,849.77,568.828,302.861,202.732,0.5408,0.362007,0.0,1,0.0069513087,0.197726759,0.20327220137662538
OHATAT_clean,OHATAT_clean,4.42739,3.17116,4.42454,1.78842,0.0,0.0,652.143,364.648,0.4044,0.226122,0.0,1,0.0038254768,0.1127853626,0.11014815459487513
OSOTIB_clean,OSOTIB_clean,11.1654,5.76413,11.16529,0.768695,2412.13,3137.96,0.0,0.0,0.7286,0.947841,0.0,1,0.0243339766,0.7131798736,0.7026227731110027
OSUPOJ_clean,OSUPOJ_clean,5.23504,2.7633,5.23504,1.85152,0.0,0.0,990.884,535.173,0.5186,0.280094,0.0,1,0.0103218095,0.2848537822,0.24792120833349954
OXANUX_clean,OXANUX_clean,5.94515,4.53193,5.92516,1.09636,1861.76,1698.12,0.0,0.0,0.586,0.534494,0.0,1,0.0121365466,0.3534728758,0.35407782769325147
OYAKAC02_clean,OYAKAC02_clean,10.84931,8.93162,10.8375,1.42421,1898.38,1332.94,0.0,0.0,0.6618,0.464679,0.000140429,1,0.0116299681,0.3369905873,0.33310201193587546
PACWOG_clean,PACWOG_clean,6.59434,3.00655,6.5577,1.38494,0.0,0.0,993.59,717.423,0.4848,0.350051,0.0,1,0.0081473884,0.2337225855,0.22495643737462512
PADHIM_clean,PADHIM_clean,4.89943,3.0444,4.89943,2.15706,0.0,0.0,539.608,250.159,0.4582,0.212418,0.0,1,0.0064904381,0.1829324613,0.17603466250137476
PEKDEQ_clean,PEKDEQ_clean,6.37859,4.93188,6.37859,0.860942,2189.0,2542.56,0.0,0.0,0.6426,0.746392,0.0,1,0.016386344,0.4817697823,0.4836573869713747
PENNIH_clean,PENNIH_clean,6.3502,4.1996,4.94284,1.08381,1502.1,1385.95,0.0,0.0,0.547,0.504702,0.0,0,0.0091832303,0.266502847,0.270411320370625
PEWDAY_clean,PEWDAY_clean,4.88885,2.88033,4.88885,1.46266,0.0,0.0,831.425,568.435,0.4794,0.32776,0.0,0,0.0068035196,0.1976619187,0.19619087749150052
PIDNIB_clean,PIDNIB_clean,5.00704,2.62164,5.00704,1.27902,0.0,0.0,1145.26,895.422,0.5444,0.425638,0.000469108,1,0.0101400409,0.2922758455,0.2934093997532502
PIVWAT_clean,PIVWAT_clean,3.93261,3.24889,3.93261,1.61403,0.0,0.0,217.243,134.597,0.384,0.237914,0.0,1,0.0018559023,0.0545050178,0.05492433491137523
POBJIB_clean,POBJIB_clean,4.44888,3.51511,4.44772,1.47992,991.094,669.692,0.0,0.0,0.5136,0.347045,0.0,1,0.0080759364,0.2372808455,0.2324530521183762
PUBROU_clean,PUBROU_clean,10.98616,5.10232,10.98616,0.916508,2445.22,2667.98,0.0,0.0,0.701,0.76486,0.0,0,0.0200304548,0.5905148963,0.583570155442499
PUBSIP_clean,PUBSIP_clean,11.35974,4.90438,11.35974,0.939411,2072.64,2206.31,0.0,0.0,0.6858,0.730032,0.0,1,0.0173888419,0.5014791425,0.5029370854276235
PUPJER_clean,PUPJER_clean,11.34986,4.2884,11.34946,1.04067,2155.08,2070.86,0.0,0.0,0.678,0.651506,0.0,1,0.0167048203,0.476822985,0.4841497913158756
PUSSEC_clean,PUSSEC_clean,6.42822,3.88531,6.41292,2.06161,780.57,378.621,69.1973,33.5646,0.4744,0.230111,0.0,1,0.0030162762,0.0892490371,0.08770372849812474
PUWZOX_clean,PUWZOX_clean,5.63365,4.16849,5.62629,1.59077,1356.24,852.569,0.0,0.0,0.5186,0.326006,0.0,1,0.0083922147,0.2431666851,0.24346220878149985
QIKYOA_clean,QIKYOA_clean,6.61593,4.14269,6.59132,1.04069,1590.42,1528.23,5.00662,4.81084,0.6008,0.577307,0.0,1,0.011817225,0.3415720363,0.34604543959624934
QILBUK_clean,QILBUK_clean,12.94588,7.66866,12.94473,0.72242,1683.33,2330.13,0.0,0.0,0.6926,0.958722,0.0,1,0.0208124772,0.6057045313,0.607282810571875
QIWHEL_clean,QIWHEL_clean,6.23289,3.57497,6.23289,1.40383,1318.74,939.391,0.0,0.0,0.5748,0.409452,0.0,1,0.0076744817,0.2270482314,0.22567973503650035
QOTHOY_clean,QOTHOY_clean,6.37058,3.75017,6.31599,1.47166,1046.29,710.962,0.0,0.0,0.4758,0.323309,0.0,1,0.006826369,0.2045293404,0.19900787327687497
QURPIE_clean,QURPIE_clean,9.68581,3.59523,9.58953,1.29548,1821.83,1406.29,0.0,0.0,0.6368,0.491554,0.0,1,0.011563432,0.3320010304,0.33631881722624984
RAQVAG_clean,RAQVAG_clean,3.78774,3.34792,3.78774,2.68569,335.181,124.802,0.0,0.0,0.403,0.150055,0.0,1,0.0045495313,0.1313635921,0.13306247057487425
RAZXIA04_clean,RAZXIA04_clean,4.36297,3.24134,4.36297,1.80861,0.0,0.0,288.663,159.604,0.3896,0.215414,0.0,0,0.0024757754,0.0748607266,0.07266871771087481
REHHIX_clean,REHHIX_clean,9.35675,7.76923,9.35675,1.01818,2023.43,1987.3,0.0,0.0,0.682,0.669824,0.0,1,0.0156747594,0.4583762809,0.4577956186273746
RESZIA_clean,RESZIA_clean,7.48231,5.79274,7.48231,1.22218,1603.95,1312.37,0.0,0.0,0.5772,0.472271,0.0,0,0.0112884407,0.3254023983,0.32487461223775177
ROMMAJ_clean,ROMMAJ_clean,10.96057,3.9466,10.96057,0.96925,2139.32,2207.19,0.0,0.0,0.6522,0.672892,0.0,1,0.016139839,0.4703041965,0.4719754384884968
ROQNES05_clean,ROQNES05_clean,5.09793,2.76755,5.09793,4.08002,0.0,0.0,740.215,181.424,0.4652,0.114019,0.0,1,0.0365462469,0.8102098855,0.802190888396872
RORTUP_clean,RORTUP_clean,6.59655,4.47032,5.86846,1.00477,2073.35,2063.5,0.0,0.0,0.6322,0.629197,0.0,1,0.0132687525,0.390058373,0.39002009160749934
RUBTAK04_clean,RUBTAK04_clean,8.73929,3.8669,8.73929,1.62446,1658.83,1021.16,0.0,0.0,0.5686,0.350023,0.000123118,0,0.0089009338,0.2569631687,0.2569017238411265
RUBTAK05_clean,RUBTAK05_clean,8.72137,3.8551,8.72137,1.62254,1653.9,1019.33,0.0,0.0,0.5676,0.349822,0.000123264,0,0.008976906,0.2560357341,0.25671815723387587
RUBTAK06_clean,RUBTAK06_clean,8.7342,3.8432,8.7342,1.62392,1647.74,1014.66,0.0,0.0,0.5664,0.348785,0.000123158,0,0.008798443,0.2546302479,0.25556614175825076
RUBTAK09_clean,RUBTAK09_clean,8.7392,3.86679,8.7392,1.61914,1660.3,1025.42,0.0,0.0,0.5678,0.35068,0.000123522,0,0.0088844493,0.2558579878,0.2566781387347508
RUHDII_clean,RUHDII_clean,4.00153,3.18469,4.00153,2.15,0.0,0.0,81.2723,37.8011,0.3944,0.183442,0.0,0,0.00134718,0.0393016004,0.0397795090726248
RUYKAZ_clean,RUYKAZ_clean,7.28414,3.24137,7.2788,1.08415,0.0,0.0,1220.32,1125.6,0.541,0.499009,0.0,1,0.0086079377,0.2456116891,0.2522748604645
SAKNOJ_clean,SAKNOJ_clean,15.48179,8.59456,15.48179,0.827341,1070.73,1294.18,649.279,784.778,0.7024,0.848985,0.0,1,0.0204003687,0.576939564,0.574024027261254
SAMXUC_clean,SAMXUC_clean,6.3742,4.86898,6.3742,2.004,589.067,293.946,0.0,0.0,0.4238,0.211477,0.0,0,0.0023805547,0.0685330841,0.06993794347962529
SAMYEN_clean,SAMYEN_clean,6.31967,4.81898,6.31967,2.05928,578.696,281.019,0.0,0.0,0.417,0.202498,0.0,0,0.002264956,0.0648849048,0.06697139457212507
SANGOG_clean,SANGOG_clean,6.60497,4.87256,6.56692,1.52915,1286.32,841.195,0.0,0.0,0.524,0.342673,0.0,1,0.0082404368,0.242410407,0.23725776304274956
SANHEX_clean,SANHEX_clean,6.59961,4.84606,6.59961,1.58966,1288.07,810.28,0.0,0.0,0.5242,0.329756,0.0,1,0.0081366904,0.2370897619,0.2344043890032498
SAPHOI_clean,SAPHOI_clean,7.22635,3.6325,7.22635,1.12288,1450.11,1291.42,116.271,103.547,0.6152,0.547876,0.0,1,0.0120401507,0.3458450816,0.34936494683900093
SEHMUO_clean,SEHMUO_clean,5.30907,3.99675,5.30907,1.52316,1317.75,865.142,3.37005,2.21254,0.567,0.372253,0.0,1,0.0055250088,0.1610656184,0.16355460178075013
SERWET_clean,SERWET_clean,5.26286,3.5348,5.17332,1.00337,1282.88,1278.58,0.0,0.0,0.555,0.553137,0.0,0,0.0115462457,0.3248873816,0.3371563504567494
SESLUZ_clean,SESLUZ_clean,5.3028,4.79056,5.23858,2.17471,1211.49,557.081,0.0,0.0,0.5374,0.247113,0.0,1,0.0048954989,0.1427476936,0.1451402709960003
SICCAK_clean,SICCAK_clean,5.45447,3.14537,5.43364,1.27061,0.0,0.0,624.132,491.205,0.4498,0.354002,0.0,0,0.0046346347,0.1382081054,0.13654754892450008
SITFUY_clean,SITFUY_clean,18.15702,9.20943,18.15702,1.0054,1849.34,1839.41,0.0,0.0,0.7562,0.752141,0.000198926,1,0.0229879781,0.6483083307,0.6643175018238731
SOKXIB_clean,SOKXIB_clean,11.6126,7.16546,11.6126,0.857146,1980.64,2310.74,0.0,0.0,0.706,0.823663,0.0,1,0.021467188,0.6240635299,0.6178874294265002
SONTEV_clean,SONTEV_clean,5.43437,4.24948,5.43437,1.4845,1179.06,794.252,0.0,0.0,0.5352,0.360526,0.0,0,0.0072823177,0.2090925933,0.21093321874937526
SUKKUG_clean,SUKKUG_clean,11.3345,4.2895,11.3345,1.1764,1829.28,1554.98,0.0,0.0,0.6228,0.529413,0.0,1,0.0162517019,0.4735046814,0.4686156804951213
SURKUN01_clean,SURKUN01_clean,8.71483,3.85255,8.71483,1.61835,1671.59,1032.9,0.0,0.0,0.581,0.359009,0.000123583,0,0.0088629477,0.2534971149,0.25570033167462625
TADWOM_clean,TADWOM_clean,9.57231,6.35673,9.57231,0.87901,1890.37,2150.57,0.0,0.0,0.6552,0.745384,0.0,1,0.0159482621,0.4682998817,0.46551522850275084
TAJTOQ01_clean,TAJTOQ01_clean,3.80682,2.74199,3.80429,1.36597,0.0,0.0,72.1377,52.8108,0.477,0.349204,0.0,0,0.0035901429,0.1091354301,0.1068584819104999
TAJWAF01_clean,TAJWAF01_clean,3.92572,2.70526,3.33304,1.34969,0.0,0.0,234.804,173.969,0.475,0.351933,0.0,0,0.0041123455,0.1195166713,0.12177264595812431
TAJWAF02_clean,TAJWAF02_clean,3.91878,2.72585,3.34938,1.34969,0.0,0.0,222.537,164.88,0.479,0.354897,0.0,0,0.0041074191,0.1188577599,0.12166583562099939
TEQLIM_clean,TEQLIM_clean,10.57747,9.21067,10.57747,0.779734,1974.44,2532.19,79.8475,102.404,0.7166,0.919031,0.0,1,0.0197569981,0.5660845793,0.5721838000032498
TEQVOC_clean,TEQVOC_clean,5.38838,3.99776,5.38838,1.49315,564.33,377.946,0.0,0.0,0.462,0.309413,0.0,1,0.0025962487,0.0759704445,0.07633064604074996
TERFED_clean,TERFED_clean,4.51281,3.91001,4.51281,1.28172,1102.17,859.911,0.0,0.0,0.5092,0.397278,0.0,1,0.0079044612,0.227748842,0.23133555128824956
TILBIB01_clean,TILBIB01_clean,11.44433,8.3457,11.44433,1.69878,1777.66,1046.43,0.0,0.0,0.675,0.397344,0.0,1,0.0098016169,0.2773227499,0.2822773040945013
TIPZOJ_clean,TIPZOJ_clean,4.94343,3.60013,4.89104,2.53459,858.107,338.559,0.0,0.0,0.4532,0.178806,0.0,1,0.0025593156,0.0750135594,0.07546908876987525
TIRKEM_clean,TIRKEM_clean,5.36618,3.48834,5.34699,1.18994,1111.28,933.894,0.0,0.0,0.4996,0.419854,0.0,0,0.006531714,0.1851238055,0.1901445431282494
TIVYAZ_clean,TIVYAZ_clean,7.74101,6.53754,7.72929,0.889175,2037.11,2291.01,0.0,0.0,0.6704,0.753957,0.0,1,0.0171052936,0.4948475622,0.5004268683678749
TOHMIO_clean,TOHMIO_clean,6.54925,4.9068,5.95185,1.44483,1653.85,1144.67,0.0,0.0,0.552,0.382052,0.0,1,0.0092454556,0.2714169444,0.2657564113637519
TUJGAI_clean,TUJGAI_clean,5.32704,3.96008,5.26461,1.93315,914.908,473.272,0.0,0.0,0.4616,0.238781,0.0,1,0.005769468,0.163624368,0.1661990126427498
TURBUE_clean,TURBUE_clean,11.84396,5.52264,10.5666,3.09865,733.123,236.594,594.714,191.927,0.5488,0.177109,0.0,1,0.004960586,0.1453549724,0.13853158110550015
UDAXEF_clean,UDAXEF_clean,8.6836,5.82923,8.6836,1.53432,1708.5,1113.52,0.0,0.0,0.6396,0.416861,0.0,0,0.0082017402,0.2414279871,0.2395092597118764
UMOYOM02_clean,UMOYOM02_clean,8.68301,5.26839,8.68301,0.613738,2959.15,4821.52,0.0,0.0,0.7366,1.20019,0.0,1,0.0279803954,0.8239908026,0.8146301197320054
UMOYOM15_clean,UMOYOM15_clean,7.15478,5.03775,6.09393,0.736061,2757.31,3746.04,0.0,0.0,0.6812,0.925467,0.0,1,0.0209944004,0.6192813075,0.6141848187426246
UNABOB_clean,UNABOB_clean,8.55635,7.67109,8.55635,1.32288,1496.81,1131.48,0.0,0.0,0.604,0.45658,0.0,1,0.0090531277,0.2600571968,0.2654164910173753
USAHAZ_clean,USAHAZ_clean,10.72389,9.68617,10.71468,0.687876,2071.59,3011.58,0.0,0.0,0.7326,1.06502,0.0,0,0.0249176609,0.7082368578,0.7290005741470007
UXACAY_clean,UXACAY_clean,5.42504,4.97343,5.42504,1.96219,875.799,446.337,0.0,0.0,0.4652,0.237082,0.0,1,0.0032430734,0.0929358129,0.09658018643162494
VAJTEH_clean,VAJTEH_clean,4.91266,3.88473,4.86323,1.37089,793.53,578.842,0.0,0.0,0.4266,0.311184,0.0,1,0.0042139177,0.1197837178,0.12355193933087513
VAKLIF_clean,VAKLIF_clean,8.6135,7.01422,8.60784,0.699177,2542.49,3636.41,0.0,0.0,0.7356,1.05209,0.0,0,0.0236910484,0.6858180767,0.6934505885715009
VAKPUV_clean,VAKPUV_clean,8.42025,5.07912,7.45236,1.93014,1149.16,595.375,0.0,0.0,0.5226,0.270757,0.0,0,0.0047699967,0.1391858565,0.14143266272025032
VALSIM_clean,VALSIM_clean,3.97767,2.66888,3.97767,1.98131,0.0,0.0,166.11,83.8388,0.3982,0.200978,0.0,0,0.0029914164,0.0876065207,0.0880591844371249
VAMQIJ_clean,VAMQIJ_clean,4.87015,2.66146,4.86051,1.82613,0.0,0.0,851.567,466.323,0.5082,0.278293,0.0,0,0.0055205232,0.1630539382,0.1616538509251257
VAMZER_clean,VAMZER_clean,7.00413,5.41811,7.00325,0.798549,2577.99,3228.34,0.0,0.0,0.7048,0.8826,0.0,0,0.0203841522,0.5859050889,0.5922147078817512
VELVOY_clean,VELVOY_clean,11.39286,3.40894,11.39286,0.949095,1469.34,1548.15,0.0,0.0,0.625,0.658522,0.0,0,0.0126146587,0.3695098768,0.369976753051248
VIDWAI_clean,VIDWAI_clean,4.26915,3.21318,4.18386,1.57071,0.0,0.0,1087.21,692.178,0.5068,0.322657,0.0,0,0.0068599586,0.1919954262,0.19944632107837534
VIWQUP_clean,VIWQUP_clean,8.69583,7.55321,8.68271,1.40125,1379.91,984.771,0.0,0.0,0.582,0.415343,0.0,1,0.0082182991,0.2398378002,0.23864424148974994
VONDIN_clean,VONDIN_clean,5.00802,4.09464,4.99228,1.6638,876.956,527.08,0.0,0.0,0.4756,0.285852,0.0,0,0.0054058972,0.1576867419,0.15827444573137486
VOQXIK_clean,VOQXIK_clean,7.63858,6.07404,7.63858,0.724945,2355.92,3249.79,0.0,0.0,0.6782,0.935519,0.0,1,0.0230411659,0.6750232212,0.6766535468497499
VOXTUZ_clean,VOXTUZ_clean,5.52627,4.64994,5.48747,1.37374,1663.89,1211.21,0.0,0.0,0.5974,0.434871,0.0,0,0.0127909644,0.3639802566,0.36197940262225076
VOXVAH_clean,VOXVAH_clean,5.92871,5.26453,5.92106,1.32162,1764.11,1334.81,0.0,0.0,0.577,0.436585,0.0,0,0.0113179094,0.3247081126,0.32882823587887605
VUHMOC_clean,VUHMOC_clean,8.86845,5.72272,8.82422,2.14431,1625.98,758.274,0.0,0.0,0.6078,0.283447,0.0,1,0.0062397587,0.1783186914,0.18334527075974966
VUKYUX_clean,VUKYUX_clean,9.90621,6.20444,9.90621,1.16134,1765.64,1520.35,0.0,0.0,0.648,0.557977,0.0,1,0.012660182,0.3647585493,0.3678824530672491
VURNED_clean,VURNED_clean,8.28196,7.22796,8.27719,0.968429,2084.34,2152.29,0.0,0.0,0.665,0.686679,0.0,0,0.0178500971,0.5212470445,0.5197940232892503
WAHROP_clean,WAHROP_clean,5.95888,4.93789,5.95575,1.04375,1513.2,1449.77,0.0,0.0,0.5402,0.517556,0.0,1,0.0098636875,0.2858442268,0.2900807743835
WAPTAL_clean,WAPTAL_clean,6.59501,4.67756,6.50224,3.15641,1845.41,584.655,0.0,0.0,0.5866,0.185844,0.0,1,0.003616898,0.106912169,0.10596293266987483
WAPTIT_clean,WAPTIT_clean,6.42774,4.61196,6.42774,3.24584,1787.43,550.682,0.0,0.0,0.5752,0.177211,0.0,1,0.0034218932,0.102911214,0.10079017023687516
WARFAY01_clean,WARFAY01_clean,7.74959,5.31367,7.74959,1.27773,2063.4,1614.89,0.0,0.0,0.6292,0.492434,0.0,0,0.0181754173,0.5232061522,0.521127466301376
WARFAY04_clean,WARFAY04_clean,7.8465,5.35942,7.8465,1.08487,2078.82,1916.18,0.0,0.0,0.6412,0.591037,0.0,1,0.0170927374,0.4896519932,0.4980292775817481
WARXUL_clean,WARXUL_clean,10.57389,6.77159,10.57389,0.735554,2346.78,3190.5,0.0,0.0,0.7338,0.997616,0.0,1,0.0237790803,0.6885248601,0.6975316551310026
WEBKEV_clean,WEBKEV_clean,7.20719,5.75568,7.20441,0.992079,2555.25,2575.65,0.0,0.0,0.7294,0.735224,0.0,1,0.0190819696,0.5625283076,0.5593718069759993
WELTIR_clean,WELTIR_clean,7.31149,3.32333,7.29754,2.01999,741.779,367.219,0.0,0.0,0.4254,0.210595,0.0,1,0.0038189799,0.1100585394,0.11122374162362439
WIKGII_clean,WIKGII_clean,9.6009,5.08261,9.6009,1.17729,1491.03,1266.49,0.448003,0.380537,0.5982,0.508115,0.0,1,0.008813398,0.2574041858,0.2588977199385005
WILGOO_clean,WILGOO_clean,5.37661,2.60861,5.0078,1.77447,0.0,0.0,970.489,546.917,0.5204,0.29327,0.0,1,0.0042028906,0.1226549923,0.12290236164062483
WIRNAO_clean,WIRNAO_clean,4.60036,4.13679,4.36405,1.42758,1221.11,855.37,0.0,0.0,0.5356,0.375181,0.0,1,0.0059576393,0.1767665348,0.1758900443605003
WOJYOL_clean,WOJYOL_clean,6.3232,3.79224,6.3232,1.61626,545.369,337.426,378.847,234.397,0.4738,0.293146,0.0,1,0.0064896163,0.187222283,0.188113053890125
WOMFEK_clean,WOMFEK_clean,4.34613,3.85784,4.34613,3.20792,1369.21,426.822,0.0,0.0,0.4858,0.151438,0.0,0,0.0273603987,0.6738791493,0.7996164787403786
WUJPIC_clean,WUJPIC_clean,6.8358,6.48385,6.8358,1.24403,1197.74,962.797,0.0,0.0,0.5018,0.403368,0.0,0,0.0091945505,0.2550284743,0.2681600853684991
WUTCET_clean,WUTCET_clean,6.18745,5.18464,6.17096,1.11984,1387.44,1238.96,0.0,0.0,0.5566,0.497034,0.0,0,0.0097584963,0.2875988491,0.28442641878162717
XAKLIH_clean,XAKLIH_clean,6.02466,3.88519,6.02146,1.3674,1040.09,760.632,0.0,0.0,0.5138,0.375749,0.0,1,0.008150315,0.241001011,0.2383236807945003
XANMUX02_clean,XANMUX02_clean,7.02628,6.85841,7.02628,1.18485,1425.51,1203.11,0.0,0.0,0.615,0.519053,0.0,0,0.0094366505,0.2764833264,0.2744118915092504
XANMUX08_clean,XANMUX08_clean,7.80034,7.66637,7.80034,1.1623,1830.3,1574.73,0.0,0.0,0.6326,0.544267,0.0,0,0.0129009071,0.3844539387,0.3760692977165004
XANZAQ03_clean,XANZAQ03_clean,8.31524,7.66858,8.31524,0.918646,1605.96,1748.18,3.17356,3.45461,0.6742,0.733906,0.0,1,0.0151916626,0.4568761863,0.4431447472537473
XANZAQ04_clean,XANZAQ04_clean,8.34862,7.90874,8.34862,0.946048,1600.25,1691.51,0.0,0.0,0.6642,0.702079,0.0,1,0.0138838325,0.4093013986,0.40637146190612705
XANZAQ_clean,XANZAQ_clean,8.11701,7.49064,8.11701,0.931625,1637.23,1757.39,0.0,0.0,0.6638,0.712518,0.0,1,0.0135239872,0.3911089543,0.3909154678578755
XEKJON_clean,XEKJON_clean,6.22254,5.56439,6.21747,1.67319,360.472,215.439,737.24,440.618,0.5436,0.324888,0.0,1,0.0109713637,0.3140448024,0.2653530578982492
XIFLUV_clean,XIFLUV_clean,4.05748,3.15918,4.05748,2.78649,0.0,0.0,96.3149,34.5649,0.2758,0.0989774,0.0,1,0.0020718356,0.0607960215,0.06036990689037481
XIZJEW_clean,XIZJEW_clean,5.72446,3.86989,5.72446,1.71463,866.46,505.333,0.0,0.0,0.4918,0.286825,0.0,1,0.0045315145,0.1352384471,0.13253834704962486
XOBDUO_clean,XOBDUO_clean,5.3269,4.72459,5.3269,2.12953,807.052,378.982,0.0,0.0,0.4734,0.222303,0.0,1,0.0021724387,0.0650689222,0.06302404801124994
XUFWOL_clean,XUFWOL_clean,8.86169,4.66441,8.08173,1.05576,1862.91,1764.52,0.0,0.0,0.6108,0.578541,0.0,1,0.0153633374,0.4499990105,0.43731725499687607
XUGHAK_clean,XUGHAK_clean,5.29389,3.09331,5.29389,1.2574,0.0,0.0,918.908,730.803,0.4968,0.395102,0.0,1,0.0064018694,0.1881432215,0.18625338531537486
YARZEZ01_clean,YARZEZ01_clean,5.61977,4.05885,5.24298,1.02873,1985.67,1930.22,0.0,0.0,0.6746,0.655761,0.0,0,0.011831514,0.3529762365,0.34822798837212376
YATVUN_clean,YATVUN_clean,10.83921,9.14744,10.55157,0.903963,1890.69,2091.55,0.0,0.0,0.6694,0.740517,0.0,0,0.0202423749,0.5760647986,0.5799537051464992
YEFPII_clean,YEFPII_clean,6.51923,4.81055,6.51669,1.53593,2574.45,1676.15,0.0,0.0,0.6984,0.454708,0.0,0,0.0205621732,0.5729163269,0.5897117458577528
YEGHEZ_clean,YEGHEZ_clean,5.88391,4.37273,5.87003,1.21357,1253.26,1032.7,0.0,0.0,0.5114,0.4214,0.0,0,0.0086740175,0.2548422513,0.2528086043683187
YEYDAJ_clean,YEYDAJ_clean,14.77804,3.65211,14.77045,0.94121,1671.89,1776.32,0.0,0.0,0.652,0.692726,0.000212493,0,0.01523689,0.4467653306,0.4423012360832472
YIBMON_clean,YIBMON_clean,4.14715,3.05856,4.14502,1.33992,0.0,0.0,721.864,538.738,0.5214,0.389129,0.0,1,0.0064635387,0.1910547009,0.19036325399375034
YIDSOT_clean,YIDSOT_clean,4.9292,4.14717,4.92841,1.4991,1150.12,767.207,0.0,0.0,0.5208,0.347408,0.0,1,0.0070280797,0.206518407,0.2049865948203748
YINTEW_clean,YINTEW_clean,6.69295,5.30296,6.37064,1.01854,1974.65,1938.7,0.0,0.0,0.6366,0.62501,0.0,0,0.0150472889,0.4463422384,0.4358806691336241
YIXBIQ_clean,YIXBIQ_clean,16.14545,8.60739,16.14545,1.16801,1743.0,1492.28,0.0,0.0,0.7494,0.641603,0.0,1,0.0170435185,0.4851681842,0.49491776908512336
YIZJEY_clean,YIZJEY_clean,6.38909,5.16549,5.85719,1.3913,1198.42,861.362,0.0,0.0,0.5582,0.401206,0.0,0,0.0063532293,0.1890365,0.1875366590601254
ZADRAA_clean,ZADRAA_clean,10.05232,5.81781,10.05232,1.33714,1945.37,1454.87,0.0,0.0,0.6546,0.489551,0.000149573,1,0.017806927,0.5143641654,0.5118335711988736
ZEBMEA_clean,ZEBMEA_clean,6.61101,4.67195,6.5886,1.53404,1279.24,833.903,0.0,0.0,0.5336,0.347839,0.0,1,0.0067112093,0.1895537785,0.1980230161065001
ZISXOQ_clean,ZISXOQ_clean,4.69222,3.05616,4.66804,2.0419,0.0,0.0,282.955,138.575,0.3536,0.173172,0.0,1,0.0028965561,0.0854703192,0.084153403315625
ZIZTEJ_clean,ZIZTEJ_clean,4.9754,4.00901,4.96475,2.66219,1407.31,528.628,0.0,0.0,0.5208,0.195628,0.0,1,0.0034880998,0.1051124874,0.10166492374700033
ZOGBAA_clean,ZOGBAA_clean,8.29052,7.70457,8.2843,0.849869,2437.69,2868.31,0.0,0.0,0.7226,0.850249,0.0,0,0.0254727937,0.7242472217,0.7349865310141239
ZOQSUV_clean,ZOQSUV_clean,8.97796,7.21692,8.97057,1.99998,1715.15,857.582,0.0,0.0,0.633,0.316503,0.0,1,0.007003785,0.2053424917,0.20517357327475094
ZOQTIK_clean,ZOQTIK_clean,8.17476,4.78997,8.17413,2.26836,1524.97,672.282,0.0,0.0,0.581,0.256133,0.0,1,0.0054395524,0.1577423631,0.16232382740600074
ZOYZUK_clean,ZOYZUK_clean,5.26542,2.76938,5.24945,1.28262,0.0,0.0,1055.61,823.014,0.56,0.436607,0.0,1,0.0052451751,0.1547163343,0.15545669422424951
ZUWWAP_clean,ZUWWAP_clean,5.07411,2.67704,5.07411,2.0862,0.0,0.0,528.592,253.376,0.464,0.222414,0.0,1,0.0038221785,0.1148776928,0.110748310616625
ABAYIO_clean,ABAYIO_clean,11.39486,4.3226,11.27409,0.949126,1428.73,1505.31,409.494,431.444,0.6636,0.69917,0.0,0,0.0144724749,0.4206625597,0.4202218524755024
ABEFUL_clean,ABEFUL_clean,4.93969,3.32948,4.93889,1.55108,418.49,269.806,0.0,0.0,0.4118,0.265493,0.0,0,0.0033685946,0.1010386948,0.09861139224174957
ABETIN_clean,ABETIN_clean,9.47418,7.83744,9.45292,0.597233,2275.99,3810.89,0.0,0.0,0.7302,1.22264,0.0,0,0.0269994368,0.7856998665,0.7832758480588761
ABEXOW_clean,ABEXOW_clean,4.7727,4.04921,4.7549,1.81243,948.305,523.222,8.72645,4.81477,0.5026,0.277307,0.0,1,0.0043851816,0.1318472776,0.12791295350500023
ABEYAJ_clean,ABEYAJ_clean,4.73097,3.9715,4.71386,1.90641,913.695,479.276,5.68199,2.98047,0.4682,0.245593,0.0,1,0.0041246623,0.1231233969,0.12036959254812507
ACAJIZ_clean,ACAJIZ_clean,6.1865,5.74044,6.1865,1.30148,981.157,753.879,0.0,0.0,0.4824,0.370656,0.0,0,0.0050504278,0.1480043413,0.1484804166070001
ACIBIY_clean,ACIBIY_clean,5.10081,3.73403,5.09695,1.73515,912.456,525.866,0.0,0.0,0.4594,0.264761,0.0,0,0.0037270267,0.1120578856,0.10890792415212519
ACODON_clean,ACODON_clean,7.1439,4.65537,7.12384,1.14924,1729.7,1505.09,0.0,0.0,0.598,0.520346,0.0,0,0.0109594286,0.3246408086,0.32095929488237507
acs.chemrev.6b00346_cr6b00346_si_001_clean,acs.chemrev.6b00346_cr6b00346_si_001_clean,9.19439,3.959,7.03116,0.906382,2290.66,2527.25,0.0,0.0,0.6912,0.762592,0.0,1,0.0172913268,0.5177420978,0.4972362368612478
acscombsci.5b00188_5040209_clean,acscombsci.5b00188_5040209_clean,7.3732,5.53143,7.30173,1.04632,1848.9,1767.06,0.0,0.0,0.6162,0.588923,0.0,0,0.0138970631,0.3965553954,0.4024402035047499
acs.inorgchem.6b00894_ic6b00894_si_003_clean,acs.inorgchem.6b00894_ic6b00894_si_003_clean,5.39452,2.99444,5.35605,1.36061,0.0,0.0,496.94,365.232,0.4792,0.352194,0.0,0,0.0037979924,0.1122790077,0.11164207666300012
acs.inorgchem.6b01569_ic6b01569_si_002_clean,acs.inorgchem.6b01569_ic6b01569_si_002_clean,6.29847,5.43889,6.29847,1.11326,868.696,780.315,0.0,0.0,0.5092,0.457394,0.0,1,0.0056172947,0.1582755534,0.16533855792825045
acs.inorgchem.6b02696_ic6b02696_si_002_clean,acs.inorgchem.6b02696_ic6b02696_si_002_clean,12.13124,5.0609,12.1281,0.908718,2183.39,2402.71,0.0,0.0,0.6878,0.75689,0.0,0,0.0172927818,0.4996936645,0.5012561028579983
acs.jpcc.6b08594_UiO66_Ce2Zr4_opt_clean,acs.jpcc.6b08594_UiO66_Ce2Zr4_opt_clean,8.49751,4.07254,8.49751,1.27238,1692.83,1330.45,0.0,0.0,0.6072,0.477217,0.000157186,0,0.0092481195,0.2753311254,0.27444547663625146
ADABIS_clean,ADABIS_clean,3.98906,3.05237,3.97803,1.65298,0.0,0.0,144.772,87.5821,0.4004,0.242229,0.0,1,0.0013131809,0.0391274842,0.038756930316375116
ADASIJ_clean,ADASIJ_clean,18.23438,6.60024,18.20695,0.629251,2196.94,3491.36,0.0,0.0,0.765,1.21573,0.0,1,0.0290581529,0.8232737437,0.8395426363741252
ADASOP_clean,ADASOP_clean,18.07263,6.71346,18.07263,0.63164,2223.07,3519.51,0.0,0.0,0.7846,1.24216,0.0,1,0.029232781,0.8585394635,0.8402569279673763
ADAVAE_clean,ADAVAE_clean,10.21446,8.80719,10.21446,0.655338,2331.18,3557.22,0.0,0.0,0.7302,1.11423,0.0,1,0.0229181207,0.6626176068,0.6646874308712526
ADAVIM_clean,ADAVIM_clean,10.34557,8.90065,10.34557,0.637582,2355.11,3693.81,0.0,0.0,0.727,1.14025,0.0,1,0.0237452164,0.6800039851,0.6938062492012516
ADAXEK_clean,ADAXEK_clean,5.76724,4.10445,5.76724,1.26343,1305.6,1033.38,0.0,0.0,0.5042,0.399073,0.0,0,0.0083208954,0.2363200207,0.24445364505287487
ADEGIA_clean,ADEGIA_clean,4.84442,2.87756,4.78086,1.59673,0.0,0.0,710.717,445.108,0.5002,0.313266,0.0,1,0.006033408,0.1672071803,0.1744133659437498
ADIQEL_clean,ADIQEL_clean,4.43355,3.91364,4.43149,1.23763,785.544,634.715,0.0,0.0,0.4682,0.378303,0.0,0,0.0070595699,0.2136463361,0.2063893421376254
AFENEE_clean,AFENEE_clean,4.49346,3.41581,4.45719,1.24906,796.3,637.522,0.0,0.0,0.4856,0.388774,0.0,1,0.0045781672,0.1372782135,0.1343579677839999
AFOTOF_clean,AFOTOF_clean,8.7931,6.77287,8.7931,1.07439,1647.74,1533.66,0.0,0.0,0.6144,0.571859,0.0,0,0.0126334339,0.3693505558,0.3687117115637492
AFOYOK_clean,AFOYOK_clean,7.73482,5.71785,7.72321,0.979448,1633.89,1668.18,0.0,0.0,0.588,0.600338,0.0,0,0.0120171568,0.3548251124,0.3512872404697508
AHEQAH_clean,AHEQAH_clean,9.26829,6.21673,9.2669,0.759287,2415.98,3181.91,0.0,0.0,0.7146,0.941146,0.0,1,0.0216993186,0.6266730118,0.6374228454763755
AHINIP_clean,AHINIP_clean,5.10577,2.92366,4.88107,1.25642,0.0,0.0,351.324,279.622,0.4582,0.364686,0.0,0,0.0029829755,0.0884475196,0.08786642392699999
AHOKIR01_clean,AHOKIR01_clean,4.30721,3.46839,4.30721,1.92701,892.53,463.167,0.0,0.0,0.4868,0.252619,0.0,1,0.0050349019,0.146849695,0.14766283583912476
AJAKON_clean,AJAKON_clean,5.2765,4.32303,5.27104,1.36723,1066.44,780.005,8.76449,6.41042,0.5024,0.367459,0.0,1,0.0064370937,0.180982197,0.1893318174772493
AJINOY_clean,AJINOY_clean,3.72125,2.71527,3.72125,1.44035,0.0,0.0,56.8028,39.4368,0.3726,0.258687,0.0,1,0.0013450613,0.039058968,0.04100228663999995
AJOTEY_clean,AJOTEY_clean,5.91075,5.20074,5.90935,1.2556,1942.39,1546.98,0.0,0.0,0.6358,0.506371,0.0,1,0.0118776217,0.3462428176,0.34479774775062516
AJUNOK_clean,AJUNOK_clean,4.97833,2.92387,4.97205,1.43764,0.0,0.0,659.441,458.698,0.4446,0.309258,0.0,0,0.004309578,0.1226513945,0.12611358213524984
AKOHEO_clean,AKOHEO_clean,5.56086,3.46237,5.08522,2.37535,1051.21,442.55,0.0,0.0,0.4804,0.202244,0.0,1,0.0039469931,0.118827244,0.11493629614550022
ALAHUS_clean,ALAHUS_clean,7.1812,5.45466,7.18023,1.36604,1533.73,1122.76,0.0,0.0,0.5724,0.41902,0.0,1,0.008351267,0.249724074,0.2446421377302486
ALEJEI_clean,ALEJEI_clean,18.06508,7.13825,11.29555,0.600782,2223.57,3701.13,0.0,0.0,0.783,1.3033,0.0,1,0.0307869967,0.8989003438,0.8911858120941271
ALEQIT_clean,ALEQIT_clean,5.78407,3.96262,5.7827,1.90553,677.8,355.702,0.0,0.0,0.434,0.227759,0.0,1,0.0032433833,0.095616958,0.09674824050750006
ALICAA_clean,ALICAA_clean,12.98786,3.46699,12.98786,1.43218,894.164,624.337,203.647,142.194,0.5692,0.397436,0.0,0,0.0066783222,0.1916738239,0.19620663854974996
ALIXUP_clean,ALIXUP_clean,6.38387,5.75713,6.38387,1.33865,1367.26,1021.37,0.0,0.0,0.5492,0.410264,0.0,1,0.0060589345,0.1795013108,0.17893861407312506
ALOLIY_clean,ALOLIY_clean,6.86569,5.12412,6.86243,1.19169,992.554,832.898,0.0,0.0,0.537,0.450621,0.0,1,0.0066769235,0.1944049886,0.1960852978166243
ALUJEX_clean,ALUJEX_clean,5.99288,4.42191,5.93648,1.43356,1311.29,914.712,0.0,0.0,0.5364,0.374173,0.0,1,0.0075324929,0.2161303602,0.21943753981800057
ALUKOI_clean,ALUKOI_clean,8.54787,6.76817,8.5436,0.579939,2887.58,4979.11,0.0,0.0,0.7926,1.3667,0.0,1,0.0307239704,0.9125737915,0.8976670555816318
ALURIJ_clean,ALURIJ_clean,6.87946,3.53974,6.12375,1.07753,1201.6,1115.15,0.0,0.0,0.5294,0.49131,0.0,0,0.0084512673,0.2463889216,0.24795745060162486
AMAGAX_clean,AMAGAX_clean,6.93247,6.0951,6.93247,1.45916,960.382,658.174,0.0,0.0,0.4598,0.315113,0.0,1,0.0061723006,0.1786116467,0.18010026590412476
AMILUE_clean,AMILUE_clean,11.39418,11.07263,11.39418,0.982365,1253.76,1276.27,0.0,0.0,0.6124,0.623394,0.0,1,0.0125339213,0.3582959111,0.3627415319441235
AMIWUP_clean,AMIWUP_clean,4.90473,3.38477,4.88556,2.24381,660.754,294.479,0.0,0.0,0.436,0.194313,0.0,1,0.0038197889,0.108598451,0.1105284049412495
AMIXAW_clean,AMIXAW_clean,4.89298,3.37247,4.78022,2.28626,664.516,290.657,0.0,0.0,0.4276,0.18703,0.0,1,0.0036578071,0.1079648271,0.10763668895075013
AMUFEV_clean,AMUFEV_clean,3.97307,3.18062,3.97307,1.5412,0.0,0.0,402.245,260.994,0.4268,0.276926,0.0,1,0.0033320091,0.0957958481,0.09818298171087482
AMUFOF_clean,AMUFOF_clean,5.11388,4.36379,5.09892,1.34461,989.368,735.801,0.0,0.0,0.4928,0.366499,0.0,1,0.0058334651,0.1668374547,0.17074293008437558
AMUWUB_clean,AMUWUB_clean,10.40349,8.69532,10.40349,0.914151,1431.03,1565.42,0.0,0.0,0.6498,0.710823,0.0,1,0.0132224602,0.3909542464,0.3861781807119996
ANEHEI_clean,ANEHEI_clean,6.80985,3.50032,6.5431,1.23995,1316.98,1062.12,0.0,0.0,0.5484,0.442274,0.0,1,0.0075493694,0.2232595982,0.22114720852300032
APEBED_clean,APEBED_clean,4.58202,3.62787,4.5574,1.65192,481.079,291.224,0.0,0.0,0.4828,0.292266,0.0,1,0.0042247202,0.1253515571,0.12451290364612505
APEBUU_clean,APEBUU_clean,4.93858,3.80274,4.91529,1.49581,927.0,619.731,0.0,0.0,0.4876,0.325977,0.0,1,0.004536445,0.1310849839,0.13273147974075003
APETAS_clean,APETAS_clean,3.70433,2.76055,3.70433,1.99384,0.0,0.0,131.934,66.1705,0.4318,0.216567,0.0,1,0.0027068531,0.0805422374,0.07884166964112482
AQETUM_clean,AQETUM_clean,5.11237,2.99898,5.10768,1.43617,0.0,0.0,779.861,543.013,0.508,0.353718,0.0,1,0.0048383745,0.142041697,0.14300156485200013
ARADEE_clean,ARADEE_clean,5.98273,5.3868,5.98273,1.18176,2613.25,2211.32,0.0,0.0,0.645,0.545797,0.0,1,0.0129515849,0.3760068672,0.37601619962625077
ARAFEF_clean,ARAFEF_clean,8.89536,8.62816,8.89536,0.837745,1861.72,2222.3,0.0,0.0,0.6918,0.825789,0.0,1,0.0185474191,0.5379941577,0.5428487913882475
ARAFOP_clean,ARAFOP_clean,5.6675,5.04419,5.6675,1.1688,1345.58,1151.25,0.0,0.0,0.5694,0.487165,0.0,1,0.0084811946,0.245253171,0.24934174335162593
ARUYES_clean,ARUYES_clean,5.37817,4.58095,5.37264,1.47856,1357.43,918.075,0.0,0.0,0.5162,0.349122,0.0,1,0.0080119164,0.2375083654,0.23449998035175063
ARUYOB_clean,ARUYOB_clean,4.66265,3.34075,4.65902,1.72447,1173.38,680.429,0.0,0.0,0.5858,0.339698,0.0,1,0.0057578202,0.1702159597,0.16744908223250016
ARUYUH01_clean,ARUYUH01_clean,4.94052,4.11721,4.9348,1.67517,1504.56,898.154,0.0,0.0,0.6094,0.363784,0.0,0,0.0069727545,0.2045519872,0.20433051958937573
ASALAH_clean,ASALAH_clean,4.30888,3.14561,4.30888,1.39086,0.0,0.0,405.157,291.3,0.508,0.365242,0.0,1,0.003465957,0.102251434,0.10124625782824992
ASIQIE_clean,ASIQIE_clean,9.00205,6.2555,8.99942,0.893575,1516.45,1697.06,0.0,0.0,0.6152,0.688471,0.0,1,0.012885162,0.376913395,0.3788470964946242
ASUWUI_clean,ASUWUI_clean,7.16113,4.73321,7.10699,1.15085,1085.85,943.517,0.0,0.0,0.5382,0.467654,0.0,1,0.0074957805,0.2153890509,0.21875902953875057
ATEYED_clean,ATEYED_clean,7.47545,6.2198,7.47545,0.467817,3303.45,7061.42,0.0,0.0,0.7762,1.6592,0.0,1,0.0358264552,1.0495062653,1.047863643732505
ATIBOU02_clean,ATIBOU02_clean,5.13844,4.03284,5.13064,1.58929,1001.62,630.232,0.0,0.0,0.4764,0.299756,0.0,0,0.0042137471,0.1238704501,0.12366098966450012
ATIJUJ_manual,ATIJUJ_manual,17.44029,16.95439,17.44029,0.753394,1262.36,1675.56,0.0,0.0,0.7098,0.942136,0.0,1,0.0175875969,0.5214739979,0.5178959369869984
AVAGUB_clean,AVAGUB_clean,4.77305,4.26622,4.76857,1.33788,1125.79,841.477,0.0,0.0,0.484,0.361768,0.0,1,0.0046155027,0.1372956581,0.13550138553762509
AVEQID_clean,AVEQID_clean,7.54994,6.22752,7.22874,0.801255,2259.4,2819.83,0.0,0.0,0.702,0.876126,0.0,1,0.0211594641,0.6269705501,0.6156911515375004
AVESOL_clean,AVESOL_clean,5.87217,4.28231,5.84929,0.954537,2386.36,2500.02,0.0,0.0,0.6616,0.693111,0.0,1,0.0174512149,0.5067596813,0.5011558849279977
AVIMOI_clean,AVIMOI_clean,5.73292,4.38571,5.54624,1.22616,1137.64,927.807,0.0,0.0,0.5176,0.422132,0.0,1,0.0076493514,0.2259868184,0.2235671247543744
AVIMUO_clean,AVIMUO_clean,5.70679,3.6399,5.68672,1.24095,795.076,640.701,0.0545715,0.0439757,0.4934,0.397599,0.0,1,0.0067898267,0.2001537002,0.19852004601587506
AVIVUW_clean,AVIVUW_clean,12.04076,6.91892,12.04076,0.729779,1690.09,2315.89,127.81,175.136,0.7162,0.981393,0.0,1,0.0196317876,0.5758548533,0.5749618644993754
AVUDAX_clean,AVUDAX_clean,5.88567,3.71625,5.47513,0.998153,1603.89,1606.86,0.0,0.0,0.5746,0.575663,0.0,1,0.0094596881,0.2807870392,0.27529098661687385
AWAGEL_clean,AWAGEL_clean,8.54501,7.28684,8.54501,0.99094,1266.94,1278.53,0.0,0.0,0.599,0.604476,0.0,1,0.0104908668,0.3114262727,0.30572628468
AWAHEM_clean,AWAHEM_clean,7.6574,4.85724,7.65488,2.1582,1774.85,822.374,0.0,0.0,0.6144,0.284682,0.0,1,0.0054958144,0.1612086049,0.1619530816526244
AWAJIT_clean,AWAJIT_clean,5.17601,2.96369,5.14098,1.35864,0.0,0.0,482.657,355.251,0.4418,0.325179,0.0,1,0.0039338568,0.1131754165,0.113696229728875
AWAREV_clean,AWAREV_clean,4.9083,4.51433,4.9083,1.8749,727.007,387.757,0.0,0.0,0.456,0.243213,0.0,0,0.0029708355,0.0868379742,0.0874878049824994
AWASAU_clean,AWASAU_clean,4.69319,4.39635,4.67513,2.36864,953.131,402.396,0.0,0.0,0.479,0.202226,0.0,1,0.0028245337,0.0842041047,0.0826893313397503
AWEGEP_clean,AWEGEP_clean,6.08144,3.63724,6.07038,2.1577,1410.66,653.78,0.0,0.0,0.573,0.265561,0.0,1,0.0044367732,0.1297738474,0.12777825281625024
AWEJIW_clean,AWEJIW_clean,10.88001,10.50387,10.88001,1.19375,1315.8,1102.24,0.0,0.0,0.6004,0.502953,0.0,1,0.0100969892,0.2926839598,0.2961374668252494
AWOFOI_clean,AWOFOI_clean,5.44554,4.19244,5.4181,1.31908,2093.99,1587.46,0.0,0.0,0.5974,0.452892,0.0,1,0.0105143524,0.3129560074,0.3087285536338739
AXIPEE_clean,AXIPEE_clean,6.41608,3.94175,6.40902,1.68088,1551.99,923.32,0.0,0.0,0.574,0.341488,0.0,1,0.0068023176,0.1979928444,0.1998384742992502
AYUWUM_clean,AYUWUM_clean,4.54144,3.13863,4.54144,1.25983,0.0,0.0,541.986,430.206,0.4246,0.33703,0.0,1,0.0047249872,0.139009013,0.13837705661699962
AZAWAB_clean,AZAWAB_clean,5.65614,4.89759,5.3467,1.11309,1245.12,1118.62,0.0,0.0,0.5586,0.501848,0.0,1,0.009132413,0.266474385,0.26652545028649954
AZEWEH_clean,AZEWEH_clean,4.13891,3.52594,4.05476,2.44574,369.977,151.274,133.125,54.4315,0.4542,0.185711,0.0,1,0.0026872587,0.0798076298,0.07900431565087493
AZIMIH_clean,AZIMIH_clean,4.50158,3.25724,4.48514,1.45246,0.0,0.0,974.247,670.754,0.5414,0.372746,0.0,1,0.0075941743,0.223712959,0.2213759979812505
BACMOH_clean,BACMOH_clean,3.80267,3.23476,3.7954,1.46145,0.0,0.0,261.436,178.888,0.4694,0.321188,0.0,1,0.0036428098,0.1076969888,0.1091809149398744
BADYAJ_clean,BADYAJ_clean,8.60576,7.13629,8.60576,0.984728,1990.18,2021.04,0.0,0.0,0.6528,0.662924,0.0,0,0.0142521173,0.4105797123,0.4172877731529998
BAFHAU_clean,BAFHAU_clean,9.02635,7.37185,9.02635,0.858551,2348.05,2734.89,0.0,0.0,0.738,0.859588,0.0,0,0.0156706316,0.4698598724,0.45717834517612516
BAHGUN01_clean,BAHGUN01_clean,4.22559,3.22631,4.03111,1.51116,0.0,0.0,307.106,203.226,0.4102,0.271448,0.0,1,0.0033893014,0.1027561661,0.09930199483862509
BAKGAX_clean,BAKGAX_clean,4.24107,3.05463,4.22099,1.71407,0.0,0.0,485.504,283.247,0.4492,0.262067,0.0,1,0.0045029592,0.1295333027,0.1313949076328746
BAKLIK_clean,BAKLIK_clean,6.44441,2.89089,6.44441,1.20504,0.0,0.0,306.479,254.331,0.4394,0.364634,0.0,0,0.0018999889,0.0569512927,0.055049155779499835
BALPAH_clean,BALPAH_clean,5.85023,3.45925,5.40262,1.81974,608.898,334.607,332.251,182.582,0.504,0.276963,0.0,1,0.0036527654,0.1046714235,0.10736239549512482
BAQWEY_clean,BAQWEY_clean,9.21635,3.18734,9.21635,1.58245,0.0,0.0,1491.77,942.698,0.6166,0.389649,0.0,1,0.0070141439,0.2057574592,0.20526879262374995
BAQWIC_clean,BAQWIC_clean,8.02487,5.97028,8.01109,1.63849,1438.26,877.793,0.0,0.0,0.5894,0.359721,0.0,1,0.0064536696,0.1854219418,0.18942765413500007
BAWROI_clean,BAWROI_clean,13.54985,9.13066,13.54893,0.629882,1979.75,3143.05,0.0,0.0,0.7794,1.23737,0.0,1,0.0272220059,0.8224721549,0.7909142242808724
BAZJIX_clean,BAZJIX_clean,8.75902,7.46421,8.75317,0.770453,2094.53,2718.57,0.0,0.0,0.676,0.877405,0.0,1,0.0200970495,0.5933793453,0.5876430470646258
BEKYOG_clean,BEKYOG_clean,5.47883,4.56338,5.47883,2.08888,949.704,454.647,0.0,0.0,0.4514,0.216096,0.0,1,0.0034345178,0.1013991868,0.10043962784925016
BELJIL_clean,BELJIL_clean,7.21036,5.21436,7.21036,1.28754,867.89,674.07,0.0,0.0,0.459,0.356494,0.0,1,0.0047299843,0.140355462,0.13816939745524995
BELTOD_clean,BELTOD_clean,5.92256,4.27878,5.89247,1.03427,1509.77,1459.74,0.0802539,0.0775946,0.5748,0.555753,0.0,1,0.0113036829,0.3249817128,0.3299875251787507
BELYIC_clean,BELYIC_clean,4.0335,3.09731,4.0312,0.963294,0.0,0.0,412.294,428.004,0.5522,0.573241,0.0,1,0.0070301198,0.2071417478,0.18689701475200074
BENZOL_clean,BENZOL_clean,5.62502,3.68781,5.62502,1.15041,1146.89,996.943,0.0,0.0,0.4858,0.422284,0.0,1,0.0079754338,0.229172343,0.2335468098916251
BEPBAB_clean,BEPBAB_clean,5.3188,3.97632,5.3188,1.04154,1135.05,1089.78,0.0,0.0,0.473,0.454133,0.0,1,0.0082866532,0.2499438813,0.21793509131300023
BEPNOB_clean,BEPNOB_clean,10.36311,10.23127,10.36311,0.890303,1334.01,1498.37,0.0,0.0,0.6478,0.727618,0.0,1,0.0120674049,0.3587409109,0.3577313039901253
BEPPOD_clean,BEPPOD_clean,10.03622,9.89092,10.03622,0.960732,1283.35,1335.81,0.0,0.0,0.613,0.638055,0.0,1,0.0105195534,0.3010714305,0.3060697485689999
BEPREV02_clean,BEPREV02_clean,7.19383,5.44633,7.19383,0.766283,2502.2,3265.37,0.0,0.0,0.6548,0.854514,0.0,0,0.0212729988,0.6044403168,0.6159052699382492
BEPRIZ_clean,BEPRIZ_clean,10.21454,6.03558,10.21454,0.764371,2087.31,2730.76,0.0,0.0,0.673,0.880463,0.0,0,0.0202757577,0.6026298556,0.5867395380288754
BEPVOJ_clean,BEPVOJ_clean,4.87498,3.77095,4.87498,1.35072,712.934,527.818,0.0,0.0,0.5034,0.37269,0.0,1,0.003647412,0.1065087003,0.10747576090774949
BETDIP_clean,BETDIP_clean,6.11094,3.88458,6.10684,1.1806,2108.93,1786.32,0.0,0.0,0.6132,0.519398,0.0,1,0.011942051,0.3490918724,0.3426337107624991
BETGEO_clean,BETGEO_clean,15.21578,5.06222,15.21578,1.31768,1287.77,977.304,381.116,289.233,0.6412,0.486614,0.0,1,0.0116473608,0.3287950375,0.33637733416562443
BICPUA_clean,BICPUA_clean,13.79678,9.90606,13.29085,0.543859,2105.6,3871.6,0.0,0.0,0.815,1.49855,0.0,1,0.0353728922,1.0075049363,1.0259991617884956
BIFGOO_clean,BIFGOO_clean,10.87246,9.01928,10.87246,1.75205,1220.8,696.781,0.0,0.0,0.5534,0.315858,0.0,1,0.0051851665,0.1542334566,0.15267688577599997
BIHMUC_clean,BIHMUC_clean,4.80366,2.90368,4.80315,1.36548,0.0,0.0,630.363,461.643,0.434,0.317837,0.0,1,0.003781504,0.1084528208,0.11120050804737502
BIMDIL_clean,BIMDIL_clean,5.20728,3.51213,5.20728,1.39622,1478.14,1058.67,0.0,0.0,0.539,0.386042,0.0,1,0.0076701357,0.2247651505,0.22444248840812403
BIQFOW_clean,BIQFOW_clean,5.88357,2.82771,5.87564,2.2446,0.0,0.0,958.605,427.072,0.5038,0.22445,0.0,1,0.0070723696,0.2052224389,0.19494095437637513
BIRLIZ_clean,BIRLIZ_clean,4.9162,2.97273,4.90623,1.34988,0.0,0.0,674.416,499.612,0.4986,0.369366,0.0,1,0.0040935163,0.1192467525,0.1236607018239992
BIRMUM_clean,BIRMUM_clean,5.54904,4.6855,5.54904,1.2621,494.559,391.853,0.0,0.0,0.4238,0.335789,0.0,1,0.0028984588,0.0883752166,0.0847482553643748
BIWSIK_ion_b,BIWSIK_ion_b,18.63687,3.90699,18.63687,0.676975,1941.67,2868.16,0.0,0.0,0.7214,1.06562,0.0,0,0.0231143702,0.6606156057,0.6781070258807513
BIZMEE_clean,BIZMEE_clean,8.33004,6.47185,8.30636,0.855248,2017.93,2359.47,0.0,0.0,0.661,0.772875,0.0,0,0.0163663071,0.4644646577,0.4790796466022487
BOCTOE01_clean,BOCTOE01_clean,4.25376,2.75131,4.21442,1.24701,0.0,0.0,672.927,539.633,0.565,0.453084,0.0,0,0.0047163177,0.1387644832,0.14008584222099998
BOCTOE04_clean,BOCTOE04_clean,4.34246,2.69592,4.34246,1.22277,0.0,0.0,739.145,604.483,0.5642,0.461411,0.0,0,0.0051450738,0.1503025319,0.14868775761100034
BOCTOE_clean,BOCTOE_clean,4.22766,2.72627,4.22766,1.25493,0.0,0.0,651.33,519.018,0.5614,0.447357,0.0,0,0.0047393382,0.1337201239,0.1401940574372498
BOHGOU_clean,BOHGOU_clean,3.21949,2.72507,3.21949,1.45797,0.0,0.0,0.0,0.0,0.4566,0.313175,0.0,1,0.0028384801,0.0843685158,0.07121753334499971
BONWAD_clean,BONWAD_clean,3.83514,2.72512,3.83347,1.91868,0.0,0.0,135.94,70.851,0.4494,0.234224,0.0,1,0.0019762961,0.0570579182,0.05857863931137478
BOVHEB_clean,BOVHEB_clean,5.76843,4.22597,5.76235,1.21128,1167.42,963.79,0.0,0.0,0.531,0.43838,0.0,1,0.0089809289,0.259181398,0.26229035852275034
BOWQAG_SL,BOWQAG_SL,3.4835,2.72062,3.40675,1.47064,0.0,0.0,23.864,16.2269,0.3908,0.265734,0.0,0,0.0013438542,0.0410513749,0.04026809743512523
BOXYEU_clean,BOXYEU_clean,4.56557,3.00587,4.55875,1.6954,0.0,0.0,614.821,362.641,0.4636,0.273446,0.0,0,0.0043853746,0.1320787503,0.1279165281532503
BUBTUP_clean,BUBTUP_clean,7.20698,3.66387,7.20698,1.23952,885.576,714.451,0.0,0.0,0.5112,0.412418,0.0,1,0.0057325782,0.1656795945,0.16816240123337495
BUCVAY_clean,BUCVAY_clean,5.36914,3.4206,5.36914,1.22099,548.684,449.375,0.0,0.0,0.4634,0.379527,0.0,1,0.0044664564,0.1330973963,0.13262910182449927
BUCYAA_clean,BUCYAA_clean,5.25072,2.62411,5.0866,1.7117,0.0,0.0,637.178,372.249,0.4806,0.280774,0.0,1,0.0041753314,0.1207785955,0.12269865789537493
BUKRUW01_clean,BUKRUW01_clean,10.63994,5.17607,10.63994,0.946218,2406.2,2542.96,0.0,0.0,0.7374,0.779313,0.0,1,0.0167316569,0.4841074494,0.4909134896178746
BUKRUW03_clean,BUKRUW03_clean,10.56885,5.12331,10.56885,0.827757,2720.18,3286.2,0.0,0.0,0.764,0.922976,0.0,1,0.019236293,0.5515948983,0.5636554297912504
BUPFAU_clean,BUPFAU_clean,9.60107,3.24041,9.56042,1.39183,0.0,0.0,1635.39,1174.99,0.6332,0.45494,0.0,1,0.0084197919,0.2459675172,0.2441635120887492
BUPVEP_clean,BUPVEP_clean,8.00881,3.79594,6.88527,1.70124,1586.52,932.564,97.3647,57.2315,0.582,0.342103,0.00105805,0,0.0071738914,0.2042407274,0.2093764856764998
BUQWER_clean,BUQWER_clean,5.03897,4.14527,5.03897,1.26322,872.21,690.465,0.0,0.0,0.5016,0.39708,0.0,1,0.0065574633,0.1925764222,0.1922276851663743
BUSRUE_clean,BUSRUE_clean,6.9387,5.51917,6.92321,1.06823,1491.74,1396.46,0.0,0.0,0.5618,0.525916,0.0,0,0.0111111056,0.3212787909,0.32541601695024924
BUVWOF03_clean,BUVWOF03_clean,7.08217,5.70931,7.08217,1.19421,800.187,670.058,0.0,0.0,0.4798,0.401773,0.0,0,0.0050740704,0.143302413,0.14902917637062457
BUVYEX_clean,BUVYEX_clean,7.01349,5.55881,7.01349,1.21167,786.339,648.971,0.0,0.0,0.4712,0.388885,0.0,0,0.0047180318,0.1398107362,0.13950369583612515
c4ce00408f_c4ce00408f2_clean,c4ce00408f_c4ce00408f2_clean,12.62762,5.23882,12.62762,1.04827,1808.67,1725.39,210.803,201.096,0.6818,0.650406,0.0,1,0.0153573834,0.4456744347,0.44543037944174996
c5cc09432a_c5cc09432a2_clean,c5cc09432a_c5cc09432a2_clean,7.04652,4.99124,7.03394,1.10591,1252.19,1132.28,0.0,0.0,0.53,0.479244,0.0,1,0.0091846391,0.2672003456,0.2692129487042496
c5dt00281h_c5dt00281h2_clean,c5dt00281h_c5dt00281h2_clean,3.74835,3.25092,3.50102,1.96839,0.0,0.0,109.562,55.6605,0.3844,0.195286,0.0,0,0.0024587885,0.0714914176,0.07211673617487505
c5dt02374b_c5dt02374b2_clean,c5dt02374b_c5dt02374b2_clean,5.11675,3.17335,5.09396,1.95395,0.0,0.0,690.372,353.321,0.4822,0.246782,0.0,1,0.0041198839,0.1212946721,0.1217092119868747
c5gc02393a_c5gc02393a2_clean,c5gc02393a_c5gc02393a2_clean,5.4044,4.48945,5.38726,1.33709,1164.94,871.248,14.4818,10.8309,0.513,0.383669,0.0,1,0.0065812531,0.1935665492,0.19330702823187426
c5nj01930c_c5nj01930c2_clean,c5nj01930c_c5nj01930c2_clean,5.64911,4.27538,5.64911,1.35969,1108.37,815.17,0.0,0.0,0.4986,0.366702,0.0,1,0.0060867899,0.185058828,0.17779885808137552
c5nj02634b_c5nj02634b2_clean,c5nj02634b_c5nj02634b2_clean,6.56089,5.15548,6.36711,0.972386,1739.81,1789.21,0.0,0.0,0.6012,0.618273,0.0,1,0.0125125067,0.3614644578,0.36517434622350087
c6ce00141f_c6ce00141f2_clean,c6ce00141f_c6ce00141f2_clean,9.56221,8.33336,9.07575,0.705297,1946.55,2759.91,0.0,0.0,0.6886,0.976327,0.0,0,0.0214082878,0.6034150416,0.6212937172023757
c6ta00429f_c6ta00429f2_clean,c6ta00429f_c6ta00429f2_clean,15.86893,5.53957,7.79231,0.722489,2062.25,2854.37,0.0,0.0,0.6916,0.957247,0.000276821,0,0.0201760293,0.5803875661,0.5939129589791253
CADPIH_clean,CADPIH_clean,4.87392,3.27838,4.86712,2.12832,0.0,0.0,790.798,371.56,0.4974,0.233705,0.0,0,0.0067260636,0.1938246078,0.17647163066087557
CADPII_clean,CADPII_clean,5.83331,5.05627,5.83331,2.03698,286.725,140.76,0.0,0.0,0.351,0.172314,0.0,1,0.0015246265,0.0458474619,0.045314549458750096
CAHVAJ_clean,CAHVAJ_clean,4.89479,3.36066,4.89479,1.77807,1031.73,580.253,0.0,0.0,0.4962,0.279066,0.0,1,0.006856718,0.1980190001,0.19939501005337573
CAMROA_clean,CAMROA_clean,7.19069,4.56478,7.19069,1.30979,1422.32,1085.91,0.0,0.0,0.5454,0.416401,0.0,1,0.0098500066,0.2814804626,0.28892926360642446
CASTEW_clean,CASTEW_clean,6.08438,5.45003,6.05599,1.74666,1447.28,828.595,0.0,0.0,0.5044,0.288779,0.0,0,0.0084586624,0.2497224593,0.24269069091687562
CAVMOD_clean,CAVMOD_clean,10.28847,9.36955,10.28847,0.959454,1312.84,1368.32,0.0,0.0,0.585,0.609722,0.0,1,0.0114403419,0.3326524381,0.3320238737358736
CAWZUX_clean,CAWZUX_clean,4.75634,3.15287,4.48882,1.43304,0.0,0.0,332.848,232.267,0.4286,0.299084,0.0,1,0.0027057184,0.0778358795,0.07934062112812473
CAXTEC_clean,CAXTEC_clean,10.87616,5.2726,10.87615,0.837152,1928.01,2303.05,0.0,0.0,0.6672,0.796988,0.0,0,0.0175457807,0.4637220284,0.5174460908518764
CAXVOO_clean,CAXVOO_clean,11.60689,10.81841,11.60689,1.12075,1577.05,1407.14,0.0,0.0,0.6396,0.57069,0.0,1,0.0143853972,0.4192931305,0.4192902308933764
CAXXEG_clean,CAXXEG_clean,6.07325,3.85926,6.03932,1.21319,1423.03,1172.97,0.0,0.0,0.5422,0.446922,0.0,0,0.0078334396,0.2333582312,0.2295434761298755
CAXZUY_clean,CAXZUY_clean,9.32301,5.43687,8.01925,0.950981,1467.16,1542.78,0.0,0.0,0.579,0.608845,0.0,0,0.0133112672,0.3843117959,0.3876945184278753
CAYDEN_clean,CAYDEN_clean,5.0519,4.88565,5.0519,1.50882,682.819,452.551,0.0,0.0,0.463,0.306862,0.0,0,0.0031498627,0.0910763987,0.09291824516699998
CAYKEU_clean,CAYKEU_clean,6.90917,5.51195,6.89676,1.65926,1248.25,752.294,0.0,0.0,0.5378,0.32412,0.0,1,0.0068928318,0.2012202479,0.20045800312100012
CAYSOK_clean,CAYSOK_clean,7.10061,5.08651,7.10061,1.15597,734.4,635.313,0.0,0.0,0.476,0.411777,0.0,0,0.0042125036,0.1239989875,0.1226385611866253
CAYYEG_clean,CAYYEG_clean,7.23384,5.22809,7.23384,1.1195,757.877,676.976,0.0,0.0,0.4822,0.430726,0.0,0,0.0043179713,0.1299330963,0.12577620869837522
CEDFIC_clean,CEDFIC_clean,5.4924,4.94828,5.32905,1.21421,1932.36,1591.46,0.0,0.0,0.6236,0.513586,0.0,1,0.0110451321,0.3271438676,0.3216573038083759
CEFLEF_clean,CEFLEF_clean,7.24143,3.11475,7.24031,1.54193,0.0,0.0,662.829,429.869,0.5026,0.325954,0.0,1,0.0046382831,0.1365225843,0.1361512740211248
CEHWIX_clean,CEHWIX_clean,3.77572,3.29583,3.77572,1.55337,0.0,0.0,294.827,189.798,0.4734,0.304757,0.0,1,0.0044338618,0.129231078,0.1298443759690004
CEJBEA_clean,CEJBEA_clean,7.33038,5.85474,7.33038,1.57516,776.239,492.799,0.0,0.0,0.4492,0.285177,0.0,0,0.0034233536,0.1010080227,0.10095362733112481
CEJZAU_clean,CEJZAU_clean,7.19009,4.36372,6.93205,1.03983,1483.83,1427.0,0.0,0.0,0.5552,0.533934,0.0,0,0.0105776263,0.3096258872,0.3101788432127497
CEKROB_clean,CEKROB_clean,5.35179,3.54558,5.35179,1.20403,773.46,642.39,0.0,0.0,0.4936,0.409955,0.0,0,0.0053266149,0.1573423896,0.15482285343152102
CELKEL_clean,CELKEL_clean,5.6698,2.68133,5.64737,1.35478,0.0,0.0,585.158,431.922,0.4322,0.319019,0.0,1,0.0042252374,0.1247208866,0.12317691532849978
CEMYUQ_clean,CEMYUQ_clean,6.77494,3.84893,6.77491,1.21968,1760.79,1443.65,0.0,0.0,0.6118,0.501606,0.0,1,0.0122438478,0.3600399858,0.3568213737636269
CETFOX_clean,CETFOX_clean,5.89862,5.05783,5.89274,1.36113,1575.61,1157.57,0.0,0.0,0.5628,0.413479,0.0,1,0.0070142989,0.20995429,0.2051925883346253
cg0702636-file002_clean,cg0702636-file002_clean,4.27325,2.94575,4.26862,1.71371,0.0,0.0,573.164,334.457,0.4894,0.285579,0.0,0,0.0054404383,0.1608146927,0.15955639912175026
cg200615s_si_002_clean,cg200615s_si_002_clean,4.28794,2.8499,4.28081,1.75938,0.0,0.0,254.471,144.637,0.3014,0.171311,0.0,1,0.0017299017,0.052629334,0.051549285900374935
cg301725z_si_002_clean,cg301725z_si_002_clean,4.41795,2.98056,4.41698,1.14076,0.0,0.0,1041.38,912.881,0.5478,0.480205,0.0,0,0.0091245981,0.269363496,0.2675899521666255
cg500975j_si_002_clean,cg500975j_si_002_clean,5.01183,3.05048,5.01183,1.07407,0.0,0.0,930.847,866.657,0.499,0.46459,0.0,0,0.007874862,0.2335564753,0.22910069457775048
cg5010616_si_007_clean,cg5010616_si_007_clean,4.62764,3.59212,4.62764,1.09202,987.897,904.65,4.23835,3.8812,0.4894,0.44816,0.0,1,0.0087790608,0.2448404354,0.2585650249431248
cg501141m_si_002_clean,cg501141m_si_002_clean,7.16379,4.82619,7.11311,0.994067,1469.53,1478.3,195.255,196.42,0.5926,0.596137,0.0,1,0.0125090572,0.3638236725,0.36411318746337423
cg501560z_si_003_clean,cg501560z_si_003_clean,10.58889,8.21137,10.57587,0.621509,2301.94,3703.79,0.0,0.0,0.8104,1.30392,0.0,1,0.0276455156,0.8213886637,0.8109338690335015
cg8002564_si_008_clean,cg8002564_si_008_clean,4.98348,3.3006,4.98348,1.38404,0.0,0.0,812.956,587.38,0.4888,0.35317,0.0,0,0.0047477676,0.1435525275,0.1395967224973742
cg801164f_si_001_clean,cg801164f_si_001_clean,5.00808,3.18752,4.35611,1.43341,0.0,0.0,692.391,483.038,0.4768,0.332634,0.0,1,0.0049551649,0.1477053759,0.14639430966562497
CICSOW01_clean,CICSOW01_clean,5.13947,2.94666,5.13947,1.29178,0.0,0.0,545.966,422.648,0.4904,0.379632,0.0,0,0.0057008913,0.1627127762,0.16630701944362525
CIFDOM_clean,CIFDOM_clean,5.56405,4.03207,5.56103,0.979977,1797.6,1834.33,0.0,0.0,0.591,0.603075,0.0,1,0.0129885273,0.3875123159,0.3770065652311245
CIFDUS_clean,CIFDUS_clean,6.0819,4.13005,6.0819,0.982136,1846.77,1880.36,0.0,0.0,0.6008,0.611728,0.0,1,0.0127820871,0.3774328738,0.37204910869987473
CIFMIP_clean,CIFMIP_clean,7.90061,6.44934,7.90061,1.08801,1993.5,1832.24,0.0,0.0,0.6246,0.574075,0.0,1,0.0126255656,0.3757961899,0.3682844113523742
CIJVOH01_clean,CIJVOH01_clean,5.72943,4.43683,5.71847,1.42641,2600.15,1822.87,0.0,0.0,0.6914,0.484714,0.0,1,0.0105411367,0.3106821185,0.3098547176053747
CIPCUB_clean,CIPCUB_clean,4.79005,3.99723,4.76699,1.72886,1140.31,659.571,0.0,0.0,0.5,0.289207,0.0,1,0.0049527844,0.1517610974,0.14567767651712518
CISLUN_clean,CISLUN_clean,5.76312,4.73452,5.67518,0.963118,2174.12,2257.37,0.0,0.0,0.655,0.680083,0.0,1,0.0140295707,0.4029803891,0.4119413480790011
CITZIP_manual,CITZIP_manual,6.91567,6.30981,6.88477,1.43035,1426.63,997.402,0.0,0.0,0.5266,0.368162,0.0,0,0.0078611309,0.232154344,0.22854405083062368
CIWRIK_clean,CIWRIK_clean,8.18288,7.41537,8.15939,1.23146,2070.3,1681.17,0.299565,0.243259,0.6662,0.540982,0.0,0,0.0109853858,0.3155110544,0.3167928398473765
CIWSAD_clean,CIWSAD_clean,8.30771,7.62763,8.30771,1.22175,2054.23,1681.39,0.0,0.0,0.6672,0.546104,0.0,0,0.0112250143,0.3188684864,0.3197408337423766
CIXBUH_clean,CIXBUH_clean,8.16009,7.52386,8.14429,1.22695,2058.62,1677.84,0.0,0.0,0.6684,0.544765,0.0,0,0.0110439763,0.317178579,0.3160364786995007
cm303749m_si_001_clean,cm303749m_si_001_clean,11.62501,8.78986,11.62501,0.556141,2268.15,4078.37,0.0,0.0,0.7584,1.36368,0.0,1,0.0304645996,0.8775251129,0.8836461343890022
cm500700z_si_002_clean,cm500700z_si_002_clean,6.28804,4.63482,6.27649,0.925761,2471.95,2670.19,0.0,0.0,0.6686,0.722217,0.0,1,0.0170287956,0.500750201,0.49440625821299666
cm501138g_si_002_clean,cm501138g_si_002_clean,13.2781,6.68961,13.2781,0.886331,2090.67,2358.79,0.0,0.0,0.7192,0.811435,0.0,1,0.01921378,0.5682350739,0.5709866389722514
cm501138g_si_008_clean,cm501138g_si_008_clean,13.18132,6.60546,13.18132,0.885001,2136.53,2414.16,0.0,0.0,0.72,0.813558,0.0,1,0.0194359345,0.5707046054,0.5728410329816288
cm501138g_si_010_clean,cm501138g_si_010_clean,13.19966,6.69993,13.19966,0.880672,2105.24,2390.49,0.0,0.0,0.7198,0.81733,0.0,1,0.0197433343,0.5735073687,0.5721897217348783
cm503311x_alf125K_clean,cm503311x_alf125K_clean,7.14687,6.82418,7.14687,0.9646,1570.17,1627.8,0.0,0.0,0.6102,0.632594,0.0,0,0.0148012664,0.3855022548,0.38897989439162706
cm503311x_alf200K_clean,cm503311x_alf200K_clean,7.35028,7.12879,7.35028,0.963076,1569.66,1629.84,0.0,0.0,0.6114,0.634841,0.0,0,0.0147668919,0.3894249952,0.39078944911150254
cm503311x_alf250K_clean,cm503311x_alf250K_clean,7.38381,7.16186,7.38381,0.96386,1556.21,1614.56,0.0,0.0,0.6126,0.635569,0.0,0,0.0149974034,0.3925085926,0.40950944551575313
cm503311x_alf300K_clean,cm503311x_alf300K_clean,7.31824,7.09159,7.31824,0.964626,1573.17,1630.86,0.0,0.0,0.6112,0.633614,0.0,0,0.0147567817,0.3888466943,0.38942467115975193
cm503311x_alf375K_clean,cm503311x_alf375K_clean,7.39622,7.0927,7.39622,0.96527,1537.67,1593.0,0.0,0.0,0.6086,0.630497,0.0,0,0.0144110144,0.3766336263,0.3832687312208774
cm503311x_alf425K_clean,cm503311x_alf425K_clean,7.36621,7.1125,7.36621,0.965299,1563.1,1619.29,0.0,0.0,0.6096,0.631514,0.0,0,0.0147163411,0.3822831813,0.38769744505075104
cm503311x_alf450K_clean,cm503311x_alf450K_clean,7.38286,7.11841,7.37883,0.965482,1551.09,1606.55,0.0,0.0,0.6096,0.631395,0.0,0,0.0146718564,0.3797718186,0.383330340113128
cm503311x_alf475K_clean,cm503311x_alf475K_clean,7.39406,7.16617,7.39402,0.965634,1544.09,1599.05,0.0,0.0,0.61,0.63171,0.0,0,0.0150600864,0.3855285412,0.3989893814465047
cm503311x_alf500K_clean,cm503311x_alf500K_clean,7.43156,7.13669,7.43156,0.965551,1537.41,1592.26,0.0,0.0,0.6112,0.633006,0.0,0,0.0146556802,0.3849482183,0.38478577743800246
cm503311x_aloh150K_clean,cm503311x_aloh150K_clean,7.13232,6.79915,7.13232,0.950095,1594.31,1678.06,0.0,0.0,0.6096,0.64162,0.0,0,0.0153214903,0.3967172793,0.397433808881503
cm503311x_aloh250K_clean,cm503311x_aloh250K_clean,7.13817,6.81007,7.13817,0.949354,1600.74,1686.14,0.0,0.0,0.6102,0.642753,0.0,0,0.015075263,0.3957877713,0.398907722944875
cm503311x_aloh375K_clean,cm503311x_aloh375K_clean,7.15773,6.843,7.15773,0.948289,1598.4,1685.56,0.0,0.0,0.6106,0.643896,0.0,0,0.0151491312,0.3981577088,0.3992138802604978
cm503311x_aloh400K_clean,cm503311x_aloh400K_clean,7.13585,6.82109,7.13585,0.948063,1604.12,1692.0,0.0,0.0,0.6108,0.644261,0.0,0,0.0149685645,0.3998689884,0.39977433806049995
cm503311x_aloh425K_clean,cm503311x_aloh425K_clean,7.16028,6.84144,7.16028,0.947823,1600.53,1688.64,0.0,0.0,0.611,0.644635,0.0,0,0.0153481649,0.3986686304,0.4006038820212484
cm503311x_aloh500K_clean,cm503311x_aloh500K_clean,7.13372,6.81979,7.13372,0.947313,1605.9,1695.22,0.0,0.0,0.6114,0.645405,0.0,0,0.0155882364,0.4024256482,0.41676015998350074
cm503311x_OH-mil-53-Al-lp-ortho_clean,cm503311x_OH-mil-53-Al-lp-ortho_clean,7.10725,6.52666,7.10725,0.948868,1614.15,1701.13,0.0,0.0,0.6014,0.633808,0.0,0,0.0147462217,0.3927804682,0.39831898049262277
cm901983a_si_001_clean,cm901983a_si_001_clean,27.79726,11.16103,27.79599,0.630774,1349.52,2139.47,28.0221,44.4249,0.749,1.18743,0.0,1,0.0285005447,0.7866348554,0.811276712094626
CODFEH_clean,CODFEH_clean,3.78989,3.49285,3.78989,1.48867,302.667,203.313,0.0,0.0,0.4624,0.310612,0.0,1,0.0037584376,0.1117087486,0.11135214458087457
CODNAM_clean,CODNAM_clean,4.57469,3.97634,4.52445,1.63521,1494.85,914.162,0.0,0.0,0.5962,0.364602,0.0,0,0.0074939452,0.2163466401,0.21883699210600002
CODROD_clean,CODROD_clean,4.34102,3.83565,4.34102,1.88869,770.385,407.893,0.0,0.0,0.4956,0.262404,0.0,1,0.0042253934,0.1213178416,0.12461970914875006
COGNAO_clean,COGNAO_clean,5.98836,4.70156,5.95362,1.13574,1753.04,1543.53,0.0,0.0,0.578,0.508922,0.0,1,0.0101178002,0.2912598047,0.2960459887611248
COKFAK_clean,COKFAK_clean,5.25617,3.49649,5.25539,1.05876,800.714,756.272,0.071455,0.0674891,0.4738,0.447503,0.0,1,0.0060935873,0.1763164293,0.17667351154512478
COKMIA_clean,COKMIA_clean,11.457,10.75448,11.457,1.17248,1560.69,1331.1,0.0,0.0,0.6422,0.547727,0.0,1,0.013676766,0.3911671213,0.3962558322753767
COKPOJ_clean,COKPOJ_clean,11.55541,10.79186,11.54889,1.17423,1558.36,1327.14,0.0,0.0,0.6464,0.550488,0.0,1,0.0139153971,0.3971542687,0.4042589879515001
COKPUP_clean,COKPUP_clean,11.57951,10.81874,11.57907,1.23248,1594.31,1293.59,0.0,0.0,0.671,0.544433,0.0,1,0.013564204,0.3858924933,0.3957288135652505
COKQEA_clean,COKQEA_clean,11.43729,10.88858,11.43526,1.1695,1547.4,1323.13,0.0,0.0,0.6482,0.554254,0.0,1,0.0137043688,0.3970634464,0.39720799846287574
COKQIE_clean,COKQIE_clean,11.52097,11.05538,11.51936,1.12778,1536.06,1362.02,0.0,0.0,0.646,0.572806,0.0,1,0.0144071988,0.4156304677,0.4138277314776253
COKQOK_clean,COKQOK_clean,11.69077,10.88298,11.69034,1.22651,1596.45,1301.62,0.0,0.0,0.6696,0.545941,0.0,1,0.0133974941,0.3865909652,0.3859177280946284
COMDOY_clean,COMDOY_clean,6.1206,5.53928,6.10847,1.22694,1491.89,1215.95,0.0,0.0,0.5716,0.465876,0.0,0,0.0106938257,0.3104765268,0.309659143341749
COPXOV_clean,COPXOV_clean,5.47401,3.72166,5.47401,1.25742,393.122,312.642,0.0,0.0,0.4288,0.341015,0.0,0,0.0027865484,0.0801105121,0.0818213052213748
COQGAS_clean,COQGAS_clean,7.55288,6.66056,7.53462,1.14065,1084.94,951.161,0.0,0.0,0.5048,0.442555,0.0,0,0.0081237124,0.2361356454,0.23815732671350104
COTVUE_clean,COTVUE_clean,5.96406,4.24876,5.86955,1.32545,1637.27,1235.25,0.0,0.0,0.5874,0.443169,0.0,1,0.0085137606,0.250805349,0.25262835086712376
COTXIU_clean,COTXIU_clean,5.20924,4.31105,5.19843,1.08343,1119.32,1033.13,0.0,0.0,0.5218,0.481618,0.0,0,0.0080688095,0.2377404037,0.23496611348500046
COYTIU_clean,COYTIU_clean,3.82078,3.3313,3.81124,1.79522,506.177,281.958,0.0,0.0,0.4104,0.228607,0.0,1,0.0052144625,0.1524041726,0.15239862857787537
COYVES01_clean,COYVES01_clean,4.8567,3.01821,4.85503,1.94391,0.0,0.0,528.668,271.961,0.4598,0.236534,0.0,1,0.0036557411,0.1077016224,0.10751360320137478
COYVES_clean,COYVES_clean,4.87211,3.06175,4.87211,1.94391,0.0,0.0,538.788,277.167,0.462,0.237665,0.0,1,0.0036971301,0.1090294471,0.10855553886862478
COZMUA_clean,COZMUA_clean,10.13386,5.37207,10.11324,0.637133,2279.97,3578.48,0.0,0.0,0.7374,1.15737,0.0,1,0.0268590906,0.7679229041,0.7826330983348736
CUCTAX_clean,CUCTAX_clean,4.38086,4.0721,4.38086,1.35437,330.655,244.139,49.7338,36.721,0.4262,0.314685,0.0,0,0.0031665512,0.0980245566,0.09325566530962509
CUNFOH_clean,CUNFOH_clean,9.05758,5.6508,9.05758,1.63668,1779.69,1087.38,0.0,0.0,0.6298,0.384804,0.0,1,0.0067584637,0.2009471795,0.20015145519925015
CUQRIR_clean,CUQRIR_clean,5.69204,4.57463,5.69204,1.10643,1361.29,1230.35,0.0,0.0,0.5686,0.513906,0.0,0,0.0089638594,0.264349904,0.261267702790001
CUQSAK_clean,CUQSAK_clean,18.30047,4.50008,17.86541,0.672661,1852.6,2754.14,0.138515,0.205922,0.7088,1.05373,0.0,1,0.021143165,0.609302386,0.6183655339008756
CUVTUJ_clean,CUVTUJ_clean,11.49174,10.88335,11.49174,1.17569,1542.4,1311.91,0.0,0.0,0.635,0.540109,0.0,1,0.0136714235,0.4022732619,0.39630607710787713
CUVXAT_clean,CUVXAT_clean,6.50652,4.77619,6.38844,1.06179,1622.41,1527.99,0.0,0.0,0.5708,0.537581,0.0,0,0.0102635555,0.3001368438,0.3019497381098753
CUWXUP_clean,CUWXUP_clean,5.81508,3.73125,5.78204,1.39886,1150.61,822.535,0.0,0.0,0.5122,0.366154,0.0,1,0.0074707526,0.2179765132,0.21749618718550023
CUYWUP_clean,CUYWUP_clean,7.47672,4.58604,7.47672,0.942864,1947.64,2065.66,0.0,0.0,0.6222,0.659904,0.0,1,0.0145328897,0.4195342479,0.4221064779982502
DABFIX_clean,DABFIX_clean,5.93116,3.4012,5.93116,1.19033,685.642,576.011,28.078,23.5885,0.47,0.394849,0.0,1,0.0047037556,0.1412158549,0.14001496319174928
DACZUF_clean,DACZUF_clean,5.17797,3.83142,5.17477,1.30054,1151.53,885.425,0.0,0.0,0.514,0.395219,0.0,1,0.0076512074,0.2238560813,0.22421512305287486
DADLOM_clean,DADLOM_clean,18.71129,17.36648,18.69765,0.589373,1296.58,2199.93,0.0,0.0,0.7274,1.23419,0.0,1,0.0273723138,0.798615551,0.8019904373547453
DADPAC_clean,DADPAC_clean,4.72724,3.56217,4.71894,1.83384,1319.23,719.379,0.0,0.0,0.5554,0.302862,0.0,0,0.0059431007,0.1736442689,0.17447971043637542
DAFHOJ_clean,DAFHOJ_clean,4.95203,2.99413,4.9108,1.27494,0.0,0.0,874.516,685.928,0.4914,0.38543,0.0,0,0.0064736724,0.1877415929,0.1902404871906247
DAFSEL_clean,DAFSEL_clean,3.65039,3.25709,3.65039,1.69217,0.0,0.0,152.39,90.0561,0.4294,0.253757,0.0,1,0.0025250384,0.0766157009,0.07498339792025
DAFSOV_clean,DAFSOV_clean,3.83746,3.40945,3.83746,1.6077,380.608,236.741,0.0,0.0,0.4436,0.275923,0.0,1,0.0030134884,0.087716409,0.0883799952566248
DAGJED_clean,DAGJED_clean,5.20512,3.82408,5.11079,1.13589,1063.56,936.32,0.0,0.0,0.5332,0.469412,0.0,1,0.007633949,0.2242119871,0.22241443086325074
DAKVOC_clean,DAKVOC_clean,10.83342,6.67267,9.96393,0.814427,2128.52,2613.52,0.0,0.0,0.7096,0.871288,0.0,1,0.0204464283,0.5904980905,0.5926530864056224
DALSER_clean,DALSER_clean,4.08249,3.08769,4.08249,1.53283,0.0,0.0,554.74,361.906,0.5406,0.352681,0.0,0,0.0063040736,0.1877555075,0.1862908039621256
DAMZEZ_clean,DAMZEZ_clean,5.14628,4.13045,5.14063,1.48117,701.768,473.794,0.0,0.0,0.4344,0.293282,0.0,0,0.0038711612,0.1083412404,0.11294190222512514
DAPHOU_clean,DAPHOU_clean,10.96282,6.06241,10.06318,0.785626,2401.47,3056.76,0.0,0.0,0.737,0.938106,0.0,1,0.0225666105,0.6525791304,0.6507665115257468
DAPWAT_clean,DAPWAT_clean,5.11113,2.83337,5.11113,1.11433,0.0,0.0,613.734,550.763,0.497,0.446007,0.0,1,0.0038749104,0.1159293912,0.11440212160512508
DAWVOO_clean,DAWVOO_clean,9.25061,2.89055,9.24615,1.21002,0.0,0.0,1262.62,1043.46,0.5904,0.487925,0.0,1,0.0082692171,0.2450932394,0.24111180461450002
DAXHUH_clean,DAXHUH_clean,7.50015,6.78537,7.50015,0.876532,2176.78,2483.4,0.0,0.0,0.6518,0.743612,0.0,1,0.017423096,0.5070094108,0.503689747586373
DEBGIA_clean,DEBGIA_clean,4.22344,3.46939,4.21901,1.31115,709.801,541.36,0.0,0.0,0.5062,0.386075,0.0,1,0.0050309359,0.1463626197,0.14669336858087473
DEHFUR_clean,DEHFUR_clean,6.21611,2.98199,6.18949,1.12779,0.0,0.0,1253.28,1111.27,0.5634,0.499559,0.0,0,0.0089688079,0.2688393118,0.26290991706612543
DEJCIF_clean,DEJCIF_clean,5.07924,4.58071,5.07255,1.37299,1275.41,928.928,0.0,0.0,0.5384,0.392137,0.0,1,0.0078313151,0.2359986851,0.22804007525837466
DEJJIN_clean,DEJJIN_clean,9.02838,5.92782,8.88373,1.15645,1730.76,1496.61,0.0,0.0,0.6316,0.546154,0.0,1,0.0115951597,0.3385364238,0.33786183453575064
DEPTOH_clean,DEPTOH_clean,5.8241,3.64846,5.79204,2.13649,1058.19,495.294,0.0,0.0,0.4966,0.232438,0.0,0,0.0077724425,0.221934541,0.22142410682774918
DEPXAY_clean,DEPXAY_clean,5.29628,3.94728,5.28006,1.07008,2144.58,2004.14,0.0,0.0,0.6404,0.598462,0.0,1,0.0123959775,0.3747076439,0.3639971268652515
DEPXUS_clean,DEPXUS_clean,7.67266,3.27382,7.64984,1.3385,0.0,0.0,1488.34,1111.95,0.5644,0.421668,0.0,0,0.008654189,0.2470065275,0.2527118256963765
DEPYAZ_clean,DEPYAZ_clean,7.56588,3.32229,7.55065,1.30165,1523.11,1170.14,0.0,0.0,0.5644,0.433604,0.0,0,0.0088896757,0.2513189345,0.2616038393863753
DEXDER_clean,DEXDER_clean,4.18684,3.37878,4.18101,2.41925,594.803,245.863,0.0,0.0,0.3846,0.158975,0.0,1,0.0026940352,0.0799003486,0.07841632727062524
DIBPAH_clean,DIBPAH_clean,5.70136,3.62358,5.70136,1.16448,1493.52,1282.56,0.0,0.0,0.5674,0.487255,0.0,1,0.0085605054,0.2543551772,0.2519783509757502
DIBPIP_clean,DIBPIP_clean,4.52354,3.33216,4.52179,1.2135,781.868,644.307,0.0,0.0,0.4988,0.411042,0.0,1,0.0064128459,0.1915730061,0.18873594779625072
DIBQOW_clean,DIBQOW_clean,9.37426,8.42221,9.36118,0.760114,2220.47,2921.23,0.0,0.0,0.6854,0.901706,0.0,1,0.0203654924,0.5747085717,0.5896163653989985
DIBXOD_clean,DIBXOD_clean,4.28457,3.02404,4.24135,1.846,0.0,0.0,364.936,197.691,0.4302,0.233045,0.0,1,0.0034438044,0.1012259059,0.10129050808075026
DICVAO_clean,DICVAO_clean,6.28011,3.53464,6.28011,1.12464,1454.75,1293.53,0.0,0.0,0.5698,0.506652,0.0,1,0.0093393461,0.270724593,0.2733896778861269
DIHVIB01_clean,DIHVIB01_clean,13.18363,6.64307,13.17065,0.881735,2096.71,2377.93,0.0,0.0,0.7124,0.807952,0.0,1,0.0196755255,0.5609227032,0.5696644204593734
DIKPOD_clean,DIKPOD_clean,5.23747,3.3006,5.22183,1.73149,0.0,0.0,1142.03,659.563,0.554,0.319956,0.0,1,0.0050146442,0.1499895798,0.14867224827537556
DIMKUH_clean,DIMKUH_clean,5.90586,3.16452,5.8879,1.93325,0.0,0.0,613.109,317.139,0.4382,0.226665,0.0,1,0.0033093467,0.0995245875,0.09784551586975007
DIRBIP_clean,DIRBIP_clean,4.8713,2.89563,4.84395,2.47822,0.0,0.0,661.907,267.089,0.4242,0.171171,0.0,1,0.0068886075,0.1916567058,0.1825319605679999
DITXOU_clean,DITXOU_clean,5.00365,3.53364,4.98221,1.08104,1844.81,1706.51,0.0,0.0,0.6206,0.574076,0.0,1,0.0121709877,0.3586920403,0.3534086607562507
DIWMON_clean,DIWMON_clean,9.50738,3.99435,9.49132,0.925424,1888.23,2040.4,0.0,0.0,0.6264,0.676879,0.0,1,0.0148377054,0.43533927,0.4307583885464995
DOKHIV_clean,DOKHIV_clean,4.6785,3.79643,4.6785,1.49483,851.868,569.877,0.0,0.0,0.5076,0.339571,0.0,1,0.0050475658,0.144143843,0.14718241307537525
DOKHOB_clean,DOKHOB_clean,5.82793,2.9646,5.54976,1.30527,0.0,0.0,553.795,424.277,0.4814,0.368814,0.0,1,0.0041426372,0.1184513471,0.12369309087637445
DOLRAZ_clean,DOLRAZ_clean,5.60421,4.00046,5.58702,1.12972,1092.67,967.204,0.0,0.0,0.499,0.441701,0.0,1,0.0086525396,0.2486011223,0.25331043311490925
DONKIC_clean,DONKIC_clean,6.48379,4.41641,6.4829,1.03451,1661.2,1605.79,0.0954102,0.0922278,0.5846,0.565101,0.0,1,0.0109814813,0.3268802238,0.3235303299271257
DONKUO_clean,DONKUO_clean,5.4573,3.6514,5.4573,1.13,941.26,832.97,0.0,0.0,0.5158,0.456458,0.0,1,0.0070368783,0.2121783079,0.2064649978296249
DONXUB_clean,DONXUB_clean,5.08195,4.10328,5.08195,1.44854,506.69,349.793,246.756,170.348,0.4778,0.329849,0.0,1,0.0064315001,0.1858336941,0.1887921840228747
DOPJAV_clean,DOPJAV_clean,7.55824,6.21149,7.55824,1.32954,1214.76,913.669,0.0,0.0,0.54,0.406156,0.0,1,0.0068634437,0.1993629503,0.20035227482612464
DOQHEX_clean,DOQHEX_clean,3.53605,3.13269,3.51284,2.33091,0.0,0.0,67.6316,29.0151,0.3926,0.168432,0.0,1,0.0025734379,0.0751265714,0.075572129337875
DOQHIB_clean,DOQHIB_clean,3.51583,3.11145,3.49331,2.37147,0.0,0.0,53.0867,22.3856,0.3918,0.165214,0.0,1,0.0025027591,0.0743848084,0.0728252708873749
DOQHOH_clean,DOQHOH_clean,3.49564,3.07044,3.47367,2.4422,0.0,0.0,43.4735,17.801,0.3886,0.159119,0.0,1,0.0023730097,0.0706421445,0.06937008266512469
DOTYES_clean,DOTYES_clean,5.96032,3.45239,5.95027,3.11213,1072.19,344.518,4.81821,1.5482,0.4928,0.158348,0.0,1,0.0022911288,0.0664207199,0.06823461280962498
DOYBEA_clean,DOYBEA_clean,5.83429,5.37899,5.82078,1.0599,1634.79,1542.4,0.0,0.0,0.5844,0.551373,0.0,0,0.0127459916,0.3092836834,0.3704116109976251
DUBBEI_clean,DUBBEI_clean,4.93494,3.49142,4.86694,2.00135,1263.38,631.266,0.0,0.0,0.5166,0.258126,0.0,0,0.005089336,0.1522391043,0.14913588562299998
DUDKEU_clean,DUDKEU_clean,5.16942,3.66649,5.16942,1.65561,855.86,516.946,0.0,0.0,0.4144,0.250301,0.0,1,0.0034443215,0.0999476483,0.10119950846587505
DUFGOB_clean,DUFGOB_clean,8.44616,7.81761,8.44616,1.12069,1457.55,1300.59,0.0,0.0,0.5722,0.51058,0.0,1,0.0091001454,0.2634691662,0.2644377575476256
DUFZOU_clean,DUFZOU_clean,7.15398,3.0854,7.15398,1.54167,0.0,0.0,621.227,402.958,0.4962,0.321859,0.0,1,0.0041707021,0.1185950015,0.12061116870499974
DUHXIP_clean,DUHXIP_clean,5.38027,3.4809,5.34205,1.27884,677.396,529.696,4.06005,3.17479,0.4624,0.361578,0.0,1,0.0048413042,0.1412326214,0.1396422556866245
DUJRAD_clean,DUJRAD_clean,6.16228,5.32315,6.13437,1.37535,1593.73,1158.79,0.0,0.0,0.5806,0.422148,0.0,1,0.0095448548,0.2803361806,0.28020245618412537
DUMXEQ_clean,DUMXEQ_clean,4.75958,3.82785,4.75554,1.76954,805.711,455.323,0.0,0.0,0.4502,0.254417,0.0,0,0.0043078013,0.1249817276,0.125775149500125
DUNXUH04_clean,DUNXUH04_clean,4.99541,3.81551,4.9844,1.23241,1776.81,1441.74,0.0,0.0,0.5952,0.482957,0.0,1,0.0113303097,0.3321722522,0.3333132961230011
DUQYEU_clean,DUQYEU_clean,4.86021,4.34715,4.86021,1.66839,2272.53,1362.11,0.0,0.0,0.6004,0.359868,0.0,1,0.0079877871,0.2325115046,0.23375466516475035
DUWBEE_clean,DUWBEE_clean,7.4726,6.03228,7.03921,0.972318,2397.88,2466.15,0.0,0.0,0.7166,0.737002,0.0,1,0.0177406739,0.5141293923,0.5124639660339997
DUWFAE_clean,DUWFAE_clean,3.76592,2.87653,3.75105,1.62651,0.0,0.0,73.6792,45.2988,0.4074,0.250474,0.0,1,0.0019966197,0.0593390381,0.059307635512625155
DUWGEJ_clean,DUWGEJ_clean,6.48283,5.44672,6.47851,1.23973,1910.17,1540.8,0.0,0.0,0.6142,0.495432,0.0,1,0.0104123742,0.3036474307,0.30391817426749906
DUWRIY_clean,DUWRIY_clean,4.48859,3.17824,4.47475,1.30596,0.0,0.0,636.381,487.29,0.5372,0.411346,0.0,0,0.006636344,0.1872982664,0.19220347526324974
DUWROE_clean,DUWROE_clean,4.35263,3.47485,4.33203,1.3646,1032.9,756.92,0.0,0.0,0.5148,0.377252,0.0,0,0.0070836755,0.2067719388,0.2077649883762509
DUXMAL_clean,DUXMAL_clean,4.53313,3.88732,4.40894,1.15892,1217.93,1050.91,0.0,0.0,0.5062,0.436785,0.0,1,0.0093858701,0.2725572769,0.2731036221821263
DUYJIS_clean,DUYJIS_clean,6.08213,4.77192,5.96456,1.01187,1589.69,1571.04,0.0,0.0,0.5968,0.589801,0.0,0,0.0115118954,0.331648617,0.32154105494874885
DUZPUL_clean,DUZPUL_clean,7.06957,4.91595,7.06648,0.920284,2531.68,2750.98,0.0,0.0,0.6946,0.754767,0.0,1,0.0180740399,0.5219568977,0.5253239801727515
EBAVUB_clean,EBAVUB_clean,5.15491,3.70129,5.14806,1.1957,1007.34,842.47,0.0,0.0,0.4888,0.408797,0.0,1,0.0074455362,0.2147189179,0.21560825307562584
EBEXAM_clean,EBEXAM_clean,7.13111,6.78821,7.13111,1.50724,1561.7,1036.13,0.0,0.0,0.5636,0.373929,0.0,0,0.0090700942,0.2652740713,0.2606073494981238
EBIPOX_clean,EBIPOX_clean,5.78746,4.90776,5.77533,1.02316,2423.56,2368.7,0.0,0.0,0.6678,0.652682,0.0,1,0.0131928065,0.3902104765,0.3903591956139998
EBIZUN_clean,EBIZUN_clean,10.22426,8.07829,10.22419,0.790487,2342.19,2962.97,0.0,0.0,0.7238,0.915638,0.0,1,0.0212890901,0.6126340456,0.6182801385942528
EBUQIB_clean,EBUQIB_clean,6.03622,4.38011,5.42071,1.1026,1157.92,1050.17,0.0,0.0,0.4992,0.452746,0.0,1,0.0081595116,0.2362097333,0.2378162642551266
ECEBEW_clean,ECEBEW_clean,4.33858,3.12787,4.29836,1.31533,0.0,0.0,591.165,449.444,0.5308,0.40355,0.0,0,0.0042285716,0.1241709474,0.12366188393799969
ECEZAO01_clean,ECEZAO01_clean,4.88805,4.01037,4.88805,1.43329,945.622,659.759,0.0,0.0,0.4914,0.342849,0.0,1,0.0049071628,0.144951771,0.14449900768425045
ECODOQ_clean,ECODOQ_clean,4.25807,3.05825,4.25807,2.18839,0.0,0.0,458.705,209.608,0.464,0.212028,0.0,0,0.0049419342,0.1418976139,0.13353277745312503
EDADIX_clean,EDADIX_clean,4.63332,3.88728,4.61559,1.24361,944.143,759.198,93.0933,74.8575,0.5198,0.417978,0.0,1,0.0074497607,0.2195015745,0.21845176614175027
EDAFUM_clean,EDAFUM_clean,4.92982,3.72004,4.92982,1.77302,851.953,480.51,0.0,0.0,0.4508,0.254256,0.0,0,0.0035320123,0.1039729482,0.1030940494818754
EDAGEX_clean,EDAGEX_clean,4.90414,3.69066,4.90414,1.79444,798.923,445.222,0.0,0.0,0.4496,0.250552,0.0,0,0.0034061465,0.1027515834,0.10072273538824998
EDIKIL_clean,EDIKIL_clean,4.99635,3.98785,4.76329,1.3412,2179.84,1625.29,0.0,0.0,0.601,0.448105,0.0,0,0.0093541769,0.2766779731,0.2737908541643755
EDOYOL_clean,EDOYOL_clean,5.01736,3.38311,4.48446,1.95196,330.09,169.107,310.576,159.11,0.4952,0.253693,0.0,1,0.0045239071,0.1323791229,0.13185229212199967
EFESOZ_clean,EFESOZ_clean,10.40168,6.18945,10.40168,0.9137,1441.31,1577.44,199.174,217.986,0.6294,0.688847,0.0,1,0.0144663387,0.4107774892,0.4190961866000015
EFIMOV_clean,EFIMOV_clean,6.67559,6.34874,6.67559,1.77157,892.601,503.846,0.0,0.0,0.3714,0.209644,0.0,0,0.0053553506,0.1538014851,0.14848490425687502
EFIMUB_clean,EFIMUB_clean,4.12343,2.61688,4.12343,1.65057,0.0,0.0,358.361,217.114,0.4346,0.263303,0.0,0,0.0062529914,0.1825789733,0.17600917199275085
EGAGAW_clean,EGAGAW_clean,5.3614,3.39372,5.3614,1.50716,1002.63,665.247,0.0,0.0,0.512,0.339712,0.0,1,0.0058325625,0.1709898095,0.17133291029850004
EGUNAX_clean,EGUNAX_clean,3.81467,3.01234,3.81432,1.4477,0.0,0.0,208.192,143.809,0.442,0.305312,0.0,1,0.0049524887,0.1459557998,0.14614063517212508
EHIPOC_clean,EHIPOC_clean,4.96443,3.71594,4.96443,1.51785,665.78,438.633,0.0,0.0,0.4902,0.322956,0.0,1,0.003002619,0.0852707832,0.0884111305515002
EJIDUW01_clean,EJIDUW01_clean,4.24244,3.3869,4.24244,1.5584,593.906,381.101,0.0,0.0,0.4886,0.313527,0.0,1,0.0041256332,0.1231331844,0.12170576574562525
EJONOH_clean,EJONOH_clean,4.44167,3.60442,4.4347,1.47939,700.956,473.814,0.0,0.0,0.4646,0.314048,0.0,1,0.0044633354,0.1306731808,0.13144901906550002
EJOZOU_clean,EJOZOU_clean,6.49751,6.10381,6.49751,1.26256,795.165,629.804,0.0342194,0.0271032,0.4812,0.38113,0.0,1,0.0051585632,0.1529803813,0.14947228196249981
EJUVOU_clean,EJUVOU_clean,3.96956,2.94299,3.96779,2.67544,0.0,0.0,211.326,78.9873,0.4486,0.167673,0.0,1,0.0027584093,0.0814430765,0.07966939164987517
EKEQIV_clean,EKEQIV_clean,5.23981,3.45461,5.21199,2.0444,792.887,387.835,0.0,0.0,0.4572,0.223636,0.0,1,0.0033611368,0.0984441765,0.09866144052087503
EKETUL_clean,EKETUL_clean,4.43428,3.43441,4.41751,1.64611,319.015,193.799,0.0,0.0,0.4126,0.250651,0.0,0,0.0021969682,0.0650297378,0.065805407872125
EKEVAT_clean,EKEVAT_clean,4.38581,3.45093,4.3809,1.70718,319.337,187.056,0.0,0.0,0.4042,0.236765,0.0,0,0.0021899332,0.0630283172,0.06488932517799995
EKIDIL_clean,EKIDIL_clean,5.81547,5.58073,5.8139,2.56508,834.555,325.352,0.0,0.0,0.4098,0.159761,0.0,1,0.0044122309,0.1281657873,0.13056216526499956
EKOPIE_clean,EKOPIE_clean,6.61542,5.14354,6.60525,1.21526,2002.74,1648.0,0.0,0.0,0.6146,0.505737,0.0,1,0.0119796172,0.3480382549,0.3465205095075
ELELEN_clean,ELELEN_clean,7.0748,4.1882,7.0748,0.915782,1244.35,1358.78,0.0,0.0,0.592,0.646442,0.0,1,0.0086917721,0.2615632084,0.25492019694762447
ELIJUF_clean,ELIJUF_clean,4.98722,3.63869,4.98647,1.36019,1078.5,792.905,0.0,0.0,0.4826,0.354803,0.0,1,0.0066309964,0.1957253493,0.19363241984300014
ELIKOA_clean,ELIKOA_clean,4.97213,3.73339,4.97213,1.55809,1148.96,737.416,0.0,0.0,0.4918,0.315643,0.0,1,0.0057857951,0.1693595792,0.1697966999461257
ELILER_clean,ELILER_clean,4.98078,3.65658,4.98016,1.63697,1110.94,678.659,0.0,0.0,0.487,0.297501,0.0,1,0.0054338197,0.1608425661,0.15966184910299983
ELILIV_clean,ELILIV_clean,4.97952,3.62473,4.97952,1.64354,1091.64,664.203,0.0,0.0,0.4882,0.297042,0.0,1,0.0054559112,0.1598516847,0.15949754227562485
ELOHOE_clean,ELOHOE_clean,5.56549,4.27537,5.53003,1.15001,1036.4,901.217,0.0,0.0,0.5212,0.453215,0.0,1,0.0072331515,0.2140861912,0.2118037362483754
ELUZES_clean,ELUZES_clean,5.83115,4.20879,5.08027,1.7311,2004.82,1158.12,0.0,0.0,0.6554,0.378603,0.0,1,0.0056367692,0.1680383653,0.1664772092463751
EMAMOW_clean,EMAMOW_clean,6.67757,5.81943,6.67757,1.11834,959.829,858.263,0.0,0.0,0.5032,0.449953,0.0,1,0.0058944396,0.1736385583,0.17141760587512533
EMAPAK_clean,EMAPAK_clean,11.21755,3.61918,11.21755,0.925375,1521.72,1644.44,0.0,0.0,0.637,0.688369,0.0,0,0.0122427421,0.349803758,0.3567738796932516
EMEGEJ_clean,EMEGEJ_clean,5.14373,2.62137,3.92725,1.25561,0.0,0.0,470.556,374.761,0.501,0.399008,0.0,1,0.0050108859,0.1462748419,0.14575441647049991
EMEJUD_clean,EMEJUD_clean,4.83142,2.9809,4.74291,1.07213,0.0,0.0,472.678,440.876,0.4722,0.44043,0.0,0,0.0038819609,0.1148641708,0.11436475504812509
EMUBIZ_clean,EMUBIZ_clean,10.77303,6.68088,10.77303,1.37229,1702.91,1240.92,117.774,85.8232,0.672,0.489692,0.000145742,1,0.0102836969,0.2994090753,0.29884205384325
EMUBOF_clean,EMUBOF_clean,9.89745,6.63764,9.89048,1.19874,1975.94,1648.35,0.0,0.0,0.6738,0.562089,0.0,1,0.0128244565,0.3655832713,0.37497782419787656
EMUTUD_clean,EMUTUD_clean,4.92374,3.19899,4.92374,1.60094,0.0,0.0,1124.99,702.707,0.5354,0.334428,0.0,0,0.0064704079,0.1897008651,0.18990022028374945
EPECEJ_clean,EPECEJ_clean,7.92371,4.89913,7.91993,0.908491,1989.28,2189.65,0.0,0.0,0.6342,0.69808,0.0,1,0.0144212121,0.4227271517,0.41925749567150006
EPONAA_clean,EPONAA_clean,9.18286,8.73453,9.17503,0.495184,2583.42,5217.09,0.0,0.0,0.8544,1.72542,0.0,1,0.0334258898,0.9671751557,1.00547354036825
EPOPEG_clean,EPOPEG_clean,5.47224,4.77054,5.47224,0.955888,1699.64,1778.08,0.0,0.0,0.613,0.641289,0.0,0,0.0114138926,0.3399738938,0.33501232975962514
EPUJIJ_clean,EPUJIJ_clean,3.7032,2.62655,3.64037,1.85806,0.0,0.0,213.188,114.737,0.487,0.262102,0.0,1,0.0027661913,0.081941634,0.08089017978100017
EPUXET_clean,EPUXET_clean,4.89022,3.26125,4.88787,1.25583,0.0,0.0,624.27,497.099,0.4632,0.368841,0.0,0,0.0039403716,0.1156773977,0.11452308374612519
EQEROJ_clean,EQEROJ_clean,4.01825,2.96034,3.93901,1.42386,0.0,0.0,378.51,265.834,0.474,0.332899,0.0,1,0.0039160699,0.111387459,0.11354723068275058
EREFEN01_SL,EREFEN01_SL,5.00416,3.86566,5.00416,1.13683,1255.14,1104.07,0.0,0.0,0.5352,0.470783,0.0,0,0.009298134,0.2698854485,0.2714849355207507
ERIJUM_clean,ERIJUM_clean,9.00258,2.71737,9.00139,1.21845,0.0,0.0,1335.11,1095.75,0.6326,0.519185,0.0,1,0.0086310149,0.2506896044,0.2525685329773759
ERULEK_clean,ERULEK_clean,8.92635,6.96534,8.92635,0.799593,1925.59,2408.22,0.0,0.0,0.6678,0.835175,0.0,1,0.0178491877,0.514559596,0.5227244954195005
ESARUN_clean,ESARUN_clean,6.08793,3.97207,6.06402,1.14221,1213.02,1061.99,0.0,0.0,0.5254,0.459984,0.0,1,0.0081344084,0.2364850032,0.23774328685700133
ESASAU_clean,ESASAU_clean,5.00328,3.89627,5.00219,1.37708,632.788,459.514,0.0,0.0,0.4448,0.323002,0.0,1,0.0038457924,0.1134706285,0.11274080789112513
ESIFET_clean,ESIFET_clean,8.81259,5.05152,8.81259,1.42533,1454.27,1020.3,0.0,0.0,0.5856,0.410852,0.0,0,0.0081511124,0.2350921037,0.2383347688507507
ESUMOU_clean,ESUMOU_clean,3.43054,2.73995,3.40309,1.59759,0.0,0.0,16.065,10.0558,0.4346,0.272034,0.0,1,0.0023795547,0.0719793135,0.07081433547137488
ESUSAO_clean,ESUSAO_clean,6.44994,4.84687,6.44994,1.43017,1343.92,939.69,0.0,0.0,0.5242,0.366529,0.0,1,0.0075943114,0.2263059776,0.22124602874737553
ESUSIW_clean,ESUSIW_clean,6.7467,5.80608,6.7467,1.39203,1364.88,980.494,0.0,0.0,0.5394,0.387491,0.0,1,0.008104565,0.2379441042,0.23770454737049979
ESUSOC01_clean,ESUSOC01_clean,7.22634,6.19526,7.22634,1.36351,1450.27,1063.63,0.0,0.0,0.544,0.398969,0.0,1,0.0091176899,0.2685106884,0.26395583439249976
ETECIR_clean,ETECIR_clean,4.32284,3.50203,4.32284,1.44521,1297.96,898.111,0.0,0.0,0.6006,0.41558,0.0,0,0.0085637536,0.2525553347,0.25298940081137555
ETEKAQ_clean,ETEKAQ_clean,6.79458,5.19238,6.79458,1.13284,2254.4,1990.05,0.0,0.0,0.6454,0.569721,0.0,1,0.0135292268,0.3948151235,0.3908445616035007
ETEMIB_clean,ETEMIB_clean,4.60123,3.2805,4.59562,1.37796,0.0,0.0,644.968,468.059,0.48,0.34834,0.0,1,0.0055255277,0.1631315652,0.16289497741050063
ETESIG_clean,ETESIG_clean,5.84738,4.10522,5.84738,1.34804,1113.36,825.908,0.0,0.0,0.511,0.379069,0.0,1,0.006519537,0.1924719572,0.19009131449874903
ETICIV_clean,ETICIV_clean,4.88964,3.07888,4.88964,1.37961,0.0,0.0,605.775,439.09,0.4466,0.323714,0.0,0,0.003971385,0.1180643144,0.11506245535937516
ETIXEM_clean,ETIXEM_clean,4.4488,2.61999,4.44653,1.32726,0.0,0.0,213.081,160.542,0.421,0.317194,0.0,1,0.0032105234,0.0956923351,0.0939595717663751
EVEGUH_clean,EVEGUH_clean,6.67679,5.04188,6.67679,1.28811,935.874,726.551,97.6899,75.84,0.5222,0.405402,0.0,1,0.0060462354,0.1806489015,0.17819885113725087
EWASIG_clean,EWASIG_clean,6.45735,5.55117,6.42218,0.997683,2278.25,2283.54,0.0,0.0,0.6672,0.66875,0.0,1,0.0159626087,0.4667377552,0.46330669068187547
EWECOY_clean,EWECOY_clean,6.36107,5.38638,6.36107,1.35369,1897.91,1402.03,0.0,0.0,0.613,0.452836,0.0,1,0.0104865452,0.3076211264,0.3074172320369985
EWETUW_clean,EWETUW_clean,5.62021,4.24917,5.57976,1.31411,662.316,504.004,418.644,318.576,0.5412,0.411838,0.0,1,0.0078137323,0.2272741406,0.22856878475937517
EWUKAK_clean,EWUKAK_clean,8.06678,6.82094,8.05126,1.11278,1981.43,1780.62,0.0,0.0,0.6252,0.561838,0.0,1,0.0127750313,0.3719301187,0.36945900728462555
EWUKEO_clean,EWUKEO_clean,6.02152,4.9088,6.0177,1.04306,2495.54,2392.52,0.0,0.0,0.6576,0.630455,0.0,1,0.0150328871,0.4430778962,0.4376685234929996
EWUSOF_clean,EWUSOF_clean,11.18858,8.47337,10.82571,0.877,1675.84,1910.87,0.0,0.0,0.721,0.822121,0.0,1,0.0162603671,0.4728874808,0.46581248744099957
EXAPEA_clean,EXAPEA_clean,5.23017,3.49325,5.23017,1.44837,343.252,236.992,0.0,0.0,0.4076,0.281419,0.0,0,0.0023960134,0.0730633967,0.06913393363950025
EXAXAE01_clean,EXAXAE01_clean,10.9668,6.77359,10.9668,1.34773,1718.01,1274.74,128.947,95.6773,0.6772,0.502475,0.0,1,0.0104837785,0.3031310903,0.30471049555049884
EXEMUR_clean,EXEMUR_clean,6.22751,4.77221,6.20611,1.4177,461.655,325.637,178.147,125.659,0.4768,0.33632,0.0,0,0.0038363106,0.1094859988,0.11350943036549976
EXEQII_SL,EXEQII_SL,7.24683,7.11371,7.24683,1.02502,1683.52,1642.43,0.0,0.0,0.597,0.58243,0.0,0,0.0136891211,0.3997635247,0.3944002666772506
EXEXAH_clean,EXEXAH_clean,9.58473,9.08126,9.58473,0.865744,1381.13,1595.31,0.0,0.0,0.6118,0.706675,0.0,0,0.0128017576,0.3825349968,0.37901002183849963
EXIDOF_clean,EXIDOF_clean,5.61373,5.00672,5.60841,1.03591,1864.27,1799.64,0.0,0.0,0.6158,0.594451,0.0,0,0.0136556856,0.393979979,0.3975020286322504
EXOZIB_clean,EXOZIB_clean,8.81916,5.67239,8.81916,0.860889,2066.43,2400.34,0.0,0.0,0.7104,0.825193,0.0,1,0.0166708083,0.491477836,0.4852886313658747
EYACOX_clean,EYACOX_clean,8.14361,5.87215,7.68514,0.961963,2469.42,2567.06,0.0,0.0,0.6732,0.699819,0.0,1,0.0172065202,0.5053162989,0.49562971756487206
EYOCIG_clean,EYOCIG_clean,8.27418,5.89212,8.06359,0.922433,2431.08,2635.51,0.0,0.0,0.694,0.752358,0.0,1,0.0184109224,0.5282974511,0.5289230814501241
EYUWAW_clean_h,EYUWAW_clean_h,6.01873,4.52997,6.01625,1.02499,1441.95,1406.78,0.0,0.0,0.5778,0.563711,0.0,1,0.0110472964,0.3247025585,0.3219625119839996
EZABEN_clean,EZABEN_clean,5.22809,3.75233,5.19001,1.80933,1456.46,804.973,0.0,0.0,0.5686,0.314261,0.0,1,0.0058614929,0.1708036108,0.17291957713274986
EZOBUR02_clean,EZOBUR02_clean,5.4535,4.4976,5.43411,1.36504,878.599,643.645,0.0,0.0,0.4944,0.362188,0.0,1,0.0046685973,0.1366345358,0.13725143929249947
EZUCIM_clean,EZUCIM_clean,5.27092,4.42324,5.21472,1.00292,1781.29,1776.11,0.0,0.0,0.602,0.600249,0.0,0,0.0119807412,0.3522714639,0.3459331600598751
FABCUI_clean,FABCUI_clean,5.29132,3.67742,5.0134,1.09277,1448.77,1325.78,0.0139318,0.0127491,0.5368,0.49123,0.0,1,0.0068724217,0.2003888975,0.19509419012637447
FABGOG_clean,FABGOG_clean,4.61157,3.28798,4.61157,1.54791,0.0,0.0,231.819,149.763,0.4312,0.278569,0.0,1,0.0016985764,0.0519155672,0.05088818316487511
FABGUM_clean,FABGUM_clean,4.49645,4.20268,4.49184,1.20151,964.988,803.144,198.183,164.944,0.618,0.514351,0.0,0,0.0069599509,0.2093111589,0.20448544354200052
FAFMAC_clean,FAFMAC_clean,6.81612,5.39086,6.79864,1.26269,1165.02,922.651,0.0,0.0,0.5508,0.436212,0.0,1,0.0065016729,0.189165841,0.19017112603374955
FAFQEJ01_clean,FAFQEJ01_clean,6.37389,4.22376,5.90055,1.46265,2225.33,1521.44,0.0,0.0,0.6474,0.442621,0.0,1,0.0078229332,0.2315987212,0.22972442886375036
FAGREM_clean,FAGREM_clean,7.38233,6.89343,7.38233,1.46524,1454.62,992.751,0.0,0.0,0.557,0.380143,0.0,1,0.0076963936,0.2306805287,0.22647482043574999
FAHPOV_clean,FAHPOV_clean,15.83326,12.70856,15.77354,0.465056,1930.74,4151.64,0.0,0.0,0.8222,1.76796,0.0,1,0.03967223,1.1416438321,1.1507151006472536
FAHQIR_clean,FAHQIR_clean,5.4668,3.66161,5.45525,1.24631,646.137,518.44,0.0,0.0,0.4704,0.377434,0.0,1,0.0052689105,0.1520178752,0.1542816553516249
FAKLOU_clean,FAKLOU_clean,9.12795,8.03305,9.12795,0.879649,1631.51,1854.72,0.0,0.0,0.6538,0.743251,0.0,0,0.015902675,0.4596052255,0.4633674063090008
FAKNIR_clean,FAKNIR_clean,7.731,5.84497,7.731,0.960238,2118.84,2206.58,0.0,0.0,0.6484,0.675249,0.0,1,0.0142299919,0.4232403681,0.41810512970337604
FALVOF_clean,FALVOF_clean,6.65756,4.5203,6.48608,1.39374,1687.85,1211.03,0.0,0.0,0.5882,0.422031,0.0,1,0.008178596,0.2416171036,0.23926693854224917
FAQLUH_clean,FAQLUH_clean,7.25665,7.09719,7.24714,1.10687,1602.27,1447.57,0.0,0.0,0.5958,0.538276,0.0,0,0.0126322112,0.3662214114,0.3701080957661247
FARBIL_clean,FARBIL_clean,6.5257,5.85477,6.5257,1.16183,1319.81,1135.97,0.0,0.0,0.544,0.468226,0.0,0,0.0089633962,0.2630581479,0.26417464989087586
FARFUA_clean,FARFUA_clean,8.43305,5.99885,8.43305,1.37514,1658.2,1205.84,0.0,0.0,0.6292,0.457553,0.0,0,0.0083323562,0.2455546789,0.24582909531362376
FASHAK_clean,FASHAK_clean,5.67537,4.91896,5.66915,1.31877,1672.64,1268.34,0.0,0.0,0.5816,0.441018,0.0,1,0.0081623993,0.2390732068,0.239535676100125
FASVIH_clean,FASVIH_clean,7.36263,6.76595,7.35007,1.28937,1714.12,1329.42,0.0,0.0,0.6144,0.476511,0.0,1,0.0102825548,0.3049025928,0.29960227692887414
FATKES_clean,FATKES_clean,4.81739,3.70783,4.8165,1.82727,1025.9,561.439,0.0,0.0,0.4878,0.266955,0.0,1,0.0039131,0.1153779965,0.11343985000325021
FATKIV_clean,FATKIV_clean,14.84172,10.48506,14.13115,0.799535,924.965,1156.88,197.216,246.664,0.6364,0.795963,0.0,1,0.0121637916,0.3595753538,0.3608393786041256
FAWCEN01_SL,FAWCEN01_SL,11.33232,3.33749,11.33232,0.937501,1430.55,1525.92,0.0,0.0,0.6446,0.687573,0.0,0,0.0116614979,0.3443325361,0.3399379766016251
FAWCEN02_SL,FAWCEN02_SL,11.41573,3.43573,11.41573,0.924186,1463.4,1583.45,0.0,0.0,0.6478,0.700941,0.0,0,0.0121761253,0.3518465035,0.3570676050795008
FAYQUT_clean,FAYQUT_clean,11.36736,8.26719,11.16554,0.777904,1704.81,2191.54,0.0,0.0,0.681,0.875429,0.0,1,0.0184923666,0.5271277009,0.5443239729393723
FECWOB01_clean,FECWOB01_clean,4.17085,3.04516,4.16284,1.57834,0.0,0.0,480.944,304.714,0.4434,0.280927,0.0,1,0.0041313024,0.1211043551,0.12037775638837477
FEFDEB_manual,FEFDEB_manual,13.10906,11.59751,13.10906,0.53928,2135.2,3959.36,0.0,0.0,0.77,1.42783,0.0,0,0.0320399414,0.9294607649,0.9274408769291261
FEFVES_clean,FEFVES_clean,4.77641,3.28141,4.37104,1.17598,0.0,0.0,684.029,581.665,0.4808,0.408849,0.0,1,0.0054397874,0.1618321687,0.15880164160462473
FENROG_clean,FENROG_clean,5.38209,4.56613,5.38209,1.67781,1972.59,1175.69,0.0,0.0,0.6206,0.369888,0.0,1,0.0068578899,0.202628848,0.19818974953087554
FERVUV_clean,FERVUV_clean,4.63344,3.59285,4.63329,1.52979,1125.91,735.991,2.57897,1.68584,0.5188,0.339132,0.0,1,0.0059794157,0.1757818208,0.1755718207840002
FESTUT_clean,FESTUT_clean,4.58957,3.56818,4.49102,1.91412,810.164,423.257,0.0,0.0,0.5446,0.284517,0.0,0,0.0048335013,0.1416175715,0.14113885403174983
FEWQOP_clean,FEWQOP_clean,5.35536,5.19712,5.35116,2.28568,1163.85,509.19,0.0,0.0,0.467,0.204315,0.0,1,0.0038513281,0.11459126,0.1136196885336257
FEXCES_clean,FEXCES_clean,6.14892,5.48137,6.14892,1.01825,1528.57,1501.17,0.0,0.0,0.5802,0.569801,0.0,1,0.0134138211,0.3952789313,0.3899936246122515
FEYJOJ_clean,FEYJOJ_clean,6.25646,4.72399,6.2395,0.913381,2517.97,2756.76,0.0586414,0.0642026,0.6538,0.715802,0.0,1,0.0182070744,0.5264476849,0.528108394687376
FIFGAE_clean,FIFGAE_clean,7.43152,6.20566,7.41957,0.862729,2447.09,2836.45,0.0,0.0,0.7008,0.812306,0.0,1,0.0211062401,0.6284595207,0.619467645968631
FIFNUE_clean,FIFNUE_clean,4.8017,3.95118,4.74576,1.02025,1565.01,1533.95,0.0,0.0,0.5802,0.568687,0.0,1,0.0090337719,0.276851489,0.26327313876762515
FIFPAM01_clean,FIFPAM01_clean,4.73813,3.78761,4.73813,1.03017,1649.03,1600.74,0.0,0.0,0.5794,0.562433,0.0,1,0.0094562714,0.2742880015,0.27453017018424886
FIGQUJ_clean,FIGQUJ_clean,4.99341,2.87726,4.98836,1.49096,0.0,0.0,441.532,296.14,0.4284,0.287333,0.0,0,0.0026463527,0.0767868623,0.07759506908549965
FIGXEY_clean,FIGXEY_clean,3.78573,2.86081,3.75848,1.96913,0.0,0.0,246.707,125.287,0.519,0.263568,0.0,1,0.0032706896,0.0972415254,0.0962037921327499
FIJDIM03_clean,FIJDIM03_clean,5.87678,5.11703,5.87678,1.23925,1279.62,1032.57,0.0,0.0,0.5332,0.430259,0.0,1,0.0092978661,0.2650406396,0.2722700052481252
FIJDIM04_clean,FIJDIM04_clean,5.91316,5.13983,5.91316,1.23456,1288.47,1043.66,0.0,0.0,0.5342,0.432705,0.0,1,0.0094627169,0.2675260825,0.275482385221626
FIJDIM12_clean,FIJDIM12_clean,5.8948,5.11958,5.8948,1.23559,1318.02,1066.71,0.0,0.0,0.5368,0.434449,0.0,1,0.0091795117,0.2690435553,0.26995075449924877
FIJDIM_clean,FIJDIM_clean,5.85157,5.09863,5.85157,1.24567,1280.47,1027.93,0.0,0.0,0.5282,0.424028,0.0,1,0.0089061694,0.2591412352,0.26173343544662503
FIJDOS_clean,FIJDOS_clean,11.71715,10.90932,11.71715,1.21946,1612.88,1322.61,0.0,0.0,0.6614,0.54237,0.0,1,0.0136360175,0.3942459441,0.39226074695400337
FIJDUY_clean,FIJDUY_clean,5.11347,3.64709,5.11347,1.4525,1805.45,1242.99,0.0,0.0,0.5992,0.412529,0.0,1,0.0082607488,0.2436210823,0.2440252525558761
FIJFEK_manual,FIJFEK_manual,6.92559,6.57184,6.92559,1.58281,1548.76,978.488,0.0,0.0,0.5618,0.354939,0.0,0,0.008721292,0.2517848801,0.25418957191333136
FIJGEK_clean,FIJGEK_clean,4.71012,3.29398,4.64671,1.95767,0.0,0.0,624.76,319.134,0.4102,0.209534,0.0,0,0.0072819317,0.1220467461,0.1462788614591245
FIMXUW_clean,FIMXUW_clean,4.96245,3.57593,4.95367,2.04735,760.785,371.594,0.0,0.0,0.4152,0.202798,0.0,1,0.0030105192,0.0858124058,0.08738049701149957
FIPKOG01_clean,FIPKOG01_clean,6.5379,4.8064,6.53406,1.09146,1614.42,1479.13,0.0,0.0,0.5916,0.542026,0.0,0,0.0104055937,0.3063258192,0.30494880684075093
FIPKUM_clean,FIPKUM_clean,6.35636,4.74684,6.35358,1.04617,1413.94,1351.54,0.0,0.0,0.5724,0.547139,0.0,0,0.0105589529,0.3066260059,0.30967657201087473
FIQYUA_clean,FIQYUA_clean,4.6258,3.62649,4.60025,1.85684,696.0,374.831,0.0,0.0,0.4364,0.235023,0.0,0,0.0029290995,0.0897376778,0.08797423347700001
FIRNAX_clean,FIRNAX_clean,6.70534,6.02432,6.70378,0.728308,2391.07,3283.04,0.0,0.0,0.6994,0.960308,0.0,1,0.02137619,0.6403178484,0.623116739882748
FIRPAZ_clean,FIRPAZ_clean,7.15818,6.15135,7.14286,0.673811,2389.65,3546.47,0.0,0.0,0.7144,1.06024,0.0,1,0.0238593978,0.7039366284,0.6987420598681247
FIVNAZ_clean,FIVNAZ_clean,4.57167,3.52743,4.40749,2.12433,1354.32,637.526,0.0,0.0,0.5842,0.275004,0.0,1,0.0050316983,0.1457368396,0.14617740690887512
FIVYUF_clean,FIVYUF_clean,4.68091,3.50866,4.67789,1.41648,465.948,328.948,0.0,0.0,0.4326,0.305405,0.0,0,0.002904261,0.0877105515,0.08630570577375002
FIYDOH_clean,FIYDOH_clean,4.62011,3.85906,4.62011,1.58881,555.753,349.792,0.0,0.0,0.3874,0.24383,0.0,1,0.0029890036,0.0886248574,0.08676968774650008
FOCREW_clean,FOCREW_clean,4.67486,3.02955,4.45442,1.35506,0.0,0.0,583.974,430.957,0.4642,0.342568,0.0,1,0.0054642745,0.158952243,0.1581485752635003
FOCZAA_clean,FOCZAA_clean,4.86095,4.4492,4.8459,1.39709,775.702,555.227,0.0,0.0,0.452,0.32353,0.0,0,0.0051963206,0.1498338708,0.15289713247224998
FOHCAH_clean,FOHCAH_clean,3.51375,2.9479,3.51375,1.20977,0.0,0.0,66.4228,54.9052,0.4604,0.380567,0.0,1,0.0045779739,0.1364987111,0.13423990126699967
FOKYUB_clean,FOKYUB_clean,5.01467,2.92937,4.81674,1.24234,0.0,0.0,643.317,517.825,0.56,0.450761,0.0,1,0.0054558347,0.170608539,0.15903289369937523
FOPBAP_clean,FOPBAP_clean,5.87537,3.57797,5.87537,1.84319,650.747,353.054,0.0,0.0,0.4432,0.240452,0.0,1,0.0031165029,0.0892766364,0.09232346701787525
FOQTAH_clean,FOQTAH_clean,4.13249,2.70699,4.13249,1.33116,0.0,0.0,474.826,356.701,0.4578,0.34391,0.0,0,0.0039643356,0.1160993469,0.11692660509662535
FOVPOX_clean,FOVPOX_clean,5.86564,3.51663,5.02799,1.32713,811.807,611.702,0.0,0.0,0.504,0.379767,0.0,1,0.0052179442,0.1532004221,0.1533309361772497
FUBDEM_clean,FUBDEM_clean,8.59245,7.9025,8.57984,1.19129,2067.73,1735.7,0.0,0.0,0.6832,0.573495,0.0,0,0.0118273771,0.3410071299,0.3449404511595
FUBDIQ_clean,FUBDIQ_clean,8.11684,7.23133,8.11684,1.24691,2021.29,1621.04,0.0,0.0,0.6644,0.532838,0.0,0,0.0108418721,0.3135973181,0.31480119252974764
FUDHET_clean,FUDHET_clean,7.05179,4.74765,7.05179,0.905742,2494.35,2753.93,0.0,0.0,0.6642,0.733321,0.0,1,0.0179197599,0.5194523424,0.5226917961957515
FUFQUT_clean,FUFQUT_clean,4.65517,2.94795,4.65517,1.09701,0.0,0.0,764.151,696.578,0.5106,0.465448,0.0,1,0.0057372651,0.1684823179,0.16638978937975096
FUHMOM_clean,FUHMOM_clean,5.53443,4.01054,5.50524,1.19557,1378.79,1153.25,0.0,0.0,0.5554,0.464549,0.0,1,0.0105027357,0.3060312474,0.30489240081524954
FUHNIH_clean,FUHNIH_clean,5.52821,3.42388,5.52134,1.16361,1148.32,986.858,0.0,0.0,0.5352,0.459948,0.0,1,0.0097680616,0.2869948972,0.28401135390887705
FUJKUS_clean,FUJKUS_clean,3.57511,2.62043,3.55919,1.64364,0.0,0.0,20.732,12.6135,0.341,0.207467,0.0,1,0.0018424557,0.0527869649,0.054876368194749905
FUMHEC_clean,FUMHEC_clean,4.19047,2.89967,4.19047,1.27669,0.0,0.0,305.001,238.9,0.4284,0.335555,0.0,0,0.0027341355,0.0818871246,0.07986496324637517
FUMJAA_clean,FUMJAA_clean,6.69521,5.2041,6.68616,1.12957,2214.41,1960.41,0.0,0.0,0.6298,0.557558,0.0,1,0.0134616783,0.3954699825,0.39206353510237457
FUNCEX_clean,FUNCEX_clean,13.21557,12.47689,13.21557,0.543761,1970.91,3624.58,0.0,0.0,0.7842,1.44218,0.0,1,0.0328826153,0.9731293575,0.9524948751979917
FUNGAY_clean,FUNGAY_clean,5.61963,3.40645,5.61963,1.09956,890.548,809.916,0.30381,0.276303,0.5202,0.4731,0.0,1,0.0066712598,0.1938795405,0.19785714575999994
FURFIJ01_clean,FURFIJ01_clean,4.13712,3.42264,4.1139,1.63785,320.686,195.797,0.0,0.0,0.4366,0.266569,0.0,1,0.0031639564,0.0883433446,0.09259582875837515
FURQUF_ion_b,FURQUF_ion_b,8.81158,7.98715,8.81158,1.41389,1094.82,774.331,0.0,0.0,0.5082,0.359435,0.0,1,0.0053881931,0.1547541256,0.15801766470239975
FURROA_clean,FURROA_clean,11.58923,10.47029,11.58875,1.00075,1596.28,1595.09,0.0,0.0,0.6602,0.659706,0.0,1,0.0116651178,0.3366454218,0.3413803242588744
FUSQUH_clean,FUSQUH_clean,6.74859,4.59542,6.74676,1.05193,1186.33,1127.76,0.0,0.0,0.5202,0.49452,0.0,0,0.0077307822,0.2288581337,0.2286409121837495
FUTJOV_clean,FUTJOV_clean,4.40992,3.0983,4.40285,1.64403,0.0,0.0,528.691,321.582,0.5636,0.342816,0.0,1,0.0035077218,0.1051108474,0.10381070891699978
FUTYOK_clean,FUTYOK_clean,6.0154,4.82285,5.99433,1.02626,1867.85,1820.05,0.0,0.0,0.6442,0.627713,0.0,0,0.0141525948,0.4093856407,0.41126508772487724
FUWYAY_clean,FUWYAY_clean,4.00169,3.86741,4.00169,1.98354,581.815,293.322,0.0,0.0,0.4022,0.202769,0.0,1,0.0035504195,0.1025417832,0.10346282951712528
FUXCOS_clean,FUXCOS_clean,4.8198,4.16045,4.8198,1.4521,612.494,421.799,0.0,0.0,0.4284,0.295021,0.0,0,0.0032431998,0.0944607818,0.09687502986312524
FUXXIH_clean,FUXXIH_clean,10.16266,8.68185,10.16266,0.899748,1582.07,1758.35,0.0,0.0,0.6434,0.715089,0.0,1,0.0134299583,0.3875788785,0.3940917581574995
FUYCEJ_clean,FUYCEJ_clean,4.90132,3.779,4.87424,0.834486,2400.21,2876.28,0.217355,0.260466,0.6646,0.796418,0.0,0,0.0196025204,0.5611387376,0.5669271104118753
FUZPUN_clean,FUZPUN_clean,4.74703,3.54387,4.71052,1.02013,1169.51,1146.44,0.0,0.0,0.5838,0.572282,0.0,0,0.0091352828,0.265669338,0.26819208788750065
GACPUX_clean,GACPUX_clean,5.9525,3.77259,5.85811,1.02185,1638.86,1603.82,0.0,0.0,0.614,0.600871,0.0,1,0.0118032489,0.3402875091,0.3461707449236242
GADMAA01_clean,GADMAA01_clean,8.25017,6.95114,8.25017,1.49914,1053.4,702.671,0.37233,0.248363,0.576,0.38422,0.0,1,0.0048727678,0.1426867439,0.14396561122375068
GAHXUL_clean,GAHXUL_clean,5.28974,3.50395,5.28106,1.05699,1056.2,999.25,0.0,0.0,0.5634,0.533021,0.0,1,0.0067537944,0.2019840089,0.20092399878300024
GAJVAQ_clean,GAJVAQ_clean,4.41782,2.95293,4.41208,1.65256,0.0,0.0,434.878,263.155,0.4614,0.279204,0.0,1,0.0029728599,0.090423479,0.088023392488
GAJZIC_clean,GAJZIC_clean,4.74189,4.18269,4.74189,1.58149,1144.61,723.756,0.0,0.0,0.5442,0.344106,0.0,1,0.0046839055,0.137510781,0.13622954493962466
GAJZOI_clean,GAJZOI_clean,4.76043,4.22431,4.76043,1.6231,1140.51,702.673,0.0,0.0,0.5414,0.333559,0.0,1,0.0045395608,0.1343458032,0.13303423254849972
GAKBAX_clean,GAKBAX_clean,4.75047,4.21764,4.75047,1.60269,1138.62,710.445,0.0,0.0,0.5414,0.337808,0.0,1,0.0045742096,0.1373839999,0.13509169358037496
GALCAZ_clean,GALCAZ_clean,7.51924,6.97754,7.50411,1.17363,1179.25,1004.78,0.0,0.0,0.5068,0.431822,0.0,1,0.0084771913,0.2476782254,0.24739575199624977
GARLET_clean,GARLET_clean,5.53835,4.38226,5.51111,1.15379,1524.15,1321.0,0.0,0.0,0.573,0.496625,0.0,1,0.0101130898,0.2894916612,0.2955200673834989
GARLIX_clean,GARLIX_clean,5.51894,4.34952,5.51894,1.16479,1506.37,1293.26,0.0,0.0,0.5712,0.49039,0.0,1,0.0097238619,0.2877319952,0.28530138701475194
GASSUR_clean,GASSUR_clean,7.13166,6.36797,7.11779,1.0643,1692.45,1590.2,0.0,0.0,0.616,0.578785,0.0,1,0.0134346706,0.3912336049,0.39063129697137583
GAWKEW_clean,GAWKEW_clean,5.75147,3.14287,5.66213,3.75396,0.0,0.0,728.361,194.025,0.474,0.126267,0.0,1,0.0019251309,0.0549468038,0.057148603125999745
GAYPED_clean,GAYPED_clean,9.58074,6.82289,7.89267,0.900136,2106.29,2339.97,0.0,0.0,0.6514,0.723668,0.0,1,0.0179698612,0.5258206381,0.5227800955385
GAZLAW_clean,GAZLAW_clean,5.89078,3.42545,5.89078,1.13599,1083.97,954.205,0.0,0.0,0.5156,0.453877,0.0,0,0.0068517344,0.2024528122,0.20217080658862424
GEDDEA_clean,GEDDEA_clean,10.13591,3.81582,10.13591,1.29721,1601.1,1234.26,0.0,0.0,0.591,0.455593,0.0,1,0.0087914959,0.2555080456,0.26039591345787544
GEDLIM_clean,GEDLIM_clean,7.1997,3.30533,7.07142,1.13684,0.0,0.0,981.551,863.405,0.523,0.460048,0.0,0,0.0073947309,0.2115868798,0.21870983746987552
GEDQOX_clean,GEDQOX_clean,6.45005,4.67913,6.43264,1.07947,2326.66,2155.37,0.0,0.0,0.632,0.585473,0.0,1,0.0136467116,0.3974095103,0.39884420231275003
GEDROY_clean,GEDROY_clean,5.0096,3.45081,4.98262,1.23925,1556.79,1256.24,20.5089,16.5495,0.5694,0.459473,0.0,1,0.0099443287,0.2890594093,0.2903200060637502
GEDSAL_clean,GEDSAL_clean,5.44628,3.82645,5.44628,1.17011,2237.72,1912.41,0.0,0.0,0.5966,0.509868,0.0,1,0.0115029051,0.331461859,0.33315985125599956
GEGBEB_clean,GEGBEB_clean,4.72277,3.21984,4.36436,1.22883,0.0,0.0,690.277,561.734,0.5214,0.424305,0.0,1,0.0053482911,0.1570512556,0.1578658039147499
GEGGEG01_clean,GEGGEG01_clean,4.4734,3.53731,4.46972,1.51151,780.594,516.434,0.0,0.0,0.4522,0.299171,0.0,1,0.0057256492,0.1653183259,0.1663321396687503
GEHSAN_clean,GEHSAN_clean,4.21897,2.65292,4.13931,1.49275,0.0,0.0,232.374,155.668,0.35,0.234466,0.0,1,0.0027046865,0.078081152,0.07864797801074982
GEKVEZ_clean,GEKVEZ_clean,4.60932,3.49419,4.2137,1.75988,1163.32,661.023,0.0,0.0,0.526,0.298883,0.0,1,0.0040483706,0.1219291798,0.1201554247931248
GELVEZ01_clean,GELVEZ01_clean,3.8103,2.63566,3.8103,1.43691,0.0,0.0,133.683,93.0351,0.4852,0.33767,0.0,0,0.0031956334,0.0967119984,0.09363149307612542
GELVEZ_clean,GELVEZ_clean,3.84426,2.61776,3.84187,1.42688,0.0,0.0,240.041,168.228,0.4886,0.342426,0.0,0,0.0035353957,0.1082880467,0.10511083454362476
GEPDEM_clean,GEPDEM_clean,4.09249,3.45067,4.09249,1.44433,525.305,363.701,0.0,0.0,0.487,0.33718,0.0,1,0.0041142753,0.1210128293,0.12155829250124998
GERNOI_clean,GERNOI_clean,6.93892,3.80818,6.45255,1.05982,1273.96,1202.05,0.0,0.0,0.5412,0.510651,0.0,0,0.0089681623,0.2591878106,0.26165745594199974
GEZRAG_clean,GEZRAG_clean,7.97174,5.12774,7.97032,1.15353,2068.35,1793.06,0.0,0.0,0.6172,0.535054,0.0,1,0.0111058121,0.3132885253,0.3247433206749998
GEZYOB_clean,GEZYOB_clean,5.97203,4.53159,5.97203,1.47469,1908.41,1294.11,0.0,0.0,0.5414,0.367128,0.0,0,0.007360419,0.2115297217,0.21524274712637445
GIHPAQ_clean,GIHPAQ_clean,6.0679,3.20702,4.88779,1.37065,0.0,0.0,933.937,681.382,0.517,0.377193,0.0,1,0.0058310778,0.1711628132,0.16942271670075099
GIQXEK_clean,GIQXEK_clean,5.02308,3.9389,5.02308,1.70666,1611.03,943.967,0.0,0.0,0.591,0.34629,0.0,1,0.0064062007,0.1877731713,0.18838595724837454
GIRFUJ_clean,GIRFUJ_clean,3.37043,2.61511,3.30641,2.01794,0.0,0.0,2.87555,1.425,0.3948,0.195645,0.0,1,0.0014362012,0.041986892,0.04121285105850004
GIRGUL_clean,GIRGUL_clean,4.00306,3.26113,3.99382,1.40352,0.0,0.0,187.669,133.713,0.416,0.296397,0.0,1,0.0023061785,0.0699456741,0.06760140231749996
GIRZAK_clean,GIRZAK_clean,4.21373,3.61145,4.21373,1.53199,237.412,154.969,0.0,0.0,0.4018,0.262273,0.0,1,0.0019921861,0.0567063222,0.05873374733599978
GITPIK_clean,GITPIK_clean,6.71051,5.85889,6.69498,1.05932,1949.1,1839.96,0.0,0.0,0.6024,0.568668,0.0,1,0.0112495776,0.3332937716,0.33080220006424915
GIVNIK_clean,GIVNIK_clean,7.21449,5.67473,7.21449,0.867445,2262.97,2608.78,0.0,0.0,0.6652,0.76685,0.0,1,0.0155712376,0.4508601978,0.4563081330327518
GIXGOK_clean,GIXGOK_clean,17.36935,5.40179,17.36935,1.04037,1505.92,1447.48,0.0,0.0,0.6542,0.628815,0.0,0,0.0121874577,0.3478959491,0.3591331113225007
GIYSOX_clean,GIYSOX_clean,5.41931,4.91867,5.41931,1.46994,924.604,629.008,0.0,0.0,0.4898,0.333211,0.0,0,0.0046074337,0.1378379378,0.13600525331512434
GOGSIF_clean,GOGSIF_clean,8.22407,5.82511,8.22407,0.843093,1913.32,2269.41,1.31012,1.55395,0.6484,0.769073,0.0,1,0.0131310152,0.3867268199,0.38768905168862583
GOKBUE_clean,GOKBUE_clean,6.09249,4.54759,6.09249,1.63047,1317.37,807.969,0.0,0.0,0.5592,0.342968,0.0,1,0.0053298204,0.15918978,0.15769540322387446
GOLYUD_clean,GOLYUD_clean,5.23544,3.22982,5.01332,1.30229,0.0,0.0,525.595,403.593,0.46,0.353224,0.0,1,0.0041981015,0.1264319468,0.12283350205775007
GOMPOO_clean,GOMPOO_clean,4.82449,2.89173,4.65807,1.92377,0.0,0.0,618.38,321.441,0.4062,0.211147,0.0,0,0.0084437156,0.1377980756,0.150673082981499
GONTAG_clean,GONTAG_clean,3.69316,3.31113,3.69316,1.23517,630.32,510.311,0.0,0.0,0.5362,0.434111,0.0,1,0.0068858486,0.1979827942,0.20127105028824943
GOQSIQ_clean,GOQSIQ_clean,8.1775,6.04263,8.04141,1.00533,1638.23,1629.55,0.0,0.0,0.6412,0.637802,0.0,0,0.0116304748,0.3386305719,0.3391482675275004
GOQTIR_clean,GOQTIR_clean,4.31911,3.00422,4.31353,1.28361,0.0,0.0,1060.36,826.075,0.5868,0.457147,0.0,1,0.0085591099,0.2504117034,0.25046764384737574
GOYXUP_clean,GOYXUP_clean,3.94982,3.14371,3.94779,2.2788,0.0,0.0,164.729,72.2876,0.3554,0.155959,0.0,1,0.0013529558,0.0413124057,0.040096534970375186
GUBBAG_clean,GUBBAG_clean,6.17269,4.47662,6.08707,1.25773,1864.63,1482.53,0.0,0.0,0.6658,0.529365,0.0,1,0.0083294848,0.2404748488,0.2470857679792498
GUJVIR_clean,GUJVIR_clean,3.94229,2.80491,3.94229,1.50557,0.0,0.0,250.959,166.687,0.455,0.302211,0.0,1,0.0031706594,0.0921536012,0.09380150210837511
GUKYUI_clean,GUKYUI_clean,4.85912,4.51007,4.85912,1.20599,627.214,520.082,14.592,12.0996,0.4608,0.382092,0.0,0,0.0033360144,0.1007525659,0.09744004194337486
GUPDEB_clean,GUPDEB_clean,20.68684,7.65386,20.68684,0.945467,1548.81,1638.15,1.11326,1.17747,0.7196,0.761105,0.0,0,0.0151106332,0.432786424,0.44089156208137326
GUPNUC_clean,GUPNUC_clean,4.32964,2.70763,4.32964,1.56915,0.0,0.0,668.521,426.041,0.566,0.360706,0.0,0,0.0036575475,0.1111052841,0.10811321018224974
GUPREQ_clean,GUPREQ_clean,6.00262,3.86824,5.65571,1.31,1012.28,772.734,0.0,0.0,0.4954,0.378168,0.0,1,0.005755111,0.1697122529,0.16857829990412562
GUQTOB_clean,GUQTOB_clean,3.95311,3.16468,3.95311,2.71398,0.0,0.0,353.909,130.402,0.4128,0.152101,0.0,1,0.0020606756,0.0611123982,0.06035854696862468
GUQWOG_clean,GUQWOG_clean,7.33297,4.64507,7.06229,0.957966,1896.24,1979.44,0.0,0.0,0.6126,0.63948,0.0,0,0.0133520455,0.3920723927,0.39153229459887584
GURPIT_clean,GURPIT_clean,9.17432,7.72525,9.0966,0.709696,2365.23,3332.74,0.0,0.0,0.7732,1.08948,0.0,0,0.0235507296,0.6992112533,0.688476895856627
GUXZUV_clean,GUXZUV_clean,6.58785,4.88173,6.58785,1.68165,1430.07,850.397,0.0,0.0,0.5722,0.340261,0.0,1,0.0076819993,0.2214937581,0.22654234073062543
HAFVOB_clean,HAFVOB_clean,5.59823,4.10574,5.59823,0.989877,1624.62,1641.23,0.0,0.0,0.559,0.564717,0.0,1,0.0113257251,0.3399838138,0.33169432160700035
HAHCUR_clean,HAHCUR_clean,7.19827,5.98763,7.19827,1.10603,1324.83,1197.82,0.0,0.0,0.546,0.493657,0.0,0,0.009539213,0.2755129971,0.28062444885250076
HAJLUA_clean,HAJLUA_clean,5.93833,3.59787,5.73261,1.34629,399.566,296.791,0.0,0.0,0.3782,0.28092,0.0,0,0.0024115959,0.0743203938,0.07065216815287513
HAJMIQ_clean,HAJMIQ_clean,13.26244,6.64572,13.26244,0.873197,2121.07,2429.08,0.0,0.0,0.7212,0.825931,0.0,1,0.0196690675,0.5676060666,0.5714750651665027
HAPBEI_clean,HAPBEI_clean,7.40345,4.51665,7.18933,1.1831,1645.32,1390.68,107.302,90.6958,0.5974,0.504945,0.0,1,0.0088186254,0.2586594453,0.25867626343400124
HAVVUX_clean,HAVVUX_clean,8.34589,6.74867,8.34589,2.21863,955.771,430.794,0.0,0.0,0.5032,0.226807,0.0,1,0.0037882076,0.1122674061,0.11112555852449933
HAWVOS_clean,HAWVOS_clean,5.41179,3.71334,5.38603,1.62695,1198.02,736.358,0.0,0.0,0.519,0.319002,0.0,0,0.006787856,0.1994693963,0.19976886097637447
HAWVUY_clean,HAWVUY_clean,5.4288,3.7248,5.42521,1.58725,1209.7,762.135,0.0,0.0,0.523,0.3295,0.0,0,0.0071223537,0.2011439098,0.20668692922199994
HAWZEM_clean,HAWZEM_clean,4.83947,3.74089,4.83947,1.28408,1060.99,826.263,0.0,0.0,0.5012,0.390319,0.0,1,0.007848196,0.2315691874,0.22778983362987465
HAXMUP_clean,HAXMUP_clean,8.05193,5.7692,8.05193,1.0871,1247.11,1147.19,0.0,0.0,0.6042,0.555788,0.0,1,0.0070463656,0.2067975404,0.20467971242925018
HAZGOF02_clean_h,HAZGOF02_clean_h,3.85223,2.95905,3.61217,1.23872,0.0,0.0,98.4661,79.4901,0.494,0.398798,0.0,0,0.0036746334,0.1116416008,0.11066604196324907
HAZGOF_clean,HAZGOF_clean,3.97321,3.0014,3.78574,1.2409,0.0,0.0,152.145,122.608,0.4992,0.402288,0.0,0,0.0046603797,0.1375840861,0.13916729046474993
HEFDON_clean,HEFDON_clean,9.34267,6.30544,9.30322,1.26616,1290.92,1019.56,0.0,0.0,0.564,0.445443,0.0,1,0.0082120214,0.2491083469,0.2384941264116256
HEGCEB_clean,HEGCEB_clean,5.1693,4.46656,5.1693,1.06371,1875.59,1763.26,0.0,0.0,0.6372,0.599038,0.0,1,0.0084191267,0.2448808273,0.24947259760449975
HEGNEN_clean,HEGNEN_clean,5.92457,4.79042,5.92457,1.92239,717.079,373.015,0.0,0.0,0.4062,0.2113,0.0,0,0.0028935162,0.0849360703,0.08431736415375007
HEZPIL01_clean,HEZPIL01_clean,4.55228,3.8726,4.49338,1.6515,1184.67,717.327,0.0,0.0,0.5308,0.321405,0.0,1,0.0074949425,0.217154252,0.21817539731312582
HIDBIH_clean,HIDBIH_clean,4.85757,3.15246,4.85757,1.56083,0.0,0.0,465.191,298.041,0.449,0.287667,0.0,1,0.0036372231,0.1051585042,0.107941047605375
HIDCUU_clean,HIDCUU_clean,4.77714,4.04915,4.77714,1.67198,561.972,336.111,24.6403,14.7372,0.4404,0.2634,0.0,0,0.0041436637,0.1266217319,0.12007459599712472
HIGRIA_clean,HIGRIA_clean,11.33189,6.86002,11.33189,0.649596,2356.83,3628.15,0.0,0.0,0.774,1.19151,0.0,1,0.0271019908,0.8069515556,0.7806375297489976
HIHGUC_clean,HIHGUC_clean,8.04408,6.54623,8.01999,0.696864,2211.4,3173.36,0.0,0.0,0.7326,1.05128,0.0,0,0.0225745861,0.6395832514,0.6600345750752488
HIQWOV_clean,HIQWOV_clean,6.76103,5.10334,6.76103,1.07696,1941.39,1802.66,0.0,0.0,0.6212,0.57681,0.0,0,0.011622465,0.3386324031,0.34017387178100056
HIYBUN_clean,HIYBUN_clean,10.15365,9.81645,10.15365,1.11827,1552.73,1388.51,0.0,0.0,0.6486,0.580004,0.0,0,0.0109147481,0.3213804073,0.3201747768252513
HOGJIX_clean,HOGJIX_clean,10.87652,5.94063,10.87549,0.784217,2419.27,3084.95,0.0,0.0,0.7452,0.950247,0.0,1,0.0224635274,0.651401549,0.654379227463499
HOGJOD_clean,HOGJOD_clean,4.75742,3.71555,4.75742,1.43501,995.445,693.686,0.0,0.0,0.5006,0.348848,0.0,0,0.0057179691,0.1647873959,0.1685809416857496
HOJNIF_clean,HOJNIF_clean,4.00485,3.015,3.81492,1.23402,0.0,0.0,162.531,131.709,0.5098,0.413123,0.0,0,0.0048625382,0.1432825415,0.14426739096087443
HOJNUR01_clean,HOJNUR01_clean,3.94518,2.94764,3.79329,1.27312,0.0,0.0,129.373,101.619,0.5026,0.394779,0.0,0,0.0045056301,0.134032447,0.13314227912024956
HOJPAZ_clean,HOJPAZ_clean,4.0071,3.01444,3.78054,1.23576,0.0,0.0,174.773,141.43,0.511,0.413512,0.0,0,0.0048933987,0.1476580213,0.14616464798324982
HOJPIH_clean,HOJPIH_clean,3.96758,2.99779,3.82887,1.25057,0.0,0.0,157.089,125.614,0.508,0.406216,0.0,0,0.0049470691,0.141673771,0.1457528218906245
HOKGUJ_clean,HOKGUJ_clean,9.34177,3.71993,9.34177,1.22332,1337.41,1093.26,0.0,0.0,0.5774,0.471995,0.0,1,0.0089534057,0.264926559,0.26230229278637535
HOKLIE_clean,HOKLIE_clean,5.61648,4.05301,5.61199,1.31362,1114.73,848.591,0.0,0.0,0.4902,0.373167,0.0,1,0.0069016195,0.2048722835,0.20172682915487455
HOQMIL01_clean,HOQMIL01_clean,5.56977,4.83187,5.56337,1.16042,1122.88,967.652,0.0,0.0,0.4848,0.417781,0.0,0,0.0081117535,0.2317362727,0.23625248703137566
HOQMIL03_clean,HOQMIL03_clean,5.60791,4.87769,5.56878,1.15397,1143.32,990.77,0.0,0.0,0.4896,0.424274,0.0,0,0.0081135971,0.238821154,0.23732843303700135
HOTFED_clean,HOTFED_clean,3.57317,2.85069,3.56693,1.63129,0.0,0.0,46.2023,28.3226,0.4352,0.266783,0.0,1,0.0019253123,0.0565897812,0.05616300068149993
HOVGIK_clean,HOVGIK_clean,5.93161,4.23353,5.92922,1.12874,1308.17,1158.97,0.0,0.0,0.541,0.479296,0.0,0,0.0094040587,0.2726583987,0.27466588948525067
HOWPOZ_clean,HOWPOZ_clean,7.21513,5.98736,7.21361,1.27988,1504.5,1175.5,0.0,0.0,0.585,0.457073,0.0,1,0.0095723618,0.2748865261,0.2795800477353755
HOWQEQ_clean,HOWQEQ_clean,5.03956,3.43426,5.01641,1.51423,609.631,402.601,6.8807,4.54403,0.48,0.316993,0.0,1,0.0049123753,0.1451622369,0.14550129872487516
HOXGEH_clean,HOXGEH_clean,7.22422,5.56347,7.22422,1.76045,532.184,302.3,0.0,0.0,0.428,0.24312,0.0,1,0.0022583227,0.0652159569,0.06650801123250016
HOXKIP_clean,HOXKIP_clean,5.63987,3.43131,5.63987,1.70238,1080.26,634.558,0.0,0.0,0.5028,0.295352,0.0,1,0.0060694624,0.1728741652,0.17573680671137482
HOYREU_clean,HOYREU_clean,6.42466,5.8923,6.42466,1.33156,1407.54,1057.05,0.0,0.0,0.5312,0.398929,0.0,1,0.0091271204,0.2735301863,0.2656618263133748
HOYROE_clean,HOYROE_clean,6.155,5.22739,6.12328,1.60811,1166.91,725.638,0.0,0.0,0.4436,0.275852,0.0,1,0.0061754512,0.1819966872,0.17961997572199986
HOZTOG_clean,HOZTOG_clean,8.69843,6.41352,8.68476,1.38534,1756.27,1267.75,0.0,0.0,0.642,0.463424,0.0,0,0.0093497248,0.266119704,0.27289051084349886
HOZXEB_clean,HOZXEB_clean,5.47734,4.35167,5.29891,2.01178,1095.39,544.49,0.870043,0.432475,0.5328,0.264841,0.0,1,0.0042687333,0.125090589,0.12658281857962445
HUCBEN_manual,HUCBEN_manual,5.37435,4.22886,5.37435,1.12816,1186.89,1052.06,0.0,0.0,0.5522,0.48947,0.0,0,0.0096365893,0.28209268,0.28446838570087674
HUCFAO_clean,HUCFAO_clean,5.18257,3.1685,4.9152,1.24354,0.0,0.0,1008.37,810.885,0.5162,0.415105,0.0,0,0.0065308688,0.1914964181,0.18948951370762443
HUFHIB_clean,HUFHIB_clean,9.90019,7.46213,9.90004,0.9042,1987.19,2197.73,0.0,0.0,0.6998,0.773944,0.0,1,0.0145407887,0.4340316418,0.4226541204869998
HUFHOH_clean,HUFHOH_clean,11.37997,7.84586,11.37913,0.791329,2050.25,2590.9,0.0,0.0,0.7294,0.921741,0.0,1,0.0183123678,0.5414113021,0.5362320149704991
HUFHUN_clean,HUFHUN_clean,11.46361,8.17134,11.46361,0.780594,2181.16,2794.23,0.0,0.0,0.7478,0.957988,0.0,1,0.0193339921,0.5634654933,0.5632653455082494
HUFJAV_clean,HUFJAV_clean,10.82518,7.21362,10.82516,0.846584,2017.74,2383.39,0.0,0.0,0.7126,0.841735,0.0,1,0.0161773713,0.482630708,0.46761785597962513
HUFJID_clean,HUFJID_clean,5.47986,2.72127,5.47807,1.28008,0.0,0.0,1249.17,975.853,0.5712,0.446222,0.0,1,0.0069651469,0.2034220181,0.2039120517905004
HUFMUS_clean,HUFMUS_clean,4.79853,3.61328,4.79853,1.52895,747.86,489.132,0.0,0.0,0.4994,0.326629,0.0,1,0.00401463,0.121862869,0.1186383387362495
HUJGEA_clean,HUJGEA_clean,12.53944,4.7914,12.4029,0.822662,2143.27,2605.28,0.0,0.0,0.7056,0.857703,0.0,1,0.0199082548,0.58620932,0.573729241213626
HUQGOR_clean,HUQGOR_clean,10.27351,7.23414,10.27351,0.702938,1802.86,2564.75,0.0,0.0,0.6908,0.982733,0.0,1,0.0219367462,0.6321382545,0.6311405280659994
HUQHEI_clean,HUQHEI_clean,10.39855,7.33583,10.39855,0.70723,1815.66,2567.28,0.0,0.0,0.6916,0.9779,0.0,1,0.0209476569,0.6212717928,0.6125055310225037
HURGUX01_clean,HURGUX01_clean,4.95927,3.84058,4.95343,1.32588,650.018,490.253,0.0,0.0,0.4448,0.335474,0.0,1,0.0048860311,0.1403622212,0.14494095659762474
HURGUX_clean,HURGUX_clean,4.97475,3.84254,4.97057,1.32525,657.853,496.398,0.0,0.0,0.4546,0.343029,0.0,1,0.0049257673,0.1401238036,0.1446517896608751
HUVHIR_clean,HUVHIR_clean,6.43752,3.3852,6.43752,1.55619,990.748,636.65,0.0,0.0,0.5272,0.338777,0.0,1,0.0056102823,0.172029448,0.16531659937212517
HUWPIA_clean,HUWPIA_clean,6.29862,4.63989,6.29862,1.01225,1229.62,1214.75,0.0,0.0,0.5338,0.527343,0.0,0,0.0098376076,0.2739603669,0.2883843777773749
HUXHEP01_clean,HUXHEP01_clean,4.36937,2.99196,4.36937,1.58994,0.0,0.0,616.016,387.446,0.4758,0.299257,0.0,1,0.0047860799,0.139560345,0.14317957662099945
HUYKER_clean,HUYKER_clean,10.78123,7.93542,10.78123,0.823199,1422.11,1727.54,11.597,14.0878,0.6292,0.764335,0.0,0,0.0131698295,0.3852714915,0.3854019323841246
HUZSOL_clean,HUZSOL_clean,9.96894,8.00393,9.95333,0.905605,1288.39,1422.68,0.0,0.0,0.602,0.664749,0.0,1,0.0124061057,0.365386493,0.3610048150696236
IBABOF01_clean,IBABOF01_clean,5.88201,4.55805,5.8327,1.10239,1625.66,1474.66,0.0,0.0,0.5558,0.504176,0.0,0,0.0103382958,0.3009792396,0.30291146901175076
IBICON_clean,IBICON_clean,10.09823,9.93982,10.09823,1.22363,1026.52,838.914,0.0,0.0,0.5488,0.448503,0.0,0,0.0072839895,0.2168178674,0.21241467636487507
IBIRES_clean,IBIRES_clean,6.08051,3.77232,6.05891,1.56855,1166.99,743.994,0.0,0.0,0.5416,0.345287,0.0,1,0.0056021883,0.1585366193,0.16522326727087505
ic048812_clean,ic048812_clean,5.39588,2.97433,5.39588,1.38697,0.0,0.0,433.909,312.847,0.4434,0.31969,0.0,1,0.0035889022,0.1045023327,0.10461363237962487
ic202626c_si_002_clean,ic202626c_si_002_clean,4.17676,3.4851,4.17082,1.22883,636.577,518.037,0.0,0.0,0.5146,0.418774,0.0,0,0.0059395676,0.1730825373,0.17429702327437524
ic3019502_si_002_clean,ic3019502_si_002_clean,8.03478,4.99407,8.03478,0.817121,2079.34,2544.72,0.0,0.0,0.6862,0.839778,0.0,1,0.0181729474,0.536384095,0.5297995576793737
ic401157n_si_003_clean,ic401157n_si_003_clean,8.36266,5.62116,8.35172,0.801466,2331.72,2909.32,0.0,0.0,0.6656,0.830478,0.0,1,0.0189732904,0.5517081336,0.5540429922927489
ic401474f_si_002_clean,ic401474f_si_002_clean,4.13244,2.9785,4.13079,1.54415,0.0,0.0,250.069,161.946,0.318,0.205939,0.0,1,0.0026326423,0.0785026544,0.07708375616524982
ic402692p_si_004_clean,ic402692p_si_004_clean,14.06271,4.49755,14.06271,0.931261,2158.03,2317.32,0.0,0.0,0.6974,0.748877,0.0,1,0.0171557806,0.5010993457,0.5008032888224997
ic501801f_si_003_clean,ic501801f_si_003_clean,7.15079,6.5153,7.14534,0.88298,1302.1,1474.67,43.0565,48.7627,0.5668,0.641917,0.0,1,0.0099169317,0.29259864,0.287799105627626
ic5b00194_si_002_clean,ic5b00194_si_002_clean,8.53834,6.535,8.52358,0.823713,2522.95,3062.9,0.0,0.0,0.705,0.85588,0.0,1,0.0205237669,0.609501138,0.5933314506356234
ICAGOK_clean,ICAGOK_clean,8.74413,5.00268,8.74413,0.838204,1937.33,2311.28,0.0,0.0,0.645,0.769503,0.0,1,0.0165619241,0.4820144238,0.48623924698712334
ICIKEL_clean,ICIKEL_clean,9.47336,2.84595,7.72453,1.63129,0.0,0.0,835.273,512.034,0.5032,0.308468,0.0,1,0.0038644337,0.1132640343,0.11472028374087521
ICIZAV_clean,ICIZAV_clean,3.84281,3.18904,3.84281,1.93678,0.0,0.0,199.333,102.919,0.3884,0.200539,0.0,1,0.001823777,0.0536320348,0.053940313313000185
IDAGUR_clean,IDAGUR_clean,4.21795,3.2565,4.15153,1.38333,0.0,0.0,506.98,366.493,0.4348,0.314315,0.0,1,0.0035157285,0.1012890475,0.10408572302449995
IDORAW_clean,IDORAW_clean,10.66058,7.94571,10.64148,0.758358,1989.66,2623.65,0.0,0.0,0.7566,0.997682,0.0,1,0.0209484939,0.6180976372,0.609873947933129
IDUDIW_clean,IDUDIW_clean,4.41225,3.49442,4.39662,1.09369,1435.22,1312.27,0.0,0.0,0.577,0.527571,0.0,0,0.0105756579,0.3150074428,0.30897076925662387
IFAGON_clean,IFAGON_clean,7.26408,5.9349,7.24141,0.928559,1699.23,1829.96,0.0,0.0,0.6226,0.670501,0.0,1,0.0136304884,0.3953601687,0.39846773714362593
IFENOY_clean,IFENOY_clean,7.29661,5.78947,7.29661,1.34939,546.821,405.234,0.0,0.0,0.4514,0.33452,0.0,0,0.0027682253,0.0831242475,0.08089098138724946
IGAHED02_clean,IGAHED02_clean,4.36233,3.27623,4.3458,1.53655,0.0,0.0,775.479,504.688,0.4808,0.312908,0.0,1,0.0068277264,0.1955498416,0.19766278314987562
IGETUL_clean,IGETUL_clean,7.73199,5.01492,7.73199,1.17458,1427.74,1215.53,0.0,0.0,0.5802,0.493962,0.0,1,0.0099998524,0.3002131353,0.2914881588099989
IGOJEV_clean,IGOJEV_clean,6.84915,5.33678,6.8307,1.1268,1367.78,1213.86,0.0,0.0,0.5334,0.473376,0.0,0,0.0097715191,0.2838375216,0.2856357564336262
IGUTEK_clean,IGUTEK_clean,6.65766,3.11444,6.65761,1.49885,0.0,0.0,1310.11,874.081,0.5442,0.363079,0.0,0,0.0128453966,0.2168399226,0.25288121167750044
IGUVIR01_clean,IGUVIR01_clean,6.10337,3.92459,6.10337,1.30886,926.034,707.513,0.0,0.0,0.4778,0.365051,0.0,0,0.0061172472,0.177551679,0.1776434357817501
IHAJIL_clean,IHAJIL_clean,5.45406,4.34442,5.40178,1.56119,1403.37,898.914,0.0,0.0,0.5862,0.375483,0.0,0,0.007483469,0.2200929015,0.21909651140924982
IHAZOH_clean,IHAZOH_clean,7.81797,3.00994,7.81797,1.26641,0.0,0.0,1121.44,885.526,0.5218,0.412032,0.0,1,0.0080092265,0.2335252133,0.23364905810674988
IHERIY_clean,IHERIY_clean,5.24257,3.36629,5.24257,1.3571,624.106,459.88,0.0,0.0,0.4274,0.314935,0.0,1,0.0043104057,0.1267177834,0.12629640482812504
IHILUI_clean,IHILUI_clean,4.87031,3.7868,4.87031,2.14625,806.195,375.629,0.0,0.0,0.4228,0.196995,0.0,1,0.0025609897,0.0742498471,0.07541940340350022
IHIMAP01_clean,IHIMAP01_clean,5.07944,3.8505,5.07201,1.90767,927.816,486.36,0.0,0.0,0.4506,0.236204,0.0,1,0.003149582,0.0937371963,0.09274472953500008
IHUTIQ_clean,IHUTIQ_clean,4.64256,3.74008,4.5445,1.27422,518.012,406.533,0.0,0.0,0.439,0.344525,0.0,0,0.0027764743,0.083091512,0.08116899123887475
IJUJEE_clean,IJUJEE_clean,5.7329,3.14927,5.59608,2.00759,0.0,0.0,597.221,297.481,0.4248,0.211597,0.0,1,0.0033350015,0.095690823,0.09821523640162512
IKEVAW_clean,IKEVAW_clean,5.40684,4.19271,5.39701,1.71304,1637.64,955.985,0.0,0.0,0.5474,0.319548,0.0,1,0.0064591103,0.1935019597,0.1902095453973738
IKOKEA_clean,IKOKEA_clean,6.08904,3.3904,6.07977,1.63594,1155.87,706.549,0.0,0.0,0.5166,0.315782,0.0,0,0.0106482281,0.2005127357,0.21606779152712588
IKOPIJ_clean,IKOPIJ_clean,5.93474,4.94123,5.93474,1.12209,2241.63,1997.73,0.0,0.0,0.5918,0.527408,0.0,1,0.0113515699,0.3209897441,0.33192069502525007
IKOTUZ_clean,IKOTUZ_clean,16.05073,15.64664,16.05073,1.00283,1515.79,1511.5,0.0,0.0,0.658,0.656142,0.0,1,0.0153719437,0.448016999,0.44593009061224914
ILASIZ_clean,ILASIZ_clean,4.54164,2.63088,4.54164,1.12333,0.0,0.0,551.64,491.074,0.4768,0.424451,0.0,0,0.005632735,0.1646737003,0.1637136688611238
ILECIN_clean,ILECIN_clean,4.56784,2.62927,4.39537,1.14451,0.0,0.0,561.319,490.444,0.5344,0.466924,0.0,0,0.0058568518,0.1725694991,0.1712829671951254
ILENOC_clean,ILENOC_clean,4.95574,3.57203,4.9334,2.30558,814.836,353.419,0.0,0.0,0.4958,0.215043,0.0,1,0.0052097974,0.1551978612,0.15170060577337463
ILIGAL_clean,ILIGAL_clean,5.39984,4.21783,5.39803,1.8431,801.718,434.983,0.0,0.0,0.424,0.230047,0.0,0,0.0039938206,0.1158546017,0.11593943989412493
ILIMOH_clean,ILIMOH_clean,7.40414,5.70962,7.40414,1.17288,870.384,742.093,0.0,0.0,0.5052,0.430735,0.0,0,0.0049549436,0.1447358829,0.14580056469424957
ILIMUN_clean,ILIMUN_clean,6.19427,4.05594,6.18143,1.18958,950.094,798.68,0.0,0.0,0.473,0.397619,0.0,0,0.0060163228,0.1716908685,0.17682220701600054
ILIQIF_clean,ILIQIF_clean,4.113,2.87127,4.113,1.45442,0.0,0.0,475.045,326.621,0.477,0.327965,0.0,1,0.0034981657,0.1034153546,0.10192905802574978
ILOTOT_clean,ILOTOT_clean,4.12508,3.17559,4.11568,1.43009,0.0,0.0,259.474,181.44,0.393,0.274808,0.0,0,0.0018743123,0.0581830765,0.055103920955500055
ILUFIF_clean,ILUFIF_clean,7.09777,3.09218,7.09763,1.56986,0.0,0.0,598.426,381.198,0.4914,0.313022,0.0,1,0.0041316984,0.1230433498,0.12155092073112544
ILUFOL_clean,ILUFOL_clean,7.10624,3.06586,7.10592,1.59676,0.0,0.0,603.154,377.736,0.4902,0.306997,0.0,1,0.0041976056,0.12188273,0.12254968692625015
ILUHIH_clean,ILUHIH_clean,7.15166,3.05989,7.14256,1.58432,0.0,0.0,629.702,397.458,0.494,0.311806,0.0,1,0.0041078191,0.1158463898,0.12094661105875038
IMAXUR_clean,IMAXUR_clean,9.35814,4.03338,9.35814,0.94009,1810.27,1925.64,0.0,0.0,0.6284,0.668447,0.0,1,0.0141475358,0.4222541096,0.41239264849374974
IMEDOV_clean,IMEDOV_clean,8.12382,4.26401,8.12382,1.06775,893.804,837.087,12.2034,11.4291,0.5044,0.472393,0.0,1,0.0063639597,0.1846830557,0.1867049859971257
IMIQIF_clean,IMIQIF_clean,8.80197,2.82578,8.79134,2.51135,0.0,0.0,830.359,330.643,0.519,0.206662,0.0,1,0.0025255989,0.0746963795,0.07366347803024978
IMUTUG_ion_b,IMUTUG_ion_b,8.41076,5.98943,8.40503,1.06348,2136.59,2009.05,13.7433,12.9229,0.6802,0.639596,0.0,1,0.0167230126,0.4719430219,0.4882062296920001
IPIDUH_clean,IPIDUH_clean,5.17469,3.85894,5.16774,1.5676,1161.37,740.859,0.0,0.0,0.5352,0.341413,0.0,1,0.0053426289,0.1523223416,0.15693187927603422
IQEKUM_clean,IQEKUM_clean,5.23045,4.40009,5.21843,1.19945,1749.75,1458.79,0.0,0.0,0.58,0.483556,0.0,1,0.0098246045,0.2946924458,0.2885750237888748
IQIDES_clean,IQIDES_clean,4.41091,3.06466,4.32573,1.33382,0.0,0.0,619.188,464.22,0.518,0.388357,0.0,0,0.0083493965,0.2401375173,0.24448762858487452
IQIJIC_clean,IQIJIC_clean,5.3134,3.06743,5.3134,1.16441,0.0,0.0,711.318,610.883,0.4852,0.416692,0.0,1,0.005121522,0.1511046035,0.14879766788612483
IQIPAZ_clean,IQIPAZ_clean,5.68593,3.36787,5.68593,1.52427,553.312,363.001,0.0,0.0,0.404,0.265044,0.0,1,0.0039975848,0.1158178492,0.11566143251424998
IQOJAB_clean,IQOJAB_clean,5.87643,3.82611,5.87109,1.02895,1467.53,1426.23,25.3077,24.5957,0.5682,0.552213,0.0,1,0.0107472016,0.3200400762,0.31595597418025057
IQOJEF_clean,IQOJEF_clean,6.3031,3.72946,5.90938,1.09859,1022.71,930.932,0.0,0.0,0.506,0.460592,0.0,1,0.0079551017,0.2262676671,0.23070696322712458
IQOKEG_clean,IQOKEG_clean,7.17756,4.14343,7.15508,0.93657,1757.51,1876.54,0.0,0.0,0.5934,0.633589,0.0,0,0.0127517143,0.3614918591,0.3760615217011241
IRAJAN_clean,IRAJAN_clean,4.02837,3.06742,4.02095,2.4407,0.0,0.0,569.779,233.449,0.4384,0.179621,0.0,0,0.0061641218,0.1829742637,0.16187073432987473
IRAJER_clean,IRAJER_clean,5.44662,5.0231,5.44662,2.01995,992.271,491.236,0.0,0.0,0.4872,0.241195,0.0,0,0.0066812111,0.1955468073,0.16867093267737537
IRELAU_clean,IRELAU_clean,6.04901,3.48029,6.04818,1.13995,1676.5,1470.68,0.0,0.0,0.5904,0.517916,0.0,1,0.0120124307,0.3413812744,0.3462988823146245
IROVAO_clean,IROVAO_clean,6.12408,5.59581,6.1197,2.89163,1515.71,524.173,0.0,0.0,0.544,0.188129,0.0,1,0.0041197692,0.1212728788,0.11929482115187451
ISIYUF01_clean,ISIYUF01_clean,4.37623,2.85891,4.37588,1.97852,0.0,0.0,687.21,347.335,0.4892,0.247255,0.0,0,0.0034414415,0.1007915104,0.10084184592612497
ITAPIC_clean,ITAPIC_clean,5.53493,4.56275,5.50447,0.932577,3320.52,3560.59,0.0,0.0,0.7606,0.815589,0.0,1,0.0144122738,0.4254743582,0.4260001553944985
ITIPAE_clean,ITIPAE_clean,5.03819,3.84363,5.03819,1.81693,898.58,494.56,0.0,0.0,0.4852,0.267044,0.0,0,0.0042009374,0.123837576,0.12446932564112506
ITIWAK_clean,ITIWAK_clean,5.0332,4.12661,5.01239,1.10257,950.216,861.818,65.1005,59.0442,0.5042,0.457294,0.0,0,0.007523076,0.2212267179,0.21765427270312557
ITIXAM_clean,ITIXAM_clean,4.7164,3.15961,4.70077,1.26249,0.0,0.0,634.783,502.801,0.4728,0.374497,0.0,1,0.0061637223,0.1781257016,0.18029422865512484
IVEQEG_clean,IVEQEG_clean,4.62536,3.17511,4.62536,1.52175,0.0,0.0,530.049,348.315,0.4134,0.27166,0.0,0,0.0051310467,0.1384239788,0.149074760835375
IWOTAQ_clean,IWOTAQ_clean,5.03988,3.11819,5.03988,1.34559,0.0,0.0,604.473,449.225,0.4676,0.347506,0.0,0,0.0060128342,0.1743700416,0.1744154591023748
IXAKAU_clean,IXAKAU_clean,6.35523,5.9549,6.33797,0.780645,2644.49,3387.58,0.0,0.0,0.7136,0.914116,0.0,1,0.0203585168,0.5884657781,0.5901026111427496
IXAMEA_clean,IXAMEA_clean,4.43443,3.24991,4.43165,1.95953,0.0,0.0,498.604,254.451,0.4838,0.246896,0.0,1,0.0058462622,0.1712775493,0.16861226001612484
IXAZEO_clean,IXAZEO_clean,4.95392,4.38313,4.95392,1.49539,968.887,647.917,0.0,0.0,0.4732,0.31644,0.0,1,0.0059809579,0.1788713563,0.1740042479551248
IXEJOM_clean,IXEJOM_clean,15.02825,14.15107,15.02825,0.818993,2120.95,2589.7,0.0,0.0,0.749,0.914537,0.000244202,1,0.0206764555,0.587416345,0.5964296912352509
IXIPAG_clean,IXIPAG_clean,7.26036,3.75863,5.90499,3.37203,985.803,292.347,369.675,109.63,0.5588,0.165716,0.0,1,0.002827934,0.0814762611,0.08415135294450016
IXIPEK_clean,IXIPEK_clean,7.04096,3.63154,5.75307,3.49876,924.617,264.27,341.824,97.6986,0.5428,0.155141,0.0,1,0.0025858515,0.0750241818,0.07612166244325008
IXISAJ_clean,IXISAJ_clean,5.70852,4.41794,5.70852,1.67395,1266.62,756.664,0.0,0.0,0.5296,0.316377,0.0,0,0.0060677217,0.1754649363,0.1767900385021251
IXISOX_clean,IXISOX_clean,5.5699,4.33438,5.5699,1.93342,1150.89,595.258,0.0,0.0,0.516,0.266884,0.0,0,0.0049562591,0.1412081179,0.1466931165211253
IXOFIL_clean,IXOFIL_clean,7.14051,6.67398,7.10365,1.01557,1692.36,1666.42,0.0,0.0,0.624,0.614435,0.0,0,0.0135446879,0.4017872617,0.3955400526955005
IYAJOJ_clean,IYAJOJ_clean,6.96485,4.61788,6.92434,1.17533,1527.18,1299.36,0.0,0.0,0.552,0.469655,0.0,1,0.011042967,0.3217275013,0.31870918609600013
IYAKIE_clean,IYAKIE_clean,7.40162,5.12822,7.38112,0.935395,2309.49,2469.0,0.0,0.0,0.6746,0.721193,0.0,1,0.014653914,0.4374315109,0.4281653789614996
IYEQUA_clean,IYEQUA_clean,4.07083,3.14703,4.06592,1.31059,0.0,0.0,276.61,211.058,0.4676,0.356786,0.0,0,0.002704883,0.0829629155,0.07952505833450015
IYOBAA_clean,IYOBAA_clean,7.42959,4.86526,7.42403,1.59483,1008.69,632.478,0.0,0.0,0.5194,0.325678,0.0,1,0.0045825916,0.1313783679,0.13462724108587434
IYOCOQ_clean,IYOCOQ_clean,8.6676,5.83377,8.6676,1.34426,1726.36,1284.24,0.0,0.0,0.6354,0.472675,0.0,0,0.0088221463,0.2641884267,0.2602183267303748
IYOWID_manual,IYOWID_manual,20.51668,7.7477,20.51668,0.405068,1929.7,4763.89,0.0,0.0,0.822,2.02929,0.0,0,0.0456017633,1.3350010483,1.318928971613507
IYUCEM_clean,IYUCEM_clean,9.38043,8.88789,9.38043,1.09901,1267.7,1153.49,0.0,0.0,0.5774,0.525384,0.0,1,0.0095947983,0.2817404672,0.2801445699498755
IYUHOA_clean,IYUHOA_clean,7.25841,4.65632,7.2501,1.15015,1882.43,1636.69,0.0,0.0,0.5978,0.519759,0.0,0,0.012238107,0.3569124324,0.35671038118925175
IYUJAO_clean,IYUJAO_clean,6.23359,4.26512,6.23359,1.39701,1111.0,795.271,29.8587,21.3733,0.5102,0.365209,0.0,1,0.0061376063,0.1812796181,0.1794344213241255
IZEPAF_clean,IZEPAF_clean,24.1004,7.53546,24.1004,0.570649,1958.05,3431.26,0.0,0.0,0.7816,1.36967,0.0,1,0.0306196559,0.8950699664,0.8878990234824988
IZEWAN_clean,IZEWAN_clean,9.04728,8.48639,9.03641,0.87931,1735.67,1973.9,0.0,0.0,0.6642,0.755365,0.0,1,0.0180274798,0.5180754171,0.520723281478878
IZIHAC_clean,IZIHAC_clean,7.3243,5.53893,7.31909,1.3207,1515.57,1147.55,0.0,0.0,0.5694,0.431134,0.0,1,0.0086849721,0.2538438559,0.25203342680737606
IZISEQ_clean,IZISEQ_clean,4.08842,3.70736,4.08842,1.02254,520.647,509.17,0.0,0.0,0.4678,0.457489,0.0,1,0.0047932146,0.1121716459,0.14165170450637515
ja0752540-file002_clean,ja0752540-file002_clean,8.14433,7.67619,8.14433,1.22499,2017.42,1646.89,0.0,0.0,0.654,0.533883,0.0,0,0.0110913753,0.3145913813,0.31723566473062614
ja076167asi20070815_063752_clean,ja076167asi20070815_063752_clean,6.41846,5.04294,5.80487,0.848014,2489.2,2935.33,0.0,0.0,0.6344,0.748101,0.0,1,0.0161358737,0.4768719636,0.471941823882502
ja109659k_si_002_clean,ja109659k_si_002_clean,11.09415,6.65734,11.09415,1.14966,1274.48,1108.58,493.769,429.493,0.6432,0.559472,0.0,1,0.0136785838,0.4001234721,0.3964004339693755
ja205976v_si_004_clean,ja205976v_si_004_clean,8.87098,7.69354,8.87098,1.40672,1456.52,1035.4,0.0,0.0,0.5566,0.395672,0.0,0,0.0085424758,0.2476356805,0.25006619865824964
ja205976v_si_006_clean,ja205976v_si_006_clean,11.60788,10.85998,11.60788,1.12671,1551.48,1377.0,0.0,0.0,0.6348,0.563411,0.0,1,0.0144726035,0.4285769632,0.4147086757616233
ja302340b_si_002_clean,ja302340b_si_002_clean,8.31134,7.66102,8.31134,1.03479,1409.77,1362.37,116.194,112.287,0.5924,0.572482,0.0,1,0.010426448,0.3061984361,0.30402554083462474
ja302380x_si_003_clean,ja302380x_si_003_clean,6.15862,4.38483,5.85392,1.07794,1748.54,1622.12,0.0,0.0,0.6004,0.556988,0.0,1,0.0110309705,0.3275194261,0.32403885626275103
ja4012707_si_004_clean,ja4012707_si_004_clean,6.17779,4.90836,6.17779,0.978371,2446.9,2500.99,0.0,0.0,0.6772,0.692171,0.0,0,0.0151220778,0.4424539072,0.443282324140498
ja406030p_si_006_manual,ja406030p_si_006_manual,12.36076,7.19983,11.84038,0.687816,2106.83,3063.07,0.0,0.0,0.751,1.09186,0.0,1,0.024129577,0.7059634524,0.6974908346538738
ja406844r_si_002_clean,ja406844r_si_002_clean,11.4181,8.43938,10.92264,0.695103,2221.97,3196.61,0.0,0.0,0.7474,1.07524,0.0,0,0.0259614842,0.7409787645,0.745670687450377
ja500330a_si_006_auto,ja500330a_si_006_auto,12.20585,6.15217,12.20585,0.793444,2143.73,2701.8,0.0,0.0,0.7068,0.8908,0.000252066,0,0.0180793856,0.5540992127,0.5309649548861232
ja500330a_si_007_auto,ja500330a_si_007_auto,19.46238,14.48757,19.44715,0.798895,1320.38,1652.76,18.6426,23.3354,0.7758,0.971091,0.000500691,0,0.0189134039,0.5885720125,0.5435806598901248
ja5111317_ja5111317_si_002_auto,ja5111317_ja5111317_si_002_auto,21.37941,8.74134,21.37941,0.420413,1892.53,4501.6,0.0,0.0,0.8218,1.95474,0.000475722,1,0.0436658509,1.2616648369,1.2814713888758802
ja512437u_si_004_clean,ja512437u_si_004_clean,5.66299,4.65074,5.65798,1.30634,1428.94,1093.85,0.0,0.0,0.5386,0.412296,0.0,1,0.0083430458,0.2429111331,0.24486507340812338
ja5b02777_si_002_clean,ja5b02777_si_002_clean,3.7991,2.89148,3.7991,1.4852,0.0,0.0,236.94,159.535,0.4766,0.3209,0.0,1,0.0045974265,0.1355815736,0.1355683468542501
ja5b02777_si_003_clean,ja5b02777_si_003_clean,3.88,2.93704,3.88,1.46057,0.0,0.0,339.57,232.492,0.4984,0.341238,0.0,1,0.0049457777,0.1504624533,0.14544688391900015
ja5b02777_si_006_clean,ja5b02777_si_006_clean,3.70012,2.88428,3.69529,1.48055,0.0,0.0,189.684,128.118,0.4896,0.330689,0.0,1,0.0044394532,0.1309051597,0.1304708927423756
ja907023c_si_002_clean,ja907023c_si_002_clean,9.7447,5.39631,9.52834,0.66078,1783.63,2699.29,403.357,610.425,0.6912,1.04604,0.0,0,0.0237426472,0.6933485043,0.6918955789063772
JABMEF_clean,JABMEF_clean,4.29453,3.62408,4.28019,1.76637,1054.03,596.719,0.0,0.0,0.558,0.315902,0.0,0,0.0061294455,0.1796697107,0.1774065112348749
jacs.5b12516_ja5b12516_si_003_clean,jacs.5b12516_ja5b12516_si_003_clean,8.53606,6.74383,8.51304,1.39796,1816.6,1299.47,0.0,0.0,0.6282,0.44937,0.0,1,0.0083511998,0.2353079005,0.24582990825974843
JADMAF_clean,JADMAF_clean,5.40649,3.68585,5.39971,1.18993,400.217,336.338,47.5494,39.9599,0.4748,0.399016,0.0,1,0.004003758,0.1177149541,0.11775554858187488
JAVSUV_clean,JAVSUV_clean,5.63959,3.43313,5.63872,1.69188,1126.3,665.708,0.0,0.0,0.4934,0.291628,0.0,0,0.0103163274,0.1893590422,0.1913587292563762
JENKET_SL,JENKET_SL,12.8466,11.09496,12.83423,0.704786,1452.89,2061.46,0.0,0.0,0.6858,0.973062,0.0,1,0.0207018977,0.5947503563,0.6044105210965012
j.inoche.2015.01.025_INC05862-mmc1_clean,j.inoche.2015.01.025_INC05862-mmc1_clean,5.32737,2.69056,5.32598,1.50699,0.0,0.0,553.825,367.505,0.4944,0.328072,0.0,1,0.0047036618,0.1351395407,0.1384866357386246
JIXWUJ02_clean,JIXWUJ02_clean,4.89442,3.8959,4.88243,1.64878,881.814,534.829,0.0,0.0,0.4588,0.278267,0.0,0,0.0036708619,0.1082449348,0.10827436425087437
JIXWUJ_clean,JIXWUJ_clean,4.9428,3.96901,4.93448,1.63196,890.669,545.765,0.0,0.0,0.469,0.287384,0.0,0,0.003635734,0.112249512,0.10793920310199936
JIZWIA_clean,JIZWIA_clean,5.73459,5.3907,5.73388,1.0417,1399.8,1343.76,0.0,0.0,0.5588,0.536429,0.0,0,0.0111294714,0.287562677,0.3255346850854983
JODGEP_clean,JODGEP_clean,4.14327,2.84829,4.0524,2.16342,0.0,0.0,247.583,114.441,0.4784,0.221132,0.0,1,0.0025032233,0.0743361907,0.07285139402449996
JOHFIW_manual,JOHFIW_manual,6.80122,6.39579,6.80122,1.29813,1554.38,1197.39,0.0,0.0,0.5754,0.443252,0.0,0,0.0107184902,0.3106298095,0.3127298762271259
JOJKUQ_clean,JOJKUQ_clean,18.63152,8.76045,18.62188,0.609363,1817.58,2982.76,0.0,0.0,0.7992,1.31153,0.0,0,0.0308384977,0.9030860261,0.8968970606936243
JOKXOW10_clean,JOKXOW10_clean,4.65545,3.95436,4.6545,1.5749,721.126,457.885,0.0,0.0,0.5016,0.318495,0.0,1,0.0030492723,0.0915092618,0.09058168067225005
JOKXOW_clean,JOKXOW_clean,4.65344,3.95436,4.65249,1.5749,718.186,456.019,0.0,0.0,0.5018,0.318622,0.0,1,0.0029824831,0.0898637141,0.08899436192262539
JOKXUC10_clean,JOKXUC10_clean,4.62045,3.87167,4.62045,1.57557,703.325,446.394,0.0,0.0,0.499,0.31671,0.0,1,0.0031191323,0.0892725913,0.09252866351662535
JORRAL_clean,JORRAL_clean,6.90146,4.37137,6.90002,0.999683,1472.23,1472.69,0.0,0.0,0.5752,0.575382,0.0,1,0.0110744884,0.324178959,0.3232451919136244
JOSNAG01_clean,JOSNAG01_clean,4.34391,3.48794,4.33354,1.48639,790.023,531.506,0.0,0.0,0.5002,0.336521,0.0,1,0.0045659884,0.1344656607,0.13036056264349974
JOSNAG_clean,JOSNAG_clean,4.31831,3.47722,4.26587,1.49368,756.727,506.618,0.0,0.0,0.503,0.336751,0.0,1,0.0045659884,0.1320601927,0.13041160250987463
JOTHOP_clean,JOTHOP_clean,4.55914,3.14938,4.55914,2.98889,0.0,0.0,444.4,148.684,0.3704,0.123926,0.0,1,0.0036552374,0.1043420002,0.10570201913087565
JOVROD_clean,JOVROD_clean,4.79644,3.03624,4.79644,0.798989,0.0,0.0,1255.51,1571.37,0.6486,0.811776,0.0,1,0.0104317833,0.3107268306,0.3044345092690019
JOVWOI_clean,JOVWOI_clean,4.43266,3.14601,4.43262,2.07269,0.0,0.0,514.599,248.275,0.399,0.192503,0.0,1,0.0069445338,0.1296747258,0.17092835142112456
jp102463p_si_002_clean,jp102463p_si_002_clean,7.50467,7.0978,7.502,1.02131,1655.17,1620.62,0.0,0.0,0.6276,0.614502,0.0,0,0.0134083469,0.3933155439,0.39143784664612474
JUCGUL_clean,JUCGUL_clean,6.1601,4.88151,6.1601,0.959179,1807.63,1884.57,0.0,0.0,0.5894,0.614484,0.0,1,0.0124612092,0.3620396892,0.36615033891600013
JUCXEK_clean,JUCXEK_clean,7.06758,6.25925,7.06758,2.58085,1392.56,539.574,0.0,0.0,0.5948,0.230467,0.0,1,0.0040025141,0.1198473884,0.11821296899350014
JUGLAA_clean,JUGLAA_clean,4.55135,3.34716,4.55135,1.4234,344.591,242.09,115.328,81.0227,0.4036,0.283546,0.0,0,0.0034380266,0.1022335484,0.1003736323817503
JUQVAU_clean,JUQVAU_clean,7.11924,4.2578,6.73222,1.25075,1718.51,1373.98,0.35167,0.281167,0.5804,0.464042,0.0,1,0.0098786355,0.292449851,0.28817880518099925
JUSBAC_clean,JUSBAC_clean,5.9515,3.58022,5.94467,1.69538,782.353,461.462,0.0,0.0,0.4474,0.263894,0.0,1,0.0043211988,0.1258862177,0.1258350438615002
JUSKAL_clean,JUSKAL_clean,5.98148,5.50358,5.98148,1.39089,683.78,491.614,0.0,0.0,0.4456,0.320371,0.0,1,0.0038730499,0.1117032004,0.11398365962737504
KABNIL_clean,KABNIL_clean,4.822,3.60721,4.822,1.40695,1317.06,936.108,0.0,0.0,0.5446,0.387078,0.0,1,0.0072995187,0.2214864412,0.2130307852496255
KADLUZ_clean,KADLUZ_clean,14.27976,9.75466,14.27887,0.875377,1931.83,2206.85,0.0,0.0,0.6958,0.794857,0.0,1,0.0173236316,0.5003734397,0.5050531168092498
KAHNOX_clean,KAHNOX_clean,6.67271,5.40663,6.66794,1.08519,2578.11,2375.72,0.0,0.0,0.741,0.682828,0.0,1,0.0118829498,0.3416685162,0.3470600206967502
KAHYID_clean,KAHYID_clean,8.93039,4.11514,8.89727,1.11173,2249.06,2023.03,0.0,0.0,0.7014,0.630911,0.0,1,0.013101804,0.3835537617,0.3812924058654992
KALFEK_clean,KALFEK_clean,6.54196,4.56831,6.52391,0.938074,1723.71,1837.5,0.0,0.0,0.6008,0.640461,0.0,0,0.013536653,0.3892118255,0.3958514603627487
KANDIO_clean,KANDIO_clean,6.34814,4.18035,6.34814,1.16715,1258.72,1078.45,0.0,0.0,0.5426,0.464892,0.0,1,0.0090172538,0.2578549017,0.26406507855150063
KARNID_clean,KARNID_clean,13.04357,6.77607,13.04357,0.899644,2279.39,2533.66,0.0,0.0,0.69,0.76697,0.0,1,0.0182433469,0.5374884822,0.5345782738355019
KASRAZ_clean,KASRAZ_clean,6.01546,4.14091,6.00986,0.986437,2302.7,2334.36,0.0,0.0,0.6452,0.654071,0.0,1,0.0145137078,0.4202333617,0.4216784281867516
KASRED_clean,KASRED_clean,7.65199,6.36839,7.38295,0.889824,2356.91,2648.74,0.0,0.0,0.6808,0.765095,0.0,1,0.0172547574,0.4985239722,0.4990452767693722
KAVJEX_clean,KAVJEX_clean,8.73636,5.24821,8.73636,1.1563,1804.89,1560.92,0.0,0.0,0.605,0.523221,0.0,0,0.0102314155,0.2869675741,0.298208456983875
KEBFII_clean,KEBFII_clean,5.16866,4.1674,5.16866,1.42464,1443.53,1013.26,0.0,0.0,0.5604,0.393361,0.0,1,0.0063714687,0.1851404261,0.1889051934456255
KEDJAG03_clean,KEDJAG03_clean,5.73609,4.60094,5.73609,1.03985,3094.03,2975.45,0.0,0.0,0.6998,0.672979,0.0,0,0.0141789669,0.4169863231,0.4146476312498775
KEDJAG04_clean,KEDJAG04_clean,5.58759,4.3837,5.56019,1.07026,3013.15,2815.34,0.0,0.0,0.6894,0.644141,0.0,0,0.0134020099,0.39876478,0.3949040496465006
KEDJAG08_clean,KEDJAG08_clean,5.61357,4.40385,5.61357,1.06606,3021.96,2834.71,0.0,0.0,0.6918,0.648934,0.0,0,0.0136516747,0.3988946057,0.4005583024851258
KEDJAG20_clean,KEDJAG20_clean,5.67593,4.5303,5.67504,1.05131,3067.91,2918.19,0.0,0.0,0.6962,0.662224,0.0,0,0.0140631224,0.406160853,0.40985221347750206
KEDJAG_clean,KEDJAG_clean,5.61338,4.40406,5.55816,1.06606,3021.98,2834.73,0.0,0.0,0.6918,0.648934,0.0,0,0.0135997444,0.4000230911,0.400476303010001
KEDQAN_clean,KEDQAN_clean,6.47084,4.69781,6.47084,1.24227,903.446,727.254,0.0,0.0,0.4856,0.390897,0.0,0,0.0059867878,0.1732962115,0.17606687383862574
KEGZOL02_clean,KEGZOL02_clean,5.90632,4.48545,5.90632,0.991222,2611.36,2634.48,0.0,0.0,0.7042,0.710436,0.0,0,0.0134364335,0.3962843901,0.39603304053575067
KEGZOL03_clean,KEGZOL03_clean,6.38762,4.90333,6.38762,0.985223,2558.92,2597.3,0.0,0.0,0.7104,0.721055,0.0,0,0.0141755069,0.4097168501,0.4127127828925014
KEHDOS_clean,KEHDOS_clean,4.08176,3.30481,3.94024,1.47581,0.0,0.0,332.473,225.282,0.451,0.305596,0.0,1,0.0028390942,0.0827749687,0.08349427631637556
KEHFUA_clean,KEHFUA_clean,4.97412,3.92327,4.96359,1.11198,578.781,520.497,332.856,299.337,0.5476,0.492456,0.0,1,0.0069419902,0.2038368983,0.20313769343462504
KEJHIQ_clean_h,KEJHIQ_clean_h,5.28754,3.98518,5.28525,1.29873,1052.26,810.224,0.0,0.0,0.5454,0.41995,0.0,1,0.0077742,0.2235560976,0.22855150187249962
KEPPIF_clean,KEPPIF_clean,7.58494,5.23607,7.09943,1.25981,2380.78,1889.8,0.0,0.0,0.6804,0.540084,0.0,1,0.0115099584,0.3406507399,0.32286763231287396
KEWBUL_clean,KEWBUL_clean,5.54329,4.14541,5.54329,1.48949,971.772,652.421,0.0,0.0,0.4996,0.335418,0.0,1,0.0050234696,0.1486630796,0.14628949869987473
KEWZET_clean,KEWZET_clean,6.38285,4.89652,6.37584,1.09177,1385.23,1268.79,0.0,0.0,0.5274,0.483068,0.0,1,0.0097591774,0.2900861817,0.2845642288648768
KEXFIC10_clean,KEXFIC10_clean,4.89247,3.74563,4.89153,1.59304,659.951,414.272,0.0,0.0,0.4988,0.313112,0.0,1,0.0029502401,0.0839778201,0.08644461000462494
KEXPOU_clean,KEXPOU_clean,4.06064,2.7409,3.99156,1.33962,0.0,0.0,510.908,381.381,0.4994,0.372791,0.0,1,0.0044303495,0.129133264,0.12854253535825041
KIDDIM_clean,KIDDIM_clean,5.26498,3.54235,5.26498,1.46293,1254.88,857.787,0.054983,0.0375841,0.5414,0.370079,0.0,1,0.0071037268,0.2059572884,0.2085769318078748
KIDDOS_clean,KIDDOS_clean,5.1988,3.52628,5.1988,1.34479,1175.14,873.846,0.0,0.0,0.5262,0.391287,0.0,1,0.0076825955,0.2212957243,0.22583757453899975
KINRIK_clean,KINRIK_clean,9.88966,4.92572,9.88966,1.29557,1990.08,1536.07,0.0,0.0,0.6774,0.52286,0.0,1,0.008701656,0.2540484918,0.25484917236249893
KISVEO_clean,KISVEO_clean,12.37009,6.46344,11.80655,2.21622,1903.3,858.806,0.0,0.0,0.6734,0.303851,0.0,1,0.0067170416,0.2004182147,0.19442619008462497
KIVFAY_clean,KIVFAY_clean,6.23242,4.28797,6.23242,1.46353,1355.07,925.895,0.0,0.0,0.5256,0.359132,0.0,1,0.0069606386,0.2047569713,0.20262707460362572
KIXKOS_ion_b,KIXKOS_ion_b,8.14141,2.84709,8.12807,1.42721,0.0,0.0,964.191,675.577,0.4674,0.327492,0.0,1,0.0056437737,0.1703896183,0.16509570067925053
KIYMAI01_clean,KIYMAI01_clean,3.96338,2.94053,3.95389,1.3163,0.0,0.0,708.711,538.412,0.5024,0.381676,0.0,1,0.0075838974,0.2168638622,0.22027182542187515
KOBFIR_clean,KOBFIR_clean,7.61968,5.81939,7.61968,0.929894,1834.94,1973.28,0.0,0.0,0.6418,0.690186,0.0,0,0.0154515353,0.4400735294,0.4446823976353727
KOBRAV01_clean,KOBRAV01_clean,6.38674,3.78902,6.38674,1.36238,822.472,603.704,0.0,0.0,0.4712,0.345866,0.0,1,0.0044580201,0.1305311343,0.13279077407062506
KOFPEB02_clean,KOFPEB02_clean,7.34058,5.07386,7.34058,1.77151,892.32,503.707,0.0,0.0,0.46,0.259666,0.0,0,0.0037683478,0.1122359087,0.11001257104662486
KOFPEB_clean,KOFPEB_clean,7.31754,5.12695,7.31754,1.78125,881.099,494.651,0.0,0.0,0.4574,0.256786,0.0,0,0.0036410762,0.1106865144,0.10804084679449934
KOHKOI_clean,KOHKOI_clean,9.75224,7.03631,9.74499,0.882485,1556.94,1764.27,99.8155,113.107,0.639,0.724092,0.0,1,0.015540125,0.458114024,0.4588667325274999
KOJZIT_clean,KOJZIT_clean,16.19567,14.7503,16.19567,0.506406,2424.91,4788.47,0.0,0.0,0.7912,1.56238,0.0,1,0.0340994822,0.9905232905,0.9918637969140053
KOKKOL_clean,KOKKOL_clean,5.52004,3.68761,5.13882,1.35428,964.882,712.469,2.40449,1.77548,0.5008,0.369791,0.0,1,0.0070307147,0.209625842,0.2055811831175005
KOMVIT_clean,KOMVIT_clean,5.90535,4.58324,5.82203,1.08467,916.631,845.08,0.0,0.0,0.4426,0.408051,0.0,1,0.0067791936,0.1964873238,0.1883944175937498
KORNAI_clean,KORNAI_clean,6.27152,3.95758,6.27152,1.38102,999.488,723.73,0.0,0.0,0.4722,0.34192,0.0,1,0.0051937375,0.1561985936,0.15284746170137511
KOSJOT_clean,KOSJOT_clean,11.15761,9.87899,11.15761,1.18127,1568.08,1327.45,0.0,0.0,0.6374,0.539589,0.0,1,0.0132458054,0.3943040517,0.38874630618674916
KOSKIO_clean,KOSKIO_clean,11.01742,9.84741,11.01742,1.18828,1532.31,1289.52,0.0,0.0,0.6324,0.5322,0.0,1,0.0132582712,0.3850704529,0.38711517129849876
KOSLIP_clean,KOSLIP_clean,11.047,9.74411,11.047,1.19777,1578.73,1318.05,0.0,0.0,0.6514,0.543843,0.0,1,0.0129647804,0.3874274139,0.3799572851171243
KOSLUB_clean,KOSLUB_clean,10.96072,9.79504,10.96072,1.20031,1612.87,1343.71,0.0,0.0,0.6478,0.539695,0.0,1,0.0130147204,0.3823281828,0.3828338545516244
KOVJAI01_clean,KOVJAI01_clean,4.82969,3.81832,4.82273,1.56913,1845.61,1176.2,0.0,0.0,0.5908,0.376513,0.0,1,0.0072443932,0.2167736447,0.21514145004125063
KOZNIY_clean,KOZNIY_clean,6.57194,5.24744,6.52017,1.04618,2076.22,1984.58,0.0,0.0,0.6344,0.606399,0.0,1,0.0115840065,0.3461996611,0.33833710090162517
KUCDOD_clean,KUCDOD_clean,4.90891,3.62196,4.90891,1.35907,1386.6,1020.26,0.0,0.0,0.5556,0.40881,0.0,1,0.0081643468,0.2490606726,0.23960165157575095
KUKPOX_clean,KUKPOX_clean,5.10165,4.15013,5.10165,1.44975,1410.84,973.163,0.0,0.0,0.5516,0.38048,0.0,1,0.006800377,0.1985613009,0.19967166248849988
KUNLEL_clean,KUNLEL_clean,4.42814,3.33271,4.3665,1.44273,471.865,327.064,0.0,0.0,0.4994,0.346149,0.0,1,0.0035352741,0.1063243464,0.10462807106900017
KUNSUJ_clean,KUNSUJ_clean,17.88791,6.52688,17.88791,0.635531,1938.63,3050.41,0.0,0.0,0.7634,1.2012,0.0,1,0.0281886118,0.8116943541,0.8053277985884998
KUTRUO_clean,KUTRUO_clean,6.83473,3.59668,6.83473,1.18846,813.826,684.776,8.77654,7.38483,0.5106,0.429633,0.0,0,0.0060947751,0.1773281964,0.1784921035626251
KUVMUL_clean,KUVMUL_clean,6.75392,4.07419,6.69615,0.89776,1801.49,2006.65,0.0,0.0,0.591,0.658305,0.0,1,0.0111755978,0.3290915019,0.32750248724600034
KUVYAD_clean,KUVYAD_clean,7.7679,4.64075,7.76059,0.97417,2004.06,2057.19,0.0,0.0,0.6464,0.663539,0.0,1,0.014468304,0.4212426494,0.421555759771625
KUXREC_clean,KUXREC_clean,9.08968,8.2956,9.08968,0.720728,2297.66,3187.98,0.0,0.0,0.7352,1.02008,0.0,1,0.0233984851,0.6788582155,0.6773774967510002
LABNAG_clean,LABNAG_clean,10.27364,5.56329,10.24469,1.27911,1762.02,1377.54,0.0,0.0,0.6464,0.505353,0.0,0,0.0098190898,0.287086408,0.28671956647612457
LABPOV_clean,LABPOV_clean,5.38943,3.83465,5.38943,1.71242,444.245,259.426,0.0,0.0,0.4352,0.254144,0.0,1,0.0017230079,0.0523026953,0.051588859629125204
LABPUB_clean,LABPUB_clean,5.35903,3.85156,5.35903,1.74047,449.583,258.311,0.0,0.0,0.4336,0.249128,0.0,1,0.0017373864,0.0510075765,0.05181917618550003
LACJAC_clean,LACJAC_clean,4.56325,3.36486,4.5467,1.59158,616.143,387.126,0.0,0.0,0.461,0.289649,0.0,1,0.0037525533,0.1095409965,0.10803306280312441
LADQEP_clean,LADQEP_clean,6.40577,5.56715,6.25288,1.14819,702.645,611.957,670.065,583.581,0.5642,0.49138,0.0,1,0.0092669028,0.2721252064,0.27128726360237476
LADQOZ_clean,LADQOZ_clean,6.39416,5.57332,6.29797,1.14467,684.064,597.606,672.069,587.128,0.5646,0.493241,0.0,1,0.0091942981,0.2704111776,0.2705028827616243
LAFFEG02_clean,LAFFEG02_clean,5.85231,3.84033,5.85188,1.01925,1457.17,1429.65,0.0,0.0,0.5954,0.584153,0.0,1,0.0102112308,0.3039207372,0.3009833806353743
LAGDII_ion_b,LAGDII_ion_b,7.42765,5.89687,7.42765,1.85675,752.998,405.546,104.015,56.0201,0.501,0.269826,0.0,1,0.0036653038,0.1096725424,0.10813510863774961
LAGHIL_clean,LAGHIL_clean,4.99697,4.10291,4.99697,1.2735,911.527,715.766,0.0,0.0,0.5088,0.399529,0.0,1,0.0066121841,0.1928838738,0.19393414504899983
LAGNOY_clean,LAGNOY_clean,7.14061,4.94756,7.14061,1.20532,1458.34,1209.92,0.0,0.0,0.5588,0.463613,0.0,1,0.0106566988,0.3070733656,0.3087913725381246
LAGQOB_clean,LAGQOB_clean,4.89671,3.9272,4.87864,1.32887,1753.02,1319.17,0.0,0.0,0.599,0.450758,0.0,1,0.0088547363,0.2697137291,0.261255660035376
LAGTIY_clean,LAGTIY_clean,8.49333,5.93464,8.49333,1.13024,2517.32,2227.25,0.0,0.0,0.7308,0.646591,0.0,1,0.0151135383,0.444497587,0.4375824666427489
LAGVOG_clean,LAGVOG_clean,7.38705,6.71212,7.38296,0.935187,2320.11,2480.9,0.0,0.0,0.6728,0.719428,0.0,1,0.0164779097,0.4886631254,0.47780049186737633
LAGWEX_clean_h,LAGWEX_clean_h,6.67772,5.77243,6.67772,1.37946,1565.15,1134.61,0.0,0.0,0.5916,0.428865,0.0,1,0.0090641532,0.2654733429,0.26370891574824984
LAJJAK_clean,LAJJAK_clean,5.2622,3.52522,5.24789,1.1695,1542.33,1318.79,0.0,0.0,0.5992,0.512354,0.0,0,0.0095052651,0.2811512602,0.2784837162263749
LAMFOU_clean,LAMFOU_clean,4.69194,4.00507,4.69151,1.56242,721.999,462.102,0.0,0.0,0.5042,0.322704,0.0,1,0.0031517592,0.0910175551,0.09295570565075031
LARPEC_clean,LARPEC_clean,7.01725,4.86799,6.99499,1.23133,2027.11,1646.27,0.0,0.0,0.6304,0.511965,0.0,1,0.0122744556,0.3457448938,0.3595815671198767
LATYOX_clean,LATYOX_clean,8.43825,7.66991,8.43825,0.899517,1548.12,1721.06,0.0,0.0,0.606,0.673695,0.0,0,0.0123396934,0.3715947038,0.36149338884412474
LAVSUY_clean,LAVSUY_clean,6.88683,6.50841,6.88683,1.28067,1607.28,1255.03,0.0,0.0,0.5652,0.441333,0.0,0,0.0106269995,0.3159831904,0.3072842563746237
LAVTEJ_clean,LAVTEJ_clean,6.93182,6.57314,6.93182,1.58977,1549.61,974.742,0.0,0.0,0.5672,0.356782,0.0,0,0.0084716222,0.248087598,0.2477472997411264
LAWHUP_clean,LAWHUP_clean,10.46029,3.75562,10.46029,1.55256,1336.79,861.022,0.0,0.0,0.5416,0.348844,0.0,0,0.0077354408,0.2250666808,0.2243302736664997
LEDLAJ_clean,LEDLAJ_clean,6.91296,3.51033,6.91296,1.15045,885.224,769.461,0.0,0.0,0.496,0.431137,0.0,1,0.0056707435,0.169901672,0.16671201962037543
LEJCAE_clean,LEJCAE_clean,5.15076,4.65327,5.14771,1.13486,3020.72,2661.76,0.0,0.0,0.7162,0.631093,0.0,1,0.0119127752,0.3516784316,0.3474829064988749
LELMIA01_clean,LELMIA01_clean,5.7573,4.86083,5.74121,1.47804,1284.35,868.952,0.0,0.0,0.5138,0.347622,0.0,1,0.0081358187,0.2348573277,0.2364025448530002
LELMIA_clean,LELMIA_clean,5.90205,5.05463,5.89889,1.44105,1311.25,909.93,0.0,0.0,0.5386,0.373756,0.0,1,0.0082554394,0.248864257,0.24286715030037573
LENGAO_clean,LENGAO_clean,9.03703,6.62918,8.94738,0.968421,1920.56,1983.18,0.0,0.0,0.6764,0.698457,0.0,1,0.0148619376,0.4372423167,0.4359830989408746
LEQVIN_clean,LEQVIN_clean,4.74953,2.67924,4.74953,1.90009,0.0,0.0,835.262,439.591,0.4584,0.241252,0.0,0,0.00656296,0.1916830298,0.1539969574590008
LERNEC01_clean,LERNEC01_clean,4.91469,2.64138,4.91469,1.77237,0.0,0.0,534.292,301.456,0.4094,0.23099,0.0,0,0.0031131897,0.0906343818,0.09002817225537486
LETDUK_clean,LETDUK_clean,7.09435,6.39708,7.09435,1.10433,2376.79,2152.25,0.0,0.0,0.6948,0.62916,0.0,1,0.0126643033,0.3725758907,0.37448852142899897
LETPOR_clean,LETPOR_clean,11.06769,10.6456,11.06769,1.31092,1583.35,1207.82,0.0,0.0,0.6774,0.516738,0.0,1,0.0101630414,0.2936311761,0.29627540763674987
LETRAF_clean,LETRAF_clean,26.75898,26.49317,26.74189,0.733819,1149.99,1567.13,0.0,0.0,0.828,1.12834,0.0,1,0.0232384467,0.6672196331,0.6849220651931315
LETVUB_clean,LETVUB_clean,4.95946,3.1555,4.94348,1.17728,0.0,0.0,390.778,331.934,0.4856,0.412478,0.0,0,0.0036843472,0.1062209313,0.10957580689237499
LEVBAQ_clean,LEVBAQ_clean,5.71097,4.52955,5.6806,2.00382,1507.28,752.202,0.0,0.0,0.5374,0.268188,0.0,1,0.006695787,0.1953183081,0.19049174187312523
LEVNOQ01_clean,LEVNOQ01_clean,5.76478,3.88293,5.76079,0.975082,1366.72,1401.64,0.0,0.0,0.5706,0.585182,0.0,1,0.0121060356,0.354072534,0.35474910729287584
LEVPAF_clean,LEVPAF_clean,9.99333,8.10197,9.99333,0.81142,1805.64,2225.28,0.0,0.0,0.6764,0.833601,0.0,1,0.0156303124,0.4513511575,0.4586771492958777
LIBJAJ_clean,LIBJAJ_clean,3.31921,2.8984,3.31793,1.26255,0.0,0.0,0.0,0.0,0.4284,0.339313,0.0,1,0.0026885077,0.0801628829,0.0780335841761249
LIBQIY_clean,LIBQIY_clean,9.48211,4.09783,9.48211,1.10251,2123.81,1926.34,0.0,0.0,0.703,0.637636,0.0,1,0.0131698487,0.3833496078,0.38173685431449916
LIFSEA_clean,LIFSEA_clean,5.51731,3.61848,5.51731,1.29733,1177.02,907.264,0.0,0.0,0.5102,0.393268,0.0,0,0.006342159,0.1854759586,0.18791878810662532
LIQCUK_clean,LIQCUK_clean,7.72615,5.77662,7.72615,1.17897,1310.88,1111.88,0.0,0.0,0.5728,0.485847,0.0,1,0.0073721369,0.222409766,0.2185548058766256
LITCUO_clean,LITCUO_clean,5.34738,3.24586,5.34067,1.05342,0.0,0.0,1060.75,1006.96,0.5662,0.537486,0.0,1,0.0086560763,0.2517507116,0.25686077266562435
LITHUR_clean,LITHUR_clean,5.86756,4.66068,5.8615,1.85218,2577.81,1391.77,0.0,0.0,0.691,0.373074,0.0,0,0.0065819515,0.192926699,0.18858778873349924
LIVKUW_clean,LIVKUW_clean,4.3311,3.139,4.32983,2.05682,0.0,0.0,425.578,206.91,0.4698,0.228411,0.0,1,0.0044775821,0.1314141188,0.13190079066212468
LIVTIT_clean,LIVTIT_clean,5.03218,4.49412,5.03218,0.873833,1850.2,2117.34,0.0,0.0,0.6576,0.752547,0.0,1,0.0142072986,0.4206885855,0.4151557278385
LIWFOM_clean,LIWFOM_clean,5.43362,4.03441,5.43362,2.15039,700.892,325.936,0.0,0.0,0.4398,0.204521,0.0,1,0.0030957534,0.090224328,0.09070944766775021
LIWVIY_clean,LIWVIY_clean,5.89138,4.8352,5.89138,1.26516,1787.77,1413.07,0.0,0.0,0.6376,0.503967,0.0,1,0.0094413432,0.2762391872,0.27522703518387637
LOGXEM_clean,LOGXEM_clean,11.7072,8.5205,11.7072,1.40177,1826.91,1303.29,0.0,0.0,0.6678,0.476399,0.0,0,0.0086466617,0.2520766027,0.25584736316537526
LOJNAA_clean,LOJNAA_clean,4.81582,2.75514,4.78314,1.60964,0.0,0.0,427.026,265.292,0.4538,0.281926,0.0,1,0.0029160522,0.0867280049,0.08687826249187502
LOMMEH_clean,LOMMEH_clean,5.50313,2.7686,5.50313,1.67175,0.0,0.0,169.951,101.66,0.4066,0.243218,0.0,0,0.0013499652,0.0419044033,0.04061451348412489
LOMMIL_clean,LOMMIL_clean,5.4461,2.68608,5.4461,1.51016,0.0,0.0,162.546,107.635,0.4028,0.266727,0.0,0,0.0014139397,0.0437530048,0.041728319473875175
LOMMOR_clean,LOMMOR_clean,5.44276,2.69196,5.4088,1.50886,0.0,0.0,168.651,111.773,0.408,0.270402,0.0,0,0.0015097295,0.0440216325,0.04557840908687476
LONVAN_clean,LONVAN_clean,10.90817,9.80221,10.908,1.08454,1586.63,1462.95,0.0,0.0,0.6414,0.591401,0.0,1,0.0141182862,0.4066143858,0.4126410981344994
LOQSUG_clean,LOQSUG_clean,4.66198,2.98032,4.6614,1.33143,0.0,0.0,361.474,271.494,0.4544,0.341288,0.0,0,0.0037009861,0.1081624296,0.10816545383487483
LORRUH_clean,LORRUH_clean,6.15081,3.36993,6.15081,1.38382,906.777,655.273,0.0,0.0,0.48,0.346867,0.0,1,0.0047875236,0.1476411187,0.14060173562112493
LOSBOM_clean,LOSBOM_clean,6.43284,5.09662,6.26908,0.76383,2342.39,3066.64,0.0,0.0,0.6748,0.883443,0.0,1,0.0227945542,0.6513670657,0.6618934597128739
LOSXIC_clean,LOSXIC_clean,6.03462,5.83771,6.03429,1.10745,2163.31,1953.42,0.0,0.0,0.6146,0.554971,0.0,0,0.0134393627,0.3930726135,0.390303314707627
LUCDIW_clean,LUCDIW_clean,8.52461,6.17272,8.52461,0.822543,2288.73,2782.5,0.0,0.0,0.7208,0.876306,0.0,1,0.0200868167,0.5771473311,0.5859155308708756
LUFQUZ_clean,LUFQUZ_clean,4.20915,3.71253,4.20915,1.48805,761.664,511.852,0.0,0.0,0.4716,0.316924,0.0,1,0.0058755318,0.170273248,0.17084611166287447
LUKRIS_clean,LUKRIS_clean,5.16354,4.10534,5.03617,1.38895,415.25,298.967,0.0,0.0,0.404,0.290867,0.0,1,0.0027719588,0.0792410206,0.08041262981687465
LULHUW_clean,LULHUW_clean,4.08097,3.25892,4.06963,1.25703,0.0,0.0,690.806,549.555,0.5334,0.424334,0.0,1,0.0070301325,0.2044240773,0.20618598557725107
LULVOF_clean,LULVOF_clean,5.17234,3.93529,5.17234,1.20763,463.383,383.712,171.595,142.093,0.474,0.392504,0.0,0,0.0050792616,0.1484139142,0.1484629895197498
LULWUL_clean,LULWUL_clean,3.64523,3.2818,3.64523,1.41495,0.0,0.0,243.003,171.739,0.3778,0.267005,0.0,1,0.0048049921,0.1372829827,0.14092767706362527
LUNWEW_clean,LUNWEW_clean,5.21025,3.12517,5.06871,1.32697,0.0,0.0,1025.22,772.605,0.5554,0.418548,0.0,1,0.006110584,0.1843890544,0.1789897922827503
LUSHOX01_clean,LUSHOX01_clean,5.25442,4.88912,5.25442,1.20931,1317.3,1089.3,0.0,0.0,0.5332,0.440913,0.0,1,0.0093901544,0.2691649038,0.27493462779675154
LUZBOY_clean,LUZBOY_clean,6.14636,4.66385,6.14509,0.864953,1863.69,2154.67,0.0,0.0,0.6302,0.728594,0.0,0,0.013735714,0.405320558,0.4036589005796245
LUZJAT_clean,LUZJAT_clean,8.19723,7.01697,8.18474,1.37403,1823.93,1327.44,0.0,0.0,0.6136,0.44657,0.0,1,0.0102612537,0.298623371,0.2993990372872493
MADVUJ_clean,MADVUJ_clean,5.32382,4.69426,5.32382,1.65668,675.478,407.729,0.0,0.0,0.418,0.252311,0.0,0,0.002996419,0.0893209682,0.08681097667037455
MADWAQ_clean,MADWAQ_clean,5.18677,4.51055,5.17631,1.52314,635.031,416.921,0.0,0.0,0.412,0.270493,0.0,0,0.0032486493,0.0934205862,0.09610022918800042
MAGNEQ01_clean,MAGNEQ01_clean,5.36278,4.15643,5.36278,1.09674,2370.15,2161.08,0.0,0.0,0.672,0.612723,0.0,1,0.0112454222,0.3285635195,0.3312902976856245
MAGNEQ_clean,MAGNEQ_clean,5.32617,4.14354,5.3111,1.10004,2360.03,2145.41,0.0,0.0,0.6692,0.608342,0.0,1,0.0111482061,0.3264066771,0.3251130487188752
MAGVOG16_clean,MAGVOG16_clean,3.75593,3.07694,3.75593,1.78283,0.0,0.0,198.818,111.518,0.535,0.300085,0.0,1,0.0017033814,0.0514801578,0.05075956331662486
MAGVOG29_clean,MAGVOG29_clean,3.632,3.03778,3.632,1.79915,0.0,0.0,114.827,63.8229,0.5284,0.293695,0.0,1,0.0014404323,0.0436776783,0.04319655754562521
MAHCOQ_clean,MAHCOQ_clean,18.83938,7.96401,18.83938,0.527426,2147.45,4071.57,0.0,0.0,0.8002,1.51718,0.0,1,0.0364110653,1.0616037059,1.0476458535937454
MAKFOW_clean,MAKFOW_clean,8.33236,6.80185,8.33236,1.32055,1504.03,1138.94,0.0,0.0,0.578,0.437696,0.0,0,0.0088792365,0.2673120864,0.26133305421362496
MALRUP_clean,MALRUP_clean,16.92414,16.84411,16.92414,0.675419,1334.6,1975.96,0.0,0.0,0.764,1.13115,0.0,1,0.0271307916,0.7888355278,0.7868914009286206
MALSEA_clean,MALSEA_clean,16.90358,16.82254,16.90358,0.671459,1350.93,2011.93,0.0,0.0,0.767,1.14229,0.0,1,0.0272137137,0.7900575374,0.7877516621718695
MAPCIP_clean,MAPCIP_clean,9.53742,5.44759,9.32696,1.58248,1828.68,1155.58,0.0,0.0,0.6098,0.385344,0.0,0,0.0100464157,0.2971850066,0.2906122975360013
MAPFIS_clean,MAPFIS_clean,5.59771,4.30891,5.54289,1.06696,1494.67,1400.87,0.0,0.0,0.5474,0.513047,0.0,1,0.0095682566,0.28606151,0.280243639122877
MAQRAA_clean,MAQRAA_clean,6.97366,6.05295,6.96579,1.20561,1541.67,1278.75,0.0,0.0,0.5886,0.488218,0.0,1,0.0108174516,0.3096979432,0.3150469854746248
MARJAQ_clean,MARJAQ_clean,10.63499,10.4191,10.6339,1.83144,1181.22,644.965,1.00954,0.551229,0.5826,0.31811,0.0,1,0.0088375808,0.2641773627,0.25383488432737444
MARXEK_clean,MARXEK_clean,6.80849,6.42208,6.80849,1.6895,1568.88,928.61,0.0,0.0,0.5668,0.335485,0.0,0,0.0081279479,0.2409158848,0.23818751500187413
MATPUV_clean,MATPUV_clean,8.96945,4.59437,8.96945,1.16708,1604.04,1374.41,0.0,0.0,0.584,0.500396,0.0,1,0.0108315436,0.3124731998,0.3157251463137494
MAVNUU_manual,MAVNUU_manual,7.52328,6.25675,7.49475,1.00896,1346.7,1334.73,0.0,0.0,0.5494,0.544519,0.0,1,0.0108676988,0.3201005441,0.31745475108599897
MAWFEY_clean,MAWFEY_clean,8.76979,6.5651,8.76979,1.23234,2527.32,2050.83,0.36923,0.299617,0.7208,0.584904,0.0,1,0.0129729389,0.3784094697,0.37952537436962613
MAWVAK_clean,MAWVAK_clean,5.70954,5.40047,5.70954,0.993165,1765.23,1777.38,0.0,0.0,0.616,0.620239,0.0,1,0.0109643931,0.3329045878,0.3255647780030001
MAYGAU_clean,MAYGAU_clean,4.36117,2.74007,4.30735,1.7533,0.0,0.0,854.122,487.15,0.4854,0.276849,0.0,0,0.0050986195,0.149316056,0.14868890929037545
MAZYER_clean,MAZYER_clean,4.43636,3.24332,4.39078,1.94597,0.0,0.0,377.647,194.066,0.3434,0.176467,0.0,0,0.0034589922,0.1024330371,0.1006091416485002
MECVIA_clean,MECVIA_clean,10.80775,2.64192,10.80775,1.17536,0.0,0.0,1779.95,1514.39,0.6924,0.589096,0.0,0,0.0129245786,0.3786015937,0.3753009477073757
MEGBAD_clean,MEGBAD_clean,9.5163,5.76215,9.5163,0.851407,2206.78,2591.93,0.0,0.0,0.6808,0.799618,0.0,1,0.0178052563,0.5167609311,0.5189389130940004
MEJMOE_clean,MEJMOE_clean,13.36085,7.20564,12.38159,0.61631,2232.14,3621.79,0.0,0.0,0.8056,1.30713,0.0,0,0.0298475642,0.8495370227,0.882683976833377
MEJZIM_clean,MEJZIM_clean,5.3333,3.56234,5.2261,1.69384,503.361,297.172,49.7521,29.3724,0.4348,0.256695,0.0,1,0.003038684,0.0865973435,0.08911952823462509
MEKDUC_clean,MEKDUC_clean,4.94918,3.68888,4.93711,1.45476,795.928,547.119,0.0,0.0,0.4866,0.334488,0.0,0,0.0053713478,0.1566401221,0.155172104574388
MEQHUL01_clean,MEQHUL01_clean,6.0116,4.19513,6.00621,2.27118,1170.18,515.23,0.0,0.0,0.5276,0.232302,0.0,1,0.0043061933,0.1240811242,0.12612308639375022
MIBMER_clean,MIBMER_clean,8.80758,7.78405,8.80758,0.713822,2198.53,3079.94,0.0,0.0,0.7072,0.990723,0.0,1,0.0226554668,0.6495379952,0.6602038865878741
MICNOC_clean,MICNOC_clean,4.78165,2.89559,4.76167,1.0648,0.0,0.0,900.042,845.267,0.5808,0.545454,0.0,1,0.0078846434,0.2341422752,0.23165803784275016
MICPEU_clean,MICPEU_clean,5.12907,2.95204,5.12235,1.0587,0.0,0.0,1035.09,977.702,0.5792,0.547087,0.0,1,0.0086425415,0.2544535889,0.2569766092066247
MIFGEP01_clean,MIFGEP01_clean,5.99775,4.93271,5.97758,1.0207,1831.3,1794.17,0.0,0.0,0.5916,0.579605,0.0,1,0.0118567203,0.3488448741,0.3464925952619986
MIFKUJ_clean,MIFKUJ_clean,6.05079,4.58023,5.97678,0.91647,1939.38,2116.14,0.0,0.0,0.5864,0.639846,0.0,1,0.0135986268,0.3960017531,0.39803724663375045
MIFQOJ_clean,MIFQOJ_clean,7.14805,6.39591,7.14805,1.06573,1037.76,973.749,0.0,0.0,0.5254,0.492994,0.0,0,0.007366837,0.2197123191,0.21691876847075042
MIHHUG_clean,MIHHUG_clean,5.15935,3.29973,5.1188,1.30475,0.0,0.0,470.195,360.372,0.4334,0.332171,0.0,0,0.0039771116,0.1145266752,0.11426641492287486
MIHLEV_clean,MIHLEV_clean,5.70252,3.69982,5.70252,1.38172,844.284,611.037,0.0,0.0,0.4754,0.344063,0.0,1,0.0050348377,0.1455445812,0.1471455468416256
MIHLUL_clean,MIHLUL_clean,4.76281,3.28084,4.75473,1.42077,0.0,0.0,465.486,327.629,0.4832,0.340097,0.0,1,0.0044965916,0.1318959859,0.1318264649702503
MIJYEK_clean,MIJYEK_clean,5.3671,3.22254,5.3671,2.49312,0.0,0.0,656.728,263.416,0.4186,0.167902,0.0,1,0.0026738257,0.0771461086,0.07820606587974996
MIMKIE_clean,MIMKIE_clean,5.77879,3.6694,5.74168,1.1744,1435.84,1222.62,0.0,0.0,0.5446,0.463725,0.0,1,0.0098384373,0.2844825643,0.28673378069825156
MIMVEJ_clean,MIMVEJ_clean,4.71676,4.28533,4.60921,1.30405,891.701,683.791,0.0,0.0,0.494,0.378819,0.0,0,0.0084884438,0.2391036349,0.24392305617024954
MISQIQ03_clean,MISQIQ03_clean,4.25302,4.08852,4.25302,2.07032,582.277,281.249,0.0,0.0,0.3888,0.187797,0.0,0,0.0056999233,0.0851216953,0.10236963210224978
MISQIQ06_clean,MISQIQ06_clean,4.2381,4.07519,4.2381,2.08503,537.998,258.029,0.0,0.0,0.3768,0.180717,0.0,0,0.0059391095,0.0854583162,0.08698432783500061
MISQIQ_clean,MISQIQ_clean,4.24107,4.07806,4.24107,2.08195,577.159,277.221,0.0,0.0,0.3898,0.187228,0.0,0,0.0061553514,0.0837610683,0.1298279418157494
MITGIF_clean,MITGIF_clean,4.17303,3.10283,4.17303,2.28088,0.0,0.0,183.279,80.3542,0.4418,0.193697,0.0,1,0.0027282377,0.0787401698,0.07942147573387497
MITGOL_clean,MITGOL_clean,4.76638,3.82621,4.60043,2.19605,897.1,408.507,0.0,0.0,0.447,0.203547,9.11e-05,1,0.0037809623,0.1095226667,0.10972399196812432
MIVFEE_clean,MIVFEE_clean,15.2363,7.95854,15.22375,1.38989,1237.47,890.338,457.865,329.426,0.6876,0.494716,0.0,1,0.0116124731,0.3409442901,0.3341268126157504
MIXKUB_clean,MIXKUB_clean,4.55803,2.95053,4.55803,1.47185,0.0,0.0,542.71,368.727,0.4692,0.318783,0.0,0,0.0029764475,0.0864214695,0.08824158679487504
MODJOG_clean,MODJOG_clean,5.59367,4.45075,5.58718,1.92976,2690.17,1394.04,0.0,0.0,0.6586,0.341285,0.0,1,0.0082567186,0.2410208387,0.24288976722987698
MOSDUT_clean,MOSDUT_clean,5.00847,4.17233,5.00847,1.12183,1419.6,1265.43,13.3609,11.9099,0.5596,0.498828,0.0,1,0.0090766295,0.2674707375,0.2660123657468757
MOSGIM_clean,MOSGIM_clean,3.50118,2.73921,3.50118,1.58114,0.0,0.0,14.1678,8.9605,0.413,0.261204,0.0,1,0.0019335575,0.0552197532,0.05640320167199979
MOVKOZ_clean,MOVKOZ_clean,5.21247,3.83096,5.21247,1.25573,2044.79,1628.37,0.0,0.0,0.592,0.47144,0.0,1,0.0104211538,0.3115224069,0.30414093162162464
MOXKAN_clean,MOXKAN_clean,5.24035,3.78554,5.21637,1.49263,550.2,368.611,159.888,107.118,0.4678,0.313407,0.0,0,0.0036314451,0.1077058398,0.10531111431449972
MOXNUK_clean,MOXNUK_clean,5.04646,4.16361,5.04099,1.19416,1034.92,866.655,0.0,0.0,0.4922,0.412174,0.0,0,0.0059361908,0.1750625409,0.17544801404524993
MUBZUG_auto,MUBZUG_auto,18.63539,7.90997,18.63539,0.469492,1954.88,4163.83,0.0,0.0,0.8032,1.71078,0.000425992,0,0.0360801797,1.0953900887,1.065486588485251
MUDTAH_clean,MUDTAH_clean,18.89368,6.63386,18.89368,0.562193,2169.18,3858.42,0.0,0.0,0.7916,1.40806,0.0,1,0.0334453854,0.9540792341,0.9515892221084937
MUGFOK_clean,MUGFOK_clean,5.96918,4.1656,5.96918,1.0315,1325.72,1285.24,0.0,0.0,0.5408,0.524287,0.0,0,0.0081520312,0.2335881587,0.239517145302876
MUHNUA_clean,MUHNUA_clean,6.00569,3.96893,5.96297,1.13245,277.836,245.342,598.929,528.881,0.5278,0.466071,0.0,1,0.0053427091,0.1598343222,0.15781262418225003
MUJPUE_clean,MUJPUE_clean,6.48776,3.37947,6.26169,1.39952,638.17,455.993,39.2954,28.0779,0.4824,0.34469,0.0,0,0.0049232732,0.1503847535,0.14471672705237482
MUJRIT_clean,MUJRIT_clean,6.24948,5.12409,6.24249,1.30647,1092.9,836.531,0.0,0.0,0.5376,0.411492,0.0,1,0.0063412449,0.181119532,0.1878906389948754
MUPTAU_clean,MUPTAU_clean,4.1653,3.49014,4.1653,1.2541,633.589,505.216,0.0,0.0,0.52,0.414641,0.0,0,0.0058391321,0.1695715366,0.17087067577812498
MURFIQ_clean,MURFIQ_clean,7.24055,5.2237,7.22777,1.12426,739.654,657.9,0.0,0.0,0.487,0.433172,0.0,0,0.0043903511,0.1280419158,0.12838178848300066
MUTDIQ_clean,MUTDIQ_clean,8.28155,3.70267,8.27208,0.907108,1694.67,1868.21,61.3387,67.62,0.6404,0.70598,0.0,1,0.0134337239,0.4010139854,0.39284917119287627
MUTNAQ_clean,MUTNAQ_clean,4.57844,2.9184,4.56708,1.44096,0.0,0.0,465.48,323.035,0.471,0.326866,0.0,0,0.003362408,0.1020017252,0.09808990043862469
MUVGOA_clean,MUVGOA_clean,5.03839,3.5374,4.60238,0.993755,720.941,725.471,502.862,506.022,0.5306,0.533934,0.0,0,0.0109727825,0.3176931452,0.3243842966636241
MUXHUI02_clean,MUXHUI02_clean,3.33088,2.62615,3.31006,2.07134,0.0,0.0,0.0,0.0,0.3926,0.189539,0.0,1,0.0013192223,0.0403873668,0.038220503728999954
NACVUI_clean,NACVUI_clean,4.77526,3.80831,4.76074,1.15827,1072.88,926.279,0.0,0.0,0.5544,0.478644,0.0,0,0.0076562161,0.2249683685,0.22337912596362525
NADZID_clean,NADZID_clean,5.01289,4.70268,4.9859,1.56754,1059.53,675.918,0.0,0.0,0.4664,0.297536,0.0,0,0.0070529965,0.2074153589,0.20700246125275062
NAHFIO_clean,NAHFIO_clean,5.2589,3.87482,5.25696,1.10135,1180.95,1072.27,0.0,0.0,0.523,0.474873,0.0,0,0.006525582,0.1946616698,0.19094274851624943
NAHNES_clean,NAHNES_clean,12.52913,11.45257,12.52913,0.578749,2093.33,3616.99,0.0,0.0,0.7668,1.32493,0.0,1,0.0305742151,0.8616262705,0.8806048969927491
NAJTAW_clean,NAJTAW_clean,6.34991,4.99732,6.34991,1.15815,2148.84,1855.41,0.0,0.0,0.6062,0.523422,0.0,1,0.0123383805,0.3655885705,0.3617921780252511
NALWOO_clean,NALWOO_clean,9.16164,8.79623,9.14564,1.02635,1440.32,1403.34,0.0,0.0,0.5862,0.571148,0.0,1,0.0116600567,0.3328447369,0.3394444511663756
NANNEY_clean,NANNEY_clean,4.84708,2.74228,4.48751,1.29059,0.0,0.0,356.384,276.14,0.4166,0.322798,0.0,0,0.0030960059,0.0917104539,0.09067067027824999
NAQQON_clean,NAQQON_clean,9.07609,4.33235,9.07609,1.01182,2282.57,2255.9,0.0,0.0,0.7134,0.705063,0.0,1,0.0147947116,0.4241921131,0.4320379877706248
NARMUR_clean,NARMUR_clean,3.85567,3.41897,3.84405,2.08835,240.166,115.003,0.0,0.0,0.399,0.19106,0.0,1,0.0017244745,0.0531896112,0.0513385077194999
NARPOO_clean,NARPOO_clean,4.62788,3.52973,4.62788,1.93637,626.775,323.686,0.0,0.0,0.4208,0.217314,0.0,1,0.0036067323,0.1030570171,0.10526012204075016
NASRIL_clean,NASRIL_clean,7.12232,4.94837,7.12232,0.851796,2450.87,2877.3,0.0,0.0,0.6816,0.800191,0.0,1,0.0172677277,0.50606936,0.5037683539818719
NASROR_clean,NASROR_clean,13.45228,4.98216,13.45228,0.776126,1903.68,2452.8,0.0,0.0,0.7,0.901915,0.0,1,0.0202566757,0.5722557808,0.5945902497831276
NATHOH_ion_b,NATHOH_ion_b,5.49353,3.97352,5.49353,2.17321,1195.36,550.044,0.0,0.0,0.4624,0.212773,0.0,1,0.0034052314,0.1015464603,0.10091113312812502
NAVCAO_clean,NAVCAO_clean,5.32066,2.64099,5.30974,1.93236,0.0,0.0,586.019,303.266,0.45,0.232876,0.0,1,0.0043456519,0.1247127253,0.12537510997362517
NAVJAW01_clean,NAVJAW01_clean,11.39615,10.64646,11.39615,1.17113,1550.28,1323.75,0.0,0.0,0.633,0.540502,0.0,1,0.0130695033,0.3951196714,0.3889078966696266
NAWKII_clean,NAWKII_clean,5.87047,3.9227,5.87047,0.947947,1478.21,1559.38,0.0,0.0,0.5784,0.610161,0.0,1,0.0128781933,0.3680922246,0.3762999574417493
NAXLII_clean,NAXLII_clean,5.86925,5.28522,5.86925,1.2305,998.395,811.372,0.0,0.0,0.5042,0.409751,0.0,1,0.0059653017,0.1693801503,0.17559364943512512
NEDJAJ_clean,NEDJAJ_clean,5.22097,2.98806,5.20032,1.83663,0.0,0.0,745.323,405.809,0.4994,0.27191,0.0,1,0.0041273406,0.1246570015,0.12173731535599996
NEDWEA_clean,NEDWEA_clean,7.23193,5.49922,7.23193,0.857312,2138.95,2494.95,0.0,0.0,0.6398,0.746286,0.0,1,0.0160796196,0.4744174704,0.47105968540987603
NEGZUW_clean,NEGZUW_clean,6.52732,5.75532,6.52732,1.40591,2132.81,1517.03,0.0,0.0,0.6336,0.450668,0.0,1,0.008427839,0.2460319079,0.24850545874687327
NEHGIS_clean,NEHGIS_clean,5.25791,4.32138,5.25791,1.34435,1760.82,1309.79,0.0,0.0,0.5618,0.417897,0.0,1,0.0083263556,0.2418748641,0.24508320366762404
NEJSOM_clean,NEJSOM_clean,5.41485,4.53855,5.40953,1.12052,1544.19,1378.11,0.0,0.0,0.5672,0.506195,0.0,0,0.0096790665,0.2797583764,0.28492283201412666
NEKMUN_clean,NEKMUN_clean,5.69957,3.6274,5.51939,1.30616,1011.9,774.717,0.0,0.0,0.4788,0.366572,0.0,0,0.0076298932,0.2227873887,0.22032071372099896
NEKREB_clean,NEKREB_clean,7.13295,5.12512,7.13295,1.3542,1081.87,798.902,136.454,100.763,0.5622,0.415152,0.0,1,0.0061402009,0.1762618555,0.17932351458249993
NENFAN_clean,NENFAN_clean,7.3527,6.48023,7.3527,2.08229,1229.05,590.24,0.0,0.0,0.526,0.252607,0.0,0,0.0084221509,0.2413592955,0.238889434686375
NERTAH_clean,NERTAH_clean,4.54882,3.46995,4.4502,1.3343,589.598,441.88,43.1614,32.3477,0.4772,0.357642,0.0,1,0.0046897336,0.1383276839,0.13727782560387453
NETFAU_clean,NETFAU_clean,5.9815,3.37252,5.81349,1.64572,938.309,570.151,0.0,0.0,0.5186,0.31512,0.0,1,0.0042377887,0.1241030557,0.1253405887595
NETFEY_clean,NETFEY_clean,5.99191,3.34732,5.84787,1.56583,1062.01,678.245,0.0,0.0,0.5366,0.342695,0.0,1,0.0049896411,0.1454491892,0.14551275547587475
NETYIV_clean,NETYIV_clean,8.05298,7.05859,8.05298,0.781018,1992.35,2550.96,0.0,0.0,0.686,0.878341,0.0,1,0.0176418575,0.5141936007,0.5189711967573776
NEVJOP_clean,NEVJOP_clean,5.38691,3.04693,5.37271,1.49125,0.0,0.0,826.233,554.055,0.458,0.307125,0.0,1,0.0042106695,0.1228036933,0.12245864826149994
NEVVAM_clean,NEVVAM_clean,6.98127,5.93133,6.98127,1.4203,1415.91,996.914,0.0,0.0,0.523,0.368233,0.0,0,0.0078709225,0.2354448337,0.22877534085712387
NEYVEU_clean,NEYVEU_clean,20.18169,6.42425,20.08436,0.514184,2007.78,3904.79,0.0,0.0,0.7952,1.54653,0.0,0,0.0353427248,1.018438024,1.0348391716536227
NEYYUN_clean,NEYYUN_clean,4.68454,4.06012,4.68454,1.064,2087.99,1962.4,0.0,0.0,0.6166,0.579512,0.0,1,0.0144075009,0.4218349895,0.41686095931100164
NIBHUC_clean,NIBHUC_clean,18.86769,11.8721,18.86769,0.449382,1927.35,4288.89,0.0,0.0,0.8286,1.84387,0.0,1,0.0417300861,1.2446563287,1.2159770524415003
NIGFIT_clean,NIGFIT_clean,7.4378,4.64365,7.4378,1.2326,2395.77,1943.66,0.0,0.0,0.659,0.53464,0.0,1,0.0130123951,0.3874967298,0.37546675544849945
NIJTOR_clean,NIJTOR_clean,5.13346,3.60858,4.57199,1.35089,285.546,211.376,191.611,141.84,0.4084,0.302318,0.0,1,0.003665879,0.1064879728,0.10732156414575009
NIJZIP01_clean,NIJZIP01_clean,8.50827,7.36867,8.50827,1.45663,1110.96,762.692,3.7965,2.60636,0.5674,0.38953,0.0,1,0.005485471,0.1602337742,0.16236376008700135
NIJZIP_clean,NIJZIP_clean,9.04941,7.56212,9.04941,1.42787,1214.86,850.82,0.0,0.0,0.5802,0.406339,0.0,1,0.0062916707,0.187697913,0.1840747900742498
NIJZOV_clean,NIJZOV_clean,8.62609,7.08161,8.6236,1.5406,1133.11,735.501,0.0,0.0,0.5798,0.376347,0.0,1,0.0056166734,0.1615272977,0.16521796823887505
NIKJOH_clean,NIKJOH_clean,5.92614,3.00956,5.92202,1.25543,0.0,0.0,1126.53,897.324,0.4956,0.394764,0.0,1,0.0071756044,0.2067199244,0.20956349594299964
NIKYUC02_clean,NIKYUC02_clean,5.06856,3.78234,5.06856,1.67303,915.135,546.992,0.0,0.0,0.4718,0.282003,0.0,0,0.0043113153,0.1288920018,0.12532031073300012
NIKZAJ_clean,NIKZAJ_clean,4.56098,3.58427,4.53545,1.81346,655.548,361.491,0.0,0.0,0.426,0.234911,0.0,0,0.0033259171,0.0992872094,0.09831968166074981
NIMPEG01_clean,NIMPEG01_clean,8.44,5.51406,8.10508,0.6075,2688.56,4425.61,0.0,0.0,0.7444,1.22535,0.0,1,0.0273043496,0.8005257114,0.803287424242379
NIMWUD_clean,NIMWUD_clean,4.74884,3.19761,4.72938,1.70114,0.0,0.0,559.822,329.086,0.4342,0.25524,0.0,0,0.0037653942,0.109656844,0.11023705687162501
NIMXAK_clean,NIMXAK_clean,11.51604,3.85375,11.50661,0.98882,1692.19,1711.32,0.0,0.0,0.6486,0.655933,0.0,0,0.0140262236,0.4194581411,0.4084984336626249
NIRGAY_clean,NIRGAY_clean,8.4539,5.80719,8.43976,0.806367,1866.49,2314.69,0.0,0.0,0.644,0.798644,0.0,1,0.0163589181,0.4797718981,0.4817242642078737
NISPOV_clean,NISPOV_clean,4.71107,2.81394,4.69976,1.97219,0.0,0.0,427.339,216.682,0.4068,0.206268,0.0,1,0.0026398279,0.0791060863,0.07750764548937471
NIVNOW_clean,NIVNOW_clean,4.9886,3.10602,4.9886,1.76087,0.0,0.0,889.731,505.28,0.502,0.285087,0.0,1,0.0033866176,0.0995839389,0.0976786567111245
NIZZEC_clean,NIZZEC_clean,8.3208,7.63206,8.31922,1.20763,2065.46,1710.34,0.0,0.0,0.6766,0.560269,0.0,0,0.011487684,0.342996573,0.32825757837475067
NOCLOH01_clean,NOCLOH01_clean,5.48382,4.82541,5.46744,1.30816,1237.43,945.928,0.0,0.0,0.5374,0.410806,0.0,1,0.0084580721,0.2459130877,0.24547399576325105
NOCLOH_clean,NOCLOH_clean,5.4394,4.78188,5.37771,1.31451,1235.22,939.686,0.0,0.0,0.5324,0.405018,0.0,1,0.0081380667,0.2394467724,0.23332776111125025
NOCZAI_clean,NOCZAI_clean,4.42954,4.04745,4.42954,1.74484,414.324,237.458,0.705302,0.404222,0.3944,0.226039,0.0,1,0.0030987507,0.0890333824,0.0907669470596253
NODKOH_clean,NODKOH_clean,5.43236,4.66054,5.43106,1.05473,1385.41,1313.52,0.0,0.0,0.5884,0.557866,0.0,0,0.0092106598,0.2746056221,0.27104383571562535
NOGDAP_clean,NOGDAP_clean,6.90613,3.48821,6.90608,1.43733,1400.84,974.616,0.0,0.0,0.5538,0.385299,0.0,0,0.0127882785,0.2561389108,0.25534046746125033
NOHSIM01_clean,NOHSIM01_clean,4.97938,3.79602,4.89937,1.44217,1518.59,1052.99,0.0,0.0,0.5942,0.412019,0.0,0,0.0090979839,0.2716749855,0.2618689503583743
NOHSIM_clean,NOHSIM_clean,4.94525,3.77888,4.76061,1.43422,1498.07,1044.52,0.0,0.0,0.608,0.423923,0.0,0,0.0087787491,0.257013696,0.2561692814854998
NOHSUA_clean,NOHSUA_clean,8.36544,4.75817,8.32279,0.872139,1620.2,1857.73,0.0,0.0,0.5908,0.677415,0.0,1,0.0142088626,0.4079678645,0.39941359763224954
NOPJOT_clean,NOPJOT_clean,6.1592,4.69936,6.14418,1.00061,2117.03,2115.74,0.0,0.0,0.6142,0.613825,0.0,1,0.0140969923,0.4119634531,0.40987061482537696
NOWGIR_clean,NOWGIR_clean,9.36325,6.59726,9.2981,1.43951,1651.33,1147.14,0.0,0.0,0.634,0.440427,0.0,1,0.0089558521,0.2632883697,0.2619510286606245
NUDMAC_clean,NUDMAC_clean,6.47898,5.73918,6.47898,1.16985,1365.51,1167.25,0.0,0.0,0.54,0.461596,0.0,0,0.0095968638,0.2770224011,0.28069623030100177
NUDMUW_clean,NUDMUW_clean,6.32198,5.70328,6.32198,1.18747,1340.68,1129.02,0.0,0.0,0.5322,0.448181,0.0,0,0.0092870826,0.2692159102,0.27117838820212525
NUFCAU_clean,NUFCAU_clean,9.94144,7.33631,9.94144,0.845072,2116.0,2503.93,0.0,0.0,0.7364,0.871405,0.0,1,0.0193263152,0.5721410699,0.5612746876962484
NUGRIR_clean,NUGRIR_clean,8.70402,6.3995,8.695,1.28478,1827.49,1422.42,0.0,0.0,0.645,0.502033,0.0,0,0.0103515581,0.2968823576,0.30288630603625005
NUNPAP_clean,NUNPAP_clean,6.01151,4.33549,6.00656,0.794607,2195.03,2762.41,0.0,0.0,0.6796,0.855265,0.0,1,0.0181141378,0.5288547752,0.5329919935437529
NUNSOG_clean,NUNSOG_clean,4.99291,4.35876,4.99291,1.27773,873.941,683.982,0.0,0.0,0.4864,0.380677,0.0,0,0.0044680877,0.1295016182,0.13390165377749924
NUNTOH_clean,NUNTOH_clean,4.10262,3.17813,4.10101,1.65303,0.0,0.0,763.584,461.93,0.5398,0.326552,0.0,1,0.0059832725,0.17774614,0.17448025068650086
NUNWIE_clean,NUNWIE_clean,3.87406,3.12024,3.87278,2.1028,0.0,0.0,292.086,138.903,0.463,0.220183,0.0,1,0.0035101146,0.10452479,0.10305604278524962
NUWPOM_clean,NUWPOM_clean,8.32687,8.01604,8.32687,1.25431,1381.61,1101.49,0.0,0.0,0.5552,0.442633,0.0,1,0.0085621629,0.2530031926,0.2508702215397497
NUWVIM_clean,NUWVIM_clean,4.95462,3.8636,4.94993,1.17037,724.517,619.05,9.52012,8.13429,0.4914,0.419868,0.0,0,0.0055096214,0.1570124036,0.16236784705100102
NUXMAU_clean,NUXMAU_clean,3.85797,2.8476,3.85421,2.10391,0.0,0.0,244.23,116.084,0.4602,0.218736,0.0,1,0.003323726,0.096990962,0.0974915348670002
NUYNEC_clean,NUYNEC_clean,8.26029,6.82395,8.26029,1.01384,1779.3,1755.01,0.0,0.0,0.6224,0.613905,0.0,1,0.0135687147,0.3974650498,0.3955438537516248
NUYQUU_clean,NUYQUU_clean,3.95153,3.47099,3.94298,2.33033,494.395,212.157,0.0,0.0,0.4774,0.204864,0.0,0,0.0032228351,0.0928537633,0.09559376212174983
OBAHIL_clean,OBAHIL_clean,8.44223,7.37969,8.44223,0.972998,1553.57,1596.68,0.0,0.0,0.603,0.619734,0.0,0,0.0119246787,0.3667914418,0.3484340812560005
OBODEQ_clean,OBODEQ_clean,5.13358,4.46715,5.12837,1.36036,1938.87,1425.26,0.0,0.0,0.5966,0.43856,0.0,1,0.0102698234,0.2976193516,0.29993885724437364
OBUBOC_manual,OBUBOC_manual,8.45577,7.46863,8.45577,1.46042,1170.56,801.525,0.571901,0.391601,0.5536,0.37907,0.0,1,0.0057939086,0.1700517882,0.1706965291561249
OBUFIB_SL,OBUFIB_SL,4.69226,3.94966,4.47162,1.56841,881.672,562.145,0.0,0.0,0.426,0.271613,0.0,0,0.0037591264,0.1117893476,0.1100917693898746
OCACUR_clean,OCACUR_clean,5.50745,4.89061,5.44518,1.25128,1937.07,1548.08,0.0,0.0,0.5884,0.47024,0.0,1,0.0113870926,0.3345454193,0.3325055361281257
OCUGEZ_clean,OCUGEZ_clean,5.71674,4.14737,5.66007,1.32226,1442.09,1090.62,0.0,0.0,0.5748,0.43471,0.0,1,0.0076472332,0.2229643661,0.22513670911637557
OCUSIP_clean,OCUSIP_clean,5.39686,4.96775,5.37929,1.58503,1157.95,730.556,0.0,0.0,0.5014,0.316334,0.0,1,0.0061449783,0.1810902786,0.17860050488962526
OCUTEM_clean,OCUTEM_clean,5.16189,3.4562,5.16189,1.4963,1173.27,784.115,0.0,0.0,0.5098,0.340707,0.0,1,0.007238104,0.2074062893,0.21149931449312567
ODIMAQ_clean,ODIMAQ_clean,8.52073,7.26741,8.52073,1.44329,1085.87,752.358,0.0,0.0,0.5848,0.405186,0.0,1,0.0055484925,0.156971946,0.1641100825312509
ODODES_clean,ODODES_clean,6.13875,4.52515,6.13614,0.993468,1787.67,1799.42,0.0,0.0,0.5926,0.596497,0.0,1,0.0116504671,0.3315811904,0.3416938889411252
OFAWAV_clean,OFAWAV_clean,11.42925,8.90439,11.4135,0.968512,2176.57,2247.34,0.0,0.0,0.7636,0.788426,0.000206502,1,0.0182975644,0.5402099334,0.5324170751568736
OFEHAK_clean,OFEHAK_clean,6.57238,4.30728,6.57238,1.26099,1569.04,1244.3,0.0,0.0,0.577,0.457578,0.0,1,0.0084759665,0.2529141838,0.25081918824237404
OGAGAF_clean,OGAGAF_clean,4.92581,3.9125,4.92581,1.40546,832.759,592.516,0.0,0.0,0.5084,0.361731,0.0,0,0.0042543544,0.1231135855,0.12586670009262485
OGIYAF_clean,OGIYAF_clean,4.13453,2.65637,4.13022,1.53002,0.0,0.0,255.467,166.969,0.4814,0.314636,0.0,0,0.0035360218,0.1069731339,0.10393760742374986
OGUJIL_clean,OGUJIL_clean,4.11991,3.42248,4.10899,1.27165,539.273,424.075,0.0,0.0,0.4916,0.386586,0.0,0,0.0050618913,0.1519761932,0.14744794548437484
OHOMIH_clean,OHOMIH_clean,4.60907,4.30122,4.60907,1.97594,752.524,380.843,0.0,0.0,0.396,0.200411,0.0,1,0.0032705398,0.0953572638,0.09601037359250034
OJIDAN_clean,OJIDAN_clean,19.79872,19.3368,19.78262,0.704653,1186.45,1683.74,21.5807,30.626,0.6956,0.987152,0.0,1,0.0200609528,0.5816698019,0.5899302876871259
OKAYEG_clean,OKAYEG_clean,4.8581,3.49488,4.85158,1.57533,393.933,250.064,0.0,0.0,0.3384,0.214812,0.0,0,0.0033113623,0.0981681964,0.09664260753637499
OKAYIK_clean,OKAYIK_clean,4.91102,3.55113,4.79222,1.56666,396.357,252.995,0.0,0.0,0.3392,0.216512,0.0,0,0.0033809372,0.0974038806,0.09880848425462435
OKECIQ_clean,OKECIQ_clean,10.61084,2.63327,10.61084,0.969302,0.0,0.0,1776.12,1832.37,0.683,0.70463,0.0,0,0.0177261626,0.4312033369,0.44788913994299967
OKILEA_clean,OKILEA_clean,6.35409,4.27067,6.35409,1.16036,1077.85,928.894,0.0,0.0,0.549,0.473129,0.0,1,0.007252558,0.2182966622,0.21266063018225043
OKILIE_clean,OKILIE_clean,3.62365,2.83679,3.54493,1.37609,0.0,0.0,69.3979,50.4311,0.4472,0.324978,0.0,1,0.0036114837,0.1061853031,0.10685966916599968
OKIPOO_clean,OKIPOO_clean,5.15858,2.8039,5.14896,1.3218,0.0,0.0,376.304,284.69,0.4252,0.321682,0.0,1,0.0034959875,0.0995709648,0.10251876489125004
OKIVUA_clean,OKIVUA_clean,5.10253,4.2044,5.09658,1.08974,982.283,901.395,83.5631,76.6819,0.5216,0.478648,0.0,0,0.0081160364,0.2306721054,0.23830098763312577
OLAGIR_clean,OLAGIR_clean,5.85131,3.81671,5.85131,1.37856,1640.47,1189.99,0.0,0.0,0.6336,0.459611,0.0,0,0.0102775933,0.2905562569,0.2989202669891247
OLANEW_clean,OLANEW_clean,6.98637,4.05835,6.98637,1.31839,1367.83,1037.5,0.0,0.0,0.5798,0.439778,0.0,1,0.0077083002,0.2293178472,0.2277382208828751
OLOKEF_clean,OLOKEF_clean,4.36483,3.3129,4.3161,1.5482,868.847,561.197,0.0,0.0,0.512,0.330706,0.0,1,0.0066240562,0.1959428366,0.19457510316487509
OLONAG_clean,OLONAG_clean,5.4975,2.97064,5.48387,1.82825,0.0,0.0,824.753,451.116,0.4878,0.266812,0.0,1,0.003724971,0.1086102389,0.10872304456174998
OMAXEG_clean,OMAXEG_clean,4.68283,2.83779,4.6809,1.53721,0.0,0.0,517.769,336.823,0.506,0.329167,0.0,1,0.0047272161,0.13775039,0.13801994365649928
OMIMEE_clean,OMIMEE_clean,16.54568,6.7257,16.54568,0.768319,2276.49,2962.95,0.0,0.0,0.7618,0.991516,0.0,1,0.0226584481,0.63787905,0.6559652717734977
OMIPAD_clean,OMIPAD_clean,5.24341,3.62169,5.16602,1.1791,539.772,457.781,0.0,0.0,0.4566,0.387243,0.0,0,0.0046482718,0.1382595569,0.13758014283100004
OMIPEH_clean,OMIPEH_clean,21.73136,7.72557,21.69935,0.65885,2065.52,3135.04,0.0,0.0,0.8104,1.23002,0.0,1,0.0283516514,0.7967916181,0.810320106098749
ONIXOZ_clean,ONIXOZ_clean,9.95246,9.1911,9.95246,0.909707,2025.76,2226.82,8.4669,9.30728,0.6802,0.747713,0.0,1,0.0178327433,0.5121375068,0.5205979062271264
ONUKAL_clean,ONUKAL_clean,5.66391,3.7745,5.54501,1.39723,1126.09,805.946,11.0536,7.91109,0.5124,0.366727,0.0,1,0.0077040157,0.2251912605,0.22502964949524937
OPAMOI_clean,OPAMOI_clean,4.34496,3.46478,4.34496,1.66467,999.374,600.345,0.0,0.0,0.5336,0.320544,0.0,1,0.007365267,0.2124339898,0.2137255937912495
OPENUT_clean,OPENUT_clean,7.63636,6.82671,7.63251,1.41267,1546.48,1094.72,0.0,0.0,0.5554,0.393156,0.0,1,0.0078098063,0.2282308161,0.22852606446500018
OPINIL_clean,OPINIL_clean,4.65675,3.54009,4.3607,1.69641,1183.53,697.671,0.0,0.0,0.533,0.314194,0.0,1,0.0041331533,0.125726155,0.12203470843537481
OPIPUZ_clean,OPIPUZ_clean,4.1797,3.40347,4.03039,1.43766,625.591,435.146,0.0,0.0,0.4234,0.294507,0.0,0,0.0034490987,0.1003605847,0.09997129131862512
OPUDAF_clean,OPUDAF_clean,5.06478,2.98934,5.05223,1.75277,0.0,0.0,435.878,248.679,0.4742,0.270542,0.0,1,0.0030871431,0.0888347381,0.090986149413375
OQEPUW_clean,OQEPUW_clean,5.11656,4.82152,5.08524,1.96915,768.393,390.215,0.0,0.0,0.4116,0.209024,0.0,1,0.0032904025,0.0970234178,0.09620774108912515
OQERUY_clean,OQERUY_clean,5.44049,4.47163,5.40893,1.18349,1270.62,1073.62,0.0,0.0,0.5504,0.465066,0.0,1,0.0087544277,0.2534643577,0.25933706654133415
OQOBUT_clean,OQOBUT_clean,6.63313,3.25109,6.36597,1.10898,0.0,0.0,931.502,839.965,0.548,0.494149,0.0,0,0.0108596474,0.2703434395,0.311102348338874
OQUFAJ04_clean,OQUFAJ04_clean,10.98593,10.0178,10.98593,1.04962,2124.9,2024.45,7.18544,6.84576,0.6738,0.641947,0.000381091,1,0.0146825885,0.4184942786,0.4264942202723743
OQUFAJ_clean,OQUFAJ_clean,11.24927,10.05552,11.24927,1.02086,2177.77,2133.26,0.0,0.0,0.6808,0.666886,0.000195912,1,0.0150383918,0.436503401,0.4373592971220004
OQUXEF_clean,OQUXEF_clean,5.15601,3.95885,4.51563,3.15796,940.396,297.786,0.0,0.0,0.4776,0.151237,0.0,1,0.002372398,0.0679666485,0.06940294218399956
ORIBAU_clean,ORIBAU_clean,6.79191,5.8597,6.78824,0.948194,2192.57,2312.36,0.0,0.0,0.6432,0.678343,0.0,0,0.0147499369,0.43427171,0.4322380675771257
ORIWAP_clean,ORIWAP_clean,11.38312,11.03917,11.38312,1.17282,1538.11,1311.46,0.0,0.0,0.6442,0.549274,0.0,1,0.0135173818,0.3941001468,0.3926106676959991
ORIWET_clean,ORIWET_clean,11.42805,11.05994,11.42805,1.09099,1549.25,1420.05,0.0,0.0,0.6484,0.594324,0.0,1,0.0144986678,0.4115964401,0.42132760447012596
ORUKOD_clean,ORUKOD_clean,4.98278,3.59875,4.86135,1.67769,666.045,397.001,0.0,0.0,0.4328,0.257974,0.0,1,0.0037662029,0.1126950365,0.11042369166687493
OSAVEK_clean,OSAVEK_clean,5.46185,5.06196,5.40742,0.991485,1397.48,1409.49,0.0,0.0,0.5638,0.568642,0.0,1,0.0112597561,0.331536429,0.328770004750624
OSAVUA_clean,OSAVUA_clean,5.76863,5.59566,5.76863,0.884314,1778.32,2010.97,0.0,0.0,0.631,0.713547,0.0,1,0.0163267525,0.4603010378,0.4740987809999999
OSIKUX_clean_h,OSIKUX_clean_h,7.70472,6.98844,7.7017,1.09814,1952.99,1778.44,0.770215,0.701379,0.6478,0.589904,0.0,1,0.0120853069,0.3415136669,0.35273826359437616
OSUGUG_clean,OSUGUG_clean,5.24214,3.30982,5.22706,0.971684,0.0,0.0,1204.26,1239.35,0.5744,0.591138,0.0,1,0.0101300857,0.2939242198,0.29349690882899926
OSUWEF_clean,OSUWEF_clean,5.4068,4.18826,5.4054,1.41887,599.478,422.503,0.0,0.0,0.4032,0.28417,0.0,1,0.0051757903,0.150808933,0.1521963655634999
OTABES_clean,OTABES_clean,7.63161,5.91717,6.56997,0.849248,2347.96,2764.75,0.0,0.0,0.6812,0.802122,0.0,0,0.0206270252,0.5828334868,0.5967226335518758
OTALUS_clean,OTALUS_clean,12.67704,9.31362,12.67704,0.655199,1619.49,2471.76,0.0,0.0,0.7266,1.10898,0.0,1,0.0216755336,0.6107193557,0.6282453620584978
OTAQAD_clean,OTAQAD_clean,7.25379,5.92825,6.48374,0.846977,2257.66,2665.55,0.0,0.0,0.6554,0.773811,0.0,0,0.0189944591,0.5583851664,0.5531213882458743
OTAWIR_clean,OTAWIR_clean,8.76686,5.54904,8.76285,0.758956,2118.77,2791.7,0.0,0.0,0.6858,0.90361,0.0,1,0.0210536073,0.6152397762,0.6080312642770004
OTIPEO_clean,OTIPEO_clean,5.44422,3.64653,5.43023,1.30852,1112.97,850.554,0.0,0.0,0.552,0.421851,0.0,1,0.0083686203,0.2386210758,0.24420168371699938
OTODEI_clean,OTODEI_clean,4.84074,4.45864,4.84074,1.17554,1203.72,1023.97,0.0,0.0,0.5354,0.45545,0.0,1,0.006616383,0.1921343594,0.19450144231337443
OTODIM_clean,OTODIM_clean,4.28775,2.92748,3.97402,1.31806,0.0,0.0,315.0,238.987,0.4786,0.363109,0.0,1,0.0029374014,0.0861529331,0.08694739067562512
OTUXUX_clean,OTUXUX_clean,4.86145,3.74941,4.84403,1.24376,901.8,725.062,0.0,0.0,0.4716,0.379174,0.0,0,0.0074038957,0.2136501473,0.215042356171876
OVEXOD_clean,OVEXOD_clean,5.7329,3.62145,5.72476,1.46061,416.232,284.972,0.0,0.0,0.379,0.259481,0.0,1,0.0026250979,0.0767589549,0.07506640388662529
OVIDON_clean,OVIDON_clean,4.40281,2.81637,4.39884,1.53474,0.0,0.0,310.072,202.036,0.4368,0.284609,0.0,1,0.0022736547,0.0678666189,0.06628496954412505
OVUDAL_clean,OVUDAL_clean,7.09169,4.92914,7.08099,2.29972,1368.63,595.127,0.0,0.0,0.5708,0.248204,0.0,1,0.0045858242,0.13545353,0.13662972189862463
OWEYOF_clean,OWEYOF_clean,6.37079,4.45129,6.36918,1.04803,1419.15,1354.11,0.0,0.0,0.5498,0.524602,0.0,0,0.0115848462,0.340504909,0.33713133584774957
OWIHEJ_clean,OWIHEJ_clean,7.35052,7.17386,7.35052,1.33314,1629.69,1222.45,0.0,0.0,0.6108,0.458167,0.0,0,0.0117311343,0.3444076293,0.34215124326824997
OWIHIN_clean,OWIHIN_clean,7.33344,7.17038,7.33344,1.33826,1633.23,1220.41,0.0,0.0,0.6104,0.456115,0.0,0,0.0115245194,0.3444817987,0.3262930988012501
OWIHUZ_clean,OWIHUZ_clean,7.37728,7.20219,7.37728,1.32559,1638.53,1236.07,0.0,0.0,0.613,0.462436,0.0,0,0.0116357736,0.3458504018,0.3391637312448761
OWIJEL_clean,OWIJEL_clean,7.46814,7.33893,7.46814,1.32685,1640.34,1236.26,0.0,0.0,0.612,0.461241,0.0,0,0.0118900689,0.3490326246,0.34579666802712444
OWUWOU_clean,OWUWOU_clean,5.606,4.2786,5.606,1.14741,1253.9,1092.81,0.0,0.0,0.529,0.461039,0.0,1,0.0072009175,0.212175345,0.21195511490800054
OXUPUT_clean,OXUPUT_clean,9.06209,8.39643,9.06209,1.93215,1090.05,564.166,13.9927,7.24204,0.573,0.296561,0.0,1,0.0061204846,0.1741350709,0.1792747300608745
OYEBIE_clean,OYEBIE_clean,4.32919,3.1465,4.32311,1.30552,0.0,0.0,460.007,352.354,0.4408,0.337642,0.0,0,0.0040885065,0.1234171829,0.11962905760475007
OYERIV_clean,OYERIV_clean,14.68028,11.95217,14.68028,0.792697,1463.31,1845.99,123.823,156.204,0.696,0.878015,0.0,1,0.0180077865,0.5292786839,0.5221710844129955
OZAVES_clean,OZAVES_clean,5.64539,5.08904,5.62805,1.07782,1464.13,1358.41,0.0,0.0,0.5738,0.532369,0.0,1,0.0115280617,0.3339546128,0.333363004070876
OZAVOC_clean,OZAVOC_clean,6.46772,5.63481,6.46128,1.35316,1406.83,1039.66,0.0,0.0,0.5486,0.40542,0.0,1,0.0096908868,0.2774616703,0.2854594911681257
OZUKUR01_clean,OZUKUR01_clean,12.00308,11.20848,12.00308,1.04914,1577.91,1504.01,0.0,0.0,0.6712,0.639764,0.0,1,0.0150694504,0.4423921897,0.43765129370312567
PACZOK_clean,PACZOK_clean,14.42262,6.94223,14.41025,1.08844,2172.35,1995.84,0.0,0.0,0.7086,0.651024,0.0,1,0.0151550738,0.4361461564,0.43840613331762446
PACZUQ_clean,PACZUQ_clean,6.93068,4.23947,6.93068,1.54491,905.644,586.213,0.0,0.0,0.4772,0.308886,0.0,0,0.0033357958,0.1015537962,0.09808234115612523
PAQPIG_clean,PAQPIG_clean,4.06633,2.85613,4.06633,1.99384,0.0,0.0,218.017,109.345,0.4346,0.217971,0.0,1,0.0042276146,0.1251640135,0.12296617823550036
PARHAS_clean,PARHAS_clean,6.90619,6.37667,6.76731,0.69817,2236.54,3203.43,0.0,0.0,0.6838,0.979418,0.0,1,0.0188649967,0.5552494204,0.5541418552534978
PARMIG_clean,PARMIG_clean,4.62483,4.28304,4.62483,1.33462,793.109,594.261,0.0,0.0,0.4652,0.348565,0.0,0,0.0077577677,0.2359690407,0.21882004637699937
PARNON_clean,PARNON_clean,7.81335,6.23608,7.8124,0.973393,1971.82,2025.72,0.0,0.0,0.6118,0.628523,0.0,1,0.0136382908,0.4016740092,0.3977786043960006
PASMUT_clean,PASMUT_clean,5.21671,3.87145,5.2007,1.45236,1664.76,1146.24,0.0,0.0,0.5822,0.400864,0.0,1,0.006574318,0.1908835455,0.19228980079474925
PASNAA01_clean,PASNAA01_clean,4.83008,3.80459,4.83008,1.46381,1335.98,912.674,0.0,0.0,0.51,0.348405,0.0,1,0.0070791447,0.2115479939,0.20817189705549943
PATNAB_clean,PATNAB_clean,9.14224,6.89364,9.14224,1.35956,1803.58,1326.59,0.0,0.0,0.6728,0.494866,0.0,1,0.0102440535,0.3018055788,0.29964863512225026
PEDGUA_clean,PEDGUA_clean,4.42907,3.13119,3.94665,1.93076,0.0,0.0,439.082,227.414,0.4794,0.248296,0.0,1,0.0038115806,0.1114618216,0.11180734057849989
PEFRUP_clean,PEFRUP_clean,9.50189,8.00757,9.50189,1.0519,1670.24,1587.83,0.0,0.0,0.6432,0.611463,0.0,1,0.0140135707,0.4134806612,0.4074317609142494
PEFSEA_clean,PEFSEA_clean,4.38811,2.87938,4.38811,1.28358,0.0,0.0,503.068,391.926,0.5232,0.407611,0.0,1,0.0041221354,0.124634135,0.1220766309974994
PEGBAG_clean,PEGBAG_clean,4.42914,3.59275,4.42914,1.43063,530.361,370.719,0.0,0.0,0.4708,0.329086,0.0,1,0.0032108203,0.095434952,0.09478939033762496
PEGCEL_clean,PEGCEL_clean,4.60881,3.89017,4.60881,1.36646,760.056,556.224,0.0,0.0,0.4938,0.361373,0.0,1,0.0043879294,0.1306318095,0.12808749180025014
PEJFUG_clean,PEJFUG_clean,5.6094,5.1902,5.6094,2.02674,953.383,470.404,0.0,0.0,0.4916,0.242558,0.0,0,0.0063927927,0.189714193,0.17052321438974982
PEKDAM_clean,PEKDAM_clean,6.66878,5.26481,6.65683,0.823111,2211.99,2687.35,0.0,0.0,0.6464,0.785313,0.0,1,0.0164900726,0.487844026,0.4867901416792499
PEKWAF_clean,PEKWAF_clean,4.37236,3.14456,4.34705,3.10112,0.0,0.0,523.237,168.725,0.4638,0.149559,0.0,1,0.0032456614,0.0929114167,0.09523874116900047
PEMREG_clean,PEMREG_clean,9.06566,7.46673,9.06566,0.753022,2058.76,2734.0,0.0,0.0,0.7058,0.93729,0.0,1,0.0196507534,0.5826832882,0.570375180111503
PENZIS_clean,PENZIS_clean,5.20436,4.63461,5.20306,1.48152,1841.93,1243.27,0.0,0.0,0.653,0.440764,0.0,0,0.0079384457,0.2328446235,0.2326168973041258
PENZUE_clean,PENZUE_clean,3.89114,3.09221,3.89114,1.63624,0.0,0.0,101.898,62.2762,0.4122,0.25192,0.0,0,0.0016369182,0.0473950171,0.048502120317750114
PEPLEC_clean,PEPLEC_clean,7.22831,6.81306,7.22831,1.03011,1642.0,1594.0,0.0,0.0,0.618,0.599935,0.0,0,0.013321077,0.3838893753,0.38833552206062555
PEPLIG_clean,PEPLIG_clean,6.77242,6.39006,6.75097,1.04905,1614.89,1539.38,0.0,0.0,0.6148,0.586054,0.0,0,0.0125600787,0.3631945497,0.365174606057874
PETWOC_clean,PETWOC_clean,9.15829,4.1058,9.15829,1.69456,1870.12,1103.6,0.0,0.0,0.6222,0.367174,0.000472098,0,0.00746357,0.2182889396,0.22053406737412445
PEVXAQ_clean,PEVXAQ_clean,4.99995,3.63805,4.93929,1.21492,686.301,564.895,0.0,0.0,0.4752,0.391137,0.0,1,0.0039828354,0.1225398309,0.11697924056812466
PEWFII01_clean,PEWFII01_clean,4.22419,2.75196,4.20945,2.14367,0.0,0.0,716.52,334.249,0.5362,0.250132,0.0,1,0.0047626088,0.1354522757,0.14189584708212433
PEWGEF_clean,PEWGEF_clean,9.8037,7.11476,9.8037,1.04146,1816.14,1743.84,0.0,0.0,0.6896,0.662146,0.0,1,0.0119318095,0.3501147964,0.34830406769062416
PEXBIF_clean,PEXBIF_clean,4.0229,3.2242,4.01415,1.47447,0.0,0.0,192.346,130.451,0.437,0.296377,0.0,0,0.0021898092,0.0635534627,0.0651304520821246
PEYSIW_clean,PEYSIW_clean,5.69089,4.7197,5.69089,1.0552,1032.59,978.576,0.0,0.0,0.5102,0.483511,0.0,0,0.0073484026,0.220157813,0.21687220655449974
PIBGAK_clean,PIBGAK_clean,6.08784,5.5601,6.06673,1.08232,1652.36,1526.68,0.0,0.0,0.6232,0.575798,0.0,1,0.0114728627,0.341988051,0.33444922291362517
PICTIG_clean,PICTIG_clean,7.17773,5.19524,7.1746,0.956819,2131.67,2227.87,0.0,0.0,0.65,0.679334,0.0,1,0.013997414,0.4160718936,0.4090105671682499
PIGHIX01_clean,PIGHIX01_clean,4.25504,3.06381,4.24963,1.27158,0.0,0.0,717.148,563.982,0.4716,0.370877,0.0,1,0.0052173808,0.1510888079,0.15292456575474975
PIHWOU_clean,PIHWOU_clean,4.6487,3.54073,4.5523,1.74456,1048.04,600.749,0.0,0.0,0.5644,0.32352,0.0,0,0.0067909568,0.2022063688,0.19783631315950018
PIQMUZ_clean,PIQMUZ_clean,5.76653,4.2611,5.71921,1.16552,750.166,643.631,0.0,0.0,0.4826,0.414063,0.0,1,0.0051072232,0.1501536095,0.149782869504625
PIYZED02_clean,PIYZED02_clean,6.95041,5.62583,6.95041,1.04842,2625.12,2503.87,0.0,0.0,0.7248,0.691323,0.0,0,0.0138913851,0.4038888828,0.4027519067098776
PIYZED03_clean,PIYZED03_clean,6.91935,5.60013,6.91935,1.05779,2618.81,2475.74,0.0,0.0,0.7212,0.681798,0.0,0,0.0135292771,0.3995132912,0.393736246007875
PIZHOX_clean,PIZHOX_clean,6.00527,4.8111,5.6775,0.960875,2065.34,2149.44,0.0,0.0,0.6412,0.667309,0.0,1,0.0138064942,0.3995711985,0.40429730411637493
PIZPOD_clean_h,PIZPOD_clean_h,4.95479,3.97477,4.74982,1.78246,1546.28,867.502,0.0,0.0,0.5566,0.312266,0.0,1,0.0061858587,0.1799317465,0.1816793316811249
PIZQUM_clean,PIZQUM_clean,5.38703,4.44024,5.38703,1.21672,1189.38,977.523,0.0,0.0,0.5254,0.431815,0.0,1,0.0072625068,0.2110967571,0.21136984098362607
PODVIP_clean,PODVIP_clean,4.42056,3.62761,4.42056,2.28386,243.746,106.725,0.0,0.0,0.3946,0.172778,0.0,1,0.0013838929,0.041394039,0.039655758954749876
PODXEN_clean,PODXEN_clean,5.34783,4.01094,5.34783,1.28087,710.366,554.597,0.0,0.0,0.4518,0.352729,0.0,1,0.0039609802,0.1153655062,0.11636174461962467
POHCOG_clean,POHCOG_clean,6.03433,4.98914,5.98921,1.54389,1290.39,835.809,0.0,0.0,0.5212,0.33759,0.0,1,0.0063961732,0.1873187084,0.18774713045325014
POHLUV_clean,POHLUV_clean,3.97953,2.87417,3.95488,1.85031,0.0,0.0,370.645,200.315,0.4316,0.233259,0.0,1,0.0034402863,0.1001278445,0.10074229111237518
POJTUE_clean,POJTUE_clean,2.98206,2.71894,2.98206,1.58829,0.0,0.0,0.0,0.0,0.425,0.267584,0.0,0,0.0015534954,0.0461612013,0.04628583557787528
POKSAL_clean,POKSAL_clean,5.16886,3.80347,5.16886,2.04384,546.746,267.509,0.0,0.0,0.4218,0.206376,0.0,1,0.0030036063,0.089084752,0.08765050484849915
POLDOK_clean,POLDOK_clean,5.06326,4.95206,5.06326,1.44271,500.914,347.204,76.3428,52.9162,0.4724,0.327439,0.0,1,0.0039961537,0.1175850783,0.11656549940750004
POLYEW_clean,POLYEW_clean,5.14291,3.60228,5.14291,1.21883,774.169,635.173,0.0,0.0,0.4678,0.38381,0.0,1,0.0058827355,0.1702651447,0.17068284627425004
POMMAH_clean,POMMAH_clean,14.83525,11.96507,14.83525,1.26278,1468.55,1162.95,199.616,158.076,0.7018,0.555756,0.00015838,1,0.0122245526,0.3582020487,0.3586029639903763
POMSOB_clean,POMSOB_clean,5.67937,4.56222,5.67937,1.11643,1180.95,1057.79,0.0,0.0,0.5376,0.481534,0.0,1,0.0090487066,0.2652307757,0.26483744090225003
PORLEP_clean,PORLEP_clean,7.93943,4.67024,7.92199,1.76214,638.871,362.555,235.766,133.795,0.4966,0.281817,0.0,1,0.003757627,0.1069737902,0.1108142320218747
PORVID_clean,PORVID_clean,7.37109,6.82741,7.37109,1.40599,1511.82,1075.27,0.0,0.0,0.5614,0.399292,0.0,1,0.0095759222,0.2772966152,0.2794540775625012
POTREX_clean,POTREX_clean,14.70007,10.79864,14.70007,0.483438,2025.11,4188.97,0.0,0.0,0.7802,1.61386,0.0,1,0.0376744717,1.0702419927,1.1020416288618662
PUDSIR_clean,PUDSIR_clean,6.84685,5.37896,6.83632,1.0569,2169.92,2053.1,0.0,0.0,0.647,0.61217,0.0,1,0.0135380694,0.3909082379,0.3974351056553757
PUGGOP_clean,PUGGOP_clean,8.14998,6.76772,8.12163,0.920168,2113.5,2296.86,0.0,0.0,0.6298,0.68444,0.0,1,0.0151822024,0.439944629,0.4414709316727476
PUKSUL_clean,PUKSUL_clean,6.59798,4.14111,6.57182,1.5702,2804.07,1785.8,0.0,0.0,0.6962,0.443383,0.0,1,0.0080487507,0.2341056949,0.23577848214550015
PUMNOB_clean,PUMNOB_clean,5.46311,3.57221,5.46311,1.50782,1496.51,992.504,0.0,0.0,0.6142,0.407344,0.0,1,0.0068362121,0.2005897398,0.2019322912542495
PUPHUE_clean,PUPHUE_clean,7.11215,6.70655,7.11215,0.937093,954.53,1018.61,0.0,0.0,0.5324,0.56814,0.0,1,0.0089977645,0.2631238486,0.2635754653143748
PUQYAC_clean,PUQYAC_clean,5.36415,5.07421,5.36415,1.50028,235.559,157.01,320.725,213.777,0.4614,0.307543,0.0,1,0.0041802207,0.1185367558,0.12119812286012506
PURJIW_clean,PURJIW_clean,8.03037,6.16762,8.02661,0.894418,1849.84,2068.21,0.0,0.0,0.6498,0.726506,0.0,1,0.0144936884,0.4230271302,0.4224172481216245
PURNEX_clean,PURNEX_clean,5.09479,3.51841,5.0825,3.89183,1036.85,266.417,0.0,0.0,0.4494,0.115473,0.0,1,0.001917458,0.0559743224,0.05676170978949982
PURRIE_clean,PURRIE_clean,4.99199,2.94614,4.97757,1.35446,0.0,0.0,208.739,154.113,0.3844,0.283804,0.0,1,0.0016448961,0.0478906369,0.04939553683237464
PUWCOZ_clean,PUWCOZ_clean,4.22554,3.14505,4.18276,1.36589,0.0,0.0,639.964,468.533,0.5142,0.376458,0.0,1,0.0054880235,0.1624586642,0.16240826458962596
PUWDIU_clean,PUWDIU_clean,8.22754,6.95777,8.22754,1.0931,2055.27,1880.23,0.0,0.0,0.6384,0.584028,0.0,1,0.0132665234,0.3878120238,0.38715488403037523
PUZTOV_clean,PUZTOV_clean,7.33778,6.60028,7.33778,1.18441,1668.47,1408.69,0.0,0.0,0.6108,0.5157,0.0,1,0.0119383484,0.3435820041,0.3469887216480007
QADBII_clean,QADBII_clean,4.90485,4.23271,4.90165,1.42586,539.675,378.491,0.0,0.0,0.4884,0.34253,0.0,0,0.0033720489,0.0984360473,0.09907458676237493
QADKAH_clean,QADKAH_clean,4.77033,3.53305,4.75355,1.52919,937.023,612.757,0.0,0.0,0.5082,0.332332,0.0,1,0.0060273948,0.183955944,0.1739907562214993
QADWEY_clean,QADWEY_clean,5.10125,3.39709,4.70821,1.83379,898.197,489.805,0.0,0.0,0.5456,0.297527,0.0,0,0.006531826,0.1915530423,0.19026483436799982
QAGDIO_clean,QAGDIO_clean,12.81046,10.08472,12.79582,0.728225,1959.77,2691.16,0.0,0.0,0.7164,0.983763,0.0,1,0.0227164972,0.6631268725,0.668632174229624
QALGUH_SL,QALGUH_SL,7.81866,7.32218,7.81866,0.998911,1796.0,1797.96,0.0,0.0,0.6356,0.636293,0.0,0,0.0141934101,0.4124990473,0.4136423756236221
QARCET_clean,QARCET_clean,5.6311,3.58556,5.5035,1.43101,772.342,539.717,0.0,0.0,0.4414,0.308453,0.0,0,0.0045215598,0.1302061935,0.1313389003546251
QATHOK_clean,QATHOK_clean,9.29834,6.48945,9.29621,1.21668,1222.78,1005.01,0.0,0.0,0.5554,0.456489,0.0,0,0.0076569977,0.2238399018,0.22469615662524983
QATKOO_clean,QATKOO_clean,5.44759,3.80722,5.43097,1.23164,1414.07,1148.12,0.0581087,0.0471799,0.5662,0.459712,0.0,0,0.0090513899,0.2684958595,0.2664680812917512
QAVDEW_clean,QAVDEW_clean,3.85858,2.94555,3.83538,1.58066,0.0,0.0,436.874,276.387,0.5158,0.326318,0.0,1,0.0042388605,0.126246616,0.12527252344862508
QAVZAQ_clean,QAVZAQ_clean,3.43267,2.65506,3.42481,1.88078,0.0,0.0,9.62933,5.11986,0.4054,0.215549,0.0,1,0.001702905,0.0499135153,0.04979562481912513
QAWRIQ_clean,QAWRIQ_clean,4.49398,3.4919,4.49398,1.89418,683.645,360.919,0.0,0.0,0.429,0.226483,0.0,1,0.0038813298,0.1155138612,0.11333299003025026
QEBKUF_SL,QEBKUF_SL,9.81772,5.95471,9.68668,0.686123,2457.39,3581.56,0.0,0.0,0.7136,1.04005,0.0,0,0.0236672255,0.7001324468,0.6956467480901246
QEKLID_clean,QEKLID_clean,5.12126,3.15373,5.07214,1.59211,0.0,0.0,997.398,626.461,0.5014,0.314927,0.0,1,0.0055714738,0.1630513052,0.1622867747300005
QERZUI01_clean,QERZUI01_clean,4.40066,3.54145,4.40066,1.45403,577.348,397.068,0.0,0.0,0.4282,0.294492,0.0,1,0.0045401295,0.1353057981,0.1320496327102503
QETCUO_clean,QETCUO_clean,6.89128,4.79138,6.89128,1.23174,1603.73,1302.0,0.0,0.0,0.5742,0.46617,0.0,1,0.0098403339,0.2829469749,0.2875514319508735
QEZYUR_clean,QEZYUR_clean,4.41553,3.16132,4.41553,2.09685,0.0,0.0,757.214,361.121,0.528,0.251807,0.0,0,0.004262215,0.1199709464,0.12475175410362564
QIDDAI02_clean,QIDDAI02_clean,5.0417,3.16561,5.0417,1.0417,0.0,0.0,1098.19,1054.23,0.5814,0.558125,0.0,1,0.0088320161,0.2679992314,0.259020686247248
QIDDAI_clean_h,QIDDAI_clean_h,5.06102,3.07469,5.02911,1.04837,0.0,0.0,942.424,898.94,0.5614,0.535497,0.0,1,0.0076927894,0.2245437438,0.22620418942412493
QIPROY_clean,QIPROY_clean,5.10002,3.64368,4.72082,0.794412,2326.28,2928.3,0.0,0.0,0.6568,0.826775,0.0,1,0.0165290068,0.4734606692,0.4874423295208751
QIWGOU_clean,QIWGOU_clean,4.95412,3.59777,4.40809,1.51133,204.724,135.46,222.59,147.281,0.4446,0.294179,0.0,1,0.0032483156,0.0956224428,0.09718961563862512
QIWPET_clean,QIWPET_clean,6.87756,5.53647,6.83784,1.18214,1480.3,1252.22,0.0,0.0,0.543,0.459336,0.0,1,0.0107739045,0.3218237094,0.3117173695875006
QIXSOG_clean,QIXSOG_clean,7.51562,5.04263,7.51562,0.608086,2919.24,4800.71,0.0,0.0,0.776,1.27614,0.0,1,0.0255128434,0.7404568329,0.7428886877128735
QIYCAE_clean,QIYCAE_clean,4.96943,3.02335,4.95979,1.14656,0.0,0.0,665.958,580.831,0.4844,0.422481,0.0,1,0.00426049,0.1127968096,0.12392971704624982
QOBPEE_clean,QOBPEE_clean,5.93943,5.1846,5.93943,1.67865,1062.24,632.793,0.0,0.0,0.4286,0.255324,0.0,0,0.0064203273,0.1837058483,0.16732481961962453
QOBWEJ_clean,QOBWEJ_clean,4.72732,2.92871,4.65247,2.00105,0.0,0.0,759.681,379.641,0.5418,0.270757,0.0,1,0.0053619723,0.1626445902,0.15752711796662525
QODHUO02_clean,QODHUO02_clean,7.03734,3.63732,6.65847,1.31371,1014.75,772.431,0.0,0.0,0.5018,0.381972,0.0,1,0.0051993853,0.156715966,0.15336585613787493
QODHUO07_clean,QODHUO07_clean,7.03774,3.77448,6.9742,1.32931,1016.48,764.667,0.0,0.0,0.4848,0.364699,0.0,1,0.0053592806,0.1544421064,0.15552742700284444
QODHUO09_clean,QODHUO09_clean,7.01869,3.81528,6.63722,1.33794,1007.41,752.957,0.0,0.0,0.4858,0.363096,0.0,1,0.005271896,0.1547842079,0.15464305604915551
QOFCAR_clean,QOFCAR_clean,7.04297,3.82338,7.04297,1.33044,1025.08,770.483,0.0,0.0,0.4874,0.366345,0.0,1,0.0053258142,0.1560131705,0.1558272190750001
QOFCIZ_clean,QOFCIZ_clean,7.04341,3.83129,7.04341,1.32486,1021.89,771.322,0.0,0.0,0.4928,0.371964,0.0,1,0.0053276734,0.1581949973,0.15601661193256267
QOFCOF_clean,QOFCOF_clean,7.02932,3.80353,7.02932,1.32333,1025.15,774.676,0.0,0.0,0.4948,0.373906,0.0,1,0.0054159877,0.1577580742,0.15758820054762576
QOFDIA02_clean,QOFDIA02_clean,7.01083,3.77871,6.95045,1.33425,1016.66,761.974,0.0,0.0,0.4834,0.362301,0.0,1,0.0053416178,0.1530857854,0.15495583641296923
QOFDIA05_clean,QOFDIA05_clean,7.02958,3.74465,6.95589,1.32702,1017.45,766.718,0.0,0.0,0.49,0.36925,0.0,1,0.0052505146,0.1563747941,0.1545395643249994
QOFKUT_clean,QOFKUT_clean,5.30234,4.62006,5.27677,1.31152,1132.35,863.381,0.0,0.0,0.538,0.410209,0.0,1,0.0074621234,0.2119572276,0.21857789026875
QOGZET_clean,QOGZET_clean,4.96309,2.71489,4.94306,2.02292,0.0,0.0,644.73,318.713,0.4608,0.22779,0.0,1,0.005264106,0.1497199203,0.15345221267612497
QOHTUD_clean,QOHTUD_clean,6.67584,5.81143,6.66422,1.12235,912.162,812.727,0.0,0.0,0.4922,0.438545,0.0,1,0.0058032994,0.1679405041,0.17050271880649995
QOJKAB_clean,QOJKAB_clean,5.80501,4.09157,5.4799,1.16562,2116.28,1815.58,0.0,0.0,0.6686,0.5736,0.0,0,0.0112760795,0.3287604774,0.3297742596222493
QONQAM_clean,QONQAM_clean,6.95521,6.65822,6.95521,0.957388,1627.93,1700.38,0.0,0.0,0.609,0.636106,0.0,0,0.01501781,0.3938035899,0.3980326280167508
QOPPOC_clean,QOPPOC_clean,4.21204,3.56876,4.20993,1.51146,562.274,372.007,0.0,0.0,0.4702,0.31109,0.0,1,0.0049239166,0.143593988,0.14558125095000019
QOQDAD_clean,QOQDAD_clean,4.99584,2.9157,4.9467,1.38228,0.0,0.0,603.967,436.935,0.4524,0.327285,0.0,0,0.0045677908,0.1345381321,0.13333406712625007
QOSJUF_clean,QOSJUF_clean,6.12081,5.11749,6.09552,1.41231,1533.09,1085.52,0.0,0.0,0.5616,0.397647,0.0,1,0.007880593,0.2333105427,0.22829267813487558
QOSKAM_clean,QOSKAM_clean,8.09283,3.98695,8.04748,1.17505,1628.38,1385.79,0.0,0.0,0.6158,0.524061,0.0,1,0.0108747759,0.3191695437,0.31167129836899987
QOSXOM_clean,QOSXOM_clean,11.03802,8.53557,11.03802,1.03996,1270.59,1221.78,36.3048,34.91,0.5972,0.574255,0.0,1,0.0100352139,0.2950343287,0.2935617773283735
QOTZEG_clean,QOTZEG_clean,6.98929,6.77562,6.98929,1.52277,1495.88,982.34,0.0,0.0,0.5546,0.364204,0.0,1,0.0084839847,0.2552166404,0.24742419665575038
QOVGOY_clean,QOVGOY_clean,4.75346,3.30527,4.75346,1.4516,0.0,0.0,798.517,550.094,0.5064,0.348856,0.0,1,0.0051451737,0.153826771,0.15029766670850037
QUFTAM_clean,QUFTAM_clean,4.97686,4.54571,4.97686,1.56592,814.078,519.872,0.0,0.0,0.4264,0.2723,0.0,1,0.0051044318,0.1532546086,0.14815727298224995
QUFXIZ_clean,QUFXIZ_clean,4.67454,3.3342,4.67454,1.48268,312.717,210.914,0.0,0.0,0.406,0.273829,0.0,1,0.0027371645,0.0762972817,0.07943819629249992
QUKYOL_clean,QUKYOL_clean,4.31995,2.89067,4.31995,2.04489,0.0,0.0,512.193,250.475,0.4492,0.21967,0.0,1,0.0032811462,0.0960966629,0.09630692221400038
QUKYUR_clean,QUKYUR_clean,4.2216,2.88893,4.2216,2.13114,0.0,0.0,437.358,205.223,0.4372,0.205148,0.0,1,0.0030271485,0.0888747855,0.0888173963745
QUMYUT_clean,QUMYUT_clean,3.75481,2.67116,3.75481,1.52763,0.0,0.0,71.7612,46.9754,0.381,0.249405,0.0,1,0.0017197103,0.049686929,0.051334035960124993
QUNVIG_clean,QUNVIG_clean,7.99116,6.98056,7.99116,0.854766,1939.43,2268.96,0.0,0.0,0.6666,0.779862,0.0,0,0.0167202728,0.4790741489,0.48808693456437474
QUPDEL01_clean,QUPDEL01_clean,4.31787,3.88877,4.31787,2.05035,791.695,386.128,0.0,0.0,0.4768,0.232546,0.0,1,0.0038139394,0.1172790604,0.1106399940388745
QUQBAH_clean,QUQBAH_clean,9.66456,8.22981,9.66456,0.719522,1817.4,2525.84,0.0,0.0,0.7038,0.978149,0.0,0,0.0212766453,0.6035185474,0.6158535667281252
QUSHUJ_clean,QUSHUJ_clean,7.15336,4.82289,7.11748,0.903996,1600.62,1770.61,0.0,0.0,0.599,0.662614,0.0,1,0.0117205102,0.341089139,0.343761847355376
QUTTII01_clean,QUTTII01_clean,5.86223,4.35313,5.84737,1.55825,1478.82,949.028,0.0,0.0,0.4966,0.31869,0.0,1,0.0078039804,0.2271922233,0.2263787242442498
QUWYEO_clean,QUWYEO_clean,4.99055,3.64708,4.98531,1.56862,445.43,283.963,0.0,0.0,0.3404,0.217006,0.0,0,0.0034767288,0.1010066515,0.10046734575612495
QUZVEO_clean,QUZVEO_clean,9.48553,8.8403,9.48103,1.4036,1600.03,1139.94,0.0,0.0,0.619,0.441008,0.0,1,0.009171785,0.2682861497,0.26649134147512604
QUZZES_clean,QUZZES_clean,5.06119,3.42679,5.05316,1.0324,1234.19,1195.46,0.0,0.0,0.5416,0.524604,0.0,0,0.0112352179,0.3236304221,0.32718438116525006
RAFNIV_clean,RAFNIV_clean,5.08011,4.95466,5.07716,1.28742,668.968,519.62,0.0,0.0,0.4346,0.337575,0.0,0,0.0035116126,0.1044780416,0.10415353966987519
RAFNUH_clean,RAFNUH_clean,4.89776,4.80325,4.89776,1.32249,640.157,484.055,0.0,0.0,0.4324,0.326959,0.0,0,0.0033409344,0.0986108281,0.0982422445274998
RAJFAL_clean,RAJFAL_clean,3.99252,2.95999,3.97563,1.3256,0.0,0.0,189.605,143.033,0.43,0.324381,0.0,1,0.0045359336,0.1319909821,0.13222532710837454
RAKDEN_clean,RAKDEN_clean,8.39033,7.40998,8.36675,1.20923,2036.82,1684.4,0.0,0.0,0.668,0.55242,0.0,0,0.0115482494,0.3358050852,0.3412097936488748
RANPAA_clean,RANPAA_clean,6.05316,4.94809,6.0477,1.2743,1610.55,1263.87,0.0,0.0,0.5832,0.457663,0.0,1,0.009153377,0.2652986942,0.26883089192387555
RANWAH_clean,RANWAH_clean,16.74527,9.32901,16.72649,0.807635,1226.12,1518.16,378.27,468.367,0.6974,0.863509,0.0,1,0.0218734365,0.6329934382,0.6287543904485005
RAPBOZ_clean,RAPBOZ_clean,6.26431,4.41375,6.26263,1.54927,1120.19,723.042,0.0,0.0,0.4916,0.31731,0.0,1,0.0078275173,0.1757844245,0.22637518503162427
RAVVIU01_clean,RAVVIU01_clean,4.59869,3.5679,4.59657,1.86048,691.944,371.917,0.0,0.0,0.4344,0.233488,0.0,0,0.0030083484,0.0889265424,0.08837485245237475
RAXQEO_clean,RAXQEO_clean,8.85312,4.24768,8.85312,0.848051,1428.37,1684.3,0.0,0.0,0.631,0.744059,0.0,1,0.0109416315,0.3244571004,0.326728090419251
RAXYOF_clean,RAXYOF_clean,4.79754,4.32387,4.79754,1.30004,712.796,548.286,0.0,0.0,0.4292,0.330142,0.0,0,0.0035764912,0.1072947369,0.10587845406675031
RAYFAA_clean,RAYFAA_clean,15.81778,9.45289,13.62877,0.959285,1554.88,1620.88,0.0,0.0,0.6988,0.728459,0.0,1,0.015769938,0.4538567059,0.46082615004075117
RAZYIC_clean,RAZYIC_clean,7.88308,6.20532,7.88308,1.40501,1615.19,1149.59,0.0,0.0,0.5966,0.424622,0.0,0,0.0093097249,0.2736031431,0.2709617277595004
REGMOH_clean,REGMOH_clean,5.75637,3.63199,5.752,1.21306,695.864,573.642,0.0,0.0,0.461,0.380029,0.0,0,0.0046971402,0.1335761981,0.13774837886462477
REGRAY_clean,REGRAY_clean,9.45537,5.54963,9.26082,0.925798,2318.33,2504.14,0.0,0.0,0.7126,0.769715,0.0,1,0.017755111,0.521657702,0.514593007784626
REGREC_clean,REGREC_clean,7.78665,6.48187,7.78665,0.899667,2411.03,2679.92,0.0,0.0,0.7204,0.800741,0.0,1,0.018393463,0.5289398099,0.5301322735369971
REJLAU_clean,REJLAU_clean,4.47497,3.84758,4.42236,1.74913,1220.58,697.821,0.0,0.0,0.5078,0.290316,0.0,1,0.0031462755,0.0935421098,0.0931133739655002
REJLIC_clean,REJLIC_clean,7.01256,4.27999,7.01256,1.09096,1719.24,1575.89,0.0,0.0,0.5716,0.523941,0.0,0,0.0105049572,0.3124368259,0.31077748926425114
RENWEM01_clean,RENWEM01_clean,3.12344,2.64694,3.12344,1.58333,0.0,0.0,0.0,0.0,0.4526,0.285853,0.0,1,0.0022382121,0.0668826262,0.05824589808437505
RETBEZ_clean,RETBEZ_clean,5.70035,3.74465,5.68395,1.36188,872.92,640.965,0.0,0.0,0.4694,0.344669,0.0,1,0.0051688813,0.1521625962,0.15117311892312515
REXCOO_clean,REXCOO_clean,8.77219,5.8473,8.77219,1.32352,1734.33,1310.39,0.0,0.0,0.6516,0.492323,0.0,0,0.0089880429,0.2658217186,0.2657158174528741
REYMOZ_clean,REYMOZ_clean,13.17296,6.59717,13.17189,0.883255,2124.84,2405.69,0.0,0.0,0.7188,0.813808,0.0,1,0.0195399079,0.5635808077,0.5728254316782535
RIFQEC_clean,RIFQEC_clean,4.46708,2.94138,4.46708,2.65252,0.0,0.0,471.642,177.809,0.3802,0.143335,0.0,1,0.0019695222,0.0574378813,0.058056849923499854
RIFQUT_clean,RIFQUT_clean,5.6172,4.23676,5.6163,1.93171,1255.63,650.01,0.0,0.0,0.475,0.245896,0.0,1,0.0043446567,0.1274669612,0.12835080824337558
RIFSOQ_clean,RIFSOQ_clean,12.93918,4.8446,12.92898,0.716983,1922.33,2681.14,0.0,0.0,0.6812,0.950093,0.0,0,0.0211472764,0.612614192,0.611835166250626
RINSEM_clean,RINSEM_clean,5.77452,4.19628,5.77452,1.18323,2019.49,1706.76,0.0,0.0,0.6626,0.559992,0.0,0,0.0110236094,0.3362432478,0.3235599454234998
RIPKIM_clean,RIPKIM_clean,7.16555,6.65101,7.16555,1.28891,929.295,720.995,0.0,0.0,0.4824,0.374271,0.0,0,0.0048771543,0.1486608057,0.14259246434512504
RIPTAM_clean,RIPTAM_clean,5.57227,3.16505,5.5704,1.36277,0.0,0.0,924.811,678.626,0.5064,0.371596,0.0,1,0.005863412,0.1746833311,0.1706219721538757
RIRDED_clean,RIRDED_clean,8.69638,4.93276,7.75095,1.22642,1303.46,1062.82,0.0,0.0,0.5456,0.444872,0.0,1,0.008153465,0.2371196878,0.23820122283500073
RIWMUH_clean,RIWMUH_clean,10.50032,10.04767,10.50032,0.982459,1440.31,1466.03,0.0,0.0,0.6132,0.624148,0.0,1,0.0129557834,0.36914495,0.3802518844897494
RIWSUM_clean,RIWSUM_clean,5.96762,4.61739,5.59799,1.1098,1315.0,1184.9,1.14823,1.03463,0.578,0.520815,0.0,1,0.0084058952,0.2407637701,0.2476412071104998
RIYBEI_clean,RIYBEI_clean,8.30815,7.80553,8.30815,1.20426,2064.05,1713.96,0.0,0.0,0.6688,0.555362,0.0,0,0.0113329788,0.3238210278,0.32585814405362507
RIYBIM_clean,RIYBIM_clean,8.35741,7.50788,8.28491,1.24126,2090.26,1683.99,0.0,0.0,0.6636,0.534619,0.0,0,0.0114080273,0.3241804705,0.32881554062262663
ROJNEJ_clean,ROJNEJ_clean,4.01951,2.77756,4.018,1.69461,0.0,0.0,471.602,278.295,0.4414,0.260472,0.0,0,0.004784233,0.1404442402,0.14171405365475004
RONZOJ_clean,RONZOJ_clean,4.79668,3.08547,4.79668,1.8064,0.0,0.0,616.399,341.231,0.4724,0.261515,0.0,1,0.0032420422,0.0938341454,0.09594815951000008
ROQDIM01_clean,ROQDIM01_clean,5.18977,2.65274,5.18977,1.04189,0.0,0.0,919.887,882.899,0.579,0.555719,0.0,0,0.0072447343,0.2154801356,0.21480197467874898
ROQDIM02_clean,ROQDIM02_clean,5.22188,2.67795,5.22188,1.03483,0.0,0.0,945.617,913.785,0.5816,0.562022,0.0,0,0.0074657553,0.2195368511,0.21959540869662544
ROQDIM_clean,ROQDIM_clean,5.15806,2.62729,5.15806,1.04931,0.0,0.0,895.138,853.07,0.5766,0.549502,0.0,0,0.0068544503,0.2075443609,0.19979966182449937
ROQFUA04_clean,ROQFUA04_clean,5.27507,2.77816,5.27507,0.996978,0.0,0.0,1010.45,1013.51,0.5684,0.570123,0.0,0,0.0078929276,0.2388994564,0.2323470699468753
ROQMER_clean,ROQMER_clean,5.1464,2.63571,5.1464,1.04926,0.0,0.0,899.021,856.81,0.5746,0.547622,0.0,0,0.0068091414,0.1994720342,0.20012553086987478
ROQNES_clean,ROQNES_clean,5.09432,2.67474,5.09432,1.02615,0.0,0.0,920.053,896.609,0.55,0.535985,0.0,0,0.0071828944,0.2103758499,0.2093816038424995
ROQRAS_clean,ROQRAS_clean,3.82024,2.67022,3.67959,2.12141,0.0,0.0,149.707,70.5698,0.4546,0.214292,0.0,1,0.0019389614,0.0571696861,0.05808574144637455
RORRIB_clean,RORRIB_clean,5.56844,4.5608,5.56844,2.09957,1607.82,765.783,0.0,0.0,0.5896,0.280819,0.0,1,0.0053224375,0.153598048,0.15696379228174923
ROTQIC_clean,ROTQIC_clean,4.94875,3.6681,4.74718,1.32167,723.976,547.773,0.0,0.0,0.481,0.363934,0.0,1,0.0049519924,0.1427974911,0.14582483452175057
ROYJUM_clean,ROYJUM_clean,8.75922,3.76722,8.42147,1.05929,1657.4,1564.64,0.0,0.0,0.5928,0.559622,0.0,0,0.0130424097,0.3806328791,0.375629432192375
ROYROO_clean,ROYROO_clean,6.57261,5.08535,6.54322,1.19171,1317.71,1105.73,1.69583,1.42302,0.5486,0.460348,0.0,1,0.0091976557,0.2690906228,0.2700710519621247
RUBTAK01_SL,RUBTAK01_SL,8.70379,4.00842,8.70379,1.20121,1712.27,1425.46,0.0,0.0,0.5914,0.492338,0.000832496,0,0.0097752856,0.2971580299,0.28562247010337427
RUFDUT_clean,RUFDUT_clean,4.69173,3.85639,4.65615,1.66558,994.805,597.274,0.0,0.0,0.4696,0.281944,0.0,1,0.0054467337,0.1539269048,0.15819981789924947
RUFMUA01_clean,RUFMUA01_clean,4.11681,2.9225,4.01453,1.51217,0.0,0.0,359.122,237.488,0.3882,0.256717,0.0,1,0.0038845916,0.1149329041,0.11386484689287485
RUFZID_clean,RUFZID_clean,10.67067,8.77989,10.67019,0.799166,1949.96,2439.99,0.0,0.0,0.71,0.888426,0.0,1,0.0186071365,0.5342152318,0.5465707454904969
RUGGIL_clean,RUGGIL_clean,3.81858,2.92117,3.81858,1.83565,0.0,0.0,324.169,176.596,0.5394,0.293847,0.0,1,0.0037795337,0.1134692343,0.11257096011749967
RUGGUX_clean,RUGGUX_clean,3.78929,2.90906,3.78929,1.90405,0.0,0.0,267.972,140.738,0.52,0.273102,0.0,1,0.00334554,0.1040096708,0.09860598348337478
RUGHEI_clean,RUGHEI_clean,3.7967,2.91404,3.7967,1.93097,0.0,0.0,237.42,122.954,0.5172,0.267845,0.0,1,0.0035093352,0.1029372035,0.10374922638974965
RUGHOS_clean,RUGHOS_clean,3.74757,2.86804,3.74757,2.005,0.0,0.0,228.769,114.099,0.511,0.254862,0.0,1,0.0031987947,0.0991848699,0.09423826042675007
RUGXOI_clean,RUGXOI_clean,5.21341,3.72816,5.20196,1.19066,1517.77,1274.73,0.0,0.0,0.586,0.492165,0.0,0,0.0105885431,0.3133812899,0.3076202631688738
RUHFEH_clean,RUHFEH_clean,9.84183,8.46338,9.78525,0.895692,2177.87,2431.49,0.0,0.0,0.7858,0.87731,0.0,1,0.0194270978,0.5692148976,0.5702358960731262
RULVUP_clean,RULVUP_clean,5.01128,4.18788,4.96894,1.11888,878.165,784.859,0.0,0.0,0.5036,0.450092,0.0,1,0.0064573419,0.1929261452,0.19027826011837423
RUNXUV_clean,RUNXUV_clean,5.8356,4.62926,5.8296,1.09463,1307.34,1194.33,0.0,0.0,0.5502,0.502636,0.0,0,0.0093092606,0.2719192085,0.27231885959312574
RUPVAB_clean,RUPVAB_clean,13.61739,4.61754,13.61739,0.953237,2216.88,2325.64,0.0,0.0,0.6886,0.722381,0.0,1,0.0170129475,0.4860266476,0.4983466929702485
RUSWIN_clean,RUSWIN_clean,6.48006,3.76789,6.3774,1.27344,1499.33,1177.39,0.0,0.0,0.5498,0.431746,0.0,1,0.0083372441,0.2547647918,0.2468231710472484
RUSXEK_clean,RUSXEK_clean,6.54291,3.90146,6.54291,1.24418,1488.27,1196.19,0.0,0.0,0.5602,0.450258,0.0,1,0.0088578109,0.2636616304,0.2606696380876244
RUWWUC_clean,RUWWUC_clean,5.12851,4.00559,5.12851,1.54997,877.489,566.133,0.0,0.0,0.4642,0.29949,0.0,1,0.0048779611,0.1417364515,0.14275511219174963
RUWXAJ_clean,RUWXAJ_clean,5.17293,4.0299,5.17293,1.53238,836.842,546.106,0.0,0.0,0.4794,0.312847,0.0,1,0.0044516724,0.1298820711,0.13264453843950005
RUWZUG_clean,RUWZUG_clean,6.65442,5.67424,6.65442,1.10163,1013.24,919.768,0.0,0.0,0.4878,0.442798,0.0,0,0.0058540264,0.1706127252,0.17150506384787495
RUXKUS_clean,RUXKUS_clean,5.88596,2.93597,5.83712,1.08185,0.0,0.0,980.068,905.918,0.549,0.507463,0.0,1,0.0064054339,0.1863191668,0.18787248342337506
RUYTUC_clean,RUYTUC_clean,9.67783,7.26872,9.67783,1.16505,1440.32,1236.27,0.0,0.0,0.5776,0.495773,0.0,1,0.0102311494,0.294557356,0.2983504014472506
SABKIS_clean,SABKIS_clean,6.81493,5.97974,6.81375,1.3839,1674.07,1209.68,0.0,0.0,0.6086,0.439772,0.0,1,0.0098671858,0.289017733,0.2875149985961247
SABXEB_clean,SABXEB_clean,4.46851,2.96544,4.43427,1.77741,0.0,0.0,440.42,247.787,0.4316,0.242825,0.0,1,0.0036418213,0.1053938639,0.10756059103674998
SADLIU_clean,SADLIU_clean,6.85652,6.48147,6.85652,1.67165,1571.6,940.146,0.0,0.0,0.549,0.328417,0.0,0,0.0084724309,0.2496627214,0.2461396134682511
SADMIV_clean,SADMIV_clean,3.01628,2.78558,3.01628,1.5669,0.0,0.0,0.0,0.0,0.4248,0.271109,0.0,0,0.0023750513,0.0701655558,0.06609775066662507
SAHBAF_clean,SAHBAF_clean,3.95463,2.96684,3.95463,1.55745,0.0,0.0,483.564,310.483,0.5306,0.340684,0.0,0,0.006080939,0.1783880124,0.17531376881237518
SANJAV_clean,SANJAV_clean,6.50945,4.91174,6.48422,1.32827,1290.56,971.607,0.0,0.0,0.515,0.387722,0.0,1,0.0090712304,0.2637789669,0.26471133463937524
SAPJEZ_clean,SAPJEZ_clean,6.92299,3.26636,6.92274,1.48778,0.0,0.0,1369.63,920.584,0.5514,0.370619,0.0,0,0.0128059943,0.2465394751,0.24644409971775116
SAQZOB_clean,SAQZOB_clean,5.52453,3.15029,5.42513,1.07284,0.0,0.0,869.185,810.17,0.4982,0.464374,0.0,1,0.0066807179,0.1905416761,0.19676475188100018
SARHAW_clean,SARHAW_clean,11.26396,10.8267,11.26396,1.13289,1578.11,1393.0,0.0,0.0,0.6352,0.560691,0.0,1,0.0143290765,0.4192749625,0.4165829598574998
SEFTUU_clean,SEFTUU_clean,11.47019,3.47366,11.47019,0.90919,1502.21,1652.25,0.0,0.0,0.6416,0.705683,0.0,0,0.0122427421,0.3705431927,0.3590306456547517
SEFVUW_clean,SEFVUW_clean,11.26795,3.60856,11.26795,0.928704,1552.88,1672.09,0.0,0.0,0.6514,0.701407,0.0,0,0.0123488131,0.358374217,0.3594460175741254
SEFWAD_clean,SEFWAD_clean,11.60905,3.66396,11.60905,0.909829,1580.0,1736.59,0.0,0.0,0.6436,0.707386,0.0,0,0.0127576238,0.3729345321,0.3731678157927504
SEFWOR_clean,SEFWOR_clean,11.5954,3.6311,11.5954,0.926162,1578.03,1703.84,0.0,0.0,0.6492,0.700957,0.0,0,0.0119934839,0.3571598008,0.3448229542653752
SEHSOO_clean,SEHSOO_clean,5.47299,4.61822,5.4729,1.35698,2221.14,1636.82,0.0,0.0,0.6394,0.471192,0.0,1,0.0109155805,0.3193442182,0.3224908320326271
SEQSOY_clean,SEQSOY_clean,6.18995,5.53555,6.17075,1.00925,1555.89,1541.63,0.0,0.0,0.5934,0.587963,0.0,1,0.0139521632,0.4027571063,0.3931526103559999
SERCEZ_clean,SERCEZ_clean,10.07441,8.56931,10.07441,0.708098,2363.51,3337.82,0.0,0.0,0.7424,1.04844,0.0,1,0.0241059553,0.6765069495,0.7014314579311218
SERWAP_clean,SERWAP_clean,5.42763,4.05857,5.33801,0.873598,1883.71,2156.27,0.0,0.0,0.6098,0.698033,0.0,0,0.0135635217,0.3902634998,0.39777462141775144
SETQAL_clean,SETQAL_clean,4.42679,4.26632,4.42679,1.31307,1092.38,831.931,0.0,0.0,0.5278,0.40196,0.0,0,0.0072072652,0.212467342,0.21079909868887511
SEYDUW_clean,SEYDUW_clean,4.09478,3.2522,4.09478,1.64876,0.0,0.0,365.072,221.422,0.4714,0.285911,0.0,1,0.0039625189,0.1185473477,0.11768437356225071
SIPCID_clean,SIPCID_clean,5.31594,4.0774,5.2787,1.47588,738.038,500.065,0.0,0.0,0.506,0.342845,0.0,0,0.0033711826,0.096030837,0.09920639489125013
SISPUH_clean,SISPUH_clean,5.99511,5.1936,5.99511,1.69632,1257.02,741.025,0.0,0.0,0.5152,0.303716,0.0,1,0.0066101878,0.1899704669,0.19388432824849994
SIVVAW_clean,SIVVAW_clean,5.08743,3.23479,5.07493,1.60763,0.0,0.0,602.076,374.512,0.4514,0.280786,0.0,0,0.0043620034,0.1240639536,0.1273423998618755
SIWTEZ_clean,SIWTEZ_clean,6.78942,4.98966,6.77665,1.39975,1050.66,750.605,0.0,0.0,0.4732,0.33806,0.0,1,0.0062885982,0.1866031142,0.18375399577050033
SIWZOP_clean,SIWZOP_clean,3.50117,3.2101,3.48713,1.31981,0.0,0.0,29.3794,22.2604,0.4692,0.355507,0.0,0,0.0030199392,0.0862970966,0.08901303486800011
SIZJUH_clean,SIZJUH_clean,6.46611,5.64692,6.46611,1.69172,651.341,385.016,66.1469,39.1003,0.474,0.280188,0.0,1,0.0039612189,0.1202531542,0.11732728311949973
SIZPUN_clean,SIZPUN_clean,19.22538,6.71018,19.22499,0.693763,2153.01,3103.37,0.0,0.0,0.757,1.09115,0.0,1,0.0270262473,0.773383803,0.7746692909319952
SOBTUY_clean,SOBTUY_clean,5.30158,4.93345,5.25562,1.24028,1722.57,1388.85,0.0,0.0,0.5708,0.460217,0.0,1,0.0083879503,0.24606458,0.2469193504811254
SOBZEQ_clean,SOBZEQ_clean,7.06044,5.44324,7.04565,0.861876,2509.51,2911.69,0.0,0.0,0.7062,0.819376,0.0,1,0.0191032187,0.5703613924,0.5574070670940019
SOCWOX_clean,SOCWOX_clean,3.64888,2.89515,3.64888,1.71098,0.0,0.0,170.445,99.6183,0.4742,0.277151,0.0,1,0.0029752182,0.0875369929,0.08743282529687516
SODXUG_clean,SODXUG_clean,4.72864,4.01613,4.71178,1.34536,905.757,673.244,0.0,0.0,0.4682,0.34801,0.0,1,0.0064420658,0.185110325,0.18901219124474938
SODZIV_clean,SODZIV_clean,6.23207,5.25681,6.23207,1.2688,1153.66,909.256,0.0,0.0,0.5338,0.420714,0.0,1,0.0061408335,0.1842624979,0.1794969829147503
SOHMIM_clean,SOHMIM_clean,8.13654,7.41946,8.10265,1.23579,2022.73,1636.78,0.0,0.0,0.6656,0.538601,0.0,0,0.0110163269,0.3168764101,0.3155767385862507
SOJKOT03_clean,SOJKOT03_clean,3.48714,3.20549,3.48363,1.59604,0.0,0.0,30.7555,19.2699,0.4506,0.282323,0.0,0,0.0023680875,0.0670568918,0.06990440636474973
SOKKUZ_clean,SOKKUZ_clean,6.70484,6.32665,6.70484,1.05966,2286.47,2157.74,0.0,0.0,0.6502,0.613593,0.0,0,0.0158831394,0.4693819848,0.45711614358200076
SOMFEG_clean,SOMFEG_clean,6.71551,6.34258,6.71551,1.05531,2284.15,2164.44,0.0,0.0,0.6512,0.61707,0.0,0,0.0161227064,0.467236563,0.4665081608883746
SOMFIK_clean,SOMFIK_clean,6.73279,6.35537,6.73279,1.03071,2266.62,2199.08,0.0,0.0,0.6584,0.63878,0.0,0,0.0167620604,0.4819096615,0.4873201791707505
SOSSEA_clean,SOSSEA_clean,4.66034,3.46037,4.63504,1.16769,974.945,834.933,0.0,0.0,0.5088,0.435731,0.0,0,0.0070056531,0.2090148439,0.2048869249567511
SOTBIM_clean,SOTBIM_clean,5.21188,2.9066,5.19393,1.48535,0.0,0.0,616.213,414.86,0.4698,0.316289,0.0,1,0.0073141367,0.2151794447,0.21038872573299994
SOVHAM_clean,SOVHAM_clean,4.88485,4.19849,4.88485,1.17469,1409.46,1199.86,0.0,0.0,0.5526,0.470422,0.0,1,0.0070739878,0.2044334902,0.20732360902662478
SOVLEW_clean,SOVLEW_clean,16.78989,6.64048,16.78989,0.755158,2186.99,2896.07,0.0,0.0,0.742,0.982576,0.0,1,0.0232450474,0.6680004115,0.6648157375543741
SOXDAM_clean,SOXDAM_clean,7.87287,4.28499,7.87287,1.75813,1069.27,608.188,0.0,0.0,0.4738,0.26949,0.0,1,0.0050436963,0.1498505148,0.14819622520250023
SOYWOT_neutral_b,SOYWOT_neutral_b,13.17245,6.57882,13.17245,0.881994,2147.64,2434.99,0.0,0.0,0.7166,0.812478,0.0,1,0.0196942536,0.5702422141,0.571714480697251
SOZBIS_clean,SOZBIS_clean,7.02326,5.68654,7.02326,1.02671,2667.76,2598.37,0.0,0.0,0.7458,0.7264,0.0,0,0.0141669334,0.4123746162,0.41133989959725126
SUCLOT_clean,SUCLOT_clean,5.75412,5.30597,5.75185,0.900285,1657.72,1841.33,0.0,0.0,0.6148,0.682895,0.0,1,0.0135751472,0.3949227918,0.3979155926782512
SUHBAA_clean,SUHBAA_clean,11.92534,10.15941,10.7957,0.715863,1973.75,2757.16,0.0,0.0,0.807,1.12731,0.000279383,1,0.0260026463,0.7654323232,0.7541286226311229
SUKKUF_clean,SUKKUF_clean,5.04,3.85862,5.04,2.47267,613.367,248.059,0.0,0.0,0.3764,0.152224,0.0,1,0.002904279,0.082832266,0.0853255647866251
SURDOA_clean,SURDOA_clean,4.38797,3.72635,4.38797,1.29817,708.567,545.82,0.0,0.0,0.448,0.345101,0.0,0,0.004095857,0.1181473127,0.12013929269337481
SUSRUV_clean,SUSRUV_clean,7.5604,3.02876,7.55252,1.19859,0.0,0.0,1206.18,1006.33,0.5328,0.444521,0.0,1,0.0078432932,0.2304532525,0.22916732088000002
SUTJIC_clean,SUTJIC_clean,5.35062,3.21758,5.35062,1.19271,0.0,0.0,406.99,341.232,0.445,0.373101,0.0,1,0.0029243155,0.0832706985,0.08651795719675008
TAFPOG_clean,TAFPOG_clean,4.50085,2.84285,4.46717,1.62237,0.0,0.0,597.144,368.069,0.487,0.300178,0.0,0,0.0060689047,0.1321478887,0.17469602695074962
TAHYUZ_clean,TAHYUZ_clean,4.56041,2.93335,4.55647,1.76079,0.0,0.0,223.124,126.718,0.3476,0.197411,0.0,1,0.0014419425,0.0449895763,0.042741756640875164
TAJQEC_clean,TAJQEC_clean,5.00436,2.9023,4.99835,1.43268,0.0,0.0,706.528,493.15,0.5244,0.366026,0.0,1,0.0060713569,0.1721055041,0.17735047332375029
TAKHEV_clean,TAKHEV_clean,10.20812,9.46941,10.20812,1.57295,1231.54,782.951,0.0,0.0,0.5872,0.373312,0.0,1,0.0067188734,0.2023347472,0.19872915652850004
TANBOZ_clean,TANBOZ_clean,6.76714,4.26504,6.76714,1.06143,2653.84,2500.25,0.0,0.0,0.7164,0.674939,0.0,1,0.0115839815,0.3455255907,0.33853260270249996
TAPXIT01_clean,TAPXIT01_clean,5.69893,5.36843,5.69893,1.57809,498.722,316.029,0.0,0.0,0.4096,0.259554,0.0,1,0.0029583397,0.0880267885,0.0863004430882498
TAQGEZ_clean,TAQGEZ_clean,8.38886,8.25863,8.38886,0.927218,1939.79,2092.05,0.0,0.0,0.7086,0.764222,0.0,0,0.0160497172,0.4633204057,0.4639184751302482
TARVOX_clean,TARVOX_clean,4.82249,4.38256,4.82249,1.56156,717.335,459.371,0.0,0.0,0.4084,0.261533,0.0,1,0.0039707776,0.1174021924,0.1164051355133747
TARWEO_clean,TARWEO_clean,5.90162,5.41792,5.90162,1.76228,855.544,485.476,0.0,0.0,0.4612,0.261707,0.0,1,0.003797169,0.110685191,0.11165638942299953
TASVUG_clean,TASVUG_clean,7.60995,6.84404,7.60152,1.19319,1872.8,1569.57,0.0,0.0,0.6146,0.515088,0.0,1,0.0105546283,0.3083299296,0.30660246997399926
TAWTAP_clean,TAWTAP_clean,4.72389,3.94843,4.7043,1.63068,1518.12,930.97,0.0,0.0,0.6006,0.368312,0.0,0,0.0072214932,0.2144107167,0.21087169264774983
TAZLIR_clean,TAZLIR_clean,11.03662,6.77118,11.03522,0.972357,2245.68,2309.52,0.0,0.0,0.737,0.757952,0.0,1,0.0174573047,0.5020264792,0.5054444002798756
TAZLOX_clean,TAZLOX_clean,11.11165,6.76913,11.10718,0.977004,2218.73,2270.96,0.0,0.0,0.7358,0.753118,0.0,1,0.0174395405,0.4946236003,0.5029413142728735
TAZSAP02_clean,TAZSAP02_clean,4.8997,3.82043,4.80699,1.96517,851.036,433.06,0.0,0.0,0.4368,0.222271,0.0,1,0.0029148212,0.0848383362,0.0876011320222504
TAZYAV_clean,TAZYAV_clean,6.36917,5.18527,6.3624,0.882052,2917.95,3308.15,0.0,0.0,0.7278,0.825122,0.0,0,0.0170562715,0.4987965846,0.5004739251554988
TEBFUD_clean,TEBFUD_clean,3.69312,2.67049,3.69312,2.11286,0.0,0.0,81.51,38.5781,0.4012,0.189885,0.0,1,0.0021229933,0.0631143569,0.06278236474487492
TEFWOR_clean,TEFWOR_clean,8.09113,4.61719,8.09113,1.43313,1313.7,916.666,0.0,0.0,0.5436,0.379311,0.0,0,0.0078162727,0.2263180807,0.2270201019356242
TEHWEK_clean,TEHWEK_clean,5.04484,3.57491,5.04484,1.22875,1458.35,1186.85,0.0,0.0,0.6306,0.513203,0.0,0,0.0086694326,0.2580823625,0.2555712679643747
TEMPEI_clean,TEMPEI_clean,15.71457,10.86579,15.71457,0.592467,1916.3,3234.44,0.0,0.0,0.745,1.25745,0.0,1,0.0253423314,0.7572509276,0.7298362072733774
TENQOS_clean,TENQOS_clean,6.34819,4.3477,6.32525,1.05624,2172.8,2057.11,0.0,0.0,0.6388,0.604787,0.0,1,0.0112676404,0.3288492295,0.331000796380999
TEQPAI_clean,TEQPAI_clean,6.00734,3.70386,5.68806,1.19067,1432.59,1203.18,0.0,0.0,0.596,0.500558,0.0,1,0.009959337,0.2962016962,0.29023220368712555
TERFUT_clean,TERFUT_clean,8.54041,6.58905,8.49644,0.900361,2024.24,2248.26,0.0,0.0,0.6654,0.739037,0.0,1,0.0169036548,0.4912748269,0.49518115914974886
TERNUA_clean,TERNUA_clean,7.01847,4.73004,6.9462,1.44294,1426.15,988.361,0.0,0.0,0.5566,0.385739,0.0,1,0.0082868542,0.2449113603,0.24224682108724957
TESHAB_clean,TESHAB_clean,5.24315,3.84947,5.24293,1.8144,918.907,506.452,0.0,0.0,0.4908,0.270503,0.0,0,0.0042113616,0.1231823428,0.12386664229825
TETZEX_clean,TETZEX_clean,9.38994,9.11674,9.38994,1.90854,1244.92,652.292,0.0,0.0,0.5738,0.300649,0.0,0,0.0087008052,0.2560900895,0.2543814277430183
TETZEZ_clean,TETZEZ_clean,10.62365,6.73057,10.03707,0.736025,1901.4,2583.34,0.0,0.0,0.6844,0.92986,0.0,1,0.0201975022,0.5741720897,0.5880632733743762
TEVZEA_clean,TEVZEA_clean,4.59329,3.52297,4.53885,1.97043,629.425,319.434,0.0,0.0,0.444,0.225331,0.0,0,0.0030974654,0.0903104871,0.0919349998781252
TEVZIE_clean,TEVZIE_clean,4.89772,3.64059,4.89772,1.88802,794.062,420.579,0.0,0.0,0.468,0.247879,0.0,0,0.0036931318,0.109084406,0.10894602091637459
TEVZUQ_clean,TEVZUQ_clean,4.84681,3.6521,4.84681,1.89478,778.542,410.888,0.0,0.0,0.4634,0.244567,0.0,0,0.0036618593,0.1069563874,0.10795396616712455
TEWFOS_clean,TEWFOS_clean,5.12439,3.80032,5.11789,1.20574,872.156,723.339,0.0,0.0,0.4772,0.395775,0.0,1,0.0066552491,0.1958912155,0.1938061849628748
TEYLIU_clean,TEYLIU_clean,3.92448,2.98813,3.92448,1.96259,0.0,0.0,219.176,111.677,0.3684,0.187711,0.0,1,0.0019066031,0.0558960285,0.055433398807000094
TIGQUX_clean,TIGQUX_clean,6.58866,2.95324,6.58859,1.53446,0.0,0.0,1169.74,762.313,0.5476,0.356867,0.0,0,0.0104071181,0.2455742684,0.2977726996532501
TIGSOT_clean,TIGSOT_clean,4.31733,3.92478,4.29293,1.79014,708.62,395.847,0.0,0.0,0.4326,0.241658,0.0,1,0.0037213755,0.1067413431,0.10990272879324996
TIJPOT_clean,TIJPOT_clean,4.06689,3.45193,4.06689,1.44348,706.681,489.567,0.0,0.0,0.526,0.364397,0.0,1,0.0042623035,0.125000553,0.12636567114862512
TIKMEH_clean,TIKMEH_clean,5.55473,4.01932,4.70025,1.57489,444.086,281.979,505.527,320.992,0.4674,0.296782,0.0,1,0.004896258,0.1427008067,0.14489058318549997
TIQFIJ_clean,TIQFIJ_clean,4.57248,2.98341,4.57248,2.30825,0.0,0.0,788.289,341.51,0.4542,0.196773,0.0,0,0.0064250834,0.1821257492,0.18241741273549972
TIQGUW_clean,TIQGUW_clean,4.96978,3.43779,4.70211,1.57704,459.833,291.579,0.0,0.0,0.3926,0.248947,0.0,1,0.0031098542,0.0882144798,0.08967896149100016
TIQHEH_clean,TIQHEH_clean,4.93102,3.44222,4.63541,1.5902,461.876,290.452,0.0,0.0,0.3816,0.23997,0.0,0,0.0030031085,0.0869934942,0.08682202077124995
TIRQOB_clean,TIRQOB_clean,6.9378,5.1125,6.91934,1.1916,1497.46,1256.68,0.0,0.0,0.5672,0.475998,0.0,1,0.0101363015,0.2905083057,0.2949957506522487
TIXCIO_clean,TIXCIO_clean,8.51649,4.04507,8.50623,0.818285,2218.52,2711.18,0.0,0.0,0.665,0.812676,0.0,0,0.0183198908,0.5276795986,0.5314447579786232
TIXVON_clean,TIXVON_clean,5.07339,3.91911,5.00348,0.938456,1558.9,1661.14,0.0,0.0,0.5776,0.615479,0.0,1,0.0120573971,0.3537444051,0.3535928554160005
TIYZIK_clean,TIYZIK_clean,4.06151,2.69489,4.06151,1.91597,0.0,0.0,400.619,209.095,0.474,0.247395,0.0,1,0.0019412967,0.0555809457,0.058352089743249805
TOBKAY_clean,TOBKAY_clean,10.72174,9.5428,10.71607,1.08933,1630.18,1496.5,0.0,0.0,0.666,0.611383,0.0,1,0.0143247436,0.41432355,0.4199984494109995
TOFTIT_clean,TOFTIT_clean,20.17115,6.28286,20.17115,0.598403,2258.24,3773.78,0.0,0.0,0.7822,1.30715,0.0,1,0.0298136623,0.8868124555,0.8764314447895006
TOHQEO_clean,TOHQEO_clean,5.89344,4.18847,5.89146,0.984353,1685.69,1712.48,0.0,0.0,0.5842,0.593486,0.0,0,0.0118506551,0.3457803738,0.3450925897994981
TOLYOJ_clean,TOLYOJ_clean,5.56011,4.7997,5.54043,0.908517,1594.37,1754.91,0.0,0.0,0.5744,0.632239,0.0,1,0.012270705,0.3495897948,0.3589534301526251
TONLOZ_clean,TONLOZ_clean,5.96623,4.0883,5.95565,1.23552,1555.44,1258.93,0.0,0.0,0.5706,0.461828,0.0,1,0.0099259765,0.3029549953,0.28947703371237554
TONTIB_clean,TONTIB_clean,8.17686,3.88128,8.17686,0.785515,2106.51,2681.7,0.0,0.0,0.6434,0.819081,0.0,0,0.0185683141,0.5252938295,0.5437365425253733
TONTUN_clean,TONTUN_clean,8.01411,3.79872,8.01411,0.818446,2057.67,2514.12,0.0,0.0,0.6292,0.768774,0.0,0,0.0169633888,0.4915653489,0.492743942502625
TONWUO_clean,TONWUO_clean,4.69191,4.1146,4.69191,1.30005,589.458,453.412,0.0,0.0,0.4408,0.339064,0.0,0,0.0044432564,0.127545172,0.12760889442087567
TORJAN_clean,TORJAN_clean,5.41891,3.81819,5.4137,1.12525,1554.01,1381.04,0.0,0.0,0.5844,0.519353,0.0,1,0.0091378495,0.2680608177,0.26645358196962604
TORKAO_clean,TORKAO_clean,5.01927,3.67935,4.85274,1.1494,1435.4,1248.83,0.0,0.0,0.5704,0.496261,0.0,1,0.0087514822,0.2525447821,0.2589221783099997
TORXAB_clean,TORXAB_clean,5.19491,4.25541,5.19491,1.88967,495.266,262.092,0.0,0.0,0.436,0.230728,0.0,0,0.0024865155,0.0752323764,0.07328588454624967
TOVJOF_clean,TOVJOF_clean,12.42499,8.36781,12.422,0.470537,2039.96,4335.39,0.0,0.0,0.8052,1.71124,0.0,1,0.0373878929,1.0863198618,1.096750712293497
TOWNEA_clean,TOWNEA_clean,8.82467,7.77952,8.82467,0.718839,2198.94,3059.02,0.0,0.0,0.7032,0.978244,0.0,1,0.021679087,0.6361693677,0.6346183645446252
TOWPEC_clean,TOWPEC_clean,10.15584,5.70866,7.95557,0.889254,1486.62,1671.76,593.787,667.736,0.6774,0.761762,0.0,1,0.018149977,0.5417322791,0.5202974965806224
TOXMUQ_clean,TOXMUQ_clean,6.89787,6.74832,6.89787,1.06186,1595.8,1502.83,0.0,0.0,0.5884,0.55412,0.0,0,0.0150870898,0.3918519369,0.39363606150850317
TOXNIF_clean,TOXNIF_clean,6.95996,6.82273,6.95996,1.06718,1555.99,1458.03,0.0,0.0,0.5754,0.539176,0.0,0,0.0150113623,0.3867119697,0.39067983068425455
TUDQOZ_clean,TUDQOZ_clean,4.7672,3.81876,4.49087,1.57647,290.479,184.259,229.56,145.616,0.4148,0.263119,0.0,0,0.0032525372,0.0959875188,0.0952112991250002
TUMGOX_clean,TUMGOX_clean,3.4731,2.61221,3.4731,1.87019,0.0,0.0,33.4605,17.8915,0.4894,0.261685,0.0,1,0.003630224,0.1072583712,0.1063446159008746
TUMRIE_clean,TUMRIE_clean,4.83008,3.62775,4.83008,1.3408,1128.82,841.902,0.0,0.0,0.5312,0.396182,0.0,1,0.0071185804,0.2095677679,0.20858529647762494
TUMTOK01_clean,TUMTOK01_clean,5.22754,2.62529,5.22378,1.85151,0.0,0.0,689.674,372.493,0.5202,0.28096,0.0,0,0.0057047354,0.161215185,0.16614498700962557
TURDOB_clean,TURDOB_clean,6.98892,4.35902,6.87374,1.03033,1344.35,1304.78,0.0,0.0,0.5432,0.52721,0.0,0,0.0095809569,0.2706356766,0.279617462306002
TUTHIA_clean,TUTHIA_clean,7.74765,6.0396,7.74488,1.02371,1471.87,1437.78,0.0,0.0,0.5658,0.552697,0.0,1,0.0128259917,0.3673145486,0.3731672788291248
TUYHOL_clean,TUYHOL_clean,5.84321,4.88702,5.4789,3.20354,994.943,310.576,0.0,0.0,0.468,0.146088,0.0,1,0.0023374163,0.0692948891,0.06843441606162481
TUYHUR_clean,TUYHUR_clean,9.01467,4.33972,9.01467,1.00323,2258.33,2251.06,0.0,0.0,0.7092,0.706918,0.0,1,0.0150033141,0.4299512697,0.4390612940398739
UBACOR_clean,UBACOR_clean,5.7806,3.33609,5.7806,1.34848,972.027,720.832,0.0,0.0,0.4794,0.355511,0.0,1,0.006077925,0.1751251125,0.1760014337476251
UBUMAH_clean,UBUMAH_clean,7.09336,6.41082,6.96082,0.845931,2610.44,3085.88,0.0,0.0,0.7132,0.843094,0.0,1,0.0189089635,0.5519540214,0.5571463912005007
UCOJED_clean,UCOJED_clean,7.99802,7.49345,7.99418,1.22768,2022.24,1647.21,0.0,0.0,0.665,0.541674,0.0,0,0.0107266661,0.3100733311,0.31427350091149886
UCOXOZ_clean,UCOXOZ_clean,6.74707,6.10487,6.74209,1.02439,1598.25,1560.2,14.8613,14.5075,0.5836,0.569706,0.0,1,0.0097133024,0.289916574,0.28253090345712467
UCUTIW_clean,UCUTIW_clean,6.35635,5.83008,6.34586,1.00359,1563.59,1558.0,0.0,0.0,0.6334,0.631134,0.0,1,0.0115648497,0.3391083234,0.3402349768817494
UDICAN_clean,UDICAN_clean,4.58421,3.93064,4.58097,3.59569,711.428,197.856,0.0,0.0,0.4032,0.112134,0.0,1,0.0023068523,0.0683915998,0.0656444670962503
UDIDAO_clean,UDIDAO_clean,4.33708,3.17714,4.32942,1.74178,0.0,0.0,476.91,273.806,0.4394,0.252271,0.0,1,0.0035272541,0.1045446827,0.1038723357326251
UFISOS_clean,UFISOS_clean,3.94581,2.96381,3.94581,1.57373,0.0,0.0,459.466,291.959,0.5162,0.32801,0.0,0,0.0059464326,0.176174389,0.17364440410937612
UFITEJ_clean,UFITEJ_clean,4.28866,3.3328,4.22514,1.50236,891.064,593.111,0.0,0.0,0.5408,0.359968,0.0,0,0.0064556199,0.1929589677,0.18900247623337518
UFUNAK_clean,UFUNAK_clean,4.15354,2.89336,4.14541,1.54075,0.0,0.0,201.949,131.072,0.4016,0.260652,0.0,1,0.0029650746,0.0854787005,0.0871462764215002
UGUHEK_clean,UGUHEK_clean,4.77594,4.10655,4.77594,1.75746,691.545,393.492,145.139,82.5845,0.5694,0.323991,0.0,1,0.0058722197,0.1714629838,0.17061368672487476
UHADAI_clean,UHADAI_clean,4.37483,2.8874,4.30197,1.62011,0.0,0.0,464.851,286.925,0.5268,0.325162,0.0,0,0.0040347602,0.1188092131,0.1201073613396248
UHASED_clean,UHASED_clean,4.93212,3.89765,4.93212,1.32119,1664.14,1259.57,0.0,0.0,0.5574,0.421891,0.0,0,0.0099233206,0.2910346335,0.29134208946687434
UJAQAY_clean,UJAQAY_clean,3.85934,2.81383,3.84308,1.41324,0.0,0.0,285.6,202.089,0.4266,0.301859,0.0,1,0.0044619251,0.1337508626,0.13116405094162473
UJEDIX_clean,UJEDIX_clean,4.86939,3.4331,4.86939,1.44888,987.806,681.772,2.33073,1.60864,0.5456,0.376567,0.0,0,0.0055293409,0.1633277685,0.16360320992262511
UJILAA_clean,UJILAA_clean,19.23413,9.51535,19.23413,0.420332,1982.45,4716.4,0.0,0.0,0.8898,2.1169,0.0,1,0.0433001238,1.2308213876,1.293600357278875
UJUQIB_clean,UJUQIB_clean,10.2017,5.3119,10.02065,0.774012,2238.72,2892.35,0.0,0.0,0.6914,0.893268,0.0,0,0.0201123335,0.5914703375,0.5878797399818758
UJUXOM_clean,UJUXOM_clean,3.8942,2.89771,3.83746,1.54689,0.0,0.0,131.618,85.0856,0.476,0.307715,0.0,1,0.0015027094,0.0446539782,0.045698299906124784
UKAJOH_clean,UKAJOH_clean,5.01926,3.81172,4.98641,1.35653,485.975,358.247,0.0,0.0,0.4304,0.317279,0.0,1,0.0038064277,0.1104043428,0.11127217329387447
UKAZEM_clean,UKAZEM_clean,10.77132,8.65206,10.76899,0.789293,2030.11,2572.07,0.0,0.0,0.7756,0.982652,0.0,1,0.0215136088,0.6373112569,0.6251226504603766
UKIQOV_clean,UKIQOV_clean,13.66711,9.63813,13.66009,0.628902,2104.6,3346.47,0.0,0.0,0.7776,1.23644,0.0,1,0.0292820691,0.8636383823,0.8435831985438778
UKUPEX_clean,UKUPEX_clean,4.61528,3.37476,4.61528,1.18566,772.627,651.645,0.0,0.0,0.489,0.41243,0.0,1,0.0072556354,0.2153846475,0.21127981981987443
ULAQAB_clean,ULAQAB_clean,5.27643,3.51743,4.89733,1.04387,1032.19,988.815,0.0,0.0,0.5466,0.523628,0.0,0,0.0078335387,0.2281576509,0.23099010856537455
ULAQEF_clean,ULAQEF_clean,5.27064,3.49026,5.03731,1.02909,1016.13,987.412,0.0,0.0,0.5346,0.51949,0.0,0,0.0074369743,0.2227198375,0.21909150613575096
ULEGOH_clean,ULEGOH_clean,6.13177,4.39371,6.11357,1.30509,966.034,740.207,0.0,0.0,0.4766,0.365187,0.0,1,0.0048774308,0.1447392899,0.14318580741637513
ULEHEA_clean,ULEHEA_clean,3.71795,2.69286,3.71795,2.01619,0.0,0.0,85.7804,42.5457,0.4102,0.203453,0.0,1,0.0021222881,0.0637036757,0.06289114196537486
ULUVUT_clean,ULUVUT_clean,5.14269,4.75945,5.14269,1.14921,1898.67,1652.16,0.0,0.0,0.6398,0.556733,0.0,0,0.0103707679,0.3059398866,0.30450376334475127
UMABIV_clean,UMABIV_clean,5.68466,5.22417,5.68466,1.23934,1941.33,1566.43,0.0,0.0,0.6118,0.493651,0.0,1,0.0107090388,0.3099465273,0.31239944204612446
UMABOB_clean,UMABOB_clean,5.41853,4.65091,5.41146,1.04463,1738.12,1663.87,0.0,0.0,0.574,0.549478,0.0,1,0.0113160294,0.3361374676,0.33310267854012615
UMEDIB_clean,UMEDIB_clean,8.20629,5.26943,8.19367,1.3504,1744.84,1292.1,0.0,0.0,0.632,0.46801,0.0,0,0.0087411729,0.2586249643,0.2574082980044985
UMEDOH_clean,UMEDOH_clean,8.3593,5.89473,8.3593,1.33036,1732.85,1302.55,0.0,0.0,0.6328,0.475662,0.0,0,0.0089292679,0.2687814215,0.2634939181216223
UMEKEE_clean,UMEKEE_clean,8.30632,6.09762,8.27233,0.751545,2616.23,3481.13,0.0,0.0,0.734,0.976654,0.0,0,0.0220134809,0.6438995795,0.6405791775462474
UMEQAG_clean,UMEQAG_clean,7.17863,4.94429,6.16873,1.58166,1384.15,875.123,0.0,0.0,0.5566,0.351908,0.0,1,0.0078790398,0.2240049543,0.2281718337449988
UMESIQ_clean,UMESIQ_clean,7.11235,5.04643,6.16421,1.65932,1412.73,851.388,0.0,0.0,0.558,0.336282,0.0,1,0.0078310149,0.2294637119,0.22739681467374878
UMIGAA_clean,UMIGAA_clean,8.23557,7.15317,8.23557,1.10058,2014.92,1830.78,0.0,0.0,0.622,0.565157,0.0,1,0.0130119326,0.3819795254,0.3798376906942498
UMIZEX_clean,UMIZEX_clean,6.27903,5.11829,6.27347,1.43647,1654.12,1151.52,0.0,0.0,0.554,0.385668,0.0,1,0.0081259125,0.2327493695,0.2401153202067493
UMOBEF08_clean,UMOBEF08_clean,9.5277,6.07844,9.52714,0.722374,2381.06,3296.16,0.0,0.0,0.701,0.970411,0.0,1,0.0218589326,0.6467221383,0.6358605046880017
UMODEH06_clean,UMODEH06_clean,11.16649,5.2519,11.16649,0.555198,2855.76,5143.68,0.0,0.0,0.7652,1.37825,0.0,1,0.031866732,0.9184207741,0.9258612318717439
UMODEH08_clean,UMODEH08_clean,7.50813,5.20054,6.29758,0.647965,2827.66,4363.91,0.0,0.0,0.7222,1.11457,0.0,1,0.0249863029,0.7366887565,0.7305319368586248
UMODEH09_clean,UMODEH09_clean,7.58377,5.1021,6.14779,0.720299,2563.17,3558.48,0.0,0.0,0.6962,0.966543,0.0,1,0.02117333,0.6215047803,0.6187650395780016
UMODEH10_clean,UMODEH10_clean,8.26869,5.10695,6.12476,0.739009,2428.99,3286.83,0.0,0.0,0.6872,0.929894,0.0,1,0.0204902135,0.5952770421,0.6022719617592511
UMODEH16_clean,UMODEH16_clean,13.02556,5.98917,13.02556,0.473838,2451.04,5172.75,0.0,0.0,0.8008,1.69003,0.0,1,0.038760298,1.1108330578,1.1333094157588754
UMODEH22_clean,UMODEH22_clean,10.42971,5.27481,10.42971,0.557764,2866.15,5138.64,0.0,0.0,0.7608,1.36402,0.0,1,0.0311507733,0.9133959257,0.9098027849693717
UMOYOM07_clean,UMOYOM07_clean,9.75529,5.37054,9.54348,0.541661,2791.87,5154.28,0.0,0.0,0.7712,1.42377,0.0,1,0.0318007755,0.9391982762,0.9341821027436231
UMOYOM13_clean,UMOYOM13_clean,8.08915,5.1527,6.21939,0.677127,2892.06,4271.07,0.0,0.0,0.7078,1.0453,0.0,1,0.024345059,0.7114228949,0.7076533233749958
UMOZUT_clean,UMOZUT_clean,10.2026,5.23269,10.2026,0.576016,2921.2,5071.38,0.0,0.0,0.7524,1.30621,0.0,1,0.0301687932,0.8768229114,0.880518391195629
UNECOH_clean,UNECOH_clean,8.18788,6.9765,8.18788,1.09192,2032.27,1861.19,0.0,0.0,0.6216,0.569271,0.0,1,0.0129047771,0.3808896191,0.37873447551000117
UNIMAG_clean,UNIMAG_clean,7.62122,4.89032,7.61772,1.27361,1516.85,1190.98,7.98461,6.26926,0.5702,0.447703,0.0,1,0.0072436201,0.2167744993,0.21347957661050063
UNOJUD_clean,UNOJUD_clean,6.35419,2.69249,6.34724,1.52961,0.0,0.0,896.126,585.851,0.4676,0.305698,0.0,1,0.0050838966,0.1435982075,0.14814155512574959
UNOTOH_clean,UNOTOH_clean,3.99709,3.24249,3.99709,1.34176,0.0,0.0,313.476,233.631,0.4354,0.324499,0.0,1,0.0031745389,0.0897143291,0.09395366307925017
UPIBOM_clean,UPIBOM_clean,6.9638,6.58355,6.9638,1.56774,1538.59,981.409,0.0,0.0,0.5776,0.368429,0.0,0,0.0085182948,0.2529117994,0.24919883020712555
UQOGAK_clean,UQOGAK_clean,5.32857,3.35824,5.23125,1.15511,1372.5,1188.2,0.0,0.0,0.5098,0.441345,0.0,1,0.0095834784,0.2835449956,0.2785254093140006
UQOWUU_clean,UQOWUU_clean,5.90125,3.62484,5.90125,1.49858,1462.39,975.848,0.0,0.0,0.5542,0.369817,0.0,1,0.0064290417,0.1888258139,0.18817175144037473
UQOYOP_clean,UQOYOP_clean,5.62402,4.63088,5.62402,1.0296,1173.78,1140.03,0.0,0.0,0.5218,0.506796,0.0,0,0.0084090678,0.243489481,0.24614719014125036
UQUCUG_clean,UQUCUG_clean,4.91196,3.29582,4.91125,1.5455,0.0,0.0,411.109,266.004,0.416,0.269169,0.0,0,0.003419816,0.1015261558,0.10114713684625047
UREVIY_clean,UREVIY_clean,4.97933,3.80174,4.64142,1.58439,1154.53,728.69,0.0,0.0,0.5098,0.321764,0.0,1,0.005892444,0.1744571047,0.172317731092875
URUWEL_clean,URUWEL_clean,9.27008,8.60913,9.21935,1.12073,1091.29,973.727,41.1176,36.688,0.5796,0.517161,0.0,1,0.0086621704,0.2581553739,0.2553200767296252
USAWIW_clean,USAWIW_clean,8.66526,5.94328,8.64173,1.00954,1665.76,1650.02,0.0,0.0,0.6018,0.596112,0.0,0,0.0112440871,0.3390681894,0.32805321212787597
USAYOE_clean,USAYOE_clean,5.44436,2.64294,4.72341,1.35551,0.0,0.0,640.71,472.672,0.4472,0.329914,0.0,1,0.0046344173,0.1365674187,0.13655544875750028
USUPUV_clean,USUPUV_clean,5.56088,3.62011,5.55354,1.39664,1062.12,760.484,0.0,0.0,0.503,0.36015,0.0,1,0.0047880838,0.1427937201,0.14247596824925057
UTADIE_clean,UTADIE_clean,5.9737,4.97659,5.79418,1.5664,1976.27,1261.66,0.0,0.0,0.6122,0.390833,0.000127682,1,0.0083729658,0.2461204458,0.24675788963012496
UTEXIB_clean,UTEXIB_clean,6.29693,3.9636,6.29186,1.00241,1350.02,1346.77,59.1211,58.9791,0.5926,0.591177,0.0,0,0.0118222454,0.3434650727,0.3443317083038748
UVANOW_clean,UVANOW_clean,7.79568,5.2994,7.79517,0.823227,2568.33,3119.83,0.0,0.0,0.6984,0.848369,0.0,1,0.0182241098,0.5437209983,0.5313367725652491
UVASAM_clean,UVASAM_clean,4.75617,3.15385,4.68597,1.22491,0.0,0.0,432.985,353.483,0.4388,0.358231,0.0,0,0.0042514317,0.1246712841,0.12425936154812474
UVOTOQ_clean,UVOTOQ_clean,11.52321,9.17095,11.02494,1.0394,1689.27,1625.24,0.0,0.0,0.6776,0.651916,0.0,1,0.0158590383,0.4574929368,0.456592027680501
UWALEL_clean,UWALEL_clean,8.57419,8.06777,8.57419,0.978062,1809.81,1850.4,0.0,0.0,0.611,0.624705,0.0,1,0.012104008,0.3487596882,0.35646488743924953
UWUTIQ_clean,UWUTIQ_clean,6.1259,4.66623,6.123,1.0094,1933.04,1915.04,0.0,0.0,0.5992,0.59362,0.0,0,0.0129325284,0.3783145305,0.3766130770956233
UXABOL_clean,UXABOL_clean,5.3893,5.04349,5.3893,1.74291,842.153,483.187,0.0,0.0,0.4972,0.28527,0.0,1,0.0032227099,0.0992647744,0.0955481054790001
UXEDIL02_clean,UXEDIL02_clean,3.94473,2.69886,3.94473,2.25078,0.0,0.0,176.786,78.5445,0.4344,0.193,0.0,0,0.0018570288,0.0549083178,0.05559031696925035
UXUZAP_clean,UXUZAP_clean,4.84101,3.60752,4.82729,1.24118,1063.95,857.212,0.0,0.0,0.542,0.436681,0.0,0,0.0074134242,0.2136873466,0.21814503525750098
UYAQAN_clean,UYAQAN_clean,7.19018,5.3716,7.19018,1.13147,742.019,655.8,0.0,0.0,0.4556,0.402661,0.0,0,0.004471118,0.1341559241,0.13140960908749955
UZAROE_clean,UZAROE_clean,19.54541,7.16489,19.54541,0.922216,1503.01,1629.78,0.0,0.0,0.6638,0.719788,0.0,0,0.0145357115,0.4365276909,0.4195121660501248
UZIJUJ_clean,UZIJUJ_clean,6.64538,5.8584,6.63953,1.01975,1889.57,1852.97,0.0,0.0,0.5996,0.587987,0.0,0,0.0125328017,0.3814284982,0.36540842689249997
UZUZUL_clean,UZUZUL_clean,4.89079,3.61553,4.62488,1.24739,1059.33,849.24,0.0,0.0,0.5482,0.439477,0.0,1,0.0092839911,0.2641125662,0.27269776716400096
VABJIS_clean,VABJIS_clean,4.14214,4.05323,4.14214,1.37391,738.742,537.692,0.0,0.0,0.5042,0.366981,0.0,0,0.0038169986,0.118098451,0.11305553464424949
VAGTAA_clean,VAGTAA_clean,5.69119,4.40372,5.677,0.872253,1821.29,2088.03,0.0,0.0,0.638,0.731439,0.0,1,0.0159355496,0.4550990547,0.46631348277199874
VAGTUU_clean,VAGTUU_clean,6.4105,3.89316,6.4105,1.19065,828.698,696.007,460.809,387.025,0.5728,0.481084,0.0,1,0.009743586,0.2848649175,0.28505954973062486
VAHJEW_clean,VAHJEW_clean,5.94599,4.30466,5.94599,1.08689,1479.94,1361.63,0.0,0.0,0.5432,0.499775,0.0,0,0.0093707643,0.2741018763,0.274837929322376
VALXEO_clean,VALXEO_clean,9.6783,6.73158,8.21464,0.83384,1503.01,1802.51,543.478,651.776,0.6804,0.815983,0.0,1,0.0192132334,0.5522878178,0.5549278577658765
VAMPUX_clean,VAMPUX_clean,11.37157,10.81985,11.3699,1.17979,1541.06,1306.22,0.0,0.0,0.6462,0.547726,0.0,1,0.0138931367,0.3984756438,0.4001161311560011
VARWUI_clean,VARWUI_clean,8.3742,6.48381,8.29614,1.28778,2247.33,1745.13,0.0,0.0,0.6946,0.53938,0.0,1,0.0104393174,0.3051021059,0.3036960596787505
VASFIH_clean,VASFIH_clean,5.55628,5.01575,5.54452,1.55799,1392.72,893.922,0.0,0.0,0.5596,0.359181,0.0,0,0.0065789394,0.1951534248,0.1930292907124995
VASGUU_clean,VASGUU_clean,6.24288,4.56068,6.2408,1.07396,2025.67,1886.18,0.0,0.0,0.6304,0.586989,0.0,1,0.0126372631,0.3673466587,0.3705864733028742
VATVOE_clean,VATVOE_clean,6.86024,4.81417,6.53187,1.27918,1131.8,884.793,0.0,0.0,0.5156,0.403072,0.0,1,0.0057273715,0.1665271988,0.16763906761125036
VAYWID_clean,VAYWID_clean,8.02289,3.34737,8.02265,1.17529,1267.12,1078.13,0.0,0.0,0.6312,0.537058,0.0,1,0.007881079,0.2364678703,0.23125015589112563
VAZTOG_clean,VAZTOG_clean,15.08014,7.93969,15.07583,0.589901,2233.7,3786.57,0.0,0.0,0.8002,1.3565,0.0,0,0.0308611861,0.9099383438,0.9128779431344952
VAZTUM_clean,VAZTUM_clean,15.07409,7.93508,15.07409,0.591689,2246.58,3796.89,0.0,0.0,0.8116,1.37167,0.0,0,0.0309068448,0.8987550184,0.9085108044388787
VECWUX_clean,VECWUX_clean,5.40728,3.62986,4.72861,1.2151,591.936,487.152,249.544,205.37,0.5232,0.430584,0.0,1,0.0064055859,0.186015699,0.18612799714725015
VECZAG_clean,VECZAG_clean,9.10711,7.36025,9.10711,1.61302,1710.75,1060.59,0.0,0.0,0.6522,0.404334,0.0,1,0.0085841882,0.2480725461,0.2535220468026257
VEDFIV_clean,VEDFIV_clean,5.7298,3.89416,5.70244,1.06894,1581.69,1479.68,0.0,0.0,0.5684,0.531742,0.0,0,0.0098945983,0.2996700888,0.29119283523812434
VEDFUH_clean,VEDFUH_clean,5.95596,4.00314,5.95596,1.05093,1663.77,1583.13,0.0,0.0,0.5708,0.543136,0.0,0,0.0108022983,0.3157317096,0.3182418545274999
VEFLUP_clean,VEFLUP_clean,5.16319,2.79467,5.16319,1.15551,0.0,0.0,833.531,721.355,0.5342,0.462308,0.0,1,0.008136607,0.239149719,0.23592754057274984
VEHLAW_clean,VEHLAW_clean,4.71553,3.44976,4.62826,1.6429,1000.4,608.925,0.0,0.0,0.6102,0.371417,0.0,0,0.0068203832,0.2100878101,0.20017815717737542
VEHLEA_clean,VEHLEA_clean,4.46465,3.05176,4.42162,1.72569,0.0,0.0,609.835,353.387,0.569,0.329724,0.0,0,0.0056306759,0.1652255455,0.16650001271962458
VEHYUE_clean,VEHYUE_clean,6.12673,3.44814,6.105,1.87284,355.438,189.786,95.0653,50.7601,0.4804,0.256509,0.0,1,0.003217928,0.0955989643,0.09559021979650006
VERPOZ_clean,VERPOZ_clean,5.42382,3.86113,5.42382,1.28962,856.154,663.88,0.0,0.0,0.4412,0.342116,0.0,0,0.0048155885,0.141170361,0.13984995113487508
VEXTUO_manual,VEXTUO_manual,8.87752,5.53782,8.86061,0.793323,2105.74,2654.33,0.0,0.0,0.6702,0.844801,0.0,0,0.0175085798,0.5061876847,0.5099744155233771
VEXVAW_clean,VEXVAW_clean,9.7712,5.86323,9.7712,0.773292,2071.81,2679.21,0.0,0.0,0.6628,0.857115,0.0,0,0.0196044985,0.5799937527,0.5638300358587508
VIDXOX_clean,VIDXOX_clean,6.16109,5.04479,6.14883,1.68509,1433.05,850.43,0.0,0.0,0.5712,0.338974,0.0,1,0.0064281578,0.1886136726,0.18916463903262426
VINHOR_clean,VINHOR_clean,9.98256,7.27933,9.98256,0.808976,2165.4,2676.71,0.0,0.0,0.7268,0.898419,0.0,1,0.0195401234,0.5517321808,0.5662341115641234
VIPXUO_clean,VIPXUO_clean,4.31173,3.23579,4.17899,1.18593,0.0,0.0,327.114,275.829,0.495,0.417394,0.0,1,0.0058568962,0.1736581555,0.17147828256662506
VIRVEY_clean,VIRVEY_clean,7.24501,5.7858,6.68018,1.08742,2630.21,2418.77,0.0,0.0,0.715,0.65752,0.0,1,0.0146347595,0.4317314455,0.4261143957712501
VISTOG_clean,VISTOG_clean,4.99734,2.98288,4.99734,1.87105,0.0,0.0,1016.52,543.287,0.591,0.315866,0.0,1,0.003853172,0.1113452971,0.11446962995962538
VITYOO_clean,VITYOO_clean,8.76574,6.10267,8.74057,1.07917,1888.77,1750.21,0.0,0.0,0.6338,0.587305,0.0,1,0.0133404849,0.3897879711,0.39028534711712487
VIVLAP_clean,VIVLAP_clean,4.51725,2.65259,4.48348,1.46364,0.0,0.0,1193.89,815.698,0.5428,0.370857,0.0,1,0.0063019928,0.1884043871,0.18645253473750112
VIWLEU_clean,VIWLEU_clean,6.5503,4.41913,6.52435,1.44375,1672.31,1158.32,0.0,0.0,0.5838,0.404365,0.0,1,0.0077171413,0.2308248411,0.229030899734
VIWLIY_clean,VIWLIY_clean,5.6026,3.42365,5.59275,1.55646,1236.19,794.232,0.0,0.0,0.54,0.346941,0.0,1,0.0067695242,0.1966256277,0.19861896612437474
VIWMIZ_clean,VIWMIZ_clean,9.56168,4.85659,9.53534,0.901746,1718.7,1905.97,37.8251,41.9466,0.6334,0.702415,0.0,1,0.0129684821,0.3740777589,0.37797332142562273
VIWMOF_clean,VIWMOF_clean,9.80611,5.23388,9.77319,0.869727,1722.79,1980.84,39.7443,45.6975,0.6458,0.742532,0.0,1,0.0144553323,0.4137174967,0.41982567015724975
VIYTAA_clean,VIYTAA_clean,5.13433,3.87051,5.09927,1.31108,1290.46,984.278,0.0,0.0,0.541,0.412638,0.0,1,0.0090056719,0.260488898,0.2638685461270013
VIZQEC_clean,VIZQEC_clean,5.35488,3.05113,5.32535,1.25555,0.0,0.0,822.545,655.128,0.5104,0.406516,0.0,1,0.00757715,0.2226842018,0.219406335518498
VOBQEK_clean,VOBQEK_clean,4.27979,3.23619,4.27979,1.25034,0.0,0.0,774.979,619.813,0.523,0.418285,0.0,1,0.0077353061,0.225772333,0.2258127046083753
VOCPEK_clean,VOCPEK_clean,4.62063,3.5641,4.61051,1.96241,341.977,174.264,0.360619,0.183763,0.4222,0.215144,0.0,1,0.0017044953,0.0518907528,0.05034654711712498
VODPOU_clean,VODPOU_clean,4.01882,2.86571,4.01585,1.54217,0.0,0.0,158.403,102.714,0.4276,0.277271,0.0,1,0.0023019329,0.0670001625,0.06780173109499991
VOGTIV_clean_h,VOGTIV_clean_h,11.63962,10.76348,11.63962,0.91487,1549.21,1693.37,0.0,0.0,0.6396,0.699116,0.0,1,0.0174100166,0.5147860463,0.5018382001442483
VONBIK_clean,VONBIK_clean,4.80212,3.01348,4.80212,1.27276,0.0,0.0,541.481,425.439,0.4656,0.36582,0.0,0,0.0037003764,0.1065499646,0.10910797023150011
VONCOS_clean,VONCOS_clean,10.3381,9.26479,10.3381,1.24231,1086.56,874.625,129.189,103.991,0.6084,0.489732,0.0,1,0.0080799681,0.2362157331,0.23613939379100038
VONDEJ_clean,VONDEJ_clean,5.31005,4.78872,5.30922,1.60595,966.902,602.074,0.0,0.0,0.507,0.315701,0.0,0,0.0056349691,0.1640335899,0.16557053996987534
VOSTUU_clean,VOSTUU_clean,8.30737,6.78194,8.30193,0.816834,1552.78,1900.97,4.35487,5.33141,0.5892,0.721322,0.0,1,0.0129737903,0.3954182629,0.37936362135937335
VOVKUO_clean,VOVKUO_clean,8.79938,7.37416,8.78205,2.86501,1668.56,582.391,0.0,0.0,0.6376,0.222547,0.0,1,0.0043989867,0.1281184757,0.12712204123537524
VUCCUT_clean,VUCCUT_clean,5.77887,2.91817,5.77887,1.83598,0.0,0.0,1109.95,604.554,0.4774,0.260024,0.0,0,0.0054325061,0.1555480421,0.15886517718287624
VUCTUK_clean,VUCTUK_clean,4.04395,3.64101,4.04395,1.92522,503.149,261.347,0.0,0.0,0.4222,0.2193,0.0,1,0.0029491903,0.0862155638,0.08685228560949985
VUHGAH_clean,VUHGAH_clean,5.05909,2.62052,5.05909,1.27228,0.0,0.0,411.225,323.218,0.4744,0.372873,0.0,1,0.004709976,0.135778454,0.13831958843249959
VUKSOL_clean,VUKSOL_clean,5.74617,4.59937,5.73998,1.07923,2058.01,1906.93,0.0,0.0,0.6268,0.580787,0.0,1,0.0124353546,0.3727042901,0.36630038449612556
VUKTAY_clean,VUKTAY_clean,5.60355,4.27431,5.58989,1.40562,1023.78,728.344,0.0374766,0.026662,0.486,0.345754,0.0,1,0.0059994702,0.1717987747,0.1759791450867504
VUKTIG_clean,VUKTIG_clean,5.58633,4.32231,5.37322,1.41396,1054.33,745.662,0.0,0.0,0.4904,0.346829,0.0,1,0.0059188622,0.1729352333,0.17400242322862516
VUKTUS_clean,VUKTUS_clean,6.57621,5.30461,6.57621,1.34132,1253.69,934.67,0.0,0.0,0.5342,0.398265,0.0,1,0.007003616,0.2066695531,0.20423349112712544
VUQKAU02_clean,VUQKAU02_clean,4.89363,4.31451,4.87033,1.033,1471.86,1424.84,0.0,0.0,0.5576,0.539787,0.0,1,0.0112654776,0.326780444,0.3301922709683746
VUQKUO_clean,VUQKUO_clean,5.38168,3.9328,5.38168,1.30466,913.527,700.204,0.0,0.0,0.5054,0.387381,0.0,0,0.0047866694,0.1372716222,0.14182281388837534
VUSKEA_clean,VUSKEA_clean,14.99758,7.99679,14.99758,0.594675,2192.84,3687.46,0.0,0.0,0.8014,1.34763,0.0,0,0.0311615185,0.9262009404,0.9161940633084984
VUTVAJ_clean,VUTVAJ_clean,4.43562,3.3386,4.43562,1.59743,811.925,508.268,0.0,0.0,0.548,0.34305,0.0,0,0.0053932862,0.1625441174,0.15797434748816686
WABVOL_clean,WABVOL_clean,5.64639,3.6405,5.64639,1.49122,938.691,629.478,0.0,0.0,0.4216,0.282721,0.0,1,0.006741339,0.2032062541,0.18077835612687476
WABVUR_clean,WABVUR_clean,9.47863,4.42976,9.47863,1.26842,1786.23,1408.23,0.0,0.0,0.615,0.484855,0.0,1,0.0103033873,0.2943789614,0.30163232411437446
WABWEC_clean,WABWEC_clean,9.48082,4.42797,9.48082,1.193,1861.05,1559.97,0.0,0.0,0.6462,0.54166,0.0,1,0.0101917257,0.301396502,0.29918886422599944
WACKOB_clean,WACKOB_clean,3.97749,2.60036,3.97749,2.39734,0.0,0.0,327.36,136.551,0.4648,0.193881,0.0,0,0.0030851842,0.0887390703,0.09047114558937451
WACLEU_clean,WACLEU_clean,6.11102,5.03298,6.08461,1.15501,1387.0,1200.86,0.0,0.0,0.5472,0.473763,0.0,1,0.0104378547,0.3090526778,0.3013220264381241
WAGDAL_clean,WAGDAL_clean,4.64816,3.73698,4.61775,2.65265,613.804,231.393,27.6543,10.4252,0.4246,0.160066,0.0,1,0.002428704,0.0709495034,0.07136914614562469
WAHGIY_clean,WAHGIY_clean,5.33673,4.40357,5.33673,1.28737,815.264,633.278,0.0,0.0,0.4692,0.364464,0.0,1,0.0052303296,0.1535577159,0.15381909528562504
WALBOC01_clean,WALBOC01_clean,4.21583,2.9953,4.21411,1.6978,0.0,0.0,444.223,261.646,0.4834,0.284721,0.0,1,0.0048297868,0.137482528,0.1426526145749998
WALBOC_clean,WALBOC_clean,4.17363,2.9644,4.17363,1.70332,0.0,0.0,386.73,227.045,0.4808,0.282272,0.0,1,0.0046133258,0.1352268235,0.13546845724212478
WASPAK_clean,WASPAK_clean,8.92408,8.10678,8.90273,0.931064,1602.41,1721.06,0.0,0.0,0.6094,0.65452,0.0,0,0.0138083702,0.396700103,0.4026651053037502
WASQEP_clean,WASQEP_clean,10.60263,4.61939,9.00037,0.666978,2426.86,3638.59,0.0,0.0,0.7138,1.0702,0.0,0,0.0249486501,0.7204354585,0.7335326374932478
WAVQAN_clean,WAVQAN_clean,4.79566,3.75004,4.7947,1.6227,1326.67,817.573,0.0,0.0,0.5394,0.332409,0.0,1,0.0075420751,0.2225158575,0.21933850338075142
WAVQUF_clean,WAVQUF_clean,3.93029,2.94661,3.92829,2.05048,0.0,0.0,299.639,146.131,0.4528,0.220826,0.0,1,0.0037462336,0.1103091675,0.10861067885787486
WAVWEW_clean,WAVWEW_clean,3.40999,3.18523,3.4023,2.19947,0.0,0.0,18.6119,8.462,0.3798,0.172678,0.0,1,0.0033366512,0.0939039491,0.09720376359325006
WAYMOA_manual,WAYMOA_manual,7.07433,6.89369,7.07243,0.955162,1592.82,1667.59,0.0,0.0,0.6076,0.636122,0.0,0,0.015134649,0.3999219919,0.39521974211887795
WAZCUX_clean,WAZCUX_clean,5.1953,4.60615,5.12813,1.85198,863.616,466.321,0.0,0.0,0.4452,0.240392,0.0,1,0.0038518677,0.1128432023,0.1142068679223755
WEBKOD_clean,WEBKOD_clean,6.32569,5.26533,6.09075,1.27587,1622.74,1271.87,0.0,0.0,0.5952,0.466504,0.0,1,0.0088104043,0.2612610385,0.2608411421095001
WEBQIF_clean,WEBQIF_clean,4.79322,3.22241,3.96216,1.97924,0.0,0.0,535.032,270.321,0.4858,0.245447,0.0,0,0.0043271762,0.1294958424,0.12610477084687535
WECSAZ01_clean,WECSAZ01_clean,4.7957,2.85788,4.79106,1.59139,0.0,0.0,683.333,429.393,0.502,0.315447,0.0,1,0.005530965,0.1666109595,0.1612418245480006
WEDXEK_clean,WEDXEK_clean,4.63449,3.13874,4.62939,2.32723,0.0,0.0,212.845,91.4585,0.4094,0.175917,0.0,1,0.0014672603,0.0418986776,0.04224820764462515
WEFXEM_clean,WEFXEM_clean,6.73931,4.78997,6.67269,1.07497,1461.44,1359.51,0.0,0.0,0.5704,0.530617,0.0,0,0.0104399825,0.3018449731,0.30432388565500035
WEMBUN_clean,WEMBUN_clean,4.83761,4.30379,4.83761,1.70777,2244.04,1314.02,0.0,0.0,0.608,0.356019,0.0,1,0.0076909375,0.2289750017,0.22964900954874923
WEMCEY_clean,WEMCEY_clean,5.09454,3.5623,5.09454,2.38239,649.886,272.788,0.0,0.0,0.4074,0.171005,0.0,1,0.0026029738,0.0773000878,0.07558339321149991
WEMDUP_clean,WEMDUP_clean,4.9238,4.37132,4.9238,1.57984,2315.52,1465.67,0.0,0.0,0.6202,0.392572,0.0,0,0.0083092736,0.2431976617,0.2456261867587507
WEVQOD01_clean,WEVQOD01_clean,8.03523,6.79991,8.03523,1.55221,1025.68,660.788,0.0,0.0,0.5644,0.363612,0.0,1,0.0046432849,0.1375693753,0.13709739012400013
WEYQAU01_clean,WEYQAU01_clean,4.51961,3.60555,4.51961,1.13786,1565.68,1375.99,0.0,0.0,0.5718,0.502522,0.0,0,0.0105400794,0.3019988447,0.3075710671918741
WEYQAU12_clean,WEYQAU12_clean,4.40257,3.44728,4.36821,1.18614,1438.51,1212.76,0.0,0.0,0.5546,0.467566,0.0,1,0.0096910347,0.2868971956,0.2850022425026252
WEYQAU14_clean,WEYQAU14_clean,4.34152,3.1663,4.32699,1.25159,0.0,0.0,1005.89,803.691,0.5292,0.422821,0.0,0,0.0085223866,0.2500231617,0.24632306913275012
WEYQAU15_clean,WEYQAU15_clean,4.32597,3.10138,4.30601,1.27062,0.0,0.0,907.277,714.044,0.5242,0.412556,0.0,0,0.0080354498,0.2404434256,0.23344681502675005
WIBSAD_clean,WIBSAD_clean,9.62612,6.21746,9.61657,0.927119,1704.27,1838.25,6.32101,6.81791,0.6464,0.697214,0.0,1,0.0124685519,0.3621395092,0.3627946672866252
WIHVAL_clean,WIHVAL_clean,4.98172,4.06866,4.90588,1.61186,947.448,587.799,0.0,0.0,0.4852,0.301019,0.0,0,0.003996593,0.1184910958,0.1172246138118746
WIHVEP_clean,WIHVEP_clean,4.98664,4.03769,4.97035,1.60991,948.127,588.931,0.0,0.0,0.473,0.293805,0.0,0,0.0039790291,0.1166692367,0.1164978002261244
WILRIS_clean,WILRIS_clean,6.18287,5.26913,6.08331,1.06646,2702.71,2534.28,0.0,0.0,0.743,0.696696,0.0,1,0.0132340383,0.3884382891,0.3909308011906262
WIPZEC_clean,WIPZEC_clean,5.45688,4.84274,5.44436,1.09301,1433.3,1311.34,0.0,0.0,0.552,0.50503,0.0,0,0.0105950591,0.3021517971,0.3086110896852495
WISTID_clean,WISTID_clean,5.3857,3.74409,5.37745,1.51731,1051.5,692.999,0.0,0.0,0.4932,0.325048,0.0,1,0.0060793807,0.1790826794,0.17587560742775019
WITJUG_clean,WITJUG_clean,5.88607,4.95547,5.85988,1.02366,1929.46,1884.87,0.0,0.0,0.5976,0.583788,0.0,1,0.0128767004,0.374729746,0.37611114466137485
WIVKOD_clean,WIVKOD_clean,5.94278,4.37421,5.9419,2.24053,1604.96,716.33,0.0,0.0,0.585,0.261099,0.0,1,0.0050255053,0.1462763882,0.14619424121550004
WIVRIE_clean,WIVRIE_clean,7.1828,5.28792,5.5333,1.16005,1460.05,1258.61,0.0,0.0,0.5844,0.50377,0.0,1,0.0105838484,0.3065257794,0.3088174348912487
WIYWAE_clean,WIYWAE_clean,5.55509,4.14993,5.55509,1.52455,953.655,625.532,0.0,0.0,0.496,0.325342,0.0,1,0.0049350706,0.1440238768,0.14580006280787486
WIZKOH_clean,WIZKOH_clean,6.09672,4.22892,6.07575,0.908366,2253.73,2481.08,0.0,0.0,0.6284,0.691792,0.0,0,0.0155146266,0.4523095341,0.4551118138756238
WOBHEB01_clean,WOBHEB01_clean,11.39724,10.6155,11.39724,1.22811,1590.58,1295.14,0.0,0.0,0.6596,0.537083,0.0,1,0.0122407836,0.3751264503,0.357784084548126
WODPUC_clean,WODPUC_clean,5.52662,3.30183,5.46703,1.50752,0.0,0.0,891.508,591.373,0.528,0.350244,0.0,0,0.0054666693,0.1588641992,0.1599197104748757
WODROY_clean,WODROY_clean,5.0308,3.32117,4.94865,1.64875,725.974,440.319,0.0,0.0,0.4684,0.284095,0.0,1,0.0043241614,0.1231213542,0.12592252804362536
WODWUJ_clean,WODWUJ_clean,5.48334,3.26856,5.46073,1.51724,0.0,0.0,856.931,564.795,0.5038,0.332049,0.0,0,0.0053102565,0.1591828752,0.15684441774025018
WOGHEG_clean,WOGHEG_clean,4.98706,2.98597,4.93093,1.24204,0.0,0.0,880.982,709.304,0.5036,0.405463,0.0,1,0.0070637979,0.2018655559,0.2072636504683756
WOHDON_clean,WOHDON_clean,5.72419,4.44331,5.72419,1.42898,2534.05,1773.33,0.0,0.0,0.696,0.487062,0.0,1,0.0105118053,0.3063648193,0.3082156019893743
WOHZAU01_clean_h,WOHZAU01_clean_h,5.57953,3.21211,5.34183,1.90493,0.0,0.0,814.602,427.629,0.4746,0.249143,0.0,1,0.004906081,0.146226686,0.14534192617800049
WOJJOV_SL,WOJJOV_SL,7.82098,6.43142,7.82098,1.16534,871.633,747.963,192.071,164.819,0.4948,0.424596,0.0,0,0.0092153511,0.2453719155,0.26735248215162444
WOJZOM_clean,WOJZOM_clean,5.77002,3.85246,5.77002,1.252,1972.92,1575.81,0.0,0.0,0.591,0.472044,0.0,1,0.0106181692,0.3059705099,0.3082704234249982
WOLFAG_clean,WOLFAG_clean,5.22326,2.87418,5.20533,1.12621,0.0,0.0,1008.2,895.212,0.5286,0.469363,0.0,0,0.007000738,0.2072641301,0.20423034612800037
WOPHIU_clean,WOPHIU_clean,4.36935,2.96147,4.36726,1.36578,0.0,0.0,426.349,312.165,0.445,0.325821,0.0,1,0.0033432659,0.103011686,0.09820379011237478
WOPSAX_clean,WOPSAX_clean,11.66235,10.95208,11.66071,1.12361,1554.7,1383.67,0.0,0.0,0.6474,0.57618,0.0,1,0.0146570084,0.4196246959,0.42459712679637635
WOTLOI_clean,WOTLOI_clean,8.00513,4.84682,8.00513,0.97425,1418.35,1455.84,0.0,0.0,0.579,0.594304,0.0,1,0.0093175572,0.2744067851,0.2747235454031261
WOVDES_clean,WOVDES_clean,5.23028,4.01485,5.22391,1.22139,660.545,540.814,0.0,0.0,0.4386,0.359099,0.0,0,0.0044274484,0.1310817763,0.12812475852662525
WOXRIK_clean,WOXRIK_clean,3.83193,3.01344,3.82185,2.27293,0.0,0.0,188.593,82.9735,0.3806,0.167449,0.0,0,0.0019587645,0.0576932487,0.05797958108887477
WOYJEB_clean,WOYJEB_clean,12.32799,5.95231,12.30286,0.80227,2262.64,2820.29,0.0,0.0,0.7248,0.903436,0.0,1,0.0206417236,0.5946717508,0.598393571699126
WOZGUP_clean,WOZGUP_clean,8.72596,4.78582,5.19905,0.69846,2019.57,2891.46,0.0,0.0,0.6706,0.960112,0.0,0,0.0175220651,0.5181363493,0.5115592192242502
WUBHEI_clean,WUBHEI_clean,4.07203,3.36745,4.05688,1.60485,473.123,294.808,0.0,0.0,0.4778,0.297723,0.0,1,0.0035124406,0.1006921384,0.10349393699112484
WULJUJ_clean,WULJUJ_clean,13.2515,6.69559,13.2515,0.880841,2071.01,2351.17,0.0,0.0,0.7102,0.806275,0.0,1,0.0192415493,0.5476793237,0.5654939764343772
WULKAQ_clean,WULKAQ_clean,13.2528,6.68289,13.24082,0.879538,2081.51,2366.6,0.0,0.0,0.7114,0.808834,0.0,1,0.019072996,0.5489973974,0.5639548088111264
WUNTEF_clean,WUNTEF_clean,5.11473,4.16376,5.10357,1.08866,1006.1,924.169,87.4124,80.2937,0.5292,0.486103,0.0,0,0.0076822483,0.2326363961,0.22472062928562508
WUNTOP_clean,WUNTOP_clean,5.08733,4.17716,5.07679,1.08852,1089.8,1001.18,0.0,0.0,0.5174,0.475323,0.0,0,0.0078239291,0.2305374211,0.22900519189399998
WUNVAD_clean,WUNVAD_clean,5.07875,4.17789,5.06297,1.09375,995.244,909.941,78.4709,71.7451,0.516,0.471773,0.0,0,0.0077889462,0.2300669009,0.2258423431873749
WUNVOR_clean,WUNVOR_clean,5.13748,4.1998,5.12786,1.08542,1130.58,1041.61,0.0,0.0,0.5222,0.481103,0.0,0,0.0078151834,0.2387863929,0.2295354360786253
WUNVUX_clean,WUNVUX_clean,5.06256,4.10802,5.0479,1.09653,996.696,908.953,84.6011,77.1534,0.5168,0.471304,0.0,0,0.0080775552,0.2283562363,0.23510087968399984
WUPNIF_clean,WUPNIF_clean,4.10645,3.09037,4.10645,1.77365,0.0,0.0,226.971,127.969,0.387,0.218194,0.0,1,0.0045021735,0.1298645314,0.1321574585704993
WURKEB_clean,WURKEB_clean,6.32965,4.86396,6.30162,0.999228,1791.69,1793.08,0.0,0.0,0.6306,0.631087,0.0,1,0.0134045726,0.3954332765,0.39130224975200034
WUTBUI_clean,WUTBUI_clean,7.46533,5.15143,7.46533,1.74528,880.071,504.258,0.0,0.0,0.4664,0.267235,0.0,0,0.003771668,0.1117987582,0.11111729447049953
WUYXOF_clean,WUYXOF_clean,9.05505,5.17643,9.05505,0.759045,1983.21,2612.77,0.0,0.0,0.6628,0.873203,0.0,0,0.0178613431,0.5299953398,0.5241165327982508
WUYXUL_clean,WUYXUL_clean,9.2643,7.0803,9.2643,0.838826,2017.64,2405.31,0.0,0.0,0.6628,0.790152,0.0,1,0.0167404793,0.4873016952,0.48716164187225003
WUYYOG_clean,WUYYOG_clean,8.73316,6.23369,8.71341,0.740492,2050.34,2768.88,0.0,0.0,0.675,0.911557,0.0,1,0.0191647977,0.5566943509,0.557565156706251
XACHOA_clean,XACHOA_clean,4.86067,2.61652,4.8004,1.23323,0.0,0.0,333.885,270.74,0.4568,0.37041,0.0,0,0.0035222734,0.1009833352,0.10432704443287534
XACSIG_clean,XACSIG_clean,5.90641,4.49569,5.71401,1.1598,896.995,773.404,0.0,0.0,0.4966,0.428177,0.0,0,0.0062691161,0.1810499832,0.18284859282425012
XADDAJ_clean,XADDAJ_clean,6.3423,4.46517,6.3423,1.25711,1867.55,1485.59,0.0,0.0,0.5936,0.472195,0.0,1,0.0104055527,0.3015050376,0.3024440148024987
XAFBEN_clean,XAFBEN_clean,4.46675,3.68033,4.46518,1.46572,1326.74,905.182,0.0,0.0,0.5588,0.381246,0.0,1,0.0081684756,0.2384784004,0.23979210269675097
XAFXOT_clean,XAFXOT_clean,5.91185,4.82034,5.90988,1.88819,647.785,343.072,0.0,0.0,0.3646,0.193095,0.0,1,0.0028008624,0.0822209079,0.08184069741299976
XAGCIS02_clean,XAGCIS02_clean,5.5362,2.63267,5.3168,1.77126,0.0,0.0,807.725,456.017,0.4408,0.248862,0.0,1,0.0049582749,0.1437646368,0.14608104532212507
XAGPUT_clean,XAGPUT_clean,5.48557,4.55432,5.48557,1.58071,2319.33,1467.27,0.0,0.0,0.6272,0.396784,0.0,1,0.0094034668,0.2819262012,0.27251724916500053
XAKQOR_clean,XAKQOR_clean,6.07415,4.27878,5.44099,0.965162,1660.14,1720.06,0.0,0.0,0.5906,0.611918,0.0,0,0.0109048878,0.3252455084,0.32283439668812514
XALBAO_clean,XALBAO_clean,12.08969,7.27048,11.78932,0.880979,1591.93,1807.0,0.0,0.0,0.6308,0.716022,0.0,1,0.0135420509,0.3972708184,0.39681353710462497
XALBIW_clean,XALBIW_clean,12.14217,7.80534,11.99319,0.869373,1588.95,1827.7,0.0,0.0,0.6226,0.716148,0.0,1,0.0139534133,0.4037703451,0.4036357746702502
XALPUY_clean,XALPUY_clean,3.9215,2.68472,3.9215,1.72432,0.0,0.0,83.4596,48.4015,0.4336,0.251462,0.0,1,0.0018035204,0.0539347896,0.05305402557974995
XALTIP_clean,XALTIP_clean,18.68299,9.17237,18.68299,0.551216,1809.24,3282.27,0.0,0.0,0.7988,1.44916,0.0,1,0.0341395956,0.9923734333,0.9852804033304947
XALTOV_clean,XALTOV_clean,12.17047,3.00948,12.16768,1.10281,0.0,0.0,1597.06,1448.18,0.6382,0.578705,0.0,0,0.0132203541,0.389440863,0.3827755998134995
XAPCOJ03_clean,XAPCOJ03_clean,7.31075,7.15837,7.31075,1.119,1594.88,1425.28,0.0,0.0,0.597,0.533514,0.0,0,0.0126524985,0.3714645454,0.3707660365243743
XAPCOJ07_clean,XAPCOJ07_clean,7.31581,7.08591,7.31581,1.1114,1611.64,1450.1,0.0,0.0,0.6012,0.540938,0.0,0,0.0131980009,0.3744400126,0.3834004727810009
XAPGAZ_clean,XAPGAZ_clean,10.38016,8.73539,10.36807,1.35659,2005.54,1478.37,0.0,0.0,0.7244,0.533985,0.0,1,0.0122218266,0.3506029776,0.35639858729837576
XAPGOK_clean,XAPGOK_clean,4.30393,3.46273,4.2974,1.65851,453.916,273.69,0.0,0.0,0.4906,0.295808,0.0,1,0.0037212085,0.1141143369,0.10898491246512436
XAPNIN_clean,XAPNIN_clean,6.36937,5.09614,6.24616,0.987749,1999.77,2024.57,0.0,0.0,0.6554,0.663529,0.0,0,0.0149934944,0.4360574498,0.43862852059599894
XAPSIS_clean,XAPSIS_clean,5.46139,4.76389,5.45821,0.955004,2054.51,2151.31,0.0,0.0,0.644,0.674342,0.0,1,0.0143874338,0.4268333453,0.41915561724412514
XAPTEQ_clean,XAPTEQ_clean,5.59461,4.17124,5.5868,1.43565,1333.03,928.52,0.0,0.0,0.5274,0.36736,0.0,1,0.0075773384,0.226198528,0.21959976496037573
XAPYAO_clean,XAPYAO_clean,4.15939,3.04724,4.15939,1.18702,0.0,0.0,317.894,267.808,0.465,0.391737,0.0,1,0.0043066107,0.1266466925,0.12702031069500053
XAQTEO01_clean,XAQTEO01_clean,4.59416,3.14542,4.59416,1.9889,0.0,0.0,689.548,346.699,0.4992,0.250993,0.0,1,0.0048153936,0.14382892,0.14401400735637518
XARPAK_clean,XARPAK_clean,5.96341,5.54999,5.95022,1.02109,1555.57,1523.45,0.0,0.0,0.5744,0.562538,0.0,1,0.0113979498,0.3302686542,0.33043746111350053
XASJUZ_clean,XASJUZ_clean,5.3717,3.49252,5.3717,1.8286,687.912,376.196,166.963,91.3066,0.5254,0.287324,0.0,1,0.0052489511,0.1544016724,0.15404100001274945
XATLIQ_clean,XATLIQ_clean,6.68504,4.40867,6.68504,1.13487,1861.75,1640.49,0.0,0.0,0.6014,0.529928,0.0,1,0.0107315609,0.3057820355,0.3166080054727499
XEDLUN_clean,XEDLUN_clean,5.03615,3.51292,5.0361,0.885985,1404.83,1585.62,0.0,0.0,0.61,0.688499,0.0,1,0.0126322612,0.3800090369,0.37050979719074895
XEGJIE02_clean,XEGJIE02_clean,6.83643,4.32814,6.8224,1.14242,1819.25,1592.45,0.0,0.0,0.6186,0.541481,0.0,1,0.0111949892,0.3287999398,0.325799354591002
XEHSEJ_clean,XEHSEJ_clean,5.24127,3.85188,5.21916,1.33454,931.861,698.265,0.0,0.0,0.4838,0.362522,0.0,0,0.0053689764,0.1567450567,0.15461154223150106
XEJXER_clean,XEJXER_clean,4.12173,3.57853,4.12173,1.5597,414.634,265.842,0.0,0.0,0.4006,0.256844,0.0,0,0.0022456198,0.0660813423,0.06578264751975003
XEKCAT01_clean,XEKCAT01_clean,5.91545,4.93297,5.80854,0.930696,2244.72,2411.88,0.0,0.0,0.61,0.655424,0.0,1,0.0164156686,0.4828201636,0.4764056281085011
XENKIM_clean,XENKIM_clean,7.32998,6.03401,7.3267,0.822036,2196.41,2671.92,0.0,0.0,0.6598,0.802641,0.0,1,0.0186953999,0.5409255064,0.547309872310247
XEQRAO_clean,XEQRAO_clean,5.51146,4.60933,5.51146,1.37083,876.068,639.08,0.0,0.0,0.4564,0.332938,0.0,1,0.0044003806,0.1310245909,0.12885095009662545
XESGOS_clean,XESGOS_clean,3.98226,3.08281,3.98226,1.86313,0.0,0.0,721.406,387.201,0.4408,0.236591,0.0,0,0.0091655602,0.1519855686,0.17882443456262465
XESKAJ_clean,XESKAJ_clean,9.85685,9.29464,9.85685,1.10591,1360.23,1229.96,0.0,0.0,0.5664,0.512158,0.0,1,0.0102386419,0.2969573549,0.29895433488337425
XESKEN_SL,XESKEN_SL,9.9038,9.36477,9.9038,1.10837,1274.59,1149.97,0.0,0.0,0.5552,0.500916,0.0,1,0.0090655731,0.2687792887,0.26597197667050027
XEWDUA_clean,XEWDUA_clean,8.87023,8.12641,8.87023,1.28139,1148.81,896.537,0.0,0.0,0.5282,0.41221,0.0,1,0.0066515903,0.1966696204,0.1966541460868743
XEXLAP_clean,XEXLAP_clean,8.64993,8.01633,8.63141,1.0685,1374.86,1286.72,0.0,0.0,0.5518,0.516424,0.0,0,0.0110547544,0.3135596758,0.319646698908876
XEXLOD_clean,XEXLOD_clean,7.18877,6.831,7.15894,1.17716,1370.68,1164.39,0.0,0.0,0.5458,0.463657,0.0,1,0.0094002664,0.2690093915,0.2740629823782499
XICYAL_clean,XICYAL_clean,7.12423,4.20147,7.12423,1.10581,1383.62,1251.23,0.0,0.0,0.5472,0.49484,0.0,1,0.0086834834,0.258670898,0.2521952937669999
XIGHAX_clean,XIGHAX_clean,9.42856,6.02587,9.42856,1.28204,1741.22,1358.17,0.0,0.0,0.657,0.512466,0.0,0,0.0099419486,0.2859149619,0.28731081392949986
XIGHIF_clean,XIGHIF_clean,9.11851,6.40194,9.11851,1.31172,1721.81,1312.64,0.0,0.0,0.6494,0.495075,0.0,0,0.0093830349,0.2771066402,0.27551697371212336
XILLEL_clean,XILLEL_clean,7.63373,5.31385,7.61296,0.988669,1586.87,1605.06,0.0,0.0,0.5862,0.592918,0.0,0,0.012493638,0.365007298,0.3658750528632496
XIMPOA_clean,XIMPOA_clean,3.66828,2.99963,3.64614,1.45457,0.0,0.0,88.1777,60.621,0.3818,0.262482,0.0,0,0.0013951111,0.0413951571,0.040895344312374994
XIPGUA_clean,XIPGUA_clean,6.999,4.80417,6.51629,2.95533,1333.32,451.159,0.0,0.0,0.4992,0.168915,0.0,1,0.0034132141,0.0993274667,0.09970826240325006
XIPHIN_clean,XIPHIN_clean,3.919,2.93663,3.919,1.55745,0.0,0.0,431.436,277.014,0.5236,0.33619,0.0,0,0.0058077555,0.1712675065,0.1711456830272501
XISPEW02_clean,XISPEW02_clean,7.73943,5.5228,7.73943,1.0858,1985.75,1828.83,0.0,0.0,0.6324,0.582427,0.0,1,0.011994945,0.3564200302,0.3449451604442505
XOCWET_clean,XOCWET_clean,5.57167,3.60863,5.43096,2.052,1278.23,622.917,0.0,0.0,0.549,0.267544,0.0,1,0.0053187834,0.1561143804,0.15579634065724893
XOCWOD_clean,XOCWOD_clean,5.38208,3.4319,5.38208,2.211,1054.39,476.883,0.0,0.0,0.5314,0.240344,0.0,1,0.0047383336,0.1397957759,0.13884512569737426
XODXIZ_clean,XODXIZ_clean,4.29096,2.67804,4.17991,1.64279,0.0,0.0,307.939,187.449,0.4464,0.271733,0.0,0,0.0029428763,0.0828141565,0.08680240889212486
XOFFUT_clean,XOFFUT_clean,7.8035,3.03296,7.8035,1.22352,0.0,0.0,1147.48,937.854,0.527,0.430725,0.0,1,0.0084107578,0.2428780508,0.24411442780225046
XOHTUJ_clean,XOHTUJ_clean,6.47036,4.69494,6.47036,1.17962,2196.81,1862.3,0.0,0.0,0.6472,0.548652,0.0,1,0.0106651513,0.3171522039,0.312596236129625
XOLGEM_clean,XOLGEM_clean,8.23028,3.3881,4.18472,1.12561,392.038,348.289,1000.78,889.098,0.618,0.549034,0.0,0,0.0104059264,0.3064983022,0.3054579507870017
XOMDOU_clean,XOMDOU_clean,6.08861,4.66373,6.08699,1.18202,859.304,726.977,313.731,265.419,0.5438,0.460059,0.0,1,0.0073812386,0.2196412647,0.21748830187725054
XOMJOY_clean,XOMJOY_clean,6.10947,3.84777,5.97895,1.18998,613.441,515.507,422.204,354.8,0.5142,0.43211,0.0,0,0.0071937166,0.2150365199,0.2088252672228743
XOVXEM_clean,XOVXEM_clean,4.37957,3.07357,4.35283,2.15418,0.0,0.0,406.169,188.549,0.3978,0.184664,0.0,1,0.0026105762,0.0766386158,0.07652571367850015
XOVYIR_clean,XOVYIR_clean,4.13092,3.16968,4.13092,1.74273,0.0,0.0,297.605,170.769,0.3782,0.217015,0.0,1,0.0029939101,0.0918378992,0.08650883772300041
XOVYUD_clean,XOVYUD_clean,3.82744,2.88368,3.79812,1.90195,0.0,0.0,267.873,140.841,0.4522,0.237756,0.0,1,0.0024390052,0.0718822593,0.0722410801676249
XUBJAF02_clean,XUBJAF02_clean,3.31847,2.84202,3.31847,2.19167,0.0,0.0,0.0,0.0,0.4556,0.207878,0.0,1,0.0013796324,0.0391897615,0.03955690739625022
XUCSOF_clean,XUCSOF_clean,5.25566,4.59264,5.25566,1.60312,661.505,412.637,358.397,223.562,0.482,0.300664,0.0,1,0.0067198478,0.1956882663,0.19505299640137508
XUDYOM_clean,XUDYOM_clean,5.92099,5.48654,5.7966,1.63199,1266.45,776.015,0.0,0.0,0.5438,0.333212,0.0,0,0.0078602225,0.2278172979,0.22708456880699882
XUFPIZ_clean,XUFPIZ_clean,4.43917,3.40706,4.39655,1.31985,159.122,120.561,0.0,0.0,0.4154,0.314732,0.0,0,0.0015763369,0.0453674511,0.04646386401650029
XUFYAA_clean,XUFYAA_clean,16.80237,4.60613,16.77492,0.589197,2123.72,3604.43,0.0,0.0,0.7212,1.22404,0.0,1,0.0268878882,0.7674842268,0.784497254992121
XUGWUS_clean,XUGWUS_clean,5.27863,4.66019,5.2635,1.38078,911.096,659.843,0.0,0.0,0.496,0.359218,0.0,1,0.0048618663,0.1452127211,0.14204997571437514
XUJPOI_clean,XUJPOI_clean,5.22333,3.76094,5.20942,1.23729,1450.85,1172.61,0.0,0.0,0.566,0.457452,0.0,0,0.0093388004,0.2725302273,0.2728165481095012
XUJQAV_clean,XUJQAV_clean,5.23926,3.75063,5.23926,1.23622,1470.1,1189.19,0.0,0.0,0.5596,0.452669,0.0,0,0.0091402902,0.2706532032,0.268017152368126
XUJSAY_clean,XUJSAY_clean,5.36362,3.81487,5.35817,1.44593,257.114,177.818,33.7457,23.3384,0.4668,0.322836,0.0,1,0.0038737887,0.1124144927,0.11447197743312522
XUKLAS_clean,XUKLAS_clean,5.87516,3.79987,5.86816,1.26294,911.252,721.53,0.0,0.0,0.4946,0.391624,0.0,1,0.0056553227,0.1654269037,0.1667528185672503
XULVAD_clean,XULVAD_clean,4.0348,2.77953,3.97256,1.77558,0.0,0.0,258.173,145.402,0.4428,0.249383,0.0,1,0.0037728405,0.1097955808,0.11175456529274969
XUMMOJ_clean,XUMMOJ_clean,8.37622,7.86065,8.37622,1.08186,1183.03,1093.52,0.0,0.0,0.5464,0.505057,0.0,1,0.0084347117,0.2456097177,0.24699642514912548
XUMMUP_clean,XUMMUP_clean,8.4295,7.42103,8.42696,1.01197,1167.11,1153.31,0.0,0.0,0.545,0.538555,0.0,1,0.0087110099,0.2552927241,0.25605997759474897
XUMVEH_clean,XUMVEH_clean,5.51001,5.03328,5.49298,1.14233,1980.67,1733.88,0.0,0.0,0.6382,0.55868,0.0,1,0.0123949063,0.3507654195,0.3644135652562511
XUNSOQ_clean,XUNSOQ_clean,5.47061,4.41529,5.45212,1.01415,1093.33,1078.08,0.0,0.0,0.49,0.483165,0.0,0,0.0091479613,0.2690061931,0.2627344289659997
XUNTAD_clean,XUNTAD_clean,3.83107,2.66972,3.54393,1.13178,0.0,0.0,118.943,105.093,0.4358,0.385056,0.0,1,0.0033930669,0.1025239085,0.09896562758600001
XUNTIL_clean,XUNTIL_clean,4.3912,3.544,4.3912,1.10854,669.818,604.235,0.0,0.0,0.4582,0.413336,0.0,1,0.0053815494,0.1601549272,0.15449390893675063
XUWFUR_clean,XUWFUR_clean,8.57387,5.22151,8.55217,0.997477,1382.53,1386.02,0.0,0.0,0.5736,0.575051,0.0,1,0.009643001,0.275706853,0.2837798362330004
XUWSUD_clean,XUWSUD_clean,4.4926,3.78091,4.4926,2.14584,718.007,334.605,0.0,0.0,0.4438,0.206819,0.0,1,0.0048650245,0.143450948,0.129656954036625
XUZFUU_clean,XUZFUU_clean,4.68587,4.02373,4.64539,1.54626,1063.92,688.065,0.0,0.0,0.4318,0.279255,0.0,1,0.0073387945,0.2116884573,0.1780855117574994
YAGRON_clean,YAGRON_clean,4.8185,3.03513,4.73512,2.23458,0.0,0.0,659.402,295.09,0.4728,0.211583,0.0,0,0.0058181489,0.1684320975,0.16790680989662474
YAHPED_clean,YAHPED_clean,6.77398,3.93575,6.76774,1.0241,1743.19,1702.16,0.0,0.0,0.5738,0.560295,0.0,0,0.0123127732,0.3639286705,0.35773134586525196
YAJXIT_clean,YAJXIT_clean,5.12079,3.85633,4.1425,1.60147,940.147,587.051,0.0,0.0,0.5148,0.321454,0.0,1,0.0054154212,0.1601247094,0.15792473517962446
YAQCIE_clean,YAQCIE_clean,3.91255,3.10049,3.91255,2.52132,0.0,0.0,255.392,101.293,0.4022,0.15952,0.0,0,0.0042919379,0.1243651996,0.1247674460738758
YAQKEI_clean,YAQKEI_clean,4.87973,4.18958,4.87973,1.91746,825.152,430.337,0.0,0.0,0.4374,0.228115,0.0,1,0.0035474136,0.1044149661,0.10384250110999994
YAQZUN_clean,YAQZUN_clean,4.41613,2.73385,4.179,2.96248,0.0,0.0,418.121,141.139,0.4636,0.156491,0.0,1,0.0024372971,0.0701339778,0.07139784903262479
YARBUQ_clean,YARBUQ_clean,4.67624,4.03616,4.54961,1.19852,280.172,233.766,258.386,215.589,0.447,0.372961,0.0,1,0.0050406463,0.1476732975,0.14655309202362465
YARKAF_clean,YARKAF_clean,4.78127,3.38887,4.78127,1.32951,413.16,310.762,3.2692,2.45896,0.4556,0.342684,0.0,1,0.002895419,0.0858256183,0.08543418627762486
YARKEJ_clean,YARKEJ_clean,5.07878,4.0341,5.03574,1.22095,872.445,714.565,0.0,0.0,0.486,0.398052,0.0,0,0.0059813357,0.1707805729,0.17644440962162516
YARKOT_clean,YARKOT_clean,5.25265,3.98181,5.2356,0.962764,1924.08,1998.5,0.0,0.0,0.6296,0.653951,0.0,1,0.0144417969,0.4227441724,0.41636877046962484
YASPEP_clean,YASPEP_clean,3.57848,3.19398,3.5679,1.30047,0.0,0.0,76.2476,58.6306,0.422,0.324497,0.0,1,0.0022435873,0.0649636,0.06640909736137467
YAVVID_clean,YAVVID_clean,4.84619,4.06844,4.72468,1.45348,1121.07,771.298,0.0,0.0,0.5442,0.374412,0.0,1,0.0063702461,0.1861260417,0.18771365184974942
YAVZAX_clean,YAVZAX_clean,5.41112,4.55984,5.40803,1.50963,1275.98,845.227,0.0,0.0,0.5678,0.376117,0.0,0,0.0063927684,0.1868989827,0.18765152726549986
YAZWOM_clean,YAZWOM_clean,4.58853,4.19832,4.58853,1.42471,389.253,273.216,49.369,34.652,0.47,0.329892,0.0,1,0.0023013014,0.0713825102,0.06686160949562496
YEBKUM_clean,YEBKUM_clean,4.09909,2.92855,4.09909,2.0286,0.0,0.0,407.125,200.692,0.5506,0.271419,0.0,0,0.0046372439,0.1357591361,0.13541376731612476
YEDKUO_clean,YEDKUO_clean,6.88443,4.8384,6.1725,0.827487,2774.06,3352.39,0.0,0.0,0.6498,0.785269,0.0,1,0.0184735978,0.5380133886,0.5336335473258755
YEGCUJ_clean,YEGCUJ_clean,7.31661,4.83808,7.31661,1.36986,1339.97,978.182,0.0,0.0,0.5642,0.411867,0.0,1,0.0064911698,0.1897057199,0.1892121570199999
YEGHIC_clean,YEGHIC_clean,7.13593,3.78757,7.13593,1.08644,2189.73,2015.5,27.1266,24.9682,0.6726,0.619084,0.0,0,0.0098672329,0.2965095739,0.28920777856700025
YELYOE_clean,YELYOE_clean,5.04252,3.59258,5.00865,2.17111,739.471,340.597,0.0,0.0,0.4584,0.211137,0.0,1,0.0040261691,0.1183768301,0.11753158435837449
YEVQOG_clean,YEVQOG_clean,6.25531,4.55241,6.24369,1.60942,1024.12,636.328,2.59362,1.61152,0.5428,0.337264,0.0,1,0.0045699263,0.1358323425,0.13547024697149954
YEYCUC_SL,YEYCUC_SL,17.82348,5.70059,17.82348,0.555715,2326.25,4186.05,0.0,0.0,0.7742,1.39316,0.000719793,0,0.0288685588,0.8432905911,0.8551738860158742
YEYYAC_clean,YEYYAC_clean,6.35432,3.00875,6.35432,1.15665,0.0,0.0,1051.27,908.889,0.5364,0.463752,0.0,0,0.0076970098,0.2204999251,0.22621574614399997
YEZKEV_clean,YEZKEV_clean,5.97739,3.43415,5.31131,1.09565,745.656,680.561,250.74,228.851,0.5084,0.464017,0.0,1,0.0075516304,0.219797835,0.22050292183337536
YEZKUL_clean,YEZKUL_clean,5.95403,3.22793,5.12017,1.19045,0.0,0.0,934.773,785.227,0.5068,0.425721,0.0,1,0.0065919372,0.1995412622,0.19219604451137498
YICGOI_clean,YICGOI_clean,5.21305,2.62761,4.51323,1.11585,0.0,0.0,549.784,492.706,0.4844,0.43411,0.0,1,0.0057233439,0.1623351255,0.16525742447575056
YIKJOT_clean,YIKJOT_clean,9.06042,4.04226,9.06042,1.25445,1709.74,1362.94,22.3665,17.8297,0.6492,0.517517,0.0,1,0.0089593816,0.2541394705,0.26172055259137417
YINDOQ_clean,YINDOQ_clean,4.43071,3.40597,4.26593,1.3553,678.182,500.394,0.0,0.0,0.4342,0.320372,0.0,1,0.0049406322,0.1456239562,0.14438776820799978
YIWMEW_clean,YIWMEW_clean,5.71951,3.80264,5.71876,1.30733,2035.3,1556.84,0.0,0.0,0.6656,0.509129,0.0,1,0.0084013479,0.2473692939,0.24866923388462517
YIWNIB_clean,YIWNIB_clean,6.81948,5.37501,6.81948,1.22536,2128.85,1737.32,0.0,0.0,0.696,0.567996,0.0,0,0.009995141,0.2857018701,0.2938280592018747
YIXZEL_clean,YIXZEL_clean,4.18544,2.94799,4.18017,2.38522,0.0,0.0,359.124,150.562,0.4952,0.207612,0.0,1,0.0035098179,0.1019481129,0.10262496408287451
YIZGIZ_clean,YIZGIZ_clean,8.32701,3.59268,8.32701,1.46991,1382.6,940.602,0.383122,0.260644,0.553,0.376215,0.0,0,0.0127795787,0.2463966414,0.2478659770266267
YONNAR_clean,YONNAR_clean,11.86103,5.70578,11.72639,0.691421,2206.3,3190.97,0.0,0.0,0.7668,1.10902,0.0,1,0.0257021122,0.7343295023,0.7438118685318781
YOPPAW_clean,YOPPAW_clean,4.43567,3.44353,4.43166,1.44767,531.139,366.891,0.0,0.0,0.4788,0.330738,0.0,1,0.0033707006,0.0966185745,0.09914387198562481
YOPQEB_clean,YOPQEB_clean,3.4858,3.02028,3.48236,1.70007,0.0,0.0,37.7042,22.178,0.347,0.204109,0.0,1,0.0024285445,0.070215301,0.07025890807412513
YOQYEK_clean,YOQYEK_clean,3.96635,2.7764,3.95733,1.51776,0.0,0.0,279.985,184.473,0.3794,0.249974,0.0,1,0.0035414027,0.1035890003,0.10418799287687491
YOTROQ_clean,YOTROQ_clean,4.99807,2.95418,4.99807,1.1414,0.0,0.0,383.976,336.409,0.4966,0.435081,0.0,0,0.0027064098,0.0805434591,0.0793733346826247
YOVPEG_clean,YOVPEG_clean,4.94412,3.02634,4.84665,1.27362,0.0,0.0,312.661,245.491,0.4176,0.327885,0.0,0,0.0026170993,0.077645699,0.0769314368369998
YOYPAF_clean,YOYPAF_clean,6.55588,5.45199,6.55588,1.14259,922.719,807.568,0.0,0.0,0.4978,0.435677,0.0,0,0.0066828762,0.1960947406,0.1936209133468746
YOYPIN_clean,YOYPIN_clean,6.69706,5.82012,6.69706,1.12302,945.662,842.074,0.0,0.0,0.503,0.447901,0.0,0,0.006727908,0.1975314944,0.19774198132049953
YOYPOT_clean,YOYPOT_clean,6.7589,5.79486,6.7589,1.1199,967.709,864.099,0.0,0.0,0.5112,0.456468,0.0,0,0.0068198773,0.2036766356,0.2011436235983747
YOYTUD_clean,YOYTUD_clean,4.80402,3.83038,4.80248,1.49755,1398.05,933.559,0.0,0.0,0.5346,0.356983,0.0,1,0.0065804497,0.1918210229,0.19192719136824926
YOZBOF_SL,YOZBOF_SL,7.83476,4.57838,7.67886,1.07865,1348.62,1250.29,0.0,0.0,0.5716,0.529923,0.0,0,0.0084960314,0.2487137611,0.2501747057561242
YOZJEE_clean,YOZJEE_clean,4.63204,3.60208,4.62987,1.53122,1162.82,759.411,4.86491,3.17715,0.5256,0.343256,0.0,1,0.0062299787,0.1762464724,0.18437425729774973
YOZNAE_clean,YOZNAE_clean,13.27907,6.70029,13.26706,0.882932,2074.79,2349.88,0.0,0.0,0.7122,0.80663,0.0,1,0.0194210811,0.5606501764,0.5664102291921226
YOZRUC_clean,YOZRUC_clean,3.77134,2.80794,3.7651,1.69747,0.0,0.0,148.204,87.3088,0.3868,0.227868,0.0,0,0.0036031277,0.10292161,0.10589467686837516
YOZSAJ_clean,YOZSAJ_clean,3.42886,2.98988,3.33917,1.71673,0.0,0.0,9.57975,5.58025,0.3904,0.22741,0.0,0,0.0029975086,0.0882491097,0.08317242355849987
YUBFOR_clean,YUBFOR_clean,8.69265,4.94745,8.69265,1.19814,1446.3,1207.12,0.0,0.0,0.612,0.510792,0.0,1,0.0078956982,0.2315396368,0.23115388390612554
YUCNEQ_clean,YUCNEQ_clean,4.00964,3.19829,3.93831,1.42054,0.0,0.0,318.172,223.98,0.4982,0.350712,0.0,1,0.0060742438,0.1753853439,0.17537292843487456
YUDFIO_clean,YUDFIO_clean,7.42167,6.24399,7.42167,1.08555,1886.91,1738.2,0.0,0.0,0.6204,0.571506,0.0,1,0.0121072935,0.3506790435,0.3548361396862513
YUDFOU_clean,YUDFOU_clean,7.64047,6.34458,7.63187,1.05425,1899.74,1801.98,0.0,0.0,0.6516,0.618068,0.0,1,0.0123463642,0.3551092917,0.3626693852421252
YUFLIW_clean,YUFLIW_clean,6.09359,4.9062,6.08114,0.831336,2354.2,2831.83,0.0,0.0,0.6718,0.808097,0.0,1,0.0193231374,0.5584366884,0.5615608936073735
YUHHIU_clean,YUHHIU_clean,6.82796,5.69487,6.82796,0.81756,1884.13,2304.57,0.0,0.0,0.672,0.821958,0.0,1,0.0178968022,0.5239402525,0.5223026062761259
YUKCAJ_clean,YUKCAJ_clean,4.62174,3.64026,4.62174,1.16054,790.171,680.867,0.0,0.0,0.4744,0.408776,0.0,0,0.0048078631,0.1398670683,0.14189643357175002
YUKKAR_clean,YUKKAR_clean,5.85992,4.34741,5.85992,1.1473,1614.58,1407.28,0.0,0.0,0.5232,0.456026,0.0,0,0.0097602647,0.283209986,0.2842224565101262
YULBAJ_clean,YULBAJ_clean,4.78019,3.27297,4.78019,1.5076,0.0,0.0,1157.76,767.95,0.5174,0.343194,0.0,0,0.0129767461,0.2290352312,0.23780795255337694
YUPSIM_clean,YUPSIM_clean,5.52019,4.61021,5.51376,1.65801,687.926,414.911,0.0,0.0,0.4506,0.271772,0.0,0,0.0031077067,0.0907417399,0.09132057575150024
YURKAY_clean,YURKAY_clean,8.234,7.52617,8.234,0.858047,2501.02,2914.78,0.0,0.0,0.7128,0.830724,0.0,1,0.0192878617,0.5655061488,0.5617093531517501
YURKEC_clean,YURKEC_clean,7.90101,7.08763,7.8976,1.07399,1764.62,1643.06,0.0,0.0,0.6344,0.590696,0.0,1,0.0129079645,0.3781443,0.3785960048272499
YUSWEQ_clean,YUSWEQ_clean,5.40391,4.45966,5.39413,1.61347,1720.16,1066.13,0.0,0.0,0.5494,0.340509,0.0,1,0.0074847005,0.2209525099,0.2192297371627504
YUTGEZ_clean,YUTGEZ_clean,5.82433,3.93601,5.82433,1.29826,1025.59,789.97,0.0,0.0,0.5686,0.437971,0.0,0,0.0059464237,0.1748402625,0.17592132371749994
YUWKEH_clean,YUWKEH_clean,3.63512,2.9315,3.63301,1.82361,0.0,0.0,56.7076,31.0963,0.3642,0.199714,0.0,1,0.0013319225,0.0384065778,0.039782398372124834
YUYGOQ_clean,YUYGOQ_clean,5.37118,4.47094,5.33272,1.34967,1149.04,851.347,10.6722,7.90727,0.5126,0.379797,0.0,1,0.0067421045,0.1914618228,0.1959725064315003
YUZBUS_clean,YUZBUS_clean,5.56489,2.86811,5.54943,1.48376,0.0,0.0,641.085,432.066,0.5,0.336981,0.0,0,0.0058050071,0.1670693061,0.1711761760705005
YUZCON_clean,YUZCON_clean,12.85482,8.91717,12.83553,1.23622,1841.47,1489.6,0.0,0.0,0.7372,0.596334,0.0,1,0.0135811245,0.3945001819,0.3942626650441258
YUZRAO_clean,YUZRAO_clean,7.04018,5.00118,6.73681,1.11887,1297.93,1160.04,0.0,0.0,0.528,0.471906,0.0,1,0.0083780488,0.2477554321,0.2447907344737506
YUZSUH_clean,YUZSUH_clean,4.28405,3.30153,4.28405,1.85397,0.0,0.0,776.408,418.78,0.479,0.258364,0.0,1,0.0061090181,0.179031459,0.17233238251762512
ZALDUO_clean,ZALDUO_clean,4.61661,3.56851,4.61661,1.92477,1210.48,628.894,0.0,0.0,0.514,0.267045,0.0,1,0.0039864216,0.1163197094,0.11901764675237478
ZALGEB_clean,ZALGEB_clean,6.62075,4.56528,6.62075,1.81667,1374.98,756.865,0.0,0.0,0.5514,0.303522,0.0,1,0.0049295919,0.1368089544,0.14543550955700013
ZALREM_clean,ZALREM_clean,5.87604,3.78386,5.86921,1.04183,1802.16,1729.8,0.0,0.0,0.622,0.597029,0.0,0,0.0125707367,0.3786776855,0.3664308757040009
ZAQWEW_clean,ZAQWEW_clean,6.95842,6.13717,6.94512,1.39957,1222.41,873.413,0.0,0.0,0.5188,0.370684,0.0,1,0.0067401356,0.2000257808,0.1992039783441245
ZARLIP_clean,ZARLIP_clean,9.09773,7.66595,9.09773,0.805646,1902.98,2362.06,0.0,0.0,0.6786,0.842305,0.0,1,0.0168902136,0.4886502422,0.49421025478349767
ZASJAG_clean,ZASJAG_clean,8.3258,8.06587,8.3258,1.20593,1261.26,1045.89,0.0,0.0,0.5316,0.440823,0.0,0,0.0080305064,0.2342207194,0.2340611530205008
ZAVPIX_clean,ZAVPIX_clean,5.34624,4.4404,5.30939,1.2826,1715.57,1337.57,0.0,0.0,0.5728,0.446594,0.0,1,0.0090274411,0.2653244916,0.2641322333963745
ZAVQAQ_clean,ZAVQAQ_clean,5.33865,4.48097,5.3256,1.32498,1680.96,1268.67,0.0,0.0,0.569,0.42944,0.0,1,0.0086732475,0.2569065442,0.25369067713450116
ZAXQOG_clean,ZAXQOG_clean,5.67387,3.7719,5.66477,1.01421,1385.47,1366.06,80.4067,79.2805,0.6032,0.594751,0.0,1,0.0109268931,0.3160910212,0.32278321681462435
ZAZBUZ_clean,ZAZBUZ_clean,6.78822,5.70042,6.78792,1.17074,1452.69,1240.82,0.0,0.0,0.588,0.502245,0.0,1,0.0101905765,0.3012223448,0.2981946937752498
ZEDLOL_clean,ZEDLOL_clean,4.6264,3.66432,4.6264,1.37262,652.64,475.472,0.0,0.0,0.459,0.334398,0.0,0,0.004394998,0.1273197993,0.12827763566662567
ZEDZAL01_clean,ZEDZAL01_clean,5.65082,4.55391,5.6492,1.03183,1744.09,1690.29,0.0,0.0,0.599,0.580521,0.0,0,0.0128673554,0.3753241006,0.37448615675674923
ZEDZAL_clean,ZEDZAL_clean,5.65964,4.57272,5.65578,1.03183,1734.09,1680.59,0.0,0.0,0.6058,0.587111,0.0,0,0.0127281805,0.3753385604,0.37216718751074984
ZEGSUB_clean,ZEGSUB_clean,7.31541,3.30833,7.31541,1.20729,0.0,0.0,734.411,608.314,0.4788,0.396591,0.0,1,0.0045617772,0.1336885016,0.13311145107862504
ZELQAK_clean,ZELQAK_clean,8.24038,5.23853,8.14946,0.765451,2630.89,3437.05,0.0,0.0,0.7374,0.963354,0.0,1,0.0228636553,0.6512859035,0.6633662732778731
ZEZQIG_clean,ZEZQIG_clean,6.88408,4.79829,6.69844,1.21505,1604.06,1320.16,0.0,0.0,0.5894,0.485082,0.0,1,0.009651995,0.2878041438,0.28299383371562503
ZIDVAL_clean,ZIDVAL_clean,5.32891,3.57912,5.32891,1.33917,571.442,426.715,0.0,0.0,0.4296,0.320796,0.0,1,0.0044109104,0.1308100166,0.12860243910625055
ZIGWUJ_clean,ZIGWUJ_clean,5.41641,3.34297,5.39817,1.32203,880.545,666.057,0.0,0.0,0.5084,0.384561,0.0,1,0.0060594602,0.1778492151,0.1754926756047505
ZIKJIO_clean,ZIKJIO_clean,7.07783,5.58584,7.07783,0.782965,2562.61,3272.96,0.0,0.0,0.6992,0.893015,0.0,1,0.0199985942,0.5960590866,0.5844207332977498
ZIKJOU_clean,ZIKJOU_clean,5.81598,3.9573,5.81598,0.969805,2178.44,2246.27,0.0,0.0,0.6456,0.665701,0.0,1,0.0138362226,0.4107366614,0.4038398519813743
ZIMLEO_clean,ZIMLEO_clean,8.8325,4.17886,8.8325,1.13678,2223.09,1955.6,0.0,0.0,0.7064,0.621405,0.0,1,0.0129289108,0.37401077,0.3783690733277503
ZIMTAS_clean,ZIMTAS_clean,15.44798,6.02893,15.44798,0.579498,2082.03,3592.82,0.0,0.0,0.7752,1.33771,0.0,1,0.0304748804,0.8609983933,0.8861749420698775
ZIYPUU_clean,ZIYPUU_clean,4.16938,3.3088,4.16938,1.46817,0.0,0.0,471.425,321.097,0.4874,0.331978,0.0,1,0.0047095302,0.1368881607,0.13816195358712452
ZOMKAP01_clean,ZOMKAP01_clean,3.38977,2.61781,3.38749,2.05116,0.0,0.0,6.21521,3.0301,0.493,0.240352,0.0,1,0.0032918481,0.0970734249,0.09607816049574978
ZOXTIR_clean,ZOXTIR_clean,5.95588,3.14053,5.93808,1.94964,0.0,0.0,602.113,308.833,0.4406,0.225991,0.0,1,0.0033146275,0.097128498,0.09818865079537493
ZOXVEP_clean,ZOXVEP_clean,5.87141,3.21635,5.85418,1.91494,0.0,0.0,638.808,333.592,0.4284,0.223715,0.0,1,0.0033787225,0.0986238987,0.09900282026137433
ZUBFIN_clean,ZUBFIN_clean,7.69352,3.71325,7.67785,1.11238,1215.17,1092.41,0.0,0.0,0.5518,0.496052,0.0,1,0.0095491257,0.2772168391,0.28146784895637444
ZUNZIT_clean,ZUNZIT_clean,5.02966,4.18682,5.02966,1.54704,1064.88,688.333,0.0,0.0,0.4702,0.303935,0.0,1,0.0054186018,0.1608523411,0.15806993837949995
ZUTBIB_clean,ZUTBIB_clean,5.89251,3.41929,5.89251,2.16043,1096.32,507.456,0.0,0.0,0.5212,0.241248,0.0,0,0.0079878841,0.2293952157,0.2192579652825002
ZUVTEP_clean,ZUVTEP_clean,6.34335,3.26541,6.34335,1.63952,0.0,0.0,911.464,555.934,0.53,0.323266,0.0,0,0.0049732248,0.1475400512,0.1482649806266248
ZUWXUM_clean,ZUWXUM_clean,6.25511,5.54572,6.22585,0.917254,2526.11,2753.99,0.0,0.0,0.7012,0.764456,0.0,0,0.0204976908,0.5863589755,0.593898973951501
