filename,name,LCD,PLD,LFPD,cm3_g,ASA_m2_cm3,ASA_m2_g,NASA_m2_cm3,NASA_m2_g,AV_VF,AV_cm3_g,NAV_cm3_g,Has_OMS,Input,y_true,y_pred
1499489-acs.cgd.6b01265_1499490_clean,1499489-acs.cgd.6b01265_1499490_clean,10.85017,3.77263,10.26663,0.884188,1701.53,1924.4,0.0,0.0,0.6458,0.730388,0.0,0,0.074552982,0.685041089,0.6668464256199992
ACOCOM_clean,ACOCOM_clean,24.60642,13.0343,24.60642,0.349927,1537.41,4393.52,0.0,0.0,0.863,2.46623,0.0,1,0.038332805,0.384543547,0.38368882732374954
ACODAZ_clean,ACODAZ_clean,23.29182,13.11646,23.29182,0.343144,1530.83,4461.21,0.0,0.0,0.8618,2.51148,0.0,1,0.037829526,0.38014477,0.3749371670512478
acs.chemmater.5b03723_cm5b03723_si_004_clean,acs.chemmater.5b03723_cm5b03723_si_004_clean,13.11818,7.33973,12.8246,0.772596,1915.1,2478.78,10.4758,13.5592,0.6956,0.900342,0.0,1,0.125202845,0.706917525,0.9550827059799987
acscombsci.5b00188_34903_clean,acscombsci.5b00188_34903_clean,6.15808,5.85025,6.15808,2.16583,1748.44,807.285,0.0,0.0,0.542,0.25025,0.0,0,0.194839349,1.370096388,1.4236819890562513
acs.inorgchem.5b02378_ic5b02378_si_002_clean,acs.inorgchem.5b02378_ic5b02378_si_002_clean,3.84352,3.57212,3.8244,2.34418,318.947,136.059,0.0,0.0,0.356,0.151866,0.0,0,0.199979095,1.116402238,1.074598030413754
AGAYOW_clean,AGAYOW_clean,5.75249,2.57901,5.75249,1.68923,0.0,0.0,902.37,534.192,0.5038,0.298243,0.0,1,0.052904529,0.438186915,0.4539899688975001
AQEFOS_clean,AQEFOS_clean,8.68225,2.76851,8.68064,1.96074,0.0,0.0,799.798,407.907,0.5044,0.25725,0.0,1,0.005638871,0.055393762,0.05583717665624998
AQIQIC_clean,AQIQIC_clean,6.11416,2.65573,6.10292,1.45271,0.0,0.0,973.967,670.449,0.4784,0.329316,0.0,1,0.055434721,0.467112332,0.47142182652375064
ASANAL_clean,ASANAL_clean,5.37126,3.88285,5.37126,1.20144,1052.9,876.362,0.0,0.0,0.5218,0.434312,0.0,1,0.052064518,0.460646752,0.46971257548875117
ASEKAM_clean,ASEKAM_clean,5.99031,5.00967,5.99031,1.72662,1403.65,812.946,0.0,0.0,0.5696,0.329892,0.0,1,0.040481876,0.363500336,0.36859404967750004
ATEZEG_clean,ATEZEG_clean,10.12518,7.5272,10.12318,0.775574,2361.78,3045.2,0.0,0.0,0.7158,0.922929,0.0,1,0.047128858,0.462436576,0.453371341088749
AXIGAR_clean,AXIGAR_clean,6.07916,3.82644,6.07805,0.772367,2511.2,3251.3,0.0,0.0,0.6878,0.890509,0.0,1,0.021423124,0.214334378,0.21229741718249978
BABREE_clean,BABREE_clean,12.92538,6.29785,12.92538,0.898119,2356.63,2623.96,0.0,0.0,0.6828,0.760255,0.0,1,0.039957284,0.385798649,0.38892882954250063
BADXAI_clean,BADXAI_clean,6.25366,4.40633,6.25366,1.71483,758.25,442.172,0.0,0.0,0.4118,0.240141,0.0,1,0.011353448,0.107135701,0.10498584646625025
BOJDAG_clean,BOJDAG_clean,5.39507,2.83629,5.38618,2.56176,0.0,0.0,636.154,248.327,0.4208,0.164262,0.0,0,0.050372718,0.390695984,0.38669308421249987
BUPDOH_clean,BUPDOH_clean,11.18608,5.4183,11.18608,0.930795,2344.47,2518.79,0.0,0.0,0.7156,0.768805,0.0,1,0.112413351,0.876443599,0.9594819713212489
BUSSEP_clean,BUSSEP_clean,5.87951,2.60001,5.87951,2.01237,0.0,0.0,733.648,364.569,0.4442,0.220735,0.0,1,0.041790991,0.328457507,0.34429395244125116
c5ta09507g_c5ta09507g2_clean,c5ta09507g_c5ta09507g2_clean,8.62119,5.11428,8.62119,1.19769,1550.85,1294.87,0.0,0.0,0.569,0.475082,0.0,0,0.205509181,1.730980699,1.5564333577
c6ta07145g_c6ta07145g2_clean,c6ta07145g_c6ta07145g2_clean,6.02059,3.60964,6.01517,1.26554,923.516,729.74,0.0,0.0,0.497,0.392717,0.0,0,0.042664683,0.37244312,0.38512985660624977
CAHQAG_clean,CAHQAG_clean,3.74377,3.05139,3.72559,1.42157,0.0,0.0,222.905,156.802,0.4296,0.302201,0.0,1,0.035125219,0.32593955,0.3121328900462501
CASWIE_clean,CASWIE_clean,9.90767,8.8856,9.90767,1.25703,2053.39,1633.52,0.0,0.0,0.7078,0.563072,0.0,0,0.063070995,0.564384571,0.5695484877274986
CAVMIX_clean,CAVMIX_clean,8.93942,5.67971,8.86574,0.942961,1589.69,1685.85,0.0,0.0,0.62,0.657503,0.0,1,0.054925255,0.512847165,0.5071148502275001
CEDFOI_clean,CEDFOI_clean,8.34336,3.84131,8.32866,1.23395,1912.36,1549.78,0.0,0.0,0.6248,0.506341,0.0,1,0.053170463,0.471544167,0.4960575056674992
CEYYIQ_clean,CEYYIQ_clean,8.37126,7.81796,8.37126,2.71612,1505.4,554.246,0.0,0.0,0.6104,0.224732,0.0,1,0.007660782,0.075216111,0.07441964986625003
cg050585esi20051105_115011_clean,cg050585esi20051105_115011_clean,5.11718,3.57473,5.07564,1.4789,549.331,371.446,14.5687,9.85107,0.4246,0.287106,0.0,0,0.119785238,0.743254716,0.8224977884750004
cg100357q_si_002_clean,cg100357q_si_002_clean,5.69388,4.40862,5.69388,1.25786,1032.04,820.478,0.0,0.0,0.4934,0.392254,0.0,1,0.119242249,0.79795718,0.9510348542775
cg501141m_si_003_clean,cg501141m_si_003_clean,6.52889,4.75513,5.51076,1.08983,1352.45,1240.98,192.247,176.402,0.5792,0.531461,0.0,1,0.076108909,0.660991943,0.6661472959587493
cg800945m_si_002_clean,cg800945m_si_002_clean,4.88985,2.68705,4.88628,1.50156,0.0,0.0,109.26,72.7639,0.3972,0.264524,0.0,1,0.031631544,0.194876061,0.27270972972749874
CIPLIX_clean,CIPLIX_clean,4.16596,3.6754,4.15153,1.12701,1392.79,1235.82,0.0,0.0,0.5518,0.489614,0.0,1,0.07282025,0.668788909,0.6560572591362517
CIQQIE_clean,CIQQIE_clean,6.69548,4.06015,6.67985,1.03219,1589.58,1540.01,0.0,0.0,0.5732,0.555324,0.0,1,0.077872787,0.68243866,0.7002971421274988
CODJUC_clean,CODJUC_clean,3.70804,2.59481,3.70264,1.72102,0.0,0.0,65.3069,37.9466,0.3724,0.216383,0.0,1,0.014779955,0.142474195,0.1350774253825002
COMNAU_clean,COMNAU_clean,9.72302,3.66698,9.70462,1.61238,1190.87,738.578,0.0,0.0,0.5424,0.336397,0.0,1,0.086124047,0.728836499,0.6940519726437487
COXDIE_clean,COXDIE_clean,5.62039,5.35711,5.62039,1.66496,1129.92,678.647,0.152502,0.091595,0.484,0.290697,0.0,1,0.022597228,0.217508982,0.213738705775
CUGLIB_clean,CUGLIB_clean,5.58062,5.51252,5.58062,2.40243,819.805,341.239,0.0,0.0,0.416,0.173158,0.0,1,0.006867866,0.067183362,0.06507529429000015
CUNRAG_clean,CUNRAG_clean,4.531,2.72413,4.38623,2.08372,0.0,0.0,487.364,233.891,0.416,0.199643,0.0,0,0.29783739,1.267079593,1.3128978979712471
CURZAR_clean,CURZAR_clean,6.11737,4.85497,6.11737,1.33305,994.338,745.91,0.926549,0.695058,0.5124,0.38438,0.0,1,0.013657925,0.137053996,0.13263122325875
CUTCAX_clean,CUTCAX_clean,4.30234,3.58939,4.26585,1.09614,1081.03,986.218,1.04385,0.952301,0.522,0.476217,0.0,1,0.075487673,0.695074037,0.6499524437337523
DACSEI_clean,DACSEI_clean,11.09615,4.22518,11.09615,1.45844,1887.17,1293.96,0.0,0.0,0.625,0.428539,0.0,1,0.262672173,1.127821306,1.5796107552712515
DAXJET02_clean,DAXJET02_clean,3.54773,3.30155,3.52649,1.37928,0.0,0.0,43.4235,31.4827,0.4934,0.357723,0.0,0,0.003854011,0.038695816,0.038718841272500075
DIWMUT_clean,DIWMUT_clean,7.56491,5.96452,7.55979,0.838759,2075.47,2474.46,0.0,0.0,0.641,0.764225,0.0,1,0.072223739,0.660317148,0.6661765413512499
DOFTID_clean,DOFTID_clean,8.70669,6.70952,8.70669,0.91345,2575.78,2819.83,0.0,0.0,0.7676,0.84033,0.0,1,0.03810974,0.364585401,0.37261360206500205
DUZKEQ_clean,DUZKEQ_clean,20.34484,16.57615,20.32874,0.744987,1552.98,2084.58,0.0389169,0.0522383,0.7072,0.949278,0.0,1,0.015376031,0.152328207,0.1527711392500007
EBEXIU02_clean,EBEXIU02_clean,4.00389,3.67365,4.00389,1.98749,501.521,252.339,0.0,0.0,0.386,0.194214,0.0,0,0.135225499,0.908438551,0.8075145107662505
EHUTAE_clean,EHUTAE_clean,11.6271,4.37686,9.57037,0.725635,2073.78,2857.89,0.0,0.0,0.7062,0.973216,0.0,1,0.085144197,0.693996896,0.7628226625037499
EJEGUW_clean,EJEGUW_clean,13.22864,3.02378,11.59412,3.2274,0.0,0.0,1176.86,364.645,0.5774,0.178905,0.0,1,0.006198136,0.059849631,0.06093170444500012
EKEKOW_clean,EKEKOW_clean,7.39946,6.7038,7.38889,1.19584,1297.81,1085.27,0.0,0.0,0.5626,0.470465,0.0,1,0.096889681,0.791556859,0.7915264820649958
ENCDBZ01_clean,ENCDBZ01_clean,4.96088,3.91158,4.96088,1.33226,1771.15,1329.44,0.0,0.0,0.6226,0.467327,0.0,0,0.027947722,0.272255953,0.2696947214824994
EQOCOC01_clean,EQOCOC01_clean,9.01895,5.30438,9.01895,0.963226,2097.19,2177.26,0.0,0.0,0.6844,0.710529,0.0,0,0.060699857,0.567753236,0.5748261200774996
ERAQAR_clean,ERAQAR_clean,7.38576,7.26835,7.38576,1.40447,1641.95,1169.09,0.0,0.0,0.6066,0.431907,0.0,0,0.080163635,0.747866669,0.6943501856949996
ESEVIJ_clean,ESEVIJ_clean,6.61149,3.16498,6.60006,3.3189,0.0,0.0,1155.65,348.203,0.5006,0.150833,0.0,1,0.003663457,0.036269442,0.03597212469499991
ETIPII_clean,ETIPII_clean,4.4114,3.63269,4.34894,1.3361,794.526,594.661,72.734,54.4377,0.5232,0.391588,0.0,1,0.157002026,1.234787097,1.2421152500512413
ETIXAI_clean,ETIXAI_clean,5.65647,4.17101,5.65647,1.21689,891.966,732.986,0.0,0.0,0.4942,0.406116,0.0,1,0.071938022,0.56154387,0.6002785863700014
EZOFUV_clean,EZOFUV_clean,8.33031,6.08017,8.32272,1.02014,2081.17,2040.08,0.0,0.0,0.6416,0.628934,0.0,0,0.046370987,0.460184534,0.4475197073800004
FASGEO_clean,FASGEO_clean,4.99768,3.35597,4.99362,1.72278,433.626,251.702,0.0,0.0,0.4048,0.23497,0.0,1,0.061397701,0.485533731,0.47164933467249937
FECFAV_clean,FECFAV_clean,5.25994,4.33258,5.25994,2.87728,502.041,174.484,0.0,0.0,0.3954,0.137421,0.0,1,0.003318048,0.032636281,0.03257243549749997
FECJUT_clean,FECJUT_clean,8.20883,4.88885,8.12686,0.902793,1817.93,2013.68,0.0,0.0,0.618,0.684542,0.0,1,0.043445714,0.415761906,0.4167939809062502
FEVREF_clean,FEVREF_clean,3.94617,2.70908,3.93161,1.32785,0.0,0.0,140.515,105.822,0.3296,0.248221,0.0,1,0.022727159,0.211842238,0.2036867975325001
FEWXIQ_clean,FEWXIQ_clean,17.35042,7.46306,17.20636,0.482905,2259.15,4678.25,0.0,0.0,0.7942,1.64463,0.0,0,0.037710053,0.373288576,0.3734413635400001
FEZCIX_clean,FEZCIX_clean,9.87905,6.13901,9.87905,1.05939,3096.5,2922.91,0.0,0.0,0.8222,0.776107,0.0,1,0.006975297,0.069949706,0.06954656479749965
FIDMEL01_clean,FIDMEL01_clean,4.68139,3.11007,4.51423,2.24942,0.0,0.0,671.35,298.455,0.5084,0.226014,0.0,1,0.069834524,0.567523239,0.5543075110437513
FIGVUN_clean,FIGVUN_clean,4.04027,2.92923,4.04027,1.87942,0.0,0.0,439.972,234.101,0.5318,0.28296,0.0,0,0.060097803,0.540258183,0.5184834589200006
FIHHOV_clean,FIHHOV_clean,6.48503,4.23046,4.73284,1.35341,178.981,132.245,677.871,500.863,0.475,0.350966,0.0,1,0.028850555,0.26054825,0.2596850362937502
FIJFOU_clean,FIJFOU_clean,6.85299,4.5996,6.84418,1.41253,1137.63,805.384,0.0,0.0,0.4974,0.352134,0.0,1,0.036819644,0.339547646,0.34014509183999975
FIPJEV_clean,FIPJEV_clean,5.48611,3.75413,5.4744,1.70121,1138.25,669.081,0.0,0.0,0.4918,0.289089,0.0,1,0.102777982,0.784242564,0.8085603412350004
FISXEM_clean,FISXEM_clean,15.69953,15.64725,15.69953,0.982352,1496.09,1522.96,0.0,0.0,0.7144,0.727234,0.0,0,0.06303659,0.572480785,0.5828424901637532
FODYUT_clean,FODYUT_clean,4.86672,3.16405,4.70139,1.91946,0.0,0.0,732.512,381.624,0.5282,0.275182,0.0,0,0.149534688,0.987889168,1.1388183333987443
FOQNOQ02_clean,FOQNOQ02_clean,5.77332,4.6821,5.75387,1.37197,1078.45,786.062,190.643,138.956,0.5392,0.393013,0.0,1,0.054369211,0.461882409,0.48358697876374945
FOQNUW01_clean,FOQNUW01_clean,6.20702,4.77029,6.1269,1.35255,1350.08,998.172,0.0,0.0,0.5374,0.397323,0.0,1,0.048943545,0.423465293,0.44705624821749856
FUTZIF_clean,FUTZIF_clean,5.6655,4.98419,5.65746,1.25322,1742.86,1390.71,0.0,0.0,0.5754,0.459137,0.0,1,0.080198915,0.725122066,0.7159903861700008
FUVDEH01_clean,FUVDEH01_clean,7.23867,5.86079,7.23867,1.59448,533.217,334.414,0.0,0.0,0.397,0.248984,0.0,0,0.024471672,0.226502313,0.22761984203374946
FUVDEH04_clean,FUVDEH04_clean,6.74437,6.14599,6.74437,1.73737,495.479,285.189,0.0,0.0,0.3518,0.20249,0.0,0,0.021898337,0.209000538,0.20157252810374945
FUVDEH12_clean,FUVDEH12_clean,6.7205,5.84346,6.7205,1.66278,490.525,295.002,0.0,0.0,0.372,0.223721,0.0,0,0.024872009,0.227449915,0.2290458247187487
FUVGAG02_clean,FUVGAG02_clean,6.44753,5.88333,6.44753,1.88939,387.159,204.912,0.0,0.0,0.2574,0.136235,0.0,1,0.006984412,0.065062431,0.06610184665500006
FUWFUA_clean,FUWFUA_clean,7.25313,6.2676,7.10214,1.05922,1980.57,1869.84,0.0,0.0,0.6472,0.611017,0.0,1,0.036849276,0.357009208,0.3601119516799995
GABGOI_clean,GABGOI_clean,6.19829,3.31833,6.1896,1.16905,1025.05,876.825,79.2829,67.8181,0.5256,0.449596,0.0,0,0.113206355,0.899917645,0.9216600514037517
GANBED02_clean,GANBED02_clean,5.89181,5.00048,5.83979,0.915211,2178.2,2379.99,0.0,0.0,0.6786,0.741468,0.0,0,0.051981373,0.497847328,0.48957440409750264
GASTIG_clean,GASTIG_clean,5.0819,3.79248,5.0819,1.32659,966.447,728.518,0.0,0.0,0.4748,0.357909,0.0,1,0.214395803,1.399353669,1.4791132648099963
GATQIE_clean,GATQIE_clean,8.12277,6.57853,7.8081,0.814422,2692.15,3305.6,0.0,0.0,0.7176,0.881116,0.000491146,1,0.038891921,0.377492595,0.3827194051962499
GITSUY_clean,GITSUY_clean,12.38253,7.614,12.38253,0.866035,1866.54,2155.27,0.0,0.0,0.694,0.801354,0.0,0,0.029655646,0.288149396,0.2896839570887501
GITVAH01_clean,GITVAH01_clean,9.03293,4.92005,8.03384,1.44808,1218.66,841.568,0.0,0.0,0.5302,0.366141,0.0,0,0.08477035,0.721493348,0.6839728145362501
GITVAH_clean,GITVAH_clean,8.75698,4.92208,6.66017,1.57163,868.704,552.741,0.298339,0.189828,0.4918,0.312924,0.0,0,0.098346092,0.711104792,0.7275180643987517
GONMON_clean,GONMON_clean,7.36451,3.08655,7.36451,1.50929,0.0,0.0,1044.08,691.77,0.5014,0.33221,0.0,1,0.039216871,0.346824396,0.35013887892125106
GONSUZ_clean,GONSUZ_clean,4.31262,4.05462,4.31117,1.54869,644.734,416.31,25.0293,16.1616,0.4898,0.316268,0.0,0,0.036471592,0.355246232,0.3357486310637505
HABCIZ_clean,HABCIZ_clean,9.83189,7.12324,9.82847,0.920871,2079.45,2258.13,0.0,0.0,0.6902,0.749507,0.0,1,0.028634025,0.280158214,0.28224501913125133
HACDOH_clean,HACDOH_clean,11.09643,3.77101,11.09643,1.1212,1595.24,1422.79,0.0,0.0,0.6134,0.547091,0.0,0,0.189278157,1.324838378,1.4781309853612523
HACREL_clean,HACREL_clean,10.63772,3.92828,9.71842,1.11327,1802.59,1619.18,0.0,0.0,0.628,0.564102,0.0,1,0.248392083,1.78810675,1.6741022686824962
HAMJUC_clean,HAMJUC_clean,10.68848,3.93393,10.67739,1.13553,1897.49,1671.02,0.0,0.0,0.6192,0.545297,0.0,1,0.27313468,1.782342753,1.6794698113349964
HIXDOH_clean,HIXDOH_clean,4.02842,2.83239,4.02487,2.8926,0.0,0.0,158.976,54.9595,0.3378,0.116781,0.0,0,0.096467112,0.613487655,0.6895639550437531
HIYZEV_clean,HIYZEV_clean,6.85088,3.31241,6.85088,1.35159,1151.37,851.868,0.0,0.0,0.5104,0.37763,0.0,1,0.042298705,0.393273204,0.38848726127249905
HOVQUG_clean,HOVQUG_clean,4.17086,3.66339,4.17086,1.64186,726.593,442.541,0.0,0.0,0.4718,0.287356,0.0,1,0.093603978,0.7774871,0.7611591244849976
HUXHEP_clean,HUXHEP_clean,4.54285,2.94307,4.53552,1.64054,0.0,0.0,705.969,430.327,0.4708,0.286978,0.0,1,0.055174204,0.46541006,0.4651661017787508
HUZYEI_clean,HUZYEI_clean,8.53699,6.27993,8.53699,0.711095,2228.2,3133.48,0.0,0.0,0.6894,0.969491,0.0,0,0.035393416,0.341904645,0.34888230126749825
HUZYIM_clean,HUZYIM_clean,8.39885,4.78933,7.86209,0.797668,1803.87,2261.43,0.0,0.0,0.6378,0.79958,0.0,0,0.053095065,0.486677959,0.5051838628725007
IBURAZ_clean,IBURAZ_clean,4.88805,3.48372,4.75798,1.89312,918.977,485.428,0.0,0.0,0.536,0.28313,0.0,0,0.14314207,1.047719348,1.0671668847637463
ic5005374_si_003_clean,ic5005374_si_003_clean,21.713,8.12819,21.713,0.624448,1871.88,2997.65,0.0,0.0,0.8216,1.31572,0.0,1,0.046471273,0.46160316,0.44633813221999946
ICITIY_clean,ICITIY_clean,6.58704,5.40423,6.22319,1.47585,2062.64,1397.59,0.0,0.0,0.6524,0.44205,0.0,1,0.034060804,0.31872993,0.3284590271487488
IDAHAY_clean,IDAHAY_clean,4.0232,2.62289,4.02306,1.73943,0.0,0.0,116.829,67.1647,0.3786,0.217657,0.0,1,0.031221991,0.291236017,0.2761212474825004
IFEPUG03_clean,IFEPUG03_clean,6.99241,5.91522,6.99241,1.59971,524.86,328.098,0.0,0.0,0.393,0.24567,0.0,0,0.019298233,0.187968903,0.17835199517124953
IFEPUG09_clean,IFEPUG09_clean,6.88857,6.56673,6.88857,1.78418,556.743,312.044,0.0,0.0,0.331,0.185519,0.0,1,0.01946955,0.188875799,0.18285890675999855
IFEQER_clean,IFEQER_clean,7.19047,6.08402,7.19047,1.57527,553.109,351.12,0.0,0.0,0.394,0.250116,0.0,0,0.020572781,0.200051741,0.1926498086624995
IGIZOP_clean,IGIZOP_clean,3.92192,3.09269,3.71054,1.98853,0.0,0.0,252.554,127.006,0.39,0.196125,0.0,1,0.097448889,0.659144219,0.7213392654775035
IGIZUV_clean,IGIZUV_clean,3.94742,3.03532,3.70082,1.99626,0.0,0.0,240.279,120.364,0.3898,0.195265,0.0,1,0.100746127,0.682766911,0.7189639163937546
IJEXUS_clean,IJEXUS_clean,21.63198,16.25392,21.63198,0.800283,1414.75,1767.81,0.0,0.0,0.7074,0.883938,0.0,1,0.015262291,0.147628482,0.1507021219025002
ILITON_clean,ILITON_clean,10.85959,9.44525,10.85959,0.579291,2065.83,3566.14,0.0,0.0,0.7778,1.34268,0.0,1,0.034308885,0.343857027,0.3355332625912497
INIROO_clean,INIROO_clean,8.17605,4.71571,8.17605,2.17241,1103.1,507.776,0.0,0.0,0.5056,0.232737,0.0,1,0.00957513,0.092105824,0.09276901807125024
IPIVOT_clean,IPIVOT_clean,6.19757,4.01106,6.19757,1.45575,826.006,567.408,0.0,0.0,0.474,0.325604,0.0,1,0.09491563,0.660107405,0.7014181884325036
ISIYUF02_clean,ISIYUF02_clean,4.26222,2.90235,4.25895,2.04977,0.0,0.0,747.939,364.889,0.5086,0.248125,0.0,0,0.031101206,0.290693067,0.28582422183250084
IWEVUD_clean,IWEVUD_clean,8.76153,5.94273,8.76153,2.07228,1706.46,823.467,0.0,0.0,0.6254,0.301793,0.0,1,0.025750844,0.243181369,0.24189294576124992
IWEWIS_clean,IWEWIS_clean,8.35434,5.33584,8.35252,2.50251,1589.74,635.259,0.0,0.0,0.5862,0.234245,0.0,1,0.034925572,0.314903646,0.30387520073624974
IXIKOR01_clean,IXIKOR01_clean,5.26705,3.69374,5.26705,1.61953,806.553,498.016,0.0,0.0,0.4486,0.276994,0.0,1,0.121376434,0.823206987,0.8469654554250019
ja078060t-file002_clean,ja078060t-file002_clean,16.93112,9.01585,16.93112,0.615402,2165.98,3519.61,0.0,0.0,0.7858,1.27689,0.0,1,0.055156187,0.519024792,0.5276569731337508
ja4015666_si_003_clean,ja4015666_si_003_clean,10.07647,9.04237,10.07647,0.718146,2256.82,3142.56,0.0,0.0,0.7528,1.04825,0.0,0,0.031901059,0.318107316,0.31515555424750097
ja403810k_si_003_clean,ja403810k_si_003_clean,31.39938,26.2789,31.39936,0.252736,790.748,3128.75,0.0,0.0,0.9088,3.59585,0.0,1,0.029360024,0.292049938,0.2881300724287507
ja410368j_si_002_clean,ja410368j_si_002_clean,11.55893,3.45239,11.55893,0.94881,1479.04,1558.83,0.0,0.0,0.6372,0.671578,0.0,0,0.030882893,0.302401108,0.3020534781662504
ja507119n_si_002_clean,ja507119n_si_002_clean,15.60995,11.91932,15.59956,1.42878,1384.15,968.765,14.3512,10.0444,0.6548,0.458293,0.000139979,0,0.04776858,0.307734728,0.42526503888124995
ja5109535_si_002_clean,ja5109535_si_002_clean,17.4505,7.65306,17.4505,0.65071,2199.17,3379.65,0.0,0.0,0.7686,1.18117,0.0,0,0.074012023,0.685770473,0.639256487538753
jacs.5b11034_ja5b11034_si_002_clean,jacs.5b11034_ja5b11034_si_002_clean,10.09486,5.31829,9.68701,0.952575,2265.34,2378.12,0.0,0.0,0.7158,0.751437,0.0,1,0.092738116,0.81150642,0.7967725352162529
jacs.5b11079_ja5b11079_si_002_clean,jacs.5b11079_ja5b11079_si_002_clean,14.16979,6.91811,12.94276,0.599196,2206.88,3683.06,0.0,0.0,0.7614,1.2707,0.0,1,0.05022062,0.473949994,0.4671315066187477
jacs.6b04608_ja6b04608_si_002_clean,jacs.6b04608_ja6b04608_si_002_clean,18.84439,11.02909,18.84439,0.389439,1879.81,4826.98,0.0,0.0,0.8376,2.15079,0.00051356,0,0.031150634,0.312869546,0.30845459117125035
jacs.6b11027_ja6b11027_si_002_clean,jacs.6b11027_ja6b11027_si_002_clean,7.96736,2.44517,7.94738,2.83689,0.0,0.0,1181.6,416.512,0.5406,0.190561,7.05e-05,1,0.078100597,0.637313587,0.6164284549987484
JAJZAY_clean,JAJZAY_clean,11.43481,6.24659,11.43433,0.715716,2413.07,3371.55,0.0,0.0,0.7402,1.03421,0.0,1,0.053653028,0.518238433,0.5109637105237501
JALLIU_clean,JALLIU_clean,13.72158,6.77108,13.72158,0.777101,2196.2,2826.14,0.0,0.0,0.7498,0.964868,0.000514734,0,0.019003912,0.189073007,0.18924787161000117
JEMBUZ_clean,JEMBUZ_clean,3.63545,3.00577,3.62619,1.56485,0.0,0.0,129.494,82.7517,0.428,0.273508,0.0,1,0.022661819,0.212984079,0.2117434868312498
j.jssc.2015.08.048_mmc3_clean,j.jssc.2015.08.048_mmc3_clean,4.34493,3.34423,4.32886,1.86519,607.903,325.921,0.0,0.0,0.388,0.208022,0.0,0,0.075085003,0.541257319,0.5696237918600019
JOZWUS_clean,JOZWUS_clean,21.40599,8.60608,20.3343,0.48265,1906.91,3950.91,0.0,0.0,0.8026,1.6629,0.000414379,1,0.038765677,0.381369055,0.38357030652124935
JUBXAH_clean,JUBXAH_clean,7.59569,2.73722,6.98093,1.93375,0.0,0.0,848.217,438.639,0.5002,0.258669,0.0,1,0.012773322,0.124188112,0.12224773002124975
JUKPAI_clean,JUKPAI_clean,7.08241,5.52674,6.9259,3.59589,1474.22,409.973,0.0,0.0,0.4916,0.136711,0.0,1,0.004826615,0.04706133,0.047320284248749934
JUZSEE_clean,JUZSEE_clean,4.48789,3.2957,4.48789,1.30528,0.0,0.0,585.198,448.33,0.502,0.384591,0.0,0,0.038918406,0.350461243,0.35150505137000065
KACKIL_clean,KACKIL_clean,8.90649,6.59853,8.90649,1.06181,2105.95,1983.36,0.0,0.0,0.6938,0.653414,0.0,1,0.053446069,0.466669244,0.5022465689625011
KAPGEP_clean,KAPGEP_clean,5.28957,2.99305,5.18694,1.73364,0.0,0.0,375.25,216.452,0.428,0.246879,0.0,1,0.027641535,0.233760275,0.24504676373999965
KIFDIM_clean,KIFDIM_clean,6.65854,3.7171,6.64815,1.05848,1659.61,1567.91,0.0,0.0,0.5926,0.559858,0.0,1,0.036830275,0.356090111,0.3546197684137512
KINSEH_clean,KINSEH_clean,12.82711,11.45491,12.82711,0.634546,1877.87,2959.39,0.0,0.0,0.7536,1.18762,0.0,0,0.062073718,0.593335146,0.5638872186287497
KOMJAZ_clean,KOMJAZ_clean,7.10673,4.38637,7.09455,2.18628,640.766,293.085,6.57689,3.00825,0.4462,0.204091,0.0,1,0.104398801,0.674481549,0.6609030379525003
KOVGOT_clean,KOVGOT_clean,9.14342,6.58506,9.14342,1.30232,2351.43,1805.57,0.204239,0.156827,0.6926,0.53182,0.0,1,0.010598908,0.106644889,0.10498502576249956
KUGFAU_clean,KUGFAU_clean,6.1404,4.28752,6.13565,2.43257,1183.17,486.384,94.0478,38.6618,0.538,0.221165,0.0,1,0.006396708,0.063195865,0.06241593886000036
KUKQAK_clean,KUKQAK_clean,4.64716,3.48929,4.64716,1.79907,353.643,196.57,0.0,0.0,0.3996,0.222114,0.0,1,0.047358181,0.374022697,0.3879720870437498
KUTKUH_clean,KUTKUH_clean,5.66182,2.523,5.66182,1.36905,0.0,0.0,326.777,238.688,0.433,0.316277,0.0,0,0.285899657,0.762101764,1.394705162778746
LACYUM_clean,LACYUM_clean,8.19722,5.57863,8.19722,1.03476,2021.86,1953.94,156.073,150.83,0.648,0.626232,0.0,1,0.067276058,0.618509423,0.591654303854999
LAQNUP_clean,LAQNUP_clean,15.26013,7.80017,15.22984,0.646935,2142.31,3311.48,0.0,0.0,0.755,1.16704,0.0,1,0.074918071,0.661513085,0.6450475045712508
LATCAN_clean,LATCAN_clean,17.46459,13.36465,17.46459,0.380351,1759.4,4625.73,0.0,0.0,0.8424,2.21479,0.0,1,0.040424157,0.394160515,0.3928259822775002
LAVMAY_clean,LAVMAY_clean,4.2695,3.50942,4.2695,1.8291,885.681,484.216,0.0,0.0,0.4954,0.270843,0.0,1,0.059801055,0.531029671,0.5191030590725008
LAWHEZ_clean,LAWHEZ_clean,7.31422,4.06957,7.31422,1.65797,900.714,543.263,0.0,0.0,0.4874,0.293974,0.0,1,0.016056014,0.152065408,0.15466709149000116
LEDJUA_clean,LEDJUA_clean,3.65716,3.07395,3.65716,1.86009,0.0,0.0,86.21,46.3471,0.4356,0.234182,0.0,0,0.002831605,0.028764414,0.027686314186249988
LEJCEK_clean,LEJCEK_clean,17.20124,11.68232,17.20124,0.334035,1916.36,5737.0,0.0,0.0,0.8616,2.57937,0.0,0,0.034584926,0.328275451,0.3444634206975003
LIBHAH_clean,LIBHAH_clean,22.24677,16.59083,22.24677,0.73178,1549.44,2117.36,0.0,0.0,0.788,1.07683,0.0,1,0.201841546,1.326418923,1.6870263091512538
LIDSAU_clean,LIDSAU_clean,5.52729,4.59222,5.52557,1.12251,2012.74,1793.07,0.0,0.0,0.5812,0.517767,0.0,1,0.110844918,0.961445327,0.9410707304887543
LOCNIB_clean,LOCNIB_clean,5.61168,3.14368,5.61168,1.61136,0.0,0.0,733.512,455.213,0.48,0.297885,0.0,0,0.084640543,0.625630971,0.6362069916087496
LOZSOK_clean,LOZSOK_clean,4.88564,3.63855,4.86025,1.66521,574.268,344.863,0.0,0.0,0.4628,0.277923,0.0,1,0.074545258,0.57714429,0.5751839453300014
LUCKAX_clean,LUCKAX_clean,4.03521,2.47334,4.03324,1.81814,0.0,0.0,327.564,180.165,0.4504,0.247726,0.0,1,0.078812378,0.53127373,0.6090297627462484
LUCKEB_clean,LUCKEB_clean,5.78614,2.5652,5.77583,1.8057,0.0,0.0,560.724,310.53,0.4424,0.245002,0.0,1,0.060132902,0.447268439,0.4895771568425023
LUCKIF_clean,LUCKIF_clean,5.92099,2.66663,5.91879,1.74858,0.0,0.0,575.639,329.204,0.4448,0.254378,0.0,1,0.05929311,0.444432326,0.486354582217502
LUDKIG_clean,LUDKIG_clean,6.18711,4.06983,6.18711,1.75823,292.603,166.419,0.0,0.0,0.3538,0.201225,0.0,0,0.04162657,0.262713015,0.33349121297375056
LUDVEL_clean,LUDVEL_clean,9.0257,6.44197,9.0257,1.37573,1743.29,1267.17,0.0,0.0,0.6582,0.478437,0.0,0,0.016773051,0.162735526,0.16541498070125088
LUJJOQ_clean,LUJJOQ_clean,3.74278,3.06211,3.73215,2.83058,0.0,0.0,30.2272,10.6788,0.3152,0.111355,0.0,0,0.074794441,0.312540476,0.5316123564300012
LUKLIN_clean,LUKLIN_clean,20.05813,9.81608,20.05813,0.466068,1922.41,4124.74,0.0,0.0,0.817,1.75296,0.0,1,0.037457894,0.372210742,0.3690058758925008
LUSQOH_clean,LUSQOH_clean,6.74081,4.49063,6.72805,0.825462,1826.57,2212.78,1.64716,1.99544,0.6168,0.747218,0.0,1,0.030116634,0.287822246,0.2951392552650019
MAJJUF_clean,MAJJUF_clean,9.38886,6.3118,6.70875,0.66218,2520.92,3807.0,0.0,0.0,0.7062,1.06648,0.0,1,0.02843065,0.284217814,0.2800827529037512
MIMSIM_clean,MIMSIM_clean,10.75813,9.26028,10.75813,1.01792,1232.26,1210.56,0.0,0.0,0.595,0.584524,0.0,1,0.055986403,0.441061172,0.4871535118950006
MINCET_clean,MINCET_clean,9.524,7.71671,9.524,0.905671,2095.17,2313.39,0.0,0.0,0.6848,0.756124,0.0,1,0.03093727,0.304121445,0.30390025709
MUGXIX_clean,MUGXIX_clean,6.18311,3.84627,6.03204,1.11722,1799.74,1610.9,0.0,0.0,0.5848,0.523441,0.0,1,0.070165666,0.637836172,0.6358382552362485
NATXOW_clean,NATXOW_clean,6.27753,3.98136,5.70385,2.37062,1034.62,436.436,0.0,0.0,0.5084,0.214459,0.0,1,0.010747852,0.105445821,0.10515005327250047
NIXFUX_clean,NIXFUX_clean,5.80422,4.41238,5.80422,1.31112,1183.0,902.282,0.0,0.0,0.4944,0.377082,0.0,0,0.152559234,1.018361354,1.093615254677504
NIXGIM_clean,NIXGIM_clean,5.89002,4.11735,5.89002,1.13414,748.182,659.694,115.507,101.845,0.4764,0.420056,0.0,0,0.05868212,0.508459651,0.497210075036252
NIXKIQ_clean,NIXKIQ_clean,10.7322,9.85354,10.72549,0.912018,1850.3,2028.8,0.0,0.0,0.6804,0.746038,0.0,1,0.097022663,0.886089739,0.84167009853
NODKEX_clean,NODKEX_clean,5.07245,4.30959,5.07245,1.09741,1894.95,1726.75,0.0,0.0,0.5778,0.526513,0.0,0,0.049779716,0.476063165,0.4732510780400007
NODKIB_clean,NODKIB_clean,5.63153,3.9554,5.61978,1.17451,1015.77,864.844,0.0,0.0,0.5246,0.446654,0.0,0,0.069943058,0.589201359,0.6052346802812485
NOHQEI_clean,NOHQEI_clean,10.43188,7.39379,10.43163,0.730087,2047.09,2803.9,0.0,0.0,0.7394,1.01276,0.0,0,0.046728673,0.463608256,0.4528237478562491
NOQGIL_clean,NOQGIL_clean,5.92124,2.51537,5.89499,1.37002,0.0,0.0,377.073,275.231,0.4512,0.329338,0.0,0,0.033188566,0.267028584,0.28831729773875003
NUCPIM_clean,NUCPIM_clean,6.80799,4.4618,6.75728,1.08855,2111.95,1940.16,0.0,0.0,0.652,0.598964,0.0,1,0.096641251,0.88979683,0.8457168466650049
NUNZUT_clean,NUNZUT_clean,6.7597,5.63419,6.7597,1.12121,1275.46,1137.57,0.0,0.0,0.5448,0.485904,0.0,0,0.086103225,0.76169903,0.7089635880637499
NUVXUZ_clean,NUVXUZ_clean,23.89274,9.6738,23.89274,0.500285,1776.43,3550.84,0.0,0.0,0.8514,1.70183,0.0,1,0.018211419,0.18061213,0.18083063919250106
OCIMAR_clean,OCIMAR_clean,6.5145,4.27754,6.51296,1.03951,1260.58,1212.67,0.0,0.0,0.5148,0.495235,0.0,0,0.068220433,0.58134315,0.6040854623637507
OCIMEV_clean,OCIMEV_clean,6.59899,4.30563,6.58855,1.02176,1307.66,1279.81,0.0,0.0,0.5182,0.507164,0.0,0,0.062273129,0.558518926,0.5667721149037485
OCUMUX_clean,OCUMUX_clean,5.1192,3.7079,5.1192,1.29581,1317.84,1017.0,0.689155,0.531833,0.5164,0.398515,0.0,1,0.02914863,0.277028239,0.27644886647374933
OFAMUF_clean,OFAMUF_clean,5.59939,4.02992,5.59939,1.54548,471.321,304.968,0.0,0.0,0.3828,0.247691,0.0,1,0.019065696,0.170451782,0.17177086375999992
OGIJIY_clean,OGIJIY_clean,4.40711,3.40103,4.40711,1.69185,860.244,508.464,0.0,0.0,0.4674,0.276266,0.0,1,0.112467758,0.898337208,0.8012749805875038
OGOJAX_clean,OGOJAX_clean,15.34906,9.73806,15.34906,0.707076,1965.3,2779.47,0.0,0.0,0.723,1.02252,0.0,1,0.032435688,0.315599512,0.31994685748999924
OJIFAP_clean,OJIFAP_clean,4.67693,3.73833,4.67693,1.13515,759.831,669.365,0.0,0.0,0.4686,0.412808,0.0,1,0.069868007,0.603871133,0.5728039444762508
OJOSEN_clean,OJOSEN_clean,11.61043,10.79035,11.61043,0.843395,2130.49,2526.09,0.0,0.0,0.7798,0.924597,0.0,1,0.127321628,1.05676208,0.9939196723224971
OKUJUB_clean,OKUJUB_clean,12.36826,9.63043,12.13477,0.706548,1840.0,2604.21,0.0,0.0,0.7328,1.03716,0.0,1,0.131369819,0.789091564,0.9771575192324988
OMUMIU_clean,OMUMIU_clean,6.8237,5.05077,6.8237,1.16475,1401.88,1203.6,0.0,0.0,0.5646,0.484741,0.0,1,0.060393283,0.510176541,0.5457654610512513
ONUJUE_clean,ONUJUE_clean,9.03257,8.2459,9.03257,1.20375,1198.02,995.242,19.6744,16.3443,0.5232,0.434643,0.0,1,0.053362152,0.503897646,0.44617569310000177
OPAHIY_clean,OPAHIY_clean,10.04486,7.28733,8.32739,1.10725,1597.55,1442.8,0.0,0.0,0.6074,0.548566,0.0,1,0.05827411,0.507373136,0.529721346900002
OQUFUD_clean,OQUFUD_clean,11.44598,10.16481,11.44598,1.06553,1959.11,1838.62,0.0,0.0,0.6648,0.623915,0.0001877,1,0.065317983,0.553218411,0.5822775432925025
OYAJIJ02_clean,OYAJIJ02_clean,10.70872,8.94342,10.70872,1.40706,1892.43,1344.95,0.0,0.0,0.6626,0.47091,0.00014214,0,0.041640606,0.390150997,0.39774797903875014
PACHUZ_clean,PACHUZ_clean,6.79007,4.6859,6.79007,1.67751,614.316,366.207,0.0,0.0,0.439,0.261697,0.0,1,0.012231131,0.116810414,0.11651154837999983
PAQTIM_clean,PAQTIM_clean,5.2151,3.68936,5.21444,1.57762,664.94,421.484,0.0,0.0,0.4366,0.276747,0.0,1,0.043269741,0.367493098,0.3748396368975
PARSAF_clean,PARSAF_clean,6.81897,3.63122,6.59432,1.17917,1741.83,1477.16,0.0,0.0,0.6012,0.509849,0.0,1,0.098140563,0.821890068,0.8321109931712504
PATLON_clean,PATLON_clean,3.96425,3.04978,3.96425,2.41965,0.0,0.0,63.7256,26.3367,0.2736,0.113074,0.0,0,0.05067811,0.363052826,0.37928186420750004
PEJMUO_clean,PEJMUO_clean,13.35641,7.95242,13.35641,1.19591,2105.7,1760.75,0.0,0.0,0.7508,0.627806,0.0,1,0.019841602,0.198318467,0.19645273138624955
PEKVUY_clean,PEKVUY_clean,5.42809,3.78005,5.42809,2.82711,1122.0,396.872,0.0,0.0,0.4876,0.172473,0.0,1,0.043362242,0.3639992,0.3835941102437499
PETWUI_clean,PETWUI_clean,10.45034,5.06084,10.45034,1.57916,2084.61,1320.07,0.0,0.0,0.6474,0.409964,0.000253299,0,0.144674687,1.180089294,1.1472403089662557
PIDNIB_clean,PIDNIB_clean,5.00704,2.62164,5.00704,1.27902,0.0,0.0,1145.26,895.422,0.5444,0.425638,0.000469108,1,0.120283371,0.999192553,0.9525468390612497
PITPIT_clean,PITPIT_clean,6.02264,3.21071,5.89147,1.31625,0.0,0.0,760.391,577.696,0.4748,0.360722,0.0,1,0.026047223,0.238741736,0.24050095178875036
POBJIB_clean,POBJIB_clean,4.44888,3.51511,4.44772,1.47992,991.094,669.692,0.0,0.0,0.5136,0.347045,0.0,1,0.244108834,1.754959337,1.6260811665524983
POCRAB_clean,POCRAB_clean,5.23607,3.48613,5.20368,1.30167,934.815,718.167,0.0,0.0,0.481,0.369526,0.0,1,0.022440747,0.210064955,0.21102657118875018
PUBROU_clean,PUBROU_clean,10.98616,5.10232,10.98616,0.916508,2445.22,2667.98,0.0,0.0,0.701,0.76486,0.0,0,0.102773438,0.890840524,0.8972876746737538
PUNDUY_clean,PUNDUY_clean,3.8489,2.44495,3.8387,2.15577,0.0,0.0,115.302,53.4854,0.3626,0.1682,0.0,0,0.082374987,0.493478054,0.5812592216037501
PUPJER_clean,PUPJER_clean,11.34986,4.2884,11.34946,1.04067,2155.08,2070.86,0.0,0.0,0.678,0.651506,0.0,1,0.07444476,0.663163944,0.6561727338287521
QAJJOD_clean,QAJJOD_clean,12.20979,6.10496,12.20979,1.14685,1766.96,1540.71,0.0,0.0,0.6092,0.531194,0.000174391,0,0.162973503,1.288364799,1.2339457649587537
QAMLEY_clean,QAMLEY_clean,11.14892,6.14756,10.82233,0.696915,2278.27,3269.08,0.0,0.0,0.7598,1.09023,0.0,0,0.042787463,0.418192417,0.41985681432250005
QAPPON_clean,QAPPON_clean,4.75518,3.45443,4.66797,1.42132,625.227,439.891,255.697,179.901,0.5156,0.362761,0.0,1,0.051833789,0.462633281,0.4618964281575013
QOGGID_clean,QOGGID_clean,4.77502,3.54489,4.71306,2.32432,1003.26,431.637,0.0,0.0,0.4844,0.208405,0.0,1,0.196818638,1.044610559,1.2723024185099987
QURNOI_clean,QURNOI_clean,8.6911,2.73304,8.67929,1.66812,0.0,0.0,1431.52,858.159,0.5676,0.340263,0.0,1,0.164840132,1.203677772,1.148461300148744
QUSSAA_clean,QUSSAA_clean,4.78,3.54213,4.78,1.57799,239.569,151.819,1.50875,0.956125,0.405,0.256656,0.0,1,0.021640684,0.183872672,0.19913725651124914
RAZXIA03_clean,RAZXIA03_clean,4.50692,3.38148,4.50092,1.75194,425.045,242.614,0.0761344,0.0434572,0.4034,0.230259,0.0,1,0.002974318,0.030547622,0.02963933023500019
RAZXIA04_clean,RAZXIA04_clean,4.36297,3.24134,4.36297,1.80861,0.0,0.0,288.663,159.604,0.3896,0.215414,0.0,0,0.002349817,0.023939555,0.02345765834000011
REXCEE_clean,REXCEE_clean,8.85943,5.8482,8.85943,1.43313,1724.93,1203.62,0.0,0.0,0.6248,0.43597,0.0,0,0.028401417,0.273810526,0.2748579666137504
RORTUP_clean,RORTUP_clean,6.59655,4.47032,5.86846,1.00477,2073.35,2063.5,0.0,0.0,0.6322,0.629197,0.0,1,0.042239424,0.411352512,0.403540234535
RUBTAK06_clean,RUBTAK06_clean,8.7342,3.8432,8.7342,1.62392,1647.74,1014.66,0.0,0.0,0.5664,0.348785,0.000123158,0,0.077989078,0.640484606,0.6456051010324991
RUBTAK07_clean,RUBTAK07_clean,8.72079,3.85677,8.72079,1.62392,1649.19,1015.56,0.0,0.0,0.5662,0.348662,0.000123158,0,0.078153207,0.648182886,0.6448010074887499
RUFPUF_clean,RUFPUF_clean,20.40507,9.35997,20.29085,0.359492,1749.6,4866.88,0.0,0.0,0.8282,2.30381,0.0,1,0.028526691,0.279987002,0.2888702758099983
RUGXIB_clean,RUGXIB_clean,4.1399,2.84773,4.11772,2.00796,0.0,0.0,191.788,95.5137,0.4334,0.215841,0.0,1,0.007470754,0.074008106,0.07155993944750012
RUGXUO_clean,RUGXUO_clean,7.5603,5.17762,7.55823,1.1142,1759.63,1579.27,0.0,0.0,0.6178,0.554477,0.0,1,0.076581047,0.672049991,0.6969298306700001
RULMUI_clean,RULMUI_clean,10.9139,7.22994,10.52372,0.830637,1922.02,2313.91,0.0,0.0,0.6682,0.804443,0.0,1,0.038936289,0.374236116,0.37255318607625054
RUYNEG_clean,RUYNEG_clean,5.93601,4.57289,5.91825,1.49496,1669.78,1116.93,0.0,0.0,0.5372,0.35934,0.0,1,0.039711053,0.364344605,0.3711084862237498
SAJHUJ_clean,SAJHUJ_clean,6.4139,3.72776,6.34123,1.44908,755.301,521.226,133.822,92.3491,0.5074,0.350152,0.0,0,0.094739608,0.712399678,0.7004947308600024
SERWET_clean,SERWET_clean,5.26286,3.5348,5.17332,1.00337,1282.88,1278.58,0.0,0.0,0.555,0.553137,0.0,0,0.11642129,1.009298104,0.98012260862375
SETTAO_clean,SETTAO_clean,13.88196,10.03543,13.88196,0.534109,2056.79,3850.88,0.0,0.0,0.786,1.47161,0.0,1,0.037915399,0.378380098,0.3760118941837505
SETXIA_clean,SETXIA_clean,9.22567,2.93401,4.70696,1.31966,0.0,0.0,739.825,560.616,0.5214,0.395101,0.0,1,0.060511141,0.531402319,0.5130706508987507
SITFUY_clean,SITFUY_clean,18.15702,9.20943,18.15702,1.0054,1849.34,1839.41,0.0,0.0,0.7562,0.752141,0.000198926,1,0.228892924,1.444102807,1.6175833635699999
SOHMOS_clean,SOHMOS_clean,6.80627,6.22783,6.7969,1.81758,632.629,348.061,0.0,0.0,0.4536,0.249562,0.0,0,0.019538955,0.175457973,0.1848693205812496
SUKKOZ_clean,SUKKOZ_clean,4.90478,3.3887,4.90478,2.82716,468.927,165.865,0.0,0.0,0.3192,0.112905,0.0,1,0.036451537,0.300785816,0.2877193534137508
SURLEY_clean,SURLEY_clean,8.70904,3.84622,8.70904,1.62137,1669.72,1029.82,0.0,0.0,0.5792,0.35723,0.000123353,0,0.076148543,0.642543023,0.6447481955162515
TACFIN01_clean,TACFIN01_clean,4.01428,3.59259,3.98738,2.27761,410.969,180.439,0.0,0.0,0.4656,0.204425,0.0,1,0.094640367,0.730132675,0.7296533730049998
TAJWAF01_clean,TAJWAF01_clean,3.92572,2.70526,3.33304,1.34969,0.0,0.0,234.804,173.969,0.475,0.351933,0.0,0,0.0331143,0.273475318,0.3103512619199983
TEVHEJ_clean,TEVHEJ_clean,16.64004,7.73442,14.83466,0.917293,1753.18,1911.25,0.0,0.0,0.6898,0.751995,0.0,1,0.100043995,0.741679642,0.8175185385524993
TILBIB_clean,TILBIB_clean,11.40513,8.26354,11.20664,1.70628,1782.34,1044.57,0.0,0.0,0.6732,0.394542,0.0,1,0.022574103,0.20373759,0.21618276983250034
TIRKEM_clean,TIRKEM_clean,5.36618,3.48834,5.34699,1.18994,1111.28,933.894,0.0,0.0,0.4996,0.419854,0.0,0,0.047960923,0.441230607,0.4332101930237507
TOKLEM_clean,TOKLEM_clean,5.5043,4.02182,5.5043,1.55856,1342.35,861.273,0.0,0.0,0.542,0.347756,0.0,1,0.024855245,0.239953279,0.23791957068375008
TOKLIQ_clean,TOKLIQ_clean,5.64394,4.10563,5.64394,1.54661,1056.48,683.092,202.279,130.789,0.5414,0.350055,0.0,1,0.033195621,0.315682029,0.3101959427237496
TOVHET_clean,TOVHET_clean,10.32872,5.24629,6.09815,0.967713,1426.09,1473.67,625.967,646.851,0.653,0.674787,0.0,1,0.049557656,0.472397463,0.46986815636750046
TOWMEZ_clean,TOWMEZ_clean,6.5888,3.15491,4.54687,2.30648,0.0,0.0,860.288,372.987,0.4604,0.199611,0.0,1,0.323603527,1.407679188,1.5590459307975002
TUJFUB_clean,TUJFUB_clean,5.43444,3.29132,5.38764,1.71232,0.0,0.0,749.468,437.692,0.4478,0.261517,0.0,1,0.366750799,1.573714614,1.5079167805325
UBAVUR01_clean,UBAVUR01_clean,6.67608,2.94158,6.66964,1.46416,0.0,0.0,522.953,357.17,0.4274,0.291909,0.0,0,0.021537778,0.190602227,0.19279983865375022
UBAVUR02_clean,UBAVUR02_clean,6.46419,2.85378,6.4626,1.50574,0.0,0.0,511.449,339.666,0.4154,0.275877,0.0,0,0.02580695,0.222898539,0.22486483592249995
UBAVUR_clean,UBAVUR_clean,6.8894,3.08352,6.8894,1.41698,0.0,0.0,514.737,363.263,0.441,0.311225,0.0,0,0.016373903,0.150605665,0.1546647700000004
UDAMET_clean,UDAMET_clean,11.69192,5.63198,11.69192,1.6473,2524.33,1532.4,0.0,0.0,0.7696,0.467189,0.0,0,0.004446373,0.045180124,0.04374937535249982
UDAWOO_clean,UDAWOO_clean,8.94112,6.16372,8.94112,1.6159,1728.13,1069.45,0.0,0.0,0.6422,0.397425,0.0,0,0.019232127,0.192248038,0.1867892925049998
UGEMOK_clean,UGEMOK_clean,14.34298,9.58261,14.33743,0.489073,1953.45,3994.18,0.0,0.0,0.8062,1.64842,0.0,1,0.036630747,0.357686725,0.3645808210824984
UJUMUJ_clean,UJUMUJ_clean,6.08665,2.65681,6.07529,1.20223,0.0,0.0,785.668,653.51,0.479,0.398427,0.0,0,0.103408656,0.807319999,0.7970255043287537
UKOLOV_clean,UKOLOV_clean,5.31372,3.9852,5.29181,1.76596,1661.67,940.942,0.0,0.0,0.5196,0.29423,0.0,0,0.110569985,0.883711542,0.8880472615012478
ULOKUD01_clean,ULOKUD01_clean,8.86248,5.68435,8.86248,1.87819,1722.41,917.059,0.0,0.0,0.631,0.335961,0.0,1,0.021256514,0.207281133,0.2050972342574984
UMIZIB_clean,UMIZIB_clean,6.17523,5.02799,6.17017,1.45638,1635.51,1123.0,0.0,0.0,0.5482,0.376414,0.0,1,0.035894743,0.330250289,0.3401808141537501
UMOYOM01_clean,UMOYOM01_clean,8.8085,5.25892,8.77749,0.621878,2962.67,4764.07,0.0,0.0,0.7408,1.19123,0.0,1,0.04469232,0.446267364,0.4363363800374981
UMOYOM14_clean,UMOYOM14_clean,7.70148,5.09259,6.16713,0.70962,2883.03,4062.77,0.0,0.0,0.6922,0.975452,0.0,1,0.055480178,0.55153986,0.5391109738937498
UMOYOM19_clean,UMOYOM19_clean,7.41035,4.98889,5.86977,0.810504,2182.71,2693.03,0.0,0.0,0.6598,0.814062,0.0,1,0.056805142,0.545979909,0.5377975755287516
UXOHOG_clean,UXOHOG_clean,14.79373,10.72281,14.79373,0.578516,2056.55,3554.86,0.0,0.0,0.7892,1.36418,0.0,1,0.062473429,0.569590149,0.5690883034587496
UZOBES_clean,UZOBES_clean,6.46877,3.94639,6.41724,1.36015,1483.33,1090.57,0.0,0.0,0.5374,0.395104,0.0,1,0.074305496,0.650217676,0.6508058205000035
UZOBIW_clean,UZOBIW_clean,6.4074,3.81156,6.4074,1.40821,1465.13,1040.42,0.0,0.0,0.5334,0.378779,0.0,1,0.080514475,0.707757871,0.6818387522487509
VABLUG_clean,VABLUG_clean,5.29392,2.48742,5.28394,1.35636,0.0,0.0,500.433,368.954,0.4984,0.367455,0.0,0,0.235784551,1.324645237,1.3585393944662465
VAKNED_clean,VAKNED_clean,8.20051,6.12785,8.18994,0.772329,2469.12,3196.98,0.0,0.0,0.7288,0.943639,0.0,1,0.043602593,0.422059012,0.42911622798874965
VAKQAC_clean,VAKQAC_clean,8.53696,6.0247,8.53696,1.65887,1708.25,1029.77,0.0,0.0,0.6212,0.374472,0.0,0,0.020357622,0.199029667,0.19579589951500026
VARJAB_clean,VARJAB_clean,6.78948,3.75665,6.78948,0.974046,1905.16,1955.93,0.0,0.0,0.5918,0.607569,0.0,0,0.11034963,1.027624256,1.002561480416257
VEJZOA_clean,VEJZOA_clean,14.85921,2.46019,14.79334,1.30437,0.0,0.0,1091.18,836.554,0.5336,0.409087,0.0,0,0.138780405,0.758473015,0.9707755577724996
VEYWED_clean,VEYWED_clean,5.64769,4.42932,5.33986,1.77082,1386.33,782.879,0.0,0.0,0.534,0.301556,0.0,1,0.020618735,0.196910458,0.1982873464237498
VIDJID_clean,VIDJID_clean,10.67429,9.81504,10.67429,0.700095,2177.13,3109.76,0.0,0.0,0.7556,1.07928,0.0,1,0.066538034,0.640211922,0.6015990148737509
VONDIN_clean,VONDIN_clean,5.00802,4.09464,4.99228,1.6638,876.956,527.08,0.0,0.0,0.4756,0.285852,0.0,0,0.191489593,1.129909813,1.2858558121487504
VOXTUZ_clean,VOXTUZ_clean,5.52627,4.64994,5.48747,1.37374,1663.89,1211.21,0.0,0.0,0.5974,0.434871,0.0,0,0.172710473,1.471417302,1.264667677590002
VUHMOC_clean,VUHMOC_clean,8.86845,5.72272,8.82422,2.14431,1625.98,758.274,0.0,0.0,0.6078,0.283447,0.0,1,0.026810378,0.253159174,0.2522722234487505
VUHMUI_clean,VUHMUI_clean,8.87676,5.75079,8.87676,1.84427,1683.0,912.558,0.0,0.0,0.6152,0.333574,0.0,1,0.022916706,0.220709103,0.2221372074237507
VUHNAP_clean,VUHNAP_clean,8.71036,5.62501,8.71036,1.76558,1678.94,950.928,0.0,0.0,0.6156,0.348667,0.0,1,0.019876772,0.192086028,0.19368512469875046
VUHPOF_clean,VUHPOF_clean,8.70109,5.79132,8.70109,2.14093,1695.48,791.937,0.0,0.0,0.6248,0.291836,0.0,1,0.027783371,0.263341625,0.26072700619499983
VUJBIM_clean,VUJBIM_clean,18.70668,6.62188,18.70668,0.560742,2180.91,3889.33,0.0,0.0,0.7898,1.40849,0.0,1,0.035783365,0.358710189,0.3570248335899989
VUKYOR_clean,VUKYOR_clean,9.86874,5.55667,9.86874,1.6882,1708.97,1012.3,0.0,0.0,0.6318,0.374245,0.0,1,0.02705686,0.26842533,0.25869798314125025
VURNED01_clean,VURNED01_clean,7.81638,7.00072,7.81337,0.9879,2007.6,2032.19,0.0,0.0,0.656,0.664035,0.0,0,0.06621469,0.646647009,0.6351033901162488
VURNED04_clean,VURNED04_clean,8.54647,7.42523,8.453,0.946025,2088.66,2207.83,0.0,0.0,0.6716,0.709918,0.0,1,0.064068991,0.634008045,0.6031370390087495
VURNED_clean,VURNED_clean,8.28196,7.22796,8.27719,0.968429,2084.34,2152.29,0.0,0.0,0.665,0.686679,0.0,0,0.066659724,0.645127536,0.6228900488999983
WAGQAY_clean,WAGQAY_clean,23.95302,15.31723,23.95302,0.391691,1362.13,3477.56,0.0,0.0,0.858,2.1905,0.0,1,0.034035863,0.336936674,0.33735033237750167
WAHDIT_clean,WAHDIT_clean,5.64465,5.55803,5.64465,1.60299,480.063,299.48,0.0,0.0,0.2714,0.169309,0.0,1,0.009518847,0.085847925,0.08781332582375001
WAKTOS_clean,WAKTOS_clean,5.69222,4.43155,5.69222,2.83189,703.861,248.548,0.0,0.0,0.4318,0.152478,0.0,1,0.004783279,0.04711756,0.04708225535499995
WANHEB_clean,WANHEB_clean,11.27878,4.48127,11.27878,0.837758,2209.49,2637.39,0.0,0.0,0.6896,0.82315,0.0,1,0.070396674,0.618058314,0.6219440772825006
WANNIL_clean,WANNIL_clean,4.60008,4.02922,4.60008,1.40928,601.135,426.556,0.0,0.0,0.4274,0.303276,0.0,0,0.116652457,0.810088551,0.8337947246837498
WARFAY04_clean,WARFAY04_clean,7.8465,5.35942,7.8465,1.08487,2078.82,1916.18,0.0,0.0,0.6412,0.591037,0.0,1,0.12692386,1.146022053,1.0516678391137462
WARFAY06_clean,WARFAY06_clean,8.02332,5.50953,8.02332,1.05728,2113.47,1998.98,0.0,0.0,0.6526,0.617247,0.0,1,0.102610942,0.94778221,0.9286212759312451
WAVRES_clean,WAVRES_clean,14.9385,4.22033,14.9385,1.02521,1957.71,1909.57,0.0,0.0,0.681,0.664253,0.0,1,0.071963314,0.640183651,0.6422296846337521
WILGUV_clean,WILGUV_clean,6.22461,4.37106,6.22248,1.2255,851.111,694.5,13.3986,10.9332,0.5122,0.417951,0.0,1,0.030531501,0.283488033,0.28549699277625035
WODREO_clean,WODREO_clean,5.44215,4.30539,5.37431,1.11963,1253.26,1119.35,133.185,118.955,0.53,0.473371,0.0,1,0.102569316,0.796420795,0.8502142115550049
WOJYOL_clean,WOJYOL_clean,6.3232,3.79224,6.3232,1.61626,545.369,337.426,378.847,234.397,0.4738,0.293146,0.0,1,0.169218345,1.022927749,0.9998417345199955
WUDYUR_clean,WUDYUR_clean,8.69789,3.96625,8.10914,2.39854,773.688,322.567,52.0496,21.7006,0.482,0.200956,0.0,1,0.035010068,0.242482636,0.3012168536137494
WUHHUC_clean,WUHHUC_clean,4.57477,3.11892,4.57477,1.36183,0.0,0.0,347.041,254.834,0.473,0.347327,0.0,0,0.071068327,0.60402687,0.5476753340250005
WUTCET_clean,WUTCET_clean,6.18745,5.18464,6.17096,1.11984,1387.44,1238.96,0.0,0.0,0.5566,0.497034,0.0,0,0.062132827,0.539672854,0.5638093356549977
WUXMAD_clean,WUXMAD_clean,3.83437,3.24506,3.8301,2.7164,0.0,0.0,191.908,70.648,0.3748,0.137977,0.0,0,0.024578924,0.205222027,0.22277676573874985
XAMDOF_clean,XAMDOF_clean,4.11625,3.21622,4.10285,1.19417,0.0,0.0,502.911,421.138,0.4922,0.412168,0.0,0,0.124574626,1.071443138,0.9749518336074985
XANMUX05_clean,XANMUX05_clean,7.96785,7.76541,7.96785,1.15351,1457.83,1263.82,0.0,0.0,0.6284,0.544772,0.0,0,0.026050904,0.255711199,0.2522142961087494
XANMUX08_clean,XANMUX08_clean,7.80034,7.66637,7.80034,1.1623,1830.3,1574.73,0.0,0.0,0.6326,0.544267,0.0,0,0.095230655,0.842306817,0.8106733321512506
XANZAQ07_clean,XANZAQ07_clean,8.40037,8.01066,8.40037,0.935791,1631.15,1743.07,0.0,0.0,0.6708,0.716827,0.0,1,0.034561831,0.339696354,0.33875643394625093
XINXAV_clean,XINXAV_clean,5.04481,3.01766,5.04481,1.31276,0.0,0.0,1107.07,843.312,0.5386,0.410281,0.0,1,0.040146812,0.356287094,0.3571539614774992
XIVVEF_clean,XIVVEF_clean,7.94651,5.43115,7.90631,1.14535,2097.38,1831.21,0.0,0.0,0.648,0.565766,0.0,0,0.137508507,1.252763678,1.1202569092437487
XOMNEU_clean,XOMNEU_clean,4.40246,3.57141,4.39113,1.21453,547.741,450.992,0.0,0.0,0.4748,0.390935,0.0,1,0.12786993,0.950188824,0.9725942828625017
XONLES_clean,XONLES_clean,15.50229,14.17026,15.50229,0.301134,1628.27,5407.15,0.0,0.0,0.8756,2.90768,0.0,1,0.03689006,0.369842341,0.36494568379750075
XUFWEB_clean,XUFWEB_clean,9.5945,4.99884,9.5945,0.890162,2322.94,2609.57,0.0,0.0,0.6808,0.764805,0.0,1,0.09677203,0.77725011,0.8044077564962546
YAHWAI_clean,YAHWAI_clean,8.53821,5.48688,8.53821,1.65002,1657.02,1004.24,0.0,0.0,0.6194,0.375389,0.0,1,0.021444923,0.205597794,0.20777996730624979
YARBIE_clean,YARBIE_clean,4.91122,3.52707,4.65913,1.29542,529.055,408.404,0.0,0.0,0.4438,0.342591,0.0,0,0.137714712,0.846191271,0.8949491947687497
YEFNIG_clean,YEFNIG_clean,7.00427,5.66417,7.00427,1.03301,2659.19,2574.21,0.0,0.0,0.7456,0.721774,0.0,0,0.012851226,0.128907552,0.12851991657625012
YEGHEZ_clean,YEGHEZ_clean,5.88391,4.37273,5.87003,1.21357,1253.26,1032.7,0.0,0.0,0.5114,0.4214,0.0,0,0.085261866,0.734141422,0.7276723956612497
YINTEW_clean,YINTEW_clean,6.69295,5.30296,6.37064,1.01854,1974.65,1938.7,0.0,0.0,0.6366,0.62501,0.0,0,0.085575643,0.745061268,0.771913650112497
YIVTII_clean,YIVTII_clean,5.43529,4.72957,5.43529,1.15103,1756.79,1526.28,0.0,0.0,0.5738,0.498512,0.0,1,0.111206316,0.965220065,0.9385125103662542
YIZJEY_clean,YIZJEY_clean,6.38909,5.16549,5.85719,1.3913,1198.42,861.362,0.0,0.0,0.5582,0.401206,0.0,0,0.028898198,0.265573063,0.2703089849437497
YOFMIQ_clean,YOFMIQ_clean,4.81861,2.69037,4.81861,2.1217,0.0,0.0,275.633,129.911,0.4506,0.212376,0.0,1,0.035696622,0.285430243,0.3084811481087499
YOGKEM_clean,YOGKEM_clean,9.34542,5.57292,9.34542,0.967443,2138.01,2209.96,0.0,0.0,0.6476,0.669394,0.0,1,0.129098318,1.133266042,1.051763412914996
YOZBEW_clean,YOZBEW_clean,8.42176,6.43112,8.32646,0.767708,2167.11,2822.83,0.0,0.0,0.7092,0.923788,0.0,1,0.02815731,0.273201637,0.27757443738000026
YOZBIZ01_clean,YOZBIZ01_clean,8.46705,3.85629,8.46593,1.4767,1184.08,801.843,0.0,0.0,0.5176,0.350512,0.0,0,0.099401068,0.801232962,0.7963647707149992
ZACHET_clean,ZACHET_clean,18.23633,8.4528,17.32252,0.540764,2067.08,3822.52,0.0,0.0,0.8084,1.49492,0.0,1,0.031014447,0.305517751,0.30961625356124967
ZARLOV_clean,ZARLOV_clean,7.59087,4.25441,7.5897,1.05116,2258.39,2148.48,0.0,0.0,0.646,0.614561,0.0,1,0.086126538,0.786864023,0.7535939055887505
ZEXSOM_clean,ZEXSOM_clean,10.33904,5.80354,10.2816,1.15853,1627.88,1405.12,5.62491,4.8552,0.626,0.540338,0.0,1,0.038741676,0.369668076,0.3674326542225009
ZEZPIF_clean,ZEZPIF_clean,4.9314,3.8688,4.91047,1.33575,1333.04,997.967,0.0,0.0,0.5954,0.445741,0.0,1,0.044801011,0.40964012,0.4198148108899988
ZISNEW_clean,ZISNEW_clean,10.937,5.73353,10.937,0.756384,2253.97,2979.93,0.0,0.0,0.706,0.933388,0.0,1,0.088409454,0.708086188,0.7527592615212516
ZOKGAJ_clean,ZOKGAJ_clean,17.39237,16.36156,17.39237,1.58893,759.382,477.921,47.2436,29.733,0.5304,0.33381,0.0,0,0.020603939,0.189547644,0.19818307573250016
ABETAE_clean,ABETAE_clean,5.88295,4.42033,5.88295,3.69928,1821.75,492.461,0.0,0.0,0.572,0.154625,0.0,1,0.012942074,0.125607119,0.12480928409875033
ABEXEM_clean,ABEXEM_clean,4.82084,4.14331,4.80387,1.76082,968.791,550.193,3.54724,2.01454,0.494,0.280551,0.0,1,0.021782081,0.207047167,0.20650985807749997
ABIYIV_clean,ABIYIV_clean,4.33176,3.82431,4.32093,1.34661,564.007,418.836,0.0,0.0,0.4458,0.331055,0.0,0,0.021750695,0.203193664,0.20267689231249963
ABULOB_clean,ABULOB_clean,4.86958,4.16445,4.86236,1.31921,1184.81,898.121,0.0,0.0,0.5364,0.406607,0.0,0,0.155432108,1.250051414,1.2182519133374965
ABUWOJ_clean,ABUWOJ_clean,5.07969,4.03039,4.98773,1.15833,1745.23,1506.68,0.0,0.0,0.621,0.536118,0.0,1,0.057390489,0.547019023,0.5395870324412524
ACALIB_clean,ACALIB_clean,3.96462,2.41854,3.93898,1.78668,0.0,0.0,258.645,144.762,0.4128,0.231043,0.0,1,0.011251478,0.109884326,0.10756315261124978
ACIBIY_clean,ACIBIY_clean,5.10081,3.73403,5.09695,1.73515,912.456,525.866,0.0,0.0,0.4594,0.264761,0.0,0,0.019337887,0.183350392,0.18150148637750013
ACOGEF_clean,ACOGEF_clean,5.20115,3.94888,4.8971,1.25952,1433.77,1138.35,0.0,0.0,0.5544,0.440168,0.0,0,0.057544142,0.527335303,0.5239876156862504
acs.cgd.6b00463_OLOMUZ1451936_clean,acs.cgd.6b00463_OLOMUZ1451936_clean,10.32513,7.87202,10.32103,1.07611,1950.06,1812.15,0.0,0.0,0.6638,0.616853,0.0,1,0.011568693,0.114250803,0.11469286309125018
acscombsci.5b00188_3001288_clean,acscombsci.5b00188_3001288_clean,29.41365,23.60037,29.35162,0.156124,881.282,5644.76,0.0,0.0,0.9382,6.00933,0.0,0,0.035797632,0.363253022,0.3564818388387488
acscombsci.5b00188_5024922_clean,acscombsci.5b00188_5024922_clean,20.5205,15.85622,20.5205,0.295002,1403.53,4757.71,0.0,0.0,0.8866,3.00541,0.0,0,0.029831995,0.293855668,0.2972796792912479
acscombsci.5b00188_5036495_clean,acscombsci.5b00188_5036495_clean,10.8747,9.02496,10.86921,0.338372,2296.38,6786.58,0.0,0.0,0.8498,2.51144,0.0,0,0.030524661,0.300571899,0.3023850239787509
acs.inorgchem.6b02696_ic6b02696_si_002_clean,acs.inorgchem.6b02696_ic6b02696_si_002_clean,12.13124,5.0609,12.1281,0.908718,2183.39,2402.71,0.0,0.0,0.6878,0.75689,0.0,0,0.047779299,0.448567624,0.4391163034337488
acs.jpcc.6b08594_Zn2Cd6MOF5_opt_clean,acs.jpcc.6b08594_Zn2Cd6MOF5_opt_clean,14.70209,8.11021,14.70209,0.628556,2151.09,3422.27,0.0,0.0,0.8094,1.28771,0.0,0,0.019271648,0.18974123,0.18978808107375092
ADASIJ_clean,ADASIJ_clean,18.23438,6.60024,18.20695,0.629251,2196.94,3491.36,0.0,0.0,0.765,1.21573,0.0,1,0.036235337,0.361523247,0.35734754924749973
ADASUV_clean,ADASUV_clean,17.16775,6.7332,17.16775,0.625693,2275.03,3636.01,0.0,0.0,0.7672,1.22616,0.0,1,0.034946091,0.341855753,0.3440912690700003
ADAVAE_clean,ADAVAE_clean,10.21446,8.80719,10.21446,0.655338,2331.18,3557.22,0.0,0.0,0.7302,1.11423,0.0,1,0.029620856,0.289748944,0.2948924674387511
ADEGIA01_clean,ADEGIA01_clean,4.82721,2.87092,4.67723,1.60142,0.0,0.0,683.245,426.648,0.4982,0.311098,0.0,1,0.049844045,0.42224564,0.43717054388874876
ADOCEC_clean,ADOCEC_clean,5.40135,3.83278,5.40061,1.53544,942.082,613.56,194.67,126.785,0.4904,0.319388,0.0,1,0.026526131,0.246611137,0.24689601724500132
ADODII_clean,ADODII_clean,5.97541,5.30365,5.62846,1.21661,1091.8,897.412,0.0,0.0,0.5394,0.443361,0.0,0,0.046365819,0.424561707,0.42722268092125043
ADUWON_clean,ADUWON_clean,16.37935,5.99724,16.37935,0.521247,2391.39,4587.82,0.0,0.0,0.7844,1.50485,0.0,1,0.043665969,0.438185527,0.42658575635625423
AFENEE_clean,AFENEE_clean,4.49346,3.41581,4.45719,1.24906,796.3,637.522,0.0,0.0,0.4856,0.388774,0.0,1,0.035762409,0.345095835,0.33051475193625085
AFITUF_clean,AFITUF_clean,7.14066,5.08524,7.12439,1.32285,1391.46,1051.86,0.0,0.0,0.5322,0.402312,0.0,1,0.033142143,0.307693473,0.3192218930999984
AFIXES_clean,AFIXES_clean,6.43864,4.7481,6.42659,1.12574,1304.99,1159.23,0.0,0.0,0.5758,0.511486,0.0,0,0.027187603,0.25101163,0.25685009183375007
AFOYOK_clean,AFOYOK_clean,7.73482,5.71785,7.72321,0.979448,1633.89,1668.18,0.0,0.0,0.588,0.600338,0.0,0,0.026979102,0.268519308,0.2626613908387503
AFUKET_clean,AFUKET_clean,5.96671,4.7743,5.96671,0.9597,1662.19,1731.99,97.0966,101.174,0.5958,0.620819,0.0,1,0.070927796,0.578839585,0.649565373634998
AGARUW_clean,AGARUW_clean,6.77693,6.25183,6.7733,1.77195,1346.33,759.804,0.0,0.0,0.5056,0.285336,0.0,0,0.018107151,0.175479239,0.17247432722874995
AGOFEJ_clean,AGOFEJ_clean,12.6138,8.71559,12.59801,0.583675,1959.85,3357.77,0.0,0.0,0.767,1.31409,0.0,1,0.02879279,0.280059998,0.28627024679625246
AGONAM_clean,AGONAM_clean,5.63222,4.90729,5.59904,1.43768,1370.35,953.171,0.0,0.0,0.568,0.395082,0.0,0,0.041093546,0.384536903,0.3822881543499991
AHOKOX_clean,AHOKOX_clean,4.49188,3.54288,4.49188,1.73966,1360.22,781.89,0.0,0.0,0.5116,0.29408,0.0,1,0.035866453,0.344648508,0.3367062859524988
AJAKON_clean,AJAKON_clean,5.2765,4.32303,5.27104,1.36723,1066.44,780.005,8.76449,6.41042,0.5024,0.367459,0.0,1,0.034797032,0.326558858,0.32076110635374894
AJIGIL_clean,AJIGIL_clean,6.71352,5.54656,6.70452,1.08988,996.607,914.419,0.0,0.0,0.4838,0.443902,0.0,1,0.015044951,0.143832952,0.14692590372624953
ALEQIT_clean,ALEQIT_clean,5.78407,3.96262,5.7827,1.90553,677.8,355.702,0.0,0.0,0.434,0.227759,0.0,1,0.025457932,0.226381999,0.23108287211999987
ALICAA_clean,ALICAA_clean,12.98786,3.46699,12.98786,1.43218,894.164,624.337,203.647,142.194,0.5692,0.397436,0.0,0,0.015827005,0.149465345,0.15511691590500057
ALIFUY_clean,ALIFUY_clean,4.6486,2.79267,4.63894,1.33624,0.0,0.0,416.226,311.491,0.458,0.342754,0.0,1,0.039208475,0.335393095,0.3421033106575008
ALIXOJ_clean,ALIXOJ_clean,7.8603,5.01976,7.84665,0.979833,2007.79,2049.12,0.0,0.0,0.6394,0.65256,0.0,1,0.03239692,0.316967713,0.3151010082849995
ALUKOI_clean,ALUKOI_clean,8.54787,6.76817,8.5436,0.579939,2887.58,4979.11,0.0,0.0,0.7926,1.3667,0.0,1,0.029960679,0.297627883,0.2990055087900015
ALULAV_clean,ALULAV_clean,8.53005,6.74275,8.5229,0.590909,2900.24,4908.1,0.0,0.0,0.7924,1.34099,0.0,1,0.029360257,0.298477795,0.2936823582412524
AMAFOK_clean,AMAFOK_clean,6.60314,5.66314,6.60314,1.49249,870.16,583.026,0.0,0.0,0.4392,0.294274,0.0,1,0.04983954,0.417849156,0.4239825047762483
AMIKOX_clean,AMIKOX_clean,3.46941,2.69518,3.46727,1.4673,0.0,0.0,15.7447,10.7304,0.4072,0.277517,0.0,0,0.003196255,0.030678912,0.031968705171250014
AMILOY_clean,AMILOY_clean,11.03089,9.17864,11.01877,1.00746,1259.05,1249.73,0.0,0.0,0.6048,0.60032,0.0,1,0.047551452,0.407934116,0.4117794448662492
AMILUE_clean,AMILUE_clean,11.39418,11.07263,11.39418,0.982365,1253.76,1276.27,0.0,0.0,0.6124,0.623394,0.0,1,0.047499321,0.4040734,0.4099366150212498
AMIWID_clean,AMIWID_clean,4.855,3.30529,4.84395,2.19335,0.0,0.0,638.272,291.003,0.4344,0.198053,0.0,1,0.066803474,0.501405434,0.5074871103549983
AMIWUP_clean,AMIWUP_clean,4.90473,3.38477,4.88556,2.24381,660.754,294.479,0.0,0.0,0.436,0.194313,0.0,1,0.068469621,0.508949837,0.512558099151248
AMUFAR_clean,AMUFAR_clean,4.38732,2.9867,4.29143,1.41757,0.0,0.0,601.613,424.399,0.4486,0.316458,0.0,1,0.030091868,0.265776496,0.2702241067874997
ANAWIX_clean,ANAWIX_clean,5.45667,5.01969,5.45432,1.52823,1486.52,972.705,0.0,0.0,0.5628,0.368269,0.0,1,0.039869879,0.364821496,0.37324784545124784
ANEHEI_clean,ANEHEI_clean,6.80985,3.50032,6.5431,1.23995,1316.98,1062.12,0.0,0.0,0.5484,0.442274,0.0,1,0.039846662,0.369702826,0.37427390478749945
ANIDIL_clean,ANIDIL_clean,5.09322,4.44244,5.09322,1.49981,585.282,390.237,0.0,0.0,0.4068,0.271234,0.0,0,0.01432803,0.138158811,0.13574068465999978
ANOMUM_clean,ANOMUM_clean,7.28969,4.98752,7.24267,0.833729,2493.01,2990.19,0.0,0.0,0.6952,0.833844,0.0,1,0.04939026,0.484550102,0.48424639483250087
ANUGIA_clean,ANUGIA_clean,13.85309,6.75838,13.85309,0.567973,2306.32,4060.62,0.0,0.0,0.7948,1.39936,0.0,1,0.034358711,0.341350663,0.33672998776374924
APEBEE_clean,APEBEE_clean,5.40727,4.06272,5.33928,1.31041,1192.91,910.333,0.0,0.0,0.513,0.391481,0.0,1,0.056347141,0.503196929,0.5076032627387513
APETAS_clean,APETAS_clean,3.70433,2.76055,3.70433,1.99384,0.0,0.0,131.934,66.1705,0.4318,0.216567,0.0,1,0.016422878,0.154897528,0.15567689732499954
AQIQAU_clean,AQIQAU_clean,7.60741,6.30843,7.59214,0.861714,1966.86,2282.5,0.0,0.0,0.658,0.763595,0.0,1,0.035826913,0.346969488,0.35029230716249943
AQUDAS_clean,AQUDAS_clean,9.38408,5.62446,8.32943,1.03958,1962.23,1887.52,0.0,0.0,0.6752,0.649493,0.0,1,0.021931553,0.214283774,0.21670453207750018
AQUDEX_clean,AQUDEX_clean,4.02336,3.48999,4.02336,1.64794,245.164,148.77,0.0,0.0,0.3954,0.239936,0.0,1,0.025491383,0.235766853,0.22920908780874985
AROFET_clean,AROFET_clean,8.28593,5.15676,8.15353,0.856166,2227.42,2601.62,0.0,0.0,0.6884,0.804049,0.0,1,0.03525213,0.343798457,0.3471179468924986
ARUYUH_clean,ARUYUH_clean,4.6223,3.84632,4.60163,1.67938,1300.59,774.446,0.0,0.0,0.5928,0.352987,0.0,0,0.060602428,0.54458431,0.5376810106999986
ASAHEJ_clean,ASAHEJ_clean,7.58274,6.68199,7.16375,2.10294,1485.76,706.516,0.0,0.0,0.5748,0.273331,0.0,1,0.006928353,0.069048667,0.06778672714624985
ASAJOU_clean,ASAJOU_clean,4.47562,3.06398,4.09768,1.42516,0.0,0.0,693.425,486.56,0.4656,0.326701,0.0,1,0.071840861,0.591037344,0.5635880105149996
ASINEX_clean,ASINEX_clean,12.53569,7.27061,12.47881,0.659976,1848.81,2801.34,0.0,0.0,0.7014,1.06277,0.0,1,0.033975359,0.335953354,0.33460513544500026
ASINIB_clean,ASINIB_clean,12.40052,7.22634,12.40052,0.666065,1847.56,2773.85,0.0,0.0,0.713,1.07047,0.0,1,0.03346429,0.332539315,0.33125930108000035
ASIQEA_clean,ASIQEA_clean,8.85063,6.25728,8.83155,0.902561,1517.6,1681.44,0.0,0.0,0.6232,0.69048,0.0,1,0.028275723,0.286044764,0.2786275870149999
ASIQIE_clean,ASIQIE_clean,9.00205,6.2555,8.99942,0.893575,1516.45,1697.06,0.0,0.0,0.6152,0.688471,0.0,1,0.029437964,0.290406824,0.2877657605374997
ASIRUR_clean,ASIRUR_clean,3.01302,2.45427,2.82445,1.66934,0.0,0.0,0.0,0.0,0.347,0.207866,0.0,1,0.00168846,0.016851327,0.016794172543749944
ATAYEB_clean,ATAYEB_clean,10.54748,5.75428,10.54661,0.825883,2349.73,2845.11,0.0,0.0,0.7048,0.853389,0.0,1,0.046397911,0.453283067,0.44182113485250196
ATEYED_clean,ATEYED_clean,7.47545,6.2198,7.47545,0.467817,3303.45,7061.42,0.0,0.0,0.7762,1.6592,0.0,1,0.03773274,0.375915194,0.3736973318150021
ATEYUV_clean,ATEYUV_clean,10.25531,8.1108,10.25531,0.751133,2430.54,3235.83,0.0,0.0,0.7324,0.975061,0.0,1,0.047930594,0.470521722,0.4600531629312524
ATIBOU02_clean,ATIBOU02_clean,5.13844,4.03284,5.13064,1.58929,1001.62,630.232,0.0,0.0,0.4764,0.299756,0.0,0,0.017263751,0.158964789,0.1637752428162501
ATIJUJ_manual,ATIJUJ_manual,17.44029,16.95439,17.44029,0.753394,1262.36,1675.56,0.0,0.0,0.7098,0.942136,0.0,1,0.010856145,0.109079942,0.10831492064124928
ATIRUS_clean,ATIRUS_clean,4.46122,3.66446,4.46122,2.04969,327.839,159.946,0.0,0.0,0.4254,0.207544,0.0,1,0.004313823,0.043782723,0.04211977894250016
ATUXIY_clean,ATUXIY_clean,5.42434,3.78722,5.41357,1.56042,1520.84,974.637,0.0,0.0,0.5342,0.342345,0.0,1,0.053049183,0.486176824,0.4839233005037499
ATUXOE_clean,ATUXOE_clean,4.28881,2.66857,4.28881,1.71175,0.0,0.0,211.753,123.705,0.3874,0.226318,0.0,1,0.029372445,0.267940492,0.2603389930724984
AVAKEP_clean,AVAKEP_clean,25.17564,12.49369,25.17564,0.244994,1420.93,5799.87,0.0,0.0,0.8902,3.63356,0.0,1,0.037624218,0.380329273,0.3739118078249992
AVAQIX01_clean,AVAQIX01_clean,5.36267,3.61603,5.3498,1.32796,1049.23,790.108,0.0,0.0,0.535,0.402873,0.0,1,0.098188898,0.808351824,0.8072217466950024
AVAQIX_clean,AVAQIX_clean,5.44587,3.64311,5.44587,1.30707,1099.34,841.068,0.0,0.0,0.5528,0.42293,0.0,1,0.093846855,0.779026599,0.7845559758762498
AVELOD_clean,AVELOD_clean,8.08398,4.98141,8.08398,0.915242,1686.35,1842.51,0.0,0.0,0.6036,0.659498,0.0,1,0.027915889,0.274823377,0.2743306903525
AVELUJ_clean,AVELUJ_clean,8.10638,4.88927,8.10638,0.902679,1696.47,1879.38,0.0,0.0,0.605,0.670227,0.0,1,0.028917506,0.288636219,0.28421249477749966
AVESAW_clean,AVESAW_clean,4.33245,2.46317,3.59191,2.03317,0.0,0.0,234.942,115.554,0.4518,0.222214,0.0,1,0.021733085,0.193524097,0.1905636184249996
AVEVEE_clean,AVEVEE_clean,4.17515,3.43562,4.17515,1.60472,795.582,495.775,0.0,0.0,0.4962,0.309212,0.0,0,0.038726257,0.360071082,0.3539452667387507
AVIHIY_clean,AVIHIY_clean,6.88379,6.45442,6.88379,1.62124,1571.08,969.06,0.0,0.0,0.5722,0.35294,0.0,0,0.035970275,0.343247251,0.34241485868750055
AVIHOE_clean,AVIHOE_clean,6.82367,6.45553,6.82367,1.66276,1569.85,944.123,0.0,0.0,0.5622,0.338112,0.0,0,0.037267768,0.355501742,0.3449603584400001
AVIVEG_clean,AVIVEG_clean,11.84801,7.36492,11.84801,0.733043,1723.96,2351.79,66.007,90.0452,0.716,0.97675,0.0,1,0.043168698,0.417766886,0.4104537918087528
AVIVIK_clean,AVIVIK_clean,11.79938,6.70311,11.79938,0.734288,1705.89,2323.19,141.576,192.807,0.7142,0.972643,0.0,1,0.043196804,0.414447298,0.41047534556875265
AWAHEM_clean,AWAHEM_clean,7.6574,4.85724,7.65488,2.1582,1774.85,822.374,0.0,0.0,0.6144,0.284682,0.0,1,0.00969867,0.094722794,0.09641069169999997
AWAKEQ_clean,AWAKEQ_clean,5.66517,3.68033,5.65855,1.19573,631.039,527.745,0.0,0.0,0.5032,0.420832,0.0,1,0.020386315,0.188384613,0.19314970825875047
AWARIZ_clean,AWARIZ_clean,4.91504,4.51953,4.91504,1.87821,723.101,384.994,0.0,0.0,0.4558,0.242678,0.0,0,0.032592625,0.282292104,0.2903327646200001
AWASEY_clean,AWASEY_clean,12.05091,7.26209,12.03698,1.15771,1906.22,1646.54,0.0,0.0,0.7186,0.620707,0.0,1,0.011552653,0.11184575,0.11478839094875017
AWEGEP_clean,AWEGEP_clean,6.08144,3.63724,6.07038,2.1577,1410.66,653.78,0.0,0.0,0.573,0.265561,0.0,1,0.010013551,0.097071011,0.0982007534137501
AWIBAK_clean,AWIBAK_clean,5.84822,3.40416,5.84822,1.53516,287.757,187.444,30.381,19.7901,0.4208,0.274108,0.0,1,0.011240722,0.084956062,0.09915430982999988
AXAFAG_clean,AXAFAG_clean,6.59817,6.13172,6.59498,2.82524,1689.3,597.93,0.0,0.0,0.606,0.214495,0.0,1,0.008992923,0.087974597,0.08748109299499983
AXIMUP_clean,AXIMUP_clean,8.06476,5.62993,7.88344,0.749362,2380.21,3176.31,0.0,0.0,0.7064,0.942669,0.0,1,0.031661391,0.310389922,0.3144446011537506
AXINIF_clean,AXINIF_clean,9.6188,8.65235,9.60052,0.750661,2213.56,2948.81,0.0,0.0,0.6692,0.891481,0.0,1,0.047215392,0.456267571,0.45613527804000037
AXUBOL_clean,AXUBOL_clean,7.85983,4.2994,7.19513,1.05112,1083.88,1031.17,529.841,504.074,0.6054,0.575959,0.0,0,0.051124813,0.484591767,0.4689904202025001
AYOQEM_clean,AYOQEM_clean,12.16451,6.87343,12.16451,0.774775,2322.28,2997.35,0.0,0.0,0.7066,0.912006,0.0,1,0.034579043,0.336090195,0.3378861193650002
AZAFIS_clean,AZAFIS_clean,4.56554,4.01347,4.56554,1.5219,1198.03,787.192,0.0,0.0,0.5324,0.349826,0.0,1,0.054830859,0.489199611,0.49147708884250085
AZILEA_clean,AZILEA_clean,4.19485,2.70328,3.77354,1.78477,0.0,0.0,157.26,88.1122,0.4734,0.265244,0.0,1,0.012739633,0.113617968,0.12093574392374981
AZIMIH_clean,AZIMIH_clean,4.50158,3.25724,4.48514,1.45246,0.0,0.0,974.247,670.754,0.5414,0.372746,0.0,1,0.103733965,0.843312401,0.8174463272175003
BACGAQ_clean,BACGAQ_clean,5.16583,4.20229,5.16583,1.16624,909.575,779.923,0.0,0.0,0.5142,0.440905,0.0,0,0.042292555,0.385040955,0.3851947338712499
BAEDTA01_clean,BAEDTA01_clean,5.34617,4.27166,5.33175,2.14248,360.006,168.032,116.013,54.1487,0.3902,0.182125,0.0,1,0.033258973,0.262583071,0.2817625688612505
BAKGIF_manual,BAKGIF_manual,7.54763,6.30914,7.54763,1.01674,1528.77,1503.6,0.0,0.0,0.6098,0.599757,0.0,0,0.026009174,0.254153142,0.2548707047649991
BALMUW01_clean,BALMUW01_clean,3.18622,2.60913,3.18622,3.38861,0.0,0.0,0.0,0.0,0.2368,0.0698811,0.0,0,0.001659254,0.017059186,0.016712267374999965
BAXLOD_clean,BAXLOD_clean,3.47531,3.37883,3.47531,1.95818,57.5216,29.3751,0.0,0.0,0.3374,0.172303,0.0,1,0.005699539,0.054309935,0.055378503233749814
BAZGAM_clean,BAZGAM_clean,42.79818,24.24061,42.79818,0.126526,810.47,6405.57,0.0,0.0,0.9392,7.42299,0.0,1,0.052378882,0.520058647,0.46278274385750096
BEDYEQ_clean,BEDYEQ_clean,33.05863,31.49051,33.05863,0.462445,1416.09,3062.18,0.0,0.0,0.8292,1.79308,0.000432484,1,0.033424123,0.330214266,0.33248979748000046
BEFMAC_clean,BEFMAC_clean,5.39704,3.47321,5.39704,1.51705,1003.1,661.215,0.0,0.0,0.5144,0.339079,0.0,0,0.047537991,0.43630446,0.42496126986624994
BEFNIL_clean,BEFNIL_clean,4.39176,3.18799,4.39057,1.60065,0.0,0.0,456.339,285.096,0.4722,0.295005,0.0,1,0.050023107,0.471294204,0.4325350576274994
BEGBOG_clean,BEGBOG_clean,4.23611,2.57051,4.10647,0.976018,0.0,0.0,298.642,305.98,0.5066,0.519048,0.0,0,0.018750132,0.182027811,0.18075303807874987
BELJIL_clean,BELJIL_clean,7.21036,5.21436,7.21036,1.28754,867.89,674.07,0.0,0.0,0.459,0.356494,0.0,1,0.015382721,0.148173607,0.14876791568625014
BELTUJ_clean,BELTUJ_clean,5.64744,4.1969,5.5822,1.08566,1393.43,1283.49,0.0,0.0,0.5582,0.51416,0.0,1,0.051322075,0.46634166,0.48024588547500185
BELYIC_clean,BELYIC_clean,4.0335,3.09731,4.0312,0.963294,0.0,0.0,412.294,428.004,0.5522,0.573241,0.0,1,0.014294341,0.149724805,0.1419900875875003
BEPBAB_clean,BEPBAB_clean,5.3188,3.97632,5.3188,1.04154,1135.05,1089.78,0.0,0.0,0.473,0.454133,0.0,1,0.060885688,0.526371512,0.541441350206252
BEPREV03_clean,BEPREV03_clean,6.75186,5.16957,6.7451,0.798706,2519.19,3154.09,0.0,0.0,0.64,0.801296,0.0,0,0.074421465,0.698413338,0.6761544765249994
BEPREV_clean,BEPREV_clean,6.75364,5.16047,6.74991,0.798706,2521.08,3156.46,0.0,0.0,0.6402,0.801547,0.0,0,0.0741038,0.689521729,0.6718999595412503
BEPRIZ_clean,BEPRIZ_clean,10.21454,6.03558,10.21454,0.764371,2087.31,2730.76,0.0,0.0,0.673,0.880463,0.0,0,0.042446143,0.408187863,0.4137148137862487
BEPWEA_clean,BEPWEA_clean,4.94352,3.50226,4.94123,1.37749,785.436,570.193,0.160637,0.116616,0.4914,0.356735,0.0,1,0.008103652,0.080325003,0.07932517693374945
BERFIP_clean,BERFIP_clean,4.07847,2.71437,4.07847,1.95363,0.0,0.0,172.127,88.1061,0.3926,0.200959,0.0,1,0.044197234,0.361788484,0.37325310573249904
BETDEL_clean,BETDEL_clean,6.19335,4.27368,6.19335,1.1646,2251.25,1933.07,0.0,0.0,0.6174,0.530141,0.0,1,0.052133762,0.490473091,0.4952609959112527
BETGUE_clean,BETGUE_clean,15.53135,9.65919,15.53135,0.735216,1298.07,1765.57,466.651,634.712,0.7352,0.999978,0.0,1,0.031022539,0.31537279,0.30544961678875177
BEXRIG_clean,BEXRIG_clean,8.16514,5.60091,8.16514,0.67222,2617.75,3894.19,0.0,0.0,0.7394,1.09994,0.0,0,0.021665383,0.217624243,0.21482768562374976
BEXSAA_clean,BEXSAA_clean,6.21678,4.72062,6.15067,0.992771,1456.96,1467.57,0.0,0.0,0.5884,0.592684,0.0,1,0.030587243,0.300712692,0.29581762932375055
BEXSII_clean,BEXSII_clean,6.27069,4.79422,6.26455,0.943025,2150.91,2280.86,0.0,0.0,0.668,0.708359,0.0,1,0.052016425,0.496985641,0.4945507866475017
BEXVEH_clean,BEXVEH_clean,9.97626,6.15688,9.95158,0.782835,2372.61,3030.79,0.0,0.0,0.7306,0.933274,0.0,1,0.039266837,0.38723856,0.3887087682875018
BEZDUH_clean,BEZDUH_clean,4.24131,3.18993,4.21857,2.09417,0.0,0.0,482.308,230.31,0.4536,0.216601,0.0,1,0.003687995,0.035356877,0.036653590901250074
BIDPOV_clean,BIDPOV_clean,11.29156,6.79888,11.29156,0.619303,2469.5,3987.54,0.0,0.0,0.7532,1.21621,0.0,1,0.052937496,0.515691785,0.5113610480774988
BIHMUC_clean,BIHMUC_clean,4.80366,2.90368,4.80315,1.36548,0.0,0.0,630.363,461.643,0.434,0.317837,0.0,1,0.017150048,0.159410512,0.1631605652112502
BIPSUQ_clean,BIPSUQ_clean,18.61448,16.92881,18.61448,0.43749,1960.32,4480.84,0.0,0.0,0.8374,1.9141,0.0,1,0.030028101,0.294435338,0.2986540694887472
BIRSEC_clean,BIRSEC_clean,6.48832,4.86094,6.48832,1.33798,1247.05,932.038,0.0,0.0,0.5134,0.383713,0.0,1,0.031616328,0.297589819,0.29882599796875003
BIYSUZ_clean,BIYSUZ_clean,8.31867,7.50799,8.23674,1.3283,1507.88,1135.19,0.0,0.0,0.5826,0.438604,0.0,1,0.018696546,0.183196242,0.18203545333249987
BIZMAA_clean,BIZMAA_clean,8.82584,6.80117,8.82584,0.838203,2031.61,2423.76,0.0,0.0,0.6668,0.795512,0.0,0,0.042678168,0.410872685,0.4063983054675003
BIZMII_clean,BIZMII_clean,8.09188,6.36998,8.09188,0.865187,2004.99,2317.41,0.0,0.0,0.6566,0.758911,0.0,0,0.043519428,0.421817794,0.4131464458312486
BOCKOT_clean,BOCKOT_clean,4.81526,3.42101,4.526,1.37869,1402.34,1017.16,0.0,0.0,0.5962,0.43244,0.0,1,0.021091934,0.206654421,0.20414700840999914
BOCTOE01_clean,BOCTOE01_clean,4.25376,2.75131,4.21442,1.24701,0.0,0.0,672.927,539.633,0.565,0.453084,0.0,0,0.009613922,0.095214081,0.09445103788499994
BOCTOE02_clean,BOCTOE02_clean,4.2866,2.77373,3.94569,1.23767,0.0,0.0,699.782,565.401,0.5698,0.46038,0.0,0,0.010118933,0.098645569,0.10164920889749986
BOCTOE04_clean,BOCTOE04_clean,4.34246,2.69592,4.34246,1.22277,0.0,0.0,739.145,604.483,0.5642,0.461411,0.0,0,0.010892517,0.10858945,0.10585797238874976
BODPAN_clean,BODPAN_clean,13.14982,6.66414,13.13307,0.888078,2105.25,2370.57,0.0,0.0,0.7242,0.815469,0.0,1,0.049425504,0.423504639,0.44919584176124916
BOFCEG_clean,BOFCEG_clean,4.76632,3.26539,4.75141,1.35043,0.0,0.0,985.455,729.736,0.5334,0.394986,0.0,0,0.106269794,0.881885525,0.8328358418149985
BOHGOU_clean,BOHGOU_clean,3.21949,2.72507,3.21949,1.45797,0.0,0.0,0.0,0.0,0.4566,0.313175,0.0,1,0.00230407,0.023401284,0.023190595310000138
BOMCOX_clean,BOMCOX_clean,5.96735,4.28567,5.96735,1.1236,1334.13,1187.38,0.0,0.0,0.5368,0.477752,0.0,1,0.049707374,0.462069748,0.4518582264462495
BONWIL_clean,BONWIL_clean,3.70731,2.93141,3.70731,1.7315,0.0,0.0,114.744,66.2687,0.3752,0.216691,0.0,0,0.00349322,0.034568932,0.034607265259999985
BOXYIY_clean,BOXYIY_clean,4.39053,3.85775,4.38747,1.58321,405.121,255.886,388.713,245.521,0.5092,0.321625,0.0,0,0.02988453,0.278227658,0.27822362364999953
BOZFON_clean,BOZFON_clean,6.15469,4.01567,6.15002,1.24414,1139.51,915.903,0.0,0.0,0.502,0.403491,0.0,1,0.048401537,0.424986572,0.4344522341887507
BUBTUP_clean,BUBTUP_clean,7.20698,3.66387,7.20698,1.23952,885.576,714.451,0.0,0.0,0.5112,0.412418,0.0,1,0.027329815,0.264591914,0.2583104146112495
BUCVAY_clean,BUCVAY_clean,5.36914,3.4206,5.36914,1.22099,548.684,449.375,0.0,0.0,0.4634,0.379527,0.0,1,0.049989668,0.403737556,0.4244094006399999
BUCWAZ_clean,BUCWAZ_clean,8.06989,6.31772,7.96603,0.986571,2261.23,2292.01,0.0,0.0,0.6822,0.691486,0.0,1,0.035158537,0.333844163,0.34586734308624867
BUKRUW02_clean,BUKRUW02_clean,10.18784,5.8011,10.17435,0.90051,2432.65,2701.41,0.0,0.0,0.7394,0.821091,0.0,1,0.022636796,0.225693028,0.2246808025787508
BURJOO_clean,BURJOO_clean,5.25312,4.62411,5.25312,1.36621,795.034,581.927,0.0,0.0,0.4348,0.318253,0.0,0,0.030551298,0.274122023,0.2708579635212516
BUSQIQ_clean,BUSQIQ_clean,4.44057,3.72721,4.4272,1.56982,999.031,636.398,0.0,0.0,0.4302,0.274044,0.0,0,0.087454719,0.709693006,0.6982691813637477
BUVYIB01_clean,BUVYIB01_clean,10.81747,8.62628,10.81747,0.682989,2289.3,3351.88,0.0,0.0,0.7066,1.03457,0.0,0,0.057160505,0.556211411,0.5385594553350007
BUVYIB_clean,BUVYIB_clean,10.88811,8.55613,10.38381,0.702067,2220.12,3162.26,0.0,0.0,0.6958,0.991073,0.0,0,0.061060967,0.583475779,0.5593003347974984
BUWLUC_clean,BUWLUC_clean,5.18793,3.64341,5.18793,1.32106,1477.38,1118.33,1.23611,0.935694,0.6038,0.457058,0.0,1,0.015341709,0.150776183,0.15012392038875016
c4ce00408f_c4ce00408f2_clean,c4ce00408f_c4ce00408f2_clean,12.62762,5.23882,12.62762,1.04827,1808.67,1725.39,210.803,201.096,0.6818,0.650406,0.0,1,0.05959939,0.463442313,0.5603272820412473
c4dt03702b_c4dt03702b2_clean,c4dt03702b_c4dt03702b2_clean,8.83143,6.21194,8.83143,0.592358,2322.31,3920.45,0.0,0.0,0.7494,1.26511,0.0,0,0.029354304,0.293887078,0.2899988014162516
c5dt02374b_c5dt02374b2_clean,c5dt02374b_c5dt02374b2_clean,5.11675,3.17335,5.09396,1.95395,0.0,0.0,690.372,353.321,0.4822,0.246782,0.0,1,0.046274213,0.373090563,0.39703100054375
c5dt03091a_c5dt03091a2_clean,c5dt03091a_c5dt03091a2_clean,12.70758,7.22422,12.62907,0.840959,1997.99,2375.84,0.0,0.0,0.7324,0.87091,0.0,0,0.019327808,0.189673773,0.19030347890125032
c6cc00862c_c6cc00862c2_clean,c6cc00862c_c6cc00862c2_clean,8.00553,6.19741,8.00553,0.932782,1633.12,1750.81,0.0,0.0,0.6212,0.665964,0.0,1,0.050423062,0.485826835,0.4846382608262486
c6cc02494g_c6cc02494g4_clean,c6cc02494g_c6cc02494g4_clean,11.99779,10.81941,11.9905,1.02929,1587.08,1541.92,0.0,0.0,0.6598,0.641025,0.0,1,0.023615097,0.23288851,0.2328966323037501
c6ce00141f_c6ce00141f2_clean,c6ce00141f_c6ce00141f2_clean,9.56221,8.33336,9.07575,0.705297,1946.55,2759.91,0.0,0.0,0.6886,0.976327,0.0,0,0.036952037,0.361290264,0.3617981195725001
c6ce00407e_c6ce00407e2_clean,c6ce00407e_c6ce00407e2_clean,12.56279,7.41464,12.35901,0.699904,2125.04,3036.19,0.0,0.0,0.7334,1.04786,0.0,1,0.032190551,0.310869872,0.31631015997875106
c6ce00407e_c6ce00407e9_clean,c6ce00407e_c6ce00407e9_clean,13.32178,10.04301,13.32178,0.313342,1952.24,6230.37,0.0,0.0,0.8528,2.72162,0.0,1,0.027773448,0.27176639,0.27408364095750093
c6dt03852b_c6dt03852b2_clean,c6dt03852b_c6dt03852b2_clean,13.14811,11.57992,13.14609,0.737977,1944.6,2635.04,0.0,0.0,0.7482,1.01385,0.000271011,1,0.03336084,0.322681982,0.32974508976250066
c6ra27069g_c6ra27069g2_clean,c6ra27069g_c6ra27069g2_clean,4.56243,2.89523,4.51965,1.35769,0.0,0.0,594.873,438.149,0.5184,0.381824,0.0,1,0.032540091,0.291809035,0.30010422728624914
c6ta00429f_c6ta00429f2_clean,c6ta00429f_c6ta00429f2_clean,15.86893,5.53957,7.79231,0.722489,2062.25,2854.37,0.0,0.0,0.6916,0.957247,0.000276821,0,0.031442773,0.306362626,0.31017987662875024
CAJLEH_clean,CAJLEH_clean,4.88777,2.54359,4.5866,1.557,0.0,0.0,466.026,299.31,0.4856,0.311882,0.0,1,0.028736206,0.259621862,0.25702088175249926
CAKXOD_clean,CAKXOD_clean,4.11875,2.79775,4.11072,2.00641,0.0,0.0,229.103,114.185,0.4716,0.235046,0.0,1,0.016440819,0.161654816,0.16090465036750065
CAKXUJ_clean,CAKXUJ_clean,4.10044,2.79077,4.09036,2.02431,0.0,0.0,225.078,111.187,0.4698,0.232079,0.0,1,0.016730407,0.162223132,0.16146739410874986
CANRIU_clean,CANRIU_clean,6.98874,4.43531,6.97328,0.861557,1846.01,2142.64,0.0,0.0,0.6044,0.70152,0.0,1,0.048835247,0.45785744,0.4703123115449984
CANYIB_clean,CANYIB_clean,8.93125,8.46949,8.93125,1.07172,1754.82,1637.38,0.0,0.0,0.614,0.572909,0.0,1,0.030739539,0.303946664,0.2940291029100013
CAVMOD_clean,CAVMOD_clean,10.28847,9.36955,10.28847,0.959454,1312.84,1368.32,0.0,0.0,0.585,0.609722,0.0,1,0.035235656,0.32714111,0.33377938395125034
CAVREY_clean,CAVREY_clean,7.18071,5.30054,7.16429,1.02665,1966.55,1915.49,0.0,0.0,0.6398,0.62319,0.0,1,0.066043983,0.555372221,0.6006190029437483
CAVVUS_clean,CAVVUS_clean,8.70352,6.17686,8.67533,1.10684,1589.76,1436.3,0.0,0.0,0.6378,0.576233,0.0,1,0.042137485,0.408121962,0.4017811009725002
CAXTEC_clean,CAXTEC_clean,10.87616,5.2726,10.87615,0.837152,1928.01,2303.05,0.0,0.0,0.6672,0.796988,0.0,0,0.018834837,0.187772334,0.1869625601575006
CAXWEF_clean,CAXWEF_clean,11.4766,10.80771,11.4766,1.14451,1589.9,1389.16,0.0,0.0,0.6324,0.552552,0.0,1,0.028607286,0.28611646,0.28027841551624993
CAXWIJ_clean,CAXWIJ_clean,11.51419,10.74209,11.51419,1.143,1585.27,1386.93,0.0,0.0,0.6362,0.556603,0.0,1,0.028736278,0.286510705,0.2805624666012495
CAYSIE_clean,CAYSIE_clean,7.01369,4.99057,7.01369,1.16777,715.513,612.717,0.0,0.0,0.471,0.403332,0.0,0,0.009361954,0.09350853,0.09118030413499989
CAZGIT_clean,CAZGIT_clean,5.03658,3.98397,5.03257,1.74975,597.309,341.369,0.0,0.0,0.4322,0.247007,0.0,1,0.032419568,0.283245103,0.28561308919375056
CAZNEY_clean,CAZNEY_clean,6.26427,5.09264,6.24536,0.832059,2251.27,2705.66,0.0,0.0,0.6506,0.781916,0.0,1,0.044229565,0.438544789,0.43201720971375246
CECVAI_clean,CECVAI_clean,8.49795,6.03194,7.93874,0.769652,2649.07,3441.9,0.0,0.0,0.7384,0.959394,0.0,1,0.027302825,0.268253232,0.2719071099550003
CEDFIC_clean,CEDFIC_clean,5.4924,4.94828,5.32905,1.21421,1932.36,1591.46,0.0,0.0,0.6236,0.513586,0.0,1,0.045582925,0.419076537,0.4320619905950009
CEFLEF_clean,CEFLEF_clean,7.24143,3.11475,7.24031,1.54193,0.0,0.0,662.829,429.869,0.5026,0.325954,0.0,1,0.021454876,0.204205498,0.20589967411000074
CEHLAD_clean,CEHLAD_clean,10.21413,5.8901,10.08749,0.853623,2217.93,2598.26,0.0,0.0,0.735,0.861036,0.0,1,0.034779108,0.340466233,0.33894300456374976
CEHWOD_clean,CEHWOD_clean,3.34215,2.46178,3.34215,1.63561,0.0,0.0,0.0,0.0,0.4412,0.269746,0.0,1,0.001494472,0.016372062,0.01556960410499999
CEMYUQ_clean,CEMYUQ_clean,6.77494,3.84893,6.77491,1.21968,1760.79,1443.65,0.0,0.0,0.6118,0.501606,0.0,1,0.073344985,0.685439636,0.6596125014050006
CENJIQ_clean,CENJIQ_clean,8.5056,4.03981,8.49212,1.2776,1268.59,992.946,62.8816,49.2184,0.584,0.457106,0.0,1,0.022284884,0.216582088,0.21706256145375044
CETHEQ_clean,CETHEQ_clean,9.71439,7.35018,9.71439,1.06464,1786.46,1678.0,0.0,0.0,0.68,0.638714,0.0,1,0.013935659,0.142740873,0.13881603197125048
CETVAA_clean,CETVAA_clean,4.44677,3.28831,4.44677,1.2883,0.0,0.0,359.567,279.103,0.422,0.327564,0.0,0,0.065107862,0.489714469,0.5013303703549997
CEZFIY_clean,CEZFIY_clean,5.34194,3.72114,5.30915,1.18992,1017.05,854.72,0.0,0.0,0.4786,0.40221,0.0,0,0.042136167,0.382014218,0.38069349291375076
CEZNAY_clean,CEZNAY_clean,5.01935,2.93554,4.97839,2.11441,0.0,0.0,484.842,229.304,0.4766,0.225406,0.0,1,0.012492302,0.117979152,0.11766309368250014
cg060732osi20070605_042406_clean,cg060732osi20070605_042406_clean,6.23351,5.51273,6.19042,0.921282,2509.58,2724.01,0.0,0.0,0.696,0.755469,0.0,0,0.062032597,0.611320682,0.5928928626974981
cg0702636-file001_clean,cg0702636-file001_clean,4.28619,2.95991,4.28619,1.71071,0.0,0.0,554.044,323.869,0.4834,0.282573,0.0,0,0.05871709,0.521558472,0.4987077999975027
cg100226u_si_003_clean,cg100226u_si_003_clean,6.75144,3.25309,6.74261,1.00875,0.0,0.0,1005.92,997.202,0.5428,0.538094,0.0,0,0.031151157,0.299509042,0.29687496146499925
cg100226u_si_004_clean,cg100226u_si_004_clean,6.77697,3.31842,6.74253,0.991173,0.0,0.0,1085.89,1095.56,0.5504,0.555302,0.0,0,0.03448761,0.320173631,0.31449545450874933
cg200606r_si_001_clean,cg200606r_si_001_clean,4.89412,3.61697,4.88387,1.24739,1030.7,826.282,0.0,0.0,0.5586,0.447815,0.0,1,0.146131612,1.169289348,1.168945407130001
cg200615s_si_002_clean,cg200615s_si_002_clean,4.28794,2.8499,4.28081,1.75938,0.0,0.0,254.471,144.637,0.3014,0.171311,0.0,1,0.019217589,0.171965445,0.16976419541750087
cg301725z_si_002_clean,cg301725z_si_002_clean,4.41795,2.98056,4.41698,1.14076,0.0,0.0,1041.38,912.881,0.5478,0.480205,0.0,0,0.039316668,0.37504468,0.36345301372499866
cg301725z_si_003_clean,cg301725z_si_003_clean,4.61209,3.22613,4.60561,1.078,0.0,0.0,1404.62,1302.99,0.5694,0.528201,0.0,0,0.041572477,0.403110127,0.38763631596374787
cg301725z_si_004_clean,cg301725z_si_004_clean,4.69664,4.11195,4.68637,1.09749,1702.36,1551.13,0.0,0.0,0.5844,0.532487,0.0,0,0.073763968,0.689780748,0.66749447816375
cg400449c_si_001_clean,cg400449c_si_001_clean,12.65792,7.41339,12.43712,0.667569,2346.54,3515.05,0.0,0.0,0.7554,1.13157,0.0,1,0.041742012,0.403332636,0.40825356884874936
cg500192d_si_003_clean,cg500192d_si_003_clean,11.24994,9.49767,11.24883,0.554498,2069.35,3731.94,0.0,0.0,0.7928,1.42976,0.0,0,0.031397681,0.314364354,0.31197716590999996
cg501231v_si_001_clean,cg501231v_si_001_clean,17.06774,7.18297,17.06774,0.779609,1749.67,2244.29,0.0,0.0,0.6902,0.885316,0.0,0,0.036482027,0.354875855,0.35599206359374963
cg5012617_si_002_clean,cg5012617_si_002_clean,6.32079,5.69332,6.32079,1.49326,566.795,379.568,60.4946,40.5117,0.4478,0.29988,0.0,1,0.016123997,0.155799357,0.15368421150500086
cg501332u_si_002_clean,cg501332u_si_002_clean,6.1572,4.57393,6.1572,1.23684,1051.25,849.954,0.0,0.0,0.5146,0.416062,0.0,0,0.017335021,0.1663579,0.1662639266462491
cg5b00056_si_004_clean,cg5b00056_si_004_clean,9.90635,2.42974,9.90635,0.988653,0.0,0.0,1109.21,1121.94,0.5456,0.551862,0.0,0,0.027008553,0.257198797,0.2628079145362498
cg800424t_si_002_clean,cg800424t_si_002_clean,11.07723,9.2554,11.07723,0.942046,1274.04,1352.42,0.0,0.0,0.6274,0.665997,0.0,1,0.026430102,0.256496686,0.2590714153349991
CICSOW01_clean,CICSOW01_clean,5.13947,2.94666,5.13947,1.29178,0.0,0.0,545.966,422.648,0.4904,0.379632,0.0,0,0.149896742,1.17178053,1.06215971425875
CIFLUA_clean,CIFLUA_clean,9.37773,7.98095,9.37773,0.746179,1903.8,2551.39,0.0,0.0,0.6868,0.920422,0.0,1,0.040514425,0.394092916,0.39070727512375036
CIWREG_clean,CIWREG_clean,8.13471,7.32788,8.13207,1.23149,2046.97,1662.19,0.793114,0.644029,0.6562,0.532851,0.0,0,0.026465781,0.252504563,0.25342498720125123
CIWRUW_clean,CIWRUW_clean,8.32352,7.79985,8.25756,1.23467,2023.32,1638.75,0.0,0.0,0.6682,0.541198,0.0,0,0.025853543,0.247330168,0.24837844321000005
CIWSAD_clean,CIWSAD_clean,8.30771,7.62763,8.30771,1.22175,2054.23,1681.39,0.0,0.0,0.6672,0.546104,0.0,0,0.025476326,0.247380859,0.24702328001624932
CIWZEP_clean,CIWZEP_clean,6.72158,5.37996,6.72158,1.16391,939.134,806.877,0.0,0.0,0.5184,0.445394,0.0,0,0.018087544,0.164349808,0.17510051726749976
cm1008587_si_003_clean,cm1008587_si_003_clean,6.03686,5.8505,6.03686,1.12119,1527.32,1362.24,0.0,0.0,0.5816,0.518737,0.0,0,0.047531638,0.450488708,0.44771625371875023
cm202876r_si_002_clean,cm202876r_si_002_clean,4.47913,3.53194,4.47073,1.51151,750.121,496.273,0.0,0.0,0.4498,0.297584,0.0,1,0.097240451,0.739704643,0.7430279130787492
cm303749m_si_002_clean,cm303749m_si_002_clean,11.94079,10.66908,11.94079,0.51806,2178.92,4205.92,0.0,0.0,0.7776,1.50099,0.0,1,0.037338682,0.366754793,0.3668665838550013
cm501138g_si_012_clean,cm501138g_si_012_clean,13.22876,6.69209,13.22876,0.883303,2102.85,2380.67,0.0,0.0,0.72,0.815122,0.0,1,0.047817467,0.429158601,0.4290883404750013
cm503311x_alf150K_clean,cm503311x_alf150K_clean,7.24848,7.00179,7.24848,0.962828,1577.69,1638.6,0.0,0.0,0.6114,0.635005,0.0,0,0.028923133,0.281586032,0.2834053329750015
cm503311x_alf325K_clean,cm503311x_alf325K_clean,7.35887,7.1334,7.35887,0.964937,1562.46,1619.23,0.0,0.0,0.6116,0.633824,0.0,0,0.029458971,0.283452366,0.28803335837625094
cm503311x_alf400K_clean,cm503311x_alf400K_clean,7.38658,7.1188,7.38658,0.965403,1554.96,1610.69,0.0,0.0,0.6116,0.633518,0.0,0,0.028656225,0.278526699,0.27963276677375043
cm503311x_alf70K_clean,cm503311x_alf70K_clean,7.062,6.64337,7.062,0.967007,1580.84,1634.77,0.0,0.0,0.6034,0.623987,0.0,0,0.028813943,0.292533308,0.2801265761387502
cm503311x_aloh300K_clean,cm503311x_aloh300K_clean,7.16075,6.82592,7.16075,0.948967,1591.48,1677.07,0.0,0.0,0.6092,0.641961,0.0,0,0.030370082,0.297854977,0.29899050146124867
cm503311x_aloh325K_clean,cm503311x_aloh325K_clean,7.17072,6.86808,7.17072,0.948742,1590.12,1676.03,0.0,0.0,0.6094,0.642324,0.0,0,0.030560908,0.299363119,0.3002255937562482
cm503311x_F-mil-53-Al-lp-mono_clean,cm503311x_F-mil-53-Al-lp-mono_clean,7.00775,6.5216,7.00775,0.971998,1645.39,1692.79,0.0,0.0,0.6046,0.622018,0.0,0,0.038788635,0.380482296,0.37556381547749945
COCMAJ_clean,COCMAJ_clean,8.89284,8.27815,8.8249,0.8398,2517.0,2997.14,0.0,0.0,0.7562,0.900452,0.0,1,0.024880472,0.247816466,0.24857776341000132
COCMOY_clean,COCMOY_clean,15.71318,6.14739,15.71318,0.538882,2078.74,3857.5,0.0,0.0,0.7762,1.44039,0.0,1,0.029401057,0.288923316,0.2913748328137518
CODFUX_clean,CODFUX_clean,4.76662,3.36159,4.76662,1.50711,1268.41,841.619,0.0,0.0,0.5474,0.363213,0.0,0,0.148063008,1.191045247,1.1651049960412505
COGNAO_clean,COGNAO_clean,5.98836,4.70156,5.95362,1.13574,1753.04,1543.53,0.0,0.0,0.578,0.508922,0.0,1,0.053818706,0.490876397,0.49264779207375076
COKMUM_clean,COKMUM_clean,11.78987,10.95857,11.78969,1.07449,1572.51,1463.5,0.0,0.0,0.6544,0.609034,0.0,1,0.022958587,0.228403616,0.2257286939475013
COKQEA_clean,COKQEA_clean,11.43729,10.88858,11.43526,1.1695,1547.4,1323.13,0.0,0.0,0.6482,0.554254,0.0,1,0.024700099,0.241977275,0.24545021941343792
COKQIE_clean,COKQIE_clean,11.52097,11.05538,11.51936,1.12778,1536.06,1362.02,0.0,0.0,0.646,0.572806,0.0,1,0.029819998,0.299157429,0.2935784564875007
COPXOV_clean,COPXOV_clean,5.47401,3.72166,5.47401,1.25742,393.122,312.642,0.0,0.0,0.4288,0.341015,0.0,0,0.040877072,0.318090992,0.3377624208962504
COQGAS_clean,COQGAS_clean,7.55288,6.66056,7.53462,1.14065,1084.94,951.161,0.0,0.0,0.5048,0.442555,0.0,0,0.031405639,0.303327308,0.30012885997750016
COQJAV_clean,COQJAV_clean,5.18341,3.01877,5.17786,1.13784,0.0,0.0,585.688,514.738,0.481,0.422732,0.0,0,0.048865015,0.424596954,0.43164428545250094
COTXOA_clean,COTXOA_clean,5.06649,4.15335,5.05658,1.08454,1114.76,1027.86,0.0,0.0,0.52,0.479465,0.0,0,0.067343864,0.599706894,0.612530083361251
COWBEX_clean,COWBEX_clean,5.58641,4.95411,5.5297,1.71799,525.99,306.165,0.0,0.0,0.4268,0.24843,0.0,1,0.014513251,0.13192431,0.13741575384250004
COWMOR_clean,COWMOR_clean,6.72492,5.5633,6.71793,1.24692,2127.23,1705.98,0.0,0.0,0.644,0.516471,0.0,1,0.021589605,0.218082942,0.21396066878624936
COWRIR_clean,COWRIR_clean,5.34448,2.88567,5.14751,1.26041,0.0,0.0,798.428,633.469,0.5054,0.400982,0.0,1,0.104812473,0.832769596,0.8307954224312478
COXQUB_clean,COXQUB_clean,3.99789,2.84337,3.99789,1.72439,0.0,0.0,180.013,104.392,0.4276,0.247972,0.0,1,0.011539217,0.11130412,0.10823141634374935
COYCEZ_clean,COYCEZ_clean,6.30223,4.25857,6.12676,1.16488,1753.9,1505.65,0.0,0.0,0.5836,0.500994,0.0,1,0.030166886,0.292951477,0.2919636593237502
COYTEQ_clean,COYTEQ_clean,3.8382,3.37897,3.83551,1.78776,534.075,298.739,0.0,0.0,0.4242,0.23728,0.0,1,0.07523157,0.611740756,0.5854971782912503
COYTUG_clean,COYTUG_clean,4.86988,2.93224,4.86988,1.889,0.0,0.0,540.061,285.899,0.4644,0.245845,0.0,1,0.033790594,0.287502921,0.29669036702499774
COYVAO_clean,COYVAO_clean,5.01094,3.28007,4.99906,1.92367,0.0,0.0,707.779,367.931,0.4702,0.244428,0.0,1,0.040787149,0.340085221,0.35706032412875005
CUFDUD_clean,CUFDUD_clean,6.88574,5.43307,6.8031,0.934938,2543.4,2720.39,0.0,0.0,0.6874,0.735236,0.0,0,0.06449351,0.622889016,0.6164025315862467
CUGYUA_clean,CUGYUA_clean,4.81001,4.60953,4.81001,2.60117,548.977,211.05,0.0,0.0,0.4254,0.163542,0.0,1,0.002534019,0.023894203,0.025301527948749947
CUKXAJ_clean,CUKXAJ_clean,4.51336,3.32184,4.46882,1.85702,824.44,443.958,2.19908,1.18419,0.4912,0.264509,0.0,0,0.061593511,0.522431003,0.5169877174962487
CUKXIR_clean,CUKXIR_clean,4.25316,3.64523,4.25225,1.37123,1248.02,910.151,0.0,0.0,0.5164,0.376597,0.0,1,0.047140807,0.447675558,0.42928815308874957
CUKXUC_clean,CUKXUC_clean,4.71812,4.30637,4.71207,1.61022,1190.26,739.19,16.3088,10.1283,0.5368,0.33337,0.0,1,0.027271729,0.261717232,0.2593458524687486
CUKZOY_clean,CUKZOY_clean,4.8322,4.10064,4.8322,1.27011,1172.94,923.5,0.0,0.0,0.5356,0.421697,0.0,1,0.038836814,0.370778359,0.36493784278249836
CUMDEU_clean,CUMDEU_clean,5.19472,4.72553,5.19472,1.64523,654.329,397.714,0.0,0.0,0.462,0.280812,0.0,0,0.006087551,0.060496129,0.06052761255374992
CUMKIG03_clean,CUMKIG03_clean,4.60058,2.85609,4.60058,1.12174,0.0,0.0,535.167,477.088,0.4576,0.407939,0.0,0,0.031360466,0.285979379,0.28475120819375005
CUNWEO_clean,CUNWEO_clean,7.09668,6.48549,7.07965,1.23144,1193.32,969.043,0.0,0.0,0.53,0.430389,0.0,0,0.030578697,0.292071367,0.2895558112425
CUQXUI_clean,CUQXUI_clean,8.23055,4.00763,8.23055,0.791399,1552.16,1961.29,0.863838,1.09153,0.6424,0.811727,0.0,1,0.024725809,0.250134165,0.24468240432218752
CURYOE01_clean,CURYOE01_clean,11.02009,9.16908,10.48925,1.0226,1239.44,1212.05,0.0,0.0,0.5864,0.57344,0.0,0,0.027792445,0.269308175,0.27052556380875026
CURZEV_clean,CURZEV_clean,5.59049,4.15781,5.59049,1.21714,1921.05,1578.33,0.0,0.0,0.5986,0.491808,0.0,1,0.048689256,0.430808584,0.45982451750874875
CUSYIA_clean,CUSYIA_clean,5.815,4.76876,5.815,0.737304,2684.86,3641.46,0.0,0.0,0.6944,0.941809,0.0,0,0.052390028,0.510804229,0.5030616191000015
CUSZEX_clean,CUSZEX_clean,4.67101,3.44264,4.47333,0.835534,2247.71,2690.15,0.0,0.0,0.666,0.797095,0.0,0,0.049853301,0.495282338,0.48312211823999973
CUVGIK_clean,CUVGIK_clean,6.25146,5.06086,6.0647,1.02515,1494.68,1458.01,0.0,0.0,0.5362,0.523046,0.0,0,0.071167611,0.655126617,0.629041235288751
CUWVAT_clean,CUWVAT_clean,6.58776,4.88581,6.58776,1.3301,1313.65,987.633,75.7547,56.9541,0.5658,0.425382,0.0,1,0.049055032,0.449335139,0.4475798537387494
CUWXOJ_clean,CUWXOJ_clean,5.20089,3.52692,5.18895,1.36291,1137.88,834.888,0.0,0.0,0.5102,0.374345,0.0,1,0.084618338,0.700836676,0.6964871836750006
CUYVOI_clean,CUYVOI_clean,4.52428,2.63151,4.52359,1.42517,0.0,0.0,335.952,235.727,0.4404,0.309015,0.0,0,0.027339852,0.240300559,0.2533143829425004
DABFIX_clean,DABFIX_clean,5.93116,3.4012,5.93116,1.19033,685.642,576.011,28.078,23.5885,0.47,0.394849,0.0,1,0.047376284,0.428043904,0.4179344321612492
DACFAR_clean,DACFAR_clean,7.28891,6.40353,7.28891,0.848239,1646.33,1940.88,0.0,0.0,0.624,0.735642,0.0,1,0.072946254,0.613406081,0.6750224553137492
DADLEC_clean,DADLEC_clean,6.0526,4.95704,6.0412,1.09523,933.141,852.004,0.0,0.0,0.4902,0.447577,0.0,1,0.027799043,0.259567927,0.25950474916750027
DAFYOB_clean,DAFYOB_clean,10.04293,8.51588,10.03567,0.702304,2308.4,3286.89,0.0,0.0,0.7318,1.042,0.0,1,0.041811997,0.406889012,0.4083340152624998
DAHNOQ_clean,DAHNOQ_clean,4.37827,3.40648,4.37827,1.74065,715.841,411.25,0.0,0.0,0.5478,0.314711,0.0,0,0.010378474,0.101651155,0.1018903521724996
DAJHOM_manual,DAJHOM_manual,4.92614,3.38466,4.92614,1.3012,724.817,557.039,0.0,0.0,0.4294,0.330004,0.0,0,0.055354503,0.462080702,0.45498056473125
DAKVUI_clean,DAKVUI_clean,10.79495,6.61419,10.65384,0.825495,2120.6,2568.89,0.0,0.0,0.704,0.852822,0.0,1,0.058995423,0.506286203,0.5347128125799988
DARBUU_clean,DARBUU_clean,5.36181,3.52881,5.36181,1.3326,1639.41,1230.24,0.0,0.0,0.6492,0.487169,0.0,1,0.006962246,0.068869653,0.0690549199199996
DARJOX_clean,DARJOX_clean,4.96663,3.20989,4.95574,1.92117,0.0,0.0,871.941,453.859,0.487,0.253491,0.0,0,0.066801655,0.569569245,0.5400849887887496
DARSEV_SL,DARSEV_SL,9.02256,7.15114,9.02256,0.917569,1768.62,1927.51,0.0,0.0,0.6346,0.69161,0.0,0,0.034548809,0.333022766,0.3382975387012507
DATHAJ_clean,DATHAJ_clean,5.55335,3.71297,5.5372,1.88262,726.028,385.647,0.0,0.0,0.4308,0.22883,0.0,1,0.012281243,0.117218159,0.1163568031762495
DAWCAH_clean,DAWCAH_clean,5.49841,4.3714,5.48581,1.35332,991.393,732.566,0.0,0.0,0.483,0.356901,0.0,0,0.052781702,0.457952109,0.4642573961612503
DAWCIP_clean,DAWCIP_clean,7.07962,5.54367,6.68431,0.995326,1963.72,1972.94,0.0,0.0,0.6428,0.645818,0.0,1,0.053925234,0.495237784,0.5054927587462532
DAXHIV01_clean,DAXHIV01_clean,7.67683,6.96811,7.64287,0.883035,2122.43,2403.56,0.0,0.0,0.652,0.738362,0.0,1,0.040461525,0.401258501,0.3921440894025015
DAXJET01_clean,DAXJET01_clean,3.49947,3.24056,3.47991,1.38026,0.0,0.0,19.4899,14.1204,0.493,0.357179,0.0,0,0.002218528,0.021148758,0.021968429501250043
DEFRIR_clean,DEFRIR_clean,4.8082,3.42715,4.52912,1.36761,1390.79,1016.96,0.0,0.0,0.6218,0.454663,0.0,1,0.021429888,0.203937164,0.20900874844874986
DEGJIK_clean,DEGJIK_clean,4.49857,3.8442,4.48892,1.5866,672.4,423.8,0.0,0.0,0.4622,0.291315,0.0,1,0.048709142,0.419472127,0.41099749761999804
DEJCEB_clean,DEJCEB_clean,4.6846,2.81125,4.66897,1.28345,0.0,0.0,1029.79,802.358,0.5306,0.413415,0.0,1,0.098187796,0.812967122,0.7734263476712475
DEJRUH_clean,DEJRUH_clean,4.98345,3.78027,4.98096,1.03045,1372.42,1331.87,0.0,0.0,0.5442,0.52812,0.0,1,0.043541457,0.409417742,0.4148743888199988
DEKHEH_clean,DEKHEH_clean,5.43686,4.14383,5.43686,1.07065,1502.42,1403.28,0.0,0.0,0.5314,0.496335,0.0,0,0.04788548,0.45050689,0.45088824693249807
DEPJIR01_clean,DEPJIR01_clean,3.85665,2.67886,3.83849,1.58611,0.0,0.0,192.05,121.083,0.492,0.310193,0.0,0,0.029385369,0.281408426,0.2710127817874996
DEPTOH_clean,DEPTOH_clean,5.8241,3.64846,5.79204,2.13649,1058.19,495.294,0.0,0.0,0.4966,0.232438,0.0,0,0.317797483,1.542121485,1.5718166297687448
DEQVIF_clean,DEQVIF_clean,6.28134,5.12336,6.25197,1.10154,1366.18,1240.24,0.0,0.0,0.5242,0.475878,0.0,0,0.042690288,0.407024673,0.40493603643374937
DEYLUQ_clean,DEYLUQ_clean,7.28064,4.66536,7.28064,1.6199,977.704,603.558,0.0,0.0,0.4976,0.307179,0.0,1,0.022631272,0.213230793,0.21473980935749978
DIBWUI_clean,DIBWUI_clean,4.22892,2.97772,4.03584,1.83857,0.0,0.0,320.028,174.063,0.4298,0.233768,0.0,1,0.028687598,0.263243615,0.2565637682437492
DIBXAO_clean,DIBXAO_clean,4.19953,2.61614,4.19942,1.38221,0.0,0.0,332.95,240.883,0.4844,0.350454,0.0,1,0.008793759,0.085529778,0.08675910436750037
DIBXAP_clean,DIBXAP_clean,4.23133,3.02233,4.23051,1.86992,0.0,0.0,329.271,176.088,0.4274,0.228566,0.0,1,0.029449846,0.262373101,0.25923863675124914
DIBXOD_clean,DIBXOD_clean,4.28457,3.02404,4.24135,1.846,0.0,0.0,364.936,197.691,0.4302,0.233045,0.0,1,0.033746912,0.300647704,0.2939092746999998
DICKEH_clean,DICKEH_clean,12.83987,7.4101,12.68863,0.522471,2354.64,4506.73,0.0,0.0,0.796,1.52353,0.0,1,0.038925009,0.381251502,0.38521024596500103
DIDDOK_clean,DIDDOK_clean,9.60031,8.17399,9.60031,0.525842,2599.96,4944.37,0.0,0.0,0.7878,1.49817,0.0,1,0.036835489,0.367082874,0.36664800734375225
DIMDAG_clean,DIMDAG_clean,6.94351,2.98336,6.93711,1.4978,0.0,0.0,912.387,609.149,0.5042,0.336626,0.0,1,0.04090353,0.356569739,0.3657561753437484
DIMQOH_clean,DIMQOH_clean,4.68881,3.14713,4.68677,1.39728,0.0,0.0,708.935,507.369,0.5622,0.402354,0.0,1,0.017809474,0.173637144,0.1712108976037501
DIRPIF_clean,DIRPIF_clean,8.33531,6.07292,8.1953,0.867063,1783.84,2057.33,0.0,0.0,0.6398,0.737893,0.0,1,0.045740633,0.433295088,0.43866727843999975
DITYAH_clean,DITYAH_clean,3.66891,2.48435,3.47136,1.11612,0.0,0.0,21.2828,19.0687,0.4374,0.391895,0.0,1,0.003038046,0.034108781,0.029676744975000013
DITYEM_clean,DITYEM_clean,4.09318,3.46859,4.09318,1.84238,155.54,84.4234,0.0,0.0,0.347,0.188344,0.0,1,0.008464652,0.077928915,0.08193523322000003
DIYTEM_clean,DIYTEM_clean,5.54342,3.85621,5.5369,1.27196,1497.59,1177.39,0.0,0.0,0.5676,0.446239,0.0,1,0.043114124,0.404394946,0.402900058685
DIYWIT_clean,DIYWIT_clean,4.4733,2.49109,4.4733,1.50339,0.0,0.0,260.15,173.043,0.474,0.315288,0.0,1,0.018627443,0.168895415,0.17065730232000081
DOCKOW_clean,DOCKOW_clean,6.92307,5.14701,6.92307,1.38513,740.657,534.72,0.0,0.0,0.4578,0.330511,0.0,1,0.014834438,0.14048274,0.14257514964124995
DOGMET_clean,DOGMET_clean,4.99101,3.50509,4.98216,1.8068,621.631,344.051,0.0,0.0,0.4322,0.239208,0.0,0,0.025858001,0.227237008,0.23249292913250008
DOMGET_clean,DOMGET_clean,8.23499,5.7551,8.23499,1.19438,753.876,631.188,519.762,435.174,0.5322,0.445589,0.0,1,0.048555137,0.458119631,0.4443934037149992
DOMKEX_clean,DOMKEX_clean,5.79906,5.20244,5.74892,1.1266,1080.97,959.499,0.0,0.0,0.4364,0.387361,0.0,1,0.029091967,0.273870406,0.2666370567125003
DONNEA_clean,DONNEA_clean,5.83858,5.56044,5.83858,1.23493,1480.59,1198.93,0.0,0.0,0.573,0.463996,0.0,0,0.073717329,0.661407334,0.6629163960799999
DONNIE_clean,DONNIE_clean,7.12052,6.90641,7.12052,1.14518,1600.5,1397.6,0.0,0.0,0.6142,0.536335,0.0,0,0.064058267,0.607497849,0.6008171474487484
DOPHOH_clean,DOPHOH_clean,12.12577,5.64086,12.12577,0.985409,1409.44,1430.31,390.474,396.256,0.664,0.673832,0.0,1,0.025542867,0.252576024,0.25074664403874986
DOPHUN_clean,DOPHUN_clean,12.13355,5.61514,12.13355,0.984545,1406.36,1428.44,392.743,398.909,0.6676,0.67808,0.0,1,0.02622066,0.25529353,0.2570408041612489
DOQHIB_clean,DOQHIB_clean,3.51583,3.11145,3.49331,2.37147,0.0,0.0,53.0867,22.3856,0.3918,0.165214,0.0,1,0.023813243,0.236544746,0.22229676788874997
DOQRUY_clean,DOQRUY_clean,4.87761,2.69307,4.44858,1.36131,0.0,0.0,508.568,373.586,0.4348,0.319397,0.0,1,0.0516718,0.456794268,0.43250443304375
DOZKIO_clean,DOZKIO_clean,6.44925,4.72277,6.43616,1.05766,2120.44,2004.84,0.0,0.0,0.6376,0.602839,0.0,1,0.06797581,0.659002554,0.629817440563751
DUBBEI_clean,DUBBEI_clean,4.93494,3.49142,4.86694,2.00135,1263.38,631.266,0.0,0.0,0.5166,0.258126,0.0,0,0.032848272,0.3104257,0.3044006800262496
DUBWON_clean,DUBWON_clean,5.41735,4.7264,5.40719,1.2729,1870.44,1469.44,0.0,0.0,0.6244,0.490534,0.0,1,0.071757689,0.647870592,0.650462115946251
DUGBAJ_clean,DUGBAJ_clean,7.13057,3.05086,7.13049,1.57177,0.0,0.0,614.88,391.202,0.4934,0.313914,0.0,1,0.014826049,0.143619582,0.13995455845124896
DUHXIP_clean,DUHXIP_clean,5.38027,3.4809,5.34205,1.27884,677.396,529.696,4.06005,3.17479,0.4624,0.361578,0.0,1,0.056047881,0.451925602,0.4718021109725016
DUNXUH02_clean,DUNXUH02_clean,5.05926,3.9622,4.49661,1.21011,1835.42,1516.73,0.0,0.0,0.6046,0.499624,0.0,1,0.087011748,0.781908484,0.7805333894524974
DUNXUH13_clean,DUNXUH13_clean,4.99037,3.79418,4.86577,1.23241,1722.87,1397.97,0.0,0.0,0.5938,0.481821,0.0,1,0.083772587,0.748556681,0.7518347324700022
DUNXUH15_clean,DUNXUH15_clean,5.0496,3.92518,5.02742,1.21011,1811.64,1497.09,0.0,0.0,0.6042,0.499293,0.0,1,0.084857308,0.775292134,0.766933687572498
DUNXUH_clean,DUNXUH_clean,5.0284,3.9124,4.82782,1.21944,1796.23,1472.99,0.0,0.0,0.602,0.493667,0.0,1,0.08623759,0.777169017,0.7684851869724987
DUPJAB_clean,DUPJAB_clean,9.76192,5.55983,9.75209,1.11305,1740.01,1563.28,62.6529,56.2895,0.67,0.60195,0.0,1,0.033862463,0.302396934,0.3277871444012501
DUPKAC_clean,DUPKAC_clean,11.8886,6.57125,10.69212,0.647287,2123.23,3280.21,0.0,0.0,0.7376,1.13953,0.0,1,0.04004094,0.382860282,0.3923262089699993
DUQCAU01_clean,DUQCAU01_clean,4.78062,2.43363,4.78062,2.19756,0.0,0.0,597.185,271.749,0.4676,0.212781,0.0,1,0.015661726,0.147823993,0.14917527535874922
DUWBEE_clean,DUWBEE_clean,7.4726,6.03228,7.03921,0.972318,2397.88,2466.15,0.0,0.0,0.7166,0.737002,0.0,1,0.029930744,0.306732349,0.29222095876375037
DUWFAE_clean,DUWFAE_clean,3.76592,2.87653,3.75105,1.62651,0.0,0.0,73.6792,45.2988,0.4074,0.250474,0.0,1,0.007329023,0.072031002,0.0701681257574998
DUWRIY_clean,DUWRIY_clean,4.48859,3.17824,4.47475,1.30596,0.0,0.0,636.381,487.29,0.5372,0.411346,0.0,0,0.039581692,0.390835303,0.36229983096999946
DUXKUD_clean,DUXKUD_clean,7.67361,6.90082,7.6375,1.23834,1391.29,1123.51,0.0,0.0,0.5864,0.473535,0.0,1,0.016268193,0.159436599,0.16068496210750033
DUXMAL_clean,DUXMAL_clean,4.53313,3.88732,4.40894,1.15892,1217.93,1050.91,0.0,0.0,0.5062,0.436785,0.0,1,0.111537071,0.932512077,0.9324470080112488
DUYREV_clean,DUYREV_clean,5.41837,3.69977,5.33563,3.41098,611.073,179.149,152.278,44.6434,0.4568,0.133921,0.0,1,0.004141611,0.040625435,0.0404339235712498
DUYRIZ_clean,DUYRIZ_clean,5.27957,3.6902,5.27957,3.398,604.136,177.792,174.249,51.28,0.4708,0.138552,0.0,1,0.004249876,0.042487633,0.04158581265624996
EBAVAH_auto,EBAVAH_auto,14.10999,7.45371,14.02692,0.571355,2267.46,3968.58,0.0,0.0,0.776,1.35818,0.0,1,0.038088507,0.370436298,0.38132841787374877
EBEMEE_clean,EBEMEE_clean,4.82351,3.61774,4.82351,1.61026,574.177,356.574,0.0,0.0,0.414,0.257101,0.0,0,0.018560521,0.16611916,0.1715449765912499
EBEWIT_clean,EBEWIT_clean,6.98757,6.64177,6.98757,1.55436,1566.68,1007.93,0.0,0.0,0.573,0.368642,0.0,0,0.035481815,0.334920737,0.3401000779874974
EBEXEQ01_clean,EBEXEQ01_clean,7.07406,6.73356,7.07173,1.61064,1512.67,939.176,0.0,0.0,0.556,0.345204,0.0,1,0.035087297,0.339601584,0.3389909649587487
EBEXEQ_clean,EBEXEQ_clean,7.05454,6.70514,7.05454,1.61812,1500.38,927.234,0.0,0.0,0.5486,0.339035,0.0,1,0.036177462,0.349498832,0.3442391317612493
EBIJAC_clean,EBIJAC_clean,5.69411,4.34501,5.6755,1.35778,616.318,453.917,180.508,132.944,0.4634,0.341293,0.0,0,0.027939037,0.255953879,0.25537089806374963
EBIPOX_clean,EBIPOX_clean,5.78746,4.90776,5.77533,1.02316,2423.56,2368.7,0.0,0.0,0.6678,0.652682,0.0,1,0.032642952,0.313195012,0.31976959393124826
EBITAL01_clean,EBITAL01_clean,4.54626,2.56486,4.54626,1.50398,0.0,0.0,492.922,327.744,0.4826,0.320881,0.0,0,0.157480677,1.103038258,1.0644423287412534
EBUFUE_clean,EBUFUE_clean,7.02539,3.39477,7.02539,1.10917,848.24,764.75,0.0,0.0,0.503,0.453491,0.0,1,0.027322825,0.254027621,0.25853875129624987
EBUQEX_clean,EBUQEX_clean,6.34635,3.93297,6.34076,0.890694,1572.67,1765.66,0.0,0.0,0.5872,0.659261,0.0,1,0.088141311,0.772076592,0.8058643329337492
ECAHOH_clean,ECAHOH_clean,6.87089,4.98271,6.87089,1.21823,856.833,703.343,0.0,0.0,0.4828,0.396313,0.0,0,0.021434325,0.207536261,0.20275015595625018
ECEZAO01_clean,ECEZAO01_clean,4.88805,4.01037,4.88805,1.43329,945.622,659.759,0.0,0.0,0.4914,0.342849,0.0,1,0.039312011,0.345754436,0.3591832022575012
ECIWIW_clean,ECIWIW_clean,5.91503,4.28149,5.90688,1.32412,773.007,583.789,0.0,0.0,0.4832,0.364921,0.0,1,0.019495717,0.176931079,0.18374302891875
ECIYEU01_clean,ECIYEU01_clean,3.69874,2.93854,3.69874,2.06631,0.0,0.0,203.748,98.6047,0.3756,0.181773,0.0,1,0.042625091,0.376365995,0.35668822681124884
ECORIX_clean,ECORIX_clean,3.90772,3.03659,3.90772,1.56578,0.0,0.0,428.835,273.879,0.457,0.291867,0.0,1,0.043503809,0.398085139,0.3904853407500003
ECOSIY_clean,ECOSIY_clean,3.93149,2.78811,3.93149,2.15491,0.0,0.0,216.705,100.563,0.39,0.180982,0.0,1,0.00115443,0.011229902,0.01161339890624997
EDADET_clean,EDADET_clean,4.03192,3.23199,4.01396,2.14016,0.0,0.0,378.477,176.845,0.3784,0.176809,0.0,1,0.031905095,0.271282848,0.2749591556137499
EDADIX_clean,EDADIX_clean,4.63332,3.88728,4.61559,1.24361,944.143,759.198,93.0933,74.8575,0.5198,0.417978,0.0,1,0.085873173,0.727417273,0.698180900638748
EDAFUM_clean,EDAFUM_clean,4.92982,3.72004,4.92982,1.77302,851.953,480.51,0.0,0.0,0.4508,0.254256,0.0,0,0.019338275,0.18785398,0.1812416815600007
EDUTIG_clean,EDUTIG_clean,15.04959,5.6073,15.03522,0.712902,1939.67,2720.81,0.0,0.0,0.7442,1.0439,0.0,0,0.032903956,0.319716395,0.32566539165875047
EFAYIU_clean,EFAYIU_clean,11.56522,8.64377,10.65601,0.433579,2251.34,5192.46,0.0,0.0,0.8194,1.88985,0.0,1,0.029830967,0.29723495,0.3006699185112492
EFOGOX_clean,EFOGOX_clean,6.79171,3.24561,6.78538,1.02093,0.0,0.0,1073.48,1051.47,0.5534,0.542056,0.0,0,0.027920647,0.269344998,0.26798561904874946
EGAGEA_clean,EGAGEA_clean,5.34124,3.39236,5.33988,1.52814,999.384,653.988,0.0,0.0,0.5156,0.337404,0.0,1,0.036369869,0.336739204,0.33266686185000055
EGEJIK_manual,EGEJIK_manual,10.26084,8.70015,10.25879,0.680562,2082.85,3060.48,75.8285,111.42,0.7408,1.08851,0.0,0,0.037136173,0.346086722,0.36548511273375
EGOXII_clean,EGOXII_clean,5.25614,3.66279,5.25614,1.73248,965.076,557.05,0.0,0.0,0.56,0.323237,0.0,1,0.055432893,0.478083315,0.4860836055075011
EHAGEB_clean,EHAGEB_clean,5.47507,3.4761,5.45313,2.1363,1116.62,522.688,1.415,0.662358,0.5378,0.251743,0.0,1,0.018029778,0.172872032,0.17271669693250025
EHAGUR_clean,EHAGUR_clean,5.37684,3.4053,5.1859,2.19821,1066.99,485.393,0.0,0.0,0.5324,0.242197,0.0,1,0.017332125,0.164605514,0.16516147765749967
EHALOP_manual,EHALOP_manual,7.57594,7.11735,7.57594,0.939011,1706.06,1816.86,0.0,0.0,0.618,0.658139,0.0,0,0.041463618,0.404527058,0.4063531121337521
EKIDIL_clean,EKIDIL_clean,5.81547,5.58073,5.8139,2.56508,834.555,325.352,0.0,0.0,0.4098,0.159761,0.0,1,0.12534267,0.838044557,0.7586161816549988
EKIGOW_clean,EKIGOW_clean,4.32383,2.60267,4.32383,1.4151,0.0,0.0,430.118,303.95,0.4256,0.300757,0.0,0,0.091980803,0.713101904,0.7072516971774996
EKOPEA_clean,EKOPEA_clean,5.53957,5.19564,5.53023,1.2074,1563.35,1294.8,0.0,0.0,0.5696,0.471756,0.0,1,0.054805482,0.510053555,0.49849952081750126
EKOPOK_clean,EKOPOK_clean,7.61675,7.30447,7.61675,1.24495,1308.01,1050.65,0.0,0.0,0.569,0.457046,0.0,1,0.051322258,0.457522787,0.4663725585800011
EKUPEG_clean,EKUPEG_clean,12.15079,8.26476,12.15067,0.865202,1608.01,1858.54,0.0,0.0,0.685,0.791723,0.0,1,0.013002711,0.130651414,0.13022778807875052
ELAZEX_clean,ELAZEX_clean,3.63212,2.66568,3.42222,1.98591,0.0,0.0,17.7543,8.94016,0.359,0.180774,0.0,1,0.005200324,0.04530671,0.05107252672000016
ELERIX01_clean,ELERIX01_clean,3.89315,3.2874,3.87417,2.45669,0.0,0.0,78.3989,31.9125,0.3868,0.157448,0.0,1,0.001304056,0.012287207,0.012690034118749992
ELOHOE_clean,ELOHOE_clean,5.56549,4.27537,5.53003,1.15001,1036.4,901.217,0.0,0.0,0.5212,0.453215,0.0,1,0.068685228,0.579898949,0.6073248734149987
ELUJAY_clean,ELUJAY_clean,4.49095,3.64747,4.47832,1.68009,831.421,494.867,0.0,0.0,0.4708,0.280223,0.0,1,0.029120077,0.268498472,0.26781442890625007
EMAGAB_clean,EMAGAB_clean,7.29475,4.84283,7.29475,1.35618,833.24,614.402,0.0,0.0,0.4816,0.355115,0.0,0,0.023283045,0.215385492,0.2158128037637493
EMEGEJ_clean,EMEGEJ_clean,5.14373,2.62137,3.92725,1.25561,0.0,0.0,470.556,374.761,0.501,0.399008,0.0,1,0.054119402,0.436640704,0.4705166967374984
EMODOZ_clean,EMODOZ_clean,4.35663,2.6689,4.35584,1.98236,0.0,0.0,825.892,416.62,0.5606,0.282794,0.0,0,0.081199468,0.661900712,0.6561255103687484
EMOSOO_clean,EMOSOO_clean,4.07662,2.98298,4.05985,2.58243,0.0,0.0,460.188,178.2,0.4674,0.180992,0.0,1,0.078690561,0.634566836,0.6218095286062486
EMUBOF_clean,EMUBOF_clean,9.89745,6.63764,9.89048,1.19874,1975.94,1648.35,0.0,0.0,0.6738,0.562089,0.0,1,0.039871242,0.352312557,0.3748279910750005
ENAFOP_ion_b,ENAFOP_ion_b,11.60166,8.24635,11.58519,1.18111,1100.84,932.042,0.0,0.0,0.5386,0.456012,0.0,1,0.008033047,0.081629017,0.07966818368625002
ENISUQ_clean,ENISUQ_clean,6.6554,4.37963,6.6554,0.992256,1823.18,1837.41,0.0,0.0,0.5804,0.58493,0.0,1,0.028268104,0.278804452,0.27694591484125114
ENOSAD_clean,ENOSAD_clean,5.57968,5.07062,5.57968,1.63787,1052.89,642.84,0.0,0.0,0.4624,0.282318,0.0,0,0.029706677,0.275541678,0.2677759291512512
EPEWAY_clean,EPEWAY_clean,5.86305,5.34538,5.70782,1.27095,1126.31,886.195,0.0,0.0,0.506,0.398129,0.0,0,0.044114161,0.4012304,0.4014799875475024
EQAMUG_clean,EQAMUG_clean,4.23795,3.61938,4.23534,1.81883,688.208,378.378,0.0,0.0,0.424,0.233116,0.0,0,0.02254594,0.222198132,0.20727132562500006
EQEROJ_clean,EQEROJ_clean,4.01825,2.96034,3.93901,1.42386,0.0,0.0,378.51,265.834,0.474,0.332899,0.0,1,0.04126257,0.372935691,0.37839861564375005
EQOCIW_clean,EQOCIW_clean,5.70211,2.46041,5.70211,1.17639,0.0,0.0,865.536,735.758,0.5452,0.463453,0.0,0,0.045746088,0.396818587,0.4240044291062495
EQUNEL_clean,EQUNEL_clean,11.53586,5.50716,8.36401,1.01632,2227.68,2191.92,0.0,0.0,0.6942,0.683055,0.0,1,0.055695103,0.528918711,0.5112656052487519
ERAHOV_clean,ERAHOV_clean,8.72809,7.46409,8.72809,0.942162,2285.98,2426.31,0.0,0.0,0.718,0.762077,0.0,1,0.019030429,0.190735144,0.190030516187501
EREGOY_clean,EREGOY_clean,7.33047,5.25494,7.19533,0.879553,2401.32,2730.16,0.0,0.0,0.685,0.778805,0.0,1,0.038101484,0.377633685,0.3730693412475027
ESARAT_clean,ESARAT_clean,4.65638,2.73042,4.28273,1.24022,0.0,0.0,877.4,707.453,0.5198,0.419118,0.0,1,0.17272021,1.190138079,1.2572272328737413
ESASEY_clean,ESASEY_clean,5.5251,4.77538,5.51126,1.28472,744.013,579.127,0.0,0.0,0.486,0.378294,0.0,1,0.048091929,0.40421204,0.4237305744162488
ESEDIQ_clean,ESEDIQ_clean,5.39674,3.78301,5.31113,0.83454,2154.55,2581.72,0.0,0.0,0.6546,0.784384,0.0,0,0.062091963,0.602137192,0.5893243876112491
ESEQUO_clean,ESEQUO_clean,5.9241,3.78187,5.9241,1.17049,1289.9,1102.02,0.0,0.0,0.5438,0.464593,0.0,1,0.035685571,0.339267499,0.33665271310249956
ESIGES_clean,ESIGES_clean,5.24833,4.2623,5.18742,1.29046,1800.98,1395.62,0.0,0.0,0.6108,0.473321,0.0,0,0.061681717,0.559242078,0.5713909269237467
ESURER02_clean,ESURER02_clean,6.73405,5.67186,6.7278,1.40899,1346.64,955.749,0.0,0.0,0.5328,0.378145,0.0,0,0.041079113,0.387311208,0.3822015744524949
ESUSIW_clean,ESUSIW_clean,6.7467,5.80608,6.7467,1.39203,1364.88,980.494,0.0,0.0,0.5394,0.387491,0.0,1,0.039825843,0.36764842,0.37365018238624875
ESUSOC01_clean,ESUSOC01_clean,7.22634,6.19526,7.22634,1.36351,1450.27,1063.63,0.0,0.0,0.544,0.398969,0.0,1,0.040156748,0.38509345,0.37879165770999906
ESUTAP_clean,ESUTAP_clean,7.12445,6.33134,7.12445,1.37347,1444.41,1051.64,0.0,0.0,0.5478,0.398843,0.0,1,0.041150766,0.395413168,0.3835928499299991
ESUTIX_clean,ESUTIX_clean,7.33038,6.15605,7.3245,1.35339,1467.91,1084.62,0.0,0.0,0.5522,0.408012,0.0,1,0.039241548,0.370954864,0.3634574504762494
ETECOX_clean,ETECOX_clean,10.32812,8.91862,10.31469,1.07802,2014.96,1869.13,0.0,0.0,0.7346,0.681437,0.0,1,0.023718701,0.234541133,0.23498794942249884
ETEJIX01_clean,ETEJIX01_clean,6.69684,4.77946,6.69684,1.08358,2483.86,2292.26,0.0,0.0,0.649,0.598939,0.0,1,0.03446718,0.336203371,0.33593494473375046
ETEJIX_clean,ETEJIX_clean,6.81796,5.05367,6.81796,1.05868,2313.65,2185.42,0.0,0.0,0.6546,0.61832,0.0,1,0.034774572,0.341507425,0.3382284423237497
ETEJUJ_clean,ETEJUJ_clean,6.80904,5.16362,6.80904,1.11208,2257.09,2029.61,0.0,0.0,0.6478,0.582511,0.0,1,0.035694616,0.351943043,0.34632333338624965
ETEKAQ01_manual,ETEKAQ01_manual,5.81491,4.70834,5.54365,1.17141,2276.97,1943.78,0.0,0.0,0.6496,0.554545,0.0,1,0.026246211,0.259541301,0.2568895341987501
ETEKEU_clean,ETEKEU_clean,6.74215,5.18388,6.74215,1.16256,2288.23,1968.27,0.0,0.0,0.6442,0.554124,0.0,1,0.034289529,0.338271979,0.33241554512624943
ETEXEI01_clean,ETEXEI01_clean,5.81183,4.79897,5.70377,1.51395,1510.72,997.869,0.0,0.0,0.6306,0.416527,0.0,0,0.038487727,0.362269796,0.3642489236224991
EVAKIV_clean,EVAKIV_clean,13.34989,4.00312,13.34989,0.730238,1776.02,2432.11,0.0,0.0,0.6852,0.938325,0.0,0,0.047352765,0.447166246,0.441957756352499
EVEGOB_clean,EVEGOB_clean,6.69286,4.9654,6.69286,1.28252,924.55,720.888,100.648,78.477,0.5186,0.404362,0.0,1,0.030573973,0.291226664,0.2859870102200004
EVIMUT_clean,EVIMUT_clean,5.27695,4.27032,5.27695,0.98944,1543.01,1559.48,0.0,0.0,0.5212,0.526762,0.0,1,0.028334535,0.276307239,0.2749438959525002
EVOMOR01_clean,EVOMOR01_clean,4.57986,2.42195,4.57882,1.19416,0.0,0.0,734.004,614.662,0.4746,0.397435,0.0,1,0.088387121,0.697909011,0.7130970965962463
EVUBAY_clean,EVUBAY_clean,3.66168,2.57868,3.60972,1.89892,0.0,0.0,69.6416,36.6743,0.42,0.221178,0.0,1,0.004741963,0.047421302,0.04580994747999977
EVUDAA_clean,EVUDAA_clean,8.8715,5.37575,8.86492,1.06655,1848.87,1733.49,0.0,0.0,0.6318,0.592375,0.0,1,0.057188383,0.508919194,0.5388399403075007
EVUMUE_clean,EVUMUE_clean,4.29359,2.53108,4.29105,2.1373,0.0,0.0,414.331,193.858,0.4272,0.199879,0.0,1,0.023218066,0.207135394,0.20194615742500008
EVUNEP_clean,EVUNEP_clean,4.38284,2.63137,4.38284,2.21084,0.0,0.0,440.491,199.241,0.4236,0.191601,0.0,1,0.024492712,0.210716302,0.21958941337000037
EWASIG01_clean,EWASIG01_clean,6.54739,5.55468,6.37809,0.995743,2287.2,2296.98,0.0,0.0,0.6682,0.671057,0.0,1,0.038299234,0.373260204,0.3755235606274997
EWASIG_clean,EWASIG_clean,6.45735,5.55117,6.42218,0.997683,2278.25,2283.54,0.0,0.0,0.6672,0.66875,0.0,1,0.039101729,0.386528586,0.38069871417249784
EXAPEA_clean,EXAPEA_clean,5.23017,3.49325,5.23017,1.44837,343.252,236.992,0.0,0.0,0.4076,0.281419,0.0,0,0.036486661,0.291358835,0.31925265526375035
EXAXAE_clean,EXAXAE_clean,10.76753,6.65722,10.58024,1.36537,1690.78,1238.34,127.443,93.34,0.6754,0.494666,0.0,1,0.026332479,0.237001013,0.24522772563250086
EXOTOB_clean,EXOTOB_clean,13.28738,7.77882,13.22247,0.710367,1789.01,2518.43,0.0,0.0,0.7024,0.988785,0.0,1,0.01927943,0.191922924,0.19033225341125115
EXOZIB_clean,EXOZIB_clean,8.81916,5.67239,8.81916,0.860889,2066.43,2400.34,0.0,0.0,0.7104,0.825193,0.0,1,0.026151038,0.259521222,0.2562451456062494
EXUHUC_clean,EXUHUC_clean,6.22107,4.0898,6.22107,1.22274,852.187,696.948,9.45855,7.73552,0.5232,0.427891,0.0,1,0.013665222,0.129205886,0.13317549792250002
EYIYES_clean,EYIYES_clean,8.23387,5.84668,8.15455,0.958955,2430.13,2534.15,0.0,0.0,0.6902,0.719741,0.0,1,0.033013297,0.326438187,0.32432992073874883
EZEQOR_clean,EZEQOR_clean,5.6482,4.90134,5.6482,1.14412,1130.85,988.403,0.0,0.0,0.4858,0.424607,0.0,0,0.06442209,0.561895798,0.5706388382712497
EZESAF_clean,EZESAF_clean,5.1372,4.14128,5.1327,1.2462,687.896,551.996,0.0,0.0,0.4534,0.363827,0.0,1,0.06173044,0.510476706,0.49864523258249954
EZOBUR02_clean,EZOBUR02_clean,5.4535,4.4976,5.43411,1.36504,878.599,643.645,0.0,0.0,0.4944,0.362188,0.0,1,0.029467405,0.275013099,0.2696611757099997
EZOBUR_clean,EZOBUR_clean,6.22091,4.91314,6.06649,1.26527,1070.0,845.668,0.0,0.0,0.5366,0.4241,0.0,1,0.027100162,0.249645126,0.2582275539074999
FAFDEX_clean,FAFDEX_clean,4.84612,4.0465,4.84612,1.4121,763.799,540.896,0.0,0.0,0.426,0.301679,0.0,1,0.04402503,0.391711998,0.37390353670875065
FAHVAM_clean,FAHVAM_clean,7.31415,3.20421,7.31256,1.51627,0.0,0.0,689.197,454.535,0.5072,0.334506,0.0,1,0.020692146,0.198817396,0.1976963698225002
FALPOY_clean,FALPOY_clean,5.64075,4.31698,5.64026,1.89914,1788.53,941.762,0.0,0.0,0.5702,0.300242,0.0,1,0.153849361,1.18221765,1.1750087152112547
FALZIC_clean,FALZIC_clean,10.73348,2.62145,10.73348,0.967049,0.0,0.0,1784.75,1845.56,0.6978,0.721577,0.0,0,0.029326958,0.295930562,0.2778543805912505
FAMPUH_clean,FAMPUH_clean,14.29727,6.50644,14.29727,0.67257,2359.31,3507.91,0.0,0.0,0.7568,1.12524,0.0,1,0.046347759,0.452072471,0.4470693559024996
FANDEG_clean,FANDEG_clean,8.58478,6.98003,8.57286,1.05217,1307.67,1242.83,85.7897,81.5358,0.5892,0.559985,0.0,0,0.052772503,0.492502676,0.4777210940012491
FAQGIP_clean,FAQGIP_clean,5.30496,3.71196,5.30496,1.22203,1264.33,1034.61,0.0,0.0,0.5172,0.423229,0.0,1,0.058883117,0.529400807,0.5241124077650009
FARBIL_clean,FARBIL_clean,6.5257,5.85477,6.5257,1.16183,1319.81,1135.97,0.0,0.0,0.544,0.468226,0.0,0,0.044878087,0.420523823,0.41840978151375097
FASFUD_clean,FASFUD_clean,4.95441,3.30157,4.95349,1.52894,0.0,0.0,401.97,262.907,0.3986,0.260703,0.0,0,0.067066503,0.532111755,0.5130511900775014
FASVIH_clean,FASVIH_clean,7.36263,6.76595,7.35007,1.28937,1714.12,1329.42,0.0,0.0,0.6144,0.476511,0.0,1,0.026121022,0.255166124,0.25015870415500024
FATKOC_clean,FATKOC_clean,4.67985,3.79401,4.65705,1.90793,1011.46,530.135,0.0,0.0,0.4774,0.250219,0.0,1,0.015250533,0.148062064,0.14694273752249934
FAVGUH_clean,FAVGUH_clean,4.86763,4.2119,4.84866,1.64912,773.676,469.146,0.0,0.0,0.4688,0.284274,0.0,1,0.01784389,0.168010431,0.16946219400374926
FAWCEN02_SL,FAWCEN02_SL,11.41573,3.43573,11.41573,0.924186,1463.4,1583.45,0.0,0.0,0.6478,0.700941,0.0,0,0.020098947,0.198377687,0.19894214162750046
FAYQED_clean,FAYQED_clean,12.559,10.1499,12.53561,0.533674,1990.43,3729.68,0.0,0.0,0.7818,1.46494,0.0,1,0.045004021,0.422631838,0.43992838084000147
FECWOB01_clean,FECWOB01_clean,4.17085,3.04516,4.16284,1.57834,0.0,0.0,480.944,304.714,0.4434,0.280927,0.0,1,0.044712231,0.39871754,0.3880294529375002
FECZAQ_manual,FECZAQ_manual,8.47974,5.36674,8.47974,0.984083,2012.57,2045.13,0.0,0.0,0.6646,0.67535,0.0,0,0.032990526,0.322935589,0.31846113035750095
FEDKAB_clean,FEDKAB_clean,4.59818,2.54781,4.59818,1.24639,0.0,0.0,240.202,192.718,0.4684,0.375806,0.0,0,0.095377885,0.681247791,0.7470799242337498
FEFCUQ_clean,FEFCUQ_clean,8.87571,6.35025,8.74283,0.77796,2120.63,2725.88,0.0,0.0,0.673,0.865083,0.0,0,0.041946304,0.403199227,0.4064190256612488
FEGNIQ_clean,FEGNIQ_clean,7.13681,4.81158,7.13681,1.15152,1310.71,1138.24,0.0,0.0,0.528,0.458524,0.0,0,0.031388242,0.297300723,0.3008666521100005
FEHCIG_manual,FEHCIG_manual,7.75569,7.04294,7.74271,0.956692,1636.76,1710.86,0.0,0.0,0.6308,0.659355,0.0,0,0.03606525,0.352481339,0.3527699104787494
FEJDEE_clean,FEJDEE_clean,4.71312,2.87829,4.7021,1.83643,0.0,0.0,738.757,402.279,0.5676,0.309078,0.0,1,0.069464689,0.565003586,0.5883776365975036
FEJDII01_clean,FEJDII01_clean,5.11637,4.26776,5.11637,1.65956,1220.45,735.403,0.0,0.0,0.5874,0.353949,0.0,0,0.048343092,0.43544841,0.4359465870062491
FELWOK_clean,FELWOK_clean,5.91185,2.52303,5.90749,1.75413,0.0,0.0,352.993,201.236,0.47,0.26794,0.0,0,0.025105667,0.198749029,0.213829599822499
FERVOP_clean,FERVOP_clean,4.39579,3.11713,4.39579,1.60689,0.0,0.0,597.914,372.093,0.5146,0.320245,0.0,1,0.018782708,0.183129025,0.18063166286624927
FESBEM_clean,FESBEM_clean,5.39035,3.27064,5.39035,1.4948,0.0,0.0,912.791,610.644,0.452,0.302382,0.0,1,0.072945557,0.605355768,0.564393284591248
FEYJOJ_clean,FEYJOJ_clean,6.25646,4.72399,6.2395,0.913381,2517.97,2756.76,0.0586414,0.0642026,0.6538,0.715802,0.0,1,0.047520891,0.460454657,0.4584317868837492
FEZQEI_clean,FEZQEI_clean,5.828,5.10591,5.828,1.19338,806.933,676.177,0.0,0.0,0.487,0.408086,0.0,0,0.017096691,0.161347572,0.1650357858399998
FEZREJ_clean,FEZREJ_clean,6.80795,5.29768,6.78405,1.3201,2032.7,1539.8,0.0,0.0,0.6256,0.473902,0.0,1,0.037471451,0.365769864,0.3606255171137525
FIFGAE_clean,FIFGAE_clean,7.43152,6.20566,7.41957,0.862729,2447.09,2836.45,0.0,0.0,0.7008,0.812306,0.0,1,0.041473054,0.412482921,0.40768121411499963
FIFGIM_clean,FIFGIM_clean,12.64493,7.03976,9.83966,0.68535,2218.22,3236.63,0.0,0.0,0.7642,1.11505,0.0,1,0.038417723,0.383195101,0.3822103509749993
FIFMIS01_clean,FIFMIS01_clean,4.81383,4.49281,4.81367,1.28928,625.276,484.979,115.997,89.97,0.4752,0.368577,0.0,1,0.056408514,0.499061548,0.4878807075674992
FIFMOX_clean,FIFMOX_clean,6.04512,4.24356,6.04078,0.977861,1901.41,1944.46,0.0,0.0,0.5916,0.604994,0.0,1,0.034459114,0.337241389,0.3362826946387495
FIFMUD_clean,FIFMUD_clean,5.99897,3.96607,5.98731,0.985465,1849.24,1876.51,1.01814,1.03316,0.5914,0.600123,0.0,1,0.033442233,0.321680448,0.3241406570037511
FIFNUE01_clean,FIFNUE01_clean,4.79076,3.93215,4.75885,1.01704,1531.07,1505.43,0.0,0.0,0.567,0.557502,0.0,1,0.028161131,0.276739368,0.2763536807899999
FIFPAM_clean,FIFPAM_clean,4.72449,3.84654,4.62424,1.03535,1611.82,1556.78,0.0,0.0,0.5846,0.564637,0.0,1,0.024777624,0.243399472,0.2436415802156251
FIGFOR_clean,FIGFOR_clean,3.72046,3.29782,3.71836,2.20004,0.0,0.0,190.236,86.4697,0.4298,0.19536,0.0,0,0.125414206,0.880777277,0.7929261251999971
FIHRIZ_clean,FIHRIZ_clean,6.70189,5.92513,6.34809,1.0601,1583.25,1493.5,0.0,0.0,0.594,0.560326,0.0,0,0.051376413,0.492398247,0.48619427981250063
FIJCUX01_clean,FIJCUX01_clean,7.34002,6.13056,7.33722,1.22326,1581.46,1292.83,0.0,0.0,0.608,0.497033,0.0,1,0.036617813,0.358133481,0.3510117690475004
FIJDIM02_clean,FIJDIM02_clean,5.85717,5.09946,5.85717,1.24136,1271.74,1024.47,0.0,0.0,0.5328,0.429205,0.0,1,0.05017523,0.464411482,0.4572260998762512
FIJDIM03_clean,FIJDIM03_clean,5.87678,5.11703,5.87678,1.23925,1279.62,1032.57,0.0,0.0,0.5332,0.430259,0.0,1,0.051091068,0.454169598,0.46106039206250155
FIJDIM06_clean,FIJDIM06_clean,5.98426,5.17875,5.98426,1.22798,1308.75,1065.77,0.0,0.0,0.5354,0.436,0.0,1,0.049862436,0.456043543,0.45512849917124887
FIJDIM10_clean,FIJDIM10_clean,5.79441,4.98095,5.78067,1.23638,1249.85,1010.9,0.0,0.0,0.5298,0.428511,0.0,1,0.046020145,0.42678323,0.42646546130000035
FIJDIM12_clean,FIJDIM12_clean,5.8948,5.11958,5.8948,1.23559,1318.02,1066.71,0.0,0.0,0.5368,0.434449,0.0,1,0.049665179,0.457298945,0.4551773332400002
FIJDOS_clean,FIJDOS_clean,11.71715,10.90932,11.71715,1.21946,1612.88,1322.61,0.0,0.0,0.6614,0.54237,0.0,1,0.028786961,0.285597224,0.2804399114574996
FIJFUA_clean,FIJFUA_clean,6.58892,4.46794,6.58892,1.28412,1352.77,1053.46,0.0,0.0,0.5288,0.4118,0.0,1,0.034839651,0.334308132,0.33195689575374954
FILYEG_clean,FILYEG_clean,7.61133,5.3287,7.60971,1.06942,1916.91,1792.48,0.0,0.0,0.6258,0.585176,0.0,1,0.024827121,0.24658717,0.24495825305687519
FIMYUX_clean,FIMYUX_clean,8.65094,5.25908,8.63733,1.14098,1847.33,1619.08,0.0,0.0,0.6182,0.541817,0.0,1,0.027673788,0.264115145,0.2714679882550005
FIPKOG01_clean,FIPKOG01_clean,6.5379,4.8064,6.53406,1.09146,1614.42,1479.13,0.0,0.0,0.5916,0.542026,0.0,0,0.047808864,0.446099704,0.4511328886112501
FIPKOG_clean,FIPKOG_clean,6.55849,4.8515,6.50444,1.08595,1635.33,1505.9,0.0,0.0,0.5862,0.539805,0.0,0,0.046537352,0.445554109,0.4370638436337503
FIPWOS_clean,FIPWOS_clean,5.20561,3.82141,5.20561,1.29023,881.425,683.154,0.0,0.0,0.5118,0.396674,0.0,0,0.08794938,0.72714196,0.7185845256599996
FIPXEJ_clean,FIPXEJ_clean,4.43579,3.68809,4.4295,1.35731,462.184,340.514,181.053,133.391,0.4954,0.364986,0.0,0,0.046762952,0.420152641,0.41572084401125037
FIRNAX_clean,FIRNAX_clean,6.70534,6.02432,6.70378,0.728308,2391.07,3283.04,0.0,0.0,0.6994,0.960308,0.0,1,0.039870609,0.39809569,0.39473963024124875
FIRNIF_clean,FIRNIF_clean,6.7853,6.06191,6.78493,0.71467,2582.63,3613.74,0.0,0.0,0.693,0.969679,0.0,1,0.040446964,0.40344825,0.3956578310737484
FIRZOX_clean,FIRZOX_clean,8.47321,7.4886,8.47321,1.47389,1193.71,809.905,0.0,0.0,0.5488,0.372348,0.0,1,0.007473416,0.073782112,0.07468761387750038
FITJEY_clean,FITJEY_clean,4.80471,3.18217,4.68088,2.06357,0.0,0.0,598.581,290.07,0.4946,0.239682,0.0,1,0.009608736,0.092811992,0.09294304770374996
FIVNAZ_clean,FIVNAZ_clean,4.57167,3.52743,4.40749,2.12433,1354.32,637.526,0.0,0.0,0.5842,0.275004,0.0,1,0.008177408,0.080840423,0.08060023603499973
FIVYEP01_clean,FIVYEP01_clean,5.69673,4.73568,5.69673,2.0333,1245.18,612.394,0.0,0.0,0.4572,0.224856,0.0,1,0.015482758,0.147275481,0.14661210880625006
FIVYEP_clean,FIVYEP_clean,5.69894,4.7333,5.69894,2.0333,1248.63,614.092,0.0,0.0,0.458,0.22525,0.0,1,0.015390196,0.148795632,0.14606442862875008
FIXVUE_clean,FIXVUE_clean,10.80219,6.73703,10.80219,1.60539,1740.78,1084.34,0.0,0.0,0.6236,0.388442,0.0,1,0.004994634,0.048735961,0.0503839801649999
FOCZAA_clean,FOCZAA_clean,4.86095,4.4492,4.8459,1.39709,775.702,555.227,0.0,0.0,0.452,0.32353,0.0,0,0.077069499,0.63284957,0.6134354654675035
FOFTUR_clean,FOFTUR_clean,6.77119,4.51348,6.77119,1.0583,1552.58,1467.05,0.0,0.0,0.588,0.555606,0.0,1,0.056311125,0.508355578,0.5239810999112489
FOHCAH_clean,FOHCAH_clean,3.51375,2.9479,3.51375,1.20977,0.0,0.0,66.4228,54.9052,0.4604,0.380567,0.0,1,0.031383447,0.312754959,0.2882249521762499
FONQIJ_clean,FONQIJ_clean,4.70842,3.66843,4.69527,1.05376,821.167,779.27,0.0,0.0,0.51,0.483979,0.0,1,0.047654124,0.438681828,0.4275439759962515
FOPBAP_clean,FOPBAP_clean,5.87537,3.57797,5.87537,1.84319,650.747,353.054,0.0,0.0,0.4432,0.240452,0.0,1,0.0189344,0.176123189,0.17662080838624927
FOQTEL_clean,FOQTEL_clean,4.19018,2.78003,4.19018,1.40023,0.0,0.0,554.095,395.718,0.4784,0.341659,0.0,0,0.031076441,0.29589799,0.28216571718499955
FORPOS_clean,FORPOS_clean,9.45347,4.25355,9.45336,1.03837,2182.11,2101.49,0.0,0.0,0.7034,0.677411,0.0,1,0.016020771,0.160107885,0.1588581461049994
FORQAF_clean,FORQAF_clean,9.35233,4.33657,9.35233,1.04043,2153.98,2070.28,0.0,0.0,0.6962,0.669144,0.0,1,0.015467361,0.154407719,0.1539917957087499
FOVPUD_clean,FOVPUD_clean,5.92888,3.43151,5.75387,1.33896,878.863,656.376,0.0,0.0,0.4994,0.372975,0.0,1,0.025251837,0.232617597,0.23562519617500094
FUBDAI_clean,FUBDAI_clean,8.13737,7.41793,8.13713,1.22976,2049.34,1666.45,0.0,0.0,0.6726,0.546935,0.0,0,0.025871318,0.248052345,0.24854868418125028
FUBDIQ_clean,FUBDIQ_clean,8.11684,7.23133,8.11684,1.24691,2021.29,1621.04,0.0,0.0,0.6644,0.532838,0.0,0,0.02616427,0.251105633,0.2526282072462507
FUDGES_clean,FUDGES_clean,7.76038,5.54861,7.76038,0.846504,2469.98,2917.86,0.0,0.0,0.7118,0.84087,0.0,1,0.039096236,0.389434097,0.3840966046862494
FUFQUT_clean,FUFQUT_clean,4.65517,2.94795,4.65517,1.09701,0.0,0.0,764.151,696.578,0.5106,0.465448,0.0,1,0.0375699,0.351012783,0.3418056564275008
FULQOT_clean,FULQOT_clean,5.67142,3.50634,5.66877,1.72182,1110.34,644.862,0.0,0.0,0.4972,0.288764,0.0,1,0.047072605,0.414709563,0.41487199578124895
FUNBAS_clean,FUNBAS_clean,6.30412,4.59254,6.30412,1.11042,1258.26,1133.14,0.0,0.0,0.5296,0.476938,0.0,0,0.05143563,0.47022405,0.47058316843624953
FUNCEX_clean,FUNCEX_clean,13.21557,12.47689,13.21557,0.543761,1970.91,3624.58,0.0,0.0,0.7842,1.44218,0.0,1,0.035858961,0.352949612,0.35605249043999804
FUNFOL_clean,FUNFOL_clean,9.5586,7.20173,9.50846,0.864162,1603.61,1855.68,0.0,0.0,0.6396,0.740139,0.0,1,0.033016761,0.323518772,0.3215815740412504
FUNGAY_clean,FUNGAY_clean,5.61963,3.40645,5.61963,1.09956,890.548,809.916,0.30381,0.276303,0.5202,0.4731,0.0,1,0.03317145,0.313336063,0.3141691547262495
FURREQ_clean,FURREQ_clean,10.33776,9.35961,10.33776,1.05489,1621.43,1537.05,0.0,0.0,0.6312,0.598353,0.0,1,0.013959623,0.13613426,0.1379976155012509
FURSES_clean,FURSES_clean,5.13622,4.08548,4.9972,1.59979,1236.67,773.017,0.0,0.0,0.4932,0.30829,0.0,1,0.037014407,0.339208669,0.33768206749249857
FUSNIR_clean,FUSNIR_clean,11.70294,10.66498,11.70294,1.01253,1536.34,1517.33,0.0,0.0,0.6416,0.633661,0.0,1,0.01374325,0.138547651,0.13676963653625038
FUTYOK_clean,FUTYOK_clean,6.0154,4.82285,5.99433,1.02626,1867.85,1820.05,0.0,0.0,0.6442,0.627713,0.0,0,0.054898009,0.52403849,0.5155195973837489
FUTZEB_clean,FUTZEB_clean,5.24587,4.08263,5.23555,1.0782,1939.66,1798.98,0.0,0.0,0.611,0.566685,0.0,1,0.072378529,0.673205176,0.6565117464687511
FUWYAY_clean,FUWYAY_clean,4.00169,3.86741,4.00169,1.98354,581.815,293.322,0.0,0.0,0.4022,0.202769,0.0,1,0.020953381,0.197471743,0.19219645365875027
FUYKER_clean,FUYKER_clean,6.42799,4.66248,6.41167,1.2058,1179.26,977.987,0.0,0.0,0.5038,0.417814,0.0,1,0.04955527,0.462137275,0.44894556633749844
GACBOE_clean,GACBOE_clean,6.66763,4.36115,6.66763,1.04515,2329.85,2229.2,0.0,0.0,0.6722,0.64316,0.0,1,0.05105,0.492660012,0.48902638565750195
GACPUX_clean,GACPUX_clean,5.9525,3.77259,5.85811,1.02185,1638.86,1603.82,0.0,0.0,0.614,0.600871,0.0,1,0.049835352,0.476260735,0.47415237963249957
GADDOH_clean,GADDOH_clean,8.41895,4.83802,8.38301,1.2132,1718.46,1416.47,0.0,0.0,0.6166,0.508243,0.0,1,0.026540403,0.255826825,0.2555109899425006
GADMAA_clean,GADMAA_clean,8.30223,7.00364,8.30223,1.50475,1042.04,692.502,0.0,0.0,0.5772,0.383584,0.0,1,0.007532967,0.075705363,0.07552820697250047
GAFROX_clean,GAFROX_clean,10.38317,5.82029,10.02176,0.765244,2450.36,3202.06,0.0,0.0,0.7244,0.946626,0.0,1,0.050209308,0.494375731,0.48672230174875125
GAFRUD_clean,GAFRUD_clean,10.59453,5.69918,10.59344,0.768776,2454.62,3192.89,0.0,0.0,0.7144,0.929269,0.0,1,0.044812804,0.438825279,0.4350340994125013
GAGZEV_clean,GAGZEV_clean,28.66522,11.53771,28.66522,0.279149,1594.77,5712.98,0.0,0.0,0.8816,3.15817,0.0,1,0.039175252,0.383138064,0.388636361074999
GAJVAQ_clean,GAJVAQ_clean,4.41782,2.95293,4.41208,1.65256,0.0,0.0,434.878,263.155,0.4614,0.279204,0.0,1,0.019065972,0.177984901,0.1796412141162504
GALCAZ_clean,GALCAZ_clean,7.51924,6.97754,7.50411,1.17363,1179.25,1004.78,0.0,0.0,0.5068,0.431822,0.0,1,0.033098781,0.318276213,0.3173683643074987
GALJAG_clean,GALJAG_clean,7.13587,6.98688,7.13339,0.8258,2198.4,2662.15,0.0,0.0,0.6726,0.814482,0.0,0,0.051313256,0.496962633,0.4920816493025014
GAMTIY_clean,GAMTIY_clean,4.94228,3.13094,4.94228,1.44018,0.0,0.0,724.278,502.908,0.5186,0.360094,0.0,1,0.038939012,0.349678524,0.3483972905675011
GARLAP_clean,GARLAP_clean,5.58892,4.38006,5.58663,1.1363,1527.33,1344.12,0.0,0.0,0.5756,0.506555,0.0,1,0.06632404,0.598856057,0.6088758677025023
GARMAQ_clean,GARMAQ_clean,5.4678,4.29561,5.44556,1.2061,1479.57,1226.74,0.0,0.0,0.5666,0.469779,0.0,1,0.070387556,0.635176781,0.6273450288612448
GARSUQ_clean,GARSUQ_clean,4.38052,3.88796,4.36788,1.61033,1121.78,696.613,0.0,0.0,0.4852,0.301304,0.0,1,0.046216514,0.410732809,0.41536266776999986
GARTEB_clean,GARTEB_clean,4.30272,3.79858,4.29463,1.63832,1104.37,674.089,0.0,0.0,0.4846,0.295792,0.0,1,0.040968039,0.37281709,0.37205971495875034
GARTIF_clean,GARTIF_clean,4.43647,3.87557,4.43647,1.65372,1132.95,685.091,0.0,0.0,0.471,0.284812,0.0,1,0.048396372,0.430910357,0.42453652859499896
GAWMOI_clean,GAWMOI_clean,4.49519,2.62342,4.3428,1.8682,0.0,0.0,326.777,174.916,0.4266,0.228348,0.0,1,0.016582452,0.152595111,0.15623799269374905
GAXWEJ_clean,GAXWEJ_clean,4.40485,2.71207,4.39684,1.56723,0.0,0.0,539.867,344.471,0.4694,0.299509,0.0,1,0.086605832,0.641822658,0.6742125655137495
GAZLAW_clean,GAZLAW_clean,5.89078,3.42545,5.89078,1.13599,1083.97,954.205,0.0,0.0,0.5156,0.453877,0.0,0,0.035345801,0.335835171,0.33357787483749846
GEDLIM_clean,GEDLIM_clean,7.1997,3.30533,7.07142,1.13684,0.0,0.0,981.551,863.405,0.523,0.460048,0.0,0,0.06383416,0.552748966,0.5502042047100022
GEDSEP_clean,GEDSEP_clean,4.82283,3.73359,4.81042,1.38544,1023.08,738.448,0.0,0.0,0.5156,0.372155,0.0,1,0.090884768,0.762601622,0.7298655433662476
GEDSOZ_clean,GEDSOZ_clean,6.10424,4.23086,6.10424,1.10708,2330.43,2105.02,0.0,0.0,0.618,0.558223,0.0,1,0.057607739,0.531969673,0.542577601352502
GEGGUW_clean,GEGGUW_clean,4.63719,3.51738,4.44195,1.53214,779.383,508.688,0.0,0.0,0.4588,0.29945,0.0,1,0.101936499,0.771641248,0.7496981823912483
GEJJEL01_clean,GEJJEL01_clean,4.95342,3.83497,4.95342,1.99384,910.263,456.538,0.0,0.0,0.4388,0.220078,0.0,1,0.0115529,0.110256925,0.10926219769874937
GELJAJ_clean,GELJAJ_clean,4.01632,2.59819,4.00607,1.41565,0.0,0.0,230.354,162.72,0.4348,0.307138,0.0,1,0.034145482,0.318356232,0.30708425828749986
GELVEZ_clean,GELVEZ_clean,3.84426,2.61776,3.84187,1.42688,0.0,0.0,240.041,168.228,0.4886,0.342426,0.0,0,0.016098429,0.153513407,0.15591966597875012
GESDUF_clean,GESDUF_clean,7.63383,7.44692,7.63383,1.05439,936.707,888.384,0.0,0.0,0.5408,0.512901,0.0,1,0.010407094,0.104701263,0.10319229330125053
GEVXAI_clean,GEVXAI_clean,3.71553,2.68712,3.70664,2.06408,0.0,0.0,101.112,48.9867,0.415,0.201058,0.0,1,0.008691641,0.088025977,0.08143562471375015
GIDKOU_clean,GIDKOU_clean,4.78674,3.41448,4.67256,1.74547,701.395,401.837,0.0,0.0,0.4798,0.274883,0.0,1,0.116725644,0.819894612,0.9365567668262519
GIFFAE_clean,GIFFAE_clean,5.12876,3.25577,5.12146,1.85543,0.0,0.0,1249.04,673.178,0.5526,0.297828,0.0,1,0.018373163,0.177892643,0.17567387367250017
GIGWID01_clean,GIGWID01_clean,3.32151,2.73215,3.30755,1.85399,0.0,0.0,0.0,0.0,0.365,0.196873,0.0,0,0.001388427,0.015136259,0.013806318073750146
GIKMOD01_clean,GIKMOD01_clean,3.91444,2.48549,3.90014,1.91817,0.0,0.0,255.59,133.247,0.4382,0.228447,0.0,1,0.044310947,0.395467988,0.3917302892737512
GIKMOD03_clean,GIKMOD03_clean,3.92289,2.50215,3.90677,1.90802,0.0,0.0,270.608,141.827,0.4446,0.233017,0.0,1,0.043906429,0.394711539,0.3955707373150023
GIKMOD04_clean,GIKMOD04_clean,3.94077,2.529,3.93907,1.90165,0.0,0.0,280.025,147.253,0.4478,0.23548,0.0,1,0.046456243,0.399855665,0.40916799860249803
GIMHAM_clean,GIMHAM_clean,4.751,2.4657,4.73888,1.44617,0.0,0.0,418.952,289.697,0.4792,0.331357,0.0,1,0.052909029,0.45963911,0.446315821839998
GIMSUS_clean,GIMSUS_clean,4.94182,3.17204,4.94182,1.63504,0.0,0.0,541.618,331.257,0.4382,0.268006,0.0,0,0.078860094,0.532381254,0.5674390800887518
GIMVAA_clean,GIMVAA_clean,3.80885,2.6465,3.67034,1.67581,0.0,0.0,281.031,167.699,0.4886,0.29156,0.0,1,0.001467706,0.015874238,0.01514446274750003
GIQXEK_clean,GIQXEK_clean,5.02308,3.9389,5.02308,1.70666,1611.03,943.967,0.0,0.0,0.591,0.34629,0.0,1,0.02359053,0.228555474,0.22646570999125104
GIQYUB_clean,GIQYUB_clean,4.85877,3.85756,4.85723,1.80735,1636.84,905.654,0.0,0.0,0.586,0.324231,0.0,1,0.0257845,0.251979357,0.2472030404037514
GIRDUI_clean,GIRDUI_clean,4.42025,3.76528,4.4179,1.33231,513.764,385.618,0.0,0.0,0.4442,0.333405,0.0,1,0.028468233,0.261042273,0.2591316819099994
GISMAY_clean,GISMAY_clean,7.56113,5.5145,7.12706,1.15475,978.763,847.594,187.52,162.389,0.5516,0.477677,0.0,1,0.039817971,0.361108162,0.3688562399174987
GITTOT01_manual,GITTOT01_manual,11.40059,3.10208,11.40059,0.902033,0.0,0.0,1407.83,1560.73,0.627,0.695097,0.0,0,0.015984318,0.160600146,0.15715909136375017
GIVNIK_clean,GIVNIK_clean,7.21449,5.67473,7.21449,0.867445,2262.97,2608.78,0.0,0.0,0.6652,0.76685,0.0,1,0.026867214,0.268719498,0.26336754770500065
GIVNOQ_clean,GIVNOQ_clean,7.18513,5.72761,7.17339,0.897407,2341.84,2609.57,0.0,0.0,0.648,0.72208,0.0,1,0.032198065,0.312891488,0.3166020623725008
GIWCIZ_ion_b,GIWCIZ_ion_b,5.12494,3.68789,4.86231,1.25758,738.946,587.595,101.966,81.0816,0.492,0.391229,0.0,1,0.047818727,0.425830156,0.43004218241124953
GIXNAE_clean,GIXNAE_clean,7.22845,6.88703,7.22003,0.852646,2024.04,2373.83,0.0,0.0,0.6572,0.770777,0.0,0,0.032836806,0.314911489,0.32334642265499963
GIYSOX_clean,GIYSOX_clean,5.41931,4.91867,5.41931,1.46994,924.604,629.008,0.0,0.0,0.4898,0.333211,0.0,0,0.032625127,0.292186221,0.29947902223374745
GOJDOZ_clean,GOJDOZ_clean,4.79892,4.35574,4.79892,2.78878,865.091,310.204,296.77,106.416,0.5306,0.190263,0.0,1,0.012901702,0.124460042,0.12415331019625032
GOKBUE_clean,GOKBUE_clean,6.09249,4.54759,6.09249,1.63047,1317.37,807.969,0.0,0.0,0.5592,0.342968,0.0,1,0.012994675,0.127870609,0.12617547497500067
GOMFOF_clean,GOMFOF_clean,14.8276,14.77034,14.8276,0.887088,1281.1,1444.16,0.0,0.0,0.6208,0.699818,0.0,1,0.017573935,0.177857709,0.1733278335837504
GOMPOO_clean,GOMPOO_clean,4.82449,2.89173,4.65807,1.92377,0.0,0.0,618.38,321.441,0.4062,0.211147,0.0,0,0.110639629,0.819493556,0.7705575775412505
GOMREG_clean,GOMREG_clean,5.38381,3.63961,5.38381,1.86675,886.646,474.968,0.0,0.0,0.4612,0.247061,0.0,0,0.044480729,0.389446092,0.3905529781712502
GONNAA_clean,GONNAA_clean,7.09205,5.80307,7.09205,0.944258,2774.42,2938.2,0.0,0.0,0.7154,0.757632,0.0,1,0.026536357,0.258322264,0.2616236007912515
GOTDIE_clean,GOTDIE_clean,4.73101,4.56435,4.72097,1.48128,186.327,125.788,8.43694,5.69572,0.3958,0.267202,0.0,0,0.008654288,0.077012519,0.08179799441499994
GOTNEK_clean,GOTNEK_clean,6.68492,5.17244,6.67225,1.16398,1342.18,1153.1,0.0,0.0,0.5428,0.466332,0.0,1,0.086944627,0.650617021,0.7144456326387478
GOVHOQ_clean,GOVHOQ_clean,5.0786,4.57892,5.0786,2.10255,403.599,191.957,0.0,0.0,0.3698,0.175882,0.0,0,0.005744772,0.054783382,0.055440078419999914
GOVXIA_clean,GOVXIA_clean,6.67259,5.28318,6.67068,1.1406,1107.96,971.384,0.0,0.0,0.4988,0.437316,0.0,1,0.035562381,0.331811032,0.33366404227999813
GOXMEN_clean,GOXMEN_clean,5.02477,2.84713,3.58468,1.34483,0.0,0.0,265.483,197.411,0.4038,0.300261,0.0,0,0.042493601,0.323075426,0.35615379134374997
GOYPER_clean,GOYPER_clean,3.86862,2.68927,3.85387,1.4708,0.0,0.0,194.38,132.159,0.4886,0.3322,0.0,0,0.026807297,0.260252184,0.25063201245249944
GOYXID_clean,GOYXID_clean,3.92669,3.05098,3.92204,2.25635,0.0,0.0,137.765,61.0567,0.3626,0.160702,0.0,1,0.0108606,0.105490347,0.1030780496512498
GUANZS_clean,GUANZS_clean,5.10287,4.04623,5.10287,1.31647,2066.97,1570.09,0.0,0.0,0.6518,0.495113,0.0,0,0.029489151,0.287179464,0.2877740452737497
GUBBAG_clean,GUBBAG_clean,6.17269,4.47662,6.08707,1.25773,1864.63,1482.53,0.0,0.0,0.6658,0.529365,0.0,1,0.009156189,0.089241626,0.09097765999750015
GUBZAF_clean,GUBZAF_clean,8.48171,3.92126,8.48171,0.891092,1361.54,1527.95,0.0,0.0,0.6076,0.68186,0.0,1,0.021812645,0.212022816,0.2144302717650002
GUFBUG_clean,GUFBUG_clean,6.13698,5.34529,5.96708,1.2615,1111.92,881.432,0.0,0.0,0.517,0.40983,0.0,0,0.074881338,0.621770538,0.6266836668524993
GUFREF_clean,GUFREF_clean,4.21553,3.44252,4.2138,1.21319,638.089,525.958,0.0,0.0,0.4724,0.389386,0.0,0,0.03514466,0.31223432,0.31869599955874967
GUFXEM_clean,GUFXEM_clean,6.06791,4.72083,6.0579,1.2094,1573.94,1301.42,0.0,0.0,0.5582,0.461552,0.0,1,0.049058682,0.467825385,0.4624243851287461
GUKYUI_clean,GUKYUI_clean,4.85912,4.51007,4.85912,1.20599,627.214,520.082,14.592,12.0996,0.4608,0.382092,0.0,0,0.015844955,0.145788769,0.15305522076874978
GUMBIA_clean,GUMBIA_clean,4.76441,3.35731,4.72961,1.17543,1025.21,872.202,0.0,0.0,0.5114,0.435076,0.0,1,0.04063857,0.381013207,0.3758066256749991
GUXSIC_clean,GUXSIC_clean,6.13867,3.70141,6.13867,1.60239,1120.27,699.126,0.0,0.0,0.517,0.322643,0.0,0,0.081235198,0.717127125,0.6807150097499995
HABKOM_clean,HABKOM_clean,4.47332,3.10499,4.47332,2.17725,0.0,0.0,568.639,261.173,0.4806,0.220737,0.0,1,0.163993467,1.068020373,1.065336339825004
HADDOI_clean,HADDOI_clean,5.28646,3.07017,5.25316,1.66255,0.0,0.0,167.089,100.502,0.3946,0.237347,0.0,1,0.039272958,0.233054028,0.3259411575987496
HADXIW_clean,HADXIW_clean,4.67426,4.35266,4.67426,2.30119,853.786,371.02,0.0,0.0,0.5434,0.236139,0.0,1,0.008103621,0.081504002,0.07800682461999983
HADYAP_clean,HADYAP_clean,3.99663,3.23619,3.99663,2.35836,0.0,0.0,347.857,147.499,0.5064,0.214725,0.0,1,0.015730386,0.152669631,0.15026391366874925
HAFSOZ_clean,HAFSOZ_clean,6.82545,2.91099,6.82258,1.28721,0.0,0.0,1087.16,844.587,0.5828,0.452762,0.0,1,0.066987744,0.594397198,0.5843269593987492
HAJLUA_clean,HAJLUA_clean,5.93833,3.59787,5.73261,1.34629,399.566,296.791,0.0,0.0,0.3782,0.28092,0.0,0,0.024669001,0.211290331,0.22410621837499936
HAJMEL_clean,HAJMEL_clean,5.95786,3.62462,5.74689,1.33025,394.105,296.264,0.0,0.0,0.3816,0.286863,0.0,0,0.02335317,0.198214323,0.20624463195749865
HAKCIG_clean,HAKCIG_clean,5.39588,2.97433,5.39588,1.38697,0.0,0.0,441.553,318.358,0.4434,0.31969,0.0,1,0.039121893,0.335332712,0.33178982770625176
HAKWUM_clean,HAKWUM_clean,3.50559,2.63697,3.50084,2.2254,0.0,0.0,37.2732,16.749,0.4224,0.189809,0.0,1,0.007063294,0.066881749,0.06906735924875028
HALQUJ_clean,HALQUJ_clean,5.83271,4.11171,5.82021,0.775057,2252.16,2905.8,0.0,0.0,0.6658,0.859034,0.0,0,0.046606774,0.453210244,0.4526847628924981
HAPNEU_clean,HAPNEU_clean,7.1275,4.47989,7.11656,1.12613,1773.48,1574.85,0.0,0.0,0.6,0.5328,0.0,1,0.02516294,0.235880125,0.24500448726718754
HAQKES_clean,HAQKES_clean,7.18365,5.84135,6.93817,1.26274,1917.74,1518.71,0.0,0.0,0.6256,0.495429,0.00158385,1,0.016272071,0.15720376,0.1608444438899998
HAQRID_clean,HAQRID_clean,8.35999,7.36684,8.31122,1.01133,1835.07,1814.52,0.0,0.0,0.6542,0.646874,0.0,1,0.042431351,0.417717364,0.4040594139775006
HARNAR_clean,HARNAR_clean,4.02535,2.83611,3.96371,1.73333,0.0,0.0,362.398,209.076,0.4452,0.256846,0.0,1,0.007750084,0.076895819,0.07380167848625016
HAWVIM_clean,HAWVIM_clean,5.41474,3.72498,5.39995,1.55868,1201.98,771.152,0.0,0.0,0.522,0.334898,0.0,0,0.064258541,0.543759109,0.5584175742274966
HAWZEM_clean,HAWZEM_clean,4.83947,3.74089,4.83947,1.28408,1060.99,826.263,0.0,0.0,0.5012,0.390319,0.0,1,0.14328036,1.085390399,1.0791301675525033
HAXMUP_clean,HAXMUP_clean,8.05193,5.7692,8.05193,1.0871,1247.11,1147.19,0.0,0.0,0.6042,0.555788,0.0,1,0.007900619,0.079018393,0.07909975219249973
HAZNED_clean,HAZNED_clean,4.86872,2.92753,4.86872,2.00125,0.0,0.0,500.778,250.233,0.4086,0.204172,0.0,0,0.065557207,0.459031795,0.4757312369712507
HAZNON_clean,HAZNON_clean,4.92903,2.60838,4.91802,2.01241,0.0,0.0,441.991,219.633,0.4286,0.212979,0.0,0,0.061080497,0.427209675,0.483192844652504
HAZWIP_clean,HAZWIP_clean,6.08536,5.42004,6.08536,0.76282,3171.25,4157.27,0.0,0.0,0.7336,0.961695,0.0,1,0.030168599,0.304199744,0.3002217499262519
HEBKEG_clean,HEBKEG_clean,5.17721,3.88044,5.16559,1.56809,1108.64,706.999,0.0,0.0,0.4678,0.298324,0.0,0,0.043709578,0.398607594,0.3894336102812494
HEBNIN_clean,HEBNIN_clean,5.00989,4.14842,5.00989,2.07402,1561.26,752.77,0.0,0.0,0.5908,0.284857,0.0,1,0.014284082,0.136695161,0.13772715321625076
HEBTAL_clean,HEBTAL_clean,4.70614,3.03297,4.70614,1.23596,0.0,0.0,810.622,655.866,0.5042,0.407943,0.0,1,0.052968733,0.488551936,0.46128176430999956
HEFDED_clean,HEFDED_clean,6.92505,4.2277,6.91906,1.17857,874.958,742.388,0.0119262,0.0101192,0.491,0.416606,0.0,0,0.008763908,0.085060315,0.08737500401500004
HEGNUD_clean,HEGNUD_clean,5.94961,4.80382,5.94961,1.93345,716.335,370.496,0.0,0.0,0.4134,0.213815,0.0,0,0.019621957,0.1753137,0.1781203825974997
HEMVEB_clean,HEMVEB_clean,3.85278,3.12246,3.85278,2.06476,0.0,0.0,287.72,139.348,0.4484,0.217168,0.0,1,0.025186967,0.241836843,0.23211531452875017
HICWIB_clean,HICWIB_clean,4.25341,2.82589,4.16377,2.34752,0.0,0.0,155.058,66.0516,0.2668,0.113652,0.0,1,0.011632271,0.109218304,0.10969180585624992
HICZAW_clean,HICZAW_clean,4.79099,4.0094,4.67667,1.66988,586.788,351.395,42.4437,25.4172,0.4496,0.26924,0.0,0,0.06084598,0.49034828,0.4940509120162497
HIDBIH_clean,HIDBIH_clean,4.85757,3.15246,4.85757,1.56083,0.0,0.0,465.191,298.041,0.449,0.287667,0.0,1,0.037323585,0.310631445,0.33000540440249915
HIDBON_clean,HIDBON_clean,3.58323,2.82343,3.58192,1.63128,0.0,0.0,43.2502,26.5131,0.4262,0.261267,0.0,1,0.006335505,0.062750767,0.06116209343000009
HIFTUM_clean,HIFTUM_clean,6.30533,4.49793,6.29978,1.16773,1014.53,868.802,0.0,0.0,0.5164,0.442225,0.0,1,0.012186077,0.118745477,0.11845358117874971
HIGRIA_clean,HIGRIA_clean,11.33189,6.86002,11.33189,0.649596,2356.83,3628.15,0.0,0.0,0.774,1.19151,0.0,1,0.031115065,0.314006223,0.3112391173862514
HIQNIG_clean,HIQNIG_clean,5.17097,2.43229,5.17097,1.11758,0.0,0.0,676.965,605.742,0.5298,0.47406,0.0,1,0.079928899,0.621253195,0.6429780411212488
HIWKEE_clean,HIWKEE_clean,5.33619,3.90302,5.22967,1.1804,712.798,603.863,412.05,349.077,0.5362,0.454254,0.0,1,0.019002132,0.183405775,0.1861830936300004
HIWLUW_clean,HIWLUW_clean,5.19394,3.96476,5.19394,1.59085,1442.83,906.957,0.0,0.0,0.6148,0.386461,0.0,0,0.055551973,0.495577242,0.5052184944862506
HIYGIH_clean,HIYGIH_clean,17.06952,6.66429,17.06948,0.730619,2158.98,2955.01,0.0,0.0,0.7424,1.01613,0.0,1,0.042588787,0.409692329,0.4163499595999992
HIZQUD_clean,HIZQUD_clean,6.30539,5.26051,6.30539,1.49546,1378.73,921.943,0.0,0.0,0.5664,0.378747,0.0,1,0.04161296,0.380177694,0.3872208847812497
HOBBEF_clean,HOBBEF_clean,4.87135,2.51608,4.87135,1.31374,0.0,0.0,477.552,363.505,0.4796,0.365064,0.0,0,0.048084448,0.427560228,0.4185864153612496
HOFMAS_clean,HOFMAS_clean,3.80524,2.41599,3.80524,1.36814,0.0,0.0,153.204,111.98,0.4318,0.315612,0.0,0,0.006168193,0.061828616,0.061001462647500164
HOGJIX_clean,HOGJIX_clean,10.87652,5.94063,10.87549,0.784217,2419.27,3084.95,0.0,0.0,0.7452,0.950247,0.0,1,0.039652639,0.390352144,0.3929909305325019
HOJLUP_clean,HOJLUP_clean,6.04405,4.68216,6.04405,0.897215,1739.4,1938.66,0.0,0.0,0.5916,0.659373,0.0,1,0.050445824,0.479210288,0.4788165989387517
HOJPIH_clean,HOJPIH_clean,3.96758,2.99779,3.82887,1.25057,0.0,0.0,157.089,125.614,0.508,0.406216,0.0,0,0.010873624,0.105120199,0.10613462393624964
HOLQIK_clean,HOLQIK_clean,12.10808,3.4458,10.16044,0.913109,1657.88,1815.64,0.0,0.0,0.663,0.726091,0.0,1,0.043791783,0.401050373,0.4140929501825007
HOPYEQ01_clean,HOPYEQ01_clean,3.95957,3.14732,3.74628,2.23316,0.0,0.0,330.905,148.178,0.4938,0.221121,0.0,0,0.048802254,0.416264831,0.4270245150512488
HOQMIL01_clean,HOQMIL01_clean,5.56977,4.83187,5.56337,1.16042,1122.88,967.652,0.0,0.0,0.4848,0.417781,0.0,0,0.062875326,0.553957338,0.556231289248752
HOQNEI_clean,HOQNEI_clean,5.27742,4.83558,5.27742,1.18109,1071.17,906.928,0.0,0.0,0.4762,0.403186,0.0,0,0.063929854,0.555382426,0.5577154553462543
HORHAY_clean,HORHAY_clean,4.10114,3.04525,4.10114,1.17808,0.0,0.0,503.221,427.153,0.503,0.426966,0.0,0,0.026361883,0.251764709,0.2481482469012488
HOVJIN_clean,HOVJIN_clean,3.66657,2.56403,3.64598,2.32634,0.0,0.0,96.8261,41.6217,0.349,0.150021,0.0,1,0.009721199,0.08925963,0.09430380575749985
HOWPOZ_clean,HOWPOZ_clean,7.21513,5.98736,7.21361,1.27988,1504.5,1175.5,0.0,0.0,0.585,0.457073,0.0,1,0.030465145,0.297033914,0.2904043926637509
HOWSET_clean,HOWSET_clean,7.27272,4.03268,6.91947,1.23503,1647.39,1333.89,0.0,0.0,0.572,0.463147,0.0,1,0.058346282,0.526794718,0.527356750531251
HOZDIL_clean,HOZDIL_clean,4.45764,2.70708,3.66651,1.7208,0.0,0.0,207.17,120.392,0.383,0.22257,0.0,1,0.036469102,0.334391836,0.2949440351424999
HOZTOG_clean,HOZTOG_clean,8.69843,6.41352,8.68476,1.38534,1756.27,1267.75,0.0,0.0,0.642,0.463424,0.0,0,0.013202257,0.130579209,0.13124130286125013
HUCXEK_clean,HUCXEK_clean,6.73085,3.71981,6.7271,1.26713,1437.51,1134.46,0.0,0.0,0.5568,0.439419,0.0,0,0.034834965,0.334494167,0.3333460138474994
HUCXUA_clean,HUCXUA_clean,6.72319,3.76747,6.7027,1.29306,1441.14,1114.52,0.0,0.0,0.5554,0.429523,0.0,0,0.035325182,0.33496173,0.3352456759412486
HUDMEA_clean,HUDMEA_clean,5.86971,2.69825,5.85762,1.41956,0.0,0.0,380.809,268.258,0.4198,0.295726,0.0,0,0.027756975,0.236902937,0.24811594199874992
HUFJAV_clean,HUFJAV_clean,10.82518,7.21362,10.82516,0.846584,2017.74,2383.39,0.0,0.0,0.7126,0.841735,0.0,1,0.018414035,0.18185409,0.18238161387749988
HUFKUQ_clean,HUFKUQ_clean,12.94916,9.87431,12.94916,0.591794,2246.92,3796.8,0.0,0.0,0.7696,1.30045,0.0,1,0.030815886,0.301147524,0.3070691693300003
HUHJAW_clean,HUHJAW_clean,3.68144,2.51889,3.68144,2.11306,0.0,0.0,39.0435,18.4772,0.4036,0.191002,0.0,1,0.003311304,0.031659968,0.032960444334999936
HUHNIJ_clean,HUHNIJ_clean,6.23729,5.3405,6.23046,1.03071,1170.03,1135.17,0.0,0.0,0.5464,0.530122,0.0,1,0.022388733,0.214191861,0.2178652337625
HUJVOX_clean,HUJVOX_clean,5.27825,3.53087,5.19969,0.862596,1941.73,2251.03,0.0,0.0,0.6554,0.7598,0.0,1,0.044048701,0.424371056,0.4259865433637484
HUNCUQ_clean,HUNCUQ_clean,4.96862,3.07482,4.94534,1.29845,0.0,0.0,839.193,646.306,0.5152,0.396782,0.0,1,0.109437575,0.84224723,0.8628230282700001
HUQHAE_clean,HUQHAE_clean,10.11008,7.63969,10.07674,0.70182,1853.59,2641.12,0.0,0.0,0.6866,0.978314,0.0,1,0.038107625,0.369159727,0.37541589392000063
HUVHIR_clean,HUVHIR_clean,6.43752,3.3852,6.43752,1.55619,990.748,636.65,0.0,0.0,0.5272,0.338777,0.0,1,0.030459943,0.283819264,0.2823373286262494
HUYJUG_clean,HUYJUG_clean,9.25957,5.86045,9.25957,0.936428,1023.97,1093.48,181.933,194.284,0.5896,0.629627,0.0,1,0.030602089,0.296868137,0.29343927216499993
HUZYAE_clean,HUZYAE_clean,9.33073,8.38879,9.32654,0.70416,2028.32,2880.48,0.0,0.0,0.6852,0.973074,0.0,0,0.052952176,0.502958463,0.5065995091625006
IBASAH_clean,IBASAH_clean,7.16916,5.08713,7.16916,1.9547,862.063,441.02,0.0,0.0,0.4422,0.226224,0.0,0,0.01824336,0.172773163,0.1688120926162496
IBATEM_clean,IBATEM_clean,7.23101,5.08834,7.23101,1.90327,884.824,464.897,0.0,0.0,0.4492,0.236015,0.0,0,0.018083908,0.171230455,0.16971868167124968
IBICIH_clean,IBICIH_clean,9.99905,9.84285,9.99905,1.06849,1087.54,1017.83,0.0,0.0,0.5632,0.527098,0.0,0,0.012657783,0.126785186,0.12642820183249998
IBIRES_clean,IBIRES_clean,6.08051,3.77232,6.05891,1.56855,1166.99,743.994,0.0,0.0,0.5416,0.345287,0.0,1,0.025984424,0.237166505,0.248120117445
IBITUK_clean,IBITUK_clean,5.114,4.10664,5.114,1.17728,905.001,768.724,0.0,0.0,0.527,0.447643,0.0,1,0.023413329,0.226390836,0.22055636549999919
ic050064gsi20050115_040515_clean,ic050064gsi20050115_040515_clean,7.09944,5.34059,6.92965,0.893388,2231.12,2497.37,0.0,0.0,0.6764,0.757118,0.0,1,0.044583813,0.430407643,0.4294754085387494
ic070274o-file006_clean,ic070274o-file006_clean,9.5696,5.43482,9.51118,0.6688,2216.08,3313.52,0.0,0.0,0.6986,1.04456,0.0,0,0.037146951,0.366726171,0.3657689394249988
ic101789u_si_002_clean,ic101789u_si_002_clean,5.93071,5.35547,5.91488,0.866561,2600.04,3000.42,0.0,0.0,0.6794,0.784019,0.0,0,0.068114541,0.653983316,0.6489437899600002
ic202626c_si_002_clean,ic202626c_si_002_clean,4.17676,3.4851,4.17082,1.22883,636.577,518.037,0.0,0.0,0.5146,0.418774,0.0,0,0.039211407,0.374244067,0.36725524758375094
ic401157n_si_002_clean,ic401157n_si_002_clean,8.07184,5.576,8.06069,0.920261,2034.27,2210.53,0.0,0.0,0.6426,0.69828,0.0,0,0.037141813,0.369680994,0.3617583723025002
ic402058f_si_002_clean,ic402058f_si_002_clean,5.68988,4.36716,5.68491,1.37492,565.476,411.28,350.976,255.27,0.5054,0.367586,0.0,1,0.063178573,0.523297709,0.5157616411462498
ic5008457_si_002_clean,ic5008457_si_002_clean,5.97545,4.80817,5.79843,0.950435,2209.73,2324.97,0.0,0.0,0.6536,0.687685,0.0,1,0.040127094,0.383453923,0.3899465991675008
ic501898x_si_004_clean,ic501898x_si_004_clean,4.62157,2.70851,4.56085,1.40882,0.0,0.0,776.799,551.383,0.489,0.347099,0.0,0,0.046971183,0.424204,0.4122212574962502
ic502643m_si_006_clean,ic502643m_si_006_clean,9.0043,8.36575,9.0043,0.810849,2358.37,2908.52,0.0,0.0,0.7174,0.884751,0.0,1,0.042162948,0.399786336,0.4116427267099998
ic502643m_si_010_clean,ic502643m_si_010_clean,12.46942,12.09962,12.4634,0.660845,2360.76,3572.33,0.0,0.0,0.7614,1.15216,0.0,1,0.035750595,0.356414905,0.3558479895899998
ic502921j_si_002_clean,ic502921j_si_002_clean,10.79969,7.20507,10.77322,1.03513,1844.88,1782.26,0.0,0.0,0.6792,0.656147,0.0,1,0.028910999,0.284645662,0.2821569406475011
ic502921j_si_003_clean,ic502921j_si_003_clean,7.7085,4.09601,7.43001,1.34893,1247.81,925.035,50.2931,37.2837,0.56,0.415144,0.0,1,0.027918145,0.269281595,0.2650229286399995
ic5b00535_si_002_clean,ic5b00535_si_002_clean,17.88281,5.61829,17.88281,0.59819,1804.02,3015.8,0.0,0.0,0.749,1.25211,0.000668684,0,0.0352643,0.341780877,0.3467928936037516
ICAWUF_clean,ICAWUF_clean,8.09105,7.71087,8.06629,1.03438,1360.39,1315.18,0.0,0.0,0.5716,0.552602,0.0,1,0.025247264,0.24467013,0.24514075543031247
ICEGED_clean,ICEGED_clean,7.44329,6.41787,7.44329,0.943252,2339.38,2480.12,0.0,0.0,0.7078,0.750383,0.0,1,0.028564681,0.288172372,0.28217124715625164
ICIVAS_clean,ICIVAS_clean,5.79063,4.60472,5.70801,1.33492,507.517,380.187,462.251,346.277,0.4564,0.341894,0.0,1,0.031583253,0.295603252,0.2830438479425001
ICODIP01_clean,ICODIP01_clean,12.6239,9.97272,12.61095,0.806244,1575.25,1953.81,0.0,0.0,0.686,0.850859,0.0,0,0.027950037,0.284283323,0.27639156982500135
IDAZEU_clean,IDAZEU_clean,2.74134,2.45619,2.73825,2.24514,0.0,0.0,0.0,0.0,0.317,0.141194,0.0,1,0.001663437,0.01667462,0.016817358518749884
IDUDIW_clean,IDUDIW_clean,4.41225,3.49442,4.39662,1.09369,1435.22,1312.27,0.0,0.0,0.577,0.527571,0.0,0,0.058481091,0.551960346,0.5297530133050014
IFAQUC_clean,IFAQUC_clean,5.27583,2.42759,5.26585,1.8277,0.0,0.0,667.481,365.202,0.4514,0.246977,0.0,1,0.011949455,0.113929472,0.11203912150874942
IFASOZ_clean,IFASOZ_clean,9.64796,7.3234,9.64796,0.745691,1847.95,2478.17,0.0,0.0,0.6678,0.895545,0.0,1,0.020477037,0.2036185,0.2039667417987504
IFENOY03_SL,IFENOY03_SL,7.28997,5.75367,7.27102,1.31871,593.793,450.282,0.0,0.0,0.4674,0.354437,0.0,0,0.007462939,0.073872176,0.07345893684125024
IFEYIB_clean,IFEYIB_clean,5.67304,3.77404,5.54772,1.56953,1870.34,1191.66,0.0,0.0,0.6516,0.415157,0.0,1,0.016069401,0.159027907,0.15916114588000008
IFUXOW_clean,IFUXOW_clean,5.75578,2.87381,5.73819,1.23287,0.0,0.0,1395.4,1131.83,0.5806,0.470935,0.0,1,0.013465374,0.131234178,0.13251008693249974
IGAGAA_clean,IGAGAA_clean,6.32999,3.64698,6.28248,1.49391,1433.42,959.509,0.0,0.0,0.5336,0.357182,0.0,1,0.053316395,0.475084996,0.48280438746124993
IGAHAB_clean,IGAHAB_clean,8.07676,5.90613,8.07676,1.09695,1250.92,1140.36,257.39,234.642,0.6018,0.548613,0.0,1,0.057887048,0.460128044,0.5168841876850025
IGAHED02_clean,IGAHED02_clean,4.36233,3.27623,4.3458,1.53655,0.0,0.0,775.479,504.688,0.4808,0.312908,0.0,1,0.056486704,0.497466161,0.4743627601887507
IGAHED_clean,IGAHED_clean,4.3843,3.29295,4.35823,1.5227,0.0,0.0,797.082,523.465,0.4958,0.325605,0.0,1,0.054521609,0.489789214,0.47763601750499873
IGEXOH_clean,IGEXOH_clean,5.20725,4.43194,5.19154,1.26433,2211.95,1749.5,0.0,0.0,0.6598,0.521856,0.0,0,0.04302168,0.422623774,0.40338242336749963
IGIZAA_clean,IGIZAA_clean,4.5862,3.48961,4.56741,3.31108,485.403,146.6,0.0,0.0,0.374,0.112954,0.0,1,0.002082011,0.020803021,0.0209509837575
IHIMAP01_clean,IHIMAP01_clean,5.07944,3.8505,5.07201,1.90767,927.816,486.36,0.0,0.0,0.4506,0.236204,0.0,1,0.011912812,0.115711701,0.11460313166249986
IHIMAP_clean,IHIMAP_clean,4.88033,3.6251,4.88017,1.94507,780.03,401.03,0.0,0.0,0.4326,0.222409,0.0,1,0.011356879,0.108542612,0.10829231696250007
IHOTEG_clean,IHOTEG_clean,3.67392,2.49387,3.66502,1.28481,0.0,0.0,122.883,95.6433,0.4476,0.348379,0.0,0,0.001135578,0.011542417,0.011568615856249997
IJANEN_clean,IJANEN_clean,4.00127,2.88482,3.98564,1.41537,0.0,0.0,342.685,242.117,0.4544,0.321047,0.0,1,0.020615966,0.201766466,0.1931508470649995
IJASES01_clean,IJASES01_clean,4.87181,2.91751,4.86886,1.63283,0.0,0.0,720.506,441.263,0.5018,0.30732,0.0,1,0.052235518,0.434146677,0.45112260786375147
IJASOC_clean,IJASOC_clean,6.30976,5.8805,6.27431,1.0194,1983.73,1945.99,0.0,0.0,0.653,0.640576,0.0,1,0.038372938,0.361112884,0.37506255952874923
IJEXIF01_clean,IJEXIF01_clean,6.79743,4.32524,6.79743,1.08441,2203.63,2032.1,0.0,0.0,0.6682,0.616187,0.0,1,0.061484787,0.598992953,0.5848769659162475
IJEXUR_clean,IJEXUR_clean,5.05755,2.858,5.05755,1.47624,0.0,0.0,568.715,385.245,0.4738,0.32095,0.0,1,0.019967364,0.180898224,0.18393354756124988
IJEYON_clean,IJEYON_clean,4.12084,3.31963,4.1204,1.28925,475.404,368.745,0.0,0.0,0.499,0.387048,0.0,0,0.023485377,0.221978414,0.21990482327624958
IJODES_clean,IJODES_clean,4.9358,3.10102,4.89748,1.44251,0.0,0.0,573.112,397.301,0.4568,0.316669,0.0,1,0.082663501,0.628987468,0.6231226629125007
IKEBUV01_clean,IKEBUV01_clean,4.90885,3.89845,4.88149,1.28693,1923.5,1494.65,0.0,0.0,0.6236,0.484565,0.0,1,0.033511449,0.326774766,0.32594384066375076
IKETEY_clean,IKETEY_clean,5.5138,4.26379,5.5027,1.61573,1676.6,1037.67,0.0,0.0,0.5562,0.34424,0.0,1,0.030674698,0.292171763,0.29102889620374933
IKETOI_clean,IKETOI_clean,5.47175,4.23311,5.43757,1.66186,1666.92,1003.04,0.0,0.0,0.5532,0.33288,0.0,1,0.031037362,0.296123017,0.2927450242937488
IKETUO_clean,IKETUO_clean,5.44662,4.20794,5.39592,1.67888,1662.67,990.343,0.0,0.0,0.552,0.328791,0.0,1,0.030687374,0.291954591,0.29120795680999917
IKOKEA_clean,IKOKEA_clean,6.08904,3.3904,6.07977,1.63594,1155.87,706.549,0.0,0.0,0.5166,0.315782,0.0,0,0.039007985,0.355152113,0.35584200663125076
IKOTUZ_clean,IKOTUZ_clean,16.05073,15.64664,16.05073,1.00283,1515.79,1511.5,0.0,0.0,0.658,0.656142,0.0,1,0.037193467,0.346171808,0.34924953488750066
ILASIZ_clean,ILASIZ_clean,4.54164,2.63088,4.54164,1.12333,0.0,0.0,551.64,491.074,0.4768,0.424451,0.0,0,0.018739956,0.180072636,0.18201820370124971
ILENOC_clean,ILENOC_clean,4.95574,3.57203,4.9334,2.30558,814.836,353.419,0.0,0.0,0.4958,0.215043,0.0,1,0.153605036,1.043383599,1.0260204285175023
ILIFOY_clean,ILIFOY_clean,5.51379,4.36093,5.51127,1.7785,832.969,468.356,0.0,0.0,0.4352,0.244701,0.0,0,0.040240771,0.346479068,0.3443022072100011
ILIGEP_clean,ILIGEP_clean,5.40466,4.22337,5.40056,1.85928,816.766,439.291,0.0,0.0,0.4238,0.227938,0.0,0,0.045873993,0.385369063,0.38712914292249984
ILINIC_clean,ILINIC_clean,4.81641,3.7003,4.81641,3.15291,1757.15,557.309,0.0,0.0,0.577,0.183005,0.0,1,0.005017914,0.050520092,0.049707156537499894
ILIQEB_clean,ILIQEB_clean,4.39949,3.02292,4.39949,1.4504,0.0,0.0,557.364,384.284,0.4682,0.322808,0.0,1,0.020614125,0.19863253,0.19188663320375007
ILOTOT_clean,ILOTOT_clean,4.12508,3.17559,4.11568,1.43009,0.0,0.0,259.474,181.44,0.393,0.274808,0.0,0,0.017706113,0.171694965,0.1621479235512495
ILUFIF_clean,ILUFIF_clean,7.09777,3.09218,7.09763,1.56986,0.0,0.0,598.426,381.198,0.4914,0.313022,0.0,1,0.017710517,0.165031491,0.1705951603162498
ILUFOL_clean,ILUFOL_clean,7.10624,3.06586,7.10592,1.59676,0.0,0.0,603.154,377.736,0.4902,0.306997,0.0,1,0.018508832,0.175468862,0.17356514905000014
ILUHON_clean,ILUHON_clean,7.0969,3.0903,7.07606,1.53277,0.0,0.0,600.316,391.655,0.4938,0.322163,0.0,1,0.014660537,0.140525133,0.13985586211749956
IMAXUR_clean,IMAXUR_clean,9.35814,4.03338,9.35814,0.94009,1810.27,1925.64,0.0,0.0,0.6284,0.668447,0.0,1,0.043930067,0.42741771,0.4208724242887496
INEXOQ_clean,INEXOQ_clean,4.63892,2.80813,4.6249,1.2696,0.0,0.0,659.821,519.708,0.5062,0.398708,0.0,1,0.052267035,0.460124024,0.45703478638374934
INIRAA_clean,INIRAA_clean,5.29891,3.4654,5.27682,1.58723,589.473,371.386,0.0,0.0,0.45,0.283514,0.0,1,0.023206524,0.211190249,0.20745399192875044
INOMOP_clean,INOMOP_clean,5.26106,4.80157,5.24412,1.1048,1287.23,1165.13,0.0,0.0,0.553,0.500544,0.0,1,0.041644729,0.391838229,0.3945819109325003
IQECIS_clean,IQECIS_clean,8.1309,7.21043,8.08032,0.715898,2174.72,3037.76,0.0,0.0,0.7158,0.999863,0.0,0,0.028696186,0.289854237,0.28191724559750114
IQILIF_clean,IQILIF_clean,7.54585,4.55729,7.31598,0.9871,1707.16,1729.47,0.0,0.0,0.5864,0.594063,0.0,1,0.058884438,0.562363825,0.5529022617287491
IQINAZ_clean,IQINAZ_clean,4.8626,3.30446,4.80624,1.37034,0.0,0.0,825.677,602.536,0.498,0.363414,0.0,1,0.121677298,0.92302689,0.9212690569787506
IQOJAB_clean,IQOJAB_clean,5.87643,3.82611,5.87109,1.02895,1467.53,1426.23,25.3077,24.5957,0.5682,0.552213,0.0,1,0.082266058,0.732117293,0.7178852923075003
IRISAD_clean,IRISAD_clean,3.55041,3.37764,3.54765,2.02637,457.974,226.007,0.0,0.0,0.5816,0.287016,0.0,0,0.015772148,0.155912404,0.1531804578174996
IROVAO_clean,IROVAO_clean,6.12408,5.59581,6.1197,2.89163,1515.71,524.173,0.0,0.0,0.544,0.188129,0.0,1,0.014917155,0.143479994,0.14299423649249937
ISACIP_clean,ISACIP_clean,4.48211,3.32925,4.47549,1.75937,523.766,297.7,0.0,0.0,0.3988,0.226672,0.0,0,0.073211149,0.499231961,0.5457297520650012
ISUXAW_clean,ISUXAW_clean,3.24875,2.51298,3.10957,2.25578,0.0,0.0,0.0,0.0,0.3864,0.171294,0.0,1,0.001587778,0.015307768,0.016004397443749974
ITIPAE_clean,ITIPAE_clean,5.03819,3.84363,5.03819,1.81693,898.58,494.56,0.0,0.0,0.4852,0.267044,0.0,0,0.036545629,0.326563734,0.3320096406724997
IVILEG_clean,IVILEG_clean,14.1452,13.26623,14.13413,0.718024,1541.13,2146.34,0.0,0.0,0.7232,1.00721,0.0,1,0.030015361,0.288536071,0.29337177677499887
IWAZEL_clean,IWAZEL_clean,9.02688,4.19715,9.02563,1.29051,1705.91,1321.89,0.0,0.0,0.6062,0.469736,0.0,1,0.020664433,0.203676777,0.2026862456350003
IWELIG01_clean,IWELIG01_clean,4.6866,4.49829,4.6866,1.86798,511.71,273.938,140.313,75.1146,0.3994,0.213814,0.0,0,0.170454676,1.074219762,1.00983640054625
IWELIG_clean,IWELIG_clean,4.69268,4.51959,4.68546,1.86097,534.218,287.064,156.241,83.9569,0.4064,0.218381,0.0,0,0.165484381,1.079715982,1.0096685867725002
IWIPIO_clean,IWIPIO_clean,5.10392,4.12276,5.06017,1.12645,2627.06,2332.16,0.0,0.0,0.6972,0.618936,0.0,1,0.008978782,0.087282468,0.08847871597375022
IWOKUC_clean,IWOKUC_clean,6.55692,5.28768,6.53155,0.964561,1220.6,1265.44,0.0,0.0,0.5288,0.548229,0.0,0,0.031956495,0.30768393,0.3042615174112504
IXAZEO_clean,IXAZEO_clean,4.95392,4.38313,4.95392,1.49539,968.887,647.917,0.0,0.0,0.4732,0.31644,0.0,1,0.010275316,0.102539879,0.09853119405375012
IXECET_clean,IXECET_clean,8.30942,3.60945,8.30942,1.54442,1337.53,866.043,0.0,0.0,0.5456,0.353273,0.0,0,0.036097661,0.337883603,0.34068130142499997
IXEQIL_clean,IXEQIL_clean,4.46131,3.00612,4.46131,1.93071,0.0,0.0,214.702,111.204,0.3764,0.194954,0.0,1,0.033202503,0.276488092,0.27641965674625085
IXISOX_clean,IXISOX_clean,5.5699,4.33438,5.5699,1.93342,1150.89,595.258,0.0,0.0,0.516,0.266884,0.0,0,0.062704875,0.494410663,0.5386197162149999
IXISOZ02_clean,IXISOZ02_clean,4.74076,3.59919,4.72141,1.46415,983.567,671.767,0.0,0.0,0.4992,0.340949,0.0,0,0.046773262,0.426144314,0.41924357419999986
IXITOA02_clean,IXITOA02_clean,5.87166,2.682,5.66811,1.61112,0.0,0.0,853.166,529.548,0.493,0.305998,0.0,0,0.030875759,0.286561062,0.27894008793500136
IXOFIL_clean,IXOFIL_clean,7.14051,6.67398,7.10365,1.01557,1692.36,1666.42,0.0,0.0,0.624,0.614435,0.0,0,0.038479103,0.380656034,0.3747969458424998
IXOFOR_clean,IXOFOR_clean,6.58573,6.10481,6.58573,1.02216,1741.26,1703.51,0.0,0.0,0.611,0.597752,0.0,0,0.040756688,0.399121964,0.39516835358874913
IXOFUX01_clean,IXOFUX01_clean,6.87071,6.41176,6.84188,1.00146,1800.87,1798.25,0.0,0.0,0.6308,0.629881,0.0,0,0.038913702,0.382217704,0.3759801831649998
IYAHEX_clean,IYAHEX_clean,4.68868,2.76608,4.68696,1.74815,0.0,0.0,438.334,250.741,0.461,0.263707,0.0,1,0.018170137,0.161711709,0.16919534505249975
IYASOS_clean,IYASOS_clean,5.79357,5.23786,5.68144,1.42202,1531.27,1076.83,0.0,0.0,0.5756,0.404777,0.0,1,0.053170483,0.48160639,0.4823691799012502
IYAYUE_clean,IYAYUE_clean,6.14666,4.14311,6.14666,1.13268,1552.87,1370.97,0.0,0.0,0.598,0.527951,0.0,1,0.050247991,0.476333846,0.4724865775062497
IYAZAL_clean,IYAZAL_clean,4.69205,2.56888,4.67084,1.54282,0.0,0.0,1010.17,654.752,0.5144,0.333415,0.0,1,0.065442152,0.569470174,0.5548321221350003
IYICUP_clean,IYICUP_clean,7.48898,5.2438,6.05899,1.02061,1910.86,1872.27,0.0,0.0,0.6306,0.617866,0.0,0,0.047449642,0.455528054,0.45346959822999944
IYOSUM_clean,IYOSUM_clean,6.18145,3.97754,6.17448,0.943184,2480.99,2630.44,0.0,0.0,0.6618,0.701666,0.0,1,0.057962933,0.558330318,0.5501080609149995
IYOTAT_clean,IYOTAT_clean,6.12724,4.05651,6.12724,0.946965,2470.71,2609.08,0.0,0.0,0.6612,0.698231,0.000211201,1,0.060636236,0.585150403,0.5755734438012488
IYOWID_manual,IYOWID_manual,20.51668,7.7477,20.51668,0.405068,1929.7,4763.89,0.0,0.0,0.822,2.02929,0.0,0,0.033102375,0.330559075,0.3312260423012479
IYUHEQ_clean,IYUHEQ_clean,4.01864,3.26623,4.01864,1.71048,0.0,0.0,201.668,117.901,0.3728,0.217951,0.0,0,0.025766038,0.234288177,0.2251776243950005
IYUHOA_clean,IYUHOA_clean,7.25841,4.65632,7.2501,1.15015,1882.43,1636.69,0.0,0.0,0.5978,0.519759,0.0,0,0.073468937,0.669901337,0.6610400092950011
IYUHUG_ion_b,IYUHUG_ion_b,9.1569,7.01562,9.1569,0.894019,1922.0,2149.85,0.0,0.0,0.6824,0.763294,0.0,0,0.022882842,0.225846253,0.22676428846500013
IYUQEZ_clean,IYUQEZ_clean,14.23268,4.75487,14.22709,0.637403,1240.77,1946.61,289.582,454.315,0.6812,1.06871,0.0,1,0.027165754,0.27125635,0.2683602739712496
IZENIM_clean,IZENIM_clean,10.57534,5.75707,6.51584,1.38426,1059.32,765.262,606.777,438.341,0.6424,0.464076,0.0,0,0.052229958,0.481697252,0.4682213030937495
IZERAI_clean,IZERAI_clean,21.81992,21.11699,21.81992,0.624269,1355.09,2170.68,0.0,0.0,0.7802,1.24978,0.0,1,0.075933326,0.62411419,0.5854296201900028
IZISEQ_clean,IZISEQ_clean,4.08842,3.70736,4.08842,1.02254,520.647,509.17,0.0,0.0,0.4678,0.457489,0.0,1,0.018828288,0.185040825,0.18383541114750035
ja073612tsi20070723_060520_clean,ja073612tsi20070723_060520_clean,5.85008,3.03352,5.73386,1.20892,0.0,0.0,1478.57,1223.04,0.6042,0.499784,0.0,1,0.014659492,0.1439389,0.14454625917875
ja0752540-file002_clean,ja0752540-file002_clean,8.14433,7.67619,8.14433,1.22499,2017.42,1646.89,0.0,0.0,0.654,0.533883,0.0,0,0.025316354,0.244444751,0.2450637289362485
ja408959g_si_003_clean,ja408959g_si_003_clean,17.33749,14.32817,17.33749,0.750299,1914.17,2551.21,1.3371,1.78209,0.7272,0.969213,0.00026656,0,0.025531604,0.248941045,0.25092059156250085
ja500330a_si_007_auto,ja500330a_si_007_auto,19.46238,14.48757,19.44715,0.798895,1320.38,1652.76,18.6426,23.3354,0.7758,0.971091,0.000500691,0,0.049474909,0.272785071,0.4610131932437491
ja500330a_si_009_auto,ja500330a_si_009_auto,10.23354,4.21372,10.21937,1.02655,1874.68,1826.19,0.0,0.0,0.6604,0.643319,0.0,0,0.028393788,0.26967199,0.2795551629112506
ja500618z_si_002_clean,ja500618z_si_002_clean,4.31215,2.49505,4.31215,1.36609,0.0,0.0,371.075,271.632,0.5104,0.37362,0.0,0,0.022120079,0.21396495,0.2137451827112506
ja500618z_si_005_clean,ja500618z_si_005_clean,4.33476,2.50886,4.33476,1.3607,0.0,0.0,373.884,274.772,0.5124,0.37657,0.0,0,0.021792485,0.220541486,0.21732795678500122
ja500618z_si_008_clean,ja500618z_si_008_clean,4.35249,2.5247,4.35249,1.35611,0.0,0.0,402.766,297.001,0.5146,0.379467,0.0,0,0.02276567,0.224176537,0.2172626151849988
ja5063423_si_002_clean,ja5063423_si_002_clean,10.81396,5.19047,10.74347,0.995074,2374.31,2386.06,0.0,0.0,0.7264,0.729996,0.0,1,0.02718153,0.272352256,0.2687249412537504
ja5b02999_si_004_clean,ja5b02999_si_004_clean,14.69185,13.06998,14.68941,0.678878,1913.08,2818.01,0.0,0.0,0.7962,1.17282,0.0,1,0.024794938,0.245195238,0.24638088592812504
ja808995d_si_002_clean,ja808995d_si_002_clean,17.63143,10.03888,17.62334,0.751788,1337.16,1778.64,192.928,256.625,0.6832,0.908766,0.0,1,0.068861201,0.522286677,0.5892665316500009
ja809985t_si_002_clean,ja809985t_si_002_clean,22.77836,8.92569,22.41884,0.406231,1793.65,4415.34,0.0,0.0,0.8602,2.11751,0.0,0,0.032561802,0.319217799,0.32243519400500026
ja903726m_si_002_clean,ja903726m_si_002_clean,12.24865,4.72993,12.24865,0.820334,2060.46,2511.73,0.0,0.0,0.6832,0.832831,0.0,0,0.02276198,0.223914299,0.22544077643749985
ja907023c_si_001_clean,ja907023c_si_001_clean,9.61179,5.4202,9.50068,0.666698,1801.22,2701.7,393.55,590.296,0.69,1.03495,0.0,0,0.037120131,0.3718579,0.36598854385874874
jacs.6b01345_ja6b01345_si_001_clean,jacs.6b01345_ja6b01345_si_001_clean,20.28746,11.03087,20.28746,0.706861,1313.51,1858.23,15.0052,21.228,0.6976,0.986898,0.0,1,0.09542686,0.630961793,0.7399610877612488
jacs.6b02030_ja6b02030_si_002_clean,jacs.6b02030_ja6b02030_si_002_clean,9.27827,8.57062,9.27827,1.61278,1536.21,952.52,0.0,0.0,0.6184,0.383437,0.0,1,0.023704467,0.234423093,0.2278567770937498
jacs.6b06759_ja6b06759_si_002_clean,jacs.6b06759_ja6b06759_si_002_clean,14.81093,8.19624,14.81093,0.576281,2199.59,3816.87,0.0,0.0,0.7704,1.33685,0.000347053,0,0.033084665,0.331748943,0.3267373550612509
jacs.6b08724_ja6b08724_si_014_clean,jacs.6b08724_ja6b08724_si_014_clean,28.056,26.5894,28.056,0.284192,1417.0,4986.05,0.0,0.0,0.8798,3.09579,0.0,1,0.043039761,0.426393563,0.4191282374062494
jacs.6b08724_ja6b08724_si_016_clean,jacs.6b08724_ja6b08724_si_016_clean,28.19813,26.70296,28.19813,0.327356,1415.91,4325.28,0.0,0.0,0.8786,2.68393,0.0,1,0.037673977,0.361230237,0.3733627034549994
JADJOQ_clean,JADJOQ_clean,5.63389,5.12978,5.62594,1.03186,2420.1,2345.38,0.0,0.0,0.6734,0.65261,0.0,1,0.037088907,0.36864252,0.3606415081249982
JAFPIQ_clean,JAFPIQ_clean,7.18163,6.66781,7.16788,1.29779,1736.11,1337.74,0.0,0.0,0.6626,0.51056,0.0,1,0.010476266,0.103356855,0.10459670800124987
JAJKUD_clean,JAJKUD_clean,5.4506,2.86562,5.4506,1.414,0.0,0.0,812.904,574.897,0.5,0.353607,0.0,0,0.040384806,0.353723473,0.3581326390437496
JAKBOP_clean,JAKBOP_clean,5.76914,4.18918,5.68942,0.806983,2029.2,2514.56,0.0,0.0,0.6692,0.829261,0.0,0,0.022971352,0.230490118,0.22663313774249988
JAKPET_clean,JAKPET_clean,3.70033,2.62618,3.70033,1.84906,0.0,0.0,73.4393,39.7172,0.399,0.215786,0.0,1,0.005823225,0.05867119,0.05757174418250032
JALLEQ_clean,JALLEQ_clean,20.72686,7.8738,20.45456,0.987929,1836.17,1858.6,0.0,0.0,0.7646,0.773942,0.000202444,1,0.011039254,0.111275049,0.11100349541749957
JALPAQ_clean,JALPAQ_clean,3.97561,2.90565,3.97561,1.6608,0.0,0.0,84.2654,50.738,0.3694,0.222423,0.0,1,0.009318739,0.092113238,0.08921081552500029
JASNAT_clean,JASNAT_clean,4.78374,3.98828,4.76573,1.2488,1042.64,834.91,0.0,0.0,0.5318,0.425847,0.0,0,0.079213538,0.695010812,0.6752304798112462
JAVNIE_clean,JAVNIE_clean,7.27986,4.97275,7.26799,0.939534,2385.4,2538.91,0.0,0.0,0.669,0.712055,0.0,1,0.036401477,0.351823487,0.3550702189887506
JEBCOJ_clean,JEBCOJ_clean,7.20433,5.04936,7.20433,1.89362,858.504,453.367,0.0,0.0,0.4412,0.232993,0.0,0,0.01935261,0.178893722,0.17939034713499974
JEBDOK_clean,JEBDOK_clean,4.22365,3.03737,4.22365,2.73764,0.0,0.0,161.496,58.9908,0.3576,0.130623,0.0,0,0.060920586,0.465087787,0.4349502428462496
JETNOL_clean,JETNOL_clean,4.94372,2.40668,4.91037,1.51285,0.0,0.0,832.644,550.382,0.5318,0.351523,0.0,0,0.011076891,0.106597512,0.11020933878999989
JILXOS_clean,JILXOS_clean,4.50507,4.05314,4.50324,1.57483,481.643,305.838,0.0,0.0,0.4424,0.280919,0.0,1,0.03499893,0.300176816,0.31486293325250014
j.inoche.2015.01.025_INC05862-mmc2_clean,j.inoche.2015.01.025_INC05862-mmc2_clean,4.92906,3.897,4.88525,1.27844,1610.15,1259.46,0.0,0.0,0.5778,0.451957,0.0,0,0.080727858,0.716417366,0.7236184231575009
JITQEI_clean,JITQEI_clean,4.74821,3.43684,4.74019,0.96574,1149.8,1190.59,1.38371,1.4328,0.5672,0.587322,0.0,1,0.033393455,0.319288602,0.32191600962875017
JIVHIG_clean,JIVHIG_clean,5.86134,3.79303,5.86134,0.999234,920.272,920.978,0.0,0.0,0.4348,0.435133,0.0,1,0.034668287,0.32199499,0.3224791745999992
JIZJOT_clean,JIZJOT_clean,10.25508,9.65715,10.24861,1.06872,1112.51,1040.98,4.63217,4.33432,0.5712,0.534472,0.0,0,0.015745534,0.157457423,0.15359687221249957
j.jssc.2015.05.012_mmc6_clean,j.jssc.2015.05.012_mmc6_clean,5.19284,3.47327,4.97212,1.17487,1114.95,948.996,0.0,0.0,0.5544,0.471883,0.0,1,0.042290262,0.386640181,0.3899495174099998
JOCLOD_clean,JOCLOD_clean,4.31246,3.2182,4.31088,1.02037,0.0,0.0,382.137,374.509,0.5332,0.522557,0.0,1,0.041351557,0.385920515,0.38194378644375004
JOFGOC_clean,JOFGOC_clean,5.75292,4.66172,5.55476,1.28873,519.931,403.445,222.923,172.979,0.4708,0.365321,0.0,1,0.025218012,0.219325411,0.23528038223000028
JOFKIA01_clean,JOFKIA01_clean,6.88318,5.09054,6.88318,1.58969,1147.61,721.91,0.0,0.0,0.53,0.333399,0.0,1,0.017802442,0.16880458,0.17096923770500005
JOGHEU_clean,JOGHEU_clean,4.6871,3.79057,4.64785,1.04241,1656.32,1588.93,0.0,0.0,0.5686,0.545465,0.0,1,0.025821715,0.257251214,0.2525374531337493
JOKXOW10_clean,JOKXOW10_clean,4.65545,3.95436,4.6545,1.5749,721.126,457.885,0.0,0.0,0.5016,0.318495,0.0,1,0.008414287,0.082558358,0.0821718920524999
JOLYEQ_clean,JOLYEQ_clean,10.48054,10.40031,10.48054,1.12044,787.1,702.494,0.0,0.0,0.5464,0.487667,0.0,0,0.008576222,0.084641838,0.08469569591124998
JOQSOZ_clean,JOQSOZ_clean,6.10079,4.1274,6.09895,1.15948,1782.04,1536.94,0.0,0.0,0.5942,0.512473,0.0,1,0.024475312,0.236584593,0.23805918486125158
JORSEQ_clean,JORSEQ_clean,4.96868,3.55075,4.83089,1.43147,797.865,557.376,0.0,0.0,0.4912,0.343145,0.0,1,0.079712843,0.637907887,0.6280747648099998
JOSNAG01_clean,JOSNAG01_clean,4.34391,3.48794,4.33354,1.48639,790.023,531.506,0.0,0.0,0.5002,0.336521,0.0,1,0.020654756,0.196582471,0.1972615187587496
JOSNAG_clean,JOSNAG_clean,4.31831,3.47722,4.26587,1.49368,756.727,506.618,0.0,0.0,0.503,0.336751,0.0,1,0.02035994,0.193184015,0.19352754793374977
JOVROD_clean,JOVROD_clean,4.79644,3.03624,4.79644,0.798989,0.0,0.0,1255.51,1571.37,0.6486,0.811776,0.0,1,0.008603992,0.085779479,0.08342605283624971
JOWFOQ_clean,JOWFOQ_clean,6.87554,6.2746,6.85501,1.0117,2308.98,2282.27,0.0,0.0,0.7136,0.705344,0.0,1,0.013417928,0.133889322,0.1311543192875001
JOYKUF_clean,JOYKUF_clean,15.8468,15.75155,15.8468,0.656923,1385.91,2109.7,0.0,0.0,0.7706,1.17304,0.0,1,0.027116685,0.267625834,0.26863807191125033
JUCXEK_clean,JUCXEK_clean,7.06758,6.25925,7.06758,2.58085,1392.56,539.574,0.0,0.0,0.5948,0.230467,0.0,1,0.005497462,0.054120365,0.054116488391249724
JUFBIX_clean,JUFBIX_clean,5.04128,2.68626,4.5732,1.55778,0.0,0.0,185.336,118.974,0.373,0.239444,0.0,0,0.074243728,0.42255377,0.48061238878375045
JUGLAA_clean,JUGLAA_clean,4.55135,3.34716,4.55135,1.4234,344.591,242.09,115.328,81.0227,0.4036,0.283546,0.0,0,0.083368381,0.483451164,0.6190269342487493
JUNBOL_clean,JUNBOL_clean,4.23505,3.57437,4.22469,1.56146,719.857,461.015,0.0,0.0,0.4554,0.29165,0.0,0,0.027201302,0.252425911,0.2570716404712502
JUQTOG_clean,JUQTOG_clean,7.0124,3.08649,6.99734,1.28641,0.0,0.0,1319.65,1025.84,0.5754,0.447292,0.0,0,0.032927411,0.312037527,0.31466671766874865
JUSBAC_clean,JUSBAC_clean,5.9515,3.58022,5.94467,1.69538,782.353,461.462,0.0,0.0,0.4474,0.263894,0.0,1,0.043841662,0.354709302,0.3820328335474999
JUSHAI_clean,JUSHAI_clean,5.25447,2.58009,5.24959,1.27396,0.0,0.0,933.269,732.572,0.5224,0.41006,0.0,1,0.067946434,0.592337024,0.5923413855187473
JUVROJ_clean,JUVROJ_clean,5.07744,3.63748,5.07744,1.35621,1447.17,1067.07,0.0,0.0,0.563,0.415127,0.0,0,0.048270018,0.450654772,0.45209470054749884
jz4002345_si_002_clean,jz4002345_si_002_clean,8.57756,4.11023,8.57756,1.21659,1656.78,1361.82,0.0,0.0,0.594,0.488251,0.000328789,0,0.035405367,0.32523694,0.3359178992825009
jz4002345_si_003_clean,jz4002345_si_003_clean,8.23229,4.10889,8.23229,1.21659,1653.43,1359.07,0.0,0.0,0.5956,0.489565,0.000164394,0,0.035026441,0.326135011,0.3368135181224995
jz4002345_si_004_clean,jz4002345_si_004_clean,8.12994,4.03809,8.12994,1.2166,1662.07,1366.16,0.0,0.0,0.5922,0.486767,0.000164393,0,0.035295195,0.323971628,0.33688274431000004
KABXES_clean,KABXES_clean,5.52619,4.96961,5.37117,1.18279,1951.27,1649.71,0.0,0.0,0.6294,0.53213,0.0,1,0.045337461,0.41804297,0.43063627297250023
KABXOC_clean,KABXOC_clean,5.507,4.94994,5.35679,1.19591,1938.76,1621.16,0.0,0.0,0.616,0.51509,0.0,1,0.045365308,0.422640976,0.42964457279125007
KACZIZ_clean,KACZIZ_clean,8.95718,5.39384,8.83819,0.804507,2612.7,3247.58,0.0,0.0,0.7218,0.897196,0.0,1,0.056072696,0.525426471,0.5316561975000007
KADLOT_clean,KADLOT_clean,9.00309,8.54299,8.9671,0.97843,1897.63,1939.47,0.0,0.0,0.6736,0.68845,0.0,1,0.033560413,0.33080431,0.32842168373750086
KAHMOW_clean,KAHMOW_clean,5.20373,4.91346,5.20373,1.50927,221.957,147.062,328.828,217.872,0.4508,0.298686,0.0,1,0.085879137,0.5276806,0.6058093650374975
KAHPUE_clean,KAHPUE_clean,5.5467,4.52994,5.5467,1.10879,1597.49,1440.76,0.0,0.0,0.5904,0.532473,0.0,1,0.020505971,0.199875297,0.20438684166749976
KAPHOB_clean,KAPHOB_clean,4.89405,3.15092,4.20437,1.04092,0.0,0.0,1133.0,1088.46,0.5528,0.531068,0.0,1,0.059887434,0.548958936,0.5388094771449998
KARTAA_clean,KARTAA_clean,6.20188,4.23592,5.30961,1.89212,1747.42,923.525,0.0,0.0,0.5718,0.3022,0.0,0,0.02521963,0.23854992,0.2378592999425009
KAVLID_clean,KAVLID_clean,3.80536,2.41604,3.77177,1.35746,0.0,0.0,130.925,96.4485,0.4054,0.298645,0.0,0,0.015363357,0.145105739,0.14273210704625053
KEDJAG06_clean,KEDJAG06_clean,5.60157,4.39581,5.5618,1.06802,3018.73,2826.48,0.0,0.0,0.6908,0.646807,0.0,0,0.020778112,0.207205889,0.20903089138875
KEFBII_clean,KEFBII_clean,11.60551,5.69321,11.58639,0.756483,2453.14,3242.83,0.0,0.0,0.7332,0.969223,0.0,1,0.047493414,0.461006376,0.448504249747499
KEFBOO_clean,KEFBOO_clean,11.98728,8.05488,11.98728,0.72084,2302.73,3194.5,0.0,0.0,0.7462,1.03518,0.0,1,0.038803719,0.382424513,0.38185237503625
KEGZOL_clean,KEGZOL_clean,6.39792,4.91247,6.39792,0.989226,2580.25,2608.35,0.0,0.0,0.72,0.727842,0.0,0,0.020610611,0.201465045,0.2071769962999999
KEJHIQ_clean_h,KEJHIQ_clean_h,5.28754,3.98518,5.28525,1.29873,1052.26,810.224,0.0,0.0,0.5454,0.41995,0.0,1,0.091640051,0.783779041,0.7676695218862499
KESBOA_clean,KESBOA_clean,6.05718,4.26017,6.04665,0.970091,1926.33,1985.72,0.0,0.0,0.5956,0.613963,0.0,1,0.035318012,0.351613851,0.3423333939587498
KESBUG_clean,KESBUG_clean,6.02545,4.0393,5.99647,0.986984,1894.92,1919.91,0.0,0.0,0.59,0.597781,0.0,1,0.033026616,0.3156716,0.3211972805587514
KESGAS_clean,KESGAS_clean,5.62194,5.11595,5.6016,1.12689,1067.74,947.506,0.0,0.0,0.5322,0.472273,0.0,1,0.041954257,0.393095128,0.38684598093999917
KEWNUX_clean,KEWNUX_clean,10.50155,5.22557,10.50155,1.81291,2313.92,1276.36,0.0,0.0,0.6966,0.384245,0.0,1,0.006959648,0.068681979,0.06904682935499977
KEWZET_clean,KEWZET_clean,6.38285,4.89652,6.37584,1.09177,1385.23,1268.79,0.0,0.0,0.5274,0.483068,0.0,1,0.037281639,0.357001856,0.3546388721150003
KEXFIC_clean,KEXFIC_clean,4.90739,3.75202,4.9029,1.59304,664.487,417.119,0.0,0.0,0.5,0.313865,0.0,1,0.007639302,0.073425895,0.0748571841912502
KEYMUY_clean,KEYMUY_clean,6.53351,5.26079,6.50691,1.20658,1362.71,1129.4,0.0,0.0,0.5562,0.460973,0.0,1,0.047777937,0.451735108,0.44810672544874924
KIBDIJ_clean,KIBDIJ_clean,4.30909,3.88512,4.30289,2.07432,740.264,356.871,0.0,0.0,0.4854,0.234004,0.0,0,0.034513138,0.312165994,0.3117834642737482
KIFKAM_clean,KIFKAM_clean,4.32056,3.04859,4.3059,1.22885,0.0,0.0,513.614,417.963,0.4718,0.383936,0.0,1,0.079229661,0.658834966,0.6330221589637474
KIFWUT_clean,KIFWUT_clean,5.20547,3.53873,4.99626,1.38567,317.914,229.429,0.0,0.0,0.4078,0.294297,0.0,1,0.020440189,0.178562241,0.18365174972750023
KILJEV_clean,KILJEV_clean,3.8471,3.18487,3.8471,1.95946,0.0,0.0,152.458,77.8064,0.3714,0.189542,0.0,1,0.00339258,0.034322425,0.03395281993749999
KIPJIE_clean,KIPJIE_clean,6.98996,5.50834,6.97989,1.65051,1046.06,633.782,0.0,0.0,0.4498,0.272521,0.0,0,0.015922109,0.151640939,0.15213835829750036
KISPOS_ion_b,KISPOS_ion_b,7.37355,2.51949,7.36788,1.4321,0.0,0.0,581.793,406.252,0.451,0.314922,0.0,1,0.009568075,0.093093152,0.09188032597750025
KIVVOC_clean,KIVVOC_clean,4.30313,2.8769,4.24716,1.27743,0.0,0.0,542.603,424.761,0.562,0.439946,0.0,1,0.072458037,0.580380641,0.6312024387500006
KIXKOS_ion_b,KIXKOS_ion_b,8.14141,2.84709,8.12807,1.42721,0.0,0.0,964.191,675.577,0.4674,0.327492,0.0,1,0.015906882,0.156616814,0.1534286525625008
KIXXOG01_clean,KIXXOG01_clean,3.82331,2.6999,3.8166,1.18001,0.0,0.0,536.087,454.306,0.489,0.414402,0.0,1,0.073450729,0.663895773,0.6188170028312477
KIXXOG_clean,KIXXOG_clean,3.83742,2.67446,3.83742,1.17163,0.0,0.0,569.53,486.1,0.497,0.424195,0.0,1,0.077501827,0.670842619,0.6290466533574943
KIYMEM_clean,KIYMEM_clean,4.0581,3.10709,4.03438,1.48822,0.0,0.0,694.265,466.507,0.5046,0.339063,0.0,1,0.11270195,0.879700649,0.8783116971024953
KIYTOD_clean,KIYTOD_clean,14.38752,6.75209,13.57035,0.794229,1901.95,2394.72,0.0,0.0,0.7144,0.899489,0.0,1,0.033502219,0.335891911,0.33129090923750065
KOBPUN_clean,KOBPUN_clean,3.94132,2.74553,3.92764,1.76982,0.0,0.0,175.121,98.9482,0.4484,0.253359,0.0,1,0.016209211,0.147386515,0.15439886687999993
KOBRAV_clean,KOBRAV_clean,6.35889,3.80128,6.35889,1.36336,826.663,606.343,0.0,0.0,0.4722,0.34635,0.0,1,0.022970615,0.216221483,0.21446421482249955
KOCWEF_clean,KOCWEF_clean,8.13442,3.87575,8.10204,1.046,828.231,791.809,624.804,597.328,0.5872,0.561377,0.0,1,0.035180037,0.344008583,0.3206621516174989
KOFPEB01_clean,KOFPEB01_clean,7.3154,5.12362,7.3154,1.77872,899.08,505.464,0.0,0.0,0.461,0.259175,0.0,0,0.018772019,0.177395685,0.1791391472987501
KOFPEB02_clean,KOFPEB02_clean,7.34058,5.07386,7.34058,1.77151,892.32,503.707,0.0,0.0,0.46,0.259666,0.0,0,0.019040949,0.17886761,0.1795429330337502
KOFVOS_clean,KOFVOS_clean,5.23992,4.30833,5.23699,1.25499,1442.74,1149.6,0.0,0.0,0.543,0.432672,0.0,1,0.052968756,0.483152203,0.4851912429187497
KOHLIE_clean,KOHLIE_clean,6.85522,4.84816,6.83832,0.971676,1685.5,1734.63,0.0,0.0,0.5992,0.616666,0.0,1,0.033651709,0.321644446,0.32935947505875096
KOJZIT_clean,KOJZIT_clean,16.19567,14.7503,16.19567,0.506406,2424.91,4788.47,0.0,0.0,0.7912,1.56238,0.0,1,0.041330412,0.412346033,0.4084382388924979
KOLWEO_clean,KOLWEO_clean,4.80101,2.59235,4.79049,1.20113,0.0,0.0,622.783,518.5,0.4602,0.383141,0.0,0,0.088766922,0.677850482,0.6692993819024972
KOMHAW_clean,KOMHAW_clean,4.30719,2.83423,4.30719,1.67254,0.0,0.0,377.967,225.983,0.4924,0.294402,0.0,1,0.044922364,0.384593955,0.4032359663075
KOMJIH_clean,KOMJIH_clean,5.81301,2.41893,5.813,1.99486,0.0,0.0,304.575,152.68,0.4528,0.226983,0.0,0,0.02145936,0.169602449,0.17719323410624946
KONSAJ_clean,KONSAJ_clean,18.94329,3.74567,18.94329,1.10475,1183.2,1071.01,0.0,0.0,0.647,0.585652,0.0,1,0.010748177,0.103910203,0.10621760539499979
KONYOB_clean,KONYOB_clean,4.69642,3.80022,4.68366,1.36629,635.393,465.049,0.0,0.0,0.4666,0.341508,0.0,1,0.011253672,0.110434688,0.10883981011625
KORMOV_clean,KORMOV_clean,4.2954,2.55888,4.28192,1.70306,0.0,0.0,225.136,132.195,0.369,0.216669,0.0,1,0.035194514,0.276789209,0.2939545352562513
KOSJAF_clean,KOSJAF_clean,10.99192,9.84925,10.99026,1.18883,1563.88,1315.47,0.0,0.0,0.6324,0.53195,0.0,1,0.023957494,0.235258207,0.2358421443725001
KOSKAG_clean,KOSKAG_clean,11.20025,9.92421,11.20025,1.17831,1553.45,1318.38,0.0,0.0,0.64,0.543152,0.0,1,0.024229961,0.239281099,0.2407119893849987
KOSKEK_clean,KOSKEK_clean,11.20845,9.89743,11.20845,1.17889,1581.37,1341.4,0.0,0.0,0.6412,0.543901,0.0,1,0.024041193,0.238602604,0.23715407023750082
KOXGAH_clean,KOXGAH_clean,5.583,3.66466,5.55273,1.2752,1155.67,906.265,0.0,0.0,0.5562,0.436166,0.0,1,0.037443275,0.338479189,0.34686020663500033
KOZQEX_clean,KOZQEX_clean,22.4236,6.86083,22.4236,0.430914,1919.0,4453.33,0.0,0.0,0.8428,1.95584,0.0,1,0.032952277,0.324480691,0.32870628820624903
KUDLUR_clean,KUDLUR_clean,7.15013,5.00794,7.15013,1.94765,848.423,435.613,0.0,0.0,0.4292,0.220368,0.0,0,0.019089028,0.177917164,0.17627009541000102
KUDMAY_clean,KUDMAY_clean,7.16272,5.01285,7.16272,1.93261,861.664,445.855,0.0,0.0,0.439,0.227154,0.0,0,0.019498984,0.178790915,0.18202415724375023
KUFBEU_clean,KUFBEU_clean,5.14306,4.53772,5.14306,2.05503,811.697,394.98,0.0,0.0,0.4976,0.242137,0.0,1,0.011653358,0.111763561,0.11156442367624975
KUGZIW_clean,KUGZIW_clean,10.78109,9.76034,10.78096,0.954298,1397.44,1464.37,0.0,0.0,0.6244,0.654303,0.0,1,0.030558914,0.30082918,0.29921979143625105
KUHNEI_clean,KUHNEI_clean,4.79446,3.77144,4.77823,1.53468,1318.31,859.009,0.0,0.0,0.5006,0.326191,0.0,1,0.068339547,0.594884126,0.5972074739162473
KUKHAB_clean,KUKHAB_clean,5.58283,2.96304,5.58283,1.19026,0.0,0.0,687.325,577.458,0.4882,0.410163,0.0,1,0.040431811,0.360048811,0.35661461237999964
KUKMUA_clean,KUKMUA_clean,7.32298,5.66775,7.31573,1.18063,2218.14,1878.78,0.0,0.0,0.6574,0.556822,0.0,1,0.037559535,0.360470404,0.36167429544000074
KUKZOH_clean,KUKZOH_clean,7.44729,5.70388,7.44729,0.883784,2165.19,2449.91,57.8203,65.4236,0.6614,0.748373,0.0,1,0.052900033,0.47412843,0.4919245728449997
KULZEY_clean,KULZEY_clean,5.33789,3.67614,4.8281,1.21787,366.738,301.132,43.558,35.7659,0.4728,0.38822,0.0,1,0.030523933,0.260795767,0.27750161533250045
KUMJIN_clean,KUMJIN_clean,4.49028,2.59719,4.40464,1.66957,0.0,0.0,254.23,152.272,0.386,0.231197,0.0,0,0.067170667,0.389484365,0.4231210046912509
KUNRAO_clean,KUNRAO_clean,5.17272,3.17773,5.17272,1.2255,0.0,0.0,1092.63,891.578,0.57,0.465115,0.0,1,0.102125701,0.834450925,0.8542779475062534
KUQXIE_clean,KUQXIE_clean,4.66467,3.81788,4.64797,2.25323,873.463,387.649,0.0,0.0,0.4358,0.193411,0.0,1,0.030416353,0.274397218,0.26531674965749913
KUVYAD_clean,KUVYAD_clean,7.7679,4.64075,7.76059,0.97417,2004.06,2057.19,0.0,0.0,0.6464,0.663539,0.0,1,0.034333025,0.336839767,0.3325422916275005
KUZPEC_clean,KUZPEC_clean,5.17179,3.98335,5.17179,1.18882,918.246,772.405,0.0,0.0,0.4884,0.410829,0.0,0,0.038330208,0.344143075,0.3491928623262497
KUZZAI_clean,KUZZAI_clean,6.29773,3.71971,6.29294,1.09675,1370.58,1249.67,0.0,0.0,0.5312,0.48434,0.0,1,0.053472175,0.498623883,0.49171979671624927
la304204k_si_003_clean,la304204k_si_003_clean,7.26398,5.93484,7.26398,0.928582,1704.47,1835.57,0.0,0.0,0.6226,0.670485,0.0,1,0.04208079,0.404188542,0.4035861498637501
LACBID_clean,LACBID_clean,10.30601,6.64118,10.28692,0.805914,2114.88,2624.2,0.0,0.0,0.7002,0.868827,0.0,1,0.028851204,0.280679094,0.2830325164050008
LACGAZ_clean,LACGAZ_clean,4.56845,2.51115,4.55012,1.18182,0.0,0.0,494.316,418.266,0.487,0.412076,0.0,1,0.066616483,0.559696492,0.5567307685737485
LACGED_clean,LACGED_clean,5.2733,3.44165,5.13632,1.92322,520.432,270.604,0.0,0.0,0.4068,0.21152,0.0,1,0.055215564,0.391201836,0.4280594321212515
LADQUF_clean,LADQUF_clean,6.36601,5.5234,6.1979,1.16657,696.584,597.122,678.849,581.92,0.5602,0.480212,0.0,1,0.041870076,0.383134574,0.3858450868687502
LADWAR_clean,LADWAR_clean,4.69523,3.00887,4.68206,1.73156,0.0,0.0,542.302,313.187,0.4102,0.236896,0.0,1,0.01279038,0.124367671,0.12206403244500022
LAFFEG02_clean,LAFFEG02_clean,5.85231,3.84033,5.85188,1.01925,1457.17,1429.65,0.0,0.0,0.5954,0.584153,0.0,1,0.046203217,0.445733043,0.43921136056374954
LAFRER_manual,LAFRER_manual,13.05445,5.12975,13.05445,0.705732,1930.45,2735.39,0.0,0.0,0.696,0.986211,0.0,0,0.055961305,0.526820593,0.5154537823550025
LAFROB_manual,LAFROB_manual,12.50276,5.7361,12.50276,0.712849,1639.29,2299.63,251.853,353.304,0.6904,0.968508,0.0,0,0.059993886,0.566399759,0.5509810529187472
LAGMUD_clean,LAGMUD_clean,4.81496,3.82583,4.65063,1.13347,1702.63,1502.14,0.0,0.0,0.5906,0.521054,0.0,1,0.062602758,0.588452106,0.5745591208824973
LAGNAK_clean,LAGNAK_clean,5.49382,4.32281,5.47087,1.02346,1865.76,1823.0,0.0,0.0,0.633,0.618491,0.0,1,0.043624354,0.426403396,0.4190730275587489
LAGRES_clean,LAGRES_clean,4.0512,2.45744,4.0512,1.67891,0.0,0.0,490.355,292.068,0.489,0.291261,0.0,1,0.029132834,0.268805156,0.26782963218874906
LAGWUN_clean,LAGWUN_clean,7.27418,6.60927,7.27418,1.47237,1426.73,969.005,0.0,0.0,0.5734,0.38944,0.0,1,0.027413621,0.267861491,0.2637116773012499
LAHVAU_clean,LAHVAU_clean,7.77112,5.22128,7.77112,1.02459,1747.86,1705.92,54.8522,53.5358,0.6324,0.617222,0.0,1,0.044763341,0.424326812,0.42763346551124903
LALPIZ_clean,LALPIZ_clean,4.79448,3.30829,4.79412,1.45261,0.0,0.0,490.589,337.73,0.4296,0.295744,0.0,1,0.01482383,0.13878285,0.13849141370749993
LAMFOU_clean,LAMFOU_clean,4.69194,4.00507,4.69151,1.56242,721.999,462.102,0.0,0.0,0.5042,0.322704,0.0,1,0.008349801,0.081463245,0.08217622711249978
LAQNID_clean,LAQNID_clean,13.51443,6.53331,13.51443,0.653619,2236.32,3421.44,0.0,0.0,0.7516,1.1499,0.0,1,0.051226415,0.479911427,0.4695250879999973
LAQZOV_clean,LAQZOV_clean,6.50752,5.08332,6.49522,1.09349,2330.32,2131.09,0.0,0.0,0.645,0.589856,0.0,1,0.032629895,0.323407264,0.31462267724750004
LARZEL_SL_part,LARZEL_SL_part,4.03256,3.23022,4.03256,2.14268,0.0,0.0,87.4273,40.8029,0.3868,0.180522,0.0,0,0.014833953,0.133969558,0.13588844238874997
LASMAV_neutral,LASMAV_neutral,8.35947,4.46891,5.6634,1.04829,1752.03,1671.32,0.0,0.0,0.5968,0.569309,0.0,1,0.040029095,0.368126676,0.38214360045374973
LASRAB_clean,LASRAB_clean,10.22208,8.47748,10.22208,0.840267,2115.15,2517.24,0.0,0.0,0.7808,0.929228,0.0,1,0.012621373,0.12710648,0.12628865472625017
LASWIN_clean,LASWIN_clean,4.48241,3.82945,4.48241,1.26627,817.741,645.786,0.0,0.0,0.4948,0.390753,0.0,1,0.097121963,0.80773691,0.7842725541637496
LAVCOD_clean,LAVCOD_clean,3.77854,3.49065,3.77854,2.38895,513.1,214.781,0.0,0.0,0.4702,0.196823,0.0,1,0.047230518,0.432129779,0.4168350614149988
LAVCUJ_clean,LAVCUJ_clean,4.43208,3.98772,4.43094,2.2011,1075.88,488.794,0.0,0.0,0.5356,0.243333,0.0,1,0.002872267,0.02892105,0.02742950136625
LAVDOE_clean,LAVDOE_clean,6.06535,4.45301,6.06535,1.35673,1212.79,893.908,0.0,0.0,0.533,0.392855,0.0,1,0.03672914,0.34024084,0.3425397830200001
LAVTOT_clean,LAVTOT_clean,6.86565,6.50199,6.86565,1.63118,1543.92,946.504,0.0,0.0,0.5648,0.346252,0.0,0,0.035778061,0.344198747,0.3413650999787501
LAVTUZ_clean,LAVTUZ_clean,6.84748,6.45021,6.84748,1.66996,1548.02,926.977,0.0,0.0,0.5682,0.340247,0.0,0,0.044349654,0.416581315,0.4114226332187474
LAWFUL_clean,LAWFUL_clean,15.1002,7.9585,15.1002,0.589907,2229.21,3778.92,0.0,0.0,0.8122,1.37683,0.0,0,0.025221838,0.248872112,0.25007385405000165
LAWFUN_clean,LAWFUN_clean,6.89842,3.95926,6.89842,1.2173,1168.89,960.232,0.0,0.0,0.5192,0.426519,0.0,1,0.055908861,0.502779439,0.5033489801925012
LAXGOH03_clean,LAXGOH03_clean,3.45581,2.63965,3.44857,2.00531,0.0,0.0,23.6484,11.7929,0.4998,0.249239,0.0,1,0.003505172,0.035118962,0.03470430854999998
LAXMIJ_clean,LAXMIJ_clean,4.1003,3.36093,4.09702,1.76873,147.607,83.4538,0.0,0.0,0.4108,0.232257,0.0,1,0.016882365,0.153296916,0.16061500381750007
LAZGOK_manual,LAZGOK_manual,4.94973,3.64755,4.74405,1.28266,1115.13,869.385,0.0,0.0,0.5616,0.43784,0.0,1,0.010228445,0.100805107,0.10114451574875007
LAZLEF_clean,LAZLEF_clean,4.78618,3.28934,3.84091,1.51146,0.0,0.0,609.74,403.41,0.4594,0.303944,0.0,0,0.028825038,0.26123839,0.2623447165525003
LECHUX_clean,LECHUX_clean,4.66634,2.72011,4.62729,2.83999,0.0,0.0,341.431,120.222,0.483,0.170071,0.0,1,0.00398724,0.038903482,0.03825893625125022
LEDPIU_clean,LEDPIU_clean,4.54615,3.26956,4.38676,1.31264,0.0,0.0,520.868,396.808,0.4608,0.351047,0.0,1,0.011353465,0.11086582,0.1086178254837503
LEGGOU_clean,LEGGOU_clean,4.37373,2.43151,4.358,1.63905,0.0,0.0,226.057,137.919,0.4444,0.271133,0.0,1,0.024478163,0.211754431,0.20795003244374866
LEHXUT_clean,LEHXUT_clean,24.94881,9.11981,13.96328,0.407171,1936.47,4755.92,0.0,0.0,0.8288,2.03551,0.0,1,0.038413181,0.369164318,0.38418469554999995
LEJKIW_clean,LEJKIW_clean,6.1081,4.29761,6.1081,1.82473,1754.35,961.429,0.0,0.0,0.562,0.307991,0.0,1,0.060622391,0.515962002,0.5443271551399984
LEMNOH_clean,LEMNOH_clean,4.05561,3.09524,4.05434,1.19418,0.0,0.0,699.34,585.624,0.4786,0.400777,0.0,0,0.060906424,0.531072448,0.5331940260800002
LENGAO_clean,LENGAO_clean,9.03703,6.62918,8.94738,0.968421,1920.56,1983.18,0.0,0.0,0.6764,0.698457,0.0,1,0.0324525,0.299070253,0.31482394639124966
LENKIA_clean,LENKIA_clean,11.49386,10.72802,11.47361,1.31034,1534.89,1171.37,0.0,0.0,0.6288,0.479875,0.0,1,0.022447755,0.227170659,0.22011559556124968
LEWMUX_clean,LEWMUX_clean,9.4187,3.8157,9.4187,1.15388,1572.68,1362.95,0.0,0.0,0.5946,0.515306,0.0,1,0.053400705,0.462618613,0.49287876772124906
LEZMIN_clean,LEZMIN_clean,4.88856,4.07448,4.86623,1.80949,1151.84,636.557,0.0,0.0,0.5686,0.314232,0.0,0,0.05473058,0.494213972,0.4821538615712507
LEZWUK_clean,LEZWUK_clean,6.90304,3.45469,6.90294,3.02612,1351.11,446.482,2.10866,0.696819,0.5404,0.178579,0.0,1,0.004473609,0.045220785,0.043915749571249725
LIBZIG_clean,LIBZIG_clean,5.90138,4.68963,5.90138,1.54375,1825.0,1182.18,0.0,0.0,0.5888,0.381408,0.0,1,0.023558491,0.228159485,0.22838699302249982
LIDWIG_clean,LIDWIG_clean,6.16997,4.49229,6.14357,1.15777,1073.38,927.108,0.0,0.0,0.4856,0.419428,0.0,0,0.048821546,0.442162062,0.43321384494375015
LIFSEA_clean,LIFSEA_clean,5.51731,3.61848,5.51731,1.29733,1177.02,907.264,0.0,0.0,0.5102,0.393268,0.0,0,0.051213256,0.45125807,0.4583348160700005
LIRTEM_SL,LIRTEM_SL,4.39792,3.07921,4.36846,1.56232,0.0,0.0,442.667,283.339,0.4678,0.299426,0.0,0,0.021979307,0.202827439,0.2061430070962496
LITCIC_clean,LITCIC_clean,7.20254,4.1628,7.20254,0.886931,1974.54,2226.26,0.0,0.0,0.6382,0.71956,0.0,1,0.047261121,0.455544541,0.4547020918925015
LITHUR_clean,LITHUR_clean,5.86756,4.66068,5.8615,1.85218,2577.81,1391.77,0.0,0.0,0.691,0.373074,0.0,0,0.005885632,0.058714261,0.058175604737499935
LIWXIZ_clean,LIWXIZ_clean,4.12479,3.66059,4.10123,1.63001,136.604,83.8054,0.0,0.0,0.3614,0.221716,0.0,1,0.005792074,0.053694528,0.055961232102499814
LIWXOG_clean,LIWXOG_clean,5.30986,3.68842,5.30986,1.40965,1545.05,1096.05,0.0,0.0,0.589,0.417834,0.0,1,0.030601019,0.291376209,0.29016898027124965
LIXDAZ_clean,LIXDAZ_clean,4.90227,2.42114,4.85767,1.78613,0.0,0.0,298.711,167.239,0.3702,0.207264,0.0,0,0.026941352,0.221826617,0.2355442565637505
LIXWAR_clean,LIXWAR_clean,5.63611,3.90043,5.63611,1.06263,1387.85,1306.06,0.0,0.0,0.5696,0.536029,0.0,1,0.052177757,0.483943968,0.4883760021887526
LIXXAS_clean,LIXXAS_clean,6.60705,5.3683,6.60705,1.11648,2145.98,1922.1,0.0,0.0,0.6524,0.584335,0.0,1,0.038253611,0.366941897,0.3724162026487507
LOBHAM_clean,LOBHAM_clean,7.0104,5.91491,7.0104,1.01758,1770.03,1739.45,0.0,0.0,0.6232,0.612433,0.0,0,0.035765306,0.347194359,0.3496502147400014
LOCZIO_clean,LOCZIO_clean,7.2178,3.83248,7.2178,1.09612,1264.7,1153.8,0.0,0.0,0.5608,0.511625,0.0,1,0.045250913,0.430991553,0.4219772464725003
LODPOK_clean,LODPOK_clean,6.03379,4.847,6.02677,1.05247,1500.99,1426.17,0.0,0.0,0.5354,0.50871,0.0,1,0.075683819,0.652126299,0.6571300323575011
LOFVUY_clean,LOFVUY_clean,8.04365,4.63845,8.04358,1.07811,1889.15,1752.28,0.0,0.0,0.626,0.580647,0.0,1,0.027396387,0.264854887,0.2696003670012497
LOFZUB_clean,LOFZUB_clean,8.36948,3.5655,8.36948,1.45872,1389.79,952.749,0.0,0.0,0.549,0.376358,0.0,0,0.034868027,0.335840896,0.3336539724987469
LOGXEM_clean,LOGXEM_clean,11.7072,8.5205,11.7072,1.40177,1826.91,1303.29,0.0,0.0,0.6678,0.476399,0.0,0,0.00661091,0.065684691,0.06618807276000051
LOJFUL_clean,LOJFUL_clean,11.50657,8.6404,11.49116,0.609882,1949.87,3197.13,64.2093,105.281,0.7292,1.19564,0.0,1,0.053081532,0.483451376,0.4840973103799977
LOJLAZ_clean,LOJLAZ_clean,6.04161,4.90341,6.00485,1.78682,1392.9,779.539,0.0,0.0,0.5636,0.31542,0.0,1,0.025588106,0.246634908,0.24149835234250042
LOLVAJ_clean,LOLVAJ_clean,4.04776,3.6459,4.03742,2.02495,342.226,169.005,0.0,0.0,0.431,0.212845,0.0,0,0.00747566,0.075004606,0.07270073152750028
LOMLOQ_clean,LOMLOQ_clean,6.7486,3.80235,6.29526,1.47019,2203.5,1498.78,0.0,0.0,0.646,0.439399,0.0,0,0.045217271,0.431179022,0.42173185387374984
LONVIV_clean,LONVIV_clean,10.81251,9.68892,10.81235,1.16864,1579.98,1351.99,0.0,0.0,0.6292,0.538405,0.0,1,0.025337134,0.251152165,0.2466128364424995
LONWIW_clean,LONWIW_clean,6.32722,5.3124,6.00348,0.832586,2332.25,2801.21,0.0,0.0,0.6626,0.795834,0.0,1,0.042866582,0.420716943,0.4189968423512508
LOQSEQ_clean,LOQSEQ_clean,4.56007,2.72619,4.52807,1.27817,0.0,0.0,348.284,272.485,0.4612,0.360827,0.0,0,0.076679437,0.540339373,0.5928858919349991
LORROB_clean,LORROB_clean,6.37003,3.61495,6.36168,1.37197,938.703,684.2,0.0,0.0,0.4942,0.360212,0.0,1,0.024551607,0.230833849,0.23145136040750064
LORRUH_clean,LORRUH_clean,6.15081,3.36993,6.15081,1.38382,906.777,655.273,0.0,0.0,0.48,0.346867,0.0,1,0.024884562,0.231638581,0.23378058982250066
LOVLEP_clean,LOVLEP_clean,10.42908,4.04603,10.42903,1.5407,1428.2,926.981,0.0,0.0,0.5884,0.381905,0.0,1,0.010733559,0.104678434,0.10573914231000027
LUBMAW_clean,LUBMAW_clean,13.15917,12.3614,13.15917,0.992617,1200.54,1209.47,0.0,0.0,0.628,0.632671,0.0,1,0.016368731,0.163948152,0.1615377673887501
LUCDES_clean,LUCDES_clean,8.51481,6.04534,8.51481,0.866707,2299.09,2652.67,0.0,0.0,0.7194,0.830038,0.0,1,0.028709913,0.282685332,0.2828627803862519
LUCDIW_clean,LUCDIW_clean,8.52461,6.17272,8.52461,0.822543,2288.73,2782.5,0.0,0.0,0.7208,0.876306,0.0,1,0.030004798,0.293318923,0.29320692029500095
LUDKUS_clean,LUDKUS_clean,6.94763,4.22525,6.94763,1.5606,819.909,525.382,0.0,0.0,0.4464,0.286044,0.0,1,0.153803972,0.943453917,1.0086585352737485
LUDLIH_clean,LUDLIH_clean,13.23241,6.67449,13.22045,0.876399,2107.58,2404.81,0.0,0.0,0.7124,0.812871,0.0,1,0.047778073,0.420612756,0.4273230648749997
LUFBUL_clean,LUFBUL_clean,4.96727,4.63026,4.96727,1.29284,870.275,673.148,0.0,0.0,0.4736,0.366324,0.0,1,0.084751538,0.676869295,0.6682653911062479
LUFNAC03_clean,LUFNAC03_clean,7.68055,5.84066,7.66172,1.02599,1463.18,1426.13,0.0,0.0,0.565,0.55069,0.0,1,0.056456128,0.536879923,0.5380640478549974
LUFQUZ02_clean,LUFQUZ02_clean,4.33985,4.02318,4.33985,1.29652,936.621,722.414,0.0,0.0,0.5262,0.405857,0.0,1,0.06493059,0.600897632,0.57638550218125
LUFQUZ_clean,LUFQUZ_clean,4.20915,3.71253,4.20915,1.48805,761.664,511.852,0.0,0.0,0.4716,0.316924,0.0,1,0.100180329,0.825435225,0.7744246432624994
LUMYOJ_clean,LUMYOJ_clean,5.98976,4.51852,5.98976,1.3118,1973.17,1504.17,0.0,0.0,0.6186,0.471565,0.0,1,0.039267086,0.391216405,0.3764892228775021
LUMZAW_clean,LUMZAW_clean,5.8494,4.60336,5.8494,1.30478,1964.07,1505.29,0.0,0.0,0.6278,0.481155,0.0,1,0.04006536,0.378599688,0.3808632169725032
LUMZEA_clean,LUMZEA_clean,5.68133,2.7509,5.67971,1.82686,0.0,0.0,694.97,380.419,0.4732,0.259024,0.0,1,0.015001687,0.142859699,0.14068941173000032
LUMZUO_clean,LUMZUO_clean,5.98461,4.76477,5.96493,1.86922,2708.01,1448.74,0.0,0.0,0.6802,0.363895,0.0,1,0.005325835,0.052978998,0.0526066141699998
LUPTAS_clean,LUPTAS_clean,4.91554,3.81154,4.8497,1.42961,733.471,513.055,0.0,0.0,0.4568,0.319527,0.0,1,0.052234377,0.438545689,0.44477229778749994
LUQGAG_clean,LUQGAG_clean,6.95292,4.98162,6.95292,1.09152,1536.81,1407.96,0.0,0.0,0.5428,0.497289,0.0,0,0.04491039,0.42068106,0.418657258127499
LURLOB_clean,LURLOB_clean,7.37662,6.99185,7.37662,1.00469,1747.18,1739.02,0.0,0.0,0.6396,0.636613,0.0,0,0.038446082,0.381730439,0.37718457339999956
LUSHIR_clean,LUSHIR_clean,5.64907,5.07129,5.64636,1.2313,1163.45,944.9,0.0,0.0,0.5004,0.406401,0.0,0,0.048468875,0.440318083,0.4358033391774998
LUTCIN_clean,LUTCIN_clean,3.89894,2.5461,3.89894,1.91922,0.0,0.0,258.647,134.767,0.4452,0.231969,0.0,1,0.044757266,0.386874669,0.3949782262337511
LUWMIB_clean,LUWMIB_clean,6.46125,4.54999,6.46125,1.13178,2301.96,2033.92,0.0,0.0,0.6152,0.543567,0.0,1,0.052966864,0.48141762,0.5019884570800008
LUXDUE_clean,LUXDUE_clean,13.68943,4.23916,13.68943,1.04302,1835.8,1760.08,13.4841,12.9279,0.692,0.663456,0.0,1,0.029221303,0.282319522,0.2872405702012502
LUXFOA_clean,LUXFOA_clean,13.73946,4.3179,13.73946,0.952497,1834.04,1925.51,15.1519,15.9076,0.6722,0.705724,0.0,1,0.022682595,0.22119053,0.22241442755875002
LUXFUG_clean,LUXFUG_clean,13.71044,4.29007,13.71044,1.01438,1788.77,1763.41,11.1798,11.0213,0.6608,0.651434,0.0,1,0.022214798,0.216021093,0.21701727023374942
LUYBOY_clean,LUYBOY_clean,7.89316,7.4198,7.87816,1.34135,1580.28,1178.13,0.0,0.0,0.5778,0.43076,0.0,1,0.024105998,0.239286394,0.230815519748751
LUZBOY_clean,LUZBOY_clean,6.14636,4.66385,6.14509,0.864953,1863.69,2154.67,0.0,0.0,0.6302,0.728594,0.0,0,0.034585921,0.342731994,0.33900920979374916
MABJUV01_clean,MABJUV01_clean,4.71712,3.63905,4.71712,1.54053,563.034,365.48,0.0,0.0,0.4068,0.264064,0.0,0,0.025812582,0.236394487,0.2316184501475006
MABKEG_clean,MABKEG_clean,4.96705,4.29241,4.96705,1.47907,598.033,404.332,0.0,0.0,0.4092,0.276661,0.0,0,0.029631853,0.260763218,0.2608757744612509
MABKIK_clean,MABKIK_clean,4.95272,4.26488,4.95272,1.45304,582.257,400.715,0.0,0.0,0.4264,0.293453,0.0,0,0.028173771,0.250197598,0.25449252399125005
MABLAD_clean,MABLAD_clean,5.34449,3.90767,5.34449,1.19766,953.889,796.46,0.0,0.0,0.4728,0.394769,0.0,0,0.075926495,0.6400349,0.6324575653787522
MACHIJ_clean,MACHIJ_clean,13.29616,4.97277,13.29616,0.983012,1612.04,1639.9,0.0,0.0,0.67,0.681578,0.0,1,0.020697844,0.202877348,0.2035308587000003
MADVUJ_clean,MADVUJ_clean,5.32382,4.69426,5.32382,1.65668,675.478,407.729,0.0,0.0,0.418,0.252311,0.0,0,0.029376834,0.260377903,0.26098553966375015
MAFDII_SL,MAFDII_SL,6.17503,4.57934,6.17321,1.14403,1406.65,1229.55,266.817,233.224,0.5936,0.518866,0.0,0,0.057311817,0.519889413,0.5234976403312485
MAGVOG19_clean,MAGVOG19_clean,3.8036,3.08426,3.8036,1.77767,0.0,0.0,234.303,131.804,0.536,0.301518,0.0,1,0.001523121,0.015742222,0.01536615498249989
MAHCEG_clean,MAHCEG_clean,18.51843,7.97271,18.51843,0.531149,2149.05,4046.05,0.0,0.0,0.8144,1.53328,0.0,1,0.031236275,0.30712419,0.3105441563449984
MAHTAR_clean,MAHTAR_clean,5.34824,4.13773,5.34698,1.34089,993.502,740.929,0.0,0.0,0.4942,0.368562,0.0,1,0.052956559,0.458579709,0.4650057454012523
MAKGAJ_clean,MAKGAJ_clean,8.49976,6.89727,8.49976,1.31953,1515.96,1148.87,0.0,0.0,0.5704,0.432276,0.0,0,0.028595276,0.272209736,0.27796959380500014
MAKRAU_clean,MAKRAU_clean,7.29081,6.46944,7.28567,1.08372,1133.62,1046.04,0.0,0.0,0.4976,0.459157,0.0,1,0.031783008,0.299185371,0.30103360448375033
MAKRIC_clean,MAKRIC_clean,4.96992,3.99417,4.90348,1.09301,509.103,465.783,515.606,471.733,0.491,0.44922,0.0,1,0.088064902,0.737216207,0.7139383823962487
MAPFIS_clean,MAPFIS_clean,5.59771,4.30891,5.54289,1.06696,1494.67,1400.87,0.0,0.0,0.5474,0.513047,0.0,1,0.05327336,0.508502293,0.49198228262000115
MARLID_clean,MARLID_clean,4.13872,3.05951,4.13872,1.62151,0.0,0.0,215.675,133.009,0.4692,0.28936,0.0,1,0.004990848,0.047639039,0.04905476283499989
MARNUR_clean,MARNUR_clean,3.87551,3.35146,3.87331,1.60434,204.709,127.597,0.0,0.0,0.4222,0.263162,0.0,0,0.025659572,0.228288832,0.23050622149000077
MASZOX_clean,MASZOX_clean,6.20608,3.81259,6.16409,1.48643,1158.39,779.31,0.0,0.0,0.5192,0.349294,0.0,1,0.025339942,0.233480536,0.23874156444624994
MATTOR_clean,MATTOR_clean,5.58364,3.90943,5.58364,1.24007,952.192,767.854,70.05,56.4887,0.5222,0.421105,0.0,1,0.085430703,0.725437443,0.692345159739999
MATVIN_clean,MATVIN_clean,3.96403,2.68633,3.96403,1.62281,0.0,0.0,287.453,177.133,0.4138,0.25499,0.0,1,0.067106832,0.486605928,0.5317355072699975
MAVNUU_manual,MAVNUU_manual,7.52328,6.25675,7.49475,1.00896,1346.7,1334.73,0.0,0.0,0.5494,0.544519,0.0,1,0.060201491,0.546248182,0.5435271646350044
MAXHOJ_clean,MAXHOJ_clean,7.21423,7.14904,7.21308,2.35131,802.226,341.182,0.0,0.0,0.4652,0.197847,0.0,1,0.003468181,0.034835594,0.034161805191249776
MAYXUG_clean,MAYXUG_clean,3.93702,2.88696,3.93702,2.34564,0.0,0.0,209.127,89.1559,0.3948,0.168312,0.0,1,0.008193882,0.079998694,0.08053399146500002
MECLEL_clean,MECLEL_clean,6.5631,2.8574,6.52958,1.72824,0.0,0.0,1055.34,610.644,0.4884,0.2826,0.0,0,0.041524684,0.373174059,0.37058171365499915
MEFJOY_clean,MEFJOY_clean,13.35543,4.52002,13.28243,0.978068,2208.16,2257.67,0.0,0.0,0.6982,0.713857,0.0,1,0.047307386,0.450551768,0.42891608499624867
MEFJUE_clean,MEFJUE_clean,13.6466,4.52582,13.6466,0.969419,2198.16,2267.5,0.0,0.0,0.6876,0.709291,0.0,1,0.043958472,0.428232188,0.41766445120000006
MEJQEZ_clean,MEJQEZ_clean,4.70786,3.58668,4.69647,1.26931,973.305,766.801,0.0,0.0,0.5298,0.417393,0.0,0,0.092496155,0.746226438,0.7715686044687484
MEJQID_clean,MEJQID_clean,4.95338,3.66569,4.91383,1.21757,1152.17,946.288,0.0,0.0,0.5426,0.445643,0.0,0,0.085166937,0.716255346,0.727246387296252
MEXDAU01_clean,MEXDAU01_clean,4.5761,2.91188,4.55805,1.87887,0.0,0.0,615.485,327.583,0.534,0.284214,0.0,0,0.105582131,0.866018809,0.8273047009812465
MEXDEY_clean,MEXDEY_clean,5.3901,4.95385,5.37594,2.70285,794.745,294.04,0.0,0.0,0.4526,0.167453,0.0,1,0.026854387,0.234017745,0.23674157036625007
MIBMER_clean,MIBMER_clean,8.80758,7.78405,8.80758,0.713822,2198.53,3079.94,0.0,0.0,0.7072,0.990723,0.0,1,0.031283902,0.314235328,0.3089411797275006
MICNAO_clean,MICNAO_clean,5.38514,2.95181,5.38514,1.04908,0.0,0.0,1084.24,1033.52,0.5686,0.542,0.0,1,0.060205313,0.549059024,0.5352655651400005
MICNES_clean,MICNES_clean,5.22596,3.22734,5.21195,0.972071,0.0,0.0,1275.14,1311.77,0.6024,0.619708,0.0,1,0.060664029,0.547316886,0.5330819935762492
MICNUI_clean,MICNUI_clean,4.66842,2.87558,4.66061,1.0826,0.0,0.0,930.579,859.578,0.5484,0.506558,0.0,1,0.058057861,0.521174761,0.5257294816512524
MICPEU_clean,MICPEU_clean,5.12907,2.95204,5.12235,1.0587,0.0,0.0,1035.09,977.702,0.5792,0.547087,0.0,1,0.065138131,0.578950197,0.577092503512501
MIDCAF_clean,MIDCAF_clean,11.10741,9.8382,11.10741,0.853326,1614.16,1891.61,0.0,0.0,0.6702,0.785397,0.0,1,0.018994288,0.192268993,0.1883049499587515
MIFQOJ_clean,MIFQOJ_clean,7.14805,6.39591,7.14805,1.06573,1037.76,973.749,0.0,0.0,0.5254,0.492994,0.0,0,0.054554129,0.477559641,0.48740403926750164
MIGVON_clean,MIGVON_clean,4.84375,2.49428,4.83711,1.10257,0.0,0.0,570.341,517.283,0.5138,0.466002,0.0,0,0.059898901,0.503993781,0.5217299074275011
MIHHER_clean,MIHHER_clean,15.91854,2.85919,15.8633,1.00757,0.0,0.0,1338.82,1328.76,0.605,0.600454,0.0,0,0.045198851,0.387383414,0.41973232238375024
MIHLUL_clean,MIHLUL_clean,4.76281,3.28084,4.75473,1.42077,0.0,0.0,465.486,327.629,0.4832,0.340097,0.0,1,0.053905717,0.402976821,0.46440406122999944
MIJFIU_clean,MIJFIU_clean,7.7548,2.75421,7.7548,1.00618,0.0,0.0,848.287,843.073,0.5282,0.524954,0.0,1,0.023104284,0.218159393,0.2202126908587492
MIJHOD_clean,MIJHOD_clean,4.18455,3.46938,4.126,1.22946,1127.43,917.014,0.0,0.0,0.5064,0.411887,0.0,1,0.064277247,0.5932837,0.5766106317974987
MILROQ_clean,MILROQ_clean,19.71713,10.83562,19.26567,0.59986,1609.68,2683.42,0.0,0.0,0.7756,1.29297,0.0,1,0.020980335,0.206180206,0.20847739948750074
MIMKIE_clean,MIMKIE_clean,5.77879,3.6694,5.74168,1.1744,1435.84,1222.62,0.0,0.0,0.5446,0.463725,0.0,1,0.043772235,0.417561412,0.41074676007625
MINVOU_clean,MINVOU_clean,6.55346,6.27139,6.55346,1.05162,1583.28,1505.56,0.0,0.0,0.6148,0.584624,0.0,0,0.027950839,0.275275575,0.27345772668749946
MIVFEE_clean,MIVFEE_clean,15.2363,7.95854,15.22375,1.38989,1237.47,890.338,457.865,329.426,0.6876,0.494716,0.0,1,0.022330045,0.214088969,0.2160586394149993
MIXPIU_clean,MIXPIU_clean,4.25709,2.52093,4.21292,1.67822,0.0,0.0,114.1,67.9888,0.4264,0.254079,0.0,1,0.013545226,0.124118006,0.1282309455862497
MIYWIB_clean,MIYWIB_clean,7.04459,5.28876,6.99806,2.24046,1871.0,835.095,0.0,0.0,0.6028,0.269052,0.0,1,0.006131221,0.060816052,0.0604798782962499
MOBBOU_clean,MOBBOU_clean,3.5054,2.64498,3.50522,2.12114,0.0,0.0,32.6297,15.3831,0.447,0.210736,0.0,1,0.002034238,0.01973122,0.020188644674999912
MODNUO_ion_b,MODNUO_ion_b,4.66372,3.69734,4.59177,1.60534,930.362,579.543,0.167447,0.104306,0.5352,0.333388,0.0,1,0.008541047,0.084639478,0.08437019322250032
MOFKUO_clean,MOFKUO_clean,10.06674,5.89372,10.02896,0.775285,1690.92,2181.03,0.0,0.0,0.666,0.859039,0.0,1,0.021556218,0.214948324,0.2149573890374995
MOGMIE_clean,MOGMIE_clean,4.37886,2.72877,4.37886,1.80616,0.0,0.0,176.203,97.5566,0.4044,0.2239,0.0,1,0.010223755,0.089853265,0.09566362914624978
MOJJUR_clean,MOJJUR_clean,4.35468,3.08683,4.35468,1.31606,0.0,0.0,385.999,293.298,0.4966,0.377337,0.0,1,0.011473863,0.115698274,0.11244302352875009
MOMRIR_clean,MOMRIR_clean,4.41914,3.78485,4.34144,1.40491,222.323,158.247,290.552,206.812,0.4588,0.326569,0.0,1,0.064916184,0.512950302,0.5312951207674987
MONFEC_clean,MONFEC_clean,3.52925,2.90143,3.44461,1.57395,0.0,0.0,20.9662,13.3208,0.4052,0.257442,0.0,1,0.007630209,0.076149099,0.07518573606500016
MOPKEJ_clean,MOPKEJ_clean,5.75785,3.52998,5.75785,1.74643,1130.27,647.188,0.0,0.0,0.4994,0.285955,0.0,0,0.050895902,0.437863206,0.44331622550624933
MOQNUB_clean,MOQNUB_clean,4.13558,3.42781,4.13558,1.61589,456.737,282.654,0.0,0.0,0.4966,0.307323,0.0,0,0.076861067,0.680378954,0.6360381660974977
MORZID_clean,MORZID_clean,4.19947,3.9712,4.19947,1.83218,696.283,380.03,0.0,0.0,0.4348,0.237313,0.0,0,0.067709927,0.572780263,0.5651255576462456
MOVGUB_clean,MOVGUB_clean,4.79892,3.66567,4.79892,1.29583,1695.99,1308.8,0.0,0.0,0.5686,0.438791,0.0,1,0.048916705,0.461200596,0.4616233193074961
MUDLIH_manual,MUDLIH_manual,9.95261,2.53081,9.95261,1.99952,0.0,0.0,782.616,391.402,0.4938,0.246959,0.0,0,0.011593427,0.104904669,0.1114830491425002
MUFJAZ01_clean,MUFJAZ01_clean,3.39058,2.67319,3.38356,2.13517,0.0,0.0,0.930625,0.435856,0.42,0.196706,0.0,1,0.001120361,0.011469197,0.01137414415874997
MUFJED_clean,MUFJED_clean,3.41421,2.67066,3.41218,2.29009,0.0,0.0,5.31095,2.3191,0.421,0.183836,0.0,1,0.002306174,0.022488147,0.023275783988750035
MUFXUI_clean,MUFXUI_clean,6.32175,3.7026,6.31403,1.91517,995.288,519.687,0.0,0.0,0.5032,0.262744,0.0,1,0.018654417,0.17894636,0.17809374396374952
MUGHED_clean,MUGHED_clean,6.89695,5.88693,6.88053,1.44086,1384.56,960.922,0.0,0.0,0.5716,0.396706,0.0,0,0.053879856,0.48502429,0.4810825489962495
MUHPAI_clean,MUHPAI_clean,5.12215,3.79398,5.11629,1.52223,483.947,317.921,0.0,0.0,0.445,0.292335,0.0,1,0.034572681,0.297291622,0.305871206932501
MUKRIU_clean,MUKRIU_clean,4.8773,2.90645,4.87181,1.76476,0.0,0.0,423.932,240.22,0.38,0.215326,0.0,1,0.018732905,0.163882222,0.17001772498249987
MUMYAW_clean,MUMYAW_clean,5.93329,4.12111,5.93329,1.25624,296.676,236.162,0.0,0.0,0.4254,0.338629,0.0,0,0.003863517,0.037552697,0.03862239145999999
MUPYIG_clean,MUPYIG_clean,3.46744,2.40351,3.45357,2.41255,0.0,0.0,13.3204,5.5213,0.3978,0.164888,0.0,1,0.00510532,0.049029273,0.04897207197249992
MURBEI_clean,MURBEI_clean,7.16636,5.68293,7.16636,0.873364,2436.63,2789.93,0.0,0.0,0.6948,0.795545,0.0,0,0.065173739,0.642398511,0.6202929365049962
MURCAD_clean,MURCAD_clean,4.60111,3.76823,4.60111,1.18753,1551.89,1306.82,0.0,0.0,0.5832,0.491102,0.0,1,0.045943119,0.43366117,0.43464761376625155
MURNIX_clean,MURNIX_clean,3.37757,2.5632,3.17641,2.3483,0.0,0.0,1.34532,0.572892,0.3688,0.15705,0.0,1,0.001680472,0.015142155,0.016773107700000015
MURTUO_clean,MURTUO_clean,5.36071,4.16389,5.36071,1.95193,861.496,441.357,0.0,0.0,0.5124,0.26251,0.0,1,0.010688958,0.10425539,0.10401677733125035
MUTDIQ_clean,MUTDIQ_clean,8.28155,3.70267,8.27208,0.907108,1694.67,1868.21,61.3387,67.62,0.6404,0.70598,0.0,1,0.027495686,0.269910408,0.2712337858424996
MUTNAQ_clean,MUTNAQ_clean,4.57844,2.9184,4.56708,1.44096,0.0,0.0,465.48,323.035,0.471,0.326866,0.0,0,0.056040136,0.491357023,0.4674556622925012
MUVGOA_clean,MUVGOA_clean,5.03839,3.5374,4.60238,0.993755,720.941,725.471,502.862,506.022,0.5306,0.533934,0.0,0,0.126221725,0.979400225,0.9859406379675011
MUVROM_clean,MUVROM_clean,6.53947,4.17251,6.17765,1.42791,635.748,445.228,276.909,193.926,0.462,0.323549,0.0,1,0.078637145,0.59849373,0.6052591500600024
MUZGAQ_clean,MUZGAQ_clean,8.01686,3.8968,7.05023,1.88749,1060.89,562.066,12.103,6.41222,0.5204,0.27571,0.000105961,1,0.009647249,0.095105127,0.09520788682250023
MUZVUA_clean,MUZVUA_clean,6.29282,4.92678,6.2328,1.05196,1843.91,1752.83,0.0,0.0,0.6012,0.571503,0.0,1,0.037241033,0.367783343,0.3599918999412502
NACYOG_clean,NACYOG_clean,5.74941,4.06197,5.74941,1.46194,999.211,683.482,0.0,0.0,0.4946,0.338317,0.0,1,0.037194022,0.344387012,0.33402351781374906
NADZEZ_clean,NADZEZ_clean,4.52715,3.99796,4.52715,1.63451,828.325,506.772,0.0,0.0,0.4522,0.276657,0.0,0,0.122245696,0.901788977,0.8589566078025013
NAHFOU_clean,NAHFOU_clean,5.06142,2.85562,5.04798,1.28207,0.0,0.0,629.169,490.745,0.5082,0.39639,0.0,0,0.048131298,0.413765886,0.43084043032624897
NAJQUN_clean,NAJQUN_clean,5.34756,3.50411,5.30221,1.22931,1132.44,921.195,0.0,0.0,0.5072,0.412588,0.0,1,0.052908342,0.475853739,0.47393992537125024
NAJTAW_clean,NAJTAW_clean,6.34991,4.99732,6.34991,1.15815,2148.84,1855.41,0.0,0.0,0.6062,0.523422,0.0,1,0.056483544,0.528368435,0.5339340518625019
NAKLIW_clean,NAKLIW_clean,5.07535,4.01579,4.60929,1.15907,1720.4,1484.3,0.0,0.0,0.6208,0.535603,0.0,1,0.058151915,0.550334398,0.5407894894575024
NAKNUK_clean,NAKNUK_clean,4.24436,2.58254,3.23509,1.42531,0.0,0.0,170.717,119.776,0.4138,0.290323,0.0,1,0.010847882,0.103644951,0.10362468591624985
NAMDUD_clean,NAMDUD_clean,16.03482,3.9849,16.03053,0.771409,1799.33,2332.52,0.0,0.0,0.674,0.873726,0.0,1,0.053494348,0.497711872,0.5004035030512516
NANNEY_clean,NANNEY_clean,4.84708,2.74228,4.48751,1.29059,0.0,0.0,356.384,276.14,0.4166,0.322798,0.0,0,0.063663394,0.451495225,0.4785538048775009
NANTII_clean,NANTII_clean,10.0936,8.00204,10.0936,0.620421,2302.26,3710.81,0.0,0.0,0.7974,1.28526,0.0,1,0.018693164,0.187981514,0.1841979508350006
NAPNEA_clean,NAPNEA_clean,6.09623,3.46864,4.58597,0.972297,496.247,510.387,355.216,365.337,0.5562,0.572048,0.0,0,0.027733003,0.248056141,0.26564081270749995
NAQLAT_clean,NAQLAT_clean,6.1178,3.53855,6.08833,1.24225,1087.35,875.308,0.0,0.0,0.5306,0.427128,0.0,1,0.104957087,0.86538969,0.8544634786412533
NARNIG_clean,NARNIG_clean,3.7044,3.30001,3.70047,2.34187,0.0,0.0,105.53,45.0623,0.3758,0.16047,0.0,1,0.005477201,0.053716404,0.05406386500749975
NARNUS_clean,NARNUS_clean,3.65845,3.2533,3.65845,2.38904,0.0,0.0,85.5653,35.8158,0.3796,0.158892,0.0,1,0.004884473,0.047164144,0.04719686415999986
NARPOO_clean,NARPOO_clean,4.62788,3.52973,4.62788,1.93637,626.775,323.686,0.0,0.0,0.4208,0.217314,0.0,1,0.027570251,0.247696673,0.24483658355499927
NATFAS_clean,NATFAS_clean,6.53453,3.93626,6.37422,1.34798,1587.17,1177.44,0.0,0.0,0.564,0.418403,0.0,0,0.073019621,0.64709776,0.6591958629450031
NATHUO_clean,NATHUO_clean,7.56745,6.68911,7.56745,1.07613,1712.53,1591.37,0.0,0.0,0.6018,0.559224,0.0,1,0.031323451,0.301107346,0.30439261789374994
NATKIF_clean,NATKIF_clean,17.00981,12.93858,16.43746,0.345463,1901.41,5503.94,0.0,0.0,0.8556,2.47668,0.0,1,0.039473129,0.397373663,0.3880208680387498
NAVFUM_clean,NAVFUM_clean,3.89875,2.74655,3.88187,2.06017,0.0,0.0,421.459,204.575,0.4038,0.196003,0.0,0,0.061414153,0.480476567,0.4577641880462511
NAWHOL_clean,NAWHOL_clean,4.98803,2.84048,4.98788,1.64979,0.0,0.0,666.862,404.209,0.4934,0.299068,0.0,1,0.020156432,0.190728366,0.18762494458500004
NAWKII_clean,NAWKII_clean,5.87047,3.9227,5.87047,0.947947,1478.21,1559.38,0.0,0.0,0.5784,0.610161,0.0,1,0.0698058,0.648548643,0.6309958674337479
NAWWUG_clean,NAWWUG_clean,5.71546,4.10727,5.46236,1.11201,1652.38,1485.94,0.0,0.0,0.5826,0.523916,0.0,1,0.059064285,0.523928774,0.5438254134350001
NAXKOO_clean,NAXKOO_clean,7.154,7.00039,7.154,1.18269,1555.75,1315.44,0.0,0.0,0.5548,0.469101,0.0,0,0.061664249,0.58974881,0.5652509912037512
NAXLII_clean,NAXLII_clean,5.86925,5.28522,5.86925,1.2305,998.395,811.372,0.0,0.0,0.5042,0.409751,0.0,1,0.024408837,0.237958232,0.23464561621250116
NAYPIM_clean,NAYPIM_clean,5.76963,3.48376,5.76943,1.68342,1111.0,659.968,0.0,0.0,0.502,0.298203,0.0,0,0.042490406,0.379915769,0.38177939140125006
NAYZOE_clean,NAYZOE_clean,15.82314,6.52553,15.81665,0.498918,2302.42,4614.84,0.0,0.0,0.813,1.62953,0.0,1,0.030481937,0.303909433,0.3005540571212523
ncomms7350-s2_clean,ncomms7350-s2_clean,6.32642,5.9567,6.32642,1.52435,1274.9,836.355,0.0,0.0,0.531,0.348344,0.0,1,0.018577537,0.176757952,0.1779855422762498
NEDWEA_clean,NEDWEA_clean,7.23193,5.49922,7.23193,0.857312,2138.95,2494.95,0.0,0.0,0.6398,0.746286,0.0,1,0.033726591,0.338292694,0.33073784183750105
NEJRUR_clean,NEJRUR_clean,4.68942,3.81829,4.68942,1.2394,1057.89,853.554,15.7348,12.6955,0.5034,0.406165,0.0,0,0.060617563,0.536227746,0.5357413745012517
NEJSOM_clean,NEJSOM_clean,5.41485,4.53855,5.40953,1.12052,1544.19,1378.11,0.0,0.0,0.5672,0.506195,0.0,0,0.06843752,0.627823563,0.626212763542499
NELVEG_clean,NELVEG_clean,4.88877,3.9894,4.88281,1.93052,846.514,438.489,0.0,0.0,0.4838,0.250606,0.0,0,0.114365721,0.794810639,0.8707826475687489
NEPWIQ_clean,NEPWIQ_clean,4.3412,3.92268,4.32302,2.14557,765.165,356.625,0.0,0.0,0.4758,0.221759,0.0,1,0.035028269,0.316142957,0.31314124518124864
NERMON_clean,NERMON_clean,5.21245,4.69214,4.9752,1.84917,802.953,434.223,0.0,0.0,0.4356,0.235565,0.0,1,0.005835301,0.05665609,0.058140193279999856
NERTAH_clean,NERTAH_clean,4.54882,3.46995,4.4502,1.3343,589.598,441.88,43.1614,32.3477,0.4772,0.357642,0.0,1,0.033514075,0.289342711,0.30484272294499964
NETFAU_clean,NETFAU_clean,5.9815,3.37252,5.81349,1.64572,938.309,570.151,0.0,0.0,0.5186,0.31512,0.0,1,0.005610638,0.055265367,0.054588757752499835
NETYIV01_clean,NETYIV01_clean,8.07265,7.09602,8.06746,0.782971,2020.36,2580.37,0.0,0.0,0.686,0.87615,0.0,1,0.028733041,0.286656438,0.2827359580937512
NEVJEF_clean,NEVJEF_clean,6.93106,3.47964,6.92655,1.61189,1003.29,622.432,0.0,0.0,0.4932,0.305976,0.0,1,0.022506914,0.216005033,0.21279283876499958
NEVVAM01_clean,NEVVAM01_clean,6.94552,5.78544,6.80825,1.42342,1408.53,989.544,0.0,0.0,0.5446,0.3826,0.0,0,0.033653588,0.313958962,0.32142954261249784
NEVVEQ_clean,NEVVEQ_clean,4.80581,3.79614,4.80581,1.56913,728.185,464.069,0.0,0.0,0.453,0.288695,0.0,0,0.109392776,0.808187586,0.7830715067187509
NIBXUT_clean,NIBXUT_clean,6.21117,5.18074,6.19848,1.9388,1406.45,725.426,0.0,0.0,0.5234,0.269961,0.0,1,0.015506976,0.150597272,0.14763661870249997
NIGDEO_clean,NIGDEO_clean,13.9402,7.42068,13.92619,0.633535,2119.03,3344.77,0.0,0.0,0.7538,1.18983,0.0,1,0.043742958,0.420307723,0.42634318629375406
NIGPEA_clean,NIGPEA_clean,10.42385,9.24875,10.42385,0.730648,2142.0,2931.64,0.0,0.0,0.6842,0.936428,0.0,1,0.044922199,0.435646462,0.43458268944250134
NIHBEM_clean,NIHBEM_clean,4.82471,3.66332,4.81898,1.76393,749.866,425.111,0.0,0.0,0.4434,0.25137,0.0,0,0.037672047,0.336931639,0.33695962082374925
NIHBIQ_clean,NIHBIQ_clean,5.25122,3.88968,5.21988,1.66955,927.396,555.476,0.0,0.0,0.4762,0.285226,0.0,0,0.034976086,0.318382032,0.31718790883124937
NIKJIB_clean,NIKJIB_clean,7.23675,3.61132,7.23452,1.15081,1184.22,1029.04,0.0,0.0,0.5324,0.462633,0.0,1,0.029720732,0.287594753,0.28273114602374955
NIKJOH_clean,NIKJOH_clean,5.92614,3.00956,5.92202,1.25543,0.0,0.0,1126.53,897.324,0.4956,0.394764,0.0,1,0.057088081,0.511938645,0.48707524365750204
NIKZAJ_clean,NIKZAJ_clean,4.56098,3.58427,4.53545,1.81346,655.548,361.491,0.0,0.0,0.426,0.234911,0.0,0,0.035991633,0.323869161,0.3218924013412494
NIKZEN02_clean,NIKZEN02_clean,4.94738,3.78699,4.94738,1.70037,871.961,512.806,0.0,0.0,0.4662,0.274175,0.0,0,0.035907533,0.326152556,0.328670363453749
NIKZEN_clean,NIKZEN_clean,4.82301,3.70763,4.82301,1.74152,807.966,463.944,0.0,0.0,0.4514,0.259199,0.0,0,0.037467351,0.340854191,0.33761869931999816
NIMTAE_clean,NIMTAE_clean,4.79937,4.4136,4.79752,1.0571,1265.99,1197.61,0.0,0.0,0.5494,0.519725,0.0,0,0.052095306,0.494774184,0.4830354776187496
NINVAI_clean,NINVAI_clean,11.85606,6.40748,11.85606,0.818223,2181.06,2665.61,0.0,0.0,0.7028,0.858935,0.0,1,0.054480912,0.495004141,0.5094173915062512
NIRMUW_clean,NIRMUW_clean,4.28887,3.01391,4.28887,1.9678,0.0,0.0,453.774,230.6,0.3832,0.194735,0.0,1,0.068207804,0.544879939,0.5284299538124952
NIXPOA_clean,NIXPOA_clean,5.73914,2.56703,5.73254,1.56162,0.0,0.0,737.384,472.192,0.4824,0.30891,0.0,1,0.024553132,0.220337697,0.21758993361124968
NIYJAI_clean,NIYJAI_clean,5.86863,4.46882,5.70658,1.13108,1072.3,948.033,0.0,0.0,0.5246,0.463806,0.0,0,0.038542066,0.355848071,0.36073845867874865
NIZZIG_clean,NIZZIG_clean,8.38921,7.68868,8.37589,1.19762,2072.68,1730.66,0.0,0.0,0.6836,0.570798,0.0,0,0.025984549,0.255014737,0.2532508821024983
NIZZOM_clean,NIZZOM_clean,8.52507,7.77175,8.50752,1.1812,2086.39,1766.33,0.0,0.0,0.685,0.579917,0.0,0,0.02668171,0.25540578,0.25879102071499926
NOFDUI_clean,NOFDUI_clean,4.93531,4.06199,4.92703,1.21153,1000.68,825.958,0.0,0.0,0.4872,0.402135,0.0,0,0.038911669,0.354063971,0.36011050263624894
NOHFOG_clean,NOHFOG_clean,5.40858,4.54107,5.33613,1.66638,1542.3,925.536,0.0,0.0,0.5474,0.328496,0.0,1,0.032333736,0.297038545,0.3055458035937491
NOHKOM_clean,NOHKOM_clean,4.47987,3.22897,4.46706,1.95435,0.0,0.0,556.611,284.807,0.3942,0.201704,0.0,1,0.016828621,0.163319009,0.15930158309374914
NOKPEJ_clean,NOKPEJ_clean,4.49218,3.71025,4.45459,1.6407,696.202,424.332,0.828968,0.505252,0.5208,0.317425,0.0,1,0.01181881,0.114453087,0.11525234408500036
NOLRIR_clean,NOLRIR_clean,4.87159,3.04039,4.86501,1.41589,0.0,0.0,1099.18,776.318,0.5238,0.369944,0.0,1,0.089871053,0.736014279,0.7004052424699985
NOMQAJ01_clean,NOMQAJ01_clean,4.90223,3.68918,4.90223,1.31657,708.381,538.05,0.0,0.0,0.45,0.341797,0.0,0,0.110404659,0.81810663,0.8079773715874994
NOPJUZ01_clean,NOPJUZ01_clean,3.58325,2.55764,3.46955,1.35106,0.0,0.0,13.6329,10.0905,0.4004,0.296359,0.0,1,0.002120677,0.020608745,0.02077060324999997
NOQKUB_clean,NOQKUB_clean,5.39399,4.39499,5.39187,1.00245,1858.17,1853.63,0.0,0.0,0.55,0.548657,0.0,0,0.069014644,0.613891811,0.6292114816375006
NOSHEK_clean,NOSHEK_clean,5.7194,3.87373,5.09672,1.68613,1874.51,1111.72,0.0,0.0,0.614,0.364148,0.0,1,0.030935376,0.296314663,0.2918758283999997
NUJCIE_clean,NUJCIE_clean,5.03148,3.82553,5.03043,1.58392,461.015,291.061,23.0849,14.5746,0.4906,0.309739,0.0,1,0.00457007,0.045134912,0.04432459114000025
NUNNUH_clean,NUNNUH_clean,6.00836,4.32228,5.9546,0.799722,2197.7,2748.08,0.0,0.0,0.6854,0.857048,0.0,1,0.042993471,0.413298205,0.4187751894299999
NUNPAP_clean,NUNPAP_clean,6.01151,4.33549,6.00656,0.794607,2195.03,2762.41,0.0,0.0,0.6796,0.855265,0.0,1,0.039667265,0.387829968,0.38679297099624904
NUTYEI_clean,NUTYEI_clean,13.08518,12.35732,13.03987,0.787627,1749.9,2221.74,0.0,0.0,0.7456,0.946641,0.0,0,0.027993848,0.272407015,0.2762813838037515
NUVYIN_clean,NUVYIN_clean,5.06465,3.39913,5.06465,1.17756,679.421,576.975,0.0,0.0,0.5034,0.427496,0.0,1,0.041879256,0.377602127,0.3816469566762502
NUXMAU_clean,NUXMAU_clean,3.85797,2.8476,3.85421,2.10391,0.0,0.0,244.23,116.084,0.4602,0.218736,0.0,1,0.019360595,0.191967443,0.18367842310749993
NUYWOU_clean,NUYWOU_clean,4.72881,2.51071,4.72472,1.29459,0.0,0.0,425.874,328.964,0.4644,0.358723,0.0,0,0.115925659,0.738572767,0.811283884659999
OBAFIJ_clean,OBAFIJ_clean,5.23118,4.64394,5.22975,2.3889,967.64,405.056,0.0,0.0,0.4836,0.202436,0.0,1,0.014200545,0.136066404,0.13528430468250036
OBAFOP_clean,OBAFOP_clean,5.00648,4.01028,4.65887,2.41546,964.282,399.213,0.0,0.0,0.4784,0.198058,0.0,1,0.01347253,0.129412693,0.12946767450125038
OBAHUX_clean,OBAHUX_clean,8.31415,7.49178,8.31031,0.960232,1571.77,1636.87,0.0,0.0,0.605,0.630056,0.0,0,0.047465052,0.448148829,0.45471228317874823
OBAJAF_clean,OBAJAF_clean,9.08651,7.73882,9.08617,0.939446,1595.74,1698.6,0.0,0.0,0.6188,0.658686,0.0,1,0.047352088,0.438412249,0.4542083995925
OBUFEX_clean,OBUFEX_clean,5.14759,4.35938,5.14759,1.09987,1567.25,1424.95,0.0,0.0,0.565,0.513698,0.0,0,0.043605529,0.418702919,0.41461059043374787
OCUGEZ01_clean,OCUGEZ01_clean,5.7662,4.18465,5.76016,1.3013,1459.07,1121.24,0.0,0.0,0.5724,0.439868,0.0,1,0.026459931,0.255098548,0.25391228589500053
OCUGEZ_clean,OCUGEZ_clean,5.71674,4.14737,5.66007,1.32226,1442.09,1090.62,0.0,0.0,0.5748,0.43471,0.0,1,0.028093807,0.265678282,0.2691982736599997
OCUNAC_manual,OCUNAC_manual,36.1506,14.04664,36.1506,0.427517,1422.73,3327.89,0.0,0.0,0.8368,1.95735,0.0,1,0.034046727,0.331287344,0.3372508616025018
OCUQOT_clean,OCUQOT_clean,5.08411,3.37974,5.08411,1.51,1121.68,742.832,0.0,0.0,0.5036,0.333509,0.0,1,0.048148414,0.432030838,0.43497316368375016
OCUTEM_clean,OCUTEM_clean,5.16189,3.4562,5.16189,1.4963,1173.27,784.115,0.0,0.0,0.5098,0.340707,0.0,1,0.047872412,0.438880253,0.43350066456750047
OCUVUF_clean,OCUVUF_clean,7.8514,5.72034,7.7546,3.13958,1789.03,569.831,0.0,0.0,0.5542,0.176521,0.0,1,0.003014854,0.029413425,0.029518162826250083
ODEKAL_clean,ODEKAL_clean,3.74631,2.82242,3.73986,2.76034,0.0,0.0,105.347,38.1646,0.3514,0.127303,0.0,1,0.300774582,1.169959379,1.027808561780005
ODIMAQ_clean,ODIMAQ_clean,8.52073,7.26741,8.52073,1.44329,1085.87,752.358,0.0,0.0,0.5848,0.405186,0.0,1,0.007214334,0.072775097,0.0719832187712501
ODOXEK_clean,ODOXEK_clean,5.23174,4.24381,5.21951,1.86723,267.21,143.105,283.845,152.014,0.425,0.22761,0.0,0,0.069092712,0.51096789,0.5207624829424998
OFERUN02_clean_h,OFERUN02_clean_h,11.42938,3.12691,11.42938,0.92153,0.0,0.0,1377.79,1495.11,0.6302,0.683863,0.0,0,0.018973855,0.187118733,0.18739681521499993
OFESEY_clean,OFESEY_clean,7.30457,5.07688,7.30457,1.8342,871.652,475.221,0.0,0.0,0.451,0.245883,0.0,0,0.019440221,0.182510916,0.18210949546499966
OFUCAV_clean,OFUCAV_clean,4.37268,3.46007,4.37113,1.87575,696.078,371.093,0.0,0.0,0.4774,0.254512,0.0,1,0.033928177,0.32538988,0.3163366733649985
OHAKEO_clean,OHAKEO_clean,5.91842,4.8868,5.91143,1.15127,1254.68,1089.81,0.0,0.0,0.543,0.471652,0.0,0,0.067281363,0.583986818,0.5965551748924995
OHEGAJ_clean,OHEGAJ_clean,4.72341,2.80937,4.71665,2.20772,0.0,0.0,546.683,247.623,0.5162,0.233816,0.0,1,0.042304172,0.374100988,0.37975347263499937
OHUMEL_clean,OHUMEL_clean,14.09837,12.86508,14.09837,0.808879,1803.58,2229.73,0.123257,0.15238,0.8014,0.990754,0.0,1,0.01193437,0.118293893,0.11974094665750006
OJOZOE_clean,OJOZOE_clean,4.69826,2.59583,4.69808,2.03205,0.0,0.0,442.113,217.57,0.4204,0.206885,0.0,1,0.016957355,0.156700577,0.15655002195999873
OKECIQ01_clean,OKECIQ01_clean,10.61291,2.63145,10.61291,0.969302,0.0,0.0,1809.4,1866.71,0.6824,0.704011,0.0,0,0.019869038,0.194275794,0.19739586453875
OKILUR_clean,OKILUR_clean,4.29955,2.47824,4.26253,1.68326,0.0,0.0,263.798,156.718,0.4736,0.281359,0.0,1,0.021327231,0.179277397,0.1973508145350004
OKIVUA_clean,OKIVUA_clean,5.10253,4.2044,5.09658,1.08974,982.283,901.395,83.5631,76.6819,0.5216,0.478648,0.0,0,0.070501072,0.625630984,0.6136942792787523
OLANAS_clean,OLANAS_clean,8.02314,6.05017,8.02314,1.20795,1391.88,1152.26,0.0,0.0,0.562,0.46525,0.0,1,0.019344478,0.193514627,0.1900801775949998
OLOYOF_clean,OLOYOF_clean,10.67083,6.6024,10.66881,0.812728,2368.58,2914.35,0.0,0.0,0.7332,0.902146,0.0,1,0.043844346,0.430629135,0.4244188976212528
OLUROC_clean,OLUROC_clean,5.45136,3.48672,5.44746,1.49162,882.297,591.504,0.0,0.0,0.5148,0.345129,0.0,0,0.150967639,1.161065821,1.0810268421337508
om701262m-file004_clean,om701262m-file004_clean,7.38904,5.39567,7.38902,1.09901,1620.41,1474.43,0.0,0.0,0.5644,0.513555,0.0,1,0.032222529,0.308073016,0.30839609516625
OMIMEE_clean,OMIMEE_clean,16.54568,6.7257,16.54568,0.768319,2276.49,2962.95,0.0,0.0,0.7618,0.991516,0.0,1,0.027326328,0.266559902,0.2735839068650009
OMIPEH_clean,OMIPEH_clean,21.73136,7.72557,21.69935,0.65885,2065.52,3135.04,0.0,0.0,0.8104,1.23002,0.0,1,0.027344569,0.272142062,0.271588024128749
OMOVET_clean,OMOVET_clean,6.41327,4.65956,6.41327,1.12783,2048.27,1816.12,0.0,0.0,0.6196,0.549375,0.0,1,0.062351908,0.568154074,0.5783262634599977
OPAMOI_clean,OPAMOI_clean,4.34496,3.46478,4.34496,1.66467,999.374,600.345,0.0,0.0,0.5336,0.320544,0.0,1,0.032755977,0.313542768,0.3092078524124994
OPEGOG_clean,OPEGOG_clean,4.90473,2.95666,4.90473,2.48384,0.0,0.0,357.948,144.111,0.4042,0.162732,0.0,0,0.26931711,0.886723666,1.0848811072887516
OPENON_clean,OPENON_clean,4.23486,3.38176,4.21346,1.59647,410.949,257.411,0.0,0.0,0.358,0.224244,0.0,0,0.051556091,0.401260349,0.4221027986262527
OPOYUO_clean,OPOYUO_clean,4.84132,2.47853,4.65626,1.18198,0.0,0.0,784.602,663.804,0.484,0.409483,0.0,1,0.041909716,0.372021301,0.37908178233624945
OPOZEZ_clean,OPOZEZ_clean,7.29162,6.03013,7.28839,1.13101,1136.3,1004.68,0.0,0.0,0.5256,0.464718,0.0,0,0.025770332,0.243074048,0.24866882637499976
OQIQOW_clean,OQIQOW_clean,5.63723,4.61311,5.63723,1.46954,1129.77,768.793,0.0,0.0,0.507,0.345006,0.0,1,0.075281119,0.6254891,0.6179873637925025
OQOBUT_clean,OQOBUT_clean,6.63313,3.25109,6.36597,1.10898,0.0,0.0,931.502,839.965,0.548,0.494149,0.0,0,0.032155743,0.300874339,0.3053390419762498
ORAGEU_clean,ORAGEU_clean,5.42971,4.14733,5.42971,3.26052,599.199,183.774,0.0,0.0,0.4338,0.133046,0.0,1,0.001845806,0.018689437,0.017873355656249965
ORAGOF_clean,ORAGOF_clean,11.1071,8.37381,11.01802,1.02581,1703.75,1660.88,0.0,0.0,0.6588,0.642222,0.0,1,0.0191434,0.189559392,0.18926519398625044
ORAJAT_clean,ORAJAT_clean,5.30148,2.50249,5.27169,2.86291,0.0,0.0,336.056,117.383,0.3974,0.13881,0.0,1,0.002126519,0.019995898,0.020941854686250018
ORAJEX_clean,ORAJEX_clean,5.3491,2.57763,5.31549,2.90633,0.0,0.0,330.015,113.55,0.392,0.134878,0.0,1,0.002261104,0.021686021,0.02226779413625004
ORAJOH_clean,ORAJOH_clean,5.2665,2.51784,5.24522,2.93169,0.0,0.0,320.49,109.319,0.391,0.13337,0.0,1,0.002331981,0.022376855,0.02315719226499998
ORANAY_clean,ORANAY_clean,7.13721,3.26584,7.12854,1.39249,0.0,0.0,639.236,459.059,0.5092,0.365676,0.0,1,0.020981144,0.208699825,0.20000450596875133
ORAQUU_clean,ORAQUU_clean,8.39177,4.98086,8.38728,0.858283,1785.46,2080.27,0.0,0.0,0.5764,0.671573,0.0,1,0.053084208,0.484639631,0.5011079771650012
ORIWAP_clean,ORIWAP_clean,11.38312,11.03917,11.38312,1.17282,1538.11,1311.46,0.0,0.0,0.6442,0.549274,0.0,1,0.024397358,0.242124193,0.24185294203999966
OROLUD_clean,OROLUD_clean,4.90586,4.18695,4.898,1.66342,1280.2,769.617,0.0,0.0,0.5884,0.353728,0.0,0,0.047120085,0.44388568,0.4295905384962498
ORUKET_clean,ORUKET_clean,11.72853,7.7572,11.72853,0.760878,1856.28,2439.65,0.0,0.0,0.6772,0.890024,0.0,1,0.034889518,0.345055467,0.3415893357037502
ORULEU_clean,ORULEU_clean,5.09262,3.5697,5.08241,1.45149,909.467,626.575,0.0,0.0,0.458,0.315538,0.0,1,0.06127801,0.534953959,0.49808394264375133
OSAVUA_clean,OSAVUA_clean,5.76863,5.59566,5.76863,0.884314,1778.32,2010.97,0.0,0.0,0.631,0.713547,0.0,1,0.040003934,0.393503347,0.3873648671637504
OSAXAI_clean,OSAXAI_clean,4.39347,3.53304,4.39347,1.30634,641.01,490.691,0.0,0.0,0.4368,0.334369,0.0,0,0.068361581,0.545550031,0.5551013521162482
OTALUS_clean,OTALUS_clean,12.67704,9.31362,12.67704,0.655199,1619.49,2471.76,0.0,0.0,0.7266,1.10898,0.0,1,0.020927311,0.204291325,0.20538180058625014
OTAQAD_clean,OTAQAD_clean,7.25379,5.92825,6.48374,0.846977,2257.66,2665.55,0.0,0.0,0.6554,0.773811,0.0,0,0.077651703,0.719514864,0.7069999221612495
OTAXOX_clean,OTAXOX_clean,5.66244,2.97964,5.65648,1.37084,0.0,0.0,751.62,548.291,0.462,0.33702,0.0,0,0.026829715,0.238857347,0.24481324224250034
OTEHAY_clean,OTEHAY_clean,7.22049,7.09442,7.20844,1.32207,1634.16,1236.06,0.0,0.0,0.6156,0.465632,0.0,0,0.063741583,0.613503241,0.5866878774524987
OTIPEO_clean,OTIPEO_clean,5.44422,3.64653,5.43023,1.30852,1112.97,850.554,0.0,0.0,0.552,0.421851,0.0,1,0.093433535,0.79113262,0.7838374909837512
OTIPUE_clean,OTIPUE_clean,4.56896,3.82437,4.54982,1.42368,625.25,439.178,0.0,0.0,0.419,0.294307,0.0,0,0.073916918,0.586260843,0.565492769172501
OTIQEP_clean,OTIQEP_clean,4.58851,2.58962,4.12659,1.40946,0.0,0.0,451.065,320.027,0.4198,0.297844,0.0,0,0.097131384,0.645374836,0.7215333017625
OTOVIE_clean,OTOVIE_clean,5.10968,4.35413,5.09224,1.37878,906.647,657.571,0.0,0.0,0.4582,0.332323,0.0,0,0.066429857,0.566115027,0.5135983096250013
OTUXUX_clean,OTUXUX_clean,4.86145,3.74941,4.84403,1.24376,901.8,725.062,0.0,0.0,0.4716,0.379174,0.0,0,0.145029322,1.045335286,1.0559484033337536
OVEHUT_clean,OVEHUT_clean,6.55703,4.29128,6.55703,1.17548,2147.07,1826.55,0.0,0.0,0.6548,0.557051,0.0,1,0.042025188,0.412424947,0.3991124887887492
OVICUS_clean,OVICUS_clean,5.87924,5.2518,5.87924,1.52853,828.26,541.866,0.0,0.0,0.4388,0.287073,0.0,1,0.064526359,0.506831447,0.5190877853024993
OVIZOJ_clean,OVIZOJ_clean,4.42185,2.43004,4.41873,1.44542,0.0,0.0,413.713,286.224,0.4712,0.325996,0.0,1,0.024973912,0.223825408,0.22511525032374952
OVUCOY_clean,OVUCOY_clean,6.51812,4.71987,6.51261,2.41124,1158.77,480.568,0.0,0.0,0.5524,0.229094,0.0,1,0.015156289,0.14470583,0.14508274985624964
OWETIU_clean,OWETIU_clean,6.92899,4.15657,6.92674,3.31737,1014.79,305.901,78.2458,23.5867,0.4912,0.148069,0.0,1,0.003996564,0.038202029,0.03917774029124978
OWIYUP_clean,OWIYUP_clean,8.24396,6.91953,8.2349,0.925347,1653.05,1786.41,0.0,0.0,0.6152,0.664832,0.0,1,0.046509836,0.417366635,0.4482290875650009
OWIZAW_clean,OWIZAW_clean,14.23644,11.75665,14.23644,0.378656,1891.92,4996.41,0.0,0.0,0.8398,2.21785,0.0,1,0.033734805,0.341677114,0.3333041405587499
OXOZUY_clean,OXOZUY_clean,8.19821,4.66417,8.1974,0.956716,1690.02,1766.48,0.0,0.0,0.6112,0.638852,0.0,1,0.065102653,0.574650425,0.5878526191025032
OYEROB_clean,OYEROB_clean,9.45168,7.14174,9.44893,0.790347,2325.92,2942.91,0.982216,1.24277,0.7298,0.923392,0.0,1,0.027948503,0.274979122,0.2762984215062525
OYERUH_clean,OYERUH_clean,7.57942,6.42809,7.56103,1.08661,1656.01,1524.01,185.649,170.851,0.6376,0.586778,0.0,1,0.064840138,0.50118359,0.5832019803962515
OYEWIA_clean,OYEWIA_clean,10.37041,7.95909,10.26711,0.677921,2034.96,3001.77,0.0,0.0,0.7108,1.0485,0.0,1,0.038881544,0.378682719,0.3808128446562491
OZAVUI_clean,OZAVUI_clean,5.43678,4.75451,5.43678,1.24526,1365.54,1096.59,0.0,0.0,0.5928,0.476044,0.0,1,0.035465901,0.340011945,0.3345446380349988
OZUKUR_clean,OZUKUR_clean,11.77684,11.08852,11.77544,1.07383,1569.26,1461.37,0.0,0.0,0.6592,0.613879,0.0,1,0.023207603,0.229953683,0.22803001740125187
PABXAT_clean,PABXAT_clean,5.69047,3.03362,5.69047,1.8026,0.0,0.0,881.273,488.89,0.4952,0.274714,0.0,0,0.030752463,0.274316927,0.2800617117562514
PAFMUH_clean,PAFMUH_clean,4.1569,3.45207,4.13312,1.53558,373.555,243.267,0.0,0.0,0.4318,0.281197,0.0,1,0.031784461,0.285106849,0.2837612202237499
PAMGIV_clean,PAMGIV_clean,4.35287,3.39585,4.35042,1.32875,833.514,627.293,0.0,0.0,0.533,0.401129,0.0,1,0.042129452,0.388473914,0.3919001601287507
PANRUS01_clean,PANRUS01_clean,6.92222,3.22016,6.92222,1.49083,0.0,0.0,1352.99,907.541,0.5502,0.369057,0.0,0,0.037947255,0.356168675,0.34653432504125065
PAPVAF_clean,PAPVAF_clean,10.09597,6.84011,9.58875,0.817097,2396.15,2932.52,0.0,0.0,0.7324,0.896344,0.0,1,0.029884765,0.298564988,0.29360693085000156
PAPVEJ_clean,PAPVEJ_clean,4.81247,3.05568,4.78767,1.46668,0.0,0.0,513.987,350.443,0.4398,0.299861,0.0,1,0.107234033,0.694445236,0.7180361750712501
PAPVIN_clean,PAPVIN_clean,4.8231,3.07966,4.81833,1.46172,0.0,0.0,533.123,364.722,0.4442,0.303888,0.0,1,0.106684102,0.688902426,0.7200056939937498
PARNON_clean,PARNON_clean,7.81335,6.23608,7.8124,0.973393,1971.82,2025.72,0.0,0.0,0.6118,0.628523,0.0,1,0.035904559,0.34654586,0.34932338726249845
PASNAA_clean,PASNAA_clean,4.89594,3.826,4.89193,1.4497,1354.61,934.408,0.0,0.0,0.5164,0.356212,0.0,1,0.029450746,0.280878099,0.2798790134137484
PATNAB_clean,PATNAB_clean,9.14224,6.89364,9.14224,1.35956,1803.58,1326.59,0.0,0.0,0.6728,0.494866,0.0,1,0.011964874,0.118966054,0.11915513772625051
PATWOY_clean,PATWOY_clean,7.80785,6.68696,7.80785,0.911859,1500.87,1645.94,0.0,0.0,0.5982,0.656023,0.0,1,0.055278576,0.507304985,0.5084358455349999
PEBYEA_clean,PEBYEA_clean,4.66548,2.44078,4.65998,2.24951,0.0,0.0,283.587,126.066,0.282,0.125361,0.0,1,0.021141644,0.196297931,0.18276405732874962
PEDGUA_clean,PEDGUA_clean,4.42907,3.13119,3.94665,1.93076,0.0,0.0,439.082,227.414,0.4794,0.248296,0.0,1,0.009835002,0.092487677,0.09506954776624989
PEFJUF_clean,PEFJUF_clean,6.61682,6.0615,6.61682,1.19245,2068.35,1734.53,0.0,0.0,0.6212,0.520944,0.0,0,0.027612296,0.267764331,0.26861756608124965
PEFRID01_clean,PEFRID01_clean,6.55951,5.47634,6.55951,1.31717,1348.3,1023.64,0.0,0.0,0.552,0.419081,0.0,1,0.050418609,0.453416643,0.4513806826187499
PEFRID_clean,PEFRID_clean,9.83364,8.16227,9.74315,1.01836,1671.9,1641.77,0.0,0.0,0.6476,0.635927,0.0,1,0.035040442,0.341038194,0.3418702254324996
PEFTAX_clean,PEFTAX_clean,4.53798,2.87105,4.42771,1.28344,0.0,0.0,549.949,428.498,0.4986,0.388489,0.0,1,0.029469833,0.275023343,0.26767363097124947
PEGCAH_clean,PEGCAH_clean,4.41751,3.55963,4.41517,1.40923,648.294,460.035,0.0,0.0,0.4816,0.341747,0.0,1,0.030433805,0.276734197,0.2798425395012514
PEGQOJ_clean,PEGQOJ_clean,5.06893,3.45218,5.06893,2.53315,611.744,241.495,0.0,0.0,0.3936,0.15538,0.0,1,0.018508484,0.161697265,0.1602274159337506
PEJFOA_clean,PEJFOA_clean,4.64383,3.88697,4.63782,2.21077,775.822,350.929,123.298,55.7717,0.4612,0.208615,0.0,1,0.365810369,1.496045735,1.717004207659995
PEMREG_clean,PEMREG_clean,9.06566,7.46673,9.06566,0.753022,2058.76,2734.0,0.0,0.0,0.7058,0.93729,0.0,1,0.028749167,0.279638763,0.2825912872700018
PEMRIK_clean,PEMRIK_clean,6.31603,3.45605,6.31603,1.18528,1197.81,1010.57,0.0,0.0,0.5532,0.466723,0.0,1,0.071620888,0.625154118,0.6305751863125004
PENNAZ_clean,PENNAZ_clean,8.96214,8.00387,8.96214,0.962495,1990.53,2068.1,0.0,0.0,0.7004,0.727692,0.0,1,0.03121296,0.304251056,0.3072676424137492
PENNUT_clean,PENNUT_clean,5.51848,4.07497,5.51848,1.34514,1276.26,948.789,0.0,0.0,0.5072,0.377061,0.0,1,0.033788341,0.324940024,0.3197188891187493
PENZUE_clean,PENZUE_clean,3.89114,3.09221,3.89114,1.63624,0.0,0.0,101.898,62.2762,0.4122,0.25192,0.0,0,0.001517637,0.014749306,0.015312364081249969
PEPLOM_clean,PEPLOM_clean,5.48105,5.23227,5.47438,1.20095,1296.27,1079.37,0.0,0.0,0.5572,0.463966,0.0,0,0.049468496,0.453284485,0.4531467968099985
PETVER_clean,PETVER_clean,5.06313,3.04753,4.83261,1.59184,0.0,0.0,1140.88,716.705,0.5476,0.344005,0.0,1,0.019957527,0.189208049,0.19263340057249928
PEVQIQ_clean,PEVQIQ_clean,5.14826,2.63102,5.01738,2.04042,0.0,0.0,757.406,371.202,0.4606,0.225738,0.0,1,0.113492423,0.771114094,0.7794204719000005
PEYPAM_SL,PEYPAM_SL,6.47723,4.9888,6.46954,1.38224,1403.34,1015.27,0.0,0.0,0.5238,0.378951,0.0,0,0.102262188,0.835082019,0.8353652640025027
PEYSIW_clean,PEYSIW_clean,5.69089,4.7197,5.69089,1.0552,1032.59,978.576,0.0,0.0,0.5102,0.483511,0.0,0,0.051098082,0.463406986,0.4619590213337505
PIBGAK_clean,PIBGAK_clean,6.08784,5.5601,6.06673,1.08232,1652.36,1526.68,0.0,0.0,0.6232,0.575798,0.0,1,0.027640267,0.271794884,0.27153702877499997
PIDMEV_clean,PIDMEV_clean,7.7619,4.42953,7.71379,1.03258,1688.46,1635.19,0.0,0.0,0.5902,0.57158,0.0,1,0.049806031,0.475352252,0.4805770720137504
PIGXAF_clean,PIGXAF_clean,4.48463,2.94053,4.48463,2.16298,0.0,0.0,459.955,212.649,0.4888,0.225984,0.0,0,0.023738481,0.239106533,0.21990495010625
PIHWOU_clean,PIHWOU_clean,4.6487,3.54073,4.5523,1.74456,1048.04,600.749,0.0,0.0,0.5644,0.32352,0.0,0,0.113079814,0.900252167,0.9039100919249999
PIQMOT_clean,PIQMOT_clean,6.47127,5.32823,6.30186,1.23035,1074.68,873.471,0.0,0.0,0.4866,0.395496,0.0,0,0.050229111,0.449194506,0.44797181134375
PIWRAQ_clean,PIWRAQ_clean,5.23847,2.90153,5.2383,1.79232,0.0,0.0,802.887,447.959,0.4986,0.278186,0.0,1,0.026039639,0.237993879,0.23106461016249988
PIWSEV_clean,PIWSEV_clean,8.52736,7.61097,8.52736,0.846818,2044.34,2414.14,0.0,0.0,0.6702,0.791433,0.0,1,0.038349653,0.376943294,0.37506396368625067
PIYZED_clean,PIYZED_clean,7.00442,5.67284,7.00442,1.03221,2628.22,2546.21,0.0,0.0,0.7278,0.705091,0.0,0,0.013070511,0.128349242,0.12985601738250077
POBMOJ01_clean,POBMOJ01_clean,16.09028,3.85233,16.09028,1.0369,1784.32,1720.83,0.0,0.0,0.67,0.64616,0.0,1,0.041051026,0.394227692,0.3906055106137504
PODVIP_clean,PODVIP_clean,4.42056,3.62761,4.42056,2.28386,243.746,106.725,0.0,0.0,0.3946,0.172778,0.0,1,0.014530877,0.124026576,0.1374012765462499
PODVUB_clean,PODVUB_clean,4.5439,3.06862,4.52301,2.27214,0.0,0.0,256.937,113.082,0.3852,0.169532,0.0,1,0.021779728,0.178520565,0.19637814708375032
POJNIM_clean,POJNIM_clean,3.74426,2.54628,3.4376,1.3225,0.0,0.0,63.9554,48.3594,0.3654,0.276294,0.000302457,1,0.022858938,0.218505765,0.20080148820999974
POKSEP_clean,POKSEP_clean,5.24976,3.94365,5.24501,1.70126,572.314,336.407,0.0,0.0,0.4264,0.250638,0.0,1,0.013710963,0.130658977,0.12796472774875015
POKSIT_clean,POKSIT_clean,5.21903,3.84136,5.20793,2.02039,562.699,278.51,0.0,0.0,0.4168,0.206297,0.0,1,0.011135823,0.105605004,0.10580129112875056
POKSUF_clean,POKSUF_clean,3.99213,3.01057,3.99185,2.03856,0.0,0.0,204.745,100.436,0.37,0.181501,0.0,1,0.006509379,0.061089327,0.06138238688625001
POLBEX_clean,POLBEX_clean,8.55331,7.31354,8.46863,1.98623,1149.15,578.559,46.9518,23.6386,0.5414,0.272577,0.0,1,0.332114663,1.423851097,1.522804920825002
POLDOK_clean,POLDOK_clean,5.06326,4.95206,5.06326,1.44271,500.914,347.204,76.3428,52.9162,0.4724,0.327439,0.0,1,0.035795477,0.31279617,0.3212971831837498
POLDUQ_clean,POLDUQ_clean,5.0902,4.98067,5.0902,1.44184,520.517,361.01,59.0453,40.9514,0.471,0.326666,0.0,1,0.032611751,0.284514617,0.2965106446512489
POLYEW_clean,POLYEW_clean,5.14291,3.60228,5.14291,1.21883,774.169,635.173,0.0,0.0,0.4678,0.38381,0.0,1,0.086891118,0.672571401,0.6780178639687507
POMSOB_clean,POMSOB_clean,5.67937,4.56222,5.67937,1.11643,1180.95,1057.79,0.0,0.0,0.5376,0.481534,0.0,1,0.045105239,0.421346505,0.4151948516162507
PONSOC_clean,PONSOC_clean,7.4772,6.20805,7.45867,0.784087,1906.95,2432.06,0.0,0.0,0.6546,0.834856,0.0,1,0.039651541,0.380078452,0.3839643758362502
POQKAI_clean,POQKAI_clean,3.6073,2.68378,3.6073,2.51254,0.0,0.0,60.5773,24.11,0.4162,0.165649,0.0,0,0.10679151,0.757896235,0.7182612215150043
PORVUO_clean,PORVUO_clean,4.67797,3.97904,4.67797,1.06036,1507.72,1421.89,0.0,0.0,0.5284,0.498321,0.0,0,0.099473848,0.879550011,0.8587092530075014
POSFIO_clean,POSFIO_clean,6.80619,3.42889,6.79194,1.15852,1000.28,863.415,0.0,0.0,0.5272,0.455065,0.0,1,0.043957005,0.398294741,0.4037807568624998
POTNET_clean,POTNET_clean,4.90891,3.62196,4.89268,1.35117,1395.4,1032.74,0.298007,0.220556,0.5558,0.411349,0.0,1,0.044235348,0.414954177,0.4159159857199991
POWBEK_clean,POWBEK_clean,4.32659,2.63192,3.87894,3.57839,0.0,0.0,295.137,82.4777,0.4096,0.114465,0.0,1,0.00448907,0.042517696,0.04352818600499992
POXHOA_clean,POXHOA_clean,3.6953,3.29845,3.6953,2.30113,0.0,0.0,94.6734,41.1421,0.3532,0.153489,0.0,1,0.008618396,0.080754917,0.08088336012749969
PUDSUD_clean,PUDSUD_clean,7.08521,6.02588,7.08155,0.996555,2169.83,2177.33,0.0,0.0,0.6624,0.66469,0.0,1,0.039628227,0.386608563,0.3850062870737482
PUFNUB_clean,PUFNUB_clean,4.95108,3.29964,4.95034,1.53377,0.0,0.0,393.158,256.335,0.3948,0.257405,0.0,0,0.068815309,0.534999407,0.5189676976587501
PUFXIZ_clean,PUFXIZ_clean,4.99812,2.62764,4.99812,1.37474,0.0,0.0,756.157,550.036,0.5084,0.369815,0.0,1,0.061327633,0.513274649,0.5153718415162492
PUGFOO_clean,PUGFOO_clean,5.53782,2.93974,5.53782,1.24874,0.0,0.0,867.644,694.817,0.4948,0.39624,0.0,1,0.105774543,0.853088401,0.8396492191562455
PUGGOP_clean,PUGGOP_clean,8.14998,6.76772,8.12163,0.920168,2113.5,2296.86,0.0,0.0,0.6298,0.68444,0.0,1,0.071464088,0.579226234,0.6525570595937512
PUGHUW_clean,PUGHUW_clean,4.59881,3.19101,4.38746,1.29152,0.0,0.0,680.912,527.217,0.4696,0.363602,0.0,1,0.107808743,0.846554301,0.7848058161687517
PUGSUH_clean,PUGSUH_clean,9.30915,8.71365,9.30507,0.821567,2358.23,2870.4,0.0,0.0,0.708,0.861767,0.0,1,0.042005188,0.402307963,0.40564724017124915
PUJJEL_clean,PUJJEL_clean,9.07645,8.51256,9.07645,1.13917,1399.12,1228.2,0.0,0.0,0.572,0.502121,0.0,0,0.022580618,0.21960834,0.22040350863625002
PUJQEQ_clean,PUJQEQ_clean,7.62791,6.18953,7.62791,0.66886,2115.6,3163.0,0.0,0.0,0.6814,1.01875,0.0,1,0.033044178,0.331212141,0.3244641320800007
PUKSUL_clean,PUKSUL_clean,6.59798,4.14111,6.57182,1.5702,2804.07,1785.8,0.0,0.0,0.6962,0.443383,0.0,1,0.007334192,0.073923917,0.07251184404250034
PUKVAU_clean,PUKVAU_clean,6.34308,4.86227,6.34308,1.0986,1347.83,1226.86,0.0,0.0,0.5706,0.519389,0.0,1,0.020835568,0.204379736,0.20451386998500012
PULMIU_clean,PULMIU_clean,7.09135,4.01215,7.09135,1.0722,1770.87,1651.63,0.0,0.0,0.6158,0.574336,0.0,1,0.051727465,0.478045119,0.4942893812000003
PUPXII01_clean,PUPXII01_clean,3.82607,3.19147,3.81562,1.47931,0.0,0.0,175.848,118.871,0.418,0.282564,0.0,1,0.006859422,0.066872085,0.06752340149625007
PUPXII_clean,PUPXII_clean,3.89064,2.97043,3.89064,1.45541,0.0,0.0,162.553,111.688,0.422,0.289952,0.0,1,0.006491693,0.064909649,0.06254760559499987
PUQYAC_clean,PUQYAC_clean,5.36415,5.07421,5.36415,1.50028,235.559,157.01,320.725,213.777,0.4614,0.307543,0.0,1,0.088579077,0.538462072,0.584216710582496
PURNEX_clean,PURNEX_clean,5.09479,3.51841,5.0825,3.89183,1036.85,266.417,0.0,0.0,0.4494,0.115473,0.0,1,0.00523981,0.049517949,0.05101122285999973
PYDCUT_clean,PYDCUT_clean,5.31645,4.73242,5.31645,1.56466,1273.49,813.911,0.0,0.0,0.5466,0.349342,0.0,0,0.038081603,0.356281995,0.3500260209574996
QADWEA_clean,QADWEA_clean,4.644,4.03482,4.644,1.80951,763.808,422.108,0.0,0.0,0.4542,0.251007,0.0,0,0.051111438,0.435711748,0.43800159964124935
QADWIE_clean,QADWIE_clean,4.58512,3.92708,4.57664,1.84741,722.607,391.146,0.0,0.0,0.4522,0.244775,0.0,0,0.049902915,0.431662937,0.43092759317249935
QADWUQ_clean,QADWUQ_clean,4.54229,3.95239,4.49763,1.89145,716.655,378.892,0.0,0.0,0.4464,0.236009,0.0,0,0.048911675,0.43027011,0.4175684144899989
QAGDIO_clean,QAGDIO_clean,12.81046,10.08472,12.79582,0.728225,1959.77,2691.16,0.0,0.0,0.7164,0.983763,0.0,1,0.037226558,0.369851424,0.36299655147249976
QAGTOH_clean,QAGTOH_clean,4.99286,4.09874,4.71178,1.12214,865.652,771.429,0.0,0.0,0.4996,0.44522,0.0,0,0.0607865,0.519890641,0.5292988379287524
QAJJUH_clean,QAJJUH_clean,5.38025,2.87226,4.98648,2.55792,0.0,0.0,839.543,328.213,0.4872,0.190467,0.0,1,0.328988712,1.419284932,1.4734844500712563
QAJKAO_clean,QAJKAO_clean,5.03797,2.87978,5.03797,1.76281,0.0,0.0,713.197,404.579,0.4732,0.268435,0.0,1,0.039355398,0.335841341,0.34668963865250113
QALHIX_clean,QALHIX_clean,10.92504,5.92348,10.86207,0.740473,2226.36,3006.67,0.00873198,0.0117924,0.7394,0.998552,0.0,1,0.034044665,0.343074534,0.3346136919575004
QAPQEE_clean,QAPQEE_clean,4.84641,3.70884,4.84641,1.26705,1206.55,952.253,0.0,0.0,0.5406,0.426661,0.0,1,0.0326299,0.310476115,0.31015977636749864
QAQHOG_clean,QAQHOG_clean,4.07536,3.5864,4.07536,2.36311,463.12,195.979,0.0,0.0,0.3764,0.159282,0.0,1,0.085810574,0.590135958,0.5920749621525035
QAQRUW_clean,QAQRUW_clean,6.65732,4.64818,6.52021,0.851853,2010.6,2360.27,0.0,0.0,0.621,0.728999,0.0,1,0.057018359,0.547631332,0.5365595655737521
QARCET_clean,QARCET_clean,5.6311,3.58556,5.5035,1.43101,772.342,539.717,0.0,0.0,0.4414,0.308453,0.0,0,0.048984633,0.414183849,0.41743781204749886
QASTUC_clean,QASTUC_clean,5.31945,2.41936,5.11717,1.12599,0.0,0.0,910.521,808.641,0.5052,0.448672,0.0,0,0.05669784,0.497789546,0.4969893715262521
QATDEU_clean,QATDEU_clean,4.76499,2.42862,4.73142,1.11655,0.0,0.0,753.544,674.887,0.4974,0.44548,0.0,0,0.105894235,0.822329671,0.8043255157750022
QATVUE_clean,QATVUE_clean,6.38161,3.71559,6.38161,1.03389,1164.63,1126.45,0.0,0.0,0.5572,0.538935,0.0,0,0.118395311,1.017335388,0.9738255020462497
QATXIU_clean,QATXIU_clean,7.14794,6.36836,7.14653,1.22477,1332.85,1088.25,75.8051,61.8933,0.5956,0.486296,0.0,0,0.023164314,0.225851503,0.2243405146187512
QAWRIQ_clean,QAWRIQ_clean,4.49398,3.4919,4.49398,1.89418,683.645,360.919,0.0,0.0,0.429,0.226483,0.0,1,0.062127367,0.475668903,0.5085868515124984
QEBGEL_clean,QEBGEL_clean,6.08453,4.84553,6.08453,1.01993,1460.11,1431.58,0.0,0.0,0.5522,0.54141,0.0,0,0.056492457,0.52975962,0.5301088044824991
QEFWUV_clean,QEFWUV_clean,32.36037,28.26773,32.35632,0.473548,1565.06,3304.96,0.0,0.0,0.826,1.74428,0.000422344,1,0.031825051,0.313854178,0.3150721414050003
QEGHEP_clean,QEGHEP_clean,5.21452,3.49325,5.21452,1.29869,492.691,379.376,29.3469,22.5974,0.4466,0.343886,0.0,0,0.0169217,0.159639817,0.15908546162625065
QEQZUH_clean,QEQZUH_clean,7.20474,5.54936,7.20474,2.98733,1121.05,375.269,0.0,0.0,0.4558,0.152577,0.0,0,0.101415829,0.704754416,0.6884826165525001
QERZUI01_clean,QERZUI01_clean,4.40066,3.54145,4.40066,1.45403,577.348,397.068,0.0,0.0,0.4282,0.294492,0.0,1,0.107488853,0.86684287,0.7543148208625015
QESLOQ_clean,QESLOQ_clean,6.6747,4.69389,6.6747,2.0556,1217.11,592.095,0.0,0.0,0.5328,0.259195,0.0,1,0.046832777,0.427007521,0.42097449793499986
QETHUT_clean,QETHUT_clean,5.64185,3.41958,5.64104,1.68813,1127.74,668.04,0.0,0.0,0.4972,0.294527,0.0,0,0.043167402,0.386593369,0.3857482571024998
QEZZIF_clean,QEZZIF_clean,4.67652,3.32799,4.66846,1.77196,648.098,365.751,86.4631,48.7951,0.4884,0.275627,0.0,1,0.01420617,0.134066365,0.13549900530125059
QEZZOL_clean,QEZZOL_clean,6.25588,3.45747,6.04611,1.73068,941.451,543.977,0.0,0.0,0.483,0.279081,0.0,1,0.014220857,0.135532328,0.13680037930500044
QIDDAI01_clean_h,QIDDAI01_clean_h,4.98799,3.16299,4.9827,1.04634,0.0,0.0,1002.96,958.541,0.5504,0.526022,0.0,1,0.064964985,0.571908164,0.5758863025837516
QIFLEY_clean,QIFLEY_clean,6.51106,2.83161,6.38655,1.16361,0.0,0.0,1045.83,898.781,0.559,0.4804,0.0,1,0.052426161,0.465633973,0.4737644069974995
QIRWAR_clean,QIRWAR_clean,5.03603,3.89356,5.03603,1.34872,1809.31,1341.5,0.0,0.0,0.6038,0.447684,0.0,1,0.049733454,0.460074755,0.4692019543999987
QISVEU_clean,QISVEU_clean,5.34851,2.65989,5.33539,1.37217,0.0,0.0,797.867,581.463,0.4942,0.360159,0.0,1,0.060227688,0.494904868,0.5029984089600019
QITYOI_clean,QITYOI_clean,5.05446,3.86932,5.05446,1.38238,1280.1,926.009,0.0,0.0,0.5378,0.389038,0.0,1,0.022346546,0.216783469,0.2145108917799998
QIWDOR_clean,QIWDOR_clean,4.59203,4.06699,4.58575,1.55074,682.335,440.007,0.0,0.0,0.3988,0.257168,0.0,1,0.042507221,0.359596605,0.3593426855600002
QIWGOU_clean,QIWGOU_clean,4.95412,3.59777,4.40809,1.51133,204.724,135.46,222.59,147.281,0.4446,0.294179,0.0,1,0.016566179,0.156330321,0.15605406678999967
QIXSOG_clean,QIXSOG_clean,7.51562,5.04263,7.51562,0.608086,2919.24,4800.71,0.0,0.0,0.776,1.27614,0.0,1,0.019356949,0.191221102,0.19096498924125094
QIYDEJ_clean,QIYDEJ_clean,22.48969,11.55679,22.48969,0.431427,1897.73,4398.73,0.0,0.0,0.814,1.88676,0.0,1,0.03581285,0.353539605,0.3568850657337482
QIZLIW_clean,QIZLIW_clean,6.45845,5.65073,6.45505,1.52092,1546.0,1016.49,0.0,0.0,0.5696,0.374511,0.0,1,0.024224235,0.236407401,0.23293397152000042
QOBWEJ01_clean,QOBWEJ01_clean,4.69819,2.92267,4.42594,2.00966,0.0,0.0,737.135,366.796,0.53,0.263727,0.0,1,0.091051065,0.753170297,0.698551639141249
QOBWEJ_clean,QOBWEJ_clean,4.72732,2.92871,4.65247,2.00105,0.0,0.0,759.681,379.641,0.5418,0.270757,0.0,1,0.090857658,0.732598506,0.6846525751862491
QOCSAD_clean,QOCSAD_clean,5.79442,4.21505,5.67699,1.39648,1468.21,1051.36,0.0,0.0,0.5488,0.392987,0.0,1,0.041836884,0.395309892,0.3927617043612496
QODHUO04_clean,QODHUO04_clean,7.0665,3.70053,7.05456,1.31094,1039.62,793.032,0.0,0.0,0.501,0.382168,0.0,1,0.024654551,0.232289726,0.2365043964300008
QODHUO11_clean,QODHUO11_clean,7.01042,3.80896,6.9255,1.3366,1007.71,753.939,0.0,0.0,0.4868,0.364209,0.0,1,0.026226544,0.245774848,0.24505105650250156
QOFBIY01_clean,QOFBIY01_clean,7.02313,3.82948,7.02313,1.33462,1010.65,757.254,0.0,0.0,0.4866,0.364598,0.0,1,0.026290688,0.246637538,0.24592060694250192
QOFBIY02_clean,QOFBIY02_clean,7.03275,3.83288,6.70379,1.33192,1017.39,763.856,0.0,0.0,0.4894,0.36744,0.0,1,0.026060142,0.248573015,0.24451357958250092
QOFDAS_clean,QOFDAS_clean,7.03553,3.81631,6.66267,1.32324,1033.46,781.008,0.0,0.0,0.4904,0.370605,0.0,1,0.025943939,0.246192249,0.24300205319625
QOFDIA07_clean,QOFDIA07_clean,7.02954,3.71586,6.33543,1.32374,1036.28,782.845,0.0,0.0,0.4912,0.371071,0.0,1,0.025294132,0.242193937,0.23928407324499965
QOHTOX_clean,QOHTOX_clean,3.99648,2.79601,3.98656,1.18737,0.0,0.0,498.682,419.987,0.4748,0.399874,0.0,0,0.039858069,0.358239013,0.36968889043999964
QOKKAE_clean,QOKKAE_clean,4.41255,3.41758,4.32307,1.9759,693.219,350.838,235.178,119.024,0.5434,0.275014,0.0,1,0.01877288,0.181449209,0.18038073829125018
QONLEM_clean,QONLEM_clean,5.90984,4.72024,5.82362,0.936419,2363.81,2524.31,0.0,0.0,0.6642,0.709298,0.0,1,0.039009287,0.377913382,0.37873917123374967
QOVSOL_clean,QOVSOL_clean,6.4221,3.84022,6.40906,1.13898,1211.49,1063.66,0.0,0.0,0.5446,0.478145,0.0,0,0.065129275,0.562078932,0.585605366791249
QOWRAV08_clean,QOWRAV08_clean,16.35712,5.2326,16.35248,0.718547,2136.57,2973.47,0.0,0.0,0.7128,0.992003,0.0,1,0.046646884,0.432538945,0.4399487355187517
QOZDOY_clean,QOZDOY_clean,5.27343,4.6547,5.27343,1.1624,1108.39,953.534,0.0,0.0,0.534,0.459394,0.0,1,0.168126847,1.241802389,1.2148877381800012
QOZWAF_clean,QOZWAF_clean,8.11802,4.72444,8.10878,2.64249,1840.83,696.627,0.0,0.0,0.5864,0.221912,0.0,1,0.00390444,0.038177873,0.03868237699499969
QUFXIZ_clean,QUFXIZ_clean,4.67454,3.3342,4.67454,1.48268,312.717,210.914,0.0,0.0,0.406,0.273829,0.0,1,0.045626169,0.359943233,0.36907363559749984
QUJFUX_clean,QUJFUX_clean,3.94762,2.40817,3.9408,2.04875,0.0,0.0,341.751,166.81,0.4508,0.220037,0.0,1,0.033878096,0.28288068,0.30032787262374877
QUJKOX_clean,QUJKOX_clean,5.83219,3.24895,5.83125,1.36332,0.0,0.0,1083.21,794.541,0.4898,0.359271,0.0,1,0.056643109,0.501970363,0.4919877075000003
QUPHUF_clean,QUPHUF_clean,5.02709,3.72665,4.99488,1.27657,629.658,493.241,0.0,0.0,0.4654,0.36457,0.0,1,0.063679539,0.485063198,0.507343359421249
QUQFIS_clean,QUQFIS_clean,7.94677,5.42884,7.94677,0.862455,2489.26,2886.25,0.0,0.0,0.7028,0.814884,0.0,1,0.068708918,0.64818672,0.6404522577987493
QUQWOQ_clean,QUQWOQ_clean,10.06165,6.49649,10.06165,0.726621,2197.25,3023.92,0.0,0.0,0.7314,1.00658,0.0,1,0.04048898,0.396963435,0.39402891529750006
QUSRIH_clean,QUSRIH_clean,4.38791,3.69157,4.27847,1.86379,1077.12,577.916,0.0,0.0,0.549,0.294561,0.0,1,0.029612271,0.273270966,0.27797033763874973
QUSRON_clean,QUSRON_clean,4.7209,2.43165,4.70546,2.44626,0.0,0.0,660.963,270.194,0.507,0.207255,0.0,1,0.010564004,0.097527839,0.10339612719374972
QUXROS_clean,QUXROS_clean,5.0019,3.66108,4.98081,1.56447,446.305,285.275,0.0,0.0,0.341,0.217965,0.0,0,0.138150584,0.783102032,0.7749264194637543
QUZVEO_clean,QUZVEO_clean,9.48553,8.8403,9.48103,1.4036,1600.03,1139.94,0.0,0.0,0.619,0.441008,0.0,1,0.017116962,0.166247303,0.16800752226374982
QUZZES_clean,QUZZES_clean,5.06119,3.42679,5.05316,1.0324,1234.19,1195.46,0.0,0.0,0.5416,0.524604,0.0,0,0.088360864,0.780363597,0.7613499297450009
RAGYAB_clean,RAGYAB_clean,4.47073,2.84112,4.46679,1.85769,0.0,0.0,412.043,221.804,0.5066,0.272704,0.0,1,0.077646935,0.602157965,0.6128084868962472
RAJFEQ_clean,RAJFEQ_clean,6.16839,5.15091,6.14553,1.469,1288.74,877.291,0.0,0.0,0.5068,0.344997,0.0,1,0.043431925,0.396495775,0.39611840499375056
RANWAH_clean,RANWAH_clean,16.74527,9.32901,16.72649,0.807635,1226.12,1518.16,378.27,468.367,0.6974,0.863509,0.0,1,0.054947264,0.518921164,0.4396289857562503
RATVEP_clean,RATVEP_clean,3.73735,3.09956,3.72505,1.34661,0.0,0.0,127.088,94.3768,0.4282,0.317985,0.0,1,0.006173268,0.062391189,0.060824655677500034
RAVCUO_clean,RAVCUO_clean,4.66502,2.55192,4.3222,1.74013,0.0,0.0,323.74,186.044,0.4046,0.232512,0.0,0,0.127579491,0.831398496,0.8204609043562486
RAVDEZ_clean,RAVDEZ_clean,4.62337,2.53537,4.62337,1.78704,0.0,0.0,314.453,175.963,0.3914,0.219021,0.0,0,0.132428992,0.832530229,0.8362694899562476
RAVVIU01_clean,RAVVIU01_clean,4.59869,3.5679,4.59657,1.86048,691.944,371.917,0.0,0.0,0.4344,0.233488,0.0,0,0.019468803,0.18150164,0.18165599568750004
RAVVUH_clean,RAVVUH_clean,17.18258,16.37707,17.18252,0.61117,1430.17,2340.05,0.0,0.0,0.7478,1.22355,0.0,1,0.038900558,0.381788505,0.3716090378262513
RAVWAO_clean,RAVWAO_clean,17.92516,17.51395,17.92516,0.536552,1469.43,2738.65,0.0,0.0,0.7562,1.40937,0.0,1,0.039925563,0.390604174,0.3887040331649988
RAVWES_clean,RAVWES_clean,24.44059,23.62721,24.44059,0.439059,1246.56,2839.17,0.0,0.0,0.7912,1.80203,0.0,1,0.042173908,0.416588285,0.4116299118437485
RAVWUI_clean,RAVWUI_clean,36.78756,36.43313,36.78756,0.334728,1010.86,3019.95,0.0,0.0,0.8506,2.54117,0.0,1,0.034523411,0.339840341,0.33644305044374967
RAVXET_clean,RAVXET_clean,38.22812,38.06649,38.22812,0.326773,945.437,2893.25,0.0,0.0,0.8304,2.54121,0.0,1,0.026531886,0.258193609,0.2628517180725011
RAYLAG_clean,RAYLAG_clean,8.06325,5.70271,8.06325,1.05948,1118.14,1055.37,0.0,0.0,0.5424,0.511951,0.0,1,0.033713385,0.311925432,0.32506113489749977
RAZJIM_clean,RAZJIM_clean,5.21161,3.32417,5.21161,1.39076,954.218,686.112,0.0,0.0,0.518,0.372458,0.0,1,0.063091258,0.529692739,0.5381026087187499
REBROG_clean,REBROG_clean,10.27499,2.5213,10.27499,0.960063,0.0,0.0,1819.6,1895.29,0.6876,0.716203,0.0,0,0.024550729,0.245127647,0.2402305196312499
REBRUM_clean,REBRUM_clean,10.39467,2.50626,10.39467,1.04116,0.0,0.0,1796.09,1725.09,0.6992,0.67156,0.0,0,0.03278766,0.323414866,0.3171218331299982
REDROI_clean,REDROI_clean,5.11492,3.52421,4.97096,1.62315,751.494,462.985,0.0,0.0,0.4856,0.299172,0.0,0,0.085347251,0.646152118,0.65247987296375
REDYEG_clean,REDYEG_clean,6.00247,5.30071,6.00247,1.71779,1047.72,609.926,0.0,0.0,0.4804,0.279662,0.0,0,0.030078693,0.277309463,0.27510556892000215
REFTON_SL,REFTON_SL,6.52014,5.78584,6.51985,1.60919,731.041,454.292,0.0,0.0,0.4398,0.273306,0.0,1,0.013686989,0.129451752,0.1251084979975003
REGJIW02_clean,REGJIW02_clean,4.15601,3.75321,4.15601,2.20306,528.853,240.053,0.0,0.0,0.3622,0.164407,0.0,0,0.060609648,0.489777787,0.45062345298375184
REGMOH_clean,REGMOH_clean,5.75637,3.63199,5.752,1.21306,695.864,573.642,0.0,0.0,0.461,0.380029,0.0,0,0.033981341,0.298607164,0.3076826622112512
REGRIG_clean,REGRIG_clean,9.2158,6.6287,9.19553,0.813635,2298.6,2825.1,0.0,0.0,0.7402,0.909744,0.0,1,0.033197309,0.332524246,0.3270581164374998
REHVEH_clean,REHVEH_clean,5.09966,4.72276,5.09966,1.21463,819.918,675.033,0.0,0.0,0.4664,0.383984,0.0,0,0.066940454,0.538709682,0.5647214061275005
RESQAJ_clean,RESQAJ_clean,5.3045,3.72656,5.30006,1.51504,527.124,347.927,0.0,0.0,0.4244,0.280124,0.0,1,0.036186998,0.308081198,0.3207009255825
REVYUO_clean,REVYUO_clean,4.59119,3.58129,4.35696,1.13884,1005.06,882.529,15.2393,13.3814,0.5666,0.497524,0.0,0,0.05063372,0.463253553,0.45998339791875176
REWLEM_clean_h,REWLEM_clean_h,12.46985,5.92009,12.2403,0.703058,2170.85,3087.73,0.0,0.0,0.7184,1.02182,0.0,1,0.0493777,0.474634718,0.4664100962687492
REWSUJ_clean,REWSUJ_clean,7.20015,5.05884,7.19749,1.17107,1370.13,1169.98,0.0,0.0,0.5526,0.471877,0.0,1,0.029178875,0.28046876,0.28233888354125064
REXDAB_clean,REXDAB_clean,10.30851,5.62434,10.27466,1.28435,1767.21,1375.95,0.0,0.0,0.652,0.507649,0.0,0,0.016757536,0.165106658,0.1658410314475007
REYJEM_clean,REYJEM_clean,10.02209,6.26863,9.82831,0.811705,2149.78,2648.47,0.0,0.0,0.7198,0.886775,0.0,0,0.082857015,0.676528907,0.7405869158100029
REYPES_clean,REYPES_clean,6.75417,5.73604,6.69554,1.53002,424.431,277.402,27.8439,18.1983,0.422,0.275813,0.0,1,0.013441324,0.128319298,0.12124500631875063
REYPIW_clean,REYPIW_clean,5.40721,5.27542,5.40721,1.18423,1439.71,1215.73,0.0,0.0,0.5374,0.453797,0.0,0,0.085658349,0.696792083,0.7283500293287504
REZJIR02_clean,REZJIR02_clean,4.7149,2.73373,4.7149,1.28691,0.0,0.0,633.002,491.877,0.5318,0.413237,0.0,0,0.025990582,0.242111312,0.24478410486124996
REZJIR_clean,REZJIR_clean,4.71635,2.69979,4.70506,1.27847,0.0,0.0,629.272,492.206,0.5366,0.41972,0.0,0,0.026237914,0.253548289,0.24588823605749918
REZXEA_clean,REZXEA_clean,10.58306,9.90235,10.58306,0.641816,2266.19,3530.9,0.0,0.0,0.7602,1.18445,0.0,1,0.022707065,0.224435495,0.22575436163624996
RIGPEE01_clean,RIGPEE01_clean,4.32886,3.44721,4.31075,1.25081,566.106,452.592,0.0,0.0,0.462,0.369361,0.0,1,0.020656496,0.207269804,0.19265503925374966
RINSEM_clean,RINSEM_clean,5.77452,4.19628,5.77452,1.18323,2019.49,1706.76,0.0,0.0,0.6626,0.559992,0.0,0,0.035566745,0.341315958,0.3431736639637496
RIPTEQ_clean,RIPTEQ_clean,5.96,4.10144,5.96,2.02284,1713.13,846.891,0.0,0.0,0.5442,0.269027,0.0,1,0.011076932,0.109736537,0.10841956832875052
RITGIM_clean,RITGIM_clean,5.22026,3.78444,5.12438,2.19337,1554.84,708.882,0.0,0.0,0.5434,0.247747,0.0,1,0.011022452,0.106150765,0.10858885971750039
RIWMUH_clean,RIWMUH_clean,10.50032,10.04767,10.50032,0.982459,1440.31,1466.03,0.0,0.0,0.6132,0.624148,0.0,1,0.034455705,0.327280663,0.3219458182700016
RIYWIH_clean,RIYWIH_clean,4.61736,3.75355,4.61736,1.46943,261.851,178.199,75.8401,51.612,0.4096,0.278748,0.0,1,0.021765821,0.212251045,0.20204281310624936
ROCZOA_clean,ROCZOA_clean,6.50104,5.23642,6.50104,0.958325,2491.0,2599.32,0.0,0.0,0.685,0.714789,0.0,1,0.02864239,0.281075715,0.28236680532500125
ROGLOP_clean,ROGLOP_clean,5.33017,3.84032,5.33017,1.2463,995.82,799.02,0.0,0.0,0.527,0.422851,0.0,1,0.030260557,0.288277114,0.28821735844374924
ROJNEJ_clean,ROJNEJ_clean,4.01951,2.77756,4.018,1.69461,0.0,0.0,471.602,278.295,0.4414,0.260472,0.0,0,0.057931658,0.505286361,0.4712923340612518
ROMQAN_clean,ROMQAN_clean,4.67601,3.58614,4.53668,1.50157,646.168,430.33,0.0,0.0,0.452,0.301019,0.0,1,0.023717049,0.220457479,0.2205271572025
ROPVIB_clean,ROPVIB_clean,4.80052,3.11597,4.80052,1.58584,0.0,0.0,683.84,431.217,0.5606,0.353504,0.0,1,0.015792791,0.153963236,0.15422586488125042
ROQDIM02_clean,ROQDIM02_clean,5.22188,2.67795,5.22188,1.03483,0.0,0.0,945.617,913.785,0.5816,0.562022,0.0,0,0.019150495,0.188048346,0.18841338726749998
ROQDIM_clean,ROQDIM_clean,5.15806,2.62729,5.15806,1.04931,0.0,0.0,895.138,853.07,0.5766,0.549502,0.0,0,0.019536582,0.189778745,0.1884101976637501
RORVAX_clean,RORVAX_clean,6.42929,6.08998,6.42929,0.7293,3122.65,4281.71,0.0,0.0,0.7,0.959824,0.0,1,0.072353469,0.692364283,0.668003229455002
ROYREE_clean,ROYREE_clean,6.65259,5.04516,6.56274,1.17392,1308.03,1114.24,0.0,0.0,0.5524,0.47056,0.0,1,0.085212537,0.668897427,0.7033707993937499
RUBTAK01_SL,RUBTAK01_SL,8.70379,4.00842,8.70379,1.20121,1712.27,1425.46,0.0,0.0,0.5914,0.492338,0.000832496,0,0.038587009,0.359422065,0.3675784899012504
RUBTAK03_auto,RUBTAK03_auto,8.46299,3.95011,8.46299,1.23778,1637.26,1322.74,0.0,0.0,0.6028,0.487,0.000161579,0,0.034482674,0.322368496,0.33296888021749965
RUFDUT_clean,RUFDUT_clean,4.69173,3.85639,4.65615,1.66558,994.805,597.274,0.0,0.0,0.4696,0.281944,0.0,1,0.053224565,0.46067413,0.4559041162162494
RUGJAG_clean,RUGJAG_clean,3.73436,2.82454,3.73436,2.10957,0.0,0.0,191.968,90.9989,0.5156,0.24441,0.0,1,0.008641952,0.086456033,0.0823833491425002
RUGKAH_clean,RUGKAH_clean,3.92683,2.69591,3.92683,2.3372,0.0,0.0,182.176,77.9463,0.4314,0.18458,0.0,0,0.012531278,0.12284296,0.11719429626249943
RUGKOV_clean,RUGKOV_clean,6.88401,5.43231,6.88401,0.929347,2753.28,2962.6,0.0,0.0,0.6968,0.749773,0.0,1,0.041549353,0.406321809,0.40803822135375006
RUGYOJ_clean,RUGYOJ_clean,5.31747,4.41438,5.22074,1.35237,1132.24,837.223,13.731,10.1533,0.5218,0.385841,0.0,1,0.039435928,0.371308955,0.3636976887224999
RUHFIL_clean,RUHFIL_clean,10.02499,8.76011,10.02499,0.882826,2167.55,2455.24,0.0,0.0,0.7844,0.88851,0.0,1,0.012618842,0.12908839,0.1264132747600007
RULBOQ_clean,RULBOQ_clean,7.47442,6.27169,7.47442,1.39226,1576.48,1132.32,0.0,0.0,0.6106,0.438569,0.0,1,0.012763767,0.126073963,0.12645568986374955
RUMROI_clean,RUMROI_clean,3.98794,3.20816,3.86657,1.74728,0.0,0.0,319.482,182.846,0.4734,0.270936,0.0,0,0.021908926,0.215555524,0.20690612637999928
RUSXEK_clean,RUSXEK_clean,6.54291,3.90146,6.54291,1.24418,1488.27,1196.19,0.0,0.0,0.5602,0.450258,0.0,1,0.036805274,0.350158693,0.35363165544375064
RUTBUE_clean,RUTBUE_clean,5.46179,3.3167,5.42607,1.84831,950.011,513.988,28.4133,15.3725,0.5068,0.274196,0.0,1,0.014298529,0.139575172,0.13676292146375074
RUVBOB_clean,RUVBOB_clean,6.09913,3.98908,5.99424,1.3777,1258.08,913.177,14.3931,10.4472,0.545,0.395586,0.0,0,0.035507135,0.325836329,0.3334079367812487
RUVKAV_clean,RUVKAV_clean,11.95152,7.15447,11.95152,0.601684,2230.0,3706.27,0.0,0.0,0.7794,1.29537,0.0,1,0.034569188,0.333416683,0.3369203429137498
RUWWUC_clean,RUWWUC_clean,5.12851,4.00559,5.12851,1.54997,877.489,566.133,0.0,0.0,0.4642,0.29949,0.0,1,0.047057714,0.426645034,0.4111889629137485
RUWXAJ_clean,RUWXAJ_clean,5.17293,4.0299,5.17293,1.53238,836.842,546.106,0.0,0.0,0.4794,0.312847,0.0,1,0.039858001,0.351602985,0.3548909727537506
RUYNIK_clean,RUYNIK_clean,5.71975,3.68772,5.7164,1.35451,1400.63,1034.05,0.0,0.0,0.5398,0.398522,0.0,1,0.032020197,0.304678767,0.3009749086912497
RUYVEO_clean,RUYVEO_clean,12.21297,10.12216,12.21297,0.962787,1461.82,1518.32,0.0,0.0,0.6354,0.659959,0.0,1,0.025131571,0.243562458,0.24627377975375075
SABWEA_clean,SABWEA_clean,4.53458,2.9633,4.40999,1.68711,0.0,0.0,508.309,301.29,0.44,0.260801,0.0,1,0.033208562,0.297661096,0.29494455080624926
SABXOL_clean,SABXOL_clean,4.43793,2.97824,4.42212,1.81595,0.0,0.0,422.906,232.884,0.4302,0.236901,0.0,1,0.033236913,0.293526475,0.29044205545375085
SABZON_clean,SABZON_clean,4.43149,2.88604,4.41864,1.7717,0.0,0.0,426.863,240.934,0.4294,0.242366,0.0,1,0.032235447,0.289660066,0.2863462382962501
SADVEB_clean,SADVEB_clean,5.28527,4.25585,5.28527,2.60318,983.265,377.718,0.0,0.0,0.4638,0.178167,0.0,1,0.011030363,0.107755945,0.10634370837625068
SAJKUM_clean,SAJKUM_clean,6.07687,2.54695,6.07687,1.5278,0.0,0.0,1047.64,685.719,0.551,0.360649,0.0,0,0.033690416,0.303462237,0.30844899295374956
SAJLOH_clean,SAJLOH_clean,3.93705,3.25282,3.93705,1.50144,0.0,0.0,629.154,419.034,0.5396,0.359388,0.0,1,0.025298372,0.245474506,0.23613315134125024
SAJRAW_clean,SAJRAW_clean,6.95776,5.62966,6.95776,1.0485,2631.43,2509.71,0.0,0.0,0.7242,0.690701,0.0,0,0.013109463,0.131287943,0.13030718288500118
SAKFAO_clean,SAKFAO_clean,5.49411,3.00975,5.49411,1.61116,0.0,0.0,1030.68,639.714,0.5506,0.341741,0.0,0,0.036527058,0.319228933,0.3237247515875014
SAKRAZ_clean,SAKRAZ_clean,5.58245,5.12904,5.58245,1.03675,2394.2,2309.33,0.0,0.0,0.6546,0.631396,0.0,1,0.037333688,0.36579943,0.36098738342749925
SAKRED_clean,SAKRED_clean,5.5169,5.02553,5.5169,1.03225,2416.65,2341.14,0.0,0.0,0.6696,0.648678,0.0,1,0.036472421,0.356474167,0.3539623701312508
SALZAH_clean,SALZAH_clean,5.2131,3.75496,5.20977,1.33753,1363.66,1019.54,0.0,0.0,0.5834,0.436178,0.0,1,0.013737054,0.135568574,0.1349572618675001
SAMVEK_clean,SAMVEK_clean,7.83578,6.98017,7.83578,0.980713,1609.04,1640.69,0.0,0.0,0.611,0.623016,0.0,0,0.030509278,0.308409601,0.2940935199375005
SANJAV_clean,SANJAV_clean,6.50945,4.91174,6.48422,1.32827,1290.56,971.607,0.0,0.0,0.515,0.387722,0.0,1,0.08323165,0.721672869,0.6943643087137502
SAPHUP_clean,SAPHUP_clean,5.84607,2.5468,5.84069,1.69998,0.0,0.0,321.602,189.18,0.462,0.271769,0.0,0,0.017827787,0.146967426,0.16254759269124985
SAPJEZ_clean,SAPJEZ_clean,6.92299,3.26636,6.92274,1.48778,0.0,0.0,1369.63,920.584,0.5514,0.370619,0.0,0,0.037735931,0.358484384,0.34564639247625045
SAQSOU_clean,SAQSOU_clean,6.47651,3.98462,6.43461,1.44924,1500.2,1035.16,0.0,0.0,0.568,0.391929,0.0,1,0.016958106,0.164120953,0.1657286132175002
SARGID_clean,SARGID_clean,11.28011,10.79695,11.27845,1.13003,1551.23,1372.74,0.0,0.0,0.643,0.569013,0.0,1,0.02920047,0.28177704,0.2856062261562505
SARHAW_clean,SARHAW_clean,11.26396,10.8267,11.26396,1.13289,1578.11,1393.0,0.0,0.0,0.6352,0.560691,0.0,1,0.028116751,0.279784922,0.277745653517498
SARTIR_clean,SARTIR_clean,8.84902,7.39282,8.55302,0.84182,1819.29,2161.13,0.0,0.0,0.6546,0.7776,0.0,0,0.032003802,0.310828129,0.3097737403737503
SAXLEK_clean,SAXLEK_clean,9.25038,8.58806,9.25038,1.08002,1714.03,1587.03,0.0,0.0,0.6988,0.647023,0.0,1,0.008511656,0.083713149,0.08503536219499998
SEGMEW_clean,SEGMEW_clean,4.54304,3.58735,4.3932,1.55869,710.369,455.747,0.0,0.0,0.505,0.32399,0.0,1,0.006533826,0.064070801,0.06405308188625027
SEHTEF_clean,SEHTEF_clean,5.47631,4.61623,5.47631,1.08146,2270.04,2099.06,0.0,0.0,0.6446,0.596049,0.0,1,0.053869275,0.525414864,0.5083091136837514
SEQTEP_clean,SEQTEP_clean,7.6925,5.22397,7.6925,0.967552,1457.91,1506.8,0.0,0.0,0.5822,0.601725,0.0,1,0.044832983,0.426066094,0.4161598737687484
SERWAP_clean,SERWAP_clean,5.42763,4.05857,5.33801,0.873598,1883.71,2156.27,0.0,0.0,0.6098,0.698033,0.0,0,0.080843823,0.742866683,0.7470795566250018
SESDEA01_clean,SESDEA01_clean,3.29226,2.68487,3.28844,1.93015,0.0,0.0,0.0,0.0,0.3566,0.184752,0.0,1,0.001383654,0.014656913,0.013881018051250147
SETRAM_clean,SETRAM_clean,8.05582,7.60574,8.05085,0.990751,1790.54,1807.25,0.0,0.0,0.6356,0.641533,0.0,0,0.042578758,0.416882465,0.410438696167502
SEVLEM_clean,SEVLEM_clean,9.1752,7.37433,9.1752,0.963135,2062.24,2141.17,0.0,0.0,0.6686,0.694191,0.0,1,0.021715837,0.211103961,0.21538979817249929
SIKGAW_clean,SIKGAW_clean,4.92676,4.21433,4.92676,0.888887,2386.29,2684.58,0.0,0.0,0.6492,0.730352,0.0,0,0.031542551,0.30806892,0.31025139677249897
SIKYER_clean,SIKYER_clean,6.53029,4.26393,6.50771,1.2109,2088.91,1725.09,0.0,0.0,0.6104,0.504089,0.0,1,0.033916045,0.328832264,0.3308617733874999
SINQAH_clean,SINQAH_clean,4.03021,3.21832,4.02236,2.09821,0.0,0.0,248.476,118.423,0.4642,0.221237,0.0,0,0.062231253,0.517386083,0.5338160999762477
SIPCID_clean,SIPCID_clean,5.31594,4.0774,5.2787,1.47588,738.038,500.065,0.0,0.0,0.506,0.342845,0.0,0,0.011960931,0.11651878,0.116768047865
SIQCUS_clean,SIQCUS_clean,4.79944,3.35813,4.79944,1.37086,955.599,697.081,0.0,0.0,0.547,0.39902,0.0,1,0.037306745,0.349157649,0.3407938059512506
SIQFIH_clean,SIQFIH_clean,4.05766,3.29888,4.03501,2.45502,0.0,0.0,351.593,143.214,0.42,0.171078,0.0,0,0.012888264,0.121504702,0.12509384377750116
SIQQEO_clean,SIQQEO_clean,5.38066,4.73377,5.38066,1.02212,1743.14,1705.42,0.0,0.0,0.596,0.583103,0.0,1,0.040246735,0.388335182,0.3865802891799992
SIRBIG07_clean,SIRBIG07_clean,4.7082,2.80039,4.7082,1.11789,0.0,0.0,701.01,627.085,0.557,0.498261,0.0,0,0.041276247,0.401017087,0.37878454685499846
SIVJIS_clean,SIVJIS_clean,6.47513,4.62269,6.40533,1.38853,1236.89,890.797,0.0,0.0,0.5274,0.379827,0.0,0,0.048504799,0.418428453,0.43927259385999945
SIVQAR_clean,SIVQAR_clean,8.43693,5.95196,8.03277,1.35381,1577.05,1164.9,0.0,0.0,0.616,0.455013,0.0,1,0.031887808,0.311353857,0.3058085850399997
SIWTEZ_clean,SIWTEZ_clean,6.78942,4.98966,6.77665,1.39975,1050.66,750.605,0.0,0.0,0.4732,0.33806,0.0,1,0.031360746,0.292462992,0.2890475423912505
SIWZOP01_clean,SIWZOP01_clean,3.50826,3.23008,3.50408,1.31602,0.0,0.0,39.3751,29.9199,0.473,0.359418,0.0,0,0.007283483,0.071869035,0.07033406932625008
SIZJUH_clean,SIZJUH_clean,6.46611,5.64692,6.46611,1.69172,651.341,385.016,66.1469,39.1003,0.474,0.280188,0.0,1,0.003338549,0.033193503,0.03376070339875003
SOCKOM_clean,SOCKOM_clean,6.11033,3.35104,6.11033,1.25548,1018.6,811.323,0.0,0.0,0.537,0.427725,0.0,1,0.031052717,0.290312232,0.2931415835324982
SOCWIS_clean,SOCWIS_clean,4.26724,2.43223,4.26391,2.30844,0.0,0.0,337.59,146.242,0.368,0.159415,0.0,1,0.093094683,0.588120494,0.6792456858325007
SOHGUS_clean,SOHGUS_clean,9.69532,8.17838,9.6883,0.723839,1841.74,2544.41,0.0,0.0,0.707,0.976737,0.0,0,0.033961582,0.335591897,0.33459445931750037
SOHMUY_clean,SOHMUY_clean,8.20693,7.56134,7.97833,1.2172,2055.43,1688.66,0.0,0.0,0.6606,0.542722,0.0,0,0.025005627,0.245168903,0.24724239236499776
SOHNEJ_clean,SOHNEJ_clean,8.72478,7.97366,8.7184,1.18471,2089.45,1763.69,0.0,0.0,0.6672,0.563178,0.0,0,0.026197186,0.255942969,0.2551502738437501
SOHNIN_clean,SOHNIN_clean,8.46136,7.91648,8.46136,1.21276,2069.15,1706.15,0.0,0.0,0.6704,0.552789,0.0,0,0.026174145,0.248097111,0.2527461732987508
SOKKUZ_clean,SOKKUZ_clean,6.70484,6.32665,6.70484,1.05966,2286.47,2157.74,0.0,0.0,0.6502,0.613593,0.0,0,0.06684988,0.620898207,0.6241698335299981
SOKWAS01_clean,SOKWAS01_clean,5.31439,4.17423,5.31439,1.94035,1774.06,914.299,0.0,0.0,0.5988,0.308604,0.0,1,0.023625004,0.228031366,0.22605970855875018
SONVIB_neutral_b,SONVIB_neutral_b,13.19327,6.63983,13.19327,0.881013,2113.29,2398.7,0.0,0.0,0.7204,0.817695,0.0,1,0.047739971,0.432679491,0.428934348084999
SOPLEQ_clean,SOPLEQ_clean,8.78838,7.50509,8.78838,0.73171,2217.3,3030.3,0.0,0.0,0.6802,0.929603,0.0,0,0.037189908,0.359980882,0.36426515153625033
SOQHIR01_clean,SOQHIR01_clean,5.29124,3.26263,5.25532,1.49431,0.0,0.0,1049.8,702.532,0.5198,0.347852,0.0,0,0.054140465,0.485263335,0.48134210260875016
SORQAT_clean,SORQAT_clean,4.4873,3.3179,4.4873,1.95445,291.285,149.037,124.29,63.5931,0.3762,0.192484,0.0,1,0.039723589,0.314491494,0.3153272210387503
SORXAA_clean,SORXAA_clean,4.50589,3.34598,4.50589,1.9208,298.888,155.606,146.137,76.081,0.3866,0.20127,0.0,1,0.041510042,0.316472598,0.33913973624124927
SOZBIS_clean,SOZBIS_clean,7.02326,5.68654,7.02326,1.02671,2667.76,2598.37,0.0,0.0,0.7458,0.7264,0.0,0,0.01285844,0.127371118,0.12830992249624987
SOZGIZ_clean,SOZGIZ_clean,8.59808,3.83664,8.57584,1.027,1782.17,1735.31,0.0,0.0,0.6252,0.608761,0.0,1,0.053501481,0.51590714,0.5053505674875014
SOZSAD_clean,SOZSAD_clean,8.8027,3.99777,8.80075,0.979603,1802.77,1840.31,0.0,0.0,0.6322,0.645363,0.0,1,0.052442966,0.500937237,0.495864360376247
SOZSOR_clean,SOZSOR_clean,8.74499,3.992,8.31175,1.01024,1785.62,1767.53,0.0,0.0,0.6274,0.621043,0.0,1,0.053490189,0.513269469,0.5045167707425006
SUCLOT_clean,SUCLOT_clean,5.75412,5.30597,5.75185,0.900285,1657.72,1841.33,0.0,0.0,0.6148,0.682895,0.0,1,0.03123589,0.300035518,0.30429150725124937
SUFBAY_clean,SUFBAY_clean,6.49481,4.4278,6.49481,0.863231,1967.74,2279.51,0.0,0.0,0.608,0.704331,0.0,0,0.08188445,0.712614827,0.7476180856787518
SUFJOU_clean,SUFJOU_clean,6.30332,3.54841,6.29414,1.24899,1424.61,1140.61,0.0,0.0,0.571,0.457169,0.0,1,0.111077515,0.94615225,0.9308616819662501
SUFROA_clean,SUFROA_clean,5.45181,5.00801,5.45026,0.91452,1466.61,1603.69,0.0,0.0,0.6234,0.681669,0.0,0,0.043173506,0.424294752,0.412464350345
SUKYON_clean,SUKYON_clean,10.7978,7.28862,10.07334,0.52652,2852.06,5416.81,0.601169,1.14178,0.7786,1.47877,0.0,1,0.042878213,0.429421393,0.41838849151375146
SUNHEP_clean,SUNHEP_clean,5.14819,2.79499,5.12861,1.41868,0.0,0.0,1001.3,705.798,0.5512,0.388531,0.0,1,0.053920182,0.493135333,0.4728846347175002
SUNJIV_clean,SUNJIV_clean,4.89155,3.90131,4.73471,1.36084,1754.51,1289.29,0.0,0.0,0.5968,0.438553,0.0,1,0.044955874,0.421291962,0.4245987939162506
SUNLET_clean,SUNLET_clean,14.87522,10.10535,14.86073,0.621573,1621.79,2609.18,0.0,0.0,0.734,1.18088,0.0,1,0.031892094,0.29805488,0.31255216992625057
SUQHUJ_clean,SUQHUJ_clean,7.25953,5.23411,7.25953,1.08539,2701.3,2488.77,0.0,0.0,0.709,0.653219,0.0,1,0.053675835,0.510612046,0.5071574864675018
SUSRUV_clean,SUSRUV_clean,7.5604,3.02876,7.55252,1.19859,0.0,0.0,1206.18,1006.33,0.5328,0.444521,0.0,1,0.034067422,0.323085977,0.3154073618512499
SUVZOA_clean,SUVZOA_clean,4.91499,2.47432,4.88987,1.62191,0.0,0.0,534.979,329.845,0.4362,0.268942,0.0,1,0.026566874,0.238216792,0.23527025152749992
SUXYIU_clean,SUXYIU_clean,4.29196,2.48999,4.28879,1.55181,0.0,0.0,298.906,192.618,0.4722,0.30429,0.0,0,0.070582544,0.591187883,0.5794282052875022
TACPET_clean,TACPET_clean,6.03338,5.92233,6.03037,1.73347,616.775,355.803,0.0,0.0,0.4186,0.241481,0.0,0,0.025098661,0.218898255,0.2306718527474992
TADCAE_clean,TADCAE_clean,4.68506,3.03191,4.68506,1.61627,0.0,0.0,308.786,191.048,0.4632,0.286585,0.0,1,0.018662731,0.173399175,0.17646581177624987
TAFPOG_clean,TAFPOG_clean,4.50085,2.84285,4.46717,1.62237,0.0,0.0,597.144,368.069,0.487,0.300178,0.0,0,0.031345865,0.280280613,0.2845038488350004
TAGTIH_clean,TAGTIH_clean,7.18408,5.4183,7.18408,0.735724,2753.27,3742.25,0.0,0.0,0.7098,0.964764,0.0,1,0.041393527,0.411475753,0.41029164004625085
TAGVAB_clean,TAGVAB_clean,7.19373,5.47476,7.19162,0.743514,2474.93,3328.7,0.0,0.0,0.678,0.911886,0.0,1,0.045377289,0.440392265,0.4415468961849999
TAJXIO_clean,TAJXIO_clean,3.69262,3.45097,3.69262,2.33323,96.1718,41.2184,0.0,0.0,0.319,0.136721,0.0,1,0.001247616,0.012973849,0.012350760642500099
TAKGUK_clean,TAKGUK_clean,10.52986,9.57688,10.52986,1.52454,1236.56,811.103,0.0,0.0,0.5926,0.388707,0.0,1,0.016918515,0.161623121,0.1619381347737494
TAKHEV_clean,TAKHEV_clean,10.20812,9.46941,10.20812,1.57295,1231.54,782.951,0.0,0.0,0.5872,0.373312,0.0,1,0.017291441,0.164169015,0.16463472445749947
TAKYOV_clean,TAKYOV_clean,7.07022,3.04881,7.07022,1.61174,0.0,0.0,575.318,356.955,0.4874,0.302407,0.0,1,0.017862509,0.169192694,0.16833328064874933
TAKZEN_clean,TAKZEN_clean,4.16727,2.45571,4.16319,1.53718,0.0,0.0,460.116,299.326,0.476,0.309659,0.0,1,0.022602699,0.211763336,0.211784662492499
TANBOZ_clean,TANBOZ_clean,6.76714,4.26504,6.76714,1.06143,2653.84,2500.25,0.0,0.0,0.7164,0.674939,0.0,1,0.008960491,0.091253474,0.08812428339750022
TANFEV_clean,TANFEV_clean,3.98514,2.61526,3.98514,2.3923,0.0,0.0,345.939,144.606,0.4664,0.194959,0.0,0,0.019609411,0.194316037,0.18470316178250037
TARWEO_clean,TARWEO_clean,5.90162,5.41792,5.90162,1.76228,855.544,485.476,0.0,0.0,0.4612,0.261707,0.0,1,0.009225995,0.090410961,0.08968510096374974
TASWER_clean,TASWER_clean,7.18775,6.56186,7.17833,1.27687,1841.49,1442.19,0.0,0.0,0.6088,0.47679,0.0,1,0.025897027,0.251498445,0.24890105672375032
TAWYUO_clean,TAWYUO_clean,7.27421,6.44823,7.26586,0.918654,1410.21,1535.08,0.0,0.0,0.5716,0.622215,0.0,1,0.040270055,0.387058237,0.3871329554287506
TAZLUD_clean,TAZLUD_clean,11.12433,6.7889,11.12433,0.98349,2237.28,2274.84,0.0,0.0,0.7358,0.748152,0.0,1,0.034270984,0.319830846,0.32268076351875263
TAZYAV_clean,TAZYAV_clean,6.36917,5.18527,6.3624,0.882052,2917.95,3308.15,0.0,0.0,0.7278,0.825122,0.0,0,0.022077936,0.220162518,0.21818982893000002
TECTUS_clean,TECTUS_clean,5.16992,3.60905,5.14467,1.12529,1198.87,1065.39,0.0,0.0,0.54,0.479875,0.0,1,0.043752645,0.405358541,0.4073019592724995
TEJQAC_clean,TEJQAC_clean,3.76144,3.19439,3.75514,1.53008,0.0,0.0,37.7108,24.6463,0.379,0.2477,0.0,1,0.001132795,0.010309752,0.011507002968750004
TEMPEI_clean,TEMPEI_clean,15.71457,10.86579,15.71457,0.592467,1916.3,3234.44,0.0,0.0,0.745,1.25745,0.0,1,0.030280543,0.297676174,0.29817679049875123
TEQWER01_clean,TEQWER01_clean,4.21874,3.59841,4.17878,1.6409,883.632,538.504,0.0,0.0,0.5372,0.327381,0.0,1,0.025162711,0.238454225,0.23605649264500028
TETZEZ_clean,TETZEZ_clean,10.62365,6.73057,10.03707,0.736025,1901.4,2583.34,0.0,0.0,0.6844,0.92986,0.0,1,0.035240296,0.336723674,0.3472956066812487
TEVZOK_clean,TEVZOK_clean,4.56897,3.54471,4.54551,1.97903,632.114,319.407,0.0,0.0,0.4392,0.221927,0.0,0,0.036161424,0.326603941,0.31981123847999926
TEWGEJ01_clean,TEWGEJ01_clean,4.12717,3.22353,4.12717,1.3058,0.0,0.0,347.715,266.285,0.429,0.328534,0.0,0,0.019638885,0.174789243,0.1830893873737502
TEWGEJ_clean,TEWGEJ_clean,5.1192,3.89364,5.10203,1.1805,1020.25,864.259,0.0,0.0,0.4966,0.420671,0.0,1,0.069698131,0.599803597,0.5999192509824984
TEXTOH_clean,TEXTOH_clean,7.36714,6.73872,7.36371,1.14671,1020.81,890.209,164.756,143.677,0.5422,0.472831,0.0,0,0.033340167,0.291028962,0.32028277324874865
TIDLID_clean,TIDLID_clean,4.2096,4.02928,4.2096,1.31378,1082.38,823.864,182.179,138.667,0.5798,0.44132,0.0,0,0.017878418,0.173916898,0.17352240702249977
TIDMEA_clean,TIDMEA_clean,6.05011,4.95275,5.94474,1.747,1488.92,852.276,0.0,0.0,0.5394,0.308759,0.0,1,0.010867363,0.107945833,0.10677163815749995
TIFDOB_clean,TIFDOB_clean,5.9292,2.69337,5.76725,1.19963,0.0,0.0,821.235,684.576,0.494,0.411795,0.0,0,0.027066648,0.25662726,0.25399525399124906
TIGQOR_clean,TIGQOR_clean,6.65565,3.03325,6.64798,1.54592,0.0,0.0,1165.13,753.681,0.5468,0.353704,0.0,0,0.093368433,0.7569934,0.7165205173249999
TIKMEH_clean,TIKMEH_clean,5.55473,4.01932,4.70025,1.57489,444.086,281.979,505.527,320.992,0.4674,0.296782,0.0,1,0.057958891,0.477630756,0.47265782577374993
TILHEC_clean,TILHEC_clean,3.75288,3.12554,3.74545,1.34381,0.0,0.0,197.744,147.152,0.4516,0.33606,0.0,1,0.018065731,0.17826153,0.17241010208999977
TIQGEG_clean,TIQGEG_clean,3.99152,3.05406,3.97959,2.17194,0.0,0.0,191.126,87.9977,0.4328,0.199268,0.0,1,0.013792102,0.130571987,0.1339881405037489
TIQGOQ_clean,TIQGOQ_clean,4.96613,3.45527,4.96613,1.61722,430.124,265.965,0.0,0.0,0.3844,0.237692,0.0,0,0.018314933,0.173641126,0.16544329722750034
TIRQOB_clean,TIRQOB_clean,6.9378,5.1125,6.91934,1.1916,1497.46,1256.68,0.0,0.0,0.5672,0.475998,0.0,1,0.098293008,0.764118215,0.8300181826962478
TISJOW_clean,TISJOW_clean,5.34187,2.66918,5.33691,1.40296,0.0,0.0,253.748,180.867,0.3892,0.277414,0.0,0,0.015925398,0.131839919,0.1479584117425007
TIVYAZ01_clean,TIVYAZ01_clean,8.9528,6.92043,8.9528,0.77854,2139.65,2748.28,0.0,0.0,0.7276,0.934569,0.0,1,0.026198475,0.259600694,0.25697625941124924
TIXCIO_clean,TIXCIO_clean,8.51649,4.04507,8.50623,0.818285,2218.52,2711.18,0.0,0.0,0.665,0.812676,0.0,0,0.060352024,0.585322525,0.5763057976437469
TIXMET_clean,TIXMET_clean,7.38507,6.83905,7.38507,1.43185,1792.23,1251.69,0.0,0.0,0.6648,0.464295,0.0,0,0.023511702,0.228730647,0.22968823403999966
TIYZEG_clean,TIYZEG_clean,4.29836,2.87757,4.29317,1.98693,0.0,0.0,498.963,251.122,0.4832,0.243189,0.0,1,0.004300876,0.041917618,0.04241949581750011
TODVOZ_clean,TODVOZ_clean,3.38022,2.61753,3.38022,1.79455,0.0,0.0,0.982372,0.547419,0.354,0.197264,0.0,1,0.001605791,0.017366741,0.016006445975000057
TOHSAL_clean,TOHSAL_clean,9.79069,6.17903,9.78331,0.576207,2737.54,4750.96,0.0,0.0,0.7668,1.33077,0.0,1,0.042363113,0.42437281,0.4160474764512503
TOHYUL_clean,TOHYUL_clean,7.14824,6.33455,7.14824,1.33984,1522.29,1136.17,0.0,0.0,0.5742,0.428558,0.0,1,0.025216043,0.242752209,0.2436263491775017
TOJLOT_clean,TOJLOT_clean,9.35136,7.4656,9.35136,0.787935,1703.38,2161.83,0.0,0.0,0.6612,0.839156,0.0,0,0.028334256,0.287832725,0.2786101856762503
TOLGOR_clean,TOLGOR_clean,5.98694,4.00719,5.95033,1.17836,1406.99,1194.02,0.0,0.0,0.5528,0.469125,0.0,1,0.049217841,0.457800389,0.4565153882799972
TOLYOJ_clean,TOLYOJ_clean,5.56011,4.7997,5.54043,0.908517,1594.37,1754.91,0.0,0.0,0.5744,0.632239,0.0,1,0.0422527,0.411305413,0.40262937167374985
TONBOO_clean,TONBOO_clean,4.69422,3.90104,4.69422,1.33698,611.28,457.21,0.0,0.0,0.4482,0.335234,0.0,1,0.057517016,0.498994933,0.48121633795625024
TORJAN_clean,TORJAN_clean,5.41891,3.81819,5.4137,1.12525,1554.01,1381.04,0.0,0.0,0.5844,0.519353,0.0,1,0.031127201,0.303569368,0.29930896042874955
TORJER_clean,TORJER_clean,5.04936,3.67231,5.03861,1.16476,1436.77,1233.53,0.0,0.0,0.5708,0.490058,0.0,1,0.033665493,0.315457178,0.32471277881000044
TORJIV_clean,TORJIV_clean,5.15558,3.73306,5.14713,1.14909,1453.8,1265.17,0.0,0.0,0.5738,0.499351,0.0,1,0.032670826,0.310323806,0.314048887174998
TORJUH_clean,TORJUH_clean,5.30819,3.79107,5.29306,1.12185,1513.8,1349.38,0.0,0.0,0.5828,0.519498,0.0,1,0.03300042,0.314076742,0.31810413533750054
TORKAO_clean,TORKAO_clean,5.01927,3.67935,4.85274,1.1494,1435.4,1248.83,0.0,0.0,0.5704,0.496261,0.0,1,0.033588843,0.319154935,0.32398058494125026
TOTWAC_clean,TOTWAC_clean,4.27065,3.26465,4.27065,1.4628,0.0,0.0,275.724,188.49,0.4546,0.310774,0.0,1,0.02825357,0.269011635,0.2596081808987502
TOVHUJ_clean,TOVHUJ_clean,8.92456,5.42795,8.42869,0.747114,2560.53,3427.22,0.0,0.0,0.6974,0.933458,0.0,1,0.041409157,0.411886703,0.40862099396375023
TOVJOF_clean,TOVJOF_clean,12.42499,8.36781,12.422,0.470537,2039.96,4335.39,0.0,0.0,0.8052,1.71124,0.0,1,0.03760968,0.367751858,0.3716441039337503
TOVKIA_clean,TOVKIA_clean,11.37766,5.00759,10.17753,0.697273,2365.25,3392.15,0.0,0.0,0.715,1.02542,0.0,1,0.050398537,0.494550817,0.4788480224374993
TUCJAD_clean,TUCJAD_clean,5.76369,4.27387,5.76369,1.22067,1421.06,1164.17,0.0,0.0,0.5556,0.455161,0.0,1,0.048817361,0.453303409,0.45336709635499717
TUFSUK_clean,TUFSUK_clean,3.77011,2.69961,3.76836,2.09647,0.0,0.0,116.051,55.3552,0.4228,0.201672,0.0,1,0.002056006,0.022477728,0.02060947817749993
TUGTAR_clean,TUGTAR_clean,4.77865,3.86046,4.77243,1.14723,1098.41,957.446,0.0,0.0,0.5416,0.472093,0.0,1,0.072348284,0.642302463,0.6441942514462506
TUMQOJ_clean,TUMQOJ_clean,4.83352,3.39459,4.83073,1.1864,1126.19,949.248,0.0,0.0,0.5328,0.449088,0.0,0,0.077886199,0.694552796,0.6688865119500004
TUMREA_clean,TUMREA_clean,4.44212,3.35998,4.43668,1.27418,943.724,740.65,0.0,0.0,0.5032,0.39492,0.0,0,0.084918714,0.715325103,0.6930251654649985
TUMRUQ_clean,TUMRUQ_clean,4.43288,3.27602,4.41951,1.24946,0.0,0.0,828.416,663.018,0.521,0.41698,0.0,0,0.07815357,0.693762846,0.6413348405362466
TUMTOK01_clean,TUMTOK01_clean,5.22754,2.62529,5.22378,1.85151,0.0,0.0,689.674,372.493,0.5202,0.28096,0.0,0,0.112850961,0.801900191,0.8595250602412488
TUQWIL01_clean,TUQWIL01_clean,5.38124,3.40475,5.38124,1.42901,1463.26,1023.97,0.0,0.0,0.6194,0.433446,0.0,0,0.078997257,0.689253034,0.6899528816274987
TUTHOG_clean,TUTHOG_clean,7.58539,5.94334,7.58539,1.03555,1488.56,1437.45,0.0,0.0,0.5586,0.539422,0.0,1,0.057673407,0.539645496,0.5413932109150025
TUTJAU_clean,TUTJAU_clean,6.55313,5.09154,6.45158,1.05742,1473.03,1393.05,0.0,0.0,0.5626,0.532052,0.0,1,0.0612693,0.578569879,0.5601221544025002
TUVDUJ_clean,TUVDUJ_clean,7.2946,3.15351,7.2946,1.55416,0.0,0.0,687.896,442.616,0.5052,0.325063,0.0,1,0.020857776,0.200634269,0.20107291827750046
TUYLIJ_clean,TUYLIJ_clean,4.51754,3.71437,4.51754,1.86429,822.472,441.171,0.0,0.0,0.4454,0.238911,0.0,0,0.058244584,0.5019857,0.47409568860749884
UCALIW_clean,UCALIW_clean,3.91574,2.7427,3.82831,1.26237,0.0,0.0,181.831,144.04,0.487,0.385783,0.0,1,0.012531739,0.123890085,0.12092396541374983
UCUTIW_clean,UCUTIW_clean,6.35635,5.83008,6.34586,1.00359,1563.59,1558.0,0.0,0.0,0.6334,0.631134,0.0,1,0.033764968,0.329616875,0.3294650249737508
UDEGIW_clean,UDEGIW_clean,4.92586,2.4488,4.87318,1.26119,0.0,0.0,875.813,694.432,0.5018,0.397877,0.0,0,0.134826374,0.989364323,1.0061725245749977
UDEMEW_manual,UDEMEW_manual,28.23748,11.69499,28.22828,0.681201,1337.39,1963.29,46.9906,68.9819,0.7606,1.11656,0.0,1,0.067485096,0.48228443,0.585327623931249
UDEPIE_clean,UDEPIE_clean,6.47552,3.00025,6.47552,1.77613,0.0,0.0,1310.28,737.714,0.526,0.296149,0.0,1,0.022879222,0.217352014,0.21647766485999884
UDUMIP_clean,UDUMIP_clean,7.19202,6.41478,7.18204,1.40092,1718.44,1226.65,0.0,0.0,0.5958,0.425293,0.0,1,0.016162395,0.161044227,0.16035273637750055
UFEMIC_clean,UFEMIC_clean,5.26486,4.19267,5.24985,1.20943,1737.26,1436.43,0.0,0.0,0.6508,0.538107,0.0,0,0.010255651,0.102640423,0.10108620865499984
UFEXIN_clean,UFEXIN_clean,5.2808,5.11213,5.27438,2.36936,1181.21,498.534,0.0,0.0,0.4788,0.20208,0.0,1,0.022786096,0.214846308,0.2128263863137494
UFISUY_clean,UFISUY_clean,3.9371,2.93732,3.9371,1.55788,0.0,0.0,454.444,291.707,0.52,0.333788,0.0,0,0.015520388,0.150064478,0.1519610315037503
UFOFIF_clean,UFOFIF_clean,4.79304,3.6453,4.79304,1.31843,760.934,577.154,0.0,0.0,0.5036,0.381971,0.0,1,0.012576116,0.121738842,0.1227022602599995
UGAQEY_clean,UGAQEY_clean,4.89575,4.03861,4.89307,1.29414,1150.64,889.116,1.22671,0.947894,0.5042,0.389602,0.0,1,0.034180977,0.321121103,0.3185310186137486
UGEPEB_clean,UGEPEB_clean,3.58495,2.98646,3.46703,1.8709,0.0,0.0,120.337,64.3203,0.3576,0.191138,0.0,1,0.00290801,0.029639085,0.02811627824
UGIGAS01_clean,UGIGAS01_clean,3.71953,2.84259,3.69838,2.13073,0.0,0.0,125.339,58.8243,0.3662,0.171866,0.0,0,0.026866671,0.251733515,0.24207919833875016
UGOFED_clean,UGOFED_clean,5.38504,4.20309,4.96349,1.22232,1169.34,956.656,0.0,0.0,0.5274,0.431476,0.0,1,0.083003534,0.689299724,0.7195194047287484
UHAXUW_clean,UHAXUW_clean,5.09262,3.57011,5.0696,1.51761,748.067,492.925,0.0,0.0,0.446,0.293883,0.0,0,0.03231897,0.285082603,0.2856080950837503
UHISEK_clean,UHISEK_clean,4.62036,2.94968,4.54474,1.89246,0.0,0.0,318.192,168.136,0.417,0.220348,0.0,0,0.064165943,0.450004797,0.4746076097474997
UJECUI_clean,UJECUI_clean,4.88745,3.19638,4.88745,1.6249,0.0,0.0,476.407,293.192,0.4724,0.290726,0.0,0,0.018342271,0.169151853,0.17037812486250012
UJULIW_clean,UJULIW_clean,7.01875,6.807,7.01875,2.47032,548.528,222.047,0.0,0.0,0.3284,0.132938,0.0,1,0.029688572,0.25987511,0.2459584180675
UJUPUM_clean,UJUPUM_clean,6.77742,5.67068,6.76869,0.861722,2505.7,2907.78,0.0,0.0,0.7082,0.821843,0.0,1,0.024680329,0.244465007,0.24484304526500014
UJUXOM_clean,UJUXOM_clean,3.8942,2.89771,3.83746,1.54689,0.0,0.0,131.618,85.0856,0.476,0.307715,0.0,1,0.005127667,0.05401186,0.04937658206749997
UKAQAZ_clean,UKAQAZ_clean,7.03658,4.81444,7.03658,1.1542,1709.08,1480.75,0.0,0.0,0.5836,0.505632,0.0,0,0.045677251,0.420179234,0.42448532473375017
UKIQIP_clean,UKIQIP_clean,10.57455,7.52574,10.57455,0.823179,2075.57,2521.41,0.0,0.0,0.6786,0.824365,0.0,1,0.028219753,0.283263066,0.27814947505624976
UKIQOV_clean,UKIQOV_clean,13.66711,9.63813,13.66009,0.628902,2104.6,3346.47,0.0,0.0,0.7776,1.23644,0.0,1,0.036932068,0.367443487,0.36078625641499973
UKOZOK_clean,UKOZOK_clean,5.16699,3.99697,5.16538,2.08607,1456.61,698.257,0.0,0.0,0.5214,0.249944,0.0,1,0.029248796,0.273396843,0.2746476925800006
ULEPIM_clean,ULEPIM_clean,5.06694,2.95292,5.06546,1.29475,0.0,0.0,334.907,258.665,0.4248,0.328094,0.0,0,0.105469139,0.667693322,0.6856456865975004
ULIMIN_clean,ULIMIN_clean,5.00183,3.7748,4.85322,1.2693,515.601,406.208,162.351,127.906,0.476,0.375009,0.0,0,0.082108386,0.666022786,0.6268350786825029
ULUPUM01_clean,ULUPUM01_clean,3.45453,2.73045,3.44786,1.70967,0.0,0.0,11.8472,6.92952,0.409,0.239228,0.0,1,0.001681167,0.017724967,0.016794073990000127
ULUVUT_clean,ULUVUT_clean,5.14269,4.75945,5.14269,1.14921,1898.67,1652.16,0.0,0.0,0.6398,0.556733,0.0,0,0.044103643,0.420747634,0.423623053319998
UMALUQ_clean,UMALUQ_clean,8.90326,5.05379,8.67673,1.06985,1916.16,1791.07,0.0,0.0,0.5972,0.558212,0.0,1,0.024477206,0.240385041,0.23874317414625082
UMEHOL_clean,UMEHOL_clean,7.1388,4.96773,6.18362,1.60251,1384.6,864.024,0.0,0.0,0.5636,0.351699,0.0,1,0.044474513,0.407736862,0.41001710579124917
UMEPOT_clean,UMEPOT_clean,6.2957,5.33563,6.29133,1.57681,1311.07,831.473,0.0,0.0,0.541,0.343098,0.0,1,0.044137347,0.389133029,0.4018469293987508
UMEQAG_clean,UMEQAG_clean,7.17863,4.94429,6.16873,1.58166,1384.15,875.123,0.0,0.0,0.5566,0.351908,0.0,1,0.043941528,0.405982491,0.40704196350999894
UMESOW_clean,UMESOW_clean,7.17498,4.93769,6.17391,1.56952,1391.65,886.672,0.0,0.0,0.5498,0.350298,0.0,1,0.043744752,0.407787255,0.40383675481374937
UMEXUF_clean,UMEXUF_clean,5.96732,4.46538,5.94889,1.62337,1487.02,916.008,0.0,0.0,0.5378,0.331286,0.0,1,0.056473814,0.514044141,0.5080610877837528
UMOBEF03_clean,UMOBEF03_clean,11.19548,6.07261,11.19529,0.54262,2779.47,5122.32,0.0,0.0,0.775,1.42826,0.0,1,0.041170208,0.417452997,0.40716208697124784
UMOBEF07_clean,UMOBEF07_clean,9.64899,6.11183,9.64836,0.717947,2412.56,3360.35,0.0,0.0,0.7028,0.978902,0.0,1,0.055902484,0.538609581,0.533438296133751
UMODEH01_clean,UMODEH01_clean,11.30468,5.41503,11.30468,0.512269,2642.07,5157.57,0.0,0.0,0.7812,1.52498,0.0,1,0.037804595,0.374278954,0.37355093762000174
UMODEH06_clean,UMODEH06_clean,11.16649,5.2519,11.16649,0.555198,2855.76,5143.68,0.0,0.0,0.7652,1.37825,0.0,1,0.04225799,0.417472945,0.4154041835174994
UMODEH08_clean,UMODEH08_clean,7.50813,5.20054,6.29758,0.647965,2827.66,4363.91,0.0,0.0,0.7222,1.11457,0.0,1,0.05369691,0.526692788,0.5149842060937536
UMODEH09_clean,UMODEH09_clean,7.58377,5.1021,6.14779,0.720299,2563.17,3558.48,0.0,0.0,0.6962,0.966543,0.0,1,0.056810345,0.562825717,0.5515721219774979
UMODEH17_clean,UMODEH17_clean,11.09362,5.25928,11.09362,0.56801,2915.72,5133.22,0.0,0.0,0.7592,1.3366,0.0,1,0.044382877,0.436373601,0.43074194739249855
UMODEH19_clean,UMODEH19_clean,9.53314,6.14559,9.53308,0.644874,2729.74,4232.98,0.0,0.0,0.7296,1.13138,0.0,1,0.050857803,0.502050118,0.4928743242412494
UMODEH22_clean,UMODEH22_clean,10.42971,5.27481,10.42971,0.557764,2866.15,5138.64,0.0,0.0,0.7608,1.36402,0.0,1,0.042202158,0.418422083,0.4141569463812494
UMODEH25_clean,UMODEH25_clean,9.75422,5.20239,6.39739,0.581306,2933.81,5046.92,0.0,0.0,0.7442,1.28022,0.0,1,0.043729318,0.444942117,0.4290117727112517
UMOKIS_clean,UMOKIS_clean,10.47066,8.24292,10.42077,0.843112,1761.07,2088.78,0.0,0.0,0.6618,0.784949,0.0,1,0.029639363,0.288131157,0.29029108731375053
UMOYOM05_clean,UMOYOM05_clean,8.7274,5.24016,8.7274,0.61176,2969.67,4854.31,0.0,0.0,0.7308,1.19459,0.0,1,0.04310569,0.432186027,0.4227538775462493
UMOYOM07_clean,UMOYOM07_clean,9.75529,5.37054,9.54348,0.541661,2791.87,5154.28,0.0,0.0,0.7712,1.42377,0.0,1,0.039157556,0.388829112,0.3892172924912516
UMOYOM10_clean,UMOYOM10_clean,9.29709,5.30741,9.29709,0.582563,2853.3,4897.84,0.0,0.0,0.748,1.28398,0.0,1,0.03908184,0.39453013,0.38770404742250114
UMOZUT_clean,UMOZUT_clean,10.2026,5.23269,10.2026,0.576016,2921.2,5071.38,0.0,0.0,0.7524,1.30621,0.0,1,0.044993741,0.442508514,0.4440877425162485
UNEBIZ_clean,UNEBIZ_clean,5.60217,2.99503,5.60217,1.17174,0.0,0.0,646.082,551.387,0.4742,0.404697,0.0,1,0.063346029,0.500276831,0.514653813791252
UNOTOH_clean,UNOTOH_clean,3.99709,3.24249,3.99709,1.34176,0.0,0.0,313.476,233.631,0.4354,0.324499,0.0,1,0.012619174,0.128568137,0.12032831467250038
UPOVOL_clean,UPOVOL_clean,4.46391,2.47505,4.45531,1.51365,0.0,0.0,1067.04,704.943,0.5384,0.355696,0.0,1,0.047774431,0.432830813,0.43752482160125067
UQERIT_clean,UQERIT_clean,4.88677,3.80399,4.88677,1.1967,1362.48,1138.53,0.0,0.0,0.5566,0.465112,0.0,0,0.080000402,0.717243629,0.7061558968699994
UREVIY_clean,UREVIY_clean,4.97933,3.80174,4.64142,1.58439,1154.53,728.69,0.0,0.0,0.5098,0.321764,0.0,1,0.03784649,0.346790999,0.3431212923287491
USAWIW_clean,USAWIW_clean,8.66526,5.94328,8.64173,1.00954,1665.76,1650.02,0.0,0.0,0.6018,0.596112,0.0,0,0.026991021,0.261384331,0.26267945405500076
USAYOE_clean,USAYOE_clean,5.44436,2.64294,4.72341,1.35551,0.0,0.0,640.71,472.672,0.4472,0.329914,0.0,1,0.052959653,0.42222863,0.4482033267049982
UTOCEN_clean,UTOCEN_clean,6.30527,4.82361,6.30527,1.02298,1494.45,1460.88,0.0,0.0,0.5268,0.514966,0.0,1,0.062630904,0.578264145,0.570714231738748
UTULIF_clean,UTULIF_clean,4.41246,3.54295,4.40979,1.75943,1064.28,604.898,0.0,0.0,0.5628,0.319876,0.0,0,0.060809289,0.549252323,0.5401532338537472
UVASAM_clean,UVASAM_clean,4.75617,3.15385,4.68597,1.22491,0.0,0.0,432.985,353.483,0.4388,0.358231,0.0,0,0.061510626,0.484017291,0.48660699559249737
UVOTOQ_clean,UVOTOQ_clean,11.52321,9.17095,11.02494,1.0394,1689.27,1625.24,0.0,0.0,0.6776,0.651916,0.0,1,0.031497531,0.311153222,0.3097674272087482
UVUQAE_clean,UVUQAE_clean,5.89761,4.70396,5.31275,1.14377,1514.01,1323.7,0.0,0.0,0.5466,0.477894,0.0,1,0.064598337,0.574903991,0.5928520378312495
UWELIS_clean,UWELIS_clean,5.99371,4.57547,5.83222,0.952092,2140.18,2247.87,0.0,0.0,0.6406,0.672834,0.0,1,0.084435107,0.774816514,0.7622314354299976
UWUTIQ_clean,UWUTIQ_clean,6.1259,4.66623,6.123,1.0094,1933.04,1915.04,0.0,0.0,0.5992,0.59362,0.0,0,0.076877958,0.700658918,0.7035853168237494
UXEDIL02_clean,UXEDIL02_clean,3.94473,2.69886,3.94473,2.25078,0.0,0.0,176.786,78.5445,0.4344,0.193,0.0,0,0.009555962,0.090350221,0.09307900844124962
UXUPEK_clean,UXUPEK_clean,3.5089,3.03222,3.5089,2.40709,0.0,0.0,19.5977,8.14166,0.4116,0.170995,0.0,1,0.001462386,0.014646669,0.014830012423749999
UYAQAN_clean,UYAQAN_clean,7.19018,5.3716,7.19018,1.13147,742.019,655.8,0.0,0.0,0.4556,0.402661,0.0,0,0.017342125,0.165871233,0.1660001592912499
UZAFAD_clean,UZAFAD_clean,4.26412,2.53482,4.26341,1.31861,0.0,0.0,270.88,205.429,0.4492,0.340663,0.0,1,0.007773714,0.075126279,0.07363784785000042
UZANAL_clean,UZANAL_clean,4.61621,3.08464,4.61621,1.88583,0.0,0.0,526.677,279.281,0.4612,0.244561,0.0,1,0.024161861,0.224617966,0.22112055082125015
UZIZUZ_clean,UZIZUZ_clean,5.12971,3.28969,5.12324,1.0743,0.0,0.0,863.106,803.412,0.5454,0.507679,0.0,1,0.036132602,0.325767903,0.3328701030487494
UZOBAN_clean,UZOBAN_clean,6.16935,4.44214,6.16935,0.864572,2160.34,2498.74,0.0,0.0,0.6496,0.751355,0.0,1,0.0504117,0.494278773,0.4836953019225
VABJIS_clean,VABJIS_clean,4.14214,4.05323,4.14214,1.37391,738.742,537.692,0.0,0.0,0.5042,0.366981,0.0,0,0.036164721,0.326070082,0.33567222821500053
VACFOV_clean_h,VACFOV_clean_h,7.04016,6.80377,7.04016,0.930569,2533.92,2722.98,0.0,0.0,0.6628,0.712252,0.0,0,0.085019102,0.767109256,0.7656652754175007
VAGBUD_clean,VAGBUD_clean,10.23495,9.48231,10.23335,1.57268,1211.54,770.363,0.0,0.0,0.5868,0.37312,0.0,1,0.017493612,0.165119881,0.1693588163037503
VAGTAA01_clean,VAGTAA01_clean,5.66319,4.40941,5.66319,0.999593,1775.32,1776.04,0.0,0.0,0.611,0.611249,0.0,1,0.058513262,0.56503326,0.5391383606537506
VAGTUU_clean,VAGTUU_clean,6.4105,3.89316,6.4105,1.19065,828.698,696.007,460.809,387.025,0.5728,0.481084,0.0,1,0.077863791,0.674424998,0.6531474810750004
VAHJIA_clean,VAHJIA_clean,4.59496,3.72145,4.53376,1.21451,948.028,780.582,0.0,0.0,0.4972,0.409382,0.0,0,0.067251572,0.529242226,0.5886637227074979
VAHQAY_clean,VAHQAY_clean,5.75711,4.40654,5.75688,1.31802,917.051,695.781,0.0,0.0,0.4754,0.360693,0.0,1,0.035278488,0.310460155,0.3237295198787498
VAHTUW_clean,VAHTUW_clean,9.85702,7.76622,8.65886,1.09206,1071.39,981.073,0.0,0.0,0.5342,0.489167,0.0,1,0.022360477,0.204830983,0.21570779801500006
VAKBIU_clean,VAKBIU_clean,5.76642,3.81153,5.76642,1.03317,1207.86,1169.08,0.0,0.0,0.5546,0.536794,0.0,0,0.064424594,0.598251413,0.5854798117425003
VAMPUX_clean,VAMPUX_clean,11.37157,10.81985,11.3699,1.17979,1541.06,1306.22,0.0,0.0,0.6462,0.547726,0.0,1,0.025702706,0.256566717,0.24946317831124865
VAMQAE_clean,VAMQAE_clean,7.70786,5.78406,7.70755,1.38137,1401.32,1014.44,0.0,0.0,0.5594,0.404959,0.0,0,0.010143656,0.10117538,0.10115848796000035
VAMQOS_clean,VAMQOS_clean,11.49062,10.84702,11.48896,1.17541,1553.24,1321.44,0.0,0.0,0.6476,0.550957,0.0,1,0.025068731,0.248074833,0.24634597217000084
VANHEA_clean,VANHEA_clean,8.56369,6.00066,8.56369,0.853114,2214.19,2595.42,0.0,0.0,0.6496,0.761445,0.0,1,0.044693164,0.437613554,0.42970900831500086
VANNEG_clean,VANNEG_clean,11.28278,7.20114,10.99968,0.910221,2188.91,2404.81,0.0,0.0,0.7194,0.790358,0.0,1,0.022363053,0.218667058,0.22115293916874953
VAPBEV_clean,VAPBEV_clean,6.2413,3.63671,6.2413,1.10537,871.132,788.092,165.749,149.949,0.5168,0.467536,0.0,0,0.090204153,0.643004724,0.7114158118325022
VASFAZ_clean,VASFAZ_clean,5.87532,4.55866,5.87532,1.54574,1464.11,947.192,0.0,0.0,0.5206,0.336796,0.0,1,0.020125459,0.198277377,0.19566350642750005
VATYEV_clean,VATYEV_clean,5.69723,4.67285,5.69723,1.60096,1965.06,1227.43,0.0,0.0,0.61,0.381022,0.0,1,0.019132159,0.190889117,0.18447381438999969
VAZLEP01_clean,VAZLEP01_clean,3.36261,2.40572,3.33533,2.25073,0.0,0.0,0.673822,0.29938,0.3808,0.16919,0.0,1,0.001400093,0.014631788,0.013893228423750133
VAZLIT_clean,VAZLIT_clean,3.41131,2.42549,3.38497,2.29186,0.0,0.0,9.64938,4.21028,0.3906,0.170429,0.0,1,0.002175153,0.020797338,0.021035951744999976
VAZMOA_clean,VAZMOA_clean,3.72786,2.4147,3.72786,2.35504,0.0,0.0,137.784,58.5063,0.3986,0.169254,0.0,1,0.020046992,0.193625111,0.17746806935499992
VAZTUM_clean,VAZTUM_clean,15.07409,7.93508,15.07409,0.591689,2246.58,3796.89,0.0,0.0,0.8116,1.37167,0.0,0,0.025138638,0.24621072,0.24898981849250035
VEDGAO_clean,VEDGAO_clean,5.63762,3.83278,5.54473,1.07445,1555.4,1447.63,0.0,0.0,0.5576,0.518962,0.0,0,0.050607621,0.465599013,0.4751868496712536
VEDGES_clean,VEDGES_clean,5.91912,4.12997,5.83809,1.04225,1662.62,1595.23,0.0,0.0,0.5592,0.536534,0.0,0,0.050466349,0.469269859,0.4725414377637525
VEDGIW_clean,VEDGIW_clean,5.91757,4.12403,5.88473,1.04313,1656.13,1587.65,0.0,0.0,0.5804,0.556402,0.0,0,0.050183805,0.461521037,0.47274258331750274
VEGCAN_clean,VEGCAN_clean,26.23164,8.97115,26.23164,0.749461,1794.02,2393.75,0.0,0.0,0.8278,1.10453,0.000266859,1,0.019815312,0.192941582,0.1973517704587493
VEHKIE_SL,VEHKIE_SL,13.77124,4.50888,13.77124,0.959384,2184.49,2276.97,0.0,0.0,0.6924,0.721713,0.0,1,0.04452812,0.431502272,0.41801326542375017
VEHRIL_clean,VEHRIL_clean,8.79809,4.02227,8.77595,1.10229,2192.07,1988.65,0.0,0.0,0.6908,0.626694,0.0,1,0.016082878,0.160171984,0.16003924479249906
VEJHID_clean,VEJHID_clean,17.65342,7.8833,11.58918,0.646039,2104.35,3257.31,0.0,0.0,0.7972,1.23398,0.0,1,0.024849714,0.246064068,0.24845711810000026
VEJYIT01_clean,VEJYIT01_clean,6.55973,5.0687,6.54696,0.921332,2008.21,2179.68,0.0,0.0,0.6708,0.728076,0.0,0,0.042588524,0.415309229,0.40286118943000104
VEJYUF01_clean,VEJYUF01_clean,5.23877,2.60028,5.22732,1.21219,0.0,0.0,722.216,595.795,0.5648,0.465934,0.0,0,0.063164363,0.527969668,0.5463229955450022
VEMDAT_clean,VEMDAT_clean,5.87539,4.41454,5.87539,1.26001,982.755,779.959,0.0,0.0,0.5246,0.416346,0.0,1,0.041350262,0.366787643,0.37939396658249974
VEMMIK_clean,VEMMIK_clean,14.01468,13.16757,14.01422,0.723032,1733.84,2398.01,0.0,0.0,0.741,1.02485,0.0,1,0.020427604,0.200996911,0.20343973170000051
VEQBID_clean,VEQBID_clean,6.52238,4.921,6.52175,1.46143,1501.88,1027.68,0.0,0.0,0.5412,0.370323,0.0,0,0.011460631,0.116977428,0.11272407508499956
VETVAS_manual,VETVAS_manual,5.94508,3.03911,5.91086,1.24476,0.0,0.0,1139.41,915.362,0.5096,0.409395,0.0,1,0.060972686,0.540946926,0.5234631868387529
VEWXAY_clean,VEWXAY_clean,5.90319,4.58543,5.60032,0.850194,2471.89,2907.44,0.0,0.0,0.6584,0.774411,0.0,1,0.053237433,0.498859819,0.5055962008324996
VEZMOE_clean,VEZMOE_clean,3.81259,3.09553,3.76261,1.37954,0.0,0.0,153.486,111.258,0.4332,0.314017,0.0,1,0.046667316,0.437851146,0.3822849317487499
VEZWEE_clean,VEZWEE_clean,6.79648,2.86206,4.59276,1.02008,0.0,0.0,947.064,928.421,0.5406,0.529958,0.0,1,0.062044537,0.556081127,0.5469324911212514
VICDOC_clean,VICDOC_clean,4.65057,4.08181,4.52458,1.14596,958.267,836.212,0.0,0.0,0.5148,0.44923,0.0,0,0.08319495,0.699247823,0.6941428276549988
VIFBOD_clean,VIFBOD_clean,5.74056,4.35551,5.71651,1.76429,1367.25,774.956,0.0,0.0,0.5562,0.315255,0.0,1,0.018874423,0.183335768,0.18313310374249997
VILXOE_clean,VILXOE_clean,5.3607,4.59016,5.36062,1.2053,1282.83,1064.32,0.0,0.0,0.529,0.438894,0.0,1,0.056825561,0.522673666,0.5148636917337512
VIRPOC_clean,VIRPOC_clean,7.89373,4.43058,7.89373,1.31415,1678.47,1277.23,0.0,0.0,0.6094,0.463722,0.0,1,0.025772751,0.250395131,0.24811248944874958
VIRVEY_clean,VIRVEY_clean,7.24501,5.7858,6.68018,1.08742,2630.21,2418.77,0.0,0.0,0.715,0.65752,0.0,1,0.02437791,0.238156738,0.24041117918625146
VISTOG_clean,VISTOG_clean,4.99734,2.98288,4.99734,1.87105,0.0,0.0,1016.52,543.287,0.591,0.315866,0.0,1,0.006515312,0.063139066,0.06387489891624995
VIWHUG_clean,VIWHUG_clean,4.81929,3.4802,4.68813,1.37889,639.979,464.125,0.0,0.0,0.4514,0.327364,0.0,1,0.022266995,0.205293623,0.20574819498625072
VIWLEU_clean,VIWLEU_clean,6.5503,4.41913,6.52435,1.44375,1672.31,1158.32,0.0,0.0,0.5838,0.404365,0.0,1,0.014782452,0.146387319,0.14549827209749944
VIWMEV_clean,VIWMEV_clean,5.54122,3.41506,5.5298,1.61736,1205.53,745.366,0.0,0.0,0.5346,0.330538,0.0,1,0.020476836,0.19474557,0.1967630174187502
VIXCUB_clean,VIXCUB_clean,5.48718,4.89154,5.42033,1.09462,2414.99,2206.24,0.0,0.0,0.6474,0.59144,0.0,1,0.024397925,0.237386961,0.239126075502502
VIXVUV_clean,VIXVUV_clean,4.91855,2.67667,4.91855,1.21417,0.0,0.0,386.737,318.52,0.471,0.38792,0.0,1,0.126883634,0.866631074,0.8408199002950019
VIXWEF_clean,VIXWEF_clean,12.63096,6.04016,12.48762,0.859273,2339.33,2722.46,0.0,0.0,0.7402,0.861426,0.0,1,0.02300884,0.225260627,0.22785760376750105
VIXZUZ_clean,VIXZUZ_clean,5.74487,2.99551,5.74487,1.26349,0.0,0.0,1115.99,883.258,0.5402,0.427545,0.0,1,0.060353208,0.542263871,0.5251715330237525
VIYSUT_clean,VIYSUT_clean,5.61753,3.04237,5.61609,1.13002,0.0,0.0,1296.39,1147.22,0.5884,0.520697,0.0,1,0.066817351,0.580496167,0.5959344746924985
VIYTAA_clean,VIYTAA_clean,5.13433,3.87051,5.09927,1.31108,1290.46,984.278,0.0,0.0,0.541,0.412638,0.0,1,0.112452052,0.939174817,0.9359799665374966
VIYVIK_clean,VIYVIK_clean,5.08356,3.73927,5.05208,1.32275,1249.3,944.47,0.0,0.0,0.538,0.406727,0.0,1,0.112965018,0.938560509,0.9344074799924956
VIYZIO_clean,VIYZIO_clean,4.30268,2.98583,4.30086,1.39781,0.0,0.0,406.427,290.76,0.4376,0.313061,0.0,1,0.084409614,0.614712143,0.6461754208112525
VIZQEC_clean,VIZQEC_clean,5.35488,3.05113,5.32535,1.25555,0.0,0.0,822.545,655.128,0.5104,0.406516,0.0,1,0.103880386,0.851557603,0.8296171869762503
VOBGAW_clean,VOBGAW_clean,4.66285,3.61303,4.65217,1.94112,362.013,186.497,1.69535,0.873387,0.4252,0.219049,0.0,1,0.013324749,0.118581406,0.12474074876125037
VOCQAF_clean,VOCQAF_clean,4.95925,3.73408,4.95925,1.25635,976.237,777.039,0.0,0.0,0.4616,0.367412,0.0,0,0.064836578,0.571320123,0.5591767399825038
VODQIP_clean,VODQIP_clean,7.28777,5.97881,7.28116,1.0447,1818.88,1741.05,0.0,0.0,0.6212,0.594621,0.0,1,0.053293948,0.482538235,0.5056442765187521
VOKJIQ_clean,VOKJIQ_clean,4.77878,2.8503,4.76799,1.93484,0.0,0.0,609.317,314.919,0.414,0.213972,0.0,0,0.121476889,0.868104104,0.8354133473537505
VOLQOD_clean,VOLQOD_clean,11.11495,8.75374,11.11495,0.70291,1891.75,2691.32,0.0,0.0,0.7388,1.05106,0.0,1,0.03797254,0.373213873,0.3734704740287512
VONBIK_clean,VONBIK_clean,4.80212,3.01348,4.80212,1.27276,0.0,0.0,541.481,425.439,0.4656,0.36582,0.0,0,0.023020171,0.207143573,0.2074465406287497
VOPCIO_clean,VOPCIO_clean,8.96483,7.98484,8.95338,1.07697,1629.75,1513.27,0.0,0.0,0.6138,0.569932,0.0,1,0.037144051,0.359101385,0.34944459886249946
VOVKUO_clean,VOVKUO_clean,8.79938,7.37416,8.78205,2.86501,1668.56,582.391,0.0,0.0,0.6376,0.222547,0.0,1,0.004798056,0.047391183,0.04738334345624993
VOYLUS_clean,VOYLUS_clean,5.47427,2.46241,5.45806,1.11974,0.0,0.0,785.078,701.124,0.475,0.424204,0.0,1,0.049451982,0.436074482,0.43230603091375036
VUDXID_clean,VUDXID_clean,10.29567,8.38587,10.08643,0.842606,2083.44,2472.62,14.2598,16.9234,0.7296,0.865885,0.0,1,0.019138919,0.191629853,0.18961847156125078
VUGXAY_clean,VUGXAY_clean,7.74052,6.24667,7.74052,1.0594,1255.22,1184.84,68.8954,65.0324,0.5682,0.536341,0.0,0,0.053329833,0.508640582,0.49291727494374676
VUGXEC_clean,VUGXEC_clean,7.75346,6.26253,7.72478,1.06296,1251.42,1177.3,67.8457,63.8273,0.5624,0.529091,0.0,0,0.055256662,0.507350557,0.49221987450875127
VUGYAZ_clean,VUGYAZ_clean,7.90027,6.40337,7.90027,1.10679,1245.86,1125.65,61.7559,55.7974,0.5642,0.509764,0.0,0,0.049073699,0.464634729,0.4481109767487494
VUGYIH_clean,VUGYIH_clean,7.72851,6.23818,7.68217,1.11585,1251.2,1121.3,68.7821,61.641,0.5678,0.508849,0.0,0,0.054987693,0.500597158,0.4826639412062509
VUHJAK_clean,VUHJAK_clean,4.48985,4.30755,4.48985,1.91615,471.61,246.123,0.0,0.0,0.4148,0.216475,0.0,1,0.051522461,0.395538316,0.42357923384625207
VUKJOC_clean,VUKJOC_clean,4.9896,3.40405,4.97821,1.45464,736.58,506.365,85.4496,58.7426,0.4856,0.333827,0.0,0,0.038709818,0.345321818,0.34206706660000036
VUKJUI_clean,VUKJUI_clean,5.49725,3.44726,5.49566,1.4408,839.787,582.86,90.2917,62.6676,0.4968,0.344808,0.0,0,0.039888611,0.355998603,0.3587735644462508
VUKROK_clean,VUKROK_clean,10.23625,8.88276,10.23453,0.696249,2008.41,2884.62,0.0,0.0,0.7104,1.02033,0.0,0,0.029924399,0.29309999,0.29448959648125117
VUKSAX_clean,VUKSAX_clean,10.78925,9.42624,10.78325,0.664624,1937.19,2914.72,0.0,0.0,0.7148,1.0755,0.0,0,0.027517781,0.274265827,0.27137282487000064
VUKTUS_clean,VUKTUS_clean,6.57621,5.30461,6.57621,1.34132,1253.69,934.67,0.0,0.0,0.5342,0.398265,0.0,1,0.045716386,0.395710052,0.4222583176000007
VUNNEZ_clean,VUNNEZ_clean,5.49362,5.42758,5.49362,1.41847,1291.95,910.806,0.0,0.0,0.5748,0.405224,0.0,1,0.014127702,0.137801908,0.13710730207250033
VUQJUN01_clean,VUQJUN01_clean,11.32844,10.26466,11.32844,0.790589,1731.69,2190.38,0.0,0.0,0.6654,0.841651,0.0,1,0.055270372,0.521974232,0.5023563005275019
VUQJUN_clean,VUQJUN_clean,11.32335,10.23371,11.32335,0.790589,1727.96,2185.66,0.0,0.0,0.6652,0.841398,0.0,1,0.05478686,0.518072607,0.49619480264125015
VURYIR_clean,VURYIR_clean,4.29138,3.47068,4.23523,1.58197,597.238,377.529,0.0,0.0,0.4322,0.273204,0.0,1,0.011653236,0.111576544,0.10967118725249968
VURYOX_clean,VURYOX_clean,6.57096,5.95893,6.55565,1.3407,1084.43,808.849,0.0,0.0,0.5052,0.376817,0.0,1,0.011379233,0.114321147,0.11233385658999998
VUSKEA_clean,VUSKEA_clean,14.99758,7.99679,14.99758,0.594675,2192.84,3687.46,0.0,0.0,0.8014,1.34763,0.0,0,0.025451146,0.257660895,0.2521228492437515
VUTVAJ_clean,VUTVAJ_clean,4.43562,3.3386,4.43562,1.59743,811.925,508.268,0.0,0.0,0.548,0.34305,0.0,0,0.025884175,0.243634299,0.2453862432912503
VUWRUC_clean,VUWRUC_clean,8.86215,6.25992,8.83975,1.16678,1520.16,1302.87,0.0,0.0,0.593,0.508237,0.0,0,0.04028846,0.383217007,0.3786547147950002
VUZNOV_clean,VUZNOV_clean,7.56763,5.28078,7.56763,0.714751,2308.57,3229.9,0.0,0.0,0.6884,0.963133,0.0,0,0.050184248,0.481910689,0.4895854763700014
WABVIF01_clean,WABVIF01_clean,5.89002,4.16855,5.8002,1.2275,2042.76,1664.17,0.0,0.0,0.6358,0.517965,0.0,1,0.021488599,0.212766495,0.21224569841624988
WABVOL_clean,WABVOL_clean,5.64639,3.6405,5.64639,1.49122,938.691,629.478,0.0,0.0,0.4216,0.282721,0.0,1,0.01257978,0.128960289,0.1193463384275003
WAHFUJ01_clean,WAHFUJ01_clean,4.91116,3.78472,4.77837,1.29423,994.219,768.194,0.0,0.0,0.4692,0.362532,0.0,1,0.032776062,0.299893557,0.3038048232012487
WAHNOL_clean,WAHNOL_clean,16.15521,7.17077,16.15521,0.498613,2156.59,4325.17,0.0,0.0,0.7774,1.55913,0.0,1,0.042057724,0.414325476,0.4059300853562473
WALBOC01_clean,WALBOC01_clean,4.21583,2.9953,4.21411,1.6978,0.0,0.0,444.223,261.646,0.4834,0.284721,0.0,1,0.082179436,0.655840895,0.6587653873499975
WALKAY_clean,WALKAY_clean,4.73309,3.92758,4.72517,1.16625,391.638,335.809,365.08,313.037,0.5,0.428724,0.0,1,0.079626462,0.647837142,0.6338395737262479
WAMRIN01_clean,WAMRIN01_clean,7.20791,6.51318,7.17561,0.94264,1559.88,1654.8,0.0,0.0,0.5968,0.633115,0.0,1,0.069990278,0.658625393,0.6456525149625003
WAMRIN_clean,WAMRIN_clean,7.37329,5.74338,7.35934,0.949012,1570.93,1655.33,0.0,0.0,0.5942,0.626125,0.0,1,0.071601047,0.671689494,0.6657136227137479
WAPSUE_clean,WAPSUE_clean,6.68993,4.69904,6.68534,3.09743,1954.36,630.96,0.0,0.0,0.5988,0.193321,0.0,1,0.003544201,0.035309369,0.03581917267624991
WASMUB_clean,WASMUB_clean,8.9,7.73975,8.81765,1.24649,1402.71,1125.33,0.0,0.0,0.5316,0.426479,0.0,0,0.185240897,1.245828759,1.3385776617674932
WASNIO_clean,WASNIO_clean,3.98841,3.39668,3.98841,1.31578,342.638,260.406,0.0,0.0,0.4552,0.345954,0.0,1,0.032691521,0.295532241,0.3027559052749995
WASTUG_clean,WASTUG_clean,10.4656,7.25807,10.12341,1.59439,2004.76,1257.39,0.0,0.0,0.6606,0.414328,0.0,1,0.006453368,0.064454354,0.06404251262499992
WAVWEW_clean,WAVWEW_clean,3.40999,3.18523,3.4023,2.19947,0.0,0.0,18.6119,8.462,0.3798,0.172678,0.0,1,0.025745087,0.238764167,0.23802646479500017
WAXHUB_clean,WAXHUB_clean,4.73239,2.50968,4.72574,1.42441,0.0,0.0,566.818,397.932,0.5258,0.369135,0.0,0,0.023500396,0.2348204,0.21731798299499938
WAXJAJ01_clean,WAXJAJ01_clean,3.90535,2.64175,3.90402,1.45274,0.0,0.0,348.293,239.749,0.4952,0.340873,0.0,0,0.010445768,0.102120716,0.10283240205375009
WAXJAJ_clean,WAXJAJ_clean,4.1185,2.74143,4.10687,1.42611,0.0,0.0,451.894,316.873,0.5064,0.355093,0.0,0,0.013352341,0.134927655,0.12836078786999952
WAYMAM_clean,WAYMAM_clean,7.05522,6.73992,7.05522,1.02658,1675.75,1632.35,0.0,0.0,0.6178,0.601802,0.0,0,0.027730134,0.270853794,0.27329757054124976
WAYMIU_manual,WAYMIU_manual,7.34688,6.90533,7.3455,0.98047,1670.06,1703.32,0.0,0.0,0.606,0.618071,0.0,0,0.044751235,0.438398323,0.4253192721149985
WAZQUL_clean,WAZQUL_clean,5.77464,3.29694,5.7582,1.14799,0.0,0.0,1190.98,1037.45,0.506,0.440771,0.0,1,0.026716441,0.259343233,0.25096275043500005
WEBROK_clean,WEBROK_clean,3.73489,2.81905,3.73269,2.7221,0.0,0.0,112.393,41.2892,0.352,0.129312,0.0,0,0.265648582,1.124585507,1.0557794069612585
WEDXAG_clean,WEDXAG_clean,4.61914,3.16246,4.58392,2.29961,0.0,0.0,212.987,92.619,0.4046,0.175943,0.0,1,0.0085596,0.079589457,0.07997793871250045
WEFDAO_clean,WEFDAO_clean,3.30107,2.40128,3.29656,2.23162,0.0,0.0,0.0,0.0,0.3148,0.141063,0.0,0,0.001814681,0.017195398,0.018042957362500004
WEFDIW_clean,WEFDIW_clean,3.31978,2.40119,3.29096,2.23592,0.0,0.0,0.0,0.0,0.3096,0.138467,0.0,0,0.001587476,0.016880549,0.016087176049999968
WEHHOI_clean,WEHHOI_clean,10.711,6.72932,10.68633,0.81633,2148.04,2631.34,0.0,0.0,0.7146,0.875382,0.0,1,0.066521842,0.569019133,0.5777407165387515
WEHJAW_clean,WEHJAW_clean,11.37189,6.87066,11.36953,0.813465,2137.05,2627.1,0.0,0.0,0.727,0.893708,0.0,1,0.066397879,0.571194709,0.5793630162237511
WEHJOK_clean,WEHJOK_clean,11.74533,5.64839,11.7384,0.778372,2312.59,2971.06,0.0,0.0,0.736,0.945563,0.0,1,0.036001932,0.355409084,0.35509522549625144
WEHJUQ_clean,WEHJUQ_clean,11.40663,8.63285,11.3324,0.700785,2325.03,3317.76,0.0,0.0,0.7666,1.09392,0.0,1,0.032950542,0.322238319,0.3242334578862492
WEMFEB_clean,WEMFEB_clean,4.87971,4.37038,4.87971,1.63348,2285.5,1399.16,0.0,0.0,0.604,0.369763,0.0,1,0.022266108,0.21926519,0.21724928422374937
WERHIK_clean,WERHIK_clean,5.75389,3.54583,5.75389,1.67143,1139.75,681.902,0.0,0.0,0.4974,0.297589,0.0,0,0.041655071,0.376185692,0.3776424663200008
WESYAV_clean,WESYAV_clean,4.87361,4.61034,4.87361,1.39877,1201.03,858.632,0.0,0.0,0.5228,0.373756,0.0,0,0.078660205,0.665386967,0.6611254813962494
WEYQAU01_clean,WEYQAU01_clean,4.51961,3.60555,4.51961,1.13786,1565.68,1375.99,0.0,0.0,0.5718,0.502522,0.0,0,0.053394094,0.504289171,0.495468146340001
WEYQAU05_clean,WEYQAU05_clean,4.49445,3.64175,4.49445,1.14735,1525.05,1329.2,0.0,0.0,0.568,0.495054,0.0,0,0.067674277,0.625948303,0.6241415309462502
WEYQAU07_clean,WEYQAU07_clean,4.54619,3.75106,4.54619,1.13112,1575.56,1392.92,0.0,0.0,0.576,0.509231,0.0,0,0.068230776,0.644235264,0.6406195102050029
WEYQAU09_clean,WEYQAU09_clean,4.54974,3.80687,4.54906,1.12252,1599.36,1424.8,0.0,0.0,0.5812,0.517765,0.0,0,0.068652125,0.640083382,0.6411288885075035
WIFBAQ_clean,WIFBAQ_clean,6.13409,5.44238,6.13409,1.2726,1015.51,797.983,0.0,0.0,0.5042,0.396197,0.0,0,0.02959599,0.283830945,0.2743524253149998
WIFGOJ_clean,WIFGOJ_clean,9.99348,2.45038,9.9559,1.99348,0.0,0.0,821.193,411.94,0.5078,0.254731,0.0,0,0.012802274,0.113095959,0.12185705515124981
WIHTAK_clean,WIHTAK_clean,3.98984,2.78525,3.94663,2.12222,0.0,0.0,214.619,101.13,0.4188,0.19734,0.0,0,0.011008583,0.105267548,0.10593804627374981
WIJXIY_clean,WIJXIY_clean,14.24395,11.55698,14.23198,0.475086,1730.44,3642.38,0.0,0.0,0.8226,1.73148,0.0,1,0.025579572,0.259241661,0.2548386552474998
WILGII_clean,WILGII_clean,5.04706,4.025,5.04249,1.31109,1273.98,971.693,0.0,0.0,0.578,0.440854,0.0,1,0.035467692,0.337249801,0.3329153720537484
WILRAK_clean,WILRAK_clean,6.14662,4.92634,6.07221,1.13056,2856.19,2526.36,0.0,0.0,0.7378,0.652598,0.0,1,0.011222958,0.113952693,0.11093169818375045
WILREO_clean,WILREO_clean,6.22413,4.97143,6.22113,1.10896,2859.64,2578.66,0.0,0.0,0.7412,0.668372,0.0,1,0.011292265,0.112889188,0.11175575304375024
WIMWIA_clean,WIMWIA_clean,4.81894,3.74279,4.79734,1.18861,1454.84,1223.98,0.0,0.0,0.5584,0.469791,0.0,0,0.079101035,0.694841944,0.6947882115112494
WINCEC_clean,WINCEC_clean,4.94527,3.59812,4.94527,1.22278,1150.61,940.978,0.0,0.0,0.5326,0.435564,0.0,1,0.07387014,0.664626501,0.6494413067024988
WIPLOY_clean,WIPLOY_clean,6.48105,4.74292,6.45525,1.18111,1714.15,1451.31,0.0,0.0,0.5818,0.492588,0.0,1,0.068736543,0.63328955,0.6266911951937493
WIRKOZ_clean,WIRKOZ_clean,17.38546,6.83963,17.38546,0.742862,1607.16,2163.48,0.0,0.0,0.6666,0.897341,0.0,1,0.027206056,0.267386098,0.26889751116375
WISVEB_clean,WISVEB_clean,8.95121,6.85436,8.94162,0.828799,2404.18,2900.8,0.0,0.0,0.747,0.901304,0.0,1,0.025774926,0.253842007,0.2557930957124992
WITJUG_clean,WITJUG_clean,5.88607,4.95547,5.85988,1.02366,1929.46,1884.87,0.0,0.0,0.5976,0.583788,0.0,1,0.053327491,0.492574033,0.49870536799625087
WIVVII_clean,WIVVII_clean,5.53507,3.32928,5.50031,1.37556,724.684,526.827,0.0,0.0,0.4774,0.347058,0.0,1,0.050016728,0.416462322,0.4403795975575008
WIWQUO_clean,WIWQUO_clean,5.86317,4.77379,5.86317,1.51311,2502.33,1653.77,0.0,0.0,0.691,0.456676,0.0,0,0.009128378,0.090143417,0.09095187962750019
WIYWUY_clean,WIYWUY_clean,5.49903,4.14636,5.49903,1.53964,937.998,609.231,0.0,0.0,0.4952,0.321633,0.0,1,0.02715103,0.251570079,0.25554476203874926
WOCWAN_clean,WOCWAN_clean,5.80963,5.50482,5.80963,1.36819,906.494,662.552,0.0,0.0,0.4696,0.343228,0.0,0,0.02444468,0.228129212,0.2297912912937511
WODXEU_clean,WODXEU_clean,5.99818,3.55745,5.99789,1.43122,1129.23,788.996,0.0,0.0,0.5054,0.353125,0.0,1,0.02819423,0.262468338,0.2621883230500009
WOGLAF_clean,WOGLAF_clean,5.12474,2.53461,5.03697,2.09238,0.0,0.0,800.845,382.743,0.541,0.258557,0.0,0,0.051048386,0.427997901,0.4390363581112501
WOJZEC_clean,WOJZEC_clean,6.29331,4.20233,6.29331,1.17761,1945.22,1651.83,0.0,0.0,0.5978,0.507636,0.0,1,0.054277742,0.49161888,0.5016568841912475
WOJZOM_clean,WOJZOM_clean,5.77002,3.85246,5.77002,1.252,1972.92,1575.81,0.0,0.0,0.591,0.472044,0.0,1,0.057424928,0.516951683,0.5264106854112558
WOLREV_clean,WOLREV_clean,9.92256,5.8874,9.91786,0.624717,2477.67,3966.07,0.0,0.0,0.7426,1.1887,0.0,1,0.038181325,0.371015093,0.3833784143975009
WOLRIZ_clean,WOLRIZ_clean,11.03643,6.52149,11.03643,0.928573,2127.88,2291.56,0.0,0.0,0.7184,0.77366,0.0,1,0.029644122,0.291903468,0.29031816009124956
WOPDEL_clean,WOPDEL_clean,5.48028,4.03658,5.4705,1.20981,448.99,371.123,0.0,0.0,0.4372,0.361378,0.0,0,0.037550719,0.308015494,0.32380763504750015
WOPHEQ_clean,WOPHEQ_clean,6.45599,3.38847,6.45542,1.19882,457.642,381.745,355.134,296.237,0.4952,0.413074,0.0,0,0.031601219,0.294688473,0.2934409892800001
WORKOF_clean,WORKOF_clean,9.81174,6.0117,9.81174,0.930964,2043.98,2195.55,1.24552,1.33788,0.6752,0.725269,0.0,1,0.044949893,0.427004457,0.42648276106249755
WORKUL_clean,WORKUL_clean,8.46756,5.64741,8.46756,0.942685,2103.28,2231.16,0.0,0.0,0.6726,0.713494,0.0,1,0.050497523,0.46895554,0.4792879488524988
WORREC_clean,WORREC_clean,7.54466,5.76979,7.52984,0.764767,2839.31,3712.64,0.0,0.0,0.7218,0.943817,0.0,1,0.040376059,0.393321414,0.3953091234075005
WOWHAR_clean,WOWHAR_clean,4.10947,2.65556,4.10947,2.17118,0.0,0.0,52.5952,24.2242,0.3168,0.145911,0.0,1,0.029409795,0.224771174,0.24702842707124847
WOYJEB_clean,WOYJEB_clean,12.32799,5.95231,12.30286,0.80227,2262.64,2820.29,0.0,0.0,0.7248,0.903436,0.0,1,0.059330706,0.549945652,0.5571869940937481
WOYJID_clean,WOYJID_clean,4.20354,2.68994,4.19532,2.34648,0.0,0.0,204.349,87.0874,0.3326,0.141744,0.0,0,0.075286101,0.49461696,0.5136661535850007
WUKXEH_clean,WUKXEH_clean,20.08743,6.60038,20.08743,0.594513,2262.76,3806.08,0.0,0.0,0.7896,1.32814,0.0,1,0.037564575,0.368964729,0.37040037670999865
WULJUJ_clean,WULJUJ_clean,13.2515,6.69559,13.2515,0.880841,2071.01,2351.17,0.0,0.0,0.7102,0.806275,0.0,1,0.045278835,0.396746645,0.40651478835000177
WUNTEF_clean,WUNTEF_clean,5.11473,4.16376,5.10357,1.08866,1006.1,924.169,87.4124,80.2937,0.5292,0.486103,0.0,0,0.068430083,0.60649358,0.6107081059075008
WUNVOR_clean,WUNVOR_clean,5.13748,4.1998,5.12786,1.08542,1130.58,1041.61,0.0,0.0,0.5222,0.481103,0.0,0,0.069068522,0.621959527,0.6181761962975003
WUSGIC_clean,WUSGIC_clean,4.47666,3.4574,4.38159,1.49843,1071.95,715.381,0.0,0.0,0.5224,0.348632,0.0,0,0.031794858,0.300454468,0.2980645330274986
WUTBES_clean,WUTBES_clean,7.39924,5.0967,7.39924,1.7772,885.87,498.464,0.0,0.0,0.459,0.258271,0.0,0,0.018852808,0.178910772,0.1781883788387507
WUTBOC_clean,WUTBOC_clean,7.17175,4.98444,7.17175,1.90997,842.378,441.043,0.0,0.0,0.429,0.224611,0.0,0,0.020434011,0.186640322,0.18851457154124968
WUTBUI_clean,WUTBUI_clean,7.46533,5.15143,7.46533,1.74528,880.071,504.258,0.0,0.0,0.4664,0.267235,0.0,0,0.01788333,0.170164441,0.16927888677249958
WUYWIY_clean,WUYWIY_clean,9.10759,5.82003,9.09622,0.79426,2035.41,2562.65,0.0,0.0,0.6788,0.854632,0.0,0,0.031198307,0.304154603,0.3071058722299991
WUYXOF_clean,WUYXOF_clean,9.05505,5.17643,9.05505,0.759045,1983.21,2612.77,0.0,0.0,0.6628,0.873203,0.0,0,0.030820429,0.305060601,0.3042761579874999
XACFAJ_clean,XACFAJ_clean,6.31025,2.99476,6.30344,1.18923,0.0,0.0,1011.6,850.633,0.5312,0.446676,0.0,0,0.039106697,0.358607653,0.35351616295999955
XACQAT_clean,XACQAT_clean,5.05389,3.89577,5.05389,2.41939,826.15,341.47,0.0,0.0,0.42,0.173597,0.0,0,0.284676379,1.403667934,1.30435524979625
XADCEM_clean,XADCEM_clean,8.43446,8.11603,8.43446,1.03711,1659.86,1600.46,0.0,0.0,0.6244,0.602057,0.0,1,0.060025447,0.568950766,0.5555887186212496
XADDAJ01_clean,XADDAJ01_clean,6.46856,4.61872,6.46856,1.24305,1893.89,1523.58,0.0,0.0,0.5932,0.477214,0.0,1,0.045499363,0.416609308,0.42153467299625164
XAFFIV_clean,XAFFIV_clean,14.22916,13.19368,14.22916,0.358398,1899.33,5299.5,0.0,0.0,0.8506,2.37334,0.0,1,0.032265782,0.321092303,0.3205743497037507
XAGCIS01_clean,XAGCIS01_clean,5.57315,2.64485,5.55209,1.75235,0.0,0.0,818.021,466.814,0.445,0.253945,0.0,1,0.065884415,0.521574961,0.5228785490049986
XAGCIS_clean,XAGCIS_clean,5.55946,2.66018,5.10796,1.7591,0.0,0.0,819.689,465.97,0.4442,0.252515,0.0,1,0.067394856,0.533519368,0.5312027661899968
XAGPUT_clean,XAGPUT_clean,5.48557,4.55432,5.48557,1.58071,2319.33,1467.27,0.0,0.0,0.6272,0.396784,0.0,1,0.034757265,0.337523314,0.3346672133950004
XAHWAG_clean,XAHWAG_clean,5.39358,4.37499,5.38893,1.33376,2734.04,2049.88,0.0,0.0,0.6868,0.514937,0.0,0,0.04050815,0.392364605,0.3850464566112508
XAJZOY_clean,XAJZOY_clean,6.5047,2.98776,6.50361,1.70727,0.0,0.0,1133.97,664.199,0.49,0.287007,0.0,0,0.048284706,0.419122035,0.41942546492375
XAKZAL_clean,XAKZAL_clean,8.8329,3.77071,4.46909,1.00158,193.263,192.958,1002.0,1000.42,0.5486,0.547735,0.0,1,0.038332628,0.346486161,0.3467777997675
XALBAO_clean,XALBAO_clean,12.08969,7.27048,11.78932,0.880979,1591.93,1807.0,0.0,0.0,0.6308,0.716022,0.0,1,0.037855218,0.362764091,0.36081775848375
XALDEU_clean,XALDEU_clean,8.28708,3.55494,4.42564,1.01761,177.365,174.295,1049.0,1030.85,0.5566,0.546967,0.0,1,0.034806175,0.319420421,0.31553314516624903
XALTIP_clean,XALTIP_clean,18.68299,9.17237,18.68299,0.551216,1809.24,3282.27,0.0,0.0,0.7988,1.44916,0.0,1,0.028137747,0.272606078,0.2810652621637509
XAMDUM02_clean,XAMDUM02_clean,13.17767,6.71826,13.17767,0.884458,2085.56,2358.0,0.0,0.0,0.7192,0.813153,0.0,1,0.050041595,0.444319354,0.4517624812574985
XAMDUM_clean,XAMDUM_clean,13.20706,6.72961,13.20706,0.879722,2074.04,2357.61,0.0,0.0,0.7196,0.817985,0.0,1,0.04818428,0.425686791,0.42999605485375086
XAPCOJ02_clean,XAPCOJ02_clean,7.30662,7.12733,7.30662,1.1168,1599.91,1432.58,0.0,0.0,0.598,0.535457,0.0,0,0.050474745,0.489987324,0.48963990559125115
XAPDAU_clean,XAPDAU_clean,8.2002,7.60089,8.18046,1.21167,2074.4,1712.02,0.0,0.0,0.6722,0.554773,0.0,0,0.026459198,0.250773182,0.25502010737000025
XAPSIS_clean,XAPSIS_clean,5.46139,4.76389,5.45821,0.955004,2054.51,2151.31,0.0,0.0,0.644,0.674342,0.0,1,0.043736551,0.418759989,0.4195311681674989
XAPTUE_clean,XAPTUE_clean,7.01351,4.77674,6.96552,1.46731,1437.82,979.906,0.0,0.0,0.555,0.378244,0.0,1,0.043697026,0.412817686,0.4072339986562495
XAQTEO01_clean,XAQTEO01_clean,4.59416,3.14542,4.59416,1.9889,0.0,0.0,689.548,346.699,0.4992,0.250993,0.0,1,0.040054888,0.357694032,0.35549924039250075
XASJUZ_clean,XASJUZ_clean,5.3717,3.49252,5.3717,1.8286,687.912,376.196,166.963,91.3066,0.5254,0.287324,0.0,1,0.026149885,0.244694982,0.24091630850125015
XASNUD_clean,XASNUD_clean,13.51875,4.58024,13.51875,0.967914,2185.15,2257.59,0.0,0.0,0.6906,0.713493,0.0,1,0.045558211,0.427919824,0.4229012549137509
XAVDEF_clean_h,XAVDEF_clean_h,7.82348,7.29552,7.82348,0.99494,1791.82,1800.93,0.0,0.0,0.636,0.639234,0.0,1,0.037950732,0.379286418,0.37104055953625015
XAVQIU_clean,XAVQIU_clean,4.2412,3.56279,4.22796,1.15986,1110.01,957.016,0.0,0.0,0.5978,0.515406,0.0,1,0.038273367,0.375462976,0.365038087818749
XAWZOM_clean,XAWZOM_clean,3.87209,2.48649,3.80927,1.58757,0.0,0.0,86.1696,54.2778,0.4374,0.275516,0.0,1,0.007152462,0.072227149,0.06983287701000006
XAZFEJ_clean,XAZFEJ_clean,4.73064,4.15643,4.70239,1.61284,1526.71,946.596,0.0,0.0,0.5556,0.344486,0.0,1,0.02105073,0.203218122,0.20282941172874963
XEDGIY_clean,XEDGIY_clean,7.07898,5.31452,7.01634,0.998068,1852.97,1856.56,0.0,0.0,0.6184,0.619597,0.0,1,0.028312316,0.282228169,0.27733860827375095
XEDPON_clean,XEDPON_clean,7.48304,4.32366,7.48304,1.13521,1918.18,1689.72,0.0,0.0,0.6406,0.564302,0.0,1,0.049319007,0.482448587,0.4736914093212483
XEGJOK_clean,XEGJOK_clean,8.03848,5.65574,8.03848,1.06612,2083.29,1954.09,0.0,0.0,0.6316,0.59243,0.0,1,0.033217272,0.325441707,0.32622923363875145
XEGKIF_clean,XEGKIF_clean,5.20553,3.75045,5.02164,1.3269,1101.02,829.769,0.0,0.0,0.5188,0.390988,0.0,1,0.050106054,0.459148891,0.45071544916125106
XEHRUY_clean,XEHRUY_clean,4.75094,3.73804,4.73309,1.40294,806.249,574.687,0.0,0.0,0.4558,0.32489,0.0,0,0.035550258,0.325527803,0.3285600678712509
XEHSOT_clean,XEHSOT_clean,4.76348,3.63666,4.76348,1.41375,744.384,526.53,0.0,0.0,0.4508,0.318867,0.0,0,0.03529922,0.327746658,0.32081433729625125
XEJWUG_clean,XEJWUG_clean,4.34072,3.48491,4.33485,1.56158,471.476,301.922,0.0,0.0,0.4076,0.261018,0.0,0,0.073480695,0.564748638,0.576645318997502
XEJXER_clean,XEJXER_clean,4.12173,3.57853,4.12173,1.5597,414.634,265.842,0.0,0.0,0.4006,0.256844,0.0,0,0.014307667,0.134355336,0.13644522064375045
XENCAU_clean,XENCAU_clean,8.29403,6.89914,8.29403,0.556974,2324.09,4172.71,0.0,0.0,0.7312,1.31281,0.0,1,0.019955107,0.198503887,0.19935342045999987
XENMIO_SL,XENMIO_SL,4.2763,3.43605,4.2763,1.62008,351.871,217.194,309.344,190.944,0.4486,0.2769,0.0,1,0.121810598,0.808321786,0.8100520126900045
XESKAJ_clean,XESKAJ_clean,9.85685,9.29464,9.85685,1.10591,1360.23,1229.96,0.0,0.0,0.5664,0.512158,0.0,1,0.019810578,0.195106875,0.1953024735199997
XEVGUC_clean,XEVGUC_clean,5.80238,2.42429,5.80238,1.97211,0.0,0.0,309.148,156.759,0.4546,0.230514,0.0,0,0.021436369,0.169021531,0.1787551872937495
XEYMAR_clean,XEYMAR_clean,6.22077,4.79076,5.73209,1.34353,2239.47,1666.86,0.0,0.0,0.6636,0.493924,0.0,1,0.022042678,0.213951949,0.21639141097125036
XEZPUP_clean,XEZPUP_clean,4.60797,2.49967,4.60605,1.24925,0.0,0.0,229.667,183.843,0.4214,0.337322,0.0,0,0.033153899,0.292142892,0.28316678678874985
XEZRIF_clean,XEZRIF_clean,4.62664,2.54562,4.62664,1.76913,0.0,0.0,507.13,286.655,0.3994,0.225761,0.0,1,0.040235708,0.329672824,0.32677912713249996
XICYEP_SL,XICYEP_SL,6.23549,4.07005,5.99515,1.80747,1927.34,1066.32,0.0,0.0,0.6084,0.336603,0.000442607,1,0.027345618,0.258778044,0.26226917680124995
XICZAM_clean,XICZAM_clean,19.52135,6.64584,19.52135,1.26176,1911.12,1514.64,0.0,0.0,0.7502,0.594564,0.000158508,1,0.014185582,0.141256699,0.14028757303250006
XIDBUJ_clean,XIDBUJ_clean,7.40475,6.25511,7.40475,1.09542,1351.03,1233.34,0.0,0.0,0.5684,0.518888,0.0,0,0.048702606,0.466100273,0.45315285996874893
XIFHIF_clean,XIFHIF_clean,9.50274,8.84024,9.48896,1.39627,1580.72,1132.1,0.0,0.0,0.6078,0.435304,0.0,1,0.017099552,0.166939457,0.1676623513762497
XIFLOP_clean,XIFLOP_clean,3.91972,3.02211,3.91972,2.23068,0.0,0.0,58.8926,26.4012,0.3262,0.146234,0.0,0,0.012229274,0.115619671,0.11675497057874913
XIGHEB_clean,XIGHEB_clean,9.46287,6.0394,9.46287,1.26391,1742.96,1379.02,0.0,0.0,0.6604,0.522504,0.0,0,0.015582435,0.154988937,0.1538333546037493
XIGWUF_clean,XIGWUF_clean,7.07949,4.99162,7.07464,0.478412,3315.96,6931.17,0.0,0.0,0.7822,1.63499,0.0,1,0.01539577,0.150727205,0.1530938845762504
XIHSAJ_clean,XIHSAJ_clean,6.08478,4.0122,6.08478,1.01421,1817.12,1791.66,0.0,0.0,0.6044,0.595933,0.0,1,0.046517132,0.456683607,0.45037206307750166
XIHXAP_clean,XIHXAP_clean,4.61505,2.44236,4.59141,1.26837,0.0,0.0,700.101,551.97,0.481,0.379227,0.0,1,0.100852978,0.750181972,0.7860809311325029
XIMPOA01_clean,XIMPOA01_clean,3.73492,3.03253,3.69632,1.42236,0.0,0.0,116.23,81.7168,0.3916,0.275318,0.0,0,0.005030629,0.047656327,0.049150034675000134
XINYAW_clean,XINYAW_clean,6.39712,2.73319,6.39712,1.12632,0.0,0.0,782.004,694.298,0.501,0.44481,0.0,1,0.053987213,0.420591877,0.4759561180537495
XIPGUA_clean,XIPGUA_clean,6.999,4.80417,6.51629,2.95533,1333.32,451.159,0.0,0.0,0.4992,0.168915,0.0,1,0.002819117,0.02780378,0.027486106764999914
XIPHIN_clean,XIPHIN_clean,3.919,2.93663,3.919,1.55745,0.0,0.0,431.436,277.014,0.5236,0.33619,0.0,0,0.014687281,0.142186981,0.14300141789999962
XIRHUC_clean,XIRHUC_clean,3.93056,2.87434,3.93056,1.37485,0.0,0.0,255.426,185.785,0.42,0.305489,0.0,1,0.047358228,0.39561578,0.38899384712500024
XISKUF_clean,XISKUF_clean,4.31794,3.58074,4.31794,1.93785,629.43,324.808,0.0,0.0,0.4082,0.210646,0.0,1,0.047490803,0.420314422,0.39522322596624976
XISLAM_clean,XISLAM_clean,4.34393,3.64065,4.34393,1.93617,692.959,357.901,0.0,0.0,0.4122,0.212894,0.0,0,0.052280684,0.425493351,0.43418806997250164
XISPEW02_clean,XISPEW02_clean,7.73943,5.5228,7.73943,1.0858,1985.75,1828.83,0.0,0.0,0.6324,0.582427,0.0,1,0.03346179,0.318778311,0.3264543499949998
XITYOP_clean,XITYOP_clean,11.26084,5.01855,11.26084,0.828925,2008.18,2422.64,0.0,0.0,0.6806,0.821064,0.0,1,0.058515104,0.552912546,0.5319671019900014
XIVMEW_clean,XIVMEW_clean,5.05762,3.31299,5.05127,1.54947,317.384,204.834,321.061,207.207,0.4568,0.29481,0.0,1,0.090644636,0.634618887,0.6163316974862468
XIWYEH_clean,XIWYEH_clean,4.26164,3.52891,4.24796,2.34877,351.985,149.859,0.0,0.0,0.3304,0.140669,0.0,0,0.078659047,0.497779912,0.5332627202412524
XOCWET_clean,XOCWET_clean,5.57167,3.60863,5.43096,2.052,1278.23,622.917,0.0,0.0,0.549,0.267544,0.0,1,0.01848288,0.178500253,0.1779266266962492
XOCWOD_clean,XOCWOD_clean,5.38208,3.4319,5.38208,2.211,1054.39,476.883,0.0,0.0,0.5314,0.240344,0.0,1,0.017351587,0.170868252,0.16503294622124964
XODPUD_clean,XODPUD_clean,15.85383,13.08935,15.85383,0.622253,2051.21,3296.43,0.0,0.0,0.7882,1.26669,0.0,1,0.03699177,0.373350266,0.3623448477125003
XOFFUT_clean,XOFFUT_clean,7.8035,3.03296,7.8035,1.22352,0.0,0.0,1147.48,937.854,0.527,0.430725,0.0,1,0.045697898,0.392756851,0.4235028900849999
XOMCOT_clean,XOMCOT_clean,4.8748,3.64387,4.86282,1.12809,975.65,864.872,0.0,0.0,0.4934,0.437378,0.0,0,0.147047903,1.10781815,1.1029979188037529
XOMJUE_clean,XOMJUE_clean,6.09418,3.77279,6.07728,1.21681,603.908,496.303,411.544,338.214,0.507,0.416662,0.0,0,0.077082782,0.617506215,0.6211965661737494
XOQXEH_clean,XOQXEH_clean,5.17553,3.13265,4.94244,1.52455,0.0,0.0,472.003,309.602,0.4694,0.307895,0.0,1,0.07091312,0.499904526,0.5260043432837511
XOSPUQ_clean,XOSPUQ_clean,4.06788,2.48984,4.06788,2.4046,0.0,0.0,437.433,181.915,0.4968,0.206604,0.0,1,0.044625233,0.39286119,0.39543231967874926
XOTXAG_clean,XOTXAG_clean,4.5925,3.72441,4.55253,1.45522,1114.56,765.906,0.0,0.0,0.459,0.315416,0.0,1,0.036254779,0.34516662,0.33649734132499937
XOVQIJ_clean,XOVQIJ_clean,7.41561,4.13146,7.41561,0.925084,1684.83,1821.27,0.0,0.0,0.5816,0.6287,0.0,1,0.040249933,0.387642128,0.3872881475862498
XOVYIR_clean,XOVYIR_clean,4.13092,3.16968,4.13092,1.74273,0.0,0.0,297.605,170.769,0.3782,0.217015,0.0,1,0.044998729,0.377602413,0.3699424916599996
XOVYUD_clean,XOVYUD_clean,3.82744,2.88368,3.79812,1.90195,0.0,0.0,267.873,140.841,0.4522,0.237756,0.0,1,0.008994469,0.087226414,0.08765348721625035
XOXMED_clean,XOXMED_clean,15.20268,12.48764,14.68508,0.499,1903.11,3813.84,0.0,0.0,0.7876,1.57836,0.0,1,0.031076661,0.310155704,0.30850754768875144
XUBGUY_clean,XUBGUY_clean,11.92741,6.17876,10.43844,0.841842,2109.15,2505.4,0.0,0.0,0.7154,0.849804,0.0,1,0.026726829,0.26902989,0.26400807390874875
XUDYOM_clean,XUDYOM_clean,5.92099,5.48654,5.7966,1.63199,1266.45,776.015,0.0,0.0,0.5438,0.333212,0.0,0,0.085360976,0.725285816,0.6904671748962496
XUGSEY_clean,XUGSEY_clean,7.45351,5.81909,7.11831,0.709523,2586.66,3645.63,0.0,0.0,0.7068,0.996162,0.0,1,0.044335147,0.439894821,0.43480868239625114
XUJPOI_clean,XUJPOI_clean,5.22333,3.76094,5.20942,1.23729,1450.85,1172.61,0.0,0.0,0.566,0.457452,0.0,0,0.062689518,0.581118728,0.5645814706587494
XUJQAV_clean,XUJQAV_clean,5.23926,3.75063,5.23926,1.23622,1470.1,1189.19,0.0,0.0,0.5596,0.452669,0.0,0,0.062568206,0.581326061,0.5638574994562493
XUKNIC_clean,XUKNIC_clean,6.71193,5.19255,6.7113,1.00366,2512.55,2503.38,0.0,0.0,0.6472,0.644838,0.0,1,0.040978754,0.402681515,0.4023854563199988
XUKYEI_neutral,XUKYEI_neutral,13.17229,10.75846,13.16843,0.287208,1805.38,6285.97,0.0,0.0,0.8682,3.02289,0.0,0,0.029591526,0.299417046,0.2983390649887499
XUMCAK_clean,XUMCAK_clean,4.73151,2.87966,4.7307,1.51149,0.0,0.0,698.103,461.865,0.5952,0.393784,0.0,0,0.005353921,0.05300821,0.053057380778749906
XUMMOJ_clean,XUMMOJ_clean,8.37622,7.86065,8.37622,1.08186,1183.03,1093.52,0.0,0.0,0.5464,0.505057,0.0,1,0.016749249,0.168471519,0.16431015819375078
XUMMUP_clean,XUMMUP_clean,8.4295,7.42103,8.42696,1.01197,1167.11,1153.31,0.0,0.0,0.545,0.538555,0.0,1,0.014135573,0.142872228,0.13794158317750013
XUMSOP_clean,XUMSOP_clean,5.79642,2.80847,5.2556,1.91936,0.0,0.0,646.66,336.914,0.4892,0.254877,0.0,0,0.011533228,0.104261053,0.11029318410875
XUMTUV_clean,XUMTUV_clean,5.4813,5.1227,5.47077,1.25424,1931.27,1539.79,0.0,0.0,0.6264,0.499425,0.0,1,0.046190902,0.434385141,0.4375169659175031
XUMVAD_clean,XUMVAD_clean,5.48445,5.10748,5.47384,1.24179,1950.9,1571.03,0.0,0.0,0.619,0.498472,0.0,1,0.046378581,0.429819673,0.43960761275750315
XUMVOS_clean,XUMVOS_clean,3.47648,2.9114,3.47648,2.25343,0.0,0.0,38.9642,17.2911,0.3906,0.173336,0.0,1,0.002033465,0.01972449,0.02040837617249992
XUNGOD_clean,XUNGOD_clean,5.27654,3.81371,5.27654,1.03399,1095.75,1059.73,0.0,0.0,0.4858,0.469831,0.0,0,0.113457424,0.930138128,0.9382499786387517
XUNGUJ_clean,XUNGUJ_clean,4.49594,4.05224,4.48031,1.03604,1057.86,1021.06,0.0,0.0,0.4874,0.470444,0.0,0,0.097633874,0.808687308,0.8096085217987501
XUNSUW_clean,XUNSUW_clean,3.69134,2.56409,3.43088,1.1644,0.0,0.0,63.3596,54.414,0.4058,0.348506,0.0,1,0.026240438,0.244621045,0.24134012964124896
XUQSIN_clean,XUQSIN_clean,6.09297,3.1318,6.09106,1.68768,0.0,0.0,1134.56,672.26,0.5418,0.321032,0.0,1,0.005437923,0.053433937,0.054365090886249766
XUVGUQ01_ion_b,XUVGUQ01_ion_b,5.66625,3.6728,5.66625,2.37494,405.836,170.882,0.0,0.0,0.3574,0.150488,0.0,1,0.037412379,0.247382941,0.302065076406251
XUWFUR_clean,XUWFUR_clean,8.57387,5.22151,8.55217,0.997477,1382.53,1386.02,0.0,0.0,0.5736,0.575051,0.0,1,0.029356796,0.278772157,0.2834771526337497
XUWTAK_clean,XUWTAK_clean,4.40667,3.75356,4.40321,2.17452,723.721,332.819,0.0,0.0,0.4382,0.201516,0.0,1,0.125761148,0.902110283,0.847946638447498
YAPLOS_clean,YAPLOS_clean,9.23645,7.54223,9.20879,0.838059,1650.76,1969.74,3.89826,4.65153,0.6584,0.785625,0.0,1,0.019376385,0.195517881,0.1908795735537503
YAPYUK_clean,YAPYUK_clean,3.81265,2.51848,3.80052,1.54037,0.0,0.0,49.4183,32.0821,0.3806,0.247084,0.0,1,0.030951855,0.251469518,0.2722267269024987
YAQKEI_clean,YAQKEI_clean,4.87973,4.18958,4.87973,1.91746,825.152,430.337,0.0,0.0,0.4374,0.228115,0.0,1,0.034990786,0.316015985,0.31346626385374987
YARKAF_clean,YARKAF_clean,4.78127,3.38887,4.78127,1.32951,413.16,310.762,3.2692,2.45896,0.4556,0.342684,0.0,1,0.023916746,0.218696586,0.22259507285625002
YARKEJ_clean,YARKEJ_clean,5.07878,4.0341,5.03574,1.22095,872.445,714.565,0.0,0.0,0.486,0.398052,0.0,0,0.070780246,0.615045531,0.5882395694200004
YASLUA_clean,YASLUA_clean,4.94209,4.00194,4.9385,1.70772,1160.33,679.462,0.0,0.0,0.57,0.333779,0.0,1,0.022175654,0.214391874,0.21314478610374965
YAVVEZ_clean,YAVVEZ_clean,9.82749,8.59259,9.81107,1.05385,1634.41,1550.89,0.0,0.0,0.6474,0.614319,0.0,1,0.022977118,0.22344885,0.22444473266375145
YAVVUP_clean,YAVVUP_clean,4.79083,4.0345,4.51089,1.48936,1096.45,736.189,0.0,0.0,0.5422,0.364049,0.0,1,0.038057826,0.346852955,0.3475753219324998
YAVWAW_clean,YAVWAW_clean,4.87227,4.07548,4.69675,1.46373,1145.93,782.881,0.0,0.0,0.5582,0.381355,0.0,1,0.036405065,0.331871254,0.34105291139874977
YAVWUQ_clean,YAVWUQ_clean,15.48597,6.62234,15.4779,0.747785,2189.36,2927.8,0.0,0.0,0.7402,0.989857,0.0,1,0.043792406,0.417878237,0.42543135233625284
YAYPOF_clean,YAYPOF_clean,6.50595,4.6947,6.4958,2.40269,1158.01,481.966,0.0,0.0,0.5536,0.230409,0.0,1,0.015206587,0.143545498,0.14569024950624976
YEDLAV_clean,YEDLAV_clean,5.4499,3.81156,5.4499,1.25884,985.671,783.002,173.283,137.653,0.514,0.408314,0.0,1,0.089421374,0.729511059,0.7198166046025003
YEKQOW_clean,YEKQOW_clean,13.71017,3.97085,13.71017,1.23134,1607.97,1305.87,0.0,0.0,0.6056,0.491823,0.0,1,0.054765183,0.489457056,0.49256727108250004
YELYOE_clean,YELYOE_clean,5.04252,3.59258,5.00865,2.17111,739.471,340.597,0.0,0.0,0.4584,0.211137,0.0,1,0.077475154,0.591308033,0.6007167799574988
YENLUA_ion_b,YENLUA_ion_b,21.49217,18.9061,21.49217,0.794834,1364.82,1717.11,0.605784,0.762152,0.7146,0.899055,0.0,1,0.014132664,0.142203423,0.1388464828725011
YEVQUM_manual,YEVQUM_manual,7.24971,4.97645,7.24971,1.58621,997.869,629.089,110.417,69.6106,0.5532,0.348755,0.0,1,0.016745438,0.156896035,0.1616104387537501
YEYLUJ_clean,YEYLUJ_clean,5.22062,3.33528,5.21962,1.24374,724.972,582.896,0.0,0.0,0.5078,0.408284,0.0,1,0.057430429,0.471554658,0.4909516964525021
YEYYAC_clean,YEYYAC_clean,6.35432,3.00875,6.35432,1.15665,0.0,0.0,1051.27,908.889,0.5364,0.463752,0.0,0,0.03330481,0.31003118,0.3162983286837495
YEZKOF_clean,YEZKOF_clean,6.11466,3.28691,4.5394,1.16779,0.0,0.0,989.345,847.193,0.516,0.44186,0.0,1,0.04098522,0.342637784,0.37027927251624865
YEZSEC01_clean,YEZSEC01_clean,5.77745,2.40372,5.76615,1.81695,0.0,0.0,284.643,156.66,0.4432,0.243925,0.0,0,0.021187242,0.163904738,0.18020163583499965
YICGOI_clean,YICGOI_clean,5.21305,2.62761,4.51323,1.11585,0.0,0.0,549.784,492.706,0.4844,0.43411,0.0,1,0.070486171,0.556458248,0.563719463621248
YILJAG_clean,YILJAG_clean,9.10869,5.99614,8.54669,0.787709,2364.52,3001.77,0.0,0.0,0.7242,0.919375,0.0,1,0.035660567,0.347828025,0.3511261646862495
YILKAH_clean,YILKAH_clean,5.89247,4.24175,5.78451,1.04927,1964.15,1871.92,0.0,0.0,0.628,0.598513,0.0,0,0.044695038,0.434214779,0.4288061333937485
YISFEL_clean,YISFEL_clean,5.46375,4.23769,5.46375,1.76848,680.689,384.9,0.0,0.0,0.5068,0.286574,0.0,1,0.008041049,0.08129547,0.07815368976124987
YITHOA_clean,YITHOA_clean,3.91885,3.09856,3.91885,2.15608,0.0,0.0,300.133,139.203,0.4366,0.202497,0.0,1,0.007000666,0.069691572,0.06863721259374993
YIVNIC_clean,YIVNIC_clean,4.61348,3.86544,4.61348,1.60999,548.992,340.991,0.0,0.0,0.3982,0.24733,0.0,1,0.019331097,0.180443538,0.1761564942862502
YIWLUL_clean,YIWLUL_clean,5.60589,3.69448,5.60589,1.34283,1888.85,1406.63,0.0,0.0,0.6708,0.499544,0.0,1,0.011244303,0.110833632,0.11126200242999945
YIWMOG_clean,YIWMOG_clean,6.74773,5.04258,6.74039,1.26894,2076.98,1636.78,0.0,0.0,0.6788,0.534934,0.0,1,0.01078994,0.109532289,0.10608693873875015
YIWNIB_clean,YIWNIB_clean,6.81948,5.37501,6.81948,1.22536,2128.85,1737.32,0.0,0.0,0.696,0.567996,0.0,0,0.010744135,0.103589164,0.10637700869750014
YIWPAV_clean,YIWPAV_clean,6.84936,5.28466,6.84936,1.24173,2101.82,1692.65,0.0,0.0,0.6932,0.558254,0.0,0,0.010608229,0.105490339,0.10620555246999987
YIXFIW_clean,YIXFIW_clean,4.72359,3.58415,4.71426,1.46617,963.816,657.369,0.0,0.0,0.4922,0.335704,0.0,0,0.049934196,0.444784047,0.44869189784125035
YIYHAQ_clean,YIYHAQ_clean,5.13693,3.97105,5.11342,0.982113,1295.69,1319.28,0.0,0.0,0.5422,0.552075,0.0,1,0.040913699,0.396705605,0.38313838289874974
YOCSEQ_clean,YOCSEQ_clean,5.29821,4.82783,5.29821,2.09158,1030.37,492.631,0.0,0.0,0.4588,0.219356,0.0,1,0.031483285,0.276353009,0.27826578633374954
YONNUL_clean,YONNUL_clean,7.44579,3.94305,6.4772,1.00681,1672.8,1661.47,0.0,0.0,0.5814,0.577465,0.0,0,0.076752244,0.666381173,0.7023609698562495
YOPMAS_clean,YOPMAS_clean,3.73773,2.78289,3.73773,1.50972,0.0,0.0,136.812,90.621,0.3926,0.260049,0.0,1,0.005983556,0.058982304,0.059135678432500144
YOYNUX_clean,YOYNUX_clean,6.53052,5.58315,6.53052,1.14575,936.289,817.183,0.0,0.0,0.503,0.439013,0.0,0,0.068815757,0.575074173,0.5840606922162486
YOYPAF_clean,YOYPAF_clean,6.55588,5.45199,6.55588,1.14259,922.719,807.568,0.0,0.0,0.4978,0.435677,0.0,0,0.072172235,0.597346889,0.5990384092174991
YOYPEJ_clean,YOYPEJ_clean,6.69444,5.84937,6.69444,1.13629,975.718,858.686,0.0,0.0,0.5104,0.44918,0.0,0,0.065531823,0.553187177,0.5706502382474985
YOYPUZ_clean,YOYPUZ_clean,6.823,5.88003,6.823,1.1136,990.517,889.476,0.0,0.0,0.5056,0.454025,0.0,0,0.066555709,0.554222944,0.5715725929587484
YOYRIP_clean,YOYRIP_clean,6.79198,5.2818,6.79198,1.07942,946.208,876.593,0.0,0.0,0.5242,0.485633,0.0,0,0.068604007,0.571592325,0.584656805757502
YOYTOX_clean,YOYTOX_clean,5.00131,3.86562,5.00092,1.39238,1497.55,1075.53,0.0,0.0,0.5584,0.401039,0.0,1,0.032788861,0.307410639,0.31006748014999863
YOYVOZ_clean,YOYVOZ_clean,4.67642,3.71608,4.67441,1.95188,1324.79,678.726,0.0,0.0,0.5406,0.276964,0.0,1,0.025856206,0.242041451,0.2428619764437504
YOYWEQ_clean,YOYWEQ_clean,4.77875,3.62914,4.77812,1.88548,1186.63,629.349,4.49602,2.38455,0.5478,0.290536,0.0,1,0.021072677,0.204586069,0.20196969110749927
YOZQEK_clean,YOZQEK_clean,13.97996,12.00951,13.48133,0.61183,1737.5,2839.84,0.0,0.0,0.7918,1.29415,0.0,1,0.022065127,0.219417899,0.22028587045624998
YOZYOD_clean,YOZYOD_clean,6.08705,4.94831,6.08705,1.19906,1535.33,1280.44,0.0,0.0,0.57,0.475373,0.0,1,0.046782906,0.44886242,0.4443809494662514
YUFLIW_clean,YUFLIW_clean,6.09359,4.9062,6.08114,0.831336,2354.2,2831.83,0.0,0.0,0.6718,0.808097,0.0,1,0.052598241,0.510235414,0.5039094119687516
YUGLES_clean,YUGLES_clean,10.89993,6.77637,10.89993,0.718001,2324.4,3237.32,0.0,0.0,0.7434,1.03537,0.0,1,0.035990264,0.34438222,0.3559881368525002
YUKCAJ_clean,YUKCAJ_clean,4.62174,3.64026,4.62174,1.16054,790.171,680.867,0.0,0.0,0.4744,0.408776,0.0,0,0.038521731,0.358777646,0.3500238652612497
YUKKAR_clean,YUKKAR_clean,5.85992,4.34741,5.85992,1.1473,1614.58,1407.28,0.0,0.0,0.5232,0.456026,0.0,0,0.048562797,0.457375593,0.4552596096237479
YUKTUU_clean,YUKTUU_clean,4.31678,2.50036,4.31678,1.36479,0.0,0.0,381.866,279.798,0.515,0.377347,0.0,0,0.022092665,0.21342216,0.21567490899125058
YUKVAC_clean,YUKVAC_clean,4.29126,2.46053,4.27728,1.42099,0.0,0.0,349.137,245.7,0.5058,0.355949,0.0,0,0.046962903,0.447649527,0.41898596393625026
YUKVUW_clean,YUKVUW_clean,4.26644,2.44011,4.26644,1.5262,0.0,0.0,327.812,214.789,0.5084,0.333114,0.0,0,0.049745974,0.454892525,0.4464122054287501
YUKWOS_clean,YUKWOS_clean,4.89028,2.61131,4.83385,1.78337,0.0,0.0,583.713,327.308,0.4524,0.253677,0.0,1,0.019780691,0.17837711,0.18320085166499997
YUKWUY_clean,YUKWUY_clean,4.86166,2.59675,4.4253,1.79642,0.0,0.0,561.508,312.571,0.442,0.246046,0.0,1,0.019799552,0.179913463,0.1833078878575
YULBAJ_clean,YULBAJ_clean,4.78019,3.27297,4.78019,1.5076,0.0,0.0,1157.76,767.95,0.5174,0.343194,0.0,0,0.057283899,0.531309975,0.5091824487512485
YUMKAU_clean,YUMKAU_clean,9.79433,6.58571,9.76919,1.05716,1773.48,1677.58,0.0,0.0,0.674,0.637556,0.0,1,0.024320633,0.238128967,0.24031573045625024
YURJUR_clean,YURJUR_clean,13.69253,8.47609,13.69253,0.683521,2000.04,2926.08,0.0,0.0,0.7552,1.10487,0.0,0,0.025672568,0.256932717,0.25264168057125114
YUTDUO_clean,YUTDUO_clean,7.90649,6.23902,7.90649,1.39467,1474.83,1057.48,0.0,0.0,0.5612,0.40239,0.0,1,0.015304835,0.149392341,0.14852041149500028
YUVGOL_SL,YUVGOL_SL,13.51804,2.67027,13.51804,0.92623,0.0,0.0,1099.23,1186.78,0.616,0.665062,0.0,1,0.028599784,0.276455306,0.2724531788662511
YUWKEH_clean,YUWKEH_clean,3.63512,2.9315,3.63301,1.82361,0.0,0.0,56.7076,31.0963,0.3642,0.199714,0.0,1,0.00709315,0.06464762,0.06810238129375029
YUXLEJ_clean,YUXLEJ_clean,10.83121,6.54663,10.83121,0.97354,1928.71,1981.13,0.0,0.0,0.6686,0.686772,0.0,1,0.020315221,0.19546109,0.19957339105375016
YUXQIS_clean,YUXQIS_clean,17.65359,14.41981,17.65359,0.688928,1805.53,2620.78,0.0,0.0,0.7418,1.07675,0.0,0,0.030808482,0.301412207,0.30493236923250094
YUYLIP_clean,YUYLIP_clean,5.22265,4.3746,5.21018,1.35436,1100.13,812.287,11.7356,8.66502,0.5156,0.380696,0.0,1,0.037007981,0.34694906,0.33975010958624885
YUZPIU_clean,YUZPIU_clean,24.28264,10.2733,24.27637,0.405541,1930.72,4760.85,0.0,0.0,0.8426,2.07772,0.0,1,0.042486465,0.417625418,0.41753622037374966
YUZPOA_clean,YUZPOA_clean,20.08724,6.66271,20.08724,0.597835,2261.64,3783.05,0.0,0.0,0.7894,1.32043,0.0,1,0.04331946,0.411214773,0.4239628029750041
YUZSUH01_clean,YUZSUH01_clean,4.24949,3.27902,4.24949,1.86509,0.0,0.0,740.482,397.021,0.4784,0.256502,0.0,1,0.065954995,0.588337977,0.5466632139775003
ZACCUB_clean,ZACCUB_clean,5.33809,3.35117,5.33809,2.14234,943.989,440.635,0.0,0.0,0.4798,0.223961,0.0,1,0.354854075,1.749683548,1.6468015860274994
ZACHIX_clean,ZACHIX_clean,13.14331,6.50331,13.13039,0.890304,2133.37,2396.22,0.0,0.0,0.7114,0.799053,0.0,1,0.048561426,0.42277295,0.43532966533999967
ZAFXAI_clean,ZAFXAI_clean,8.16636,3.63608,8.16636,1.40372,1642.88,1170.38,0.0,0.0,0.568,0.40464,0.00156727,0,0.025375829,0.237004393,0.2424027897612513
ZALGEB_clean,ZALGEB_clean,6.62075,4.56528,6.62075,1.81667,1374.98,756.865,0.0,0.0,0.5514,0.303522,0.0,1,0.004009534,0.039328496,0.039210779577499785
ZALREM_clean,ZALREM_clean,5.87604,3.78386,5.86921,1.04183,1802.16,1729.8,0.0,0.0,0.622,0.597029,0.0,0,0.068673368,0.637685445,0.6351504216050039
ZASJAG_clean,ZASJAG_clean,8.3258,8.06587,8.3258,1.20593,1261.26,1045.89,0.0,0.0,0.5316,0.440823,0.0,0,0.019191411,0.189272902,0.18674834177250033
ZAVRIZ_clean,ZAVRIZ_clean,5.32783,4.62627,5.32783,1.39297,1655.8,1188.68,0.0,0.0,0.5686,0.408192,0.0,1,0.036836827,0.343144898,0.34980698645125075
ZAXWAY_clean,ZAXWAY_clean,4.52908,2.96859,4.52908,1.45523,0.0,0.0,329.284,226.277,0.4818,0.331082,0.0,0,0.054084381,0.429394288,0.4681794499499995
ZAZNUL_clean,ZAZNUL_clean,14.33219,5.62688,14.33219,1.14775,1488.16,1296.59,309.364,269.539,0.6388,0.556566,0.0,1,0.037362337,0.332471255,0.3503769916600005
ZEDHIB_clean,ZEDHIB_clean,4.96253,3.33867,4.45559,1.37217,835.571,608.942,0.0,0.0,0.4944,0.360306,0.0,1,0.064328122,0.497943112,0.5409668885424995
ZEDQEG_clean,ZEDQEG_clean,5.11458,4.23281,5.10868,1.21651,1349.89,1109.64,0.0,0.0,0.5426,0.446031,0.0,1,0.032412888,0.313458414,0.30926544745124884
ZEDRAD_clean,ZEDRAD_clean,3.70645,2.81425,3.70645,2.48068,0.0,0.0,93.5472,37.7103,0.3984,0.160601,0.0,1,0.021678484,0.202345999,0.1953185598974996
ZEFLAZ01_clean,ZEFLAZ01_clean,4.47673,2.45296,4.45851,1.97707,0.0,0.0,319.604,161.655,0.3724,0.188359,0.0,0,0.096140215,0.597421472,0.693195325703751
ZEGSUB_clean,ZEGSUB_clean,7.31541,3.30833,7.31541,1.20729,0.0,0.0,734.411,608.314,0.4788,0.396591,0.0,1,0.009494537,0.09678236,0.09189468899375028
ZEHCAQ_clean,ZEHCAQ_clean,4.19888,2.71451,4.1726,2.02103,0.0,0.0,626.454,309.968,0.5382,0.2663,0.0,1,0.055172582,0.462346626,0.4689664303062505
ZELQAK_clean,ZELQAK_clean,8.24038,5.23853,8.14946,0.765451,2630.89,3437.05,0.0,0.0,0.7374,0.963354,0.0,1,0.043068646,0.416459932,0.42231152791000004
ZERNOB_clean,ZERNOB_clean,4.35265,2.64863,4.35265,1.75217,0.0,0.0,467.23,266.657,0.3994,0.227945,0.0,1,0.012623139,0.116493562,0.11900881795875
ZERQOE_clean,ZERQOE_clean,4.4965,4.02903,4.49472,1.56535,409.981,261.909,0.0,0.0,0.3512,0.224358,0.0,0,0.110421449,0.689195047,0.7098457886387531
ZETLER_clean,ZETLER_clean,7.4185,6.73421,7.4185,1.13583,1090.42,960.022,0.0,0.0,0.5128,0.451477,0.0,1,0.035141307,0.339616764,0.33193314116124795
ZETMOC_clean,ZETMOC_clean,4.70961,3.19935,4.70961,2.1826,0.0,0.0,775.941,355.513,0.5166,0.236691,0.0,1,0.016445617,0.155752896,0.15768565805249946
ZETQIA_clean,ZETQIA_clean,4.38937,2.70419,4.38937,2.1799,0.0,0.0,135.185,62.0143,0.3692,0.169366,0.0,0,0.002667833,0.027428562,0.02605506214875004
ZEVXAB_clean,ZEVXAB_clean,8.31732,6.45797,8.30908,0.729711,1924.84,2637.82,0.0,0.0,0.6412,0.878704,0.0,0,0.035829506,0.349772524,0.3527068754187491
ZIDDIB_clean,ZIDDIB_clean,4.55863,2.41066,4.54778,1.91164,0.0,0.0,226.991,118.742,0.378,0.197736,0.0,1,0.165191184,0.787645956,1.0097204678262508
ZIDVAL_clean,ZIDVAL_clean,5.32891,3.57912,5.32891,1.33917,571.442,426.715,0.0,0.0,0.4296,0.320796,0.0,1,0.072104435,0.520869938,0.5358463077987523
ZIHFUR01_clean,ZIHFUR01_clean,5.31623,4.89277,5.31045,1.17914,978.608,829.937,0.0,0.0,0.4918,0.417085,0.0,0,0.021487091,0.204790608,0.2047497132975003
ZIJVOF_clean,ZIJVOF_clean,5.29078,3.31943,5.29078,1.22582,1049.42,856.102,0.0,0.0,0.5682,0.463527,0.0,1,0.059482399,0.515918731,0.5219992666312514
ZIKCED_clean,ZIKCED_clean,6.17439,3.39179,6.14677,1.27675,942.085,737.875,0.0,0.0,0.4966,0.388955,0.0,0,0.03738404,0.344363329,0.3371219154962493
ZINDAD_clean,ZINDAD_clean,16.39277,6.7436,16.39277,0.781296,1939.71,2482.68,0.0538053,0.0688667,0.7302,0.934601,0.0,1,0.044676431,0.421078962,0.41845181432875284
ZITRUP_clean,ZITRUP_clean,6.53672,5.01398,6.53672,0.717884,2623.55,3654.57,0.0,0.0,0.7268,1.01242,0.0,0,0.024780614,0.246908651,0.24726737469124982
ZIWLUO_clean,ZIWLUO_clean,7.47107,4.53903,7.43631,1.09467,1585.65,1448.51,0.0,0.0,0.5836,0.533128,0.0,1,0.047517608,0.438173384,0.44671567372999954
ZIYQAB_clean,ZIYQAB_clean,4.81934,3.2861,4.80982,1.34833,0.0,0.0,942.654,699.128,0.5366,0.397974,0.0,1,0.028720863,0.266857987,0.26604558079625085
ZOFZIF_clean,ZOFZIF_clean,8.07986,5.82761,8.06722,0.702361,2633.85,3750.0,0.0,0.0,0.7174,1.02141,0.0,1,0.035286199,0.356459709,0.34687505588999845
ZOMPAU01_clean,ZOMPAU01_clean,3.35598,2.54191,3.35598,2.00083,0.0,0.0,0.953907,0.476756,0.4934,0.246598,0.0,1,0.002918607,0.029654784,0.028000592033750046
ZONBAH_clean,ZONBAH_clean,3.78181,3.08,3.75897,1.74272,0.0,0.0,98.3253,56.4206,0.4288,0.246052,0.0,0,0.003575385,0.035542706,0.03596028221500004
ZOXFEZ_clean,ZOXFEZ_clean,6.93984,4.03954,6.93984,0.864343,2031.03,2349.79,0.0,0.0,0.6366,0.736513,0.0,0,0.066554988,0.644697111,0.619204055953749
ZOXGOK_clean,ZOXGOK_clean,6.81689,4.16129,6.80143,1.34232,1279.03,952.844,0.0,0.0,0.53,0.394837,0.0,1,0.018282324,0.174428908,0.1758005048524997
ZOYKEF_clean,ZOYKEF_clean,5.38578,3.28005,5.38076,1.30329,0.0,0.0,1195.09,916.984,0.4998,0.383492,0.0,1,0.04291197,0.397663002,0.38273646870124806
ZOZPUB_clean,ZOZPUB_clean,7.7256,6.01065,7.70911,1.03826,1572.11,1514.17,0.0,0.0,0.597,0.574999,0.0,1,0.019152825,0.185231997,0.19014409132500026
ZUDQEW_clean,ZUDQEW_clean,6.3794,3.06561,6.3794,1.53218,0.0,0.0,1139.02,743.396,0.529,0.34526,0.0,1,0.020011091,0.190373929,0.19443065766874923
ZUDXAZ_clean,ZUDXAZ_clean,4.0542,3.70372,4.05121,1.83709,560.464,305.082,53.3835,29.0587,0.4362,0.237441,0.0,1,0.03677459,0.320370068,0.33317083955499965
ZUHSEC_clean,ZUHSEC_clean,3.80907,3.35382,3.80907,2.31857,171.964,74.1679,0.0,0.0,0.35,0.150955,0.0,1,0.007465829,0.070280978,0.07259231011874992
ZUKNAW_clean,ZUKNAW_clean,11.21967,10.68501,10.9966,0.962771,2472.04,2567.63,0.0,0.0,0.7894,0.819925,0.0,1,0.010174508,0.100467674,0.10139683250875006
ZUMNAY_clean,ZUMNAY_clean,3.7217,2.73118,3.7217,2.00295,0.0,0.0,136.592,68.1954,0.4202,0.209791,0.0,1,0.015995696,0.151401005,0.14853678669249998
ZURLAB_clean,ZURLAB_clean,4.89339,2.7707,4.89144,1.5825,0.0,0.0,414.696,262.051,0.4282,0.270584,0.0,0,0.016601326,0.149271954,0.1562930778474993
