filename,LCD,PLD,LFPD,cm3_g,ASA_m2_cm3,ASA_m2_g,NASA_m2_cm3,NASA_m2_g,AV_VF,AV_cm3_g,NAV_cm3_g,Has_OMS,Input,y_true,y_pred
1499489-acs.cgd.6b01265_1499490_clean,10.85017,3.77263,10.26663,0.884188,1701.53,1924.4,0.0,0.0,0.6458,0.730388,0.0,0,0.011670873,3.8107426,3.151660005786648
ACODAZ_clean,23.29182,13.11646,23.29182,0.343144,1530.83,4461.21,0.0,0.0,0.8618,2.51148,0.0,1,0.004872739,2.36743723,2.242961505408776
acs.chemmater.5b03723_cm5b03723_si_005_clean,14.22819,7.4356,14.22819,0.645145,2122.45,3289.88,0.0,0.0,0.7418,1.14982,0.0,1,0.009041144,3.001301838,2.9768196988117706
AQOTIK_clean,6.7817,3.86887,6.78051,1.47348,1288.35,874.359,0.0,0.0,0.5612,0.380867,0.0,1,0.009062465,2.754584714,2.3379465339123193
ASEKAM_clean,5.99031,5.00967,5.99031,1.72662,1403.65,812.946,0.0,0.0,0.5696,0.329892,0.0,1,0.006758317,1.919721368,2.0491228959882575
ASIVEF_clean,11.85007,7.21214,11.45277,0.623261,2219.01,3560.32,0.0,0.0,0.7618,1.22228,0.0,1,0.004489686,2.116727717,2.0559515398927664
ATEZIK_clean,10.39835,7.60488,10.39835,0.744295,2329.14,3129.33,0.0,0.0,0.7298,0.980525,0.0,1,0.005673858,2.527951591,2.4223319167040445
BABREE_clean,12.92538,6.29785,12.92538,0.898119,2356.63,2623.96,0.0,0.0,0.6828,0.760255,0.0,1,0.006168295,2.363891296,2.383350760588894
BERQIA_clean,6.73458,3.84255,6.69761,1.14732,1673.47,1458.59,0.0,0.0,0.5966,0.519995,0.0,1,0.018860173,3.409699844,4.306391631933249
BETDOV_clean,6.15975,4.21588,6.15598,1.35335,1572.21,1161.72,0.0,0.0,0.5314,0.392656,0.0,1,0.007237235,1.991433875,2.271472665284039
BEXVIL_clean,8.76522,6.70231,8.74887,0.885188,2434.41,2750.17,0.0,0.0,0.7548,0.8527,0.0,1,0.004231682,1.997918797,1.8991416454860897
BIJFAD_clean,8.3585,6.26342,8.18439,0.855984,1774.61,2073.18,0.0,0.0,0.6172,0.721042,0.0,1,0.005216181,1.99332116,2.1618919856708834
c5dt05023e_c5dt05023e2_clean,6.45831,4.45817,6.45831,1.05764,1467.29,1387.32,0.0,0.0,0.552,0.521916,0.0,1,0.014480589,2.742564717,3.31340800618997
c6cc03787a_c6cc03787a2_clean,13.49945,6.3228,13.49945,0.687385,2187.23,3181.96,0.0,0.0,0.746,1.08527,0.000290958,0,0.005668771,2.365920795,2.3385471623885286
CACNOM_clean,5.51942,4.46179,5.51261,1.46727,1607.54,1095.6,0.0,0.0,0.5204,0.354673,0.0,0,0.011004555,3.089318165,2.7794501221293535
CASWIE_clean,9.90767,8.8856,9.90767,1.25703,2053.39,1633.52,0.0,0.0,0.7078,0.563072,0.0,0,0.014981403,3.27147359,3.7158721749365275
CAYQUQ_clean,11.37885,6.17998,10.24831,0.783377,2242.23,2862.26,0.0,0.0,0.6804,0.868548,0.0,1,0.006756247,2.664138671,2.7336936978226003
CEKNIQ_clean,19.34511,12.33787,19.24026,0.450433,1674.23,3716.94,0.0,0.0,0.8472,1.88086,0.0,1,0.004261298,1.941797296,1.9755562511490656
cg501141m_si_003_clean,6.52889,4.75513,5.51076,1.08983,1352.45,1240.98,192.247,176.402,0.5792,0.531461,0.0,1,0.012622953,3.130333279,2.4402293147700433
CIQQIE_clean,6.69548,4.06015,6.67985,1.03219,1589.58,1540.01,0.0,0.0,0.5732,0.555324,0.0,1,0.012198031,3.48404281,3.5184232015882357
cm071462f-file004_clean,6.42322,5.39187,6.42322,1.55223,1810.57,1166.43,0.0,0.0,0.6266,0.403676,0.0,0,0.008394349,2.501127503,2.4229859326461125
CUQRUD_clean,5.86918,4.59668,5.81577,0.986332,2188.93,2219.27,0.0,0.0,0.6352,0.644002,0.0,1,0.011472023,3.733942826,3.7913825786948694
CUSXIY_clean,15.40731,13.34223,14.58073,0.291845,1568.49,5374.4,0.0,0.0,0.8896,3.04819,0.0,0,0.003769137,1.826384905,1.8216790525768487
CUXFUX_clean,5.75656,5.11113,5.75656,1.3231,1207.8,912.854,37.5492,28.3797,0.5462,0.412818,0.0,0,0.015286892,4.10754173,2.9394305568798273
DANZOJ_neutral,11.30814,4.84088,11.28951,0.953196,1460.99,1532.73,328.938,345.089,0.656,0.688211,0.0,0,0.007244895,2.106111731,2.3076050008631235
DAZCAK_clean,13.11846,6.60097,13.10556,1.02457,1662.31,1622.44,0.0,0.0,0.6408,0.625431,0.0,1,0.009703778,3.068016667,2.7971794072901646
DITPED_clean,7.50583,5.90159,7.4889,1.29378,1287.83,995.397,0.0,0.0,0.555,0.428975,0.0,1,0.006783891,2.000769243,2.131220551578829
DIWMUT_clean,7.56491,5.96452,7.55979,0.838759,2075.47,2474.46,0.0,0.0,0.641,0.764225,0.0,1,0.011343142,3.758980999,3.5282804718847016
DOFTID_clean,8.70669,6.70952,8.70669,0.91345,2575.78,2819.83,0.0,0.0,0.7676,0.84033,0.0,1,0.005538145,2.124263575,2.378886619348406
DOJXOR_clean,7.78532,7.29613,7.78532,1.02283,1574.02,1538.88,0.0,0.0,0.5858,0.572722,0.0,1,0.007864744,2.977904157,2.8312629374272507
DUQRUD_clean,5.84696,3.93964,5.84696,1.3492,787.842,583.933,0.0,0.0,0.45,0.333531,0.0,0,0.002956457,0.951076704,0.9526209539837055
DUSHIK_clean,14.6863,6.85074,14.6863,0.965487,1544.65,1599.87,302.186,312.988,0.665,0.688771,0.0,1,0.012057355,3.71430197,3.171393001821647
DUZKAM_clean,21.49045,20.91759,21.49045,0.763691,1446.12,1893.59,0.0,0.0,0.7166,0.938337,0.0,1,0.002677109,1.125892931,1.1574088034233592
EDUSOL_clean,12.82141,3.84026,12.82141,2.18826,1494.62,683.017,0.0,0.0,0.5914,0.270261,0.0,0,0.012525719,2.564314369,2.3625861349203676
EDUVAA_clean,11.12176,8.60837,11.10384,0.690728,2384.44,3452.06,0.0,0.0,0.7446,1.07799,0.0,0,0.007970608,2.733771187,3.024385969863146
EDUVEE_clean,12.39923,7.07299,12.39923,0.815139,2115.12,2594.8,0.0,0.0,0.691,0.847708,0.0,1,0.011680069,2.965536293,3.091654797103372
EDUWAB_clean,25.32442,15.73034,25.32073,0.347361,1224.7,3525.73,0.0,0.0,0.9,2.59097,0.0,0,0.004355735,2.043417708,1.9971422301892885
EQOCOC01_clean,9.01895,5.30438,9.01895,0.963226,2097.19,2177.26,0.0,0.0,0.6844,0.710529,0.0,0,0.009160866,3.258919311,3.349076962762829
EZIMEG_clean,9.90798,4.0416,9.90798,1.07192,1279.0,1193.19,493.885,460.749,0.5998,0.559557,0.0,1,0.019083638,4.793301945,4.453409691381674
EZOFUV_clean,8.33031,6.08017,8.32272,1.02014,2081.17,2040.08,0.0,0.0,0.6416,0.628934,0.0,0,0.006741847,3.011883317,2.553195340868568
FAYLIC_clean,6.73446,3.80347,6.73446,1.51633,1348.21,889.13,0.0,0.0,0.5788,0.381711,0.0,1,0.011796915,3.152659566,2.5772707805760966
FIDMIP_clean,5.76709,4.43786,5.76709,2.12603,1177.09,553.657,0.0,0.0,0.5436,0.255688,0.0,1,0.003471734,1.093463151,1.1079666564317037
FIJFOU_clean,6.85299,4.5996,6.84418,1.41253,1137.63,805.384,0.0,0.0,0.4974,0.352134,0.0,1,0.005842748,1.711771706,1.740680644559014
FOFHEO_clean,6.41067,5.52308,6.4074,2.22496,990.681,445.257,0.0,0.0,0.446,0.200453,0.0,0,0.013087263,2.223911463,1.8639638185676237
FORWAL_clean,6.09772,3.45398,5.95541,1.14086,1067.63,935.814,0.0,0.0,0.5034,0.441246,0.0,1,0.00658715,2.200029039,1.9594828752863038
FORXAM_clean,18.92754,6.8057,18.91027,0.795308,2161.02,2717.21,0.0,0.0,0.7312,0.919393,0.0,1,0.013046114,4.045282461,3.554458330268668
FUHJOJ_clean,6.00539,3.60827,6.00353,1.22184,1103.63,903.253,0.0,0.0,0.4852,0.397107,0.0,0,0.006535628,2.014921716,1.875006372769272
FUVDEH01_clean,7.23867,5.86079,7.23867,1.59448,533.217,334.414,0.0,0.0,0.397,0.248984,0.0,0,0.004047977,1.272729714,1.2144491076771367
FUVDEH10_clean,7.04062,5.87984,7.04062,1.60692,511.167,318.104,0.0,0.0,0.3892,0.242203,0.0,0,0.003688685,1.213883849,1.1456909691655208
FUWQIZ_clean,11.3491,4.56532,11.34892,0.820083,2318.22,2826.81,0.0,0.0,0.6918,0.843573,0.0,1,0.009322375,3.092819439,3.0868038776336455
GAHSEQ_clean,9.12806,8.89551,9.12806,1.04861,1169.01,1114.83,0.0,0.0,0.5662,0.539955,0.0,1,0.001777568,0.796061241,0.8216517302806968
GANBAZ02_clean,5.94516,4.40671,5.62899,1.06833,1884.21,1763.7,0.0,0.0,0.666,0.623402,0.0,0,0.015015001,4.939440701,4.048497024196684
GATQIE_clean,8.12277,6.57853,7.8081,0.814422,2692.15,3305.6,0.0,0.0,0.7176,0.881116,0.000491146,1,0.005541324,2.340763643,2.3547006216672517
GATQOK_clean,8.0398,4.43833,8.0398,1.04873,1982.28,1890.18,0.0,0.0,0.641,0.611218,0.000572123,1,0.00822468,2.962590681,2.8035789871975982
GOBTAT_clean,7.10593,5.74189,7.09799,0.916339,2102.05,2293.96,0.0,0.0,0.6472,0.706289,0.0,0,0.008435138,3.330254969,3.2436373031515893
GOQWOY_clean,8.51298,6.88549,8.50318,0.782047,2084.03,2664.84,0.0,0.0,0.7176,0.917592,0.0,0,0.004786229,2.121972252,2.121960858820953
GUPCEA_clean,20.25729,7.86931,20.25729,1.05452,1329.67,1260.93,0.0,0.0,0.6494,0.615828,0.0,0,0.005915882,1.914183345,1.9435068020055388
HABRUZ_clean,5.62999,4.2146,5.61662,1.21831,1657.43,1360.44,0.0,0.0,0.5722,0.469669,0.0,1,0.008985431,2.404320414,2.8267301133772804
HICGEG_clean,7.22417,4.98345,7.22345,1.05866,1756.83,1659.47,0.0,0.0,0.6354,0.60019,0.0,0,0.006595076,2.250303405,2.4143692885743278
HOJJUN_clean,10.20501,4.32102,10.20501,1.07008,1864.88,1742.75,0.0,0.0,0.6276,0.586499,0.0,0,0.016691408,2.933575512,4.276415836718935
HOVGEG_clean,5.72288,5.00575,5.71258,1.7362,623.828,359.307,0.0,0.0,0.4442,0.255846,0.0,1,0.006772622,1.175569996,1.3234471992735397
HUVNAP_clean,8.75886,7.98277,8.75886,1.18409,1179.49,996.114,8.956,7.56363,0.5472,0.462128,0.0,1,0.002906919,1.273593066,1.192933418889354
HUXHUF_clean,6.21028,4.81184,6.21028,1.07666,1642.42,1525.48,0.0,0.0,0.5898,0.547807,0.0,0,0.006075168,2.148867854,2.164442785660441
IBURAZ_clean,4.88805,3.48372,4.75798,1.89312,918.977,485.428,0.0,0.0,0.536,0.28313,0.0,0,0.027021021,3.177626025,2.862546099517874
ICAREL_clean,16.21859,9.18486,11.94903,0.616739,2046.86,3318.84,0.0,0.0,0.7336,1.18948,0.0,1,0.00514856,2.297558941,2.239789652036602
IDUYOX_clean,9.73996,8.61519,9.73996,0.935578,2195.16,2346.31,0.0,0.0,0.7078,0.756538,0.0,1,0.005813575,2.35115357,2.2941309364127913
IFEPUG01_clean,6.97552,6.67002,6.97552,1.81968,554.5,304.724,0.0,0.0,0.3222,0.177064,0.0,1,0.003125019,1.145776204,1.0481888948451414
IFEQER_clean,7.19047,6.08402,7.19047,1.57527,553.109,351.12,0.0,0.0,0.394,0.250116,0.0,0,0.003320979,1.187452152,1.1411454451312975
IJENIV_clean,10.00359,4.25651,10.00359,1.99634,628.149,314.65,0.0,0.0,0.4272,0.213991,0.0,1,0.003742718,0.810394099,0.9519498888042034
IMULEH_clean,8.24491,4.53271,8.24491,0.809297,1780.75,2200.36,0.0,0.0,0.6282,0.776229,0.0,0,0.004838688,2.04612526,2.1392049255363417
IVEKEA_clean,22.61279,7.45433,22.60405,0.58506,2033.02,3474.88,0.0,0.0,0.8178,1.3978,0.0,1,0.006201126,2.664279621,2.6757871718127566
IYITOB_clean,9.11454,7.50033,9.11454,1.16801,1732.8,1483.56,0.0,0.0,0.654,0.559929,0.0,0,0.002480546,1.116780831,1.113790381154895
IZIHIK_clean,7.14331,5.40483,7.14331,1.44939,1285.98,887.257,42.2152,29.1262,0.5348,0.368983,0.0,1,0.004661323,1.65254404,1.4912637587036524
ja101440z_si_001_clean,5.9006,5.23774,5.9006,1.30709,1576.97,1206.47,0.0,0.0,0.571,0.436847,0.0,1,0.009848488,2.770913371,2.9463014814554342
ja4015666_si_005_clean,10.07782,8.97289,10.07782,0.723441,2224.38,3074.72,0.0,0.0,0.7496,1.03616,0.0,0,0.004595618,2.04605209,2.091817006003809
ja507119n_si_002_clean,15.60995,11.91932,15.59956,1.42878,1384.15,968.765,14.3512,10.0444,0.6548,0.458293,0.000139979,0,0.011100845,1.380008434,2.6543060639019678
jacs.6b02030_ja6b02030_si_004_clean,6.78187,4.96364,6.78187,1.83949,1314.77,714.746,0.0,0.0,0.5076,0.275946,0.0,1,0.003264169,1.36125574,1.209882688803565
jacs.6b04608_ja6b04608_si_002_clean,18.84439,11.02909,18.84439,0.389439,1879.81,4826.98,0.0,0.0,0.8376,2.15079,0.00051356,0,0.00397983,1.898285544,1.8955440698937376
jacs.6b08724_ja6b08724_si_012_clean,28.6797,24.93616,28.6797,0.353838,1453.6,4108.09,0.0,0.0,0.8748,2.47232,0.0,1,0.003457101,1.84652895,1.6192262019687167
JADBEY_clean,5.1025,4.19518,4.95899,1.35732,1188.64,875.723,0.0,0.0,0.488,0.359531,0.0,0,0.006925528,2.050433938,2.0262394161125443
JALLIU_clean,13.72158,6.77108,13.72158,0.777101,2196.2,2826.14,0.0,0.0,0.7498,0.964868,0.000514734,0,0.002486346,1.199107201,1.2357373601660633
JOQSIT_clean,5.78583,3.79733,5.78464,1.35269,1551.12,1146.69,0.0,0.0,0.5566,0.411475,0.0,1,0.003287444,1.270117664,1.3421846118359515
KACGAZ_clean,9.02802,5.849,9.02802,1.98651,1697.99,854.763,0.0,0.0,0.6242,0.31422,0.0,1,0.00368592,1.382033411,1.3293827570317915
KAVXAI_clean,9.40882,5.41413,9.40882,1.00634,2107.27,2094.0,0.0,0.0,0.6462,0.642132,0.0,0,0.015997474,5.03041539,4.763195700189003
KELJAN_clean,6.72992,4.20356,6.59748,1.50078,1661.97,1107.4,0.0,0.0,0.603,0.401791,0.0,1,0.00419812,1.663971716,1.6077103562196715
KEWJIG_clean,7.66764,4.96521,7.66764,1.12411,2024.36,1800.85,0.0,0.0,0.6074,0.540337,0.0,1,0.012572412,3.811600959,3.402987486355267
KOJZOZ_clean,9.94395,7.51619,9.94395,1.17869,2115.26,1794.59,0.0,0.0,0.694,0.58879,0.0,1,0.002357772,1.043232216,1.0997995204808826
LACYIA_clean,13.94656,10.8971,13.94656,0.785099,1996.38,2542.84,0.0,0.0,0.6776,0.863076,0.0,1,0.008690772,3.455013779,2.746650497622186
LACYOG_clean,9.45292,5.8367,9.45292,1.00526,2164.69,2153.37,0.0,0.0,0.6652,0.661721,0.0,1,0.008903098,3.300709168,2.9898458094426896
LACYUM_clean,8.19722,5.57863,8.19722,1.03476,2021.86,1953.94,156.073,150.83,0.648,0.626232,0.0,1,0.010563169,3.567143579,2.9822902240629765
LAWGUO_clean,7.18198,3.98931,7.17216,1.75912,848.078,482.104,0.0,0.0,0.4794,0.272523,0.0,1,0.002705149,0.874177141,0.9005234446597654
LEJZOQ_clean,5.95247,4.56093,5.95247,1.11072,926.808,834.423,0.0,0.0,0.484,0.435754,0.0,1,0.005239545,1.67520998,1.5568805324501942
LIQTUC_clean,7.1903,6.51436,7.1903,1.03237,1471.99,1425.83,0.0808771,0.0783409,0.5754,0.557356,0.0,1,0.008765733,2.45333482,2.813066904131397
LOFJAT_clean,11.75384,5.77917,10.9055,0.7403,2339.25,3159.86,0.0,0.0,0.728,0.983385,0.0,1,0.011236761,3.201719234,3.6135501199505273
LOXVUR_clean,4.57014,3.4563,4.57014,1.84158,481.399,261.405,0.0,0.0,0.3796,0.206127,0.0,0,0.008207592,1.253686602,1.2907061192942368
LOZSOK_clean,4.88564,3.63855,4.86025,1.66521,574.268,344.863,0.0,0.0,0.4628,0.277923,0.0,1,0.01428984,1.940182841,1.9129309820115281
LUWMUN_clean,10.57457,7.88389,10.57457,0.724012,2075.47,2866.63,0.0,0.0,0.7454,1.02954,0.0,1,0.004564417,2.071502614,2.032688558539248
MAVRAE_clean,14.86498,11.27751,14.86293,0.610418,2066.56,3385.48,11.8472,19.4083,0.781,1.27945,0.0,1,0.005289352,2.167533169,2.231629199448865
MIZPUI_clean,11.48015,5.54799,11.48015,0.751265,2238.05,2979.04,0.0,0.0,0.6966,0.927235,0.0,1,0.01001929,2.7876786,3.465958545479927
MOXBOS_clean,8.77455,8.32709,8.77455,1.39055,1211.67,871.361,0.0,0.0,0.542,0.389775,0.0,1,0.001788193,0.786641485,0.7849295480200804
MOYTUR_clean,9.16292,7.2723,9.16292,1.43509,1044.0,727.482,0.0,0.0,0.5076,0.353707,0.0,1,0.005168647,1.812879382,1.6957806494575622
MUTCEL_clean,5.85951,3.93163,5.85747,0.998165,1648.55,1651.58,0.0,0.0,0.5924,0.593489,0.0,1,0.006661783,2.371056092,2.410491330155253
NAYHAY_clean,9.43032,7.54222,9.43032,1.04574,1938.97,1854.15,0.0,0.0,0.6636,0.634572,0.0,1,0.002737891,1.278064239,1.230876906641639
NENHEU_clean,9.96925,9.18698,9.96925,1.10683,1750.22,1581.3,0.0,0.0,0.6956,0.628464,0.0,1,0.018304544,5.194581165,4.400205047868557
NIKHAS_clean,5.15286,4.051,5.1389,1.29378,835.081,645.456,0.0,0.0,0.4744,0.366676,0.0,0,0.009352375,2.075146038,2.0276666318008507
NIMQAC_clean,4.88726,4.1244,4.87966,1.793,775.011,432.243,0.0,0.0,0.4462,0.248857,0.0,1,0.015276454,2.173603344,2.00768787801773
NOHQEI_clean,10.43188,7.39379,10.43163,0.730087,2047.09,2803.9,0.0,0.0,0.7394,1.01276,0.0,0,0.006698039,2.981830986,2.6004296504250655
NUDLAB_clean,6.59183,6.26977,6.57302,1.22444,1079.67,881.768,0.0,0.0,0.531,0.433667,0.0,1,0.004467578,1.60750651,1.5515852145421565
NUMPAO_clean,7.21762,6.75917,7.21266,0.764555,2351.84,3076.09,0.0,0.0,0.7014,0.917396,0.0,1,0.004142087,1.871784867,1.9416877468546185
OCIMEV_clean,6.59899,4.30563,6.58855,1.02176,1307.66,1279.81,0.0,0.0,0.5182,0.507164,0.0,0,0.010091902,2.525530402,2.625311641944127
OCINAS_clean,7.37544,5.53142,7.37544,1.04306,1267.84,1215.49,0.0,0.0,0.5388,0.516555,0.0,0,0.014482316,2.343764988,3.0704377736446493
OCUMUX_clean,5.1192,3.7079,5.1192,1.29581,1317.84,1017.0,0.689155,0.531833,0.5164,0.398515,0.0,1,0.004566663,1.666320825,1.7005026127913376
OJOSEN_clean,11.61043,10.79035,11.61043,0.843395,2130.49,2526.09,0.0,0.0,0.7798,0.924597,0.0,1,0.021480348,5.057655987,4.094029469075578
ONEYIQ_clean,21.6608,8.8003,21.6608,0.662891,1404.88,2119.33,139.38,210.261,0.7188,1.08434,0.0,1,0.00320963,1.393374197,1.4673039067248825
ONUJUE_clean,9.03257,8.2459,9.03257,1.20375,1198.02,995.242,19.6744,16.3443,0.5232,0.434643,0.0,1,0.009197911,2.889923161,2.314964178669476
OQUFAJ03_clean,11.0199,9.96279,11.0199,1.02397,2131.01,2081.12,2.80083,2.73525,0.6704,0.654704,0.000390635,1,0.004001647,1.716730445,1.692774886861701
OSOTIB_clean,11.1654,5.76413,11.16529,0.768695,2412.13,3137.96,0.0,0.0,0.7286,0.947841,0.0,1,0.008294002,3.142095964,2.971300637376353
OTOZAA_clean,6.85219,5.8161,6.82993,0.945875,2241.09,2369.33,0.0,0.0,0.6656,0.703687,0.0,0,0.020764801,4.608918385,5.358749683179544
OVEDAW_clean,14.39297,11.63509,13.75062,0.650011,1976.09,3040.09,0.0,0.0,0.8048,1.23813,0.0,1,0.002849033,1.393883204,1.3539390977813714
PACHUZ_clean,6.79007,4.6859,6.79007,1.67751,614.316,366.207,0.0,0.0,0.439,0.261697,0.0,1,0.002011778,0.681727359,0.6887560059409128
PAQTOS_clean,5.12845,3.67184,5.12666,1.49187,656.885,440.311,0.0,0.0,0.4242,0.284342,0.0,1,0.008642445,1.400387994,1.4832339704444055
PEJMUO_clean,13.35641,7.95242,13.35641,1.19591,2105.7,1760.75,0.0,0.0,0.7508,0.627806,0.0,1,0.00266652,1.329186871,1.1587328700613753
PEKDEQ_clean,6.37859,4.93188,6.37859,0.860942,2189.0,2542.56,0.0,0.0,0.6426,0.746392,0.0,1,0.006381718,2.708219752,2.572961484187569
PENNIH_clean,6.3502,4.1996,4.94284,1.08381,1502.1,1385.95,0.0,0.0,0.547,0.504702,0.0,0,0.006411774,2.151730277,2.122102255128609
PILJAX_clean,6.83681,4.60726,6.73853,1.38338,998.206,721.569,0.0,0.0,0.4758,0.34394,0.0,1,0.00378577,1.372236943,1.2572803088780262
PUMGIP_clean,5.7453,3.83462,5.73601,1.16695,456.507,391.195,576.227,493.787,0.5048,0.432579,0.0,1,0.010057561,2.240557834,2.438499381406122
PUPJER_clean,11.34986,4.2884,11.34946,1.04067,2155.08,2070.86,0.0,0.0,0.678,0.651506,0.0,1,0.012256771,3.544977926,3.1572705421473253
PUWCIT_clean,9.4503,8.03208,9.44131,0.783125,2001.73,2556.08,0.0,0.0,0.6954,0.88798,0.0,1,0.004411751,1.988515723,1.9629494097997133
QARLUT_clean,9.16779,5.97884,9.11657,1.43869,1699.45,1181.25,0.0,0.0,0.6184,0.429835,0.0,1,0.003591341,1.44950594,1.4158942970503048
QARMAA_clean,9.15444,5.92309,9.15444,1.72576,1678.31,972.505,0.0,0.0,0.6136,0.355553,0.0,1,0.002893244,1.139754674,1.1603315941558043
QITHEG_clean,10.46553,8.48033,10.45832,2.62244,1360.27,518.702,0.830001,0.316499,0.623,0.237565,0.0,1,0.015798177,1.655909659,2.7822293804318843
QUJWEZ_clean,5.27878,4.2771,5.21408,1.80309,2172.0,1204.59,0.0,0.0,0.6078,0.337087,0.0,1,0.02195092,4.130144804,4.12557990533876
QUQQOJ_clean,4.48385,3.90246,4.48385,1.73709,680.126,391.531,0.0,0.0,0.355,0.204365,0.0,0,0.010546528,1.655375293,1.6600837544432692
REHHIX_clean,9.35675,7.76923,9.35675,1.01818,2023.43,1987.3,0.0,0.0,0.682,0.669824,0.0,1,0.006229932,2.123588735,2.3225301882541687
REHHUJ_clean,8.23485,7.33998,8.22968,1.08218,2034.99,1880.45,0.0,0.0,0.6656,0.615052,0.0,1,0.008033087,2.382435765,2.8259503088671174
REKZIR_clean,4.70593,3.52651,4.70593,1.57273,262.668,167.014,0.0,0.0,0.3982,0.25319,0.0,0,0.001698167,0.445032385,0.4815040752688772
RETVIW_clean,4.7226,4.53264,4.7226,2.05578,528.256,256.961,0.0,0.0,0.3428,0.166749,0.0,0,0.006723526,1.0525225,1.2475949813313252
REXCEE_clean,8.85943,5.8482,8.85943,1.43313,1724.93,1203.62,0.0,0.0,0.6248,0.43597,0.0,0,0.004187226,1.653693411,1.6854623542753466
RITGEI_clean,7.34363,6.78558,7.34363,2.03979,1347.27,660.495,0.0,0.0,0.5606,0.274833,0.0,1,0.001227526,0.535928549,0.6033935673038777
RORTOJ_clean,6.66057,4.41092,6.52091,0.981543,2083.85,2123.04,0.0,0.0,0.6188,0.630436,0.0,1,0.005501305,2.203272451,2.247785750743208
RORTUP_clean,6.59655,4.47032,5.86846,1.00477,2073.35,2063.5,0.0,0.0,0.6322,0.629197,0.0,1,0.00617012,2.467281444,2.4089605559062126
RUBTAK08_clean,8.7506,3.87613,8.7506,1.62628,1652.91,1016.38,0.0,0.0,0.5644,0.347051,0.00012298,0,0.013028519,3.00590677,2.9807388858190755
RUFPUF_clean,20.40507,9.35997,20.29085,0.359492,1749.6,4866.88,0.0,0.0,0.8282,2.30381,0.0,1,0.003561088,1.721553378,1.6863009314981796
RUKHAI_clean,10.70068,6.53435,10.70068,0.843497,2555.98,3030.22,0.0,0.0,0.7072,0.838415,0.0,1,0.006708763,2.733439365,2.5933454460805376
SABFUX_clean,6.52911,4.84223,6.42802,0.711336,2529.9,3556.55,0.0,0.0,0.724,1.0178,0.0,0,0.003336106,1.603096596,1.6007003661897
SAMXUC_clean,6.3742,4.86898,6.3742,2.004,589.067,293.946,0.0,0.0,0.4238,0.211477,0.0,0,0.003511206,0.810214405,0.906171162715137
SAMYEN_clean,6.31967,4.81898,6.31967,2.05928,578.696,281.019,0.0,0.0,0.417,0.202498,0.0,0,0.003457456,0.746340952,0.849673245802971
SAPHOI_clean,7.22635,3.6325,7.22635,1.12288,1450.11,1291.42,116.271,103.547,0.6152,0.547876,0.0,1,0.015661411,3.393452061,3.3588603286088246
SEHNEZ_clean,5.25288,3.93402,5.25288,1.60089,1259.27,786.607,0.906546,0.566275,0.553,0.345433,0.0,1,0.001419472,0.621792208,0.644147449102709
SESLUZ_clean,5.3028,4.79056,5.23858,2.17471,1211.49,557.081,0.0,0.0,0.5374,0.247113,0.0,1,0.007659168,1.810012254,1.7547696056570543
SIVGAH_clean,5.64759,3.74556,5.63124,1.14128,1695.81,1485.89,0.0,0.0,0.6038,0.529056,0.0,0,0.009887044,3.229752967,3.1193405292174523
SUNLAP_clean,15.71173,14.36824,15.70209,0.304225,1659.94,5456.29,0.0,0.0,0.8758,2.87879,0.0,1,0.004678553,2.195154526,2.1800920207730976
TILWEQ_clean,6.50092,5.08477,6.48929,1.07548,2661.96,2475.15,0.0,0.0,0.732,0.680628,0.0,1,0.001734079,0.817984594,0.7929987043897669
TOFLIL_clean,6.43035,3.58774,6.40263,1.17796,1255.08,1065.47,0.0,0.0,0.5356,0.454684,0.0,1,0.007031967,2.320223638,2.1822113084044474
TOKLIQ_clean,5.64394,4.10563,5.64394,1.54661,1056.48,683.092,202.279,130.789,0.5414,0.350055,0.0,1,0.007304094,1.913076753,2.001158373959146
UCAJUF_clean,14.57882,8.27004,14.57002,0.828014,1665.84,2011.86,0.0,0.0,0.6674,0.806025,0.0,1,0.004522083,1.822852315,1.8298793585535553
UDAWUU_clean,8.53116,5.01319,8.49212,1.36238,1877.05,1377.77,0.0,0.0,0.6418,0.471089,0.0,1,0.002627303,1.124286219,1.1302916424674798
UDIQII_clean,5.3997,3.7276,5.38981,1.60552,1283.87,799.661,0.0,0.0,0.5344,0.332851,0.0,1,0.003398043,1.180846948,1.2780552723710548
ULOJUC01_clean,8.43303,5.90044,8.43303,1.86665,1700.1,910.775,0.0,0.0,0.62,0.332146,0.0,1,0.003541088,1.29241107,1.3389500619934702
ULOKUD_clean,8.99985,5.9392,8.99985,1.59852,1738.06,1087.3,0.0,0.0,0.6478,0.40525,0.0,0,0.002769961,1.140523527,1.1824512840681656
UMEKAA_clean,7.47808,5.74079,7.45471,0.904552,2404.59,2658.32,0.0,0.0,0.691,0.763914,0.0,0,0.008080029,3.20117929,3.2637415836985517
UMIZIB_clean,6.17523,5.02799,6.17017,1.45638,1635.51,1123.0,0.0,0.0,0.5482,0.376414,0.0,1,0.005601425,1.876985264,1.910494670560768
UMOYOM01_clean,8.8085,5.25892,8.77749,0.621878,2962.67,4764.07,0.0,0.0,0.7408,1.19123,0.0,1,0.006176793,2.835112218,2.738819726978847
UMOYOM14_clean,7.70148,5.09259,6.16713,0.70962,2883.03,4062.77,0.0,0.0,0.6922,0.975452,0.0,1,0.00806606,3.448467206,3.4275331539555345
UNABOB_clean,8.55635,7.67109,8.55635,1.32288,1496.81,1131.48,0.0,0.0,0.604,0.45658,0.0,1,0.002690113,1.225627212,1.1892536365765114
UZIZOU_clean,6.4384,3.86623,6.37186,1.38228,1474.71,1066.87,0.0,0.0,0.5338,0.386174,0.0,1,0.013336011,3.024750635,3.0280120755954916
UZOBES_clean,6.46877,3.94639,6.41724,1.36015,1483.33,1090.57,0.0,0.0,0.5374,0.395104,0.0,1,0.012552032,2.999721022,2.907894515512866
VAJTEH_clean,4.91266,3.88473,4.86323,1.37089,793.53,578.842,0.0,0.0,0.4266,0.311184,0.0,1,0.00629927,1.53229783,1.4997642292938067
VAKLIF_clean,8.6135,7.01422,8.60784,0.699177,2542.49,3636.41,0.0,0.0,0.7356,1.05209,0.0,0,0.006283658,2.68175974,2.692213373854515
VAKPUV_clean,8.42025,5.07912,7.45236,1.93014,1149.16,595.375,0.0,0.0,0.5226,0.270757,0.0,0,0.003083273,1.007416669,1.0060597061236223
VECVUW_clean,13.25433,10.77774,13.25433,1.80334,770.078,427.028,489.233,271.292,0.5684,0.315192,0.0,1,0.00409487,1.074692926,1.5576061203251774
VIGDIY_clean,4.82892,4.12995,4.82892,1.46465,383.946,262.141,174.084,118.857,0.4494,0.30683,0.0,1,0.002474398,0.85081719,0.8823911584253781
VIXPUP_clean,10.93218,6.45029,10.92123,0.719071,2360.22,3282.31,0.0,0.0,0.7418,1.03161,0.0,1,0.005582008,2.197570506,2.3815221842886767
VOQXIK_clean,7.63858,6.07404,7.63858,0.724945,2355.92,3249.79,0.0,0.0,0.6782,0.935519,0.0,1,0.010366513,3.718593249,4.04953087577335
VUHPOF_clean,8.70109,5.79132,8.70109,2.14093,1695.48,791.937,0.0,0.0,0.6248,0.291836,0.0,1,0.004343074,1.450510479,1.4629124471494201
VUHPUL_clean,8.94728,5.6499,8.90286,2.41515,1584.72,656.158,0.0,0.0,0.5904,0.244456,0.0,1,0.005366847,1.443052137,1.5322083849897492
VUJBIM_clean,18.70668,6.62188,18.70668,0.560742,2180.91,3889.33,0.0,0.0,0.7898,1.40849,0.0,1,0.004947557,2.180943186,2.1920926899278403
VURNED02_clean,7.87329,7.03486,7.87329,0.983717,2012.0,2045.3,0.0,0.0,0.6568,0.667672,0.0,0,0.00975048,4.136965034,3.9759070069461524
WANHUR_clean,11.34841,4.3749,11.34841,0.826694,2186.19,2644.5,0.0,0.0,0.6798,0.822311,0.0,1,0.013405824,3.684391321,3.2772504488409195
WANKOO_clean,5.43736,3.9967,5.34183,2.07196,667.58,322.197,0.0,0.0,0.439,0.211877,0.0,1,0.001481563,0.515729309,0.4873061256328244
WEBJIY_clean,16.85961,16.29058,16.85961,0.987245,2036.71,2063.02,0.0,0.0,0.69,0.698915,0.0,1,0.008147655,2.810206771,2.6967118403257406
WEBKAR_clean,6.58265,5.73847,6.58265,0.935373,2650.07,2833.17,0.0,0.0,0.714,0.763331,0.0,1,0.004386227,1.989248836,2.004321242562953
WETPES_clean,11.77316,5.55523,10.53677,0.739178,2326.74,3147.73,0.0,0.0,0.723,0.978114,0.0,1,0.010813218,3.197131747,3.614495679429036
WILGUV_clean,6.22461,4.37106,6.22248,1.2255,851.111,694.5,13.3986,10.9332,0.5122,0.417951,0.0,1,0.00489068,1.52051481,1.5054139344650692
WOLROF_clean,12.0686,6.65136,12.0686,0.914878,2088.61,2282.94,0.0,0.0,0.7304,0.798358,0.000218608,1,0.004165528,1.782743225,1.7174256255428773
WUDZIG_clean,8.72668,5.79378,8.72668,2.05451,1701.57,828.212,0.0,0.0,0.6134,0.298563,0.0,1,0.003882011,1.368164019,1.3693682354149337
WUDZOM_clean,9.28496,5.45388,9.18547,2.06825,1601.94,774.537,0.0,0.0,0.6036,0.291841,0.0,1,0.003779285,1.363215887,1.275548566571374
WUTCET_clean,6.18745,5.18464,6.17096,1.11984,1387.44,1238.96,0.0,0.0,0.5566,0.497034,0.0,0,0.010134576,2.568841654,2.710149653655093
XANMUX01_clean,7.00841,6.87174,7.00841,1.1901,1390.91,1168.73,0.0,0.0,0.6142,0.516091,0.0,0,0.003424019,1.466974738,1.5956529995484479
XANZAQ02_clean,7.78654,7.07621,7.78654,0.976673,1600.7,1638.93,0.0,0.0,0.6466,0.662043,0.0,1,0.003882834,1.774966721,1.7968831283179383
XIVVEF_clean,7.94651,5.43115,7.90631,1.14535,2097.38,1831.21,0.0,0.0,0.648,0.565766,0.0,0,0.022780676,5.867428054,4.435947007224586
XIZJEW_clean,5.72446,3.86989,5.72446,1.71463,866.46,505.333,0.0,0.0,0.4918,0.286825,0.0,1,0.010095022,1.539847597,1.9188970114887587
XONLES_clean,15.50229,14.17026,15.50229,0.301134,1628.27,5407.15,0.0,0.0,0.8756,2.90768,0.0,1,0.004735725,2.230961496,2.2164582967225592
XUDPET_clean,10.18322,6.79896,10.18322,0.665226,2463.75,3703.63,0.0,0.0,0.7644,1.14908,0.0,1,0.00697578,3.046012676,2.7623186943832594
XUFWOL_clean,8.86169,4.66441,8.08173,1.05576,1862.91,1764.52,0.0,0.0,0.6108,0.578541,0.0,1,0.023882878,5.091034744,4.279895186906579
YAFJEX_clean,11.02926,6.06332,11.02908,0.831573,2433.8,2926.74,0.0,0.0,0.7192,0.864866,0.0,1,0.016455371,4.721426569,4.285184476124127
YAHWAI_clean,8.53821,5.48688,8.53821,1.65002,1657.02,1004.24,0.0,0.0,0.6194,0.375389,0.0,1,0.003193155,1.214409741,1.2570025187196792
YARBIE_clean,4.91122,3.52707,4.65913,1.29542,529.055,408.404,0.0,0.0,0.4438,0.342591,0.0,0,0.027056032,2.131503314,2.251895093155704
YATVUN_clean,10.83921,9.14744,10.55157,0.903963,1890.69,2091.55,0.0,0.0,0.6694,0.740517,0.0,0,0.017020285,5.235989028,3.988471522745641
YEFNIG_clean,7.00427,5.66417,7.00427,1.03301,2659.19,2574.21,0.0,0.0,0.7456,0.721774,0.0,0,0.00169657,0.775247197,0.8119001859359234
YIWNUN_clean,6.72761,5.04686,6.72761,1.27847,2081.66,1628.24,0.0,0.0,0.6874,0.537673,0.0,0,0.001534229,0.692277144,0.7227561740263445
YOCNIP_clean,6.24098,4.07873,6.24098,1.73801,306.791,176.518,6.61904,3.8084,0.3778,0.217375,0.0,0,0.008640119,0.988397044,0.7842380069410575
ZEXSOM_clean,10.33904,5.80354,10.2816,1.15853,1627.88,1405.12,5.62491,4.8552,0.626,0.540338,0.0,1,0.007709313,2.400855584,2.3702479951099913
ZIQVAY_clean,8.56153,4.50798,8.56153,2.05613,1364.45,663.603,0.0,0.0,0.4994,0.242884,0.0,1,0.008976443,1.530166322,2.0868701256598836
ZIVCOY_clean,21.35428,13.61239,21.35428,0.516145,2019.82,3913.28,0.0,0.0,0.8142,1.57746,0.0,1,0.005395846,2.349295793,2.3392538493234163
ZOKGAJ_clean,17.39237,16.36156,17.39237,1.58893,759.382,477.921,47.2436,29.733,0.5304,0.33381,0.0,0,0.004012731,0.810214378,0.9017137864492774
ZOQSUV_clean,8.97796,7.21692,8.97057,1.99998,1715.15,857.582,0.0,0.0,0.633,0.316503,0.0,1,0.003398339,1.276693021,1.2838049123821726
ABEXUC_clean,4.74458,4.0168,4.72731,1.84813,905.952,490.198,6.39745,3.46157,0.4864,0.263185,0.0,1,0.003509097,1.093916047,1.117021352009786
ac403674p_si_001_clean,8.50423,8.27985,8.50423,1.12072,1220.76,1089.26,0.0,0.0,0.5906,0.526983,0.0,0,0.001740902,0.826392541,0.8071298561871074
ACAJOF_clean,6.86398,6.10482,6.86398,1.21871,1121.27,920.046,0.0,0.0,0.513,0.420936,0.0,0,0.002654181,1.119335068,1.0705826066523434
ACIBOE_clean,8.25776,7.03071,8.25776,1.10094,2063.01,1873.86,0.0,0.0,0.6554,0.595309,0.0,1,0.006073319,2.508335681,2.391104274064096
ACOGEF_clean,5.20115,3.94888,4.8971,1.25952,1433.77,1138.35,0.0,0.0,0.5544,0.440168,0.0,0,0.009362373,2.527544131,2.6242812071592363
acs.chemmater.6b02817_cm6b02817_si_004_clean,10.39878,5.64581,7.91914,0.897688,1488.72,1658.39,589.747,656.962,0.6776,0.754828,0.0,1,0.006772363,2.839885636,2.853568951462981
acscombsci.5b00188_5024922_clean,20.5205,15.85622,20.5205,0.295002,1403.53,4757.71,0.0,0.0,0.8866,3.00541,0.0,0,0.003238432,1.713702019,1.5865160861716776
acs.inorgchem.6b01569_ic6b01569_si_002_clean,6.29847,5.43889,6.29847,1.11326,868.696,780.315,0.0,0.0,0.5092,0.457394,0.0,1,0.001637188,0.716600099,0.6880066103976514
acs.inorgchem.6b02514_ic6b02514_si_002_clean,6.09101,5.53211,6.09101,1.35156,1494.27,1105.59,0.0,0.0,0.6002,0.44408,0.0,1,0.0021528,0.916306022,0.960073242593781
acs.jpcc.6b08594_UiO66_Ce2Zr4_opt_clean,8.49751,4.07254,8.49751,1.27238,1692.83,1330.45,0.0,0.0,0.6072,0.477217,0.000157186,0,0.005184552,1.644274497,1.9799077082077723
ADARAA_clean,12.29205,5.40077,12.29205,0.881935,2191.85,2485.27,7.83761,8.88684,0.6948,0.787813,0.0,1,0.005717808,2.374435158,2.107409574039621
ADASEF_clean,21.62414,10.92309,17.5655,0.435607,1820.41,4179.02,0.0,0.0,0.8462,1.94258,0.0,1,0.004060845,1.909691826,1.9493441286245277
ADASUV_clean,17.16775,6.7332,17.16775,0.625693,2275.03,3636.01,0.0,0.0,0.7672,1.22616,0.0,1,0.004366878,2.140592587,2.0033707356408774
ADATOQ_clean,10.5421,9.07611,10.5421,0.632077,2324.74,3677.95,0.0,0.0,0.7278,1.15144,0.0,1,0.003881193,1.848559863,1.8150398750246044
ADOGEH_clean,12.71447,5.05258,12.69973,1.01991,1997.13,1958.14,0.0,0.0,0.677,0.663783,0.0,1,0.019317067,3.060997788,4.577045295498908
AFIXAO_clean,6.3306,4.52097,6.32879,1.12223,1320.24,1176.44,0.0,0.0,0.5702,0.508096,0.0,0,0.004210431,1.373535038,1.6268881570396168
AFIXES_clean,6.43864,4.7481,6.42659,1.12574,1304.99,1159.23,0.0,0.0,0.5758,0.511486,0.0,0,0.004249277,1.362951771,1.616430396347106
AFOYAW_clean,5.94533,4.22739,5.94533,0.978122,1810.39,1850.89,0.0,0.0,0.6112,0.624871,0.0,1,0.006093901,2.362288272,2.3730955133946643
AFOYEB_clean,5.92566,5.81418,5.92369,1.68224,585.772,348.21,0.0,0.0,0.4054,0.240988,0.0,0,0.002395213,0.648070292,0.7085745405826157
AFOYOK_clean,7.73482,5.71785,7.72321,0.979448,1633.89,1668.18,0.0,0.0,0.588,0.600338,0.0,0,0.003910892,1.737002342,1.6651896200118061
AFUKET_clean,5.96671,4.7743,5.96671,0.9597,1662.19,1731.99,97.0966,101.174,0.5958,0.620819,0.0,1,0.012232618,2.71993826,3.211766036996838
AGONEQ_clean,6.16099,5.90611,6.12795,1.08253,2263.15,2090.61,0.0,0.0,0.6752,0.623722,0.0,0,0.005058968,2.1568443,1.9401528345864458
AHOKIR_clean,4.49939,3.47861,4.49939,1.88207,939.705,499.294,0.0,0.0,0.4884,0.259502,0.0,1,0.005858756,1.713426754,1.6754322663000107
AKOBAF_clean,4.84557,3.80044,4.84557,1.15061,997.702,867.108,0.0,0.0,0.498,0.432814,0.0,1,0.00783988,2.171509734,2.1880867921074993
AKUKUO_clean,5.04792,4.38484,5.0448,1.30477,1062.64,814.426,0.0,0.0,0.5004,0.383515,0.0,0,0.00756536,1.897694416,2.0544501111948197
ALEJEI_clean,18.06508,7.13825,11.29555,0.600782,2223.57,3701.13,0.0,0.0,0.783,1.3033,0.0,1,0.00503139,2.242442912,2.2191968453285282
ALEJIM_clean,18.20917,7.10984,11.84134,0.592075,2208.62,3730.3,0.0,0.0,0.783,1.32247,0.0,1,0.005342311,2.367529562,2.308045993023737
ALEQIT_clean,5.78407,3.96262,5.7827,1.90553,677.8,355.702,0.0,0.0,0.434,0.227759,0.0,1,0.004354225,1.007444212,1.0364551204538772
ALIXOJ_clean,7.8603,5.01976,7.84665,0.979833,2007.79,2049.12,0.0,0.0,0.6394,0.65256,0.0,1,0.004807087,1.988548251,2.0111979764126797
ALUJOH_clean,6.14197,4.45081,6.02384,1.41539,1356.59,958.46,0.0,0.0,0.5526,0.390423,0.0,1,0.005951735,1.967692317,1.8382219906692032
ALUKUO_clean,8.54799,6.78315,8.52991,0.582411,2894.93,4970.58,0.0,0.0,0.7922,1.36021,0.0,1,0.003935132,1.855039684,1.8831405254911895
ALULAV_clean,8.53005,6.74275,8.5229,0.590909,2900.24,4908.1,0.0,0.0,0.7924,1.34099,0.0,1,0.003814181,1.849081764,1.8224487372047877
ALULEZ_clean,18.75501,13.37911,18.68884,0.425946,1475.35,3463.71,0.0,0.0,0.8336,1.95706,0.0,0,0.002845253,1.358035678,1.387274411806721
AMODUC_clean,8.56321,6.70069,8.56321,0.575734,2862.5,4971.91,0.0,0.0,0.7896,1.37147,0.000694765,1,0.004270789,1.989868372,1.9886913595071531
ANAWIX_clean,5.45667,5.01969,5.45432,1.52823,1486.52,972.705,0.0,0.0,0.5628,0.368269,0.0,1,0.006326687,1.771152324,1.889253814901593
APAZAU_clean,6.57194,4.51844,6.57194,0.970314,2263.88,2333.14,0.0,0.0,0.6264,0.645564,0.0,1,0.008718245,2.985693694,3.3026070849772204
APAZIC_clean,7.1095,4.86225,7.1095,0.893607,2183.36,2443.31,0.0,0.0,0.6554,0.733432,0.0,1,0.007323995,2.757154079,2.8219670010142592
APAZOI_clean,6.38612,4.28228,6.36726,1.14648,2047.77,1786.13,0.0,0.0,0.6026,0.525607,0.0,1,0.008538282,2.651586782,2.8306584663372703
APUPEH_clean,24.7893,14.09199,24.7893,0.298214,1535.12,5147.71,0.0,0.0,0.8874,2.97572,0.0,1,0.00439165,2.086155078,2.1187660052519015
AQEQIW_clean,6.30636,5.13016,6.19765,1.10057,1724.95,1567.33,0.0,0.0,0.6202,0.563526,0.0,0,0.008814612,3.042434405,2.818846650859541
AQIQAU_clean,7.60741,6.30843,7.59214,0.861714,1966.86,2282.5,0.0,0.0,0.658,0.763595,0.0,1,0.004942245,2.239933715,2.136575639132106
AQOMAW_clean,15.65949,6.23259,15.65949,1.14479,1297.32,1133.23,389.885,340.573,0.648,0.566042,0.0,1,0.006108709,2.008035333,2.072509425159198
AQUCUM_clean,11.51533,10.7235,11.51515,1.1988,1578.94,1317.1,0.0,0.0,0.662,0.55222,0.0,1,0.003492233,1.628573677,1.6071436391499951
ARAFOP_clean,5.6675,5.04419,5.6675,1.1688,1345.58,1151.25,0.0,0.0,0.5694,0.487165,0.0,1,0.006416425,1.978636408,2.0600526122996174
AROFAP_clean,6.18036,4.30595,6.18036,1.16997,1430.3,1222.5,0.0,0.0,0.575,0.491464,0.0,1,0.012312991,3.074115327,2.956790106489764
ARUYES_clean,5.37817,4.58095,5.37264,1.47856,1357.43,918.075,0.0,0.0,0.5162,0.349122,0.0,1,0.009006259,2.476873154,2.3196536510944816
ASECUY_clean,6.38635,5.15151,6.24805,1.43745,1124.79,782.485,0.0,0.0,0.5026,0.349646,0.0,1,0.003006167,1.144584134,1.0790742191327525
ASEJOZ_clean,4.13262,3.6686,4.1292,1.75655,575.771,327.784,0.0,0.0,0.5006,0.28499,0.0,1,0.002358173,0.753497422,0.8783873250791739
ASIQIE_clean,9.00205,6.2555,8.99942,0.893575,1516.45,1697.06,0.0,0.0,0.6152,0.688471,0.0,1,0.004336476,1.897760862,1.7398576106550256
ASUBIB_clean,6.13583,4.25508,6.12102,1.52116,1472.07,967.73,0.0,0.0,0.532,0.349733,0.0,1,0.007720383,2.245815134,2.1749497435798704
ATOGEV_clean,5.55487,4.3075,5.55487,1.61783,1414.83,874.522,0.0,0.0,0.6026,0.372475,0.0,0,0.008320888,2.19668811,2.1634954786861313
ATOWOW_clean,9.60606,7.73922,9.60387,0.865497,1776.39,2052.45,0.0,0.0,0.6816,0.787524,0.0,1,0.004728719,2.152220423,1.9888121389630653
ATUXIY_clean,5.42434,3.78722,5.41357,1.56042,1520.84,974.637,0.0,0.0,0.5342,0.342345,0.0,1,0.008822841,2.582363817,2.2319909673789415
AVAGOV_clean,4.8139,4.57423,4.8139,1.40471,790.723,562.91,0.0,0.0,0.4598,0.327328,0.0,1,0.003512108,1.088875851,1.123034438313299
AVAKAL_clean,26.25291,12.57512,26.25291,0.207415,1259.45,6072.13,0.0,0.0,0.913,4.40181,0.0,1,0.004799898,2.304864544,2.3603332715290875
AVEMAQ_clean,7.89565,4.97897,7.87662,0.907269,1685.58,1857.86,0.0,0.0,0.6116,0.674111,0.0,1,0.003756015,1.678814835,1.594264905706233
AVESOL_clean,5.87217,4.28231,5.84929,0.954537,2386.36,2500.02,0.0,0.0,0.6616,0.693111,0.0,1,0.014071986,4.752803668,4.259994928167334
AVESUR_clean,6.33732,4.06042,6.33561,1.18458,2288.74,1932.12,0.0,0.0,0.6222,0.525251,0.0,1,0.007559105,2.908031086,2.8284914066717817
AVIHIY_clean,6.88379,6.45442,6.88379,1.62124,1571.08,969.06,0.0,0.0,0.5722,0.35294,0.0,0,0.005437258,1.932444116,1.9608095467619535
AVILEY_clean,25.42698,10.76844,22.57889,0.654082,1604.18,2452.57,0.0,0.0,0.8422,1.28761,0.0,1,0.002341483,1.10432055,1.0997599647612024
AVIMIC_clean,5.83174,5.68454,5.8285,1.51867,600.182,395.202,0.0,0.0,0.4036,0.265759,0.0,0,0.003030325,0.774670465,0.8954757002174156
AVIMUO_clean,5.70679,3.6399,5.68672,1.24095,795.076,640.701,0.0545715,0.0439757,0.4934,0.397599,0.0,1,0.006577745,1.711892697,1.697706620055509
AVIPAX_clean,7.26399,5.25081,7.26386,0.96381,1855.66,1925.33,0.0,0.0,0.5882,0.610286,0.0,1,0.009244186,2.858521197,3.1456582511530344
AVIVIK_clean,11.79938,6.70311,11.79938,0.734288,1705.89,2323.19,141.576,192.807,0.7142,0.972643,0.0,1,0.006579842,2.666594156,2.5204283442300635
AVIVOQ_clean,11.94166,7.13512,11.94166,0.709142,1885.38,2658.68,0.0,0.0,0.7218,1.01785,0.0,1,0.006453367,2.673737672,2.4992421669283145
AWEVIJ_clean,10.6197,8.65931,10.61387,0.747212,1607.37,2151.16,0.0,0.0,0.6408,0.857588,0.0,1,0.00824586,2.201548071,2.6527540968223478
AWIBAK_clean,5.84822,3.40416,5.84822,1.53516,287.757,187.444,30.381,19.7901,0.4208,0.274108,0.0,1,0.002106883,0.345752958,0.4337190277449464
AWIBAL_clean,4.9496,4.4506,4.9496,1.68807,1040.45,616.352,0.0,0.0,0.482,0.285533,0.0,1,0.009363979,2.151893703,1.958280584836418
AWIBEO_clean,5.87793,3.52185,5.87695,1.56801,309.299,197.256,17.3334,11.0544,0.4132,0.263519,0.0,1,0.001242359,0.314019329,0.38385955533762434
AXIPEE02_clean,6.48792,4.04495,6.46524,1.63435,1656.81,1013.74,0.0,0.0,0.5904,0.361245,0.0,1,0.003443124,1.34469255,1.3062970175905482
AXUBOL_clean,7.85983,4.2994,7.19513,1.05112,1083.88,1031.17,529.841,504.074,0.6054,0.575959,0.0,0,0.007847749,2.615990726,2.701655543525503
AYOXUJ_clean,6.31092,5.4451,6.31092,1.11362,828.348,743.833,0.0,0.0,0.4926,0.442341,0.0,1,0.001721777,0.716365011,0.7243075629963366
AYUJIP_clean,12.69936,7.89199,12.69936,1.08786,1666.19,1531.63,0.0,0.0,0.6204,0.570296,0.0,1,0.004930928,1.614973757,1.8966063374510724
AZAVOO_clean,5.27678,3.99297,4.86471,1.01321,1059.99,1046.17,0.0,0.0,0.5368,0.529802,0.0,1,0.015069323,3.203752982,3.219337874886861
AZIVAI_clean,7.0547,5.80911,7.0547,0.682418,2610.44,3825.28,0.0,0.0,0.715,1.04774,0.0,1,0.006205284,2.826709632,2.698260917772832
BAEDTA01_clean,5.34617,4.27166,5.33175,2.14248,360.006,168.032,116.013,54.1487,0.3902,0.182125,0.0,1,0.00582955,0.897786063,0.919460618680464
BAFHAU_clean,9.02635,7.37185,9.02635,0.858551,2348.05,2734.89,0.0,0.0,0.738,0.859588,0.0,0,0.001499428,0.761530793,0.7356846051550071
BASJUB_clean,5.47244,4.59142,5.38091,1.03022,1558.36,1512.66,0.0,0.0,0.5602,0.54377,0.0,0,0.008207513,2.619257881,2.7527189023718623
BAWROI_clean,13.54985,9.13066,13.54893,0.629882,1979.75,3143.05,0.0,0.0,0.7794,1.23737,0.0,1,0.004220279,1.874869838,1.9464861145660817
BAZFUF01_clean,20.14565,8.54605,20.14565,0.342062,1831.33,5353.8,0.0,0.0,0.863,2.52293,0.0,1,0.003897974,1.952303343,1.8730602419498565
BELTUJ_clean,5.64744,4.1969,5.5822,1.08566,1393.43,1283.49,0.0,0.0,0.5582,0.51416,0.0,1,0.008283117,2.534590472,2.520974856565401
BEPBAB_clean,5.3188,3.97632,5.3188,1.04154,1135.05,1089.78,0.0,0.0,0.473,0.454133,0.0,1,0.009912982,2.449347657,2.532139587459296
BEPNOB_clean,10.36311,10.23127,10.36311,0.890303,1334.01,1498.37,0.0,0.0,0.6478,0.727618,0.0,1,0.001912882,0.931160076,0.6745024716281199
BEPROF_clean,8.00306,5.96794,8.00133,0.730038,2383.55,3264.96,0.0,0.0,0.687,0.941046,0.0,0,0.007076146,3.080072988,2.987657383309058
BEPVOJ01_clean,5.12362,3.97858,5.12362,1.3287,794.481,597.937,0.0,0.0,0.5126,0.38579,0.0,1,0.003478338,1.060983224,1.0980945628447278
BETDUB_clean,6.03659,3.7841,6.03659,1.16905,1945.06,1663.8,0.0,0.0,0.6102,0.521964,0.0,1,0.007946548,2.749009721,2.709483103307606
BETGAK_clean,6.1095,4.21478,5.89063,1.06153,2331.97,2196.8,0.0,0.0,0.6284,0.591977,0.0,1,0.008330664,2.837238047,2.967157614508805
BEWVOQ_clean,10.23635,8.28637,9.99929,0.717556,2413.7,3363.78,0.0,0.0,0.7708,1.0742,0.0,0,0.002209732,1.018998094,1.0695358303728302
BEXPAX_clean,6.17717,5.82599,6.17717,0.749009,3226.03,4307.06,0.0,0.0,0.7082,0.945516,0.0,1,0.010436059,4.184229294,4.304442025656497
BEXRUT_clean,6.49399,4.71424,6.45917,1.07075,1422.45,1328.47,0.0,0.0,0.585,0.546348,0.0,1,0.004700787,1.76229979,1.7866813142295805
BEXSII_clean,6.27069,4.79422,6.26455,0.943025,2150.91,2280.86,0.0,0.0,0.668,0.708359,0.0,1,0.00754392,2.8706649,2.8985168372026147
BIHBAX_clean,18.57439,17.55669,18.57439,0.321672,1460.76,4541.16,0.0,0.0,0.8984,2.79291,0.0,1,0.002926024,1.416180462,1.4049085089179607
BIMDEF_clean,4.67684,3.43732,4.67684,1.38964,1289.29,927.79,0.0,0.0,0.5428,0.390606,0.0,1,0.009287074,2.63530178,2.515845949675896
BINROH_clean,21.31368,10.23686,21.31368,0.503862,1906.53,3783.82,0.0,0.0,0.7964,1.58059,0.0,1,0.006067329,2.480004636,2.5341711085306127
BIQHEQ_clean,4.74191,3.53352,4.74191,1.13318,1109.52,979.12,0.0,0.0,0.542,0.478299,0.0,1,0.01288259,2.989172249,2.967203867001049
BIRMUM_clean,5.54904,4.6855,5.54904,1.2621,494.559,391.853,0.0,0.0,0.4238,0.335789,0.0,1,0.002495148,0.813023961,0.7609204845848299
BIWYAH10_clean,7.2461,5.52874,7.11386,0.722295,2876.07,3981.85,0.0,0.0,0.7574,1.0486,0.0,1,0.001938135,0.9496254,0.9923885628419196
BIYTAG_clean,8.33704,7.53322,8.33704,1.33737,1512.13,1130.67,0.0,0.0,0.5802,0.433835,0.0,1,0.002629212,1.138420533,1.135179603371441
BIYVIQ_clean,8.9412,8.20862,8.9412,1.41865,1440.37,1015.31,0.0,0.0,0.5976,0.421246,0.0,1,0.002565222,1.023858923,1.1131883723446063
BIZMEE_clean,8.33004,6.47185,8.30636,0.855248,2017.93,2359.47,0.0,0.0,0.661,0.772875,0.0,0,0.006438458,2.52344663,2.5529827790824244
BIZMII_clean,8.09188,6.36998,8.09188,0.865187,2004.99,2317.41,0.0,0.0,0.6566,0.758911,0.0,0,0.006491229,2.538201718,2.552881903992616
BOCKOT_clean,4.81526,3.42101,4.526,1.37869,1402.34,1017.16,0.0,0.0,0.5962,0.43244,0.0,1,0.003180089,1.31969105,1.3421889810618488
BOPHIZ_clean,6.90751,5.24121,6.77761,1.23618,1521.62,1230.9,0.0,0.0,0.572,0.462715,0.0,1,0.008133685,2.57104003,2.4822070144135573
BOWDIC_clean,7.01096,4.61744,6.88238,1.0069,1455.4,1445.42,181.324,180.081,0.5804,0.57642,0.0,1,0.009353347,2.681666395,2.5895678033314495
BOXYIY_clean,4.39053,3.85775,4.38747,1.58321,405.121,255.886,388.713,245.521,0.5092,0.321625,0.0,0,0.004723899,1.557201541,1.4297651343316613
BOYTEQ_clean,4.92609,4.59373,4.92609,1.2701,571.535,449.993,0.0,0.0,0.42,0.330683,0.0,0,0.007560923,1.371030063,1.4939516123841448
BOZFON_clean,6.15469,4.01567,6.15002,1.24414,1139.51,915.903,0.0,0.0,0.502,0.403491,0.0,1,0.007871257,2.010516025,2.0581016445658586
BUCVAY_clean,5.36914,3.4206,5.36914,1.22099,548.684,449.375,0.0,0.0,0.4634,0.379527,0.0,1,0.008640673,1.442434937,1.6082610426299593
BUGSOM_clean,4.69508,4.16375,4.68969,1.65941,1093.22,658.798,0.0,0.0,0.5332,0.321319,0.0,1,0.002104958,0.796701011,0.8468261092166681
BUPVEP_clean,8.00881,3.79594,6.88527,1.70124,1586.52,932.564,97.3647,57.2315,0.582,0.342103,0.00105805,0,0.002300521,0.950081652,1.0082628784405816
BUVWOF02_clean,7.02744,5.38791,7.02744,1.22872,811.616,660.538,0.0,0.0,0.4574,0.372258,0.0,0,0.002184814,0.943345413,0.813610517133149
BUVXOG_clean,6.82532,5.20998,6.82532,1.26745,776.672,612.785,0.0,0.0,0.469,0.370036,0.0,0,0.002397188,0.926913504,0.858354755206199
c4ce00408f_c4ce00408f2_clean,12.62762,5.23882,12.62762,1.04827,1808.67,1725.39,210.803,201.096,0.6818,0.650406,0.0,1,0.010493469,2.068130706,2.9821258119433813
c5ce01948f_c5ce01948f2_clean,5.17559,4.77124,5.17559,1.89554,519.58,274.107,0.0,0.0,0.3868,0.204058,0.0,0,0.001684608,0.504466523,0.5576710433090928
c5gc02393a_c5gc02393a2_clean,5.4044,4.48945,5.38726,1.33709,1164.94,871.248,14.4818,10.8309,0.513,0.383669,0.0,1,0.006303557,2.00150064,1.9198129130120087
c5sc03494a_c5sc03494a2_clean,6.21978,5.55178,6.21978,0.911359,2530.42,2776.54,0.0,0.0,0.701,0.769181,0.0,0,0.008548364,3.565600423,3.4655990233571816
c6ce00141f_c6ce00141f2_clean,9.56221,8.33336,9.07575,0.705297,1946.55,2759.91,0.0,0.0,0.6886,0.976327,0.0,0,0.005247075,2.298499692,2.300680234311206
c6ce00407e_c6ce00407e4_clean,54.27623,28.17362,54.19829,0.0636525,512.685,8054.44,0.0,0.0,0.9694,15.2296,0.0,0,0.009068787,4.504526488,3.056860291149825
c6ce00407e_c6ce00407e9_clean,13.32178,10.04301,13.32178,0.313342,1952.24,6230.37,0.0,0.0,0.8528,2.72162,0.0,1,0.003225679,1.634342104,1.5123160375683253
CAGSAG_clean,9.02799,5.29308,7.06322,0.961699,2031.62,2112.53,9.03866,9.39864,0.6624,0.688781,0.0,1,0.007361179,2.674736623,2.769345567048906
CAVREY_clean,7.18071,5.30054,7.16429,1.02665,1966.55,1915.49,0.0,0.0,0.6398,0.62319,0.0,1,0.010974687,2.725791333,3.3498352153210065
CAVSUP_clean,6.03054,5.46806,6.0217,1.37834,1107.72,803.663,0.0,0.0,0.5324,0.386261,0.0,0,0.002628898,1.010834945,1.0145512747445966
CAWDOU02_clean,6.97816,4.93144,6.97816,0.905214,1990.01,2198.39,0.0,0.0,0.6108,0.674758,0.0,1,0.006927718,2.453923753,2.5534994597349243
CAXVII_clean,11.59355,10.81405,11.59355,1.12398,1567.91,1394.96,0.0,0.0,0.6396,0.569048,0.0,1,0.00386251,1.831761776,1.7387579503250705
CAXWEF_clean,11.4766,10.80771,11.4766,1.14451,1589.9,1389.16,0.0,0.0,0.6324,0.552552,0.0,1,0.004064175,1.839296033,1.8206179340466357
CAXXEG_clean,6.07325,3.85926,6.03932,1.21319,1423.03,1172.97,0.0,0.0,0.5422,0.446922,0.0,0,0.005452839,1.903506034,1.9130470999432447
CEHLAD_clean,10.21413,5.8901,10.08749,0.853623,2217.93,2598.26,0.0,0.0,0.735,0.861036,0.0,1,0.005004196,2.139495675,2.084462637599979
CETJAN_clean_h,5.90298,3.79569,5.88477,1.04758,1099.93,1049.97,0.0,0.0,0.521,0.497338,0.0,0,0.004451531,1.443596038,1.5992339158881226
CEZFIY_clean,5.34194,3.72114,5.30915,1.18992,1017.05,854.72,0.0,0.0,0.4786,0.40221,0.0,0,0.006768982,1.987249312,1.9236889200043292
cg200332y_si_002_clean,5.21581,3.97485,5.21581,1.32224,2143.79,1621.34,0.0,0.0,0.6406,0.484482,0.0,0,0.012088565,4.115833548,3.515109737695012
cg301725z_si_004_clean,4.69664,4.11195,4.68637,1.09749,1702.36,1551.13,0.0,0.0,0.5844,0.532487,0.0,0,0.012058144,3.718702044,3.6236848564970634
cg401858s_si_002_clean,5.76822,4.62513,5.72988,1.11065,1442.06,1298.4,0.0,0.0,0.5672,0.510693,0.0,1,0.005497913,1.999508794,1.9681418496680443
cg401887b_si_003_clean,8.26997,6.53639,8.26997,0.770939,2356.88,3057.16,0.0,0.0,0.7266,0.942487,0.0,1,0.006357042,2.884229447,2.7326660956856275
cg500033b_si_003_clean,4.83661,3.74279,4.83563,1.15821,667.849,576.623,201.392,173.883,0.5058,0.436709,0.0,0,0.014728224,2.255367945,2.535841995243772
cg500091k_si_002_clean,7.03754,5.53828,7.03754,0.930114,2289.08,2461.07,0.0,0.0,0.6592,0.70873,0.0,1,0.005008589,2.177371782,2.173143926787073
cg500192d_si_003_clean,11.24994,9.49767,11.24883,0.554498,2069.35,3731.94,0.0,0.0,0.7928,1.42976,0.0,0,0.00396156,1.974251176,1.8744537901834992
cg5010616_si_003_clean,4.68057,3.6532,4.67686,1.10074,1075.03,976.65,11.638,10.5729,0.4874,0.442795,0.0,1,0.015072576,3.631061446,3.16627607387183
cg501231v_si_001_clean,17.06774,7.18297,17.06774,0.779609,1749.67,2244.29,0.0,0.0,0.6902,0.885316,0.0,0,0.005411548,2.131078781,2.247618491183403
CIDKUX_clean,9.17673,8.30352,9.17673,1.04661,1668.34,1594.05,0.0,0.0,0.6532,0.624113,0.0,1,0.005650255,1.833647552,2.154495317594683
CIFDUS_clean,6.0819,4.13005,6.0819,0.982136,1846.77,1880.36,0.0,0.0,0.6008,0.611728,0.0,1,0.006838331,2.565447457,2.5930309473622555
CIFMIP_clean,7.90061,6.44934,7.90061,1.08801,1993.5,1832.24,0.0,0.0,0.6246,0.574075,0.0,1,0.004877826,2.09464154,2.0003743054941485
CIPCUB_clean,4.79005,3.99723,4.76699,1.72886,1140.31,659.571,0.0,0.0,0.5,0.289207,0.0,1,0.00798586,1.827883396,1.9202284512243362
CIWREG_clean,8.13471,7.32788,8.13207,1.23149,2046.97,1662.19,0.793114,0.644029,0.6562,0.532851,0.0,0,0.003903179,1.597159365,1.6340392851935919
CIWRUW_clean,8.32352,7.79985,8.25756,1.23467,2023.32,1638.75,0.0,0.0,0.6682,0.541198,0.0,0,0.003802456,1.58278034,1.62606740165509
cm1008587_si_003_clean,6.03686,5.8505,6.03686,1.12119,1527.32,1362.24,0.0,0.0,0.5816,0.518737,0.0,0,0.007282313,2.382229968,2.302808363698406
cm303749m_si_001_clean,11.62501,8.78986,11.62501,0.556141,2268.15,4078.37,0.0,0.0,0.7584,1.36368,0.0,1,0.005482902,2.286677007,2.3511339807301557
cm501138g_si_008_clean,13.18132,6.60546,13.18132,0.885001,2136.53,2414.16,0.0,0.0,0.72,0.813558,0.0,1,0.007883901,2.267848586,2.342843004693912
cm503311x_alf100K_clean,7.0434,6.64625,7.0434,0.965639,1593.91,1650.63,0.0,0.0,0.608,0.629635,0.0,0,0.00758666,3.091361765,2.9211305288542246
cm503311x_alf225K_clean,7.37407,7.1534,7.3737,0.963767,1557.96,1616.53,0.0,0.0,0.6114,0.634385,0.0,0,0.00757655,3.044658917,3.0563870454830235
cm503311x_aloh225K_clean,7.13993,6.81973,7.13993,0.949535,1597.17,1682.06,0.0,0.0,0.609,0.641367,0.0,0,0.007887479,3.164557682,3.1323976194392484
cm503311x_aloh250K_clean,7.13817,6.81007,7.13817,0.949354,1600.74,1686.14,0.0,0.0,0.6102,0.642753,0.0,0,0.007983918,3.188419154,3.0752147889222567
cm503311x_aloh425K_clean,7.16028,6.84144,7.16028,0.947823,1600.53,1688.64,0.0,0.0,0.611,0.644635,0.0,0,0.0079634,3.185729122,3.1457274392963446
cm503311x_aloh475K_clean,7.15171,6.83611,7.15171,0.947452,1603.8,1692.75,0.0,0.0,0.6108,0.644676,0.0,0,0.007924414,3.180184905,3.119013454777229
COCMAJ_clean,8.89284,8.27815,8.8249,0.8398,2517.0,2997.14,0.0,0.0,0.7562,0.900452,0.0,1,0.003474781,1.556087686,1.571815047992489
COCNAL_clean,10.84171,6.54754,10.84171,0.653951,2390.98,3656.2,0.0,0.0,0.7696,1.17685,0.0,1,0.004176997,1.897022395,1.9685026800758556
CODRUJ_clean,4.3292,3.79384,4.32865,1.92319,755.058,392.607,0.0,0.0,0.4878,0.253641,0.0,1,0.005118707,1.581982673,1.6042713335292484
COJHIT_clean,10.09171,9.35609,10.09171,0.716453,1773.43,2475.29,0.0,0.0,0.707,0.986805,0.0,0,0.004487556,2.040404405,1.9440339513288367
COKMUM_clean,11.78987,10.95857,11.78969,1.07449,1572.51,1463.5,0.0,0.0,0.6544,0.609034,0.0,1,0.003027029,1.47156886,1.415513458429055
COKQAW_clean,11.31709,10.61593,11.31663,1.308,1523.61,1164.84,0.0,0.0,0.6476,0.495108,0.0,1,0.0028337,1.288894808,1.3199620827144156
COQGAS_clean,7.55288,6.66056,7.53462,1.14065,1084.94,951.161,0.0,0.0,0.5048,0.442555,0.0,0,0.004711518,1.779121586,1.7202973900985874
COTVOY_clean,5.88006,4.17812,5.70456,1.30534,1614.08,1236.52,0.0,0.0,0.5814,0.445402,0.0,1,0.00695372,2.207519368,2.2727947356020173
COTVUE_clean,5.96406,4.24876,5.86955,1.32545,1637.27,1235.25,0.0,0.0,0.5874,0.443169,0.0,1,0.006178143,2.064716198,2.0694736330088284
COTXIU_clean,5.20924,4.31105,5.19843,1.08343,1119.32,1033.13,0.0,0.0,0.5218,0.481618,0.0,0,0.011448159,2.915187581,2.6834776950722175
COTXOA_clean,5.06649,4.15335,5.05658,1.08454,1114.76,1027.86,0.0,0.0,0.52,0.479465,0.0,0,0.011386939,2.970799922,2.9050206371244682
COVPAG_clean,5.03463,4.22302,4.98223,1.34292,669.782,498.75,0.0,0.0,0.3872,0.288327,0.0,1,0.008014898,2.045692086,1.403555906765258
COWMAD_clean,6.73617,5.57745,6.73408,1.22293,2145.79,1754.63,0.0,0.0,0.651,0.532328,0.0,1,0.003103764,1.384529995,1.4125665626744404
COWMEH_clean,6.75649,5.53249,6.75411,1.20645,2145.39,1778.27,0.0,0.0,0.6618,0.548553,0.0,1,0.003122379,1.382530784,1.3988878706004422
COZMUA_clean,10.13386,5.37207,10.11324,0.637133,2279.97,3578.48,0.0,0.0,0.7374,1.15737,0.0,1,0.005028325,2.159715607,2.235135898450971
CUFFEP_clean,6.24407,5.54414,6.24407,0.899727,2546.22,2829.99,0.0,0.0,0.6998,0.777791,0.0,0,0.007370826,3.217344047,3.066201941662989
CUFGIV_clean,7.21934,5.21879,7.21721,0.929294,2597.37,2794.99,0.0,0.0,0.6854,0.737549,0.0,1,0.005569353,2.412367353,2.4707187272946505
CUKXUC_clean,4.71812,4.30637,4.71207,1.61022,1190.26,739.19,16.3088,10.1283,0.5368,0.33337,0.0,1,0.004374124,1.517588944,1.5534842056591966
CUKYAJ_clean,4.71891,4.29348,4.71891,1.65805,1181.97,712.869,13.2923,8.01679,0.5418,0.326769,0.0,1,0.004263197,1.49009677,1.5231867118137903
CUMDIY_clean,5.05781,4.25829,5.05781,2.01174,699.865,347.89,0.0,0.0,0.3956,0.196645,0.0,0,0.006816567,1.106211859,1.2270883883506147
CUNQOT_clean,4.94603,4.45617,4.94603,1.56048,1158.67,742.507,0.0,0.0,0.5224,0.334768,0.0,1,0.005123003,1.532520622,1.610666672633653
CUQSAK_clean,18.30047,4.50008,17.86541,0.672661,1852.6,2754.14,0.138515,0.205922,0.7088,1.05373,0.0,1,0.004741374,1.836815382,2.1043912180050515
CUQXUI_clean,8.23055,4.00763,8.23055,0.791399,1552.16,1961.29,0.863838,1.09153,0.6424,0.811727,0.0,1,0.003563425,1.649028394,1.574986857832286
CUSYAR_clean,28.01343,12.17996,27.60124,0.247232,1408.41,5696.7,0.0,0.0,0.9076,3.67105,0.0,0,0.00425339,2.071503028,2.105233042438121
CUSZIB_clean,5.49146,4.83933,5.49049,0.750845,2776.04,3697.22,0.0,0.0,0.7042,0.937877,0.0,0,0.008352005,3.420496253,3.4394198746715707
CUTBIE_clean,7.59116,5.99994,7.59116,0.996691,2065.1,2071.96,0.0,0.0,0.6486,0.650753,0.0,1,0.003899447,1.634760472,1.71779312262671
CUVGIK_clean,6.25146,5.06086,6.0647,1.02515,1494.68,1458.01,0.0,0.0,0.5362,0.523046,0.0,0,0.011369649,3.313888572,2.961191026835367
CUVHEH_clean,12.77883,12.02741,12.74392,1.65471,1447.16,874.57,0.0,0.0,0.651,0.393423,0.0,1,0.002559523,0.835645657,1.0137904761399377
CUVHIL01_clean,12.86501,12.02225,12.84969,1.66038,1437.07,865.505,0.0,0.0,0.642,0.386658,0.0,1,0.002553567,0.86579733,0.9848403124605781
CUVHIL_clean_h,12.87614,12.03249,12.87614,1.65921,1433.06,863.702,0.0,0.0,0.643,0.387534,0.0,1,0.00275703,0.882104956,1.0346983782602628
CUWNIT_clean,7.16308,4.76212,7.16308,1.01279,1797.12,1774.42,0.0,0.0,0.5942,0.586695,0.0,1,0.00555458,2.162688503,2.2057394955851555
CUWTUL_clean,6.09533,3.90326,6.09533,1.40599,1180.08,839.321,0.0,0.0,0.5142,0.365721,0.0,1,0.011758337,2.41792755,2.5605612064715753
CUWXUP_clean,5.81508,3.73125,5.78204,1.39886,1150.61,822.535,0.0,0.0,0.5122,0.366154,0.0,1,0.014246146,2.813946528,2.6778214845009845
CUWYAW_clean,6.66043,3.94178,6.66043,1.12925,2112.73,1870.91,0.0,0.0,0.6192,0.548327,0.0,1,0.007261423,2.5922626,2.671631740218047
CUWZIF_clean,6.90107,4.04842,6.50474,1.24221,1455.33,1171.56,0.0,0.0,0.5514,0.443886,0.0,1,0.011169039,2.559547807,2.85354529913947
CUXLEO_clean,4.56916,3.40748,4.56916,1.05387,1849.74,1755.19,0.0,0.0,0.6276,0.59552,0.0,0,0.006054752,2.498423186,2.6738085339194564
CUYYAX_clean,5.04944,3.83367,4.87007,1.16048,1383.0,1191.75,0.0,0.0,0.5718,0.492727,0.0,1,0.010138754,2.814822083,2.871879169452067
CUYYEB_clean,5.05464,3.82141,5.04976,1.16139,1360.51,1171.44,0.0,0.0,0.5758,0.495783,0.0,1,0.010145788,2.779680634,2.8478062608477686
DABFIX_clean,5.93116,3.4012,5.93116,1.19033,685.642,576.011,28.078,23.5885,0.47,0.394849,0.0,1,0.008257546,2.262165566,1.5588138112593826
DADLEC_clean,6.0526,4.95704,6.0412,1.09523,933.141,852.004,0.0,0.0,0.4902,0.447577,0.0,1,0.004191605,1.398425404,1.3909624270239211
DADLOM_clean,18.71129,17.36648,18.69765,0.589373,1296.58,2199.93,0.0,0.0,0.7274,1.23419,0.0,1,0.005052703,2.09820561,2.0982973297745393
DADNII_clean,4.74177,3.59689,4.70677,1.8394,1364.57,741.854,0.0,0.0,0.5562,0.302381,0.0,0,0.002698731,1.233357603,1.1055076584150227
DALSUH_clean,5.91398,4.13588,5.88727,1.34754,1386.92,1029.23,0.0,0.0,0.5694,0.422549,0.0,1,0.006991003,1.972054298,2.106602734385085
DAPBIH_neutral,11.12385,5.1267,11.12385,0.988754,1494.17,1511.16,320.813,324.462,0.6592,0.666697,0.0,0,0.007989556,2.161296464,2.452348980360284
DAWBIO_clean,5.36745,4.59869,5.35848,1.40464,933.9,664.867,0.0,0.0,0.4578,0.325919,0.0,0,0.008131102,1.755508243,1.841945962399462
DAWCAH_clean,5.49841,4.3714,5.48581,1.35332,991.393,732.566,0.0,0.0,0.483,0.356901,0.0,0,0.008925457,1.975843885,2.0339027135645615
DAXHIV_clean,7.62222,6.92477,7.62222,0.882059,2131.41,2416.4,0.0,0.0,0.65,0.736913,0.0,1,0.005706671,2.557402426,2.288219059417427
DAXHUH01_clean,7.57949,6.81104,7.57786,0.890235,2156.64,2422.55,0.0,0.0,0.6646,0.746545,0.0,1,0.006196585,2.656217723,2.4995360605235044
DEBGIA_clean,4.22344,3.46939,4.21901,1.31115,709.801,541.36,0.0,0.0,0.5062,0.386075,0.0,1,0.005909381,1.427692112,1.8116252923697533
DEJRUH_clean,4.98345,3.78027,4.98096,1.03045,1372.42,1331.87,0.0,0.0,0.5442,0.52812,0.0,1,0.006966078,2.323138577,2.446180842182513
DEQVIF_clean,6.28134,5.12336,6.25197,1.10154,1366.18,1240.24,0.0,0.0,0.5242,0.475878,0.0,0,0.006505885,2.407040277,2.1700906530206727
DEYJIC_clean,5.18714,3.79158,5.1767,1.26241,1435.68,1137.26,0.0,0.0,0.5344,0.423318,0.0,1,0.006297379,2.060951083,2.0510145490483427
DEYJOI_clean,5.20142,3.64055,5.19254,1.24367,1493.92,1201.22,0.0,0.0,0.5352,0.430338,0.0,1,0.00635783,2.126033396,2.119522337643545
DEYLUQ_clean,7.28064,4.66536,7.28064,1.6199,977.704,603.558,0.0,0.0,0.4976,0.307179,0.0,1,0.003576957,1.217879523,1.1325440422023139
DIBPAH_clean,5.70136,3.62358,5.70136,1.16448,1493.52,1282.56,0.0,0.0,0.5674,0.487255,0.0,1,0.011279801,2.750797877,2.978594858352675
DIBQEM_clean,16.82847,3.4822,16.82847,0.80886,1885.97,2331.64,0.0,0.0,0.6836,0.84514,0.0,1,0.005916415,2.334985157,2.3401208389517008
DIDBEZ_clean,9.17575,5.94989,7.9915,0.929043,1495.06,1609.25,0.0,0.0,0.5892,0.634201,0.0,0,0.007812576,3.113912997,2.899925943215117
DIHVIB01_clean,13.18363,6.64307,13.17065,0.881735,2096.71,2377.93,0.0,0.0,0.7124,0.807952,0.0,1,0.006439251,2.142907998,2.2081709671125447
DIRPIF_clean,8.33531,6.07292,8.1953,0.867063,1783.84,2057.33,0.0,0.0,0.6398,0.737893,0.0,1,0.006966116,2.463131166,2.6180446028403392
DIVSUY_clean,6.25148,4.17859,6.25148,1.23081,1945.11,1580.35,0.0,0.0,0.5978,0.485697,0.0,1,0.008846966,2.616795473,2.753799909024796
DIYKAZ_clean,4.37543,3.51099,4.3605,1.7281,376.515,217.879,0.0,0.0,0.374,0.216423,0.0,0,0.011203761,1.297052877,1.3955254793620888
DOKHIV_clean,4.6785,3.79643,4.6785,1.49483,851.868,569.877,0.0,0.0,0.5076,0.339571,0.0,1,0.005755305,1.557663643,1.6674529250187413
DOLRAZ_clean,5.60421,4.00046,5.58702,1.12972,1092.67,967.204,0.0,0.0,0.499,0.441701,0.0,1,0.015605962,3.092657251,2.7774499034864597
DOLXOR02_clean,6.63462,5.37244,6.6246,1.07895,2591.9,2402.25,0.0,0.0,0.7454,0.690858,0.0,1,0.000873488,0.440369693,0.43525392610411673
DOMDAL_clean,18.43381,14.45488,18.43381,0.66329,1341.32,2022.22,0.0,0.0,0.7914,1.19314,0.0,0,0.002098533,0.935347443,1.00321691752524
DOMKEX_clean,5.79906,5.20244,5.74892,1.1266,1080.97,959.499,0.0,0.0,0.4364,0.387361,0.0,1,0.004547945,1.489611965,1.5509198063779
DONNIE_clean,7.12052,6.90641,7.12052,1.14518,1600.5,1397.6,0.0,0.0,0.6142,0.536335,0.0,0,0.009948123,3.518725454,3.029186220067392
DOYBAV_clean,6.11281,4.48624,6.11281,1.17289,1293.73,1103.03,0.0,0.0,0.5656,0.482229,0.0,1,0.005125754,1.866825332,1.786532870763755
DOYBEA_clean,5.83429,5.37899,5.82078,1.0599,1634.79,1542.4,0.0,0.0,0.5844,0.551373,0.0,0,0.015234729,3.529491984,3.9135002131266754
DOYHUW_clean,6.87938,5.20644,6.87938,0.976254,2294.91,2350.74,0.0,0.0,0.6516,0.667449,0.0,1,0.014329549,4.280601449,4.109553175269335
DOYLEI_clean,6.40369,4.15529,6.40369,1.15157,1694.44,1471.42,0.0,0.0,0.6046,0.525024,0.0,1,0.002419772,0.99791305,1.029614054478296
DUDKOE_clean,10.92488,6.00637,10.24342,0.779781,2417.09,3099.71,0.0,0.0,0.7388,0.947446,0.0,1,0.005699637,2.475592389,2.4575338204974133
DUFKAS_clean,18.33861,11.31425,18.33733,0.529585,1559.27,2944.33,0.0,0.0,0.811,1.53139,0.0,1,0.003087357,1.482661506,1.4664270974777696
DUNXUH01_clean,5.08043,3.95835,5.08043,1.20337,1874.89,1558.04,0.0,0.0,0.6064,0.503919,0.0,1,0.014144883,4.050161117,3.9141586393713035
DUNXUH06_clean,5.04935,3.8892,5.03687,1.21647,1807.28,1485.67,0.0,0.0,0.6062,0.498328,0.0,1,0.013847823,3.991604181,3.9203725765270696
DUNXUH12_clean,4.98043,3.76476,4.96686,1.23681,1716.03,1387.47,0.0,0.0,0.593,0.47946,0.0,1,0.013655784,3.874580326,3.906726303211024
DUNXUH13_clean,4.99037,3.79418,4.86577,1.23241,1722.87,1397.97,0.0,0.0,0.5938,0.481821,0.0,1,0.013811816,3.89795209,3.9097606398926295
DUNXUH14_clean,5.00423,3.8343,4.58368,1.22609,1739.06,1418.37,0.0,0.0,0.5986,0.488218,0.0,1,0.013958846,3.952468703,3.952079029930843
DUPVER_clean,9.93002,6.46763,9.91751,0.795967,2168.14,2723.91,0.0,0.0,0.7348,0.923153,0.0,1,0.004742614,2.242983439,2.1425346147385476
DUQYEU01_clean,4.86217,4.34562,4.86217,1.66926,2251.32,1348.69,0.0,0.0,0.6184,0.370463,0.0,1,0.003294398,1.404580089,1.3837249607373991
DUQYEU_clean,4.86021,4.34715,4.86021,1.66839,2272.53,1362.11,0.0,0.0,0.6004,0.359868,0.0,1,0.003246534,1.391297196,1.3394356109861267
DUWFOS_clean,4.7722,3.99598,4.7722,1.5688,655.828,418.043,0.0,0.0,0.462,0.294492,0.0,0,0.005132377,1.240040211,1.334315379676553
EBATUZ_clean,12.21806,7.03158,12.21806,0.59675,2360.49,3955.57,0.0,0.0,0.7812,1.30909,0.0,1,0.006872142,2.77339713,2.649028562248723
EBAVOV_clean,5.06494,3.47701,5.06494,1.20126,1010.26,841.002,0.0,0.0,0.4938,0.411069,0.0,1,0.013190663,2.792802255,2.71287305559636
EBEMII_clean,4.74887,3.57779,4.74887,1.57979,558.843,353.745,0.0,0.0,0.4136,0.261807,0.0,0,0.003956128,0.968516815,1.0496295514450102
EBIDOK_ion_b,10.15108,7.28168,10.14731,0.88059,1949.39,2213.74,0.147124,0.167074,0.6452,0.732691,0.0,1,0.005578991,2.206785674,2.1794826954889417
EBIJAC_clean,5.69411,4.34501,5.6755,1.35778,616.318,453.917,180.508,132.944,0.4634,0.341293,0.0,0,0.004599949,1.172899025,1.171222243731356
EBOCOQ_clean,5.90692,5.38954,5.89965,0.987787,1345.25,1361.88,0.0,0.0,0.583,0.590208,0.0,1,0.008736881,2.67311667,2.647755736245129
ECAHOH_clean,6.87089,4.98271,6.87089,1.21823,856.833,703.343,0.0,0.0,0.4828,0.396313,0.0,0,0.003421399,1.251088089,1.191118323532775
ECOGEI_clean,4.77299,3.85637,4.77299,0.998724,1292.16,1293.81,0.0,0.0,0.5602,0.560915,0.0,1,0.010974573,2.934609202,3.122512825989264
EDAGAT_clean,4.66461,3.62215,4.66149,1.84563,725.213,392.936,0.0,0.0,0.435,0.235692,0.0,0,0.003188601,0.981781334,1.0108857134859262
EDUSUR_clean,14.97276,6.60675,14.97057,0.720686,2039.23,2829.56,0.0,0.0,0.7584,1.05233,0.0,0,0.00324155,1.534658654,1.5282554662746686
EGATOW_clean,5.96917,5.11285,5.74626,1.20816,2033.24,1682.93,0.0,0.0,0.6202,0.513343,0.0,1,0.006268743,2.484267732,2.3364493930678623
EGEJIK_manual,10.26084,8.70015,10.25879,0.680562,2082.85,3060.48,75.8285,111.42,0.7408,1.08851,0.0,0,0.005421887,1.957482814,2.241076346317608
EHAGUR_clean,5.37684,3.4053,5.1859,2.19821,1066.99,485.393,0.0,0.0,0.5324,0.242197,0.0,1,0.002672053,0.96828702,0.9722676909532679
EHEKUY_clean,6.18029,3.5251,6.17561,1.28701,834.589,648.47,1.25956,0.978668,0.5024,0.390361,0.0,0,0.007016,1.622495913,1.813926780826917
EJOQUR_clean,11.95194,5.10518,11.95194,0.926552,1894.67,2044.86,37.9561,40.9649,0.6978,0.753115,0.0,1,0.005435676,2.0490302,2.106442128717284
EKOPEA_clean,5.53957,5.19564,5.53023,1.2074,1563.35,1294.8,0.0,0.0,0.5696,0.471756,0.0,1,0.008309474,2.720726204,2.59590097183099
ELELEN_clean,7.0748,4.1882,7.0748,0.915782,1244.35,1358.78,0.0,0.0,0.592,0.646442,0.0,1,0.004083223,1.605037115,1.6927270762379838
ELERIY_clean,13.06874,6.51652,13.06768,0.765708,2243.35,2929.77,0.0,0.0,0.7112,0.928814,0.0,1,0.006166075,2.640563948,2.5637140022339646
ELILAN_clean,4.95628,3.69174,4.9556,1.61177,1116.59,692.775,0.0,0.0,0.4992,0.309722,0.0,1,0.007545891,2.015725984,1.9963378400932426
ELOHOE_clean,5.56549,4.27537,5.53003,1.15001,1036.4,901.217,0.0,0.0,0.5212,0.453215,0.0,1,0.012363959,2.441485768,2.5237545142353417
EMAMUC_clean,5.84513,5.03009,5.84513,1.22272,803.232,656.921,0.0,0.0,0.473,0.386841,0.0,1,0.00159792,0.64136567,0.6375596183685749
EMAPAK_clean,11.21755,3.61918,11.21755,0.925375,1521.72,1644.44,0.0,0.0,0.637,0.688369,0.0,0,0.002700268,1.238539865,1.2297392648786174
EMUBIZ_clean,10.77303,6.68088,10.77303,1.37229,1702.91,1240.92,117.774,85.8232,0.672,0.489692,0.000145742,1,0.004252666,1.133949397,1.6380077252145262
ENITEB_clean,7.9765,5.25239,7.9026,0.909449,2139.04,2352.02,0.0,0.0,0.6632,0.729233,0.0,1,0.005651954,2.28676914,2.330047024927901
ENOVAG_clean,10.23983,9.51593,10.22611,1.29505,1477.19,1140.64,0.0,0.0,0.5948,0.459286,0.0,1,0.002186094,0.999126639,0.9840693236980949
EPAGEJ_clean,5.19961,3.47948,5.18752,1.66805,743.29,445.603,0.0,0.0,0.4886,0.292916,0.0,1,0.001974849,0.712885129,0.7199107130408512
EPEWAY_clean,5.86305,5.34538,5.70782,1.27095,1126.31,886.195,0.0,0.0,0.506,0.398129,0.0,0,0.006864898,2.220490024,1.9885580139117771
EPEWEC_clean,5.88152,5.35243,5.87056,1.27191,1143.58,899.1,0.0,0.0,0.5064,0.398141,0.0,0,0.007033375,2.244092602,2.0359900025904096
EPISOM_clean,12.63938,6.49016,12.62405,0.677616,2253.72,3325.96,0.0,0.0,0.7494,1.10594,0.0,1,0.008013024,2.801162612,2.7443137050490276
EQAMUG_clean,4.23795,3.61938,4.23534,1.81883,688.208,378.378,0.0,0.0,0.424,0.233116,0.0,0,0.003810131,1.399732635,1.1143844924775144
EQOXIT_clean,7.68652,6.98261,7.68519,1.19569,1340.21,1120.87,0.0,0.0,0.551,0.460823,0.0,1,0.003766457,1.441798403,1.540740849044605
EQUBUO_clean,4.678,4.09417,4.67712,1.98147,941.234,475.017,0.0,0.0,0.4712,0.237803,0.000100935,0,0.004752038,1.318004506,1.3463251719598006
ERAHOV_clean,8.72809,7.46409,8.72809,0.942162,2285.98,2426.31,0.0,0.0,0.718,0.762077,0.0,1,0.002683025,1.228140105,1.2685735419850321
EREGOY_clean,7.33047,5.25494,7.19533,0.879553,2401.32,2730.16,0.0,0.0,0.685,0.778805,0.0,1,0.005569956,2.362797495,2.44299321182618
ERELIX_clean,5.64254,3.51162,5.62378,1.23268,1079.22,875.507,0.0,0.0,0.5468,0.443586,0.0,1,0.006857726,1.960966933,2.0500742005864834
ERIWAF_clean,10.65116,5.48487,10.46238,0.840538,2241.03,2666.18,0.0,0.0,0.709,0.843508,0.0,1,0.007305238,2.704916286,2.5507244994538394
ESASAU_clean,5.00328,3.89627,5.00219,1.37708,632.788,459.514,0.0,0.0,0.4448,0.323002,0.0,1,0.008072391,1.49380211,1.546091766673272
ESEVIH_clean,6.88268,6.30555,6.87572,1.51625,1264.35,833.868,0.0,0.0,0.5472,0.36089,0.0,1,0.005769727,1.85754256,1.8794843978113882
ESIFET_clean,8.81259,5.05152,8.81259,1.42533,1454.27,1020.3,0.0,0.0,0.5856,0.410852,0.0,0,0.005195571,1.774333491,1.7694290673731417
ESURER03_clean,6.73192,5.66128,6.64205,1.40989,1345.84,954.57,0.0,0.0,0.5322,0.377477,0.0,0,0.006429196,2.037025942,2.0107671597191707
ESURER04_clean,6.9676,6.06182,6.9676,1.36538,1434.64,1050.72,0.0,0.0,0.5472,0.400767,0.0,0,0.006249413,2.065224513,2.0143678635995084
ESUSOC02_clean,7.24893,6.31165,7.23441,1.36801,1456.76,1064.88,0.0,0.0,0.538,0.393273,0.0,0,0.006037929,2.103832693,2.056370036239691
ESUSOC_clean,7.05543,5.76553,7.05417,1.36444,1437.77,1053.75,0.0,0.0,0.5426,0.397672,0.0,1,0.006164733,2.137011774,2.036697641437616
ESUTIX_clean,7.33038,6.15605,7.3245,1.35339,1467.91,1084.62,0.0,0.0,0.5522,0.408012,0.0,1,0.005960197,2.101538071,2.076555199707831
ESUVOF_clean,6.88083,5.87111,6.87535,1.38485,1391.22,1004.61,0.0,0.0,0.5404,0.390224,0.0,0,0.006524299,2.101822076,2.0178138557657532
ETEJUJ_clean,6.80904,5.16362,6.80904,1.11208,2257.09,2029.61,0.0,0.0,0.6478,0.582511,0.0,1,0.005313471,2.112574498,2.144166220042732
ETEKAQ01_manual,5.81491,4.70834,5.54365,1.17141,2276.97,1943.78,0.0,0.0,0.6496,0.554545,0.0,1,0.004030463,1.600087456,1.7260602289987959
ETIXIQ_clean,6.68041,4.65647,6.65888,0.848377,2297.1,2707.64,0.0,0.0,0.6174,0.727742,0.0,0,0.009387227,3.178654583,3.6083761311620317
EVIMUT_clean,5.27695,4.27032,5.27695,0.98944,1543.01,1559.48,0.0,0.0,0.5212,0.526762,0.0,1,0.004281634,1.656707366,1.713851115330856
EWUKAK_clean,8.06678,6.82094,8.05126,1.11278,1981.43,1780.62,0.0,0.0,0.6252,0.561838,0.0,1,0.005741077,2.39741267,2.2368596895140556
EXAXAE01_clean,10.9668,6.77359,10.9668,1.34773,1718.01,1274.74,128.947,95.6773,0.6772,0.502475,0.0,1,0.003889785,1.115546861,1.5382785485265662
EXAXAE_clean,10.76753,6.65722,10.58024,1.36537,1690.78,1238.34,127.443,93.34,0.6754,0.494666,0.0,1,0.004176859,1.136355347,1.6580478163886598
EXEQAA_clean,7.25351,7.13068,7.2425,1.02495,1673.9,1633.14,0.0,0.0,0.6088,0.593978,0.0,0,0.007014775,2.977099978,2.866206017513267
EXOZIB_clean,8.81916,5.67239,8.81916,0.860889,2066.43,2400.34,0.0,0.0,0.7104,0.825193,0.0,1,0.003832297,1.689843957,1.6925497835365328
EYACOX_clean,8.14361,5.87215,7.68514,0.961963,2469.42,2567.06,0.0,0.0,0.6732,0.699819,0.0,1,0.005229309,2.16958167,2.253884455931245
EYULOA_clean,4.93073,3.99192,4.90572,1.26506,819.807,648.04,0.0,0.0,0.5008,0.395872,0.0,0,0.012939663,2.211394941,2.4100643507814605
FAGMEI_clean,4.74677,3.86448,4.45761,1.13696,582.955,512.733,152.586,134.206,0.5114,0.449797,0.0,1,0.007378123,2.152459296,1.961385899568902
FAGQAI_clean,13.61199,8.61498,13.60121,0.481098,2019.32,4197.32,0.0,0.0,0.7864,1.63459,0.0,1,0.003841519,1.767181722,1.8214145770424621
FAGREM_clean,7.38233,6.89343,7.38233,1.46524,1454.62,992.751,0.0,0.0,0.557,0.380143,0.0,1,0.00424072,1.711294941,1.52857184225774
FAKLOU_clean,9.12795,8.03305,9.12795,0.879649,1631.51,1854.72,0.0,0.0,0.6538,0.743251,0.0,0,0.004378709,1.997943001,1.8315425920619945
FAKNIR_clean,7.731,5.84497,7.731,0.960238,2118.84,2206.58,0.0,0.0,0.6484,0.675249,0.0,1,0.005924779,2.313018105,2.423033835004483
FALBAX_manual,16.15249,9.49143,16.1486,0.447193,2181.58,4878.38,0.0,0.0,0.8038,1.79743,0.0,0,0.004571432,2.192452551,2.1598507099484316
FASVIH_clean,7.36263,6.76595,7.35007,1.28937,1714.12,1329.42,0.0,0.0,0.6144,0.476511,0.0,1,0.003806857,1.637574038,1.5317430606093252
FATKIV_clean,14.84172,10.48506,14.13115,0.799535,924.965,1156.88,197.216,246.664,0.6364,0.795963,0.0,1,0.004447583,1.298960807,1.5142596845924812
FATKIW_clean,4.92999,3.7145,4.92517,1.89194,1016.62,537.341,0.0,0.0,0.477,0.252122,0.0,1,0.002462759,0.898894401,0.9023417838811633
FATKOC_clean,4.67985,3.79401,4.65705,1.90793,1011.46,530.135,0.0,0.0,0.4774,0.250219,0.0,1,0.002470069,0.883645791,0.9261260239124549
FAVGER_clean,5.35311,4.52327,5.34725,1.54964,901.531,581.768,0.0,0.0,0.481,0.310395,0.0,0,0.002630882,0.916764955,0.8926320298898559
FAVGOB_clean,4.8913,4.26213,4.88425,1.63875,774.721,472.75,0.0,0.0,0.4632,0.282654,0.0,1,0.002906528,0.93187515,0.920557928949905
FAVHIW_clean,4.93663,4.37848,4.91876,1.68898,774.259,458.419,0.0,0.0,0.459,0.271762,0.0,1,0.003173683,0.961214988,0.9791037685358077
FAYPEC_clean,11.32938,4.75784,11.28719,0.745804,1782.19,2389.63,0.0,0.0,0.6898,0.924908,0.0,1,0.004587902,1.926543621,1.9629498612246363
FAYPOM_clean,8.33734,7.34032,8.33734,0.888945,1770.92,1992.16,0.0,0.0,0.637,0.71658,0.0,0,0.004479728,1.898034975,1.904431231272075
FAYQAZ_clean,13.25092,5.37829,12.95797,0.797039,1583.25,1986.41,0.0,0.0,0.6806,0.85391,0.0,1,0.003773776,1.619898601,1.668587032372731
FAZFET_clean,6.57316,4.4573,6.55727,1.65256,1476.29,893.337,1.47172,0.89057,0.5356,0.324103,0.0,1,0.002899821,0.73064435,1.0650821177780292
FECXUI_clean,10.09798,5.67724,10.08611,0.924829,2051.69,2218.46,0.0,0.0,0.69,0.746084,0.0,1,0.006432456,2.340246728,2.377958644414113
FECZAQ_manual,8.47974,5.36674,8.47974,0.984083,2012.57,2045.13,0.0,0.0,0.6646,0.67535,0.0,0,0.004720319,2.044490907,1.9961899098038696
FEFDAX_clean,7.78612,6.37885,7.6796,0.828568,2134.58,2576.23,0.0,0.0,0.6746,0.814176,0.0,0,0.00554609,2.453486573,2.354941124457553
FEQSIF_clean,9.23636,5.60978,9.22645,0.773392,2340.66,3026.49,0.0,0.0,0.7012,0.906656,0.0,1,0.008780587,2.626129242,3.2457738110935224
FEWQOP_clean,5.35536,5.19712,5.35116,2.28568,1163.85,509.19,0.0,0.0,0.467,0.204315,0.0,1,0.003777751,1.178515899,1.1167469588505574
FEYDET_clean,5.39172,4.60807,5.33792,1.74589,895.254,512.778,0.0,0.0,0.456,0.261185,0.0,0,0.015367568,2.012967934,1.9689311261629805
FEYQIK_clean,5.731,4.17822,5.71686,1.30044,1433.54,1102.35,0.0,0.0,0.5822,0.447694,0.0,1,0.00436974,1.487726324,1.612432155286803
FEZQEI_clean,5.828,5.10591,5.828,1.19338,806.933,676.177,0.0,0.0,0.487,0.408086,0.0,0,0.002685909,0.978429454,0.896147832060829
FEZREJ_clean,6.80795,5.29768,6.78405,1.3201,2032.7,1539.8,0.0,0.0,0.6256,0.473902,0.0,1,0.005769898,2.223372911,2.154425632568218
FIBHIJ_clean,5.3367,3.42361,5.26159,1.29192,845.674,654.588,0.0,0.0,0.5226,0.404515,0.0,1,0.003639205,1.106575874,1.1915226366706764
FIFGIM_clean,12.64493,7.03976,9.83966,0.68535,2218.22,3236.63,0.0,0.0,0.7642,1.11505,0.0,1,0.005316544,2.365432185,2.3128313008651786
FIFMIS01_clean,4.81383,4.49281,4.81367,1.28928,625.276,484.979,115.997,89.97,0.4752,0.368577,0.0,1,0.010162222,2.234812955,2.1392293793766792
FIFNUE_clean,4.8017,3.95118,4.74576,1.02025,1565.01,1533.95,0.0,0.0,0.5802,0.568687,0.0,1,0.004607651,1.927132587,1.865502907719287
FIFPAM01_clean,4.73813,3.78761,4.73813,1.03017,1649.03,1600.74,0.0,0.0,0.5794,0.562433,0.0,1,0.004518382,1.902067943,1.8613014615772243
FIFPAM_clean,4.72449,3.84654,4.62424,1.03535,1611.82,1556.78,0.0,0.0,0.5846,0.564637,0.0,1,0.003660665,1.638810049,1.6353214351031164
FIJDIM03_clean,5.87678,5.11703,5.87678,1.23925,1279.62,1032.57,0.0,0.0,0.5332,0.430259,0.0,1,0.007862114,2.289041927,2.2134564891412443
FIJDIM05_clean,5.94737,5.16221,5.94737,1.2314,1299.48,1055.29,0.0,0.0,0.534,0.433654,0.0,1,0.007709944,2.287517409,2.268345959268813
FIJDIM09_clean,6.04424,5.23566,6.03957,1.22037,1336.43,1095.1,0.0,0.0,0.5392,0.441833,0.0,1,0.007569046,2.316090136,2.2158020998629926
FIJDIM12_clean,5.8948,5.11958,5.8948,1.23559,1318.02,1066.71,0.0,0.0,0.5368,0.434449,0.0,1,0.007819845,2.279377726,2.2620296444950494
FIJDIM_clean,5.85157,5.09863,5.85157,1.24567,1280.47,1027.93,0.0,0.0,0.5282,0.424028,0.0,1,0.008045282,2.25590551,2.192064983664688
FIPXEJ_clean,4.43579,3.68809,4.4295,1.35731,462.184,340.514,181.053,133.391,0.4954,0.364986,0.0,0,0.008534724,1.988545623,2.0232951814118767
FIQYUA_clean,4.6258,3.62649,4.60025,1.85684,696.0,374.831,0.0,0.0,0.4364,0.235023,0.0,0,0.003401485,1.024451399,0.9913447926555892
FIRNIF_clean,6.7853,6.06191,6.78493,0.71467,2582.63,3613.74,0.0,0.0,0.693,0.969679,0.0,1,0.005671135,2.594626869,2.5505423064669643
FIRNUR_clean,6.62054,6.03585,6.61701,0.714161,2609.57,3654.03,0.0,0.0,0.6944,0.97233,0.0,1,0.006647498,3.033180984,2.8025167985491484
FITGEW_clean,9.86717,4.17287,8.68985,1.08823,1175.78,1080.45,0.0,0.0,0.5382,0.494564,0.0,1,0.002538947,1.007836171,1.0590859005569477
FIYDOH_clean,4.62011,3.85906,4.62011,1.58881,555.753,349.792,0.0,0.0,0.3874,0.24383,0.0,1,0.003147832,0.868114952,0.9231296670604642
FOFTIF_clean,6.9711,4.44534,6.9711,1.09535,1552.88,1417.7,0.0,0.0,0.5846,0.533709,0.0,1,0.010676812,2.885694252,3.049672854905363
FOFTUR_clean,6.77119,4.51348,6.77119,1.0583,1552.58,1467.05,0.0,0.0,0.588,0.555606,0.0,1,0.009182138,2.648940134,2.8585437166181573
FOQPAE_clean,6.29792,5.29972,6.23782,1.24637,1399.4,1122.77,0.0,0.0,0.5656,0.453796,0.0,1,0.006324526,1.626870667,2.0189621208605715
FORPIM_clean,9.59156,4.26108,9.59156,1.02718,2184.13,2126.33,0.0,0.0,0.709,0.690238,0.0,1,0.002194633,1.031420764,1.0502457254147366
FORPOS_clean,9.45347,4.25355,9.45336,1.03837,2182.11,2101.49,0.0,0.0,0.7034,0.677411,0.0,1,0.002129618,1.033407493,1.0432384557487957
FORQAF_clean,9.35233,4.33657,9.35233,1.04043,2153.98,2070.28,0.0,0.0,0.6962,0.669144,0.0,1,0.002111948,0.991293679,1.0357221132575356
FOSTUE_clean,13.09568,7.43748,13.09568,0.582855,2174.14,3730.15,0.0,0.0,0.7556,1.29638,0.0,0,0.006447512,2.814029525,2.6082572427814097
FOVPOX_clean,5.86564,3.51663,5.02799,1.32713,811.807,611.702,0.0,0.0,0.504,0.379767,0.0,1,0.004082095,1.203821951,1.251145808752286
FOWTOC_clean,5.29743,3.61946,5.29013,1.16444,1132.68,972.722,0.0,0.0,0.4982,0.427845,0.0,0,0.006294864,1.857739195,1.8565530917300854
FOXNIQ_clean,5.68172,4.34787,5.68172,1.93205,592.227,306.527,51.4334,26.6211,0.4372,0.226288,0.0,1,0.002688225,0.678316876,0.7448554746982068
FUBDAI_clean,8.13737,7.41793,8.13713,1.22976,2049.34,1666.45,0.0,0.0,0.6726,0.546935,0.0,0,0.003793898,1.602009867,1.6193208392684537
FUNFOL_clean,9.5586,7.20173,9.50846,0.864162,1603.61,1855.68,0.0,0.0,0.6396,0.740139,0.0,1,0.004854663,1.957582989,2.0487268776552527
FURFIJ_clean,4.1371,3.42264,4.11394,1.63785,321.866,196.518,0.0,0.0,0.4366,0.266569,0.0,1,0.006447994,1.393891077,1.3525325993770974
FURROA_clean,11.58923,10.47029,11.58875,1.00075,1596.28,1595.09,0.0,0.0,0.6602,0.659706,0.0,1,0.002097153,0.91774946,0.9953215341364583
FURSES_clean,5.13622,4.08548,4.9972,1.59979,1236.67,773.017,0.0,0.0,0.4932,0.30829,0.0,1,0.005942795,1.75509956,1.7202356130418819
FUTYEA_clean,5.60643,4.51803,5.59058,1.0369,2090.75,2016.34,0.0,0.0,0.6318,0.609316,0.0,1,0.009642315,3.557028182,3.4329496137093587
FUXXIH_clean,10.16266,8.68185,10.16266,0.899748,1582.07,1758.35,0.0,0.0,0.6434,0.715089,0.0,1,0.003386674,1.360662817,1.4946584494018578
FUZPUN_clean,4.74703,3.54387,4.71052,1.02013,1169.51,1146.44,0.0,0.0,0.5838,0.572282,0.0,0,0.009891962,2.98030888,2.927647808635037
GACPUX_clean,5.9525,3.77259,5.85811,1.02185,1638.86,1603.82,0.0,0.0,0.614,0.600871,0.0,1,0.00809891,2.661767213,2.9130527257450387
GACVIS_clean,7.02111,6.32962,7.02111,1.11473,2097.73,1881.83,0.0,0.0,0.6286,0.563903,0.0,1,0.006200957,2.541450943,2.3238242640100624
GADNUX_clean,15.43787,6.70397,14.77017,0.729552,2339.56,3206.84,0.0,0.0,0.7494,1.02721,0.0,1,0.006823849,2.657297859,2.6729475455429403
GADRAH_clean,6.6659,5.14076,6.6659,1.16041,1633.36,1407.57,0.0,0.0,0.5642,0.486207,0.0,1,0.005546605,2.086264765,2.0075162856710325
GAFROX_clean,10.38317,5.82029,10.02176,0.765244,2450.36,3202.06,0.0,0.0,0.7244,0.946626,0.0,1,0.007496904,2.981287845,2.880383225783577
GARTEB_clean,4.30272,3.79858,4.29463,1.63832,1104.37,674.089,0.0,0.0,0.4846,0.295792,0.0,1,0.006912451,1.854945363,2.0648544998435123
GASSEB_clean,5.64924,4.02494,5.64854,0.918331,1776.39,1934.36,0.0,0.0,0.633,0.689294,0.0,1,0.005877945,2.223449191,2.424431164030604
GAWMOJ_clean,9.85959,7.82076,9.85959,0.707147,2014.24,2848.41,0.0,0.0,0.7242,1.02411,0.0,1,0.004729401,1.923504292,2.1356827803122576
GAYGAQ_clean_h,5.42545,4.61164,5.42545,1.32331,1222.55,923.858,0.0,0.0,0.5596,0.42288,0.0,1,0.011586849,2.607558063,2.676106413366457
GEDRUE_clean,6.04452,4.23776,6.03554,1.11864,2304.55,2060.12,0.0,0.0,0.6118,0.546912,0.0,1,0.00933083,2.997660426,3.2427469301207954
GEDTAM_clean,6.16288,4.28316,6.16288,1.08963,2317.05,2126.45,0.0,0.0,0.629,0.577258,0.0,1,0.008269623,2.864237118,2.9066462787618508
GERNOI_clean,6.93892,3.80818,6.45255,1.05982,1273.96,1202.05,0.0,0.0,0.5412,0.510651,0.0,0,0.006099554,2.230808114,2.070142820492513
GERWEH_clean,9.16485,6.64251,9.16485,1.11428,1571.66,1410.47,39.9079,35.815,0.625,0.560902,0.0,1,0.012045991,2.617894977,3.0395722343221423
GIQXEK_clean,5.02308,3.9389,5.02308,1.70666,1611.03,943.967,0.0,0.0,0.591,0.34629,0.0,1,0.003677703,1.398308717,1.3663115771070429
GIQXIO_clean,4.89641,3.86855,4.89641,1.80531,1632.56,904.31,0.0,0.0,0.5842,0.323601,0.0,1,0.003982594,1.510346169,1.4261951995662094
GIQXOU_clean,4.81089,3.81392,4.81089,1.85808,1583.35,852.141,0.0,0.0,0.5814,0.312903,0.0,1,0.00426338,1.597136963,1.5301333042047935
GIQXUA_clean,4.89316,3.86869,4.89316,1.79298,1637.93,913.522,0.0,0.0,0.5838,0.325603,0.0,1,0.003922638,1.5316045,1.4436754935820644
GIRXUC_clean,9.02646,6.62876,9.00319,0.768463,2450.96,3189.43,0.0,0.0,0.7778,1.01215,0.0,1,0.003157973,1.527585066,1.4931440903408144
GISMAY_clean,7.56113,5.5145,7.12706,1.15475,978.763,847.594,187.52,162.389,0.5516,0.477677,0.0,1,0.006083146,2.090906533,1.648551059470816
GITTUZ_clean,10.85901,8.03964,10.85901,1.03314,1392.4,1347.74,0.0,0.0,0.6084,0.588883,0.0,0,0.004653139,1.646898261,1.7249968743377664
GIVNIK_clean,7.21449,5.67473,7.21449,0.867445,2262.97,2608.78,0.0,0.0,0.6652,0.76685,0.0,1,0.003667443,1.707908851,1.6825982319157526
GIWCOF_ion_b,6.18603,4.18536,6.1755,1.09485,1872.24,1710.03,0.0,0.0,0.5864,0.535596,0.0,1,0.006071325,2.236486152,2.2106192868619297
GIXNAE_clean,7.22845,6.88703,7.22003,0.852646,2024.04,2373.83,0.0,0.0,0.6572,0.770777,0.0,0,0.004665666,2.051479057,1.9622274563524051
GIYTAK_clean,5.85565,4.3241,5.81433,1.11314,2290.27,2057.49,0.0,0.0,0.6456,0.579983,0.0,1,0.00564511,1.991527816,2.269435030522607
GOGSIF_clean,8.22407,5.82511,8.22407,0.843093,1913.32,2269.41,1.31012,1.55395,0.6484,0.769073,0.0,1,0.004050713,1.603617113,1.7780722541914433
GOGWEF_clean,4.59875,4.17002,4.59043,0.999501,2126.38,2127.44,0.0,0.0,0.617,0.617308,0.0,1,0.012455744,4.177728297,4.108312600890319
GOJDOZ_clean,4.79892,4.35574,4.79892,2.78878,865.091,310.204,296.77,106.416,0.5306,0.190263,0.0,1,0.001929772,0.74302453,0.7308853730009299
GOMFOF_clean,14.8276,14.77034,14.8276,0.887088,1281.1,1444.16,0.0,0.0,0.6208,0.699818,0.0,1,0.002588322,1.090564531,1.0971661779268451
GONNAA_clean,7.09205,5.80307,7.09205,0.944258,2774.42,2938.2,0.0,0.0,0.7154,0.757632,0.0,1,0.003804535,1.654600213,1.7576382941408686
GOPTIQ_clean,6.68622,4.50914,6.67956,0.770633,1838.89,2386.21,0.0,0.0,0.6402,0.830746,0.0,1,0.007505948,2.749891803,2.8727160195103
GUCHUJ_clean,4.84299,3.46778,4.84299,1.43835,1253.58,871.544,0.0,0.0,0.5374,0.373624,0.0,1,0.010843736,2.783346082,2.6070887734719763
GUDJOG_clean,7.68451,4.9879,7.6811,1.00363,1922.96,1916.01,0.0,0.0,0.6122,0.609987,0.0,1,0.006333061,2.422532676,2.4383292961218785
GUFBUG_clean,6.13698,5.34529,5.96708,1.2615,1111.92,881.432,0.0,0.0,0.517,0.40983,0.0,0,0.012400836,2.536969856,2.4805703799237433
GUHPAC_clean,8.2386,5.1093,8.2386,0.972915,1925.54,1979.14,0.0,0.0,0.6264,0.643838,0.0,1,0.005743504,2.335507481,2.2915026465970083
GUJREK_clean,6.69718,6.09535,6.69718,1.23624,986.103,797.665,80.349,64.9948,0.5296,0.428397,0.0,1,0.003794819,1.478998429,1.3415082910943936
GUQWOG_clean,7.33297,4.64507,7.06229,0.957966,1896.24,1979.44,0.0,0.0,0.6126,0.63948,0.0,0,0.007151358,2.662916475,2.798809886735373
GUTYIE_clean,5.62453,4.16158,5.60554,1.07616,1629.52,1514.21,0.0,0.0,0.6326,0.587833,0.0,0,0.010925277,3.043785759,3.357012883845962
GUVBOQ_clean,8.83128,4.93156,8.81323,1.43518,1000.0,696.779,0.0,0.0,0.4548,0.316894,0.0,1,0.005519432,1.244517297,1.572444907253101
GUXPOF_clean,5.62972,5.12114,5.55282,1.20445,928.209,770.649,0.0,0.0,0.499,0.414297,0.0,1,0.002864997,1.060614321,1.019786714231089
HABRAF_manual,24.30948,9.03515,24.30948,0.38234,1867.98,4885.64,0.0,0.0,0.8462,2.21321,0.0,1,0.004873739,2.181800431,2.2428482782219383
HADLOQ01_clean,10.03253,9.59417,10.02623,0.699735,1785.38,2551.51,0.0,0.0,0.7038,1.00581,0.0,0,0.004832344,2.155209988,2.137926594339308
HALQUJ_clean,5.83271,4.11171,5.82021,0.775057,2252.16,2905.8,0.0,0.0,0.6658,0.859034,0.0,0,0.006936108,2.850123771,2.8607973348131717
HAPBEI_clean,7.40345,4.51665,7.18933,1.1831,1645.32,1390.68,107.302,90.6958,0.5974,0.504945,0.0,1,0.003365101,1.308738761,1.4052871604565569
HAPBIM_clean,7.3635,4.07388,7.35928,1.22764,1566.0,1275.62,0.0,0.0,0.6092,0.496238,0.0,1,0.002363899,1.04997569,1.0179271854171226
HAPNEU_clean,7.1275,4.47989,7.11656,1.12613,1773.48,1574.85,0.0,0.0,0.6,0.5328,0.0,1,0.003706955,1.453467153,1.5604883262065117
HAPNUK_clean,5.80307,3.70444,5.7954,1.49676,1370.95,915.947,0.0,0.0,0.5352,0.357572,0.0,1,0.003519505,1.290752336,1.3477927160668433
HASMIZ_clean,9.9371,5.9051,9.93469,0.740129,2096.9,2833.15,0.0,0.0,0.687,0.928217,0.0,0,0.004253886,1.895800918,1.967326171988182
HASNUN_clean,5.53374,4.52225,5.53374,1.71424,1549.27,903.767,0.0,0.0,0.5698,0.332393,0.0,1,0.002472351,0.951162882,0.9984808449565923
HASTAY_clean,6.39369,3.9398,5.95965,1.27695,1466.95,1148.79,0.116669,0.0913651,0.5758,0.450916,0.0,1,0.008971734,2.537361376,2.5709151269247847
HATZOS02_clean,4.8576,4.0805,4.8576,1.31729,1109.65,842.374,1.31609,0.999089,0.544,0.41297,0.0,1,0.003642674,1.205613467,1.3266054687565405
HATZOS_clean,4.85832,4.07746,4.85832,1.31771,1115.31,846.4,1.47769,1.12141,0.531,0.402973,0.0,1,0.003528544,1.221054412,1.3002573712453893
HAWVEI_clean,5.44774,3.7649,5.44192,1.50867,1222.23,810.136,0.0,0.0,0.526,0.348652,0.0,0,0.009998409,2.327370448,2.4145430804766406
HAWVIM_clean,5.41474,3.72498,5.39995,1.55868,1201.98,771.152,0.0,0.0,0.522,0.334898,0.0,0,0.010754195,2.359247156,2.5076208405129603
HAWVOS_clean,5.41179,3.71334,5.38603,1.62695,1198.02,736.358,0.0,0.0,0.519,0.319002,0.0,0,0.011140239,2.36271162,2.4891152171139583
HEFFEF_clean,9.54316,8.35297,9.54316,1.17123,1191.49,1017.3,0.0,0.0,0.5608,0.478813,0.0,1,0.005513865,1.588316719,1.8780563334219773
HEGJUZ_clean,6.22529,4.73915,6.22421,1.09032,1314.16,1205.3,0.0,0.0,0.551,0.505357,0.0,1,0.009373152,2.454171426,2.5586532673560107
HEGNEN_clean,5.92457,4.79042,5.92457,1.92239,717.079,373.015,0.0,0.0,0.4062,0.2113,0.0,0,0.003136692,0.851350072,0.8672651971838478
HEGPAL_clean,5.89979,4.82106,5.89979,1.93984,705.302,363.588,0.0,0.0,0.4094,0.211048,0.0,0,0.003118138,0.755361537,0.8002880749982174
HELDOT_clean,9.05788,8.40599,9.04804,0.706681,2105.01,2978.73,0.0,0.0,0.7028,0.994508,0.0,1,0.00426102,1.949354339,1.9406997315045322
HEWFUL_ion_b,5.58258,4.94247,5.58258,1.66592,467.165,280.425,0.0,0.0,0.3124,0.187524,0.0,1,0.001548221,0.437104085,0.510920979302554
HGCNCO_clean,5.31956,3.48582,5.3054,1.56034,1406.04,901.106,0.0,0.0,0.6028,0.386325,0.0,1,0.002301526,0.914545864,0.9721033220039579
HICVUM_clean,5.70734,4.18424,5.69729,1.38731,1533.97,1105.72,0.0,0.0,0.5594,0.403228,0.0,1,0.010407005,2.625521354,2.8325339007719883
HICZEA_clean,4.83695,4.09471,4.83695,1.59649,796.791,499.09,0.0,0.0,0.4516,0.282871,0.0,0,0.012407216,2.115922593,1.9979467093978955
HIFGIO_SL,12.5848,12.05657,12.5848,0.73279,1666.47,2274.15,0.0,0.0,0.7016,0.957436,0.0,0,0.00592516,2.223643272,2.348359244452347
HIFTOG01_clean,15.08334,7.94194,15.08334,0.584242,2219.37,3798.71,0.0,0.0,0.8024,1.3734,0.0,0,0.003259013,1.531882069,1.56131277789699
HIHGIQ_clean,7.45404,4.653,7.45404,0.903111,1947.01,2155.89,0.0,0.0,0.6178,0.68408,0.0,0,0.009957532,3.272394904,3.399061228632999
HIQWOV_clean,6.76103,5.10334,6.76103,1.07696,1941.39,1802.66,0.0,0.0,0.6212,0.57681,0.0,0,0.005884908,2.213407371,2.302674351350661
HIWLOQ_clean,5.62306,3.85048,5.61686,1.5787,1548.3,980.742,0.0,0.0,0.6176,0.391207,0.0,1,0.007027245,2.0763457,2.1426087294555995
HIZQEN01_clean,5.09985,3.87591,5.09025,1.50728,1179.77,782.72,0.0,0.0,0.547,0.362907,0.0,1,0.007257057,2.015418191,2.0957514674750977
HOGLEV01_clean,9.50106,5.60478,9.50106,0.851383,2390.76,2808.08,0.0,0.0,0.7012,0.823601,0.0,1,0.008692938,2.811777686,3.1207737112688654
HOGLEV_clean,14.03402,9.0463,14.02308,0.76193,2112.49,2772.55,0.0,0.0,0.7494,0.983555,0.0,1,0.006992243,2.601499968,2.5534520490301085
HOJLID_clean,8.3495,5.13588,8.1646,0.608298,3093.18,5084.98,0.0,0.0,0.7326,1.20434,0.0,0,0.008633862,3.669951166,3.6659096635495274
HOJLUP_clean,6.04405,4.68216,6.04405,0.897215,1739.4,1938.66,0.0,0.0,0.5916,0.659373,0.0,1,0.007984898,2.83150441,2.8468468753454648
HOMRIL_clean,8.32537,4.10495,8.32349,0.82756,1557.76,1882.35,17.9805,21.7271,0.651,0.78665,0.0,1,0.003418054,1.594710517,1.4785243400891188
HOQMIL03_clean,5.60791,4.87769,5.56878,1.15397,1143.32,990.77,0.0,0.0,0.4896,0.424274,0.0,0,0.010659582,2.44955598,2.4886723706233447
HOQMIL_clean,5.74994,5.00317,5.74994,1.13423,1163.97,1026.22,0.0,0.0,0.491,0.432891,0.0,0,0.010169189,2.448252569,2.5364756217015807
HOWJEK_clean,3.99229,3.40619,3.99097,1.96697,432.183,219.72,0.0,0.0,0.4482,0.227863,0.0,1,0.004825831,1.466114441,1.2765425300805309
HOWPEQ_clean,5.50159,4.45937,5.49668,1.2167,2188.23,1798.5,0.0,0.0,0.652,0.535877,0.0,1,0.003056906,1.321529784,1.3628350731723113
HOWPOZ_clean,7.21513,5.98736,7.21361,1.27988,1504.5,1175.5,0.0,0.0,0.585,0.457073,0.0,1,0.004491009,1.873840509,1.717321459856735
HOWQAM_clean,6.8261,5.31039,6.2759,1.01498,2208.17,2175.58,0.0,0.0,0.6538,0.644149,0.0,1,0.006852524,2.674332826,2.6636006701146027
HOXGEH_clean,7.22422,5.56347,7.22422,1.76045,532.184,302.3,0.0,0.0,0.428,0.24312,0.0,1,0.001014762,0.406263984,0.38623988383550845
HOYTUL_clean,5.4823,3.49814,5.47353,1.38751,591.329,426.179,114.439,82.4776,0.4482,0.323024,0.0,1,0.002149984,0.845607042,0.820641556238448
HUDWUA_clean,5.86312,3.92573,5.85006,1.18848,1521.84,1280.49,0.0,0.0,0.5574,0.469003,0.0,1,0.009012144,2.654098317,2.7864951301572356
HUFLUR_clean,4.58854,4.14721,4.58854,1.14854,1287.04,1120.59,0.0,0.0,0.5678,0.494365,0.0,1,0.002629862,1.132142144,1.2134423641297862
HUMWIX_clean,14.98566,9.18322,14.98566,0.727734,1500.13,2061.37,168.676,231.782,0.6626,0.910497,0.0,1,0.006141819,2.211461534,2.3891363007317463
HUQHIM_clean,10.2269,8.71112,10.19864,0.711062,1763.31,2479.82,0.0,0.0,0.6842,0.962223,0.0,1,0.005439162,2.285443856,2.24595916444783
HURFEH_clean,7.40163,5.27423,7.39913,1.02718,1852.44,1803.42,0.0,0.0,0.6308,0.61411,0.0,1,0.011786477,2.692616843,3.3618944685503567
HUWLUI_clean,8.75473,4.69687,8.74085,1.19037,1892.69,1590.0,0.0,0.0,0.6324,0.531265,0.0,0,0.003824775,1.679921217,1.6064382288173928
HUYKAN_clean,9.77773,6.64666,9.77773,0.912205,1093.16,1198.37,132.875,145.663,0.5876,0.644153,0.0,1,0.005284146,1.619067249,1.782096041332743
HUYKIV_clean,13.89985,13.68041,13.89985,0.580343,1228.9,2117.55,17.6299,30.3783,0.7586,1.30716,0.0,1,0.003986755,1.336692468,1.6630196826222239
HUZSOL_clean,9.96894,8.00393,9.95333,0.905605,1288.39,1422.68,0.0,0.0,0.602,0.664749,0.0,1,0.00616078,1.824773345,1.8922309136580062
IBARUA_clean,7.1268,5.0269,7.1268,1.98004,834.649,421.532,0.0,0.0,0.4306,0.217471,0.0,0,0.002926701,0.908570018,0.8827607231474082
IBASAH_clean,7.16916,5.08713,7.16916,1.9547,862.063,441.02,0.0,0.0,0.4422,0.226224,0.0,0,0.003024266,0.910313598,0.9336970025817463
IBUDOZ_clean,5.08668,4.25333,5.08214,1.48919,879.713,590.733,0.0,0.0,0.5098,0.342334,0.0,1,0.007970641,1.647337342,1.8380789734644667
ic050064gsi20050115_040515_clean,7.09944,5.34059,6.92965,0.893388,2231.12,2497.37,0.0,0.0,0.6764,0.757118,0.0,1,0.006641541,2.609885088,2.621059935650846
ic060030osi20060309_091447_clean,7.66338,4.13517,7.08387,1.45852,1622.05,1112.12,0.0,0.0,0.6038,0.41398,0.0,1,0.003784445,1.519926276,1.4657949268634982
ic060771psi20060614_113937_clean,5.26056,3.44551,5.26056,1.3794,1193.29,865.074,0.0,0.0,0.5622,0.407567,0.0,1,0.006762502,2.021874649,2.076146355262635
ic102347b_si_001_clean,7.286,6.24859,7.286,0.867522,2138.17,2464.68,0.0,0.0,0.647,0.745803,0.0,1,0.005981484,2.620892293,2.4556888459884227
ic202626c_si_002_clean,4.17676,3.4851,4.17082,1.22883,636.577,518.037,0.0,0.0,0.5146,0.418774,0.0,0,0.006861569,2.282753394,2.109650039792184
ic202769e_si_002_clean,5.53082,4.05182,5.47464,1.47192,707.209,480.467,0.0,0.0,0.4518,0.306946,0.0,0,0.005616777,1.193667763,1.2790984969649328
ic300665a_si_002_clean,6.76851,6.40962,6.75925,1.06856,1310.99,1226.88,0.0,0.0,0.5662,0.529874,0.0,1,0.006149001,1.901174811,2.156524003387441
ic3019502_si_002_clean,8.03478,4.99407,8.03478,0.817121,2079.34,2544.72,0.0,0.0,0.6862,0.839778,0.0,1,0.007009378,3.095791115,2.7483282622676035
ic400777c_si_002_clean,6.92734,4.01933,6.90734,1.34581,1520.73,1129.98,0.0,0.0,0.5638,0.418931,0.0,1,0.014491867,3.108086927,3.3073905692686063
ic401157n_si_003_clean,8.36266,5.62116,8.35172,0.801466,2331.72,2909.32,0.0,0.0,0.6656,0.830478,0.0,1,0.009778395,3.596045952,3.694971636910595
ic402058f_si_002_clean,5.68988,4.36716,5.68491,1.37492,565.476,411.28,350.976,255.27,0.5054,0.367586,0.0,1,0.010810938,2.041235207,1.9950245112978637
ic500323r_si_002_clean,5.13222,4.08543,5.13222,1.68431,1029.92,611.476,0.0,0.0,0.4906,0.291276,0.0,1,0.002945282,1.032376141,0.9748026580664311
ic5011133_si_003_clean,6.22091,5.02145,6.15779,1.0165,1852.81,1822.74,0.0,0.0,0.6262,0.616036,0.0,0,0.006319299,2.525028571,2.500032061336743
ic5021302_si_002_clean,7.40462,5.14931,5.97305,1.03321,929.837,899.95,920.441,890.857,0.6068,0.587296,0.0,0,0.007257027,2.596027268,2.471352413127357
ic502643m_si_003_clean,9.70753,8.64872,9.70205,0.819549,2343.2,2859.13,0.0,0.0,0.7048,0.859985,0.0,1,0.005696943,2.48581181,2.386159575757104
ic502643m_si_006_clean,9.0043,8.36575,9.0043,0.810849,2358.37,2908.52,0.0,0.0,0.7174,0.884751,0.0,1,0.006004757,2.521887701,2.5055713345371737
ic502643m_si_009_clean,12.65736,11.14997,12.63796,0.678305,2348.61,3462.47,0.0,0.0,0.757,1.11602,0.0,1,0.005515667,2.270317571,2.3974960157145078
ic5b00130_si_002_clean,5.93683,5.18128,5.93683,1.3408,561.854,419.044,0.0,0.0,0.4314,0.321748,0.0,0,0.004662737,0.988745475,1.1178320452211272
ic5b00194_si_002_clean,8.53834,6.535,8.52358,0.823713,2522.95,3062.9,0.0,0.0,0.705,0.85588,0.0,1,0.009762116,3.479670664,3.690063452298334
ic5b01023_si_002_clean,12.81278,3.94057,12.81278,0.929822,1555.72,1673.14,0.0,0.0,0.6134,0.659696,0.0,1,0.011110043,3.14877052,2.9953801944529364
IDEYOF_clean,10.03153,6.17304,10.03153,0.42881,2478.11,5779.04,0.0,0.0,0.8074,1.88288,0.0,1,0.003979289,2.031205724,1.9517323696052482
IDORAW_clean,10.66058,7.94571,10.64148,0.758358,1989.66,2623.65,0.0,0.0,0.7566,0.997682,0.0,1,0.00320382,1.399506264,1.470415783642252
IFEHUY_clean,11.31643,10.12794,11.31643,1.037,1594.72,1537.82,0.0,0.0,0.6458,0.622755,0.0,1,0.003068237,1.435327523,1.3772170346211554
IFEPUG_SL,8.50919,8.20364,8.50919,1.3525,636.298,470.459,0.0,0.0,0.441,0.326062,0.0,0,0.002304037,0.981012569,0.8251811074694381
IFEQIV_SL,8.23002,7.90173,8.23002,1.32672,694.39,523.389,0.0,0.0,0.4528,0.341293,0.0,0,0.00163276,0.717173224,0.6220695048464535
IGAGAA_clean,6.32999,3.64698,6.28248,1.49391,1433.42,959.509,0.0,0.0,0.5336,0.357182,0.0,1,0.008779163,2.231243935,2.2770423821981867
IGAHAB_clean,8.07676,5.90613,8.07676,1.09695,1250.92,1140.36,257.39,234.642,0.6018,0.548613,0.0,1,0.009522811,2.010939821,2.712572160894514
IGETUL_clean,7.73199,5.01492,7.73199,1.17458,1427.74,1215.53,0.0,0.0,0.5802,0.493962,0.0,1,0.012347891,2.940110305,2.9508756078684453
IGINIX01_clean,5.76124,3.82869,5.74335,1.27239,1739.17,1366.85,0.0,0.0,0.5698,0.447817,0.0,1,0.009815106,2.965940268,3.0598680197993735
IGINIX_clean,5.75448,3.84672,5.66179,1.27352,1748.75,1373.16,0.0,0.0,0.5668,0.445064,0.0,1,0.009858036,2.918877918,3.0532252961515542
IHIMAP01_clean,5.07944,3.8505,5.07201,1.90767,927.816,486.36,0.0,0.0,0.4506,0.236204,0.0,1,0.001791946,0.679941268,0.6730077790522652
IHIMAP_clean,4.88033,3.6251,4.88017,1.94507,780.03,401.03,0.0,0.0,0.4326,0.222409,0.0,1,0.001831432,0.638519878,0.6463640455146551
IJASOC_clean,6.30976,5.8805,6.27431,1.0194,1983.73,1945.99,0.0,0.0,0.653,0.640576,0.0,1,0.005958738,2.090433836,2.2358814040581407
IKEBUV_clean,4.87862,3.88747,4.8574,1.29691,1916.47,1477.73,0.0,0.0,0.6176,0.47621,0.0,1,0.005185003,2.092803805,2.073981422165812
IKETIB_clean,13.18345,6.57771,10.98623,0.873765,2179.56,2494.44,0.0,0.0,0.722,0.826309,0.0,1,0.005909367,2.013952453,2.2201949090990083
IKEVAW_clean,5.40684,4.19271,5.39701,1.71304,1637.64,955.985,0.0,0.0,0.5474,0.319548,0.0,1,0.004832405,1.587675261,1.6593385627775799
IKOVEL_clean,15.9244,15.48384,15.9244,0.975432,1532.92,1571.53,0.0,0.0,0.643,0.659195,0.0,1,0.005712113,1.919286808,2.1553104303022423
ILEHUD_clean,5.02137,3.75623,4.99615,1.79998,1015.1,563.953,0.0,0.0,0.5264,0.292448,0.0,1,0.012746208,2.144635159,2.25228533108004
ILITUT_manual,12.63372,9.84913,12.63125,0.49196,2089.33,4246.95,0.0,0.0,0.786,1.59769,0.0,1,0.004006602,1.957671183,1.9053364450431822
INARUM_clean,4.27147,3.60968,4.26595,1.49233,736.38,493.444,0.0,0.0,0.5148,0.344964,0.0,1,0.00671599,1.797926938,1.9332989343568399
INOMOP_clean,5.26106,4.80157,5.24412,1.1048,1287.23,1165.13,0.0,0.0,0.553,0.500544,0.0,1,0.006485247,2.190271266,2.101226999556696
IPIFAP_clean,7.07203,5.90208,7.07203,1.44306,1593.23,1104.06,0.0,0.0,0.6048,0.419109,0.0,1,0.002074213,0.85784869,0.9224733428254704
IPIJEY_clean,5.9118,5.17695,5.9118,1.3358,1030.18,771.213,0.0,0.0,0.4974,0.372363,0.0,1,0.005678204,1.700260478,1.6140502128736331
IQEWOQ_clean,5.16976,4.01341,5.16976,1.5881,979.709,616.905,0.0,0.0,0.4814,0.303129,0.0,0,0.002755941,0.899199892,0.9283103718052638
IQOJEF_clean,6.3031,3.72946,5.90938,1.09859,1022.71,930.932,0.0,0.0,0.506,0.460592,0.0,1,0.009030626,2.495244841,2.3604178112920104
IQOKIK_clean,6.46497,4.73774,6.45982,0.941841,1852.78,1967.19,0.0,0.0,0.5902,0.626645,0.0,1,0.006817341,2.663441471,2.6171451808780617
IQUCOO_clean,6.46968,5.45118,6.44712,1.037,1366.21,1317.47,0.0,0.0,0.5412,0.521892,0.0,1,0.00834498,2.580579444,2.5982460370896883
ITAPIC_clean,5.53493,4.56275,5.50447,0.932577,3320.52,3560.59,0.0,0.0,0.7606,0.815589,0.0,1,0.001404837,0.610994089,0.721638878532423
ITIPOS_clean,9.85225,8.07125,9.85225,1.06602,1798.13,1686.76,17.9557,16.8436,0.664,0.622875,0.0,1,0.002512201,1.074921325,1.1146431730069157
IVOGUX_clean,5.27459,4.52668,5.27459,1.48634,1223.66,823.275,0.0,0.0,0.5418,0.36452,0.0,1,0.008826236,2.232822264,2.1629019748088565
IVUVIG_clean,6.23822,4.28609,6.22408,1.47829,1492.88,1009.86,0.0,0.0,0.5414,0.366233,0.0,1,0.006867038,2.14183303,2.0574849139477176
IWAYEK_clean,9.36738,4.35185,9.36738,1.20213,1638.24,1362.78,0.0,0.0,0.576,0.479148,0.0,1,0.001846443,0.906866097,0.8668840110753758
IWEVAJ_clean,13.76426,6.67603,13.76426,0.642349,2372.68,3693.76,0.0,0.0,0.7784,1.2118,0.0,1,0.003471491,1.586925766,1.6631345049656416
IXEJOM_clean,15.02825,14.15107,15.02825,0.818993,2120.95,2589.7,0.0,0.0,0.749,0.914537,0.000244202,1,0.003728212,1.668668076,1.6453940241260578
IXOFOR_clean,6.58573,6.10481,6.58573,1.02216,1741.26,1703.51,0.0,0.0,0.611,0.597752,0.0,0,0.0057688,2.403598729,2.3023000137923426
IXOFUX01_clean,6.87071,6.41176,6.84188,1.00146,1800.87,1798.25,0.0,0.0,0.6308,0.629881,0.0,0,0.005824703,2.397815503,2.4380581787895736
IXUQUO_clean,6.17038,3.88626,6.17038,1.0897,1053.12,966.424,109.804,100.765,0.5652,0.518674,0.0,1,0.015209729,2.495529796,3.0391229958716144
IXUWII_clean,7.47721,5.13969,7.4691,0.925259,1534.87,1658.86,0.0,0.0,0.5898,0.637443,0.0,0,0.008955327,3.12372878,2.963135857555438
IYODAD_clean,9.11936,6.31963,9.11936,1.11347,1733.11,1556.5,0.0,0.0,0.6578,0.590765,0.0,0,0.002869519,1.254013616,1.3059672546751826
IYUCIQ_clean,9.96651,8.62113,9.96126,0.918137,1921.78,2093.13,0.0,0.0,0.6824,0.743244,0.0,0,0.003123109,1.427199963,1.4443042461215356
IZEBEV_clean,3.9737,3.59297,3.9737,1.83936,288.006,156.579,0.0,0.0,0.4124,0.224208,0.0,1,0.002145349,0.6315782,0.5917546098601345
IZEPAF_clean,24.1004,7.53546,24.1004,0.570649,1958.05,3431.26,0.0,0.0,0.7816,1.36967,0.0,1,0.0039576,1.817297276,1.816540055885781
IZUVUV_clean,10.56188,10.34053,10.56188,0.902736,1518.51,1682.12,0.0,0.0,0.6572,0.728009,0.0,1,0.002078896,0.964779632,0.9785953112521681
ja109659k_si_002_clean,11.09415,6.65734,11.09415,1.14966,1274.48,1108.58,493.769,429.493,0.6432,0.559472,0.0,1,0.006851664,2.445353673,2.447474494890207
ja110042b_si_003_clean,18.775,6.41603,18.72266,0.610707,2220.68,3636.25,0.0,0.0,0.7614,1.24675,0.0,1,0.005206633,2.30179487,2.2845402543946873
ja406030p_si_006_manual,12.36076,7.19983,11.84038,0.687816,2106.83,3063.07,0.0,0.0,0.751,1.09186,0.0,1,0.008031774,2.345770653,2.6015859122633835
ja408959g_si_002_clean,31.07244,30.38497,31.07244,0.440944,1502.5,3407.47,0.0,0.0,0.8264,1.87416,0.000453572,0,0.00383874,1.775322965,1.749710598930588
ja500330a_si_006_auto,12.20585,6.15217,12.20585,0.793444,2143.73,2701.8,0.0,0.0,0.7068,0.8908,0.000252066,0,0.00206137,0.999155805,0.9777209711181685
ja510525s_si_002_clean,11.55111,8.31224,11.55111,1.02928,1660.34,1613.11,402.375,390.929,0.6934,0.673676,0.000194311,1,0.00450616,1.988648462,2.034177853393323
ja510525s_si_003-1_clean,10.94267,8.40951,10.74622,0.792307,2099.13,2649.38,0.0,0.0,0.6954,0.87769,0.000252427,1,0.005483414,2.37946438,2.2094038488624594
ja512437u_si_004_clean,5.66299,4.65074,5.65798,1.30634,1428.94,1093.85,0.0,0.0,0.5386,0.412296,0.0,1,0.008385607,2.372177641,2.270327930977776
ja5b02897_si_003_clean,11.87679,10.79351,11.87679,1.06888,1595.23,1492.43,0.0,0.0,0.6484,0.606614,0.0,1,0.004500582,1.965700115,1.8538394952113149
ja907023c_si_001_clean,9.61179,5.4202,9.50068,0.666698,1801.22,2701.7,393.55,590.296,0.69,1.03495,0.0,0,0.005358009,2.365147583,2.42669860091426
ja907023c_si_002_clean,9.7447,5.39631,9.52834,0.66078,1783.63,2699.29,403.357,610.425,0.6912,1.04604,0.0,0,0.005112413,2.383782829,2.3212606596434773
JABMEF_clean,4.29453,3.62408,4.28019,1.76637,1054.03,596.719,0.0,0.0,0.558,0.315902,0.0,0,0.010621064,2.874210329,2.4925955805027606
jacs.5b12516_ja5b12516_si_003_clean,8.53606,6.74383,8.51304,1.39796,1816.6,1299.47,0.0,0.0,0.6282,0.44937,0.0,1,0.001488224,0.682508527,0.6832630271330803
jacs.5b12516_ja5b12516_si_004_clean,8.49651,6.78307,8.47146,1.40015,1810.97,1293.41,0.0,0.0,0.6308,0.450522,0.0,1,0.001461845,0.676118178,0.6781876319886038
jacs.6b04608_ja6b04608_si_003_clean,17.74549,10.18366,17.61731,0.472151,1971.53,4175.64,0.0,0.0,0.8228,1.74266,0.000423593,0,0.003319706,1.592296912,1.5957670366616978
jacs.6b06759_ja6b06759_si_004_clean,15.4905,7.85668,15.48477,0.558595,2165.23,3876.2,0.0,0.0,0.7746,1.38669,0.000358041,0,0.003641969,1.697543066,1.6912676373618563
jacs.6b08724_ja6b08724_si_009_clean,28.38912,26.8915,28.38912,0.324235,1424.57,4393.62,0.0,0.0,0.8668,2.67337,0.0,1,0.004675851,2.165411857,2.1518061314887875
jacs.6b08724_ja6b08724_si_014_clean,28.056,26.5894,28.056,0.284192,1417.0,4986.05,0.0,0.0,0.8798,3.09579,0.0,1,0.005747499,2.590073081,2.4802121801400365
JADJOQ_clean,5.63389,5.12978,5.62594,1.03186,2420.1,2345.38,0.0,0.0,0.6734,0.65261,0.0,1,0.005470409,2.339841066,2.2766383555736973
JALCAD_clean,10.23917,5.38907,7.72274,0.840589,1476.7,1756.74,567.482,675.1,0.661,0.786353,0.0,1,0.012098887,4.569829055,3.691681667784952
JAVNIE_clean,7.27986,4.97275,7.26799,0.939534,2385.4,2538.91,0.0,0.0,0.669,0.712055,0.0,1,0.005286743,2.179091171,2.2563423976050787
JEDJUY_clean,5.0551,4.14906,5.0551,1.66961,1339.59,802.333,0.0,0.0,0.4474,0.267966,0.0,1,0.005598357,1.922060759,1.7402499536216591
JELPAS_clean,6.6136,5.51475,6.6136,2.20984,1180.92,534.391,0.0,0.0,0.4712,0.213228,0.0,1,0.005295738,1.476923865,1.3834723457489306
JITPOS_SL,5.87095,4.85353,5.87048,1.43918,1047.46,727.817,0.0,0.0,0.485,0.336998,0.0,1,0.003594185,1.189021881,1.2067968183376612
JIVSEN_clean,4.65844,4.22522,4.64209,1.94999,466.538,239.251,0.0,0.0,0.392,0.201026,0.0,1,0.002502101,0.686951641,0.7092319096885321
JIZWIA_clean,5.73459,5.3907,5.73388,1.0417,1399.8,1343.76,0.0,0.0,0.5588,0.536429,0.0,0,0.010626758,1.704830448,2.8842188898133396
JOGSAA_clean,12.97631,9.4474,12.86758,0.420776,1989.54,4728.27,0.0,0.0,0.8226,1.95496,0.0,1,0.003850774,1.809459397,1.7878236391190878
JOKXEM_clean,4.6554,3.9457,4.65434,1.57353,726.052,461.416,0.0,0.0,0.5004,0.318011,0.0,1,0.001282046,0.496632192,0.5130326269190079
JOKYAJ_clean,4.98975,3.80682,4.92018,1.55283,739.05,475.936,0.0,0.0,0.512,0.32972,0.0,1,0.001237903,0.500935105,0.48900744292061177
JOKYIR_clean,5.00078,3.76275,4.99703,1.55706,710.679,456.424,0.0,0.0,0.5092,0.327027,0.0,1,0.001224085,0.489092689,0.48954751489304443
JOQZUM_clean,5.68246,5.15937,5.6766,1.419,1065.4,750.809,34.7517,24.4903,0.522,0.367865,0.0,1,0.001291746,0.589764073,0.5323706319982522
JORBAV_clean,5.6025,5.15328,5.59565,1.72417,1077.57,624.98,31.7982,18.4426,0.5402,0.31331,0.0,1,0.001104231,0.501442815,0.45876060639428473
JOVXEZ_clean,4.48882,3.73021,4.48882,1.13994,1278.34,1121.41,0.0,0.0,0.558,0.4895,0.0,1,0.006068339,2.048518278,2.239684273203235
JOXPIX_clean,5.23239,4.07998,5.23239,2.19565,717.149,326.623,0.211459,0.0963082,0.4132,0.188191,0.0,1,0.001221433,0.444223462,0.4345642079980164
JUCGUL_clean,6.1601,4.88151,6.1601,0.959179,1807.63,1884.57,0.0,0.0,0.5894,0.614484,0.0,1,0.010553355,3.272073128,3.3474766597718983
JUMCOL_clean,7.85155,7.4129,7.84422,0.988066,1824.14,1846.18,0.0,0.0,0.6392,0.646921,0.0,0,0.00544781,2.527564759,2.4064026429304235
JUMCUR_clean,6.66565,6.12054,6.47961,1.03261,1670.88,1618.12,0.0,0.0,0.6176,0.598098,0.0,0,0.005994214,2.398067916,2.3264337585627826
JUYROM_clean,6.54798,4.58648,6.32354,0.991599,1825.87,1841.34,0.0,0.0,0.6014,0.606495,0.0,0,0.009155358,3.459901033,3.0840112626919676
KABXES_clean,5.52619,4.96961,5.37117,1.18279,1951.27,1649.71,0.0,0.0,0.6294,0.53213,0.0,1,0.006747866,2.258785803,2.4302569515580017
KAJZIH_clean,8.4847,6.59254,8.46458,1.73964,1004.17,577.227,0.0,0.0,0.4824,0.277298,0.0,1,0.002864039,1.121969303,0.9767409615791519
KALFEK_clean,6.54196,4.56831,6.52391,0.938074,1723.71,1837.5,0.0,0.0,0.6008,0.640461,0.0,0,0.009959082,3.305364493,3.3416053645297845
KALFOU_clean,6.46523,4.80891,6.4631,0.94279,1718.26,1822.53,0.0,0.0,0.5936,0.629621,0.0,0,0.010677364,3.395137482,3.4189521316819866
KARNAU_clean,15.53234,10.48172,15.53234,0.459782,1976.67,4299.13,0.0,0.0,0.8028,1.74604,0.0,0,0.005881785,2.466921402,2.537679479151417
KARTAA_clean,6.20188,4.23592,5.30961,1.89212,1747.42,923.525,0.0,0.0,0.5718,0.3022,0.0,0,0.004065856,1.384628316,1.4313253972720836
KAVGAQ_clean,5.26252,4.91537,5.26252,1.15534,1485.59,1285.85,0.0,0.0,0.5246,0.454067,0.0,0,0.0122205,2.819140367,3.032518910548241
KAVNIH_clean,8.43697,7.72021,8.43697,1.03874,1070.95,1031.01,0.0,0.0,0.5158,0.496565,0.0,0,0.005715788,1.731085251,1.9299193068400609
KAVTEI_clean,5.69693,3.84932,5.6869,1.19116,1393.16,1169.59,0.886343,0.744103,0.5548,0.465766,0.0,0,0.006764286,2.230914624,2.2667258114338282
KAWBOB_clean,7.62136,6.38807,7.35051,1.08418,1533.97,1414.86,0.0,0.0,0.5764,0.531645,0.0,1,0.004169995,1.737940176,1.768151059622611
KAYBIX_clean,5.6946,5.49039,5.6894,1.21439,1338.7,1102.37,0.0,0.0,0.5044,0.415354,0.0,1,0.013386534,3.094919772,2.910047948806012
KEDJAG08_clean,5.61357,4.40385,5.61357,1.06606,3021.96,2834.71,0.0,0.0,0.6918,0.648934,0.0,0,0.002872145,1.371952572,1.3453567514856561
KEDJAG12_clean,5.63489,4.44582,5.40576,1.06079,3035.28,2861.33,0.0,0.0,0.6926,0.652908,0.0,0,0.002880134,1.353964716,1.3470748025288648
KEDJAG14_clean,5.64072,4.46761,5.621,1.05911,3041.81,2872.03,0.0,0.0,0.6942,0.655454,0.0,0,0.002932064,1.35916174,1.3470748025288648
KEDJAG20_clean,5.67593,4.5303,5.67504,1.05131,3067.91,2918.19,0.0,0.0,0.6962,0.662224,0.0,0,0.003051903,1.353798938,1.4056864174561607
KEDJAG24_clean,5.73555,4.60029,5.7012,1.03985,3093.95,2975.36,0.0,0.0,0.6996,0.672786,0.0,0,0.002958029,1.368411325,1.360369908598192
KEDJAG26_clean,5.76062,4.63585,5.58828,1.03565,3107.22,3000.25,0.0,0.0,0.7004,0.676287,0.0,0,0.002768284,1.368768846,1.3021520535255933
KEGZOL01_clean,6.43501,4.94371,6.43501,0.973544,2580.97,2651.11,0.0,0.0,0.724,0.743675,0.0,0,0.002757618,1.211681001,1.2900421232952393
KEGZOL03_clean,6.38762,4.90333,6.38762,0.985223,2558.92,2597.3,0.0,0.0,0.7104,0.721055,0.0,0,0.002803313,1.244917449,1.2771570287285352
KEHFUA_clean,4.97412,3.92327,4.96359,1.11198,578.781,520.497,332.856,299.337,0.5476,0.492456,0.0,1,0.007091016,2.071071558,1.9043625176405414
KEJBOQ_clean_h,5.17871,3.9347,5.17066,1.30921,1037.24,792.266,0.0,0.0,0.5384,0.411242,0.0,1,0.01750546,3.298429875,2.9911208117887904
KEPPIF_clean,7.58494,5.23607,7.09943,1.25981,2380.78,1889.8,0.0,0.0,0.6804,0.540084,0.0,1,0.002973782,1.312804963,1.312151520235973
KESHAT_clean,4.71415,3.88542,4.71415,1.78814,1095.1,612.422,0.0,0.0,0.4878,0.272797,0.0,1,0.002433338,0.900228021,0.9242563605202556
KEWBUL_clean,5.54329,4.14541,5.54329,1.48949,971.772,652.421,0.0,0.0,0.4996,0.335418,0.0,1,0.004445568,1.335183146,1.278059297998317
KINFEU_clean,7.75525,5.37339,7.72099,1.46024,1528.12,1046.49,0.0,0.0,0.5768,0.395004,0.0,1,0.006602212,2.228033275,2.058742982518481
KIPZEQ_clean,4.90958,4.0897,4.90138,1.27414,1102.16,865.023,0.0,0.0,0.4878,0.382847,0.0,1,0.008362511,2.266877842,2.14803970070966
KITVEQ_clean,6.53651,4.25527,6.53589,1.13006,897.316,794.041,0.0,0.0,0.4944,0.437498,0.0,0,0.005091189,1.68506615,1.5046775241782324
KIYQEQ_clean,5.83028,3.92148,5.83028,1.25472,1762.89,1405.01,0.0,0.0,0.5742,0.457633,0.0,1,0.009824144,2.963205847,3.062428010718062
KOBRAV_clean,6.35889,3.80128,6.35889,1.36336,826.663,606.343,0.0,0.0,0.4722,0.34635,0.0,1,0.003642529,1.167512023,1.1412850574007978
KOCWEF_clean,8.13442,3.87575,8.10204,1.046,828.231,791.809,624.804,597.328,0.5872,0.561377,0.0,1,0.005357016,2.124354007,1.9235028186695031
KOFPEB02_clean,7.34058,5.07386,7.34058,1.77151,892.32,503.707,0.0,0.0,0.46,0.259666,0.0,0,0.002965983,1.015819416,0.9579730728465454
KOFPEB_clean,7.31754,5.12695,7.31754,1.78125,881.099,494.651,0.0,0.0,0.4574,0.256786,0.0,0,0.002957129,0.993647583,0.9603814715020852
KOHLIE_clean,6.85522,4.84816,6.83832,0.971676,1685.5,1734.63,0.0,0.0,0.5992,0.616666,0.0,1,0.00597,1.975054397,2.331241768356471
KOKKOL_clean,5.52004,3.68761,5.13882,1.35428,964.882,712.469,2.40449,1.77548,0.5008,0.369791,0.0,1,0.011481887,2.444423245,2.239842484238762
KOMCOG_clean,8.14869,7.69355,8.14119,0.987789,1275.19,1290.95,0.0,0.0,0.5856,0.592839,0.0,0,0.004858009,1.968332801,1.9180514512381146
KOMGUP_clean,4.68805,3.52352,4.66923,1.59631,799.407,500.784,0.0,0.0,0.5144,0.322243,0.0,0,0.009203605,1.87115082,2.0982602427041726
KOMVIT_clean,5.90535,4.58324,5.82203,1.08467,916.631,845.08,0.0,0.0,0.4426,0.408051,0.0,1,0.002859059,1.19264253,1.0200497247284428
KOSJUZ_clean,11.10045,9.86004,11.10045,1.1813,1571.58,1330.38,0.0,0.0,0.6394,0.541269,0.0,1,0.003424534,1.532043696,1.5233689456184882
KOSKAG_clean,11.20025,9.92421,11.20025,1.17831,1553.45,1318.38,0.0,0.0,0.64,0.543152,0.0,1,0.003476178,1.540988801,1.56733330606978
KOSLOV_clean,11.06557,9.9584,11.06504,1.19415,1597.55,1337.81,0.0,0.0,0.6546,0.54817,0.0,1,0.003394136,1.563648267,1.5190245688954447
KOVJAI01_clean,4.82969,3.81832,4.82273,1.56913,1845.61,1176.2,0.0,0.0,0.5908,0.376513,0.0,1,0.004566333,1.727699469,1.7188220046203866
KOXFUA_clean,4.69443,3.97759,4.69443,1.13804,1028.96,904.147,0.0,0.0,0.5206,0.457451,0.0,0,0.005999364,1.995574312,1.9409205694093672
KOXGIP_clean,6.17141,3.90334,6.16279,1.0195,1425.23,1397.97,0.0,0.0,0.5534,0.542815,0.0,0,0.004557272,1.769188529,1.7706311740356437
KUDLUR_clean,7.15013,5.00794,7.15013,1.94765,848.423,435.613,0.0,0.0,0.4292,0.220368,0.0,0,0.003033424,0.928810217,0.9335257070115249
KUHNEI_clean,4.79446,3.77144,4.77823,1.53468,1318.31,859.009,0.0,0.0,0.5006,0.326191,0.0,1,0.011519665,2.711659288,2.7447034981882577
KUJPAH_clean,10.82391,6.6625,10.80154,0.808261,1985.69,2456.74,0.0,0.0,0.6988,0.864572,0.0,1,0.004996227,1.964939887,2.048798813427359
KULZEY_clean,5.33789,3.67614,4.8281,1.21787,366.738,301.132,43.558,35.7659,0.4728,0.38822,0.0,1,0.005070845,1.15638059,1.1720650417552674
KUSZED_clean,6.91176,5.48765,6.90468,1.05966,2714.41,2561.59,0.0,0.0,0.7606,0.717779,0.0,1,0.001448739,0.672066035,0.6926201369821043
KUXLUL_clean,5.74302,5.27685,5.74302,1.21834,2265.85,1859.79,0.0,0.0,0.629,0.516277,0.0,1,0.006410619,2.562919166,2.4343056122281115
KUXREC_clean,9.08968,8.2956,9.08968,0.720728,2297.66,3187.98,0.0,0.0,0.7352,1.02008,0.0,1,0.00501198,2.115040185,2.2079688613701585
LABRUE_clean,7.57658,5.24596,7.57658,1.02746,1360.51,1324.14,0.363733,0.354011,0.5524,0.537636,0.0,1,0.005974925,2.033960579,2.093712710849548
LACNUB_clean,10.94579,5.16973,10.93074,0.864094,1771.17,2049.74,0.852229,0.986269,0.6286,0.727467,0.0,1,0.007467413,2.2336507,2.377567114015424
LACZEX_clean,9.30565,6.85906,9.27959,0.706361,2166.56,3067.21,0.0,0.0,0.6788,0.960982,0.0,1,0.005228898,2.415423763,2.3277026412349637
LAFQUG_clean,12.86913,4.98724,12.65799,0.728838,1735.49,2381.17,147.1,201.828,0.6744,0.925308,0.0,0,0.009405246,3.003297194,2.9649725023017277
LAFROB_manual,12.50276,5.7361,12.50276,0.712849,1639.29,2299.63,251.853,353.304,0.6904,0.968508,0.0,0,0.009440465,2.999438947,3.203449092453896
LAGBUS_clean,7.74875,6.13477,7.74875,1.18661,1504.44,1267.85,0.0,0.0,0.5684,0.479013,0.0,1,0.003741928,1.459853922,1.535776303232289
LAGHIL_clean,4.99697,4.10291,4.99697,1.2735,911.527,715.766,0.0,0.0,0.5088,0.399529,0.0,1,0.016588848,2.707680073,2.701199114731171
LAGQER_clean,4.88781,3.95017,4.78327,1.29203,1761.41,1363.29,0.0,0.0,0.6026,0.466399,0.0,1,0.006972361,2.429076437,2.458456043312069
LAGTIY_clean,8.49333,5.93464,8.49333,1.13024,2517.32,2227.25,0.0,0.0,0.7308,0.646591,0.0,1,0.002685604,1.212718727,1.2400059793251796
LAGWEX_clean_h,6.67772,5.77243,6.67772,1.37946,1565.15,1134.61,0.0,0.0,0.5916,0.428865,0.0,1,0.005213479,1.944482576,1.9265771169385828
LAKFIN_clean,8.38907,7.72449,8.38907,1.20127,2069.83,1723.03,0.0,0.0,0.6742,0.561239,0.0,0,0.00379719,1.591794075,1.6481824760301214
LAMFOU_clean,4.69194,4.00507,4.69151,1.56242,721.999,462.102,0.0,0.0,0.5042,0.322704,0.0,1,0.001297783,0.497618676,0.5316145216230542
LAPZIO_clean,15.30437,8.24294,15.30437,0.552463,2030.06,3674.57,0.0,0.0,0.7882,1.4267,0.0,1,0.010113214,3.174533197,2.9653867595143057
LAQNID_clean,13.51443,6.53331,13.51443,0.653619,2236.32,3421.44,0.0,0.0,0.7516,1.1499,0.0,1,0.007671943,2.673125677,2.876501521448867
LARPEC_clean,7.01725,4.86799,6.99499,1.23133,2027.11,1646.27,0.0,0.0,0.6304,0.511965,0.0,1,0.006816066,2.570422027,2.493443653378349
LAVDOE_clean,6.06535,4.45301,6.06535,1.35673,1212.79,893.908,0.0,0.0,0.533,0.392855,0.0,1,0.005861533,1.776860298,1.8084236819730524
LAWGUM_clean,15.09972,7.93483,15.09787,0.58881,2231.62,3790.06,0.0,0.0,0.8032,1.36411,0.0,0,0.00323872,1.551071023,1.5323019327503076
LAXJAX_clean,12.82983,5.12034,12.75758,0.7175,1929.2,2688.78,0.0,0.0,0.678,0.944947,0.0,0,0.009038968,3.071845786,3.0424860246571903
LAZKUU_clean,6.24874,4.05552,6.23411,0.996458,1522.19,1527.6,0.0,0.0,0.5832,0.585273,0.0,0,0.00656856,2.35826127,2.3480883439673432
LAZXOB_clean,9.34691,6.36719,9.34691,1.04439,1784.83,1708.97,0.0,0.0,0.6322,0.605329,0.0,1,0.004256176,1.636487729,1.7781243383310723
LECFAC_clean,9.81867,4.43769,9.81443,0.838672,2179.96,2599.3,0.0,0.0,0.7164,0.854207,0.0,1,0.007291048,2.511195522,2.5026591527096964
LECFEG_clean,9.36969,4.36946,9.36969,0.882661,2218.78,2513.74,0.0,0.0,0.708,0.80212,0.0,1,0.006873039,2.3570549,2.592220647837718
LEDLAJ_clean,6.91296,3.51033,6.91296,1.15045,885.224,769.461,0.0,0.0,0.496,0.431137,0.0,1,0.005229452,1.526135515,1.5205920189394235
LELROL_clean,9.52458,5.89518,9.49645,0.725604,2342.81,3228.77,0.0,0.0,0.6884,0.948726,0.0,1,0.005407822,2.326337159,2.373064290830392
LEMVOP_clean,5.28106,3.76828,5.22671,1.49221,559.092,374.674,165.129,110.661,0.47,0.314969,0.0,0,0.00343588,1.023438882,0.9862283186421973
LEVDIB_clean,12.81022,4.05785,12.67653,0.771367,2135.54,2768.51,0.0,0.0,0.6982,0.905146,0.0,1,0.007478861,2.735656907,2.8120117504529305
LEWMUX_clean,9.4187,3.8157,9.4187,1.15388,1572.68,1362.95,0.0,0.0,0.5946,0.515306,0.0,1,0.010559686,2.326237036,3.1044135883782356
LICKAL_clean,4.46919,3.89223,4.46919,1.80004,671.763,373.194,1.29095,0.717177,0.4414,0.245217,0.0,1,0.005935079,1.311569889,1.4641675756340506
LIDWIG_clean,6.16997,4.49229,6.14357,1.15777,1073.38,927.108,0.0,0.0,0.4856,0.419428,0.0,0,0.007628795,2.18184773,2.019587688575046
LIFSEA_clean,5.51731,3.61848,5.51731,1.29733,1177.02,907.264,0.0,0.0,0.5102,0.393268,0.0,0,0.008706714,2.277003236,2.2297982000335383
LIQFEY_clean,5.32747,3.70757,5.32747,1.44986,1251.71,863.334,0.0,0.0,0.5234,0.361001,0.0,0,0.008869271,2.322847955,2.30078000545955
LIRFIB_clean,9.16234,8.82724,9.16234,0.554774,2252.81,4060.77,0.0,0.0,0.8042,1.4496,0.0,0,0.00191716,1.026072477,0.9547831476780405
LITCIC_clean,7.20254,4.1628,7.20254,0.886931,1974.54,2226.26,0.0,0.0,0.6382,0.71956,0.0,1,0.007207087,2.696135081,2.724052008357638
LITCOI_clean,7.36237,3.74541,7.3233,1.05285,1772.71,1683.72,0.106276,0.100941,0.6258,0.594384,0.0,1,0.00882402,3.041832174,2.9822335367791326
LIVWAQ_clean,5.90832,4.03567,5.90832,1.60342,1467.86,915.456,0.0,0.0,0.615,0.383556,0.0,0,0.008185671,2.126476489,2.224604042625563
LIWXOG_clean,5.30986,3.68842,5.30986,1.40965,1545.05,1096.05,0.0,0.0,0.589,0.417834,0.0,1,0.004678259,1.764500963,1.6473512894620888
LIXWAR_clean,5.63611,3.90043,5.63611,1.06263,1387.85,1306.06,0.0,0.0,0.5696,0.536029,0.0,1,0.00806665,2.650483842,2.576268548463514
LOBHAM_clean,7.0104,5.91491,7.0104,1.01758,1770.03,1739.45,0.0,0.0,0.6232,0.612433,0.0,0,0.00502204,2.190414062,2.130842047258179
LOCZIO_clean,7.2178,3.83248,7.2178,1.09612,1264.7,1153.8,0.0,0.0,0.5608,0.511625,0.0,1,0.00731238,2.391566061,2.2317376760323264
LOFVUY01_clean,8.11285,4.66596,8.11285,1.07811,1882.69,1746.29,0.0,0.0,0.6276,0.582131,0.0,1,0.004019492,1.727683699,1.6960972451568028
LOMLUW_clean,5.44799,3.79422,5.44799,1.50469,1945.11,1292.7,0.0,0.0,0.6428,0.427199,0.0,0,0.009135944,2.959822798,2.8521937346401183
LOQLEJ_manual,14.69858,14.40453,14.61633,0.993806,1433.78,1442.72,0.0,0.0,0.6928,0.697118,0.0,0,0.008694028,2.376653505,2.4929188121462738
LUDVIP_clean,6.92788,4.09866,6.92788,1.5951,1191.16,746.758,0.0,0.0,0.5576,0.34957,0.0,1,0.003096737,1.114833331,1.148420550739131
LUFCAS_clean,4.96103,4.24915,4.96103,1.44232,901.376,624.947,0.0,0.0,0.4662,0.323228,0.0,0,0.006808033,1.655712354,1.7001050729705665
LUFNAC03_clean,7.68055,5.84066,7.66172,1.02599,1463.18,1426.13,0.0,0.0,0.565,0.55069,0.0,1,0.00878363,3.108627823,2.805983286184005
LUFQUZ01_clean,4.13433,3.66293,4.13433,1.49707,741.631,495.388,0.0,0.0,0.4688,0.313145,0.0,1,0.017126506,3.385247907,2.8781255242123334
LUFQUZ02_clean,4.33985,4.02318,4.33985,1.29652,936.621,722.414,0.0,0.0,0.5262,0.405857,0.0,1,0.01090677,2.881134422,2.5765322591514184
LUMYOJ_clean,5.98976,4.51852,5.98976,1.3118,1973.17,1504.17,0.0,0.0,0.6186,0.471565,0.0,1,0.006141918,2.318028922,2.1878463897655385
LUPYAX_clean,7.54991,6.34934,7.53102,1.01424,2199.81,2168.93,0.0,0.0,0.6806,0.671046,0.0,1,0.005494054,2.133714703,2.279669332503971
LUWMIB_clean,6.46125,4.54999,6.46125,1.13178,2301.96,2033.92,0.0,0.0,0.6152,0.543567,0.0,1,0.007925774,2.630365401,2.864135802826438
LUWMOH_clean,6.36296,4.2806,6.36272,1.20693,1999.45,1656.65,0.0,0.0,0.5984,0.495805,0.0,1,0.008467548,2.601760779,2.8081884593457738
LUYHAP_clean,12.05622,6.74493,12.05603,0.618537,2287.3,3697.93,0.0,0.0,0.7716,1.24746,0.0,1,0.004878498,2.07811975,2.1750636138647934
LUYSEF_clean,4.81614,3.46612,4.554,1.34495,1416.38,1053.11,0.0,0.0,0.6156,0.457711,0.0,1,0.003213842,1.331548881,1.3808643041788686
LUZJAT_clean,8.19723,7.01697,8.18474,1.37403,1823.93,1327.44,0.0,0.0,0.6136,0.44657,0.0,1,0.007073947,2.482790334,2.3859852300984814
MABJUV01_clean,4.71712,3.63905,4.71712,1.54053,563.034,365.48,0.0,0.0,0.4068,0.264064,0.0,0,0.00426142,1.10945406,1.0638853925525054
MABJUV_clean,4.72309,3.67608,4.72309,1.52978,599.848,392.114,0.0,0.0,0.4106,0.268405,0.0,0,0.004260143,1.085972273,1.163657666958153
MABKIK_clean,4.95272,4.26488,4.95272,1.45304,582.257,400.715,0.0,0.0,0.4264,0.293453,0.0,0,0.004849942,1.125229297,1.1944203524101273
MADVUJ_clean,5.32382,4.69426,5.32382,1.65668,675.478,407.729,0.0,0.0,0.418,0.252311,0.0,0,0.004921644,1.079210455,1.1853186844811245
MADWAQ_clean,5.18677,4.51055,5.17631,1.52314,635.031,416.921,0.0,0.0,0.412,0.270493,0.0,0,0.005631911,1.271515571,1.187227675143581
MAGBON_clean,6.77313,5.2032,6.75742,1.14435,2195.85,1918.86,0.0,0.0,0.6464,0.564863,0.0,0,0.00963724,3.462827924,3.3742754813719853
MAKFIQ_clean,8.56724,6.92833,8.56724,1.27671,1511.52,1183.92,0.0,0.0,0.5678,0.444738,0.0,0,0.004156781,1.616233064,1.6254379590700923
MAKXAZ_clean,5.08726,4.83873,5.06957,1.27292,905.072,711.021,0.0,0.0,0.4628,0.363574,0.0,0,0.010436075,2.148947413,2.140666321106855
MALRUM_clean,5.9367,4.07723,5.9367,0.815854,1158.61,1420.12,12.5333,15.3622,0.5888,0.721698,0.0,0,0.003644103,1.33714295,1.5108578790087552
MALRUP_clean,16.92414,16.84411,16.92414,0.675419,1334.6,1975.96,0.0,0.0,0.764,1.13115,0.0,1,0.004261758,1.963407096,1.8218888311532642
MALSOK_clean,16.92569,16.84467,16.92569,0.669653,1353.12,2020.63,0.0,0.0,0.7686,1.14776,0.0,1,0.004447242,1.942008663,1.9347987236828366
MANLAP_ion_b,4.72532,3.67633,4.72532,0.949147,1391.99,1466.57,0.0,0.0,0.5776,0.608546,0.0,0,0.004918389,2.023279962,2.0635350147484113
MATWUC_clean,6.79171,5.36307,6.77355,0.962581,2073.83,2154.45,0.0,0.0,0.6394,0.664256,0.0,1,0.011572908,3.760442284,3.6524174704119625
MAVFEV_clean,4.93313,4.38082,4.93313,1.57553,2293.93,1455.98,0.0,0.0,0.6088,0.38641,0.0,0,0.003181434,1.363484637,1.3432745695212887
MAWTUC_clean,5.33465,4.95075,5.33465,1.06578,1588.39,1490.35,0.0,0.0,0.586,0.549831,0.0,1,0.008643947,2.650090029,2.751089159336092
MAYKOO_clean,12.58218,11.50288,12.56968,0.603307,2027.92,3361.34,0.0,0.0,0.7608,1.26105,0.0,1,0.004356639,2.062382084,1.9860770378937997
MAZSUD_clean,5.33307,3.93087,5.33307,1.15662,1798.05,1554.58,0.0,0.0,0.618,0.534316,0.0,0,0.008988427,2.959837689,2.9539435345303073
MECWIB_clean,7.68734,5.08903,7.68734,1.09108,1654.78,1516.65,0.0,0.0,0.567,0.51967,0.0,0,0.006488667,2.29071962,2.284976978155245
MEGFIN_clean,12.26016,8.11803,12.26013,0.845073,1643.38,1944.66,0.0,0.0,0.644,0.762064,0.0,1,0.006168411,2.018740413,2.1408166481846242
MEJQOJ_clean,5.07328,3.68023,5.06179,1.21005,1189.89,983.336,0.0,0.0,0.5496,0.454196,0.0,0,0.015413056,2.787531826,3.1937623894825062
MEJZEI_clean,5.32267,3.53615,5.32267,1.67671,498.537,297.33,52.5885,31.3641,0.4392,0.261941,0.0,1,0.002968169,0.839606116,0.8329857901558468
MIDSUP01_clean,10.88215,9.55664,10.87435,0.67542,1854.05,2745.03,0.0,0.0,0.7122,1.05446,0.0,0,0.003787257,1.754617936,1.7350990194247842
MIDSUP_clean,10.07574,8.87881,10.05297,0.69045,1869.43,2707.55,0.0,0.0,0.7086,1.02629,0.0,0,0.003674051,1.708735441,1.7374604330922412
MIFSUR_clean,6.18293,5.67653,6.18293,1.48492,554.322,373.301,73.2038,49.2981,0.4504,0.303316,0.0,1,0.002966342,0.917294503,0.8975688617293682
MIHLIZ_clean,5.21862,3.52165,5.21802,1.34387,724.016,538.756,0.0,0.0,0.4324,0.321758,0.0,1,0.00347873,1.066194966,1.061973165371151
MIJHOD_clean,4.18455,3.46938,4.126,1.22946,1127.43,917.014,0.0,0.0,0.5064,0.411887,0.0,1,0.010715596,3.050178657,2.8993085651493296
MIMSUY_clean,11.16343,10.81199,11.16343,0.974993,1274.86,1307.56,0.0,0.0,0.613,0.628722,0.0,1,0.006954353,1.778041523,1.8178324061925215
MINCIX_clean,10.4943,7.36608,10.44985,0.729721,2144.38,2938.63,0.0,0.0,0.7612,1.04314,0.0,1,0.004352564,1.970268921,1.9705318970298609
MIQLII_clean,6.49396,4.19114,6.49396,1.29248,1977.91,1530.32,0.0,0.0,0.6424,0.497028,0.0,0,0.006157903,2.425367205,2.181620698816313
MIVFOO_clean,15.59545,7.18908,15.59545,1.05942,1203.53,1136.02,437.579,413.035,0.6586,0.621658,0.0,1,0.003335082,1.40249901,1.6357981939912198
MIXBIG_auto,10.49302,6.38821,9.82708,0.743714,2384.9,3206.74,0.0,0.0,0.733,0.985594,0.0,1,0.005170069,2.17023875,2.311860469755131
MOCKEV_clean,10.91306,6.61562,10.91306,0.767829,2301.91,2997.95,0.0,0.0,0.734,0.955943,0.0,1,0.004717927,2.071109572,2.1143350847577786
MODMIB_clean,4.79205,3.60409,4.64994,1.39523,1791.62,1284.1,0.0,0.0,0.6494,0.465443,0.0,0,0.001281922,0.557824094,0.6252830519925467
MOFKUO_clean,10.06674,5.89372,10.02896,0.775285,1690.92,2181.03,0.0,0.0,0.666,0.859039,0.0,1,0.002951463,1.380946563,1.3420137544499982
MOGNAY_clean,5.98746,4.8264,5.9716,1.48355,1468.56,989.896,0.0,0.0,0.5258,0.35442,0.0,0,0.004932207,1.747178281,1.7185653669330523
MOMSIS_clean,6.17338,4.21228,5.94323,1.84008,1775.64,964.98,0.0,0.0,0.577,0.313573,0.0,0,0.003938915,1.39310635,1.401746141215511
MOPQIT_clean,5.0132,3.85656,5.0132,1.33687,942.288,704.846,0.0,0.0,0.476,0.356055,0.0,0,0.005437809,1.539040728,1.5477828047029847
MOSBIG_clean,7.9749,7.17885,7.94814,1.43251,1497.34,1045.25,0.0,0.0,0.5716,0.399019,0.0,1,0.002656825,1.109583439,1.1310320949449821
MOSDUT_clean,5.00847,4.17233,5.00847,1.12183,1419.6,1265.43,13.3609,11.9099,0.5596,0.498828,0.0,1,0.006192848,2.164996075,2.1801590924517273
MOXKAN_clean,5.24035,3.78554,5.21637,1.49263,550.2,368.611,159.888,107.118,0.4678,0.313407,0.0,0,0.003680106,1.045085269,1.0045778049356267
MOXNUK_clean,5.04646,4.16361,5.04099,1.19416,1034.92,866.655,0.0,0.0,0.4922,0.412174,0.0,0,0.005836871,1.817230423,1.7957989175571327
MOYYEF_clean,7.68803,7.36383,7.68803,0.950247,1850.19,1947.06,0.0,0.0,0.627,0.659828,0.0,1,0.005357283,2.029290186,2.3895819659384983
MUBZOA_auto,18.72717,7.12,18.72717,0.441638,1990.25,4506.52,0.0,0.0,0.8132,1.84133,0.00045286,0,0.002257884,1.723887124,1.2667983367340456
MUBZUG_auto,18.63539,7.90997,18.63539,0.469492,1954.88,4163.83,0.0,0.0,0.8032,1.71078,0.000425992,0,0.002110001,1.827152535,1.1577624232165613
MUFXUI_clean,6.32175,3.7026,6.31403,1.91517,995.288,519.687,0.0,0.0,0.5032,0.262744,0.0,1,0.002927474,1.079653589,0.9763522602631904
MUGHED_clean,6.89695,5.88693,6.88053,1.44086,1384.56,960.922,0.0,0.0,0.5716,0.396706,0.0,0,0.008694435,2.420720812,2.274379586813438
MUNDAC_clean,10.7777,6.68804,10.76442,1.37281,1712.63,1247.54,119.227,86.849,0.6828,0.497375,0.0,1,0.004214141,1.141087712,1.661989809201028
MUNDOQ_clean,14.169,13.34985,14.06749,0.845802,2182.1,2579.91,0.0,0.0,0.7752,0.916526,0.0,1,0.002746431,1.254459161,1.2746727682632366
MURFIQ_clean,7.24055,5.2237,7.22777,1.12426,739.654,657.9,0.0,0.0,0.487,0.433172,0.0,0,0.001397964,0.633567182,0.5954265226695284
MUTVUT_clean,4.81469,3.76296,4.81469,1.36731,413.706,302.568,0.0,0.0,0.4354,0.318435,0.0,0,0.003401698,0.860099519,0.9187865679702714
MUVJIX_clean,5.57567,4.9751,5.5219,1.4259,1132.91,794.523,0.0,0.0,0.4782,0.335368,0.0,1,0.005139941,1.739941335,1.5182559048242616
MUWQEB_clean,15.66484,9.57746,15.5128,0.72296,1280.06,1770.59,458.981,634.865,0.7258,1.00393,0.0,1,0.005352994,2.193713778,2.248571750478772
NACYAU_clean,9.59326,6.44061,9.30682,0.587991,2547.85,4333.14,0.0,0.0,0.7478,1.27179,0.0,1,0.005551847,2.48955156,2.49135118573505
NACYOG_clean,5.74941,4.06197,5.74941,1.46194,999.211,683.482,0.0,0.0,0.4946,0.338317,0.0,1,0.006049986,1.698977655,1.6471450307018667
NAMDUD_clean,16.03482,3.9849,16.03053,0.771409,1799.33,2332.52,0.0,0.0,0.674,0.873726,0.0,1,0.007948499,3.152301152,2.7916730717084177
NANTII_clean,10.0936,8.00204,10.0936,0.620421,2302.26,3710.81,0.0,0.0,0.7974,1.28526,0.0,1,0.002255886,1.134538291,1.1295774571777648
NASROR_clean,13.45228,4.98216,13.45228,0.776126,1903.68,2452.8,0.0,0.0,0.7,0.901915,0.0,1,0.008148811,2.911569242,2.6992405837180065
NATFAS_clean,6.53453,3.93626,6.37422,1.34798,1587.17,1177.44,0.0,0.0,0.564,0.418403,0.0,0,0.012084496,3.219124867,3.274921795903992
NATHOH_ion_b,5.49353,3.97352,5.49353,2.17321,1195.36,550.044,0.0,0.0,0.4624,0.212773,0.0,1,0.0015758,0.645449693,0.6327297752400177
NAWXER_clean,9.09863,5.59872,6.09599,0.664973,2891.83,4348.79,0.0,0.0,0.734,1.1038,0.0,1,0.006459486,2.838239282,2.897158160307544
NAYXOC_clean,8.15867,4.39162,7.93074,1.10978,1802.12,1623.85,0.0,0.0,0.6112,0.550741,0.0,1,0.005519098,2.155633929,2.109216783172412
NAYZOE_clean,15.82314,6.52553,15.81665,0.498918,2302.42,4614.84,0.0,0.0,0.813,1.62953,0.0,1,0.003882604,1.897893139,1.9183912590947165
ncomms7350-s2_clean,6.32642,5.9567,6.32642,1.52435,1274.9,836.355,0.0,0.0,0.531,0.348344,0.0,1,0.002699731,1.041778972,1.0250392873173357
NEDXOL_clean,5.99531,3.70069,5.99531,1.19863,1096.35,914.669,0.0,0.0,0.5274,0.440003,0.0,0,0.009927632,2.307450753,2.438838817577319
NEHMET_clean,4.71483,3.76667,4.71105,1.33401,1622.86,1216.53,0.0,0.0,0.597,0.447522,0.0,0,0.010045729,3.083838472,3.2319832920767957
NEHZIK_clean,7.34019,4.77821,7.34019,1.20148,1239.75,1031.85,0.0,0.0,0.5382,0.447947,0.0,1,0.003264012,1.239248322,1.28348419742101
NEJSEC_clean,5.81645,3.98304,5.23805,1.24255,1038.8,836.024,5.34967,4.30539,0.5324,0.428473,0.0,0,0.011276787,2.33271777,2.483602712842943
NERVAJ_clean,12.53445,5.46518,12.53445,1.01277,1389.34,1371.82,0.0,0.0,0.569,0.561827,0.0,1,0.003498947,1.308136942,1.4441682624356054
NETHOJ_clean_h,4.97649,4.04567,4.52041,1.68332,1607.37,954.88,0.0,0.0,0.565,0.335646,0.0,1,0.003699623,1.363720476,1.390351931126528
NEVPOU_clean,6.31655,5.18077,6.31594,1.2374,1037.41,838.376,200.543,162.068,0.5652,0.456764,0.0,1,0.00494854,1.888032698,1.5361959835416628
NEXVUI_clean,9.07531,8.9508,9.07531,1.35917,693.606,510.314,30.665,22.5615,0.5322,0.391561,0.0,1,0.002285425,0.855625284,0.7845556146753625
NEXXIZ_clean,9.73301,9.22346,9.73301,0.709285,1668.91,2352.94,0.0,0.0,0.6328,0.892166,0.0,1,0.007149831,2.68017342,2.55006785484907
NEYVEU_clean,20.18169,6.42425,20.08436,0.514184,2007.78,3904.79,0.0,0.0,0.7952,1.54653,0.0,0,0.004720759,2.206484693,2.165733478686191
NEZWOG01_clean,6.15081,4.94067,6.15081,1.68632,1580.27,937.116,0.0,0.0,0.5538,0.328408,0.0,1,0.001635615,0.732037953,0.7029214854486442
NIBJAK_clean,32.00355,17.55175,32.00033,0.223433,1188.94,5321.22,0.0,0.0,0.9102,4.0737,0.0,1,0.004244923,2.211904452,2.14602291258375
NIGFIT_clean,7.4378,4.64365,7.4378,1.2326,2395.77,1943.66,0.0,0.0,0.659,0.53464,0.0,1,0.004299748,1.868802523,1.8086502554895256
NIGGAM_clean,7.44488,4.63983,7.44488,1.22204,2431.75,1989.92,0.0,0.0,0.6646,0.543847,0.0,1,0.004233334,1.892199608,1.7987234357470194
NIHBEM01_clean,4.87963,3.68372,4.87963,1.74048,783.372,450.089,0.0,0.0,0.4496,0.258319,0.0,0,0.006198012,1.450693539,1.3739638081193968
NIHBEM02_clean,5.01891,3.78432,5.01891,1.70287,870.252,511.052,0.0,0.0,0.4636,0.272247,0.0,0,0.006212293,1.443191183,1.4182106799775096
NIHBIQ_clean,5.25122,3.88968,5.21988,1.66955,927.396,555.476,0.0,0.0,0.4762,0.285226,0.0,0,0.005894934,1.434344813,1.47282950833037
NIJTOR_clean,5.13346,3.60858,4.57199,1.35089,285.546,211.376,191.611,141.84,0.4084,0.302318,0.0,1,0.008495529,1.498316123,1.1934138906000933
NIJZIP01_clean,8.50827,7.36867,8.50827,1.45663,1110.96,762.692,3.7965,2.60636,0.5674,0.38953,0.0,1,0.000886392,0.416266691,0.4136506127664912
NIKDAM_clean,7.96983,7.14498,7.96983,0.958363,1366.23,1425.59,0.0,0.0,0.6056,0.631911,0.0,1,0.003490641,1.40955094,1.570367670158169
NIKYUC01_clean,4.94759,3.68791,4.94354,1.71164,846.153,494.351,0.0,0.0,0.4572,0.267112,0.0,0,0.006191664,1.428784692,1.4170219597997646
NIKYUC02_clean,5.06856,3.78234,5.06856,1.67303,915.135,546.992,0.0,0.0,0.4718,0.282003,0.0,0,0.005785446,1.412340758,1.454584695374623
NIKYUC_clean,4.9018,3.64376,4.89963,1.7317,810.432,467.997,0.0,0.0,0.4504,0.260091,0.0,0,0.006324955,1.435793555,1.3985643166915611
NIKZAJ01_clean,4.60883,3.61545,4.57384,1.79637,691.539,384.965,0.0,0.0,0.4298,0.23926,0.0,0,0.006058374,1.43325786,1.403234060955826
NIKZAJ_clean,4.56098,3.58427,4.53545,1.81346,655.548,361.491,0.0,0.0,0.426,0.234911,0.0,0,0.006256723,1.425492097,1.4055413860575903
NIMPEG_clean,5.8871,5.25211,5.8871,0.735505,2646.72,3598.51,0.0,0.0,0.6844,0.930517,0.0,1,0.006891442,2.986307054,2.9189299350105795
NIMXAK_clean,11.51604,3.85375,11.50661,0.98882,1692.19,1711.32,0.0,0.0,0.6486,0.655933,0.0,0,0.004688046,1.963120937,2.1114399259187144
NIMXIS_clean,10.63837,6.01154,10.63837,1.05177,1918.06,1823.65,0.0,0.0,0.667,0.634168,0.0,1,0.002573834,1.205054112,1.1669673077976332
NOCKUM_clean,6.00758,5.1022,6.00758,1.07326,1338.2,1246.86,0.0,0.0,0.5502,0.512645,0.0,1,0.006774627,2.198103851,2.236150527887997
NOHFOG_clean,5.40858,4.54107,5.33613,1.66638,1542.3,925.536,0.0,0.0,0.5474,0.328496,0.0,1,0.004951822,1.500646374,1.6696358141784573
NOHLAZ_clean,4.58304,3.41283,4.57147,1.83959,742.915,403.849,0.0,0.0,0.415,0.225594,0.0,1,0.002535547,0.988428476,0.8278575291963883
NOHSUA_clean,8.36544,4.75817,8.32279,0.872139,1620.2,1857.73,0.0,0.0,0.5908,0.677415,0.0,1,0.006054115,2.289426403,2.314124142449214
NOSHEK_clean,5.7194,3.87373,5.09672,1.68613,1874.51,1111.72,0.0,0.0,0.614,0.364148,0.0,1,0.004851202,1.753860488,1.776951133929381
NUCCEV_clean,6.52615,3.99784,6.52615,1.00465,1502.03,1495.08,0.0,0.0,0.556,0.553427,0.0,1,0.010613763,2.782313885,3.0977346629455407
NUCYIV_clean,4.97799,4.21601,4.96375,1.53207,652.698,426.025,0.0,0.0,0.477,0.311344,0.0,1,0.003653564,1.003168036,1.0247141654755925
NUGROX_clean,7.91316,6.30977,7.91316,1.24187,1907.41,1535.92,0.0,0.0,0.6464,0.520505,0.0,0,0.002342554,1.080746507,1.0693677990693844
NUHNUA_clean,5.91571,3.87698,4.38862,0.866172,1483.02,1712.15,0.0,0.0,0.5628,0.649756,0.0,1,0.007470855,2.604570772,2.658268062900163
NUHQUE_clean,6.55171,4.68685,6.54808,1.21067,1893.64,1564.13,0.0,0.0,0.5964,0.492619,0.0,1,0.006814565,2.400402939,2.4303082065420787
NUHRAL_clean,6.51247,4.65457,6.51247,1.22333,1897.36,1550.98,0.0,0.0,0.5928,0.484579,0.0,1,0.006820045,2.41256338,2.4213721234733874
NUNPAP_clean,6.01151,4.33549,6.00656,0.794607,2195.03,2762.41,0.0,0.0,0.6796,0.855265,0.0,1,0.005550538,2.411277517,2.4504060364173417
NUVWEH_clean,5.84014,3.85397,5.84014,1.503,1203.66,800.838,0.0,0.0,0.5116,0.340385,0.0,1,0.002500616,0.966950358,1.0991354383691834
NUVYOT_clean,4.99931,3.59386,4.8252,1.15218,688.171,597.279,170.523,148.001,0.5094,0.44212,0.0,1,0.007744265,2.049707083,1.8546439575197584
OBAHOR_clean,8.04827,7.09842,8.046,0.982079,1580.94,1609.79,0.0,0.0,0.5956,0.606469,0.0,0,0.008801917,2.678237205,2.889296132142276
OBUFEX_clean,5.14759,4.35938,5.14759,1.09987,1567.25,1424.95,0.0,0.0,0.565,0.513698,0.0,0,0.006863489,2.537473245,2.437115254883392
OBUFIB_SL,4.69226,3.94966,4.47162,1.56841,881.672,562.145,0.0,0.0,0.426,0.271613,0.0,0,0.004731522,1.391669377,1.3593489944456068
OCAQOY_clean,4.53686,3.80641,4.53372,1.60935,541.33,336.366,0.0,0.0,0.3906,0.242707,0.0,1,0.003157045,0.894831449,0.9194962767789018
OCUNAC_manual,36.1506,14.04664,36.1506,0.427517,1422.73,3327.89,0.0,0.0,0.8368,1.95735,0.0,1,0.004696214,1.876378506,2.1456527270709285
OCUSOV_clean,4.91031,3.4317,4.90721,1.52702,1101.56,721.382,0.0,0.0,0.5004,0.327698,0.0,1,0.008672006,2.164220723,2.1798467905613745
ODUNEH_clean,6.66002,5.04848,6.62254,0.964914,2093.57,2169.69,0.0,0.0,0.6352,0.658297,0.0,1,0.007014483,2.57388111,2.6806754496984895
OGECOU_clean,6.21029,5.96321,6.17894,1.2702,1037.22,816.577,0.0,0.0,0.4898,0.385607,0.0,1,0.008175838,1.976987876,2.067807355862848
OGUJIL_clean,4.11991,3.42248,4.10899,1.27165,539.273,424.075,0.0,0.0,0.4916,0.386586,0.0,0,0.005230527,1.788295131,1.7743901509025335
OHAKEO_clean,5.91842,4.8868,5.91143,1.15127,1254.68,1089.81,0.0,0.0,0.543,0.471652,0.0,0,0.010755066,2.47849966,2.727130185908146
OHIHET_clean,4.30684,3.71246,4.30684,1.30435,366.699,281.135,0.0,0.0,0.4222,0.323685,0.0,0,0.007705729,1.586059487,1.5380469549041849
OJIWAG_clean,5.38643,4.20657,5.38643,1.10966,1491.09,1343.75,0.0,0.0,0.561,0.505563,0.0,1,0.011003279,3.349071031,2.979199882719566
OJIWIO_clean,4.64307,3.99735,4.61496,1.33375,842.543,631.712,0.0,0.0,0.4524,0.339195,0.0,1,0.008248758,1.827715077,1.8573895990606881
OJONOQ_clean,6.43933,5.37715,5.61608,1.49915,1863.16,1242.81,0.0,0.0,0.6578,0.438781,0.0,1,0.001204248,0.56461318,0.5344460155204338
OKABAE_clean,14.07417,9.53484,14.07417,0.650845,2097.18,3222.24,0.0,0.0,0.77,1.18308,0.0,1,0.00468124,2.047900272,2.068389777790897
OKABEI_clean,13.86987,9.42284,13.86987,0.653017,2127.67,3258.22,0.0,0.0,0.7686,1.177,0.0,1,0.004969731,2.165324304,2.2025169686941912
OKILEA_clean,6.35409,4.27067,6.35409,1.16036,1077.85,928.894,0.0,0.0,0.549,0.473129,0.0,1,0.002721381,0.946507849,1.0961537398044554
OKUTAR_clean,10.98199,6.35591,10.98199,0.660572,2299.33,3480.81,0.0,0.0,0.7416,1.12266,0.0,1,0.00555333,2.459816895,2.3761976446869384
OLAGIR_clean,5.85131,3.81671,5.85131,1.37856,1640.47,1189.99,0.0,0.0,0.6336,0.459611,0.0,0,0.00912181,2.961073573,2.906680434310559
OLANEW_clean,6.98637,4.05835,6.98637,1.31839,1367.83,1037.5,0.0,0.0,0.5798,0.439778,0.0,1,0.002723344,1.113418924,1.1153655463037644
OLUCAZ_clean,5.7945,5.1746,5.79081,1.16161,989.952,852.226,0.0,0.0,0.5026,0.432676,0.0,1,0.003363117,1.122250935,1.200140832560224
OMUSAS_clean,18.71438,16.17316,18.71102,0.318003,1216.14,3824.31,0.0,0.0,0.8696,2.73457,0.0,1,0.002638734,1.357868389,1.2840769869450894
ONUQOE_clean,5.78941,4.64204,5.78941,1.32315,1185.02,895.611,0.0,0.0,0.5286,0.399503,0.0,0,0.009428121,2.537242052,2.351828843095195
OPENUT_clean,7.63636,6.82671,7.63251,1.41267,1546.48,1094.72,0.0,0.0,0.5554,0.393156,0.0,1,0.003074866,1.203571706,1.334256609832856
OQETEK_clean,9.22928,8.86311,9.22928,0.986231,2193.64,2224.27,0.0,0.0,0.7092,0.719101,0.0,1,0.004863006,1.978127041,2.076127310691902
OQIQEM_clean,5.45055,4.49489,5.37157,1.84745,1087.67,588.74,0.0,0.0,0.4966,0.268803,0.0,1,0.009369267,1.79427123,1.8839098804735275
OQIQOW_clean,5.63723,4.61311,5.63723,1.46954,1129.77,768.793,0.0,0.0,0.507,0.345006,0.0,1,0.012689376,2.39626255,2.2687126624465144
OQIZUL_clean,13.227,6.74608,13.21397,0.868865,2105.53,2423.31,0.0,0.0,0.7146,0.822452,0.0,1,0.007524838,2.199217934,2.2493520174309025
OQOJUB_clean,5.19109,4.86993,5.18739,1.04071,742.936,713.872,0.0,0.0,0.4654,0.447194,0.0,0,0.005160075,1.605483621,1.4872698908421178
OQUFOX_clean,11.5339,10.83209,11.5339,1.11588,1914.53,1715.71,0.0,0.0,0.6464,0.579272,0.00035846,1,0.004833933,1.872840266,2.017842936604034
OQUXEF_clean,5.15601,3.95885,4.51563,3.15796,940.396,297.786,0.0,0.0,0.4776,0.151237,0.0,1,0.001699261,0.5548911,0.5503376890385787
ORAQUU_clean,8.39177,4.98086,8.38728,0.858283,1785.46,2080.27,0.0,0.0,0.5764,0.671573,0.0,1,0.008193521,2.85275796,2.9217222360274
ORIWAP_clean,11.38312,11.03917,11.38312,1.17282,1538.11,1311.46,0.0,0.0,0.6442,0.549274,0.0,1,0.003338164,1.588831665,1.5496099773508274
ORUKOD_clean,4.98278,3.59875,4.86135,1.67769,666.045,397.001,0.0,0.0,0.4328,0.257974,0.0,1,0.008126748,1.442685007,1.4526224179111802
OTALUS_clean,12.67704,9.31362,12.67704,0.655199,1619.49,2471.76,0.0,0.0,0.7266,1.10898,0.0,1,0.002891349,1.262111118,1.3246795272246463
OTAQAD_clean,7.25379,5.92825,6.48374,0.846977,2257.66,2665.55,0.0,0.0,0.6554,0.773811,0.0,0,0.012553886,3.819933734,3.9161270065880274
OTODEI_clean,4.84074,4.45864,4.84074,1.17554,1203.72,1023.97,0.0,0.0,0.5354,0.45545,0.0,1,0.003699639,1.449434134,1.487255080112069
OVEXOD_clean,5.7329,3.62145,5.72476,1.46061,416.232,284.972,0.0,0.0,0.379,0.259481,0.0,1,0.002446938,0.637844479,0.7043469256060679
OVIWIA_clean,4.70586,3.71228,4.70586,2.66834,1137.35,426.241,0.0,0.0,0.5094,0.190905,0.0,1,0.002631328,0.934550915,0.8725306672598987
OWAVOY_clean,8.02011,4.26959,8.02011,1.00925,2055.28,2036.44,0.0,0.0,0.642,0.636114,0.0,1,0.008959323,3.122557108,3.373739645419961
OWIHEJ_clean,7.35052,7.17386,7.35052,1.33314,1629.69,1222.45,0.0,0.0,0.6108,0.458167,0.0,0,0.010728081,3.768694805,3.698420760100935
OWIHUZ_clean,7.37728,7.20219,7.37728,1.32559,1638.53,1236.07,0.0,0.0,0.613,0.462436,0.0,0,0.010925866,3.753106858,3.672940580953229
OXALIJ_ion_b,7.03961,4.95922,7.03961,0.942672,1903.34,2019.09,0.0,0.0,0.627,0.66513,0.0,0,0.004150188,1.722161485,1.7927238564794041
OXALOP_clean,5.88824,4.43891,5.88824,1.02509,1694.61,1653.14,0.780383,0.761286,0.599,0.584341,0.0,1,0.009921406,2.951471531,3.089723377618394
OXUPUT_clean,9.06209,8.39643,9.06209,1.93215,1090.05,564.166,13.9927,7.24204,0.573,0.296561,0.0,1,0.003018276,1.063997918,1.0378577134289944
OYOSAX_clean,5.10436,4.21189,5.06572,1.19023,1067.87,897.196,0.0,0.0,0.5162,0.433699,0.0,1,0.008130033,2.184870042,2.2387443300397143
OZAVUI_clean,5.43678,4.75451,5.43678,1.24526,1365.54,1096.59,0.0,0.0,0.5928,0.476044,0.0,1,0.005483151,1.918837776,1.8821031285203038
OZULAY_clean,11.76704,10.98127,11.76502,1.07223,1568.4,1462.75,0.0,0.0,0.6546,0.610504,0.0,1,0.003175524,1.471643259,1.471453447881897
PACZOK_clean,14.42262,6.94223,14.41025,1.08844,2172.35,1995.84,0.0,0.0,0.7086,0.651024,0.0,1,0.001676217,0.787138027,0.8262111601032354
PAHPOG_clean,7.73062,5.40152,7.60787,0.954052,1660.24,1740.2,0.0,0.0,0.5924,0.620931,0.0,1,0.00693025,2.81279708,2.582219301651403
PAKXIK_clean,5.56128,3.90775,5.56038,1.25158,1486.65,1187.82,19.61,15.6682,0.5744,0.458939,0.0,1,0.005624259,1.896309016,1.9426884780169995
PARHEW_clean,7.38605,6.67234,7.38605,0.632325,2400.53,3796.35,0.0,0.0,0.7148,1.13043,0.0,1,0.003011274,1.565952063,1.4753404532140435
PARNON_clean,7.81335,6.23608,7.8124,0.973393,1971.82,2025.72,0.0,0.0,0.6118,0.628523,0.0,1,0.005248128,2.033473755,2.144472333583013
PASNAA01_clean,4.83008,3.80459,4.83008,1.46381,1335.98,912.674,0.0,0.0,0.51,0.348405,0.0,1,0.004750036,1.675524101,1.7912642403242258
PEDMOB_clean,6.13543,5.59613,6.13543,1.47554,899.4,609.538,0.0,0.0,0.4724,0.320153,0.0,1,0.003291162,1.149599909,1.0640620287473364
PEFRID01_clean,6.55951,5.47634,6.55951,1.31717,1348.3,1023.64,0.0,0.0,0.552,0.419081,0.0,1,0.008387722,2.243397429,2.2052324891074244
PEFRID_clean,9.83364,8.16227,9.74315,1.01836,1671.9,1641.77,0.0,0.0,0.6476,0.635927,0.0,1,0.005229144,2.069763356,2.0739817401614826
PEFRUP01_clean,6.70842,5.60789,6.69161,1.32053,1380.71,1045.57,0.0,0.0,0.5546,0.419982,0.0,1,0.007871533,2.230835942,2.267113878917943
PEFRUP_clean,9.50189,8.00757,9.50189,1.0519,1670.24,1587.83,0.0,0.0,0.6432,0.611463,0.0,1,0.005065417,2.040842507,2.018152827428181
PEGPOI_clean,4.98627,3.51233,4.9807,1.99017,618.984,311.02,0.0,0.0,0.3962,0.199078,0.0,1,0.005490222,1.030135858,1.0729109272779667
PEKDAM_clean,6.66878,5.26481,6.65683,0.823111,2211.99,2687.35,0.0,0.0,0.6464,0.785313,0.0,1,0.005885461,2.513888284,2.5219528320984144
PELQII_clean,9.06577,7.1819,8.76719,0.671525,2063.21,3072.43,0.0,0.0,0.712,1.06027,0.0,1,0.005768908,2.221554565,2.4464604196481057
PELRIJ_clean,21.55746,10.38341,21.54289,0.51708,1832.88,3544.68,0.0,0.0,0.8016,1.55024,0.0,1,0.004925744,2.172840529,2.209189519966402
PENYIR_clean,5.70014,3.65365,5.70014,1.6367,929.089,567.66,64.7109,39.5375,0.5088,0.31087,0.0,1,0.006385652,1.456633872,1.6457116364712812
PEPFAT_clean,10.91726,6.85852,7.70966,1.0029,2251.01,2244.49,0.0,0.0,0.6862,0.684214,0.0,1,0.006245018,2.509088109,2.55422153863025
PEPKOL_clean,4.51864,3.40095,4.50908,1.52523,488.244,320.112,0.0,0.0,0.42,0.275368,0.0,0,0.011005704,1.834601053,1.6369517408767669
PEPLOM_clean,5.48105,5.23227,5.47438,1.20095,1296.27,1079.37,0.0,0.0,0.5572,0.463966,0.0,0,0.007582933,2.222091616,2.2591159469528193
PETWOC_clean,9.15829,4.1058,9.15829,1.69456,1870.12,1103.6,0.0,0.0,0.6222,0.367174,0.000472098,0,0.002972528,1.150800145,1.1316734583672377
PEVLIN_clean,4.23888,3.58587,4.23888,1.92889,451.698,234.175,0.0,0.0,0.4172,0.21629,0.0,1,0.003549983,1.073688464,0.9951250535511884
PEVXAQ_clean,4.99995,3.63805,4.93929,1.21492,686.301,564.895,0.0,0.0,0.4752,0.391137,0.0,1,0.004253374,1.274424991,1.198120699239255
PEWXUL_clean,5.34544,4.38509,5.34544,1.05997,1077.55,1016.58,0.0,0.0,0.5136,0.48454,0.0,0,0.011168333,2.920919049,2.597963805243266
PEXFAA_clean,6.38992,4.78581,6.38785,0.722856,2527.72,3496.86,0.0,0.0,0.6962,0.963124,0.0,1,0.005142626,2.371284562,2.315906729460707
PIBGAK_clean,6.08784,5.5601,6.06673,1.08232,1652.36,1526.68,0.0,0.0,0.6232,0.575798,0.0,1,0.003942642,1.655414833,1.6363604709726427
PIDMEV_clean,7.7619,4.42953,7.71379,1.03258,1688.46,1635.19,0.0,0.0,0.5902,0.57158,0.0,1,0.007728103,2.840661368,2.7236655759378325
PIJJEZ_clean,14.75395,5.96588,14.75395,0.935418,1803.08,1927.56,0.0,0.0,0.656,0.70129,0.0,0,0.013665841,2.951765976,3.397181078928947
PITPEP_clean,11.41966,9.93708,11.41966,0.952882,1649.81,1731.39,0.565272,0.593223,0.622,0.652757,0.0,1,0.00525515,1.808244231,1.9795472530255631
PIZPIX_clean_h,4.99576,3.97323,4.53163,1.71361,1574.79,918.993,0.0,0.0,0.5616,0.32773,0.0,1,0.003733721,1.354321526,1.3923556724288275
POBMOJ01_clean,16.09028,3.85233,16.09028,1.0369,1784.32,1720.83,0.0,0.0,0.67,0.64616,0.0,1,0.006266197,2.390720608,2.303481945548387
PODVIP_clean,4.42056,3.62761,4.42056,2.28386,243.746,106.725,0.0,0.0,0.3946,0.172778,0.0,1,0.002568525,0.504867878,0.627660603206579
POKGEC_clean,4.44927,3.87743,4.29992,1.20216,336.435,279.858,237.315,197.407,0.504,0.419245,0.0,1,0.003644497,1.038359258,1.2388439710399317
POMMAH_clean,14.83525,11.96507,14.83525,1.26278,1468.55,1162.95,199.616,158.076,0.7018,0.555756,0.00015838,1,0.005785207,1.398955156,2.039620173330652
POSGAH_clean,6.19197,4.53531,6.16887,1.09324,1845.26,1687.87,0.0,0.0,0.5814,0.531812,0.0,0,0.009075707,2.949369688,2.9344677749260186
PUDSOX_clean,7.03254,5.77219,7.03254,1.04422,2164.07,2072.42,0.0,0.0,0.654,0.626304,0.0,1,0.005688184,2.278776695,2.282541905185911
PUDSUD_clean,7.08521,6.02588,7.08155,0.996555,2169.83,2177.33,0.0,0.0,0.6624,0.66469,0.0,1,0.005838215,2.266984554,2.4180754215709146
PUKVAU_clean,6.34308,4.86227,6.34308,1.0986,1347.83,1226.86,0.0,0.0,0.5706,0.519389,0.0,1,0.003223392,1.314594851,1.3458816543310486
PUMGIP01_clean,5.45506,3.48614,5.2674,1.17898,397.642,337.276,548.508,465.24,0.493,0.418158,0.0,1,0.009676345,2.178138122,2.3611238696359997
PUQDOW_clean,5.15222,4.10448,5.15222,1.41779,682.397,481.312,0.0,0.0,0.4322,0.304841,0.0,0,0.005842638,1.319397696,1.3901522197947547
PUVJOG_clean,5.99071,5.7142,5.99071,1.16612,1343.68,1152.27,0.0,0.0,0.5688,0.487772,0.0,0,0.004500251,1.603779611,1.7083041723274348
PUYZUF_clean,5.69776,3.92558,5.6607,1.26995,1498.86,1180.25,0.0,0.0,0.59,0.464585,0.0,0,0.01036018,2.446934711,2.818424935131264
PUZKOM_clean,5.73239,3.68789,5.71092,1.28608,1004.7,781.21,0.0,0.0,0.5098,0.396397,0.0,1,0.012749418,2.364900331,2.497577964384098
QADBII_clean,4.90485,4.23271,4.90165,1.42586,539.675,378.491,0.0,0.0,0.4884,0.34253,0.0,0,0.006492931,1.290556966,1.5157189743264465
QAPQEE_clean,4.84641,3.70884,4.84641,1.26705,1206.55,952.253,0.0,0.0,0.5406,0.426661,0.0,1,0.005130587,1.94708589,1.8148122745228532
QAQHOG_clean,4.07536,3.5864,4.07536,2.36311,463.12,195.979,0.0,0.0,0.3764,0.159282,0.0,1,0.016891621,1.708307937,1.7126069968242468
QAVBUL_clean,12.14778,9.97355,12.14778,1.03126,1437.46,1393.89,0.0,0.0,0.626,0.607023,0.0,1,0.002544879,1.171329238,1.1151215165432105
QAWPIO_clean,5.34571,3.76875,5.30515,1.53902,932.084,605.634,189.024,122.821,0.49,0.318384,0.0,1,0.004138324,1.398436582,1.2566684329914277
QEJYIP_clean,5.79435,3.44834,5.51643,1.42081,1141.45,803.374,0.0,0.0,0.5468,0.38485,0.0,0,0.010343272,2.45483222,2.382722921786852
QEPZOB_clean,6.00756,3.91744,6.00756,0.930353,1597.61,1717.21,0.801378,0.86137,0.6088,0.654376,0.0,1,0.004073196,1.735863476,1.7432663092854288
QETCUO_clean,6.89128,4.79138,6.89128,1.23174,1603.73,1302.0,0.0,0.0,0.5742,0.46617,0.0,1,0.005135402,1.941744205,1.9078597254022616
QEVKOS_clean,4.71244,3.94029,4.71244,1.86641,753.543,403.738,0.0,0.0,0.4654,0.249355,0.0,0,0.004365639,1.087206134,1.2102065853157944
QIPROY_clean,5.10002,3.64368,4.72082,0.794412,2326.28,2928.3,0.0,0.0,0.6568,0.826775,0.0,1,0.007794277,3.257053891,3.165030456752591
QIRYAS_clean,6.80431,4.28089,6.76896,1.43909,1279.9,889.381,0.0,0.0,0.5066,0.352029,0.0,1,0.005672018,1.894930818,1.7659021177650855
QITDOO_clean,4.51149,3.70593,4.5073,1.60486,623.741,388.657,0.0,0.0,0.4184,0.260708,0.0,1,0.005741806,1.255459137,1.3893256943759773
QITXAU_clean,5.33833,4.09777,5.32992,1.02323,1464.2,1430.95,0.0,0.0,0.5698,0.556862,0.0,0,0.00708966,2.300649972,2.468952818562756
QIVJAG_clean,6.03486,4.47657,5.9683,0.924756,2925.59,3163.63,0.0,0.0,0.7036,0.760849,0.0,1,0.002566322,1.268636236,1.2341408432340604
QIWCOQ_clean,7.90536,6.37424,7.89587,0.88756,1705.8,1921.9,0.0,0.0,0.6366,0.717248,0.0,1,0.006817604,2.923885978,2.610348263705252
QIYDEJ_clean,22.48969,11.55679,22.48969,0.431427,1897.73,4398.73,0.0,0.0,0.814,1.88676,0.0,1,0.004854246,2.209166685,2.2400244115489207
QOBPEE_clean,5.93943,5.1846,5.93943,1.67865,1062.24,632.793,0.0,0.0,0.4286,0.255324,0.0,0,0.012573108,2.406263439,2.094895693815661
QOCBUH_clean,5.62714,5.2779,5.62443,1.65942,1085.12,653.917,0.0,0.0,0.4334,0.261175,0.0,0,0.010808406,2.301370184,2.0704013727785107
QODHUO04_clean,7.0665,3.70053,7.05456,1.31094,1039.62,793.032,0.0,0.0,0.501,0.382168,0.0,1,0.003788217,1.295805286,1.2866331962726916
QODHUO05_clean,7.05009,3.74248,7.03715,1.31954,1023.92,775.964,0.0,0.0,0.4934,0.373918,0.0,1,0.003847713,1.303190217,1.2849523970377377
QODHUO13_clean,7.01938,3.75717,6.78624,1.32807,1011.93,761.958,0.0,0.0,0.4912,0.36986,0.0,1,0.003907208,1.326227222,1.315878185900001
QOFBIY01_clean,7.02313,3.82948,7.02313,1.33462,1010.65,757.254,0.0,0.0,0.4866,0.364598,0.0,1,0.004106148,1.329071871,1.3274763702416288
QOFCAR_clean,7.04297,3.82338,7.04297,1.33044,1025.08,770.483,0.0,0.0,0.4874,0.366345,0.0,1,0.003949042,1.322336719,1.30809832601819
QOFCIZ_clean,7.04341,3.83129,7.04341,1.32486,1021.89,771.322,0.0,0.0,0.4928,0.371964,0.0,1,0.003983438,1.32099623,1.3199288008727552
QOFKUT_clean,5.30234,4.62006,5.27677,1.31152,1132.35,863.381,0.0,0.0,0.538,0.410209,0.0,1,0.012645404,2.574949665,2.5072446434421565
QOKKAE_clean,4.41255,3.41758,4.32307,1.9759,693.219,350.838,235.178,119.024,0.5434,0.275014,0.0,1,0.002975607,1.119823593,0.9799695666929426
QOMSAO_clean,6.28295,5.19194,6.16876,0.913349,2335.71,2557.31,0.0,0.0,0.6626,0.725462,0.0,1,0.005162281,2.189182871,2.226119306706539
QONLAI_clean,6.10211,4.91381,6.0286,0.939951,2318.74,2466.88,0.0,0.0,0.6558,0.697696,0.0,1,0.005593885,2.280331436,2.3298710446273785
QONLEM_clean,5.90984,4.72024,5.82362,0.936419,2363.81,2524.31,0.0,0.0,0.6642,0.709298,0.0,1,0.005804838,2.291604073,2.4120893797132505
QONLIQ_clean,6.00653,4.86996,6.00653,0.931336,2311.78,2482.22,0.0,0.0,0.6534,0.701573,0.0,1,0.005525992,2.313494665,2.338007724007546
QOPPES_clean,7.05411,5.65156,7.03914,0.967554,1983.39,2049.91,0.0,0.0,0.6408,0.662289,0.0,1,0.005208023,2.035034032,2.188310329245686
QOSJEP_clean,5.95986,5.08733,5.90424,1.45523,1476.39,1014.54,0.0,0.0,0.5466,0.37561,0.0,1,0.00459748,1.650650168,1.6345970184342096
QOVSOL_clean,6.4221,3.84022,6.40906,1.13898,1211.49,1063.66,0.0,0.0,0.5446,0.478145,0.0,0,0.010669811,2.553921793,2.7811107392047587
QOWRAV02_clean,16.40599,5.24588,16.39933,0.71711,2129.23,2969.18,0.0,0.0,0.7138,0.995384,0.0,1,0.006764044,2.660948476,2.7281008512481955
QOWRAV04_clean,16.39644,5.24663,16.39644,0.717349,2130.73,2970.28,0.0,0.0,0.7132,0.994216,0.0,1,0.006855311,2.656870382,2.7367190764603095
QOWRAV05_clean,16.38928,5.24682,16.38928,0.717588,2130.87,2969.49,0.0,0.0,0.7132,0.993885,0.0,1,0.006889168,2.67057806,2.767310966369541
QOWRAV09_clean,16.34087,5.22933,16.33846,0.718946,2138.82,2974.94,0.0,0.0,0.7138,0.992842,0.0,1,0.00700914,2.695064578,2.756888395676053
QOWRAV12_clean,16.28739,5.21999,16.28739,0.722396,2138.93,2960.89,0.0,0.0,0.713,0.986993,0.0,1,0.006972338,2.701226764,2.7327152630956966
QOYLOG_clean,5.80261,4.54109,5.79964,1.48289,1070.97,722.217,0.0,0.0,0.498,0.335831,0.0,1,0.012648905,2.219277658,2.273046379431474
QUFTAM_clean,4.97686,4.54571,4.97686,1.56592,814.078,519.872,0.0,0.0,0.4264,0.2723,0.0,1,0.006927547,1.463812189,1.4598612196492584
QULMIU_clean,10.29771,9.60437,10.29648,1.52872,1059.92,693.336,0.0,0.0,0.525,0.343424,0.0,0,0.002669864,1.132534773,0.9567027343251223
QUPDEL_clean,4.30346,3.89395,4.29928,2.06117,790.339,383.442,0.0,0.0,0.481,0.233363,0.0,1,0.006934135,1.785179829,1.749266560390756
QUQFIS_clean,7.94677,5.42884,7.94677,0.862455,2489.26,2886.25,0.0,0.0,0.7028,0.814884,0.0,1,0.010548322,3.725016357,3.9508371287577466
QUQWUW_clean,9.102,7.19033,9.102,0.965103,1741.04,1804.0,0.0,0.0,0.668,0.692154,0.0,1,0.006922316,2.900769748,2.5361184459819137
QUSCAJ_clean,5.41421,3.75067,5.4093,1.171,1325.63,1132.04,0.0,0.0,0.5476,0.467633,0.0,1,0.004124386,1.467584704,1.5853806970489708
QUZZES_clean,5.06119,3.42679,5.05316,1.0324,1234.19,1195.46,0.0,0.0,0.5416,0.524604,0.0,0,0.014943063,3.913264387,3.966910772047178
RAHBUZ_clean,6.80616,5.48586,6.79539,1.14478,1985.3,1734.22,0.0,0.0,0.6386,0.557835,0.0,1,0.006026155,2.297410988,2.2051235241385108
RAJFAM_clean,5.76966,4.83521,5.76966,1.51984,1227.59,807.709,0.0,0.0,0.4906,0.322798,0.0,1,0.007438847,1.962328847,2.033987324717066
RAKCUC_clean,8.57661,7.89234,8.55843,1.19439,2063.73,1727.86,0.0,0.0,0.673,0.563469,0.0,0,0.003701075,1.558506783,1.6027302891876543
RAKDAJ_clean,8.45824,7.8928,8.45069,1.20511,2057.23,1707.09,0.0,0.0,0.6724,0.557956,0.0,1,0.003726091,1.577099056,1.6025658831039964
RANPAA_clean,6.05316,4.94809,6.0477,1.2743,1610.55,1263.87,0.0,0.0,0.5832,0.457663,0.0,1,0.007111177,2.502453253,2.368084254116917
RAVJOP_clean,6.06205,4.36461,6.04226,1.22934,1821.97,1482.08,0.0,0.0,0.617,0.501897,0.0,1,0.006210918,2.215261126,2.180003592828398
RAVVIU01_clean,4.59869,3.5679,4.59657,1.86048,691.944,371.917,0.0,0.0,0.4344,0.233488,0.0,0,0.003197924,1.017430884,0.9461513865083829
RAVVIU_clean,4.57827,3.5768,4.571,1.86654,688.219,368.714,0.0,0.0,0.4312,0.231016,0.0,0,0.003252311,1.007366424,0.9648117993231482
RAVWES_clean,24.44059,23.62721,24.44059,0.439059,1246.56,2839.17,0.0,0.0,0.7912,1.80203,0.0,1,0.005928629,2.511545067,2.378140972277046
RAVXIX_clean,53.57674,53.26429,53.57674,0.23463,734.576,3130.78,0.0,0.0,0.8668,3.69432,0.0,0,0.004366689,2.053833237,2.0081765238685283
RAWZIA_clean,5.39589,4.8012,5.39589,1.33412,1219.23,913.881,0.0,0.0,0.473,0.35454,0.0,0,0.018624226,2.672583291,2.945848135030473
RAYFAA_clean,15.81778,9.45289,13.62877,0.959285,1554.88,1620.88,0.0,0.0,0.6988,0.728459,0.0,1,0.002695675,1.229073132,1.2104542158210756
RAYMAG_clean,6.11234,4.00379,6.11037,0.853384,2274.69,2665.5,0.0,0.0,0.6316,0.740112,0.0,1,0.008990925,3.305029679,3.5474163961860246
RAYMOV_clean,13.90455,9.65699,13.67506,0.424006,2112.55,4982.37,0.0,0.0,0.8122,1.91554,0.0,1,0.004384046,2.148333459,2.060144525086907
RAZGOQ_clean,5.22922,5.1443,5.20974,1.6171,770.443,476.435,163.357,101.019,0.5102,0.315503,0.0,1,0.002736096,1.059935386,0.9060834367624733
REDYEG_clean,6.00247,5.30071,6.00247,1.71779,1047.72,609.926,0.0,0.0,0.4804,0.279662,0.0,0,0.004843681,1.228131194,1.3784066576320588
REHVEH_clean,5.09966,4.72276,5.09966,1.21463,819.918,675.033,0.0,0.0,0.4664,0.383984,0.0,0,0.011419468,2.041690285,2.2165266208158414
REXFAD_clean,8.37909,6.69323,8.37909,1.32806,1739.82,1310.04,0.0,0.0,0.6402,0.482057,0.0,1,0.002342303,0.992634655,1.0432073250267833
REXFEH_clean,9.20954,5.96123,9.20203,1.33437,1715.88,1285.91,0.0,0.0,0.627,0.469885,0.0,0,0.002134932,1.006797093,0.9687513247628904
REYBAA_clean,4.19945,3.50951,4.19839,1.29344,533.841,412.731,0.0,0.0,0.4586,0.35456,0.0,0,0.003841351,1.10294558,1.267369451629248
REYJEM_clean,10.02209,6.26863,9.82831,0.811705,2149.78,2648.47,0.0,0.0,0.7198,0.886775,0.0,0,0.014141141,3.338392867,3.7705028880785294
REYPIW_clean,5.40721,5.27542,5.40721,1.18423,1439.71,1215.73,0.0,0.0,0.5374,0.453797,0.0,0,0.014709739,2.994498005,3.3601775298475087
RIBDAJ_clean,5.97505,5.0342,5.95251,0.92739,2392.13,2579.42,0.0,0.0,0.666,0.718144,0.0,0,0.006210049,2.62871627,2.5419036790085663
RIBDEN_clean,6.08901,5.09508,6.08573,0.93229,2330.9,2500.19,0.0,0.0,0.6512,0.698495,0.0,0,0.005927769,2.601424276,2.4758766530475325
RIBTAZ_clean,7.94342,5.01622,7.94342,0.877067,2617.13,2983.95,0.0,0.0,0.7178,0.818409,0.0,1,0.005787243,2.56248862,2.5227315550445795
RICBEM_clean,11.37522,8.59238,11.37522,0.399184,2277.32,5704.93,0.0,0.0,0.821,2.0567,0.0,1,0.004236243,2.063472249,2.0341566407644587
RIFGAQ_clean,13.18615,6.52783,13.17424,0.879718,2150.81,2444.89,0.0,0.0,0.7148,0.812533,0.0,1,0.007613958,2.34097124,2.3499596298417815
RIFQUT_clean,5.6172,4.23676,5.6163,1.93171,1255.63,650.01,0.0,0.0,0.475,0.245896,0.0,1,0.002394357,0.896652355,0.882341362986362
RIGVOU_clean,4.93156,4.16902,4.92505,2.31703,753.709,325.291,0.0,0.0,0.3776,0.162967,0.0,0,0.005444977,1.014322337,1.0491793421353905
RIXPIZ_clean,9.94535,8.42715,9.94535,0.56995,2088.86,3665.0,0.0,0.0,0.7428,1.30327,0.0,0,0.007785123,2.129581627,2.770357802694003
RIYBAE_clean,8.18384,7.49831,8.16337,1.22176,2051.61,1679.23,0.0,0.0,0.667,0.545934,0.0,0,0.003792582,1.590677565,1.618472116942544
RIYBIM_clean,8.35741,7.50788,8.28491,1.24126,2090.26,1683.99,0.0,0.0,0.6636,0.534619,0.0,0,0.004031552,1.703825657,1.7240999248762876
RIYWED_clean,4.63321,3.54746,4.62492,1.48698,355.273,238.923,0.0,0.0,0.3958,0.266178,0.0,1,0.003696479,1.098309545,0.9051379830490252
ROCZAM_clean,5.6803,4.28854,5.40999,1.1313,2335.01,2064.0,0.0,0.0,0.6432,0.568548,0.0,1,0.004511652,1.967608492,1.87401749543615
ROCZEQ_clean,5.8918,4.42295,5.82087,1.11408,2330.31,2091.69,0.0,0.0,0.6462,0.580029,0.0,1,0.004555928,1.93386042,1.8784888615885562
ROCZIU_clean,6.78863,5.28492,6.57422,1.08447,2132.05,1965.99,0.0,0.0,0.649,0.598451,0.0,1,0.004465848,1.845430412,1.867886277785528
ROLZEZ_clean,6.54271,5.20454,6.54271,1.10411,1262.09,1143.08,86.4297,78.2797,0.5632,0.510092,0.0,0,0.0092172,2.351379705,2.506765129426037
RORTAV_clean,9.60382,5.42977,9.56238,0.669195,1791.93,2677.74,407.039,608.252,0.711,1.06247,0.0,0,0.005145765,2.364683965,2.3228057847282906
RORVAX_clean,6.42929,6.08998,6.42929,0.7293,3122.65,4281.71,0.0,0.0,0.7,0.959824,0.0,1,0.010616622,4.321896896,4.717186424030904
ROTTOL_clean,6.50353,4.02235,6.48646,1.01612,1524.25,1500.07,0.0,0.0,0.5582,0.549344,0.0,0,0.009185439,3.074369176,2.994077086417918
RUFTET_clean,5.41592,3.76809,5.41592,1.32563,1019.52,769.082,0.0,0.0,0.4806,0.362546,0.0,0,0.004307888,1.536053493,1.3906142383629179
RUGKOV_clean,6.88401,5.43231,6.88401,0.929347,2753.28,2962.6,0.0,0.0,0.6968,0.749773,0.0,1,0.006085643,2.561665561,2.686994521212814
RUHFEH_clean,9.84183,8.46338,9.78525,0.895692,2177.87,2431.49,0.0,0.0,0.7858,0.87731,0.0,1,0.001688189,0.796558482,0.8322540394831134
RUHFOR_clean,10.01133,8.72369,10.0082,0.889531,2175.51,2445.69,0.0,0.0,0.787,0.884736,0.0,1,0.001672807,0.783848762,0.8313960543249409
RULXOM_clean,15.36971,3.55595,15.36971,0.839199,1628.5,1940.54,0.0,0.0,0.652,0.776931,0.0,0,0.009872285,3.512739828,3.0106981740770475
RUNXUV_clean,5.8356,4.62926,5.8296,1.09463,1307.34,1194.33,0.0,0.0,0.5502,0.502636,0.0,0,0.013342608,3.055712438,2.9210763896618968
RUSWIN_clean,6.48006,3.76789,6.3774,1.27344,1499.33,1177.39,0.0,0.0,0.5498,0.431746,0.0,1,0.005845349,2.027315704,2.0644203624622226
RUTNOK_manual,24.61263,14.64846,24.61263,0.240823,1468.58,6098.18,0.0,0.0,0.9018,3.74465,0.0,0,0.004315416,1.994057909,2.1701880479666213
RUVMAX_clean,5.22433,4.41387,5.22043,1.2008,1767.14,1471.63,0.0,0.0,0.5696,0.474351,0.0,1,0.013000337,3.603851849,3.5993329486473593
RUVMUR_clean,3.8115,3.49015,3.80241,1.48235,185.395,125.068,39.5872,26.7057,0.4088,0.275779,0.0,1,0.001741381,0.675636843,0.5947241568188488
RUWZIU_clean,6.72021,5.65873,6.72021,1.01181,1054.68,1042.37,0.0,0.0,0.5302,0.52401,0.0,0,0.001393692,0.665272777,0.679249796764301
RUYQOT_clean,9.68542,7.26317,9.68542,1.1664,1438.72,1233.47,0.0,0.0,0.575,0.49297,0.0,1,0.003077824,1.423945712,1.342041318451997
S2052520616005515_bm5080sup1_clean,4.47894,3.61798,4.46305,1.15409,1529.36,1325.16,0.0,0.0,0.5662,0.490602,0.0,0,0.011114083,3.506652454,3.431508429556268
S2056989016007027_zl2661sup1_clean,6.51796,4.57602,6.50954,1.14323,1545.49,1351.86,0.0,0.0,0.5984,0.523428,0.0,0,0.009764628,2.90347032,2.9731570218826415
SADLEQ_clean,7.11187,6.8054,7.11187,1.50504,1508.7,1002.44,0.0,0.0,0.5702,0.378862,0.0,1,0.005553927,2.02813812,1.9893466814625798
SADVEB_clean,5.28527,4.25585,5.28527,2.60318,983.265,377.718,0.0,0.0,0.4638,0.178167,0.0,1,0.00172861,0.594818321,0.5787017797631057
SAJDIT_clean,7.44507,6.67773,7.44507,1.18884,1185.58,997.26,0.0,0.0,0.5216,0.438748,0.0,1,0.004034819,1.579498263,1.5839693816729654
SAJSAA_clean,6.806,6.26285,6.79743,1.09035,1505.97,1381.18,0.0,0.0,0.546,0.500758,0.0,1,0.010005435,3.097800157,2.9639862350341155
SAKRAZ_clean,5.58245,5.12904,5.58245,1.03675,2394.2,2309.33,0.0,0.0,0.6546,0.631396,0.0,1,0.005506673,2.338156856,2.2924574690623043
SALXIP_clean,18.35498,16.34268,18.35498,1.06535,1653.8,1552.35,0.0,0.0,0.7432,0.697612,0.00112639,1,0.001894497,0.869546658,0.8773190137023671
SAMLAV_manual,5.80959,3.99095,5.75161,1.19097,1685.7,1415.4,0.0,0.0,0.5904,0.495731,0.0,0,0.005647157,2.003526935,2.0331201691356258
SAMVEK_clean,7.83578,6.98017,7.83578,0.980713,1609.04,1640.69,0.0,0.0,0.611,0.623016,0.0,0,0.004368645,1.973190349,1.9156832184635095
SANGEW_clean,6.64431,4.85626,6.63808,1.45126,1299.25,895.255,0.0,0.0,0.529,0.36451,0.0,1,0.011230982,2.872291104,2.3964073130971686
SANJAV_clean,6.50945,4.91174,6.48422,1.32827,1290.56,971.607,0.0,0.0,0.515,0.387722,0.0,1,0.014055486,3.347706599,2.9377183614407962
SAQQEH_clean,10.62623,9.13273,10.62623,0.914395,1723.95,1885.35,0.0,0.0,0.6746,0.737756,0.0,1,0.005271325,2.116261285,2.167290984410123
SARGID_clean,11.28011,10.79695,11.27845,1.13003,1551.23,1372.74,0.0,0.0,0.643,0.569013,0.0,1,0.004189534,1.875686664,1.8721545221397653
SARHEA_clean,11.57288,10.94497,11.57288,1.13911,1582.39,1389.14,0.0,0.0,0.6384,0.560437,0.0,1,0.004249488,1.946465441,1.8767344748873627
SARTIR_clean,8.84902,7.39282,8.55302,0.84182,1819.29,2161.13,0.0,0.0,0.6546,0.7776,0.0,0,0.004148953,2.03529543,1.8103437575996437
SATROV_clean,5.68214,4.67755,5.6433,1.62598,1989.31,1223.46,0.0,0.0,0.6086,0.374297,0.0,1,0.002882013,1.193572963,1.1981712478329218
SEFSOM_clean,7.74471,4.63206,7.74435,1.3092,888.245,678.465,0.0,0.0,0.4856,0.370914,0.0,0,0.003378557,1.21262363,1.126873017842795
SEFVAC_clean,11.52297,3.67055,11.52297,0.903784,1536.01,1699.54,0.0,0.0,0.6434,0.711896,0.0,0,0.002638483,1.206775138,1.1836887606861464
SEFVEG_clean,11.61384,3.82499,11.61384,0.903214,1567.68,1735.67,0.0,0.0,0.6424,0.711238,0.0,0,0.002336419,1.100743835,1.0973600006939088
SEFWOR_clean,11.5954,3.6311,11.5954,0.926162,1578.03,1703.84,0.0,0.0,0.6492,0.700957,0.0,0,0.001961057,0.952626289,0.9672425939870988
SEHTEF_clean,5.47631,4.61623,5.47631,1.08146,2270.04,2099.06,0.0,0.0,0.6446,0.596049,0.0,1,0.00837492,3.147027893,2.9156384233024704
SERWAP_clean,5.42763,4.05857,5.33801,0.873598,1883.71,2156.27,0.0,0.0,0.6098,0.698033,0.0,0,0.014415477,3.887903263,4.1474072186389055
SEVLEM_clean,9.1752,7.37433,9.1752,0.963135,2062.24,2141.17,0.0,0.0,0.6686,0.694191,0.0,1,0.002961033,1.27204515,1.343987271095419
SIPCID_clean,5.31594,4.0774,5.2787,1.47588,738.038,500.065,0.0,0.0,0.506,0.342845,0.0,0,0.001872146,0.696766654,0.7058645874190397
SISQIW_clean,6.00511,5.20372,6.00511,1.61583,1236.89,765.482,0.0,0.0,0.521,0.322434,0.0,1,0.007280893,1.934724328,2.0255730615160035
SIVGOV_clean,5.24396,4.0676,5.24396,1.11955,1644.75,1469.11,0.0,0.0,0.6106,0.545397,0.0,1,0.006320549,2.190807221,2.272459798280385
SIVGUB_clean,8.31266,6.47199,8.20556,0.679186,2443.34,3597.46,0.0,0.0,0.7546,1.11104,0.0,1,0.005415609,2.555502019,2.401753374123878
SOHGUS_clean,9.69532,8.17838,9.6883,0.723839,1841.74,2544.41,0.0,0.0,0.707,0.976737,0.0,0,0.004659482,2.140848823,2.017405510504388
SOHMIM_clean,8.13654,7.41946,8.10265,1.23579,2022.73,1636.78,0.0,0.0,0.6656,0.538601,0.0,0,0.003631951,1.585746748,1.565894598687914
SOHNAF_clean,8.77466,8.24178,8.76382,1.17605,2072.16,1761.97,0.0,0.0,0.686,0.583311,0.0,0,0.003639193,1.593471475,1.5966278945378707
SOHNEJ_clean,8.72478,7.97366,8.7184,1.18471,2089.45,1763.69,0.0,0.0,0.6672,0.563178,0.0,0,0.003822206,1.613863595,1.6341499876067342
SOHNIN_clean,8.46136,7.91648,8.46136,1.21276,2069.15,1706.15,0.0,0.0,0.6704,0.552789,0.0,0,0.003895938,1.613610142,1.6606451521147825
SONTOF_clean,6.50923,5.39354,6.50923,1.11456,2282.12,2047.56,0.0,0.0,0.6604,0.592523,0.0,1,0.003953204,1.654004203,1.6955410766905838
SONVAT_neutral_b,13.18133,6.56576,13.18133,0.88151,2137.18,2424.45,0.0,0.0,0.7168,0.81315,0.0,1,0.00765658,2.242706617,2.3368565297952726
SOPLAM_clean,7.99336,6.43639,7.96868,0.786263,2208.41,2808.75,0.0,0.0,0.6702,0.852386,0.0,1,0.005540907,2.463602397,2.480840267776092
SOTXEG_neutral,5.04075,3.40746,5.04075,1.50786,630.779,418.326,0.0,0.0,0.472,0.313026,0.0,0,0.005087114,1.221110714,1.2930657996242927
SOVHOA_clean,4.19176,3.82361,4.19176,1.2075,1328.47,1100.17,0.0,0.0,0.5406,0.4477,0.0,1,0.003993489,1.533769901,1.73788917702735
SOVLEW_clean,16.78989,6.64048,16.78989,0.755158,2186.99,2896.07,0.0,0.0,0.742,0.982576,0.0,1,0.006044278,2.528121402,2.5452353462467268
SOXDAM_clean,7.87287,4.28499,7.87287,1.75813,1069.27,608.188,0.0,0.0,0.4738,0.26949,0.0,1,0.005140715,1.590930795,1.4209112290470418
SOZSAD_clean,8.8027,3.99777,8.80075,0.979603,1802.77,1840.31,0.0,0.0,0.6322,0.645363,0.0,1,0.007764819,3.137396655,2.8740746291672337
SUBMIN_clean,9.97573,6.14945,9.9755,0.833875,1650.14,1978.89,0.0,0.0,0.635,0.761505,0.0,0,0.006175193,2.394595532,2.267623354305224
SUCLOT_clean,5.75412,5.30597,5.75185,0.900285,1657.72,1841.33,0.0,0.0,0.6148,0.682895,0.0,1,0.004213264,1.881897155,1.738191053035819
SUNJIV_clean,4.89155,3.90131,4.73471,1.36084,1754.51,1289.29,0.0,0.0,0.5968,0.438553,0.0,1,0.007012318,2.440968944,2.471619225196725
SUNJOB01_clean,4.89634,3.8976,4.73512,1.37366,1723.73,1254.84,0.0,0.0,0.596,0.433877,0.0,1,0.006864997,2.41924029,2.394206771015795
SUQHUJ_clean,7.25953,5.23411,7.25953,1.08539,2701.3,2488.77,0.0,0.0,0.709,0.653219,0.0,1,0.007969607,3.302745889,3.093901521550648
SUQJEV_clean,6.37976,3.41068,6.37976,1.61288,1257.56,779.698,0.0,0.0,0.5318,0.329721,0.0,1,0.017095149,3.490706491,3.20821303895766
SURDOA_clean,4.38797,3.72635,4.38797,1.29817,708.567,545.82,0.0,0.0,0.448,0.345101,0.0,0,0.004684688,1.331071651,1.400008869308206
TAGBUZ_clean,4.64533,3.41141,4.64533,1.22769,600.487,489.118,0.0,0.0,0.4834,0.393746,0.0,1,0.014101399,2.455620326,2.3312847671886052
TAHNEY_clean,10.9331,7.2387,10.84031,1.02563,2322.37,2264.33,0.0472135,0.0460334,0.7992,0.779225,0.0,1,0.000828967,0.412544575,0.394102764532873
TAKHAR_clean,10.31674,9.51664,10.31674,1.55109,1234.33,795.781,0.0,0.0,0.5892,0.379861,0.0,1,0.002486144,0.895058771,0.9400799059007033
TASFAU_clean,11.93851,7.45098,11.93851,0.561345,2465.98,4393.0,0.0,0.0,0.7892,1.40591,0.0,1,0.003237746,1.494593616,1.5456970658541092
TASVUG_clean,7.60995,6.84404,7.60152,1.19319,1872.8,1569.57,0.0,0.0,0.6146,0.515088,0.0,1,0.003622035,1.389436159,1.5486089533654213
TASWAN_clean,7.61281,6.7795,7.61281,1.23616,1858.69,1503.6,0.0,0.0,0.6202,0.501716,0.0,1,0.00386906,1.480394571,1.5655434455906034
TASWIV_clean,7.31506,6.71653,7.31506,1.25001,1853.82,1483.05,0.0,0.0,0.6122,0.489757,0.0,1,0.003958608,1.523561439,1.5886932042383364
TASWOB_clean,7.28953,6.56977,7.27292,1.26788,1836.09,1448.15,0.0,0.0,0.6064,0.478278,0.0,1,0.003803721,1.484045294,1.5502273717807395
TEHRUU_clean,4.78045,3.65221,4.45538,1.55312,875.885,563.951,207.395,133.534,0.5568,0.358503,0.0,1,0.002116113,0.775932445,0.900086700483336
TEJGAS_clean,4.74057,3.77757,4.73232,1.91081,991.998,519.151,0.0,0.0,0.479,0.250679,0.0,1,0.002479223,0.90749213,0.922937183554482
TEJGIA_clean,4.64155,3.86357,4.62359,1.88003,1035.3,550.681,0.0,0.0,0.4662,0.247975,0.0,1,0.002257768,0.869490809,0.8460970644769558
TEJLOL_clean,6.35231,4.97084,6.35231,1.25899,1757.24,1395.75,0.0,0.0,0.6298,0.500244,0.0,1,0.004441576,1.713286599,1.733994474088074
TEQWER01_clean,4.21874,3.59841,4.17878,1.6409,883.632,538.504,0.0,0.0,0.5372,0.327381,0.0,1,0.003977251,1.376233519,1.381915848043948
TERNUA_clean,7.01847,4.73004,6.9462,1.44294,1426.15,988.361,0.0,0.0,0.5566,0.385739,0.0,1,0.006631576,2.289024334,1.952278441554056
TESHAB_clean,5.24315,3.84947,5.24293,1.8144,918.907,506.452,0.0,0.0,0.4908,0.270503,0.0,0,0.006114516,1.383679667,1.4812360655765655
TETVIZ_clean,5.51517,3.41736,5.00993,2.38206,1155.9,485.251,0.0,0.0,0.4816,0.202178,0.0,1,0.001563501,0.674881015,0.6587162640904145
TETZID_clean,5.13889,3.8044,5.11428,1.3464,751.257,557.976,64.4982,47.9043,0.4882,0.362598,0.0,0,0.005953465,1.603263482,1.5629710023756738
TEWFOS_clean,5.12439,3.80032,5.11789,1.20574,872.156,723.339,0.0,0.0,0.4772,0.395775,0.0,1,0.012157404,2.449622113,2.380368059956751
TEZKAM_clean,6.18548,4.52304,6.11894,1.1169,1248.24,1117.59,0.0,0.0,0.5306,0.475064,0.0,1,0.011184858,2.531092898,2.6852758384445568
TIGSOT_clean,4.31733,3.92478,4.29293,1.79014,708.62,395.847,0.0,0.0,0.4326,0.241658,0.0,1,0.006183293,1.41249934,1.5895006359619288
TIJPOT_clean,4.06689,3.45193,4.06689,1.44348,706.681,489.567,0.0,0.0,0.526,0.364397,0.0,1,0.002296262,0.91225408,0.9605630930711009
TIRQOB_clean,6.9378,5.1125,6.91934,1.1916,1497.46,1256.68,0.0,0.0,0.5672,0.475998,0.0,1,0.017598202,3.031633188,3.710758109930198
TOBJUR_clean,10.64745,9.47902,10.64745,1.06964,1632.11,1525.85,0.0,0.0,0.6686,0.625069,0.0,1,0.004191611,1.788247891,1.8164370229861628
TOFQEM_clean,4.70069,3.85298,4.60227,1.25512,1271.42,1012.99,0.0,0.0,0.5644,0.449677,0.0,1,0.011740021,2.702438695,3.0114670141623483
TOHSAL_clean,9.79069,6.17903,9.78331,0.576207,2737.54,4750.96,0.0,0.0,0.7668,1.33077,0.0,1,0.005743451,2.69703838,2.6027656632362404
TOHYUL_clean,7.14824,6.33455,7.14824,1.33984,1522.29,1136.17,0.0,0.0,0.5742,0.428558,0.0,1,0.003567336,1.516919403,1.4355828753453919
TONBOO_clean,4.69422,3.90104,4.69422,1.33698,611.28,457.21,0.0,0.0,0.4482,0.335234,0.0,1,0.010274385,1.854111347,1.884475234283784
TONTIB_clean,8.17686,3.88128,8.17686,0.785515,2106.51,2681.7,0.0,0.0,0.6434,0.819081,0.0,0,0.008445489,3.716415394,3.389654723563282
TONTOH_clean,8.07783,3.80615,8.07783,0.808912,2062.02,2549.12,0.0,0.0,0.628,0.776351,0.0,0,0.00765659,3.343049898,3.129853575546044
TONVAV_clean,8.13737,3.84778,8.13737,0.811081,2093.45,2581.06,0.0,0.0,0.6356,0.783646,0.0,0,0.008295447,3.633613818,3.2072977301587624
TORJAN_clean,5.41891,3.81819,5.4137,1.12525,1554.01,1381.04,0.0,0.0,0.5844,0.519353,0.0,1,0.004816731,1.728344364,1.7641571237496763
TORJER_clean,5.04936,3.67231,5.03861,1.16476,1436.77,1233.53,0.0,0.0,0.5708,0.490058,0.0,1,0.005381178,1.800591738,1.9533936947799735
TORKAO_clean,5.01927,3.67935,4.85274,1.1494,1435.4,1248.83,0.0,0.0,0.5704,0.496261,0.0,1,0.005334104,1.832771518,1.9564298205343693
TORPUN_clean,8.7872,8.28484,8.78484,1.1627,1327.18,1141.46,0.0,0.0,0.5712,0.49127,0.0,0,0.004187482,1.56689565,1.6754921915197099
TOVJEV_clean,13.68087,10.37066,13.68087,0.399582,1892.74,4736.79,0.0,0.0,0.837,2.09469,0.0,1,0.004510087,2.097873466,2.091854969858729
TOVJIZ_clean,12.65101,8.2906,12.63941,0.451159,2031.86,4503.64,0.0,0.0,0.8026,1.77897,0.0,1,0.004700397,2.106738712,2.1678070172096175
TOVJUL_clean,7.14215,5.30329,7.13909,0.862488,2071.68,2401.98,0.0,0.0,0.6594,0.764532,0.0,1,0.007497406,2.430186153,2.8065749685267365
TOVKEW_clean,13.15242,8.94797,13.15242,0.566631,2049.64,3617.24,0.0,0.0,0.7342,1.29573,0.0,1,0.006365996,2.621833459,2.5376218040905556
TOVKIA_clean,11.37766,5.00759,10.17753,0.697273,2365.25,3392.15,0.0,0.0,0.715,1.02542,0.0,1,0.0075074,3.078932369,2.874175998548496
TOWNUQ_clean,8.86609,7.97255,8.86609,0.87729,1618.53,1844.92,0.0,0.0,0.6006,0.684609,0.0,1,0.010769272,3.178628906,2.9602883554675357
TOXHAR_clean,4.88487,4.27765,4.88487,1.14926,1012.18,880.723,0.0,0.0,0.4974,0.4328,0.0,1,0.006440351,1.893744927,1.9141546988064673
TOZHAR_clean,4.71595,3.81365,4.64425,1.35498,1755.8,1295.81,0.0,0.0,0.6366,0.469823,0.0,1,0.00231366,1.016960926,1.0747507586221487
TUBLIN_clean,5.27232,3.84215,5.27232,1.23985,960.484,774.675,0.0,0.0,0.4788,0.386175,0.0,0,0.006398661,1.942639006,1.7536536174436397
TUMQID_clean,4.78803,3.71858,4.78803,1.19719,1092.19,912.297,0.0,0.0,0.5342,0.446213,0.0,1,0.011593529,2.960524548,2.8674433183457255
TUNJET_clean,6.14578,4.61369,6.05606,1.50948,1150.01,761.861,0.0,0.0,0.5096,0.3376,0.0,1,0.005966073,1.577696102,1.7404159945873707
TURDUH_clean,6.62446,4.36886,6.61015,1.02982,1359.58,1320.21,0.0,0.0,0.5506,0.534658,0.0,0,0.007214435,2.534581709,2.415722217001965
TUTJAU_clean,6.55313,5.09154,6.45158,1.05742,1473.03,1393.05,0.0,0.0,0.5626,0.532052,0.0,1,0.009505019,3.019988676,2.803847344066677
TUYFIE_clean,5.48587,4.03732,5.48587,1.18223,1310.67,1108.64,0.0,0.0,0.5692,0.481463,0.0,1,0.01615011,3.100380752,3.4762330483008195
UCAXEC_clean,4.65972,3.79898,4.65972,1.24715,773.765,620.428,0.335064,0.268664,0.4924,0.394821,0.0,1,0.007230106,1.78674004,1.936891231542445
UCEXAC_clean,6.32023,4.85158,6.32023,1.4352,1385.63,965.467,0.0,0.0,0.5604,0.390469,0.0,1,0.005436496,1.827106058,1.7985298847503561
UCOJAZ_clean,8.09472,7.35206,8.09472,1.24694,2013.79,1614.99,0.0,0.0,0.6576,0.527372,0.0,1,0.003674742,1.577299185,1.598375578018729
UCUJOU_clean,7.86092,6.25774,7.86092,1.30122,2380.04,1829.08,0.0681927,0.0524066,0.6862,0.52735,0.0,1,0.002153837,0.929203382,0.9901762398422541
UDEMEW_manual,28.23748,11.69499,28.22828,0.681201,1337.39,1963.29,46.9906,68.9819,0.7606,1.11656,0.0,1,0.01322275,1.689569402,2.0984627393464637
UDUMIP03_clean,7.09807,6.30763,7.09096,1.42891,1721.24,1204.58,0.0,0.0,0.5872,0.410943,0.0,1,0.002458255,1.063234451,1.093161949067485
UFEMIC_clean,5.26486,4.19267,5.24985,1.20943,1737.26,1436.43,0.0,0.0,0.6508,0.538107,0.0,0,0.001363655,0.657339596,0.6630773355451337
UFUQIV_clean,7.38156,5.81733,6.18024,0.675677,2389.77,3536.85,0.0,0.0,0.7014,1.03807,0.0,1,0.006309611,2.848664717,2.6375472414002377
UKAQED_clean,6.96134,4.79708,6.96134,1.16653,1696.68,1454.47,0.0,0.0,0.581,0.49806,0.0,0,0.007347742,2.311805418,2.5135763859849334
UKUBUY_clean,7.24877,4.48545,6.9378,1.0306,1336.85,1297.17,0.0,0.0,0.5312,0.51543,0.0,0,0.02061853,3.593031868,3.6522985221323467
ULAQAB_clean,5.27643,3.51743,4.89733,1.04387,1032.19,988.815,0.0,0.0,0.5466,0.523628,0.0,0,0.009874733,2.543888218,2.5242849246706167
ULAQEF_clean,5.27064,3.49026,5.03731,1.02909,1016.13,987.412,0.0,0.0,0.5346,0.51949,0.0,0,0.008081122,2.267489798,2.377603259532137
UMABIV_clean,5.68466,5.22417,5.68466,1.23934,1941.33,1566.43,0.0,0.0,0.6118,0.493651,0.0,1,0.007015329,2.489733629,2.486585300015943
UMEDEX_clean,8.31991,5.90244,8.31991,1.33036,1734.05,1303.45,0.0,0.0,0.6334,0.476113,0.0,0,0.002503035,1.051186095,1.0973189626357795
UMEDOH_clean,8.3593,5.89473,8.3593,1.33036,1732.85,1302.55,0.0,0.0,0.6328,0.475662,0.0,0,0.002536567,1.05622767,1.0973189626357795
UMEPOT_clean,6.2957,5.33563,6.29133,1.57681,1311.07,831.473,0.0,0.0,0.541,0.343098,0.0,1,0.006865023,1.947420009,2.015115992108444
UMESIQ_clean,7.11235,5.04643,6.16421,1.65932,1412.73,851.388,0.0,0.0,0.558,0.336282,0.0,1,0.009099496,2.440733779,2.284047007673744
UMOBEF01_clean,11.72616,5.98085,11.72563,0.505624,2624.2,5190.03,0.0,0.0,0.792,1.56638,0.0,1,0.004786206,2.324445464,2.2806066595213665
UMOBEF04_clean,9.82687,5.92931,9.82687,0.641251,2696.95,4205.76,1.10178,1.71818,0.73,1.1384,0.0,1,0.007615808,3.157493364,3.0468433722011916
UMOBEF05_clean,9.81532,6.14212,9.81476,0.699468,2487.48,3556.24,0.0,0.0,0.705,1.00791,0.0,1,0.007955497,3.182908566,3.0214105082237843
UMOBEF06_clean,9.73892,6.12776,9.73892,0.704912,2451.84,3478.22,0.0,0.0,0.7064,1.00211,0.0,1,0.007989465,3.170618915,3.024834345278331
UMODEH03_clean,11.61852,5.42066,11.35102,0.51003,2634.97,5166.3,0.0,0.0,0.785,1.53913,0.0,1,0.004890195,2.350975499,2.3334377960070927
UMODEH13_clean,8.08,5.10727,6.08981,0.75692,2343.08,3095.55,0.0,0.0,0.6792,0.89732,0.0,1,0.008824684,3.317835155,3.2525324653842898
UMODEH14_clean,11.13019,5.34376,11.13003,0.540267,2804.02,5190.06,0.0,0.0,0.7704,1.42596,0.0,1,0.005323712,2.523623379,2.4527180323230007
UMODEH15_clean,11.39121,5.37416,11.39121,0.528259,2720.83,5150.56,0.0,0.0,0.7764,1.46973,0.0,1,0.005021564,2.485960005,2.3448192088840654
UMODEH16_clean,13.02556,5.98917,13.02556,0.473838,2451.04,5172.75,0.0,0.0,0.8008,1.69003,0.0,1,0.004364721,2.144234187,2.0901277564752943
UMODEH24_clean,11.42851,5.36939,11.42851,0.532371,2746.88,5159.71,0.0,0.0,0.7732,1.45237,0.0,1,0.005271164,2.499858802,2.4665720752197107
UMODEH_clean,10.95537,5.36113,10.95537,0.533113,2747.45,5153.6,0.0,0.0,0.7742,1.45222,0.0,1,0.005356554,2.479164965,2.519902422589394
UMOVEZ_clean,11.7936,5.96806,11.76218,0.502437,2621.26,5217.08,0.0,0.0,0.7922,1.57671,0.0,1,0.004769222,2.324034441,2.2802082105149006
UMOYOM03_clean,9.53653,5.34452,9.53653,0.572297,2816.69,4921.73,0.0,0.0,0.7558,1.32064,0.0,1,0.005033638,2.470448392,2.3412113698619006
UMOYOM13_clean,8.08915,5.1527,6.21939,0.677127,2892.06,4271.07,0.0,0.0,0.7078,1.0453,0.0,1,0.007350029,3.285190917,3.176799974964644
UMOZUT_clean,10.2026,5.23269,10.2026,0.576016,2921.2,5071.38,0.0,0.0,0.7524,1.30621,0.0,1,0.006075797,2.80185876,2.7407997028315267
UNECOH_clean,8.18788,6.9765,8.18788,1.09192,2032.27,1861.19,0.0,0.0,0.6216,0.569271,0.0,1,0.005111484,2.209621786,2.0961707401103844
UNECUN_clean,8.22196,7.00638,8.21981,1.18297,2033.93,1719.35,0.0,0.0,0.6502,0.549636,0.0,1,0.00552532,2.309132606,2.227284778525861
UNUNEY_clean,34.00674,17.63763,34.00674,0.237838,1109.56,4665.2,0.0,0.0,0.9182,3.86062,0.0,1,0.003733632,1.807245093,1.9248457392198883
UREVIY_clean,4.97933,3.80174,4.64142,1.58439,1154.53,728.69,0.0,0.0,0.5098,0.321764,0.0,1,0.006039889,1.729490089,1.838051509159534
UREVOE_clean,4.98141,3.80725,4.69195,1.62966,1156.15,709.443,0.0,0.0,0.5054,0.310125,0.0,1,0.005876727,1.700326624,1.8246751544520385
URUVUA_clean,9.76128,4.51984,9.76128,1.07567,2198.26,2043.62,0.0,0.0,0.6792,0.631422,0.0,1,0.00496124,1.723632964,2.056612874773461
USUPUV_clean,5.56088,3.62011,5.55354,1.39664,1062.12,760.484,0.0,0.0,0.503,0.36015,0.0,1,0.001205039,0.485913768,0.5441736819338551
USUWUC_clean,6.42663,5.71174,6.42663,1.58208,1915.35,1210.65,0.0,0.0,0.6074,0.383924,0.0,0,0.008098559,2.790424084,2.448022363949464
UTEWOG_clean,14.59149,9.55269,14.59149,0.752086,1312.92,1745.71,424.373,564.261,0.7204,0.957869,0.0,1,0.007570052,2.908078322,2.6166676594305605
UTEXIB_clean,6.29693,3.9636,6.29186,1.00241,1350.02,1346.77,59.1211,58.9791,0.5926,0.591177,0.0,0,0.007646766,2.530908848,2.5227722808481428
UVANUC_clean,4.85728,3.61043,4.47871,1.46742,436.6,297.529,393.627,268.244,0.5082,0.346323,0.0,1,0.008957535,2.579284529,2.0060908989569075
UVUFUN_clean,5.451,3.54467,5.41568,1.01248,1767.35,1745.57,0.0,0.0,0.5884,0.581148,0.0,1,0.011977138,3.421609862,3.53233178327402
UWELIS_clean,5.99371,4.57547,5.83222,0.952092,2140.18,2247.87,0.0,0.0,0.6406,0.672834,0.0,1,0.013131495,4.369900149,3.952532432002011
UWOWAF_clean,5.4452,4.14635,5.44512,1.16308,1303.91,1121.08,0.0,0.0,0.5534,0.475804,0.0,1,0.011774343,2.871764516,2.8606244694756775
UWUTIQ_clean,6.1259,4.66623,6.123,1.0094,1933.04,1915.04,0.0,0.0,0.5992,0.59362,0.0,0,0.012683913,3.569194288,3.437294938757391
UXISUR_clean,13.20708,6.69761,13.19407,0.878357,2102.35,2393.51,0.0,0.0,0.7182,0.817663,0.0,1,0.007506755,2.212298572,2.1971766998151714
UXUPIN_clean,7.3374,5.72246,6.07377,0.669934,2447.15,3652.82,0.0,0.0,0.7066,1.05473,0.0,1,0.006278437,2.851052643,2.7480351282823823
UYOFIY_clean,4.54158,3.74063,4.4159,1.84541,1216.19,659.037,0.0,0.0,0.4962,0.268884,0.0,1,0.009075669,2.138646249,2.2397028192581265
UZANOZ_clean,5.69712,4.77135,5.69535,1.53417,1383.93,902.072,0.0,0.0,0.5298,0.345334,0.0,1,0.004274696,1.503311918,1.4790161152504995
VACLIX_clean,25.84424,11.11801,22.64252,0.527457,1593.04,3020.23,0.0,0.0,0.8434,1.59899,0.000379178,1,0.002862007,1.362090522,1.4063743822830008
VAGBOX_clean,5.4847,3.8221,5.12718,1.96889,508.317,258.175,0.0,0.0,0.435,0.220937,0.0,1,0.002341236,0.673203688,0.6993445137788091
VAGBUD_clean,10.23495,9.48231,10.23335,1.57268,1211.54,770.363,0.0,0.0,0.5868,0.37312,0.0,1,0.002495352,0.906560006,0.9524968250947532
VAGMAT_clean,14.92091,13.26042,14.92091,0.364732,1875.05,5140.9,0.0,0.0,0.86,2.3579,0.0,1,0.004216964,1.993447605,2.011026965963379
VAGTAA01_clean,5.66319,4.40941,5.66319,0.999593,1775.32,1776.04,0.0,0.0,0.611,0.611249,0.0,1,0.009200597,3.212860511,3.056472136403854
VAGTAA_clean,5.69119,4.40372,5.677,0.872253,1821.29,2088.03,0.0,0.0,0.638,0.731439,0.0,1,0.006726453,2.618103419,2.5650414796715655
VAHQAY_clean,5.75711,4.40654,5.75688,1.31802,917.051,695.781,0.0,0.0,0.4754,0.360693,0.0,1,0.005889161,1.393114822,1.6221490618102115
VALVAI_clean,6.23826,4.86854,6.23826,1.64521,1240.0,753.701,0.0,0.0,0.5196,0.315826,0.0,1,0.00831548,1.974337212,2.0505073896105896
VALWUD_clean,10.17237,6.1037,8.0425,0.867774,1499.07,1727.49,576.042,663.816,0.6792,0.782692,0.0,1,0.004990827,2.232993723,2.311867230918356
VALXAK_clean,9.98876,6.23965,8.39165,0.742505,1487.88,2003.86,574.813,774.154,0.69,0.929286,0.0,1,0.006349438,2.817909617,2.8208874578595884
VALXEO_clean,9.6783,6.73158,8.21464,0.83384,1503.01,1802.51,543.478,651.776,0.6804,0.815983,0.0,1,0.004739133,2.148109702,2.199221477643107
VALXIS_clean,10.17011,5.92824,8.44426,0.888503,1485.32,1671.71,572.74,644.613,0.6916,0.778388,0.0,1,0.005262535,2.313363304,2.3992987309249485
VAMPUX_clean,11.37157,10.81985,11.3699,1.17979,1541.06,1306.22,0.0,0.0,0.6462,0.547726,0.0,1,0.003590151,1.65721283,1.6115493488145616
VAMQOS_clean,11.49062,10.84702,11.48896,1.17541,1553.24,1321.44,0.0,0.0,0.6476,0.550957,0.0,1,0.003568781,1.621161726,1.6155116828310119
VAPBIZ_clean,6.25794,3.6162,5.25123,1.10539,876.554,792.979,162.666,147.157,0.5196,0.470059,0.0,0,0.018291045,2.314163665,2.6843960528238555
VARHIH_clean,6.67359,4.11194,6.66829,0.964951,2096.06,2172.19,0.0,0.0,0.6192,0.641691,0.0,0,0.008674966,3.619678739,3.278896706805898
VASFIH_clean,5.55628,5.01575,5.54452,1.55799,1392.72,893.922,0.0,0.0,0.5596,0.359181,0.0,0,0.002174746,0.906109879,0.903362232517809
VASFUT_clean,5.82317,4.52383,5.82317,1.64203,1481.82,902.431,0.0,0.0,0.511,0.311201,0.0,0,0.003267393,1.23609526,1.2141270677024498
VATVOE_clean,6.86024,4.81417,6.53187,1.27918,1131.8,884.793,0.0,0.0,0.5156,0.403072,0.0,1,0.002407611,0.984041258,0.9634473714937025
VATXEU_clean,7.38612,5.95802,7.38612,2.25172,1314.88,583.946,0.0,0.0,0.537,0.238485,0.0,0,0.002200475,0.860137124,0.8329041929215523
VATYIZ_clean,5.77973,4.6993,5.77973,1.51124,2028.88,1342.53,0.0,0.0,0.6162,0.407745,0.0,1,0.002730813,1.182428767,1.1534266737486814
VAXTEV_clean,6.86582,3.53622,6.72322,1.11335,919.514,825.896,6.20036,5.56908,0.527,0.473345,0.0,1,0.003236946,1.25319427,1.211363638236757
VAZTOG_clean,15.08014,7.93969,15.07583,0.589901,2233.7,3786.57,0.0,0.0,0.8002,1.3565,0.0,0,0.003177842,1.530871636,1.498952184737456
VECZEK_clean,9.28653,7.43469,9.28653,1.34679,1798.64,1335.5,0.0,0.0,0.6836,0.507577,0.0,1,0.00144248,0.765742536,0.7252505934044766
VEDFAN_clean,6.01158,4.07874,6.00756,1.03866,1741.67,1676.84,0.0,0.0,0.5802,0.558605,0.0,0,0.008320584,2.70042775,2.8791378822487035
VEDFIV_clean,5.7298,3.89416,5.70244,1.06894,1581.69,1479.68,0.0,0.0,0.5684,0.531742,0.0,0,0.008046939,2.612587987,2.7538571864407175
VEDGAO_clean,5.63762,3.83278,5.54473,1.07445,1555.4,1447.63,0.0,0.0,0.5576,0.518962,0.0,0,0.007895656,2.549428296,2.663395345150638
VEHLAW_clean,4.71553,3.44976,4.62826,1.6429,1000.4,608.925,0.0,0.0,0.6102,0.371417,0.0,0,0.012240666,2.65845888,2.6008099376336955
VEJHEZ_clean,15.05768,6.22214,9.48846,0.685711,2179.67,3178.7,0.0,0.0,0.7706,1.1238,0.0,1,0.004181894,1.940787941,1.9519417700436736
VEJHID_clean,17.65342,7.8833,11.58918,0.646039,2104.35,3257.31,0.0,0.0,0.7972,1.23398,0.0,1,0.003186906,1.551411728,1.502031581886797
VEMDAT_clean,5.87539,4.41454,5.87539,1.26001,982.755,779.959,0.0,0.0,0.5246,0.416346,0.0,1,0.006749327,1.745851262,1.983928549745673
VEMMAC_clean,7.0981,6.10195,7.04022,0.882251,2276.97,2580.86,0.0,0.0,0.6758,0.765995,0.0,1,0.005664033,2.414937205,2.377494219261276
VEMMIK_clean,14.01468,13.16757,14.01422,0.723032,1733.84,2398.01,0.0,0.0,0.741,1.02485,0.0,1,0.002754251,1.251918393,1.2699843826477808
VETMIS_clean,17.23979,11.94779,17.22882,0.311959,1757.5,5633.74,0.0,0.0,0.8662,2.77664,0.0,1,0.004559986,2.084234895,2.155097522098871
VEXVAW_clean,9.7712,5.86323,9.7712,0.773292,2071.81,2679.21,0.0,0.0,0.6628,0.857115,0.0,0,0.005870616,2.615710394,2.4568391093951925
VICLAW_clean,7.38415,6.2427,7.38415,1.11891,1046.87,935.619,0.0,0.0,0.5352,0.478323,0.0,1,0.002418291,0.915032784,1.0685575869920456
VIDXOX_clean,6.16109,5.04479,6.14883,1.68509,1433.05,850.43,0.0,0.0,0.5712,0.338974,0.0,1,0.001813505,0.801926777,0.7587617385258815
VILXOE_clean,5.3607,4.59016,5.36062,1.2053,1282.83,1064.32,0.0,0.0,0.529,0.438894,0.0,1,0.009381179,2.418457411,2.4719389111824377
VIMRAM_clean,9.39066,7.30655,9.39066,1.12702,1893.97,1680.51,0.0,0.0,0.6384,0.56645,0.0,1,0.004598164,1.951944902,1.905413789791676
VIRPOC_clean,7.89373,4.43058,7.89373,1.31415,1678.47,1277.23,0.0,0.0,0.6094,0.463722,0.0,1,0.0037835,1.560381165,1.4950153400924728
VIRVEY_clean,7.24501,5.7858,6.68018,1.08742,2630.21,2418.77,0.0,0.0,0.715,0.65752,0.0,1,0.003321262,1.489125815,1.545852882985798
VITYUU_clean,6.93618,5.76476,6.92128,1.4786,1370.63,926.978,0.0,0.0,0.519,0.351007,0.0,1,0.005450203,2.022313419,1.882106540100547
VIWHUG_clean,4.81929,3.4802,4.68813,1.37889,639.979,464.125,0.0,0.0,0.4514,0.327364,0.0,1,0.003762919,1.01254983,1.1089392129412476
VIWKOD_clean,6.65159,4.57304,6.53476,1.38205,1680.39,1215.87,0.0,0.0,0.5904,0.427192,0.0,1,0.002229362,0.964852898,0.9497115933731234
VIWLIY_clean,5.6026,3.42365,5.59275,1.55646,1236.19,794.232,0.0,0.0,0.54,0.346941,0.0,1,0.003045528,1.183836715,1.240066126135373
VIWMIZ_clean,9.56168,4.85659,9.53534,0.901746,1718.7,1905.97,37.8251,41.9466,0.6334,0.702415,0.0,1,0.009130497,2.336176969,2.8199364309011856
VIWMOF_clean,9.80611,5.23388,9.77319,0.869727,1722.79,1980.84,39.7443,45.6975,0.6458,0.742532,0.0,1,0.009566153,2.313548878,2.77818262501855
VIXPUP01_clean,10.93877,6.90793,10.8516,0.690693,2354.05,3408.24,0.0,0.0,0.7722,1.11801,0.0,1,0.005110258,2.154441436,2.2450727721556243
VIXWEF_clean,12.63096,6.04016,12.48762,0.859273,2339.33,2722.46,0.0,0.0,0.7402,0.861426,0.0,1,0.003013436,1.410762085,1.3978074338305018
VONCOS_clean,10.3381,9.26479,10.3381,1.24231,1086.56,874.625,129.189,103.991,0.6084,0.489732,0.0,1,0.005341279,1.446503901,1.6373732457923043
VOSTUU_clean,8.30737,6.78194,8.30193,0.816834,1552.78,1900.97,4.35487,5.33141,0.5892,0.721322,0.0,1,0.006508802,2.528988586,2.545650230796705
VOXKIE_clean,6.80539,3.65176,6.80539,1.34151,1369.86,1021.14,0.0,0.0,0.6092,0.454115,0.0,1,0.00462465,1.664019037,1.7120401215772676
VOXQOQ_clean,5.75088,3.78769,5.73674,1.21298,1196.61,986.497,0.0,0.0,0.5614,0.462825,0.0,1,0.005535911,1.674529599,1.857672141381127
VOXVEL_clean,6.58217,4.28987,6.50926,1.3543,1358.41,1003.03,0.0,0.0,0.5474,0.404194,0.0,0,0.014474612,3.547074038,2.949697892701392
VUFBEE_clean,4.39803,3.46666,4.37592,1.64467,1017.25,618.512,0.0,0.0,0.5534,0.33648,0.0,1,0.00543527,1.836387122,1.8050845947552185
VUGXUS_clean,7.98273,6.46173,7.98207,1.08037,1258.25,1164.65,72.9124,67.4885,0.5732,0.53056,0.0,0,0.008958566,2.597361327,2.478426213069479
VUGYAZ_clean,7.90027,6.40337,7.90027,1.10679,1245.86,1125.65,61.7559,55.7974,0.5642,0.509764,0.0,0,0.007939075,2.561000725,2.340561674332896
VUJBEI_clean,18.44776,6.57566,18.44776,0.562611,2173.89,3863.94,0.0,0.0,0.7874,1.39955,0.0,1,0.005156414,2.363517878,2.280382172293337
VUKHOZ_clean,14.72034,13.81107,14.72034,1.23894,1154.41,931.773,0.0,0.0,0.6248,0.504303,0.0,1,0.001330511,0.604771725,0.6204176565874262
VUKRUQ_clean,8.26088,7.40668,8.26088,0.854534,1806.41,2113.91,0.0,0.0,0.6414,0.750584,0.0,0,0.004557093,1.993515799,1.9397360846751295
VUKSOL_clean,5.74617,4.59937,5.73998,1.07923,2058.01,1906.93,0.0,0.0,0.6268,0.580787,0.0,1,0.00556386,2.295528287,2.23918770845251
VUKTUS_clean,6.57621,5.30461,6.57621,1.34132,1253.69,934.67,0.0,0.0,0.5342,0.398265,0.0,1,0.007586536,1.895743977,2.1043761630750946
VULKIX_clean,5.85201,4.46067,5.83515,1.35895,1067.23,785.338,21.156,15.5679,0.497,0.365724,0.0,1,0.005874651,1.984224227,1.6969884198164096
VUMCEM_clean,5.05124,3.61434,5.04105,1.01673,972.711,956.701,0.0,0.0,0.5318,0.523047,0.0,0,0.020860874,3.760133674,3.6418085119852766
VUMYUZ_clean,8.61002,3.76636,8.58351,1.65942,1147.35,691.414,0.0,0.0,0.5252,0.316496,0.0,1,0.001588201,0.704665237,0.6701493710859614
VUQKAU_clean,5.04139,4.46098,5.03992,1.00728,1566.78,1555.46,0.0,0.0,0.5754,0.571243,0.0,1,0.010302375,3.146836227,3.1654068735276732
VUQKOI_clean,6.97233,5.60829,6.97233,1.35846,1074.25,790.79,0.0,0.0,0.5344,0.393388,0.0,1,0.002029264,0.83891761,0.8238896830982967
VUZNOV_clean,7.56763,5.28078,7.56763,0.714751,2308.57,3229.9,0.0,0.0,0.6884,0.963133,0.0,0,0.007289555,3.154690824,3.0364355137598955
WABVIF_clean,5.93486,4.28251,5.93486,1.19094,2095.13,1759.22,0.0,0.0,0.6604,0.55452,0.0,1,0.002886994,1.266892426,1.2957874972130539
WACLEU_clean,6.11102,5.03298,6.08461,1.15501,1387.0,1200.86,0.0,0.0,0.5472,0.473763,0.0,1,0.008068317,2.473988375,2.423452215748353
WAQFAX_clean,9.30669,8.11233,9.29943,0.819886,2162.64,2637.74,0.0,0.0,0.722,0.880611,0.0,1,0.004461887,1.995011686,1.9228682174024005
WAQFIG_clean,8.54706,6.43178,8.54706,0.665022,2729.5,4104.38,0.0,0.0,0.7646,1.14974,0.0,1,0.005554842,2.504634187,2.469088957028602
WAQKUX_clean,11.77413,6.99458,11.77413,0.695804,2361.16,3393.43,0.0,0.0,0.7362,1.05806,0.0,1,0.006573692,2.456167996,2.640455448530748
WARFAZ_clean,6.17335,5.62341,6.16091,1.2809,1123.23,876.911,0.0,0.0,0.4772,0.372552,0.0,1,0.003066534,0.983250646,1.1007568358796032
WARJAC_clean,6.27516,5.38886,5.82916,1.20156,1848.31,1538.27,0.0,0.0,0.6418,0.534141,0.0,1,0.002656149,1.209213407,1.1302650802201106
WAYKAK_clean,8.40665,6.61758,8.40665,1.07627,1621.77,1506.84,0.0,0.0,0.6056,0.562685,0.0,0,0.007333219,2.347134085,2.5462290469786195
WAYMEQ_SL,6.99879,6.49457,6.99879,0.979768,1578.78,1611.38,0.0,0.0,0.5878,0.599938,0.0,0,0.010747823,2.529945432,3.361645238137057
WAZCUX_clean,5.1953,4.60615,5.12813,1.85198,863.616,466.321,0.0,0.0,0.4452,0.240392,0.0,1,0.005164809,1.269112164,1.278867100285988
WEBJOE_clean,19.11149,16.87545,19.11149,0.689845,2240.23,3247.44,0.0,0.0,0.788,1.14229,0.0,1,0.006682692,2.520902486,2.8177989090440403
WEBKOD_clean,6.32569,5.26533,6.09075,1.27587,1622.74,1271.87,0.0,0.0,0.5952,0.466504,0.0,1,0.005886792,2.024269522,2.1300906199691036
WECBOX_clean,4.70975,3.71197,4.69989,1.52733,833.701,545.856,0.0,0.0,0.5236,0.342821,0.0,0,0.006544485,1.864863785,1.7122559619368773
WEGGAS_clean,4.84334,3.88578,4.83342,1.72479,895.132,518.979,0.0,0.0,0.4484,0.259973,0.0,0,0.008523885,1.70479258,1.6708370849574479
WEHJEA_clean,11.11094,5.77138,11.07598,0.73357,2315.41,3156.35,0.0,0.0,0.7568,1.03167,0.0,1,0.005190017,2.434435056,2.25666127451523
WEHJIE_clean,11.03891,6.32706,11.01433,0.80868,2264.04,2799.67,0.0,0.0,0.7142,0.883167,0.0,1,0.007446753,2.616240077,2.6040071781545193
WEMCAU_clean,4.83981,4.27369,4.83981,1.75476,2235.14,1273.76,0.0,0.0,0.5942,0.338622,0.0,1,0.004893874,1.879934791,1.8870524389453787
WEMDAV_clean,5.02432,3.48688,5.02432,2.56501,609.55,237.64,0.0,0.0,0.3952,0.154074,0.0,1,0.003001741,0.665372632,0.6869908285220624
WEMFAX_clean,4.90097,4.37647,4.90097,1.61335,2291.08,1420.07,0.0,0.0,0.6242,0.386896,0.0,1,0.003149018,1.376652867,1.3507588568524744
WEMFOL_clean,4.8612,4.33226,4.8612,1.68559,2254.63,1337.59,0.0,0.0,0.5966,0.353942,0.0,1,0.003249187,1.38850138,1.3394356109861267
WEMNAF_clean,4.6267,3.86158,4.59914,1.41831,894.104,630.401,0.0,0.0,0.4764,0.335893,0.0,0,0.010310809,2.437049168,2.2918744432400215
WEVQIX_clean,8.30134,7.08669,8.30134,1.3689,1061.52,775.455,0.0,0.0,0.5704,0.416684,0.0,1,0.001092921,0.489901324,0.5054866599706668
WEYQAU01_clean,4.51961,3.60555,4.51961,1.13786,1565.68,1375.99,0.0,0.0,0.5718,0.502522,0.0,0,0.008605788,2.984678574,2.9561890213229587
WIHWAN_clean,9.73279,7.22908,9.72646,0.781161,2141.5,2741.43,0.0,0.0,0.7076,0.905831,0.0,0,0.005138825,2.206775754,2.2847651507307853
WIJXIY_clean,14.24395,11.55698,14.23198,0.475086,1730.44,3642.38,0.0,0.0,0.8226,1.73148,0.0,1,0.003318566,1.562824051,1.5958032319922317
WINCEC_clean,4.94527,3.59812,4.94527,1.22278,1150.61,940.978,0.0,0.0,0.5326,0.435564,0.0,1,0.012566163,2.994862624,2.784496659843739
WIPPIW_clean,6.83572,4.03275,6.83132,1.10561,1802.61,1630.43,0.0,0.0,0.614,0.55535,0.0,0,0.006093317,2.192134832,2.1459481315852504
WIYFAM_clean,9.09166,6.13483,9.09166,0.794129,2337.82,2943.87,0.0,0.0,0.7296,0.918742,0.0,1,0.005579602,2.346921124,2.4321205015762106
WIYZOU_clean,6.69801,4.2951,6.69801,1.32919,1592.17,1197.85,0.0,0.0,0.5518,0.41514,0.0,1,0.001847845,0.839192788,0.8159017354901075
WODVOB_clean,6.26224,4.9385,6.26224,0.976988,2134.32,2184.59,0.0,0.0,0.6306,0.645453,0.0,1,0.007067266,2.683762292,2.6992707498810105
WOHSIV_clean,4.85776,4.01614,4.85252,1.45202,314.846,216.834,0.0,0.0,0.3664,0.252339,0.0,1,0.0017765,0.54959852,0.49520641294129325
WOHSOB_clean,4.76467,4.03549,4.66336,1.44804,377.496,260.695,0.0,0.0,0.3538,0.244331,0.0,1,0.001496552,0.458003464,0.47700227047453053
WOPSAX02_clean,11.61446,10.87886,11.61282,1.12308,1562.97,1391.69,0.0,0.0,0.6468,0.575919,0.0,1,0.004227686,1.937905602,1.8767344748873627
WOPSOL_clean,10.90058,10.69127,10.90058,1.17453,1540.78,1311.82,0.0,0.0,0.6378,0.543023,0.0,1,0.004152412,1.855492621,1.8228711519335918
WORKUL_clean,8.46756,5.64741,8.46756,0.942685,2103.28,2231.16,0.0,0.0,0.6726,0.713494,0.0,1,0.007687211,2.648796968,2.902086545806573
WORSUT_clean,6.27181,5.14016,6.27181,1.1,1232.84,1120.77,0.0,0.0,0.519,0.471819,0.0,0,0.00613342,1.984115395,2.0025386760309565
WOYJAX_clean,12.27463,5.80964,12.27345,0.829543,2229.7,2687.86,0.0,0.0,0.7142,0.860956,0.0,1,0.010296639,3.226246164,3.21111231845948
WUCRUH_clean,4.31723,3.81301,4.31723,1.71018,546.548,319.586,0.0,0.0,0.3908,0.228514,0.0,1,0.010696029,1.866016343,1.7275808763387257
WULQUR_clean,7.08547,5.79444,7.06039,0.976074,2045.35,2095.49,0.0,0.0,0.6658,0.682121,0.0,1,0.006915762,2.974119484,2.6285061290954403
WUNTEF_clean,5.11473,4.16376,5.10357,1.08866,1006.1,924.169,87.4124,80.2937,0.5292,0.486103,0.0,0,0.011869703,3.03498317,2.956431281595119
WUNTIJ_clean,5.10474,4.13393,5.10321,1.0969,978.875,892.401,83.5224,76.1441,0.514,0.468593,0.0,0,0.011658057,3.090654984,2.8691694900751377
WUTBIW_clean,7.26683,5.05082,7.26683,1.84193,854.902,464.133,0.0,0.0,0.4484,0.24344,0.0,0,0.003071588,0.994071819,0.9702968787488038
WUTBOC_clean,7.17175,4.98444,7.17175,1.90997,842.378,441.043,0.0,0.0,0.429,0.224611,0.0,0,0.003358689,0.990221262,1.0669776212246977
WUTBUI_clean,7.46533,5.15143,7.46533,1.74528,880.071,504.258,0.0,0.0,0.4664,0.267235,0.0,0,0.002749068,0.959100518,0.9392523564663016
WUTCAP_clean,7.16776,4.98308,7.16776,1.90582,867.573,455.224,0.0,0.0,0.4432,0.232551,0.0,0,0.003201487,0.973672835,1.0239645530390782
WUYWIY_clean,9.10759,5.82003,9.09622,0.79426,2035.41,2562.65,0.0,0.0,0.6788,0.854632,0.0,0,0.004323844,1.935250245,1.932630554104549
WUYXEV_clean,9.37986,6.91474,9.3766,0.799877,2024.21,2530.65,0.0,0.0,0.6774,0.84688,0.0,0,0.00467972,2.074716769,2.0019643635521613
WUYXOF_clean,9.05505,5.17643,9.05505,0.759045,1983.21,2612.77,0.0,0.0,0.6628,0.873203,0.0,0,0.004391004,1.899608044,1.978456566998168
WUYYAS_clean,9.33636,7.09924,9.33362,0.775219,2017.38,2602.33,0.0,0.0,0.6762,0.87227,0.0,1,0.004805729,2.100915855,2.0808082174070885
XADCEM_clean,8.43446,8.11603,8.43446,1.03711,1659.86,1600.46,0.0,0.0,0.6244,0.602057,0.0,1,0.009303116,3.423923032,3.0257035558006837
XADDAJ_clean,6.3423,4.46517,6.3423,1.25711,1867.55,1485.59,0.0,0.0,0.5936,0.472195,0.0,1,0.006817404,2.415370863,2.4343794100405685
XADDOX_clean,5.56472,4.25664,5.46687,1.21878,1831.56,1502.78,0.0,0.0,0.5704,0.46801,0.0,1,0.003853905,1.602288227,1.4667021329673853
XADDUD_clean,6.46377,5.36376,6.20996,1.13461,1899.46,1674.11,0.0,0.0,0.5878,0.518062,0.0,1,0.004605922,1.911560416,1.7317463718760377
XADGOA_clean,4.96518,4.05764,4.96518,2.7729,1349.87,486.806,0.0,0.0,0.5428,0.195751,0.0,1,0.003893483,1.102924366,1.1337481274432377
XAFFER_clean,14.21921,13.28886,14.21921,0.359874,1854.43,5152.99,0.0,0.0,0.8504,2.36305,0.0,1,0.004094562,1.970696529,1.9474937696647754
XAFXOT_clean,5.91185,4.82034,5.90988,1.88819,647.785,343.072,0.0,0.0,0.3646,0.193095,0.0,1,0.00285777,0.808647658,0.8513605561071447
XAHPAZ_clean,8.5954,7.40656,8.5954,0.71813,2299.0,3201.36,0.0,0.0,0.725,1.00957,0.0,1,0.004355054,2.001820557,1.9560852382621245
XAHPIH_clean,14.31673,13.37952,14.23422,0.356183,1691.25,4748.26,0.0,0.0,0.8698,2.442,0.0,1,0.003976945,1.879885957,1.8962569910483236
XAKZIT_clean,12.23219,8.02038,12.23219,0.853098,1638.56,1920.72,0.0,0.0,0.6458,0.757006,0.0,1,0.00603969,2.042060801,2.1576463387377545
XALBAO_clean,12.08969,7.27048,11.78932,0.880979,1591.93,1807.0,0.0,0.0,0.6308,0.716022,0.0,1,0.006211573,2.021969853,2.08046695615426
XALBES_clean,12.09861,7.46549,12.09861,0.882372,1572.28,1781.87,0.0,0.0,0.6194,0.701971,0.0,1,0.006483072,2.034078718,2.0409109126911527
XALBUI_clean,12.38727,7.83288,12.25594,0.880388,1559.27,1771.12,0.0,0.0,0.6108,0.693785,0.0,1,0.006173072,2.011067555,1.878646805424292
XALDAQ_clean,8.8251,3.77258,4.48452,0.998614,192.623,192.891,1030.53,1031.96,0.5614,0.562179,0.0,1,0.006159117,1.690056077,1.696660715672836
XALDEU_clean,8.28708,3.55494,4.42564,1.01761,177.365,174.295,1049.0,1030.85,0.5566,0.546967,0.0,1,0.005617688,1.612608757,1.6563029574734474
XALMII_clean,10.30936,8.99249,10.23213,0.734436,2165.04,2947.89,0.0,0.0,0.7052,0.960192,0.0,1,0.004751558,2.065575139,2.1557691422765073
XAMDUM01_clean,13.18662,6.72456,13.18662,0.882605,2071.54,2347.07,0.0,0.0,0.7186,0.81418,0.0,1,0.007620416,2.164999035,2.2607402638752867
XAMDUM03_clean,13.16192,6.69067,13.16192,0.887821,2084.01,2347.33,0.0,0.0,0.7178,0.808496,0.0,1,0.008103472,2.195842348,2.3111421678802193
XAMDUM04_clean,12.94074,6.40333,12.94074,0.919994,2127.62,2312.64,0.0,0.0,0.711,0.772831,0.0,1,0.009061837,2.412938715,2.6699525307788723
XAMDUM06_clean,13.1663,6.64621,13.1663,0.88326,2088.66,2364.72,0.0,0.0,0.7192,0.814256,0.0,1,0.007633332,2.209161285,2.2696725691695336
XAMDUM_clean,13.20706,6.72961,13.20706,0.879722,2074.04,2357.61,0.0,0.0,0.7196,0.817985,0.0,1,0.007982062,2.16083493,2.3114626829903675
XAPCOJ05_clean,7.33092,7.2403,7.33092,1.11449,1591.26,1427.79,0.0,0.0,0.599,0.537465,0.0,0,0.007298912,3.006874214,2.920961955705589
XAPNIN_clean,6.36937,5.09614,6.24616,0.987749,1999.77,2024.57,0.0,0.0,0.6554,0.663529,0.0,0,0.007040623,2.87949024,2.722202755824166
XASJUZ_clean,5.3717,3.49252,5.3717,1.8286,687.912,376.196,166.963,91.3066,0.5254,0.287324,0.0,1,0.004204317,1.342849885,1.124269760627511
XASPEP_clean,8.21663,6.97386,8.21491,1.11162,2036.98,1832.45,0.0,0.0,0.6426,0.578078,0.0,1,0.006118214,2.525853804,2.376786181254842
XAVDEF_clean_h,7.82348,7.29552,7.82348,0.99494,1791.82,1800.93,0.0,0.0,0.636,0.639234,0.0,1,0.005533918,2.496266,2.4295506971818988
XAVKIR_clean,15.62831,12.51365,15.62831,0.534545,1877.9,3513.08,0.0,0.0,0.7824,1.46367,0.0,1,0.006967554,2.794091607,2.5678292427636666
XAVQIU01_clean,4.21946,3.54584,4.20969,1.16836,1052.94,901.216,0.0,0.0,0.57,0.487865,0.0,1,0.005895983,2.337041774,2.1048298032149537
XAZGEK_clean,4.67162,3.9585,4.53755,1.49862,1406.73,938.683,116.154,77.5075,0.6196,0.413447,0.0,1,0.001711123,0.814578541,0.8782077333823659
XEGJUQ_clean,7.4125,4.89988,7.38387,1.09762,2034.16,1853.25,0.0,0.0,0.6302,0.574154,0.0,1,0.005076367,2.057086119,2.0910924574791423
XEGKEB_clean,8.23995,5.69274,8.22914,1.05735,2095.89,1982.22,0.0,0.0,0.65,0.614747,0.0,1,0.004744379,1.967291851,1.954305222609154
XEJXER_clean,4.12173,3.57853,4.12173,1.5597,414.634,265.842,0.0,0.0,0.4006,0.256844,0.0,0,0.002452567,0.757834557,0.8450773176218843
XENKIM_clean,7.32998,6.03401,7.3267,0.822036,2196.41,2671.92,0.0,0.0,0.6598,0.802641,0.0,1,0.005885905,2.579929893,2.536911318095783
XEQGAC_clean,5.58663,3.48947,5.56914,1.35723,1328.82,979.066,0.0,0.0,0.5714,0.421003,0.0,1,0.00697127,2.106111075,2.084232862189124
XEQRAO_clean,5.51146,4.60933,5.51146,1.37083,876.068,639.08,0.0,0.0,0.4564,0.332938,0.0,1,0.003805522,1.304555353,1.168301909389102
XEWDUA_clean,8.87023,8.12641,8.87023,1.28139,1148.81,896.537,0.0,0.0,0.5282,0.41221,0.0,1,0.001577811,0.719282907,0.710416871991141
XEXLET_clean,8.01945,7.40132,8.00563,1.23661,1375.89,1112.63,0.0,0.0,0.5666,0.458188,0.0,0,0.002937538,1.243244157,1.263742656205263
XEXLOD_clean,7.18877,6.831,7.15894,1.17716,1370.68,1164.39,0.0,0.0,0.5458,0.463657,0.0,1,0.005392031,2.022605201,2.09576710401124
XEXLUJ_clean,8.72919,8.14175,8.68787,1.12133,1390.1,1239.69,0.0,0.0,0.5646,0.50351,0.0,1,0.004613141,1.865607647,1.7556008128687182
XICNOO02_clean,19.59015,6.72401,19.59015,0.902602,1911.89,2118.2,0.0,0.0,0.7472,0.827829,0.000221582,1,0.002668876,1.226307095,1.1150980802821775
XIFHIF_clean,9.50274,8.84024,9.48896,1.39627,1580.72,1132.1,0.0,0.0,0.6078,0.435304,0.0,1,0.002555819,1.043717625,1.1274547332579679
XIGWUF_clean,7.07949,4.99162,7.07464,0.478412,3315.96,6931.17,0.0,0.0,0.7822,1.63499,0.0,1,0.001954588,0.923294903,1.0016949631894019
XIHSEN01_clean,5.64298,3.8792,5.64298,1.08478,1405.71,1295.85,0.0,0.0,0.5704,0.525822,0.0,1,0.008014758,2.686544233,2.574524618780922
XILSUI_clean,8.05462,5.1792,8.05462,0.833153,2078.06,2494.21,0.0,0.0,0.6418,0.770326,0.0,1,0.006893213,2.874660976,2.6448043180556713
XISPEW01_clean,7.58694,5.52656,7.5744,1.14161,1954.46,1712.03,0.0,0.0,0.624,0.546598,0.0,1,0.005481967,1.996807713,2.146963555710623
XISPEW02_clean,7.73943,5.5228,7.73943,1.0858,1985.75,1828.83,0.0,0.0,0.6324,0.582427,0.0,1,0.005062856,1.85564009,2.0348695518568336
XISPUM_clean,7.32941,4.58436,7.32711,1.21765,2007.19,1648.41,0.0,0.0,0.6216,0.510492,0.0,1,0.006888315,2.240291385,2.498104154621382
XITYOP_clean,11.26084,5.01855,11.26084,0.828925,2008.18,2422.64,0.0,0.0,0.6806,0.821064,0.0,1,0.009574085,3.091954762,2.8527117297477576
XIYYEL_clean,8.54513,8.23246,8.54513,0.722133,2313.21,3203.31,0.0,0.0,0.7918,1.09647,0.0,0,0.00212884,1.117502512,1.03526367249569
XOJWOJ_clean,7.01927,4.56509,7.01927,1.20631,1535.66,1273.03,0.0,0.0,0.6016,0.498713,0.0,1,0.007357025,2.459936667,2.4140023888520017
XOKHIP_clean,4.7478,3.45863,4.7478,2.16707,449.011,207.197,0.0,0.0,0.3986,0.183935,0.0,1,0.00379569,0.754328911,0.9079396251494924
XOMJOY_clean,6.10947,3.84777,5.97895,1.18998,613.441,515.507,422.204,354.8,0.5142,0.43211,0.0,0,0.012618695,2.504504386,2.5182798582582664
XOTXAG_clean,4.5925,3.72441,4.55253,1.45522,1114.56,765.906,0.0,0.0,0.459,0.315416,0.0,1,0.006018773,1.880758933,1.7787661944771553
XOTXUB_clean,4.27674,3.47607,4.14843,1.21704,316.782,260.289,0.0,0.0,0.4284,0.352001,0.0,1,0.001902873,0.751724771,0.6824628489690728
XOVPIH_clean,4.3234,3.46915,4.32329,1.51036,756.835,501.096,0.0,0.0,0.4966,0.328796,0.0,1,0.003413225,1.1664269,1.2177597138249556
XOVQIJ_clean,7.41561,4.13146,7.41561,0.925084,1684.83,1821.27,0.0,0.0,0.5816,0.6287,0.0,1,0.00610611,2.314028812,2.374938343455979
XUCSOF_clean,5.25566,4.59264,5.25566,1.60312,661.505,412.637,358.397,223.562,0.482,0.300664,0.0,1,0.012785377,2.177595985,1.8947659726280808
XUDNUH_clean,12.36127,6.84234,12.36127,0.492653,2292.38,4653.12,0.0,0.0,0.8076,1.63929,0.0,1,0.004450644,2.097814559,2.114931658759437
XUDPIX_clean,11.39057,6.9563,11.17218,0.55889,2521.72,4512.0,0.0,0.0,0.7746,1.38596,0.0,1,0.004685225,2.231681688,2.222764324356785
XUFWOM_clean,9.12848,8.18722,9.12848,0.813283,1954.3,2402.97,0.0,0.0,0.7082,0.870792,0.0,1,0.004300921,1.976661743,1.84005698134355
XUGSEY_clean,7.45351,5.81909,7.11831,0.709523,2586.66,3645.63,0.0,0.0,0.7068,0.996162,0.0,1,0.006376733,2.720802366,2.7722216783612312
XUKLAS_clean,5.87516,3.79987,5.86816,1.26294,911.252,721.53,0.0,0.0,0.4946,0.391624,0.0,1,0.00713355,1.86033908,1.9141805538069088
XUKNIC_clean,6.71193,5.19255,6.7113,1.00366,2512.55,2503.38,0.0,0.0,0.6472,0.644838,0.0,1,0.006129844,2.519263485,2.5014737943115692
XUKYEI_neutral,13.17229,10.75846,13.16843,0.287208,1805.38,6285.97,0.0,0.0,0.8682,3.02289,0.0,0,0.003466466,1.805954144,1.6620339303063787
XUMNEA_clean,5.24244,3.69297,5.22761,1.21845,601.492,493.654,0.0,0.0,0.4622,0.379335,0.0,0,0.013328116,1.942255613,2.0447054201665202
XUNGUJ_clean,4.49594,4.05224,4.48031,1.03604,1057.86,1021.06,0.0,0.0,0.4874,0.470444,0.0,0,0.017301681,3.183276502,3.321843535589961
XUWFUR_clean,8.57387,5.22151,8.55217,0.997477,1382.53,1386.02,0.0,0.0,0.5736,0.575051,0.0,1,0.004242535,1.566868707,1.6999645438017696
XUYXAR_clean,4.42154,3.80283,4.41884,1.51094,575.938,381.179,0.0,0.0,0.432,0.285915,0.0,1,0.005050216,1.42567315,1.353220875687984
YABHER_clean,14.37293,4.52414,14.37293,0.692157,1907.84,2756.36,0.0,0.0,0.7082,1.02318,0.0,1,0.006678828,2.662488697,2.614445599144238
YAJXUF_clean,4.78048,4.01708,4.28221,1.6121,814.456,505.215,0.0,0.0,0.519,0.32194,0.0,1,0.006347678,1.398947674,1.7375663983214629
YANBAR03_clean,4.71059,3.74,4.66327,1.80873,823.157,455.102,0.0,0.0,0.451,0.249346,0.0,0,0.003300481,1.010474222,1.0800169803303399
YARGAB_clean,10.70302,9.67182,10.70302,0.961173,1387.15,1443.19,0.0,0.0,0.6238,0.648999,0.0,1,0.004388805,1.976763803,1.827088456056499
YASLOW_clean,11.27088,6.03691,11.27088,0.827082,2236.87,2704.53,0.0,0.0,0.7068,0.85457,0.0,0,0.003734585,1.685316966,1.6957918914812005
YAVSOG_clean,5.27147,3.77137,4.73746,1.58778,810.938,510.737,0.0,0.0,0.471,0.296641,0.0,0,0.005110748,1.337186344,1.4308353318847369
YAVVID_clean,4.84619,4.06844,4.72468,1.45348,1121.07,771.298,0.0,0.0,0.5442,0.374412,0.0,1,0.006070732,1.888824169,1.7896694628912613
YAVVOJ_clean,4.78155,4.02282,4.65286,1.48818,1095.49,736.125,0.0,0.0,0.5464,0.36716,0.0,1,0.006220791,1.925435673,1.8742196366812642
YAVZUT_clean,9.86186,4.91496,9.72199,0.854434,1940.85,2271.51,0.0,0.0,0.6662,0.779698,0.0,1,0.0067031,2.367108932,2.4128432032871725
YAXBOP_SL,5.80792,5.38349,5.80792,1.12998,1474.82,1305.18,0.0,0.0,0.591,0.52302,0.0,0,0.007117705,2.380587827,2.4068953637511146
YEBLAT_clean,6.81519,6.14414,6.81519,1.60609,1346.83,838.578,0.0,0.0,0.5478,0.341077,0.0,0,0.001997836,0.849351312,0.8734978989052055
YEDKUO_clean,6.88443,4.8384,6.1725,0.827487,2774.06,3352.39,0.0,0.0,0.6498,0.785269,0.0,1,0.005826276,2.498860154,2.620801168584464
YEKQOW_clean,13.71017,3.97085,13.71017,1.23134,1607.97,1305.87,0.0,0.0,0.6056,0.491823,0.0,1,0.009038654,2.484584042,2.644427254132106
YEKXOD_clean,7.62702,5.92083,7.58526,0.977291,1976.53,2022.46,0.0,0.0,0.6138,0.628063,0.0,1,0.005117292,2.045431678,2.0924322848635257
YEMMAF_clean,9.71746,9.09929,9.71746,1.3312,1383.23,1039.09,0.0,0.0,0.5818,0.43705,0.0,1,0.001329663,0.621478595,0.6790004534400554
YEYFEP_clean,6.98334,4.14157,6.98202,1.19557,2249.87,1881.83,0.0,0.0,0.6508,0.544341,0.0,1,0.003405434,1.555619411,1.4811425175117516
YILJAG_clean,9.10869,5.99614,8.54669,0.787709,2364.52,3001.77,0.0,0.0,0.7242,0.919375,0.0,1,0.00539288,2.205282195,2.3749064311004546
YILJUA_clean,6.47025,4.23928,6.47025,1.06649,1898.08,1779.75,0.0,0.0,0.616,0.577597,0.0,0,0.006979226,2.610204571,2.49799021869226
YINCUV_clean,4.80903,3.55203,4.73589,1.40486,557.682,396.966,0.0,0.0,0.407,0.289708,0.0,1,0.00734104,1.734287371,1.4303077874451462
YINPEQ_clean,9.47139,8.23796,9.47139,0.666821,2383.65,3574.65,0.0,0.0,0.7906,1.18563,0.0,0,0.002792148,1.29113051,1.3291145378480849
YINXIE_clean,6.16574,4.96395,6.1491,1.27739,1014.53,794.22,0.0,0.0,0.5052,0.395493,0.0,1,0.004437069,1.456172536,1.3813973479305888
YIWBEN_clean,5.41707,3.94622,5.41707,1.08258,1617.69,1494.29,0.0,0.0,0.5648,0.521716,0.0,0,0.011805414,3.235995369,3.4918428418134613
YIWLEV_clean,6.84017,5.52979,6.84017,1.2226,2050.0,1676.76,0.0,0.0,0.7014,0.573697,0.0,0,0.001429531,0.65208366,0.6777630759270187
YIWMUM_clean,6.07798,4.22779,6.07163,1.30832,2060.98,1575.28,0.0,0.0,0.6732,0.514552,0.0,0,0.001576511,0.696976979,0.7202411727459941
YIXYUB_clean,7.99703,7.36677,7.98615,1.64643,944.835,573.867,0.0,0.0,0.4756,0.288867,0.0,0,0.003231448,1.319659889,1.1017583626348884
YIXZEM_clean,8.10881,7.62421,8.10881,1.55257,958.181,617.157,0.0,0.0,0.488,0.314317,0.0,0,0.002603658,1.110551536,0.9383178924678354
YOCLIN_clean,13.22354,6.67449,13.22354,0.8764,2113.41,2411.46,0.0,0.0,0.7206,0.822227,0.0,1,0.007659163,2.174753168,2.2851887846552428
YONNAR_clean,11.86103,5.70578,11.72639,0.691421,2206.3,3190.97,0.0,0.0,0.7668,1.10902,0.0,1,0.004548091,2.125838962,2.049262066229596
YORGOD_clean,8.38023,4.12707,8.38023,0.867162,1938.3,2235.22,0.0,0.0,0.6224,0.717744,0.0,0,0.006892449,2.596905484,2.6577387754166977
YOYPIN_clean,6.69706,5.82012,6.69706,1.12302,945.662,842.074,0.0,0.0,0.503,0.447901,0.0,0,0.011131823,2.129157481,2.1916093723497836
YOYPUZ_clean,6.823,5.88003,6.823,1.1136,990.517,889.476,0.0,0.0,0.5056,0.454025,0.0,0,0.011991382,2.168850195,2.271611245645087
YOYTUD_clean,4.80402,3.83038,4.80248,1.49755,1398.05,933.559,0.0,0.0,0.5346,0.356983,0.0,1,0.005975451,1.899517914,1.9848491394281096
YOYWEQ_clean,4.77875,3.62914,4.77812,1.88548,1186.63,629.349,4.49602,2.38455,0.5478,0.290536,0.0,1,0.003309711,1.199459201,1.2339622311265224
YOZJEE01_clean,4.99022,3.91645,4.98963,1.38859,1498.87,1079.42,0.0,0.0,0.5588,0.402423,0.0,1,0.00544578,1.764864895,1.8666109584217523
YOZQEK_clean,13.97996,12.00951,13.48133,0.61183,1737.5,2839.84,0.0,0.0,0.7918,1.29415,0.0,1,0.002687916,1.346576539,1.282610666496654
YUBFOR_clean,8.69265,4.94745,8.69265,1.19814,1446.3,1207.12,0.0,0.0,0.612,0.510792,0.0,1,0.003315353,1.243731105,1.3926416191078732
YUBGIN_clean,5.8422,3.48658,5.82075,1.92767,1406.23,729.498,0.0,0.0,0.58,0.300882,0.0,1,0.003411824,1.191627001,1.255896956943237
YUBQET_clean,5.81942,4.13008,5.81921,1.08758,1193.63,1097.51,0.0,0.0,0.5256,0.483275,0.0,0,0.011158836,2.84856492,2.8456168328217517
YUHHIU_clean,6.82796,5.69487,6.82796,0.81756,1884.13,2304.57,0.0,0.0,0.672,0.821958,0.0,1,0.004972559,2.214359327,2.1374606730622894
YUJCOX_clean,5.98412,4.49111,5.97667,1.61045,1537.35,954.605,0.0,0.0,0.5426,0.336924,0.0,1,0.008546405,2.384294555,2.204928235507474
YUSWEP_manual,37.3405,13.00592,37.31547,0.403891,1712.88,4240.94,0.0,0.0,0.8324,2.06095,0.0,1,0.004716209,2.192695627,2.1723992455484007
YUXQOY_clean,7.81236,5.76726,7.81236,0.879883,2108.57,2396.42,0.0,0.0,0.6624,0.752827,0.0,0,0.004465469,2.048096187,1.9469549702544084
YUYLOV_clean,5.28891,4.25116,5.28891,1.21408,1053.59,867.808,5.10787,4.20721,0.5256,0.432922,0.0,1,0.005355595,1.762793122,1.6787040001568967
ZABQIC_ion_b,12.00373,11.11993,12.00373,0.767386,1559.55,2032.28,0.0,0.0,0.672,0.8757,0.0,1,0.002570767,1.15606959,1.1810241234775927
ZACHIX_clean,13.14331,6.50331,13.13039,0.890304,2133.37,2396.22,0.0,0.0,0.7114,0.799053,0.0,1,0.007387283,2.2562645,2.228882286224079
ZAFXAI_clean,8.16636,3.63608,8.16636,1.40372,1642.88,1170.38,0.0,0.0,0.568,0.40464,0.00156727,0,0.003912726,1.263913904,1.4323366506785715
ZARLIP_clean,9.09773,7.66595,9.09773,0.805646,1902.98,2362.06,0.0,0.0,0.6786,0.842305,0.0,1,0.004565955,1.866220084,1.9430499974211028
ZARTAP03_clean,4.16883,3.64959,4.16883,1.16973,666.603,569.875,0.0,0.0,0.5526,0.472415,0.0,0,0.003215107,1.367689163,1.2493647483798498
ZARVIZ_clean,8.08211,6.49977,8.07086,1.60695,1752.25,1090.42,2.37844,1.4801,0.6066,0.377486,0.0,1,0.001540362,0.70848279,0.7088034904641469
ZAVPET_clean,5.39742,4.45708,5.33979,1.26627,1762.86,1392.17,0.0,0.0,0.5648,0.446036,0.0,1,0.005547759,1.978167665,1.9808183782489805
ZAVPIX_clean,5.34624,4.4404,5.30939,1.2826,1715.57,1337.57,0.0,0.0,0.5728,0.446594,0.0,1,0.005769762,2.003627554,2.011667330517671
ZAXQOG_clean,5.67387,3.7719,5.66477,1.01421,1385.47,1366.06,80.4067,79.2805,0.6032,0.594751,0.0,1,0.01471306,3.837176286,3.508057489872921
ZECKID_clean,10.33934,8.28295,10.32915,0.62663,2205.37,3519.42,0.0,0.0,0.7756,1.23773,0.0,1,0.002692789,1.303946883,1.3158826837995086
ZEDROR_clean,5.08255,3.56751,5.06998,1.24486,1045.2,839.611,0.0,0.0,0.4974,0.399562,0.0,1,0.010925158,2.646630238,2.5606669997601483
ZELROZ_manual,16.90888,11.06843,16.90888,0.361932,1789.5,4944.29,0.0,0.0,0.8714,2.40763,0.0,0,0.003695403,1.766516827,1.7957799469101041
ZEZQAY_clean,6.85728,4.76238,6.85728,1.25559,1624.77,1294.03,0.0,0.0,0.5694,0.453492,0.0,1,0.005720029,2.020037524,1.9982689969404213
ZEZQIG_clean,6.88408,4.79829,6.69844,1.21505,1604.06,1320.16,0.0,0.0,0.5894,0.485082,0.0,1,0.005304913,1.950553126,1.9336083074203174
ZIGFIG_clean,11.59694,6.57481,10.91215,0.866393,2057.4,2374.67,0.0,0.0,0.6856,0.791327,0.0,1,0.009535072,2.311924741,2.715915470945928
ZIMLAK_clean,8.81434,4.17837,8.81158,1.15604,2223.72,1923.56,0.0,0.0,0.7056,0.610357,0.0,1,0.002248346,1.007118057,1.0724324844043558
ZIMLEO_clean,8.8325,4.17886,8.8325,1.13678,2223.09,1955.6,0.0,0.0,0.7064,0.621405,0.0,1,0.002192776,1.016033836,1.0192530398066195
ZIMLIS_clean,8.92267,4.20987,8.92267,1.114,2237.68,2008.69,0.0,0.0,0.7006,0.628903,0.0,1,0.002127754,1.02298062,1.015044447134164
ZINDAD_clean,16.39277,6.7436,16.39277,0.781296,1939.71,2482.68,0.0538053,0.0688667,0.7302,0.934601,0.0,1,0.006501042,2.629622875,2.518008301479397
ZISFEO01_clean,4.76853,3.96927,4.66022,1.28743,834.269,648.011,0.0,0.0,0.4838,0.375787,0.0,1,0.01178512,2.709482969,2.3037066842635023
ZISFEO_clean,4.87799,4.0904,4.87799,1.19653,987.013,824.893,0.0,0.0,0.5152,0.430577,0.0,1,0.008448908,2.322240954,2.2701323110817766
ZOHFUZ_clean,11.92122,6.68196,11.92122,0.814891,2190.64,2688.27,0.0,0.0,0.7046,0.864656,0.0,1,0.009338433,2.800166468,2.94797194918867
ZOMNIA_clean,6.19749,4.62522,6.12809,1.13009,1429.96,1265.35,0.0,0.0,0.5774,0.510931,0.0,1,0.005857901,2.080735986,2.063457169661237
ZOZPUB_clean,7.7256,6.01065,7.70911,1.03826,1572.11,1514.17,0.0,0.0,0.597,0.574999,0.0,1,0.002716738,1.160202748,1.2565904316833625
ZUDXAZ_clean,4.0542,3.70372,4.05121,1.83709,560.464,305.082,53.3835,29.0587,0.4362,0.237441,0.0,1,0.006283348,1.616831612,1.6129293034376677
ZUPBET_clean,5.03517,4.18078,5.03517,1.52077,1109.78,729.746,0.0,0.0,0.4686,0.308133,0.0,1,0.008336549,2.073638983,1.9826004742245837
