filename,LCD,PLD,LFPD,cm3_g,ASA_m2_cm3,ASA_m2_g,NASA_m2_cm3,NASA_m2_g,AV_VF,AV_cm3_g,NAV_cm3_g,Has_OMS,Input,y_true,y_pred
acs.cgd.5b01554_VAGNUP1452791_clean,6.16218,5.1323,5.87594,1.47047,1873.32,1273.96,0.0,0.0,0.572,0.388992,0.0,1,0.0048925019,0.1437659189,0.14495862678425045
acs.inorgchem.5b02378_ic5b02378_si_002_clean,3.84352,3.57212,3.8244,2.34418,318.947,136.059,0.0,0.0,0.356,0.151866,0.0,0,0.0028106481,0.080757904,0.08275071584274961
acs.inorgchem.6b01416_ic6b01416_si_004_clean,6.69143,3.5273,6.69143,1.34288,1327.26,988.368,0.0,0.0,0.5278,0.393035,0.0,1,0.0069294215,0.2040568392,0.20323091583887457
AHIYUN_clean,5.15091,3.13788,5.03528,1.898,0.0,0.0,616.793,324.969,0.3872,0.204004,0.0,1,0.005723685,0.163325339,0.16719114702762494
AHOZAA_clean,5.54353,3.15137,5.54353,1.68629,0.0,0.0,512.607,303.985,0.4282,0.25393,0.0,1,0.0035579976,0.1054979156,0.10373281393624993
AQERUL_clean,5.19905,3.7128,5.19898,1.6479,850.334,516.012,0.0,0.0,0.4402,0.267129,0.0,0,0.0054477675,0.1595242171,0.15848016779462562
AQIXUU_clean,5.00071,3.74213,5.00071,2.31618,778.297,336.026,0.0,0.0,0.406,0.175289,0.0,1,0.0024669553,0.0712102463,0.07273257502837492
ATUZEW_clean,10.5847,3.84767,10.5847,0.968927,2122.87,2190.95,0.0,0.0,0.6504,0.671258,0.0,1,0.0142567095,0.4217413753,0.41842325160525073
AVETAY_clean,5.64584,4.05596,5.63489,1.01371,1738.43,1714.92,0.32856,0.324118,0.6096,0.601358,0.0,1,0.0126676114,0.3713543207,0.371972206571377
AVUHIJ_clean,3.85535,2.975,3.77304,1.36097,0.0,0.0,86.1445,63.2966,0.4122,0.302873,0.0,1,0.0016245157,0.0501732752,0.04749761649387493
AXUJOT_clean,5.28998,2.80082,5.28998,3.32173,0.0,0.0,559.288,168.373,0.3366,0.101333,0.000240839,1,0.0014947499,0.0453561354,0.04441360493175016
BAKYIY_clean,7.70743,7.14284,7.70743,1.03845,1603.46,1544.09,0.0,0.0,0.586,0.564303,0.0,0,0.0115467868,0.3409336382,0.3364392864311222
BALPEL_clean,5.7532,3.34666,5.74368,2.14304,550.684,256.964,253.963,118.506,0.481,0.224448,0.0,1,0.0025605349,0.0747988191,0.07505085427837478
BETFIR_clean,4.51714,3.24158,3.88245,1.34051,0.0,0.0,704.866,525.82,0.5298,0.395223,0.0,1,0.0060545519,0.1756511176,0.17765788014400044
BEWVEG_clean,6.48201,4.71475,6.48201,1.10737,1863.88,1683.16,0.0,0.0,0.6042,0.545619,0.0,1,0.0094794176,0.2730013751,0.2825987259795015
BEXVAD01_clean,3.87179,3.50198,3.85722,1.36931,1031.87,753.568,0.0,0.0,0.5022,0.366754,0.0,1,0.0064836303,0.189974359,0.19118414452487525
BIBYAO_clean,13.04186,4.014,13.04186,1.4952,1811.79,1211.73,0.0,0.0,0.6492,0.434188,0.000668805,0,0.0164058202,0.4567899827,0.48084719343837334
BIJFAD_clean,8.3585,6.26342,8.18439,0.855984,1774.61,2073.18,0.0,0.0,0.6172,0.721042,0.0,1,0.0118386643,0.3494795766,0.34533919724962603
BOWSOW_clean,5.38919,4.13551,5.38919,1.62989,1386.73,850.81,0.0,0.0,0.5466,0.33536,0.0,1,0.0075162466,0.2240170154,0.21886606132112443
c5cc09935h_c5cc09935h2_clean,12.43011,5.54656,12.43011,1.34061,1862.24,1389.1,0.0,0.0,0.6814,0.508277,0.000596744,0,0.0112787593,0.3268397155,0.32978478555362645
c5dt05023e_c5dt05023e2_clean,6.45831,4.45817,6.45831,1.05764,1467.29,1387.32,0.0,0.0,0.552,0.521916,0.0,1,0.0081835393,0.243003461,0.23811675589200054
c5ta03835a_c5ta03835a2_clean,12.36152,9.64623,12.36152,0.670312,1969.74,2938.54,0.0,0.0,0.7304,1.08964,0.0,0,0.0212796258,0.6240082336,0.620911461635249
CASWIE_clean,9.90767,8.8856,9.90767,1.25703,2053.39,1633.52,0.0,0.0,0.7078,0.563072,0.0,0,0.0130403804,0.3830306273,0.3764104587372498
CAVMIX_clean,8.93942,5.67971,8.86574,0.942961,1589.69,1685.85,0.0,0.0,0.62,0.657503,0.0,1,0.0111789885,0.3300915343,0.3260727775458763
CAXSUR_SL,13.20977,6.6958,13.20977,0.618713,2108.92,3408.56,2.69185,4.35072,0.73,1.17987,0.0,0,0.0225262992,0.6675543821,0.6602690571748727
CAYQUQ_clean,11.37885,6.17998,10.24831,0.783377,2242.23,2862.26,0.0,0.0,0.6804,0.868548,0.0,1,0.0190497445,0.5514156264,0.5535540158952511
CEYWOU_clean,5.92045,3.96552,5.92045,1.52165,1106.54,727.196,0.0,0.0,0.488,0.320704,0.0,1,0.0063974589,0.1920276261,0.18686581144637468
CIMFOV_clean,5.64366,2.87535,5.6428,1.82627,0.0,0.0,472.02,258.461,0.4502,0.246513,0.0,0,0.0045219528,0.1326702726,0.132841484771
CIPLIX_clean,4.16596,3.6754,4.15153,1.12701,1392.79,1235.82,0.0,0.0,0.5518,0.489614,0.0,1,0.0089092932,0.2596062267,0.26215914310325134
cm501138g_si_003_clean,11.06733,2.94264,11.02516,1.58207,0.0,0.0,1205.96,762.265,0.5212,0.329442,0.0,0,0.0097341619,0.2831732643,0.2789241412767519
COQJOJ_clean,7.38214,4.96534,7.38214,1.07307,1447.07,1348.53,0.0720169,0.0671129,0.5318,0.495588,0.0,1,0.0083303671,0.2509702907,0.24459114478712624
COWDEZ_clean,8.91053,4.46746,8.91053,4.13717,1136.38,274.675,0.0,0.0,0.4164,0.100649,0.000386738,1,0.0023509579,0.0685477887,0.06918686639062488
CUFQUR_clean,6.03864,3.8691,6.03864,2.05539,1028.56,500.422,0.0,0.0,0.503,0.244722,0.0,1,0.0032355409,0.0938190096,0.09644485437812544
CUVVOG_clean,8.37247,7.3895,8.37077,1.20081,1241.45,1033.84,0.0,0.0,0.5362,0.446532,0.0,0,0.0087558133,0.2552724328,0.25486465010775
DACSEI_clean,11.09615,4.22518,11.09615,1.45844,1887.17,1293.96,0.0,0.0,0.625,0.428539,0.0,1,0.0112429214,0.3311638584,0.3303161497613762
DAXJET03_clean,3.61142,3.36344,3.58987,1.36713,95.3122,69.7168,0.0,0.0,0.4982,0.364412,0.0,0,0.0023094516,0.0685652541,0.06929961355525001
DOFTID_clean,8.70669,6.70952,8.70669,0.91345,2575.78,2819.83,0.0,0.0,0.7676,0.84033,0.0,1,0.01821914,0.5209382455,0.532803949720751
DUDKIY_clean,7.07907,5.66309,7.05735,0.974059,1868.46,1918.22,0.0,0.0,0.6506,0.667927,0.0,1,0.0135431721,0.394971108,0.395862397556251
DUKNEE_clean,4.73188,3.71957,4.56441,1.30231,281.161,215.894,153.376,117.772,0.4962,0.381015,0.0,1,0.0034857801,0.1007539411,0.10460806733487471
DUQRUD_clean,5.84696,3.93964,5.84696,1.3492,787.842,583.933,0.0,0.0,0.45,0.333531,0.0,0,0.0034465992,0.0986044586,0.10250640259899994
EBISAM_clean,4.83396,3.28681,4.80913,1.27153,0.0,0.0,594.465,467.521,0.4722,0.371365,0.0,1,0.004109894,0.1196346613,0.12214393144987522
EHIHEI_clean,3.70365,2.80009,3.7003,2.08697,0.0,0.0,138.99,66.5991,0.4124,0.197607,0.0,1,0.0027741611,0.0807852322,0.08170162326837495
EKADIF_clean,7.65126,6.54995,7.64495,1.18404,1687.65,1425.33,3.75836,3.17418,0.6332,0.534779,0.0,1,0.0110729814,0.3190481811,0.32422193301399965
EKEKOW_clean,7.39946,6.7038,7.38889,1.19584,1297.81,1085.27,0.0,0.0,0.5626,0.470465,0.0,1,0.0081217373,0.2375740412,0.23726633792950058
ELEROE_clean,12.99873,6.57068,12.98598,1.00519,1733.85,1724.91,0.0,0.0,0.6496,0.646248,0.0,1,0.0136099198,0.3978530451,0.39835813941062603
ETEMEX_clean,5.91958,3.04496,5.91958,1.5488,0.0,0.0,508.212,328.132,0.4422,0.285511,0.0,1,0.0031249643,0.0900044496,0.0915188760268747
EVADEK_clean,5.2436,3.53683,5.24252,2.08094,869.818,417.992,0.0,0.0,0.4392,0.211058,0.0,1,0.0034792511,0.1006280966,0.10294879031724995
EZOBUR01_clean,5.21262,4.53347,5.20127,2.04729,840.942,410.758,0.0,0.0,0.4516,0.220584,0.0,1,0.0036105884,0.1053860135,0.10526843499124994
FAGYEU_clean,6.85669,2.78326,6.85669,1.22782,0.0,0.0,866.918,706.062,0.5022,0.409017,0.0,1,0.0054491968,0.1674287618,0.15970064928387548
FAHQEN_clean,5.12084,2.87775,5.12084,1.38899,0.0,0.0,454.135,326.953,0.4354,0.313465,0.0,1,0.0034673012,0.1009099126,0.1013064760628751
FAKHIK_clean,6.91166,3.5646,6.91166,1.35887,1058.17,778.71,0.0,0.0,0.4948,0.364126,0.0,1,0.006476357,0.1874828631,0.1878004578534999
FALSAO_clean,5.59493,4.61612,5.59493,1.06274,1144.25,1076.7,0.0,0.0,0.509,0.478952,0.0,0,0.0070110687,0.2038798466,0.20629658969137632
FASGEO_clean,4.99768,3.35597,4.99362,1.72278,433.626,251.702,0.0,0.0,0.4048,0.23497,0.0,1,0.0025197949,0.074995758,0.07506214537925034
FEWWEL_clean,8.20772,5.69754,8.195,0.926492,2241.48,2419.32,0.0,0.0,0.6766,0.730281,0.0,0,0.0169682856,0.4901871847,0.495163127665377
FIGVUN_clean,4.04027,2.92923,4.04027,1.87942,0.0,0.0,439.972,234.101,0.5318,0.28296,0.0,0,0.0044381273,0.1308861547,0.13012343575374966
FIWJIG_clean,6.45458,3.16665,6.45458,1.10541,0.0,0.0,794.04,718.321,0.549,0.496648,0.0,1,0.0058592523,0.1732248474,0.17362915781949959
FIWKUT_clean,10.75705,6.21115,10.75089,1.13958,2252.0,1976.17,0.0,0.0,0.6778,0.594779,0.0,1,0.012679301,0.3742458795,0.3720378284481251
FODYUT_clean,4.86672,3.16405,4.70139,1.91946,0.0,0.0,732.512,381.624,0.5282,0.275182,0.0,0,0.004882243,0.1435584908,0.14120496915037475
FOFCIO_clean,4.5361,3.88522,4.5076,1.74401,367.243,210.574,0.0,0.0,0.3598,0.206306,0.0,0,0.0018753939,0.0535558055,0.05581752193525011
FOFDAH_clean,4.47344,2.88853,4.47076,1.54038,0.0,0.0,319.149,207.189,0.3948,0.256301,0.0,0,0.0026167634,0.0752811889,0.07790702020487497
FOFHEO_clean,6.41067,5.52308,6.4074,2.22496,990.681,445.257,0.0,0.0,0.446,0.200453,0.0,0,0.004420919,0.1273758903,0.1294867433244995
FOPFAS_clean,20.99168,6.62083,20.99168,0.583055,2159.7,3704.11,0.0,0.0,0.7806,1.33881,0.0,1,0.0295618247,0.853697783,0.8565062571197519
FOPTOU_clean,5.99188,4.04402,5.19077,1.42676,820.695,575.214,0.0,0.0,0.3986,0.279373,0.0,1,0.004024378,0.120003915,0.11782983123362481
FOQNUW01_clean,6.20702,4.77029,6.1269,1.35255,1350.08,998.172,0.0,0.0,0.5374,0.397323,0.0,1,0.0066658186,0.2005670288,0.19527442433424952
FOQNUW02_clean,6.26085,4.86283,6.24492,1.35147,1329.33,983.622,0.0525445,0.0388796,0.5542,0.410073,0.0,1,0.0068866677,0.2017901927,0.2042151809333745
FOQPAE01_clean,6.12529,4.88917,6.10135,1.39855,1351.73,966.526,0.0,0.0,0.5504,0.393551,0.0,1,0.0071218116,0.2038874648,0.20686753429625085
FORWAL_clean,6.09772,3.45398,5.95541,1.14086,1067.63,935.814,0.0,0.0,0.5034,0.441246,0.0,1,0.0064721754,0.1901722497,0.1882391376618752
FUTZIF_clean,5.6655,4.98419,5.65746,1.25322,1742.86,1390.71,0.0,0.0,0.5754,0.459137,0.0,1,0.0098179372,0.2847297269,0.28646155818512414
FUVDEH13_clean,6.5322,6.05224,6.5322,1.69182,540.534,319.498,0.0,0.0,0.3658,0.216217,0.0,0,0.0025566797,0.0749705585,0.07483992402475054
FUWFUA_clean,7.25313,6.2676,7.10214,1.05922,1980.57,1869.84,0.0,0.0,0.6472,0.611017,0.0,1,0.0117571245,0.3460740968,0.34607633485625017
FUYCAE_clean,12.12006,7.41697,11.45114,0.805353,2038.6,2531.31,0.0,0.0,0.6952,0.863224,0.0,1,0.0176419452,0.5262642394,0.5166910502167493
GABYUG_clean,8.28187,3.85233,8.28187,1.39429,1719.71,1233.39,0.0,0.0,0.5774,0.414117,0.0,0,0.0078547999,0.231325504,0.23073219960099972
GALFAB_clean,5.55868,3.43749,5.55868,1.2617,790.625,626.635,0.0,0.0,0.4566,0.361893,0.0,0,0.0055127571,0.1609561269,0.16121656468162493
GANBAZ02_clean,5.94516,4.40671,5.62899,1.06833,1884.21,1763.7,0.0,0.0,0.666,0.623402,0.0,0,0.0130910265,0.3882681847,0.3810697065951245
GEDPAH_clean,6.03167,4.27212,6.03167,1.25052,927.95,742.052,0.0,0.0,0.4286,0.342738,0.0,1,0.003629348,0.1063694039,0.10608838157487488
GINPAW_clean,5.2982,2.63149,5.28355,1.46721,0.0,0.0,577.901,393.878,0.4082,0.278215,0.0,0,0.0039751639,0.1159616494,0.11606534844412499
GITVAH01_clean,9.03293,4.92005,8.03384,1.44808,1218.66,841.568,0.0,0.0,0.5302,0.366141,0.0,0,0.0070058606,0.2023170224,0.20408259936487508
GORJEE_clean,6.22352,3.46281,6.21155,1.2742,1383.19,1085.53,43.8432,34.4085,0.5994,0.470413,0.0,1,0.0091110588,0.2643811543,0.26690800914825086
GUKCIA_clean,12.90912,5.8992,12.00342,0.805597,2331.25,2893.82,0.0,0.0,0.7378,0.915843,0.0,1,0.0230289226,0.6552719384,0.6681006464613772
HABCEV_clean,9.92705,7.22424,9.91479,0.991769,2097.63,2115.04,0.0,0.0,0.6876,0.693307,0.0,1,0.0151845073,0.4401947296,0.44441800894100075
HARHOA_clean,5.54988,3.24749,5.54988,1.17907,0.0,0.0,1159.83,983.683,0.5306,0.450016,0.0,1,0.0090494744,0.2667844055,0.26401411590625
HIXDOH_clean,4.02842,2.83239,4.02487,2.8926,0.0,0.0,158.976,54.9595,0.3378,0.116781,0.0,0,0.0015884582,0.0496024889,0.04746116165287507
HIZSEQ_clean,8.45379,5.93435,8.42674,0.797325,2202.23,2762.03,0.0,0.0,0.7088,0.888973,0.0,1,0.0179869262,0.5320266107,0.5256054650333759
HOGJET_clean,10.64607,6.59696,10.64607,0.792851,2302.52,2904.1,0.0,0.0,0.722,0.910637,0.0,1,0.0190287203,0.5632744326,0.5534416145095016
HUHBUJ_clean,5.60126,5.18977,5.60126,1.80903,559.324,309.185,0.365081,0.201811,0.4444,0.245657,0.0,1,0.0020469221,0.0608954351,0.06120346368774989
HURFOR_clean,7.08248,5.24445,7.08248,1.04737,1938.44,1850.78,0.0,0.0,0.6226,0.594444,0.0,1,0.0117218163,0.3407917583,0.344005470299251
HUZYEI_clean,8.53699,6.27993,8.53699,0.711095,2228.2,3133.48,0.0,0.0,0.6894,0.969491,0.0,0,0.0174760335,0.4991599828,0.5101641225576217
IDUYOX_clean,9.73996,8.61519,9.73996,0.935578,2195.16,2346.31,0.0,0.0,0.7078,0.756538,0.0,1,0.0165049002,0.4910225695,0.48097635649200027
IFEROC_clean,13.26851,5.93369,13.26851,1.30004,1827.02,1405.36,0.0,0.0,0.6474,0.497986,0.000153842,0,0.0128940914,0.3673982758,0.37681188134712557
IJENIV_clean,10.00359,4.25651,10.00359,1.99634,628.149,314.65,0.0,0.0,0.4272,0.213991,0.0,1,0.0026065187,0.0743973215,0.07662447834224996
IJENOB_clean,8.38232,4.34669,8.38232,2.02817,669.551,330.125,42.8029,21.1042,0.431,0.212506,0.0,0,0.0030701923,0.0909817106,0.09036347322187523
INOFIB_clean,4.88732,2.96431,4.85244,1.54636,0.0,0.0,535.831,346.511,0.4026,0.260353,0.0,1,0.0031223724,0.0929212262,0.09198277986812455
IXIKOR01_clean,5.26705,3.69374,5.26705,1.61953,806.553,498.016,0.0,0.0,0.4486,0.276994,0.0,1,0.0044727671,0.1299002169,0.1313683746644998
IZUSEC_clean,10.20962,3.68293,10.20962,1.00333,666.649,664.439,253.612,252.771,0.5956,0.593625,0.0,0,0.0087900931,0.2565012215,0.26113081804199956
ja078060t-file002_clean,16.93112,9.01585,16.93112,0.615402,2165.98,3519.61,0.0,0.0,0.7858,1.27689,0.0,1,0.0289885897,0.8513991078,0.8322020033911248
ja501810r_si_002_clean,11.13191,5.72159,11.13191,0.767426,2419.7,3153.01,0.0,0.0,0.7292,0.950189,0.0,1,0.0215297704,0.6409786319,0.6364233575727465
ja5b00450_si_003_clean,12.42484,5.66724,12.42477,1.53119,1012.59,661.307,307.834,201.043,0.5432,0.354757,0.000391852,1,0.0070939265,0.2069746834,0.2061554748756252
jacs.5b11034_ja5b11034_si_002_clean,10.09486,5.31829,9.68701,0.952575,2265.34,2378.12,0.0,0.0,0.7158,0.751437,0.0,1,0.0190437395,0.545208444,0.550518095382499
jacs.6b03263_ja6b03263_si_002_clean,8.39984,6.11891,8.39804,1.5895,1924.37,1210.68,33.892,21.3224,0.5636,0.354576,0.0164832,0,0.0119925845,0.3362690136,0.3476217684281261
jacs.6b06375_ja6b06375_si_001_clean,11.94073,6.91484,11.94073,1.08144,1866.76,1726.19,0.0,0.0,0.696,0.643589,0.0,1,0.0142171072,0.4054694451,0.4084156495801241
JADBEY_clean,5.1025,4.19518,4.95899,1.35732,1188.64,875.723,0.0,0.0,0.488,0.359531,0.0,0,0.0057162211,0.1661417381,0.16732722805149985
JIVSIR01_clean,4.47156,3.773,4.47156,2.62598,349.939,133.261,0.0,0.0,0.2762,0.10518,0.0,1,0.0019003983,0.0545371941,0.054959244347874955
j.jssc.2016.06.015_ZJU-10_clean,11.36875,4.57229,11.36875,0.827579,2351.53,2841.46,0.0,0.0,0.6996,0.845357,0.0,1,0.0186474644,0.5426438291,0.5419090342410009
JOBFIQ_clean,5.07849,4.37964,5.07849,1.64132,1199.79,730.99,0.0,0.0,0.503,0.30646,0.0,1,0.0044087629,0.1271047092,0.12956037035762485
KAHZAW_clean,8.94072,4.22762,8.82545,1.16306,2118.43,1821.42,0.0,0.0,0.6882,0.591713,0.0,1,0.0104108105,0.3211614783,0.3085867806786236
KALFUA_clean,5.64692,4.66493,5.64692,1.02252,1561.82,1527.42,0.0,0.0,0.5924,0.579351,0.0,0,0.0107093556,0.3144215777,0.3120445361346243
KAVXAI_clean,9.40882,5.41413,9.40882,1.00634,2107.27,2094.0,0.0,0.0,0.6462,0.642132,0.0,0,0.0156550308,0.4656075714,0.4541969233356226
KELJAN_clean,6.72992,4.20356,6.59748,1.50078,1661.97,1107.4,0.0,0.0,0.603,0.401791,0.0,1,0.0069648347,0.1996834584,0.20416106010050034
KINMUR_clean,5.20086,4.2137,5.19994,1.27394,2724.76,2138.85,0.0,0.0,0.6356,0.498926,0.0,0,0.0129469352,0.3773934742,0.3772968242357501
KOMHIF_clean,6.96433,4.30157,6.96433,2.10755,601.281,285.298,0.506718,0.24043,0.4434,0.210386,0.0,1,0.0033731708,0.1006882299,0.09854915363912456
KOMHUR_clean,7.07003,4.40954,7.07003,2.12522,623.999,293.616,2.22657,1.04769,0.4448,0.209296,0.0,1,0.0034984213,0.1013337034,0.10242204409674996
KOZNEU_clean,6.23615,4.7768,6.23615,1.17797,1865.2,1583.39,0.0,0.0,0.6078,0.51597,0.0,1,0.0108002315,0.3188313245,0.3175514296485014
KUGFAU_clean,6.1404,4.28752,6.13565,2.43257,1183.17,486.384,94.0478,38.6618,0.538,0.221165,0.0,1,0.0030351932,0.0886995949,0.089319712127375
KUHZET_clean,6.3774,3.72092,5.86523,1.59698,666.655,417.448,0.0,0.0,0.4054,0.253854,0.0,1,0.0039409154,0.1164701337,0.11584475682212494
KUTBAE_clean,4.09675,2.82588,4.06135,1.88174,0.0,0.0,646.967,343.814,0.5102,0.271133,0.0,1,0.0059570993,0.1695541742,0.1733871367108749
LABNUA_clean,8.4808,6.77897,8.4808,1.71596,1723.81,1004.58,0.0,0.0,0.6358,0.370522,0.0,0,0.0071548504,0.2053015902,0.2107182133268764
LABQEN_clean,8.21095,6.13308,8.21095,2.19099,1641.41,749.165,0.0,0.0,0.6118,0.279235,0.0,1,0.0055561821,0.1606728283,0.16377954202537523
LADKIN_clean,4.55067,3.23586,4.03922,2.4742,0.0,0.0,527.137,213.054,0.4552,0.183979,0.0,0,0.0041349293,0.1171240419,0.11931444819962471
LAGWIB_clean,7.33121,5.00581,7.33121,0.986502,2231.65,2262.19,0.0,0.0,0.6406,0.649365,0.0,1,0.0120234372,0.3618754975,0.35111278032999893
LAWHEZ01_clean,7.31724,4.08974,7.31724,1.65797,902.036,544.061,0.0,0.0,0.4878,0.294215,0.0,1,0.0039172441,0.1124362898,0.11487091917925021
LIDSIC_clean,5.88988,4.79787,5.74819,0.995436,2128.35,2138.11,0.0,0.0,0.6234,0.626258,0.0,1,0.0130807504,0.3826764357,0.38304059385287514
LIGJIW_clean,7.07785,3.26999,7.07785,2.88824,0.0,0.0,778.552,269.56,0.4332,0.149988,0.0,1,0.0026255266,0.0773570602,0.07687669897849958
LIHKAQ_clean,4.20661,3.40597,4.15918,2.43906,861.502,353.21,0.0,0.0,0.4506,0.184743,0.0,0,0.0053213308,0.1500591083,0.15366731030374972
LIXXEW_clean,5.51875,3.92568,5.51875,1.59427,997.327,625.569,0.0,0.0,0.497,0.311741,0.0,0,0.0055716642,0.1638417953,0.1635607660873755
LOCRUR_clean,5.043,4.16027,5.043,1.07174,1871.72,1746.44,0.0,0.0,0.587,0.547708,0.0,0,0.0095929972,0.2876848272,0.28386399040200044
LOSYAV_clean,4.55984,3.67657,4.54982,1.22852,1180.85,961.195,0.0,0.0,0.5162,0.42018,0.0,1,0.0075463908,0.2236094586,0.22075522883349896
LOZSOK_clean,4.88564,3.63855,4.86025,1.66521,574.268,344.863,0.0,0.0,0.4628,0.277923,0.0,1,0.0041378266,0.121560801,0.12053073936087505
LUDVEL_clean,9.0257,6.44197,9.0257,1.37573,1743.29,1267.17,0.0,0.0,0.6582,0.478437,0.0,0,0.0084761134,0.2421872049,0.24548190929312672
LULXOG_clean,4.25751,3.14352,4.25086,1.7004,0.0,0.0,243.377,143.129,0.407,0.239355,0.0,1,0.0039572476,0.1178167898,0.11533127337774945
MAFFUW_clean,12.43799,9.17375,12.24576,0.861708,2209.58,2564.19,0.0,0.0,0.7434,0.862706,0.0,1,0.0198897398,0.5778640137,0.5805905305181228
MAJKAM_clean,6.55321,5.18508,6.53172,1.09153,1978.37,1812.47,0.0,0.0,0.6024,0.551884,0.0,1,0.0115169502,0.3339536205,0.33837260304162503
MAQMEZ_clean,6.07852,4.93483,6.07852,1.10025,1440.15,1308.92,0.0,0.0,0.5372,0.488252,0.0,1,0.008554916,0.2499679261,0.24962393491225046
MARLOJ_clean,3.97511,3.2689,3.9629,1.56371,0.0,0.0,401.738,256.913,0.504,0.32231,0.0,1,0.0043250632,0.128839543,0.12554470123812458
MARLUP_clean,3.97179,3.26006,3.94773,1.58166,0.0,0.0,394.95,249.707,0.5022,0.317515,0.0,1,0.0044157804,0.1269177637,0.13047559564775008
MIZZOM_clean,5.03531,4.09966,5.03367,2.18659,1164.0,532.335,0.0,0.0,0.477,0.218148,0.0,0,0.0130802065,0.3635744589,0.37852856175087424
MUKQUG_clean,11.37507,4.46993,11.2947,0.820023,2214.4,2700.41,0.0,0.0,0.683,0.832903,0.0,1,0.0178184016,0.525272361,0.5192949536972492
MUVJAP_clean,5.84101,5.24434,5.82161,1.88151,1162.86,618.045,0.0,0.0,0.4892,0.260004,0.0,1,0.0050521182,0.1482935913,0.14633460556062586
NANPUN_clean,6.54289,4.24913,6.41069,1.18041,2725.22,2308.7,0.0,0.0,0.7086,0.600298,0.0,1,0.0101374157,0.2954540204,0.298631598818749
NEDLOZ_clean,5.19157,3.5955,4.37454,1.44817,1020.62,704.764,0.0,0.0,0.4738,0.327171,0.0,0,0.007044526,0.2062630851,0.20496478973387564
NEHMUJ_clean,4.41659,3.35369,4.41659,1.33273,474.416,355.973,0.0,0.0,0.4204,0.315443,0.0,0,0.0028699659,0.0857503551,0.08547352777350042
NIXKIQ_clean,10.7322,9.85354,10.72549,0.912018,1850.3,2028.8,0.0,0.0,0.6804,0.746038,0.0,1,0.0170225341,0.4891367994,0.4940271720116258
NODKEX_clean,5.07245,4.30959,5.07245,1.09741,1894.95,1726.75,0.0,0.0,0.5778,0.526513,0.0,0,0.0099649368,0.2932479449,0.2932601961340021
OCINAS_clean,7.37544,5.53142,7.37544,1.04306,1267.84,1215.49,0.0,0.0,0.5388,0.516555,0.0,0,0.0083526927,0.2470450626,0.24560168404662527
OCUREK_clean,4.93226,3.39584,4.93226,1.78543,887.96,497.336,0.0,0.0,0.483,0.270523,0.0,1,0.0045326827,0.133845073,0.1325916683781245
OGOJAX_clean,15.34906,9.73806,15.34906,0.707076,1965.3,2779.47,0.0,0.0,0.723,1.02252,0.0,1,0.0194758727,0.5781547609,0.5688332145648741
OGUZIA_clean,4.34698,3.82009,4.34698,2.40082,539.728,224.81,0.0,0.0,0.402,0.167443,0.0,1,0.0021207637,0.0624359084,0.0629295164992501
OJOSIR_clean,9.97318,4.04646,9.96574,1.17933,2193.71,1860.13,0.0,0.0,0.651,0.552007,0.0,1,0.014336398,0.4212666333,0.4241845254407486
ONODOM_clean,5.43775,3.24635,5.43775,1.30639,0.0,0.0,875.515,670.18,0.4778,0.365741,0.0,1,0.0060725536,0.1767012417,0.1784675766973753
OYAJIJ02_clean,10.70872,8.94342,10.70872,1.40706,1892.43,1344.95,0.0,0.0,0.6626,0.47091,0.00014214,0,0.0105931587,0.3047069729,0.3071572848950004
PAQMAY_clean,16.51036,13.08019,16.51036,0.865049,1760.16,2034.75,0.0,0.0,0.7388,0.854055,0.0,1,0.0173313685,0.5160002033,0.4978604361647484
PAQTIM_clean,5.2151,3.68936,5.21444,1.57762,664.94,421.484,0.0,0.0,0.4366,0.276747,0.0,1,0.0033483623,0.0965468783,0.09750764227862507
PARSAF_clean,6.81897,3.63122,6.59432,1.17917,1741.83,1477.16,0.0,0.0,0.6012,0.509849,0.0,1,0.0104025263,0.3025362507,0.302973781770249
PEMGEV_clean,5.81147,5.44043,5.81147,1.41497,1048.95,741.327,0.0,0.0,0.4866,0.343895,0.0,1,0.0053399752,0.1591931214,0.15737953288399997
PENYOX_clean,4.58191,3.69127,4.58191,2.05639,514.83,250.357,84.4264,41.0557,0.4242,0.206284,0.0,1,0.0034692188,0.1051096958,0.10163120719724994
PEQFAT_clean,12.28103,8.80657,12.27438,1.02563,1866.98,1820.32,0.0,0.0,0.7048,0.687184,0.0,1,0.0126808208,0.3737858179,0.3722012109487498
PIWDAC_clean,5.23837,2.85558,5.23837,1.90037,0.0,0.0,934.219,491.6,0.4964,0.261213,0.0,1,0.0037605012,0.1096352277,0.10957807383262522
POBJIB_clean,4.44888,3.51511,4.44772,1.47992,991.094,669.692,0.0,0.0,0.5136,0.347045,0.0,1,0.0069791718,0.2052093659,0.203049902161376
PUBROU_clean,10.98616,5.10232,10.98616,0.916508,2445.22,2667.98,0.0,0.0,0.701,0.76486,0.0,0,0.0176650259,0.5267660239,0.5162311153854992
PUBRUA_clean,9.78996,3.96193,6.35977,1.16795,1064.75,911.641,212.761,182.165,0.5574,0.477245,0.0,1,0.0094086013,0.2749808169,0.27447230043575094
PUWZOX_clean,5.63365,4.16849,5.62629,1.59077,1356.24,852.569,0.0,0.0,0.5186,0.326006,0.0,1,0.0070881458,0.2105900695,0.20668358524225017
QARLUT_clean,9.16779,5.97884,9.11657,1.43869,1699.45,1181.25,0.0,0.0,0.6184,0.429835,0.0,1,0.0081033881,0.2360532722,0.2354767895621249
QOGGID_clean,4.77502,3.54489,4.71306,2.32432,1003.26,431.637,0.0,0.0,0.4844,0.208405,0.0,1,0.0039807143,0.1183104461,0.11631402344687433
QUJWEZ_clean,5.27878,4.2771,5.21408,1.80309,2172.0,1204.59,0.0,0.0,0.6078,0.337087,0.0,1,0.0084931653,0.2491251943,0.2506718892362485
QUQMOG_clean,7.40115,5.90293,7.389,1.2714,1211.2,952.657,0.0,0.0,0.5432,0.427247,0.0,1,0.0075089837,0.2188030721,0.21951510656174972
RAZXIA04_clean,4.36297,3.24134,4.36297,1.80861,0.0,0.0,288.663,159.604,0.3896,0.215414,0.0,0,0.0021836363,0.0673889433,0.06407717667612498
REHHET_clean,8.42834,7.30081,8.42834,1.12746,2081.49,1846.18,0.0,0.0,0.6604,0.585741,0.0,1,0.0127774802,0.3779478864,0.37396129869312444
REHHUJ_clean,8.23485,7.33998,8.22968,1.08218,2034.99,1880.45,0.0,0.0,0.6656,0.615052,0.0,1,0.0129090341,0.3789214708,0.3742221060784998
REHRON_clean,8.99143,2.90121,8.62908,1.65729,0.0,0.0,1298.2,783.327,0.594,0.358417,0.0,1,0.0054708191,0.1662439593,0.1614295075554998
ROMMAJ_clean,10.96057,3.9466,10.96057,0.96925,2139.32,2207.19,0.0,0.0,0.6522,0.672892,0.0,1,0.0143942459,0.4232911038,0.4207860359926243
RORTOJ_clean,6.66057,4.41092,6.52091,0.981543,2083.85,2123.04,0.0,0.0,0.6188,0.630436,0.0,1,0.0116961277,0.3486573684,0.34293710540187644
RORTUP_clean,6.59655,4.47032,5.86846,1.00477,2073.35,2063.5,0.0,0.0,0.6322,0.629197,0.0,1,0.0115667732,0.3445471287,0.3418149082718763
RUBTAK06_clean,8.7342,3.8432,8.7342,1.62392,1647.74,1014.66,0.0,0.0,0.5664,0.348785,0.000123158,0,0.0078695763,0.2269390866,0.22568798285737768
RUBTAK07_clean,8.72079,3.85677,8.72079,1.62392,1649.19,1015.56,0.0,0.0,0.5662,0.348662,0.000123158,0,0.0077011473,0.2245617291,0.22505967173787528
RUDQUD01_clean,5.17887,2.98011,5.17598,2.21557,0.0,0.0,1116.87,504.099,0.5682,0.256458,0.0,1,0.0043096566,0.1216123379,0.12713706924937532
RUGXIC_clean,7.96505,6.50737,7.96505,1.04427,2057.36,1970.14,0.0,0.0,0.6846,0.655575,0.0,1,0.0153794008,0.4402369184,0.449360882245874
RUKHAI_clean,10.70068,6.53435,10.70068,0.843497,2555.98,3030.22,0.0,0.0,0.7072,0.838415,0.0,1,0.0181281143,0.5023659913,0.5285251667346238
SAKNOJ_clean,15.48179,8.59456,15.48179,0.827341,1070.73,1294.18,649.279,784.778,0.7024,0.848985,0.0,1,0.0185392154,0.5228635237,0.5394136139007483
SALROO_clean,8.67978,6.03579,8.67978,1.44387,1169.53,809.996,0.0,0.0,0.528,0.365683,0.0,0,0.0070685084,0.2094511746,0.20595864600525068
SAMXUC_clean,6.3742,4.86898,6.3742,2.004,589.067,293.946,0.0,0.0,0.4238,0.211477,0.0,0,0.0020201094,0.0601164101,0.058971304265749404
SANGIA_clean,6.6243,4.86605,6.61817,1.50803,1301.88,863.303,0.0,0.0,0.526,0.348801,0.0,1,0.007503814,0.2154286038,0.2188505033791243
SETSUH_clean,12.36294,8.82747,12.35258,0.624621,2037.67,3262.24,0.0,0.0,0.779,1.24716,0.0,1,0.0283807842,0.8228331228,0.8202007599110013
SETXIA_clean,9.22567,2.93401,4.70696,1.31966,0.0,0.0,739.825,560.616,0.5214,0.395101,0.0,1,0.0053617336,0.1573688988,0.1580668154103742
SICCAK_clean,5.45447,3.14537,5.43364,1.27061,0.0,0.0,624.132,491.205,0.4498,0.354002,0.0,0,0.0040422792,0.1197902306,0.11945761233812488
SINLAE_clean,6.69716,5.18096,6.69716,1.19378,889.708,745.285,0.0,0.0,0.5462,0.457538,0.0,1,0.005186399,0.1527106372,0.15377987097749984
SOVHIU_clean,5.10052,4.091,5.08809,1.5478,1061.11,685.56,0.0,0.0,0.4806,0.310506,0.0,1,0.0061049583,0.1796995502,0.17897978955137442
SURHEU_clean,8.75392,3.85708,8.75392,1.61914,1667.04,1029.58,0.0,0.0,0.569,0.351421,0.000123522,0,0.0078817606,0.2285689059,0.2262202791537532
SURLEY_clean,8.70904,3.84622,8.70904,1.62137,1669.72,1029.82,0.0,0.0,0.5792,0.35723,0.000123353,0,0.0077721025,0.2235611892,0.22537601586725034
SUXNIJ_clean,5.64724,4.5438,5.64724,1.44554,1962.92,1357.92,0.0,0.0,0.566,0.39155,0.0,1,0.0068821076,0.202113508,0.20453284737187472
TAJWAF_clean,3.82198,2.8007,3.72683,1.34969,0.0,0.0,71.5559,53.0167,0.483,0.357861,0.0,0,0.0033241155,0.1003158705,0.0985431748205003
TATSAK_clean,6.11386,4.64051,6.10962,1.23527,1692.68,1370.29,0.0,0.0,0.5696,0.461113,0.0,1,0.0090956624,0.2696193808,0.2673507422718754
TAZLEN_clean,11.08754,7.14784,11.07704,1.04748,2269.71,2166.83,0.0,0.0,0.7294,0.696338,0.0,1,0.0145948354,0.423863622,0.42157175332475105
TEVHEJ_clean,16.64004,7.73442,14.83466,0.917293,1753.18,1911.25,0.0,0.0,0.6898,0.751995,0.0,1,0.0165105285,0.4841589889,0.48057943506487405
TIVYAZ_clean,7.74101,6.53754,7.72929,0.889175,2037.11,2291.01,0.0,0.0,0.6704,0.753957,0.0,1,0.0149121298,0.4467213115,0.43973549865249917
TOKKOV_clean,5.02498,3.26586,4.31205,1.69711,0.0,0.0,791.116,466.154,0.5054,0.2978,0.0,1,0.0040685247,0.120594996,0.11913491281412517
UDAMET_clean,11.69192,5.63198,11.69192,1.6473,2524.33,1532.4,0.0,0.0,0.7696,0.467189,0.0,0,0.0081243365,0.2331664689,0.238270494121125
UDIQII_clean,5.3997,3.7276,5.38981,1.60552,1283.87,799.661,0.0,0.0,0.5344,0.332851,0.0,1,0.0048128229,0.1430341696,0.14172044165125025
UJEGUL_clean,6.0532,4.88486,6.0532,1.5961,1140.46,714.525,0.0,0.0,0.4812,0.301484,0.0,1,0.0064897005,0.1888458812,0.19010905701037498
ULILEI_clean,7.22603,5.77359,6.90295,1.4654,978.051,667.43,0.0,0.0,0.4894,0.333971,0.0,1,0.0050902655,0.1520181309,0.14965743135675041
ULOJUC_clean,8.56178,5.86238,8.56178,1.55968,1711.24,1097.17,0.0,0.0,0.6422,0.411751,0.0,0,0.0071261022,0.2095979502,0.210101440392251
ULOKUD_clean,8.99985,5.9392,8.99985,1.59852,1738.06,1087.3,0.0,0.0,0.6478,0.40525,0.0,0,0.0075234692,0.2142023682,0.22117321146775015
ULOLAK_clean,8.32335,5.93961,8.32335,1.44582,1721.43,1190.63,0.0,0.0,0.6254,0.432557,0.0,1,0.0076387407,0.2253099394,0.2246259433628756
UMOYOM02_clean,8.68301,5.26839,8.68301,0.613738,2959.15,4821.52,0.0,0.0,0.7366,1.20019,0.0,1,0.0255567809,0.7378257266,0.7379697566183782
UNABOB_clean,8.55635,7.67109,8.55635,1.32288,1496.81,1131.48,0.0,0.0,0.604,0.45658,0.0,1,0.0081304799,0.2357103328,0.23623560255137557
USAHAZ_clean,10.72389,9.68617,10.71468,0.687876,2071.59,3011.58,0.0,0.0,0.7326,1.06502,0.0,0,0.0223232787,0.6401880194,0.6529987078078732
UTULEB_clean,5.58337,4.79072,5.5596,1.57279,1503.83,956.154,0.0,0.0,0.6132,0.38988,0.0,0,0.0069843095,0.2110972312,0.20546888343100012
UVUCEV_clean,5.657,3.96658,5.657,1.45056,765.054,527.42,0.0,0.0,0.4608,0.31767,0.0,1,0.0041937418,0.1212332748,0.12346356692250071
VAGTAB_clean,4.79025,4.06778,4.70403,1.65742,967.077,583.482,0.0,0.0,0.4498,0.271385,0.0,1,0.0044447249,0.1321919247,0.13096180950149963
VAJGAR_clean,7.48888,5.337,7.48888,1.26111,1441.77,1143.26,0.0,0.0,0.5468,0.433587,0.0,1,0.0096907427,0.2862039048,0.2823429549656246
VAKPUV_clean,8.42025,5.07912,7.45236,1.93014,1149.16,595.375,0.0,0.0,0.5226,0.270757,0.0,0,0.0042823971,0.1245035414,0.1258808811648744
VALSIM_clean,3.97767,2.66888,3.97767,1.98131,0.0,0.0,166.11,83.8388,0.3982,0.200978,0.0,0,0.0024499009,0.0735715838,0.07141313979437493
VELBAQ_clean,8.45052,7.3406,8.18626,0.767479,2121.67,2764.47,0.0,0.0,0.657,0.856049,0.0,1,0.0170205997,0.5005416424,0.4975084725945008
VELVOY_clean,11.39286,3.40894,11.39286,0.949095,1469.34,1548.15,0.0,0.0,0.625,0.658522,0.0,0,0.0110966203,0.3338682814,0.3238924669480002
VEYWED_clean,5.64769,4.42932,5.33986,1.77082,1386.33,782.879,0.0,0.0,0.534,0.301556,0.0,1,0.0042324286,0.1274352662,0.12452434374299992
VIWQUP_clean,8.69583,7.55321,8.68271,1.40125,1379.91,984.771,0.0,0.0,0.582,0.415343,0.0,1,0.007150875,0.2133669795,0.2111393643250008
VONDOT_clean,5.04789,4.53537,5.04607,1.46717,1023.41,697.539,0.0,0.0,0.4992,0.340246,0.0,0,0.0051258805,0.1508261799,0.1508946911701251
VORHER_clean,12.85349,6.70722,12.85349,1.05413,1269.54,1204.35,279.236,264.897,0.6238,0.591768,0.0,1,0.0120181036,0.3561180948,0.34991935855500017
VUHMUI_clean,8.87676,5.75079,8.87676,1.84427,1683.0,912.558,0.0,0.0,0.6152,0.333574,0.0,1,0.0061774699,0.1840432578,0.1820914957166236
VUHNUJ_clean,8.53907,5.66104,8.53907,1.93709,1673.65,863.999,0.0,0.0,0.6264,0.323371,0.0,1,0.0059819429,0.1751565237,0.17522988078474858
VUHPAR_clean,8.76081,5.85765,8.76081,2.08964,1711.86,819.211,0.0,0.0,0.6134,0.293543,0.0,1,0.006065485,0.175203232,0.17759731348637448
VUKSIF_clean,5.75842,4.01754,5.72554,1.25557,1414.52,1126.59,0.0,0.0,0.5766,0.459233,0.0,1,0.0084050654,0.2417263728,0.24626738817100022
VUKYOR_clean,9.86874,5.55667,9.86874,1.6882,1708.97,1012.3,0.0,0.0,0.6318,0.374245,0.0,1,0.0078920908,0.2313954329,0.22870897877937588
VUKYUX_clean,9.90621,6.20444,9.90621,1.16134,1765.64,1520.35,0.0,0.0,0.648,0.557977,0.0,1,0.0110231106,0.3243291084,0.32584463599224966
VUWROW_clean,7.68342,6.19716,7.66529,1.06352,2246.75,2112.57,0.0,0.0,0.6738,0.633558,0.0,1,0.0151409056,0.4379462081,0.44466638306012457
WAGPOM_clean,6.05183,3.6671,5.75896,1.42859,1292.17,904.505,0.0,0.0,0.5478,0.383455,0.0,1,0.0058879165,0.1736136342,0.1747804147237498
WANNEH_clean,4.79977,4.11571,4.78874,1.39327,642.346,461.037,0.0,0.0,0.4326,0.310494,0.0,0,0.0039072732,0.1118799894,0.11460010128762521
WAPTAL_clean,6.59501,4.67756,6.50224,3.15641,1845.41,584.655,0.0,0.0,0.5866,0.185844,0.0,1,0.0033153627,0.0966314377,0.09728700095562483
WARFAY01_clean,7.74959,5.31367,7.74959,1.27773,2063.4,1614.89,0.0,0.0,0.6292,0.492434,0.0,0,0.0154402555,0.44780738,0.44750974628174944
WARFIG_clean,7.74727,5.30798,7.74727,1.27733,2063.24,1615.28,0.0,0.0,0.6278,0.491494,0.0,0,0.0154635095,0.447932994,0.44740780136337444
WEBJUK_clean,18.31229,16.60062,18.31229,0.879226,2151.59,2447.14,0.0,0.0,0.7156,0.813897,0.0,1,0.0181594264,0.5328612577,0.5319256711293747
WIKLOT_clean,7.19858,6.30301,7.18221,1.72847,1512.87,875.263,0.0,0.0,0.6126,0.354417,0.0,1,0.0061225598,0.1787920993,0.17991638586712483
WIKNOU_clean,4.88854,2.95227,4.87249,1.60541,0.0,0.0,285.679,177.948,0.3792,0.236201,0.0,0,0.0013907534,0.0414012993,0.039687709838625185
WILNEL_clean,5.01402,2.72435,4.98959,1.14726,0.0,0.0,748.266,652.218,0.52,0.453252,0.0,0,0.0055675521,0.1680449604,0.16319993304712477
WIRMUH_clean,6.40693,3.94167,6.40005,1.39129,1423.49,1023.14,0.0,0.0,0.589,0.423347,0.0,1,0.0070116806,0.2024362996,0.20422987349149987
WIRNAO_clean,4.60036,4.13679,4.36405,1.42758,1221.11,855.37,0.0,0.0,0.5356,0.375181,0.0,1,0.0051645725,0.1513617005,0.15189320813487506
WIVFIS_clean,9.45936,2.89438,9.45936,1.51852,0.0,0.0,1474.94,971.303,0.6072,0.399864,0.0,1,0.0061999073,0.1874917523,0.18184507785274964
WIWKIX_clean,4.99549,4.15902,4.98439,1.15851,933.473,805.753,15.0963,13.0308,0.5306,0.458002,0.0,0,0.0067082279,0.1998931414,0.19708030162037432
WOYWOY_clean,5.91166,4.30758,5.61164,1.12104,1432.33,1277.68,0.0,0.0,0.5304,0.473134,0.0,1,0.0078544968,0.2287218908,0.23033247317275074
WUDZOM_clean,9.28496,5.45388,9.18547,2.06825,1601.94,774.537,0.0,0.0,0.6036,0.291841,0.0,1,0.0055216482,0.159587335,0.1635155985147501
WUTCET_clean,6.18745,5.18464,6.17096,1.11984,1387.44,1238.96,0.0,0.0,0.5566,0.497034,0.0,0,0.0088749198,0.2553524685,0.25990730018825037
XAKLIH_clean,6.02466,3.88519,6.02146,1.3674,1040.09,760.632,0.0,0.0,0.5138,0.375749,0.0,1,0.0071613523,0.2080308483,0.20844897085850028
XANMUX01_clean,7.00841,6.87174,7.00841,1.1901,1390.91,1168.73,0.0,0.0,0.6142,0.516091,0.0,0,0.0082506026,0.2381561541,0.24024863340925065
XANMUX02_clean,7.02628,6.85841,7.02628,1.18485,1425.51,1203.11,0.0,0.0,0.615,0.519053,0.0,0,0.0081298901,0.2428543607,0.23725825238225032
XANZAQ01_clean,7.80283,7.09635,7.80283,0.978047,1597.51,1633.37,0.0,0.0,0.6454,0.659886,0.0,1,0.0109367554,0.3197316913,0.3216950289644997
XEKJON_clean,6.22254,5.56439,6.21747,1.67319,360.472,215.439,737.24,440.618,0.5436,0.324888,0.0,1,0.0091839297,0.2688842184,0.26959493503349896
XILDUT_clean,5.33112,3.97403,5.33043,1.32579,1407.65,1061.75,0.0,0.0,0.5238,0.395087,0.0,1,0.0065003239,0.1868679478,0.19219822928624983
XINXAV_clean,5.04481,3.01766,5.04481,1.31276,0.0,0.0,1107.07,843.312,0.5386,0.410281,0.0,1,0.0046696244,0.1376401695,0.1366864747963742
XISDOU_clean,6.57708,4.78728,6.57708,1.06399,2038.67,1916.06,0.0,0.0,0.598,0.562035,0.0,1,0.0116840677,0.3435238121,0.3437816346471263
XISDUA_clean,6.54816,4.77769,6.53027,1.05483,2022.76,1917.62,0.0,0.0,0.5918,0.561039,0.0,1,0.0117976075,0.3387120172,0.34629534024599956
XOFGEG_clean,20.28017,4.1755,10.09474,0.997235,1823.44,1828.5,0.0,0.0,0.6744,0.67627,0.0,1,0.0142594691,0.4163822834,0.41309824187762423
XOMCUZ_clean,5.38174,3.9098,5.38174,1.47361,430.645,292.238,0.0,0.0,0.4026,0.273206,0.0,1,0.0019988602,0.056565877,0.0593777255499999
XOPVOO_clean,4.09166,3.62442,4.09166,3.20829,862.369,268.794,0.0,0.0,0.381,0.118755,0.0,0,0.0317514968,0.7437343209,0.7471479534751184
XOSQOL_clean,4.34875,3.15485,4.32599,2.31956,0.0,0.0,384.595,165.805,0.4738,0.204263,0.0,1,0.0028437149,0.0826811728,0.08407917985737505
XUDVAV_clean,5.42467,3.9439,5.412,1.23408,1178.81,955.215,0.0,0.0,0.5312,0.430443,0.0,1,0.0083593481,0.238246781,0.24501160130499997
XUMNAW_clean,8.02798,7.30674,8.02798,0.898114,1523.34,1696.15,0.715304,0.796451,0.6172,0.687218,0.0,1,0.011495617,0.3347504943,0.338436179099376
YARZEZ01_clean,5.61977,4.05885,5.24298,1.02873,1985.67,1930.22,0.0,0.0,0.6746,0.655761,0.0,0,0.0105576981,0.3162283909,0.3093122721525003
YIVTII_clean,5.43529,4.72957,5.43529,1.15103,1756.79,1526.28,0.0,0.0,0.5738,0.498512,0.0,1,0.0118586284,0.3394156705,0.3477467984520009
YIWBIR_clean,4.82964,4.23812,4.82964,1.13369,1456.59,1284.82,0.0,0.0,0.5224,0.460795,0.0,0,0.0080720147,0.2393401125,0.2370755262717492
YOYCEV_clean,5.85347,3.65099,5.85347,0.977585,1221.28,1249.28,38.9821,39.8759,0.5474,0.559951,0.0,1,0.0079964618,0.2397523336,0.23388100312812526
ZOYZUK_clean,5.26542,2.76938,5.24945,1.28262,0.0,0.0,1055.61,823.014,0.56,0.436607,0.0,1,0.0048459624,0.1369499367,0.14243839383700005
ZUQBUK_clean,6.60273,3.87772,6.60273,0.987073,2004.83,2031.09,0.0,0.0,0.58,0.587596,0.0,0,0.0124498319,0.370081228,0.36533349119399927
ZUSNOS_clean,13.06588,6.72307,12.14953,0.80175,2346.37,2926.56,0.0,0.0,0.7098,0.885314,0.0,1,0.0190806889,0.5470433223,0.5527624731370014
ZUTBAR03_clean,5.66424,2.8332,5.66424,2.67969,0.0,0.0,879.148,328.079,0.4898,0.182783,0.0,0,0.0105476778,0.2904393267,0.3072754314481262
ABAYIO_clean,11.39486,4.3226,11.27409,0.949126,1428.73,1505.31,409.494,431.444,0.6636,0.69917,0.0,0,0.0129884255,0.3735451797,0.3747244443127499
ABEXEN_clean,18.8079,13.71867,18.7996,0.674371,1650.25,2447.09,10.9626,16.2561,0.753,1.1166,0.0,0,0.0225818792,0.6587085582,0.6542931551991259
ABEXIQ_clean,4.80529,4.06893,4.80529,1.7876,954.695,534.065,11.1491,6.2369,0.4776,0.267174,0.0,1,0.0039995094,0.1164398571,0.11767912238800009
ACAJOF_clean,6.86398,6.10482,6.86398,1.21871,1121.27,920.046,0.0,0.0,0.513,0.420936,0.0,0,0.0052247525,0.157822393,0.15342583367587462
acs.chemrev.6b00346_cr6b00346_si_001_clean,9.19439,3.959,7.03116,0.906382,2290.66,2527.25,0.0,0.0,0.6912,0.762592,0.0,1,0.0155435321,0.4609979773,0.4595102460461242
acs.inorgchem.5b02108_ic5b02108_si_002_clean,7.194,7.0599,7.194,1.21033,1596.38,1318.96,0.0,0.0,0.591,0.488296,0.0,0,0.0115866912,0.3311171145,0.33544612972349747
acs.inorgchem.5b02973_ic5b02973_si_002_clean,11.38761,10.4443,11.38761,1.02785,1047.76,1019.37,62.4425,60.7507,0.593,0.576933,0.0,0,0.0089504451,0.2630479246,0.2647085066292492
ACUJOZ_manual,11.50806,7.82539,10.51641,0.694288,2343.63,3375.59,0.0,0.0,0.739,1.0644,0.0,1,0.0218818079,0.6359357534,0.6405740192214993
ADASUV_clean,17.16775,6.7332,17.16775,0.625693,2275.03,3636.01,0.0,0.0,0.7672,1.22616,0.0,1,0.0258951454,0.7541237291,0.7575173941818766
ADAXIO_clean,5.72682,5.00855,5.71823,1.28062,1140.41,890.52,0.0,0.0,0.4934,0.385283,0.0,0,0.0062965097,0.1865632512,0.18271252389975007
ADIQEL_clean,4.43355,3.91364,4.43149,1.23763,785.544,634.715,0.0,0.0,0.4682,0.378303,0.0,0,0.006363584,0.1799672388,0.18672050671550008
ADUWON_clean,16.37935,5.99724,16.37935,0.521247,2391.39,4587.82,0.0,0.0,0.7844,1.50485,0.0,1,0.0310822523,0.8937679258,0.9126971960364959
AFITEP_clean,4.64022,4.09997,4.63375,1.06928,1521.04,1422.49,0.0,0.0,0.5262,0.492105,0.0,0,0.0083697677,0.248705345,0.24597841665200013
AFITUF_clean,7.14066,5.08524,7.12439,1.32285,1391.46,1051.86,0.0,0.0,0.5322,0.402312,0.0,1,0.0067507338,0.1968874997,0.19841958526174935
AFIXAO_clean,6.3306,4.52097,6.32879,1.12223,1320.24,1176.44,0.0,0.0,0.5702,0.508096,0.0,0,0.0065756967,0.194121171,0.1954308661423752
AFOTUL_clean,8.80212,6.81408,8.79682,1.05969,1683.28,1588.47,0.0,0.0,0.614,0.579417,0.0,0,0.0114878724,0.3330299932,0.33708050042212534
AFOYOK_clean,7.73482,5.71785,7.72321,0.979448,1633.89,1668.18,0.0,0.0,0.588,0.600338,0.0,0,0.0107750226,0.3205678357,0.3168685777783743
AGESIP_clean,3.70848,3.05212,3.68041,2.26011,0.0,0.0,148.081,65.5195,0.4034,0.178487,0.0,1,0.0021644231,0.0645046375,0.06474502907562484
AGONAM_clean,5.63222,4.90729,5.59904,1.43768,1370.35,953.171,0.0,0.0,0.568,0.395082,0.0,0,0.0067679779,0.1972412817,0.1993941148881244
AGONEQ_clean,6.16099,5.90611,6.12795,1.08253,2263.15,2090.61,0.0,0.0,0.6752,0.623722,0.0,0,0.0127460719,0.3725266505,0.3737814479699996
AJUNOK_clean,4.97833,2.92387,4.97205,1.43764,0.0,0.0,659.441,458.698,0.4446,0.309258,0.0,0,0.0036838831,0.1077739092,0.10888221896775002
ALAHUS_clean,7.1812,5.45466,7.18023,1.36604,1533.73,1122.76,0.0,0.0,0.5724,0.41902,0.0,1,0.0072773652,0.2201547055,0.2162288982518754
ALALUU01_clean,3.42308,2.87759,3.41148,2.03959,0.0,0.0,5.29274,2.595,0.4502,0.22073,0.0,1,0.0013582922,0.0413617689,0.03972365632425023
ALICAA_clean,12.98786,3.46699,12.98786,1.43218,894.164,624.337,203.647,142.194,0.5692,0.397436,0.0,0,0.0058205815,0.1742142913,0.17098017528862505
ALUKAU_clean,4.78682,2.72791,4.78682,1.65289,0.0,0.0,650.746,393.703,0.4976,0.301049,0.0,1,0.0044673796,0.1372279085,0.13131630629987512
ALUKOI_clean,8.54787,6.76817,8.5436,0.579939,2887.58,4979.11,0.0,0.0,0.7926,1.3667,0.0,1,0.0282107584,0.8304151523,0.8199248046939952
ALULAV_clean,8.53005,6.74275,8.5229,0.590909,2900.24,4908.1,0.0,0.0,0.7924,1.34099,0.0,1,0.0278943382,0.8100024371,0.8150408017653707
AMAFOK_clean,6.60314,5.66314,6.60314,1.49249,870.16,583.026,0.0,0.0,0.4392,0.294274,0.0,1,0.0048624306,0.1449132873,0.14100147933974952
AMILOY_clean,11.03089,9.17864,11.01877,1.00746,1259.05,1249.73,0.0,0.0,0.6048,0.60032,0.0,1,0.0105573906,0.3087128165,0.30950442058150046
AMIXEA_clean,4.88241,3.37465,4.70735,2.31747,652.197,281.426,0.0,0.0,0.4168,0.179851,0.0,1,0.0030553896,0.0928072115,0.09160013959712515
AMOFAK_clean,8.38842,6.72694,8.33928,0.577283,2917.64,5054.09,0.0,0.0,0.7804,1.35185,0.0,1,0.0280766075,0.8209807491,0.8195932656012438
AMUFEV_clean,3.97307,3.18062,3.97307,1.5412,0.0,0.0,402.245,260.994,0.4268,0.276926,0.0,1,0.0027709018,0.0836211983,0.08080534083275007
AMUPOP_clean,4.74814,3.78436,4.74702,1.30283,544.632,418.038,0.0,0.0,0.4486,0.344328,0.0,1,0.0032400739,0.0958890093,0.09624146983137533
AMUXAI_clean,8.64297,7.79614,8.57936,1.02442,1402.26,1368.83,0.421846,0.411789,0.5964,0.582182,0.0,1,0.0085670458,0.257613173,0.25313351840549947
ANENEN_clean,6.01479,4.21811,6.00446,1.32355,832.511,628.996,0.0,0.0,0.48,0.36266,0.0,1,0.0048329818,0.1369803846,0.1416452738581254
ANUGOG_clean,11.39005,7.08849,11.39005,0.58467,2472.03,4228.07,0.0,0.0,0.7898,1.35085,0.0,1,0.0280811756,0.8318757965,0.8215419731522473
APAZAU_clean,6.57194,4.51844,6.57194,0.970314,2263.88,2333.14,0.0,0.0,0.6264,0.645564,0.0,1,0.0133859467,0.394271815,0.39321476662462324
APEBED_clean,4.58202,3.62787,4.5574,1.65192,481.079,291.224,0.0,0.0,0.4828,0.292266,0.0,1,0.0037736513,0.1080340354,0.1116084418717503
APEBUU_clean,4.93858,3.80274,4.91529,1.49581,927.0,619.731,0.0,0.0,0.4876,0.325977,0.0,1,0.0038831177,0.1152067172,0.11537450515912522
AQALIO_clean,3.6362,2.83608,3.61709,2.20004,0.0,0.0,130.15,59.1582,0.4758,0.216269,0.0,1,0.0022721528,0.0679804055,0.06574378607537516
AQEQES_clean,5.6853,5.37606,5.64875,1.07587,1742.46,1619.58,0.0,0.0,0.6052,0.56252,0.0,0,0.0109182583,0.3206696271,0.3231516416895003
AQOLEZ_clean,15.56875,9.80847,15.56875,0.777237,1278.3,1644.67,443.796,570.991,0.7198,0.926101,0.0,1,0.0198071122,0.5868099259,0.5782841162783778
AQOLUP_clean,15.5822,9.65924,15.5822,0.788284,1287.18,1632.89,417.804,530.017,0.712,0.903228,0.0,1,0.0196030143,0.5839560803,0.5705096530176256
AQOMAW_clean,15.65949,6.23259,15.65949,1.14479,1297.32,1133.23,389.885,340.573,0.648,0.566042,0.0,1,0.0133422811,0.3865312972,0.38421297235099966
AQUCUM_clean,11.51533,10.7235,11.51515,1.1988,1578.94,1317.1,0.0,0.0,0.662,0.55222,0.0,1,0.0120881562,0.3533594136,0.3510832792857484
ARAFIJ_clean,7.45121,6.98768,7.45121,0.945343,1746.6,1847.59,0.0,0.0,0.6538,0.691601,0.0,1,0.0128925342,0.3804430834,0.38102556309662283
ASALOV_clean,4.69505,2.82604,4.69505,1.38922,0.0,0.0,474.971,341.899,0.467,0.336161,0.0,0,0.0032065106,0.0954159913,0.09425194834474979
ASINAT_clean,9.7655,7.73483,9.74652,0.727417,1863.77,2562.17,0.0,0.0,0.6748,0.927666,0.0,1,0.0181988392,0.5337277955,0.5321435913699991
ASIQIE_clean,9.00205,6.2555,8.99942,0.893575,1516.45,1697.06,0.0,0.0,0.6152,0.688471,0.0,1,0.0116224131,0.3383529329,0.33931059622087645
ASUKEE01_clean,4.79531,3.45398,4.78239,1.18884,601.717,506.139,0.156486,0.131629,0.504,0.423944,0.0,1,0.0043571469,0.1226991986,0.12685329570450019
ATICAH_clean,5.2478,3.97372,5.19698,1.59515,971.718,609.171,0.0,0.0,0.4788,0.30016,0.0,0,0.0037379247,0.1072932888,0.11001949271274893
ATICEL_clean,4.9438,3.91943,4.9438,1.60993,940.703,584.311,0.0,0.0,0.4708,0.292434,0.0,0,0.0035000132,0.1022476493,0.10339297651487522
ATIXAE_clean,6.03489,5.11879,6.02804,1.08037,1988.86,1840.92,0.0,0.0,0.5946,0.550369,0.0,1,0.009767999,0.2838684107,0.28641053565624897
ATIXUX_clean,4.75983,4.08689,4.75983,1.55048,933.775,602.248,10.5817,6.82478,0.5034,0.324673,0.0,0,0.0054001727,0.1585310788,0.1564604834154999
AVAGOV_clean,4.8139,4.57423,4.8139,1.40471,790.723,562.91,0.0,0.0,0.4598,0.327328,0.0,1,0.0036020636,0.1043737157,0.10593171544812457
AVEMAQ_clean,7.89565,4.97897,7.87662,0.907269,1685.58,1857.86,0.0,0.0,0.6116,0.674111,0.0,1,0.0101099057,0.2986317928,0.29823372237437523
AVEQID_clean,7.54994,6.22752,7.22874,0.801255,2259.4,2819.83,0.0,0.0,0.702,0.876126,0.0,1,0.0188729338,0.5539385981,0.5495922579841259
AVESUR_clean,6.33732,4.06042,6.33561,1.18458,2288.74,1932.12,0.0,0.0,0.6222,0.525251,0.0,1,0.0109586048,0.3298617766,0.32046184110799986
AVEVEE_clean,4.17515,3.43562,4.17515,1.60472,795.582,495.775,0.0,0.0,0.4962,0.309212,0.0,0,0.0044707249,0.1342936339,0.13129335675537476
AVIHIY_clean,6.88379,6.45442,6.88379,1.62124,1571.08,969.06,0.0,0.0,0.5722,0.35294,0.0,0,0.007598723,0.2159056454,0.22312200962074946
AVIHOE_clean,6.82367,6.45553,6.82367,1.66276,1569.85,944.123,0.0,0.0,0.5622,0.338112,0.0,0,0.0071263225,0.2138062956,0.21064469630700092
AVITUU_clean,11.69294,6.93274,11.69294,0.710904,1782.6,2507.52,25.4741,35.8333,0.6994,0.983817,0.0,0,0.0180483893,0.52996307,0.5269736124360014
AVIVAC_clean,11.84006,7.39815,11.84006,0.73653,1721.91,2337.87,62.4247,84.7552,0.713,0.968053,0.0,1,0.0181000308,0.5198496855,0.5256211511621275
AWAGOV_clean,8.03493,4.40002,8.02722,1.14872,740.321,644.475,67.7082,58.9423,0.4848,0.422035,0.0,1,0.0048477019,0.1444763139,0.14126202976612534
AWAHEM_clean,7.6574,4.85724,7.65488,2.1582,1774.85,822.374,0.0,0.0,0.6144,0.284682,0.0,1,0.0048331362,0.1458698034,0.14105926952512535
AWASAU_clean,4.69319,4.39635,4.67513,2.36864,953.131,402.396,0.0,0.0,0.479,0.202226,0.0,1,0.0025438042,0.0746285166,0.07487587925662503
AWIBAK_clean,5.84822,3.40416,5.84822,1.53516,287.757,187.444,30.381,19.7901,0.4208,0.274108,0.0,1,0.0012990316,0.0381645994,0.03969044283212523
AWOFOI_clean,5.44554,4.19244,5.4181,1.31908,2093.99,1587.46,0.0,0.0,0.5974,0.452892,0.0,1,0.0094797175,0.2773917339,0.2792038587626249
AXAQAT_clean,3.7148,2.67421,3.70703,2.23963,0.0,0.0,62.5697,27.9375,0.4054,0.181012,0.0,1,0.0014244254,0.0430015568,0.04213469148849998
AXINEA_clean,5.37744,3.53202,5.37744,1.38918,653.213,470.214,0.0,0.0,0.4478,0.322348,0.0,0,0.0037667662,0.1094168874,0.10930237584512527
AXOHIE_clean,5.69113,3.08506,5.69113,1.29178,0.0,0.0,572.793,443.412,0.4778,0.369876,0.0,0,0.00329681,0.0982298523,0.09783904270862463
AXUBAW_manual,14.24572,5.52422,14.23389,0.741721,1799.0,2425.44,0.0,0.0,0.7126,0.960739,0.0,0,0.0172419637,0.5146711189,0.49964440090075124
AXUDII04_clean,4.552,2.63506,4.552,1.11981,0.0,0.0,568.855,507.993,0.4774,0.426322,0.0,0,0.0047747084,0.1457297122,0.14018836587299954
AXUHAD_clean,9.91084,4.94321,9.90364,0.792408,1603.43,2023.49,0.0,0.0,0.6302,0.795297,0.0,1,0.0136097084,0.391794225,0.4014069761809999
AYOXUJ_clean,6.31092,5.4451,6.31092,1.11362,828.348,743.833,0.0,0.0,0.4926,0.442341,0.0,1,0.0047984161,0.1420051234,0.14095536790887572
AZAFIS_clean,4.56554,4.01347,4.56554,1.5219,1198.03,787.192,0.0,0.0,0.5324,0.349826,0.0,1,0.0061198152,0.1839954097,0.17991414676687495
AZEBUE_clean,5.44142,4.51467,5.32983,1.81828,1092.81,601.015,0.0,0.0,0.5076,0.279165,0.0,1,0.0049623322,0.1438444126,0.1432695304275007
AZILEC_clean,6.00977,3.33344,6.00977,1.22585,848.922,692.515,0.0,0.0,0.4804,0.39189,0.0,0,0.0049062822,0.1417303965,0.14376389956437582
BADHIA_clean,4.01973,3.00401,3.79822,1.23442,0.0,0.0,175.187,141.918,0.5186,0.420115,0.0,0,0.0042869237,0.1277677688,0.1269994293114992
BAKJEE_clean,6.44764,5.41267,6.44764,0.918977,2207.44,2402.06,0.0,0.0,0.6406,0.69708,0.0,1,0.0138246166,0.4116383068,0.4072172561986246
BAKJII_clean,6.19215,5.21845,6.19129,0.959339,2059.17,2146.44,0.0,0.0,0.6236,0.650031,0.0,0,0.0129017029,0.3816707506,0.37773898633562397
BAKYOE_clean,7.11646,6.19226,7.11412,1.03097,1502.21,1457.08,0.0,0.0,0.5848,0.56723,0.0,0,0.0110680117,0.3230686022,0.32523337311625
BALPAH_clean,5.85023,3.45925,5.40262,1.81974,608.898,334.607,332.251,182.582,0.504,0.276963,0.0,1,0.0032218323,0.0944396911,0.0959138224885002
BAMKIM_clean,6.79615,5.75134,6.79615,1.10764,1482.92,1338.8,0.0,0.0,0.5666,0.511536,0.0,1,0.0074421252,0.2214389073,0.220097923068125
BANMAG_clean,8.68497,7.44113,8.68497,1.37401,1122.97,817.297,0.0,0.0,0.5786,0.421103,0.0,1,0.0054878524,0.1608008671,0.16110790268974984
BAPDAA_clean,12.36039,11.54677,12.35976,1.38142,1564.69,1132.67,0.0,0.0,0.6892,0.498906,0.0,1,0.0107675695,0.3135268235,0.31561696480412527
BARZUR_clean,5.4946,5.30289,5.4946,0.925783,1729.65,1868.31,0.0,0.0,0.6062,0.654797,0.0,1,0.0115735424,0.3414560619,0.34198688683212675
BASJUB_clean,5.47244,4.59142,5.38091,1.03022,1558.36,1512.66,0.0,0.0,0.5602,0.54377,0.0,0,0.0089845622,0.2643758022,0.26407964994087374
BAXGAK_clean,4.01414,3.50024,4.01414,1.30644,545.181,417.302,0.0,0.0,0.4712,0.360674,0.0,0,0.0045957548,0.1355070763,0.13553758809499983
BEFLIJ_clean,4.69454,3.18706,4.69454,1.535,0.0,0.0,1080.92,704.182,0.5108,0.332768,0.0,0,0.0066453251,0.1955907959,0.19498437447375125
BEFLUV_clean,5.75316,3.83896,5.75316,1.56773,551.699,351.91,132.515,84.5269,0.4868,0.310514,0.0,1,0.0051526895,0.1538247566,0.15163032094862522
BEFNEH_clean,4.75378,3.33502,4.27579,2.16567,329.084,151.955,369.487,170.611,0.4974,0.229675,0.0,1,0.0044128055,0.1311844598,0.12860461989012428
BELTUJ_clean,5.64744,4.1969,5.5822,1.08566,1393.43,1283.49,0.0,0.0,0.5582,0.51416,0.0,1,0.0087851011,0.2551004846,0.25711563034337553
BENXUP_clean,4.10218,3.42336,4.09595,1.4733,653.043,443.252,0.0,0.0,0.4814,0.32675,0.0,1,0.0044302236,0.1294519177,0.13077201292087504
BENZUR_clean,5.75474,3.70828,5.75474,1.24694,1151.54,923.496,0.0,0.0,0.5016,0.402265,0.0,1,0.0062240106,0.1859621225,0.18111517718337528
BEPLUF_clean,10.54661,10.45745,10.54661,0.882268,1351.9,1532.3,0.0,0.0,0.655,0.742405,0.0,1,0.011160288,0.3362764275,0.3284590252060005
BEPMAM_clean,10.35764,10.23297,10.35764,0.893987,1370.16,1532.64,0.0,0.0,0.63,0.704708,0.0,1,0.011097829,0.3308112648,0.3288747926018752
BEPNER_clean,3.72227,2.61847,3.71687,1.16642,0.0,0.0,113.545,97.3442,0.4598,0.394197,0.0,1,0.0019686738,0.0641971822,0.06018523817487491
BEPNUH_clean,10.32563,10.2098,10.32563,1.16569,1103.61,946.742,0.0,0.0,0.6056,0.519521,0.0,0,0.0079051192,0.2344101095,0.2311434409927497
BEPRIZ_clean,10.21454,6.03558,10.21454,0.764371,2087.31,2730.76,0.0,0.0,0.673,0.880463,0.0,0,0.0183483746,0.5421492885,0.5388320453863753
BEPROF_clean,8.00306,5.96794,8.00133,0.730038,2383.55,3264.96,0.0,0.0,0.687,0.941046,0.0,0,0.0198263885,0.5795577182,0.5798043838403758
BETHIT_clean,16.17666,10.50859,16.17666,0.819587,1287.14,1570.48,480.797,586.633,0.7656,0.934129,0.0,1,0.0188169269,0.5532588214,0.5416158175531212
BEVWAB_clean,10.82145,10.4749,10.82145,1.13595,1606.82,1414.52,0.0,0.0,0.6172,0.543335,0.0,1,0.0108689167,0.31958331,0.31943623704312435
BEXSEE_clean,6.49176,4.26641,6.49176,1.04973,1376.89,1311.66,0.0,0.0,0.5628,0.536136,0.0,1,0.0097622787,0.278819993,0.2857661535676256
BEXSII_clean,6.27069,4.79422,6.26455,0.943025,2150.91,2280.86,0.0,0.0,0.668,0.708359,0.0,1,0.0143731268,0.4145341013,0.42026361417412594
BIFGOO_clean,10.87246,9.01928,10.87246,1.75205,1220.8,696.781,0.0,0.0,0.5534,0.315858,0.0,1,0.0046623478,0.1407495915,0.1374384324499992
BIPLIX_clean,7.36646,5.75458,7.16866,1.07595,1632.15,1516.94,0.0,0.0,0.6014,0.558949,0.0,1,0.0092434129,0.27102605,0.2704741675906243
BIYTOU_clean,7.95789,5.70379,7.949,1.02105,1875.01,1836.36,0.0,0.0,0.6212,0.608393,0.0,1,0.0122893585,0.3707973616,0.35607758652287563
BIYVIQ_clean,8.9412,8.20862,8.9412,1.41865,1440.37,1015.31,0.0,0.0,0.5976,0.421246,0.0,1,0.0073968714,0.2150203928,0.21545043475937584
BIZMAA_clean,8.82584,6.80117,8.82584,0.838203,2031.61,2423.76,0.0,0.0,0.6668,0.795512,0.0,0,0.0151680608,0.4298706042,0.4439154314913758
BOCTOE02_clean,4.2866,2.77373,3.94569,1.23767,0.0,0.0,699.782,565.401,0.5698,0.46038,0.0,0,0.0043465515,0.1263233609,0.12904444731287443
BOCTOE_clean,4.22766,2.72627,4.22766,1.25493,0.0,0.0,651.33,519.018,0.5614,0.447357,0.0,0,0.0040069996,0.1194834053,0.12074792025112446
BOMCOX_clean,5.96735,4.28567,5.96735,1.1236,1334.13,1187.38,0.0,0.0,0.5368,0.477752,0.0,1,0.0074230915,0.2215527963,0.21862651670362457
BONNIC_clean,4.09843,3.03382,4.09843,1.41859,0.0,0.0,241.04,169.916,0.4484,0.316089,0.0,1,0.0024170888,0.0731140173,0.07190467704112471
BOPHIZ_clean,6.90751,5.24121,6.77761,1.23618,1521.62,1230.9,0.0,0.0,0.572,0.462715,0.0,1,0.0085259566,0.2513670206,0.2509664101963749
BOWRAH_clean,4.51959,4.0875,4.51959,2.30989,576.12,249.414,0.0,0.0,0.3594,0.155592,0.0,1,0.0030061018,0.0889444779,0.08803490866200009
BOWZUK_clean,8.36121,7.81351,8.30025,0.894084,1398.32,1563.97,0.0,0.0,0.6136,0.686289,0.0,1,0.0107909891,0.3113462363,0.31951221680612363
BOYTEQ_clean,4.92609,4.59373,4.92609,1.2701,571.535,449.993,0.0,0.0,0.42,0.330683,0.0,0,0.0032577056,0.0961923265,0.09592415823362527
BOZFIH_clean,5.87158,4.75385,5.8575,1.05542,1850.88,1753.69,0.0,0.0,0.6,0.568494,0.0,1,0.0106080551,0.3091508464,0.31173926338137514
BUCVAY_clean,5.36914,3.4206,5.36914,1.22099,548.684,449.375,0.0,0.0,0.4634,0.379527,0.0,1,0.0039482573,0.1138622579,0.1163955652281252
BUGSEC_clean,4.72085,4.19082,4.71595,1.60879,1101.18,684.479,0.0,0.0,0.538,0.334413,0.0,1,0.0038967566,0.1155720539,0.11561822879712541
BUKYAJ_clean,5.10209,3.53964,5.09477,0.92244,1064.13,1153.61,0.0,0.0,0.5144,0.557651,0.0,0,0.0080389136,0.2305581478,0.23583072210987413
BUPFEY_clean,9.7736,3.34249,9.76424,1.41669,1646.6,1162.29,6.40448,4.52075,0.6362,0.449076,0.0,1,0.0074201026,0.2179163195,0.21979217286437477
BUSNAF_clean,7.07895,5.43293,7.07895,1.23597,749.429,606.348,0.0,0.0,0.4656,0.376708,0.0,0,0.0037511768,0.1073031714,0.11190968846662512
BUSQIQ_clean,4.44057,3.72721,4.4272,1.56982,999.031,636.398,0.0,0.0,0.4302,0.274044,0.0,0,0.0047662097,0.138766525,0.1407598588374993
BUVYIB_clean,10.88811,8.55613,10.38381,0.702067,2220.12,3162.26,0.0,0.0,0.6958,0.991073,0.0,0,0.0189498595,0.563904066,0.5504530501595017
BUWLUC_clean,5.18793,3.64341,5.18793,1.32106,1477.38,1118.33,1.23611,0.935694,0.6038,0.457058,0.0,1,0.0067001441,0.1990027415,0.19586513325962515
BUXTOF_clean,5.10112,3.76343,4.43149,1.37664,488.999,355.212,519.913,377.668,0.5386,0.391242,0.0,1,0.0057987099,0.1721396703,0.17172378755487488
c5cc09432a_c5cc09432a2_clean,7.04652,4.99124,7.03394,1.10591,1252.19,1132.28,0.0,0.0,0.53,0.479244,0.0,1,0.0078790003,0.2323942423,0.23046428154225077
c5ce00677e_c5ce00677e2_clean,4.08563,3.15599,4.07122,1.45756,0.0,0.0,343.608,235.742,0.47,0.322458,0.0,1,0.0031211729,0.0896755906,0.0919586382715
c5ce00862j_c5ce00862j2_clean,7.29772,5.9904,7.16104,1.02623,1329.56,1295.58,0.0,0.0,0.5566,0.542374,0.0,0,0.0086554912,0.2511080942,0.2544852259148749
c5dt00281h_c5dt00281h2_clean,3.74835,3.25092,3.50102,1.96839,0.0,0.0,109.562,55.6605,0.3844,0.195286,0.0,0,0.0021234065,0.060969189,0.06229036452912496
c5dt02374b_c5dt02374b2_clean,5.11675,3.17335,5.09396,1.95395,0.0,0.0,690.372,353.321,0.4822,0.246782,0.0,1,0.0035248767,0.1048950487,0.10451900511862462
c5nj01930c_c5nj01930c2_clean,5.64911,4.27538,5.64911,1.35969,1108.37,815.17,0.0,0.0,0.4986,0.366702,0.0,1,0.0054246044,0.1584516606,0.15743417176387509
c5sc03494a_c5sc03494a2_clean,6.21978,5.55178,6.21978,0.911359,2530.42,2776.54,0.0,0.0,0.701,0.769181,0.0,0,0.0179319845,0.5270945726,0.5246588075893767
c6cp03028a_c6cp03028a3_clean,4.4022,2.99782,4.40188,1.45754,0.0,0.0,725.781,497.949,0.498,0.341672,0.0,0,0.0040779698,0.1235254367,0.12017933151275045
c6dt03852b_c6dt03852b2_clean,13.14811,11.57992,13.14609,0.737977,1944.6,2635.04,0.0,0.0,0.7482,1.01385,0.000271011,1,0.0217098118,0.6240236091,0.6307345244185018
CADZIT_clean,4.17501,3.53659,4.16494,1.26214,543.593,430.693,0.0,0.0,0.4638,0.367472,0.0,0,0.0034950708,0.102051065,0.10360208344424972
CAGXIU_clean,5.87273,4.76439,5.85793,1.68022,875.321,520.957,0.0,0.0,0.4288,0.255205,0.0,0,0.0042388291,0.1265577091,0.12336471047899994
CAJBUN_clean,4.98227,2.94215,4.98227,1.57401,0.0,0.0,346.026,219.838,0.4058,0.257813,0.0,1,0.0042337521,0.1272058443,0.1229888763861247
CAKYAQ_clean,4.08997,2.78322,4.0162,2.04806,0.0,0.0,223.636,109.194,0.4694,0.229193,0.0,1,0.0027509371,0.0820822041,0.08176274184275006
CANYIB_clean,8.93125,8.46949,8.93125,1.07172,1754.82,1637.38,0.0,0.0,0.614,0.572909,0.0,1,0.0113871387,0.3332059111,0.33192063789337645
CAVNOE_clean,5.24143,4.75286,5.24143,1.73091,867.69,501.29,0.0,0.0,0.4214,0.243455,0.0,0,0.0045865027,0.1363812709,0.1331264718628749
CAVREY_clean,7.18071,5.30054,7.16429,1.02665,1966.55,1915.49,0.0,0.0,0.6398,0.62319,0.0,1,0.0119806229,0.3520613701,0.3488240932633746
CAVSUP_clean,6.03054,5.46806,6.0217,1.37834,1107.72,803.663,0.0,0.0,0.5324,0.386261,0.0,0,0.0055287039,0.1578085608,0.16492671624312508
CAVTAW_clean,4.19891,3.25121,4.19891,1.54626,0.0,0.0,362.73,234.586,0.4694,0.303572,0.0,1,0.0028403716,0.0841662244,0.08448273339675
CAWVIH_SL,6.49654,4.73872,6.48371,1.24069,901.093,726.283,0.0,0.0,0.4956,0.399454,0.0,0,0.0053343907,0.1536062994,0.15601640464612468
CAXZOS_clean,9.21896,5.54947,8.26542,0.933786,1488.97,1594.55,0.0,0.0,0.591,0.632907,0.0,0,0.0120860437,0.3422929192,0.35368218547874947
CAYCAI_clean,6.80768,3.74439,6.80768,1.98488,984.427,495.962,6.49147,3.27046,0.4704,0.236991,0.0,1,0.0033016068,0.0944036773,0.09823717900837531
CDLGLU11_clean,3.39379,2.72562,3.37746,1.87407,0.0,0.0,9.5878,5.11603,0.433,0.231048,0.0,1,0.0012377434,0.0365848891,0.035882618040749915
CECVAI_clean,8.49795,6.03194,7.93874,0.769652,2649.07,3441.9,0.0,0.0,0.7384,0.959394,0.0,1,0.0183044428,0.5286065895,0.5414449979768774
CEFLEF_clean,7.24143,3.11475,7.24031,1.54193,0.0,0.0,662.829,429.869,0.5026,0.325954,0.0,1,0.0039937648,0.1199818123,0.11752591956374996
CEHTEP_clean,5.13273,3.12604,5.12998,1.98211,0.0,0.0,1064.68,537.145,0.5982,0.301799,0.0,1,0.0032856981,0.0977549985,0.09815411108599992
CEJZAU_clean,7.19009,4.36372,6.93205,1.03983,1483.83,1427.0,0.0,0.0,0.5552,0.533934,0.0,0,0.0093778041,0.2715406438,0.2736765139457515
CEKHIL_clean,8.90548,6.79186,8.80947,0.613586,2659.69,4334.67,0.0,0.0,0.7608,1.23992,0.0,1,0.0265096082,0.7835249095,0.7750337929844987
CEKRUH_clean,5.36221,3.36123,5.36221,1.38131,729.546,528.155,0.0,0.0,0.4924,0.356473,0.0,0,0.0040631504,0.1209133302,0.12024450770737509
CENJIQ_clean,8.5056,4.03981,8.49212,1.2776,1268.59,992.946,62.8816,49.2184,0.584,0.457106,0.0,1,0.0062727088,0.185363406,0.1852545392558755
CENKAJ_clean,8.21931,4.12189,8.21931,1.27633,1215.32,952.199,71.8847,56.3212,0.5908,0.462888,0.0,1,0.0063104125,0.1891139342,0.18635000078150044
CETFOX_clean,5.89862,5.05783,5.89274,1.36113,1575.61,1157.57,0.0,0.0,0.5628,0.413479,0.0,1,0.0061516015,0.1827814653,0.1819765269058742
CETNUL_clean,4.58077,3.60286,4.56313,1.13657,1013.54,891.755,16.0108,14.0869,0.5734,0.504499,0.0,0,0.006988139,0.2055520734,0.2029356101493759
CEXHOD_clean,6.20263,3.99405,6.1987,0.988457,1905.85,1928.11,0.0,0.0,0.5896,0.596485,0.0,1,0.0092290409,0.2786624055,0.2737042849258737
CEZFIY_clean,5.34194,3.72114,5.30915,1.18992,1017.05,854.72,0.0,0.0,0.4786,0.40221,0.0,0,0.005435698,0.154867265,0.15787107993137506
cg034025wsi20030214_115651_clean,4.98405,3.48688,4.91647,1.80625,1199.75,664.222,0.0,0.0,0.5452,0.30184,0.0,1,0.0044608177,0.1324559451,0.12972484424624983
cg0702636-file002_clean,4.27325,2.94575,4.26862,1.71371,0.0,0.0,573.164,334.457,0.4894,0.285579,0.0,0,0.0047644465,0.1378482841,0.14147223531937467
cg301725z_si_003_clean,4.61209,3.22613,4.60561,1.078,0.0,0.0,1404.62,1302.99,0.5694,0.528201,0.0,0,0.0092895615,0.2696914331,0.2712792505482496
cg5012617_si_002_clean,6.32079,5.69332,6.32079,1.49326,566.795,379.568,60.4946,40.5117,0.4478,0.29988,0.0,1,0.0032404352,0.0939151825,0.09517648879512494
cg501560z_si_002_clean,9.02632,7.52711,9.02632,0.738263,2435.69,3299.23,0.0,0.0,0.7636,1.03432,0.0,0,0.0205351378,0.5857584082,0.6044533597970028
cg801164f_si_001_clean,5.00808,3.18752,4.35611,1.43341,0.0,0.0,692.391,483.038,0.4768,0.332634,0.0,1,0.0043076844,0.1275287133,0.12674050076750018
CICSOW01_clean,5.13947,2.94666,5.13947,1.29178,0.0,0.0,545.966,422.648,0.4904,0.379632,0.0,0,0.0047873126,0.140338074,0.13942135053474963
CICYIX_clean,3.23853,2.71886,3.23794,2.0565,0.0,0.0,0.0,0.0,0.409,0.198882,0.0,1,0.0014346399,0.0424449682,0.04391023651012522
CIFJAE_clean,5.80851,5.16856,5.80851,1.17303,1403.54,1196.51,0.0,0.0,0.544,0.463755,0.0,1,0.0095380984,0.2732888157,0.27696678469800107
CIGFAB_clean,5.06435,3.71465,5.06435,1.72692,240.436,139.228,509.807,295.211,0.5158,0.298682,0.0,1,0.0042897213,0.1307582456,0.12623091538724987
CIGYAU_clean,3.87967,2.66619,3.85574,1.59429,0.0,0.0,30.6322,19.2137,0.4078,0.255788,0.0,0,0.0012610941,0.0392082896,0.037455158919874915
CIXBUH_clean,8.16009,7.52386,8.14429,1.22695,2058.62,1677.84,0.0,0.0,0.6684,0.544765,0.0,0,0.0097523526,0.2808505061,0.2837592284163765
CIXCAO_clean,8.41278,7.79803,8.41278,1.20596,2061.81,1709.68,0.0,0.0,0.6754,0.560051,0.0,0,0.0103125829,0.2889116345,0.30255710652937823
cm202876r_si_002_clean,4.47913,3.53194,4.47073,1.51151,750.121,496.273,0.0,0.0,0.4498,0.297584,0.0,1,0.0049800072,0.1444534141,0.14466273501000035
cm301726k_si_004_clean,7.25727,6.70407,7.25727,1.2275,1056.33,860.551,0.0,0.0,0.4792,0.390387,0.0,1,0.0070690043,0.2066171165,0.20524959656187527
cm303749m_si_001_clean,11.62501,8.78986,11.62501,0.556141,2268.15,4078.37,0.0,0.0,0.7584,1.36368,0.0,1,0.0271702391,0.7975691498,0.7987601011100017
cm501138g_si_005_clean,13.193,6.5701,13.193,0.888496,2142.98,2411.92,0.0,0.0,0.7196,0.809908,0.0,1,0.0171833931,0.5126783639,0.5069168365709992
cm501138g_si_012_clean,13.22876,6.69209,13.22876,0.883303,2102.85,2380.67,0.0,0.0,0.72,0.815122,0.0,1,0.0173745493,0.5119085726,0.5085236918899976
cm503311x_alf250K_clean,7.38381,7.16186,7.38381,0.96386,1556.21,1614.56,0.0,0.0,0.6126,0.635569,0.0,0,0.0118875209,0.3455469199,0.3495963945617512
cm503311x_alf300K_clean,7.31824,7.09159,7.31824,0.964626,1573.17,1630.86,0.0,0.0,0.6112,0.633614,0.0,0,0.0118632566,0.3460665819,0.3469387986188782
cm503311x_alf350K_clean,7.39937,7.12527,7.39534,0.965163,1550.6,1606.57,0.0,0.0,0.6104,0.632432,0.0,0,0.0114325639,0.339052156,0.33591254573737594
cm503311x_alf425K_clean,7.36621,7.1125,7.36621,0.965299,1563.1,1619.29,0.0,0.0,0.6096,0.631514,0.0,0,0.0114487402,0.3397942414,0.3359820977593757
cm503311x_alf500K_clean,7.43156,7.13669,7.43156,0.965551,1537.41,1592.26,0.0,0.0,0.6112,0.633006,0.0,0,0.0116347671,0.3409811736,0.34067651675712574
cm503311x_alf70K_clean,7.062,6.64337,7.062,0.967007,1580.84,1634.77,0.0,0.0,0.6034,0.623987,0.0,0,0.0115963485,0.3451364476,0.3419203521654999
cm503311x_aloh300K_clean,7.16075,6.82592,7.16075,0.948967,1591.48,1677.07,0.0,0.0,0.6092,0.641961,0.0,0,0.0121574716,0.3559256276,0.3538285833399976
cm503311x_aloh325K_clean,7.17072,6.86808,7.17072,0.948742,1590.12,1676.03,0.0,0.0,0.6094,0.642324,0.0,0,0.0119789569,0.3549386666,0.3542776846569982
cm503311x_aloh350K_clean,7.17066,6.85243,7.17066,0.948507,1596.68,1683.36,0.0,0.0,0.6094,0.642483,0.0,0,0.0120774478,0.355628103,0.35451235463987346
cm503311x_aloh500K_clean,7.13372,6.81979,7.13372,0.947313,1605.9,1695.22,0.0,0.0,0.6114,0.645405,0.0,0,0.0120076834,0.3576266477,0.3545944854791249
cm503311x_F-mil-53-Al-lp-ortho_clean,7.02034,6.52714,7.01966,0.96948,1649.91,1701.85,0.0,0.0,0.609,0.628172,0.0,0,0.0119902661,0.3514197419,0.3505392530267511
cm901983a_si_001_clean,27.79726,11.16103,27.79599,0.630774,1349.52,2139.47,28.0221,44.4249,0.749,1.18743,0.0,1,0.024776126,0.7087692766,0.726971000158876
CODFUX_clean,4.76662,3.36159,4.76662,1.50711,1268.41,841.619,0.0,0.0,0.5474,0.363213,0.0,0,0.0081983101,0.2378252244,0.23912363306012555
CODGAE_clean,6.89729,3.09833,6.89729,1.45089,0.0,0.0,1358.22,936.134,0.558,0.384592,0.0,0,0.0074165954,0.2207768978,0.21623995752875022
COGKEP_clean,6.6623,2.85406,6.6623,2.12981,0.0,0.0,1246.71,585.361,0.5492,0.257864,0.0,0,0.0054700705,0.1601951822,0.15896654925500048
COKMIA_clean,11.457,10.75448,11.457,1.17248,1560.69,1331.1,0.0,0.0,0.6422,0.547727,0.0,1,0.0123197756,0.3526237471,0.3607627896798752
COKMUM_clean,11.78987,10.95857,11.78969,1.07449,1572.51,1463.5,0.0,0.0,0.6544,0.609034,0.0,1,0.0133212121,0.3913034662,0.3888133283113758
COKRUR_clean,8.84098,5.5446,8.84098,0.885689,1897.06,2141.9,0.0,0.0,0.6258,0.706568,0.0,1,0.0144561746,0.4134565471,0.4238181486813754
COQGAS_clean,7.55288,6.66056,7.53462,1.14065,1084.94,951.161,0.0,0.0,0.5048,0.442555,0.0,0,0.007152162,0.2072513325,0.21064721433400047
COSMII_clean,8.75515,7.45633,8.75515,0.883978,2550.25,2884.97,0.0,0.0,0.6928,0.78373,0.0,1,0.0173287449,0.4966075745,0.5069652382838761
COTXOA_clean,5.06649,4.15335,5.05658,1.08454,1114.76,1027.86,0.0,0.0,0.52,0.479465,0.0,0,0.0069983325,0.2068872203,0.20422470893762612
COTYIV_clean,9.63817,7.84231,9.63817,0.968257,1898.84,1961.09,0.0,0.0,0.697,0.71985,0.0,1,0.0135675187,0.3997048903,0.3966786654182509
COWMIL_clean,6.74228,5.52931,6.73491,1.23822,2114.95,1708.06,0.0,0.0,0.6464,0.522042,0.0,1,0.0098759034,0.2892719517,0.2873287636906239
COWMUX_clean,6.71015,5.5309,6.7037,1.25989,2128.6,1689.51,0.0,0.0,0.6534,0.518616,0.0,1,0.0095834024,0.2867114815,0.2817750067436258
COWROX_clean,5.56201,3.05282,5.54571,1.26041,0.0,0.0,909.838,721.861,0.5102,0.40479,0.0,1,0.0073305062,0.2077034118,0.21466774040687578
COXQUB_clean,3.99789,2.84337,3.99789,1.72439,0.0,0.0,180.013,104.392,0.4276,0.247972,0.0,1,0.0020059372,0.0591967289,0.05916037758762476
COYTEQ_clean,3.8382,3.37897,3.83551,1.78776,534.075,298.739,0.0,0.0,0.4242,0.23728,0.0,1,0.004486182,0.1321158827,0.13191965830087465
CUCSAU_clean,5.5757,4.21323,5.5757,0.840322,1200.85,1429.04,0.0,0.0,0.5078,0.604292,0.0,1,0.0070819382,0.2081053454,0.2080594175575003
CUCTAX_clean,4.38086,4.0721,4.38086,1.35437,330.655,244.139,49.7338,36.721,0.4262,0.314685,0.0,0,0.00266683,0.0844727062,0.07936560822249979
CUFFEP_clean,6.24407,5.54414,6.24407,0.899727,2546.22,2829.99,0.0,0.0,0.6998,0.777791,0.0,0,0.0187649191,0.5356394393,0.5445831108114974
CUGFAN01_clean,3.73487,3.03529,3.73487,1.4361,0.0,0.0,102.9,71.6524,0.4126,0.287307,0.0,0,0.0017445702,0.0543408587,0.05125091794575014
CUGFOB_clean,3.89377,3.09606,3.89377,1.51199,0.0,0.0,222.235,146.982,0.4492,0.297092,0.0,0,0.002085678,0.0565843813,0.062074168456375006
CUGYUA_clean,4.81001,4.60953,4.81001,2.60117,548.977,211.05,0.0,0.0,0.4254,0.163542,0.0,1,0.0013527694,0.0393429194,0.03990039302474986
CUKXIR_clean,4.25316,3.64523,4.25225,1.37123,1248.02,910.151,0.0,0.0,0.5164,0.376597,0.0,1,0.0062416891,0.1860587221,0.18147728225999973
CUMDOE_clean,5.65665,4.97039,5.61572,1.60054,1129.91,705.955,0.0,0.0,0.5292,0.330638,0.0,0,0.003871999,0.1178040993,0.11302000236412502
CUMJEB_clean,5.10711,4.11246,5.10711,2.00854,711.044,354.01,0.0,0.0,0.4216,0.209904,0.0,0,0.0023239094,0.0674632403,0.06934520414575013
CUMQOQ_clean,7.03622,3.75437,6.89995,0.977205,1831.45,1874.17,0.0,0.0,0.6154,0.629756,0.0,1,0.0106045006,0.3056871027,0.3141773474066254
CURQEN_clean,5.22355,3.40082,5.03486,1.27256,737.628,579.643,0.0,0.0,0.5026,0.394953,0.0,1,0.0050979658,0.1484681502,0.14943741537987493
CUSZEX_clean,4.67101,3.44264,4.47333,0.835534,2247.71,2690.15,0.0,0.0,0.666,0.797095,0.0,0,0.0145939619,0.4303934829,0.4294149761533758
CUTBOK_clean,7.33815,5.8072,7.33815,1.06996,2094.35,1957.42,0.0,0.0,0.6432,0.601145,0.0,1,0.0126133027,0.3670620753,0.36938778908712544
CUVGIK_clean,6.25146,5.06086,6.0647,1.02515,1494.68,1458.01,0.0,0.0,0.5362,0.523046,0.0,0,0.0102389238,0.2945103987,0.3008229686198755
CUVHIL02_clean_h,12.81562,12.03113,12.80804,1.65786,1432.65,864.159,0.0,0.0,0.6442,0.388573,0.0,1,0.0070333148,0.2065824173,0.20866736131262675
CUVTUJ_clean,11.49174,10.88335,11.49174,1.17569,1542.4,1311.91,0.0,0.0,0.635,0.540109,0.0,1,0.0125797766,0.3609295339,0.36236752699825125
CUWNIT_clean,7.16308,4.76212,7.16308,1.01279,1797.12,1774.42,0.0,0.0,0.5942,0.586695,0.0,1,0.0106522091,0.3133206466,0.3147126240643743
CUWWEY_clean,6.3126,4.22285,6.24291,1.35207,1327.35,981.718,0.0,0.0,0.5216,0.38578,0.0,0,0.0064732895,0.1884157688,0.1897196932336251
CUWYUQ_clean,5.63933,3.37729,5.63933,1.34331,1233.85,918.52,0.0,0.0,0.5224,0.388891,0.0,1,0.0065577473,0.1914696879,0.19233140856299996
CUWZAX_clean,6.33115,4.3932,6.33115,1.11728,2292.11,2051.51,0.0,0.0,0.638,0.571029,0.0,1,0.0117403384,0.3402507259,0.3465399419479992
CUXLEO_clean,4.56916,3.40748,4.56916,1.05387,1849.74,1755.19,0.0,0.0,0.6276,0.59552,0.0,0,0.0110853022,0.3312251487,0.3231009946143729
CUYQIX_clean,3.73047,3.14077,3.73047,1.30964,0.0,0.0,163.669,124.973,0.4612,0.352159,0.0,1,0.0022008225,0.0657865751,0.06480797341424972
CUYYEB_clean,5.05464,3.82141,5.04976,1.16139,1360.51,1171.44,0.0,0.0,0.5758,0.495783,0.0,1,0.0079088108,0.2386159577,0.2350712781756252
DABFET_clean,5.96972,3.38004,5.9641,1.19742,687.371,574.042,24.994,20.8731,0.4676,0.390505,0.0,1,0.0041588578,0.1234596411,0.12339559017574936
DACYUE_clean,6.8959,6.15645,6.8959,0.724543,2828.29,3903.55,0.0,0.0,0.6932,0.956741,0.0,1,0.0204627679,0.6089214477,0.6007814192710008
DADLEC_clean,6.0526,4.95704,6.0412,1.09523,933.141,852.004,0.0,0.0,0.4902,0.447577,0.0,1,0.0058809013,0.1716691725,0.1733510719034993
DADNOO_clean,4.73082,3.55854,4.7198,1.89726,1369.77,721.97,0.0,0.0,0.558,0.294108,0.0,0,0.0052909394,0.154881161,0.15462372047187561
DADPEG_clean,4.6964,3.56133,4.68951,1.91805,1368.69,713.581,0.0,0.0,0.56,0.291963,0.0,0,0.0052011597,0.1537527072,0.15106759917087564
DAHNOQ_clean,4.37827,3.40648,4.37827,1.74065,715.841,411.25,0.0,0.0,0.5478,0.314711,0.0,0,0.0040573948,0.1206160199,0.11888094152412484
DAHPAE_clean,5.00613,3.59286,5.00613,1.85953,1943.24,1045.01,0.0,0.0,0.5872,0.315779,0.0,0,0.0058469117,0.1725806923,0.1722908782377497
DAJHOM_manual,4.92614,3.38466,4.92614,1.3012,724.817,557.039,0.0,0.0,0.4294,0.330004,0.0,0,0.0045035594,0.1253954657,0.13223863469337493
DALTAO_clean,5.94592,4.16513,5.91791,1.30338,1417.2,1087.33,0.0,0.0,0.5806,0.445458,0.0,1,0.0077026323,0.2226040497,0.22478993641049996
DALVIY_clean,8.33476,5.09032,8.29465,1.08397,2205.78,2034.91,0.0,0.0,0.6634,0.612008,0.0,1,0.0117303512,0.3440763955,0.34494519059537604
DAPWAT_clean,5.11113,2.83337,5.11113,1.11433,0.0,0.0,613.734,550.763,0.497,0.446007,0.0,1,0.0034845865,0.1033215046,0.10463484839512491
DAPYAW_clean,10.03517,4.39114,9.81197,1.07113,1518.35,1417.52,0.0,0.0,0.6004,0.560529,0.0,1,0.0093952967,0.2724459702,0.2756296328013748
DARJOX_clean,4.96663,3.20989,4.95574,1.92117,0.0,0.0,871.941,453.859,0.487,0.253491,0.0,0,0.0046276165,0.1356636465,0.1364974921302501
DARVAW_clean,3.74235,3.26644,3.73494,1.50511,0.0,0.0,390.576,259.5,0.4942,0.328348,0.0,0,0.0040928168,0.1261142139,0.1196224250002501
DAWCOV_clean,6.44243,4.38111,6.43204,0.976829,1852.41,1896.35,0.0,0.0,0.5892,0.603176,0.0,1,0.0113070884,0.3332311175,0.333891347173125
DEHFUR_clean,6.21611,2.98199,6.18949,1.12779,0.0,0.0,1253.28,1111.27,0.5634,0.499559,0.0,0,0.007945739,0.2354431718,0.2337454729400003
DEJCEB_clean,4.6846,2.81125,4.66897,1.28345,0.0,0.0,1029.79,802.358,0.5306,0.413415,0.0,1,0.0063729568,0.1894515465,0.18763955878712527
DEKHEH_clean,5.43686,4.14383,5.43686,1.07065,1502.42,1403.28,0.0,0.0,0.5314,0.496335,0.0,0,0.0077121998,0.2251992072,0.22709020792599907
DEKHUX_clean,6.73498,5.41814,6.73498,1.052,1333.52,1267.6,0.0,0.0,0.5288,0.50266,0.0,0,0.0090752409,0.2643126427,0.2650986996249991
DEPJIR01_clean,3.85665,2.67886,3.83849,1.58611,0.0,0.0,192.05,121.083,0.492,0.310193,0.0,0,0.0028333108,0.0858762072,0.08458997782349963
DEPSEW_clean,5.82661,3.6907,5.82661,2.13899,1066.33,498.522,0.0,0.0,0.4968,0.232259,0.0,0,0.0063908628,0.1893765993,0.18703596910199852
DEPXIG_clean,5.45833,4.42032,5.43874,1.21453,1418.68,1168.08,0.0,0.0,0.5298,0.436217,0.0,1,0.0084992294,0.2466897369,0.24837788078050071
DEZKAW_clean,8.13146,3.74741,8.1255,0.911325,1740.68,1910.06,27.7822,30.4855,0.6372,0.699202,0.0,1,0.0120099138,0.3543144736,0.3523762160908735
DIBJEF_clean,5.60649,4.70814,5.13464,1.76959,946.581,534.916,0.0,0.0,0.4236,0.239378,0.000565104,1,0.0035555707,0.1053537744,0.10321889728174961
DIBPIP_clean,4.52354,3.33216,4.52179,1.2135,781.868,644.307,0.0,0.0,0.4988,0.411042,0.0,1,0.0056957694,0.1662415822,0.16832050966099935
DIBQIQ_clean,8.63632,7.63034,8.63632,0.777557,2368.36,3045.9,0.0,0.0,0.6702,0.86193,0.0,1,0.0173965361,0.5028777128,0.5075310067091248
DICVAO_clean,6.28011,3.53464,6.28011,1.12464,1454.75,1293.53,0.0,0.0,0.5698,0.506652,0.0,1,0.007963744,0.2360537074,0.23442134466575015
DICVIW_clean,6.26495,3.45129,6.22166,1.15151,1468.87,1275.6,0.0,0.0,0.5682,0.493438,0.0,1,0.0077429815,0.2325002695,0.22634180366112427
DIHVIB_clean,13.27896,6.89092,13.26587,0.883073,2036.2,2305.8,0.0,0.0,0.7186,0.813749,0.0,1,0.0175011257,0.5069565936,0.5116969825877522
DIRBIP_clean,4.8713,2.89563,4.84395,2.47822,0.0,0.0,661.907,267.089,0.4242,0.171171,0.0,1,0.005484597,0.1593941905,0.15886138069575012
DIVSUY_clean,6.25148,4.17859,6.25148,1.23081,1945.11,1580.35,0.0,0.0,0.5978,0.485697,0.0,1,0.0100665367,0.2916507036,0.2946667613788773
DIWMON_clean,9.50738,3.99435,9.49132,0.925424,1888.23,2040.4,0.0,0.0,0.6264,0.676879,0.0,1,0.0133397018,0.3860826923,0.3904057320246258
DIWNAA_clean,6.5178,6.18035,6.5178,0.652513,3119.09,4780.12,0.0,0.0,0.7074,1.08412,0.0,1,0.0245490488,0.7200550779,0.708625666119624
DOCKOW_clean,6.92307,5.14701,6.92307,1.38513,740.657,534.72,0.0,0.0,0.4578,0.330511,0.0,1,0.0037207741,0.1051499838,0.11004308115912481
DOKDEN_clean,15.14217,13.44364,15.14217,0.712137,1836.8,2579.28,0.0,0.0,0.7026,0.986608,0.0,0,0.0192860445,0.5633819617,0.5637425650817471
DOLXOR_clean,6.62226,5.36537,6.62226,1.08651,2583.31,2377.63,0.0,0.0,0.7438,0.684577,0.0,1,0.010549269,0.3086430609,0.31022395880787607
DOMFUI_clean,8.13637,5.96872,8.13476,1.18044,720.043,609.981,519.992,440.508,0.5282,0.447462,0.0,1,0.0084565744,0.2418148246,0.24636705373874915
DONNAW_clean,6.49774,6.1972,6.46918,1.18453,1598.35,1349.36,0.0,0.0,0.5994,0.506024,0.0,0,0.0107269662,0.3117424491,0.3122996664002492
DOPHUN_clean,12.13355,5.61514,12.13355,0.984545,1406.36,1428.44,392.743,398.909,0.6676,0.67808,0.0,1,0.0131208873,0.3892177972,0.38475999609825123
DOQHEX_clean,3.53605,3.13269,3.51284,2.33091,0.0,0.0,67.6316,29.0151,0.3926,0.168432,0.0,1,0.0020786251,0.0632336396,0.06075265541524943
DORFUM_clean,5.31241,3.65877,4.34235,1.179,656.388,556.733,287.867,244.163,0.4348,0.368788,0.0,1,0.0061753049,0.1829023311,0.18223601808587567
DOYBEA_clean,5.83429,5.37899,5.82078,1.0599,1634.79,1542.4,0.0,0.0,0.5844,0.551373,0.0,0,0.0093503429,0.2727136486,0.2744920342650005
DUBBEI_clean,4.93494,3.49142,4.86694,2.00135,1263.38,631.266,0.0,0.0,0.5166,0.258126,0.0,0,0.0046655564,0.1334378258,0.1367831241507499
DUBKAO_clean,7.17371,5.8712,7.17371,1.10727,1329.12,1200.36,0.0,0.0,0.5452,0.492383,0.0,0,0.0082720829,0.2422460028,0.23993513638325104
DUBWON_clean,5.41735,4.7264,5.40719,1.2729,1870.44,1469.44,0.0,0.0,0.6244,0.490534,0.0,1,0.0092239342,0.2699592865,0.2695920980972501
DUDKEU_clean,5.16942,3.66649,5.16942,1.65561,855.86,516.946,0.0,0.0,0.4144,0.250301,0.0,1,0.0030210652,0.0881207406,0.08788824387662496
DUFGOB_clean,8.44616,7.81761,8.44616,1.12069,1457.55,1300.59,0.0,0.0,0.5722,0.51058,0.0,1,0.0079883087,0.2357094912,0.23430130473262423
DUFZOU_clean,7.15398,3.0854,7.15398,1.54167,0.0,0.0,621.227,402.958,0.4962,0.321859,0.0,1,0.0034568241,0.1055029568,0.1017391058561253
DUKDOD01_clean,4.08448,2.81231,4.06407,1.98165,0.0,0.0,204.268,103.08,0.44,0.222037,0.0,1,0.0011121075,0.0328817643,0.033125936199125086
DUMXEQ01_clean,4.78039,3.84263,4.78039,1.76597,828.843,469.341,0.0,0.0,0.4496,0.254591,0.0,0,0.0037086484,0.1095701716,0.10970864297962478
DUNXUH01_clean,5.08043,3.95835,5.08043,1.20337,1874.89,1558.04,0.0,0.0,0.6064,0.503919,0.0,1,0.0099905377,0.3048456785,0.2965117045243777
DUNXUH05_clean,5.01407,3.87283,4.97867,1.22609,1774.32,1447.13,0.0,0.0,0.5944,0.484792,0.0,1,0.0101420686,0.2924276456,0.2991154042211263
DUNXUH21_clean,5.07683,3.95879,4.81355,1.20337,1860.11,1545.75,0.0,0.0,0.6076,0.504916,0.0,1,0.0104151243,0.2987889431,0.3039109916463736
DUWFAE_clean,3.76592,2.87653,3.75105,1.62651,0.0,0.0,73.6792,45.2988,0.4074,0.250474,0.0,1,0.0016687898,0.0510840076,0.04960943644900017
DUWFOS_clean,4.7722,3.99598,4.7722,1.5688,655.828,418.043,0.0,0.0,0.462,0.294492,0.0,0,0.0033285519,0.0935362954,0.097327259895125
DUWRIY_clean,4.48859,3.17824,4.47475,1.30596,0.0,0.0,636.381,487.29,0.5372,0.411346,0.0,0,0.0055788114,0.1667522156,0.16399048558325052
DUWROE_clean,4.35263,3.47485,4.33203,1.3646,1032.9,756.92,0.0,0.0,0.5148,0.377252,0.0,0,0.0062281213,0.180911023,0.18126664082424976
DUWRUK_clean,4.54182,3.68421,4.38679,1.45633,495.592,340.302,181.958,124.943,0.4774,0.32781,0.0,0,0.0046875583,0.1354375558,0.13756052843287497
DUYROF_clean,5.30567,3.77956,5.29101,3.36341,632.283,187.989,184.756,54.9313,0.4688,0.139383,0.0,1,0.0018114351,0.0534726899,0.05354710462800014
EBAVOV_clean,5.06494,3.47701,5.06494,1.20126,1010.26,841.002,0.0,0.0,0.4938,0.411069,0.0,1,0.0061544103,0.1848405121,0.18015212462100064
EBEWIT_clean,6.98757,6.64177,6.98757,1.55436,1566.68,1007.93,0.0,0.0,0.573,0.368642,0.0,0,0.0075854125,0.2269067502,0.22335373598749922
EBIMEJ_clean,4.76005,3.76742,4.75297,1.25917,1007.84,800.402,0.0,0.0,0.5458,0.433462,0.0,1,0.0071737024,0.2100193462,0.2101403919257498
EBIPIQ_clean,3.95804,2.76217,3.3799,1.63961,0.0,0.0,87.1673,53.1633,0.4018,0.245058,0.0,1,0.0014968317,0.0436303815,0.044596483886124735
EBUFUE_clean,7.02539,3.39477,7.02539,1.10917,848.24,764.75,0.0,0.0,0.503,0.453491,0.0,1,0.0052896648,0.1492993675,0.15693357357212476
EBUQEX_clean,6.34635,3.93297,6.34076,0.890694,1572.67,1765.66,0.0,0.0,0.5872,0.659261,0.0,1,0.0119193014,0.3599686693,0.35355626880937435
ECAFOG_clean,9.52896,9.26877,9.52862,1.12614,1174.7,1043.12,0.0,0.0,0.5574,0.494964,0.0,0,0.0084157224,0.2483867081,0.24771339214124985
ECAHAT_clean,12.33039,11.4865,12.33039,0.854274,1047.61,1226.32,88.151,103.188,0.6086,0.712418,0.0,0,0.01170003,0.3431528265,0.34062039085775003
ECAHEX_clean,6.93055,5.1748,6.93055,1.20906,867.96,717.883,0.0,0.0,0.4824,0.398989,0.0,0,0.0045350105,0.1324516689,0.13472318124487498
ECAHOH_clean,6.87089,4.98271,6.87089,1.21823,856.833,703.343,0.0,0.0,0.4828,0.396313,0.0,0,0.0044078941,0.1291359013,0.12923008975112507
ECIYEU_clean,4.54124,2.83454,4.53065,1.94686,0.0,0.0,547.896,281.425,0.411,0.211109,0.0,0,0.0037137663,0.1069360652,0.11042487924650049
ECOROD_clean,4.00683,3.00159,4.00105,1.54054,0.0,0.0,404.217,262.386,0.4398,0.285484,0.0,1,0.0037184079,0.1048278405,0.10907115350774976
ECUCIP_clean,3.79378,2.644,3.79378,1.89349,0.0,0.0,91.5387,48.3439,0.402,0.212306,0.0,1,0.0016047171,0.0470976668,0.04716128570049996
EDADET_clean,4.03192,3.23199,4.01396,2.14016,0.0,0.0,378.477,176.845,0.3784,0.176809,0.0,1,0.002663069,0.0788335291,0.0792666147451252
EDUSUR_clean,14.97276,6.60675,14.97057,0.720686,2039.23,2829.56,0.0,0.0,0.7584,1.05233,0.0,0,0.021683455,0.6170233826,0.6323599303145039
EDUTIG_clean,15.04959,5.6073,15.03522,0.712902,1939.67,2720.81,0.0,0.0,0.7442,1.0439,0.0,0,0.0205113051,0.5879980579,0.6008745786108762
EFILUA_clean,5.24567,3.1446,5.24567,2.5004,0.0,0.0,561.393,224.521,0.432,0.172772,0.0,0,0.0052085122,0.150294321,0.1481466636467498
EGAGEA_clean,5.34124,3.39236,5.33988,1.52814,999.384,653.988,0.0,0.0,0.5156,0.337404,0.0,1,0.0049210816,0.1472021492,0.14574565113137491
EGOZAB_clean,7.0311,5.28936,7.0311,1.03834,1885.29,1815.68,0.0,0.0,0.6226,0.599612,0.0,1,0.0102098286,0.3077713013,0.30115691081074913
EGUNAX_clean,3.81467,3.01234,3.81432,1.4477,0.0,0.0,208.192,143.809,0.442,0.305312,0.0,1,0.0043035847,0.12590587,0.1260961188051244
EJEFOP_clean,4.0642,2.84987,4.04303,1.60769,0.0,0.0,182.958,113.802,0.4082,0.253905,0.0,1,0.0017557872,0.0509126592,0.051397927440000005
EJEGOQ_clean,13.1275,3.17537,13.1275,2.99053,0.0,0.0,1263.59,422.531,0.585,0.195618,0.0,1,0.0034676147,0.1004301016,0.10233470140049997
EJOZOU_clean,6.49751,6.10381,6.49751,1.26256,795.165,629.804,0.0342194,0.0271032,0.4812,0.38113,0.0,1,0.004648143,0.1349287228,0.13692384189825021
EKETUL_clean,4.43428,3.43441,4.41751,1.64611,319.015,193.799,0.0,0.0,0.4126,0.250651,0.0,0,0.0019178632,0.056024005,0.056393438762875114
EKIDIL_clean,5.81547,5.58073,5.8139,2.56508,834.555,325.352,0.0,0.0,0.4098,0.159761,0.0,1,0.0038291333,0.1087785751,0.11276410436625035
EKOKIA_clean,6.37814,3.95219,6.37814,1.40385,1452.65,1034.76,0.0,0.0,0.5578,0.397337,0.0,1,0.0061101309,0.1818357156,0.1833009813032492
ELIJUF_clean,4.98722,3.63869,4.98647,1.36019,1078.5,792.905,0.0,0.0,0.4826,0.354803,0.0,1,0.0058526691,0.1697578206,0.17278648022074936
ELIKEQ_clean,4.99766,3.80728,4.99701,1.51189,1166.85,771.784,0.0,0.0,0.4966,0.328463,0.0,1,0.0052414323,0.153404681,0.1525315413878754
ELIKIU_clean,4.97124,3.7531,4.97064,1.54816,1122.94,725.337,0.0,0.0,0.505,0.326193,0.0,1,0.0051174446,0.1491844006,0.15140923639512519
ELIKOA_clean,4.97213,3.73339,4.97213,1.55809,1148.96,737.416,0.0,0.0,0.4918,0.315643,0.0,1,0.0049884979,0.1508262553,0.1461400040841254
ELILER_clean,4.98078,3.65658,4.98016,1.63697,1110.94,678.659,0.0,0.0,0.487,0.297501,0.0,1,0.0046969048,0.1388437823,0.13682302268249985
EMAGAB_clean,7.29475,4.84283,7.29475,1.35618,833.24,614.402,0.0,0.0,0.4816,0.355115,0.0,0,0.0042310829,0.124013443,0.12423189694524968
EMEJUD_clean,4.83142,2.9809,4.74291,1.07213,0.0,0.0,472.678,440.876,0.4722,0.44043,0.0,0,0.0034733336,0.1016692707,0.10395234638449972
EMUVAL_clean,4.91536,3.20327,4.9116,1.59615,0.0,0.0,1110.5,695.735,0.5334,0.33418,0.0,0,0.0054437687,0.1614776192,0.16032443200562535
ENESUN_clean,8.35126,5.49783,8.35126,0.626692,2424.85,3869.29,2.07427,3.30987,0.7316,1.1674,0.0,1,0.0225358368,0.6592083331,0.6603471564559962
ENISOK_clean,6.962,4.5443,6.96157,1.14432,1841.89,1609.59,0.0,0.0,0.6018,0.525903,0.0,1,0.0092272964,0.2708075138,0.2718696677392489
ENITOL_clean,9.0167,5.78838,9.01452,1.0207,1622.24,1589.34,0.0,0.0,0.589,0.577054,0.0,1,0.0099565287,0.2934413484,0.2913391855603772
ENIXUV_clean,6.81302,4.75487,6.75625,1.04896,1506.97,1436.63,0.0,0.0,0.539,0.513843,0.0,0,0.0084050985,0.2488382679,0.24647515200412481
EPAGEJ_clean,5.19961,3.47948,5.18752,1.66805,743.29,445.603,0.0,0.0,0.4886,0.292916,0.0,1,0.0033316707,0.0986765151,0.0977035809643752
EPAVAU_clean,5.39915,3.19554,5.39394,1.64446,0.0,0.0,782.223,475.67,0.5138,0.312442,0.0,1,0.0036395788,0.109977522,0.10739684759137523
EPECIN_clean,7.47499,2.63162,7.47499,1.05634,0.0,0.0,1446.28,1369.14,0.5854,0.554178,0.0,1,0.0097880231,0.2854120168,0.28771153653299975
EQEREY_clean,6.76077,5.17427,6.21591,1.08432,1568.49,1446.52,0.0,0.0,0.5588,0.515345,0.0,0,0.009242197,0.2717934955,0.2686994818996252
EQERIC_clean,5.65308,5.10575,5.50654,1.08357,1441.7,1330.51,0.0,0.0,0.5522,0.509612,0.0,0,0.0092813921,0.2813850513,0.2718609693572509
EQOXIT_clean,7.68652,6.98261,7.68519,1.19569,1340.21,1120.87,0.0,0.0,0.551,0.460823,0.0,1,0.0072267568,0.2063488266,0.21216027870675006
EQUBIC_clean,4.62524,4.02529,4.62419,2.01313,877.337,435.807,0.0,0.0,0.4672,0.232076,9.93e-05,0,0.0030473,0.0895962284,0.08977323236487512
EQUBUO_clean,4.678,4.09417,4.67712,1.98147,941.234,475.017,0.0,0.0,0.4712,0.237803,0.000100935,0,0.0032101034,0.0936970457,0.09498090966775008
EQUCOI_clean,4.45934,3.16039,4.34903,1.67389,0.0,0.0,539.466,322.282,0.4922,0.294045,0.0,1,0.0044378886,0.1291193961,0.13058734296774985
EQUNIP_clean,12.19685,4.3543,12.19496,0.882362,2411.33,2732.81,0.0,0.0,0.7004,0.793779,0.0,1,0.0182414634,0.5284445642,0.5280293868108756
ERAMAN_clean,12.01377,10.18099,12.01377,0.963545,2126.75,2207.22,0.0,0.0,0.6966,0.722955,0.0,1,0.0150010917,0.4301536901,0.44183220758662406
ERIGER_clean,7.45113,4.52945,7.45095,1.32558,1000.06,754.431,0.0,0.0,0.5014,0.378249,0.0,1,0.0038730677,0.1172690958,0.11416737598649972
ERULEK_clean,8.92635,6.96534,8.92635,0.799593,1925.59,2408.22,0.0,0.0,0.6678,0.835175,0.0,1,0.0159720458,0.46505403,0.46833611625499993
ERUNOW_clean,9.74436,7.85759,9.7385,0.884315,1769.89,2001.42,0.0,0.0,0.6546,0.740234,0.0,1,0.0137642934,0.4040314912,0.4057657553173769
ESARAT_clean,4.65638,2.73042,4.28273,1.24022,0.0,0.0,877.4,707.453,0.5198,0.419118,0.0,1,0.006376194,0.1907332708,0.1885824948692508
ESARUN_clean,6.08793,3.97207,6.06402,1.14221,1213.02,1061.99,0.0,0.0,0.5254,0.459984,0.0,1,0.0070670352,0.2078978014,0.20765078292050035
ESEQUO_clean,5.9241,3.78187,5.9241,1.17049,1289.9,1102.02,0.0,0.0,0.5438,0.464593,0.0,1,0.0072150128,0.2111476426,0.21090592575762485
ESIDOB_clean,5.0954,4.12899,5.0954,1.32897,1274.07,958.69,0.0,0.0,0.5378,0.404673,0.0,0,0.0075825132,0.228274591,0.2216128277903744
ESURER01_clean,6.75428,5.6916,6.72807,1.40497,1349.29,960.372,0.0,0.0,0.5342,0.380221,0.0,0,0.0071861089,0.2096556398,0.20889715316150098
ESURER02_clean,6.73405,5.67186,6.7278,1.40899,1346.64,955.749,0.0,0.0,0.5328,0.378145,0.0,0,0.0070623453,0.2067283036,0.20594328929975092
ESURER_clean,6.78739,5.78928,6.78739,1.3933,1363.04,978.277,0.0,0.0,0.5382,0.386276,0.0,0,0.0073580753,0.2140590206,0.2163647349577506
ESUVAR02_clean,5.46597,3.26987,5.44772,1.66256,0.0,0.0,882.3,530.689,0.4556,0.274036,0.0,1,0.0045371323,0.133169698,0.13261491836437503
ESUVAR_clean,6.28796,4.55194,6.20677,1.47064,1312.34,892.358,0.0,0.0,0.5172,0.351684,0.0,1,0.0062428996,0.1851434871,0.1813558135578751
ETECOX_clean,10.32812,8.91862,10.31469,1.07802,2014.96,1869.13,0.0,0.0,0.7346,0.681437,0.0,1,0.0152248469,0.4388580725,0.44709419068512757
ETEJIX_clean,6.81796,5.05367,6.81796,1.05868,2313.65,2185.42,0.0,0.0,0.6546,0.61832,0.0,1,0.0132394962,0.3772527784,0.3892655293919996
ETEJUJ_clean,6.80904,5.16362,6.80904,1.11208,2257.09,2029.61,0.0,0.0,0.6478,0.582511,0.0,1,0.0120495626,0.357121126,0.3522218235797482
ETEXEI_clean,5.78427,4.68209,5.77551,1.52654,1503.21,984.721,0.0,0.0,0.622,0.407458,0.0,0,0.0069976461,0.207048792,0.2051773187567499
ETIXEM_clean,4.4488,2.61999,4.44653,1.32726,0.0,0.0,213.081,160.542,0.421,0.317194,0.0,1,0.002772991,0.0809449981,0.07978071314062517
EVAKIV_clean,13.34989,4.00312,13.34989,0.730238,1776.02,2432.11,0.0,0.0,0.6852,0.938325,0.0,0,0.017194351,0.4958817956,0.4982042187728761
EVEGIV_clean,6.17269,4.02251,6.17269,1.31229,854.868,651.434,42.1748,32.1384,0.5236,0.398999,0.0,1,0.0045273459,0.1312553951,0.13531673802574912
EVUNAL_clean,4.3435,2.60006,4.3435,2.17687,0.0,0.0,431.427,198.187,0.4248,0.195142,0.0,1,0.0019760079,0.0590858563,0.0583584909600002
EVUNIT_clean_h,4.36696,2.62968,4.34031,2.21558,0.0,0.0,435.63,196.622,0.4286,0.193448,0.0,1,0.0019647317,0.0561024201,0.058404512887750205
EWIDUK_SL,11.37588,3.1863,11.37588,0.917269,0.0,0.0,1387.89,1513.06,0.6436,0.701648,0.0,0,0.0103454352,0.311345528,0.3038350539636279
EWUKAK_clean,8.06678,6.82094,8.05126,1.11278,1981.43,1780.62,0.0,0.0,0.6252,0.561838,0.0,1,0.0114493931,0.3329094379,0.3340036005886244
EWUSOF_clean,11.18858,8.47337,10.82571,0.877,1675.84,1910.87,0.0,0.0,0.721,0.822121,0.0,1,0.014575094,0.4284115227,0.42964078249512505
EWUTEW_clean,7.55965,4.88065,7.45386,1.29422,1660.56,1283.06,0.0,0.0,0.5852,0.452164,0.0,1,0.0075539818,0.2228163996,0.2220804500812503
EXALIZ_clean,8.54083,3.87619,8.54083,1.52305,1283.51,842.727,0.0,0.0,0.5696,0.373988,0.0,1,0.0055664373,0.1626742302,0.16622398748600026
EXAXAE_clean,10.76753,6.65722,10.58024,1.36537,1690.78,1238.34,127.443,93.34,0.6754,0.494666,0.0,1,0.009449817,0.2745007795,0.27788881512337593
EXEMUR_clean,6.22751,4.77221,6.20611,1.4177,461.655,325.637,178.147,125.659,0.4768,0.33632,0.0,0,0.0032101491,0.0964985661,0.09432323812774976
EXENAX_clean,4.98437,3.71955,4.67631,1.89432,1307.11,690.013,0.0,0.0,0.588,0.310402,0.0,1,0.0041144998,0.122112589,0.1207103789943746
EXOFIH_clean,4.43208,4.25139,4.42906,1.35435,1660.17,1225.81,0.0,0.0,0.5858,0.432533,0.0,0,0.0102158177,0.2914376688,0.3002923826948758
EXOTUH_SL,6.05951,4.4083,6.05951,0.950557,1966.63,2068.92,0.0,0.0,0.6264,0.658982,0.0,0,0.0115523885,0.3420506737,0.3420027422510015
EYOCOM_clean,8.18337,5.84697,8.18337,0.974997,2429.97,2492.29,0.0,0.0,0.6902,0.7079,0.0,1,0.0154836539,0.4527146223,0.45663452225899825
EZABAJ_clean,3.88346,2.63935,3.80883,1.64895,0.0,0.0,324.185,196.601,0.4958,0.300676,0.0,1,0.0020149865,0.0623122131,0.06100270912449992
EZESAF_clean,5.1372,4.14128,5.1327,1.2462,687.896,551.996,0.0,0.0,0.4534,0.363827,0.0,1,0.0041278596,0.1232328424,0.12273781564050049
EZOBUR02_clean,5.4535,4.4976,5.43411,1.36504,878.599,643.645,0.0,0.0,0.4944,0.362188,0.0,1,0.004145759,0.1181190293,0.12113460596912497
FABGUM_clean,4.49645,4.20268,4.49184,1.20151,964.988,803.144,198.183,164.944,0.618,0.514351,0.0,0,0.0064085541,0.1838076122,0.18788992495324983
FAFCEW_clean,4.10181,2.96369,4.08476,1.99314,0.0,0.0,315.628,158.357,0.3398,0.170485,0.0,1,0.0032649252,0.0983750877,0.09480077903087522
FAHBIC_clean,3.99775,2.8263,3.97551,2.13778,0.0,0.0,314.759,147.236,0.4432,0.207318,0.0,0,0.0021346042,0.0629945405,0.06261748421949978
FAHQIR_clean,5.4668,3.66161,5.45525,1.24631,646.137,518.44,0.0,0.0,0.4704,0.377434,0.0,1,0.0045454102,0.1317550999,0.13518302288012524
FAKLOU_clean,9.12795,8.03305,9.12795,0.879649,1631.51,1854.72,0.0,0.0,0.6538,0.743251,0.0,0,0.0142440733,0.4088232578,0.4185762169201243
FAKLUA_clean,9.01677,8.0299,9.01677,0.819291,1611.05,1966.39,0.0,0.0,0.6454,0.787754,0.0,0,0.0159108169,0.4639770583,0.4641413865385
FAPXOM_clean,7.22558,7.07954,7.22145,1.12985,1598.05,1414.39,0.0,0.0,0.5978,0.529098,0.0,0,0.0111412337,0.3291610815,0.32252030368812484
FAQLUH_clean,7.25665,7.09719,7.24714,1.10687,1602.27,1447.57,0.0,0.0,0.5958,0.538276,0.0,0,0.0109258256,0.3235144397,0.3225200424044993
FARFUA_clean,8.43305,5.99885,8.43305,1.37514,1658.2,1205.84,0.0,0.0,0.6292,0.457553,0.0,0,0.0077122189,0.2190191161,0.22922631312612476
FARHOX_ion_b,6.26684,3.62781,6.26416,1.63231,1189.76,728.882,0.0,0.0,0.5338,0.327022,0.0,1,0.0051812368,0.1541534365,0.15111730027275022
FATKES_clean,4.81739,3.70783,4.8165,1.82727,1025.9,561.439,0.0,0.0,0.4878,0.266955,0.0,1,0.0033898596,0.101585682,0.09869758485812535
FATKIV_clean,14.84172,10.48506,14.13115,0.799535,924.965,1156.88,197.216,246.664,0.6364,0.795963,0.0,1,0.0112083736,0.3265893869,0.3314187561880005
FATKIW_clean,4.92999,3.7145,4.92517,1.89194,1016.62,537.341,0.0,0.0,0.477,0.252122,0.0,1,0.0033928788,0.099744123,0.09858508596525013
FATVOM_clean,4.53669,4.03212,4.53669,1.59797,796.91,498.701,0.0,0.0,0.4212,0.263584,0.0,1,0.0032428626,0.0954237092,0.09647692157650027
FAVFUG_clean,6.83841,4.77149,6.83841,1.02578,1903.53,1855.69,0.0,0.0,0.6082,0.592913,0.0,0,0.0108338688,0.3193342084,0.3203666855933752
FAVGER_clean,5.35311,4.52327,5.34725,1.54964,901.531,581.768,0.0,0.0,0.481,0.310395,0.0,0,0.0037396007,0.1083059607,0.11005959121499945
FAVHES_clean,4.81694,4.18094,4.81252,1.69685,756.814,446.011,0.0,0.0,0.4616,0.272033,0.0,1,0.0027578555,0.0793810567,0.0812464916148749
FAVHIW_clean,4.93663,4.37848,4.91876,1.68898,774.259,458.419,0.0,0.0,0.459,0.271762,0.0,1,0.0028148318,0.084454951,0.08314463784225058
FAYPIG_clean,11.51198,6.01308,11.45567,0.74228,1782.59,2401.5,0.0,0.0,0.7098,0.956244,0.0,1,0.0177910336,0.522145101,0.5210532726365001
FAYQED_clean,12.559,10.1499,12.53561,0.533674,1990.43,3729.68,0.0,0.0,0.7818,1.46494,0.0,1,0.02886951,0.8253562335,0.8472683503139997
FAZFET_clean,6.57316,4.4573,6.55727,1.65256,1476.29,893.337,1.47172,0.89057,0.5356,0.324103,0.0,1,0.0050187311,0.1457488431,0.14815102488037513
FAZZEM_clean,5.74693,4.41081,5.68235,2.16525,873.054,403.211,0.0,0.0,0.4638,0.214201,0.0,1,0.0029577241,0.0875508759,0.08770046340774997
FECXES_clean,10.76463,6.58995,10.58338,0.833076,2133.05,2560.44,0.0,0.0,0.7044,0.845541,0.0,1,0.0184580691,0.5185879056,0.5362345331033754
FECZAQ_manual,8.47974,5.36674,8.47974,0.984083,2012.57,2045.13,0.0,0.0,0.6646,0.67535,0.0,0,0.0124213098,0.3625762986,0.36797073063599817
FEFCUQ_clean,8.87571,6.35025,8.74283,0.77796,2120.63,2725.88,0.0,0.0,0.673,0.865083,0.0,0,0.0172370357,0.5082054729,0.5023751121302489
FEFZOF_clean,4.86334,3.89341,4.85268,1.78217,1115.48,625.914,0.0,0.0,0.5442,0.305359,0.0,1,0.0046173462,0.1378215099,0.13562377610975007
FEGNIQ_clean,7.13681,4.81158,7.13681,1.15152,1310.71,1138.24,0.0,0.0,0.528,0.458524,0.0,0,0.007170432,0.2121580804,0.2108844703483757
FEJDEE_clean,4.71312,2.87829,4.7021,1.83643,0.0,0.0,738.757,402.279,0.5676,0.309078,0.0,1,0.0043062567,0.1255398707,0.12731984288675
FERVIJ_clean,4.83126,3.6773,4.83126,1.86686,1302.53,697.711,13.494,7.22817,0.5356,0.286899,0.0,1,0.0043874326,0.1291892966,0.1287742826593747
FERVUV_clean,4.63344,3.59285,4.63329,1.52979,1125.91,735.991,2.57897,1.68584,0.5188,0.339132,0.0,1,0.0052832313,0.1546655468,0.1564424883392499
FEWQIJ_manual,5.32147,5.14959,5.31527,2.34625,1158.3,493.681,0.0,0.0,0.4776,0.203559,0.0,1,0.0032044344,0.0938817659,0.09564667220187481
FEWWOV_clean,6.50134,3.77167,6.50134,0.923858,1579.47,1709.64,0.0,0.0,0.5876,0.636029,0.0,0,0.011384557,0.3320486975,0.3343919905693752
FIFNUE_clean,4.8017,3.95118,4.74576,1.02025,1565.01,1533.95,0.0,0.0,0.5802,0.568687,0.0,1,0.0082889667,0.2448835738,0.24166589077775064
FIFPAM01_clean,4.73813,3.78761,4.73813,1.03017,1649.03,1600.74,0.0,0.0,0.5794,0.562433,0.0,1,0.0077889327,0.2428116284,0.22925623032562517
FIJDIM03_clean,5.87678,5.11703,5.87678,1.23925,1279.62,1032.57,0.0,0.0,0.5332,0.430259,0.0,1,0.0077465788,0.234846172,0.2250251091908747
FIJDIM04_clean,5.91316,5.13983,5.91316,1.23456,1288.47,1043.66,0.0,0.0,0.5342,0.432705,0.0,1,0.0082819916,0.2376782243,0.24309842506950027
FIJDIM07_clean,6.01552,5.19329,6.01552,1.22701,1316.88,1073.24,0.0,0.0,0.5354,0.436345,0.0,1,0.0082481761,0.2416867759,0.2403899815912502
FIJDOS_clean,11.71715,10.90932,11.71715,1.21946,1612.88,1322.61,0.0,0.0,0.6614,0.54237,0.0,1,0.0123365362,0.3537687687,0.35979589187337574
FIJDUY_clean,5.11347,3.64709,5.11347,1.4525,1805.45,1242.99,0.0,0.0,0.5992,0.412529,0.0,1,0.0072024076,0.2151790304,0.21118012384674978
FIJXUR_clean,7.39108,4.72102,7.39108,1.5002,1093.27,728.749,0.0,0.0,0.506,0.337289,0.0,1,0.0036340137,0.1073256532,0.10650951860549972
FIMXUW_clean,4.96245,3.57593,4.95367,2.04735,760.785,371.594,0.0,0.0,0.4152,0.202798,0.0,1,0.0026386141,0.0759614456,0.0776245619495002
FIMZAE_clean,8.7496,5.24839,8.73677,1.17241,1659.79,1415.71,0.0,0.0,0.6,0.511765,0.0,1,0.0089158392,0.2521903652,0.25910300144575144
FIPXAF_clean,4.65881,3.97386,4.65881,1.34738,766.026,568.53,0.0,0.0,0.4744,0.35209,0.0,0,0.0045505941,0.1355993424,0.13569685726112468
FIQYUA_clean,4.6258,3.62649,4.60025,1.85684,696.0,374.831,0.0,0.0,0.4364,0.235023,0.0,0,0.0027364165,0.0793032448,0.08027706726912473
FIQZAH_clean,4.65627,3.68934,4.65627,1.93416,700.399,362.121,0.0,0.0,0.45,0.23266,0.0,0,0.0031585216,0.0895852631,0.09291330499212487
FIRNOL_clean,6.1215,5.54396,6.11958,0.794887,2656.05,3341.42,0.0,0.0,0.6666,0.838609,0.0,1,0.0172385685,0.4950173019,0.5012109889585011
FIRPAZ_clean,7.15818,6.15135,7.14286,0.673811,2389.65,3546.47,0.0,0.0,0.7144,1.06024,0.0,1,0.0216896551,0.6330929253,0.6295882168071253
FITHIA_clean,4.35737,3.84524,4.35737,1.27732,941.275,736.915,0.0,0.0,0.4314,0.337739,0.0,1,0.0034362235,0.1014923057,0.10183381141812506
FITJEY_clean,4.80471,3.18217,4.68088,2.06357,0.0,0.0,598.581,290.07,0.4946,0.239682,0.0,1,0.0029445789,0.0880391277,0.08715656432249981
FIYDOH_clean,4.62011,3.85906,4.62011,1.58881,555.753,349.792,0.0,0.0,0.3874,0.24383,0.0,1,0.0027182384,0.0783902436,0.07884206842599992
FOBNAN_clean,8.70901,6.58612,8.70709,0.867344,2020.64,2329.69,0.0,0.0,0.6644,0.766017,0.0,1,0.0153906097,0.4496273238,0.4474956352878756
FOFTIF_clean,6.9711,4.44534,6.9711,1.09535,1552.88,1417.7,0.0,0.0,0.5846,0.533709,0.0,1,0.0093482243,0.2731188746,0.2727083045822501
FOFTUR_clean,6.77119,4.51348,6.77119,1.0583,1552.58,1467.05,0.0,0.0,0.588,0.555606,0.0,1,0.0098654609,0.2801080591,0.2896285620968749
FOHQUO_clean,4.34506,3.45753,4.34017,1.59314,531.012,333.311,0.0,0.0,0.4696,0.294764,0.0,1,0.0025569999,0.0795601983,0.07508273601137491
FOKGET_clean,4.20139,2.77875,4.20113,1.86651,0.0,0.0,488.17,261.541,0.4828,0.258664,0.0,1,0.0027918681,0.0847875296,0.08201375237350052
FOKYEL_clean,8.8968,8.56106,8.8968,1.19075,983.087,825.606,363.949,305.648,0.581,0.48793,0.0,1,0.0089964332,0.2709688418,0.2635626813003746
FOLLEZ_clean,4.11323,3.75301,4.10779,1.67795,655.16,390.454,0.0,0.0,0.4424,0.263656,0.0,1,0.0040859515,0.1212772252,0.1196152703446251
FOMWOV_clean,7.41662,4.5384,7.41662,0.990309,1837.3,1855.28,0.0,0.0,0.6302,0.636367,0.0,0,0.0121629162,0.3492461597,0.35569128335650085
FONKEA_clean,4.68396,3.93383,4.68242,1.69201,643.159,380.115,0.0,0.0,0.4636,0.273994,0.0,1,0.0029961467,0.0891332893,0.08823505899049977
FOPBAP_clean,5.87537,3.57797,5.87537,1.84319,650.747,353.054,0.0,0.0,0.4432,0.240452,0.0,1,0.0026865046,0.0780638001,0.07821970995250002
FOQTEL_clean,4.19018,2.78003,4.19018,1.40023,0.0,0.0,554.095,395.718,0.4784,0.341659,0.0,0,0.0032597294,0.0972884754,0.09576289759087513
FORTIR_clean,7.46367,6.87207,7.46367,0.921652,1895.01,2056.1,0.0,0.0,0.6264,0.679649,0.0,1,0.0109399965,0.3229784405,0.32349958333437506
FOXNIQ_clean,5.68172,4.34787,5.68172,1.93205,592.227,306.527,51.4334,26.6211,0.4372,0.226288,0.0,1,0.0025819754,0.0762608152,0.07516067733199978
FUDHET_clean,7.05179,4.74765,7.05179,0.905742,2494.35,2753.93,0.0,0.0,0.6642,0.733321,0.0,1,0.0159601858,0.4698193739,0.4647293312996215
FUFQUT_clean,4.65517,2.94795,4.65517,1.09701,0.0,0.0,764.151,696.578,0.5106,0.465448,0.0,1,0.0049615383,0.1471437117,0.14686887031250048
FUMHOL_clean,4.68606,3.56586,4.60097,1.64124,1221.33,744.153,0.0,0.0,0.5528,0.336819,0.0,1,0.0038807546,0.1165616636,0.11408858818912472
FUNBAS_clean,6.30412,4.59254,6.30412,1.11042,1258.26,1133.14,0.0,0.0,0.5296,0.476938,0.0,0,0.0077415871,0.2232656883,0.22717112275537463
FUNLAD_clean,6.24379,4.83507,6.24379,1.06947,1236.73,1156.4,0.0,0.0,0.53,0.495574,0.0,0,0.0084672439,0.2517178296,0.24782808769549952
FURROA_clean,11.58923,10.47029,11.58875,1.00075,1596.28,1595.09,0.0,0.0,0.6602,0.659706,0.0,1,0.0104358345,0.3042679421,0.3060702496860011
FUSGOR_clean,5.22313,4.14656,5.21824,1.4906,1212.59,813.493,0.0,0.0,0.5048,0.338655,0.0,1,0.0056797359,0.1667098099,0.16714570918974975
FUSMEM_clean,10.20459,9.2057,10.20459,1.06882,1617.37,1513.23,0.0,0.0,0.6304,0.589811,0.0,1,0.0089545119,0.2657392881,0.26597502979012483
FUSMIQ_clean,10.44819,9.48819,10.44819,1.0407,1643.53,1579.26,0.0,0.0,0.6404,0.615354,0.0,1,0.009420546,0.2777515542,0.27848384966424866
FUTJOV_clean,4.40992,3.0983,4.40285,1.64403,0.0,0.0,528.691,321.582,0.5636,0.342816,0.0,1,0.0031798167,0.0949889342,0.09205622253949972
FUTYUQ_clean,7.46662,4.79581,7.42523,1.0101,2335.64,2312.29,0.0,0.0,0.6514,0.644887,0.0,1,0.014069276,0.4012512078,0.4128570725285012
FUVDEH06_clean,6.60161,5.99656,6.60161,1.76662,404.855,229.169,0.0,0.0,0.3004,0.170042,0.0,1,0.0014953214,0.0430782192,0.04317628149075003
FUVFUZ_clean,6.56118,5.97328,6.56118,1.8467,394.83,213.803,0.0,0.0,0.2718,0.147181,0.0,1,0.0014097442,0.0405564784,0.04144551507687462
FUVGAG_clean,6.54806,5.98797,6.54806,1.86856,393.33,210.499,0.0,0.0,0.2642,0.141392,0.0,1,0.0013570814,0.0403478525,0.040123012238249794
GACBOE_clean,6.66763,4.36115,6.66763,1.04515,2329.85,2229.2,0.0,0.0,0.6722,0.64316,0.0,1,0.013392814,0.3944258347,0.3922150604032481
GACQAE_clean,8.56972,8.26373,8.56972,0.874357,2020.35,2310.67,0.0,0.0,0.694,0.793726,0.0,1,0.0153476094,0.4467574451,0.4502538625108769
GADMAA_clean,8.30223,7.00364,8.30223,1.50475,1042.04,692.502,0.0,0.0,0.5772,0.383584,0.0,1,0.004418744,0.1313633127,0.1299069526247493
GADNUX_clean,15.43787,6.70397,14.77017,0.729552,2339.56,3206.84,0.0,0.0,0.7494,1.02721,0.0,1,0.0222090183,0.6331915855,0.6501945416890003
GAFRUD_clean,10.59453,5.69918,10.59344,0.768776,2454.62,3192.89,0.0,0.0,0.7144,0.929269,0.0,1,0.0188638158,0.5670758832,0.5504528375003768
GAGTAM_clean,5.81126,3.29675,5.81126,1.65427,0.0,0.0,1337.82,808.707,0.5618,0.339606,0.0,1,0.0062187528,0.1849196061,0.1823492008137498
GAHWIX_clean,10.08038,7.17794,10.08038,0.589363,2617.83,4441.79,0.0,0.0,0.7728,1.31125,0.0,1,0.0273533141,0.8002999407,0.7963203696827498
GAHXUL_clean,5.28974,3.50395,5.28106,1.05699,1056.2,999.25,0.0,0.0,0.5634,0.533021,0.0,1,0.0060294819,0.1767614435,0.1793694654801249
GAJZEY_clean,4.80464,4.28777,4.80464,1.53408,1142.39,744.678,0.0,0.0,0.5448,0.355132,0.0,1,0.0042605171,0.1267701578,0.1252950119421254
GAJZOI_clean,4.76043,4.22431,4.76043,1.6231,1140.51,702.673,0.0,0.0,0.5414,0.333559,0.0,1,0.0041687783,0.1188538834,0.12220698750962536
GALCAZ_clean,7.51924,6.97754,7.50411,1.17363,1179.25,1004.78,0.0,0.0,0.5068,0.431822,0.0,1,0.0074324262,0.2203684192,0.21615585058274941
GALJAG_clean,7.13587,6.98688,7.13339,0.8258,2198.4,2662.15,0.0,0.0,0.6726,0.814482,0.0,0,0.0170711687,0.4967736335,0.4994575906750016
GAPDUX_clean,4.39272,3.14854,4.18817,1.64307,0.0,0.0,465.773,283.478,0.4746,0.28885,0.0,1,0.0040038474,0.1139717458,0.11824178284800009
GAPNOD_clean,6.6565,4.84778,6.65444,1.74449,1900.25,1089.29,0.0,0.0,0.644,0.369162,0.0,1,0.0069606966,0.2064591168,0.2041455138663749
GARLIX_clean,5.51894,4.34952,5.51894,1.16479,1506.37,1293.26,0.0,0.0,0.5712,0.49039,0.0,1,0.0084377123,0.252368158,0.24655751536187437
GARLOD_clean,5.48563,4.3317,5.48563,1.18591,1487.56,1254.36,0.0,0.0,0.5682,0.479126,0.0,1,0.0082896903,0.2474142965,0.24149245550225099
GARQAU_clean,7.22233,4.73121,7.22233,1.05141,1110.85,1056.54,0.0,0.0,0.5324,0.50637,0.0,0,0.0070322238,0.2121412404,0.20765384082162544
GARTIF_clean,4.43647,3.87557,4.43647,1.65372,1132.95,685.091,0.0,0.0,0.471,0.284812,0.0,1,0.0046234072,0.1368908423,0.1343531972336242
GARTUR_clean,11.12255,10.84777,11.12255,1.34756,1641.0,1217.75,0.0,0.0,0.6774,0.502685,0.0,1,0.0088083318,0.2565742882,0.25825638802899986
GAWCUF_clean,5.14591,3.62459,5.10569,1.20211,1101.2,916.058,0.0,0.0,0.5036,0.418931,0.0,0,0.0060270288,0.1762541541,0.17699330873174973
GAWMOI_clean,4.49519,2.62342,4.3428,1.8682,0.0,0.0,326.777,174.916,0.4266,0.228348,0.0,1,0.0022940469,0.0653353171,0.06866457559575
GAXQIH_clean,5.17093,4.52481,5.06299,1.36553,783.142,573.505,0.0,0.0,0.4372,0.320168,0.0,0,0.0035617551,0.1044952937,0.10504582835099954
GAXWEJ_clean,4.40485,2.71207,4.39684,1.56723,0.0,0.0,539.867,344.471,0.4694,0.299509,0.0,1,0.0038419408,0.1130634937,0.11334530246562499
GAYFUJ_clean,5.68191,5.17685,5.68191,1.29989,1899.11,1460.97,0.0,0.0,0.6252,0.480962,0.0,1,0.008998104,0.2673176667,0.2643901032371257
GAYGAQ_clean_h,5.42545,4.61164,5.42545,1.32331,1222.55,923.858,0.0,0.0,0.5596,0.42288,0.0,1,0.0072128335,0.2101503866,0.2121245650992501
GAYPED_clean,9.58074,6.82289,7.89267,0.900136,2106.29,2339.97,0.0,0.0,0.6514,0.723668,0.0,1,0.0160907041,0.4676256522,0.46257837669799884
GAZLAW_clean,5.89078,3.42545,5.89078,1.13599,1083.97,954.205,0.0,0.0,0.5156,0.453877,0.0,0,0.0058122934,0.181175241,0.17116526371599963
GEDQIR_clean,6.54643,4.98654,6.54643,1.05474,2262.59,2145.17,0.0,0.0,0.6334,0.600529,0.0,1,0.0124105476,0.3616875475,0.3652973439146247
GEDREO_clean,5.54518,3.28289,5.54518,1.31295,0.0,0.0,1181.14,899.609,0.5332,0.406109,0.0,1,0.0064412116,0.1913389354,0.18861629186462556
GEDSOZ_clean,6.10424,4.23086,6.10424,1.10708,2330.43,2105.02,0.0,0.0,0.618,0.558223,0.0,1,0.0112836357,0.3338608444,0.3311193574547492
GEDSUF_clean,6.8646,4.02613,6.8646,1.20789,1460.83,1209.4,0.0,0.0,0.5606,0.464115,0.0,1,0.0079065793,0.234555997,0.2326702128358765
GEFZAU_clean,6.43441,5.83045,6.43102,0.991134,1373.29,1385.58,0.0,0.0,0.5466,0.55149,0.0,0,0.0070861894,0.2048000775,0.20738029085275045
GEGGUW_clean,4.63719,3.51738,4.44195,1.53214,779.383,508.688,0.0,0.0,0.4588,0.29945,0.0,1,0.0048446744,0.1428987648,0.1408769151363747
GEGHAD_clean,4.65392,3.51526,4.65392,1.53055,804.048,525.333,0.0,0.0,0.4664,0.304727,0.0,1,0.004896561,0.1422702305,0.14349304861925047
GEGSIW_clean,7.85146,2.85269,7.84347,1.08118,0.0,0.0,1176.8,1088.44,0.5288,0.489093,0.0,1,0.0092512132,0.2774525554,0.27008961937087483
GELVEZ01_clean,3.8103,2.63566,3.8103,1.43691,0.0,0.0,133.683,93.0351,0.4852,0.33767,0.0,0,0.0028068336,0.0848086419,0.08282632790249986
GELVEZ_clean,3.84426,2.61776,3.84187,1.42688,0.0,0.0,240.041,168.228,0.4886,0.342426,0.0,0,0.0032256014,0.0941791541,0.0957794131813751
GEPDEM_clean,4.09249,3.45067,4.09249,1.44433,525.305,363.701,0.0,0.0,0.487,0.33718,0.0,1,0.0034779293,0.1047353559,0.10379510320862466
GERNOI_clean,6.93892,3.80818,6.45255,1.05982,1273.96,1202.05,0.0,0.0,0.5412,0.510651,0.0,0,0.007637921,0.2309041827,0.22490906459874996
GESNOI_clean,6.41874,3.48818,6.41739,1.68473,668.393,396.736,0.0,0.0,0.4826,0.286455,0.0,1,0.003747738,0.1097597204,0.10980114558724978
GEVXAI_clean,3.71553,2.68712,3.70664,2.06408,0.0,0.0,101.112,48.9867,0.415,0.201058,0.0,1,0.0018888217,0.0566429691,0.056013705433374875
GIFFAE_clean,5.12876,3.25577,5.12146,1.85543,0.0,0.0,1249.04,673.178,0.5526,0.297828,0.0,1,0.0055941465,0.1630347362,0.1632875880578754
GIMSIG_clean,8.71143,5.70228,8.71143,1.44846,1502.61,1037.38,0.0,0.0,0.5786,0.399459,0.0,1,0.0074783389,0.224772913,0.2200175060646252
GIQXEK_clean,5.02308,3.9389,5.02308,1.70666,1611.03,943.967,0.0,0.0,0.591,0.34629,0.0,1,0.0058068996,0.1680650751,0.17168969732612493
GIQZIQ_clean,5.34637,3.18473,5.34637,1.01767,0.0,0.0,1111.08,1091.79,0.5606,0.550866,0.0,1,0.0086543816,0.2562496784,0.2554601132880006
GIRYEN_clean,4.46145,3.72288,4.46145,1.49644,287.06,191.829,0.0,0.0,0.4038,0.269841,0.0,1,0.0019385159,0.055882734,0.0571153783893752
GITTOT_manual,11.41369,3.07343,11.41369,0.903406,0.0,0.0,1406.08,1556.42,0.6252,0.692048,0.0,0,0.0101752267,0.303889635,0.30030352019600115
GITVEL01_clean,15.27666,13.37931,15.27666,0.777112,1815.11,2335.71,0.0,0.0,0.723,0.930368,0.0,0,0.0166021998,0.482437221,0.48724975388375
GIVHIC_clean,5.68256,4.14915,5.67478,1.01525,1315.17,1295.41,0.0,0.0,0.5352,0.527158,0.0,0,0.0081453919,0.2404324773,0.2386530967198751
GIVNIK_clean,7.21449,5.67473,7.21449,0.867445,2262.97,2608.78,0.0,0.0,0.6652,0.76685,0.0,1,0.0138882876,0.408691713,0.4088139565942508
GIWCIZ_ion_b,5.12494,3.68789,4.86231,1.25758,738.946,587.595,101.966,81.0816,0.492,0.391229,0.0,1,0.0045763687,0.1383755479,0.13492846240649992
GIWNUV_clean,4.42847,3.33732,4.42542,1.47072,837.059,569.148,21.587,14.6778,0.547,0.371926,0.0,1,0.0052315708,0.1502358291,0.15106159110824963
GIYSEN_clean,5.42608,5.04414,5.4195,1.45199,958.497,660.129,0.0,0.0,0.4968,0.342152,0.0,0,0.0043437238,0.1252158167,0.1274266629428753
GIYSIR_clean,5.35034,4.96809,5.33586,1.46578,931.664,635.609,0.0,0.0,0.4966,0.338795,0.0,0,0.0041699149,0.1204135971,0.1225476560688754
GIZXET_clean,4.75858,3.81827,4.66708,0.984908,1381.16,1402.32,0.0,0.0,0.5818,0.590715,0.0,0,0.009871614,0.2941001656,0.2905854288700004
GOGWEF_clean,4.59875,4.17002,4.59043,0.999501,2126.38,2127.44,0.0,0.0,0.617,0.617308,0.0,1,0.0127008234,0.3750357283,0.3747529645263771
GOKBUE_clean,6.09249,4.54759,6.09249,1.63047,1317.37,807.969,0.0,0.0,0.5592,0.342968,0.0,1,0.004797006,0.1403625336,0.14159738808237504
GOSBOH_clean,10.37122,8.95436,10.37122,0.787001,1611.54,2047.69,0.0,0.0,0.6654,0.845489,0.0,1,0.013441215,0.4087134817,0.3896843043818739
GOTNEK_clean,6.68492,5.17244,6.67225,1.16398,1342.18,1153.1,0.0,0.0,0.5428,0.466332,0.0,1,0.0084628349,0.2359823298,0.24899438045050015
GOXMEN_clean,5.02477,2.84713,3.58468,1.34483,0.0,0.0,265.483,197.411,0.4038,0.300261,0.0,0,0.0024933039,0.0745295155,0.0733546258877495
GUANZS_clean,5.10287,4.04623,5.10287,1.31647,2066.97,1570.09,0.0,0.0,0.6518,0.495113,0.0,0,0.0088742499,0.2660036866,0.25995361394025074
GUBVUU_clean,6.86464,4.18996,6.61474,0.930991,1654.01,1776.62,0.0,0.0,0.6014,0.645979,0.0,1,0.0112725307,0.3325191293,0.3293986273757505
GUCJAQ_clean,5.76197,4.68972,5.75144,1.29019,1221.31,946.616,0.0,0.0,0.4888,0.37886,0.0,0,0.0056519215,0.1665735142,0.1658735191134997
GUDJOG_clean,7.68451,4.9879,7.6811,1.00363,1922.96,1916.01,0.0,0.0,0.6122,0.609987,0.0,1,0.0110120874,0.3387708305,0.3225349757930001
GUFBOA_clean,5.81423,4.04124,5.79708,1.35939,665.654,489.672,0.0,0.0,0.4506,0.331473,0.0,1,0.0038541871,0.113594621,0.11285877352612529
GUFBUG_clean,6.13698,5.34529,5.96708,1.2615,1111.92,881.432,0.0,0.0,0.517,0.40983,0.0,0,0.0068005815,0.2011366614,0.19925289316762465
GUFXEM_clean,6.06791,4.72083,6.0579,1.2094,1573.94,1301.42,0.0,0.0,0.5582,0.461552,0.0,1,0.0085539063,0.2503427314,0.2509045092818762
GUGNON_clean,5.28957,4.33779,5.28957,0.956875,1608.61,1681.11,0.0,0.0,0.5938,0.620562,0.0,1,0.0101069814,0.2931617381,0.29607476512487574
GUHPAC_clean,8.2386,5.1093,8.2386,0.972915,1925.54,1979.14,0.0,0.0,0.6264,0.643838,0.0,1,0.0120040409,0.3524172094,0.34854283011499904
GUJGAU_clean,4.66296,2.95254,4.66296,1.64426,0.0,0.0,636.356,387.016,0.4316,0.262488,0.0,0,0.0029254959,0.0846011542,0.08796490031637488
GULBAR_clean,4.47722,3.75995,4.47722,1.44705,840.737,581.002,0.0,0.0,0.4724,0.326458,0.0,1,0.0048775886,0.1419074794,0.14431777690049935
GULWAM_clean,8.69308,7.48414,8.68762,0.756867,2252.53,2976.13,0.0,0.0,0.7044,0.930679,0.0,0,0.0172573627,0.5197719365,0.5059339953970003
GULWIU_clean,11.05938,6.30446,11.02908,0.918977,2242.53,2440.24,0.0,0.0,0.738,0.803067,0.0,1,0.015612354,0.4533459901,0.46088415741437516
GUMDEZ_clean,5.27869,4.82624,5.26972,1.35338,1171.24,865.416,0.0,0.0,0.5066,0.374323,0.0,0,0.0076523558,0.2228583653,0.22267482662712523
GUPCAW_clean,13.64672,8.62891,13.57643,0.814725,1868.84,2293.83,0.829839,1.01855,0.7426,0.911474,0.0,0,0.0157294632,0.4580886229,0.46295637743950224
GUPJEG_clean,3.71266,3.38841,3.71266,1.53595,205.964,134.096,0.0,0.0,0.3906,0.254306,0.0,0,0.0018839365,0.0583652213,0.05590858034625018
HAHPOW_clean,9.6196,8.46967,9.6196,1.47235,624.294,424.013,93.3885,63.4283,0.498,0.338235,0.0,1,0.0035697488,0.1046223471,0.10577170415249959
HAJLIO_clean,5.88281,3.51824,5.88281,1.36262,373.489,274.096,0.0,0.0,0.3676,0.269774,0.0,0,0.0020630123,0.0610591298,0.061719370226874924
HAKCAZ_clean,7.25791,5.03113,6.91895,1.17911,1594.01,1351.88,0.0,0.0,0.5908,0.501055,0.0,1,0.009256633,0.2714829865,0.2723023846071248
HAKWUM_clean,3.50559,2.63697,3.50084,2.2254,0.0,0.0,37.2732,16.749,0.4224,0.189809,0.0,1,0.0021645024,0.0652342965,0.064585850654375
HALVAU_clean,7.2529,4.09487,7.24788,1.02599,1723.2,1679.54,0.0,0.0,0.6096,0.594156,0.0,1,0.0104817455,0.3062074241,0.30563876290774944
HAPBIM_clean,7.3635,4.07388,7.35928,1.22764,1566.0,1275.62,0.0,0.0,0.6092,0.496238,0.0,1,0.0077660817,0.2207062493,0.2275342350659989
HAPGIR_clean,6.12679,5.53694,6.11946,1.24903,1460.77,1169.52,0.0,0.0,0.5518,0.441784,0.0,1,0.0081927603,0.2439217229,0.23998037124149998
HAPNEU_clean,7.1275,4.47989,7.11656,1.12613,1773.48,1574.85,0.0,0.0,0.6,0.5328,0.0,1,0.0081631816,0.2408310007,0.24097109916775028
HASNOH_clean,5.38898,4.39397,5.38845,1.86317,1402.69,752.852,0.0,0.0,0.5556,0.298201,0.0,1,0.0050815796,0.1462422877,0.14951512398512581
HASNUN_clean,5.53374,4.52225,5.53374,1.71424,1549.27,903.767,0.0,0.0,0.5698,0.332393,0.0,1,0.0059593674,0.1715449885,0.17454869351487465
HAVVUX_clean,8.34589,6.74867,8.34589,2.21863,955.771,430.794,0.0,0.0,0.5032,0.226807,0.0,1,0.0033261032,0.1000691977,0.09781787593574984
HAWVEI_clean,5.44774,3.7649,5.44192,1.50867,1222.23,810.136,0.0,0.0,0.526,0.348652,0.0,0,0.0062031418,0.1842955153,0.18168326758512454
HAWWAF_clean,5.36818,3.69998,5.3038,1.61776,1179.03,728.804,0.0,0.0,0.5186,0.320567,0.0,0,0.0058659398,0.1756563756,0.17256742701237485
HAWWOT_clean,7.05521,6.39517,7.05449,1.0177,2567.24,2522.59,0.0,0.0,0.6952,0.683108,0.0,1,0.0137219874,0.4036577373,0.40277659109487346
HAXMUP_clean,8.05193,5.7692,8.05193,1.0871,1247.11,1147.19,0.0,0.0,0.6042,0.555788,0.0,1,0.0061555023,0.1854900326,0.1825631211149991
HAYLIE_clean,7.09546,5.16312,7.09546,0.822497,1782.71,2167.43,0.0,0.0,0.6384,0.776173,0.0,1,0.0116105543,0.3484034859,0.34098218291950155
HAZGOF05_clean_h,3.91448,2.96952,3.80678,1.24333,0.0,0.0,96.0817,77.2775,0.4826,0.38815,0.0,0,0.0030860484,0.0932791658,0.09012600608412516
HEDBUP_clean,6.082,4.53553,6.07141,2.27942,1559.62,684.218,0.0,0.0,0.5574,0.244536,0.0,1,0.0044436725,0.1304371742,0.1291552283961243
HEKTAU_clean,4.87289,4.04271,4.86475,1.11842,1707.65,1526.84,0.0,0.0,0.5666,0.506605,0.0,1,0.0087250472,0.259373487,0.2572359141500007
HEZNUW_clean,4.54858,3.11044,4.54858,2.01309,0.0,0.0,782.082,388.498,0.5116,0.254136,0.0,0,0.0037951757,0.1142758623,0.11108591938199996
HICVUM_clean,5.70734,4.18424,5.69729,1.38731,1533.97,1105.72,0.0,0.0,0.5594,0.403228,0.0,1,0.0076033692,0.2219138137,0.22357523032412469
HICWIB_clean,4.25341,2.82589,4.16377,2.34752,0.0,0.0,155.058,66.0516,0.2668,0.113652,0.0,1,0.0018328135,0.0525579582,0.05389521663562504
HIFTUM_clean,6.30533,4.49793,6.29978,1.16773,1014.53,868.802,0.0,0.0,0.5164,0.442225,0.0,1,0.0044334586,0.1327943047,0.1304048861266247
HIHFOV_clean,4.86314,3.46095,4.86114,1.09882,730.753,665.036,0.0,0.0,0.4806,0.437379,0.0,0,0.005832831,0.1678676844,0.17009529421275002
HIHFUB_clean,7.23376,3.90094,7.22167,1.02876,1762.4,1713.12,0.0,0.0,0.6028,0.585946,0.0,1,0.0101231228,0.3007074948,0.2981739646397507
HIHGIQ_clean,7.45404,4.653,7.45404,0.903111,1947.01,2155.89,0.0,0.0,0.6178,0.68408,0.0,0,0.0127602289,0.3738303645,0.3775360281046254
HIMSAY_clean,5.16871,3.64786,5.16485,0.985668,753.397,764.352,500.835,508.117,0.5382,0.546026,0.0,0,0.009780041,0.28025241,0.28566309892562486
HISJAW_clean,5.83638,2.63959,5.83638,1.49458,0.0,0.0,474.325,317.364,0.4386,0.29346,0.000133817,1,0.0032950249,0.1005337617,0.09752714975524972
HITXUE_clean,7.01987,3.4579,7.00671,1.45948,1435.62,983.658,0.0,0.0,0.5396,0.369722,0.0,0,0.0076551261,0.2237088636,0.22587561042525006
HIXDOH01_manual,5.14922,2.8443,5.14922,1.85173,0.0,0.0,728.616,393.479,0.504,0.272178,0.0,1,0.0036166763,0.1045289128,0.10714805979099992
HIYGIH_clean,17.06952,6.66429,17.06948,0.730619,2158.98,2955.01,0.0,0.0,0.7424,1.01613,0.0,1,0.0218896379,0.6465507792,0.6402781139572511
HIYZEV01_clean,6.77675,3.19057,6.77675,1.21604,0.0,0.0,1286.78,1058.17,0.5364,0.441104,0.0,1,0.0079783562,0.2301444017,0.23411378263912558
HIZQUD_clean,6.30539,5.26051,6.30539,1.49546,1378.73,921.943,0.0,0.0,0.5664,0.378747,0.0,1,0.0068698273,0.199298657,0.20364746620312574
HOBGEL_clean,4.92633,4.45881,4.92633,1.33002,1110.7,835.1,0.0,0.0,0.469,0.352627,0.0,0,0.0058601168,0.168444192,0.17250802605762441
HOCDIO_clean,4.392,3.33165,4.391,1.54597,653.392,422.642,0.0,0.0,0.5142,0.332606,0.0,0,0.004777845,0.141957521,0.14102938420299962
HOFSOL_clean,6.47441,4.48765,6.46774,0.782233,2543.82,3252.0,0.0,0.0,0.7104,0.90817,0.0,0,0.0159020336,0.4772131059,0.46825398237250015
HOGPUQ_clean,4.22,2.79243,4.20103,2.08874,0.0,0.0,384.053,183.868,0.4226,0.202322,0.0,0,0.0026805052,0.0770633565,0.07933885332024984
HOGSIG_clean,5.41082,3.95109,5.41082,1.19816,1084.16,904.86,0.0,0.0,0.5322,0.444182,0.0,1,0.0054529238,0.1634569398,0.1602907524627496
HOGTOM_clean,7.72626,5.11822,7.71236,1.77252,921.698,519.992,0.0,0.0,0.4714,0.265948,0.0,0,0.0034362297,0.1006408374,0.10144358119199999
HOJNUR01_clean,3.94518,2.94764,3.79329,1.27312,0.0,0.0,129.373,101.619,0.5026,0.394779,0.0,0,0.003832067,0.1154423601,0.11360781460950001
HOQMIL04_clean,5.70711,4.91694,5.69105,1.1407,1134.98,994.985,0.0,0.0,0.4988,0.437277,0.0,0,0.0070088848,0.2073266473,0.20652017312100013
HORHAY_clean,4.10114,3.04525,4.10114,1.17808,0.0,0.0,503.221,427.153,0.503,0.426966,0.0,0,0.0039988032,0.1183827648,0.11912009546949945
HORHEC_clean,4.20448,2.97275,4.20432,1.17114,0.0,0.0,478.626,408.684,0.498,0.425226,0.0,0,0.0037640972,0.1135023473,0.11059805394387516
HOWJEK_clean,3.99229,3.40619,3.99097,1.96697,432.183,219.72,0.0,0.0,0.4482,0.227863,0.0,1,0.0028181083,0.0824716851,0.08337389416349991
HOWPUF_clean,7.93406,5.48339,7.91016,0.971712,2041.64,2101.08,0.0,0.0,0.6486,0.667482,0.0,1,0.0130712399,0.3843535528,0.3840910973091254
HOWQAM_clean,6.8261,5.31039,6.2759,1.01498,2208.17,2175.58,0.0,0.0,0.6538,0.644149,0.0,1,0.0136581813,0.3871676478,0.3976825066487492
HOWQEQ_clean,5.03956,3.43426,5.01641,1.51423,609.631,402.601,6.8807,4.54403,0.48,0.316993,0.0,1,0.0042510943,0.1252007679,0.12397163220050053
HOWROC_clean,4.43944,3.11973,4.42273,1.97188,0.0,0.0,380.75,193.09,0.4154,0.210662,0.0,1,0.002219498,0.065118928,0.06532526029974998
HOWSAP_clean,6.71751,4.61596,6.71751,1.15559,1670.87,1445.9,0.0,0.0,0.5844,0.505717,0.0,1,0.0088784498,0.2553984945,0.25963107868937557
HOWSIX_clean,7.29706,4.00765,6.07294,1.2292,1638.5,1332.99,0.0,0.0,0.575,0.467785,0.0,1,0.0085322831,0.2524154255,0.25150182086249967
HOXKUB_clean,6.32021,4.20706,6.31633,1.716,1292.29,753.082,0.0,0.0,0.5408,0.315151,0.0,1,0.0060626824,0.1780458409,0.17839097778974977
HOYRIY_clean,6.33252,5.73011,6.33252,1.22757,1418.96,1155.91,0.0,0.0,0.5282,0.430281,0.0,1,0.0093116324,0.2671156951,0.27116324987549967
HOYROE_clean,6.155,5.22739,6.12328,1.60811,1166.91,725.638,0.0,0.0,0.4436,0.275852,0.0,1,0.0055435451,0.1605829113,0.1617131195185004
HUCFAO_clean,5.18257,3.1685,4.9152,1.24354,0.0,0.0,1008.37,810.885,0.5162,0.415105,0.0,0,0.0058872915,0.1682510675,0.17448594903424974
HUCXEK_clean,6.73085,3.71981,6.7271,1.26713,1437.51,1134.46,0.0,0.0,0.5568,0.439419,0.0,0,0.0074010032,0.2151385481,0.2173619825938746
HUCXUA_clean,6.72319,3.76747,6.7027,1.29306,1441.14,1114.52,0.0,0.0,0.5554,0.429523,0.0,0,0.0070540637,0.2146380288,0.21051307212962508
HUDWUA_clean,5.86312,3.92573,5.85006,1.18848,1521.84,1280.49,0.0,0.0,0.5574,0.469003,0.0,1,0.0083172802,0.239552581,0.24226507194125166
HUFJID_clean,5.47986,2.72127,5.47807,1.28008,0.0,0.0,1249.17,975.853,0.5712,0.446222,0.0,1,0.0061438801,0.1788978269,0.17890417956850002
HUHNIJ_clean,6.23729,5.3405,6.23046,1.03071,1170.03,1135.17,0.0,0.0,0.5464,0.530122,0.0,1,0.0064057441,0.1855829719,0.18954189886162431
HUJGEA_clean,12.53944,4.7914,12.4029,0.822662,2143.27,2605.28,0.0,0.0,0.7056,0.857703,0.0,1,0.0178180996,0.5274778643,0.5201255570883739
HUNBEX_clean,5.69296,3.2343,5.69177,1.34872,0.0,0.0,1003.43,743.985,0.5212,0.386441,0.0,1,0.0061340572,0.1809902784,0.17998911616112523
HUQHEI_clean,10.39855,7.33583,10.39855,0.70723,1815.66,2567.28,0.0,0.0,0.6916,0.9779,0.0,1,0.0191759069,0.5593156792,0.5630794707256253
HUQHIM_clean,10.2269,8.71112,10.19864,0.711062,1763.31,2479.82,0.0,0.0,0.6842,0.962223,0.0,1,0.0190019276,0.5645483826,0.5520167745665021
HUVHOX_clean,5.48842,3.66587,5.4468,1.48531,1066.45,718.001,0.0,0.0,0.5288,0.356021,0.0,1,0.0060252955,0.1796453115,0.17655743171212518
HUWDEJ_clean,4.9355,3.41269,4.9355,1.26902,576.242,454.085,0.0,0.0,0.4542,0.357915,0.0,0,0.0032924441,0.0981190343,0.09811656992437483
HUWHOY_clean,6.08119,4.05672,5.74775,0.950744,2154.5,2266.13,0.0,0.0,0.64,0.673157,0.0,1,0.0124149405,0.3658695252,0.3672746167036239
HUXDOT_clean,4.56892,2.97523,4.55488,1.62038,0.0,0.0,450.335,277.92,0.514,0.31721,0.0,1,0.0030050692,0.0904993002,0.0893685214852498
HUXHEP01_clean,4.36937,2.99196,4.36937,1.58994,0.0,0.0,616.016,387.446,0.4758,0.299257,0.0,1,0.0041210586,0.1220135129,0.12054901249124991
HUZSUR_clean,9.15011,7.4108,9.12328,0.889985,1539.75,1730.09,0.0,0.0,0.5804,0.652146,0.0,1,0.0120657559,0.3612968527,0.3548773922539997
IBABOF01_clean,5.88201,4.55805,5.8327,1.10239,1625.66,1474.66,0.0,0.0,0.5558,0.504176,0.0,0,0.0091267085,0.264790779,0.2691511768357487
IBICED_clean,10.07018,9.94208,10.07018,1.22593,1035.72,844.843,0.0,0.0,0.5562,0.453697,0.0,0,0.0063247408,0.1952062023,0.18736811748750068
IBICON_clean,10.09823,9.93982,10.09823,1.22363,1026.52,838.914,0.0,0.0,0.5488,0.448503,0.0,0,0.0065945912,0.1964096955,0.1931315997480004
IBIRES_clean,6.08051,3.77232,6.05891,1.56855,1166.99,743.994,0.0,0.0,0.5416,0.345287,0.0,1,0.0047802906,0.142028926,0.13917980464249974
IBIYOI_ion_b,5.57969,4.82285,5.52558,1.97565,709.524,359.134,0.0,0.0,0.437,0.221193,0.0,1,0.0025329379,0.0737983391,0.07565739351024987
IBUBIT_clean,11.26336,10.79912,11.26336,0.878987,1904.31,2166.48,0.0,0.0,0.7036,0.800467,0.0,1,0.01432505,0.4243046979,0.41765154028799834
ic048812_clean,5.39588,2.97433,5.39588,1.38697,0.0,0.0,433.909,312.847,0.4434,0.31969,0.0,1,0.0030570504,0.0920301826,0.09083249469012503
ic070274o-file006_clean,9.5696,5.43482,9.51118,0.6688,2216.08,3313.52,0.0,0.0,0.6986,1.04456,0.0,0,0.0207232703,0.6197150318,0.6089372210862511
ic100188w_si_002_clean,7.49679,5.33186,7.49523,1.88994,791.307,418.693,0.0,0.0,0.3762,0.199054,0.0,0,0.0034402744,0.0965638962,0.10028700168962466
ic102347b_si_001_clean,7.286,6.24859,7.286,0.867522,2138.17,2464.68,0.0,0.0,0.647,0.745803,0.0,1,0.0146028819,0.4341283242,0.43051664078900176
ic401474f_si_002_clean,4.13244,2.9785,4.13079,1.54415,0.0,0.0,250.069,161.946,0.318,0.205939,0.0,1,0.0023120901,0.0684963697,0.06832247902512494
ic5011133_si_003_clean,6.22091,5.02145,6.15779,1.0165,1852.81,1822.74,0.0,0.0,0.6262,0.616036,0.0,0,0.0119468963,0.3538729682,0.35073594079537435
ic501477u_si_002_clean,8.32761,5.8376,8.32761,0.662866,2535.19,3824.58,0.0,0.0,0.725,1.09373,0.0,0,0.0197533973,0.5911356298,0.5803816347036236
ic5021302_si_002_clean,7.40462,5.14931,5.97305,1.03321,929.837,899.95,920.441,890.857,0.6068,0.587296,0.0,0,0.0113894319,0.3375201688,0.33335143108800075
ic502369y_si_002_clean,4.42298,2.76409,4.42132,1.42404,0.0,0.0,244.519,171.708,0.4014,0.281875,0.0,1,0.0023253987,0.0693442414,0.06793384482974998
ic5028256_si_002_clean,11.37946,3.3255,11.37946,0.933117,1429.44,1531.9,0.0,0.0,0.6478,0.694232,0.0,0,0.0105956296,0.3125049653,0.31411117710412234
ic502921j_si_002_clean,10.79969,7.20507,10.77322,1.03513,1844.88,1782.26,0.0,0.0,0.6792,0.656147,0.0,1,0.0131502568,0.3819914943,0.38450089976899954
ic502921j_si_003_clean,7.7085,4.09601,7.43001,1.34893,1247.81,925.035,50.2931,37.2837,0.56,0.415144,0.0,1,0.0069408885,0.2072447618,0.20335335376974978
ic5b00194_si_002_clean,8.53834,6.535,8.52358,0.823713,2522.95,3062.9,0.0,0.0,0.705,0.85588,0.0,1,0.0178916619,0.5423953744,0.5213693110277487
ic9002115_si_001_clean,5.30738,5.07102,5.30738,1.24196,982.107,790.77,0.0,0.0,0.4718,0.379883,0.0,0,0.0055098736,0.1605590562,0.16305549307512435
ICEGED_clean,7.44329,6.41787,7.44329,0.943252,2339.38,2480.12,0.0,0.0,0.7078,0.750383,0.0,1,0.0142519122,0.4187026953,0.41805137587375135
ICISAP_clean,8.79152,6.71431,8.77922,0.851648,2192.52,2574.44,0.0,0.0,0.6926,0.813247,0.0,1,0.0171664302,0.5012213495,0.5022967729560007
ICOYIK_clean,4.99706,3.19605,4.99329,1.57134,0.0,0.0,680.908,433.329,0.479,0.304835,0.0,1,0.0042766046,0.1300369573,0.12617215865437534
IDORIE_clean,8.97123,2.82772,8.97123,1.1689,0.0,0.0,1216.24,1040.5,0.5708,0.488322,0.0,1,0.0072738464,0.2124638526,0.21470904121762519
IFAGON_clean,7.26408,5.9349,7.24141,0.928559,1699.23,1829.96,0.0,0.0,0.6226,0.670501,0.0,1,0.0120488797,0.3532133744,0.3530765279017505
IGEXOH_clean,5.20725,4.43194,5.19154,1.26433,2211.95,1749.5,0.0,0.0,0.6598,0.521856,0.0,0,0.0099699193,0.2945432172,0.2920579289122507
IGINIX01_clean,5.76124,3.82869,5.74335,1.27239,1739.17,1366.85,0.0,0.0,0.5698,0.447817,0.0,1,0.0089113219,0.2555317048,0.2583805662696256
IGOJEV_clean,6.84915,5.33678,6.8307,1.1268,1367.78,1213.86,0.0,0.0,0.5334,0.473376,0.0,0,0.0084965486,0.2535530455,0.24913348660937484
IGUTUB_clean,5.90315,3.38592,5.90315,1.32404,833.844,629.77,0.0,0.0,0.479,0.36177,0.0,0,0.0050219573,0.1410733932,0.1469609808531254
IGUVIR01_clean,6.10337,3.92459,6.10337,1.30886,926.034,707.513,0.0,0.0,0.4778,0.365051,0.0,0,0.005329048,0.1543683751,0.15470338015962462
IHIMAP_clean,4.88033,3.6251,4.88017,1.94507,780.03,401.03,0.0,0.0,0.4326,0.222409,0.0,1,0.0023461417,0.0705950169,0.06993734053675021
IJANAJ_clean,4.15369,3.00882,3.95692,1.41576,0.0,0.0,379.295,267.908,0.456,0.322088,0.0,1,0.0027070559,0.0813962937,0.07965698155875
IJASIW_clean,4.37434,3.3575,4.37434,1.59147,425.39,267.294,17.0209,10.6951,0.4356,0.27371,0.0,0,0.0035219137,0.1035782642,0.10337824663049966
IJEXIF01_clean,6.79743,4.32524,6.79743,1.08441,2203.63,2032.1,0.0,0.0,0.6682,0.616187,0.0,1,0.012717298,0.37507189,0.37406468052724984
IJEXUR_clean,5.05755,2.858,5.05755,1.47624,0.0,0.0,568.715,385.245,0.4738,0.32095,0.0,1,0.0029249825,0.0882970223,0.0874014852
IKAYAU_clean,4.59122,3.56678,4.59122,1.61867,325.484,201.081,0.0,0.0,0.3984,0.246128,0.0,1,0.0016498283,0.0483430322,0.04819522103962491
IKETIB_clean,13.18345,6.57771,10.98623,0.873765,2179.56,2494.44,0.0,0.0,0.722,0.826309,0.0,1,0.0177333201,0.5087117787,0.5136996453281266
IKUMAE_clean,4.60449,3.27789,4.37551,1.23132,0.0,0.0,778.395,632.162,0.5064,0.411266,0.0,0,0.0045750007,0.1357726964,0.13469679623749964
IKUTUF_clean,8.78737,4.08662,8.78737,1.10967,2075.01,1869.94,0.0,0.0,0.6536,0.589005,0.0,1,0.0116560682,0.336469383,0.34586768366287607
ILIQEB_clean,4.39949,3.02292,4.39949,1.4504,0.0,0.0,557.364,384.284,0.4682,0.322808,0.0,1,0.0032419728,0.0979599488,0.09635999047350001
ILUHUT_clean,7.11344,3.21073,7.11344,1.51847,0.0,0.0,602.235,396.607,0.4872,0.32085,0.0,1,0.0037922318,0.1128081152,0.11046848625587521
ILUJIJ_clean,7.16071,3.15378,7.16071,1.52527,0.0,0.0,614.248,402.714,0.4956,0.324926,0.0,1,0.0035186622,0.1059254422,0.10541112389837495
IMAXUR_clean,9.35814,4.03338,9.35814,0.94009,1810.27,1925.64,0.0,0.0,0.6284,0.668447,0.0,1,0.0126266879,0.3779339647,0.37160272825975027
IMIDZB10_clean,11.74145,3.30578,11.74145,0.83399,0.0,0.0,1687.04,2022.86,0.7112,0.852768,0.0,0,0.0139389375,0.4167807286,0.4151301473841232
INAMUG_clean,5.65697,3.6533,5.65697,1.24473,444.163,356.836,0.0,0.0,0.424,0.340637,0.0,1,0.0025717451,0.0750605527,0.07600285645150007
INIRAA_clean,5.29891,3.4654,5.27682,1.58723,589.473,371.386,0.0,0.0,0.45,0.283514,0.0,1,0.0034033143,0.1001614195,0.09986242314562543
INIRAY_clean,6.42335,4.78031,6.35158,1.15007,1090.31,948.038,0.0,0.0,0.529,0.459971,0.0,1,0.0049872033,0.1438487972,0.14730245998750013
INOMOP_clean,5.26106,4.80157,5.24412,1.1048,1287.23,1165.13,0.0,0.0,0.553,0.500544,0.0,1,0.0081858422,0.2370584222,0.23796750557100055
IPIDUH_clean,5.17469,3.85894,5.16774,1.5676,1161.37,740.859,0.0,0.0,0.5352,0.341413,0.0,1,0.0044172939,0.1348247246,0.12968695129924998
IPIJUM_clean,5.58529,4.21049,5.58529,1.73559,1483.34,854.658,0.0,0.0,0.546,0.314591,0.0,1,0.0052017591,0.1554408791,0.1522587181641253
IQECIS_clean,8.1309,7.21043,8.08032,0.715898,2174.72,3037.76,0.0,0.0,0.7158,0.999863,0.0,0,0.020182988,0.5704252708,0.5918807527367496
IQEKOG_clean,6.56789,4.70003,6.53165,0.994726,2095.71,2106.82,0.0,0.0,0.6568,0.660283,0.0,1,0.012483731,0.3653921413,0.3675075119233741
IQOJEF_clean,6.3031,3.72946,5.90938,1.09859,1022.71,930.932,0.0,0.0,0.506,0.460592,0.0,1,0.0067648732,0.1996467508,0.19836528048724936
IRAHUF_clean,4.40761,3.65968,4.40667,2.37748,766.685,322.478,0.0,0.0,0.4662,0.19609,0.0,0,0.0056088852,0.165250679,0.16349997916299966
IRISAD_clean,3.55041,3.37764,3.54765,2.02637,457.974,226.007,0.0,0.0,0.5816,0.287016,0.0,0,0.0054542828,0.1612891296,0.16011779713362462
IROROY_clean,4.85913,3.35138,4.70737,1.53051,561.658,366.975,6.11842,3.99764,0.4798,0.313491,0.0,1,0.0042269278,0.1197303675,0.12353502440337544
ISENUQ_clean,5.97954,4.24278,5.90822,1.30449,1185.84,909.047,0.0,0.0,0.4938,0.37854,0.0,1,0.0057569868,0.1714852755,0.16924064586524978
ITAPIC_clean,5.53493,4.56275,5.50447,0.932577,3320.52,3560.59,0.0,0.0,0.7606,0.815589,0.0,1,0.0131360725,0.3848914938,0.3873732909099996
ITIBOD_clean,4.51038,3.48306,4.50833,2.426,458.262,188.896,79.7243,32.8625,0.4254,0.17535,0.0,1,0.0024436526,0.0720068446,0.07083606280649969
ITONAI_clean,5.09225,2.61139,5.0857,1.70543,0.0,0.0,1138.65,667.661,0.5116,0.299983,0.000234545,1,0.0050079298,0.1438605122,0.14473283608400028
IVEHEW_manual,8.08882,6.64746,8.02924,0.857961,1988.29,2317.45,0.0,0.0,0.6604,0.769732,0.0,0,0.0141987591,0.4251569662,0.41573789333637423
IVEQAC_clean,4.74809,3.58509,4.40546,1.51827,638.51,420.551,0.0,0.0,0.4406,0.290199,0.0,0,0.0040952835,0.1187386214,0.11976785983662515
IWAYEK_clean,9.36738,4.35185,9.36738,1.20213,1638.24,1362.78,0.0,0.0,0.576,0.479148,0.0,1,0.0084221279,0.2501246282,0.24863753715012596
IWELIG01_clean,4.6866,4.49829,4.6866,1.86798,511.71,273.938,140.313,75.1146,0.3994,0.213814,0.0,0,0.0038955128,0.1130493716,0.11454503377224945
IWIPIO_clean,5.10392,4.12276,5.06017,1.12645,2627.06,2332.16,0.0,0.0,0.6972,0.618936,0.0,1,0.009067226,0.2712343897,0.2638216561196239
IWOKUC_clean,6.55692,5.28768,6.53155,0.964561,1220.6,1265.44,0.0,0.0,0.5288,0.548229,0.0,0,0.0078254212,0.2264016853,0.2307852078743759
IXAMAW_clean,4.41975,3.25525,4.41975,1.96428,0.0,0.0,484.393,246.601,0.4794,0.244059,0.0,1,0.0048040964,0.1400923636,0.1408630249904995
IXAZEO_clean,4.95392,4.38313,4.95392,1.49539,968.887,647.917,0.0,0.0,0.4732,0.31644,0.0,1,0.0053777598,0.1602690179,0.1580198040845004
IXECET_clean,8.30942,3.60945,8.30942,1.54442,1337.53,866.043,0.0,0.0,0.5456,0.353273,0.0,0,0.0070070165,0.2096280559,0.20354372523274983
IXITOA02_clean,5.87166,2.682,5.66811,1.61112,0.0,0.0,853.166,529.548,0.493,0.305998,0.0,0,0.0045011755,0.1308860172,0.13175642517775038
IXUHUE_clean,4.06107,2.8241,4.06045,2.03817,0.0,0.0,221.814,108.83,0.4134,0.202829,0.0,1,0.0017174615,0.050482106,0.050854056102000056
IYAJUP_clean,6.42992,4.57524,6.40815,1.20914,1470.44,1216.1,0.0,0.0,0.515,0.425922,0.0,1,0.0089284409,0.2598931914,0.2596671334536249
IYAKIE_clean,7.40162,5.12822,7.38112,0.935395,2309.49,2469.0,0.0,0.0,0.6746,0.721193,0.0,1,0.0132683991,0.3900000366,0.3904822469431251
IYEPUZ_clean,9.24057,8.58239,9.23056,0.696077,2043.12,2935.2,0.0,0.0,0.7082,1.01742,0.0,1,0.0208098044,0.6102950448,0.6061089734723769
IYESUC_clean,9.19521,5.52341,9.19263,0.879294,1974.29,2245.31,0.0,0.0,0.637,0.724444,0.0,1,0.0148477404,0.4375942746,0.4283345630536241
IYOBAA_clean,7.42959,4.86526,7.42403,1.59483,1008.69,632.478,0.0,0.0,0.5194,0.325678,0.0,1,0.0038658495,0.1155793901,0.11259599979225003
IYOVOI_clean,4.90778,3.0823,4.90381,1.55739,0.0,0.0,1124.1,721.784,0.4976,0.319508,0.0,0,0.0058763589,0.1712098672,0.1715711686233746
IYUCEM_clean,9.38043,8.88789,9.38043,1.09901,1267.7,1153.49,0.0,0.0,0.5774,0.525384,0.0,1,0.0084980112,0.2531151467,0.2519827313335001
IZEBAR_clean,6.51824,4.42782,6.29573,1.10634,2352.12,2126.04,0.0,0.0,0.625,0.564928,0.0,1,0.0119370716,0.3431181838,0.35167611785212394
IZENEI_clean,10.5915,5.77104,6.52601,1.2271,1126.31,917.867,613.387,499.868,0.6526,0.531824,0.0,0,0.0115318449,0.32539936,0.3342252188656241
IZEPAF_clean,24.1004,7.53546,24.1004,0.570649,1958.05,3431.26,0.0,0.0,0.7816,1.36967,0.0,1,0.0285687317,0.8183828353,0.8492308419646254
IZEQUB_clean,6.84955,5.26119,6.84595,0.91964,1931.75,2100.55,0.9049,0.983971,0.6246,0.679179,0.0,1,0.0122800688,0.3613558599,0.35956842937350153
IZEVAM_clean,6.17073,2.80655,6.17073,1.67496,0.0,0.0,807.555,482.134,0.551,0.328963,0.0,1,0.0038366283,0.1110271506,0.11200070523200009
IZUMUM_clean,5.57902,4.64149,5.57902,1.29431,1246.48,963.048,0.0,0.0,0.5324,0.411338,0.0,0,0.0053521998,0.1583605965,0.1563781860158753
ja039022msi20031007_110612_clean,4.94587,4.56356,4.94587,1.87531,744.519,397.011,0.0,0.0,0.4438,0.236654,0.0,0,0.0026898105,0.0766872013,0.07781726417250008
ja205976v_si_006_clean,11.60788,10.85998,11.60788,1.12671,1551.48,1377.0,0.0,0.0,0.6348,0.563411,0.0,1,0.0129210603,0.3792581917,0.3749667263355002
ja3082523_si_004_clean,15.27185,8.36501,15.01039,0.495502,2200.94,4441.83,0.0,0.0,0.774,1.56205,0.0,0,0.0307495851,0.8865803271,0.8967764412399962
ja406030p_si_004_clean,12.47571,8.72571,12.47571,0.678618,1920.17,2829.53,0.0,0.0,0.7566,1.11491,0.0,1,0.0225348686,0.6594633324,0.6624429632757491
ja406030p_si_008_manual,11.82924,9.14708,11.82924,0.688549,2055.52,2985.28,0.0,0.0,0.7528,1.09331,0.0,1,0.0216855687,0.6381419732,0.6340537472577535
ja408959g_si_003_clean,17.33749,14.32817,17.33749,0.750299,1914.17,2551.21,1.3371,1.78209,0.7272,0.969213,0.00026656,0,0.0190911182,0.5555551521,0.5534628673975
ja500330a_si_007_auto,19.46238,14.48757,19.44715,0.798895,1320.38,1652.76,18.6426,23.3354,0.7758,0.971091,0.000500691,0,0.0183113754,0.545358226,0.543451315397624
ja500330a_si_009_auto,10.23354,4.21372,10.21937,1.02655,1874.68,1826.19,0.0,0.0,0.6604,0.643319,0.0,0,0.0115241547,0.3323353412,0.3405676274370018
ja5063423_si_002_clean,10.81396,5.19047,10.74347,0.995074,2374.31,2386.06,0.0,0.0,0.7264,0.729996,0.0,1,0.0150074216,0.4384301225,0.4438583730009997
ja507947d_si_001_auto,17.5271,9.15991,17.51275,0.493165,2044.36,4145.4,0.0,0.0,0.8062,1.63475,0.000405544,0,0.0320016057,0.9625896736,0.9300150328409965
ja510525s_si_002_clean,11.55111,8.31224,11.55111,1.02928,1660.34,1613.11,402.375,390.929,0.6934,0.673676,0.000194311,1,0.0145166799,0.4243340653,0.41992668300687674
ja510525s_si_003-1_clean,10.94267,8.40951,10.74622,0.792307,2099.13,2649.38,0.0,0.0,0.6954,0.87769,0.000252427,1,0.0179205474,0.5388566248,0.5231583338692481
ja512762r_si_002_auto,13.2428,11.09142,13.2428,0.709182,2154.21,3037.6,0.0,0.0,0.7414,1.04543,0.0,0,0.0187501372,0.5548276627,0.5446736121222506
ja5b02556_si_002_clean,4.73869,3.95041,4.3237,1.15657,768.798,664.724,0.0,0.0,0.4702,0.406548,0.0,0,0.0053102102,0.1505506271,0.1542796386912495
ja5b02777_si_007_clean,3.83564,2.70894,3.82162,1.41439,0.0,0.0,317.43,224.428,0.523,0.36977,0.0,1,0.0044036948,0.1265451354,0.13021169285587472
ja5b02897_si_003_clean,11.87679,10.79351,11.87679,1.06888,1595.23,1492.43,0.0,0.0,0.6484,0.606614,0.0,1,0.0138613826,0.4005908748,0.40311783030262616
ja903726m_si_002_clean,12.24865,4.72993,12.24865,0.820334,2060.46,2511.73,0.0,0.0,0.6832,0.832831,0.0,0,0.0157437028,0.4616434102,0.46095147434962525
ja905009e_si_002_clean,7.4254,5.9743,7.38064,1.40157,2795.33,1994.43,0.066678,0.0475737,0.7066,0.504148,0.0,1,0.0098132539,0.2922153702,0.28428388855074965
jacs.6b01345_ja6b01345_si_001_clean,20.28746,11.03087,20.28746,0.706861,1313.51,1858.23,15.0052,21.228,0.6976,0.986898,0.0,1,0.0206875229,0.6104055219,0.6056265100555
jacs.6b02030_ja6b02030_si_002_clean,9.27827,8.57062,9.27827,1.61278,1536.21,952.52,0.0,0.0,0.6184,0.383437,0.0,1,0.0077295046,0.2266802446,0.2254235257036254
JAHXUM_clean,7.72066,3.25313,7.71275,1.33561,0.0,0.0,1473.1,1102.94,0.5822,0.435905,0.0,1,0.0074353903,0.2186391453,0.21730000973300018
JAKBIJ_clean,5.97609,4.07891,5.95911,0.794839,2068.46,2602.36,0.0,0.0,0.6772,0.851997,0.0,0,0.0137043283,0.4011164152,0.4057936305497492
JEDKEJ_clean,11.82785,6.92938,11.82019,0.805938,1577.17,1956.93,0.028495,0.0353563,0.6606,0.819666,0.0,0,0.0132189014,0.3907235367,0.3875976697247502
JEJWOL_clean,9.81493,7.51137,9.63023,0.647443,2248.07,3472.22,0.0,0.0,0.754,1.16458,0.0,1,0.0237659328,0.7053510028,0.6928120932679992
JETZAK_clean,6.92889,6.03574,6.92889,0.751805,1979.79,2633.39,0.0,0.0,0.6492,0.863522,0.0,1,0.0161755692,0.480399704,0.46716091903425166
JILWIL_clean,8.24655,3.54646,8.24655,1.48902,1339.88,899.835,0.0,0.0,0.545,0.366011,0.0,0,0.0074425364,0.2175447124,0.2180681713581257
j.inoche.2014.12.007_INC05825-mmc2_clean,5.53363,2.96045,4.54126,1.53062,0.0,0.0,251.591,164.372,0.4336,0.283283,0.0,1,0.0014934411,0.0438218689,0.04451317407300006
j.inoche.2015.01.025_INC05862-mmc2_clean,4.92906,3.897,4.88525,1.27844,1610.15,1259.46,0.0,0.0,0.5778,0.451957,0.0,0,0.0082021287,0.2391049872,0.2406646194943749
j.inoche.2015.05.017_inc05998-mmc2_clean,4.9133,2.71797,4.44189,1.45487,0.0,0.0,361.134,248.224,0.4356,0.299408,0.0,0,0.0026558673,0.0756452498,0.07890676820424986
j.inoche.2015.06.004_1_clean,4.49265,3.05894,4.49265,1.41453,0.0,0.0,702.521,496.647,0.481,0.340043,0.0,0,0.0041737806,0.1247006598,0.12333138113174988
j.inoche.2015.06.036_inc06102-mmc1_clean,4.53773,3.33225,4.53773,1.95892,255.13,130.241,118.212,60.3457,0.3582,0.182856,0.0,0,0.0019976659,0.0585932057,0.05954035737337489
j.inoche.2015.06.036_inc06102-mmc3_clean,4.50589,3.34598,4.50589,1.9208,295.09,153.629,144.568,75.2642,0.3866,0.20127,0.0,1,0.0027693523,0.0809160683,0.08131341041287497
JIVSEN_clean,4.65844,4.22522,4.64209,1.94999,466.538,239.251,0.0,0.0,0.392,0.201026,0.0,1,0.0015759904,0.046464359,0.047309194235499896
JIXWUJ01_clean,4.91458,3.91959,4.91458,1.63925,888.533,542.037,0.0,0.0,0.4672,0.285009,0.0,0,0.0032828591,0.0963238131,0.09712168014537519
JIZJUZ_clean,10.30863,9.86894,10.26273,1.07331,1114.06,1037.97,0.0,0.0,0.5706,0.531626,0.0,0,0.0084138828,0.2477059595,0.24748794669412447
JOFGOC_clean,5.75292,4.66172,5.55476,1.28873,519.931,403.445,222.923,172.979,0.4708,0.365321,0.0,1,0.003812837,0.1087329243,0.11282992042037503
JOJLOK_clean,3.68436,2.87211,3.37819,2.10414,0.0,0.0,30.0716,14.2916,0.4164,0.197895,0.0,1,0.001679281,0.0486791392,0.05005177899499997
JOKXOW_clean,4.65344,3.95436,4.65249,1.5749,718.186,456.019,0.0,0.0,0.5018,0.318622,0.0,1,0.0026934471,0.0788953157,0.08045385199912426
JOQSOZ_clean,6.10079,4.1274,6.09895,1.15948,1782.04,1536.94,0.0,0.0,0.5942,0.512473,0.0,1,0.0076949369,0.2276967806,0.22738558448712506
JORLEJ_clean,9.51377,6.43314,9.51377,0.798695,1989.75,2491.25,0.0,0.0,0.6678,0.836114,0.0,1,0.0149942141,0.4404024664,0.4412820847996271
JOSNAG_clean,4.31831,3.47722,4.26587,1.49368,756.727,506.618,0.0,0.0,0.503,0.336751,0.0,1,0.0038663498,0.1149725695,0.11328330154587514
jp2064408_si_002_clean,12.93309,6.73336,12.93309,0.876804,2105.23,2401.03,0.0,0.0,0.7182,0.819111,0.0,1,0.0176199133,0.5195391669,0.5147393286611259
JUGQOT_clean,6.35365,5.03774,6.35365,1.16137,2402.86,2068.99,0.0,0.0,0.662,0.570019,0.0,1,0.0114431569,0.3356033231,0.3381536621616243
JUJZEV_clean,4.10763,3.18777,4.0924,1.57643,0.0,0.0,241.65,153.29,0.392,0.248663,0.0,1,0.0020764931,0.0612883848,0.060043054290999584
JUMCOL_clean,7.85155,7.4129,7.84422,0.988066,1824.14,1846.18,0.0,0.0,0.6392,0.646921,0.0,0,0.0128377887,0.379553308,0.3763404562684989
JUMCUR_clean,6.66565,6.12054,6.47961,1.03261,1670.88,1618.12,0.0,0.0,0.6176,0.598098,0.0,0,0.0117648172,0.343545646,0.3469128377039996
JUMDEC_clean,6.63074,6.11727,6.62182,1.03639,1700.67,1640.96,0.0,0.0,0.617,0.595335,0.0,0,0.0116926847,0.3430966209,0.34390393267600095
JUNBOL_clean,4.23505,3.57437,4.22469,1.56146,719.857,461.015,0.0,0.0,0.4554,0.29165,0.0,0,0.0034892583,0.1023208249,0.10306522111512495
JUQVAU_clean,7.11924,4.2578,6.73222,1.25075,1718.51,1373.98,0.35167,0.281167,0.5804,0.464042,0.0,1,0.0090157386,0.2583453658,0.2619720483312508
JUYROM_clean,6.54798,4.58648,6.32354,0.991599,1825.87,1841.34,0.0,0.0,0.6014,0.606495,0.0,0,0.0116049705,0.3406395083,0.341656254451126
jz4002345_si_003_clean,8.23229,4.10889,8.23229,1.21659,1653.43,1359.07,0.0,0.0,0.5956,0.489565,0.000164394,0,0.0084298493,0.2548068009,0.2480651827855006
jz4002345_si_005_clean,8.17701,3.85924,8.17701,1.11826,1495.8,1337.62,0.0,0.0,0.578,0.516876,0.00017885,0,0.0089630056,0.2635301725,0.2642473673618751
KABXES_clean,5.52619,4.96961,5.37117,1.18279,1951.27,1649.71,0.0,0.0,0.6294,0.53213,0.0,1,0.0102482566,0.2996343017,0.30008842062324986
KABXIW_clean,5.62028,4.9456,5.38973,1.141,1960.49,1718.22,0.0,0.0,0.6228,0.545837,0.0,1,0.0104981634,0.3110019787,0.3053086205866235
KADLUZ_clean,14.27976,9.75466,14.27887,0.875377,1931.83,2206.85,0.0,0.0,0.6958,0.794857,0.0,1,0.0152861842,0.4502292202,0.45005111160412753
KAHKUB01_clean,4.31258,2.65379,4.3124,0.999225,0.0,0.0,692.575,693.112,0.5222,0.522605,0.0,0,0.0067010736,0.1956651248,0.1978078686162505
KAHKUB_clean,4.39885,2.69675,4.39711,0.991264,0.0,0.0,733.27,739.732,0.5264,0.531039,0.0,0,0.0069189103,0.1997355602,0.20218238254087503
KAHYOJ_clean,8.86827,4.20402,8.86827,1.11868,2254.43,2015.26,0.0,0.0,0.7004,0.626094,0.0,1,0.0117394144,0.345388085,0.3450025289132496
KAHYUP_clean,8.96058,4.23716,8.87271,1.11708,2278.94,2040.08,0.0,0.0,0.7126,0.637912,0.0,1,0.0115874908,0.3461819525,0.33804000953224866
KALFOU_clean,6.46523,4.80891,6.4631,0.94279,1718.26,1822.53,0.0,0.0,0.5936,0.629621,0.0,0,0.0116233327,0.3437739032,0.342126851914501
KALGEL_clean,6.46285,4.62415,6.46285,0.930333,1709.53,1837.55,0.0,0.0,0.6066,0.652024,0.0,0,0.0118422137,0.3436330143,0.3470476930178748
KASPOL_clean,4.03994,2.92862,4.03247,1.66595,0.0,0.0,166.892,100.178,0.4152,0.249227,0.0,1,0.0021999749,0.0665630184,0.06515205137787496
KASRAZ_clean,6.01546,4.14091,6.00986,0.986437,2302.7,2334.36,0.0,0.0,0.6452,0.654071,0.0,1,0.0126982454,0.3744539731,0.3760005460413751
KASRED_clean,7.65199,6.36839,7.38295,0.889824,2356.91,2648.74,0.0,0.0,0.6808,0.765095,0.0,1,0.0153121699,0.4507591437,0.44853128773337425
KAVJEX01_clean,9.52843,6.46475,9.52268,1.03139,1993.36,1932.71,0.0,0.0,0.6454,0.62576,0.0,0,0.0114675164,0.3444288138,0.338510136188251
KAVNIH_clean,8.43697,7.72021,8.43697,1.03874,1070.95,1031.01,0.0,0.0,0.5158,0.496565,0.0,0,0.0077072529,0.2270930844,0.22729110137737524
KAYBIX_clean,5.6946,5.49039,5.6894,1.21439,1338.7,1102.37,0.0,0.0,0.5044,0.415354,0.0,1,0.0088681744,0.2667864476,0.2591302124642516
KAYBUJ_clean,5.49315,5.23582,5.46639,1.19412,1383.3,1158.42,0.0,0.0,0.511,0.427931,0.0,1,0.0089067582,0.2621503033,0.2578650610652506
KECRAL12_clean,6.84524,5.44973,6.84445,1.04937,2682.68,2556.47,0.0,0.0,0.7656,0.729579,0.0,1,0.0127599805,0.3672505252,0.37395256905212476
KEDJAG04_clean,5.58759,4.3837,5.56019,1.07026,3013.15,2815.34,0.0,0.0,0.6894,0.644141,0.0,0,0.0122295855,0.3580534226,0.35896142383800106
KEDJAG08_clean,5.61357,4.40385,5.61357,1.06606,3021.96,2834.71,0.0,0.0,0.6918,0.648934,0.0,0,0.0118940359,0.3584369078,0.3523448901780005
KEDJAG10_clean,5.6275,4.42824,5.62604,1.06272,3031.79,2852.86,0.0,0.0,0.692,0.651159,0.0,0,0.0121157383,0.3614308893,0.3602181141276274
KEDQAN_clean,6.47084,4.69781,6.47084,1.24227,903.446,727.254,0.0,0.0,0.4856,0.390897,0.0,0,0.0050678794,0.1527901085,0.14622268706800035
KEFFEI01_clean,3.96931,2.79019,3.96931,2.17482,0.0,0.0,235.891,108.464,0.421,0.193579,0.0,0,0.0017195422,0.0526143436,0.05143521964075007
KEGZOL04_clean,6.38911,4.90295,6.38911,0.984664,2559.58,2599.45,0.0,0.0,0.7106,0.721667,0.0,0,0.0121231875,0.3672141706,0.36138976124012473
KEJBOQ_clean_h,5.17871,3.9347,5.17066,1.30921,1037.24,792.266,0.0,0.0,0.5384,0.411242,0.0,1,0.0065912018,0.1917319702,0.19284607243874968
KEJHIQ_clean_h,5.28754,3.98518,5.28525,1.29873,1052.26,810.224,0.0,0.0,0.5454,0.41995,0.0,1,0.0065882808,0.1937138582,0.1931016833357498
KESBOA_clean,6.05718,4.26017,6.04665,0.970091,1926.33,1985.72,0.0,0.0,0.5956,0.613963,0.0,1,0.0098856637,0.2926693671,0.2905578262914997
KETHEY01_clean,5.27207,3.57986,5.2523,1.48689,974.284,655.251,0.0,0.0,0.4998,0.336139,0.0,1,0.0051433637,0.1484490835,0.15167838218750057
KETHEY02_clean,5.25403,3.55446,5.25403,1.49143,984.672,660.22,0.0,0.0,0.4862,0.325996,0.0,1,0.0050417337,0.1472118482,0.1485124666140009
KEXFAU_clean,4.63469,3.96609,4.63178,0.913347,1885.16,2064.02,0.0,0.0,0.6022,0.659333,0.0,1,0.0098120965,0.2771521182,0.2872688545253743
KEYYET_clean,4.99758,4.16066,4.97856,2.73182,2341.44,857.098,0.0,0.0,0.6236,0.228273,0.0,1,0.0039758564,0.1154425238,0.11610198714212437
KIBDEF_clean,4.31904,3.92279,4.31686,2.00589,798.722,398.188,0.0,0.0,0.4762,0.2374,0.0,1,0.003517801,0.1056432258,0.10365812860762504
KIFKAM_clean,4.32056,3.04859,4.3059,1.22885,0.0,0.0,513.614,417.963,0.4718,0.383936,0.0,1,0.0056869036,0.165281394,0.16774221871662454
KIHTOL_clean,3.42127,2.72486,3.41659,1.85521,0.0,0.0,5.86364,3.16063,0.37,0.199438,0.0,0,0.0011652673,0.0340767509,0.03472708584212515
KINDOC_clean,6.25246,5.98089,6.23061,1.0194,1977.32,1939.7,0.0,0.0,0.6526,0.640183,0.0,1,0.0109772085,0.3251379067,0.32368582041212496
KINNIG_clean,5.23856,4.20025,5.23856,0.934994,2808.15,3003.39,0.0,0.0,0.672,0.718721,0.0,0,0.0143613181,0.4237110154,0.422100080012002
KIPJOK_clean,7.22312,5.53705,7.21754,1.64475,1067.63,649.113,0.0,0.0,0.4574,0.278097,0.0,1,0.0042464068,0.1266995558,0.12383153402237448
KIXXOG_clean,3.83742,2.67446,3.83742,1.17163,0.0,0.0,569.53,486.1,0.497,0.424195,0.0,1,0.0066199068,0.1945706867,0.19394022929900043
KIYJAF_clean,4.42735,3.01997,4.40418,1.42645,0.0,0.0,169.046,118.508,0.388,0.272003,0.0,1,0.0012488618,0.0387731857,0.03712352766112488
KIYMAI01_clean,3.96338,2.94053,3.95389,1.3163,0.0,0.0,708.711,538.412,0.5024,0.381676,0.0,1,0.0063123214,0.1864557862,0.18599408943775053
KIYMAI_clean,3.94719,2.95812,3.9422,1.32079,0.0,0.0,688.618,521.369,0.5008,0.379167,0.0,1,0.0060824436,0.1838297942,0.17763336390037587
KIYMEM01_clean,4.08262,3.10639,4.06575,1.48391,0.0,0.0,715.022,481.85,0.5052,0.340452,0.0,1,0.0056476552,0.1631063279,0.16733096546549991
KIYTOD_clean,14.38752,6.75209,13.57035,0.794229,1901.95,2394.72,0.0,0.0,0.7144,0.899489,0.0,1,0.0188258912,0.5508540126,0.5474813847322502
KOFPEB03_clean,7.32397,5.11399,7.32397,1.7716,886.883,500.612,0.0,0.0,0.461,0.260217,0.0,0,0.0032371273,0.0992575181,0.0957092059473754
KOFPEB04_clean,7.23942,4.91036,7.23942,1.7997,891.039,495.105,0.0,0.0,0.4576,0.254265,0.0,0,0.0032548347,0.0956407892,0.09610655681000038
KOHDIW_clean,6.97684,4.55031,6.84951,0.806536,2130.46,2641.49,0.0,0.0,0.6532,0.809883,0.0,1,0.0144260455,0.4274696957,0.42317147851450043
KOJTOU_clean,6.48228,4.55814,6.48011,1.0623,1935.66,1822.14,0.0,0.0,0.6082,0.57253,0.0,1,0.0102208619,0.3009455417,0.30113517565374986
KOJZUF_clean,5.27662,4.93416,5.27372,1.16508,1131.52,971.191,0.0,0.0,0.5138,0.440998,0.0,1,0.0058350233,0.1691659765,0.17180327823724975
KOKDEU_clean,4.24386,2.61295,4.22346,1.55501,0.0,0.0,115.696,74.4025,0.4252,0.273439,0.0,1,0.0013879091,0.0406594657,0.03966234597375016
KOMVIT_clean,5.90535,4.58324,5.82203,1.08467,916.631,845.08,0.0,0.0,0.4426,0.408051,0.0,1,0.0059178955,0.172655544,0.17448963671362422
KOSKEK_clean,11.20845,9.89743,11.20845,1.17889,1581.37,1341.4,0.0,0.0,0.6412,0.543901,0.0,1,0.0121185419,0.3601851474,0.35345743304299915
KOSKIO01_clean,11.01399,9.78872,11.01003,1.18277,1548.2,1308.96,0.0,0.0,0.6322,0.534508,0.0,1,0.0118033351,0.3469660531,0.3471989993463759
KOSKUA_clean,11.38797,10.70957,11.38797,1.17105,1531.31,1307.64,0.0,0.0,0.6356,0.542761,0.0,1,0.0124230637,0.3638839294,0.36347310328250027
KOSLUB_clean,10.96072,9.79504,10.96072,1.20031,1612.87,1343.71,0.0,0.0,0.6478,0.539695,0.0,1,0.0119445787,0.345868413,0.34932414974687215
KOSMAI_clean,11.0184,9.87166,11.0184,1.18797,1537.56,1294.27,0.0,0.0,0.6322,0.532166,0.0,1,0.011596759,0.350499218,0.3331540776882487
KUCDOD_clean,4.90891,3.62196,4.90891,1.35907,1386.6,1020.26,0.0,0.0,0.5556,0.40881,0.0,1,0.0073080347,0.2173308058,0.21575016093025035
KUFTAI_clean,6.13135,4.37055,6.10622,0.966131,1917.87,1985.1,0.0,0.0,0.596,0.616894,0.0,1,0.011412907,0.3427645389,0.33553202441287483
KUHNEI_clean,4.79446,3.77144,4.77823,1.53468,1318.31,859.009,0.0,0.0,0.5006,0.326191,0.0,1,0.0068206503,0.1945562544,0.20009890332175026
KUJMIN_clean,6.57892,5.89807,6.49701,1.10785,2422.79,2186.93,0.0,0.0,0.699,0.630954,0.0,1,0.0130451316,0.3857145912,0.3785444913661238
KUJNOT_clean,8.23736,6.10049,8.23736,1.05875,1568.61,1481.57,0.0,0.0,0.6114,0.577473,0.0,1,0.0104783596,0.3006809224,0.3057836005112499
KUKZOH_clean,7.44729,5.70388,7.44729,0.883784,2165.19,2449.91,57.8203,65.4236,0.6614,0.748373,0.0,1,0.0147051606,0.4202879802,0.43318109277612626
KUTRUO_clean,6.83473,3.59668,6.83473,1.18846,813.826,684.776,8.77654,7.38483,0.5106,0.429633,0.0,0,0.0053357023,0.1579260628,0.1561426999838747
KUXLUL_clean,5.74302,5.27685,5.74302,1.21834,2265.85,1859.79,0.0,0.0,0.629,0.516277,0.0,1,0.0108415684,0.3248059311,0.3175461348502499
KUXVIJ_clean,4.0859,2.79794,4.06826,1.96099,0.0,0.0,203.003,103.521,0.4398,0.224274,0.0,1,0.0011073766,0.0327361352,0.033059942433500085
LADKEJ_clean,5.28453,4.80173,5.27514,1.43501,1453.93,1013.18,0.0,0.0,0.553,0.385362,0.0,0,0.0068953809,0.1954618707,0.20450473399587493
LADQEP_clean,6.40577,5.56715,6.25288,1.14819,702.645,611.957,670.065,583.581,0.5642,0.49138,0.0,1,0.0082356299,0.2408218053,0.24032309243199987
LAFROB_manual,12.50276,5.7361,12.50276,0.712849,1639.29,2299.63,251.853,353.304,0.6904,0.968508,0.0,0,0.0189795445,0.5613880881,0.5523113673949999
LAGBUS_clean,7.74875,6.13477,7.74875,1.18661,1504.44,1267.85,0.0,0.0,0.5684,0.479013,0.0,1,0.0075898249,0.2276078877,0.22320579211924987
LAGDII_ion_b,7.42765,5.89687,7.42765,1.85675,752.998,405.546,104.015,56.0201,0.501,0.269826,0.0,1,0.0032406272,0.0973735264,0.09546670728537494
LAGHIL_clean,4.99697,4.10291,4.99697,1.2735,911.527,715.766,0.0,0.0,0.5088,0.399529,0.0,1,0.0058421452,0.1679650597,0.1717555536844998
LAGNOY_clean,7.14061,4.94756,7.14061,1.20532,1458.34,1209.92,0.0,0.0,0.5588,0.463613,0.0,1,0.0091748756,0.2678412909,0.2714591182792493
LAGNUE_clean,5.28866,4.84747,5.2531,1.29946,1308.25,1006.77,0.0,0.0,0.533,0.410171,0.0,1,0.007330367,0.2173701491,0.21554025207525007
LAGWEX_clean_h,6.67772,5.77243,6.67772,1.37946,1565.15,1134.61,0.0,0.0,0.5916,0.428865,0.0,1,0.0080473525,0.2325528625,0.23676872918837577
LAHVAU_clean,7.77112,5.22128,7.77112,1.02459,1747.86,1705.92,54.8522,53.5358,0.6324,0.617222,0.0,1,0.0111523689,0.3321080584,0.3230815694481258
LALFEL_clean,6.13469,4.34629,6.1328,1.17934,2824.52,2395.0,0.0,0.0,0.6914,0.58626,0.0,1,0.0113336429,0.3295435535,0.33480048122187533
LALPIZ_clean,4.79448,3.30829,4.79412,1.45261,0.0,0.0,490.589,337.73,0.4296,0.295744,0.0,1,0.0029845005,0.0879476677,0.08798227991062527
LAMHAI_clean,5.00396,3.88434,5.00066,1.56799,698.006,445.161,0.0,0.0,0.506,0.322707,0.0,1,0.0027084171,0.0788803457,0.08034281756762446
LASMAV_neutral,8.35947,4.46891,5.6634,1.04829,1752.03,1671.32,0.0,0.0,0.5968,0.569309,0.0,1,0.0102862547,0.297614576,0.29876059824087464
LASREF_clean,11.04017,10.09881,11.0096,0.804882,1997.85,2482.17,0.0,0.0,0.781,0.970328,0.0,1,0.0200103724,0.5910747498,0.5847109714666258
LAVCUJ_clean,4.43208,3.98772,4.43094,2.2011,1075.88,488.794,0.0,0.0,0.5356,0.243333,0.0,1,0.0022105732,0.0628214343,0.06638353714312524
LAVTUZ_clean,6.84748,6.45021,6.84748,1.66996,1548.02,926.977,0.0,0.0,0.5682,0.340247,0.0,0,0.007292356,0.2172270819,0.21473436300512586
LAVZOA_clean,4.97897,3.76472,4.96668,2.4043,872.519,362.9,0.0,0.0,0.4822,0.200558,0.0,1,0.0029646092,0.0866389417,0.08796836416674982
LAVZUG_clean,9.32038,5.88413,9.23158,1.53681,2188.0,1423.72,0.0,0.0,0.709,0.461344,0.0,1,0.0091831791,0.2721030192,0.2707050090725
LAZJAZ_SL,5.50863,3.38524,5.50863,1.27617,503.423,394.478,0.0,0.0,0.464,0.363587,0.0,1,0.0037901862,0.1119567255,0.11184283038425026
LAZXOB_clean,9.34691,6.36719,9.34691,1.04439,1784.83,1708.97,0.0,0.0,0.6322,0.605329,0.0,1,0.0115851965,0.3410523422,0.3396832131383762
LECGEH_clean,4.6023,3.38182,4.58013,1.08823,903.939,830.653,0.0,0.0,0.5422,0.498241,0.0,1,0.0072341476,0.2118215166,0.20757397461437532
LECGIL_clean,10.08545,7.23049,10.05263,0.936646,2086.42,2227.54,0.0,0.0,0.727,0.776173,0.0,1,0.0140976217,0.4144694465,0.4118949376236263
LEDHEJ_clean,5.17343,4.21878,5.16848,1.58915,678.436,426.917,0.0,0.0,0.4584,0.288456,0.0,1,0.0034934311,0.1033624122,0.10221180860900027
LEDPIU_clean,4.54615,3.26956,4.38676,1.31264,0.0,0.0,520.868,396.808,0.4608,0.351047,0.0,1,0.0031567595,0.0921272855,0.0938462463679995
LEGGEK_clean,4.38053,3.59011,4.38053,1.51154,471.927,312.216,0.0,0.0,0.4872,0.32232,0.0,1,0.0040147665,0.1175849701,0.11746739149775
LEMVOP_clean,5.28106,3.76828,5.22671,1.49221,559.092,374.674,165.129,110.661,0.47,0.314969,0.0,0,0.0031625712,0.0928973161,0.0941844759901246
LEPLAV_clean,5.24767,2.93049,5.24767,1.69706,0.0,0.0,535.21,315.375,0.446,0.262807,0.0,1,0.0034191569,0.098645352,0.10148861908837548
LEQQAA_clean,5.52925,4.85253,5.5277,0.807375,2409.06,2983.81,0.0,0.0,0.6688,0.828364,0.0,1,0.0145845584,0.4387018766,0.42934703434500066
LEQQII_clean,8.74289,7.28376,8.74289,0.770513,1869.68,2426.54,0.0,0.0,0.6812,0.884086,0.0,1,0.0157032541,0.4648486577,0.4638558514899996
LESWAI_clean,5.70322,4.2936,5.70044,1.41973,1194.97,841.693,0.0,0.0,0.5074,0.357393,0.0,0,0.0058324484,0.171796162,0.17071781175225037
LETPUX_clean,17.65528,16.43472,17.65528,1.06966,1482.59,1386.05,0.0,0.0,0.7454,0.69686,0.0,1,0.0123939025,0.3689724111,0.36435193385237563
LETQAE_clean,18.31927,17.55519,18.31927,0.940384,1367.76,1454.47,0.0,0.0,0.7778,0.827109,0.0,1,0.0151938631,0.4465881882,0.44451970183287615
LEVBAQ_clean,5.71097,4.52955,5.6806,2.00382,1507.28,752.202,0.0,0.0,0.5374,0.268188,0.0,1,0.0058800342,0.1703227509,0.17257436173287435
LEYPAI_clean,5.73576,4.86589,5.73576,1.67394,1567.04,936.138,0.0,0.0,0.5778,0.345174,0.0,1,0.0059847737,0.1762229252,0.1757487895141245
LIBQIY_clean,9.48211,4.09783,9.48211,1.10251,2123.81,1926.34,0.0,0.0,0.703,0.637636,0.0,1,0.01180284,0.3513734704,0.34479409750225054
LIDWIG_clean,6.16997,4.49229,6.14357,1.15777,1073.38,927.108,0.0,0.0,0.4856,0.419428,0.0,0,0.0063796985,0.1848114615,0.1876215319692505
LIFSEA_clean,5.51731,3.61848,5.51731,1.29733,1177.02,907.264,0.0,0.0,0.5102,0.393268,0.0,0,0.0054925573,0.1632592081,0.16064402455512528
LIFWOO_clean,4.98366,4.55513,4.98366,1.07707,1107.59,1028.34,0.0,0.0,0.5242,0.486692,0.0,0,0.0067667041,0.2012588586,0.19779706726137417
LIJNOJ01_clean,4.91078,3.67872,4.91078,1.2863,552.942,429.872,0.0,0.0,0.425,0.330406,0.0,0,0.003316559,0.1001891609,0.09759130293450002
LIQDAS_clean,12.80393,5.86346,12.80393,0.732254,1996.94,2727.12,0.0,0.0,0.725,0.990093,0.0,1,0.0198874417,0.5865390452,0.5805232571741231
LIQFEY_clean,5.32747,3.70757,5.32747,1.44986,1251.71,863.334,0.0,0.0,0.5234,0.361001,0.0,0,0.006160307,0.1878911466,0.18062929845262482
LIRNOR_clean,5.98787,3.62357,5.98787,1.13373,1270.63,1120.75,0.0,0.0,0.5214,0.459897,0.0,0,0.0074581818,0.2196157411,0.22006450815899994
LITDAV_clean,6.01025,4.24331,5.99992,1.01002,1613.71,1597.7,0.0,0.0,0.5946,0.588704,0.0,1,0.0099361745,0.2907568584,0.2933060217706264
LITHUR_clean,5.86756,4.66068,5.8615,1.85218,2577.81,1391.77,0.0,0.0,0.691,0.373074,0.0,0,0.0060380086,0.1766806555,0.1791663885394995
LIWFUS_clean,3.67914,2.67797,3.2816,1.83207,0.0,0.0,59.4389,32.4436,0.4238,0.231323,0.0,1,0.0031172404,0.0959930088,0.09316971625025004
LIXWAR_clean,5.63611,3.90043,5.63611,1.06263,1387.85,1306.06,0.0,0.0,0.5696,0.536029,0.0,1,0.0095426976,0.2843747984,0.27824419722987537
LODPUQ_clean,6.04771,4.78066,6.04165,1.07351,1496.3,1393.84,0.0,0.0,0.5402,0.50321,0.0,1,0.0093436588,0.2672559577,0.2718537281731258
LOFVIN_clean,6.31143,3.36538,6.30575,1.23786,664.218,536.584,0.819265,0.661837,0.4796,0.387442,0.0,1,0.0044088235,0.1302543323,0.12908709280087458
LOFVUY_clean,8.04365,4.63845,8.04358,1.07811,1889.15,1752.28,0.0,0.0,0.626,0.580647,0.0,1,0.0104531125,0.2982568934,0.3050494224262504
LOGBAK_clean,8.33905,3.64261,8.33905,1.46617,1378.61,940.283,0.0,0.0,0.5464,0.372672,0.0,0,0.007304448,0.2200231852,0.21452822336850053
LOGXEM_clean,11.7072,8.5205,11.7072,1.40177,1826.91,1303.29,0.0,0.0,0.6678,0.476399,0.0,0,0.0078902989,0.2285448275,0.23188164545674936
LOJFOF_clean,5.76837,5.02994,5.76476,1.16037,1095.67,944.242,0.0,0.0,0.472,0.406768,0.0,1,0.0063500469,0.1829575968,0.18676716090625045
LOQSEQ_clean,4.56007,2.72619,4.52807,1.27817,0.0,0.0,348.284,272.485,0.4612,0.360827,0.0,0,0.0030177636,0.0894409837,0.08828870699937502
LOQSUG_clean,4.66198,2.98032,4.6614,1.33143,0.0,0.0,361.474,271.494,0.4544,0.341288,0.0,0,0.0030496532,0.092561448,0.09053126505075026
LORRUH_clean,6.15081,3.36993,6.15081,1.38382,906.777,655.273,0.0,0.0,0.48,0.346867,0.0,1,0.0042812738,0.1288989368,0.12600634311162476
LOSXIC_clean,6.03462,5.83771,6.03429,1.10745,2163.31,1953.42,0.0,0.0,0.6146,0.554971,0.0,0,0.0118567686,0.3453696429,0.34811185463137484
LOXWAY_clean,5.69577,5.32518,5.69577,1.3733,890.048,648.107,0.0,0.0,0.4566,0.332483,0.0,0,0.0041043943,0.1196237068,0.1203126316333746
LUBNAZ_clean,8.26904,7.02568,8.25431,1.05459,2068.88,1961.78,0.0,0.0,0.642,0.608768,0.0,1,0.012097434,0.3527798517,0.35239353442412447
LUCDES_clean,8.51481,6.04534,8.51481,0.866707,2299.09,2652.67,0.0,0.0,0.7194,0.830038,0.0,1,0.0169822151,0.4933654541,0.49702576447962576
LUDCUK_clean,6.13722,3.87042,6.049,1.49949,788.964,526.155,0.0,0.0,0.4632,0.308905,0.0,1,0.0050324067,0.1414926475,0.14680384863612528
LUDKOM_clean,6.72845,4.30181,6.72845,1.47246,871.523,591.883,0.0,0.0,0.4702,0.31933,0.0,1,0.0054425061,0.1580189598,0.15908974688012495
LUDLIH_clean,13.23241,6.67449,13.22045,0.876399,2107.58,2404.81,0.0,0.0,0.7124,0.812871,0.0,1,0.0173739035,0.5048512921,0.506044971061124
LUFNAC05_clean,7.61946,5.80686,7.57494,1.03101,1474.3,1429.95,0.0,0.0,0.564,0.547035,0.0,1,0.0109619195,0.3205544603,0.32258245114024775
LUJPUC_clean,7.07474,4.6808,7.07474,1.16372,1382.44,1187.95,0.0,0.0,0.5842,0.50201,0.0,1,0.0074032516,0.2214855746,0.2166355725475002
LUKREO_clean,4.04002,3.66815,4.04002,1.33832,308.401,230.438,0.0,0.0,0.4326,0.323241,0.0,1,0.002616767,0.0767660013,0.07755528631750047
LUMYOJ_clean,5.98976,4.51852,5.98976,1.3118,1973.17,1504.17,0.0,0.0,0.6186,0.471565,0.0,1,0.0089917556,0.261072238,0.2639778595990009
LUMYUP_clean,6.15923,4.54415,6.13245,1.2924,1996.56,1544.85,0.0,0.0,0.6166,0.477097,0.0,1,0.0089789832,0.2660007802,0.26412306089487564
LUMZUO_clean,5.98461,4.76477,5.96493,1.86922,2708.01,1448.74,0.0,0.0,0.6802,0.363895,0.0,1,0.0067829184,0.1987642195,0.20019932680974942
LUNBEB_clean,5.83182,4.56735,5.65089,1.97905,2446.69,1236.29,0.0,0.0,0.6622,0.334605,0.0,1,0.0063377009,0.182214441,0.18682750561699968
LUPYAX_clean,7.54991,6.34934,7.53102,1.01424,2199.81,2168.93,0.0,0.0,0.6806,0.671046,0.0,1,0.0128063881,0.3756697609,0.375348743171249
LUQGAG_clean,6.95292,4.98162,6.95292,1.09152,1536.81,1407.96,0.0,0.0,0.5428,0.497289,0.0,0,0.0086288152,0.2511148988,0.25429338347312513
LURLOB_clean,7.37662,6.99185,7.37662,1.00469,1747.18,1739.02,0.0,0.0,0.6396,0.636613,0.0,0,0.012522756,0.361975145,0.3672057121469973
LUSHIR_clean,5.64907,5.07129,5.64636,1.2313,1163.45,944.9,0.0,0.0,0.5004,0.406401,0.0,0,0.0066071072,0.1925936994,0.19584468312137543
LUTSEA_clean,4.56432,3.41314,4.56432,1.75016,669.342,382.447,0.0,0.0,0.5022,0.286946,0.0,1,0.0034155622,0.100829416,0.1014564654455003
LUWMIB_clean,6.46125,4.54999,6.46125,1.13178,2301.96,2033.92,0.0,0.0,0.6152,0.543567,0.0,1,0.0111590777,0.329104207,0.32634162892012414
LUXFOA_clean,13.73946,4.3179,13.73946,0.952497,1834.04,1925.51,15.1519,15.9076,0.6722,0.705724,0.0,1,0.0137974646,0.3976388298,0.40583125567450146
LUYBOY_clean,7.89316,7.4198,7.87816,1.34135,1580.28,1178.13,0.0,0.0,0.5778,0.43076,0.0,1,0.0085286789,0.2526427758,0.2510980313082497
MABJUV01_clean,4.71712,3.63905,4.71712,1.54053,563.034,365.48,0.0,0.0,0.4068,0.264064,0.0,0,0.0022744614,0.0650265965,0.06666680456799988
MABLAD_clean,5.34449,3.90767,5.34449,1.19766,953.889,796.46,0.0,0.0,0.4728,0.394769,0.0,0,0.0055317156,0.1595351662,0.16379949932525015
MACHIJ_clean,13.29616,4.97277,13.29616,0.983012,1612.04,1639.9,0.0,0.0,0.67,0.681578,0.0,1,0.0121800355,0.3584102693,0.35862812588500176
MAFJIO_clean,10.24604,5.19927,9.76441,0.774705,2445.7,3156.94,0.0,0.0,0.7196,0.92887,0.0,1,0.0191984858,0.5652373951,0.5581604145757498
MAGBAZ_clean,7.74379,4.25931,7.73545,0.9596,2206.02,2298.89,0.0,0.0,0.666,0.694039,0.0,0,0.0135190463,0.4072719974,0.39616389757787507
MAGBON_clean,6.77313,5.2032,6.75742,1.14435,2195.85,1918.86,0.0,0.0,0.6464,0.564863,0.0,0,0.0125342689,0.3644789936,0.36572807635525045
MAGNEQ_clean,5.32617,4.14354,5.3111,1.10004,2360.03,2145.41,0.0,0.0,0.6692,0.608342,0.0,1,0.0097917029,0.2960390591,0.287942942361249
MAHTAR01_clean,5.34764,4.14932,5.34428,1.34276,985.458,733.903,0.0,0.0,0.4968,0.369983,0.0,1,0.0058148655,0.1735554889,0.17225868893849924
MAKHAJ_clean,5.36353,4.34017,5.23294,1.65348,1412.13,854.037,0.0,0.0,0.5972,0.361179,0.0,0,0.0065549956,0.1842139428,0.19307844108787442
MALROJ_clean,16.84369,16.76415,16.84369,0.692416,1360.98,1965.54,0.0,0.0,0.7588,1.09587,0.0,1,0.0238321803,0.7038760785,0.6987578653567462
MALRUP_clean,16.92414,16.84411,16.92414,0.675419,1334.6,1975.96,0.0,0.0,0.764,1.13115,0.0,1,0.0243659974,0.7115630637,0.7069686394878738
MANLOD_manual,8.55642,5.36069,8.35991,0.706783,1873.58,2650.85,92.9946,131.574,0.6674,0.944278,0.0,0,0.0150390444,0.4491806471,0.4452882677525004
MAPFOY_clean,4.52682,3.38698,4.51576,1.24538,538.295,432.235,0.0,0.0,0.433,0.347686,0.0,1,0.0045908643,0.131817872,0.13476495662275
MAQBEO_clean,9.00352,4.63709,9.00352,0.93614,1838.21,1963.61,22.2471,23.7647,0.63,0.672976,0.0,1,0.0119495104,0.3515755267,0.35276796434974805
MARXEK_clean,6.80849,6.42208,6.80849,1.6895,1568.88,928.61,0.0,0.0,0.5668,0.335485,0.0,0,0.0072319113,0.2126080139,0.21177307660712608
MASZOX_clean,6.20608,3.81259,6.16409,1.48643,1158.39,779.31,0.0,0.0,0.5192,0.349294,0.0,1,0.0051433242,0.1506179889,0.15147158750225087
MATBEQ_clean,6.25491,3.91181,5.95608,1.39707,1185.59,848.625,0.0,0.0,0.547,0.391533,0.0,1,0.0055539687,0.1624048203,0.1660545355836249
MATWUC_clean,6.79171,5.36307,6.77355,0.962581,2073.83,2154.45,0.0,0.0,0.6394,0.664256,0.0,1,0.0145266447,0.4173508166,0.4247124600693762
MAWFEY_clean,8.76979,6.5651,8.76979,1.23234,2527.32,2050.83,0.36923,0.299617,0.7208,0.584904,0.0,1,0.0119143023,0.3460248514,0.3484562305973733
MAWFIC_clean,9.46149,6.72598,9.46149,1.3222,2511.12,1899.19,0.278339,0.210512,0.7294,0.551655,0.0,1,0.0109080082,0.3158017262,0.3179518564826256
MAWVAK_clean,5.70954,5.40047,5.70954,0.993165,1765.23,1777.38,0.0,0.0,0.616,0.620239,0.0,1,0.0099574791,0.2922172797,0.29350928590050146
MAZJAY_clean,5.84732,2.9425,5.84732,1.86705,0.0,0.0,707.249,378.806,0.4848,0.259661,0.0,0,0.003328557,0.0969465951,0.09746816441925019
MEFJOY_clean,13.35543,4.52002,13.28243,0.978068,2208.16,2257.67,0.0,0.0,0.6982,0.713857,0.0,1,0.0146801569,0.4201147807,0.42226752911087556
MEFJUE_clean,13.6466,4.52582,13.6466,0.969419,2198.16,2267.5,0.0,0.0,0.6876,0.709291,0.0,1,0.0151961442,0.4417563191,0.4393261827947496
MEFYUT_clean,5.77585,4.33422,5.56399,1.19211,1979.16,1660.22,0.0,0.0,0.6036,0.506331,0.0,1,0.0089791302,0.2639139888,0.2609491583928752
MEJZIM_clean,5.3333,3.56234,5.2261,1.69384,503.361,297.172,49.7521,29.3724,0.4348,0.256695,0.0,1,0.0025668847,0.075361141,0.07545286267074997
MEMGAN_clean,4.41097,3.81053,4.41097,1.23944,1320.34,1065.27,0.0,0.0,0.561,0.452623,0.0,1,0.0078872761,0.2370151363,0.23242706073737518
MEWNEH_clean,5.42515,3.64983,5.42515,2.53736,330.635,130.307,105.197,41.4594,0.4166,0.164187,0.0,1,0.0019813596,0.0591448203,0.05721654114612518
MEXDAU_clean,4.54871,2.8928,4.54871,1.8886,0.0,0.0,603.679,319.644,0.5446,0.288362,0.0,0,0.0046108601,0.1350540432,0.13541217955462403
MICNOC_clean,4.78165,2.89559,4.76167,1.0648,0.0,0.0,900.042,845.267,0.5808,0.545454,0.0,1,0.0067477963,0.2027073757,0.20073333334162516
MIDRAT_clean,4.2048,3.33834,4.2048,1.26356,437.101,345.929,0.0,0.0,0.4452,0.352339,0.0,0,0.0036204794,0.1057979732,0.10641948958199977
MIHLIZ_clean,5.21862,3.52165,5.21802,1.34387,724.016,538.756,0.0,0.0,0.4324,0.321758,0.0,1,0.0034592878,0.097518115,0.10142080733700012
MIHMEW_clean,5.92563,3.03678,5.91912,1.47186,0.0,0.0,1150.73,781.822,0.5146,0.349626,0.0,1,0.0053469248,0.1577715857,0.15712181369937406
MILQIJ_clean,4.63559,4.00457,4.63559,1.27465,706.955,554.628,0.0,0.0,0.4642,0.364179,0.0,0,0.0047932243,0.1413816485,0.14127058918262503
MIMSOS_clean,11.1144,9.75442,11.1107,0.986032,1267.43,1285.39,0.0,0.0,0.613,0.621683,0.0,1,0.0108940117,0.318789107,0.32248456783324975
MINCER_clean,3.80785,3.14835,3.79792,1.98033,0.0,0.0,241.065,121.73,0.4108,0.20744,0.0,0,0.0017379326,0.0540642129,0.051562195641750214
MINCIX_clean,10.4943,7.36608,10.44985,0.729721,2144.38,2938.63,0.0,0.0,0.7612,1.04314,0.0,1,0.0225800632,0.6606615749,0.6635681160896236
MINVUA01_SL,6.89591,6.55778,6.89591,1.0419,1703.36,1634.86,0.0,0.0,0.5962,0.572226,0.0,0,0.0108492645,0.3216565645,0.3185812871614991
MIRLUU_clean,3.74254,2.70714,3.74254,2.02116,0.0,0.0,102.121,50.526,0.4222,0.20889,0.0,1,0.0019846647,0.057533312,0.05844871318200018
MISQIQ_clean,4.24107,4.07806,4.24107,2.08195,577.159,277.221,0.0,0.0,0.3898,0.187228,0.0,0,0.0025307852,0.0734870612,0.07383741094725049
MIVWAR_clean,5.82094,2.89057,5.82094,1.07961,0.0,0.0,844.633,782.353,0.5288,0.489809,0.0,1,0.0065287995,0.1939073182,0.19424117296662524
MIXBAY_clean,11.02015,7.37075,10.14135,0.640306,2311.05,3609.3,0.0,0.0,0.7544,1.17819,0.0,1,0.0249434097,0.7307282383,0.7268017248975027
MIYGIL_clean,3.31102,2.62928,3.31102,2.60868,0.0,0.0,0.0,0.0,0.4634,0.177638,0.0,0,0.0017653974,0.0524636495,0.05172001261237515
MOCKAR_clean,10.84435,6.73283,10.55041,0.748614,2330.25,3112.76,0.0,0.0,0.7394,0.987692,0.0,1,0.0217354322,0.6461912263,0.6297941269555022
MOFKUO_clean,10.06674,5.89372,10.02896,0.775285,1690.92,2181.03,0.0,0.0,0.666,0.859039,0.0,1,0.0134520968,0.3978863,0.38902150062624885
MOSGIM_clean,3.50118,2.73921,3.50118,1.58114,0.0,0.0,14.1678,8.9605,0.413,0.261204,0.0,1,0.0016042581,0.0476217248,0.0479382775875001
MOTVOI_clean,9.87335,7.01536,9.87051,1.00037,1639.71,1639.11,0.0,0.0,0.6506,0.650361,0.0,1,0.0125186464,0.3726392285,0.3672456227873742
MOVGUB_clean,4.79892,3.66567,4.79892,1.29583,1695.99,1308.8,0.0,0.0,0.5686,0.438791,0.0,1,0.0082437958,0.2432062339,0.2408467545655001
MOVHEM_clean,4.78648,3.65733,4.78648,1.31907,1696.72,1286.3,0.0,0.0,0.5664,0.429393,0.0,1,0.0082234482,0.2386250093,0.24061620431350017
MOWQIZ_clean,5.23784,2.88423,4.69397,1.93325,0.0,0.0,670.633,346.894,0.5288,0.273529,0.0,1,0.0034348887,0.0996510344,0.1010242426558753
MOXPUL_clean,12.29446,11.95813,12.29446,0.744524,1605.86,2156.89,0.0,0.0,0.6934,0.931333,0.0,0,0.0158177076,0.468777109,0.46612840417087675
MOYNIY_clean,4.76569,4.12526,4.76569,1.26221,800.094,633.883,4.17361,3.30659,0.4918,0.389634,0.0,1,0.004064138,0.1230359172,0.12097095807712525
MOYYEF_clean,7.68803,7.36383,7.68803,0.950247,1850.19,1947.06,0.0,0.0,0.627,0.659828,0.0,1,0.0127065923,0.3670539302,0.3765558447479995
MUBQIJ_clean,7.7972,3.97712,7.7972,1.1623,1447.09,1245.01,77.4656,66.6483,0.573,0.492986,0.0,1,0.0087995068,0.2529810515,0.25753611168487617
MUFJED_clean,3.41421,2.67066,3.41218,2.29009,0.0,0.0,5.31095,2.3191,0.421,0.183836,0.0,1,0.0016446635,0.0458468724,0.048183449088000055
MUFYAP_clean,6.26363,3.70776,6.26313,1.90371,978.115,513.793,0.0,0.0,0.5022,0.2638,0.0,1,0.0045364985,0.1328999318,0.13242977510274914
MUGFOK_clean,5.96918,4.1656,5.96918,1.0315,1325.72,1285.24,0.0,0.0,0.5408,0.524287,0.0,0,0.0071023427,0.2088429101,0.20827527912662494
MUKRIU_clean,4.8773,2.90645,4.87181,1.76476,0.0,0.0,423.932,240.22,0.38,0.215326,0.0,1,0.0021833888,0.0635024296,0.06415131948537507
MUNDAC_clean,10.7777,6.68804,10.76442,1.37281,1712.63,1247.54,119.227,86.849,0.6828,0.497375,0.0,1,0.0091391313,0.2684535925,0.2686488748684986
MUPQAQ_clean,6.98761,3.18126,6.98761,1.58684,0.0,0.0,859.497,541.641,0.4958,0.312445,0.0,1,0.0034381753,0.1039571351,0.10082985483925047
MUPTAU_clean,4.1653,3.49014,4.1653,1.2541,633.589,505.216,0.0,0.0,0.52,0.414641,0.0,0,0.0049973672,0.1494266005,0.14761913108124985
MURFIQ_clean,7.24055,5.2237,7.22777,1.12426,739.654,657.9,0.0,0.0,0.487,0.433172,0.0,0,0.0038568088,0.1152617129,0.11391009050649953
MUVGUG_clean,5.3049,3.8372,5.3049,0.980252,740.547,755.465,511.645,521.952,0.5644,0.57577,0.0,0,0.0100225578,0.2938796493,0.29360993636975
MUVLUM_clean,8.4023,7.67137,8.36811,1.09338,1571.87,1437.62,0.0,0.0,0.597,0.546011,0.0,1,0.0105617117,0.3127672913,0.31106300054800157
MUXHIW01_clean,3.39894,2.68407,3.39894,1.99057,0.0,0.0,6.84708,3.43975,0.4092,0.205569,0.0,1,0.0013873194,0.0407889871,0.03934305513362518
MUZVUA_clean,6.29282,4.92678,6.2328,1.05196,1843.91,1752.83,0.0,0.0,0.6012,0.571503,0.0,1,0.0101935706,0.2998074463,0.3008610427884994
NABMUA_clean,6.23863,6.07222,6.23863,1.11938,1449.31,1294.74,0.0,0.0,0.536,0.478835,0.0,1,0.0106154187,0.3098318824,0.31327259367000077
NACVUI_clean,4.77526,3.80831,4.76074,1.15827,1072.88,926.279,0.0,0.0,0.5544,0.478644,0.0,0,0.0067557314,0.1964250892,0.19922898873812472
NAHHAI_clean,6.03251,4.99461,5.9659,1.6794,1408.86,838.909,0.0,0.0,0.5636,0.335597,0.0,1,0.0054470575,0.1632013163,0.16057690582550027
NAJTAW_clean,6.34991,4.99732,6.34991,1.15815,2148.84,1855.41,0.0,0.0,0.6062,0.523422,0.0,1,0.0111870814,0.3205989799,0.32526335034425075
NAMZIL_clean,4.91078,3.33595,4.90938,3.82995,876.425,228.835,0.0,0.0,0.503,0.131333,0.0,1,0.001919796,0.0563667809,0.057175094712374974
NANMEW_clean,7.12435,3.30498,7.12435,1.38608,0.0,0.0,641.638,462.916,0.5032,0.363038,0.0,1,0.0042681023,0.1275056722,0.1246253023232493
NANTII_clean,10.0936,8.00204,10.0936,0.620421,2302.26,3710.81,0.0,0.0,0.7974,1.28526,0.0,1,0.026419169,0.7594959241,0.7701721994748745
NANZOS_clean,4.989,3.27825,4.989,2.52073,0.0,0.0,542.589,215.251,0.3912,0.155193,0.0,1,0.0020429707,0.0591769191,0.06083639922174964
NAPNEA_clean,6.09623,3.46864,4.58597,0.972297,496.247,510.387,355.216,365.337,0.5562,0.572048,0.0,0,0.0050629093,0.1500763719,0.14939945061187468
NAQQUT_clean,9.01357,4.32605,9.01322,1.00423,2256.36,2246.85,0.0,0.0,0.7102,0.707207,0.0,1,0.0132872932,0.3926465182,0.3896786962648755
NAQRAA_clean,8.82176,4.19423,8.82039,1.0822,2240.28,2070.12,0.0,0.0,0.7116,0.657551,0.0,1,0.0121322101,0.3587818204,0.35977474845800117
NAQREE_clean,8.85655,4.22407,8.85397,1.08196,2247.94,2077.65,0.0,0.0,0.7126,0.658619,0.0,1,0.0123926138,0.3543444866,0.3650825781742488
NARNAY_clean,3.7797,3.35693,3.7797,2.18462,172.349,78.8921,0.0,0.0,0.3916,0.179253,0.0,1,0.0015028046,0.0435342481,0.04371084475887511
NARNOM_clean,3.67086,3.25949,3.67086,2.36402,0.0,0.0,90.9169,38.4586,0.3802,0.160828,0.0,1,0.0013491977,0.0383418993,0.039107409360124794
NAWHOL_clean,4.98803,2.84048,4.98788,1.64979,0.0,0.0,666.862,404.209,0.4934,0.299068,0.0,1,0.0030995503,0.0946844022,0.0909693449296248
NAWXER_clean,9.09863,5.59872,6.09599,0.664973,2891.83,4348.79,0.0,0.0,0.734,1.1038,0.0,1,0.0230825849,0.692580609,0.6759355074355048
NAXKOO02_clean,3.34841,2.90732,3.26505,1.4681,0.0,0.0,0.773912,0.527152,0.4106,0.279681,0.0,0,0.0022645227,0.0671381314,0.06510500100887483
NAYPIM_clean,5.76963,3.48376,5.76943,1.68342,1111.0,659.968,0.0,0.0,0.502,0.298203,0.0,0,0.0058158762,0.1649171373,0.16822731944962488
ncomms11831_ncomms11831-s3_clean,4.53044,4.08038,4.52326,1.56068,421.065,269.795,0.0,0.0,0.3414,0.21875,0.0,0,0.0027255219,0.079468676,0.07934491240962467
ncomms7350-s2_clean,6.32642,5.9567,6.32642,1.52435,1274.9,836.355,0.0,0.0,0.531,0.348344,0.0,1,0.0049941586,0.147775345,0.14764391348212536
NEDMEP_clean,4.8267,2.86336,4.82007,1.68825,0.0,0.0,899.075,532.547,0.585,0.346512,0.0,0,0.0052552982,0.1538309934,0.152573347573625
NEDWEA_clean,7.23193,5.49922,7.23193,0.857312,2138.95,2494.95,0.0,0.0,0.6398,0.746286,0.0,1,0.0141776383,0.4243938888,0.41641508906412567
NEHGEO_clean,5.2858,4.45812,5.28563,1.33637,1775.08,1328.28,0.0,0.0,0.5648,0.422636,0.0,1,0.0076432582,0.2208097444,0.22380131867062492
NEHGIS_clean,5.25791,4.32138,5.25791,1.34435,1760.82,1309.79,0.0,0.0,0.5618,0.417897,0.0,1,0.0073449946,0.2147829261,0.21784293435687485
NEJSEC_clean,5.81645,3.98304,5.23805,1.24255,1038.8,836.024,5.34967,4.30539,0.5324,0.428473,0.0,0,0.0057951108,0.1774220355,0.17263413578087486
NEKBEL_clean,4.90746,3.89074,4.89557,1.60125,914.813,571.31,2.67246,1.66898,0.5046,0.315128,0.0,1,0.0036116503,0.1068259539,0.10676576278574973
NENFAN_clean,7.3527,6.48023,7.3527,2.08229,1229.05,590.24,0.0,0.0,0.526,0.252607,0.0,0,0.0071834221,0.2081555634,0.21014297766637513
NERMON_clean,5.21245,4.69214,4.9752,1.84917,802.953,434.223,0.0,0.0,0.4356,0.235565,0.0,1,0.002721125,0.0808186718,0.07984941144212505
NERVEN_clean,12.25139,5.76203,12.25139,1.08035,1360.26,1259.1,0.0,0.0,0.5706,0.528164,0.0,1,0.0080964056,0.242484659,0.2392921293769997
NETFAU_clean,5.9815,3.37252,5.81349,1.64572,938.309,570.151,0.0,0.0,0.5186,0.31512,0.0,1,0.003907503,0.1119352411,0.11537793345362493
NEVJEF_clean,6.93106,3.47964,6.92655,1.61189,1003.29,622.432,0.0,0.0,0.4932,0.305976,0.0,1,0.0045215659,0.1297623887,0.13233279966824937
NEVPOU_clean,6.31655,5.18077,6.31594,1.2374,1037.41,838.376,200.543,162.068,0.5652,0.456764,0.0,1,0.0070499616,0.2074006937,0.20494173581725017
NEVVEQ_clean,4.80581,3.79614,4.80581,1.56913,728.185,464.069,0.0,0.0,0.453,0.288695,0.0,0,0.0043895612,0.1298487449,0.1303957609593746
NEXVET_clean,15.05129,7.94511,15.02301,0.572296,2220.51,3880.01,0.0,0.0,0.8096,1.41465,0.0,0,0.0285757317,0.8284260322,0.8417472129662528
NEYJIM_clean,8.63602,2.71972,8.63602,1.95132,0.0,0.0,802.829,411.428,0.494,0.253162,0.0,1,0.0028108237,0.0828300801,0.08192799794900033
NEYVEU_clean,20.18169,6.42425,20.08436,0.514184,2007.78,3904.79,0.0,0.0,0.7952,1.54653,0.0,0,0.0320511709,0.9253413653,0.9338206979922485
NIBXUT_clean,6.21117,5.18074,6.19848,1.9388,1406.45,725.426,0.0,0.0,0.5234,0.269961,0.0,1,0.0048191383,0.1408513484,0.14082443910275003
NIGLUK_clean,5.06191,2.80356,5.05782,1.26749,0.0,0.0,439.885,347.052,0.4414,0.348248,0.0,0,0.0040298333,0.1194770545,0.12014099028299975
NIGNUO_clean,16.88905,3.72632,16.88905,0.773731,1979.77,2558.73,0.0,0.0,0.6948,0.897987,0.0,1,0.0176028316,0.5088765131,0.5154868039702496
NIGPEA_clean,10.42385,9.24875,10.42385,0.730648,2142.0,2931.64,0.0,0.0,0.6842,0.936428,0.0,1,0.0193107134,0.5491705389,0.5659177634051257
NIHBAI02_clean,4.7992,3.7527,4.7992,1.74298,825.866,473.823,0.0,0.0,0.449,0.257604,0.0,0,0.003460795,0.1010533097,0.10197186369475038
NIHBAI_clean,4.7247,3.65018,4.71583,1.7748,745.205,419.881,0.0,0.0,0.4386,0.247126,0.0,0,0.0032973553,0.0954408238,0.09740972158950015
NIHBIQ01_clean,5.30133,3.89271,5.30133,1.65496,952.5,575.542,0.0,0.0,0.4798,0.289916,0.0,0,0.004019346,0.1182763583,0.11712206836312503
NIJSAC_clean,3.99361,3.37969,3.99361,1.5613,209.634,134.269,0.0,0.0,0.3722,0.238391,0.0,1,0.0014738923,0.0412083618,0.04379235243037485
NIJTOR_clean,5.13346,3.60858,4.57199,1.35089,285.546,211.376,191.611,141.84,0.4084,0.302318,0.0,1,0.0031159973,0.0925576318,0.09212924451112482
NIJZIP01_clean,8.50827,7.36867,8.50827,1.45663,1110.96,762.692,3.7965,2.60636,0.5674,0.38953,0.0,1,0.0049578965,0.1452716095,0.1475075720133764
NIKJUN_clean,5.97101,2.84267,5.9634,1.37868,0.0,0.0,1106.78,802.784,0.4894,0.354977,0.0,1,0.0055519566,0.1646826126,0.16224299422937405
NIKZEN02_clean,4.94738,3.78699,4.94738,1.70037,871.961,512.806,0.0,0.0,0.4662,0.274175,0.0,0,0.0036623177,0.1097790831,0.10811495449149978
NIMPOQ_clean,9.48433,7.47639,9.46555,0.558554,2612.29,4676.87,0.0,0.0,0.765,1.36961,0.0,1,0.0280072088,0.7892010572,0.8196054147601197
NIMTAE_clean,4.79937,4.4136,4.79752,1.0571,1265.99,1197.61,0.0,0.0,0.5494,0.519725,0.0,0,0.0072670096,0.221640485,0.21580148101175056
NIRGAY_clean,8.4539,5.80719,8.43976,0.806367,1866.49,2314.69,0.0,0.0,0.644,0.798644,0.0,1,0.0146977862,0.4277142336,0.4273879112324982
NIRMUW_clean,4.28887,3.01391,4.28887,1.9678,0.0,0.0,453.774,230.6,0.3832,0.194735,0.0,1,0.0028540533,0.084542095,0.08415286403387494
NISPOV_clean,4.71107,2.81394,4.69976,1.97219,0.0,0.0,427.339,216.682,0.4068,0.206268,0.0,1,0.0022878511,0.0682697829,0.06747949903687521
NIZNAN_clean,5.62761,3.49058,5.62761,1.17342,1545.25,1316.88,0.0,0.0,0.567,0.483203,0.0,1,0.0074688495,0.2196577028,0.22122604874237456
NIZZAY_clean,8.39896,7.78516,8.38426,1.2112,2073.27,1711.74,0.0,0.0,0.6754,0.557627,0.0,0,0.0101960603,0.2923776894,0.29969969419912684
NOBVOR_clean,5.28259,5.11208,5.27848,1.1717,1472.77,1256.95,0.0,0.0,0.5292,0.451653,0.0,0,0.0075998907,0.2244444091,0.2241801124573747
NOCKOG_clean,5.62673,5.01808,5.62673,1.04593,1347.49,1288.32,0.0,0.0,0.553,0.528716,0.0,1,0.0094149029,0.2844281052,0.2760536842442509
NOCKUM_clean,6.00758,5.1022,6.00758,1.07326,1338.2,1246.86,0.0,0.0,0.5502,0.512645,0.0,1,0.0091688743,0.2634350911,0.26867253916012457
NOFQII_clean,6.19412,3.25534,6.19412,1.72407,0.0,0.0,887.547,514.797,0.5158,0.299175,0.0,0,0.0040228833,0.1220691514,0.11828977067287527
NOHKIG_clean,4.45859,3.20693,4.44592,1.98307,0.0,0.0,535.542,270.057,0.3892,0.196261,0.0,1,0.0034849459,0.104999115,0.10317665383574984
NOKJON_clean,7.47331,5.41094,7.47331,2.39941,2004.26,835.312,0.0,0.0,0.6598,0.274984,0.0,1,0.0055896691,0.1653468676,0.16495850623625016
NOKLIJ_clean,11.48526,10.66621,11.48526,1.19832,1550.1,1293.56,0.0,0.0,0.646,0.539086,0.0,1,0.0122442187,0.35315787,0.3562463552529996
NOQKOV_clean,5.57218,4.25994,5.56937,1.06467,1684.1,1581.8,0.0,0.0,0.536,0.503441,0.0,0,0.0080970413,0.2474200606,0.23835970299824996
NOWGIR_clean,9.36325,6.59726,9.2981,1.43951,1651.33,1147.14,0.0,0.0,0.634,0.440427,0.0,1,0.0080382869,0.2360900748,0.23579852832537568
NUCPEI_clean,6.7664,4.45805,6.7664,1.03972,2105.55,2025.11,0.0,0.0,0.6338,0.609585,0.0,1,0.0129256887,0.3881666228,0.37633156669137285
NUCYER_clean,4.96656,4.20041,4.96656,1.49997,657.943,438.637,0.0,0.0,0.4852,0.323473,0.0,1,0.0030988841,0.091507248,0.09043586410400017
NUDLAA_clean,10.10107,9.89769,10.10107,1.02317,1506.84,1472.72,0.0,0.0,0.6112,0.597362,0.0,1,0.0113146655,0.3249758983,0.3321171751267511
NUDMUW_clean,6.32198,5.70328,6.32198,1.18747,1340.68,1129.02,0.0,0.0,0.5322,0.448181,0.0,0,0.0082799004,0.2381154477,0.24317154231675023
NUFBUN_clean,7.53238,5.74054,7.52156,1.07363,1972.83,1837.54,0.0,0.0,0.6478,0.603375,0.0,1,0.0124126331,0.360781824,0.3649868944987494
NUHNUA_clean,5.91571,3.87698,4.38862,0.866172,1483.02,1712.15,0.0,0.0,0.5628,0.649756,0.0,1,0.0088226748,0.2638005999,0.2610492817675006
NUHQAK_clean,6.11993,4.14765,6.11993,1.236,1832.14,1482.32,0.0,0.0,0.5934,0.480098,0.0,1,0.0096512367,0.285679719,0.28022213426124887
NUHQUE_clean,6.55171,4.68685,6.54808,1.21067,1893.64,1564.13,0.0,0.0,0.5964,0.492619,0.0,1,0.0099149073,0.285215581,0.29100572947525055
NULMAJ_clean,5.03229,4.40705,5.03229,0.892035,1713.32,1920.69,0.0,0.0,0.6184,0.693246,0.0,0,0.0084154622,0.2510191825,0.24713499930424934
NUNPAP_clean,6.01151,4.33549,6.00656,0.794607,2195.03,2762.41,0.0,0.0,0.6796,0.855265,0.0,1,0.0162786445,0.4714815841,0.4754613327963759
NUVXOT_clean,9.16707,5.75569,9.14121,0.884237,2287.82,2587.34,0.0,0.0,0.7176,0.811547,0.0,1,0.0166147814,0.4934414367,0.4869371174434999
NUWPOM_clean,8.32687,8.01604,8.32687,1.25431,1381.61,1101.49,0.0,0.0,0.5552,0.442633,0.0,1,0.0079868323,0.2296303803,0.2340668960908748
NUWVIM_clean,4.95462,3.8636,4.94993,1.17037,724.517,619.05,9.52012,8.13429,0.4914,0.419868,0.0,0,0.0044099031,0.1383676041,0.12922924848312517
NUXWAG_clean,4.2499,3.21404,4.2499,1.30911,0.0,0.0,776.358,593.045,0.5648,0.43144,0.0,1,0.0059912465,0.1782350529,0.17563517034325002
NUYNEC_clean,8.26029,6.82395,8.26029,1.01384,1779.3,1755.01,0.0,0.0,0.6224,0.613905,0.0,1,0.012159966,0.3515059353,0.3550716963665006
NUYQUU_clean,3.95153,3.47099,3.94298,2.33033,494.395,212.157,0.0,0.0,0.4774,0.204864,0.0,0,0.0027084947,0.0795203092,0.0794814451981249
OBAHUX_clean,8.31415,7.49178,8.31031,0.960232,1571.77,1636.87,0.0,0.0,0.605,0.630056,0.0,0,0.0109931122,0.3291372469,0.32205588176762734
OBEDEE_clean,5.83756,4.97252,5.83756,0.932431,2005.16,2150.46,0.0,0.0,0.6298,0.675439,0.0,1,0.0113921416,0.3339772945,0.3364340152042498
OBIBOT_clean,6.67176,5.057,6.67176,1.21046,1489.16,1230.24,0.0,0.0,0.5556,0.458998,0.0,1,0.0080997116,0.240543385,0.23627537647949948
OBOGUK_clean,8.65239,7.8304,8.65239,0.77452,2430.14,3137.61,0.0,0.0,0.7298,0.942262,0.0,1,0.0196402924,0.5854647462,0.5731989612288737
OBUFIB_SL,4.69226,3.94966,4.47162,1.56841,881.672,562.145,0.0,0.0,0.426,0.271613,0.0,0,0.0032625142,0.0979828611,0.09640256772512525
OBUREL_clean,8.37405,3.25275,8.3739,1.32291,0.0,0.0,1027.27,776.523,0.5,0.377954,0.0,1,0.0064218117,0.1881234208,0.1867373481212503
OCIHIS_clean,4.00435,3.28628,3.71864,1.50625,0.0,0.0,560.324,371.998,0.4736,0.314422,0.0,0,0.0043070377,0.1246859978,0.12725415314387473
OCUPUY_clean,4.6531,4.04819,4.6531,1.52024,995.727,654.982,0.0,0.0,0.479,0.315083,0.0,1,0.0046638849,0.1372822616,0.13670757810187484
OCUQOT_clean,5.08411,3.37974,5.08411,1.51,1121.68,742.832,0.0,0.0,0.5036,0.333509,0.0,1,0.0060426406,0.1778463447,0.17690470101612554
ODEZAB_clean,11.63192,4.40592,11.61962,0.799101,2103.64,2632.5,6.44431,8.06445,0.6938,0.868225,0.0,1,0.018240856,0.5370834261,0.5252063198063762
ODODES_clean,6.13875,4.52515,6.13614,0.993468,1787.67,1799.42,0.0,0.0,0.5926,0.596497,0.0,1,0.010333876,0.2953440517,0.2999623697879997
ODOXEK_clean,5.23174,4.24381,5.21951,1.86723,267.21,143.105,283.845,152.014,0.425,0.22761,0.0,0,0.0029024981,0.086512047,0.08585137246049998
OFERUN06_clean,11.42842,3.43062,11.4146,0.893311,1495.78,1674.42,0.0,0.0,0.6708,0.750915,0.0,0,0.01140726,0.3364170017,0.33374663219112494
OFESAU_clean,7.18693,4.9999,7.18693,1.91678,854.706,445.907,0.0,0.0,0.4402,0.229656,0.0,0,0.003047318,0.0864679175,0.08962740953262543
OFESIC_clean,7.36476,5.0904,7.36476,1.82236,878.112,481.855,0.0,0.0,0.4554,0.249896,0.0,0,0.0032366659,0.0934807377,0.09457924463987456
OGAGAF_clean,4.92581,3.9125,4.92581,1.40546,832.759,592.516,0.0,0.0,0.5084,0.361731,0.0,0,0.0036962902,0.1083057046,0.10809258351487477
OGIYAF_clean,4.13453,2.65637,4.13022,1.53002,0.0,0.0,255.467,166.969,0.4814,0.314636,0.0,0,0.0032041679,0.0923441503,0.0946779858276249
OHAQEU_clean,4.72292,3.34073,4.72292,1.44091,823.28,571.362,0.0,0.0,0.4978,0.345477,0.0,1,0.0041339967,0.1227647263,0.12148234619375003
OHEGAJ_clean,4.72341,2.80937,4.71665,2.20772,0.0,0.0,546.683,247.623,0.5162,0.233816,0.0,1,0.0032382672,0.0977681106,0.09562178865400027
OHEMIX_clean,4.92196,3.64144,4.8529,1.34136,1406.83,1048.81,0.0,0.0,0.5778,0.430757,0.0,1,0.0050847984,0.1484066682,0.14887710025100043
OHIHOD_clean,4.35456,3.00054,4.34805,1.72131,0.0,0.0,329.846,191.625,0.4356,0.253063,0.0,0,0.0033527943,0.0982901873,0.09815100181299977
OHIHUJ_clean,4.46285,3.10178,4.45704,1.59089,0.0,0.0,389.736,244.981,0.4484,0.281855,0.0,1,0.003682309,0.1095966345,0.1086593961402503
OJAKOA_clean,4.13561,3.37132,4.13004,1.73474,271.294,156.388,0.0,0.0,0.3788,0.218361,0.0,1,0.0020677513,0.0600936016,0.05987449284149973
OJIWAG_clean,5.38643,4.20657,5.38643,1.10966,1491.09,1343.75,0.0,0.0,0.561,0.505563,0.0,1,0.0088694287,0.258640144,0.2593530619881253
OKABAE_clean,14.07417,9.53484,14.07417,0.650845,2097.18,3222.24,0.0,0.0,0.77,1.18308,0.0,1,0.0250952805,0.7533730786,0.732042672659129
OKAYEG_clean,4.8581,3.49488,4.85158,1.57533,393.933,250.064,0.0,0.0,0.3384,0.214812,0.0,0,0.0028626551,0.0826660974,0.08449862543312453
OKAYUW_clean,4.44294,3.73093,4.20318,1.19551,569.391,476.274,0.0,0.0,0.4482,0.374902,0.0,0,0.0042230255,0.1284740278,0.12463958321912455
OKAZAD_clean,4.45701,3.77862,4.21772,1.1891,589.131,495.442,0.0,0.0,0.453,0.38096,0.0,0,0.004404611,0.1289093673,0.1293122647898745
OKIMAY_clean,4.37317,3.27288,4.28606,1.26301,0.0,0.0,605.421,479.347,0.5054,0.400155,0.0,1,0.0050060915,0.1502257057,0.14798341193974993
OKINIG_clean,4.1071,3.0438,4.0968,1.28813,0.0,0.0,314.244,243.955,0.387,0.300437,0.0,1,0.0044171836,0.1280806022,0.13020161136624975
OKIPOO_clean,5.15858,2.8039,5.14896,1.3218,0.0,0.0,376.304,284.69,0.4252,0.321682,0.0,1,0.0029978355,0.0851602387,0.08910587668612488
OLUROC_clean,5.45136,3.48672,5.44746,1.49162,882.297,591.504,0.0,0.0,0.5148,0.345129,0.0,0,0.0062360083,0.1813895413,0.18210655417912508
om701262m-file004_clean,7.38904,5.39567,7.38902,1.09901,1620.41,1474.43,0.0,0.0,0.5644,0.513555,0.0,1,0.0088417795,0.2573620431,0.26048643686212525
OPAGIX_clean,11.70127,10.88776,11.68193,0.905898,1551.84,1713.04,0.0,0.0,0.6624,0.731208,0.0,1,0.0166798397,0.473318779,0.48366735686712675
OPAPEB_clean,4.83812,3.32695,4.83799,1.58153,509.553,322.189,0.0,0.0,0.4302,0.272015,0.00012646,1,0.0027949859,0.0815339167,0.08257508866874996
OPAPUR_clean,4.77617,3.28559,4.77565,1.62215,0.0,0.0,467.624,288.275,0.4266,0.262985,0.0,1,0.0026118425,0.0774628306,0.07723323060312491
OPEGOG_clean,4.90473,2.95666,4.90473,2.48384,0.0,0.0,357.948,144.111,0.4042,0.162732,0.0,0,0.0026940251,0.0779109548,0.07900313778199992
OPIWEQ_clean,4.3926,3.70955,4.3926,1.4951,548.278,366.717,0.0,0.0,0.4282,0.286403,0.0,0,0.0031027112,0.0920824555,0.09076401954775008
OPIXUI_clean,8.41938,5.49258,8.39031,1.03412,1914.8,1851.63,0.0,0.0,0.6428,0.621591,0.0,1,0.0113951373,0.337417966,0.3353957757287504
OPIYAP_clean,5.9608,4.59988,5.87453,1.18841,1751.48,1473.8,0.0,0.0,0.5816,0.489391,0.0,1,0.0083818736,0.2488132211,0.2461678310981257
OPOCUS_clean,4.34659,2.75234,4.34029,1.69214,0.0,0.0,491.187,290.275,0.5046,0.298202,0.0,1,0.0028884023,0.0834556751,0.08546234325849972
OPOZEZ_clean,7.29162,6.03013,7.28839,1.13101,1136.3,1004.68,0.0,0.0,0.5256,0.464718,0.0,0,0.0067613432,0.1967242491,0.19848081233724887
OQEROS_clean,5.47906,4.59982,5.42309,1.16864,1289.46,1103.39,0.0,0.0,0.5586,0.477993,0.0,1,0.0077851731,0.2324946171,0.22699119534400006
OQOJUB_clean,5.19109,4.86993,5.18739,1.04071,742.936,713.872,0.0,0.0,0.4654,0.447194,0.0,0,0.0040890446,0.124997007,0.12237170258725044
OQUFAJ_clean,11.24927,10.05552,11.24927,1.02086,2177.77,2133.26,0.0,0.0,0.6808,0.666886,0.000195912,1,0.0136311448,0.398005937,0.3970362768208757
OQUFOX_clean,11.5339,10.83209,11.5339,1.11588,1914.53,1715.71,0.0,0.0,0.6464,0.579272,0.00035846,1,0.0115178633,0.3399775055,0.3383917599926241
OQUGUE_clean,11.61723,9.4131,11.61627,1.01509,1836.93,1809.63,0.0,0.0,0.664,0.654132,0.000394056,1,0.0120017306,0.353182803,0.348138189352624
OQUXIJ_clean,5.10257,3.94634,4.56846,3.16115,912.504,288.662,0.0,0.0,0.4752,0.150325,0.0,1,0.0019874048,0.058131433,0.05871519179862517
OQUZIL_clean,5.18347,3.94031,4.38977,3.26699,933.452,285.723,0.0,0.0,0.4852,0.148516,6.12e-05,1,0.0020096808,0.0594149832,0.060225119178000025
ORIBAU_clean,6.79191,5.8597,6.78824,0.948194,2192.57,2312.36,0.0,0.0,0.6432,0.678343,0.0,0,0.0130274428,0.3826799093,0.3807192212579993
ORIVUI_clean,11.75163,10.98212,11.75156,1.19791,1581.46,1320.18,0.0,0.0,0.6576,0.548955,0.0,1,0.0123280466,0.3539256976,0.3594653167220009
OROKEN_clean,5.0644,3.74541,5.02547,1.65088,1835.83,1112.03,0.0,0.0,0.5786,0.350479,0.0,1,0.0054498577,0.1574454429,0.16132039734924924
OSAWEL_clean,5.275,4.57502,5.23103,1.20581,1256.21,1041.8,0.0,0.0,0.5198,0.43108,0.0,1,0.0083089165,0.2394590928,0.24359144054075033
OSIWUJ_clean,4.71118,4.05137,4.70087,1.96063,444.374,226.648,0.0,0.0,0.4546,0.231864,0.0,1,0.0015603924,0.0463022328,0.04710037059362495
OSOTUN_clean,6.5088,4.06646,6.48701,1.06518,1477.94,1387.5,25.9444,24.3569,0.587,0.551081,0.0,1,0.0101748751,0.2896714587,0.29897342754312545
OTAQAD_clean,7.25379,5.92825,6.48374,0.846977,2257.66,2665.55,0.0,0.0,0.6554,0.773811,0.0,0,0.0167948498,0.5011630395,0.48553457167237374
OTIJAE_clean,7.04903,4.97186,7.04895,1.01719,2261.56,2223.34,0.0,0.0,0.6676,0.65632,0.0,0,0.0129349328,0.368216606,0.3749844411387493
OTIPUE_clean,4.56896,3.82437,4.54982,1.42368,625.25,439.178,0.0,0.0,0.419,0.294307,0.0,0,0.0036219116,0.1080623941,0.10550601922024999
OTODOS_clean,5.33134,5.0692,5.30094,1.13572,1496.22,1317.43,0.0,0.0,0.5556,0.489207,0.0,1,0.0067775066,0.1999126895,0.19811605308724925
OVEJIJ_clean,6.31656,4.24661,6.2524,1.60097,1225.59,765.53,134.792,84.1937,0.5422,0.33867,0.0,1,0.0067573699,0.2036634562,0.1973357915143742
OVICUS_clean,5.87924,5.2518,5.87924,1.52853,828.26,541.866,0.0,0.0,0.4388,0.287073,0.0,1,0.0046405175,0.1311164157,0.13588991607074974
OVUCOY_clean,6.51812,4.71987,6.51261,2.41124,1158.77,480.568,0.0,0.0,0.5524,0.229094,0.0,1,0.0036110766,0.1061443187,0.10559153468287455
OXITOF_clean,6.28705,5.508,6.2848,1.24834,1230.37,985.608,0.0,0.0,0.5144,0.412068,0.0,1,0.0068180691,0.1999018133,0.19947213539562483
OYEWEW_clean,9.10111,6.40889,9.10064,0.579676,2406.76,4151.9,0.0,0.0,0.7488,1.29176,0.0,1,0.0268685125,0.7815349916,0.7862640252457499
OYIVEY_clean,8.41834,4.77784,8.41834,1.02358,1872.15,1829.01,0.0951624,0.0929698,0.626,0.611576,0.0,1,0.0116405604,0.3485001027,0.3455452856490019
OYIVIC_clean,5.5413,4.80567,5.5333,1.19582,1382.4,1156.02,0.0,0.0,0.5784,0.483684,0.0,1,0.0072168592,0.2207536362,0.21296541179537481
OYOSAX_clean,5.10436,4.21189,5.06572,1.19023,1067.87,897.196,0.0,0.0,0.5162,0.433699,0.0,1,0.0066726952,0.2003608462,0.19490842586499998
OZAVES_clean,5.64539,5.08904,5.62805,1.07782,1464.13,1358.41,0.0,0.0,0.5738,0.532369,0.0,1,0.0101877067,0.2939148441,0.3000203049453756
OZULAY_clean,11.76704,10.98127,11.76502,1.07223,1568.4,1462.75,0.0,0.0,0.6546,0.610504,0.0,1,0.0133646186,0.3956977985,0.3890714527135004
PACGIM_clean,5.65368,4.16479,5.64778,1.04531,2243.67,2146.41,0.0,0.0,0.631,0.603646,0.0,0,0.0113890722,0.3350495449,0.3359831091587494
PAGFUZ_clean,4.29972,3.05124,4.28072,1.79683,0.0,0.0,742.99,413.501,0.5608,0.312106,0.0,1,0.0041079721,0.1222280641,0.12057694849162465
PAJSAX_clean,11.72543,11.19673,11.71838,0.847503,1673.18,1974.24,0.0,0.0,0.6882,0.812032,0.0,0,0.0136071686,0.4068317192,0.4022354324927504
PAKFEP_clean,4.86901,4.27875,4.86901,1.90484,508.538,266.971,0.0,0.0,0.3924,0.206001,0.0,1,0.0018657348,0.0545259848,0.054410340203249884
PAMHES01_clean,4.30772,3.04279,4.18826,1.41764,0.0,0.0,706.03,498.033,0.5362,0.378235,0.0,1,0.0043445565,0.1310942232,0.1280751451411247
PAMTII_clean,12.14001,5.49468,12.1397,0.953828,2043.58,2142.5,0.0,0.0,0.7082,0.742482,0.0,1,0.0147351429,0.4384967815,0.42352184772174917
PAPROO_clean,7.19025,5.05276,7.19025,1.91608,861.592,449.664,0.0,0.0,0.4326,0.225774,0.0,0,0.0029161068,0.0867614162,0.08637823306650033
PARHEW_clean,7.38605,6.67234,7.38605,0.632325,2400.53,3796.35,0.0,0.0,0.7148,1.13043,0.0,1,0.0202858145,0.5917494663,0.5952251195597508
PARNON_clean,7.81335,6.23608,7.8124,0.973393,1971.82,2025.72,0.0,0.0,0.6118,0.628523,0.0,1,0.0120420272,0.3525742029,0.35214913880624943
PASMUT_clean,5.21671,3.87145,5.2007,1.45236,1664.76,1146.24,0.0,0.0,0.5822,0.400864,0.0,1,0.005680459,0.1693522324,0.1681490661066245
PATWOY_clean,7.80785,6.68696,7.80785,0.911859,1500.87,1645.94,0.0,0.0,0.5982,0.656023,0.0,1,0.0114485998,0.335670806,0.33500100222725065
PAVMAB_clean,4.70831,4.3739,4.70531,1.34518,952.077,707.768,16.532,12.2898,0.553,0.411097,0.0,1,0.0064968939,0.1895075215,0.19127813187262505
PEDMER_clean,4.87431,3.86596,4.87431,1.94999,1030.99,528.717,0.0,0.0,0.5166,0.264924,0.0,1,0.0049557559,0.1432236944,0.14275303222000027
PEFRID01_clean,6.55951,5.47634,6.55951,1.31717,1348.3,1023.64,0.0,0.0,0.552,0.419081,0.0,1,0.0078229304,0.2291626834,0.23026153159949994
PEFRID_clean,9.83364,8.16227,9.74315,1.01836,1671.9,1641.77,0.0,0.0,0.6476,0.635927,0.0,1,0.0131914988,0.3839375624,0.388022192375998
PEFSEA_clean,4.38811,2.87938,4.38811,1.28358,0.0,0.0,503.068,391.926,0.5232,0.407611,0.0,1,0.0035849086,0.1077140283,0.106796688663375
PEFSUQ_clean,6.71056,3.90525,6.68671,1.19472,875.451,732.768,0.0,0.0,0.5094,0.426377,0.0,1,0.0042025575,0.1241522916,0.12535551427962469
PEJFEQ_clean,3.45673,2.75252,3.45167,2.56138,0.0,0.0,24.1937,9.44557,0.378,0.147577,0.0,0,0.0030923752,0.0919301629,0.09106216934287487
PEJFOA_clean,4.64383,3.88697,4.63782,2.21077,775.822,350.929,123.298,55.7717,0.4612,0.208615,0.0,1,0.0047449735,0.1365448397,0.1386258915167494
PEKKAS_clean,3.45164,2.93856,3.45164,1.79576,0.0,0.0,95.3082,53.0741,0.526,0.292913,0.0,0,0.005533232,0.1624728826,0.16350261799412483
PEKZIP_clean,4.53518,4.08657,4.53518,1.41548,619.125,437.397,0.0,0.0,0.4398,0.310708,0.0,1,0.0026686155,0.081084967,0.0804543445017499
PELGOE_clean,4.61976,3.65124,4.60921,1.18989,1005.69,845.196,0.0,0.0,0.5078,0.426764,0.0,1,0.0059708937,0.1768972017,0.17584661592824996
PEMREG_clean,9.06566,7.46673,9.06566,0.753022,2058.76,2734.0,0.0,0.0,0.7058,0.93729,0.0,1,0.0180707609,0.5303434666,0.5272478295736234
PENNUT_clean,5.51848,4.07497,5.51848,1.34514,1276.26,948.789,0.0,0.0,0.5072,0.377061,0.0,1,0.0057140697,0.1644132496,0.16844172115562453
PENXUC_clean,4.25463,3.37336,4.2474,1.90703,551.499,289.192,0.0,0.0,0.3944,0.206813,0.0,1,0.0033526665,0.100463541,0.09757390293874976
PENZUE_clean,3.89114,3.09221,3.89114,1.63624,0.0,0.0,101.898,62.2762,0.4122,0.25192,0.0,0,0.0013749262,0.0415406643,0.03964756186862515
PEPLOM_clean,5.48105,5.23227,5.47438,1.20095,1296.27,1079.37,0.0,0.0,0.5572,0.463966,0.0,0,0.0079850721,0.2309900313,0.23545742740562495
PEVQOY_clean_h,14.80942,7.88362,14.80084,0.613708,2232.3,3637.4,0.0,0.0,0.8108,1.32115,0.0,0,0.0275321661,0.7864195192,0.7969513277616271
PEVZAT_clean,3.95096,3.16385,3.95096,1.39135,0.0,0.0,388.835,279.466,0.4324,0.310778,0.0,0,0.0029358536,0.0853966626,0.08727473221425006
PEYSIW_clean,5.69089,4.7197,5.69089,1.0552,1032.59,978.576,0.0,0.0,0.5102,0.483511,0.0,0,0.0064346046,0.1914484942,0.19049648107162512
PEZCII_clean,12.50562,10.18861,12.50562,0.9535,1419.23,1488.44,0.0,0.0,0.6362,0.667226,0.0,1,0.0122352767,0.3580700732,0.3571111780698747
PIGXAF_clean,4.48463,2.94053,4.48463,2.16298,0.0,0.0,459.955,212.649,0.4888,0.225984,0.0,0,0.0030082376,0.0866858023,0.08906330007799991
PIGXUZ_clean,4.56718,3.56694,4.54309,1.41248,518.542,367.114,0.0,0.0,0.408,0.288854,0.0,0,0.0029254385,0.0842055875,0.08660632899049986
PIJROR_clean,8.28575,7.67913,8.28575,1.27602,1385.29,1085.63,0.0,0.0,0.5522,0.432752,0.0,0,0.0078966866,0.236430305,0.2328341058612514
PIYZAZ_clean,7.00061,5.66568,7.00061,1.03548,2663.91,2572.62,0.0,0.0,0.7414,0.715993,0.0,0,0.0126496144,0.3752645903,0.37174260868749925
PIYZED03_clean,6.91935,5.60013,6.91935,1.05779,2618.81,2475.74,0.0,0.0,0.7212,0.681798,0.0,0,0.012132781,0.3642575359,0.3600910712868737
PIYZED_clean,7.00442,5.67284,7.00442,1.03221,2628.22,2546.21,0.0,0.0,0.7278,0.705091,0.0,0,0.0126593524,0.369103435,0.3713362842257491
PIZPOD_clean_h,4.95479,3.97477,4.74982,1.78246,1546.28,867.502,0.0,0.0,0.5566,0.312266,0.0,1,0.0052737837,0.1588241949,0.15640097389462487
PIZRAT_clean,5.69309,4.64481,5.67801,1.18335,1207.09,1020.06,0.0,0.0,0.5368,0.453627,0.0,1,0.0065513364,0.1920087058,0.19318066631337433
POBMOJ01_clean,16.09028,3.85233,16.09028,1.0369,1784.32,1720.83,0.0,0.0,0.67,0.64616,0.0,1,0.0126744543,0.3733270504,0.370834572415876
POCPAZ_clean,6.39676,5.12111,6.38825,0.921688,1695.17,1839.2,6.74347,7.31643,0.6078,0.659442,0.0,1,0.0109848694,0.3198215213,0.3246516206478751
PODXEN_clean,5.34783,4.01094,5.34783,1.28087,710.366,554.597,0.0,0.0,0.4518,0.352729,0.0,1,0.0033914641,0.0991883449,0.09888666276512514
POHLUV_clean,3.97953,2.87417,3.95488,1.85031,0.0,0.0,370.645,200.315,0.4316,0.233259,0.0,1,0.0028026222,0.0868396165,0.08292196657975001
POKSEP_clean,5.24976,3.94365,5.24501,1.70126,572.314,336.407,0.0,0.0,0.4264,0.250638,0.0,1,0.0031521781,0.0909531264,0.09207830434624978
POKTAM_clean,4.02027,2.97364,4.00657,1.96699,0.0,0.0,216.454,110.044,0.3824,0.194409,0.0,1,0.0016349311,0.0495290861,0.04911199620837483
POLBUN_clean,4.31477,3.58843,4.31278,2.39943,670.094,279.272,0.0,0.0,0.4488,0.187045,0.0,0,0.0055775616,0.1577574824,0.16358219135799973
POLDOK_clean,5.06326,4.95206,5.06326,1.44271,500.914,347.204,76.3428,52.9162,0.4724,0.327439,0.0,1,0.0034987998,0.1014041601,0.10293505932987511
POLDUQ_clean,5.0902,4.98067,5.0902,1.44184,520.517,361.01,59.0453,40.9514,0.471,0.326666,0.0,1,0.0032860015,0.0993875251,0.09806744207687476
POMSOB_clean,5.67937,4.56222,5.67937,1.11643,1180.95,1057.79,0.0,0.0,0.5376,0.481534,0.0,1,0.0077631616,0.2301491751,0.22787951749812535
PORLAL_clean,9.41867,8.86897,9.41275,1.10001,1269.94,1154.48,0.0,0.0,0.5682,0.516538,0.0,1,0.0085026696,0.2563146478,0.2518828702406246
POSGEL_clean,4.66008,2.93509,4.66008,1.39498,0.0,0.0,373.044,267.419,0.4768,0.341797,0.0,0,0.0028556059,0.0854259304,0.08467442771274988
POTNET_clean,4.90891,3.62196,4.89268,1.35117,1395.4,1032.74,0.298007,0.220556,0.5558,0.411349,0.0,1,0.0071197727,0.2137597147,0.20929755134162556
PUDSUD_clean,7.08521,6.02588,7.08155,0.996555,2169.83,2177.33,0.0,0.0,0.6624,0.66469,0.0,1,0.0128242037,0.3882792387,0.37472838859262386
PUFRIR_clean,5.81593,4.39318,5.8122,0.99503,2005.1,2015.11,0.0,0.0,0.6314,0.634554,0.0,1,0.0098269971,0.2904565013,0.28882553292274954
PUFXIZ_clean,4.99812,2.62764,4.99812,1.37474,0.0,0.0,756.157,550.036,0.5084,0.369815,0.0,1,0.0047336088,0.1417398732,0.13816606714212487
PUFXUL_clean,4.50657,3.0834,4.38751,1.24643,0.0,0.0,500.349,401.426,0.512,0.410774,0.0,1,0.0045210732,0.1313649229,0.13441705788749936
PUGFOO_clean,5.53782,2.93974,5.53782,1.24874,0.0,0.0,867.644,694.817,0.4948,0.39624,0.0,1,0.0067996063,0.1986692703,0.19929728382250023
PUGHAC_clean,5.49626,2.91318,5.43273,1.24413,0.0,0.0,858.166,689.775,0.4944,0.397388,0.0,1,0.0066363239,0.1945093909,0.19325926735662488
PULHOT_clean,5.02589,2.8012,5.01307,1.81033,0.0,0.0,869.819,480.476,0.5112,0.28238,0.0,0,0.0057179875,0.1654926297,0.16730724461737434
PUPXII01_clean,3.82607,3.19147,3.81562,1.47931,0.0,0.0,175.848,118.871,0.418,0.282564,0.0,1,0.0021098913,0.0644017463,0.061358967272374894
PUQYAC_clean,5.36415,5.07421,5.36415,1.50028,235.559,157.01,320.725,213.777,0.4614,0.307543,0.0,1,0.0035275258,0.1039054108,0.10438670158774953
PURJES_clean,6.1741,5.21501,6.1741,1.07844,1412.21,1309.49,0.0,0.0,0.5678,0.526503,0.0,1,0.0096476995,0.2841206037,0.2817165397528749
PURQEZ_clean,4.01335,3.33782,3.83874,1.25543,343.511,273.621,43.8193,34.9039,0.5654,0.450365,0.0,0,0.0051671398,0.1498999226,0.15188852328050031
PUWDAM_clean,9.00542,5.91155,9.00542,0.805702,2374.94,2947.67,0.0,0.0,0.7118,0.883453,0.0,0,0.0202296291,0.5908378454,0.5836963198703724
PUZJOL_clean,4.83061,4.03981,4.83061,1.24259,1148.92,924.616,0.0,0.0,0.519,0.417676,0.0,0,0.0073436471,0.2152563559,0.2163478809851257
PUZKOM_clean,5.73239,3.68789,5.71092,1.28608,1004.7,781.21,0.0,0.0,0.5098,0.396397,0.0,1,0.0054758443,0.1664465931,0.15863399801550057
PYDCUT_clean,5.31645,4.73242,5.31645,1.56466,1273.49,813.911,0.0,0.0,0.5466,0.349342,0.0,0,0.005561601,0.1641379003,0.16515628034812502
QABKIQ_clean,4.42544,3.2199,4.41887,0.950962,0.0,0.0,952.778,1001.91,0.6176,0.649448,0.0,0,0.0093806024,0.2753603221,0.27521654426924874
QADWOK_clean,4.58729,3.99418,4.55638,1.86546,733.177,393.026,0.0,0.0,0.4474,0.239833,0.0,0,0.0035054048,0.1022425704,0.10294328946049967
QADWUQ_clean,4.54229,3.95239,4.49763,1.89145,716.655,378.892,0.0,0.0,0.4464,0.236009,0.0,0,0.0034198432,0.0993147808,0.10122258856300018
QAGQEW_clean,16.48295,9.14033,16.48295,0.959417,1239.84,1292.29,398.029,414.866,0.701,0.730652,0.0,1,0.0166908184,0.4777061003,0.4824642017518764
QAJKIV_clean,4.24125,3.62097,4.24125,2.37718,709.122,298.303,0.258537,0.108758,0.4518,0.190057,0.0,0,0.0053688965,0.1608481,0.15551044144699994
QAMVEH01_clean,5.82556,4.59087,5.81673,0.990751,1901.06,1918.81,0.0,0.0,0.6228,0.628614,0.0,1,0.0124452432,0.3617084326,0.3657758305444987
QAPQEE_clean,4.84641,3.70884,4.84641,1.26705,1206.55,952.253,0.0,0.0,0.5406,0.426661,0.0,1,0.0050199846,0.1508636284,0.14885390353687553
QAQRUW_clean,6.65732,4.64818,6.52021,0.851853,2010.6,2360.27,0.0,0.0,0.621,0.728999,0.0,1,0.0137037416,0.4107181602,0.4011176664157488
QATVUE_clean,6.38161,3.71559,6.38161,1.03389,1164.63,1126.45,0.0,0.0,0.5572,0.538935,0.0,0,0.0090624928,0.2650782951,0.26504897957000023
QAWPIO_clean,5.34571,3.76875,5.30515,1.53902,932.084,605.634,189.024,122.821,0.49,0.318384,0.0,1,0.0057125652,0.1630290391,0.16763898597437513
QAXQUB_clean,4.92382,2.63814,4.92363,1.88048,0.0,0.0,477.179,253.753,0.4532,0.241002,0.0,1,0.0037481644,0.1120693685,0.1097472019290001
QAYTEP_clean,5.86758,3.1571,5.86751,0.851653,0.0,0.0,1473.6,1730.28,0.6134,0.720246,0.0,0,0.0084008871,0.2521434299,0.24745576190812468
QEBGAH_clean,5.50168,5.08562,5.49191,1.08026,1235.17,1143.4,0.0,0.0,0.5322,0.492658,0.0,0,0.0078341696,0.2332358029,0.23040798973537543
QEBGEL_clean,6.08453,4.84553,6.08453,1.01993,1460.11,1431.58,0.0,0.0,0.5522,0.54141,0.0,0,0.0095047283,0.2776190888,0.2754345263538764
QEJYIP_clean,5.79435,3.44834,5.51643,1.42081,1141.45,803.374,0.0,0.0,0.5468,0.38485,0.0,0,0.0069125835,0.2002169843,0.20113941027087498
QERCEV_clean,3.81997,3.10912,3.81361,2.51107,0.0,0.0,143.305,57.0696,0.4082,0.16256,0.0,0,0.0012490569,0.0380077492,0.036438052314374955
QERZUI01_clean,4.40066,3.54145,4.40066,1.45403,577.348,397.068,0.0,0.0,0.4282,0.294492,0.0,1,0.0039865289,0.117112183,0.11650157985375036
QERZUI_clean,4.32153,3.30941,4.30984,1.48187,0.0,0.0,394.866,266.465,0.4232,0.285586,0.0,1,0.003557789,0.1011058936,0.10352356045975009
QESLIK_clean,4.25105,2.79127,4.25105,2.6255,0.0,0.0,312.889,119.173,0.4056,0.154485,0.0,0,0.0034909518,0.1007578905,0.10296945753274969
QETCUO_clean,6.89128,4.79138,6.89128,1.23174,1603.73,1302.0,0.0,0.0,0.5742,0.46617,0.0,1,0.0086058458,0.2521434546,0.2536338373179988
QEVKOS_clean,4.71244,3.94029,4.71244,1.86641,753.543,403.738,0.0,0.0,0.4654,0.249355,0.0,0,0.0027009766,0.0790622499,0.07872655599312489
QEZZOL_clean,6.25588,3.45747,6.04611,1.73068,941.451,543.977,0.0,0.0,0.483,0.279081,0.0,1,0.0033642809,0.0967398287,0.09783009439887548
QIDDAI02_clean,5.0417,3.16561,5.0417,1.0417,0.0,0.0,1098.19,1054.23,0.5814,0.558125,0.0,1,0.0080169182,0.2365714818,0.23536428655787492
QIJLAW_clean,8.05446,5.26641,8.05325,0.671267,2454.25,3656.15,0.0,0.0,0.7174,1.06873,0.0,0,0.0189943802,0.5490588107,0.5505881210099974
QISKIN_clean,4.53693,3.39137,4.51316,1.50984,313.749,207.803,0.0,0.0,0.3292,0.218037,0.0,1,0.0025428863,0.0748778734,0.07518631293550014
QISNEN_clean,6.73584,5.39558,6.7159,1.14249,2865.04,2507.71,0.0,0.0,0.739,0.646833,0.0,1,0.0131123257,0.3805484671,0.3805525675533739
QITDEE_clean,4.86214,3.02405,4.86214,1.33739,0.0,0.0,387.596,289.815,0.464,0.346944,0.0,1,0.0025847714,0.0776294424,0.07615695271324961
QIWDOR_clean,4.59203,4.06699,4.58575,1.55074,682.335,440.007,0.0,0.0,0.3988,0.257168,0.0,1,0.0030585772,0.0858978978,0.09088518379124995
QIYCOS_clean,4.98252,2.67355,4.98066,1.13718,0.0,0.0,632.572,556.262,0.4942,0.434582,0.0,1,0.0032978318,0.0987886242,0.09753413037012432
QOBGEV_clean,7.79609,3.48851,7.69085,1.10244,1557.79,1413.04,0.0,0.0,0.6186,0.56112,0.0,0,0.0107508572,0.3123109146,0.31759420580574915
QOCBUH_clean,5.62714,5.2779,5.62443,1.65942,1085.12,653.917,0.0,0.0,0.4334,0.261175,0.0,0,0.0051709888,0.1519640903,0.15162944389612482
QODHUO03_clean,7.01529,3.79079,6.96918,1.33247,1014.37,761.274,0.0,0.0,0.4906,0.368189,0.0,1,0.0045672413,0.136983773,0.13667567174937464
QOFDOG_clean,7.06378,3.79902,6.95616,1.31604,1025.34,779.109,0.0,0.0,0.4946,0.375823,0.0,1,0.0047494476,0.1402765002,0.13884822942362585
QOHTUD_clean,6.67584,5.81143,6.66422,1.12235,912.162,812.727,0.0,0.0,0.4922,0.438545,0.0,1,0.0052568498,0.150867582,0.1561858390483746
QOMDUS_clean,5.73732,4.27265,5.65548,1.56934,1252.52,798.122,0.0,0.0,0.5388,0.343329,0.0,1,0.0055553243,0.1641429252,0.16421735154750045
QOMFEE_clean,6.23329,4.79223,6.23329,0.956504,2173.22,2272.05,0.0,0.0,0.6332,0.661994,0.0,1,0.0133988948,0.3826787236,0.39298401633212343
QOMSAO_clean,6.28295,5.19194,6.16876,0.913349,2335.71,2557.31,0.0,0.0,0.6626,0.725462,0.0,1,0.0139131831,0.3958298179,0.4094901300823763
QONLIQ_clean,6.00653,4.86996,6.00653,0.931336,2311.78,2482.22,0.0,0.0,0.6534,0.701573,0.0,1,0.0129505596,0.3852167119,0.3799097522931254
QOSJUF_clean,6.12081,5.11749,6.09552,1.41231,1533.09,1085.52,0.0,0.0,0.5616,0.397647,0.0,1,0.0072431763,0.2072753543,0.21202026884662517
QOVSOL_clean,6.4221,3.84022,6.40906,1.13898,1211.49,1063.66,0.0,0.0,0.5446,0.478145,0.0,0,0.0075102202,0.2205067458,0.22113754738462454
QOWLEU_clean_h,7.55178,5.63017,7.55178,1.41332,1270.28,898.791,0.0,0.0,0.5304,0.375286,0.0,0,0.005348303,0.1560446933,0.1563607415603749
QUFGED_clean,5.36015,3.38006,5.36015,1.61094,1011.12,627.662,9.15418,5.68251,0.5046,0.313234,0.0,1,0.0056882615,0.1689166354,0.16661167520737483
QUFGIH_clean,5.23484,3.17899,5.23484,1.61709,0.0,0.0,909.892,562.673,0.5008,0.309692,0.0,1,0.0054329161,0.1625346051,0.15950731808574986
QUKYUR_clean,4.2216,2.88893,4.2216,2.13114,0.0,0.0,437.358,205.223,0.4372,0.205148,0.0,1,0.0025467534,0.0765704127,0.07514275149924968
QUNWAZ_clean,6.68191,4.62372,6.68191,0.987311,1445.66,1464.24,0.0,0.0,0.5434,0.550384,0.0,1,0.0090103806,0.2642654767,0.26254642210987406
QUPHIT_clean,4.22766,3.0939,4.22766,1.29661,0.0,0.0,512.776,395.475,0.4414,0.340426,0.0,1,0.0036311251,0.1050346605,0.10731774035812505
QUPHUF_clean,5.02709,3.72665,4.99488,1.27657,629.658,493.241,0.0,0.0,0.4654,0.36457,0.0,1,0.0040327877,0.1196036291,0.11938748635587446
QUQPOI_SL,6.67917,4.16594,6.67917,0.777338,2276.92,2929.12,0.0,0.0,0.6518,0.838503,0.0,0,0.0165196887,0.4773925669,0.48189673530062405
QUQWOQ_clean,10.06165,6.49649,10.06165,0.726621,2197.25,3023.92,0.0,0.0,0.7314,1.00658,0.0,1,0.0205818165,0.6010281534,0.6069373408247506
QUSCEN_clean,5.44405,4.31312,5.4378,1.17461,1160.52,988.008,0.0,0.0,0.5346,0.455132,0.0,0,0.0081061522,0.2368254806,0.23533058610712543
QUSSII_clean,5.07067,4.28847,5.07067,1.30387,1013.74,777.485,0.0,0.0,0.5214,0.399886,0.0,1,0.0058969105,0.1690996826,0.17506844417999978
QUTTII_clean,5.89004,4.39215,5.87319,1.54457,1464.98,948.466,0.0,0.0,0.5138,0.332648,0.0,1,0.0070630518,0.2039783733,0.20589743594937598
QUWYEO_clean,4.99055,3.64708,4.98531,1.56862,445.43,283.963,0.0,0.0,0.3404,0.217006,0.0,0,0.0029554216,0.0863586098,0.08709125050137491
QUZVEO_clean,9.48553,8.8403,9.48103,1.4036,1600.03,1139.94,0.0,0.0,0.619,0.441008,0.0,1,0.0080682341,0.2403678766,0.2356697776273753
RACHUA_clean,10.9643,9.26908,10.9643,0.761133,2031.27,2668.75,0.0,0.0,0.7024,0.922834,0.0,1,0.0175962657,0.4998129915,0.5161056246943745
RAJFAM_clean,5.76966,4.83521,5.76966,1.51984,1227.59,807.709,0.0,0.0,0.4906,0.322798,0.0,1,0.0058351309,0.1708863477,0.1706329845037496
RAKMOF_clean,6.63021,4.74893,6.28969,1.14411,2264.35,1979.14,0.0,0.0,0.7132,0.623366,0.0,1,0.0093487809,0.2750759709,0.27712468106299903
RANWAH_clean,16.74527,9.32901,16.72649,0.807635,1226.12,1518.16,378.27,468.367,0.6974,0.863509,0.0,1,0.0198033374,0.5773925479,0.5773143326657519
RAPBOZ_clean,6.26431,4.41375,6.26263,1.54927,1120.19,723.042,0.0,0.0,0.4916,0.31731,0.0,1,0.0052987783,0.1575281178,0.1570401716774991
RASXEP01_clean,5.09989,3.45083,5.0749,2.38949,628.019,262.825,0.0,0.0,0.4048,0.169408,0.0,1,0.0022553958,0.0662548274,0.06614821714799957
RATSAI_clean,5.60614,4.62847,5.47098,1.77494,1148.07,646.824,0.0,0.0,0.5046,0.284292,0.0,1,0.0052779897,0.153377159,0.15622682690975007
RATVEP_clean,3.73735,3.09956,3.72505,1.34661,0.0,0.0,127.088,94.3768,0.4282,0.317985,0.0,1,0.0023017237,0.0684665976,0.06860704669912511
RAVVIU_clean,4.57827,3.5768,4.571,1.86654,688.219,368.714,0.0,0.0,0.4312,0.231016,0.0,0,0.0026276435,0.0769506414,0.07791634097350043
RAXQEO_clean,8.85312,4.24768,8.85312,0.848051,1428.37,1684.3,0.0,0.0,0.631,0.744059,0.0,1,0.009600533,0.2881234432,0.2828106030242488
RAYFEE_clean,13.87561,10.03609,13.87561,0.965847,1665.9,1724.8,0.0,0.0,0.7062,0.731172,0.0,1,0.0137118085,0.4139492034,0.39882373085737577
RAZYOI_clean,7.72531,5.99694,7.71841,1.07668,1740.27,1616.34,0.0,0.0,0.608,0.564701,0.0,0,0.010953743,0.3221941458,0.32221446270424914
REFJET_clean,6.27741,5.87074,6.27741,1.48318,1233.99,831.987,0.0,0.0,0.4452,0.300165,0.000134845,1,0.0061248563,0.1787312215,0.17999233758499977
REGJIW02_clean,4.15601,3.75321,4.15601,2.20306,528.853,240.053,0.0,0.0,0.3622,0.164407,0.0,0,0.0025197633,0.0750324183,0.07392303761275003
REGJIW_clean,4.22072,4.03217,4.22072,2.18549,633.476,289.856,0.0,0.0,0.367,0.167926,0.0,0,0.0027700629,0.0819988931,0.08144449111862492
REHVAD_clean,5.39014,4.09776,5.39014,1.21945,848.775,696.033,0.0,0.0,0.4626,0.379352,0.0,0,0.0051580776,0.1531269879,0.15108264138524996
REJLIC_clean,7.01256,4.27999,7.01256,1.09096,1719.24,1575.89,0.0,0.0,0.5716,0.523941,0.0,0,0.0093419706,0.2746968567,0.2750209005535
RENWEM_clean,3.15125,2.6927,3.15125,1.54991,0.0,0.0,0.0,0.0,0.4542,0.29305,0.0,1,0.0026709755,0.0818217763,0.07949789307112526
REXDUV_clean,8.6384,5.67843,8.6331,1.35953,1719.61,1264.86,0.0,0.0,0.6318,0.464721,0.0,0,0.0081348603,0.2330946562,0.2365722293686248
REYBAA_clean,4.19945,3.50951,4.19839,1.29344,533.841,412.731,0.0,0.0,0.4586,0.35456,0.0,0,0.003178377,0.0925905429,0.09525701803774979
REZJIR03_clean,4.5594,2.63083,4.55037,1.30605,0.0,0.0,537.04,411.194,0.5254,0.402281,0.0,0,0.0040486923,0.1179506025,0.1215275949523746
REZJIR_clean,4.71635,2.69979,4.70506,1.27847,0.0,0.0,629.272,492.206,0.5366,0.41972,0.0,0,0.0044751269,0.1321228531,0.13122825451049946
REZVAU_clean,5.17319,4.55903,5.17319,1.10092,1367.69,1242.32,0.0,0.0,0.552,0.5014,0.0,1,0.0081098675,0.2408573576,0.2364513032746247
RIGPEE01_clean,4.32886,3.44721,4.31075,1.25081,566.106,452.592,0.0,0.0,0.462,0.369361,0.0,1,0.0033793687,0.0989280238,0.09837823918462496
RIPNIP_clean,5.40468,4.16071,5.24069,1.54847,1362.91,880.165,0.0,0.0,0.5192,0.335298,0.0,1,0.0050548258,0.1518774172,0.1480473076117503
RIXPIZ_clean,9.94535,8.42715,9.94535,0.56995,2088.86,3665.0,0.0,0.0,0.7428,1.30327,0.0,0,0.0261389245,0.7749397973,0.7727666705036232
RIYBEI_clean,8.30815,7.80553,8.30815,1.20426,2064.05,1713.96,0.0,0.0,0.6688,0.555362,0.0,0,0.0102039601,0.2920465544,0.3001722149902518
RIYBIM_clean,8.35741,7.50788,8.28491,1.24126,2090.26,1683.99,0.0,0.0,0.6636,0.534619,0.0,0,0.0101387864,0.2920537959,0.2948324728059989
ROCZEQ_clean,5.8918,4.42295,5.82087,1.11408,2330.31,2091.69,0.0,0.0,0.6462,0.580029,0.0,1,0.0103317592,0.3101436233,0.30086512681762584
ROCZOA_clean,6.50104,5.23642,6.50104,0.958325,2491.0,2599.32,0.0,0.0,0.685,0.714789,0.0,1,0.0136417976,0.3978408858,0.4014729027326227
ROCZUG_clean,6.74711,5.16908,6.7416,0.926118,2487.32,2685.75,0.0,0.0,0.688,0.742886,0.0,1,0.0143087668,0.4168660773,0.42137025274650297
RODBAP_clean,7.01898,5.1049,7.00748,0.913193,2450.75,2683.71,0.0,0.0,0.7006,0.767198,0.0,1,0.0143584788,0.4276825771,0.4218011284821283
RONSOC_clean,9.61015,5.51941,9.61015,1.44392,1795.25,1243.32,0.0,0.0,0.604,0.418306,0.0,0,0.0088381105,0.2589225066,0.26076606076275044
ROQDIM01_clean,5.18977,2.65274,5.18977,1.04189,0.0,0.0,919.887,882.899,0.579,0.555719,0.0,0,0.0065425028,0.1909943606,0.19631728993250047
ROQDIM02_clean,5.22188,2.67795,5.22188,1.03483,0.0,0.0,945.617,913.785,0.5816,0.562022,0.0,0,0.0066292326,0.195791077,0.1980971888626257
ROQDIM_clean,5.15806,2.62729,5.15806,1.04931,0.0,0.0,895.138,853.07,0.5766,0.549502,0.0,0,0.0061704041,0.1851233142,0.18124927276837483
ROQFUA02_clean,5.1929,2.72543,5.1929,1.00973,0.0,0.0,955.65,946.442,0.565,0.559556,0.0,0,0.0068751308,0.2041543009,0.19957224127262585
ROQFUA03_clean,5.23302,2.7546,5.23302,1.00188,0.0,0.0,987.565,985.713,0.567,0.565936,0.0,0,0.0070885613,0.2075024922,0.20732452941637505
ROQFUA_clean,5.11151,2.66584,5.11151,1.02483,0.0,0.0,897.894,876.138,0.56,0.546431,0.0,0,0.0066270178,0.1945232484,0.19741371473887562
ROQMER03_clean,5.26206,2.72196,5.26118,1.02557,0.0,0.0,979.864,955.431,0.5824,0.567877,0.0,0,0.0063958657,0.1938135543,0.1902403034352483
ROQNES_clean,5.09432,2.67474,5.09432,1.02615,0.0,0.0,920.053,896.609,0.55,0.535985,0.0,0,0.0064153701,0.1877588374,0.18946810200987405
RORTAV_clean,9.60382,5.42977,9.56238,0.669195,1791.93,2677.74,407.039,608.252,0.711,1.06247,0.0,0,0.0208840722,0.6047462602,0.6069235022512537
ROTQIC_clean,4.94875,3.6681,4.74718,1.32167,723.976,547.773,0.0,0.0,0.481,0.363934,0.0,1,0.0042120967,0.1258972249,0.12512019737912483
RUBGUS_clean,4.4617,3.54667,4.45263,1.35931,320.757,235.971,161.359,118.706,0.4638,0.341202,0.0,1,0.0049610027,0.147983783,0.14647937316300041
RUBTAK01_SL,8.70379,4.00842,8.70379,1.20121,1712.27,1425.46,0.0,0.0,0.5914,0.492338,0.000832496,0,0.0089323017,0.2619613225,0.2613317287002502
RUBTAK02_SL,8.49537,3.88559,8.49537,1.23841,1654.63,1336.08,0.0,0.0,0.5866,0.47367,0.000322994,0,0.0082979764,0.2452201426,0.24476859347337535
RUFMUA01_clean,4.11681,2.9225,4.01453,1.51217,0.0,0.0,359.122,237.488,0.3882,0.256717,0.0,1,0.0033843295,0.0991460814,0.0993653245701249
RUFTET_clean,5.41592,3.76809,5.41592,1.32563,1019.52,769.082,0.0,0.0,0.4806,0.362546,0.0,0,0.0044217534,0.1332452842,0.12949874543899997
RUGGIL_clean,3.81858,2.92117,3.81858,1.83565,0.0,0.0,324.169,176.596,0.5394,0.293847,0.0,1,0.0032539905,0.0992226243,0.09530548231225013
RUGGOR_clean,3.79357,2.90303,3.79357,1.85676,0.0,0.0,281.227,151.461,0.5222,0.281242,0.0,1,0.0033810448,0.0951671941,0.09972777765974972
RUGGUX_clean,3.78929,2.90906,3.78929,1.90405,0.0,0.0,267.972,140.738,0.52,0.273102,0.0,1,0.0030861077,0.0932175591,0.09111342621849962
RUGHEI_clean,3.7967,2.91404,3.7967,1.93097,0.0,0.0,237.42,122.954,0.5172,0.267845,0.0,1,0.003078464,0.0901074354,0.0910475395659997
RUGJIO_clean,4.04139,2.83688,4.04139,2.02141,0.0,0.0,249.131,123.246,0.4354,0.215394,0.0,0,0.001968988,0.0584227665,0.0579839855351251
RUGJUA_clean,3.92869,2.72588,3.91361,2.27098,0.0,0.0,187.327,82.4872,0.4352,0.191635,0.0,0,0.0016403818,0.0478898362,0.04825448826800009
RUGXOI01_clean,6.51947,4.18889,6.51947,1.08279,1782.29,1646.02,0.0,0.0,0.638,0.589221,0.0,0,0.0114441196,0.3392494876,0.3330129387380002
RUGXOI_clean,5.21341,3.72816,5.20196,1.19066,1517.77,1274.73,0.0,0.0,0.586,0.492165,0.0,0,0.0095299028,0.2701899981,0.27847931211275057
RUSWOT_clean,6.47922,3.93218,6.4245,1.19886,1481.92,1236.11,0.0,0.0,0.5554,0.463273,0.0,1,0.0082552395,0.237101165,0.23916033989212482
RUVMAX_clean,5.22433,4.41387,5.22043,1.2008,1767.14,1471.63,0.0,0.0,0.5696,0.474351,0.0,1,0.008798019,0.2585315679,0.2575939093151247
RUVMUR_clean,3.8115,3.49015,3.80241,1.48235,185.395,125.068,39.5872,26.7057,0.4088,0.275779,0.0,1,0.0021904375,0.065617143,0.06498259675712487
RUWWOW_clean,5.0384,3.90108,5.0384,1.48575,1143.96,769.955,0.0,0.0,0.494,0.332493,0.0,1,0.0053717786,0.1548162767,0.15809812163787573
RUWWUC_clean,5.12851,4.00559,5.12851,1.54997,877.489,566.133,0.0,0.0,0.4642,0.29949,0.0,1,0.0042446183,0.127682624,0.1251736218118752
RUWXEN_clean,5.03811,3.94141,5.03811,1.46802,1178.02,802.454,0.0,0.0,0.5092,0.346863,0.0,1,0.0054188022,0.1621963302,0.15763486517487574
RUYZUH_clean,5.57075,3.47029,5.07859,2.36782,1042.81,440.408,0.0,0.0,0.4718,0.199255,0.0,1,0.0033493686,0.1001839156,0.09709016865612498
RUZDAS_clean,5.2699,4.49334,5.2699,1.45263,1149.42,791.271,0.0,0.0,0.5294,0.364442,0.0,1,0.0056377589,0.1661823168,0.16525795369674995
SABVOH01_clean,6.48998,6.20475,6.48998,1.00596,1532.58,1523.5,0.0,0.0,0.5966,0.593066,0.0,0,0.0113484855,0.3317069421,0.3346417084098753
SABXEB_clean,4.46851,2.96544,4.43427,1.77741,0.0,0.0,440.42,247.787,0.4316,0.242825,0.0,1,0.0032297408,0.0918727455,0.09606340976262501
SABYIG_clean,4.52957,3.00537,4.30857,1.72973,0.0,0.0,478.903,276.866,0.4348,0.251369,0.0,1,0.0033374759,0.0968932189,0.09800319852174982
SAQQAD_clean,10.6229,9.13911,10.59086,0.899459,1701.71,1891.92,0.0,0.0,0.6748,0.750228,0.0,1,0.0155575195,0.4574843572,0.4575174936001254
SAQQOR_clean_h,10.68647,9.07282,10.64358,0.778283,1708.0,2194.57,0.0,0.0,0.6882,0.884254,0.0,1,0.0174920091,0.5220333427,0.5131985410030007
SARGUP_clean,11.61678,10.99568,11.61678,1.13145,1593.32,1408.21,0.0,0.0,0.6444,0.569535,0.0,1,0.0131826791,0.3832551451,0.37832179474687466
SARMII_clean,4.27353,3.3718,4.25894,1.74631,408.216,233.759,0.0,0.0,0.4322,0.247493,0.0,1,0.002414706,0.0730232229,0.07059788999499968
SATCIB_clean,6.83956,2.8933,6.83956,1.59573,0.0,0.0,1026.71,643.411,0.5088,0.318851,0.0,1,0.0039861416,0.1188698975,0.11734962714449995
SATROV_clean,5.68214,4.67755,5.6433,1.62598,1989.31,1223.46,0.0,0.0,0.6086,0.374297,0.0,1,0.0070204383,0.2029645048,0.20571557221900005
SAXRIS_clean,6.95604,5.1283,5.82931,1.88243,2109.8,1120.78,0.0,0.0,0.5242,0.27847,0.000106246,1,0.005998369,0.1754383389,0.17683635667712477
SAYTOD_clean,6.38142,4.3971,6.36474,1.32305,2428.66,1835.65,0.0,0.0,0.7024,0.530895,0.0,1,0.0077548281,0.2364776073,0.22750219272037492
SEFTUU_clean,11.47019,3.47366,11.47019,0.90919,1502.21,1652.25,0.0,0.0,0.6416,0.705683,0.0,0,0.0111855188,0.3334579805,0.3293238675260012
SEFVAC_clean,11.52297,3.67055,11.52297,0.903784,1536.01,1699.54,0.0,0.0,0.6434,0.711896,0.0,0,0.0109612592,0.3243823325,0.3216660996856241
SEFVEG_clean,11.61384,3.82499,11.61384,0.903214,1567.68,1735.67,0.0,0.0,0.6424,0.711238,0.0,0,0.0111351748,0.3287233573,0.3289902030001256
SEFWAD_clean,11.60905,3.66396,11.60905,0.909829,1580.0,1736.59,0.0,0.0,0.6436,0.707386,0.0,0,0.0115768289,0.3358012643,0.33965944629050254
SEGMEW_clean,4.54304,3.58735,4.3932,1.55869,710.369,455.747,0.0,0.0,0.505,0.32399,0.0,1,0.0026554464,0.0786392904,0.07997195383874994
SEHNID_clean,5.75155,4.35756,5.66689,1.44623,1469.69,1016.22,4.17576,2.88733,0.5848,0.404361,0.0,1,0.0055247466,0.1630142906,0.1660317290886249
SEHSUU_clean,5.44704,4.60331,5.44667,1.3755,2258.75,1642.13,0.0,0.0,0.6246,0.454089,0.0,1,0.0095547901,0.2763154038,0.2811454118282496
SEQTEP_clean,7.6925,5.22397,7.6925,0.967552,1457.91,1506.8,0.0,0.0,0.5822,0.601725,0.0,1,0.0099628852,0.2936144573,0.29235371677962724
SERJUV_clean,8.81658,8.12377,8.8037,1.17608,1441.79,1225.93,0.0,0.0,0.577,0.490611,0.0,1,0.0090761843,0.2679842081,0.26501640636487467
SETQOZ_SL,7.85539,7.34267,7.85421,0.993925,1777.54,1788.41,0.0,0.0,0.6354,0.639284,0.0,0,0.0124568648,0.3675500414,0.36817636067049725
SEYNAM_clean,4.61019,3.49627,4.57613,1.21074,674.404,557.017,0.0,0.0,0.4702,0.388357,0.0,1,0.0037492481,0.1134468802,0.11136342817912487
SIQCOM_clean,4.78607,3.41332,4.77151,1.37032,965.525,704.599,0.103074,0.0752192,0.535,0.39042,0.0,1,0.0056019918,0.1603323641,0.16363084632662467
SIRBIG07_clean,4.7082,2.80039,4.7082,1.11789,0.0,0.0,701.01,627.085,0.557,0.498261,0.0,0,0.0062666468,0.1830270642,0.1839455542893755
SISFEH_clean,4.41588,3.6646,4.35167,1.61069,592.834,368.062,0.0,0.0,0.4254,0.26411,0.0,1,0.0030972763,0.0893468016,0.09056890259187497
SISPUH_clean,5.99511,5.1936,5.99511,1.69632,1257.02,741.025,0.0,0.0,0.5152,0.303716,0.0,1,0.0055884321,0.1690706803,0.16301464617887518
SISQAO_clean,5.99338,5.23289,5.99338,1.66873,1254.35,751.683,0.0,0.0,0.5178,0.310297,0.0,1,0.0058689585,0.1728338065,0.1721985474448742
SISQIW_clean,6.00511,5.20372,6.00511,1.61583,1236.89,765.482,0.0,0.0,0.521,0.322434,0.0,1,0.0060379713,0.1775625139,0.17799654928549952
SIVQAR_clean,8.43693,5.95196,8.03277,1.35381,1577.05,1164.9,0.0,0.0,0.616,0.455013,0.0,1,0.0084073964,0.2521530715,0.24653632108075102
SIZGEO_clean,4.71719,3.11365,4.26779,1.80677,0.0,0.0,1041.57,576.483,0.5266,0.291459,0.0,0,0.0041955687,0.1197725775,0.12406957839362454
SOBTUY_clean,5.30158,4.93345,5.25562,1.24028,1722.57,1388.85,0.0,0.0,0.5708,0.460217,0.0,1,0.0075204062,0.2189187377,0.22129351985112525
SOBZOY_clean,5.37738,4.41402,5.37738,1.12835,1566.4,1388.22,0.0,0.0,0.582,0.515796,0.0,1,0.0075783389,0.2213100366,0.22309057202612517
SODQOT_clean,6.38354,5.71555,6.35379,1.16333,2168.31,1863.88,0.0,0.0,0.653,0.561321,0.0,1,0.0111279965,0.3281908742,0.3255726710293719
SODXUG_clean,4.72864,4.01613,4.71178,1.34536,905.757,673.244,0.0,0.0,0.4682,0.34801,0.0,1,0.00565836,0.1615050891,0.16729371622874972
SOHMEI_clean,8.65383,8.02301,8.62464,1.19399,2084.79,1746.06,0.0,0.0,0.6688,0.560138,0.0,0,0.0102895417,0.3045046022,0.3017371526601277
SOHNIN_clean,8.46136,7.91648,8.46136,1.21276,2069.15,1706.15,0.0,0.0,0.6704,0.552789,0.0,0,0.0101572194,0.2917259526,0.2943612425555003
SOJGOO_clean,6.25393,4.92061,6.24311,1.24524,1162.74,933.744,0.0,0.0,0.513,0.411967,0.0,1,0.0062494312,0.187143694,0.18021899206575043
SOJKOT02_clean,3.48201,3.18874,3.47634,1.60292,0.0,0.0,27.7363,17.3035,0.4452,0.277742,0.0,0,0.0020163651,0.0579845915,0.06087204016162509
SOKWUM_clean,5.85854,4.29712,5.84922,1.62759,2447.15,1503.54,0.0,0.0,0.6492,0.398872,0.0,1,0.0074902043,0.2231624653,0.2178094666092496
SOMCON_clean,8.11347,7.39172,8.11088,1.23046,2025.07,1645.79,0.0,0.0,0.6712,0.545487,0.0,0,0.0100058058,0.2813593874,0.2877064247388741
SOMSIY_clean,6.00203,5.70916,6.00203,1.30077,1538.34,1182.64,0.0,0.0,0.5758,0.442662,0.0,0,0.0093130172,0.2839349726,0.2708254045288734
SOPLAM_clean,7.99336,6.43639,7.96868,0.786263,2208.41,2808.75,0.0,0.0,0.6702,0.852386,0.0,1,0.0170892848,0.4942281306,0.4972829463468754
SOPLOA_clean,8.29809,6.85068,8.29809,0.790491,2059.77,2605.68,0.0,0.0,0.6598,0.834671,0.0,1,0.0158430986,0.4700660277,0.46685635953712384
SOQHIR01_clean,5.29124,3.26263,5.25532,1.49431,0.0,0.0,1049.8,702.532,0.5198,0.347852,0.0,0,0.0064933988,0.1890309597,0.19169314690575046
SOTTUR_clean,4.85387,3.54585,4.85387,1.5081,695.909,461.447,0.0,0.0,0.4606,0.305417,0.0,1,0.0036329287,0.1034226462,0.10633169392474953
SOTWUV_clean,6.18672,5.12197,6.18672,1.20466,2258.56,1874.85,0.0,0.0,0.6516,0.540898,0.0,1,0.0107836176,0.3161335849,0.3181248266808754
SOTXAC_clean,6.12649,5.14189,6.12133,1.25484,2251.96,1794.63,0.0,0.0,0.645,0.514011,0.0,1,0.0103020708,0.3003313806,0.30148886073725056
SOXDEQ_clean,7.82825,4.19616,7.82511,1.75226,1007.81,575.152,0.0,0.0,0.4478,0.255556,0.0,1,0.0047485738,0.1374511559,0.13708146538724894
SOYWOT_neutral_b,13.17245,6.57882,13.17245,0.881994,2147.64,2434.99,0.0,0.0,0.7166,0.812478,0.0,1,0.0172350569,0.5156335355,0.5057879955040009
SOYWUZ_clean,13.18202,6.56101,13.18202,0.874244,2168.24,2480.14,0.0,0.0,0.7172,0.820366,0.0,1,0.0177489758,0.5083914895,0.5161721668583769
SOZGOF_clean,8.62412,3.75854,8.61676,1.03974,1771.69,1703.98,0.0,0.0,0.6218,0.598036,0.0,1,0.0127318132,0.3682931066,0.3752326964081258
SOZSAD_clean,8.8027,3.99777,8.80075,0.979603,1802.77,1840.31,0.0,0.0,0.6322,0.645363,0.0,1,0.0132180226,0.3885373201,0.3866476704199996
SOZSUX_clean,8.70746,3.96873,8.68609,1.0202,1783.95,1748.63,0.0,0.0,0.6284,0.615958,0.0,1,0.0129385375,0.3726073078,0.3786091300392512
SUFJOU_clean,6.30332,3.54841,6.29414,1.24899,1424.61,1140.61,0.0,0.0,0.571,0.457169,0.0,1,0.0085126795,0.2478353989,0.2509621270605006
SUGVUM_clean,5.79435,4.06776,5.78784,1.1064,1279.06,1156.05,0.0,0.0,0.5442,0.491863,0.0,1,0.0074646663,0.2219275277,0.2218129239698747
SUJNUH_clean,7.55155,6.59808,7.55155,1.24948,986.433,789.474,0.0,0.0,0.5334,0.426897,0.0,1,0.0057791998,0.1699057728,0.17167676374662527
SUJREV_clean,4.09412,3.04808,3.93219,1.22146,0.0,0.0,509.063,416.767,0.4792,0.392318,0.0,0,0.0043899339,0.1297878304,0.12904599335499978
SUKKUF_clean,5.04,3.85862,5.04,2.47267,613.367,248.059,0.0,0.0,0.3764,0.152224,0.0,1,0.002526914,0.0732136322,0.07446726746500038
SUKYON_clean,10.7978,7.28862,10.07334,0.52652,2852.06,5416.81,0.601169,1.14178,0.7786,1.47877,0.0,1,0.0311650905,0.9169720731,0.914873674808249
SUNJIV_clean,4.89155,3.90131,4.73471,1.36084,1754.51,1289.29,0.0,0.0,0.5968,0.438553,0.0,1,0.0078460938,0.2301966431,0.22998362364299874
SUSZOW_clean,6.37118,5.41681,6.36973,1.91863,721.465,376.031,0.0,0.0,0.4268,0.22245,0.0,0,0.0027538488,0.0835195334,0.08079827241450001
SUVZUG_clean,5.03983,3.1326,5.03983,1.62871,0.0,0.0,611.92,375.709,0.465,0.285502,0.0,1,0.0032284683,0.0991630067,0.09644499386237547
TADWEC_manual,12.9835,12.22348,12.9835,0.782876,1609.55,2055.94,0.0,0.0,0.6462,0.825418,0.0,1,0.015317213,0.4413779327,0.44758797134312656
TAKGOE_clean,10.5248,9.55919,10.5248,1.53175,1232.21,804.446,0.0,0.0,0.5862,0.3827,0.0,1,0.006305865,0.1864187016,0.18684872141862546
TANFEV_clean,3.98514,2.61526,3.98514,2.3923,0.0,0.0,345.939,144.606,0.4664,0.194959,0.0,0,0.0026151401,0.0784900761,0.07698093565424967
TAQGEZ_clean,8.38886,8.25863,8.38886,0.927218,1939.79,2092.05,0.0,0.0,0.7086,0.764222,0.0,0,0.0142578523,0.4168435106,0.4171770547014987
TARVOX_clean,4.82249,4.38256,4.82249,1.56156,717.335,459.371,0.0,0.0,0.4084,0.261533,0.0,1,0.0036274114,0.1051658681,0.10534754933937496
TARVUD_clean,5.52201,5.05683,5.52201,1.5754,822.863,522.32,0.0,0.0,0.431,0.273582,0.0,1,0.0035198152,0.1035151039,0.10314537202512485
TATPOV_clean,8.94506,6.39643,8.9366,0.932619,2044.77,2192.51,0.0,0.0,0.6812,0.730416,0.0,1,0.0149174801,0.4264737955,0.43988727738474864
TAZLIR_clean,11.03662,6.77118,11.03522,0.972357,2245.68,2309.52,0.0,0.0,0.737,0.757952,0.0,1,0.0157183948,0.4501851844,0.45896972830312344
TAZLOX_clean,11.11165,6.76913,11.10718,0.977004,2218.73,2270.96,0.0,0.0,0.7358,0.753118,0.0,1,0.0158490064,0.4514537434,0.4647264500156251
TEDSIG_clean,5.45758,3.35688,5.2645,1.15314,982.852,852.324,0.0,0.0,0.537,0.465684,0.0,0,0.0067285573,0.1972973049,0.19790321517174914
TEFWOR_clean,8.09113,4.61719,8.09113,1.43313,1313.7,916.666,0.0,0.0,0.5436,0.379311,0.0,0,0.0069044265,0.1990610306,0.20231705711912507
TEMPAE_clean,9.74723,4.32378,9.74723,0.807529,2116.71,2621.22,0.0,0.0,0.6822,0.844799,0.0,0,0.0143085544,0.4285842667,0.4233746295783741
TEQPAI_clean,6.00734,3.70386,5.68806,1.19067,1432.59,1203.18,0.0,0.0,0.596,0.500558,0.0,1,0.0088600863,0.25886319,0.2593808336727513
TEQVAO_manual,4.70544,3.52951,4.70544,1.19795,706.636,589.87,0.0,0.0,0.5124,0.42773,0.0,1,0.0046524929,0.1417644022,0.13594028378799933
TEQWER01_clean,4.21874,3.59841,4.17878,1.6409,883.632,538.504,0.0,0.0,0.5372,0.327381,0.0,1,0.0039838885,0.121051471,0.11683302546187489
TETVIZ_clean,5.51517,3.41736,5.00993,2.38206,1155.9,485.251,0.0,0.0,0.4816,0.202178,0.0,1,0.0036312165,0.1089899864,0.10560241590224978
TETZEX_clean,9.38994,9.11674,9.38994,1.90854,1244.92,652.292,0.0,0.0,0.5738,0.300649,0.0,0,0.0077006649,0.2234284167,0.22512583965600008
TETZEZ_clean,10.62365,6.73057,10.03707,0.736025,1901.4,2583.34,0.0,0.0,0.6844,0.92986,0.0,1,0.0182510399,0.5182434717,0.5376966764748758
TEWFOS_clean,5.12439,3.80032,5.11789,1.20574,872.156,723.339,0.0,0.0,0.4772,0.395775,0.0,1,0.0056444205,0.1689744556,0.16643636891474997
TIDLID_clean,4.2096,4.02928,4.2096,1.31378,1082.38,823.864,182.179,138.667,0.5798,0.44132,0.0,0,0.0054130996,0.1635947866,0.1573568195903751
TIDQIG_clean,4.09301,3.34162,4.08996,2.4567,341.206,138.888,0.0,0.0,0.42,0.170961,0.0,0,0.001651089,0.0479982806,0.04855322977950004
TIKMEH_clean,5.55473,4.01932,4.70025,1.57489,444.086,281.979,505.527,320.992,0.4674,0.296782,0.0,1,0.004129329,0.1243747843,0.12067881086687507
TILDIC_clean,4.17022,3.27836,4.14506,2.02301,0.0,0.0,352.602,174.296,0.4234,0.209292,0.0,1,0.0019328602,0.0558874601,0.05725269267299996
TILWAM_clean,5.60602,4.41216,5.60244,1.12946,2808.42,2486.52,0.0,0.0,0.7174,0.635172,0.0,1,0.0109876687,0.3163247556,0.3242955268283728
TIQGOQ_clean,4.96613,3.45527,4.96613,1.61722,430.124,265.965,0.0,0.0,0.3844,0.237692,0.0,0,0.002458717,0.0741619084,0.07223047346587487
TIQHAD_clean,4.94141,3.41905,4.94141,1.59594,416.437,260.936,0.0,0.0,0.3934,0.246501,0.0,0,0.0025855806,0.0752169834,0.07570297067250015
TISGUY_clean,5.93335,3.50712,5.93065,1.25359,678.031,540.871,0.0,0.0,0.466,0.371732,0.0,1,0.003518096,0.1023903349,0.10390498331737506
TISJOW_clean,5.34187,2.66918,5.33691,1.40296,0.0,0.0,253.748,180.867,0.3892,0.277414,0.0,0,0.0014745739,0.0417347788,0.04445041657375004
TISLIR_clean,3.87098,3.35985,3.83504,2.06145,195.316,94.7469,0.0,0.0,0.4438,0.215285,0.0,1,0.0013866477,0.0428688721,0.04114997547662495
TIVYAZ01_clean,8.9528,6.92043,8.9528,0.77854,2139.65,2748.28,0.0,0.0,0.7276,0.934569,0.0,1,0.0190932729,0.5712488151,0.5547868354107515
TOBJUR_clean,10.64745,9.47902,10.64745,1.06964,1632.11,1525.85,0.0,0.0,0.6686,0.625069,0.0,1,0.0128111465,0.3792462706,0.3721685233052498
TOBKEC_clean,10.11718,8.98959,10.11479,1.13998,1639.27,1437.98,0.0,0.0,0.6544,0.574044,0.0,1,0.0119191934,0.3505044091,0.35036623828624935
TOHSAL_clean,9.79069,6.17903,9.78331,0.576207,2737.54,4750.96,0.0,0.0,0.7668,1.33077,0.0,1,0.0265995951,0.756074039,0.7851701815912498
TONMEQ_clean,5.19363,2.88882,5.19363,1.71551,0.0,0.0,655.397,382.043,0.4052,0.236198,0.0,1,0.0032006782,0.0929329175,0.09349455061312494
TONWUO01_clean,5.10073,4.40085,5.10073,1.20939,753.801,623.288,0.0,0.0,0.4534,0.374898,0.0,0,0.0050084189,0.1499634238,0.1469819066827505
TOQCIL_clean,4.36189,3.12888,4.35758,2.43143,0.0,0.0,625.827,257.39,0.507,0.208519,0.0,1,0.0029246006,0.0875626748,0.08701372777712478
TOXHEV_clean,5.62501,5.12266,5.62332,1.0421,1433.18,1375.28,0.0,0.0,0.5534,0.531046,0.0,1,0.0083619922,0.2423371663,0.24493044674450065
TUBJAD_clean,4.85188,4.35004,4.85188,1.22218,733.491,600.149,0.0,0.0,0.4892,0.400268,0.0,1,0.0036070887,0.108130965,0.10644441554974973
TUCJAD_clean,5.76369,4.27387,5.76369,1.22067,1421.06,1164.17,0.0,0.0,0.5556,0.455161,0.0,1,0.0083087473,0.2434219219,0.24272210212475112
TUKCOT_clean,5.03348,3.75359,4.98119,1.1597,1353.77,1167.35,0.0,0.0,0.5642,0.486504,0.0,1,0.008082664,0.2357579325,0.23651287674037338
TUMQID_clean,4.78803,3.71858,4.78803,1.19719,1092.19,912.297,0.0,0.0,0.5342,0.446213,0.0,1,0.0070043077,0.2011693212,0.20383783527875082
TUMRAW_clean,4.33484,3.3089,4.32725,1.28672,0.0,0.0,825.874,641.843,0.4936,0.38361,0.0,0,0.0053356706,0.1601814266,0.15506813362224967
TUMTOK01_clean,5.22754,2.62529,5.22378,1.85151,0.0,0.0,689.674,372.493,0.5202,0.28096,0.0,0,0.0046931406,0.1381972373,0.13738845945312486
TUMTOK_clean,5.11398,2.75629,5.10293,1.81391,0.0,0.0,778.118,428.973,0.5412,0.298361,0.0,1,0.0049327373,0.1470817642,0.143233450596375
TUPDOZ_clean,4.88368,4.4419,4.87874,1.30126,809.227,621.881,0.0,0.0,0.487,0.374254,0.0,1,0.0051230136,0.1524368886,0.15173747654512482
TURFET_clean,6.77386,4.80527,6.75967,1.02251,1388.25,1357.69,0.0,0.0,0.5348,0.523025,0.0,0,0.0085518309,0.2555484621,0.2517144094748747
TUWPIL_clean,4.51899,3.3401,4.51631,1.27827,568.245,444.544,0.0,0.0,0.4984,0.389903,0.0,1,0.0043988749,0.1318172418,0.1293447436324998
TUYHUR_clean,9.01467,4.33972,9.01467,1.00323,2258.33,2251.06,0.0,0.0,0.7092,0.706918,0.0,1,0.0132474039,0.3908348894,0.38887563429912547
TUZNOS_clean,9.10066,3.05347,9.10066,1.20356,0.0,0.0,1028.97,854.941,0.5326,0.44252,0.0,1,0.0066050173,0.1934123242,0.19456902701462603
UBACOR_clean,5.7806,3.33609,5.7806,1.34848,972.027,720.832,0.0,0.0,0.4794,0.355511,0.0,1,0.0052568903,0.1523263802,0.1543188367572501
UBECEM_clean,4.8768,4.71272,4.8768,2.40571,1479.77,615.106,0.0,0.0,0.5964,0.24791,0.0,1,0.0040352666,0.1163972559,0.11746044100812476
UBIPAY_clean,4.38835,3.9606,4.38835,1.21218,1031.09,850.605,0.0,0.0,0.4942,0.407694,0.0,1,0.005609661,0.1700891241,0.16535336376537488
UCALIW_clean,3.91574,2.7427,3.82831,1.26237,0.0,0.0,181.831,144.04,0.487,0.385783,0.0,1,0.0024488478,0.0735857354,0.07185391789162442
UCAXEC_clean,4.65972,3.79898,4.65972,1.24715,773.765,620.428,0.335064,0.268664,0.4924,0.394821,0.0,1,0.0050604447,0.1462002457,0.1478374398935002
UCEXIK_clean,6.33067,4.85437,6.2578,1.46159,1391.18,951.831,0.0,0.0,0.5718,0.391219,0.0,1,0.0068233296,0.2019284388,0.20147834897475023
UCOJAZ_clean,8.09472,7.35206,8.09472,1.24694,2013.79,1614.99,0.0,0.0,0.6576,0.527372,0.0,1,0.0096081805,0.2769756345,0.278549511450874
UCOJIH_clean,8.11816,7.11073,8.05724,1.22088,2052.56,1681.21,0.0,0.0,0.6616,0.541903,0.0,0,0.009977498,0.29736973,0.28823244822787375
UCOXOZ_clean,6.74707,6.10487,6.74209,1.02439,1598.25,1560.2,14.8613,14.5075,0.5836,0.569706,0.0,1,0.008360297,0.2540238243,0.24599317157262468
UDUMIP_clean,7.19202,6.41478,7.18204,1.40092,1718.44,1226.65,0.0,0.0,0.5958,0.425293,0.0,1,0.0081857364,0.2381582573,0.24065745869200078
UFEVIL_clean,6.75773,4.04783,6.73846,1.05377,1465.81,1391.02,0.0,0.0,0.5784,0.548886,0.0,1,0.0081246472,0.2385228759,0.2384096092603751
UFUNAK_clean,4.15354,2.89336,4.14541,1.54075,0.0,0.0,201.949,131.072,0.4016,0.260652,0.0,1,0.0025197871,0.0712941795,0.07488527130674939
UFUNIS_clean,4.49854,3.78199,4.40172,1.42532,684.322,480.117,0.0,0.0,0.4402,0.308843,0.0,1,0.0045367451,0.1307329487,0.13193209764912506
UGAPOI_clean,5.05393,2.87926,5.05393,0.844299,0.0,0.0,1063.34,1259.43,0.547,0.647875,0.0,0,0.0103713687,0.3030620165,0.3044567929962516
UGAQEY_clean,4.89575,4.03861,4.89307,1.29414,1150.64,889.116,1.22671,0.947894,0.5042,0.389602,0.0,1,0.0059313271,0.1758467307,0.1752714605508746
UGIGAS_clean,3.71779,2.86175,3.68863,2.13564,0.0,0.0,108.364,50.7405,0.3624,0.169691,0.0,0,0.0019378914,0.057155154,0.0574355895015
UGUHAG_clean,4.84717,4.36591,4.84717,1.73201,1080.53,623.859,0.0,0.0,0.576,0.332562,0.0,1,0.0056184102,0.1649161473,0.16358815551612527
UHADAI_clean,4.37483,2.8874,4.30197,1.62011,0.0,0.0,464.851,286.925,0.5268,0.325162,0.0,0,0.0034642492,0.1032213029,0.1015462262683751
UHASED_clean,4.93212,3.89765,4.93212,1.32119,1664.14,1259.57,0.0,0.0,0.5574,0.421891,0.0,0,0.0084715767,0.2496959405,0.25016074483900075
UHISEK_clean,4.62036,2.94968,4.54474,1.89246,0.0,0.0,318.192,168.136,0.417,0.220348,0.0,0,0.0024515865,0.0715417512,0.07187150135450031
UJIPEK_clean,4.71494,2.89064,4.02155,2.9774,0.0,0.0,492.418,165.385,0.464,0.155841,6.72e-05,1,0.0019954878,0.0591256689,0.05965660684424969
UJIZET_clean,7.09242,5.53096,7.08797,1.15967,2195.41,1893.13,0.0,0.0,0.6436,0.554986,0.0,1,0.0101772107,0.3002832484,0.2981063998533749
UJUPUM_clean,6.77742,5.67068,6.76869,0.861722,2505.7,2907.78,0.0,0.0,0.7082,0.821843,0.0,1,0.0144679272,0.4168406392,0.4254088049947528
UKIQIP_clean,10.57455,7.52574,10.57455,0.823179,2075.57,2521.41,0.0,0.0,0.6786,0.824365,0.0,1,0.0164418164,0.4921319702,0.4799609708202486
UKUBIM_clean,7.24657,4.5792,7.24657,1.09306,1336.34,1222.57,0.0,0.0,0.5474,0.500795,0.0,0,0.0086916964,0.2544901498,0.2538133666315008
UKUCAF_clean,7.2141,4.4286,6.87747,1.05667,1313.72,1243.26,0.0,0.0,0.5246,0.496466,0.0,0,0.0089408369,0.2641027868,0.2629479265978741
UKUPEX_clean,4.61528,3.37476,4.61528,1.18566,772.627,651.645,0.0,0.0,0.489,0.41243,0.0,1,0.006439036,0.1859478365,0.1890175182660004
UKUPUL_clean,6.90717,5.2805,6.90717,1.43379,1465.65,1022.22,1.90531,1.32886,0.5222,0.364209,0.0138095,1,0.0064277282,0.1922948071,0.1895730106621247
ULASAD_clean,8.38485,6.51445,8.17533,0.647842,2428.58,3748.72,0.0,0.0,0.7298,1.12651,0.0,1,0.0212412065,0.6140089998,0.6183963513944978
ULEHEA_clean,3.71795,2.69286,3.71795,2.01619,0.0,0.0,85.7804,42.5457,0.4102,0.203453,0.0,1,0.0018667316,0.0556114785,0.0540670200977499
ULOGAE_clean,6.57121,5.40028,5.95167,1.35328,2211.75,1634.36,0.0,0.0,0.6272,0.463465,0.0,1,0.0098016438,0.2876964729,0.2857850839737494
ULOGIL_clean,4.16035,3.10206,4.16035,1.93416,0.0,0.0,408.297,211.098,0.4766,0.246412,0.0,1,0.0027501713,0.0844277637,0.08181134414087456
ULOKAJ_clean,8.7673,6.34979,8.7673,1.30492,1735.79,1330.19,0.0,0.0,0.637,0.488152,0.0,0,0.0084251794,0.2487896634,0.24832371608962575
ULOMAL_clean,8.86217,6.43433,8.86217,1.31015,1733.6,1323.21,0.0,0.0,0.6522,0.497807,0.0,0,0.0081822594,0.2475019895,0.24548761549525117
UMABIV_clean,5.68466,5.22417,5.68466,1.23934,1941.33,1566.43,0.0,0.0,0.6118,0.493651,0.0,1,0.0094184661,0.2754879706,0.2782987717203749
UMABOB_clean,5.41853,4.65091,5.41146,1.04463,1738.12,1663.87,0.0,0.0,0.574,0.549478,0.0,1,0.010374325,0.2952565568,0.30171403212937425
UMEDEX_clean,8.31991,5.90244,8.31991,1.33036,1734.05,1303.45,0.0,0.0,0.6334,0.476113,0.0,0,0.0083868451,0.2379205141,0.24651757212012604
UMEKII_clean,6.2978,4.37155,6.14715,1.16372,1476.0,1268.34,0.0,0.0,0.5854,0.50304,0.0,0,0.008649783,0.2576582322,0.2540557214677505
UMELEF_clean,6.19405,5.34016,6.17707,1.64272,1285.83,782.746,0.0,0.0,0.5076,0.309,0.0,1,0.0061244222,0.1796248063,0.17998552321062458
UMEPOT_clean,6.2957,5.33563,6.29133,1.57681,1311.07,831.473,0.0,0.0,0.541,0.343098,0.0,1,0.0065043875,0.1921775173,0.19166547164862505
UMEQAG_clean,7.17863,4.94429,6.16873,1.58166,1384.15,875.123,0.0,0.0,0.5566,0.351908,0.0,1,0.0068226327,0.1980525397,0.20108224733299937
UMESIQ_clean,7.11235,5.04643,6.16421,1.65932,1412.73,851.388,0.0,0.0,0.558,0.336282,0.0,1,0.0068568512,0.2001731114,0.2022696484593752
UMODEH07_clean,11.33302,5.24933,11.33302,0.558087,2863.98,5131.77,0.0,0.0,0.7612,1.36394,0.0,1,0.0277680349,0.8308931695,0.8243013043314984
UMODEH10_clean,8.26869,5.10695,6.12476,0.739009,2428.99,3286.83,0.0,0.0,0.6872,0.929894,0.0,1,0.0182372439,0.5288603692,0.5312780560206276
UMODEH12_clean,7.73054,5.09547,6.08288,0.751192,2382.98,3172.27,0.0,0.0,0.6794,0.90443,0.0,1,0.0170155161,0.5148893201,0.5009494464703763
UMODEH13_clean,8.08,5.10727,6.08981,0.75692,2343.08,3095.55,0.0,0.0,0.6792,0.89732,0.0,1,0.0177216222,0.511582116,0.5195327289128737
UMODEH23_clean,11.15907,5.34276,11.15907,0.535598,2770.05,5171.89,0.0,0.0,0.7696,1.4369,0.0,1,0.0298994902,0.8741200027,0.8803526600944993
UMUBAH_clean,10.24236,5.23581,10.24236,0.576725,2914.77,5054.0,0.0,0.0,0.7536,1.30669,0.0,1,0.0263591068,0.7850521014,0.7792259693708743
UMUBEL_clean,10.43104,5.29557,10.43104,0.565681,2914.18,5151.62,0.0,0.0,0.7596,1.34281,0.0,1,0.0272885395,0.8088101102,0.805759852312879
UMUXEG_clean,9.49806,8.4757,9.49806,2.20878,1092.16,494.464,0.0,0.0,0.5272,0.238684,0.0,1,0.0039838468,0.1145777563,0.11637767246737445
UNABUH01_clean,4.05122,3.33932,4.02008,1.55967,313.356,200.911,0.0,0.0,0.398,0.255182,0.0,1,0.0028709685,0.0833434529,0.08432403692299983
UNECUN_clean,8.22196,7.00638,8.21981,1.18297,2033.93,1719.35,0.0,0.0,0.6502,0.549636,0.0,1,0.0109647968,0.319834027,0.32255633173762405
UNIPAJ_clean,4.43325,2.61552,4.42646,1.38943,0.0,0.0,445.089,320.339,0.471,0.338988,0.0,1,0.0033513341,0.0975992792,0.09815499901712442
USAYOE_clean,5.44436,2.64294,4.72341,1.35551,0.0,0.0,640.71,472.672,0.4472,0.329914,0.0,1,0.0039495638,0.1178172992,0.11580220273787538
UTEXIB_clean,6.29693,3.9636,6.29186,1.00241,1350.02,1346.77,59.1211,58.9791,0.5926,0.591177,0.0,0,0.0100228795,0.2999908327,0.29531216958150236
UTULIF_clean,4.41246,3.54295,4.40979,1.75943,1064.28,604.898,0.0,0.0,0.5628,0.319876,0.0,0,0.0044086785,0.1332916373,0.1290676044112502
UTUMAY_clean,4.48241,3.06783,4.48241,1.23359,0.0,0.0,651.46,528.103,0.496,0.40208,0.0,1,0.0044559397,0.1323154167,0.1299136296951252
UVIPOF_clean,13.17946,6.58449,13.17946,0.87003,2145.41,2465.9,0.0,0.0,0.7218,0.829627,0.0,1,0.0175708924,0.5110842666,0.5096525094951257
UVOBUE_clean,6.22291,4.39102,6.19993,2.12393,1051.93,495.275,0.0,0.0,0.5032,0.236919,0.0,1,0.003666793,0.1055127101,0.10704109032349979
UVUFUN_clean,5.451,3.54467,5.41568,1.01248,1767.35,1745.57,0.0,0.0,0.5884,0.581148,0.0,1,0.0103658112,0.3041854357,0.3021951890725
UVUWAL_clean,5.70984,4.07494,5.63813,1.12706,1693.32,1502.42,0.0,0.0,0.5456,0.484089,0.0,0,0.0089197461,0.2629114972,0.26102953483712565
UXABUR_clean,5.25063,5.01707,5.2326,1.46007,406.574,278.462,0.0,0.0,0.4604,0.315327,0.0,1,0.0015033873,0.0444182608,0.043477789952625016
UXUYUI_clean,4.1469,3.20447,3.68437,1.01089,0.0,0.0,178.668,176.744,0.4924,0.487097,0.0,1,0.003370325,0.0991553734,0.09810128658649947
UYOFIY_clean,4.54158,3.74063,4.4159,1.84541,1216.19,659.037,0.0,0.0,0.4962,0.268884,0.0,1,0.0049192891,0.1450976635,0.14371611939325044
UZAMUE_clean,4.6207,3.09129,4.59036,1.85857,0.0,0.0,532.291,286.398,0.462,0.248578,0.0,1,0.0032230499,0.0933437331,0.09604727882937494
UZIJUJ_clean,6.64538,5.8584,6.63953,1.01975,1889.57,1852.97,0.0,0.0,0.5996,0.587987,0.0,0,0.0114663909,0.3359611142,0.33691052537387534
UZUNAF_clean,7.30425,6.5808,7.30425,1.26614,1045.59,825.812,0.0,0.0,0.4964,0.392058,0.0,0,0.0052636109,0.1559535033,0.1552207925657497
VAGTAA_clean,5.69119,4.40372,5.677,0.872253,1821.29,2088.03,0.0,0.0,0.638,0.731439,0.0,1,0.013270178,0.4052098644,0.3885584258722505
VALVIQ_clean,5.21348,4.28071,5.21348,1.82071,1261.82,693.039,0.0,0.0,0.5078,0.278902,0.0,1,0.0045955776,0.1358982405,0.1356033273535003
VALXIS_clean,10.17011,5.92824,8.44426,0.888503,1485.32,1671.71,572.74,644.613,0.6916,0.778388,0.0,1,0.0160619106,0.467076214,0.4634975793948741
VALZIU_clean,4.42734,3.39649,4.40945,1.29281,719.388,556.453,0.0,0.0,0.497,0.384434,0.0,1,0.0054315995,0.1630351231,0.15834875966474982
VANNEG_clean,11.28278,7.20114,10.99968,0.910221,2188.91,2404.81,0.0,0.0,0.7194,0.790358,0.0,1,0.0160429477,0.4715741639,0.4692852218036252
VANXUD03_clean,3.95461,3.35122,3.95461,2.1194,449.013,211.859,0.0,0.0,0.4554,0.214872,0.0,0,0.0027355067,0.0829428198,0.08076136519174955
VAQSEO_clean,5.56221,4.69235,5.56221,1.46678,509.1,347.086,0.0,0.0,0.428,0.291795,0.0,1,0.0025786541,0.0717961583,0.07492721576337495
VARWOC_clean,8.41083,6.51113,8.31612,1.24989,2285.05,1828.2,0.0,0.0,0.6966,0.55733,0.0,1,0.0098194412,0.2881690718,0.2850344663072502
VATXEU_clean,7.38612,5.95802,7.38612,2.25172,1314.88,583.946,0.0,0.0,0.537,0.238485,0.0,0,0.004208418,0.1219031347,0.1231104158627497
VATYEV_clean,5.69723,4.67285,5.69723,1.60096,1965.06,1227.43,0.0,0.0,0.61,0.381022,0.0,1,0.0071165445,0.2118742497,0.2084417606681257
VATYOF_clean,5.86599,4.67382,5.86599,1.53817,2040.49,1326.58,0.0,0.0,0.622,0.404378,0.0,1,0.0074986251,0.2208613484,0.2174831294013742
VAZROF_clean,5.03461,4.5915,5.03461,1.23766,828.566,669.464,0.0,0.0,0.453,0.366014,0.0,0,0.0050005455,0.1454337535,0.14661964433775052
VAZTUM_clean,15.07409,7.93508,15.07409,0.591689,2246.58,3796.89,0.0,0.0,0.8116,1.37167,0.0,0,0.028437222,0.8085385987,0.8198898133002548
VECZAG_clean,9.10711,7.36025,9.10711,1.61302,1710.75,1060.59,0.0,0.0,0.6522,0.404334,0.0,1,0.0076785459,0.2270318402,0.22757910268237536
VECZEI_clean,5.84999,3.52276,5.84999,0.90542,1514.07,1672.22,0.0,0.0,0.6422,0.709284,0.0,0,0.0093262311,0.2763928393,0.2763481996673758
VECZEK_clean,9.28653,7.43469,9.28653,1.34679,1798.64,1335.5,0.0,0.0,0.6836,0.507577,0.0,1,0.0091889932,0.2773586442,0.2710206785644998
VEHKIE_SL,13.77124,4.50888,13.77124,0.959384,2184.49,2276.97,0.0,0.0,0.6924,0.721713,0.0,1,0.0153419307,0.4422808244,0.4475429815173757
VEHLAW_clean,4.71553,3.44976,4.62826,1.6429,1000.4,608.925,0.0,0.0,0.6102,0.371417,0.0,0,0.0061770944,0.1791554156,0.18236315236387435
VEHLEA02_clean,4.00641,2.90837,3.98429,1.81124,0.0,0.0,605.443,334.269,0.5616,0.310063,0.0,0,0.0045234616,0.133775492,0.13303625876737488
VERZEZ_clean,3.13802,2.6113,3.13802,1.54033,0.0,0.0,0.0,0.0,0.449,0.291496,0.0,0,0.0011527442,0.0345069386,0.033606401226250145
VETTUK_clean,5.91349,2.95508,5.91349,1.33861,0.0,0.0,1110.41,829.522,0.4904,0.366349,0.0,1,0.0059173816,0.1697936883,0.17283355561887453
VEXVAW_clean,9.7712,5.86323,9.7712,0.773292,2071.81,2679.21,0.0,0.0,0.6628,0.857115,0.0,0,0.0178678105,0.5169142165,0.523725537925372
VEYVEC_clean,3.81592,3.45137,3.81592,1.45798,155.953,106.965,20.8457,14.2976,0.425,0.291499,0.0,1,0.0037910456,0.1152865817,0.11141096404762518
VEZQAT_clean,4.12129,2.88579,4.06415,1.83518,0.0,0.0,527.802,287.603,0.4868,0.26526,0.0,0,0.0044784603,0.1299875541,0.13071812675837513
VIFBOD_clean,5.74056,4.35551,5.71651,1.76429,1367.25,774.956,0.0,0.0,0.5562,0.315255,0.0,1,0.0057733529,0.1641561862,0.17124117705374986
VIGNOQ_clean,8.75461,3.12932,8.72015,1.42979,0.0,0.0,1413.32,988.483,0.5876,0.410969,0.0,1,0.0066345999,0.1954311747,0.19609408070862563
VIRPOC_clean,7.89373,4.43058,7.89373,1.31415,1678.47,1277.23,0.0,0.0,0.6094,0.463722,0.0,1,0.0089569774,0.2512370044,0.2631640243152507
VIRQES_clean,3.96779,3.62056,3.96779,1.9401,482.244,248.567,0.0,0.0,0.419,0.215969,0.0,1,0.0024913783,0.071534351,0.07242947637524993
VITYOO_clean,8.76574,6.10267,8.74057,1.07917,1888.77,1750.21,0.0,0.0,0.6338,0.587305,0.0,1,0.0119754389,0.3476242851,0.34856348923162433
VITYUU_clean,6.93618,5.76476,6.92128,1.4786,1370.63,926.978,0.0,0.0,0.519,0.351007,0.0,1,0.0070354358,0.2051623432,0.20617849727875168
VITZAB_clean,6.94119,5.72919,6.85845,1.49624,1369.03,914.98,0.0,0.0,0.526,0.351548,0.0,1,0.0071138946,0.2059632182,0.20770174719312595
VIWHUG_clean,4.81929,3.4802,4.68813,1.37889,639.979,464.125,0.0,0.0,0.4514,0.327364,0.0,1,0.0032660894,0.0957088414,0.0960963352480002
VIWLEU_clean,6.5503,4.41913,6.52435,1.44375,1672.31,1158.32,0.0,0.0,0.5838,0.404365,0.0,1,0.0069663972,0.2058326561,0.20441703431875052
VIWLIY_clean,5.6026,3.42365,5.59275,1.55646,1236.19,794.232,0.0,0.0,0.54,0.346941,0.0,1,0.0060809444,0.1743099571,0.17970834977312455
VIWLOE_clean,5.48118,3.31383,5.4722,1.58006,576.935,365.134,577.319,365.377,0.5356,0.338973,0.0,1,0.005492705,0.1668642419,0.1594537933025008
VIWMAR_clean,5.55555,3.41902,5.54549,1.58885,1213.98,764.058,0.0,0.0,0.5354,0.336973,0.0,1,0.0057244306,0.1682272041,0.16990154059450024
VIWMIZ_clean,9.56168,4.85659,9.53534,0.901746,1718.7,1905.97,37.8251,41.9466,0.6334,0.702415,0.0,1,0.011912369,0.3371376804,0.35208882623599863
VIWMOF_clean,9.80611,5.23388,9.77319,0.869727,1722.79,1980.84,39.7443,45.6975,0.6458,0.742532,0.0,1,0.0129263222,0.3692377662,0.38260362566987444
VIXVUV_clean,4.91855,2.67667,4.91855,1.21417,0.0,0.0,386.737,318.52,0.471,0.38792,0.0,1,0.0037123167,0.109046878,0.10949270254137478
VIYVIK_clean,5.08356,3.73927,5.05208,1.32275,1249.3,944.47,0.0,0.0,0.538,0.406727,0.0,1,0.0075531046,0.2224418697,0.22089357548624944
VOBGEA_clean,4.64455,3.59836,4.63854,1.95569,361.005,184.592,0.902313,0.461378,0.4234,0.216497,0.0,1,0.0014771435,0.0455947978,0.04390031838787494
VODPOU_clean,4.01882,2.86571,4.01585,1.54217,0.0,0.0,158.403,102.714,0.4276,0.277271,0.0,1,0.001951186,0.0589363155,0.058549291439687706
VOFFED_clean,6.3407,5.90199,6.31652,1.20352,848.809,705.272,0.0,0.0,0.4862,0.403982,0.0,1,0.0042163952,0.1242578905,0.12516140689962454
VOGPEO_clean,11.06118,7.00733,10.18392,0.767126,2192.56,2858.15,0.0,0.0,0.7242,0.944043,0.0,1,0.0202113104,0.5888721676,0.5878586246741251
VOGTIV_clean_h,11.63962,10.76348,11.63962,0.91487,1549.21,1693.37,0.0,0.0,0.6396,0.699116,0.0,1,0.0160755475,0.4595047495,0.4651986667731281
VONCIM_clean,9.77811,8.65057,9.76354,1.43585,1122.84,782.003,80.8916,56.3372,0.5904,0.411186,0.0,1,0.0059988716,0.1786786241,0.17707618322337468
VOSTUU_clean,8.30737,6.78194,8.30193,0.816834,1552.78,1900.97,4.35487,5.33141,0.5892,0.721322,0.0,1,0.0117567373,0.3506136537,0.346072514702125
VOTKEW_clean,5.14274,3.67598,5.1312,1.34119,1161.62,866.113,0.0,0.0,0.5308,0.395769,0.0,1,0.0059522978,0.1749054883,0.17564484698587518
VOTMAS_clean,4.44531,2.95777,4.42331,1.53443,0.0,0.0,369.834,241.024,0.4156,0.270849,0.0,1,0.0027283149,0.0791428375,0.07979930728887502
VOXQOQ_clean,5.75088,3.78769,5.73674,1.21298,1196.61,986.497,0.0,0.0,0.5614,0.462825,0.0,1,0.0060225998,0.1824760785,0.17710511232812437
VUCDAA_clean,5.82839,2.97303,5.82839,1.84896,0.0,0.0,1116.3,603.745,0.4802,0.259714,0.0,0,0.0046917319,0.1372630616,0.1364695707407494
VUCTOE_clean,3.95648,3.23938,3.87698,2.10425,0.0,0.0,382.697,181.869,0.3662,0.174029,0.0,1,0.0020478998,0.0585480096,0.06017110528062472
VUGWUR_clean,7.83796,6.35433,7.79579,1.04646,1263.29,1207.21,74.2007,70.9066,0.5712,0.545842,0.0,0,0.0091804089,0.2731547895,0.2698945862177482
VUGXEC_clean,7.75346,6.26253,7.72478,1.06296,1251.42,1177.3,67.8457,63.8273,0.5624,0.529091,0.0,0,0.0088735759,0.263435587,0.2605985852713758
VUGXOM_clean,7.85489,6.36686,7.85489,1.08455,1259.8,1161.59,65.0961,60.0213,0.5694,0.525011,0.0,0,0.0089091611,0.2588802142,0.25993271852012517
VUGYIH_clean,7.72851,6.23818,7.68217,1.11585,1251.2,1121.3,68.7821,61.641,0.5678,0.508849,0.0,0,0.0085549224,0.2526912931,0.2525378297272498
VUKHOZ_clean,14.72034,13.81107,14.72034,1.23894,1154.41,931.773,0.0,0.0,0.6248,0.504303,0.0,1,0.0088246892,0.2592226661,0.26037184990925016
VUKJOC_clean,4.9896,3.40405,4.97821,1.45464,736.58,506.365,85.4496,58.7426,0.4856,0.333827,0.0,0,0.0042874618,0.1299888254,0.12561093291712516
VUKTEC_clean,5.61851,4.19073,5.60379,1.41892,799.153,563.212,172.003,121.221,0.487,0.343219,0.0,1,0.0049123071,0.1457011835,0.14499626911112543
VULKOD_clean,5.01507,3.95686,5.01507,1.39517,753.359,539.978,0.0,0.0,0.4446,0.318672,0.0,1,0.0046074229,0.1330998812,0.13323355063562559
VUNHAO_clean,8.87764,7.99015,8.87736,0.6011,2717.65,4521.13,0.0,0.0,0.7556,1.25703,0.0,1,0.0238670714,0.7038899923,0.7021810896943737
VUNXUY_clean,6.27462,2.74494,6.27462,1.7747,0.0,0.0,909.399,512.424,0.4948,0.278808,0.0,1,0.0042373339,0.1241195067,0.12467621487687491
VUQKAU02_clean,4.89363,4.31451,4.87033,1.033,1471.86,1424.84,0.0,0.0,0.5576,0.539787,0.0,1,0.009921213,0.2841200123,0.29261960771100176
VUQKUO_clean,5.38168,3.9328,5.38168,1.30466,913.527,700.204,0.0,0.0,0.5054,0.387381,0.0,0,0.0041429615,0.1208186008,0.12162729708012517
VUSKAW_clean,14.98828,7.97019,14.98828,0.594675,2204.82,3707.61,0.0,0.0,0.8008,1.34662,0.0,0,0.0288278571,0.836413712,0.8347812898412548
VUVZAP_clean,4.71954,3.57694,4.71245,1.57661,1081.4,685.901,0.0,0.0,0.5506,0.349231,0.0,0,0.0064506772,0.188890734,0.1891541761827502
VUWSAJ_clean,5.66843,4.07448,5.66811,1.11008,1893.61,1705.84,0.0,0.0,0.6012,0.541584,0.0,1,0.0099251693,0.2941403659,0.2923713005184998
WACKOB_clean,3.97749,2.60036,3.97749,2.39734,0.0,0.0,327.36,136.551,0.4648,0.193881,0.0,0,0.0025746666,0.0775555061,0.07503531823699963
WAJGIY_clean,4.43088,3.09548,4.06413,1.43996,0.0,0.0,275.109,191.053,0.3706,0.257368,0.0,1,0.0027669448,0.0786443256,0.08154182686362495
WANRIM01_clean,4.97627,2.70399,4.97627,1.83252,0.0,0.0,785.39,428.585,0.4586,0.250257,0.0,0,0.0041902839,0.122630129,0.1240703500982499
WAQFAX_clean,9.30669,8.11233,9.29943,0.819886,2162.64,2637.74,0.0,0.0,0.722,0.880611,0.0,1,0.01844105,0.5230889741,0.5361167451022528
WAVWEW_clean,3.40999,3.18523,3.4023,2.19947,0.0,0.0,18.6119,8.462,0.3798,0.172678,0.0,1,0.0027652786,0.0806437253,0.08140185545562492
WAXJAJ01_clean,3.90535,2.64175,3.90402,1.45274,0.0,0.0,348.293,239.749,0.4952,0.340873,0.0,0,0.0032782846,0.0977720417,0.09641350647062494
WAYKAK_clean,8.40665,6.61758,8.40665,1.07627,1621.77,1506.84,0.0,0.0,0.6056,0.562685,0.0,0,0.0110390558,0.3196350669,0.32518139376950095
WAYMAM_clean,7.05522,6.73992,7.05522,1.02658,1675.75,1632.35,0.0,0.0,0.6178,0.601802,0.0,0,0.0111350005,0.333068109,0.3240567583637497
WAYMOA_manual,7.07433,6.89369,7.07243,0.955162,1592.82,1667.59,0.0,0.0,0.6076,0.636122,0.0,0,0.0117369129,0.3525698954,0.34825770719512383
WAZCUX_clean,5.1953,4.60615,5.12813,1.85198,863.616,466.321,0.0,0.0,0.4452,0.240392,0.0,1,0.0034782755,0.0993702523,0.10293495158312532
WEBKOD_clean,6.32569,5.26533,6.09075,1.27587,1622.74,1271.87,0.0,0.0,0.5952,0.466504,0.0,1,0.0079047445,0.2301373893,0.2329415064102503
WECSAZ01_clean,4.7957,2.85788,4.79106,1.59139,0.0,0.0,683.333,429.393,0.502,0.315447,0.0,1,0.0048803663,0.1429940335,0.1431114018087499
WECSAZ_clean,4.83213,2.69723,4.83213,1.58691,0.0,0.0,659.055,415.308,0.4996,0.314826,0.0,1,0.0047355948,0.136604905,0.13880432934237522
WEDXEK_clean,4.63449,3.13874,4.62939,2.32723,0.0,0.0,212.845,91.4585,0.4094,0.175917,0.0,1,0.0012775848,0.0354518886,0.03856040665387494
WEFXEM_clean,6.73931,4.78997,6.67269,1.07497,1461.44,1359.51,0.0,0.0,0.5704,0.530617,0.0,0,0.0089811317,0.2679922609,0.2634394946644993
WEGJUP_clean,5.53814,3.14547,5.53814,1.23972,0.0,0.0,1129.22,910.864,0.614,0.495271,0.0,0,0.0073055808,0.2205516919,0.21535455373224946
WEHHIC_clean,10.89625,6.78698,10.2645,0.812812,2126.87,2616.68,0.0,0.0,0.7052,0.867605,0.0,1,0.0187089569,0.5320233902,0.5352177061491248
WEHNAA_SL_part,4.64443,3.02009,4.63827,1.44873,0.0,0.0,267.586,184.703,0.3832,0.264507,0.0,0,0.0017920082,0.0518595131,0.05259723390637478
WEMCAU_clean,4.83981,4.27369,4.83981,1.75476,2235.14,1273.76,0.0,0.0,0.5942,0.338622,0.0,1,0.0071378949,0.2075175183,0.2110072726852498
WEMCIC_clean,5.03643,3.47331,4.82197,2.42633,623.511,256.977,0.0,0.0,0.4032,0.166177,0.0,1,0.0022038823,0.0644542719,0.06506130055724951
WEMDAV_clean,5.02432,3.48688,5.02432,2.56501,609.55,237.64,0.0,0.0,0.3952,0.154074,0.0,1,0.0021674425,0.0624820085,0.06415572546949991
WENKUX_manual,7.45595,5.7787,7.37267,1.54828,597.632,385.997,35.4694,22.9089,0.4528,0.292453,0.0,1,0.0035330999,0.1029975686,0.10364815292999956
WENLAE_manual,7.43383,5.78969,7.30816,1.58521,593.074,374.131,15.956,10.0656,0.4384,0.276557,0.0,1,0.0034386578,0.1002979716,0.09967823184812509
WENLEI_clean,7.45284,5.80961,7.45284,1.59702,595.668,372.986,17.5491,10.9886,0.4418,0.276639,0.0,1,0.0034039177,0.0992522664,0.09956126461212522
WESYAV_clean,4.87361,4.61034,4.87361,1.39877,1201.03,858.632,0.0,0.0,0.5228,0.373756,0.0,0,0.0064906914,0.1861317913,0.19111454358224975
WEVQOD01_clean,8.03523,6.79991,8.03523,1.55221,1025.68,660.788,0.0,0.0,0.5644,0.363612,0.0,1,0.0040428053,0.1244936778,0.11907772881587482
WEVQUJ_clean,8.44067,7.27418,8.44067,1.48575,1083.43,729.214,0.77233,0.519826,0.5778,0.388896,0.0,1,0.0047575218,0.1398912134,0.14187612611199876
WEVZUT_clean,5.27812,3.52606,5.27812,1.59275,798.942,501.612,5.51079,3.45992,0.4646,0.291697,0.0,0,0.0036058555,0.1044245062,0.10650440207374964
WEYQAU02_clean,4.51815,3.68584,4.44811,1.14062,1514.82,1328.07,0.0,0.0,0.5714,0.500956,0.0,0,0.0091484492,0.2710071562,0.2701271275414996
WEYQAU04_clean,4.4842,3.61074,4.45602,1.15336,1507.95,1307.45,0.0,0.0,0.565,0.489873,0.0,0,0.0089496995,0.2605191339,0.2658230546541265
WEYQAU09_clean,4.54974,3.80687,4.54906,1.12252,1599.36,1424.8,0.0,0.0,0.5812,0.517765,0.0,0,0.0093531614,0.2821689399,0.273295547996001
WEYQAU12_clean,4.40257,3.44728,4.36821,1.18614,1438.51,1212.76,0.0,0.0,0.5546,0.467566,0.0,1,0.0085104626,0.2503212862,0.25284624619975093
WEZCIO_clean,8.732,7.51715,8.732,1.34422,1127.95,839.11,0.0,0.0,0.5656,0.420764,0.0,1,0.0056233128,0.1647650695,0.16667992900950002
WICGEV_clean,4.986,4.06891,4.90495,1.61194,943.479,585.307,0.0,0.0,0.463,0.287232,0.0,0,0.0034952231,0.1056326986,0.10357968079387515
WIHVAL_clean,4.98172,4.06866,4.90588,1.61186,947.448,587.799,0.0,0.0,0.4852,0.301019,0.0,0,0.0036117837,0.1051712461,0.10670290775424977
WILFAZ_clean,4.61767,3.60434,4.60806,1.63777,404.45,246.951,107.478,65.6246,0.4794,0.292715,0.0,1,0.0037414011,0.1119129603,0.11017996185712459
WISTID_clean,5.3857,3.74409,5.37745,1.51731,1051.5,692.999,0.0,0.0,0.4932,0.325048,0.0,1,0.0052239222,0.1548624,0.15228156932800063
WIVRIE_clean,7.1828,5.28792,5.5333,1.16005,1460.05,1258.61,0.0,0.0,0.5844,0.50377,0.0,1,0.0091255845,0.2703238646,0.26795452133774933
WIWQOI_clean,5.87719,4.74286,5.84645,1.30118,2520.95,1937.44,0.0,0.0,0.693,0.532594,0.0,0,0.0089461872,0.2635721777,0.2640554810541255
WIYWEI_clean,5.60421,3.86066,5.60127,1.48994,937.281,629.074,0.0,0.0,0.4916,0.329946,0.0,1,0.0042375709,0.1247999989,0.1247302996505004
WIYWOS_clean,5.5468,4.15747,5.5468,1.51166,957.433,633.365,0.0,0.0,0.499,0.330101,0.0,1,0.0043946555,0.1287559949,0.13018622286587456
WIYZOU_clean,6.69801,4.2951,6.69801,1.32919,1592.17,1197.85,0.0,0.0,0.5518,0.41514,0.0,1,0.0079006408,0.2352722847,0.23122197611699977
WOBHEB_clean,11.82299,11.04159,11.82299,1.21909,1551.12,1272.35,0.0,0.0,0.6516,0.534496,0.0,1,0.0118971058,0.3476577804,0.34840038075787505
WODVOB_clean,6.26224,4.9385,6.26224,0.976988,2134.32,2184.59,0.0,0.0,0.6306,0.645453,0.0,1,0.0122686869,0.3653210678,0.3584450912591262
WOHQAN_clean,6.17426,4.1636,6.17426,1.52633,1173.96,769.14,0.0,0.0,0.515,0.337411,0.0,1,0.0048572562,0.1454102331,0.14215306236674985
WOHZAU_clean,5.02471,3.1609,5.02471,1.93313,0.0,0.0,705.278,364.836,0.4624,0.239197,0.0,1,0.0034254582,0.1036242178,0.10040640320562508
WOPSOL_clean,10.90058,10.69127,10.90058,1.17453,1540.78,1311.82,0.0,0.0,0.6378,0.543023,0.0,1,0.012275265,0.3544382171,0.3552257686909984
WOQTUT_clean,7.74164,5.799,7.74164,1.37569,1208.67,878.591,0.0,0.0,0.519,0.377266,0.0,0,0.0048748062,0.1418289993,0.14383136867587554
WORLAS_clean,9.28052,5.47786,6.88618,0.953453,2042.04,2141.73,5.77107,6.05281,0.6674,0.699982,0.0,1,0.0137153975,0.3977686026,0.40022626619625074
WORREC_clean,7.54466,5.76979,7.52984,0.764767,2839.31,3712.64,0.0,0.0,0.7218,0.943817,0.0,1,0.0201901934,0.5881297305,0.5882741579062496
WOSHET_clean,5.11803,3.57569,5.1143,1.5953,423.001,265.155,0.0,0.0,0.4296,0.269291,0.0,1,0.0018334048,0.0563076526,0.05368331297924996
WOYHUP_clean,12.04583,5.92239,11.92324,0.785656,2290.99,2916.02,0.0,0.0,0.7288,0.927633,0.0,1,0.019768952,0.5856838986,0.5799073482594993
WOYJAX_clean,12.27463,5.80964,12.27345,0.829543,2229.7,2687.86,0.0,0.0,0.7142,0.860956,0.0,1,0.0178885016,0.5091615677,0.522020818207123
WOZWEP_clean,9.13832,7.15944,9.13721,1.55974,883.314,566.32,0.0,0.0,0.468,0.30005,0.0,0,0.0046485972,0.1364223623,0.13635604381374983
WUDTOG_clean,5.08961,2.68275,5.0839,1.34893,0.0,0.0,690.714,512.046,0.4522,0.335229,0.0,1,0.0042772395,0.1209408396,0.12540848685725006
WUFSAT_clean,3.89191,3.15385,3.89191,1.22752,0.0,0.0,424.291,345.648,0.4752,0.387121,0.0,0,0.0029366039,0.0898359949,0.08635143461475048
WUNTIJ_clean,5.10474,4.13393,5.10321,1.0969,978.875,892.401,83.5224,76.1441,0.514,0.468593,0.0,0,0.0065662935,0.1976692217,0.1939778692327495
WUNTOP_clean,5.08733,4.17716,5.07679,1.08852,1089.8,1001.18,0.0,0.0,0.5174,0.475323,0.0,0,0.0067517029,0.2026542874,0.19788288117112438
WUNVUX_clean,5.06256,4.10802,5.0479,1.09653,996.696,908.953,84.6011,77.1534,0.5168,0.471304,0.0,0,0.0069720953,0.1996702446,0.20292926983550152
WUTBES_clean,7.39924,5.0967,7.39924,1.7772,885.87,498.464,0.0,0.0,0.459,0.258271,0.0,0,0.0033090635,0.0965117701,0.0977020699717511
WUXMEH_clean,3.80315,3.23998,3.72844,2.48036,0.0,0.0,219.851,88.637,0.416,0.167718,0.0,0,0.0014581113,0.0429131909,0.04300864325850014
WUYWOE_clean,9.31132,6.13762,9.25337,0.805528,2027.45,2516.92,0.0,0.0,0.6802,0.844415,0.0,0,0.0154564351,0.4560225589,0.4546813824664994
WUYWUK_clean,8.78773,6.19333,8.65663,0.743413,2043.29,2748.52,0.0,0.0,0.6694,0.900442,0.0,0,0.0171164887,0.5023741586,0.5007558307796248
WUYXUL_clean,9.2643,7.0803,9.2643,0.838826,2017.64,2405.31,0.0,0.0,0.6628,0.790152,0.0,1,0.0150564084,0.4394509857,0.44089599968187587
WUYYAS_clean,9.33636,7.09924,9.33362,0.775219,2017.38,2602.33,0.0,0.0,0.6762,0.87227,0.0,1,0.0160573618,0.4854638604,0.4686814474445
WUZDOL_clean,5.93429,4.20385,5.53783,1.95218,1731.21,886.811,0.0,0.0,0.5688,0.291367,0.0,1,0.0040126129,0.1183859457,0.11808269924949988
WUZQOZ_clean,6.97207,5.82661,6.96816,0.933596,1700.54,1821.49,0.0,0.0,0.6474,0.693448,0.0,1,0.0115172765,0.3379868675,0.3399668598302522
XACFAJ_clean,6.31025,2.99476,6.30344,1.18923,0.0,0.0,1011.6,850.633,0.5312,0.446676,0.0,0,0.0069295414,0.1961177953,0.20239226794374898
XADDEN_manual,13.23644,6.65907,13.23644,0.875752,2128.62,2430.62,0.0,0.0,0.7182,0.820095,0.0,1,0.0175424568,0.5172066994,0.5138644934026296
XAGCIS01_clean,5.57315,2.64485,5.55209,1.75235,0.0,0.0,818.021,466.814,0.445,0.253945,0.0,1,0.0044244129,0.126920206,0.13005717518249982
XAGCIS02_clean,5.5362,2.63267,5.3168,1.77126,0.0,0.0,807.725,456.017,0.4408,0.248862,0.0,1,0.0042832374,0.1254015413,0.12568187614075035
XAGPUT_clean,5.48557,4.55432,5.48557,1.58071,2319.33,1467.27,0.0,0.0,0.6272,0.396784,0.0,1,0.0084175972,0.2492160756,0.2451023923826243
XAHWAG_clean,5.39358,4.37499,5.38893,1.33376,2734.04,2049.88,0.0,0.0,0.6868,0.514937,0.0,0,0.0101641589,0.3028418985,0.2990551980584988
XAJQAC_SL,8.58247,7.41664,8.57789,0.88698,2088.4,2354.51,0.0,0.0,0.6722,0.757852,0.0,0,0.0150342462,0.4403088542,0.4403841035062505
XAJSEJ_clean,7.98338,7.19596,7.98212,0.722195,2566.22,3553.36,0.0,0.0,0.733,1.01496,0.0,0,0.0232864517,0.6688955152,0.6774346386036272
XAKZUF_clean,12.14685,7.7394,12.14685,0.885336,1547.82,1748.28,0.0,0.0,0.616,0.695781,0.0,1,0.011920137,0.3457682039,0.35146624482025113
XALCOD_clean,8.97205,3.95645,4.60423,0.992163,207.149,208.786,995.754,1003.62,0.5564,0.560795,0.0,1,0.0073536997,0.220310196,0.215871227131126
XALCUJ_clean,8.77917,3.81164,4.50991,0.995838,192.509,193.314,1019.4,1023.66,0.5598,0.562139,0.0,1,0.0072992703,0.2211323666,0.21354186079137638
XALDAQ_clean,8.8251,3.77258,4.48452,0.998614,192.623,192.891,1030.53,1031.96,0.5614,0.562179,0.0,1,0.0073393761,0.2156349962,0.21564063885212598
XANLAA_clean,6.14583,4.4748,6.13418,0.794677,2426.04,3052.86,0.0,0.0,0.655,0.824234,0.0,1,0.0163662532,0.4750733332,0.481062846281376
XANNAB_clean,5.37371,3.38826,5.37371,1.32913,546.549,411.209,252.624,190.067,0.4798,0.360989,0.0,1,0.0042310169,0.1253287521,0.12424536448450026
XANXUF_clean,4.22776,2.64898,4.15748,1.07965,0.0,0.0,93.7406,86.8249,0.4998,0.462927,0.0,0,0.0030426051,0.0861713428,0.08844009151650041
XAPCOJ02_clean,7.30662,7.12733,7.30662,1.1168,1599.91,1432.58,0.0,0.0,0.598,0.535457,0.0,0,0.011631372,0.3300762467,0.3363325370914979
XAPCOJ04_clean,7.30941,7.11813,7.30941,1.12085,1593.11,1421.33,0.0,0.0,0.597,0.53263,0.0,0,0.011313538,0.3277477181,0.33242692586987305
XAPCOJ_clean,7.18852,7.02354,7.18852,1.11226,1622.09,1458.37,0.0,0.0,0.6008,0.540161,0.0,0,0.0111196818,0.3310139697,0.3253534268156252
XAPCUN_clean,8.23812,7.71066,8.23292,1.2095,2057.71,1701.29,0.0,0.0,0.6722,0.555769,0.0,0,0.0100327969,0.2883619373,0.28845458625812376
XAPDEY_clean,8.43698,7.85452,8.43698,1.19984,2075.29,1729.64,0.0,0.0,0.6726,0.560573,0.0,0,0.0102395094,0.2913289856,0.30107792995187693
XAPGAZ_clean,10.38016,8.73539,10.36807,1.35659,2005.54,1478.37,0.0,0.0,0.7244,0.533985,0.0,1,0.0111435405,0.3225496476,0.3262279091849986
XAPGED_clean,10.47318,8.63887,10.47223,1.31181,2059.34,1569.85,0.148904,0.11351,0.7314,0.557551,0.0,1,0.0113964136,0.3290613542,0.33205581090462677
XAPNIN_clean,6.36937,5.09614,6.24616,0.987749,1999.77,2024.57,0.0,0.0,0.6554,0.663529,0.0,0,0.0130619751,0.3897799372,0.3835691202577501
XAPTEQ_clean,5.59461,4.17124,5.5868,1.43565,1333.03,928.52,0.0,0.0,0.5274,0.36736,0.0,1,0.0066687476,0.1982624756,0.19432147917274972
XASNUD_clean,13.51875,4.58024,13.51875,0.967914,2185.15,2257.59,0.0,0.0,0.6906,0.713493,0.0,1,0.0147153752,0.4254788615,0.42383175006662455
XAVDUV_clean,3.22197,3.01037,3.22197,1.27741,0.0,0.0,0.0,0.0,0.4438,0.347421,0.0,0,0.0033462618,0.0980235249,0.09815790766362527
XAVQIU_clean,4.2412,3.56279,4.22796,1.15986,1110.01,957.016,0.0,0.0,0.5978,0.515406,0.0,1,0.0093550853,0.2801167742,0.27369022195762627
XAWBEE_clean,4.29017,3.25005,4.18338,2.27713,0.0,0.0,575.894,252.904,0.4712,0.206927,0.0,0,0.0046420069,0.1347139205,0.1370827083058747
XEBHOC_clean,12.08201,9.91355,12.06465,0.465059,2182.46,4692.86,0.0,0.0,0.813,1.74817,0.0,1,0.035802765,1.0690855826,1.0398071496990002
XEDPON_clean,7.48304,4.32366,7.48304,1.13521,1918.18,1689.72,0.0,0.0,0.6406,0.564302,0.0,1,0.009848245,0.2923159848,0.28906201907224954
XEFKOI_clean,4.24138,4.03203,4.24093,1.2014,660.067,549.414,0.0,0.0,0.487,0.40536,0.0,0,0.0038235798,0.1142045769,0.11363708831075002
XEHFUL_clean,4.30377,2.60046,4.30377,2.30999,0.0,0.0,289.752,125.434,0.3962,0.171516,0.0,1,0.001930269,0.060588849,0.05773501248537521
XEHSAF_clean,4.88109,3.65952,4.87411,1.39164,808.303,580.827,0.0,0.0,0.4608,0.33112,0.0,0,0.0039842203,0.1190204831,0.11700461459162509
XEHSIN_clean,4.81303,3.64676,4.81303,1.40908,773.939,549.25,0.0,0.0,0.452,0.320776,0.0,0,0.0039174117,0.116593105,0.11430670675600037
XEHSUZ_clean,4.73753,3.78928,4.73753,1.38845,832.486,599.579,0.0,0.0,0.4634,0.333753,0.0,0,0.0042291851,0.1230431689,0.1241160088390001
XEKDOI_clean,4.10568,3.45704,3.93638,1.4574,748.354,513.486,0.0,0.0,0.4558,0.312749,0.0,1,0.0029844354,0.0917426907,0.08829371457862469
XENMIO_SL,4.2763,3.43605,4.2763,1.62008,351.871,217.194,309.344,190.944,0.4486,0.2769,0.0,1,0.0038196276,0.1127391595,0.11344179259300059
XENMOU_SL,4.28444,3.44611,4.27407,1.60371,375.808,234.337,301.542,188.028,0.4528,0.282345,0.0,1,0.003900294,0.1141699277,0.11481732143737505
XESKUD_clean,9.9638,9.32015,9.9638,1.26973,1375.76,1083.51,0.0,0.0,0.5732,0.451435,0.0,1,0.0078634774,0.2392898403,0.23174554131762676
XEVVUQ_clean,4.64942,3.10763,4.64942,1.8044,0.0,0.0,597.028,330.874,0.487,0.269896,0.0,0,0.004854093,0.1417322023,0.1409326171358749
XEXLAP_clean,8.64993,8.01633,8.63141,1.0685,1374.86,1286.72,0.0,0.0,0.5518,0.516424,0.0,0,0.0097602464,0.2850905134,0.2858422744493744
XEXLIX_clean,7.04809,6.65056,7.03557,1.241,1207.66,973.134,0.0,0.0,0.527,0.424658,0.0,1,0.0072030786,0.2095411696,0.2114117663068755
XEXLOD_clean,7.18877,6.831,7.15894,1.17716,1370.68,1164.39,0.0,0.0,0.5458,0.463657,0.0,1,0.0080336008,0.2397367905,0.23694681233187573
XEXLUJ_clean,8.72919,8.14175,8.68787,1.12133,1390.1,1239.69,0.0,0.0,0.5646,0.50351,0.0,1,0.0090456925,0.2680291111,0.26641719958949994
XICNOO01_clean,19.50435,6.85327,19.46967,0.908856,1908.32,2099.7,0.0,0.0,0.7472,0.822132,0.000220057,1,0.0167960964,0.4865367324,0.489275807494
XICNOO02_clean,19.59015,6.72401,19.59015,0.902602,1911.89,2118.2,0.0,0.0,0.7472,0.827829,0.000221582,1,0.0170964794,0.4929338918,0.49531158315287327
XIFHIF_clean,9.50274,8.84024,9.48896,1.39627,1580.72,1132.1,0.0,0.0,0.6078,0.435304,0.0,1,0.00808408,0.2406095423,0.23625142065412563
XIFLOP_clean,3.91972,3.02211,3.91972,2.23068,0.0,0.0,58.8926,26.4012,0.3262,0.146234,0.0,0,0.0010451037,0.031658844,0.03104652545325001
XIMPOA_clean,3.66828,2.99963,3.64614,1.45457,0.0,0.0,88.1777,60.621,0.3818,0.262482,0.0,0,0.001193138,0.0359605817,0.03544521531749976
XINYAW_clean,6.39712,2.73319,6.39712,1.12632,0.0,0.0,782.004,694.298,0.501,0.44481,0.0,1,0.0047293432,0.1446684058,0.13828388568374977
XISXEE_clean,10.02626,5.46429,10.02412,0.66541,2246.71,3376.43,0.0,0.0,0.7296,1.09647,0.0,1,0.0223315462,0.6630908702,0.6535864636309985
XITYOP_clean,11.26084,5.01855,11.26084,0.828925,2008.18,2422.64,0.0,0.0,0.6806,0.821064,0.0,1,0.017349514,0.502540214,0.5056465588093749
XIWYEH_clean,4.26164,3.52891,4.24796,2.34877,351.985,149.859,0.0,0.0,0.3304,0.140669,0.0,0,0.0018263447,0.0561222321,0.05358976717437506
XOCGUR_clean,3.64407,2.7768,3.64407,1.57522,0.0,0.0,64.8103,41.1435,0.4316,0.273993,0.0,1,0.0024180603,0.0742656528,0.07142414943774937
XOCWET_clean,5.57167,3.60863,5.43096,2.052,1278.23,622.917,0.0,0.0,0.549,0.267544,0.0,1,0.0046523414,0.1392269232,0.1367494379214993
XOFPEP_clean,5.97089,3.4618,5.97089,2.03022,1036.5,510.537,0.0,0.0,0.5304,0.261252,0.0,1,0.0039263336,0.1130784067,0.1154692082489995
XOJWOJ_clean,7.01927,4.56509,7.01927,1.20631,1535.66,1273.03,0.0,0.0,0.6016,0.498713,0.0,1,0.008806376,0.2604497503,0.25773247927125087
XOKHIP_clean,4.7478,3.45863,4.7478,2.16707,449.011,207.197,0.0,0.0,0.3986,0.183935,0.0,1,0.0017978919,0.0540367117,0.05267490713874994
XOMJUE_clean,6.09418,3.77279,6.07728,1.21681,603.908,496.303,411.544,338.214,0.507,0.416662,0.0,0,0.0061355094,0.1836873882,0.18022776807237545
XOTXAG_clean,4.5925,3.72441,4.55253,1.45522,1114.56,765.906,0.0,0.0,0.459,0.315416,0.0,1,0.0058104692,0.1686383912,0.17227030069899946
XOTXUB_clean,4.27674,3.47607,4.14843,1.21704,316.782,260.289,0.0,0.0,0.4284,0.352001,0.0,1,0.0019107408,0.0555103922,0.05648447393012483
XOVPIH_clean,4.3234,3.46915,4.32329,1.51036,756.835,501.096,0.0,0.0,0.4966,0.328796,0.0,1,0.0040227817,0.115236909,0.11789322531062466
XOVXEM_clean,4.37957,3.07357,4.35283,2.15418,0.0,0.0,406.169,188.549,0.3978,0.184664,0.0,1,0.002286621,0.0663372516,0.06743580575200016
XUBJAF01_clean,3.31207,2.84382,3.31207,2.1992,0.0,0.0,0.0,0.0,0.433,0.19689,0.0,1,0.001208886,0.0342927487,0.035409838657000224
XUBJAF_clean,3.30914,2.74501,3.30667,2.21573,0.0,0.0,0.0,0.0,0.4288,0.193525,0.0,1,0.0011804282,0.0344862616,0.03497658984187528
XUCNOZ_clean,6.67171,3.21316,6.67171,1.49145,0.0,0.0,1034.55,693.652,0.5484,0.367696,0.0,1,0.0055219384,0.1574052754,0.16059054537912576
XUCSAR_clean,4.0404,2.74885,4.039,1.66104,0.0,0.0,208.637,125.607,0.4544,0.273564,0.0,1,0.0034454358,0.1040685341,0.10131045120412503
XUGDOU_clean,5.59885,2.90872,5.57807,2.06644,0.0,0.0,633.646,306.636,0.4496,0.217572,0.0,1,0.0028153339,0.0846405639,0.08259394822212529
XUGSEY_clean,7.45351,5.81909,7.11831,0.709523,2586.66,3645.63,0.0,0.0,0.7068,0.996162,0.0,1,0.0203111756,0.6066982945,0.5972781910615015
XUJSAY_clean,5.36362,3.81487,5.35817,1.44593,257.114,177.818,33.7457,23.3384,0.4668,0.322836,0.0,1,0.0032082221,0.0961625797,0.09427661980187477
XUKHUI_clean,5.94415,4.22176,5.9168,1.20125,1179.74,982.099,0.0,0.0,0.5426,0.451698,0.0,1,0.0073965444,0.2073411025,0.2166769140686257
XULVAD_clean,4.0348,2.77953,3.97256,1.77558,0.0,0.0,258.173,145.402,0.4428,0.249383,0.0,1,0.0032439675,0.0967743183,0.09566762626174972
XUMCAK_clean,4.73151,2.87966,4.7307,1.51149,0.0,0.0,698.103,461.865,0.5952,0.393784,0.0,0,0.0035063797,0.1040696993,0.10473695277262514
XUMSOP_clean,5.79642,2.80847,5.2556,1.91936,0.0,0.0,646.66,336.914,0.4892,0.254877,0.0,0,0.0026882968,0.0807404096,0.078761060525375
XUNGUJ_clean,4.49594,4.05224,4.48031,1.03604,1057.86,1021.06,0.0,0.0,0.4874,0.470444,0.0,0,0.0070265104,0.2093279432,0.2056233065222511
XUNHAQ_clean,4.43369,3.93895,4.41861,1.01112,1121.76,1109.42,0.0,0.0,0.495,0.489555,0.0,1,0.0076848534,0.2246940622,0.22604877409687452
XUNTIL_clean,4.3912,3.544,4.3912,1.10854,669.818,604.235,0.0,0.0,0.4582,0.413336,0.0,1,0.0046496592,0.140019858,0.13654899757762481
XUPSAE_clean,6.99773,6.86151,6.99773,1.067,1576.28,1477.3,0.0,0.0,0.5844,0.547705,0.0,0,0.0114504966,0.3390659777,0.3359946517329999
XUQSIN_clean,6.09297,3.1318,6.09106,1.68768,0.0,0.0,1134.56,672.26,0.5418,0.321032,0.0,1,0.0039475173,0.1119237256,0.11670336652549955
XUVQOW_clean,7.02178,4.13589,6.48548,1.19698,1845.1,1541.47,0.0,0.0,0.6186,0.516801,0.0,1,0.009758172,0.2866933432,0.28612711411962477
XUWFUR_clean,8.57387,5.22151,8.55217,0.997477,1382.53,1386.02,0.0,0.0,0.5736,0.575051,0.0,1,0.0084078737,0.249785256,0.24661707148025033
XUWKEH_clean,5.79973,4.2003,5.79973,1.47767,748.2,506.339,0.0,0.0,0.4194,0.283826,0.0,1,0.0043797626,0.1305051944,0.128678351584875
YAHPED_clean,6.77398,3.93575,6.76774,1.0241,1743.19,1702.16,0.0,0.0,0.5738,0.560295,0.0,0,0.0109362061,0.3181276126,0.32140356733012415
YAJXIT_clean,5.12079,3.85633,4.1425,1.60147,940.147,587.051,0.0,0.0,0.5148,0.321454,0.0,1,0.0047832247,0.1404858543,0.1389083822454993
YANBAR02_clean,4.9953,3.83765,4.98464,1.73124,921.603,532.338,0.0,0.0,0.4702,0.271598,0.0,0,0.0033408832,0.0984830224,0.0973062240988754
YANBAR03_clean,4.71059,3.74,4.66327,1.80873,823.157,455.102,0.0,0.0,0.451,0.249346,0.0,0,0.0030192261,0.0877393634,0.08793284404612495
YAPLOS_clean,9.23645,7.54223,9.20879,0.838059,1650.76,1969.74,3.89826,4.65153,0.6584,0.785625,0.0,1,0.0135245874,0.4034262809,0.3964987526153741
YAPXIX_clean,5.17779,4.8964,5.17779,1.52841,213.864,139.925,323.996,211.982,0.4448,0.291021,0.0,1,0.0033937862,0.1009265604,0.09925949694662517
YARBAW_clean,4.44594,3.74599,4.44594,1.19018,680.577,571.825,0.0,0.0,0.4774,0.401114,0.0,1,0.0037012885,0.1102010657,0.10811700834725023
YARBUQ_clean,4.67624,4.03616,4.54961,1.19852,280.172,233.766,258.386,215.589,0.447,0.372961,0.0,1,0.004275563,0.1257684251,0.12581378907800025
YARSIV_clean,3.72144,3.36254,3.72144,1.75602,124.297,70.7832,0.0,0.0,0.358,0.20387,0.0,0,0.0012878283,0.037101019,0.03895037781437484
YARYOF_clean,4.91899,3.58217,4.91899,1.2259,1844.97,1504.99,0.0,0.0,0.6484,0.528917,0.0,0,0.0065955852,0.1883838924,0.1958630568511251
YARZEZ_clean,5.63038,4.40455,5.63038,0.959184,2069.23,2157.28,0.0,0.0,0.682,0.711021,0.0,0,0.0107721349,0.3162539595,0.3184765543227501
YAVTUN_clean,9.91839,8.86286,9.91839,0.965245,1733.93,1796.36,0.0,0.0,0.6864,0.711115,0.0,1,0.0138127732,0.4164043508,0.40667610814000177
YAVVID_clean,4.84619,4.06844,4.72468,1.45348,1121.07,771.298,0.0,0.0,0.5442,0.374412,0.0,1,0.0055444422,0.1630137877,0.16313338258937463
YAVVUP_clean,4.79083,4.0345,4.51089,1.48936,1096.45,736.189,0.0,0.0,0.5422,0.364049,0.0,1,0.005307994,0.1568861624,0.15724190464912427
YAVWUQ_clean,15.48597,6.62234,15.4779,0.747785,2189.36,2927.8,0.0,0.0,0.7402,0.989857,0.0,1,0.021282327,0.5997849287,0.6197505344906213
YAVZAX_clean,5.41112,4.55984,5.40803,1.50963,1275.98,845.227,0.0,0.0,0.5678,0.376117,0.0,0,0.0058504355,0.16661143,0.17300051135299901
YAZZEG_clean,4.60423,3.13816,4.50897,2.06152,0.0,0.0,492.715,239.006,0.4154,0.201502,0.0,1,0.0026173554,0.0784157641,0.07774577038049961
YEBLAT_clean,6.81519,6.14414,6.81519,1.60609,1346.83,838.578,0.0,0.0,0.5478,0.341077,0.0,0,0.0058193917,0.1661905805,0.17131606760949952
YEDKOI_clean,5.69122,4.8418,5.69122,1.08403,1663.7,1534.74,7.50334,6.92174,0.592,0.546112,0.0,1,0.0094652698,0.2867263394,0.2785742262675013
YEDKUO_clean,6.88443,4.8384,6.1725,0.827487,2774.06,3352.39,0.0,0.0,0.6498,0.785269,0.0,1,0.0162409661,0.4852218524,0.47174192729137376
YEFNEC_clean,7.0118,5.67657,7.0118,1.03009,2663.85,2586.03,0.0,0.0,0.7454,0.723623,0.0,0,0.0126838776,0.3746807633,0.37216346684462454
YEGCUJ_clean,7.31661,4.83808,7.31661,1.36986,1339.97,978.182,0.0,0.0,0.5642,0.411867,0.0,1,0.0056874513,0.1706200301,0.1682760257817498
YEGHIC_clean,7.13593,3.78757,7.13593,1.08644,2189.73,2015.5,27.1266,24.9682,0.6726,0.619084,0.0,0,0.0090694896,0.2681718724,0.26442998357862346
YEGTEK_clean,5.83356,3.28711,5.24482,1.57194,0.0,0.0,747.066,475.25,0.5134,0.326602,0.0,1,0.0040014813,0.1164281481,0.11759357900625035
YEKXET_clean,6.4533,5.02363,5.80415,0.985188,2310.11,2344.84,0.0,0.0,0.6394,0.649013,0.0,1,0.0131729653,0.3867928925,0.3865217046972495
YEQRER_clean,5.87384,4.7032,5.72081,1.15967,3090.85,2665.28,0.0,0.0,0.7338,0.632764,0.0,1,0.0112729351,0.3361848761,0.3290473323932512
YEZFIU_clean,7.76134,3.87237,7.76134,1.15876,1542.78,1331.4,0.0,0.0,0.5858,0.505539,0.0,1,0.0078111023,0.2261598388,0.23213025064725037
YEZKUL_clean,5.95403,3.22793,5.12017,1.19045,0.0,0.0,934.773,785.227,0.5068,0.425721,0.0,1,0.0060891306,0.171406757,0.17892333298400037
YIBMON01_clean,4.19645,3.27284,4.18819,1.24036,0.0,0.0,758.142,611.228,0.521,0.42004,0.0,1,0.0061133593,0.1786305065,0.1797464403176259
YIKJOT_clean,9.06042,4.04226,9.06042,1.25445,1709.74,1362.94,22.3665,17.8297,0.6492,0.517517,0.0,1,0.0077383271,0.2268834814,0.23010389069224949
YINXIE_clean,6.16574,4.96395,6.1491,1.27739,1014.53,794.22,0.0,0.0,0.5052,0.395493,0.0,1,0.0058432492,0.1722665871,0.17188904707124977
YISFEL_clean,5.46375,4.23769,5.46375,1.76848,680.689,384.9,0.0,0.0,0.5068,0.286574,0.0,1,0.0036990152,0.1106439738,0.10803761594649997
YIWMEW_clean,5.71951,3.80264,5.71876,1.30733,2035.3,1556.84,0.0,0.0,0.6656,0.509129,0.0,1,0.0076000051,0.2252753193,0.22593527608312486
YIWNIB_clean,6.81948,5.37501,6.81948,1.22536,2128.85,1737.32,0.0,0.0,0.696,0.567996,0.0,0,0.0087644354,0.2578486634,0.25671616551637416
YIWPEZ_SL_part,7.01269,5.15498,7.0057,1.25891,2052.76,1630.59,0.0,0.0,0.6916,0.549364,0.0,0,0.0083576947,0.246750557,0.2476479625334986
YIXZEL_clean,4.18544,2.94799,4.18017,2.38522,0.0,0.0,359.124,150.562,0.4952,0.207612,0.0,1,0.0030219895,0.0861568274,0.08886318430099978
YIZGIZ_clean,8.32701,3.59268,8.32701,1.46991,1382.6,940.602,0.383122,0.260644,0.553,0.376215,0.0,0,0.0074083702,0.2168457289,0.2175106551747501
YOMVIG_clean,5.30742,3.37579,5.27925,1.93225,831.639,430.398,0.0,0.0,0.4428,0.229162,0.0,0,0.0038727625,0.112324513,0.11270949547712497
YORZAH_clean,3.59982,3.03812,3.58975,1.90041,0.0,0.0,51.717,27.2136,0.3606,0.189748,0.0,1,0.0016990863,0.0516988952,0.04968269545312515
YOYNUX_clean,6.53052,5.58315,6.53052,1.14575,936.289,817.183,0.0,0.0,0.503,0.439013,0.0,0,0.0057079586,0.1691332177,0.16777775605887502
YOYPAF_clean,6.55588,5.45199,6.55588,1.14259,922.719,807.568,0.0,0.0,0.4978,0.435677,0.0,0,0.0056619552,0.1693313862,0.1669346202873746
YOYPEJ_clean,6.69444,5.84937,6.69444,1.13629,975.718,858.686,0.0,0.0,0.5104,0.44918,0.0,0,0.0059025883,0.1719641953,0.1756898964936243
YOYPIN_clean,6.69706,5.82012,6.69706,1.12302,945.662,842.074,0.0,0.0,0.503,0.447901,0.0,0,0.0058630431,0.1717473694,0.17311106792174968
YOYQEK_clean,6.62212,5.08469,6.62212,1.12644,928.228,824.034,0.0,0.0,0.5154,0.457546,0.0,0,0.0061124214,0.1820779983,0.17894805831587515
YOYQOU_clean,6.44081,4.04722,6.44081,1.09379,982.779,898.504,0.0,0.0,0.5092,0.465535,0.0,0,0.0063398073,0.1878997617,0.1862458587584999
YOYREL_clean,7.29129,6.3252,7.29129,1.04682,1086.92,1038.31,0.0,0.0,0.5424,0.518142,0.0,0,0.007016926,0.2045859957,0.20557114251487502
YOYTUD_clean,4.80402,3.83038,4.80248,1.49755,1398.05,933.559,0.0,0.0,0.5346,0.356983,0.0,1,0.0056931714,0.1686217459,0.16856571092887448
YOYVAL_clean,5.10696,4.09246,5.10696,1.36597,1540.95,1128.11,0.0,0.0,0.565,0.413627,0.0,1,0.0066113737,0.1908163922,0.19432829167562482
YOYVOZ01_clean,4.93942,3.90462,4.93942,1.84087,1437.78,781.033,0.0,0.0,0.5596,0.303986,0.0,1,0.0045046819,0.1348014681,0.13213641046512475
YOYWEQ01_clean,4.53154,3.47646,4.53046,2.03962,960.704,471.022,1.31722,0.645816,0.5242,0.257009,0.0,1,0.0038327766,0.1126048984,0.11272246217962557
YOYWEQ_clean,4.77875,3.62914,4.77812,1.88548,1186.63,629.349,4.49602,2.38455,0.5478,0.290536,0.0,1,0.0040703127,0.1238851323,0.11947706905775013
YOZJEE01_clean,4.99022,3.91645,4.98963,1.38859,1498.87,1079.42,0.0,0.0,0.5588,0.402423,0.0,1,0.0062601098,0.1824336335,0.18415368414512465
YOZJEE_clean,4.63204,3.60208,4.62987,1.53122,1162.82,759.411,4.86491,3.17715,0.5256,0.343256,0.0,1,0.0052832313,0.1576049042,0.15653474273087475
YOZYOD_clean,6.08705,4.94831,6.08705,1.19906,1535.33,1280.44,0.0,0.0,0.57,0.475373,0.0,1,0.0087026858,0.2524348291,0.25385231920312473
YUBGIN_clean,5.8422,3.48658,5.82075,1.92767,1406.23,729.498,0.0,0.0,0.58,0.300882,0.0,1,0.0049927491,0.1490038347,0.1456115933693755
YUCZOM_clean,4.78325,3.91982,4.78325,1.01421,1563.82,1541.91,0.0,0.0,0.5504,0.54269,0.0,1,0.0082237476,0.2410552251,0.23864283488762386
YUHHIU_clean,6.82796,5.69487,6.82796,0.81756,1884.13,2304.57,0.0,0.0,0.672,0.821958,0.0,1,0.0156122954,0.4680314762,0.4596218292502492
YUJCOX_clean,5.98412,4.49111,5.97667,1.61045,1537.35,954.605,0.0,0.0,0.5426,0.336924,0.0,1,0.0070007795,0.1971310392,0.20449045871112517
YUJNOH_clean,5.27714,3.46452,5.27652,1.77541,392.456,221.051,0.0,0.0,0.4746,0.267319,0.0,1,0.0033902488,0.1014387839,0.09866217776462508
YUMJAS_clean,6.24531,4.99676,6.24531,2.01823,1798.6,891.176,0.0,0.0,0.5646,0.27975,0.0,1,0.005410114,0.1596412866,0.15829844741412585
YUNXAI_clean,9.13708,7.11095,9.13708,0.82221,2053.25,2497.23,0.0,0.0,0.684,0.831905,0.0,0,0.0153802144,0.4492532612,0.4494826907591258
YURKEC_clean,7.90101,7.08763,7.8976,1.07399,1764.62,1643.06,0.0,0.0,0.6344,0.590696,0.0,1,0.0112829284,0.3376120217,0.33105713472150106
YUSWIU_clean,5.63795,4.77812,5.63069,1.59088,1761.52,1107.26,0.0,0.0,0.5624,0.353516,0.0,0,0.0068962065,0.2068286345,0.20352021743137513
YUTGEZ_clean,5.82433,3.93601,5.82433,1.29826,1025.59,789.97,0.0,0.0,0.5686,0.437971,0.0,0,0.0052917009,0.1555636822,0.1561717811781253
YUXLEJ_clean,10.83121,6.54663,10.83121,0.97354,1928.71,1981.13,0.0,0.0,0.6686,0.686772,0.0,1,0.0120536617,0.3365876585,0.35289741108749917
YUYLOV_clean,5.28891,4.25116,5.28891,1.21408,1053.59,867.808,5.10787,4.20721,0.5256,0.432922,0.0,1,0.0058240394,0.1737825896,0.17245397697762466
YUZCED_clean,5.25441,3.02415,5.25441,1.46093,0.0,0.0,671.845,459.873,0.5076,0.347449,0.0,0,0.0051962798,0.1495658977,0.1503846576956244
ZAFXAI_clean,8.16636,3.63608,8.16636,1.40372,1642.88,1170.38,0.0,0.0,0.568,0.40464,0.00156727,0,0.0070463903,0.2093993548,0.20832825088175091
ZAQWEW_clean,6.95842,6.13717,6.94512,1.39957,1222.41,873.413,0.0,0.0,0.5188,0.370684,0.0,1,0.0059801875,0.1786285738,0.1770283483482493
ZARVIZ_clean,8.08211,6.49977,8.07086,1.60695,1752.25,1090.42,2.37844,1.4801,0.6066,0.377486,0.0,1,0.0072646521,0.2166126301,0.21299252524737575
ZARZAV_clean,5.22384,3.95101,5.21614,1.32405,863.286,652.003,0.0,0.0,0.4802,0.362674,0.0,1,0.0051183686,0.1494177604,0.152142640514749
ZASJAG_clean,8.3258,8.06587,8.3258,1.20593,1261.26,1045.89,0.0,0.0,0.5316,0.440823,0.0,0,0.0072679479,0.2095721813,0.2156279281841251
ZASTUK_clean,5.34498,3.95884,5.34498,1.23434,967.3,783.659,0.0,0.0,0.4876,0.39503,0.0,1,0.0058713529,0.1723958341,0.17347885144937422
ZAVPUJ_clean,5.35189,4.46399,5.34326,1.29856,1713.78,1319.75,0.0,0.0,0.5712,0.439871,0.0,1,0.00790773,0.2315463541,0.23324785640799958
ZAVQEU_clean,5.32077,4.48233,5.32077,1.33464,1678.44,1257.6,0.0,0.0,0.5746,0.430529,0.0,1,0.0077425741,0.22546573,0.2248739904114993
ZAVQIY_clean,5.30607,4.48289,5.30386,1.35411,1643.73,1213.88,0.0,0.0,0.5664,0.418282,0.0,1,0.0075861499,0.2230103713,0.22197169132699948
ZAXQOG_clean,5.67387,3.7719,5.66477,1.01421,1385.47,1366.06,80.4067,79.2805,0.6032,0.594751,0.0,1,0.0094114672,0.2754934283,0.27674157093024965
ZECKID_clean,10.33934,8.28295,10.32915,0.62663,2205.37,3519.42,0.0,0.0,0.7756,1.23773,0.0,1,0.0242798654,0.714890696,0.7054393525817477
ZEDQEG_clean,5.11458,4.23281,5.10868,1.21651,1349.89,1109.64,0.0,0.0,0.5426,0.446031,0.0,1,0.008641933,0.2581617719,0.2527040681540011
ZEDQOQ_clean,3.40448,3.09733,3.39915,2.06282,0.0,0.0,1.88022,0.91148,0.3662,0.177524,0.0,1,0.0011658289,0.0331147979,0.0350896569632501
ZEDRAD_clean,3.70645,2.81425,3.70645,2.48068,0.0,0.0,93.5472,37.7103,0.3984,0.160601,0.0,1,0.002085803,0.0612266949,0.06142717687087445
ZEDZAL01_clean,5.65082,4.55391,5.6492,1.03183,1744.09,1690.29,0.0,0.0,0.599,0.580521,0.0,0,0.0114611471,0.3273900805,0.3333262126896255
ZEHCAQ02_clean,4.12583,2.64971,4.06091,2.02971,0.0,0.0,581.933,286.707,0.5354,0.263781,0.0,1,0.0035343557,0.1035463381,0.10513482260699965
ZEHCAQ_clean,4.19888,2.71451,4.1726,2.02103,0.0,0.0,626.454,309.968,0.5382,0.2663,0.0,1,0.0038286716,0.1097872657,0.11286224138787483
ZEJCUO_clean,3.4618,2.60004,3.26788,2.14228,0.0,0.0,3.40248,1.58825,0.3654,0.170566,0.0,1,0.0018346209,0.0542795768,0.053387239824250095
ZETLER_clean,7.4185,6.73421,7.4185,1.13583,1090.42,960.022,0.0,0.0,0.5128,0.451477,0.0,1,0.0073644806,0.2139590496,0.21610642251612533
ZEXKUK_clean,5.43641,4.11889,5.43641,1.10203,1510.94,1371.05,0.0,0.0,0.521,0.472764,0.0,0,0.0074435024,0.2181394097,0.2207956290236243
ZEZPAX_clean,4.88259,3.42627,4.87229,1.37031,946.317,690.584,0.0,0.0,0.58,0.423261,0.0,1,0.0066971152,0.195796026,0.19588820554687486
ZIDBEV_clean,9.63216,5.48309,9.63216,0.807059,2178.07,2698.78,0.0,0.0,0.7352,0.910962,0.0,1,0.0143847967,0.4277779683,0.4245557081267492
ZIDNEH_clean,8.84838,5.55883,8.83355,0.885692,1904.92,2150.77,0.0,0.0,0.6292,0.710405,0.0,1,0.0142891129,0.4106236061,0.4213082224298749
ZIHTEP_clean,4.34589,3.49261,4.31959,1.10997,397.98,358.549,0.0,0.0,0.4276,0.385235,0.0,1,0.0028376728,0.0809525669,0.0839826270277503
ZIJVOF_clean,5.29078,3.31943,5.29078,1.22582,1049.42,856.102,0.0,0.0,0.5682,0.463527,0.0,1,0.0064909298,0.1908987631,0.190916849964875
ZILFOR_manual,9.30653,7.96955,8.40209,0.639421,2480.2,3878.82,0.0,0.0,0.7576,1.18482,0.0,1,0.0246789066,0.7035106073,0.7209582440187481
ZIMJOW_clean,4.93461,3.1789,4.92973,1.70284,0.0,0.0,690.791,405.67,0.4606,0.270489,0.0,1,0.003415492,0.1039994739,0.10177070594637529
ZIMLIS_clean,8.92267,4.20987,8.92267,1.114,2237.68,2008.69,0.0,0.0,0.7006,0.628903,0.0,1,0.0119359151,0.3439245762,0.3489944774322468
ZINDAD_clean,16.39277,6.7436,16.39277,0.781296,1939.71,2482.68,0.0538053,0.0688667,0.7302,0.934601,0.0,1,0.0197089115,0.5643888345,0.5716277899242486
ZIQJEQ_clean,9.10665,6.72913,9.10665,0.629598,2298.43,3650.63,0.0,0.0,0.736,1.169,0.0,1,0.0202608897,0.5893520919,0.5996581014186254
ZISYAD_clean,5.9099,4.91539,5.73695,1.28892,1160.38,900.27,0.0,0.0,0.5204,0.403748,0.0,0,0.006792166,0.1959158418,0.19968919750675
ZIYPUU_clean,4.16938,3.3088,4.16938,1.46817,0.0,0.0,471.425,321.097,0.4874,0.331978,0.0,1,0.0039775394,0.1187626648,0.11620167590725014
ZOHBUV_clean,4.01075,3.17776,4.01075,1.85961,0.0,0.0,286.567,154.101,0.462,0.248439,0.0,0,0.0020118332,0.0615204716,0.060982290282124554
ZOXTIR_clean,5.95588,3.14053,5.93808,1.94964,0.0,0.0,602.113,308.833,0.4406,0.225991,0.0,1,0.0027569925,0.0850191926,0.08049049192537495
ZOZPUB_clean,7.7256,6.01065,7.70911,1.03826,1572.11,1514.17,0.0,0.0,0.597,0.574999,0.0,1,0.0093729282,0.2776861126,0.27592387665299994
ZUDRAT_clean,6.48565,4.23405,6.48051,1.20859,1651.45,1366.43,0.0,0.0,0.5628,0.465668,0.0,1,0.0094110178,0.2709553867,0.2766327689987502
ZUMNAY_clean,3.7217,2.73118,3.7217,2.00295,0.0,0.0,136.592,68.1954,0.4202,0.209791,0.0,1,0.0021810913,0.0649983681,0.06405217488012484
ZURROT_clean,4.90807,3.92111,4.90807,1.07774,1554.64,1442.5,0.0,0.0,0.611,0.566926,0.0,1,0.007456467,0.2248267443,0.22139914454424947
ZUTBIB_clean,5.89251,3.41929,5.89251,2.16043,1096.32,507.456,0.0,0.0,0.5212,0.241248,0.0,0,0.0068299032,0.1962384756,0.19772859693999967
ZUTBUN_clean,4.42995,3.86732,4.42995,2.2828,1037.92,454.67,0.0,0.0,0.4626,0.202646,0.0,0,0.0055042003,0.1618812229,0.16115844304699917
ZUVTEP_clean,6.34335,3.26541,6.34335,1.63952,0.0,0.0,911.464,555.934,0.53,0.323266,0.0,0,0.0044261397,0.1305556673,0.13070998659462515
