filename,LCD,PLD,LFPD,cm3_g,ASA_m2_cm3,ASA_m2_g,NASA_m2_cm3,NASA_m2_g,AV_VF,AV_cm3_g,NAV_cm3_g,Has_OMS,Input,y_true,y_pred
ACOCOM_clean,24.60642,13.0343,24.60642,0.349927,1537.41,4393.52,0.0,0.0,0.863,2.46623,0.0,1,0.0046461162,0.098105793,0.09541728970037518
acs.cgd.5b01554_VAGNUP1452791_clean,6.16218,5.1323,5.87594,1.47047,1873.32,1273.96,0.0,0.0,0.572,0.388992,0.0,1,0.0005259762,0.0088299416,0.010909855774750012
ADOBIF_clean,5.54781,3.82743,5.54167,1.58873,944.037,594.207,131.28,82.6315,0.4886,0.30754,0.0,1,0.0004662235,0.0093137336,0.00919148232787497
AGUBUA_clean,5.46218,4.59563,5.46034,1.83317,1345.91,734.196,0.0,0.0,0.576,0.31421,0.0,0,0.0005569274,0.0117352571,0.010540297094749964
AMIZIG_clean,6.42874,5.80877,6.41409,1.40393,699.498,498.243,0.0,0.0,0.4248,0.302579,0.0,1,0.0003085413,0.006039725,0.006172586111374995
AQIXUU_clean,5.00071,3.74213,5.00071,2.31618,778.297,336.026,0.0,0.0,0.406,0.175289,0.0,1,0.0001758496,0.004157136,0.0037380049321249927
ATEJOA_clean,4.70745,4.24568,4.70745,1.89843,608.117,320.327,105.12,55.3722,0.4134,0.217759,0.0,0,0.0003906665,0.0077189546,0.007594816761875009
AVETOM_clean,5.57195,3.01035,5.56463,1.79151,0.0,0.0,366.792,204.739,0.387,0.216019,0.0,1,0.0001755537,0.0032916323,0.003676881088624982
AWUPOZ_clean,18.42385,9.2554,18.42385,0.353418,1737.36,4915.87,0.0,0.0,0.8534,2.41471,0.0,1,0.0048187218,0.0941913737,0.09351881210600052
AXIGAR_clean,6.07916,3.82644,6.07805,0.772367,2511.2,3251.3,0.0,0.0,0.6878,0.890509,0.0,1,0.001381319,0.028082874,0.028822995973125036
AXINAX_clean,19.26045,15.71248,19.26045,0.424639,1405.73,3310.41,0.0,0.0,0.8372,1.97156,0.0,1,0.0038843665,0.0759649919,0.07504549080900032
BADJIC_clean,3.80162,2.90343,3.80162,1.35655,0.0,0.0,63.1802,46.5741,0.4538,0.334525,0.0,0,0.0003005128,0.006098933,0.006161885765249983
BADXAI_clean,6.25366,4.40633,6.25366,1.71483,758.25,442.172,0.0,0.0,0.4118,0.240141,0.0,1,0.0002090375,0.0044400519,0.004515212328875
BEWVEG_clean,6.48201,4.71475,6.48201,1.10737,1863.88,1683.16,0.0,0.0,0.6042,0.545619,0.0,1,0.0008082373,0.0168852126,0.016925590700125
BEXTUV_clean,4.28323,3.79801,4.26635,1.30528,1237.19,947.835,0.0,0.0,0.5092,0.390108,0.0,1,0.0006493648,0.0125442221,0.012608305601624976
BIBMAC_clean,5.44888,3.01221,5.44399,1.74888,0.0,0.0,462.588,264.506,0.446,0.255021,0.0,1,0.0002241314,0.0045045532,0.004671253144124991
BIHRER_clean,6.1845,3.26807,6.17281,1.25322,0.0,0.0,707.655,564.668,0.4676,0.373118,0.0,1,0.0003604178,0.0070682365,0.006914841951374992
BIWSOQ_clean,15.33666,5.40917,6.36274,0.990293,1940.65,1959.67,0.0,0.0,0.6518,0.658189,0.0,1,0.0014556129,0.027960048,0.028043240492124952
BOSHIC_clean,11.35851,4.44127,11.35851,0.998372,1829.81,1832.79,0.0,0.0,0.6236,0.624617,0.0,1,0.0012878935,0.0255245169,0.025518316492750076
BUSTAM_clean,5.9276,2.66956,5.91101,1.96873,0.0,0.0,748.201,380.043,0.4466,0.226847,0.0,1,0.0003599946,0.0068031904,0.006963465098124968
BUVVIZ_clean,5.00001,3.6207,4.99072,1.72941,572.133,330.826,0.0,0.0,0.4138,0.239272,0.0,0,0.0001805029,0.0040929327,0.003721340287874989
c5ce00931f_c5ce00931f2_clean,5.29408,4.17227,5.29408,1.81161,1362.6,752.15,0.0,0.0,0.5006,0.276328,0.0,1,0.0004485089,0.0087071443,0.009156949477374984
c5ce02503f_c5ce02503f2_clean,13.50319,5.63614,13.50319,1.78413,1087.4,609.485,289.45,162.236,0.5546,0.310852,0.0,1,0.0008436693,0.016079053,0.01393925968224994
c5dt01100k_c5dt01100k2_clean,10.14478,9.16125,10.14478,1.64843,1361.9,826.183,0.0,0.0,0.588,0.356703,0.0,1,0.000620167,0.0112924473,0.012392078550250003
c5dt03038b_c5dt03038b2_clean,6.32747,4.74814,6.26915,1.49819,1746.54,1165.77,0.0,0.0,0.584,0.389803,0.0,1,0.0007791113,0.0150076516,0.014800570640750008
c5dt05023e_c5dt05023e2_clean,6.45831,4.45817,6.45831,1.05764,1467.29,1387.32,0.0,0.0,0.552,0.521916,0.0,1,0.0007214003,0.014626844,0.014481408033250065
c6cc03787a_c6cc03787a2_clean,13.49945,6.3228,13.49945,0.687385,2187.23,3181.96,0.0,0.0,0.746,1.08527,0.000290958,0,0.0019403778,0.039614179,0.03987221368899989
c6ta07145g_c6ta07145g2_clean,6.02059,3.60964,6.01517,1.26554,923.516,729.74,0.0,0.0,0.497,0.392717,0.0,0,0.000455046,0.0091706348,0.009575598540249981
CAYQUQ_clean,11.37885,6.17998,10.24831,0.783377,2242.23,2862.26,0.0,0.0,0.6804,0.868548,0.0,1,0.0016581693,0.0340517522,0.03294216339675003
CEDFUO_clean,6.32807,4.51999,5.33405,1.32113,1794.57,1358.35,0.0,0.0,0.6002,0.454307,0.0,1,0.0008077994,0.0158667375,0.01568112111925003
CEYWOU_clean,5.92045,3.96552,5.92045,1.52165,1106.54,727.196,0.0,0.0,0.488,0.320704,0.0,1,0.0006123082,0.0113703322,0.011747667163999982
cg800945m_si_002_clean,4.88985,2.68705,4.88628,1.50156,0.0,0.0,109.26,72.7639,0.3972,0.264524,0.0,1,0.000107991,0.0021051232,0.0023597732134999984
CIFGUV_clean,4.01419,3.06563,3.42367,2.04219,0.0,0.0,271.352,132.873,0.3676,0.180003,0.0,0,0.0003168793,0.0061237223,0.006139773695250012
COJMIZ_clean,8.76253,5.35896,8.72035,1.01046,1718.52,1700.73,0.0,0.0,0.6106,0.604279,0.0,0,0.0010875052,0.0211268497,0.02159350414462494
COQJID_clean,5.67335,4.4679,5.67044,1.27511,1146.44,899.089,0.0,0.0,0.4982,0.390711,0.0,0,0.0005460314,0.0107043778,0.010670513294625001
COWDEZ_clean,8.91053,4.46746,8.91053,4.13717,1136.38,274.675,0.0,0.0,0.4164,0.100649,0.000386738,1,0.0002048418,0.0041132991,0.004022964960000005
COXDIE_clean,5.62039,5.35711,5.62039,1.66496,1129.92,678.647,0.152502,0.091595,0.484,0.290697,0.0,1,0.0003714613,0.00727445,0.007495279410624987
CUGLIB_clean,5.58062,5.51252,5.58062,2.40243,819.805,341.239,0.0,0.0,0.416,0.173158,0.0,1,0.0001517844,0.003500057,0.0033220335376250142
CUGZAH_clean,7.43946,7.40575,7.42884,2.24368,763.393,340.242,0.0,0.0,0.4524,0.201633,0.0,1,0.0002088913,0.0041612958,0.0041491345213750044
CUNRAG_clean,4.531,2.72413,4.38623,2.08372,0.0,0.0,487.364,233.891,0.416,0.199643,0.0,0,0.0003353056,0.0070772006,0.00666566175449999
CUSXIY_clean,15.40731,13.34223,14.58073,0.291845,1568.49,5374.4,0.0,0.0,0.8896,3.04819,0.0,0,0.0059169141,0.1172096464,0.1171342097882509
CUVVOG_clean,8.37247,7.3895,8.37077,1.20081,1241.45,1033.84,0.0,0.0,0.5362,0.446532,0.0,0,0.0007738488,0.0155033414,0.015244111505874928
CUXFUX_clean,5.75656,5.11113,5.75656,1.3231,1207.8,912.854,37.5492,28.3797,0.5462,0.412818,0.0,0,0.0007384771,0.0147601545,0.014595483774925016
DAPZAW_clean,5.27842,2.79747,5.27842,2.02961,0.0,0.0,812.03,400.091,0.517,0.254728,0.0,1,0.0002971845,0.0053644971,0.006016197560999997
DUKDOD_clean,4.05295,2.80054,4.04002,2.05581,0.0,0.0,180.073,87.5921,0.4374,0.212763,0.0,1,7.93039e-05,0.0018411727,0.001770731149874992
DUQRUD_clean,5.84696,3.93964,5.84696,1.3492,787.842,583.933,0.0,0.0,0.45,0.333531,0.0,0,0.0003315288,0.0061391329,0.006837705546000017
DUXLUF02_clean,3.90407,2.74899,3.8986,1.8272,0.0,0.0,8.50955,4.65716,0.3066,0.167798,0.0,1,3.88289e-05,0.0007561923,0.0008135553057499932
EBOXEA_clean,5.66693,4.72038,5.66453,1.32843,1075.3,809.448,0.0,0.0,0.5358,0.403332,0.0,1,0.0004503517,0.0087428279,0.00906251444450003
EDUVAA_clean,11.12176,8.60837,11.10384,0.690728,2384.44,3452.06,0.0,0.0,0.7446,1.07799,0.0,0,0.0021049664,0.0409360213,0.04151342848249992
EDUVII_clean,20.32202,9.77849,20.31158,0.420228,1870.75,4451.74,0.0,0.0,0.8576,2.0408,0.0,0,0.0039674567,0.0827084818,0.07814021145324992
EGEJOQ_clean,7.45353,3.87905,7.45353,1.25003,1261.63,1009.28,2.23392,1.78709,0.531,0.424788,0.0,0,0.0005660978,0.011664946,0.011500917967249981
EHUSUX_clean,11.68128,4.3201,11.68059,0.797571,1974.27,2475.35,0.0,0.0,0.6798,0.852338,0.0,1,0.001438131,0.0297512324,0.028732320289750014
EKADIF_clean,7.65126,6.54995,7.64495,1.18404,1687.65,1425.33,3.75836,3.17418,0.6332,0.534779,0.0,1,0.0009931155,0.0197153083,0.019632277329749974
EKEKOW_clean,7.39946,6.7038,7.38889,1.19584,1297.81,1085.27,0.0,0.0,0.5626,0.470465,0.0,1,0.0007337975,0.0144427806,0.01469690916075006
EMUYAM01_clean,4.15548,2.7929,4.05962,2.82255,0.0,0.0,29.2914,10.3776,0.2616,0.0926822,0.0,1,7.50476e-05,0.0017085611,0.0014494930828750042
ENCDBZ01_clean,4.96088,3.91158,4.96088,1.33226,1771.15,1329.44,0.0,0.0,0.6226,0.467327,0.0,0,0.0006616585,0.0124226393,0.013939644545624989
EPAXAW_clean,4.6565,2.69943,4.64928,1.75762,0.0,0.0,353.714,201.246,0.3704,0.21074,0.0,0,0.0002274497,0.004843938,0.004490640417875006
EPECUZ_clean,6.24856,2.76555,6.24323,1.23793,0.0,0.0,1345.81,1087.15,0.5436,0.439119,0.0,1,0.0006513023,0.0135072447,0.013173104855750024
ERALIU_clean,14.86335,13.54057,14.86335,1.02804,1927.12,1874.56,4.88892,4.75558,0.7196,0.699973,0.000194545,1,0.001535033,0.0304110129,0.029663473977374958
ERAQAR_clean,7.38576,7.26835,7.38576,1.40447,1641.95,1169.09,0.0,0.0,0.6066,0.431907,0.0,0,0.0009299997,0.0184346973,0.018179683195250044
ERUNUC_clean,14.74144,10.998,14.73673,0.612946,1667.89,2721.11,0.0,0.0,0.75,1.2236,0.0,1,0.002407174,0.0451083503,0.04715655354122836
ESARIB_clean,4.9043,3.62901,4.9043,1.8746,341.914,182.392,0.0,0.0,0.3502,0.186813,0.0,1,0.0002387782,0.0053773227,0.004835978750750023
ESEBOV_clean,25.10343,17.21264,25.10343,0.432192,1480.29,3425.07,0.0,0.0,0.8414,1.94682,0.0,1,0.0032356364,0.0730763845,0.07187901102199959
ETEMEX_clean,5.91958,3.04496,5.91958,1.5488,0.0,0.0,508.212,328.132,0.4422,0.285511,0.0,1,0.0002669739,0.0052881379,0.005550129667875005
EVADEK_clean,5.2436,3.53683,5.24252,2.08094,869.818,417.992,0.0,0.0,0.4392,0.211058,0.0,1,0.0002961535,0.0060418629,0.005712228933499991
EXUSAT_clean,5.52267,3.11573,5.52267,1.78731,0.0,0.0,822.162,460.001,0.4606,0.257706,0.0,1,0.0003275433,0.0068929669,0.006535907633500003
EZIMIK_clean,9.82604,3.91626,9.82604,1.06853,1265.94,1184.75,505.148,472.75,0.5976,0.559273,0.0,0,0.001241471,0.0230786295,0.023459667968749986
FAGYEU_clean,6.85669,2.78326,6.85669,1.22782,0.0,0.0,866.918,706.062,0.5022,0.409017,0.0,1,0.0005055745,0.010174688,0.010431365638124962
FASGEO_clean,4.99768,3.35597,4.99362,1.72278,433.626,251.702,0.0,0.0,0.4048,0.23497,0.0,1,0.0002361777,0.0044720838,0.004799065308875004
FAVDAK_clean,6.67812,5.88583,6.64405,2.22356,1150.29,517.317,190.493,85.6703,0.5552,0.249689,0.0,1,0.0004066043,0.0078218447,0.007948241392875007
FEWWIP_clean,7.82961,5.33402,7.82275,0.99306,2309.46,2325.6,0.0,0.0,0.6608,0.665418,0.0,0,0.0014571434,0.0297488703,0.027735755109125
FEYJID_clean,11.05011,4.28201,11.03981,1.28763,1684.31,1308.07,60.6702,47.1178,0.6268,0.486786,0.0,1,0.000904287,0.019305982,0.017926480874374956
FIGLAK_clean,3.54245,3.11894,3.54245,1.57943,0.0,0.0,18.7102,11.8461,0.393,0.248823,0.0,1,4.96711e-05,0.0010836774,0.001072190429124993
FIGVUN_clean,4.04027,2.92923,4.04027,1.87942,0.0,0.0,439.972,234.101,0.5318,0.28296,0.0,0,0.0004091812,0.0077821637,0.007862409300624982
FIHHOV_clean,6.48503,4.23046,4.73284,1.35341,178.981,132.245,677.871,500.863,0.475,0.350966,0.0,1,0.0004408872,0.0090244095,0.008833019168750017
FIHHUB_SL,15.61182,13.11587,15.60898,0.621293,2170.48,3493.49,0.0,0.0,0.7232,1.16402,0.0,0,0.0020178443,0.0414183596,0.04051254161687499
FISGOF_clean,15.80637,8.55438,15.80637,0.434111,2007.26,4623.85,0.0,0.0,0.8372,1.92854,0.0,1,0.0036899774,0.0743522233,0.07401304568499979
FISXEM_clean,15.69953,15.64725,15.69953,0.982352,1496.09,1522.96,0.0,0.0,0.7144,0.727234,0.0,0,0.0014907974,0.0298199267,0.028767207260500024
FOFDAH_clean,4.47344,2.88853,4.47076,1.54038,0.0,0.0,319.149,207.189,0.3948,0.256301,0.0,0,0.0002286151,0.0044017197,0.0046874162301250135
FOQNOQ01_clean,5.8632,5.042,5.82773,1.375,1086.49,790.181,181.915,132.302,0.54,0.392729,0.0,1,0.0006073348,0.0115754627,0.011972340955750014
FOQNOQ_clean,5.74039,4.59611,5.66519,1.31962,1294.45,980.929,0.224512,0.170134,0.5432,0.411634,0.0,1,0.0005465914,0.0113554924,0.010996218951250015
FOQNUW01_clean,6.20702,4.77029,6.1269,1.35255,1350.08,998.172,0.0,0.0,0.5374,0.397323,0.0,1,0.0005499991,0.0120829908,0.011237150664874995
FOQNUW_clean,6.24181,4.91804,6.10517,1.36057,1316.22,967.403,0.0,0.0,0.552,0.405711,0.0,1,0.0006137054,0.0121955388,0.01217725720137499
FOQPAE02_clean,6.1209,4.89143,6.11396,1.39791,1360.89,973.519,0.0,0.0,0.5506,0.393874,0.0,1,0.0006024431,0.0123693554,0.012111663182624983
FUHJOJ_clean,6.00539,3.60827,6.00353,1.22184,1103.63,903.253,0.0,0.0,0.4852,0.397107,0.0,0,0.0005517088,0.0103451652,0.01125289017912497
FUTZIF_clean,5.6655,4.98419,5.65746,1.25322,1742.86,1390.71,0.0,0.0,0.5754,0.459137,0.0,1,0.0008916719,0.0168042913,0.017491613637
FUVDEH05_clean,7.30465,6.40041,7.2683,1.88786,438.985,232.53,0.0,0.0,0.3024,0.160181,0.0,1,0.0001876337,0.0033804667,0.0036831751628749786
GACYER_clean,11.44273,8.46463,11.4041,0.752428,2161.9,2873.23,9.41673,12.5151,0.746,0.991457,0.0,1,0.0018352217,0.0382243109,0.03682747032575012
GAHSEQ_clean,9.12806,8.89551,9.12806,1.04861,1169.01,1114.83,0.0,0.0,0.5662,0.539955,0.0,1,0.0006498932,0.0142535894,0.01374901476225001
GALFAB_clean,5.55868,3.43749,5.55868,1.2617,790.625,626.635,0.0,0.0,0.4566,0.361893,0.0,0,0.0004242648,0.0094009559,0.008361514090625025
GANBAZ02_clean,5.94516,4.40671,5.62899,1.06833,1884.21,1763.7,0.0,0.0,0.666,0.623402,0.0,0,0.0011282827,0.0230561205,0.022109676776374966
GANBED_clean,6.15693,4.36932,6.15693,0.928453,2162.5,2329.14,0.0,0.0,0.6738,0.725723,0.0,0,0.0013366812,0.0260005657,0.026312458246375025
GANBIH_clean,7.19995,5.0012,7.19632,1.06228,1292.17,1216.41,0.0,0.0,0.5366,0.505138,0.0,0,0.0006753345,0.0135102262,0.013923841306874967
GEBPEK_clean,17.98452,9.34908,17.98452,0.462491,1934.3,4182.35,0.0,0.0,0.837,1.80977,0.0,0,0.00376077,0.0712078154,0.0687182733539998
GEDPAH_clean,6.03167,4.27212,6.03167,1.25052,927.95,742.052,0.0,0.0,0.4286,0.342738,0.0,1,0.0003195179,0.006397877,0.00648244766675001
GEZYUH_clean,5.69188,4.56898,5.68303,1.43146,1889.0,1319.63,0.0,0.0,0.5604,0.39149,0.0,1,0.0005712302,0.0123467332,0.01189967462924997
GOBTAT_clean,7.10593,5.74189,7.09799,0.916339,2102.05,2293.96,0.0,0.0,0.6472,0.706289,0.0,0,0.0014153432,0.0259653972,0.027580737913875008
GONMON_clean,7.36451,3.08655,7.36451,1.50929,0.0,0.0,1044.08,691.77,0.5014,0.33221,0.0,1,0.0004236178,0.0085306044,0.008728416725249986
GOPLUS_clean,4.69015,3.69955,4.69015,1.12654,1103.97,979.963,0.0,0.0,0.5668,0.503132,0.0,0,0.0005899525,0.0114203831,0.011955074718374967
GURPOZ_clean,7.44587,3.76611,7.44587,1.50447,1310.58,871.124,0.0,0.0,0.5666,0.37661,0.0,0,0.0007784172,0.0147268922,0.014560221932250029
HABRUZ_clean,5.62999,4.2146,5.61662,1.21831,1657.43,1360.44,0.0,0.0,0.5722,0.469669,0.0,1,0.0007296413,0.0139955123,0.014660617444375034
HACDOH_clean,11.09643,3.77101,11.09643,1.1212,1595.24,1422.79,0.0,0.0,0.6134,0.547091,0.0,0,0.001209369,0.0234650345,0.02289281096524995
HACDUN_clean,11.06812,3.7276,11.06812,1.21046,1575.96,1301.95,0.0,0.0,0.6108,0.504603,0.0,1,0.0011213112,0.0229614291,0.022262156055374977
HACRAH_clean,10.70695,3.98119,10.7068,1.08072,1943.74,1798.55,0.0,0.0,0.6278,0.580906,0.0,0,0.0013385334,0.0266141979,0.02602898256725006
HAKVEX_clean,8.23039,2.73186,8.22786,1.55666,0.0,0.0,1081.94,695.042,0.5648,0.362829,0.0,1,0.0008261138,0.0167779501,0.014896386141624987
HAWGIY_clean,4.9936,3.76376,4.99295,1.55118,587.725,378.89,0.0,0.0,0.3948,0.254516,0.0,0,0.0002217283,0.0044698669,0.004506418246749988
HIYZEV_clean,6.85088,3.31241,6.85088,1.35159,1151.37,851.868,0.0,0.0,0.5104,0.37763,0.0,1,0.0006033838,0.0115954629,0.012060704649000003
HOVQUG_clean,4.17086,3.66339,4.17086,1.64186,726.593,442.541,0.0,0.0,0.4718,0.287356,0.0,1,0.0003796836,0.0081284214,0.007505267218875015
HOXRUJ_clean,3.43647,2.82408,3.43244,2.30405,0.0,0.0,3.00777,1.30543,0.2548,0.110588,0.0,1,9.16984e-05,0.0019709048,0.0018493765029999956
HUXHEP_clean,4.54285,2.94307,4.53552,1.64054,0.0,0.0,705.969,430.327,0.4708,0.286978,0.0,1,0.0004121479,0.0076209072,0.007980278937874992
HUXHUF_clean,6.21028,4.81184,6.21028,1.07666,1642.42,1525.48,0.0,0.0,0.5898,0.547807,0.0,0,0.0007682363,0.0159194103,0.015901447751499976
ic402614w_si_002_clean,9.2693,3.70616,9.2693,1.31599,1346.03,1022.83,0.0,0.0,0.551,0.418696,0.0,1,0.0007078517,0.01531229,0.01386058854837501
ic502488c_si_002_clean,8.06561,4.40981,8.06561,1.22976,1402.42,1140.4,0.0,0.0,0.563,0.457812,0.0,1,0.0008124601,0.0158160206,0.015966910284750023
ic8008859_si_001_clean,6.51934,4.39103,6.27132,0.92999,1351.28,1453.01,0.0,0.0,0.5454,0.586458,0.0,1,0.0007468415,0.0150349805,0.014936935066500038
IFEPUG08_clean,6.7666,6.32311,6.7666,1.76811,569.763,322.245,0.0,0.0,0.3312,0.187319,0.0,1,0.0002337774,0.0043941818,0.004547539104375005
IFEPUG10_clean,6.80475,6.55642,6.80475,1.8372,603.527,328.504,0.0,0.0,0.3222,0.175376,0.0,1,0.0002656445,0.0047872099,0.005323589315750008
IFEQER_clean,7.19047,6.08402,7.19047,1.57527,553.109,351.12,0.0,0.0,0.394,0.250116,0.0,0,0.0002277584,0.0047966389,0.0045235413712499985
IFEROC_clean,13.26851,5.93369,13.26851,1.30004,1827.02,1405.36,0.0,0.0,0.6474,0.497986,0.000153842,0,0.0011658219,0.0228441839,0.022665763422250015
IGUCEU_clean,4.52933,3.82475,4.49997,1.71915,529.35,307.913,0.0,0.0,0.4484,0.260826,0.0,0,0.0001845067,0.0038305969,0.0037225278578749965
IJAPIU_clean,10.97896,4.58149,10.97895,0.821497,2292.36,2790.46,0.0,0.0,0.6958,0.84699,0.0,1,0.0015045578,0.0314364355,0.03091886900562505
IJAPOA_clean,11.3719,4.56274,10.28688,0.827364,2231.15,2696.69,0.0,0.0,0.6978,0.843401,0.0,1,0.0015479338,0.0319523869,0.03212395568037499
ILEPEW_clean,5.27444,3.12918,5.0252,1.46505,0.0,0.0,1039.88,709.795,0.4956,0.338283,0.0,1,0.0005151643,0.0101219717,0.01026776213549998
INECIP_clean,9.29924,6.52394,9.29924,0.881325,1561.41,1771.66,0.320426,0.363573,0.6242,0.708252,0.0,0,0.0010100542,0.0206302442,0.020753716659500033
IPEBAI_clean,5.23722,3.37327,5.23722,1.95599,430.123,219.9,0.0,0.0,0.3738,0.191105,0.0,1,0.0002570821,0.0053714588,0.004903524208750011
ISIYUF02_clean,4.26222,2.90235,4.25895,2.04977,0.0,0.0,747.939,364.889,0.5086,0.248125,0.0,0,0.000286304,0.0056096502,0.005545850706500003
ISIYUF_clean,4.28256,2.9134,4.28256,2.04442,0.0,0.0,746.205,364.995,0.4946,0.241926,0.0,0,0.0002939388,0.0055838829,0.005632463502499994
IWEWEO_clean,8.41618,6.10368,8.41618,1.98293,1680.19,847.329,0.0,0.0,0.6294,0.317409,0.0,1,0.0005510829,0.0107288124,0.010753825599749984
IWEWOY_clean,20.27537,19.97281,20.27537,0.872765,1162.79,1332.3,0.0,0.0,0.6926,0.79357,0.0,1,0.0013571173,0.0275538807,0.027504533707375087
IYAFIX_clean,3.89557,3.10296,3.88978,2.1052,0.0,0.0,271.338,128.889,0.4776,0.226867,0.0,1,0.0001911495,0.0037466684,0.00393897501962502
IYIHUU_manual,11.83739,10.43961,11.83739,0.634446,2047.9,3227.86,0.0,0.0,0.7402,1.16669,0.0,1,0.0022213784,0.0426370721,0.043849504431124994
IZETUE_clean,6.43193,3.35619,6.40823,2.14315,729.038,340.171,49.3858,23.0435,0.4876,0.227515,0.0,1,0.0002283118,0.0050065595,0.004763745518250013
ja078060t-file002_clean,16.93112,9.01585,16.93112,0.615402,2165.98,3519.61,0.0,0.0,0.7858,1.27689,0.0,1,0.0027053048,0.0539014238,0.051663927787374844
ja202154j_si_003_clean,11.58737,3.83412,11.58737,0.92986,1525.64,1640.72,0.0,0.0,0.645,0.693653,0.0,0,0.000966948,0.0199056555,0.019453498381750076
ja410368j_si_002_clean,11.55893,3.45239,11.55893,0.94881,1479.04,1558.83,0.0,0.0,0.6372,0.671578,0.0,0,0.0009808181,0.0205912376,0.01928045290625013
jacs.6b02030_ja6b02030_si_004_clean,6.78187,4.96364,6.78187,1.83949,1314.77,714.746,0.0,0.0,0.5076,0.275946,0.0,1,0.0004278582,0.0081160817,0.008752273657249976
jacs.6b08724_ja6b08724_si_013_clean,28.04628,26.50518,28.04628,0.350938,1434.54,4087.73,0.0,0.0,0.8658,2.4671,0.0,1,0.0048836622,0.0945764901,0.09497653426262519
JADBEY_clean,5.1025,4.19518,4.95899,1.35732,1188.64,875.723,0.0,0.0,0.488,0.359531,0.0,0,0.0005120989,0.0099537842,0.010149066902125019
JALLIU_clean,13.72158,6.77108,13.72158,0.777101,2196.2,2826.14,0.0,0.0,0.7498,0.964868,0.000514734,0,0.0017900906,0.0359956911,0.03588946650237505
j.inoche.2015.02.023_INC05895-mmc1_clean,5.70413,3.46915,5.53584,1.31977,1259.88,954.616,0.0,0.0,0.503,0.381126,0.0,1,0.000722328,0.0134528504,0.013159946877375019
JIVSAJ01_clean,4.3833,3.67284,4.3833,2.70687,329.356,121.674,0.0,0.0,0.271,0.100116,0.0,1,0.0001591292,0.0032889288,0.003095800209624994
j.jssc.2015.08.048_mmc2_clean,5.63684,4.28173,5.63468,1.56134,1712.37,1096.73,0.0,0.0,0.5572,0.356872,0.0,0,0.0009511544,0.0185055115,0.014506117824375043
j.jssc.2016.06.015_ZJU-10_clean,11.36875,4.57229,11.36875,0.827579,2351.53,2841.46,0.0,0.0,0.6996,0.845357,0.0,1,0.0016342134,0.0329239527,0.032200597100250035
JOHQUT_clean,5.10814,3.94987,5.09674,1.90453,697.67,366.322,0.0,0.0,0.4102,0.215382,0.0,1,0.0002144628,0.0047547733,0.004455181308374994
JOZWUS_clean,21.40599,8.60608,20.3343,0.48265,1906.91,3950.91,0.0,0.0,0.8026,1.6629,0.000414379,1,0.0033342142,0.0658978305,0.06546334887999962
JUSGUB_clean,10.14001,9.53522,10.14001,1.35238,706.669,522.536,374.012,276.558,0.5274,0.389979,0.0,0,0.0006381696,0.0124202336,0.012293688479749956
JUYBEM_clean,5.13731,3.85682,5.13731,1.48243,1119.92,755.465,0.0,0.0,0.4988,0.336475,0.0,0,0.0005974647,0.0099807823,0.011676243904
JUZSEE_clean,4.48789,3.2957,4.48789,1.30528,0.0,0.0,585.198,448.33,0.502,0.384591,0.0,0,0.0003106416,0.0065426489,0.0067023871222500085
KELJAN_clean,6.72992,4.20356,6.59748,1.50078,1661.97,1107.4,0.0,0.0,0.603,0.401791,0.0,1,0.0006209777,0.0125298383,0.01262669431187499
KEVBIY_clean,5.74361,3.76343,5.74351,1.17993,1562.06,1323.86,6.09913,5.16906,0.5462,0.462908,0.0,0,0.0009988314,0.0204269483,0.01789717115637504
KOHSOR_clean,4.94476,3.35592,4.94132,1.20321,456.11,379.079,0.0,0.0,0.4486,0.372837,0.0,0,0.0002460768,0.0053586243,0.004666834187624993
KOMJAZ_clean,7.10673,4.38637,7.09455,2.18628,640.766,293.085,6.57689,3.00825,0.4462,0.204091,0.0,1,0.0003089304,0.0061469453,0.0061011294381249845
KOZNEU_clean,6.23615,4.7768,6.23615,1.17797,1865.2,1583.39,0.0,0.0,0.6078,0.51597,0.0,1,0.0009803187,0.0190287342,0.019019960497500033
LABNUA_clean,8.4808,6.77897,8.4808,1.71596,1723.81,1004.58,0.0,0.0,0.6358,0.370522,0.0,0,0.0005846492,0.0125408004,0.012054154696499958
LABQAJ_clean,8.83584,6.63857,8.83584,2.01738,1709.46,847.365,0.0,0.0,0.6386,0.316549,0.0,1,0.0005101928,0.0111850927,0.010427829050750032
LADKIN_clean,4.55067,3.23586,4.03922,2.4742,0.0,0.0,527.137,213.054,0.4552,0.183979,0.0,0,0.0003445012,0.0067383356,0.006849859050624998
LARPIF_clean,3.68463,2.98928,3.68463,1.62457,0.0,0.0,86.4733,53.2285,0.4148,0.25533,0.0,0,0.0003113946,0.0069236219,0.0060556129922500045
LATCIS_clean,6.18491,5.22174,6.13,1.03702,2650.66,2556.04,0.0,0.0,0.747,0.720336,0.0,1,0.0011144558,0.0226331908,0.022501308207999955
LETREJ_clean,35.31492,34.29677,35.31423,0.67811,1025.72,1512.62,0.0,0.0,0.85,1.25348,0.0,1,0.0021915252,0.0445350546,0.04532806023349982
LEZJOQ_clean,6.98318,4.55304,6.95995,1.61528,389.786,241.312,156.551,96.9186,0.4644,0.287504,0.0,0,0.0003048193,0.0059350114,0.005999890145812497
LIDSEY01_clean,5.12889,4.12015,5.11957,1.23861,1870.37,1510.06,0.0,0.0,0.573,0.462617,0.0,1,0.0009154842,0.0182788091,0.018580428925999887
LIDSEY_clean,5.38035,4.73063,5.37764,1.08774,2028.26,1864.66,0.0,0.0,0.5984,0.550133,0.0,1,0.0009934028,0.0208116822,0.019776149752499896
LOZSOK_clean,4.88564,3.63855,4.86025,1.66521,574.268,344.863,0.0,0.0,0.4628,0.277923,0.0,1,0.0003605235,0.0072139817,0.0068599546698749755
LUSQIB_clean,6.45531,3.17096,6.44954,1.11435,0.0,0.0,800.654,718.497,0.5472,0.491051,0.0,1,0.0005478785,0.0106075096,0.011016226609999983
MAJKAM_clean,6.55321,5.18508,6.53172,1.09153,1978.37,1812.47,0.0,0.0,0.6024,0.551884,0.0,1,0.0010406574,0.0203712529,0.02052833821087501
MARKOF_clean,4.86139,3.18919,4.85615,1.26954,0.0,0.0,670.647,528.258,0.5384,0.424089,0.0,1,0.0005643261,0.0111537973,0.011302991760249988
MAXHUP_clean,5.13022,4.79202,5.13022,2.58707,825.121,318.94,0.0,0.0,0.427,0.165051,0.0,1,0.0001379616,0.0025772718,0.0027167087480000018
MAZSOX_clean,5.55494,4.03435,5.33658,1.3131,1791.89,1364.62,0.0,0.0,0.6002,0.457085,0.0,1,0.0007273501,0.0147730942,0.014749375623249985
MOKVOZ_clean,13.24903,6.01162,13.24903,0.724616,2572.52,3550.19,0.0,0.0,0.738,1.01847,0.0,1,0.0022549927,0.0436633266,0.04244197938637512
MUGXIX_clean,6.18311,3.84627,6.03204,1.11722,1799.74,1610.9,0.0,0.0,0.5848,0.523441,0.0,1,0.0008473897,0.0178527873,0.017536192276499992
NASHAS_clean,3.99947,3.02384,3.98064,2.15519,0.0,0.0,205.986,95.5765,0.488,0.22643,0.0,1,0.000182191,0.0038012611,0.003617686064875003
NATXUC_clean,5.25875,2.72799,5.15698,2.7357,0.0,0.0,527.225,192.72,0.4114,0.150382,0.0,1,0.0001345897,0.0026703053,0.002621249071875002
NAWWOA_clean,6.12876,3.33724,6.12159,1.11504,1505.13,1349.85,0.0,0.0,0.5668,0.508325,0.0,1,0.0009371309,0.0172580074,0.018202466408624957
NAYHAY_clean,9.43032,7.54222,9.43032,1.04574,1938.97,1854.15,0.0,0.0,0.6636,0.634572,0.0,1,0.0010931909,0.0214277718,0.02163345051324994
NEDLOZ_clean,5.19157,3.5955,4.37454,1.44817,1020.62,704.764,0.0,0.0,0.4738,0.327171,0.0,0,0.0005851886,0.0118882339,0.011124077887499993
NIKKAU_clean,5.93093,3.07516,5.91426,1.37567,0.0,0.0,1101.24,800.518,0.4814,0.34994,0.0,1,0.0005042082,0.0097587125,0.010003649893125006
NODKEX_clean,5.07245,4.30959,5.07245,1.09741,1894.95,1726.75,0.0,0.0,0.5778,0.526513,0.0,0,0.000935337,0.0177983844,0.01869474341174999
NUZCIV_clean,7.57732,5.39606,7.57711,1.85198,785.332,424.05,0.0,0.0,0.38,0.205186,0.0,0,0.0002938581,0.0058923527,0.005482084155124998
OBENAL01_clean,3.10965,2.61865,3.10741,2.78674,0.0,0.0,0.0,0.0,0.312,0.111959,0.0,1,3.98477e-05,0.0008800415,0.0008707861279999999
OCILEU_clean,4.58414,3.42916,4.57221,1.15745,652.399,563.652,0.0,0.0,0.5004,0.43233,0.0,1,0.0005007658,0.0103173975,0.010102165486375022
OCUMUX_clean,5.1192,3.7079,5.1192,1.29581,1317.84,1017.0,0.689155,0.531833,0.5164,0.398515,0.0,1,0.0006245173,0.012802607,0.012414538458500048
OCUPOS_clean,4.38921,3.97026,4.38921,1.66698,711.745,426.966,0.0,0.0,0.445,0.266949,0.0,1,0.0003472756,0.0067666754,0.006873862708374997
OCUREK_clean,4.93226,3.39584,4.93226,1.78543,887.96,497.336,0.0,0.0,0.483,0.270523,0.0,1,0.0004386903,0.0081987835,0.008453660772625014
OCUTAI_clean,4.9495,3.52882,4.91814,1.71859,1100.33,640.251,0.0,0.0,0.4958,0.288493,0.0,1,0.0005238531,0.0096814246,0.010247480571624975
OJOSIR_clean,9.97318,4.04646,9.96574,1.17933,2193.71,1860.13,0.0,0.0,0.651,0.552007,0.0,1,0.0012617405,0.0250972915,0.02468938937849999
OLANIA_clean,6.60205,3.29163,6.59533,1.25218,0.0,0.0,1066.5,851.709,0.5194,0.414795,0.0,1,0.000558315,0.0108769379,0.011323898986750016
OQUFIR_clean,11.25706,10.64391,11.25706,1.25158,1683.65,1345.22,0.0,0.0,0.6192,0.494733,0.000319595,1,0.0008736152,0.0179265836,0.017033076221374965
OSOTIB_clean,11.1654,5.76413,11.16529,0.768695,2412.13,3137.96,0.0,0.0,0.7286,0.947841,0.0,1,0.0019430173,0.0392399342,0.03914605491000038
OXAMEG_clean,5.69878,4.15176,5.69426,1.30487,1528.5,1171.39,0.0,0.0,0.5762,0.441578,0.0,1,0.000676151,0.0136346784,0.013729805371374948
OXAPAF_clean,5.78823,4.71087,5.78381,1.11325,1842.99,1655.5,0.0,0.0,0.5886,0.52872,0.0,1,0.0008847824,0.01783965,0.017574810657250018
PAPNUR_clean,3.73346,2.92456,3.73346,1.5932,0.0,0.0,68.8519,43.2161,0.409,0.256716,0.0,1,0.0001594767,0.0030955142,0.0033684954902500107
PARSEJ_clean,7.10918,3.63338,7.10142,1.23949,1731.43,1396.89,0.0,0.0,0.5994,0.483586,0.0,1,0.0008994401,0.0181454674,0.017798760104499982
PEKDEQ_clean,6.37859,4.93188,6.37859,0.860942,2189.0,2542.56,0.0,0.0,0.6426,0.746392,0.0,1,0.0012391855,0.0263261218,0.025087180982874897
PEKVUY_clean,5.42809,3.78005,5.42809,2.82711,1122.0,396.872,0.0,0.0,0.4876,0.172473,0.0,1,0.0002582456,0.0058685816,0.005193107063374977
PENNIH_clean,6.3502,4.1996,4.94284,1.08381,1502.1,1385.95,0.0,0.0,0.547,0.504702,0.0,0,0.0007687251,0.0141900593,0.015343370566749968
PETWUI_clean,10.45034,5.06084,10.45034,1.57916,2084.61,1320.07,0.0,0.0,0.6474,0.409964,0.000253299,0,0.0010246566,0.0202613433,0.019973669056875018
PITRIU_clean,5.1118,3.9203,5.10388,1.181,1357.88,1149.77,0.0,0.0,0.5244,0.44403,0.0,1,0.0008040646,0.0157115722,0.01570692119918747
POBGAQ_clean,12.10195,9.86984,11.94213,0.53152,1907.5,3588.78,0.0,0.0,0.7308,1.37493,0.0,0,0.0025980805,0.0511680567,0.05154767738949992
POCRAB_clean,5.23607,3.48613,5.20368,1.30167,934.815,718.167,0.0,0.0,0.481,0.369526,0.0,1,0.0003652173,0.0079372866,0.0076957939536249935
PUMGIP_clean,5.7453,3.83462,5.73601,1.16695,456.507,391.195,576.227,493.787,0.5048,0.432579,0.0,1,0.0005226835,0.0101498873,0.010510527732999984
QAHDUA_clean,23.63634,22.83001,23.63634,0.425592,1765.68,4148.76,0.0,0.0,0.8564,2.01226,0.0,0,0.0037704285,0.0800792302,0.07571494597687496
QAXROW_clean,5.17222,2.79399,5.15762,2.57186,0.0,0.0,625.899,243.364,0.4082,0.158718,0.0,0,0.0002022609,0.0040765302,0.003937462301999976
QIKYOA_clean,6.61593,4.14269,6.59132,1.04069,1590.42,1528.23,5.00662,4.81084,0.6008,0.577307,0.0,1,0.0008873653,0.0183818202,0.017938003537125012
QISJEJ_clean,3.99458,3.16501,3.97662,1.27475,0.0,0.0,267.778,210.063,0.497,0.389881,0.0,0,0.0004388681,0.0077104037,0.008298383969499978
QIWHEL_clean,6.23289,3.57497,6.23289,1.40383,1318.74,939.391,0.0,0.0,0.5748,0.409452,0.0,1,0.0006183692,0.0121424422,0.012272560829
QIWQES_clean,6.44452,4.39633,6.26218,0.848839,2656.63,3129.72,0.0,0.0,0.6752,0.795439,0.0,1,0.0014918234,0.031028729,0.02937076838375013
QOGREK_clean,3.84381,3.01611,3.81782,1.2003,0.0,0.0,257.405,214.451,0.5638,0.469716,0.0,1,0.0003570317,0.0072240708,0.00733912094025001
QUQQOJ_clean,4.48385,3.90246,4.48385,1.73709,680.126,391.531,0.0,0.0,0.355,0.204365,0.0,0,0.0002110965,0.0047547411,0.004718762612499993
QUQZOS_clean,6.02265,4.01043,6.02265,1.66025,709.739,427.49,0.0,0.0,0.3766,0.226834,0.0,0,0.0004343591,0.008863347,0.007595180714625006
QURPOK_clean,8.43298,2.62306,8.42176,1.65492,0.0,0.0,1428.39,863.118,0.5956,0.359898,0.000120852,1,0.0006036253,0.0123161051,0.012234399044874979
QUSSAA_clean,4.78,3.54213,4.78,1.57799,239.569,151.819,1.50875,0.956125,0.405,0.256656,0.0,1,0.0001828514,0.0034946913,0.0035392818587499895
QUSSOO_clean,4.55358,3.93395,4.55358,1.57579,234.822,149.019,76.9833,48.8538,0.4096,0.259933,0.0,1,0.0001730588,0.0038225633,0.003419936702750001
QUTDAM_clean,11.27758,5.77514,11.27758,0.754326,2377.38,3151.67,0.0,0.0,0.7286,0.965895,0.0,1,0.0019452574,0.0387651843,0.03912756099900036
REHHUJ_clean,8.23485,7.33998,8.22968,1.08218,2034.99,1880.45,0.0,0.0,0.6656,0.615052,0.0,1,0.0011143734,0.0231378725,0.02219465908100001
RIPWEU_clean,5.36705,3.28695,5.13064,3.95841,0.0,0.0,571.466,144.368,0.397,0.100293,0.0,1,0.0001210953,0.0024049607,0.002499788466999989
RITGUY_clean,7.95322,7.17933,7.95063,2.27911,1239.6,543.896,0.0,0.0,0.5128,0.225,0.0,1,0.0003090743,0.0065095484,0.006510173208999976
ROQMER04_clean,4.90072,2.60095,4.90072,4.33983,0.0,0.0,618.438,142.503,0.4612,0.106271,0.0,1,0.0020574618,0.0402739431,0.041396422092499954
RORTOJ_clean,6.66057,4.41092,6.52091,0.981543,2083.85,2123.04,0.0,0.0,0.6188,0.630436,0.0,1,0.0011582643,0.020893791,0.022798283566499978
RORTUP_clean,6.59655,4.47032,5.86846,1.00477,2073.35,2063.5,0.0,0.0,0.6322,0.629197,0.0,1,0.0009390845,0.0213857568,0.019188278729500113
RUDQOX_clean,6.05488,4.57305,6.02316,2.85352,852.525,298.763,0.0,0.0,0.4552,0.159522,0.0,1,0.0001748058,0.0037426166,0.0035763557767500096
SAJHUJ_clean,6.4139,3.72776,6.34123,1.44908,755.301,521.226,133.822,92.3491,0.5074,0.350152,0.0,0,0.0004859018,0.0099047062,0.009452142359375002
SALRUU_clean,5.91203,3.84839,5.91203,1.89218,897.906,474.535,26.6841,14.1023,0.5394,0.285068,0.0,1,0.0004104328,0.0083789416,0.008042375361375002
SANGOG_clean,6.60497,4.87256,6.56692,1.52915,1286.32,841.195,0.0,0.0,0.524,0.342673,0.0,1,0.0005815648,0.0127391539,0.011658823950999984
SANHEX_clean,6.59961,4.84606,6.59961,1.58966,1288.07,810.28,0.0,0.0,0.5242,0.329756,0.0,1,0.0005879415,0.0124890917,0.01172414925899999
SAPHOI_clean,7.22635,3.6325,7.22635,1.12288,1450.11,1291.42,116.271,103.547,0.6152,0.547876,0.0,1,0.0009312933,0.0184847016,0.01840958603037496
SAWJAC_clean,4.04365,3.16605,4.04365,1.66149,0.0,0.0,310.471,186.863,0.4034,0.242794,0.0,1,0.0002155138,0.004352413,0.0044471791973749964
SEHMIC_clean,4.11143,3.27966,3.9951,1.86068,0.0,0.0,449.989,241.841,0.4658,0.250338,0.0,1,0.0001909621,0.0040087352,0.004113360944875015
SERWET_clean,5.26286,3.5348,5.17332,1.00337,1282.88,1278.58,0.0,0.0,0.555,0.553137,0.0,0,0.0008837902,0.0168976234,0.01739619829300003
SINLAE_clean,6.69716,5.18096,6.69716,1.19378,889.708,745.285,0.0,0.0,0.5462,0.457538,0.0,1,0.0004655078,0.0093021301,0.009623763881624978
SOPLIU_clean,8.00418,6.00384,7.95536,0.793634,2093.66,2638.07,0.0,0.0,0.6836,0.861354,0.0,1,0.0016744541,0.0303102784,0.03326235062424996
SURLEY_clean,8.70904,3.84622,8.70904,1.62137,1669.72,1029.82,0.0,0.0,0.5792,0.35723,0.000123353,0,0.0006708491,0.013500122,0.013390977431500011
SUXNIJ_clean,5.64724,4.5438,5.64724,1.44554,1962.92,1357.92,0.0,0.0,0.566,0.39155,0.0,1,0.0006402472,0.0123407103,0.012973222535749986
TACQUK_clean,5.31454,2.6763,5.24674,2.0922,0.0,0.0,739.329,353.374,0.3938,0.188223,0.0,1,0.000433802,0.0085119309,0.0077100363567500375
TAJTOQ_clean,3.86191,2.88549,3.68526,1.35217,0.0,0.0,85.3373,63.1113,0.4918,0.363711,0.0,0,0.0003115973,0.0065792609,0.006077828326625024
TAZLAJ_clean,11.18983,6.92715,11.18534,1.0698,2252.1,2105.17,0.0,0.0,0.7314,0.683682,0.0,1,0.0013099447,0.026176377,0.026216167635875004
TEQPEM_SL,17.25569,8.09715,17.25569,0.556792,2001.58,3594.84,0.0,0.0,0.8118,1.45799,0.0,0,0.0026129746,0.0546742412,0.054423558449874995
TERFED_clean,4.51281,3.91001,4.51281,1.28172,1102.17,859.911,0.0,0.0,0.5092,0.397278,0.0,1,0.0006436141,0.0118053018,0.012552574789874961
TOFLIL_clean,6.43035,3.58774,6.40263,1.17796,1255.08,1065.47,0.0,0.0,0.5356,0.454684,0.0,1,0.0006125151,0.0131534401,0.012725166263624951
TOVHET_clean,10.32872,5.24629,6.09815,0.967713,1426.09,1473.67,625.967,646.851,0.653,0.674787,0.0,1,0.0012309995,0.0254709106,0.02454397878725002
TUJFUB_clean,5.43444,3.29132,5.38764,1.71232,0.0,0.0,749.468,437.692,0.4478,0.261517,0.0,1,0.0004668027,0.008860489,0.008818847519000018
TURBUE_clean,11.84396,5.52264,10.5666,3.09865,733.123,236.594,594.714,191.927,0.5488,0.177109,0.0,1,0.000414783,0.007744201,0.007639114788375014
TUYJII_clean,4.15574,3.24372,4.15574,1.33393,0.0,0.0,487.196,365.234,0.4638,0.347695,0.0,0,0.0003343245,0.0056450006,0.006646619659499988
UFEXOT_clean,5.24877,5.07012,5.24877,2.41392,1168.03,483.873,0.0,0.0,0.46,0.190561,0.0,1,0.0002666988,0.0055282529,0.005473738789625009
UJEGUL_clean,6.0532,4.88486,6.0532,1.5961,1140.46,714.525,0.0,0.0,0.4812,0.301484,0.0,1,0.0005644959,0.011171146,0.010868876276499986
UKAZAI_clean,4.01402,2.89555,3.95242,1.98445,0.0,0.0,282.41,142.312,0.534,0.269092,0.0,1,0.0003997634,0.0080045861,0.007799046938499967
ULILEI_clean,7.22603,5.77359,6.90295,1.4654,978.051,667.43,0.0,0.0,0.4894,0.333971,0.0,1,0.0005036885,0.0091690478,0.009849991729874994
UMEKAA_clean,7.47808,5.74079,7.45471,0.904552,2404.59,2658.32,0.0,0.0,0.691,0.763914,0.0,0,0.0014588704,0.028163359,0.028621363793750035
UMOYOM01_clean,8.8085,5.25892,8.77749,0.621878,2962.67,4764.07,0.0,0.0,0.7408,1.19123,0.0,1,0.0022179218,0.0447161687,0.04388134604212486
UMOYOM09_clean,9.17279,5.31913,9.17279,0.580043,2871.76,4950.95,0.0,0.0,0.7526,1.29749,0.0,1,0.0025122291,0.0490909766,0.048703145494375
UMOYOM18_clean,7.82903,4.99743,6.01083,0.808894,2359.81,2917.33,0.0,0.0,0.6612,0.817412,0.0,1,0.0013862012,0.0293934282,0.028015753236875086
VAMYUG_clean,10.04314,6.94027,10.02007,0.640476,2529.62,3949.59,0.0,0.0,0.7656,1.19536,0.0,1,0.0022196845,0.0442650636,0.0441066342167497
VARJAB_clean,6.78948,3.75665,6.78948,0.974046,1905.16,1955.93,0.0,0.0,0.5918,0.607569,0.0,0,0.0011183362,0.0224881677,0.022109813007500003
VECVUW_clean,13.25433,10.77774,13.25433,1.80334,770.078,427.028,489.233,271.292,0.5684,0.315192,0.0,1,0.0005265777,0.0107432445,0.010543616169499986
VEYREX_clean,4.77741,3.91091,4.77741,1.11908,1335.34,1193.25,0.0,0.0,0.5556,0.496481,0.0,0,0.0006502403,0.011834008,0.013384840337874985
VIDVUB_clean,8.75776,6.77107,8.75514,0.887092,2407.2,2713.58,0.0,0.0,0.7368,0.830579,0.0,1,0.0015085753,0.0332909364,0.030676463227374936
VIDWAI_clean,4.26915,3.21318,4.18386,1.57071,0.0,0.0,1087.21,692.178,0.5068,0.322657,0.0,0,0.000485587,0.0100254526,0.009507637695625005
VOMMAN_clean,3.92951,2.72653,3.92951,1.60537,0.0,0.0,142.036,88.475,0.3778,0.235335,0.0,0,0.000138361,0.0025081952,0.0027929877306250043
VOQXIK_clean,7.63858,6.07404,7.63858,0.724945,2355.92,3249.79,0.0,0.0,0.6782,0.935519,0.0,1,0.0018435862,0.0376728054,0.035808282548
VOSVEG_clean,10.99131,5.30484,10.99131,1.00093,1319.63,1318.4,0.0,0.0,0.5658,0.565276,0.0,1,0.0009083648,0.0173806835,0.01765847057062506
VOVQEE_clean,6.4704,5.01157,6.4704,1.74606,2352.07,1347.07,0.0,0.0,0.6902,0.39529,0.0,1,0.0006746334,0.0132419777,0.013561014368375028
VOXVAH_clean,5.92871,5.26453,5.92106,1.32162,1764.11,1334.81,0.0,0.0,0.577,0.436585,0.0,0,0.000864656,0.0171484534,0.016670675311375022
VUKSIF_clean,5.75842,4.01754,5.72554,1.25557,1414.52,1126.59,0.0,0.0,0.5766,0.459233,0.0,1,0.0007722245,0.0144766942,0.015394745629250008
VURNED_clean,8.28196,7.22796,8.27719,0.968429,2084.34,2152.29,0.0,0.0,0.665,0.686679,0.0,0,0.0014071548,0.0280604486,0.027459654473499944
VUWROW_clean,7.68342,6.19716,7.66529,1.06352,2246.75,2112.57,0.0,0.0,0.6738,0.633558,0.0,1,0.001395557,0.02635711,0.027056601703374934
WAFKIY_clean,7.94426,7.06157,7.92163,0.97672,2030.81,2079.21,0.0,0.0,0.6618,0.677574,0.0,1,0.0013096711,0.0270347514,0.02577460322962507
WAKTOS_clean,5.69222,4.43155,5.69222,2.83189,703.861,248.548,0.0,0.0,0.4318,0.152478,0.0,1,0.000143046,0.0026888655,0.003068458247624992
WANHOL_clean,11.33875,4.69312,11.33857,0.842421,2322.16,2756.54,0.0,0.0,0.7046,0.836399,0.0,1,0.00163294,0.0331024224,0.03210842393012502
WANKOO_clean,5.43736,3.9967,5.34183,2.07196,667.58,322.197,0.0,0.0,0.439,0.211877,0.0,1,0.0001778641,0.0033889802,0.003671337240749998
WARFAY01_clean,7.74959,5.31367,7.74959,1.27773,2063.4,1614.89,0.0,0.0,0.6292,0.492434,0.0,0,0.001385664,0.0268910169,0.027074429282249946
WARFIG_clean,7.74727,5.30798,7.74727,1.27733,2063.24,1615.28,0.0,0.0,0.6278,0.491494,0.0,0,0.0013186381,0.0267100447,0.025957757154000012
WEBJIY_clean,16.85961,16.29058,16.85961,0.987245,2036.71,2063.02,0.0,0.0,0.69,0.698915,0.0,1,0.0013822388,0.0279760925,0.02764511250287511
WIBDAO_clean,3.72663,3.02173,3.54928,1.66902,0.0,0.0,80.5176,48.2425,0.4496,0.26938,0.0,0,0.0002040568,0.0044086132,0.003963626970000014
WIDTAF_clean,4.24329,3.2471,4.13637,1.66166,0.0,0.0,338.094,203.468,0.4088,0.246019,0.0,1,0.0003312976,0.006334494,0.006278462688299997
WILNEL_clean,5.01402,2.72435,4.98959,1.14726,0.0,0.0,748.266,652.218,0.52,0.453252,0.0,0,0.0004755717,0.0097996604,0.009375212515125039
WIVFIS_clean,9.45936,2.89438,9.45936,1.51852,0.0,0.0,1474.94,971.303,0.6072,0.399864,0.0,1,0.0005917874,0.0115561257,0.012279366199000004
WOJYUR_clean,6.03938,3.6829,6.03792,1.63755,514.016,313.893,377.608,230.593,0.4758,0.290556,0.0,1,0.0004793442,0.0095908086,0.00948431459149999
WONJUG_clean,12.31296,8.59906,12.31296,1.47134,1427.08,969.918,131.627,89.4607,0.6012,0.408607,0.000271861,1,0.0011671938,0.0222942006,0.022441662058375052
WOYWOY_clean,5.91166,4.30758,5.61164,1.12104,1432.33,1277.68,0.0,0.0,0.5304,0.473134,0.0,1,0.0007243383,0.013836881,0.014304946664750068
WUDTUM_clean,7.46451,6.7517,7.44938,1.37436,604.323,439.712,0.0,0.0,0.4424,0.321895,0.0,1,0.0003007872,0.005839673,0.006084872835500002
WUDZOM_clean,9.28496,5.45388,9.18547,2.06825,1601.94,774.537,0.0,0.0,0.6036,0.291841,0.0,1,0.0005141616,0.0100807227,0.01046675207662504
WUXYIZ_clean,3.37355,2.98631,3.36114,1.70887,0.0,0.0,0.849339,0.497019,0.228,0.133422,0.0,1,0.00011275,0.0021372397,0.002251585178500001
WUXYUL_clean,3.5191,2.61206,3.15401,1.60264,0.0,0.0,15.152,9.45438,0.2734,0.170593,0.0,1,0.0001167652,0.002365047,0.0025576281322500054
XANMUX07_clean,8.08658,7.93125,8.08658,1.12874,1428.77,1265.81,0.0,0.0,0.627,0.555487,0.0,0,0.0007990017,0.0166736516,0.01649255130675002
XANMUX08_clean,7.80034,7.66637,7.80034,1.1623,1830.3,1574.73,0.0,0.0,0.6326,0.544267,0.0,0,0.0010136017,0.020181978,0.019861034734249997
XANMUX_clean,7.22549,7.05144,7.22549,1.16648,1435.38,1230.52,0.0,0.0,0.6128,0.525341,0.0,0,0.000779841,0.0153419821,0.015869556869624987
XANZAQ01_clean,7.80283,7.09635,7.80283,0.978047,1597.51,1633.37,0.0,0.0,0.6454,0.659886,0.0,1,0.0009897732,0.019685842,0.019941761595999995
XIGLOQ_clean,4.42386,2.76202,3.96285,1.79107,0.0,0.0,254.279,141.97,0.4716,0.263306,0.0,0,0.000461015,0.0094117997,0.008470595680124988
XINXAV_clean,5.04481,3.01766,5.04481,1.31276,0.0,0.0,1107.07,843.312,0.5386,0.410281,0.0,1,0.0003908368,0.0086188258,0.007905014182291649
XOMCUZ_clean,5.38174,3.9098,5.38174,1.47361,430.645,292.238,0.0,0.0,0.4026,0.273206,0.0,1,0.0001432205,0.0035140918,0.0030866579371250018
XOMHIS_clean,8.65147,5.97828,8.65147,0.851979,2400.52,2817.58,0.0,0.0,0.7112,0.834762,0.0,1,0.0018033259,0.0354150101,0.03446960010274984
XOMNEU_clean,4.40246,3.57141,4.39113,1.21453,547.741,450.992,0.0,0.0,0.4748,0.390935,0.0,1,0.0003961139,0.0081986054,0.0077836838126666644
XOPVOO_clean,4.09166,3.62442,4.09166,3.20829,862.369,268.794,0.0,0.0,0.381,0.118755,0.0,0,0.0023612725,0.0465657167,0.04602788552788764
YEGHEZ_clean,5.88391,4.37273,5.87003,1.21357,1253.26,1032.7,0.0,0.0,0.5114,0.4214,0.0,0,0.0006663136,0.0135531523,0.013118984734749936
YIZJEY_clean,6.38909,5.16549,5.85719,1.3913,1198.42,861.362,0.0,0.0,0.5582,0.401206,0.0,0,0.0004854885,0.0101657878,0.009814557715125018
YOCNIP_clean,6.24098,4.07873,6.24098,1.73801,306.791,176.518,6.61904,3.8084,0.3778,0.217375,0.0,0,0.0001846477,0.0034177247,0.0037172464816249886
YOFMIQ_clean,4.81861,2.69037,4.81861,2.1217,0.0,0.0,275.633,129.911,0.4506,0.212376,0.0,1,0.0001427339,0.0030302783,0.0030275442703750098
YOZBIZ_clean,8.26642,3.87936,8.26616,1.4767,1152.52,780.471,0.0,0.0,0.5144,0.348345,0.0,1,0.0005810786,0.0115226915,0.011662170594624988
ZADRAA_clean,10.05232,5.81781,10.05232,1.33714,1945.37,1454.87,0.0,0.0,0.6546,0.489551,0.000149573,1,0.0013796608,0.0266411164,0.027474685064000005
ZADREE_clean,10.34457,5.76157,10.34457,1.31114,2073.65,1581.56,0.0,0.0,0.6666,0.508413,0.000152539,1,0.001454879,0.0287274331,0.02815383552924998
ZISNEW_clean,10.937,5.73353,10.937,0.756384,2253.97,2979.93,0.0,0.0,0.706,0.933388,0.0,1,0.0018661554,0.0370026595,0.03633417109212511
ZIZTEJ_clean,4.9754,4.00901,4.96475,2.66219,1407.31,528.628,0.0,0.0,0.5208,0.195628,0.0,1,0.000263839,0.0056116345,0.0055568901754166735
ZOQTIK_clean,8.17476,4.78997,8.17413,2.26836,1524.97,672.282,0.0,0.0,0.581,0.256133,0.0,1,0.0003924844,0.0084995233,0.007876909670749988
ZOYZUK_clean,5.26542,2.76938,5.24945,1.28262,0.0,0.0,1055.61,823.014,0.56,0.436607,0.0,1,0.0004631438,0.0081696589,0.009445331530000024
ZUWWAP_clean,5.07411,2.67704,5.07411,2.0862,0.0,0.0,528.592,253.376,0.464,0.222414,0.0,1,0.0002808683,0.0058669337,0.005511503738999998
ABEXIQ_clean,4.80529,4.06893,4.80529,1.7876,954.695,534.065,11.1491,6.2369,0.4776,0.267174,0.0,1,0.0003212298,0.0071592607,0.006422680991250013
ABIYIV_clean,4.33176,3.82431,4.32093,1.34661,564.007,418.836,0.0,0.0,0.4458,0.331055,0.0,0,0.0002621882,0.0045544274,0.005347972030824996
ABULOB_clean,4.86958,4.16445,4.86236,1.31921,1184.81,898.121,0.0,0.0,0.5364,0.406607,0.0,0,0.0007565796,0.01378056,0.014338466227474964
ACIBOE_clean,8.25776,7.03071,8.25776,1.10094,2063.01,1873.86,0.0,0.0,0.6554,0.595309,0.0,1,0.0010999317,0.0215870977,0.021610227166249957
ACOGAB_clean,5.20085,3.89327,4.84433,1.15458,1432.82,1240.99,0.0,0.0,0.5566,0.482082,0.0,0,0.0006396908,0.0134763028,0.013055665160125008
acs.cgd.5b01686_WAHFUJ1434675_clean,5.00451,3.93435,5.00451,1.28464,1087.15,846.274,0.0,0.0,0.4874,0.379407,0.0,1,0.0004605749,0.0091693171,0.009434581490249972
acs.chemrev.6b00346_cr6b00346_si_001_clean,9.19439,3.959,7.03116,0.906382,2290.66,2527.25,0.0,0.0,0.6912,0.762592,0.0,1,0.0013996715,0.0286232833,0.028275206558875037
acscombsci.5b00188_5024922_clean,20.5205,15.85622,20.5205,0.295002,1403.53,4757.71,0.0,0.0,0.8866,3.00541,0.0,0,0.0057816071,0.1129746147,0.11676385313175092
acs.inorgchem.6b00894_ic6b00894_si_003_clean,5.39452,2.99444,5.35605,1.36061,0.0,0.0,496.94,365.232,0.4792,0.352194,0.0,0,0.0002899543,0.0058970982,0.005925476534249988
acs.inorgchem.6b02413_ic6b02413_si_002_clean,13.37732,6.88163,13.37732,0.804279,2195.74,2730.07,0.0,0.0,0.74,0.920079,0.00124335,0,0.0017632212,0.0340364656,0.03570898643587505
ACUFEK_clean,15.55627,9.00897,15.55627,0.559431,2205.12,3941.72,0.0,0.0,0.787,1.40679,0.0,1,0.0027052297,0.0531677176,0.05362020927262499
ADABUE_clean,4.54949,3.31506,4.54949,1.46632,439.176,299.509,0.0,0.0,0.4708,0.321075,0.0,1,0.0001971667,0.0045329389,0.004088076538999984
ADASEF_clean,21.62414,10.92309,17.5655,0.435607,1820.41,4179.02,0.0,0.0,0.8462,1.94258,0.0,1,0.0038570922,0.0754075782,0.07491297308150031
ADASUV_clean,17.16775,6.7332,17.16775,0.625693,2275.03,3636.01,0.0,0.0,0.7672,1.22616,0.0,1,0.0023494097,0.0463390695,0.04713456554956256
ADATAC_clean,26.33515,10.27637,16.37091,0.33727,1729.95,5129.28,0.0,0.0,0.871,2.5825,0.0,1,0.0051535062,0.0990451228,0.0983432261665001
ADEGIA01_clean,4.82721,2.87092,4.67723,1.60142,0.0,0.0,683.245,426.648,0.4982,0.311098,0.0,1,0.0004251789,0.0084932489,0.008318679441124981
ADIQEL_clean,4.43355,3.91364,4.43149,1.23763,785.544,634.715,0.0,0.0,0.4682,0.378303,0.0,0,0.0005102597,0.0107134993,0.010015232925374984
ADOCEC_clean,5.40135,3.83278,5.40061,1.53544,942.082,613.56,194.67,126.785,0.4904,0.319388,0.0,1,0.0004703721,0.0100013443,0.009059422816624979
ADUROI_clean,25.68553,17.12424,25.68553,0.402567,1285.84,3194.1,0.0,0.0,0.8358,2.07617,0.0,1,0.0038288569,0.0777237959,0.07841798116112501
ADUWIH_clean,9.28386,6.55138,8.99777,0.722123,2053.82,2844.14,0.0,0.0,0.7098,0.982935,0.0,1,0.0017307933,0.0343004473,0.03374456660474997
AFITEP_clean,4.64022,4.09997,4.63375,1.06928,1521.04,1422.49,0.0,0.0,0.5262,0.492105,0.0,0,0.0007718814,0.0145705486,0.01527233292812499
AFIXAO_clean,6.3306,4.52097,6.32879,1.12223,1320.24,1176.44,0.0,0.0,0.5702,0.508096,0.0,0,0.000606423,0.0119935788,0.012919889140999974
AFIXES_clean,6.43864,4.7481,6.42659,1.12574,1304.99,1159.23,0.0,0.0,0.5758,0.511486,0.0,0,0.0005664983,0.0122266524,0.011864452438624978
AFOYEB_clean,5.92566,5.81418,5.92369,1.68224,585.772,348.21,0.0,0.0,0.4054,0.240988,0.0,0,0.0002293037,0.0046003307,0.004765753188249992
AFUPEX_clean,5.43312,4.58891,5.43311,1.38641,2204.93,1590.39,0.0,0.0,0.6146,0.443303,0.0,1,0.0009048712,0.0167087241,0.017807927894999968
AGIMOU_clean,4.22721,3.03966,4.22721,1.67254,0.0,0.0,423.521,253.22,0.4144,0.247766,0.0,1,0.0002897768,0.0059185692,0.0055383289358749985
AHEQAH_clean,9.26829,6.21673,9.2669,0.759287,2415.98,3181.91,0.0,0.0,0.7146,0.941146,0.0,1,0.0018032417,0.0355233993,0.035585614769499896
AJAKON_clean,5.2765,4.32303,5.27104,1.36723,1066.44,780.005,8.76449,6.41042,0.5024,0.367459,0.0,1,0.0005204911,0.009557006,0.010480591706000013
AJINOY_clean,3.72125,2.71527,3.72125,1.44035,0.0,0.0,56.8028,39.4368,0.3726,0.258687,0.0,1,9.7639e-05,0.0019477298,0.002094604614749988
AJOTEY_clean,5.91075,5.20074,5.90935,1.2556,1942.39,1546.98,0.0,0.0,0.6358,0.506371,0.0,1,0.0009167403,0.0188598486,0.01818058220224998
AJOVEB_clean,5.15455,4.85632,5.13093,1.95651,774.474,395.845,0.0,0.0,0.4138,0.211499,0.0,1,0.000248136,0.0053059507,0.004987831114625016
ALALUU01_clean,3.42308,2.87759,3.41148,2.03959,0.0,0.0,5.29274,2.595,0.4502,0.22073,0.0,1,0.0001263802,0.0023716963,0.002643436233749993
ALUKOI_clean,8.54787,6.76817,8.5436,0.579939,2887.58,4979.11,0.0,0.0,0.7926,1.3667,0.0,1,0.0024453659,0.0511915436,0.050653298575249986
ALULID_clean,7.81513,5.26988,7.81513,0.929552,2122.82,2283.71,0.0,0.0,0.6652,0.715614,0.0,1,0.0012155431,0.0242273307,0.024683731493375022
ALURIJ_clean,6.87946,3.53974,6.12375,1.07753,1201.6,1115.15,0.0,0.0,0.5294,0.49131,0.0,0,0.0006548813,0.0131331614,0.013299909815750022
AMAFOK_clean,6.60314,5.66314,6.60314,1.49249,870.16,583.026,0.0,0.0,0.4392,0.294274,0.0,1,0.0004020885,0.008662092,0.007752911528500025
AMIKOX_clean,3.46941,2.69518,3.46727,1.4673,0.0,0.0,15.7447,10.7304,0.4072,0.277517,0.0,0,0.0001012647,0.0020010466,0.002132929346124991
AMIWID_clean,4.855,3.30529,4.84395,2.19335,0.0,0.0,638.272,291.003,0.4344,0.198053,0.0,1,0.0002945046,0.0056324016,0.00578859211424999
AMIWOJ_clean,4.90585,3.36795,4.88479,2.21508,656.085,296.19,0.0,0.0,0.4318,0.194937,0.0,1,0.0002849542,0.0056396772,0.005601753955749984
APAZEY_clean,6.61049,4.70522,6.61049,0.97171,2250.82,2316.35,0.0,0.0,0.6362,0.654722,0.0,1,0.0011444946,0.0241080002,0.02273570904037497
APEBED_clean,4.58202,3.62787,4.5574,1.65192,481.079,291.224,0.0,0.0,0.4828,0.292266,0.0,1,0.000303661,0.0063827774,0.006132996893624997
AQALIO_clean,3.6362,2.83608,3.61709,2.20004,0.0,0.0,130.15,59.1582,0.4758,0.216269,0.0,1,0.000214268,0.0040145622,0.0041225583706875095
AQEFUY_clean,8.95844,2.64235,8.90621,1.21964,0.0,0.0,1337.97,1097.02,0.631,0.517366,0.0,1,0.0006486993,0.0134711641,0.013180478950875006
AQMAND_clean,3.37168,2.85465,3.37168,2.05911,0.0,0.0,2.13512,1.03691,0.4536,0.220289,0.0,1,0.0001470943,0.0028640127,0.0030271079646250016
ARINOF_clean,4.65727,3.54074,4.65727,1.16089,773.093,665.951,0.0,0.0,0.4696,0.404519,0.0,0,0.0003873838,0.007529593,0.007791054565583321
AROFAP_clean,6.18036,4.30595,6.18036,1.16997,1430.3,1222.5,0.0,0.0,0.575,0.491464,0.0,1,0.000821032,0.0156294644,0.015938423022375033
ARUYES_clean,5.37817,4.58095,5.37264,1.47856,1357.43,918.075,0.0,0.0,0.5162,0.349122,0.0,1,0.0005815438,0.0125011009,0.011877163566499975
ARUYUH_clean,4.6223,3.84632,4.60163,1.67938,1300.59,774.446,0.0,0.0,0.5928,0.352987,0.0,0,0.0004379415,0.0094571149,0.009084629578499977
ASIQEA_clean,8.85063,6.25728,8.83155,0.902561,1517.6,1681.44,0.0,0.0,0.6232,0.69048,0.0,1,0.0009977731,0.0201217595,0.020110403782124996
ASUKEE_clean,4.78914,3.45844,4.64139,1.18597,613.731,517.491,0.198684,0.167528,0.5058,0.426485,0.0,1,0.0003751186,0.0072571023,0.007707365176041634
ATICEL_clean,4.9438,3.91943,4.9438,1.60993,940.703,584.311,0.0,0.0,0.4708,0.292434,0.0,0,0.0003033771,0.0061473773,0.00615516540425001
ATIJUJ_manual,17.44029,16.95439,17.44029,0.753394,1262.36,1675.56,0.0,0.0,0.7098,0.942136,0.0,1,0.001467868,0.0297256699,0.029606948673250047
ATIXUX_clean,4.75983,4.08689,4.75983,1.55048,933.775,602.248,10.5817,6.82478,0.5034,0.324673,0.0,0,0.0004990752,0.0093471998,0.009734090419875009
AVAGOV_clean,4.8139,4.57423,4.8139,1.40471,790.723,562.91,0.0,0.0,0.4598,0.327328,0.0,1,0.0002602979,0.0062490635,0.005259983283124992
AVELOD_clean,8.08398,4.98141,8.08398,0.915242,1686.35,1842.51,0.0,0.0,0.6036,0.659498,0.0,1,0.001045281,0.0195025244,0.020866514902374966
AVEQID_clean,7.54994,6.22752,7.22874,0.801255,2259.4,2819.83,0.0,0.0,0.702,0.876126,0.0,1,0.0017191828,0.0350328714,0.033651145602375074
AVIMIC_clean,5.83174,5.68454,5.8285,1.51867,600.182,395.202,0.0,0.0,0.4036,0.265759,0.0,0,0.0002252899,0.0049155229,0.00456590456787498
AVIVAC_clean,11.84006,7.39815,11.84006,0.73653,1721.91,2337.87,62.4247,84.7552,0.713,0.968053,0.0,1,0.0016067056,0.0318952147,0.03213019580225008
AVIVIK_clean,11.79938,6.70311,11.79938,0.734288,1705.89,2323.19,141.576,192.807,0.7142,0.972643,0.0,1,0.0015723543,0.0323167993,0.031558994187875014
AVIVUW_clean,12.04076,6.91892,12.04076,0.729779,1690.09,2315.89,127.81,175.136,0.7162,0.981393,0.0,1,0.0016676011,0.0323558349,0.03326664942850016
AWAREV_clean,4.9083,4.51433,4.9083,1.8749,727.007,387.757,0.0,0.0,0.456,0.243213,0.0,0,0.0002421331,0.0045177275,0.004677240676750002
AWASEY_clean,12.05091,7.26209,12.03698,1.15771,1906.22,1646.54,0.0,0.0,0.7186,0.620707,0.0,1,0.0011686529,0.0214342278,0.02318775435225005
AWEZOS01_clean,5.84706,3.42755,5.84706,1.53516,287.064,186.993,30.7793,20.0495,0.4222,0.27502,0.0,1,0.0001060587,0.0022753737,0.0023165446216250065
AWEZOS_clean,5.8274,3.41984,5.8274,1.53516,283.608,184.741,30.6343,19.9551,0.4216,0.274629,0.0,1,0.0001105719,0.0023054613,0.002315515815125009
AWIBAL_clean,4.9496,4.4506,4.9496,1.68807,1040.45,616.352,0.0,0.0,0.482,0.285533,0.0,1,0.0004202245,0.0079312005,0.008245949549750043
AXAQAT_clean,3.7148,2.67421,3.70703,2.23963,0.0,0.0,62.5697,27.9375,0.4054,0.181012,0.0,1,0.0001362255,0.0025535431,0.0026246044759999977
AXUHEH_clean,7.21454,5.63203,7.19196,1.06453,1024.66,962.545,0.0,0.0,0.4958,0.465746,0.0,1,0.0005529771,0.0105790868,0.0112445435035
AZAFIS_clean,4.56554,4.01347,4.56554,1.5219,1198.03,787.192,0.0,0.0,0.5324,0.349826,0.0,1,0.0005256518,0.0114338867,0.010449648482624991
AZAWAZ_clean,3.88927,2.89659,3.85613,2.7922,0.0,0.0,321.497,115.141,0.4724,0.169186,0.0,1,0.000186106,0.0034283188,0.0037317778051250135
AZILEA_clean,4.19485,2.70328,3.77354,1.78477,0.0,0.0,157.26,88.1122,0.4734,0.265244,0.0,1,0.000204421,0.0037744526,0.004060216966249995
BAFCAP_clean,5.02045,3.27172,4.77527,1.09251,0.0,0.0,729.312,667.559,0.5198,0.475787,0.0,1,0.0004786287,0.0097241764,0.00987351392345836
BAKJEE_clean,6.44764,5.41267,6.44764,0.918977,2207.44,2402.06,0.0,0.0,0.6406,0.69708,0.0,1,0.001335347,0.0247781069,0.025823772847250025
BAKJII_clean,6.19215,5.21845,6.19129,0.959339,2059.17,2146.44,0.0,0.0,0.6236,0.650031,0.0,0,0.0011707785,0.023594506,0.02287307978945834
BALMUW_clean,3.22163,2.73038,3.21802,3.31599,0.0,0.0,0.0,0.0,0.2458,0.0741257,0.0,0,5.82438e-05,0.0012210392,0.0011738009292499947
BAMKIM_clean,6.79615,5.75134,6.79615,1.10764,1482.92,1338.8,0.0,0.0,0.5666,0.511536,0.0,1,0.0006974169,0.013657447,0.01416661129449997
BAMKOS_clean,6.76349,5.81846,6.76349,1.11335,1511.81,1357.89,0.0,0.0,0.5736,0.515203,0.0,1,0.0006341796,0.0135761419,0.013233897862874973
BANMAG_clean,8.68497,7.44113,8.68497,1.37401,1122.97,817.297,0.0,0.0,0.5786,0.421103,0.0,1,0.0004621524,0.0098526249,0.009523849821249937
BASJUB_clean,5.47244,4.59142,5.38091,1.03022,1558.36,1512.66,0.0,0.0,0.5602,0.54377,0.0,0,0.0008245966,0.0157513136,0.01662328982575
BASTAS_clean,4.07475,2.66663,3.75664,2.3203,0.0,0.0,126.008,54.3067,0.3218,0.138689,0.0,1,7.59904e-05,0.0013875502,0.0014356644637500055
BAXFIR01_clean,4.08461,3.48945,4.06863,1.30493,544.936,417.597,0.0,0.0,0.4766,0.36523,0.0,0,0.0004104116,0.0080856783,0.007982471371000005
BAZJIX_clean,8.75902,7.46421,8.75317,0.770453,2094.53,2718.57,0.0,0.0,0.676,0.877405,0.0,1,0.0016182759,0.032858838,0.03214183622300009
BEKZEX01_clean,3.65346,2.60027,3.65346,4.13281,0.0,0.0,43.1656,10.4446,0.2772,0.0670729,0.0,1,6.08319e-05,0.0008226007,0.0011824376382499992
BENXUP_clean,4.10218,3.42336,4.09595,1.4733,653.043,443.252,0.0,0.0,0.4814,0.32675,0.0,1,0.0003865843,0.0077659406,0.007746613355750003
BENZOL_clean,5.62502,3.68781,5.62502,1.15041,1146.89,996.943,0.0,0.0,0.4858,0.422284,0.0,1,0.0006069242,0.0119047065,0.012237941224125002
BEPBAB_clean,5.3188,3.97632,5.3188,1.04154,1135.05,1089.78,0.0,0.0,0.473,0.454133,0.0,1,0.0006708607,0.0133231913,0.012806390868750019
BEPNUH_clean,10.32563,10.2098,10.32563,1.16569,1103.61,946.742,0.0,0.0,0.6056,0.519521,0.0,0,0.0006633965,0.0145027051,0.012944848305375073
BEPVAV_clean,4.46396,3.25406,4.36439,1.36696,0.0,0.0,548.755,401.44,0.503,0.367969,0.0,1,0.0002380174,0.0045387463,0.005218480082500013
BETDEL_clean,6.19335,4.27368,6.19335,1.1646,2251.25,1933.07,0.0,0.0,0.6174,0.530141,0.0,1,0.000958352,0.0197676669,0.019715889653125054
BETDIP_clean,6.11094,3.88458,6.10684,1.1806,2108.93,1786.32,0.0,0.0,0.6132,0.519398,0.0,1,0.0009191887,0.0185983989,0.018632881485124996
BETDUB_clean,6.03659,3.7841,6.03659,1.16905,1945.06,1663.8,0.0,0.0,0.6102,0.521964,0.0,1,0.0008271081,0.0183879434,0.017129491993750034
BETGAK_clean,6.1095,4.21478,5.89063,1.06153,2331.97,2196.8,0.0,0.0,0.6284,0.591977,0.0,1,0.0010436523,0.0209055146,0.02145281036483331
BETGOY_clean,15.16495,5.42937,15.16495,1.28137,1222.88,954.353,401.433,313.284,0.472,0.368356,0.11956,1,0.0009489476,0.0197117652,0.013459877289750052
BEVRAW_clean,2.99235,2.76283,2.98977,1.62793,0.0,0.0,0.0,0.0,0.4482,0.275319,0.0,0,0.0002029779,0.0038043436,0.003921807362250018
BEVWAB_clean,10.82145,10.4749,10.82145,1.13595,1606.82,1414.52,0.0,0.0,0.6172,0.543335,0.0,1,0.0010436745,0.0197546903,0.021190758350624977
BEXSAA_clean,6.21678,4.72062,6.15067,0.992771,1456.96,1467.57,0.0,0.0,0.5884,0.592684,0.0,1,0.00085091,0.0185694504,0.017089228546125112
BEXSEE_clean,6.49176,4.26641,6.49176,1.04973,1376.89,1311.66,0.0,0.0,0.5628,0.536136,0.0,1,0.0008503185,0.017097786,0.017091049647875035
BEYSEF_clean,5.61731,4.74798,5.61731,1.17978,1409.15,1194.41,0.0,0.0,0.5534,0.469069,0.0,0,0.0006145344,0.0114726146,0.012904090227125
BIBXIV_clean,18.4936,4.06846,18.4936,0.9977,1657.17,1660.99,0.0,0.0,0.7322,0.733888,0.0,0,0.0013725776,0.0275738856,0.027372690756375034
BIMDEF_clean,4.67684,3.43732,4.67684,1.38964,1289.29,927.79,0.0,0.0,0.5428,0.390606,0.0,1,0.0006011922,0.0114585451,0.011739117540499989
BIQVII_clean,5.22147,4.62031,5.22147,1.62242,863.635,532.315,0.0,0.0,0.4264,0.262818,0.0,1,0.0003918003,0.0067933913,0.007647271965250006
BIYTOU_clean,7.95789,5.70379,7.949,1.02105,1875.01,1836.36,0.0,0.0,0.6212,0.608393,0.0,1,0.0011403581,0.0227503567,0.022078464276999988
BIZMII_clean,8.09188,6.36998,8.09188,0.865187,2004.99,2317.41,0.0,0.0,0.6566,0.758911,0.0,0,0.001313418,0.0258131937,0.02645934093774999
BOCKOT_clean,4.81526,3.42101,4.526,1.37869,1402.34,1017.16,0.0,0.0,0.5962,0.43244,0.0,1,0.0006519792,0.0127677011,0.013209811577249979
BOCTEU01_clean,3.96678,2.99779,3.96678,1.31889,0.0,0.0,525.218,398.229,0.5458,0.413834,0.0,0,0.0002954293,0.006476424,0.006033282279125001
BOCTOE03_clean,4.3221,2.79678,4.3221,1.22701,0.0,0.0,721.68,588.163,0.5734,0.467316,0.0,0,0.0003870316,0.0079492542,0.007725864774249988
BOHJOZ_auto,7.4485,3.57263,7.4485,1.57117,1415.9,901.179,0.0,0.0,0.557,0.354513,0.000254588,0,0.0004376855,0.0104826832,0.008767030130249967
BOJYIK_clean,4.83494,2.79192,4.83275,1.61681,0.0,0.0,703.479,435.104,0.5008,0.309746,0.0,1,0.0004354225,0.0082473141,0.008546071784124937
BONWIL_clean,3.70731,2.93141,3.70731,1.7315,0.0,0.0,114.744,66.2687,0.3752,0.216691,0.0,0,0.0001090742,0.0017176815,0.002281880685500003
BOPHIZ_clean,6.90751,5.24121,6.77761,1.23618,1521.62,1230.9,0.0,0.0,0.572,0.462715,0.0,1,0.0007243322,0.0153259223,0.014348088967375043
BOPWIO_clean,3.67778,2.91901,3.67248,1.97045,0.0,0.0,32.7909,16.6414,0.3624,0.183918,0.0,1,7.35538e-05,0.0017492012,0.0015996910033750067
BOQYUD_clean,3.46694,2.90192,3.46694,2.93039,0.0,0.0,4.4174,1.50744,0.2296,0.0783513,0.0,0,7.68449e-05,0.0016377562,0.0015489313356250004
BOTLED_clean,3.31756,2.88638,3.25402,2.91906,0.0,0.0,0.0,0.0,0.3234,0.110789,0.0,0,6.221e-05,0.0011653517,0.001228164289499998
BOVHEB_clean,5.76843,4.22597,5.76235,1.21128,1167.42,963.79,0.0,0.0,0.531,0.43838,0.0,1,0.0006695112,0.013450657,0.013125325847749973
BOWNUY_clean,15.52711,9.99848,15.50545,0.770284,1323.45,1718.13,449.917,584.092,0.7344,0.953414,0.0,1,0.0017543291,0.0363903353,0.03625810873950008
BOWZUK_clean,8.36121,7.81351,8.30025,0.894084,1398.32,1563.97,0.0,0.0,0.6136,0.686289,0.0,1,0.000949738,0.0191585088,0.01919587817499997
BOXYIY_clean,4.39053,3.85775,4.38747,1.58321,405.121,255.886,388.713,245.521,0.5092,0.321625,0.0,0,0.0004070595,0.0077910847,0.00803464282875
BOYYOF_clean,9.47252,6.48081,9.47252,1.142,1531.96,1341.47,0.0,0.0,0.5924,0.518737,0.0,1,0.0007870546,0.0157134599,0.016195247731999974
BOZFON_clean,6.15469,4.01567,6.15002,1.24414,1139.51,915.903,0.0,0.0,0.502,0.403491,0.0,1,0.0005119008,0.010169179,0.010227510430500015
BUBQOE_clean,4.52128,3.65213,4.52128,2.72539,937.142,343.857,0.0,0.0,0.5338,0.195862,0.0,1,0.0002591135,0.0052403583,0.005198096818624987
BUGSEC_clean,4.72085,4.19082,4.71595,1.60879,1101.18,684.479,0.0,0.0,0.538,0.334413,0.0,1,0.000348058,0.0069667589,0.0072103582687500336
BUGSIG_clean,4.72751,4.18275,4.72118,1.638,1097.7,670.147,0.0,0.0,0.5356,0.326984,0.0,1,0.0003358208,0.0068167023,0.0069963930181250085
BUKRUW02_clean,10.18784,5.8011,10.17435,0.90051,2432.65,2701.41,0.0,0.0,0.7394,0.821091,0.0,1,0.0014876532,0.0295744905,0.030567843969999994
BULBER_clean,7.8305,4.27284,7.79516,1.49467,1437.06,961.456,0.0,0.0,0.5544,0.370918,0.0,1,0.000557906,0.0116889183,0.011522828868624997
BUNKUS_clean,39.11063,37.47642,39.11063,0.375289,1307.21,3483.2,0.0,0.0,0.8658,2.30702,0.0,1,0.0041365733,0.0864059655,0.08768310573974984
BURJOO_clean,5.25312,4.62411,5.25312,1.36621,795.034,581.927,0.0,0.0,0.4348,0.318253,0.0,0,0.0003791334,0.0063638721,0.007458913809500023
BUWMEN_clean,5.23161,3.83405,5.2282,1.19035,2065.33,1735.06,0.0,0.0,0.6496,0.545721,0.0,1,0.0008669009,0.0174262053,0.017738303145499967
BUXZAX_clean,33.37685,31.81617,33.36969,0.55548,1448.92,2608.41,0.0,0.0,0.8332,1.49996,0.000360049,1,0.0029993031,0.056930447,0.05999687958350003
c5ce00010f_c5ce00010f2_clean,6.25876,3.82372,5.50534,1.19183,724.15,607.595,429.773,360.599,0.5406,0.453588,0.0,1,0.0004690367,0.0094265358,0.009567642400000003
c5nj02634b_c5nj02634b2_clean,6.56089,5.15548,6.36711,0.972386,1739.81,1789.21,0.0,0.0,0.6012,0.618273,0.0,1,0.0009712809,0.0193748873,0.01959709331799998
c6cc02494g_c6cc02494g6_clean,11.73822,10.49789,11.73822,1.02922,1570.21,1525.64,0.0,0.0,0.6512,0.632715,0.0,1,0.0012655187,0.024309324,0.024822164585875068
c6ce00407e_c6ce00407e8_clean,6.42415,4.65473,6.4148,0.850252,2400.69,2823.5,0.0,0.0,0.6736,0.792235,0.0,1,0.0014180981,0.028234102,0.028246722831750167
CADPII_clean,5.83331,5.05627,5.83331,2.03698,286.725,140.76,0.0,0.0,0.351,0.172314,0.0,1,0.0001019405,0.0023647957,0.0018903301806249885
CADQAB_clean,6.63883,4.78268,6.63883,1.11548,2206.23,1977.84,0.0,0.0,0.6348,0.569083,0.0,1,0.0011087819,0.0214073647,0.021900240000875017
CADQOP_clean,6.71582,4.81933,6.71582,1.09675,2218.01,2022.35,0.0,0.0,0.6388,0.58245,0.0,1,0.0011159838,0.0219148404,0.022150858116249977
CAGXIU_clean,5.87273,4.76439,5.85793,1.68022,875.321,520.957,0.0,0.0,0.4288,0.255205,0.0,0,0.0004175141,0.0076921657,0.00819397550037501
CAHNEF_clean,4.2178,3.08502,4.13445,2.33657,0.0,0.0,220.937,94.5562,0.3872,0.165713,0.0,1,0.000100874,0.0022965648,0.002092882073749997
CAHQOS_clean,5.19236,3.17969,5.19236,1.93707,0.0,0.0,772.568,398.833,0.4076,0.210421,0.0,0,0.0005303327,0.0068901913,0.0075635797747499855
CAKYAQ_clean,4.08997,2.78322,4.0162,2.04806,0.0,0.0,223.636,109.194,0.4694,0.229193,0.0,1,0.0002725776,0.0048379031,0.005506511248499977
CANRIU_clean,6.98874,4.43531,6.97328,0.861557,1846.01,2142.64,0.0,0.0,0.6044,0.70152,0.0,1,0.0010780492,0.0220503115,0.02213899818399997
CANRUG_clean,6.57321,4.9271,6.57235,0.884567,1797.13,2031.65,0.0,0.0,0.588,0.664732,0.0,1,0.0009996683,0.0212283261,0.019936602391749995
CAPLOX_clean,6.59085,5.37966,6.59085,1.11008,2109.4,1900.22,0.0,0.0,0.6376,0.574371,0.0,1,0.0011243461,0.0215352369,0.022271421377500003
CAVMOD_clean,10.28847,9.36955,10.28847,0.959454,1312.84,1368.32,0.0,0.0,0.585,0.609722,0.0,1,0.0008953497,0.0182154418,0.01794745716812492
CAVRAU_clean,8.06449,6.42877,8.06449,0.994088,1841.55,1852.5,0.0,0.0,0.6396,0.643404,0.0,1,0.0011461096,0.0228443959,0.022699803685625047
CAWDOU02_clean,6.97816,4.93144,6.97816,0.905214,1990.01,2198.39,0.0,0.0,0.6108,0.674758,0.0,1,0.0009847329,0.0210130606,0.01996532307362502
CAWZUX_clean,4.75634,3.15287,4.48882,1.43304,0.0,0.0,332.848,232.267,0.4286,0.299084,0.0,1,0.0002107121,0.0041989305,0.004294639875624989
CAXWAB_clean,11.47981,10.7455,11.47981,1.14506,1582.63,1382.13,0.0,0.0,0.6306,0.550713,0.0,1,0.0010937117,0.0230042837,0.02258319271612489
CAXZUY_clean,9.32301,5.43687,8.01925,0.950981,1467.16,1542.78,0.0,0.0,0.579,0.608845,0.0,0,0.0010162845,0.0207995002,0.020133020827749915
CAYSOK_clean,7.10061,5.08651,7.10061,1.15597,734.4,635.313,0.0,0.0,0.476,0.411777,0.0,0,0.000347423,0.0067685443,0.007031018258374976
CAZFOA_clean,3.89004,2.95907,3.88208,1.31123,0.0,0.0,220.491,168.155,0.4452,0.339528,0.0,1,0.0002869642,0.0060470423,0.005821682237625003
CDLGLU01_clean,3.41972,2.80899,3.41954,1.89224,0.0,0.0,16.5566,8.74975,0.44,0.232529,0.0,1,0.0001294372,0.0024040266,0.0025608240121250026
CEGWER_clean,4.43901,3.87534,4.42525,1.46079,690.461,472.661,0.0,0.0,0.4246,0.290664,0.0,1,0.0003278519,0.0070538868,0.006448675421125014
CEKROB_clean,5.35179,3.54558,5.35179,1.20403,773.46,642.39,0.0,0.0,0.4936,0.409955,0.0,0,0.0004529175,0.0083809099,0.009562862714874967
CEMYUQ_clean,6.77494,3.84893,6.77491,1.21968,1760.79,1443.65,0.0,0.0,0.6118,0.501606,0.0,1,0.0008613251,0.0190265281,0.01694994668874992
CESYEF01_clean,3.18076,2.7668,3.18076,2.28452,0.0,0.0,0.0,0.0,0.3324,0.145501,0.0,1,4.18986e-05,0.0009851836,0.0008949722409999976
CETHEQ_clean,9.71439,7.35018,9.71439,1.06464,1786.46,1678.0,0.0,0.0,0.68,0.638714,0.0,1,0.0009774332,0.0188361845,0.01946009368124998
CEXHOD_clean,6.20263,3.99405,6.1987,0.988457,1905.85,1928.11,0.0,0.0,0.5896,0.596485,0.0,1,0.0008320235,0.0171578091,0.017189033759625032
cg0702636-file001_clean,4.28619,2.95991,4.28619,1.71071,0.0,0.0,554.044,323.869,0.4834,0.282573,0.0,0,0.0003943289,0.0081433251,0.007694515096250005
cg301725z_si_004_clean,4.69664,4.11195,4.68637,1.09749,1702.36,1551.13,0.0,0.0,0.5844,0.532487,0.0,0,0.000971886,0.0185055856,0.019138558084250065
cg501141m_si_002_clean,7.16379,4.82619,7.11311,0.994067,1469.53,1478.3,195.255,196.42,0.5926,0.596137,0.0,1,0.0010195716,0.0199918859,0.02011192073737492
cg900505v_si_004_clean,4.31103,2.79095,4.31103,2.33143,0.0,0.0,50.8886,21.8272,0.3494,0.149865,0.0,0,2.90433e-05,0.0006442332,0.0007639376473750054
cg901128k_si_004_clean,5.1054,4.19275,5.1054,1.86722,389.052,208.359,0.0,0.0,0.4158,0.222684,0.0,0,0.0001597431,0.0029051413,0.003277180489249998
CIFDUS_clean,6.0819,4.13005,6.0819,0.982136,1846.77,1880.36,0.0,0.0,0.6008,0.611728,0.0,1,0.0011268193,0.0203825278,0.02236037883787496
CIFLUA_clean,9.37773,7.98095,9.37773,0.746179,1903.8,2551.39,0.0,0.0,0.6868,0.920422,0.0,1,0.0016874456,0.0335429869,0.03338859066662489
CIFMIP_clean,7.90061,6.44934,7.90061,1.08801,1993.5,1832.24,0.0,0.0,0.6246,0.574075,0.0,1,0.0009629089,0.0204229066,0.020163044307374953
CIGFEF_clean,5.08065,3.70225,5.00391,1.56415,1026.35,656.171,0.0,0.0,0.547,0.349712,0.0,1,0.0005024268,0.0100728741,0.009864671234500015
CIRTUU_clean,15.60203,7.15132,15.60203,0.583758,2414.48,4136.1,0.0,0.0,0.7788,1.33412,0.0,1,0.0027938556,0.053118708,0.051987812976999954
CIWYUD_clean,7.106,4.57125,7.10384,1.41213,1333.92,944.617,0.0,0.0,0.5334,0.377728,0.0,1,0.0006167056,0.0120145949,0.012373337852000002
CIZLEE_clean,3.35055,2.73009,3.34297,2.78994,0.0,0.0,0.315034,0.112918,0.3162,0.113336,0.0,1,4.81174e-05,0.000873376,0.0009572854992499993
CIZPOS_clean,10.90949,3.96313,10.90949,0.997777,2106.31,2111.0,0.0,0.0,0.6492,0.650646,0.0,1,0.0013589526,0.0245282809,0.026617883579125
cm202876r_si_002_clean,4.47913,3.53194,4.47073,1.51151,750.121,496.273,0.0,0.0,0.4498,0.297584,0.0,1,0.0004025061,0.0087444458,0.007904742219000026
cm503311x_alf100K_clean,7.0434,6.64625,7.0434,0.965639,1593.91,1650.63,0.0,0.0,0.608,0.629635,0.0,0,0.0012839896,0.0215467636,0.024860811548000065
cm503311x_alf200K_clean,7.35028,7.12879,7.35028,0.963076,1569.66,1629.84,0.0,0.0,0.6114,0.634841,0.0,0,0.001041346,0.0217368345,0.02103543761125006
cm503311x_alf350K_clean,7.39937,7.12527,7.39534,0.965163,1550.6,1606.57,0.0,0.0,0.6104,0.632432,0.0,0,0.0011060509,0.0210008152,0.021035617270749884
cm503311x_alf40K_clean,7.05984,6.6215,7.05984,0.967154,1574.94,1628.43,0.0,0.0,0.6042,0.62472,0.0,0,0.0012273728,0.0210918066,0.02225237396275005
cm503311x_aloh300K_clean,7.16075,6.82592,7.16075,0.948967,1591.48,1677.07,0.0,0.0,0.6092,0.641961,0.0,0,0.0012803817,0.0216146508,0.02379487067250001
cm503311x_F-mil-53-Al-lp-ortho_clean,7.02034,6.52714,7.01966,0.96948,1649.91,1701.85,0.0,0.0,0.609,0.628172,0.0,0,0.0010825118,0.0212618571,0.02152399002037503
cm901983a_si_001_clean,27.79726,11.16103,27.79599,0.630774,1349.52,2139.47,28.0221,44.4249,0.749,1.18743,0.0,1,0.0024110129,0.0449974808,0.047146455279606474
COCNAL_clean,10.84171,6.54754,10.84171,0.653951,2390.98,3656.2,0.0,0.0,0.7696,1.17685,0.0,1,0.0021274304,0.0434000829,0.04323752481212484
CODFEH_clean,3.78989,3.49285,3.78989,1.48867,302.667,203.313,0.0,0.0,0.4624,0.310612,0.0,1,0.0003161043,0.0058514106,0.006149767966625007
CODKOX_clean,3.29786,2.69845,3.29021,1.95495,0.0,0.0,0.0,0.0,0.3566,0.182408,0.0,1,8.86519e-05,0.0017719833,0.0017988718423750018
CODNAM_clean,4.57469,3.97634,4.52445,1.63521,1494.85,914.162,0.0,0.0,0.5962,0.364602,0.0,0,0.0005887992,0.0114914239,0.011639254246749995
CODRUJ_clean,4.3292,3.79384,4.32865,1.92319,755.058,392.607,0.0,0.0,0.4878,0.253641,0.0,1,0.0003282106,0.0064565313,0.00640280980550002
CODSOF_clean,4.21568,3.17481,4.20333,1.43721,0.0,0.0,244.606,170.194,0.4032,0.280543,0.0,1,0.0001572019,0.0033319963,0.0030058760225
COKMEW_clean,11.49614,10.90273,11.4945,1.13639,1559.35,1372.2,0.0,0.0,0.646,0.568466,0.0,1,0.0011136966,0.0238245675,0.023030046267124883
COKNAT_clean,11.6018,10.75702,11.60156,1.22798,1610.43,1311.45,0.0,0.0,0.6686,0.544469,0.0,1,0.0010575394,0.0220860759,0.021643757606625052
COKPEZ_clean,11.53314,10.69952,11.53296,0.910755,1588.72,1744.4,0.0,0.0,0.66,0.724674,0.0,1,0.0014351933,0.0295931533,0.027727945553750067
COQTEJ_clean,7.76168,6.6264,7.46116,0.69781,2656.93,3807.52,0.0,0.0,0.7034,1.00801,0.0,1,0.0018354991,0.0392073135,0.03656267442487502
COTXEQ_clean,5.14726,4.24065,5.13338,1.08125,1135.23,1049.92,0.0,0.0,0.5266,0.487029,0.0,0,0.0006751703,0.0126393278,0.013168851981916696
COTXIU_clean,5.20924,4.31105,5.19843,1.08343,1119.32,1033.13,0.0,0.0,0.5218,0.481618,0.0,0,0.0006191976,0.0123909491,0.012221536382500007
COVPAG_clean,5.03463,4.22302,4.98223,1.34292,669.782,498.75,0.0,0.0,0.3872,0.288327,0.0,1,0.0004862777,0.0092403625,0.00913469573500002
COWMAD_clean,6.73617,5.57745,6.73408,1.22293,2145.79,1754.63,0.0,0.0,0.651,0.532328,0.0,1,0.0009705038,0.0182972338,0.018924660571125004
COWXOC_clean,5.83443,2.91199,5.76943,1.28374,0.0,0.0,783.736,610.511,0.5028,0.391668,0.0,1,0.0003712285,0.0072440648,0.007624391324999972
COXCUP_clean,3.9076,3.17345,3.89241,1.94492,0.0,0.0,157.272,80.8632,0.4104,0.211012,0.0,1,7.89998e-05,0.0018261538,0.0017657543659999994
COXHED_clean,8.70899,8.38156,8.70899,0.6876,2308.5,3357.33,0.0,0.0,0.7964,1.15823,0.0,0,0.0020455658,0.0409235964,0.041946924785624964
COXHIH_clean,8.57279,8.24745,8.57279,0.705939,2310.51,3272.96,0.0,0.0,0.7916,1.12134,0.0,0,0.0021177749,0.0413478214,0.04146620170837499
COYCEZ_clean,6.30223,4.25857,6.12676,1.16488,1753.9,1505.65,0.0,0.0,0.5836,0.500994,0.0,1,0.0007342802,0.0148810775,0.015057313189625
COYTEQ_clean,3.8382,3.37897,3.83551,1.78776,534.075,298.739,0.0,0.0,0.4242,0.23728,0.0,1,0.0003926398,0.0075847728,0.007641615211875003
CUCTAX_clean,4.38086,4.0721,4.38086,1.35437,330.655,244.139,49.7338,36.721,0.4262,0.314685,0.0,0,0.0002152265,0.0049403149,0.004327370638
CUGLTM_clean,3.17988,2.69075,3.17961,1.66914,0.0,0.0,0.0,0.0,0.4158,0.24911,0.0,1,8.3203e-05,0.001730623,0.0016988569429999998
CUKZOY_clean,4.8322,4.10064,4.8322,1.27011,1172.94,923.5,0.0,0.0,0.5356,0.421697,0.0,1,0.0004414333,0.0089346568,0.009102871303250002
CUMDEU_clean,5.19472,4.72553,5.19472,1.64523,654.329,397.714,0.0,0.0,0.462,0.280812,0.0,0,0.0002229573,0.0045070053,0.004586769268999974
CUMLUT_clean,5.66406,3.97439,5.65405,1.2172,2284.73,1877.03,0.0,0.0,0.6392,0.525138,0.0,1,0.0009678615,0.0190109459,0.019409385917500025
CUNFOH01_clean,8.64942,5.76711,8.00067,1.65261,1750.49,1059.23,0.0,0.0,0.639,0.38666,0.0,1,0.0005697659,0.0109891923,0.012052868670750012
CUNFOH_clean,9.05758,5.6508,9.05758,1.63668,1779.69,1087.38,0.0,0.0,0.6298,0.384804,0.0,1,0.0005788706,0.0114147916,0.01194664551737501
CUNWEO_clean,7.09668,6.48549,7.07965,1.23144,1193.32,969.043,0.0,0.0,0.53,0.430389,0.0,0,0.0006497883,0.0129655705,0.012841457880749987
CUQROX_clean,5.44132,4.56825,5.41816,1.11997,1366.06,1219.73,0.0,0.0,0.5636,0.503227,0.0,0,0.0006483289,0.0134763151,0.013331317904499984
CUQXUI_clean,8.23055,4.00763,8.23055,0.791399,1552.16,1961.29,0.863838,1.09153,0.6424,0.811727,0.0,1,0.0010861527,0.0208902588,0.021290789177874938
CURQEN_clean,5.22355,3.40082,5.03486,1.27256,737.628,579.643,0.0,0.0,0.5026,0.394953,0.0,1,0.0005163157,0.0088216974,0.010290765530625013
CURYOE01_clean,11.02009,9.16908,10.48925,1.0226,1239.44,1212.05,0.0,0.0,0.5864,0.57344,0.0,0,0.0009165559,0.0182636764,0.01823772404050001
CUSYAR_clean,28.01343,12.17996,27.60124,0.247232,1408.41,5696.7,0.0,0.0,0.9076,3.67105,0.0,0,0.0070905334,0.1389153866,0.14077398209037548
CUSYIA_clean,5.815,4.76876,5.815,0.737304,2684.86,3641.46,0.0,0.0,0.6944,0.941809,0.0,0,0.0017994421,0.0335805079,0.035148457986749905
CUVGIK_clean,6.25146,5.06086,6.0647,1.02515,1494.68,1458.01,0.0,0.0,0.5362,0.523046,0.0,0,0.0008735702,0.0177663763,0.01697629999775008
CUVXAT_clean,6.50652,4.77619,6.38844,1.06179,1622.41,1527.99,0.0,0.0,0.5708,0.537581,0.0,0,0.0008058519,0.0164929388,0.01663369066662498
CUWVAT_clean,6.58776,4.88581,6.58776,1.3301,1313.65,987.633,75.7547,56.9541,0.5658,0.425382,0.0,1,0.0007680514,0.0142886207,0.014909983150499953
CUWVEX_clean,4.57028,3.39691,4.56838,1.52621,899.509,589.372,0.0,0.0,0.4664,0.305593,0.0,1,0.0004209803,0.0086033687,0.008367465296875024
CUWWEY_clean,6.3126,4.22285,6.24291,1.35207,1327.35,981.718,0.0,0.0,0.5216,0.38578,0.0,0,0.0006191842,0.0112976285,0.012489546645124985
CUWXID_clean,6.81153,5.91204,6.80774,1.05332,2229.66,2116.79,0.0,0.0,0.6498,0.616908,0.0,1,0.0011054401,0.0223860083,0.022325193753249956
CUWZAX_clean,6.33115,4.3932,6.33115,1.11728,2292.11,2051.51,0.0,0.0,0.638,0.571029,0.0,1,0.0010163817,0.0204541178,0.020481794178249958
CUXLEO_clean,4.56916,3.40748,4.56916,1.05387,1849.74,1755.19,0.0,0.0,0.6276,0.59552,0.0,0,0.0009828048,0.0198983474,0.019533782089375007
CUYHIO_clean,3.56239,3.14648,3.55286,1.31327,0.0,0.0,48.1467,36.6618,0.4416,0.336261,0.0,1,0.0001662692,0.0030823751,0.0033220209333750207
CUYWUP_clean,7.47672,4.58604,7.47672,0.942864,1947.64,2065.66,0.0,0.0,0.6222,0.659904,0.0,1,0.0010942976,0.0224746466,0.022440784033249915
CUYYAX_clean,5.04944,3.83367,4.87007,1.16048,1383.0,1191.75,0.0,0.0,0.5718,0.492727,0.0,1,0.0007285753,0.0142991702,0.014494651653624995
DABFIX_clean,5.93116,3.4012,5.93116,1.19033,685.642,576.011,28.078,23.5885,0.47,0.394849,0.0,1,0.0003572292,0.0074384808,0.0072790802052499735
DACXOV_clean,5.17401,3.25603,5.17401,1.44948,0.0,0.0,688.239,474.818,0.4494,0.310042,0.0,0,0.0003729546,0.0069445264,0.0072922105479999635
DAFJOM_clean,8.83929,3.81491,8.83929,0.983115,1714.88,1744.33,0.0,0.0,0.601,0.611322,0.0,0,0.0012234221,0.022960041,0.02358556769587507
DAFSOV_clean,3.83746,3.40945,3.83746,1.6077,380.608,236.741,0.0,0.0,0.4436,0.275923,0.0,1,0.0002069704,0.0044149737,0.003942505528500009
DAFYAN_clean,9.66168,8.17907,9.66128,0.727331,2334.02,3209.02,0.0,0.0,0.7244,0.99597,0.0,1,0.0018994424,0.0380481363,0.03759909852799998
DAFYER_clean,7.75718,2.92029,7.75718,1.30703,0.0,0.0,1228.65,940.03,0.5122,0.391881,0.0,0,0.0007324425,0.0152853773,0.013887970746625025
DAGDUL_clean,5.27377,3.53794,5.26479,1.49897,1060.75,707.651,0.047289,0.0315476,0.5304,0.353842,0.0,1,0.0004495158,0.0083022118,0.00916788096949999
DAGJED_clean,5.20512,3.82408,5.11079,1.13589,1063.56,936.32,0.0,0.0,0.5332,0.469412,0.0,1,0.0006034743,0.011629304,0.011688759221124976
DAKVIW_clean,10.56447,5.75649,10.52532,0.937929,2177.49,2321.59,0.0,0.0,0.7172,0.764663,0.0,1,0.0014263737,0.028959609,0.02853035991600006
DALSER_clean,4.08249,3.08769,4.08249,1.53283,0.0,0.0,554.74,361.906,0.5406,0.352681,0.0,0,0.0004650382,0.0099242897,0.009369081207499937
DALVIY_clean,8.33476,5.09032,8.29465,1.08397,2205.78,2034.91,0.0,0.0,0.6634,0.612008,0.0,1,0.0010124008,0.0210088517,0.020934717606249965
DAMZEZ_clean,5.14628,4.13045,5.14063,1.48117,701.768,473.794,0.0,0.0,0.4344,0.293282,0.0,0,0.0002683337,0.0056409716,0.0053629879007499924
DANVAQ_clean,5.88569,2.76546,5.88569,1.5186,0.0,0.0,1050.31,691.629,0.552,0.363492,0.0,1,0.0005122523,0.010058305,0.010265259010374974
DAPXEZ_clean,4.82667,3.282,4.45515,2.24459,0.0,0.0,841.514,374.908,0.4866,0.216788,0.0,1,0.0003513238,0.0070000705,0.00691050886249999
DARJOX_clean,4.96663,3.20989,4.95574,1.92117,0.0,0.0,871.941,453.859,0.487,0.253491,0.0,0,0.0004729571,0.0081832912,0.009008859414125027
DAWBOU_clean,5.38914,4.65491,5.38091,1.40413,956.091,680.914,0.0,0.0,0.473,0.336864,0.0,0,0.0004135534,0.0082721774,0.008137423455999989
DAWDAI_clean,5.05189,3.47503,5.00056,1.41655,729.858,515.235,3.30907,2.336,0.487,0.343792,0.0,0,0.0003393569,0.007092896,0.006771647174250019
DEBGIA_clean,4.22344,3.46939,4.21901,1.31115,709.801,541.36,0.0,0.0,0.5062,0.386075,0.0,1,0.0003937254,0.0074177873,0.007953241275500003
DEKHUX_clean,6.73498,5.41814,6.73498,1.052,1333.52,1267.6,0.0,0.0,0.5288,0.50266,0.0,0,0.0008053035,0.016170681,0.015902632665124934
DELGEI_manual,11.23796,5.9406,11.23796,0.599562,2425.76,4045.89,0.0,0.0,0.7354,1.22656,0.0,1,0.0021074022,0.0423765103,0.042745256401125135
DEPTOH_clean,5.8241,3.64846,5.79204,2.13649,1058.19,495.294,0.0,0.0,0.4966,0.232438,0.0,0,0.000559749,0.0112791791,0.010952157614250068
DEPXIG_clean,5.45833,4.42032,5.43874,1.21453,1418.68,1168.08,0.0,0.0,0.5298,0.436217,0.0,1,0.0007422976,0.0149330036,0.01431962469787497
DEPXUS_clean,7.67266,3.27382,7.64984,1.3385,0.0,0.0,1488.34,1111.95,0.5644,0.421668,0.0,0,0.0006483225,0.0132011734,0.013252006443499975
DEXZIR_clean,4.19955,3.09402,4.11824,2.25751,0.0,0.0,172.477,76.4015,0.419,0.185603,0.0,1,0.0001117486,0.0023915457,0.002192880873499999
DEZCER_clean,4.88214,3.3147,4.85946,0.940405,1038.64,1104.46,20.1438,21.4203,0.5742,0.610588,0.0,1,0.0008222265,0.0158513655,0.0160825713895
DIBJIJ_clean,6.10817,4.16928,5.9554,1.53541,899.273,585.691,0.0598489,0.0389792,0.5054,0.329164,0.0,1,0.0003809552,0.0078555101,0.0077487690037499925
DIHVIB01_clean,13.18363,6.64307,13.17065,0.881735,2096.71,2377.93,0.0,0.0,0.7124,0.807952,0.0,1,0.0015544358,0.0313819078,0.03153021022600003
DIMJUG_clean,6.00113,3.19524,5.94268,1.89184,0.0,0.0,640.147,338.373,0.4348,0.229829,0.0,1,0.0002569072,0.0053978443,0.0051718537017499955
DIPMAS_clean,5.87796,4.78268,5.87796,1.71391,1532.86,894.368,0.0,0.0,0.5492,0.320438,0.0,1,0.0005107304,0.009679471,0.010302522112749977
DIRBIP_clean,4.8713,2.89563,4.84395,2.47822,0.0,0.0,661.907,267.089,0.4242,0.171171,0.0,1,0.0004509351,0.0091730955,0.008498356248500042
DISSUU_clean,5.80103,3.27505,5.80103,1.8659,0.0,0.0,868.433,465.423,0.5386,0.288654,0.0,0,0.0003513378,0.0072569859,0.007090964231999981
DITJIB_clean,20.3631,9.01147,20.3631,0.521418,1774.76,3403.71,0.0,0.0,0.8332,1.59795,0.0,1,0.0029274406,0.0604825368,0.059777992913875005
DITSIK_clean,4.54299,3.27099,4.54088,1.9661,0.0,0.0,578.836,294.408,0.4972,0.252886,0.0,1,0.0002757499,0.0049475901,0.0055461006519999835
DIVMUR_clean,3.94175,3.3555,3.94175,2.26692,427.505,188.584,199.673,88.081,0.5082,0.224181,0.0,0,0.0003179801,0.0055637683,0.006204363818125006
DIVSUY_clean,6.25148,4.17859,6.25148,1.23081,1945.11,1580.35,0.0,0.0,0.5978,0.485697,0.0,1,0.0009227558,0.0177382167,0.018256519507624965
DIXKOL_clean,7.1658,4.7152,7.1658,1.41392,1322.21,935.139,0.0,0.0,0.5174,0.365933,0.0,1,0.000564776,0.0119578476,0.011613879380624977
DODMIT_clean,7.01246,4.52059,7.01246,1.55856,1353.3,868.3,0.0,0.0,0.5366,0.344293,0.0,1,0.0005971357,0.0115811583,0.012025991304625007
DOJXOQ_clean,4.85133,2.87156,4.8303,1.65314,0.0,0.0,390.873,236.443,0.4226,0.255634,0.0,0,0.0003286167,0.0064494743,0.0063458465276750135
DOJYAD_clean,4.74618,2.74064,4.72708,1.79401,0.0,0.0,361.117,201.29,0.4276,0.238348,0.0,0,0.0003141578,0.0058798462,0.006201618552250005
DOPHOH_clean,12.12577,5.64086,12.12577,0.985409,1409.44,1430.31,390.474,396.256,0.664,0.673832,0.0,1,0.0011022051,0.0237966526,0.021899329037416572
DOPJAV_clean,7.55824,6.21149,7.55824,1.32954,1214.76,913.669,0.0,0.0,0.54,0.406156,0.0,1,0.0005606043,0.0104614477,0.011101074260874987
DOQRUY_clean,4.87761,2.69307,4.44858,1.36131,0.0,0.0,508.568,373.586,0.4348,0.319397,0.0,1,0.0003784574,0.0074976197,0.007490199031999994
DUBBEI_clean,4.93494,3.49142,4.86694,2.00135,1263.38,631.266,0.0,0.0,0.5166,0.258126,0.0,0,0.0003800779,0.0081127444,0.007662977212749973
DUDKEU_clean,5.16942,3.66649,5.16942,1.65561,855.86,516.946,0.0,0.0,0.4144,0.250301,0.0,1,0.0002978173,0.0052457928,0.005762928246125011
DUFKAS_clean,18.33861,11.31425,18.33733,0.529585,1559.27,2944.33,0.0,0.0,0.811,1.53139,0.0,1,0.0027155459,0.0568837191,0.056734849578749816
DUFZOU_clean,7.15398,3.0854,7.15398,1.54167,0.0,0.0,621.227,402.958,0.4962,0.321859,0.0,1,0.0003134795,0.0061669971,0.006331639944125001
DUHXIP_clean,5.38027,3.4809,5.34205,1.27884,677.396,529.696,4.06005,3.17479,0.4624,0.361578,0.0,1,0.0003749213,0.0073366959,0.007473858097333307
DUKMON_clean,4.06904,2.70917,4.03702,1.26122,0.0,0.0,159.333,126.332,0.4276,0.339037,0.0,0,0.0001547205,0.0033696913,0.0030415955117500063
DUMXEQ01_clean,4.78039,3.84263,4.78039,1.76597,828.843,469.341,0.0,0.0,0.4496,0.254591,0.0,0,0.000312059,0.0065185667,0.006360863044874978
DUNXUH01_clean,5.08043,3.95835,5.08043,1.20337,1874.89,1558.04,0.0,0.0,0.6064,0.503919,0.0,1,0.0009436925,0.0182767279,0.018288136182624957
DUNXUH02_clean,5.05926,3.9622,4.49661,1.21011,1835.42,1516.73,0.0,0.0,0.6046,0.499624,0.0,1,0.0009016838,0.0180456807,0.017923173849249983
DUNXUH03_clean,4.97891,3.78832,4.59863,1.23681,1734.27,1402.21,0.0,0.0,0.5936,0.479945,0.0,1,0.0008566746,0.0174695632,0.016854188074999922
DUTKAG_clean,6.82996,5.62808,6.81318,0.906851,2249.11,2480.13,0.0,0.0,0.6722,0.741246,0.0,1,0.0012663039,0.0262102446,0.026009697268624964
DUWBEE_clean,7.4726,6.03228,7.03921,0.972318,2397.88,2466.15,0.0,0.0,0.7166,0.737002,0.0,1,0.0013908416,0.0286916044,0.027926398517000076
DUWFAE_clean,3.76592,2.87653,3.75105,1.62651,0.0,0.0,73.6792,45.2988,0.4074,0.250474,0.0,1,0.0001544843,0.0029316091,0.0029791720396249947
DUWFOS_clean,4.7722,3.99598,4.7722,1.5688,655.828,418.043,0.0,0.0,0.462,0.294492,0.0,0,0.0003120947,0.0055654598,0.00629472671975001
DUWROE_clean,4.35263,3.47485,4.33203,1.3646,1032.9,756.92,0.0,0.0,0.5148,0.377252,0.0,0,0.0005192444,0.0106578831,0.010634349357624988
DUXKEN_clean,5.19652,2.66706,3.97094,1.45864,0.0,0.0,298.057,204.339,0.4356,0.298635,0.0,1,0.0002611376,0.0049519429,0.005155024857499983
DUXKUD_clean,7.67361,6.90082,7.6375,1.23834,1391.29,1123.51,0.0,0.0,0.5864,0.473535,0.0,1,0.0006579303,0.0128552658,0.013890231635999966
DUXMAL_clean,4.53313,3.88732,4.40894,1.15892,1217.93,1050.91,0.0,0.0,0.5062,0.436785,0.0,1,0.0007447884,0.0140864846,0.013793433420999987
DUYVEA_clean,4.52649,3.62009,4.52649,1.39154,383.437,275.549,0.0,0.0,0.4574,0.328701,0.0,1,0.0001908051,0.0039098307,0.004051019247124995
EBATUY_clean,5.89375,3.67074,5.89375,1.25605,1195.64,951.909,0.0,0.0,0.5408,0.430557,0.0,0,0.0005642121,0.0113681392,0.011297447525124946
EBELUU_clean,5.06354,4.01259,5.06354,1.09045,1520.09,1394.01,0.0,0.0,0.5732,0.525654,0.0,1,0.0007557285,0.0159794243,0.01491388323375002
EBEXAM_clean,7.13111,6.78821,7.13111,1.50724,1561.7,1036.13,0.0,0.0,0.5636,0.373929,0.0,0,0.0007204235,0.0143722601,0.014200698298750045
EBEXEQ_clean,7.05454,6.70514,7.05454,1.61812,1500.38,927.234,0.0,0.0,0.5486,0.339035,0.0,1,0.0007432941,0.0130381424,0.013655348620874988
EBEZUI_ion_b,4.71709,3.35366,4.70455,1.37981,581.461,421.405,0.464558,0.336682,0.5038,0.365121,0.0,1,0.0003413723,0.0070744291,0.0071181097252500025
EBIDOK_ion_b,10.15108,7.28168,10.14731,0.88059,1949.39,2213.74,0.147124,0.167074,0.6452,0.732691,0.0,1,0.0011621206,0.0223748855,0.02362603048324999
EBIHII_clean,6.77782,5.19916,6.76838,1.13174,1870.74,1652.98,0.0,0.0,0.589,0.520437,0.0,1,0.0009407742,0.0195333378,0.01834363089937499
EBOBIJ_clean,6.08923,4.67292,6.06736,0.939565,1692.1,1800.94,0.0,0.0,0.6024,0.641148,0.0,0,0.0010641688,0.021389939,0.021112456620624987
EBOCOQ_clean,5.90692,5.38954,5.89965,0.987787,1345.25,1361.88,0.0,0.0,0.583,0.590208,0.0,1,0.0008919571,0.0167035998,0.01776656895487502
ECAHEX_clean,6.93055,5.1748,6.93055,1.20906,867.96,717.883,0.0,0.0,0.4824,0.398989,0.0,0,0.0004225276,0.0079761042,0.008360423319375017
ECEZAO01_clean,4.88805,4.01037,4.88805,1.43329,945.622,659.759,0.0,0.0,0.4914,0.342849,0.0,1,0.0002897293,0.007640344,0.006479865454249973
ECIWOC_clean,5.05411,4.785,5.05411,1.40153,572.024,408.141,0.0,0.0,0.4148,0.295961,0.0,1,0.0002996962,0.0057161167,0.005885161345749993
ECODIK_clean,4.79857,4.01377,4.75701,1.19981,1900.99,1584.41,0.0,0.0,0.5936,0.494745,0.0,1,0.0008068788,0.0162021267,0.016559522025624995
ECODOQ_clean,4.25807,3.05825,4.25807,2.18839,0.0,0.0,458.705,209.608,0.464,0.212028,0.0,0,0.0003389498,0.0067445686,0.006776000875250003
EDAVOV_clean,5.43148,4.91725,5.43148,1.632,451.699,276.776,0.0,0.0,0.4036,0.247304,0.0,1,0.0001257889,0.0031308735,0.002625342298250007
EDUSUR_clean,14.97276,6.60675,14.97057,0.720686,2039.23,2829.56,0.0,0.0,0.7584,1.05233,0.0,0,0.0019666977,0.0394301395,0.039998384487999965
EDUTIG_clean,15.04959,5.6073,15.03522,0.712902,1939.67,2720.81,0.0,0.0,0.7442,1.0439,0.0,0,0.0018312308,0.0373694268,0.036987018194875015
EFEGOM_clean,6.13983,5.63757,6.13983,1.11988,1513.16,1351.17,0.0,0.0,0.5868,0.523983,0.0,0,0.0008850243,0.016328993,0.017421560272
EFOSUO_clean,5.23309,4.44144,5.224,2.23497,2650.04,1185.72,0.0,0.0,0.6472,0.289579,0.0,1,0.0004793064,0.009474639,0.009981961535999976
EGIFUV_clean,9.74551,8.51622,9.74551,1.04544,1332.95,1275.02,6.1078,5.84232,0.6136,0.58693,0.0,1,0.0007831143,0.0164118675,0.016438829677125028
EGUNAX_clean,3.81467,3.01234,3.81432,1.4477,0.0,0.0,208.192,143.809,0.442,0.305312,0.0,1,0.0004113811,0.0075248454,0.008105415177000008
EHEKUY_clean,6.18029,3.5251,6.17561,1.28701,834.589,648.47,1.25956,0.978668,0.5024,0.390361,0.0,0,0.0004072765,0.0080751503,0.008279867889999985
EJEGOQ_clean,13.1275,3.17537,13.1275,2.99053,0.0,0.0,1263.59,422.531,0.585,0.195618,0.0,1,0.0003215232,0.0062015066,0.006388962212374968
EJOQOL_clean,7.54682,4.16239,7.5307,1.29085,1431.56,1109.01,0.0,0.0,0.5368,0.415851,0.0,1,0.000696024,0.0135566329,0.013933279026374987
EKETOF_clean,4.41106,3.42867,4.41106,1.63804,321.449,196.241,0.0,0.0,0.4172,0.254695,0.0,0,0.0001779432,0.003460598,0.003501623766749998
EKEVAT_clean,4.38581,3.45093,4.3809,1.70718,319.337,187.056,0.0,0.0,0.4042,0.236765,0.0,0,0.0001587659,0.0032081056,0.003427923782499997
EKIGIQ_clean,4.47438,2.65851,4.47438,1.56622,0.0,0.0,508.669,324.775,0.4564,0.291402,0.0,0,0.0002358937,0.0052315142,0.004927207180750013
EKOPOK_clean,7.61675,7.30447,7.61675,1.24495,1308.01,1050.65,0.0,0.0,0.569,0.457046,0.0,1,0.000812661,0.0151832184,0.015805259172750025
ELAZEX_clean,3.63212,2.66568,3.42222,1.98591,0.0,0.0,17.7543,8.94016,0.359,0.180774,0.0,1,9.74444e-05,0.0021721466,0.0019311229252499979
ELELEN_clean,7.0748,4.1882,7.0748,0.915782,1244.35,1358.78,0.0,0.0,0.592,0.646442,0.0,1,0.0006832923,0.0143399553,0.013981713942624964
ELIKOA_clean,4.97213,3.73339,4.97213,1.55809,1148.96,737.416,0.0,0.0,0.4918,0.315643,0.0,1,0.0004540595,0.0090257795,0.00906079237275002
ELOHOE_clean,5.56549,4.27537,5.53003,1.15001,1036.4,901.217,0.0,0.0,0.5212,0.453215,0.0,1,0.0005187762,0.0111035444,0.010725960848
ELOZEK_clean,5.94525,5.24436,5.94525,2.80091,275.157,98.2384,0.0,0.0,0.3674,0.131171,0.0,1,6.00486e-05,0.0011260665,0.001206821718249999
EMIFOW_clean,7.56186,4.84974,7.24948,1.40224,2851.33,2033.41,0.0,0.0,0.6898,0.491927,0.0,1,0.0011174662,0.021047354,0.02177799185424994
EMIYEF_clean,4.02053,2.70329,3.99652,1.99702,0.0,0.0,133.156,66.6774,0.4216,0.211115,0.0,1,0.000187391,0.0037374924,0.0036597221355000164
EMIYUW_clean,10.6209,7.98188,10.6209,0.698012,2320.47,3324.4,0.0,0.0,0.7472,1.07047,0.000573056,1,0.0021023499,0.040360775,0.04124551598562503
EMOSOO_clean,4.07662,2.98298,4.05985,2.58243,0.0,0.0,460.188,178.2,0.4674,0.180992,0.0,1,0.0002350248,0.004760909,0.0048172495854999905
EMUBIZ_clean,10.77303,6.68088,10.77303,1.37229,1702.91,1240.92,117.774,85.8232,0.672,0.489692,0.000145742,1,0.0008425797,0.016714892,0.016212093809750087
EMUYAM_clean,4.21039,3.17028,4.21039,1.86364,0.0,0.0,54.771,29.3893,0.3862,0.207229,0.0,1,5.42717e-05,0.001137293,0.0011715877062499957
ENUCOG_clean,4.91468,3.25846,4.91468,1.86086,0.0,0.0,509.281,273.68,0.4838,0.259987,0.0,1,0.0003043674,0.0061038011,0.005994331290874999
EPAVAU_clean,5.39915,3.19554,5.39394,1.64446,0.0,0.0,782.223,475.67,0.5138,0.312442,0.0,1,0.0003485993,0.0065314373,0.007030319983624987
EPECEJ_clean,7.92371,4.89913,7.91993,0.908491,1989.28,2189.65,0.0,0.0,0.6342,0.69808,0.0,1,0.0011321458,0.0234166704,0.023040042344000023
EPOTAF_clean,7.63453,6.61136,7.601,0.575241,2982.7,5185.13,0.0,0.0,0.779,1.35421,0.0,1,0.0023378815,0.0493659176,0.04977986187012501
EPUXET_clean,4.89022,3.26125,4.88787,1.25583,0.0,0.0,624.27,497.099,0.4632,0.368841,0.0,0,0.0002915355,0.0059774068,0.006072232170624972
EQERIC_clean,5.65308,5.10575,5.50654,1.08357,1441.7,1330.51,0.0,0.0,0.5522,0.509612,0.0,0,0.0009302296,0.0171559426,0.017573796454000007
EQOXIT_clean,7.68652,6.98261,7.68519,1.19569,1340.21,1120.87,0.0,0.0,0.551,0.460823,0.0,1,0.0006461361,0.0128408432,0.013651080957749981
EQUBIC_clean,4.62524,4.02529,4.62419,2.01313,877.337,435.807,0.0,0.0,0.4672,0.232076,9.93e-05,0,0.0002825036,0.0054662372,0.005676153738875002
EQUBUO_clean,4.678,4.09417,4.67712,1.98147,941.234,475.017,0.0,0.0,0.4712,0.237803,0.000100935,0,0.000271247,0.0057097485,0.005619154940249989
EQUNIP_clean,12.19685,4.3543,12.19496,0.882362,2411.33,2732.81,0.0,0.0,0.7004,0.793779,0.0,1,0.0016696779,0.03331067,0.03306134878499999
EREFEN01_SL,5.00416,3.86566,5.00416,1.13683,1255.14,1104.07,0.0,0.0,0.5352,0.470783,0.0,0,0.0007242805,0.0139624559,0.0141170646220417
ERELIX_clean,5.64254,3.51162,5.62378,1.23268,1079.22,875.507,0.0,0.0,0.5468,0.443586,0.0,1,0.0005209767,0.0098121773,0.010864763937124964
ERIGER_clean,7.45113,4.52945,7.45095,1.32558,1000.06,754.431,0.0,0.0,0.5014,0.378249,0.0,1,0.0003617007,0.0071524871,0.0077019727315000034
ERIWAF_clean,10.65116,5.48487,10.46238,0.840538,2241.03,2666.18,0.0,0.0,0.709,0.843508,0.0,1,0.0014724406,0.0319983952,0.030247269253749966
ERUFUS_clean,4.3604,3.42673,4.35329,1.50899,684.051,453.317,0.0,0.0,0.4548,0.301394,0.0,0,0.0002910428,0.0061896592,0.005938817236125007
ERULEK_clean,8.92635,6.96534,8.92635,0.799593,1925.59,2408.22,0.0,0.0,0.6678,0.835175,0.0,1,0.0014043581,0.0284930722,0.027902519327625056
ERUVEU_clean,3.34466,3.01377,3.34466,2.21788,0.0,0.0,0.325326,0.146684,0.3556,0.160334,0.0,0,4.37668e-05,0.0013067524,0.0009491628369999934
ESIFET_clean,8.81259,5.05152,8.81259,1.42533,1454.27,1020.3,0.0,0.0,0.5856,0.410852,0.0,0,0.000620776,0.0128754923,0.012598124820500003
ESIGES01_clean,5.30554,4.43053,5.27741,1.28243,1799.46,1403.16,0.0,0.0,0.6102,0.475814,0.0,0,0.0007466588,0.0160563729,0.015018913206249982
ESURER02_clean,6.73405,5.67186,6.7278,1.40899,1346.64,955.749,0.0,0.0,0.5328,0.378145,0.0,0,0.0006370572,0.01258481,0.012670122639624913
ESUSAO_clean,6.44994,4.84687,6.44994,1.43017,1343.92,939.69,0.0,0.0,0.5242,0.366529,0.0,1,0.0005801693,0.0117736153,0.01190546830975
ESUSIW_clean,6.7467,5.80608,6.7467,1.39203,1364.88,980.494,0.0,0.0,0.5394,0.387491,0.0,1,0.0006162127,0.0126864265,0.012722782393249966
ETECIR_clean,4.32284,3.50203,4.32284,1.44521,1297.96,898.111,0.0,0.0,0.6006,0.41558,0.0,0,0.0006322495,0.0131100418,0.012679685536535692
ETECOX_clean,10.32812,8.91862,10.31469,1.07802,2014.96,1869.13,0.0,0.0,0.7346,0.681437,0.0,1,0.0013949383,0.0273045548,0.027722613872500124
ETEJUJ_clean,6.80904,5.16362,6.80904,1.11208,2257.09,2029.61,0.0,0.0,0.6478,0.582511,0.0,1,0.001074775,0.0224723823,0.021314625858124957
ETICIV_clean,4.88964,3.07888,4.88964,1.37961,0.0,0.0,605.775,439.09,0.4466,0.323714,0.0,0,0.0002819544,0.0061549517,0.005713495429999997
EVADIQ_clean,7.6272,6.3767,7.6272,1.10873,1926.39,1737.47,0.0,0.0,0.6356,0.573266,0.0,1,0.0009919112,0.0199557753,0.019811219655250026
EVAKIV_clean,13.34989,4.00312,13.34989,0.730238,1776.02,2432.11,0.0,0.0,0.6852,0.938325,0.0,0,0.0015228611,0.0311626268,0.031228337284749975
EVEGOB_clean,6.69286,4.9654,6.69286,1.28252,924.55,720.888,100.648,78.477,0.5186,0.404362,0.0,1,0.0005299657,0.0097749228,0.010678889175750005
EVIMUT_clean,5.27695,4.27032,5.27695,0.98944,1543.01,1559.48,0.0,0.0,0.5212,0.526762,0.0,1,0.0007103005,0.0152101847,0.014326785673625058
EVUPOC_clean,6.33794,4.33255,6.21155,1.43397,1521.86,1061.29,0.0,0.0,0.5584,0.389408,0.0,1,0.0006539421,0.0128467441,0.012813553927499973
EVUQOC_clean,5.3745,3.92262,5.34265,1.5074,1102.05,731.093,0.0,0.0,0.4832,0.320551,0.0,1,0.0004597624,0.0098634379,0.009250719673749986
EVURAP_clean,4.91998,4.00691,4.90722,1.50366,1094.53,727.909,0.0,0.0,0.4888,0.325073,0.0,1,0.0004906354,0.0090194381,0.00947680252162501
EWIPIL_clean,5.07501,3.95522,5.05284,1.20337,1849.05,1536.56,0.0,0.0,0.602,0.500263,0.0,1,0.0008896814,0.0178131333,0.017762126159749942
EWUGEK_clean,4.25922,3.99552,4.25922,1.59647,254.293,159.284,0.0,0.0,0.3716,0.232763,0.0,0,0.0001181861,0.0019473432,0.0025111861838749954
EWUSUL_clean,11.25293,8.38573,11.25293,0.979503,1671.61,1706.59,0.0,0.0,0.7086,0.723428,0.0,1,0.0012102995,0.0239826447,0.024806524847874985
EWUTEW_clean,7.55965,4.88065,7.45386,1.29422,1660.56,1283.06,0.0,0.0,0.5852,0.452164,0.0,1,0.0007037238,0.0134874725,0.013955755181375002
EXAXAE_clean,10.76753,6.65722,10.58024,1.36537,1690.78,1238.34,127.443,93.34,0.6754,0.494666,0.0,1,0.0008450652,0.0167882138,0.01630293608762509
EXEQII_SL,7.24683,7.11371,7.24683,1.02502,1683.52,1642.43,0.0,0.0,0.597,0.58243,0.0,0,0.001090193,0.0211949994,0.020515846006999995
EXEWIO_clean,7.06551,3.91163,7.06551,1.10612,1247.35,1127.68,0.0,0.0,0.5336,0.482408,0.0,1,0.0006308531,0.0131734404,0.012868674401374952
EXOTUH_SL,6.05951,4.4083,6.05951,0.950557,1966.63,2068.92,0.0,0.0,0.6264,0.658982,0.0,0,0.0009960545,0.0210923778,0.01977551275587499
EXOZIB_clean,8.81916,5.67239,8.81916,0.860889,2066.43,2400.34,0.0,0.0,0.7104,0.825193,0.0,1,0.001474937,0.0273508789,0.02981639520262489
EYACOX_clean,8.14361,5.87215,7.68514,0.961963,2469.42,2567.06,0.0,0.0,0.6732,0.699819,0.0,1,0.0013127444,0.0277825102,0.02611635084612506
EYUWAW_clean_h,6.01873,4.52997,6.01625,1.02499,1441.95,1406.78,0.0,0.0,0.5778,0.563711,0.0,1,0.0008333747,0.0170014262,0.01675090303175004
EZABEN_clean,5.22809,3.75233,5.19001,1.80933,1456.46,804.973,0.0,0.0,0.5686,0.314261,0.0,1,0.0004510701,0.0090358752,0.009202599425749958
EZEQUX_clean,5.58794,4.86495,5.58794,1.14902,1119.33,974.163,0.0,0.0,0.4862,0.423145,0.0,0,0.0006120687,0.012298528,0.012096299064875022
EZITUE_clean,5.18743,4.58908,5.18743,1.41786,514.897,363.149,0.0,0.0,0.4536,0.319918,0.0,1,0.0002428302,0.0045247579,0.004850037086999997
EZOBUR02_clean,5.4535,4.4976,5.43411,1.36504,878.599,643.645,0.0,0.0,0.4944,0.362188,0.0,1,0.0003898196,0.0072125861,0.007852551373124973
EZOBUR_clean,6.22091,4.91314,6.06649,1.26527,1070.0,845.668,0.0,0.0,0.5366,0.4241,0.0,1,0.0004835575,0.0092294754,0.010116061641624987
EZOFEF_clean,11.22482,4.58247,11.22482,1.02492,1340.94,1308.34,253.285,247.127,0.6156,0.600633,0.0,0,0.0010702865,0.020813521,0.021288941977124977
EZUCOS_SL,6.20322,3.17591,6.17692,1.33573,0.0,0.0,1021.03,764.4,0.5296,0.396488,0.0,0,0.0005015887,0.0102893126,0.010161765689625003
EZULAO_clean,5.09593,4.42786,5.07986,1.44576,1054.74,729.539,0.0,0.0,0.5038,0.348468,0.0,1,0.0004763086,0.0097175469,0.009279873572124986
FAFDEX_clean,4.84612,4.0465,4.84612,1.4121,763.799,540.896,0.0,0.0,0.426,0.301679,0.0,1,0.000440031,0.0081026421,0.008566017965625025
FAFGAU_clean,4.21105,3.27208,4.20718,1.88279,0.0,0.0,384.116,204.014,0.4222,0.224241,0.0,1,0.0001876098,0.0035323596,0.0038007805598750106
FAFMAC_clean,6.81612,5.39086,6.79864,1.26269,1165.02,922.651,0.0,0.0,0.5508,0.436212,0.0,1,0.0004959435,0.0103018146,0.010253874218624993
FAHGAY_clean,5.42928,5.0549,5.42928,0.789805,2259.65,2861.02,0.0,0.0,0.6494,0.822229,0.0,0,0.0014927847,0.0288791781,0.029866634851375036
FAHVAM_clean,7.31415,3.20421,7.31256,1.51627,0.0,0.0,689.197,454.535,0.5072,0.334506,0.0,1,0.0003323074,0.0072174339,0.0068289832622500145
FALDAA_clean,6.52279,5.33991,6.32184,1.08899,1435.02,1317.76,0.0,0.0,0.579,0.531688,0.0,1,0.0007352823,0.0151454409,0.015199065862750034
FALLOT_clean,5.47116,3.44168,5.42276,1.84097,1146.35,622.691,0.0,0.0,0.5828,0.316572,0.0,1,0.0003769552,0.0077960588,0.007726776697999989
FALVOF_clean,6.65756,4.5203,6.48608,1.39374,1687.85,1211.03,0.0,0.0,0.5882,0.422031,0.0,1,0.0006546906,0.013188491,0.013386292201249978
FAPXOM_clean,7.22558,7.07954,7.22145,1.12985,1598.05,1414.39,0.0,0.0,0.5978,0.529098,0.0,0,0.0011320091,0.0199595847,0.02092833503337502
FAQGIP_clean,5.30496,3.71196,5.30496,1.22203,1264.33,1034.61,0.0,0.0,0.5172,0.423229,0.0,1,0.0006347329,0.0127523625,0.012622292888000002
FAQVEA_clean,4.28187,3.21093,4.24486,1.46606,0.0,0.0,320.863,218.861,0.4562,0.311175,0.0,1,0.0002857347,0.0054204045,0.005743662133999991
FARHIR_ion_b,6.8791,5.35126,6.8791,1.62906,838.805,514.901,0.0,0.0,0.3778,0.231913,0.0,1,0.000341589,0.0073840004,0.0065749370632499984
FARHOX_ion_b,6.26684,3.62781,6.26416,1.63231,1189.76,728.882,0.0,0.0,0.5338,0.327022,0.0,1,0.000470306,0.0093582358,0.009329825715749996
FASHUD_SL,4.32022,2.90284,4.32022,1.72886,0.0,0.0,573.562,331.758,0.5168,0.298926,0.0,1,0.0004256541,0.0084145642,0.008362531693999965
FASJAL_clean,3.28609,2.75862,3.28291,1.63609,0.0,0.0,0.0,0.0,0.4658,0.284704,0.0,1,0.0002940195,0.0052729486,0.005580054026375023
FATVOM_clean,4.53669,4.03212,4.53669,1.59797,796.91,498.701,0.0,0.0,0.4212,0.263584,0.0,1,0.0002492331,0.0057521868,0.005180028602166657
FAVGOB_clean,4.8913,4.26213,4.88425,1.63875,774.721,472.75,0.0,0.0,0.4632,0.282654,0.0,1,0.000279043,0.0050604547,0.0056298127703750134
FAVGUH_clean,4.86763,4.2119,4.84866,1.64912,773.676,469.146,0.0,0.0,0.4688,0.284274,0.0,1,0.000237472,0.004944289,0.005116751895500014
FAYPOM_clean,8.33734,7.34032,8.33734,0.888945,1770.92,1992.16,0.0,0.0,0.637,0.71658,0.0,0,0.0012352385,0.0234624646,0.024555002934374955
FAZPED_clean,7.63868,5.99081,7.63868,1.64589,749.747,455.527,0.0,0.0,0.4048,0.245946,0.0,1,0.0003223046,0.0063207548,0.006167314407749984
FECCIZ_clean,4.99663,3.47947,4.98801,1.68897,855.07,506.267,0.0,0.0,0.478,0.283012,0.0,0,0.0007535543,0.0092001974,0.01042720343500008
FECWOB01_clean,4.17085,3.04516,4.16284,1.57834,0.0,0.0,480.944,304.714,0.4434,0.280927,0.0,1,0.0003216796,0.0061784666,0.006211984954499998
FEFDEB_manual,13.10906,11.59751,13.10906,0.53928,2135.2,3959.36,0.0,0.0,0.77,1.42783,0.0,0,0.0027430719,0.0522781992,0.05386103079337512
FEFVES_clean,4.77641,3.28141,4.37104,1.17598,0.0,0.0,684.029,581.665,0.4808,0.408849,0.0,1,0.000452474,0.0082919898,0.008844328493624992
FEJKEM_clean,3.45598,3.08881,3.42976,2.13204,0.0,0.0,3.50827,1.6455,0.388,0.181985,0.0,1,6.76765e-05,0.0016276621,0.0014892380540000038
FEPQEW_clean,4.04938,2.86699,4.04938,1.89878,0.0,0.0,319.323,168.173,0.4636,0.244157,0.0,1,0.0002189817,0.0040408779,0.004672320962750025
FERHAN_clean,10.23981,6.40536,10.23981,0.784123,1831.24,2335.4,115.057,146.734,0.6978,0.889911,0.0,1,0.0015142035,0.0314402785,0.030935224618749965
FESTUT_clean,4.58957,3.56818,4.49102,1.91412,810.164,423.257,0.0,0.0,0.5446,0.284517,0.0,0,0.0003814329,0.0073047434,0.007584082968958327
FEWWUB_clean,13.46293,4.10343,6.99036,0.839472,1304.99,1554.54,374.213,445.771,0.6142,0.731651,0.0,0,0.0011364952,0.0225855997,0.022530217685999963
FEZREJ_clean,6.80795,5.29768,6.78405,1.3201,2032.7,1539.8,0.0,0.0,0.6256,0.473902,0.0,1,0.0008476749,0.0167238938,0.017091731097624976
FIBHIJ_clean,5.3367,3.42361,5.26159,1.29192,845.674,654.588,0.0,0.0,0.5226,0.404515,0.0,1,0.0003463564,0.0071930512,0.007448678526625004
FIBKEI_clean,12.33456,6.95883,12.32864,0.708252,2274.88,3211.97,0.0,0.0,0.7362,1.03946,0.0,1,0.0020555973,0.0411521799,0.04061604549274984
FIDRIV_clean,15.99327,15.90265,15.99327,0.698397,1517.46,2172.77,0.0,0.0,0.7102,1.0169,0.0,1,0.0017757698,0.0355734645,0.036226752728874954
FIFMIS_clean,4.83064,4.51142,4.83037,1.28879,636.461,493.845,117.284,91.0034,0.48,0.372443,0.0,1,0.0004230924,0.0082308632,0.008313196731125011
FIFPAM_clean,4.72449,3.84654,4.62424,1.03535,1611.82,1556.78,0.0,0.0,0.5846,0.564637,0.0,1,0.0006840366,0.0137983014,0.014421500480250076
FIGQUJ_clean,4.99341,2.87726,4.98836,1.49096,0.0,0.0,441.532,296.14,0.4284,0.287333,0.0,0,0.0001941843,0.0041169438,0.0040687564448749795
FIGXAU_clean,3.75003,2.82695,3.75003,2.0438,0.0,0.0,212.904,104.171,0.5098,0.249437,0.0,1,0.0002527194,0.0047580062,0.005260535491749981
FIJDEI_clean,4.05285,3.32057,3.95169,1.80622,167.541,92.7577,0.0,0.0,0.406,0.224778,0.0,1,0.0001582896,0.0034708397,0.0030208875787500066
FIJDIM07_clean,6.01552,5.19329,6.01552,1.22701,1316.88,1073.24,0.0,0.0,0.5354,0.436345,0.0,1,0.0007763487,0.0144505114,0.014906408340249935
FIJDUY_clean,5.11347,3.64709,5.11347,1.4525,1805.45,1242.99,0.0,0.0,0.5992,0.412529,0.0,1,0.0006605758,0.013094318,0.013629776007999972
FIJGEK_clean,4.71012,3.29398,4.64671,1.95767,0.0,0.0,624.76,319.134,0.4102,0.209534,0.0,0,0.0005210181,0.0062707001,0.007542519083624961
FIKTOK_clean,3.77425,2.77068,3.73727,1.91065,0.0,0.0,57.4779,30.0829,0.3544,0.185487,0.0,1,9.1087e-05,0.0016153709,0.001833907503874989
FIPKOG01_clean,6.5379,4.8064,6.53406,1.09146,1614.42,1479.13,0.0,0.0,0.5916,0.542026,0.0,0,0.0008368863,0.0166313815,0.017126975944250066
FIVQOR_clean,4.63823,4.0753,4.63823,2.18775,1209.41,552.809,0.0,0.0,0.4796,0.219221,0.0,1,0.0004699293,0.0102552533,0.008793622180374997
FIVYEP01_clean,5.69673,4.73568,5.69673,2.0333,1245.18,612.394,0.0,0.0,0.4572,0.224856,0.0,1,0.0003833012,0.0069919837,0.007689985571249997
FIZPOV_clean,6.69877,5.40684,6.69877,0.878608,2365.02,2691.78,0.0,0.0,0.6734,0.766439,0.0,1,0.0015714668,0.0306482849,0.030693558081874923
FOCZAA_clean,4.86095,4.4492,4.8459,1.39709,775.702,555.227,0.0,0.0,0.452,0.32353,0.0,0,0.00038109,0.0076317243,0.007605919068000002
FOFHAK_clean,4.16875,3.58203,4.16875,2.15496,1011.75,469.5,0.0,0.0,0.4808,0.223114,0.0,1,0.0004819247,0.0093370634,0.008847217175225002
FOFMOE_clean,4.64077,3.05558,4.2956,1.48886,0.0,0.0,295.829,198.695,0.4538,0.304798,0.0,1,0.0001759365,0.0033459583,0.0037613558623749935
FOHSAW01_clean,4.19352,3.30187,4.19352,1.65632,0.0,0.0,479.983,289.79,0.473,0.285573,0.0,1,0.0001849129,0.0041020133,0.003835928252124998
FOJPEB_clean,5.80387,3.28015,5.80387,1.42172,0.0,0.0,773.979,544.396,0.4586,0.322567,0.0,0,0.0003188283,0.0066756041,0.006721098921625026
FOJVUX_clean,3.90292,2.68796,3.90292,1.38007,0.0,0.0,115.7,83.8365,0.4328,0.313607,0.0,1,0.0001927767,0.0041508901,0.003902424567749994
FOKGET_clean,4.20139,2.77875,4.20113,1.86651,0.0,0.0,488.17,261.541,0.4828,0.258664,0.0,1,0.000262469,0.0051691354,0.0051337879697499955
FOKWIN_clean,4.14624,3.73304,4.14504,1.37748,413.35,300.078,0.0,0.0,0.4306,0.312601,0.0,0,0.0002072599,0.0043524579,0.004138829049624993
FOKYEL_clean,8.8968,8.56106,8.8968,1.19075,983.087,825.606,363.949,305.648,0.581,0.48793,0.0,1,0.0008514606,0.0163460413,0.01652059267324998
FOKYIP_clean,5.79638,3.84056,5.66635,1.22762,1981.83,1614.37,0.0,0.0,0.5912,0.481583,0.0,1,0.0008115,0.0167490683,0.016576755242374976
FOMWOV_clean,7.41662,4.5384,7.41662,0.990309,1837.3,1855.28,0.0,0.0,0.6302,0.636367,0.0,0,0.001081148,0.0217642485,0.021805667953374935
FONPUV_clean,5.63348,5.082,5.6238,1.54253,959.017,621.718,0.0,0.0,0.4556,0.29536,0.0,1,0.000385697,0.0074369925,0.007664385974499991
FOQTEL_clean,4.19018,2.78003,4.19018,1.40023,0.0,0.0,554.095,395.718,0.4784,0.341659,0.0,0,0.0002853814,0.0059309704,0.005650542676999979
FORPIM_clean,9.59156,4.26108,9.59156,1.02718,2184.13,2126.33,0.0,0.0,0.709,0.690238,0.0,1,0.0011846904,0.0230410736,0.023320236519624987
FORQIN_clean,9.58088,4.20865,9.58088,1.06074,2156.73,2033.24,0.0,0.0,0.7006,0.660485,0.0,1,0.0011339688,0.0222500347,0.022580134744874955
FOSTUE_clean,13.09568,7.43748,13.09568,0.582855,2174.14,3730.15,0.0,0.0,0.7556,1.29638,0.0,0,0.0024008395,0.050581417,0.04802663782856251
FUBNOH_clean,4.81179,3.53828,4.81179,1.32608,706.882,533.061,0.0,0.0,0.4668,0.352014,0.0,0,0.0004246097,0.0081186201,0.008295597116125049
FUHNIH_clean,5.52821,3.42388,5.52134,1.16361,1148.32,986.858,0.0,0.0,0.5352,0.459948,0.0,1,0.000769253,0.0151274343,0.015499383644125004
FULQOT_clean,5.67142,3.50634,5.66877,1.72182,1110.34,644.862,0.0,0.0,0.4972,0.288764,0.0,1,0.0004986006,0.0089946077,0.009812039344050005
FUNLAD_clean,6.24379,4.83507,6.24379,1.06947,1236.73,1156.4,0.0,0.0,0.53,0.495574,0.0,0,0.0006710566,0.0150898276,0.013726861836875014
FURFIJ01_clean,4.13712,3.42264,4.1139,1.63785,320.686,195.797,0.0,0.0,0.4366,0.266569,0.0,1,0.0002219682,0.0047905105,0.004474624775250033
FURFOP_clean,4.93892,3.56519,4.93892,1.22098,496.28,406.459,457.279,374.517,0.5202,0.42605,0.0,0,0.0004403509,0.0096950601,0.008715161594375027
FURQUF_ion_b,8.81158,7.98715,8.81158,1.41389,1094.82,774.331,0.0,0.0,0.5082,0.359435,0.0,1,0.0004080146,0.0087345992,0.008361479790000013
FUSMEM_clean,10.20459,9.2057,10.20459,1.06882,1617.37,1513.23,0.0,0.0,0.6304,0.589811,0.0,1,0.0007894046,0.0163302145,0.016610533761999967
FUSNIR_clean,11.70294,10.66498,11.70294,1.01253,1536.34,1517.33,0.0,0.0,0.6416,0.633661,0.0,1,0.0010200439,0.0185676536,0.02039458563362502
FUTYUQ_clean,7.46662,4.79581,7.42523,1.0101,2335.64,2312.29,0.0,0.0,0.6514,0.644887,0.0,1,0.0012516711,0.0249177757,0.024611469833999994
FUTZOL_clean,9.30232,6.36524,9.14367,0.891296,2041.5,2290.48,0.0,0.0,0.6794,0.762261,0.0,1,0.0013288387,0.0260332938,0.026818825689749973
FUVFUZ_clean,6.56118,5.97328,6.56118,1.8467,394.83,213.803,0.0,0.0,0.2718,0.147181,0.0,1,0.0001296316,0.0024812309,0.002563576043250007
FUWXOL_SL,4.76594,4.4337,4.74254,1.49774,1245.43,831.539,0.0,0.0,0.5154,0.344119,0.0,0,0.0006409545,0.0119474502,0.012301369950499979
FUXXIH_clean,10.16266,8.68185,10.16266,0.899748,1582.07,1758.35,0.0,0.0,0.6434,0.715089,0.0,1,0.0011120975,0.0217393555,0.02206713358099996
GADDOH_clean,8.41895,4.83802,8.38301,1.2132,1718.46,1416.47,0.0,0.0,0.6166,0.508243,0.0,1,0.0008670654,0.0179654138,0.01694252932787493
GAFRUD_clean,10.59453,5.69918,10.59344,0.768776,2454.62,3192.89,0.0,0.0,0.7144,0.929269,0.0,1,0.0017392442,0.0353952458,0.03500650242349987
GAJZIC_clean,4.74189,4.18269,4.74189,1.58149,1144.61,723.756,0.0,0.0,0.5442,0.344106,0.0,1,0.0003654909,0.0074428933,0.007570988781499982
GALHOS_ion_b,10.40242,4.28813,10.40242,0.962357,1197.69,1244.54,67.8044,70.4566,0.5764,0.598946,0.0,0,0.0007229393,0.0152044601,0.014560155581250036
GAMVAS_clean,3.72131,2.69973,3.70726,1.82538,0.0,0.0,52.4368,28.7265,0.3938,0.215736,0.0,1,0.0001103693,0.0022655382,0.0022251322960000074
GAMXAV_clean,12.82817,4.31562,12.82817,0.868866,1783.25,2052.39,0.0,0.0,0.6754,0.777335,0.0,1,0.0014387912,0.028018465,0.02779570955687499
GAPDEH_clean,4.06996,3.18947,4.05011,1.59955,0.0,0.0,291.616,182.312,0.3496,0.218561,0.0,1,0.0003034033,0.0062870654,0.005799306138374997
GAQKOB_clean,4.0449,2.86519,4.0449,1.34541,0.0,0.0,376.339,279.721,0.449,0.333727,0.0,0,0.0002192406,0.0045639629,0.004666285866625023
GARLIX_clean,5.51894,4.34952,5.51894,1.16479,1506.37,1293.26,0.0,0.0,0.5712,0.49039,0.0,1,0.0007278764,0.0150875341,0.014575261211875063
GARPAR_clean,4.88792,3.20385,4.88792,1.2842,0.0,0.0,895.178,697.072,0.5266,0.410062,0.0,1,0.0004676655,0.0086939977,0.009813558990500048
GARTIF_clean,4.43647,3.87557,4.43647,1.65372,1132.95,685.091,0.0,0.0,0.471,0.284812,0.0,1,0.0004285222,0.0083793465,0.008398249826999996
GAWCUF_clean,5.14591,3.62459,5.10569,1.20211,1101.2,916.058,0.0,0.0,0.5036,0.418931,0.0,0,0.0005045214,0.0103627096,0.010100565260500047
GAWKEW_clean,5.75147,3.14287,5.66213,3.75396,0.0,0.0,728.361,194.025,0.474,0.126267,0.0,1,0.000174568,0.0030909523,0.0035300617741875185
GAWMOI_clean,4.49519,2.62342,4.3428,1.8682,0.0,0.0,326.777,174.916,0.4266,0.228348,0.0,1,0.0002069614,0.0039336118,0.004185057586124983
GAXDIS10_clean,5.63603,3.80534,5.63603,1.31969,1996.73,1513.03,0.0,0.0,0.6636,0.502846,0.0,1,0.0006429535,0.0133234989,0.013364124880874987
GAXQIH_clean,5.17093,4.52481,5.06299,1.36553,783.142,573.505,0.0,0.0,0.4372,0.320168,0.0,0,0.0003000275,0.00643559,0.006127647194500012
GAYGAQ_clean_h,5.42545,4.61164,5.42545,1.32331,1222.55,923.858,0.0,0.0,0.5596,0.42288,0.0,1,0.0005909213,0.012618965,0.01184686226025
GEDRAK_clean,5.77362,3.92842,5.19693,1.15636,2398.21,2073.93,0.0,0.0,0.6018,0.520425,0.0,1,0.0009275058,0.0183698108,0.018766228840750045
GEDREO_clean,5.54518,3.28289,5.54518,1.31295,0.0,0.0,1181.14,899.609,0.5332,0.406109,0.0,1,0.0005732179,0.0116341263,0.011374073955250008
GEDSOZ_clean,6.10424,4.23086,6.10424,1.10708,2330.43,2105.02,0.0,0.0,0.618,0.558223,0.0,1,0.001040579,0.0204540249,0.020828436575541565
GEDSUF_clean,6.8646,4.02613,6.8646,1.20789,1460.83,1209.4,0.0,0.0,0.5606,0.464115,0.0,1,0.0007340429,0.0143079802,0.014709383779750023
GEFFUT_clean,5.01317,3.07239,4.97334,1.13405,0.0,0.0,768.603,677.751,0.5182,0.456947,0.0,1,0.0005119448,0.0099296812,0.010278487758874983
GEGBOL_clean,4.71731,3.22624,4.44524,1.22917,0.0,0.0,689.784,561.178,0.522,0.424676,0.0,1,0.0003973619,0.0080194097,0.008165943777500012
GEGGEG01_clean,4.4734,3.53731,4.46972,1.51151,780.594,516.434,0.0,0.0,0.4522,0.299171,0.0,1,0.0004467818,0.0084969045,0.008656948082375023
GEPDEM_clean,4.09249,3.45067,4.09249,1.44433,525.305,363.701,0.0,0.0,0.487,0.33718,0.0,1,0.000307663,0.0062067661,0.006260571420875003
GERNOI_clean,6.93892,3.80818,6.45255,1.05982,1273.96,1202.05,0.0,0.0,0.5412,0.510651,0.0,0,0.0006858081,0.0136033229,0.013911741214874995
GEVXIQ_clean,5.46888,4.61181,5.39982,1.67855,1326.24,790.111,0.0,0.0,0.5498,0.327545,0.0,1,0.0004175301,0.0089963643,0.008723582327874948
GEZYOB_clean,5.97203,4.53159,5.97203,1.47469,1908.41,1294.11,0.0,0.0,0.5414,0.367128,0.0,0,0.0006087945,0.0116263135,0.012616789914624959
GIFFAE_clean,5.12876,3.25577,5.12146,1.85543,0.0,0.0,1249.04,673.178,0.5526,0.297828,0.0,1,0.0004638344,0.0098150392,0.009028809406000005
GIMSUS_clean,4.94182,3.17204,4.94182,1.63504,0.0,0.0,541.618,331.257,0.4382,0.268006,0.0,0,0.0003336413,0.0061353659,0.006545067891708309
GIQYIP_clean,4.93593,3.90727,4.93593,1.7362,1686.39,971.31,0.0,0.0,0.5894,0.339477,0.0,1,0.0004942077,0.0104116812,0.0099840590815
GIRXUC_clean,9.02646,6.62876,9.00319,0.768463,2450.96,3189.43,0.0,0.0,0.7778,1.01215,0.0,1,0.0017754929,0.037618259,0.03645367929574984
GISNED_clean,16.88394,10.60987,16.88394,0.446812,2036.44,4557.7,0.0,0.0,0.8226,1.84104,0.0,0,0.0036096643,0.0705295042,0.06924905395075
GISZUD_clean,6.49431,5.39638,6.48428,1.08851,2690.71,2471.91,0.0,0.0,0.726,0.666964,0.0,1,0.0011263578,0.0209739501,0.022574879681000123
GITTOT_manual,11.41369,3.07343,11.41369,0.903406,0.0,0.0,1406.08,1556.42,0.6252,0.692048,0.0,0,0.0009358696,0.0187027366,0.018478156390999888
GITVEL_clean,15.24588,13.37948,15.24588,0.777112,1827.71,2351.93,0.0,0.0,0.724,0.931654,0.0,0,0.0015351991,0.0303099217,0.030983785671750034
GIVNOQ_clean,7.18513,5.72761,7.17339,0.897407,2341.84,2609.57,0.0,0.0,0.648,0.72208,0.0,1,0.0012517057,0.0240715086,0.025112382358124963
GIWCOF_ion_b,6.18603,4.18536,6.1755,1.09485,1872.24,1710.03,0.0,0.0,0.5864,0.535596,0.0,1,0.0008123462,0.015993698,0.01689037861212499
GIYSUD_clean,5.72746,4.12193,5.64984,1.21514,2074.82,1707.48,0.0,0.0,0.605,0.497886,0.0,1,0.0008290314,0.0158959997,0.017152106817250067
GIZXET_clean,4.75858,3.81827,4.66708,0.984908,1381.16,1402.32,0.0,0.0,0.5818,0.590715,0.0,0,0.0008827095,0.0176936578,0.0174987813605
GOLQII_clean,3.73015,3.36962,3.7227,2.16778,133.498,61.5829,0.0,0.0,0.3658,0.168744,0.0,1,9.09166e-05,0.0019333148,0.0018745076591249923
GONTAG_clean,3.69316,3.31113,3.69316,1.23517,630.32,510.311,0.0,0.0,0.5362,0.434111,0.0,1,0.0004922505,0.0110652643,0.009892765943375017
GOSKEG_clean,7.10002,5.21425,6.59335,0.943193,1754.71,1860.4,1.38955,1.47324,0.6182,0.655433,0.0,1,0.0011854958,0.0224544886,0.023058883094624984
GOSRIP_clean,4.372,2.69453,4.26367,1.80918,0.0,0.0,629.086,347.719,0.5122,0.283112,0.0,1,0.0003917173,0.0075728286,0.007588991013500011
GOXMEN_clean,5.02477,2.84713,3.58468,1.34483,0.0,0.0,265.483,197.411,0.4038,0.300261,0.0,0,0.0002067618,0.0042852394,0.004016204677625002
GOYPAN_clean,3.85595,2.62604,3.83887,1.53512,0.0,0.0,185.167,120.621,0.4784,0.311637,0.0,0,0.0001933133,0.0045227256,0.003874154485250001
GOYXID_clean,3.92669,3.05098,3.92204,2.25635,0.0,0.0,137.765,61.0567,0.3626,0.160702,0.0,1,0.0001162556,0.0021367782,0.002294802344125004
GUANZS_clean,5.10287,4.04623,5.10287,1.31647,2066.97,1570.09,0.0,0.0,0.6518,0.495113,0.0,0,0.00079817,0.0163759708,0.01622049655150005
GUBSED_clean,4.28713,3.01795,4.27044,1.39474,0.0,0.0,612.968,439.485,0.4958,0.355478,0.0,1,0.000376741,0.0075392706,0.007558210135999992
GUHPAC_clean,8.2386,5.1093,8.2386,0.972915,1925.54,1979.14,0.0,0.0,0.6264,0.643838,0.0,1,0.0010317251,0.0214790682,0.020963091959999923
GUJGAU_clean,4.66296,2.95254,4.66296,1.64426,0.0,0.0,636.356,387.016,0.4316,0.262488,0.0,0,0.0002439974,0.0050934458,0.005351796117000017
GUJGEY_clean,4.66121,2.89757,4.66121,1.69984,0.0,0.0,615.816,362.279,0.438,0.257672,0.0,0,0.0002106738,0.0047254629,0.004373710001999984
GUKFEY_clean,5.44718,4.31032,5.44265,0.953017,1818.67,1908.33,0.0,0.0,0.6068,0.636715,0.0,1,0.0010103394,0.0195314432,0.020118438288249982
GUKXIU_clean,4.00797,2.85782,3.79346,2.8046,0.0,0.0,211.355,75.3601,0.3234,0.115311,0.0,1,9.57315e-05,0.0021484878,0.0019270504641249989
GULPIN_clean,4.25802,3.49743,4.22359,1.39734,591.978,423.648,0.0,0.0,0.4574,0.327337,0.0,1,0.0003172279,0.0066194878,0.006368612039125004
GUQTOB_clean,3.95311,3.16468,3.95311,2.71398,0.0,0.0,353.909,130.402,0.4128,0.152101,0.0,1,0.0001573959,0.0030349163,0.0030657782783749966
HAFSOZ_clean,6.82545,2.91099,6.82258,1.28721,0.0,0.0,1087.16,844.587,0.5828,0.452762,0.0,1,0.0006541362,0.0133534026,0.013206941796749985
HAJDII_clean,7.11031,6.37447,7.11031,1.26291,989.015,783.122,12.4903,9.89007,0.5394,0.427108,0.0,0,0.0005027206,0.0097668486,0.010343283917500036
HAJLOU_clean,5.886,3.5289,5.886,1.35798,373.139,274.776,0.0,0.0,0.3686,0.271433,0.0,0,0.0001558571,0.0037623579,0.003225440200125004
HAJLUA_clean,5.93833,3.59787,5.73261,1.34629,399.566,296.791,0.0,0.0,0.3782,0.28092,0.0,0,0.0001977542,0.0037673855,0.004105418413125004
HAKSAQ_clean,8.06664,3.9387,8.06075,1.15948,1831.32,1579.42,0.0,0.0,0.63,0.543345,0.0,0,0.001044651,0.0206433557,0.020651918148874987
HAKTOF_clean,8.10985,2.73318,7.84132,1.46538,0.0,0.0,1193.47,814.443,0.561,0.382837,0.0,1,0.0007371262,0.0156949434,0.013987688034999987
HAKWAU_clean,7.77196,4.02298,7.7515,0.967928,1840.06,1901.03,0.0,0.0,0.6374,0.65852,0.0,1,0.0011663939,0.0229762528,0.023013467440124998
HALQUJ_clean,5.83271,4.11171,5.82021,0.775057,2252.16,2905.8,0.0,0.0,0.6658,0.859034,0.0,0,0.0013181829,0.0267809243,0.02709093183474994
HALVAU_clean,7.2529,4.09487,7.24788,1.02599,1723.2,1679.54,0.0,0.0,0.6096,0.594156,0.0,1,0.0009422073,0.01845427,0.018689416435124912
HAPHUD_clean,8.47502,6.8337,8.46296,0.827108,1882.02,2275.42,0.0,0.0,0.6618,0.800137,0.0,1,0.0013898287,0.0274541537,0.027281673619125025
HAPNUK_clean,5.80307,3.70444,5.7954,1.49676,1370.95,915.947,0.0,0.0,0.5352,0.357572,0.0,1,0.0004647616,0.0098667982,0.009511105708749957
HAPPAS_clean,5.66478,3.61524,5.6614,1.54511,1255.98,812.875,0.0,0.0,0.5282,0.341853,0.0,1,0.0004565242,0.0093831008,0.009281477502249981
HAPVAX_clean,4.77798,4.3693,4.77798,2.75276,1214.15,441.064,0.0,0.0,0.4816,0.174951,0.0,1,0.0002977317,0.005920064,0.006061128520125009
HAPVEB_clean,4.76596,4.34263,4.75951,2.7741,1216.03,438.349,0.0,0.0,0.4794,0.172813,0.0,1,0.0003000035,0.0059164625,0.005991926763875012
HASMIZ_clean,9.9371,5.9051,9.93469,0.740129,2096.9,2833.15,0.0,0.0,0.687,0.928217,0.0,0,0.0015800148,0.0330904764,0.03132985546462488
HAWREE_clean,5.95677,4.26157,5.93982,1.29463,1394.9,1077.46,0.0,0.0,0.5154,0.398107,0.0,0,0.0005726618,0.0117933791,0.011666757443999951
HAZSIL_clean,7.68408,4.67009,7.68408,1.19851,1999.16,1668.03,0.0,0.0,0.6332,0.528321,0.0,1,0.0008360084,0.0178036478,0.017219834715375096
HEBNOT_clean,6.16705,5.25559,6.16705,2.0588,1791.16,870.001,0.0,0.0,0.601,0.291917,0.0,1,0.0004732509,0.0087826568,0.009925690730124977
HEDCEA_clean,4.75561,2.92557,4.72634,1.27525,0.0,0.0,489.429,383.789,0.4862,0.381257,0.0,0,0.0003348768,0.0067040508,0.006652561521249994
HEFDON_clean,9.34267,6.30544,9.30322,1.26616,1290.92,1019.56,0.0,0.0,0.564,0.445443,0.0,1,0.0006935383,0.0134084067,0.014008146619875017
HEFFEF_clean,9.54316,8.35297,9.54316,1.17123,1191.49,1017.3,0.0,0.0,0.5608,0.478813,0.0,1,0.0006872309,0.0145776247,0.013741507354750018
HEKTAU_clean,4.87289,4.04271,4.86475,1.11842,1707.65,1526.84,0.0,0.0,0.5666,0.506605,0.0,1,0.0007306359,0.0155405798,0.014804531786125013
HENYUV_clean,4.33819,2.97954,4.33146,1.54934,0.0,0.0,402.823,259.996,0.5022,0.324138,0.0,0,0.0003233875,0.0068200726,0.006320797732375022
HEYFUM_clean,4.40012,2.73373,4.23135,2.58936,0.0,0.0,345.814,133.552,0.4726,0.182516,0.0,1,0.0001905898,0.0038651613,0.003868243139625002
HIBGEF_clean,4.68206,3.60956,4.68206,1.41956,703.501,495.576,0.0,0.0,0.4404,0.310237,0.0,0,0.0002854546,0.0067395678,0.00572432745575001
HICVOG_clean,4.78823,4.34338,4.74662,1.25646,1202.69,957.206,0.0,0.0,0.553,0.440126,0.0,1,0.0007029237,0.0144253785,0.013667152309125028
HIFTUM_clean,6.30533,4.49793,6.29978,1.16773,1014.53,868.802,0.0,0.0,0.5164,0.442225,0.0,1,0.0004342695,0.0081882839,0.008839608793625029
HIHFOV_clean,4.86314,3.46095,4.86114,1.09882,730.753,665.036,0.0,0.0,0.4806,0.437379,0.0,0,0.000560552,0.0100766956,0.011074535003499945
HIHGAI_clean,10.55614,5.67197,10.5437,1.00791,1714.99,1701.54,0.0538795,0.0534569,0.6458,0.640735,0.0,1,0.0011425517,0.0218300631,0.022422084851750016
HIQNAY_clean,6.18436,4.94333,5.98081,1.31558,928.05,705.433,194.939,148.177,0.529,0.402105,0.0,1,0.0005656981,0.0108787012,0.011092566898500014
HISGAT_clean,5.66636,4.82954,5.66636,1.37462,738.511,537.249,0.0,0.0,0.318,0.231337,0.0,1,0.0003680839,0.0078956221,0.007004757751875003
HIWKEE_clean,5.33619,3.90302,5.22967,1.1804,712.798,603.863,412.05,349.077,0.5362,0.454254,0.0,1,0.0005180078,0.010321853,0.010653084413249992
HIWLIK_clean,4.58174,3.69427,4.58174,1.68973,1137.53,673.202,0.0,0.0,0.5902,0.349287,0.0,1,0.0005005046,0.0097221671,0.009740921180624994
HIWLOQ_clean,5.62306,3.85048,5.61686,1.5787,1548.3,980.742,0.0,0.0,0.6176,0.391207,0.0,1,0.0005677766,0.0119340745,0.011521644132749986
HIYMAF_clean,4.37654,2.76711,4.36181,2.0627,0.0,0.0,338.32,164.019,0.3356,0.1627,0.0,1,0.0002810275,0.0057238689,0.005479055207750001
HIZQEN01_clean,5.09985,3.87591,5.09025,1.50728,1179.77,782.72,0.0,0.0,0.547,0.362907,0.0,1,0.0005047732,0.0105569183,0.010101734399250027
HIZQUD_clean,6.30539,5.26051,6.30539,1.49546,1378.73,921.943,0.0,0.0,0.5664,0.378747,0.0,1,0.000608295,0.0122217074,0.012230005648375026
HOBGAH_clean,4.98965,4.17051,4.98965,1.41285,672.875,476.256,0.0,0.0,0.4416,0.312561,0.0,0,0.0002145165,0.0045286816,0.004694368069250002
HOBGIP_clean,4.56618,4.05009,4.56618,1.4926,751.203,503.284,0.0,0.0,0.4242,0.284201,0.0,0,0.0003137426,0.0063579996,0.006369102096875003
HOGQIF_clean,4.41978,2.89426,4.41978,1.80256,0.0,0.0,260.638,144.593,0.3736,0.207261,0.0,1,0.0001387474,0.0028393675,0.002871264068000011
HOHMEX_manual,18.78417,14.89456,18.78417,0.315898,1578.36,4996.42,0.0,0.0,0.8756,2.77178,0.0,0,0.0053619711,0.103219381,0.10601450379149924
HOJLUP_clean,6.04405,4.68216,6.04405,0.897215,1739.4,1938.66,0.0,0.0,0.5916,0.659373,0.0,1,0.0010178131,0.019362017,0.020305687648249963
HOJPAZ_clean,4.0071,3.01444,3.78054,1.23576,0.0,0.0,174.773,141.43,0.511,0.413512,0.0,0,0.0003663005,0.0077124374,0.007422531572124984
HOKLIE_clean,5.61648,4.05301,5.61199,1.31362,1114.73,848.591,0.0,0.0,0.4902,0.373167,0.0,1,0.0004788057,0.010767705,0.00960317895050001
HOMZEP_clean,8.52957,6.78202,7.76045,1.30479,1180.46,904.71,435.839,334.03,0.602,0.461377,0.0,1,0.0009927708,0.0193107576,0.019067512777749953
HOQMIL01_clean,5.56977,4.83187,5.56337,1.16042,1122.88,967.652,0.0,0.0,0.4848,0.417781,0.0,0,0.0006046944,0.0123722713,0.011872425548875014
HOQMIL03_clean,5.60791,4.87769,5.56878,1.15397,1143.32,990.77,0.0,0.0,0.4896,0.424274,0.0,0,0.0006157558,0.0123741148,0.012418219066875034
HOQMUX_clean,4.86191,4.39042,4.86191,1.23808,888.924,717.986,0.0,0.0,0.4546,0.367182,0.0,0,0.0004258671,0.0090409206,0.008409676049750004
HOQNEI_clean,5.27742,4.83558,5.27742,1.18109,1071.17,906.928,0.0,0.0,0.4762,0.403186,0.0,0,0.0005641357,0.0110522674,0.011119685789124952
HORHAY_clean,4.10114,3.04525,4.10114,1.17808,0.0,0.0,503.221,427.153,0.503,0.426966,0.0,0,0.0003667281,0.0070573156,0.007438393299374984
HOTWUJ_clean,4.28095,3.36803,4.27939,1.98384,592.121,298.472,0.0,0.0,0.48,0.241955,0.0,1,0.0002567216,0.0056358951,0.005221171507125001
HOWJEK_clean,3.99229,3.40619,3.99097,1.96697,432.183,219.72,0.0,0.0,0.4482,0.227863,0.0,1,0.0002384252,0.0048675232,0.004936782540125006
HOWSAP_clean,6.71751,4.61596,6.71751,1.15559,1670.87,1445.9,0.0,0.0,0.5844,0.505717,0.0,1,0.00079777,0.0157702959,0.01652573004312497
HOXSUK_clean,6.8634,6.5073,6.8549,1.07828,1271.94,1179.6,0.0,0.0,0.553,0.512854,0.0,1,0.0007074646,0.0162505894,0.014121151676250028
HUCFAO_clean,5.18257,3.1685,4.9152,1.24354,0.0,0.0,1008.37,810.885,0.5162,0.415105,0.0,0,0.0005195009,0.0101650575,0.010573055086249963
HUCXIO_clean,6.71014,3.72796,6.70426,1.27761,1431.04,1120.09,0.0,0.0,0.554,0.433623,0.0,0,0.0006763569,0.0131592235,0.013491827105250043
HUCXOU_clean,6.73345,3.74488,6.72117,1.28647,1439.37,1118.85,0.0,0.0,0.5556,0.43188,0.0,0,0.0006555548,0.0127599068,0.013468920671
HUFHOH_clean,11.37997,7.84586,11.37913,0.791329,2050.25,2590.9,0.0,0.0,0.7294,0.921741,0.0,1,0.001453087,0.030098243,0.029381011767624924
HUFMUS_clean,4.79853,3.61328,4.79853,1.52895,747.86,489.132,0.0,0.0,0.4994,0.326629,0.0,1,0.0003544704,0.0065850471,0.007158004467500034
HUFYIS_clean,4.3139,3.55368,4.30056,2.21162,511.056,231.077,0.0,0.0,0.5152,0.232951,0.0,1,0.0002059068,0.004280341,0.004145795046249988
HUHJOL_clean,5.1326,3.26277,5.12759,1.44588,0.0,0.0,454.384,314.261,0.4232,0.292693,0.0,1,0.0001795908,0.0036336943,0.0038319217602499895
HULTEN_clean,5.18269,3.6406,5.1729,1.69201,1269.56,750.33,0.0,0.0,0.571,0.337469,0.0,0,0.0006472802,0.0127556993,0.01297609655208928
HUQHEI_clean,10.39855,7.33583,10.39855,0.70723,1815.66,2567.28,0.0,0.0,0.6916,0.9779,0.0,1,0.0017461308,0.0349186761,0.034548712026999946
HURFEH_clean,7.40163,5.27423,7.39913,1.02718,1852.44,1803.42,0.0,0.0,0.6308,0.61411,0.0,1,0.0009684038,0.0204900912,0.020082529637749993
HURGUX01_clean,4.95927,3.84058,4.95343,1.32588,650.018,490.253,0.0,0.0,0.4448,0.335474,0.0,1,0.0004019475,0.0072533956,0.007791087446500028
HURGUX_clean,4.97475,3.84254,4.97057,1.32525,657.853,496.398,0.0,0.0,0.4546,0.343029,0.0,1,0.0004019475,0.007534606,0.007812731804500013
HURQUG_clean,6.31098,3.21738,6.31098,1.67305,0.0,0.0,879.917,525.936,0.5212,0.311527,0.0,0,0.0003541792,0.0076025345,0.007175925655124969
HUVHIR_clean,6.43752,3.3852,6.43752,1.55619,990.748,636.65,0.0,0.0,0.5272,0.338777,0.0,1,0.0004831477,0.0090752457,0.009526493578375018
HUWSUN_clean,6.32885,4.07784,6.32149,0.837909,1976.96,2359.4,0.0,0.0,0.6126,0.731105,0.0,0,0.0011883476,0.0231677703,0.023617831829249945
HUYKUH_clean,11.74767,8.70516,11.74078,0.798853,1389.42,1739.27,15.3936,19.2696,0.6548,0.819675,0.0,0,0.0011859636,0.0244221912,0.023900765181874985
HUZLIY_clean,5.13042,3.32571,5.12351,2.29627,857.325,373.355,0.0,0.0,0.4596,0.200151,0.0,0,0.0003474883,0.0075340909,0.006888179986499984
HUZXAD_clean,11.46912,7.77199,11.4651,0.64457,2049.85,3180.18,0.0,0.0,0.7146,1.10865,0.0,1,0.001903021,0.0397941855,0.03820867217049994
HUZXOR_clean,11.426,7.94889,11.41586,0.669497,1905.96,2846.85,0.0,0.0,0.7086,1.05841,0.0,1,0.0017595086,0.0367046113,0.03624228503412488
HUZXUX_clean,9.29118,6.23555,9.29118,0.722566,1940.52,2685.59,0.0,0.0,0.6812,0.942751,0.0,1,0.0015558222,0.0293498266,0.03133225924387489
IBABOF01_clean,5.88201,4.55805,5.8327,1.10239,1625.66,1474.66,0.0,0.0,0.5558,0.504176,0.0,0,0.0007946705,0.0158302406,0.016262908945249985
IBABOF_clean,5.93645,4.5492,5.93645,1.10165,1649.71,1497.5,0.0,0.0,0.558,0.506515,0.0,0,0.0008641567,0.0161953594,0.016848398865249983
IBACAS_clean,6.00206,4.65234,5.82846,1.09941,1650.0,1500.81,0.0,0.0,0.5576,0.507182,0.0,0,0.0007896169,0.016530157,0.01617762860437497
IBASOV_clean,7.32486,5.10994,7.32486,1.82355,868.952,476.517,0.0,0.0,0.451,0.24732,0.0,0,0.0003105607,0.0056570329,0.006152728918812484
IBICED_clean,10.07018,9.94208,10.07018,1.22593,1035.72,844.843,0.0,0.0,0.5562,0.453697,0.0,0,0.0006204588,0.0119423556,0.012266286701124993
IBIRES_clean,6.08051,3.77232,6.05891,1.56855,1166.99,743.994,0.0,0.0,0.5416,0.345287,0.0,1,0.0004234019,0.008487963,0.008790215467687462
IBIYOI_ion_b,5.57969,4.82285,5.52558,1.97565,709.524,359.134,0.0,0.0,0.437,0.221193,0.0,1,0.0002024895,0.0044499196,0.004270549837750006
IBUBAL_clean,8.56175,6.50064,8.56175,1.3766,1598.36,1161.09,0.0,0.0,0.5934,0.431061,0.0,1,0.0007261936,0.0136752562,0.014319820582750019
IBUDOZ_clean,5.08668,4.25333,5.08214,1.48919,879.713,590.733,0.0,0.0,0.5098,0.342334,0.0,1,0.000335836,0.0072910202,0.007041736119375019
ic025743v_s1_clean,5.43084,3.59671,5.41371,0.985749,2031.66,2061.03,0.0,0.0,0.67,0.679686,0.0,1,0.0008977016,0.0182449686,0.01877364624775
ic0520162si20051122_054857_clean,4.22657,2.78898,4.22657,2.15998,0.0,0.0,97.2432,45.0204,0.4316,0.199817,0.0,0,8.98822e-05,0.0017527021,0.0018731027572499851
ic060030osi20060309_091447_clean,7.66338,4.13517,7.08387,1.45852,1622.05,1112.12,0.0,0.0,0.6038,0.41398,0.0,1,0.0006922301,0.0130686966,0.013886273262874975
ic060608urom20060410_101638_clean,4.58785,3.57723,4.32835,1.52818,688.664,450.644,0.0,0.0,0.5224,0.341845,0.0,0,0.00042093,0.0077696123,0.008287801276262514
ic060771psi20060614_113937_clean,5.26056,3.44551,5.26056,1.3794,1193.29,865.074,0.0,0.0,0.5622,0.407567,0.0,1,0.0005627133,0.0118328864,0.011466987702749955
ic100188w_si_002_clean,7.49679,5.33186,7.49523,1.88994,791.307,418.693,0.0,0.0,0.3762,0.199054,0.0,0,0.0003040351,0.005819934,0.005611208833249998
ic402280p_si_002_clean,4.83974,2.7849,4.76646,1.84667,0.0,0.0,304.448,164.863,0.438,0.237183,0.0,1,0.000176905,0.0029403758,0.003629121246074987
ic402692p_si_003_clean,5.22305,3.60975,4.94835,1.24721,1324.38,1061.87,0.0,0.0,0.5356,0.429439,0.0,1,0.0007082964,0.0149446552,0.013703988914249976
ic402692p_si_005_clean,8.36657,7.12488,8.36657,1.09017,2068.01,1896.96,0.0,0.0,0.651,0.597155,0.0,1,0.0010857981,0.0218789164,0.021345450820249967
ic403134c_si_002_clean,5.082,3.77684,5.05347,1.04512,1065.89,1019.88,0.0,0.0,0.4842,0.463297,0.0,0,0.0005776196,0.0135507428,0.011592412640749974
ic5011133_si_002_clean,5.81331,3.76182,5.80948,1.18896,1513.31,1272.8,0.0419839,0.0353114,0.5602,0.471167,0.0,1,0.000705888,0.0149220114,0.013932943569375012
ic501898x_si_005_clean,4.55913,2.84233,4.53369,1.386,0.0,0.0,789.001,569.263,0.4746,0.342423,0.0,0,0.0004012961,0.0077954403,0.008075409107916681
ic502643m_si_007_clean,13.1918,11.62964,13.1918,0.690929,2270.17,3285.68,0.0,0.0,0.7542,1.09157,0.0,1,0.0021241543,0.0417832675,0.041949900245000095
ic502643m_si_009_clean,12.65736,11.14997,12.63796,0.678305,2348.61,3462.47,0.0,0.0,0.757,1.11602,0.0,1,0.0021853771,0.0429643573,0.04325628612350005
ic502725y_si_004_clean,9.62394,4.35849,9.62394,1.57097,2049.09,1304.34,0.0,0.0,0.6364,0.405099,0.000509239,0,0.0007141515,0.0138660726,0.014355337763000043
ic5b00535_si_002_clean,17.88281,5.61829,17.88281,0.59819,1804.02,3015.8,0.0,0.0,0.749,1.25211,0.000668684,0,0.0021237353,0.0429596248,0.043753625969999904
ic7014034-file001_clean,6.72718,4.71693,5.67099,0.945137,1965.67,2079.78,0.0,0.0,0.6212,0.657259,0.0,1,0.0010292171,0.0203196875,0.02087559400199993
ic8004536-file004_clean,6.6968,4.95321,6.255,1.67243,1875.63,1121.5,0.0,0.0,0.609,0.364141,0.000119587,1,0.0005331907,0.011359382,0.011049201183125029
ICAQIO_clean,20.39112,7.95732,20.39112,0.40349,1914.78,4745.53,0.0,0.0,0.8268,2.04912,0.0,0,0.0040699283,0.0786730964,0.07885483473512468
ICIZOL_clean,4.66454,3.07422,4.31426,1.23139,0.0,0.0,613.128,497.913,0.5064,0.411241,0.0,1,0.0004955571,0.0100007006,0.010043363475625025
ICOYIK_clean,4.99706,3.19605,4.99329,1.57134,0.0,0.0,680.908,433.329,0.479,0.304835,0.0,1,0.0003821154,0.0077909084,0.0075455309370000105
IDEYOF_clean,10.03153,6.17304,10.03153,0.42881,2478.11,5779.04,0.0,0.0,0.8074,1.88288,0.0,1,0.003886649,0.0699891607,0.07372736317950014
IDIWUN_clean,10.73827,9.8398,10.73827,0.874765,1685.19,1926.45,0.0,0.0,0.684,0.781924,0.0,0,0.0013514362,0.027091752,0.026936339450500044
IDUDES_clean,4.4794,2.97646,4.4794,1.27416,0.0,0.0,657.369,515.924,0.5018,0.393829,0.0,0,0.0004603112,0.0100843105,0.009468173534500015
IFENOY_clean,7.29661,5.78947,7.29661,1.34939,546.821,405.234,0.0,0.0,0.4514,0.33452,0.0,0,0.0002113149,0.0044235258,0.004565730245749996
IFEYIB_clean,5.67304,3.77404,5.54772,1.56953,1870.34,1191.66,0.0,0.0,0.6516,0.415157,0.0,1,0.0006403693,0.0120481113,0.01304796946499999
IFUXOW_clean,5.75578,2.87381,5.73819,1.23287,0.0,0.0,1395.4,1131.83,0.5806,0.470935,0.0,1,0.000621301,0.0120830999,0.012837393916250005
IGIZEF_clean,4.69926,3.5008,4.58086,1.87274,282.887,151.055,108.889,58.1444,0.4116,0.219785,0.0,1,0.0002675435,0.0048109023,0.005211083172999993
IGOJEV_clean,6.84915,5.33678,6.8307,1.1268,1367.78,1213.86,0.0,0.0,0.5334,0.473376,0.0,0,0.0007782799,0.0153113868,0.015474992474874955
IJASOC_clean,6.30976,5.8805,6.27431,1.0194,1983.73,1945.99,0.0,0.0,0.653,0.640576,0.0,1,0.0008716486,0.0199329342,0.018017844304500034
IJEVIE_clean,6.39858,3.56516,6.38456,1.47483,1314.49,891.28,0.423263,0.286991,0.5748,0.389739,0.0,1,0.0006479019,0.0128457014,0.012987072840874983
IJUTEM_clean,7.42822,3.46008,7.42822,1.4496,1196.69,825.529,190.636,131.509,0.5614,0.38728,0.0,0,0.000982278,0.0135592346,0.016862616759750027
IKEBUV01_clean,4.90885,3.89845,4.88149,1.28693,1923.5,1494.65,0.0,0.0,0.6236,0.484565,0.0,1,0.0007344243,0.014778126,0.014972600412875035
IKEBUV_clean,4.87862,3.88747,4.8574,1.29691,1916.47,1477.73,0.0,0.0,0.6176,0.47621,0.0,1,0.0007202704,0.0144651701,0.014653995134124985
IKETOH_manual,13.20001,6.4144,13.20001,0.879595,2120.61,2410.89,0.0,0.0,0.713,0.810601,0.0,1,0.0015550814,0.0310370517,0.031558005710999947
IKOKEA_clean,6.08904,3.3904,6.07977,1.63594,1155.87,706.549,0.0,0.0,0.5166,0.315782,0.0,0,0.000774435,0.0106969493,0.012725735855125065
IKOPIJ_clean,5.93474,4.94123,5.93474,1.12209,2241.63,1997.73,0.0,0.0,0.5918,0.527408,0.0,1,0.000939855,0.0178267688,0.019057392783750012
IKOQII_clean,4.83665,3.16343,4.83665,1.17628,0.0,0.0,470.334,399.848,0.5636,0.479137,0.0,0,0.0003253585,0.0069626732,0.006553863430125011
IKOSOQ_clean,5.18747,4.15785,5.187,1.04558,711.454,680.438,252.551,241.541,0.5228,0.500009,0.0,1,0.0006450885,0.0120324126,0.012455666387624971
IKOVAH_clean,16.06628,15.68836,16.05839,1.01053,1521.53,1505.68,0.0,0.0,0.6416,0.634917,0.0,1,0.0012524842,0.0249695648,0.024320079336999957
ILECIN_clean,4.56784,2.62927,4.39537,1.14451,0.0,0.0,561.319,490.444,0.5344,0.466924,0.0,0,0.0004459458,0.0091527884,0.008738556889749994
ILIMUN_clean,6.19427,4.05594,6.18143,1.18958,950.094,798.68,0.0,0.0,0.473,0.397619,0.0,0,0.0004368356,0.0090327657,0.008567087186750035
ILITUT_manual,12.63372,9.84913,12.63125,0.49196,2089.33,4246.95,0.0,0.0,0.786,1.59769,0.0,1,0.0028474424,0.059561734,0.057340940519499624
ILOTOT_clean,4.12508,3.17559,4.11568,1.43009,0.0,0.0,259.474,181.44,0.393,0.274808,0.0,0,0.0001364489,0.0030502545,0.002881415528000002
ILUFOL_clean,7.10624,3.06586,7.10592,1.59676,0.0,0.0,603.154,377.736,0.4902,0.306997,0.0,1,0.0003713213,0.0063669041,0.007433104659249992
ILUHON_clean,7.0969,3.0903,7.07606,1.53277,0.0,0.0,600.316,391.655,0.4938,0.322163,0.0,1,0.0003110683,0.0062386488,0.006324877540125
ILUJIJ_clean,7.16071,3.15378,7.16071,1.52527,0.0,0.0,614.248,402.714,0.4956,0.324926,0.0,1,0.0002941739,0.0063418746,0.006325268957749977
INESIE_clean,4.15862,2.63435,4.09466,1.47296,0.0,0.0,121.669,82.602,0.4302,0.292066,0.0,0,0.000134021,0.0027440812,0.0026557647193750024
INIXOT_clean,3.98278,3.32513,3.98278,1.84127,266.343,144.652,0.0,0.0,0.4098,0.222564,0.0,1,0.0003594739,0.0068408064,0.00667495296837497
INOMIJ_clean,7.95221,7.58337,7.95221,0.978026,1630.8,1667.44,0.0,0.0,0.607,0.620638,0.0,1,0.0011847188,0.0230122262,0.02227245684337504
INOVEN_clean,6.5916,4.86656,6.58623,1.1112,2296.52,2066.7,0.0,0.0,0.6394,0.575413,0.0,1,0.0010450496,0.0211455787,0.021060512213374936
IPICOA_clean,5.44441,4.81551,5.37454,1.57966,1489.86,943.154,0.0,0.0,0.6242,0.395149,0.0,0,0.0006397578,0.0123007075,0.012810291570624972
IPIDUH_clean,5.17469,3.85894,5.16774,1.5676,1161.37,740.859,0.0,0.0,0.5352,0.341413,0.0,1,0.000398502,0.0080956704,0.00826536819325002
IPIHIA_clean,4.19682,3.6848,4.18995,1.35995,968.941,712.483,0.0,0.0,0.4832,0.355307,0.0,1,0.0003935671,0.007709991,0.008253329946000006
IPIJEY_clean,5.9118,5.17695,5.9118,1.3358,1030.18,771.213,0.0,0.0,0.4974,0.372363,0.0,1,0.0005163558,0.0096671385,0.010430140034875008
IQEKOG_clean,6.56789,4.70003,6.53165,0.994726,2095.71,2106.82,0.0,0.0,0.6568,0.660283,0.0,1,0.0011208751,0.0220500254,0.022492530265874965
IQIDES_clean,4.41091,3.06466,4.32573,1.33382,0.0,0.0,619.188,464.22,0.518,0.388357,0.0,0,0.0005809451,0.0123754833,0.01135168222087497
IQOKIK_clean,6.46497,4.73774,6.45982,0.941841,1852.78,1967.19,0.0,0.0,0.5902,0.626645,0.0,1,0.0009554385,0.0194824839,0.019362064359250038
IQUCOO_clean,6.46968,5.45118,6.44712,1.037,1366.21,1317.47,0.0,0.0,0.5412,0.521892,0.0,1,0.0008981227,0.0166217288,0.017307131109750126
IRAJER_clean,5.44662,5.0231,5.44662,2.01995,992.271,491.236,0.0,0.0,0.4872,0.241195,0.0,0,0.0005166458,0.0101070031,0.00965375641424996
IRISAD_clean,3.55041,3.37764,3.54765,2.02637,457.974,226.007,0.0,0.0,0.5816,0.287016,0.0,0,0.0004770694,0.0096423927,0.009228851456249985
IROHAZ_clean,4.52679,2.88571,4.51817,4.4706,0.0,0.0,254.201,56.8605,0.364,0.0814208,4.47e-05,1,6.96925e-05,0.0012624467,0.0014575262782499988
ISIYOZ01_clean,3.99213,2.80137,3.95177,2.22064,0.0,0.0,308.316,138.841,0.4398,0.198051,0.0,0,0.0001709474,0.0035441603,0.003454514743645845
ISUCUV_clean,5.63872,3.87203,5.63872,1.06793,1382.56,1294.62,0.0,0.0,0.5686,0.532434,0.0,1,0.0008264157,0.016478594,0.01656993352312505
ISUGIN_clean,6.04571,2.89186,6.04571,2.18598,0.0,0.0,339.886,155.485,0.424,0.193964,0.0,0,0.0001717369,0.0033256357,0.0034814122571250102
ISUGOT_clean,6.0411,2.94156,6.03863,2.13035,0.0,0.0,341.624,160.36,0.4272,0.20053,0.0,0,0.0001867323,0.0034278719,0.0037434283668750052
ITAPAU_clean,4.795,4.07473,4.77797,1.13588,2690.44,2368.6,0.0,0.0,0.6968,0.613446,0.0,1,0.0008192062,0.0163570422,0.016555674836124884
ITIWAK_clean,5.0332,4.12661,5.01239,1.10257,950.216,861.818,65.1005,59.0442,0.5042,0.457294,0.0,0,0.0005264929,0.0115058813,0.010806735188000018
IVIXIW_clean,3.69588,3.20784,3.69588,1.83643,0.0,0.0,96.2341,52.4027,0.328,0.178607,0.0,1,6.1503e-05,0.0011914898,0.0013262428608750022
IVOGUX_clean,5.27459,4.52668,5.27459,1.48634,1223.66,823.275,0.0,0.0,0.5418,0.36452,0.0,1,0.0005294636,0.0104533154,0.010517266714374963
IWAYEK_clean,9.36738,4.35185,9.36738,1.20213,1638.24,1362.78,0.0,0.0,0.576,0.479148,0.0,1,0.0008100885,0.0154894525,0.01604525677100004
IWELIG01_clean,4.6866,4.49829,4.6866,1.86798,511.71,273.938,140.313,75.1146,0.3994,0.213814,0.0,0,0.0003195299,0.0068339648,0.0061852905338750045
IWOSUJ01_clean,5.00717,3.11982,4.90374,1.37206,0.0,0.0,586.133,427.192,0.461,0.335992,0.0,0,0.0004201013,0.0086454691,0.008133534694750028
IWOTAQ_clean,5.03988,3.11819,5.03988,1.34559,0.0,0.0,604.473,449.225,0.4676,0.347506,0.0,0,0.0004287188,0.0088759862,0.008117324529000013
IXAMEA_clean,4.43443,3.24991,4.43165,1.95953,0.0,0.0,498.604,254.451,0.4838,0.246896,0.0,1,0.0004374336,0.0086120719,0.008500037886125017
IXEQIL_clean,4.46131,3.00612,4.46131,1.93071,0.0,0.0,214.702,111.204,0.3764,0.194954,0.0,1,0.0001652433,0.00323364,0.0035355972391666684
IXIPAG_clean,7.26036,3.75863,5.90499,3.37203,985.803,292.347,369.675,109.63,0.5588,0.165716,0.0,1,0.0002169891,0.004491124,0.004275749884500002
IXIPEK_clean,7.04096,3.63154,5.75307,3.49876,924.617,264.27,341.824,97.6986,0.5428,0.155141,0.0,1,0.0002037955,0.0042036743,0.004165965270124985
IXIPIO_clean,7.45471,4.20487,6.02758,3.27069,1181.85,361.346,334.28,102.205,0.5696,0.174153,0.0,1,0.0002350715,0.0048696756,0.0048143476826249905
IXOFUX01_clean,6.87071,6.41176,6.84188,1.00146,1800.87,1798.25,0.0,0.0,0.6308,0.629881,0.0,0,0.0011270709,0.0218182899,0.02196969726099994
IXUWII_clean,7.47721,5.13969,7.4691,0.925259,1534.87,1658.86,0.0,0.0,0.5898,0.637443,0.0,0,0.0010197787,0.0202817035,0.02035703934924993
IXUWOO_clean,6.5953,3.20621,6.55588,1.07583,0.0,0.0,1101.94,1024.27,0.5128,0.476656,0.0,0,0.0005521507,0.0141207914,0.011666914364999992
IYASOS_clean,5.79357,5.23786,5.68144,1.42202,1531.27,1076.83,0.0,0.0,0.5756,0.404777,0.0,1,0.0006977122,0.0137377131,0.013890793182874967
IYAYUE_clean,6.14666,4.14311,6.14666,1.13268,1552.87,1370.97,0.0,0.0,0.598,0.527951,0.0,1,0.0009010846,0.0173750835,0.01760440332025003
IYEQUA_clean,4.07083,3.14703,4.06592,1.31059,0.0,0.0,276.61,211.058,0.4676,0.356786,0.0,0,0.0002319881,0.0042777959,0.004834591094125009
IYOWID_manual,20.51668,7.7477,20.51668,0.405068,1929.7,4763.89,0.0,0.0,0.822,2.02929,0.0,0,0.0037726307,0.0771420177,0.0766085481019997
IYUCIQ_clean,9.96651,8.62113,9.96126,0.918137,1921.78,2093.13,0.0,0.0,0.6824,0.743244,0.0,0,0.001307574,0.0261733547,0.026180366462749967
IYUHOA_clean,7.25841,4.65632,7.2501,1.15015,1882.43,1636.69,0.0,0.0,0.5978,0.519759,0.0,0,0.0009444008,0.0190527247,0.018554586478749968
IYUHUG_ion_b,9.1569,7.01562,9.1569,0.894019,1922.0,2149.85,0.0,0.0,0.6824,0.763294,0.0,0,0.0012827348,0.0253620991,0.026379491652749963
IYUQEZ_clean,14.23268,4.75487,14.22709,0.637403,1240.77,1946.61,289.582,454.315,0.6812,1.06871,0.0,1,0.0018821834,0.0365852072,0.03834402996737494
IZEWAN_clean,9.04728,8.48639,9.03641,0.87931,1735.67,1973.9,0.0,0.0,0.6642,0.755365,0.0,1,0.0014167178,0.0285713285,0.02782829538537496
IZOWAW_clean,18.94727,10.51321,18.93676,1.00603,1791.25,1780.51,0.0981256,0.0975376,0.7888,0.784073,0.0,1,0.0015627305,0.029624548,0.0298570527483749
IZUMUM_clean,5.57902,4.64149,5.57902,1.29431,1246.48,963.048,0.0,0.0,0.5324,0.411338,0.0,0,0.0004646147,0.0096696681,0.009892863558624952
IZUVUV_clean,10.56188,10.34053,10.56188,0.902736,1518.51,1682.12,0.0,0.0,0.6572,0.728009,0.0,1,0.0011138256,0.0226925337,0.022118002849974946
ja302380x_si_003_clean,6.15862,4.38483,5.85392,1.07794,1748.54,1622.12,0.0,0.0,0.6004,0.556988,0.0,1,0.0009053869,0.0174455676,0.018000473286624994
ja4012707_si_003_clean,5.77734,4.61223,5.7686,1.06481,2227.7,2092.11,0.0,0.0,0.671,0.630159,0.0,0,0.0011943411,0.0217603669,0.02298641083237498
ja4012707_si_005_manual,4.21154,3.07955,4.20571,1.28541,0.0,0.0,1016.19,790.553,0.601,0.467554,0.0,0,0.0005572498,0.0113282848,0.011277971452500028
ja406030p_si_003_clean,14.29207,10.12824,14.29207,0.648977,1825.21,2812.44,0.0,0.0,0.775,1.19419,0.0,1,0.0023801333,0.0442828627,0.046989695656075116
ja507269n_si_002_clean,27.33946,23.18439,27.33946,0.358752,1494.97,4167.13,0.0,0.0,0.865,2.41113,0.0,1,0.0042680892,0.0883321162,0.0895196044400001
ja507269n_si_003_clean,27.20941,25.54914,27.20941,0.339031,1450.85,4279.41,0.0,0.0,0.869,2.56319,0.0,1,0.0048825885,0.0965518937,0.0976169104422499
ja510525s_si_003-1_clean,10.94267,8.40951,10.74622,0.792307,2099.13,2649.38,0.0,0.0,0.6954,0.87769,0.000252427,1,0.0017842547,0.032508536,0.034161624447875
ja512973b_si_003_auto,21.33814,8.58252,20.92518,0.403686,1883.32,4665.31,0.0,0.0,0.8204,2.03227,0.000495434,0,0.003731575,0.0759755044,0.07648445494012475
ja5b02777_si_002_clean,3.7991,2.89148,3.7991,1.4852,0.0,0.0,236.94,159.535,0.4766,0.3209,0.0,1,0.0003473387,0.0071280376,0.006740855616625018
ja5b02777_si_006_clean,3.70012,2.88428,3.69529,1.48055,0.0,0.0,189.684,128.118,0.4896,0.330689,0.0,1,0.0002977189,0.006797914,0.006112069651000004
ja5b02999_si_003_clean,14.70244,11.79351,14.69456,0.775127,1933.94,2495.0,0.0,0.0,0.7872,1.01557,0.0,1,0.0019372579,0.0388143756,0.03877977002425011
ja809985t_si_002_clean,22.77836,8.92569,22.41884,0.406231,1793.65,4415.34,0.0,0.0,0.8602,2.11751,0.0,0,0.0041043227,0.0819500634,0.08105164669937509
jacs.5b12516_ja5b12516_si_004_clean,8.49651,6.78307,8.47146,1.40015,1810.97,1293.41,0.0,0.0,0.6308,0.450522,0.0,1,0.0006770649,0.0131998347,0.013773979120375052
jacs.6b02030_ja6b02030_si_002_clean,9.27827,8.57062,9.27827,1.61278,1536.21,952.52,0.0,0.0,0.6184,0.383437,0.0,1,0.0006680697,0.0139725319,0.013115922503249978
jacs.6b06759_ja6b06759_si_003_clean,15.38405,7.99425,15.37857,0.667947,2168.98,3247.23,0.0,0.0,0.7722,1.15608,0.000299425,0,0.0022704598,0.0443095777,0.045236856920625027
jacs.6b06759_ja6b06759_si_004_clean,15.4905,7.85668,15.48477,0.558595,2165.23,3876.2,0.0,0.0,0.7746,1.38669,0.000358041,0,0.0025654638,0.0534272302,0.051477058261374914
jacs.6b08724_ja6b08724_si_014_clean,28.056,26.5894,28.056,0.284192,1417.0,4986.05,0.0,0.0,0.8798,3.09579,0.0,1,0.0059297256,0.1175307065,0.11986793852375137
JAHNEM02_clean,3.46248,2.64816,3.46248,1.73087,0.0,0.0,2.82803,1.63388,0.3364,0.194353,0.0,0,5.70039e-05,0.0010179263,0.001229741529749996
JAJKUD_clean,5.4506,2.86562,5.4506,1.414,0.0,0.0,812.904,574.897,0.5,0.353607,0.0,0,0.0004168711,0.0082557154,0.008565358731500033
JAJLEO_clean,5.44394,2.82962,5.44394,1.47647,0.0,0.0,800.898,542.441,0.4786,0.324151,0.0,0,0.0003861991,0.0078499891,0.007549205845750006
JAKBIJ_clean,5.97609,4.07891,5.95911,0.794839,2068.46,2602.36,0.0,0.0,0.6772,0.851997,0.0,0,0.001210174,0.0243022691,0.025453053962124876
JALPAQ_clean,3.97561,2.90565,3.97561,1.6608,0.0,0.0,84.2654,50.738,0.3694,0.222423,0.0,1,0.0001486896,0.0025251604,0.002892457443500002
JEDJUY_clean,5.0551,4.14906,5.0551,1.66961,1339.59,802.333,0.0,0.0,0.4474,0.267966,0.0,1,0.0004966557,0.0102963147,0.009425113589375011
JEYXOB_clean,4.25762,2.77868,4.15332,2.00793,0.0,0.0,498.807,248.419,0.42,0.209171,0.0,0,0.0002847941,0.0054316023,0.005482612155250004
JILWOR_clean,10.37997,3.63188,10.37997,1.43849,1318.22,916.388,0.0,0.0,0.5592,0.38874,0.0,0,0.0008883209,0.0134668197,0.015214879520875016
j.inoche.2015.01.025_INC05862-mmc1_clean,5.32737,2.69056,5.32598,1.50699,0.0,0.0,553.825,367.505,0.4944,0.328072,0.0,1,0.0003064986,0.006975668,0.006288353164124992
j.inoche.2015.12.019_1_clean,6.46265,4.53541,6.46076,1.0284,1784.75,1735.46,0.0,0.0,0.5772,0.561258,0.0,0,0.0009791899,0.0192545125,0.01922664885837503
JISVAJ_clean,8.23303,6.49522,8.23303,0.862534,2413.26,2797.87,0.0,0.0,0.71,0.823156,0.0,1,0.001505934,0.0289128575,0.030578813298999946
JIZJEJ_clean,10.34811,9.92334,10.34811,1.06947,1137.02,1063.16,0.0,0.0,0.5768,0.53933,0.0,0,0.0008382604,0.0155286704,0.016588256054999972
JIZJUZ_clean,10.30863,9.86894,10.26273,1.07331,1114.06,1037.97,0.0,0.0,0.5706,0.531626,0.0,0,0.0007548514,0.015413983,0.015093991113124953
JIZWOG_clean,5.77811,5.24857,5.77811,1.0286,1416.31,1376.93,0.0,0.0,0.5656,0.549873,0.0,0,0.0008498261,0.0164510597,0.017083678180750028
JOFKIA_clean,6.957,5.13094,6.957,1.57886,1125.97,713.155,0.0,0.0,0.5264,0.333406,0.0,1,0.0004101776,0.0084953161,0.008341388680749963
JOKWOV_clean,5.03424,2.86104,5.03424,1.95756,0.0,0.0,791.27,404.213,0.5492,0.280553,0.0,1,0.0004215711,0.0080616486,0.008257396479875008
JOKXEM_clean,4.6554,3.9457,4.65434,1.57353,726.052,461.416,0.0,0.0,0.5004,0.318011,0.0,1,0.0002272368,0.0047781146,0.004861372612250004
JOKYAJ_clean,4.98975,3.80682,4.92018,1.55283,739.05,475.936,0.0,0.0,0.512,0.32972,0.0,1,0.0002475806,0.0051116767,0.004960068284000007
JORBAV_clean,5.6025,5.15328,5.59565,1.72417,1077.57,624.98,31.7982,18.4426,0.5402,0.31331,0.0,1,0.0004003646,0.0076475172,0.008025644011624998
JOVROD_clean,4.79644,3.03624,4.79644,0.798989,0.0,0.0,1255.51,1571.37,0.6486,0.811776,0.0,1,0.0008751811,0.017198599,0.01704960112674995
JUCXEK_clean,7.06758,6.25925,7.06758,2.58085,1392.56,539.574,0.0,0.0,0.5948,0.230467,0.0,1,0.0003411594,0.0067281697,0.007158375984374993
JUFBIX_clean,5.04128,2.68626,4.5732,1.55778,0.0,0.0,185.336,118.974,0.373,0.239444,0.0,0,0.000153819,0.0031467713,0.0029851479214999966
JUPNAL_clean,3.64386,3.28199,3.63941,1.47701,0.0,0.0,251.735,170.435,0.4578,0.30995,0.0,1,0.0002739869,0.0062427061,0.00534827338187499
JUQTOG_clean,7.0124,3.08649,6.99734,1.28641,0.0,0.0,1319.65,1025.84,0.5754,0.447292,0.0,0,0.0006864929,0.0131691457,0.01346309288724998
JUQVAU_clean,7.11924,4.2578,6.73222,1.25075,1718.51,1373.98,0.35167,0.281167,0.5804,0.464042,0.0,1,0.0008521113,0.0156615907,0.01658844609737503
JURKIS_clean,7.21804,4.89996,7.21804,1.05199,1093.71,1039.66,0.0,0.0,0.5258,0.499814,0.0,1,0.0005785703,0.0118591604,0.01184928229875
JUSKAL_clean,5.98148,5.50358,5.98148,1.39089,683.78,491.614,0.0,0.0,0.4456,0.320371,0.0,1,0.0002984002,0.0059751824,0.006034701777625006
KAFTUI_clean,5.18489,3.11952,5.15884,1.51856,0.0,0.0,476.848,314.012,0.4642,0.305683,0.0,1,0.0002592899,0.0057502604,0.0052367436179999996
KAHKUB_clean,4.39885,2.69675,4.39711,0.991264,0.0,0.0,733.27,739.732,0.5264,0.531039,0.0,0,0.0005767487,0.012223754,0.011458779535750013
KAHYID_clean,8.93039,4.11514,8.89727,1.11173,2249.06,2023.03,0.0,0.0,0.7014,0.630911,0.0,1,0.0010009333,0.020796631,0.020170125044625026
KAHYUP_clean,8.96058,4.23716,8.87271,1.11708,2278.94,2040.08,0.0,0.0,0.7126,0.637912,0.0,1,0.0011112925,0.0218609855,0.022310245288374945
KAKCAD_clean,9.06904,5.14285,6.93826,0.88724,1840.24,2074.12,0.0,0.0,0.6138,0.691809,0.0,1,0.0011879565,0.0235648395,0.023216459674749976
KAKCEH02_clean,9.05571,8.66764,9.05571,1.03977,1417.11,1362.9,0.0,0.0,0.5874,0.564931,0.0,0,0.0009152945,0.0181667565,0.018283915980125062
KAKCEH_clean,9.06296,8.67891,9.0551,1.03141,1421.05,1377.78,0.0,0.0,0.5742,0.556714,0.0,1,0.0009002897,0.0184095619,0.01797981064574998
KARNID_clean,13.04357,6.77607,13.04357,0.899644,2279.39,2533.66,0.0,0.0,0.69,0.76697,0.0,1,0.0014919175,0.0292454387,0.029141696443249977
KASRED_clean,7.65199,6.36839,7.38295,0.889824,2356.91,2648.74,0.0,0.0,0.6808,0.765095,0.0,1,0.0014440861,0.0276190408,0.028121864393750015
KAVTUY_clean,5.22962,4.08985,5.19903,2.0701,676.869,326.975,0.0,0.0,0.424,0.204821,0.0,1,0.0001988782,0.0039555722,0.004219409670624994
KECRAL12_clean,6.84524,5.44973,6.84445,1.04937,2682.68,2556.47,0.0,0.0,0.7656,0.729579,0.0,1,0.0011321005,0.0226213387,0.02283425388512494
KEDJAG04_clean,5.58759,4.3837,5.56019,1.07026,3013.15,2815.34,0.0,0.0,0.6894,0.644141,0.0,0,0.0010985254,0.0217847606,0.022196445699874966
KEDJAG08_clean,5.61357,4.40385,5.61357,1.06606,3021.96,2834.71,0.0,0.0,0.6918,0.648934,0.0,0,0.0010925334,0.0219026024,0.022154922623999956
KEDJAG10_clean,5.6275,4.42824,5.62604,1.06272,3031.79,2852.86,0.0,0.0,0.692,0.651159,0.0,0,0.0011065147,0.0223040636,0.022176808090000017
KEDJAG14_clean,5.64072,4.46761,5.621,1.05911,3041.81,2872.03,0.0,0.0,0.6942,0.655454,0.0,0,0.0010985254,0.0228333532,0.022414452931249985
KEDJAG26_clean,5.76062,4.63585,5.58828,1.03565,3107.22,3000.25,0.0,0.0,0.7004,0.676287,0.0,0,0.0011244907,0.023426557,0.022854302251000033
KEDQAN_clean,6.47084,4.69781,6.47084,1.24227,903.446,727.254,0.0,0.0,0.4856,0.390897,0.0,0,0.0005010968,0.0090669373,0.009911955496000052
KEFBOO_clean,11.98728,8.05488,11.98728,0.72084,2302.73,3194.5,0.0,0.0,0.7462,1.03518,0.0,1,0.0020268012,0.0397608201,0.04056139307399986
KEFFEI01_clean,3.96931,2.79019,3.96931,2.17482,0.0,0.0,235.891,108.464,0.421,0.193579,0.0,0,0.0001468681,0.0029847969,0.0030910406892500075
KEGZOL04_clean,6.38911,4.90295,6.38911,0.984664,2559.58,2599.45,0.0,0.0,0.7106,0.721667,0.0,0,0.0011324511,0.0223311418,0.022753909804874836
KEHGOV_manual,3.60734,2.84874,3.60371,1.5991,0.0,0.0,60.1048,37.5865,0.4262,0.266524,0.0,0,0.0001410542,0.0028977437,0.0031362490323749996
KEJBOQ_clean_h,5.17871,3.9347,5.17066,1.30921,1037.24,792.266,0.0,0.0,0.5384,0.411242,0.0,1,0.000560829,0.0115057584,0.011187917289999974
KEJQAR_clean,10.40713,2.61296,10.40713,0.968939,0.0,0.0,1814.26,1872.42,0.6902,0.712326,0.0,0,0.0013652897,0.0241593038,0.025650119445749985
KEVWUF_clean,9.52723,4.19884,9.52723,1.04193,2188.13,2100.07,0.0,0.0,0.7092,0.680658,0.0,1,0.001161562,0.0223446504,0.023122973577125006
KEWNUX_clean,10.50155,5.22557,10.50155,1.81291,2313.92,1276.36,0.0,0.0,0.6966,0.384245,0.0,1,0.0006622229,0.0130986121,0.013674127555624945
KEXFIC10_clean,4.89247,3.74563,4.89153,1.59304,659.951,414.272,0.0,0.0,0.4988,0.313112,0.0,1,0.0002356814,0.0044825532,0.004782065889500015
KIBDEF_clean,4.31904,3.92279,4.31686,2.00589,798.722,398.188,0.0,0.0,0.4762,0.2374,0.0,1,0.0003040697,0.0062015102,0.006024880335250002
KIGCEK_clean,10.39364,10.27787,10.39364,0.990795,1293.94,1305.96,0.0,0.0,0.603,0.608602,0.0,1,0.000872383,0.0179736179,0.01748131524249995
KILJEV_clean,3.8471,3.18487,3.8471,1.95946,0.0,0.0,152.458,77.8064,0.3714,0.189542,0.0,1,0.0001333895,0.0025521077,0.0026693281685000007
KINDIW_clean,4.37637,3.36633,4.37637,1.59147,434.713,273.153,24.8126,15.591,0.4372,0.274715,0.0,0,0.0002729561,0.0061844055,0.005385661611624986
KINROQ_clean,9.89689,4.84005,9.89689,1.30206,1987.71,1526.59,0.0,0.0,0.6598,0.506735,0.0,1,0.0006491456,0.0138896221,0.013956360220875024
KISVEO_clean,12.37009,6.46344,11.80655,2.21622,1903.3,858.806,0.0,0.0,0.6734,0.303851,0.0,1,0.0005865142,0.0110504613,0.011025429904874984
KIVFAY_clean,6.23242,4.28797,6.23242,1.46353,1355.07,925.895,0.0,0.0,0.5256,0.359132,0.0,1,0.0005437734,0.0111922472,0.010817931378249983
KIVFEC_clean,6.2609,4.2583,5.97896,1.47095,1347.56,916.116,0.0,0.0,0.5236,0.355961,0.0,1,0.0005731582,0.0111419254,0.011589339884499963
KIYBIF_clean,4.0985,3.15807,4.06139,1.35327,0.0,0.0,214.116,158.221,0.4506,0.33297,0.0,1,0.0002440098,0.004817137,0.004800637099124995
KIYQOA_clean,4.76031,3.94678,4.76031,1.3892,1043.7,751.292,0.0,0.0,0.5312,0.382377,0.0,1,0.0005693847,0.0104281747,0.011218056915250013
KOBFIR_clean,7.61968,5.81939,7.61968,0.929894,1834.94,1973.28,0.0,0.0,0.6418,0.690186,0.0,0,0.001253903,0.0242244339,0.023953084277875
KOCCUC_clean,9.17407,6.81795,9.17407,1.04186,1636.71,1570.96,6.29699,6.044,0.6142,0.589525,0.0,1,0.0010146802,0.019692875,0.020482299411375027
KOFPEB02_clean,7.34058,5.07386,7.34058,1.77151,892.32,503.707,0.0,0.0,0.46,0.259666,0.0,0,0.0002988117,0.006083586,0.005881358080499995
KOFPEB04_clean,7.23942,4.91036,7.23942,1.7997,891.039,495.105,0.0,0.0,0.4576,0.254265,0.0,0,0.0003098789,0.0058522836,0.006182374895249983
KOGJOG_clean,4.59413,3.10287,4.5748,2.00575,0.0,0.0,681.872,339.959,0.4802,0.239412,0.0,1,0.0002973272,0.0057064337,0.005844122817499997
KOGYIP_clean,5.27845,4.86254,5.27845,1.3895,794.839,572.034,0.0,0.0,0.4714,0.33926,0.0,1,0.0002993967,0.0056951179,0.006162770468875018
KOKKOL_clean,5.52004,3.68761,5.13882,1.35428,964.882,712.469,2.40449,1.77548,0.5008,0.369791,0.0,1,0.0005543095,0.0107121988,0.01111881778699997
KOLYUH_clean,6.17756,3.26072,6.15317,0.999417,0.0,0.0,999.475,1000.06,0.5466,0.546919,0.0,1,0.0006402539,0.0132523477,0.012897796577500023
KOMGUP_clean,4.68805,3.52352,4.66923,1.59631,799.407,500.784,0.0,0.0,0.5144,0.322243,0.0,0,0.0004143665,0.0079099262,0.008084451538749992
KOMHAW_clean,4.30719,2.83423,4.30719,1.67254,0.0,0.0,377.967,225.983,0.4924,0.294402,0.0,1,0.0002386724,0.006058068,0.0049676113000000025
KOSJOT_clean,11.15761,9.87899,11.15761,1.18127,1568.08,1327.45,0.0,0.0,0.6374,0.539589,0.0,1,0.001082744,0.0218899511,0.021599572801750056
KOVJAI_clean,5.14485,3.87668,5.14485,1.59025,1739.3,1093.73,0.0,0.0,0.5728,0.360194,0.0,1,0.0005585974,0.0112895527,0.011518069469874954
KUCDIW_clean,15.32957,4.28733,15.14716,0.82417,1410.27,1711.14,0.0,0.0,0.6424,0.779451,0.0,0,0.0010834877,0.0207874197,0.021826288076458245
KUDLUR_clean,7.15013,5.00794,7.15013,1.94765,848.423,435.613,0.0,0.0,0.4292,0.220368,0.0,0,0.0002709176,0.0052498293,0.005457097917000034
KUFVAK_clean,6.38663,4.81205,6.34996,0.850503,2611.85,3070.95,0.0,0.0,0.6758,0.794589,0.0,1,0.001629057,0.0310954041,0.031592949168375045
KUFVEO_clean,4.96195,3.39873,4.94972,1.1582,1396.85,1206.05,0.0,0.0,0.5244,0.452772,0.0,1,0.0006788794,0.0138097451,0.013801073021750002
KUJNEJ_clean,12.51834,7.61249,12.51295,0.637007,2148.52,3372.84,0.0,0.0,0.739,1.16011,0.0,0,0.0021520908,0.042118084,0.0421584158686253
KUJNUZ_clean,8.0106,6.50203,7.98579,1.08206,1519.03,1403.83,0.0,0.0,0.6028,0.557085,0.0,1,0.0008810072,0.0173119031,0.017652146494624966
KUJPAH_clean,10.82391,6.6625,10.80154,0.808261,1985.69,2456.74,0.0,0.0,0.6988,0.864572,0.0,1,0.0015547914,0.0297530543,0.03145268837875001
KULLAG_clean,8.67819,7.37101,8.67819,0.808147,1895.46,2345.44,0.0,0.0,0.644,0.796885,0.0,1,0.0013959688,0.0261516016,0.027105485944125016
KULMIP_clean,3.31897,2.75107,3.31628,2.07709,0.0,0.0,0.0,0.0,0.408,0.196428,0.0,1,0.0001057553,0.0021985965,0.002133607729125007
KUMGIK_clean,4.46757,3.79797,4.46575,1.34004,1684.26,1256.87,0.0,0.0,0.5592,0.417301,0.0,0,0.0006488252,0.0136876503,0.013372969271625007
KUNRAO_clean,5.17272,3.17773,5.17272,1.2255,0.0,0.0,1092.63,891.578,0.57,0.465115,0.0,1,0.0006524312,0.0130659465,0.013278348606000029
KUTRUO_clean,6.83473,3.59668,6.83473,1.18846,813.826,684.776,8.77654,7.38483,0.5106,0.429633,0.0,0,0.000433624,0.009235545,0.008790046729125037
KUVMIZ_clean,15.75075,11.00764,15.73688,0.361001,1774.59,4915.74,0.0,0.0,0.8214,2.27534,0.0,1,0.0041500057,0.083147911,0.08518948644450017
KUXVIJ_clean,4.0859,2.79794,4.06826,1.96099,0.0,0.0,203.003,103.521,0.4398,0.224274,0.0,1,0.0001041592,0.0019488732,0.002097919115625002
KUYLOH_clean,4.21519,2.71358,4.21519,1.58742,0.0,0.0,215.704,135.884,0.4418,0.278314,0.0,1,0.0001866205,0.0044985353,0.003700065398125014
KUZZAI_clean,6.29773,3.71971,6.29294,1.09675,1370.58,1249.67,0.0,0.0,0.5312,0.48434,0.0,1,0.0006580232,0.0138620802,0.013742707605624967
la304204k_si_003_clean,7.26398,5.93484,7.26398,0.928582,1704.47,1835.57,0.0,0.0,0.6226,0.670485,0.0,1,0.0010610486,0.0219059218,0.0208344439002499
LABPOV_clean,5.38943,3.83465,5.38943,1.71242,444.245,259.426,0.0,0.0,0.4352,0.254144,0.0,1,0.0001442875,0.0028120719,0.002881993730500002
LABRUE_clean,7.57658,5.24596,7.57658,1.02746,1360.51,1324.14,0.363733,0.354011,0.5524,0.537636,0.0,1,0.000790135,0.0157700919,0.016249704647249993
LACBID_clean,10.30601,6.64118,10.28692,0.805914,2114.88,2624.2,0.0,0.0,0.7002,0.868827,0.0,1,0.001511079,0.0306186264,0.0305966601125
LACZEX_clean,9.30565,6.85906,9.27959,0.706361,2166.56,3067.21,0.0,0.0,0.6788,0.960982,0.0,1,0.0017680446,0.0368656143,0.03504065172787487
LADQOZ_clean,6.39416,5.57332,6.29797,1.14467,684.064,597.606,672.069,587.128,0.5646,0.493241,0.0,1,0.0007591957,0.0145293524,0.015421911875999991
LAFQUG_clean,12.86913,4.98724,12.65799,0.728838,1735.49,2381.17,147.1,201.828,0.6744,0.925308,0.0,0,0.0016341637,0.0336060147,0.032545508419125055
LAFRER_manual,13.05445,5.12975,13.05445,0.705732,1930.45,2735.39,0.0,0.0,0.696,0.986211,0.0,0,0.0017292552,0.035222569,0.034091752993249944
LAGNAK_clean,5.49382,4.32281,5.47087,1.02346,1865.76,1823.0,0.0,0.0,0.633,0.618491,0.0,1,0.0009505781,0.0196001483,0.019085490122250012
LAGPAM_clean,5.52911,4.43587,5.49964,1.29684,1347.35,1038.95,0.0,0.0,0.5314,0.409766,0.0,1,0.0007295135,0.0131146629,0.014354244531824984
LAGTIY_clean,8.49333,5.93464,8.49333,1.13024,2517.32,2227.25,0.0,0.0,0.7308,0.646591,0.0,1,0.0011844717,0.0249440538,0.023091231921499988
LAGVOG_clean,7.38705,6.71212,7.38296,0.935187,2320.11,2480.9,0.0,0.0,0.6728,0.719428,0.0,1,0.0013279587,0.0273260257,0.026661449848750046
LAKFIN_clean,8.38907,7.72449,8.38907,1.20127,2069.83,1723.03,0.0,0.0,0.6742,0.561239,0.0,0,0.0008801738,0.0184836508,0.01794808964262494
LAMFIO_clean,4.66583,3.98613,4.66523,1.50136,697.933,464.867,0.0,0.0,0.541,0.360339,0.0,1,0.0002805446,0.0056729703,0.005887639772499989
LAMGUB_clean,4.96165,3.84451,4.96165,1.56907,690.851,440.295,0.0,0.0,0.504,0.32121,0.0,1,0.0002172568,0.0047036484,0.004650589370375018
LAPLEW01_clean,5.51479,4.08174,5.5069,1.06599,2203.59,2067.17,0.0,0.0,0.6184,0.580117,0.0,0,0.0010213547,0.0228349047,0.02016226832924999
LAPZIO_clean,15.30437,8.24294,15.30437,0.552463,2030.06,3674.57,0.0,0.0,0.7882,1.4267,0.0,1,0.0028800555,0.0575680953,0.055865921954500124
LARNEA_clean,4.57019,3.30547,4.02594,1.70236,0.0,0.0,854.913,502.194,0.4874,0.286309,0.0,1,0.0003825884,0.0082013748,0.007557791572875005
LARVIM_clean,10.82294,9.52295,10.82294,1.0693,1503.49,1406.04,81.7206,76.4241,0.6418,0.600203,0.0,1,0.0010514973,0.0218433721,0.02089278207037502
LASDEQ_clean,13.8531,8.72821,13.84085,0.762381,2268.77,2975.9,0.0,0.0,0.7444,0.976415,0.0,1,0.0017544267,0.0369848203,0.03613995803212503
LASMAV_neutral,8.35947,4.46891,5.6634,1.04829,1752.03,1671.32,0.0,0.0,0.5968,0.569309,0.0,1,0.0008934204,0.0180205283,0.018049500938375037
LAVTEJ_clean,6.93182,6.57314,6.93182,1.58977,1549.61,974.742,0.0,0.0,0.5672,0.356782,0.0,0,0.0005880723,0.01367409,0.012237967120375021
LAVTUZ_clean,6.84748,6.45021,6.84748,1.66996,1548.02,926.977,0.0,0.0,0.5682,0.340247,0.0,0,0.00064484,0.013485013,0.013058632130500047
LECFAC_clean,9.81867,4.43769,9.81443,0.838672,2179.96,2599.3,0.0,0.0,0.7164,0.854207,0.0,1,0.0015217095,0.0311292583,0.031331670747249935
LEHXUT_clean,24.94881,9.11981,13.96328,0.407171,1936.47,4755.92,0.0,0.0,0.8288,2.03551,0.0,1,0.0036688324,0.0796861402,0.0767086467279999
LELDUD_clean,16.5482,9.24625,16.5482,0.458126,1992.46,4349.15,0.0,0.0,0.829,1.80955,0.0,1,0.0034653876,0.0702881946,0.06782584956074988
LEMHAM_clean,3.9751,3.37818,3.9751,2.10772,426.208,202.213,0.0,0.0,0.4398,0.208662,0.0,1,0.0002385813,0.0047602047,0.0048614025188750045
LEQVIN_clean,4.74953,2.67924,4.74953,1.90009,0.0,0.0,835.262,439.591,0.4584,0.241252,0.0,0,0.0004722306,0.0095878119,0.00861355182562502
LEVDIB_clean,12.81022,4.05785,12.67653,0.771367,2135.54,2768.51,0.0,0.0,0.6982,0.905146,0.0,1,0.0016237012,0.0332638635,0.03219164270025003
LEVNOQ_clean,5.91307,3.93225,5.91307,0.947393,1555.93,1642.33,0.0,0.0,0.5826,0.614951,0.0,1,0.0010405448,0.0199508928,0.02064756779162492
LEYRAK_clean,9.5213,4.16248,9.5213,1.04525,2148.73,2055.7,0.0,0.0,0.7006,0.670268,0.0,1,0.0011313598,0.0226502322,0.022692693593749966
LEZXAR_clean,6.92017,3.56103,6.91993,3.0017,1355.71,451.646,4.12818,1.37528,0.5278,0.175834,0.0,1,0.0002533742,0.0051678248,0.005041739608874995
LICSUM_clean,3.55956,2.75719,3.47205,1.39208,0.0,0.0,38.9767,27.999,0.423,0.303863,0.0,1,0.0002238185,0.0043733425,0.004186137677500023
LIDZUV_clean,5.12552,3.77339,4.88815,1.54716,456.013,294.742,0.0,0.0,0.3458,0.223506,0.0,0,0.0002903996,0.0053078606,0.005528121958000013
LIJNOJ_clean,4.87208,3.58717,4.87208,1.2994,528.572,406.782,0.0,0.0,0.416,0.320148,0.0,0,0.000270033,0.0056481899,0.005316914189291675
LIPQOR_clean,9.96385,4.33568,9.96385,0.897942,1931.52,2151.05,198.042,220.551,0.6648,0.74036,0.0,1,0.0012565195,0.0241767292,0.025284029110750002
LIVTIT_clean,5.03218,4.49412,5.03218,0.873833,1850.2,2117.34,0.0,0.0,0.6576,0.752547,0.0,1,0.001140843,0.0223083707,0.02283237057412506
LIWVIY_clean,5.89138,4.8352,5.89138,1.26516,1787.77,1413.07,0.0,0.0,0.6376,0.503967,0.0,1,0.000723981,0.0148741598,0.014506485571624983
LODKIA_clean,6.01281,4.49425,5.60772,1.02042,1998.25,1958.27,0.0,0.0,0.6138,0.601518,0.0,1,0.0010670194,0.0207104984,0.02134231333774993
LODPOK_clean,6.03379,4.847,6.02677,1.05247,1500.99,1426.17,0.0,0.0,0.5354,0.50871,0.0,1,0.000836143,0.0168713742,0.016861684811375025
LOFCUF_clean,4.92056,3.12506,4.85331,1.58715,0.0,0.0,491.214,309.495,0.451,0.284158,0.0,1,0.0002533903,0.0049027318,0.005261964375500004
LOFVUY_clean,8.04365,4.63845,8.04358,1.07811,1889.15,1752.28,0.0,0.0,0.626,0.580647,0.0,1,0.0009397424,0.018844947,0.01868009309537489
LOGXEM_clean,11.7072,8.5205,11.7072,1.40177,1826.91,1303.29,0.0,0.0,0.6678,0.476399,0.0,0,0.0007308278,0.0144642272,0.01499207671937503
LOJLAZ_clean,6.04161,4.90341,6.00485,1.78682,1392.9,779.539,0.0,0.0,0.5636,0.31542,0.0,1,0.0005089143,0.0104063749,0.01027518206274999
LOJNAA_clean,4.81582,2.75514,4.78314,1.60964,0.0,0.0,427.026,265.292,0.4538,0.281926,0.0,1,0.0002030424,0.0045585501,0.003999839656499978
LOLQIM_clean,4.98566,2.73336,4.98566,1.79928,0.0,0.0,762.52,423.793,0.516,0.286782,0.0,1,0.0004450454,0.0088291797,0.008818583379875001
LOLREL_clean,8.50343,6.96426,8.50343,1.36486,1470.9,1077.7,0.0,0.0,0.5994,0.439167,0.0,1,0.0007357079,0.0143895472,0.01474353979050005
LOLVAJ_clean,4.04776,3.6459,4.03742,2.02495,342.226,169.005,0.0,0.0,0.431,0.212845,0.0,0,0.0001404381,0.002366531,0.003043546236000003
LONWIW_clean,6.32722,5.3124,6.00348,0.832586,2332.25,2801.21,0.0,0.0,0.6626,0.795834,0.0,1,0.0013988507,0.0287095198,0.02774314954937509
LOQSEQ_clean,4.56007,2.72619,4.52807,1.27817,0.0,0.0,348.284,272.485,0.4612,0.360827,0.0,0,0.0002483999,0.0053819988,0.004856329861500001
LOQSOA_clean,4.80314,3.14023,4.78401,1.30488,0.0,0.0,372.6,285.543,0.4468,0.342406,0.0,0,0.000269677,0.0057933302,0.005558954603250008
LORMOW_clean,5.15517,3.73399,5.14768,1.63871,712.948,435.067,0.0,0.0,0.4168,0.254347,0.0,1,0.0002235567,0.0050661398,0.004729936668999978
LORRUH_clean,6.15081,3.36993,6.15081,1.38382,906.777,655.273,0.0,0.0,0.48,0.346867,0.0,1,0.0003660298,0.0075901102,0.007654857736624978
LOXWEC_clean,7.26238,6.47995,7.26238,1.2744,1043.86,819.095,0.0,0.0,0.5004,0.392655,0.0,0,0.0004683672,0.0092999369,0.009526100228999966
LOZSAW_clean,4.38663,2.68416,4.38663,1.01242,0.0,0.0,716.85,708.055,0.523,0.516583,0.0,0,0.0006189268,0.0112820931,0.012097661738249953
LUBNAZ_clean,8.26904,7.02568,8.25431,1.05459,2068.88,1961.78,0.0,0.0,0.642,0.608768,0.0,1,0.0010628763,0.0215003237,0.021203634461999896
LUDLED_clean,13.17739,6.65728,13.17739,0.881906,2096.4,2377.12,0.0,0.0,0.7118,0.807115,0.0,1,0.0015983499,0.031582751,0.03161178865625001
LUDLIH_clean,13.23241,6.67449,13.22045,0.876399,2107.58,2404.81,0.0,0.0,0.7124,0.812871,0.0,1,0.0016299941,0.0318391328,0.031484341481125035
LUDVUB_clean,5.40241,3.13712,5.16406,1.85106,0.0,0.0,613.784,331.585,0.489,0.264172,0.0,0,0.00024687,0.0050035612,0.005008726318625013
LUFNAC01_clean,7.70412,5.87256,7.69288,1.02639,1471.97,1434.12,0.0,0.0,0.566,0.551448,0.0,1,0.0009845012,0.0197071096,0.019134885958875147
LUFNAC02_clean,7.66591,5.85542,7.65462,1.02962,1488.42,1445.6,0.0,0.0,0.5648,0.548553,0.0,1,0.0009823657,0.0195319922,0.01930382904387513
LUFNAC03_clean,7.68055,5.84066,7.66172,1.02599,1463.18,1426.13,0.0,0.0,0.565,0.55069,0.0,1,0.0009610098,0.0199035827,0.019302723647125087
LUFQUZ01_clean,4.13433,3.66293,4.13433,1.49707,741.631,495.388,0.0,0.0,0.4688,0.313145,0.0,1,0.000368267,0.0084345687,0.007250699197749987
LUJBAV_clean,4.98599,3.44797,4.98599,1.46601,380.372,259.461,0.0,0.0,0.3928,0.267938,0.0,1,0.0002262892,0.0042161262,0.004489035396999999
LUKREO_clean,4.04002,3.66815,4.04002,1.33832,308.401,230.438,0.0,0.0,0.4326,0.323241,0.0,1,0.0002354152,0.0045235366,0.00480905878612502
LULWUL_clean,3.64523,3.2818,3.64523,1.41495,0.0,0.0,243.003,171.739,0.3778,0.267005,0.0,1,0.0003703548,0.0071473663,0.007125331510500017
LUMMAJ_clean,3.60227,2.93149,3.60227,1.61896,0.0,0.0,69.6794,43.0396,0.4432,0.273756,0.0,1,0.0001815758,0.0031172208,0.0035725721168749936
LUMYEZ_clean,6.00702,4.53801,6.00702,1.30429,1992.95,1527.99,0.0,0.0,0.6142,0.470906,0.0,1,0.000755167,0.0160916023,0.015320714924874954
LUMYOJ_clean,5.98976,4.51852,5.98976,1.3118,1973.17,1504.17,0.0,0.0,0.6186,0.471565,0.0,1,0.0008174323,0.0158138031,0.016504054617749973
LUMYUP_clean,6.15923,4.54415,6.13245,1.2924,1996.56,1544.85,0.0,0.0,0.6166,0.477097,0.0,1,0.0008030634,0.016551408,0.01626732112137504
LUNBAX_clean,5.92168,4.6498,5.91414,1.91328,2588.47,1352.9,0.0,0.0,0.676,0.353321,0.0,1,0.000563573,0.0108638385,0.011451777368499998
LUPYAX_clean,7.54991,6.34934,7.53102,1.01424,2199.81,2168.93,0.0,0.0,0.6806,0.671046,0.0,1,0.0010524706,0.0234096534,0.021790921208874964
LUSHIR_clean,5.64907,5.07129,5.64636,1.2313,1163.45,944.9,0.0,0.0,0.5004,0.406401,0.0,0,0.0005958075,0.0116441208,0.012019113033375018
LUSJEP_clean,6.10412,5.49511,6.10412,1.18923,1245.03,1046.92,0.0,0.0,0.5248,0.441293,0.0,0,0.0006534664,0.0135557318,0.013347511234874952
LUVTAY_clean,10.30257,9.44256,10.2197,1.08662,1146.97,1055.54,0.0,0.0,0.5838,0.537262,0.0,1,0.0007713452,0.0156738574,0.01563059980987499
LUWMEX_clean,5.64862,4.46205,5.64805,1.16543,1755.8,1506.57,0.0,0.0,0.5904,0.506596,0.0,1,0.0008437303,0.0164888324,0.016972220941499985
LUWMIB_clean,6.46125,4.54999,6.46125,1.13178,2301.96,2033.92,0.0,0.0,0.6152,0.543567,0.0,1,0.0009867233,0.020278271,0.019814745634999957
LUYSEF_clean,4.81614,3.46612,4.554,1.34495,1416.38,1053.11,0.0,0.0,0.6156,0.457711,0.0,1,0.0006405644,0.0130716473,0.012957667235999948
LUZJAT_clean,8.19723,7.01697,8.18474,1.37403,1823.93,1327.44,0.0,0.0,0.6136,0.44657,0.0,1,0.0008081632,0.0159556817,0.015845091868374964
MABKIK01_clean,5.51433,5.20447,5.51433,1.39065,845.278,607.831,0.0,0.0,0.4446,0.319707,0.0,0,0.0003195627,0.0065394936,0.006452689982750005
MAFJIO_clean,10.24604,5.19927,9.76441,0.774705,2445.7,3156.94,0.0,0.0,0.7196,0.92887,0.0,1,0.0017124573,0.0343874113,0.03471525604862496
MAGCUU_clean,5.53566,2.64045,5.53455,0.933009,0.0,0.0,800.732,858.226,0.5044,0.540617,0.0,0,0.0004912196,0.0096791388,0.009912218461624982
MAGNEQ_clean,5.32617,4.14354,5.3111,1.10004,2360.03,2145.41,0.0,0.0,0.6692,0.608342,0.0,1,0.0008772062,0.0180482947,0.01775389212612504
MAGVOG01_clean,3.75071,3.05593,3.74757,1.79514,0.0,0.0,194.02,108.081,0.526,0.293013,0.0,1,0.0001237226,0.0026446858,0.002612428348500005
MAGVOG03_clean,3.66626,3.00986,3.66626,1.80948,0.0,0.0,139.44,77.0607,0.5256,0.29047,0.0,1,0.0001323015,0.0023863879,0.0026084271612500055
MAGVOG04_clean,3.59179,3.07435,3.59179,1.82288,0.0,0.0,94.3728,51.7713,0.522,0.28636,0.0,1,0.0001019824,0.0024213926,0.0021407935499999867
MAGVOG23_clean,3.54406,2.98963,3.54406,1.81212,0.0,0.0,70.7465,39.0406,0.5232,0.288722,0.0,1,0.0001108025,0.0019977523,0.002230952630875009
MAGVOG28_clean,3.62042,3.02827,3.62042,1.80007,0.0,0.0,107.553,59.7491,0.5278,0.29321,0.0,1,0.0001157638,0.0023863879,0.002383142198125013
MAGVOG31_clean,3.66117,3.04425,3.66117,1.79247,0.0,0.0,133.111,74.261,0.5302,0.295793,0.0,1,0.0001240326,0.0024128482,0.002503138456125013
MAGVOG35_clean,3.73829,3.07384,3.73829,1.78309,0.0,0.0,182.955,102.606,0.5344,0.299705,0.0,1,0.0001306477,0.0026179154,0.0027322543371250184
MAGVOG_clean,3.64024,2.80137,3.64024,1.78872,0.0,0.0,95.6406,53.4687,0.5274,0.294848,0.0,1,8.93035e-05,0.0020556342,0.0019529405553749884
MAHCEG_clean,18.51843,7.97271,18.51843,0.531149,2149.05,4046.05,0.0,0.0,0.8144,1.53328,0.0,1,0.0027879371,0.0603307962,0.05600448003087484
MAKGAJ_clean,8.49976,6.89727,8.49976,1.31953,1515.96,1148.87,0.0,0.0,0.5704,0.432276,0.0,0,0.0007283031,0.014757515,0.014405444303500032
MAKHAJ_clean,5.36353,4.34017,5.23294,1.65348,1412.13,854.037,0.0,0.0,0.5972,0.361179,0.0,0,0.0006215943,0.0111362271,0.012197813774833319
MALSIE_clean,16.8944,16.81333,16.8944,0.672143,1349.09,2007.15,0.0,0.0,0.767,1.14113,0.0,1,0.0022105278,0.0447342779,0.0448747505491247
MALWOM_clean,4.33227,3.16942,4.27766,1.77992,0.0,0.0,715.294,401.869,0.5544,0.311475,0.0,0,0.000469314,0.0089899348,0.009140915862125015
MALWUU_clean,4.24807,2.98977,4.2372,1.95493,0.0,0.0,486.984,249.105,0.4672,0.238985,0.0,0,0.0003283694,0.006725042,0.0064501422938750075
MANDUD_clean,8.1447,5.93208,8.1447,0.901348,2323.1,2577.36,0.0,0.0,0.6668,0.739781,0.0,1,0.0012319895,0.0261427348,0.02561641151337503
MAPCUE_clean,5.3952,3.72256,5.3952,1.47049,1163.8,791.435,0.0,0.0,0.504,0.342742,0.0,0,0.0005224784,0.0097195811,0.010648050392499995
MAPHAP_clean,4.44624,2.68084,4.43788,1.52115,0.0,0.0,517.818,340.412,0.5052,0.332117,0.0,1,0.0003849448,0.0074783264,0.007572665597874994
MAQJEW_clean,3.08024,2.67956,3.08024,2.0036,0.0,0.0,0.0,0.0,0.3686,0.183969,0.0,0,5.09885e-05,0.0010794996,0.0010372521676249974
MAQRAA_clean,6.97366,6.05295,6.96579,1.20561,1541.67,1278.75,0.0,0.0,0.5886,0.488218,0.0,1,0.0008255284,0.0168778648,0.016158741251625072
MARJAQ_clean,10.63499,10.4191,10.6339,1.83144,1181.22,644.965,1.00954,0.551229,0.5826,0.31811,0.0,1,0.0006841916,0.0137460313,0.013064536118874927
MASZOX_clean,6.20608,3.81259,6.16409,1.48643,1158.39,779.31,0.0,0.0,0.5192,0.349294,0.0,1,0.0004426418,0.0091236288,0.008827588130374988
MATHEV_clean,3.84188,2.65767,3.81662,2.1752,0.0,0.0,377.192,173.406,0.3942,0.181225,0.0,0,0.0001788083,0.0037845787,0.0035697127148749965
MATTUX_clean,6.25712,5.16476,6.25712,1.06941,1603.09,1499.04,0.0,0.0,0.5648,0.528144,0.0,1,0.0009099406,0.0172241536,0.017908285603500104
MAVFEV01_clean,4.92643,4.38387,4.92643,1.57725,2265.97,1436.66,0.0,0.0,0.6254,0.396513,0.0,1,0.0006563297,0.0131717599,0.01356257684387497
MAVFEV_clean,4.93313,4.38082,4.93313,1.57553,2293.93,1455.98,0.0,0.0,0.6088,0.38641,0.0,0,0.0006535067,0.0134342918,0.013337303801749988
MAYFUN_clean,4.35216,2.72561,4.31622,1.75285,0.0,0.0,838.213,478.201,0.4836,0.275894,0.0,0,0.0004196051,0.0075528918,0.008162508564625012
MAYJOM_clean,6.51956,6.14293,6.51763,1.25239,1627.1,1299.19,0.0,0.0,0.6236,0.497928,0.0,0,0.0008201249,0.0173123804,0.015658627488375057
MAZJAY_clean,5.84732,2.9425,5.84732,1.86705,0.0,0.0,707.249,378.806,0.4848,0.259661,0.0,0,0.0002678021,0.0058369701,0.005586413200624977
MAZJEC_clean,5.75047,2.93376,5.6386,1.90857,0.0,0.0,684.75,358.776,0.4812,0.252125,0.0,0,0.0002901989,0.0057402229,0.005800145547249986
MECVIA_clean,10.80775,2.64192,10.80775,1.17536,0.0,0.0,1779.95,1514.39,0.6924,0.589096,0.0,0,0.001016932,0.0208103944,0.020430875546625024
MECWEX_manual,11.42301,3.1317,11.42301,0.921103,0.0,0.0,1390.12,1509.19,0.6422,0.697207,0.0,0,0.0009011065,0.0190432491,0.019022253525124905
MEFJOY_clean,13.35543,4.52002,13.28243,0.978068,2208.16,2257.67,0.0,0.0,0.6982,0.713857,0.0,1,0.001338295,0.0265470434,0.026938185930875082
MEFYUT_clean,5.77585,4.33422,5.56399,1.19211,1979.16,1660.22,0.0,0.0,0.6036,0.506331,0.0,1,0.0007987423,0.0158862752,0.016561559162625025
MEGBEH_manual,9.9497,6.81571,9.9489,0.994874,2116.8,2127.71,0.0,0.0,0.683,0.686519,0.0,1,0.0012090139,0.0255604143,0.02421477139637505
MEHPAQ_clean,3.09554,2.64049,3.09554,1.68847,0.0,0.0,0.0,0.0,0.4046,0.239626,0.0,1,6.82265e-05,0.0015675451,0.001510998164375002
MEJQID_clean,4.95338,3.66569,4.91383,1.21757,1152.17,946.288,0.0,0.0,0.5426,0.445643,0.0,0,0.0005392464,0.0117792158,0.011084658652000005
MEJQOJ_clean,5.07328,3.68023,5.06179,1.21005,1189.89,983.336,0.0,0.0,0.5496,0.454196,0.0,0,0.0005894466,0.0119362936,0.012032563485999969
MEJZOS_clean,5.26465,3.41703,5.25331,1.72957,398.344,230.313,32.6666,18.8871,0.43,0.248616,0.0,1,0.0002158785,0.0042812636,0.00444154385525001
MEJZUY_clean,5.25291,3.40149,5.01155,1.7873,394.206,220.559,29.004,16.2278,0.4246,0.237565,0.0,1,0.00019432,0.003982598,0.004021406923124977
MEQHUL_clean,6.03972,4.19838,6.03396,2.27118,1173.84,516.843,0.0,0.0,0.5134,0.22605,0.0,1,0.0003498245,0.006868422,0.0070621364915000265
MEWNEH_clean,5.42515,3.64983,5.42515,2.53736,330.635,130.307,105.197,41.4594,0.4166,0.164187,0.0,1,0.0001738712,0.0035145177,0.0034261293936250032
MEXDAU01_clean,4.5761,2.91188,4.55805,1.87887,0.0,0.0,615.485,327.583,0.534,0.284214,0.0,0,0.0003885101,0.0080346058,0.007643617883375023
MIDRAT_clean,4.2048,3.33834,4.2048,1.26356,437.101,345.929,0.0,0.0,0.4452,0.352339,0.0,0,0.000324222,0.0062315475,0.0062916001112500175
MIFTEC_clean,6.21252,5.76844,6.21252,1.49343,549.45,367.91,94.3906,63.2038,0.457,0.306006,0.0,1,0.0003418859,0.0059045895,0.006684487461625016
MIJFIU_clean,7.7548,2.75421,7.7548,1.00618,0.0,0.0,848.287,843.073,0.5282,0.524954,0.0,1,0.0005247114,0.0099049897,0.010642208564999998
MIJHOD_clean,4.18455,3.46938,4.126,1.22946,1127.43,917.014,0.0,0.0,0.5064,0.411887,0.0,1,0.0006615463,0.0124403472,0.012972775100249972
MIJYEK_clean,5.3671,3.22254,5.3671,2.49312,0.0,0.0,656.728,263.416,0.4186,0.167902,0.0,1,0.0001841046,0.0041074919,0.003742447858624999
MIMDAP_clean,4.29213,2.89437,4.27689,1.96346,0.0,0.0,327.4,166.746,0.4194,0.213602,0.0,1,0.0001425432,0.0027224805,0.003092785335750013
MIMSUY_clean,11.16343,10.81199,11.16343,0.974993,1274.86,1307.56,0.0,0.0,0.613,0.628722,0.0,1,0.001021779,0.0201644968,0.020259931580125113
MINCIX_clean,10.4943,7.36608,10.44985,0.729721,2144.38,2938.63,0.0,0.0,0.7612,1.04314,0.0,1,0.0020743794,0.0411021723,0.04133689709400001
MINVUA_SL,6.89591,6.55778,6.89591,1.0419,1723.91,1654.59,0.0,0.0,0.5992,0.575105,0.0,0,0.0009615986,0.0193910496,0.019434476621875016
MIQLII_clean,6.49396,4.19114,6.49396,1.29248,1977.91,1530.32,0.0,0.0,0.6424,0.497028,0.0,0,0.0008339661,0.0169178274,0.016827074306249978
MISQIQ02_clean,4.23621,4.07274,4.23621,2.08336,549.107,263.568,0.0,0.0,0.3918,0.188062,0.0,0,0.0004224261,0.0044304456,0.006869901440500006
MISQIQ04_clean,4.23963,4.07761,4.23963,2.08195,575.722,276.53,0.0,0.0,0.3888,0.186748,0.0,0,0.0003947672,0.0043462118,0.0050334628749999985
MISQIQ07_clean,4.23855,4.07782,4.23855,2.08216,622.195,298.822,0.0,0.0,0.3756,0.18039,0.0,0,0.0002300714,0.0042544347,0.004618629805374999
MITGUR01_clean,3.70587,2.68143,3.6977,2.08145,0.0,0.0,96.462,46.3437,0.4106,0.197267,0.0,1,0.0001447988,0.0032452715,0.0029444241693750055
MIVNUB_clean,3.84269,3.06229,3.84269,2.32973,0.0,0.0,96.5125,41.4265,0.3776,0.162079,0.0,1,9.25734e-05,0.0023772565,0.0020119829342499997
MIVWAR_clean,5.82094,2.89057,5.82094,1.07961,0.0,0.0,844.633,782.353,0.5288,0.489809,0.0,1,0.0005582025,0.0113889089,0.011457232672625002
MIXBEC_clean,12.4058,6.44619,12.40529,0.643237,2322.53,3610.7,0.0,0.0,0.758,1.17841,0.0,1,0.0022418924,0.0450851188,0.044926705824874895
MOBBIO_clean,5.66644,4.51564,5.66644,0.981281,2678.54,2729.64,0.0,0.0,0.6804,0.693379,0.0,0,0.0011103561,0.0236839615,0.02255716825049995
MOCKEV_clean,10.91306,6.61562,10.91306,0.767829,2301.91,2997.95,0.0,0.0,0.734,0.955943,0.0,1,0.0019650815,0.0376438673,0.03911241824800023
MOLLII_clean,3.83099,3.15452,3.83091,2.16412,0.0,0.0,50.841,23.4927,0.4308,0.199065,0.0,1,6.54922e-05,0.0016419178,0.0014441085071250053
MOSDUT_clean,5.00847,4.17233,5.00847,1.12183,1419.6,1265.43,13.3609,11.9099,0.5596,0.498828,0.0,1,0.0006641436,0.0142150039,0.013716482655749969
MOTVOI_clean,9.87335,7.01536,9.87051,1.00037,1639.71,1639.11,0.0,0.0,0.6506,0.650361,0.0,1,0.0011140392,0.0231759599,0.02211445034312499
MUBZUG_auto,18.63539,7.90997,18.63539,0.469492,1954.88,4163.83,0.0,0.0,0.8032,1.71078,0.000425992,0,0.0030526344,0.0648190598,0.06176406460349975
MUDTAH_clean,18.89368,6.63386,18.89368,0.562193,2169.18,3858.42,0.0,0.0,0.7916,1.40806,0.0,1,0.0027527146,0.0551518653,0.05490563755649976
MUFYAP_clean,6.26363,3.70776,6.26313,1.90371,978.115,513.793,0.0,0.0,0.5022,0.2638,0.0,1,0.0004195866,0.0080044799,0.008322330560625004
MUJPUE_clean,6.48776,3.37947,6.26169,1.39952,638.17,455.993,39.2954,28.0779,0.4824,0.34469,0.0,0,0.0003474522,0.0077618338,0.006861221944750001
MULQOA_clean,5.82935,5.12372,5.78502,1.29204,2093.52,1620.33,0.0,0.0,0.6306,0.488067,0.0,1,0.0007873417,0.0166783017,0.015947183448374994
MURBEI_clean,7.16636,5.68293,7.16636,0.873364,2436.63,2789.93,0.0,0.0,0.6948,0.795545,0.0,0,0.0017383441,0.0338268568,0.03420277186574996
MURCIL_clean,8.29917,7.10888,8.29917,1.5444,1055.62,683.511,0.0,0.0,0.5688,0.368297,0.0,1,0.0003710945,0.00793792,0.0075916440619999805
MURCOR_clean,8.10583,6.88134,8.10583,1.58436,1015.28,640.812,0.0,0.0,0.5632,0.355475,0.0,1,0.0003570262,0.0073420447,0.007528059236750025
MUSCIN_clean,9.38658,7.66741,9.38512,0.993168,1809.71,1822.16,0.0,0.0,0.6586,0.663131,0.0,1,0.0012031291,0.0239888693,0.023739155548000036
MUSSIE_clean,8.74352,7.39002,8.74352,1.23265,727.688,590.344,539.668,437.811,0.5772,0.468259,0.0,0,0.0007590308,0.0149121052,0.015266863858750004
MUTNAQ_clean,4.57844,2.9184,4.56708,1.44096,0.0,0.0,465.48,323.035,0.471,0.326866,0.0,0,0.0002675464,0.0053191128,0.005475983140999994
MUTVUT_clean,4.81469,3.76296,4.81469,1.36731,413.706,302.568,0.0,0.0,0.4354,0.318435,0.0,0,0.0001715639,0.0038276497,0.003540436999749981
MUVGOA_clean,5.03839,3.5374,4.60238,0.993755,720.941,725.471,502.862,506.022,0.5306,0.533934,0.0,0,0.0007870772,0.0160805171,0.015805572427750006
MUWQEB_clean,15.66484,9.57746,15.5128,0.72296,1280.06,1770.59,458.981,634.865,0.7258,1.00393,0.0,1,0.0019349986,0.0391132318,0.03863733001025018
MUXHIW01_clean,3.39894,2.68407,3.39894,1.99057,0.0,0.0,6.84708,3.43975,0.4092,0.205569,0.0,1,0.0001197255,0.0024229452,0.0026916373442500098
MUXHUI01_clean,3.32627,2.62136,3.32559,2.07313,0.0,0.0,0.0,0.0,0.3974,0.191691,0.0,1,0.0001076014,0.0019972585,0.002129718949250009
MUZVUA_clean,6.29282,4.92678,6.2328,1.05196,1843.91,1752.83,0.0,0.0,0.6012,0.571503,0.0,1,0.0008612906,0.0177861413,0.017861999859875043
NABMUA01_clean,6.23732,6.06718,6.23732,1.12213,1424.12,1269.12,0.0,0.0,0.5374,0.47891,0.0,1,0.0010290328,0.0190701122,0.019408921556499963
NADZEZ_clean,4.52715,3.99796,4.52715,1.63451,828.325,506.772,0.0,0.0,0.4522,0.276657,0.0,0,0.0004574536,0.0087901482,0.008981493447749973
NAGBUU_clean,4.53887,4.18445,4.52808,1.74664,609.414,348.906,0.0,0.0,0.3514,0.201186,0.0,1,0.0001912811,0.0042904364,0.004313259754499985
NAGQET_clean,6.32737,4.10631,6.32737,1.16822,1034.31,885.371,0.0,0.0,0.4844,0.414648,0.0,0,0.0004718059,0.0095292384,0.00945463631362501
NAHDIM_clean,9.95042,3.2912,9.94964,0.879702,0.0,0.0,1238.92,1408.34,0.5938,0.675001,0.0,1,0.0008813303,0.0174882824,0.017658503858874974
NAJSUP_clean,6.289,4.7993,6.289,1.17213,2075.39,1770.61,0.0,0.0,0.6006,0.512401,0.0,1,0.0008729997,0.0195609199,0.01762958588487505
NAJTEA_clean,5.94588,4.33133,5.94588,1.22585,1966.72,1604.37,0.0,0.0,0.5868,0.478688,0.0,1,0.0008600369,0.0173805503,0.017636512700624968
NALWOO_clean,9.16164,8.79623,9.14564,1.02635,1440.32,1403.34,0.0,0.0,0.5862,0.571148,0.0,1,0.0009640687,0.0186291308,0.019310267527499984
NANNEY_clean,4.84708,2.74228,4.48751,1.29059,0.0,0.0,356.384,276.14,0.4166,0.322798,0.0,0,0.0002216823,0.0048864447,0.004636905315750039
NANYUX03_clean,5.54429,4.75767,5.52159,1.04137,1912.89,1836.9,0.0,0.0,0.6486,0.622835,0.0,0,0.001042206,0.0212722138,0.020891796667250002
NAQRAA_clean,8.82176,4.19423,8.82039,1.0822,2240.28,2070.12,0.0,0.0,0.7116,0.657551,0.0,1,0.0010537366,0.0221160854,0.021052435678499983
NARMUR_clean,3.85567,3.41897,3.84405,2.08835,240.166,115.003,0.0,0.0,0.399,0.19106,0.0,1,0.0001229608,0.0027918146,0.0025293749696250036
NARNAY_clean,3.7797,3.35693,3.7797,2.18462,172.349,78.8921,0.0,0.0,0.3916,0.179253,0.0,1,0.0001226179,0.0025985179,0.002566707592750007
NATFAS_clean,6.53453,3.93626,6.37422,1.34798,1587.17,1177.44,0.0,0.0,0.564,0.418403,0.0,0,0.0008076522,0.0152590199,0.015527181181562467
NAWDUN_clean,7.40097,5.49968,7.39892,0.842634,2070.76,2457.48,0.0,0.0,0.6368,0.755726,0.0,1,0.001307827,0.0253569676,0.026189226970500083
NAYXOC_clean,8.15867,4.39162,7.93074,1.10978,1802.12,1623.85,0.0,0.0,0.6112,0.550741,0.0,1,0.0009207696,0.0190583676,0.018416265623625
NAYZOE_clean,15.82314,6.52553,15.81665,0.498918,2302.42,4614.84,0.0,0.0,0.813,1.62953,0.0,1,0.0032122146,0.0618322191,0.064903302538
ncomms11831_ncomms11831-s3_clean,4.53044,4.08038,4.52326,1.56068,421.065,269.795,0.0,0.0,0.3414,0.21875,0.0,0,0.000243008,0.0047220196,0.004973932709625037
NEBNOZ_clean,6.01321,5.05928,6.00094,1.13873,1248.11,1096.06,0.0,0.0,0.5186,0.45542,0.0,1,0.0006652013,0.0125087483,0.013272222731874957
NEDJAJ_clean,5.22097,2.98806,5.20032,1.83663,0.0,0.0,745.323,405.809,0.4994,0.27191,0.0,1,0.000326951,0.0067706568,0.006368327785874998
NEDWIE_clean,8.99031,6.43493,8.98641,0.682799,2139.49,3133.41,0.0,0.0,0.724,1.06034,0.0,1,0.0017426765,0.0382058255,0.03575997660374986
NEHGIS_clean,5.25791,4.32138,5.25791,1.34435,1760.82,1309.79,0.0,0.0,0.5618,0.417897,0.0,1,0.0006276385,0.012923403,0.012412470162875031
NEJSAY_clean,4.50943,3.7344,4.50943,1.24034,1046.3,843.559,44.3105,35.7246,0.5234,0.421982,0.0,0,0.0005076258,0.010752128,0.010376750547875
NELWIL_clean,3.58332,2.90369,3.50223,1.68506,0.0,0.0,51.1153,30.3344,0.4086,0.242484,0.0,1,0.0001145899,0.0020973823,0.002276174511250004
NETHOJ_clean_h,4.97649,4.04567,4.52041,1.68332,1607.37,954.88,0.0,0.0,0.565,0.335646,0.0,1,0.0004863299,0.0102305061,0.009849568465625012
NEVVAM_clean,6.98127,5.93133,6.98127,1.4203,1415.91,996.914,0.0,0.0,0.523,0.368233,0.0,0,0.0006554824,0.0125568524,0.012568316941249958
NEVVEQ_clean,4.80581,3.79614,4.80581,1.56913,728.185,464.069,0.0,0.0,0.453,0.288695,0.0,0,0.0003916839,0.0075979313,0.007636961555750028
NEXVUI_clean,9.07531,8.9508,9.07531,1.35917,693.606,510.314,30.665,22.5615,0.5322,0.391561,0.0,1,0.0005163569,0.0090326103,0.010366516474124989
NIBJAK_clean,32.00355,17.55175,32.00033,0.223433,1188.94,5321.22,0.0,0.0,0.9102,4.0737,0.0,1,0.0080104186,0.1573218352,0.15561619811812563
NIFZUZ_clean,4.47146,2.86287,4.11273,1.6227,0.0,0.0,253.773,156.389,0.4366,0.269058,0.0,1,0.0002878209,0.0052262213,0.00571370772699999
NIGBOW_clean,11.80846,11.56903,11.80846,0.664854,1743.47,2622.33,0.0,0.0,0.7086,1.0658,0.0,0,0.0020836567,0.0404318935,0.04063166590449994
NIGFUF_clean,7.45855,4.62821,7.45855,1.23037,2420.25,1967.09,0.0,0.0,0.6578,0.534636,0.0,1,0.0010295961,0.0210109025,0.02077157981650008
NIGNUO_clean,16.88905,3.72632,16.88905,0.773731,1979.77,2558.73,0.0,0.0,0.6948,0.897987,0.0,1,0.0016225855,0.0315894662,0.03203039453875
NIGPEA_clean,10.42385,9.24875,10.42385,0.730648,2142.0,2931.64,0.0,0.0,0.6842,0.936428,0.0,1,0.0018289719,0.0342201413,0.03534206935024992
NIHBAI02_clean,4.7992,3.7527,4.7992,1.74298,825.866,473.823,0.0,0.0,0.449,0.257604,0.0,0,0.0003332264,0.0062440295,0.006588600756875002
NIJZOV_clean,8.62609,7.08161,8.6236,1.5406,1133.11,735.501,0.0,0.0,0.5798,0.376347,0.0,1,0.000483224,0.009236022,0.009634196628624988
NIKKIC_clean,5.94413,4.27315,5.93398,1.24613,1177.42,944.864,0.0,0.0,0.498,0.399638,0.0,1,0.0004914309,0.0109143379,0.010024447780750017
NIKYOW_clean,4.56807,3.54686,4.56807,1.80221,654.259,363.032,0.0,0.0,0.4324,0.239928,0.0,0,0.0002856227,0.0052316557,0.005566687297874998
NIKYUC_clean,4.9018,3.64376,4.89963,1.7317,810.432,467.997,0.0,0.0,0.4504,0.260091,0.0,0,0.0003316396,0.0063059144,0.006517679117875003
NIKZEN01_clean,4.86464,3.71164,4.85271,1.72603,830.972,481.435,0.0,0.0,0.4544,0.263263,0.0,0,0.0003300529,0.0060853502,0.006425813573500015
NIMTAE_clean,4.79937,4.4136,4.79752,1.0571,1265.99,1197.61,0.0,0.0,0.5494,0.519725,0.0,0,0.0006285577,0.013292342,0.012761598119500017
NIRKAB_clean,6.92969,3.36489,6.92969,1.45312,1377.63,948.051,0.0,0.0,0.547,0.376432,0.0,0,0.0009578729,0.0112076266,0.013489568108625085
NIRMUW_clean,4.28887,3.01391,4.28887,1.9678,0.0,0.0,453.774,230.6,0.3832,0.194735,0.0,1,0.0002276609,0.0049391858,0.004539442904875002
NIZZAY_clean,8.39896,7.78516,8.38426,1.2112,2073.27,1711.74,0.0,0.0,0.6754,0.557627,0.0,0,0.000923623,0.0183684448,0.01818586604312487
NOCLOH01_clean,5.48382,4.82541,5.46744,1.30816,1237.43,945.928,0.0,0.0,0.5374,0.410806,0.0,1,0.0006933449,0.0126806723,0.01356472689600001
NOCLOH_clean,5.4394,4.78188,5.37771,1.31451,1235.22,939.686,0.0,0.0,0.5324,0.405018,0.0,1,0.0006528845,0.0126494074,0.012756126978249942
NOCYUB_clean,4.54438,4.10807,4.54438,1.72564,433.752,251.357,0.0,0.0,0.3964,0.229712,0.0,1,0.0002557157,0.0049038912,0.004882802418125011
NOHLAZ_clean,4.58304,3.41283,4.57147,1.83959,742.915,403.849,0.0,0.0,0.415,0.225594,0.0,1,0.0003701957,0.0073098966,0.007410644513125016
NOHLED_clean,4.02474,3.01362,3.77521,2.02092,0.0,0.0,133.099,65.8606,0.3242,0.160422,0.0,1,0.0001482058,0.0024003805,0.002929166063375009
NOQPAM_clean,3.67254,2.67734,3.22252,2.07701,0.0,0.0,34.0309,16.3845,0.3774,0.181703,0.0,1,0.0001258308,0.0022851601,0.0025742724473750062
NUBBAP_clean,14.05418,6.66438,11.10621,0.762781,2298.42,3013.21,0.0,0.0,0.7708,1.01051,0.0,1,0.0018936044,0.0383291649,0.03885937627575001
NUCBIY_clean,5.06822,3.86536,5.06061,1.18684,700.396,590.137,0.0,0.0,0.4806,0.404942,0.0,0,0.0003623715,0.0076476134,0.007369889640250013
NUCYER_clean,4.96656,4.20041,4.96656,1.49997,657.943,438.637,0.0,0.0,0.4852,0.323473,0.0,1,0.000246667,0.0056961427,0.004740529191625015
NUDLIJ_clean,6.93743,5.78938,6.89446,1.14165,1419.26,1243.17,0.0,0.0,0.5428,0.475454,0.0,0,0.0008316435,0.016075271,0.016111429357375036
NUDNEH_clean,6.40452,5.65537,6.40452,1.17792,1346.46,1143.08,0.0,0.0,0.5262,0.44672,0.0,0,0.0006529238,0.0144659964,0.013707203856125004
NUFCAU_clean,9.94144,7.33631,9.94144,0.845072,2116.0,2503.93,0.0,0.0,0.7364,0.871405,0.0,1,0.0015417717,0.0316959098,0.03158823239399998
NUHNUA_clean,5.91571,3.87698,4.38862,0.866172,1483.02,1712.15,0.0,0.0,0.5628,0.649756,0.0,1,0.0007589773,0.0158703219,0.015210676381624988
NUHQIS_clean,6.54623,4.66095,6.54623,1.20529,1894.68,1571.97,0.0,0.0,0.5972,0.495483,0.0,1,0.0008703498,0.0172533123,0.017593024156999967
NUHQUE_clean,6.55171,4.68685,6.54808,1.21067,1893.64,1564.13,0.0,0.0,0.5964,0.492619,0.0,1,0.0008986152,0.0178929932,0.017998120236875016
NUNWIE_clean,3.87406,3.12024,3.87278,2.1028,0.0,0.0,292.086,138.903,0.463,0.220183,0.0,1,0.0002692354,0.0052863985,0.005501551206874968
NUTYIM_clean,13.08434,12.35689,13.08434,0.80193,1745.22,2176.28,0.0,0.0,0.7446,0.92851,0.0,0,0.0017230027,0.0348755108,0.03429985624262501
NUVYOT_clean,4.99931,3.59386,4.8252,1.15218,688.171,597.279,170.523,148.001,0.5094,0.44212,0.0,1,0.0004971027,0.0102176218,0.009835640357749994
NUZSAD_clean,3.81349,3.15465,3.81349,2.05862,0.0,0.0,197.228,95.8062,0.3692,0.179344,0.0,0,9.3295e-05,0.0023477641,0.0019552768483749993
OBAJAF_clean,9.08651,7.73882,9.08617,0.939446,1595.74,1698.6,0.0,0.0,0.6188,0.658686,0.0,1,0.001155948,0.0213610531,0.022242413693250026
OCINIA_clean,5.60901,3.32165,5.60901,1.53578,1179.07,767.736,0.0,0.0,0.5314,0.346013,0.0,1,0.0005005639,0.0104328056,0.010206952999875018
OCOKUP_clean,5.00304,3.71484,4.99284,1.15999,792.721,683.386,0.0,0.0,0.474,0.408624,0.0,1,0.000477772,0.0091912754,0.009367943603333328
OCUGEZ01_clean,5.7662,4.18465,5.76016,1.3013,1459.07,1121.24,0.0,0.0,0.5724,0.439868,0.0,1,0.0006338976,0.0121981957,0.012912378555374979
OCUGEZ_clean,5.71674,4.14737,5.66007,1.32226,1442.09,1090.62,0.0,0.0,0.5748,0.43471,0.0,1,0.0005452676,0.0119997414,0.01113325243412501
OCUSOV_clean,4.91031,3.4317,4.90721,1.52702,1101.56,721.382,0.0,0.0,0.5004,0.327698,0.0,1,0.0005977315,0.0106121834,0.011649210900499989
OCUTEM_clean,5.16189,3.4562,5.16189,1.4963,1173.27,784.115,0.0,0.0,0.5098,0.340707,0.0,1,0.0005748674,0.0109306469,0.011162671424875014
ODAJAG_clean,4.17677,3.25151,4.17557,2.09663,0.0,0.0,435.792,207.853,0.4414,0.210528,0.0,1,0.0001839783,0.0037641224,0.0037536792698750054
OFEREX_clean,6.99117,6.70761,6.99117,1.56791,1544.85,985.293,0.0,0.0,0.5694,0.363159,0.0,1,0.0007155607,0.0139186248,0.013751407406500025
OFESEY_clean,7.30457,5.07688,7.30457,1.8342,871.652,475.221,0.0,0.0,0.451,0.245883,0.0,0,0.000297392,0.00561204,0.005763763319374995
OHEGAJ_clean,4.72341,2.80937,4.71665,2.20772,0.0,0.0,546.683,247.623,0.5162,0.233816,0.0,1,0.0002844874,0.0058397715,0.005491599883625003
OHOMIH_clean,4.60907,4.30122,4.60907,1.97594,752.524,380.843,0.0,0.0,0.396,0.200411,0.0,1,0.0002498513,0.0049348934,0.004962220262500014
OJIDAN_clean,19.79872,19.3368,19.78262,0.704653,1186.45,1683.74,21.5807,30.626,0.6956,0.987152,0.0,1,0.0016863598,0.0328687259,0.03426488352324994
OKABAE_clean,14.07417,9.53484,14.07417,0.650845,2097.18,3222.24,0.0,0.0,0.77,1.18308,0.0,1,0.0021873162,0.0458597294,0.0448086008902499
OKABEI_clean,13.86987,9.42284,13.86987,0.653017,2127.67,3258.22,0.0,0.0,0.7686,1.177,0.0,1,0.0023010538,0.0465847661,0.045686613389375096
OKAYUW_clean,4.44294,3.73093,4.20318,1.19551,569.391,476.274,0.0,0.0,0.4482,0.374902,0.0,0,0.0004236993,0.0077127252,0.008211245003875035
OKIPUU_clean,4.91214,2.87904,4.91214,1.38188,0.0,0.0,357.44,258.662,0.459,0.332156,0.0,0,0.0002078448,0.0044848587,0.004139779230749981
OKIQAB_clean,5.10514,2.82759,4.82525,1.34977,0.0,0.0,320.958,237.788,0.4304,0.31887,0.0,1,0.0002203375,0.0045095737,0.0046003587028750174
OKIWUB02_clean,5.03837,4.11286,5.03612,1.09856,959.969,873.844,73.9627,67.327,0.5172,0.470799,0.0,0,0.0005842147,0.0118312224,0.011654631670874983
OKUTEV_clean,23.06458,12.98274,23.06458,0.330655,1597.33,4830.79,0.0,0.0,0.865,2.61602,0.0,1,0.0047983534,0.1015921808,0.10071317606362545
OLAQOI_clean,9.42311,9.23332,9.42311,1.32858,853.13,642.139,2.75819,2.07605,0.5142,0.387031,0.0,1,0.0004883582,0.0097773391,0.009472790053750003
OLAWUU_clean,5.70617,3.38454,5.70617,1.82501,608.324,333.327,125.668,68.8591,0.4924,0.269807,0.0,1,0.0002475816,0.005173383,0.004954889147125003
OLOKEF_clean,4.36483,3.3129,4.3161,1.5482,868.847,561.197,0.0,0.0,0.512,0.330706,0.0,1,0.0004744831,0.0101920343,0.009091617438
OLONAG_clean,5.4975,2.97064,5.48387,1.82825,0.0,0.0,824.753,451.116,0.4878,0.266812,0.0,1,0.0002822399,0.0058093762,0.005755556176124982
OLUCAZ_clean,5.7945,5.1746,5.79081,1.16161,989.952,852.226,0.0,0.0,0.5026,0.432676,0.0,1,0.000458012,0.0091060265,0.009374858209624996
OMIMEE_clean,16.54568,6.7257,16.54568,0.768319,2276.49,2962.95,0.0,0.0,0.7618,0.991516,0.0,1,0.0018929752,0.0373076911,0.038033729922500197
OMIPAD_clean,5.24341,3.62169,5.16602,1.1791,539.772,457.781,0.0,0.0,0.4566,0.387243,0.0,0,0.0003174283,0.0070014472,0.006510022561874999
ONEJUN_clean,5.6787,4.73551,5.6787,3.33073,1808.25,542.898,0.0,0.0,0.5352,0.160685,0.0,1,0.0002351426,0.0048986521,0.004823998630749987
OPAGIX_clean,11.70127,10.88776,11.68193,0.905898,1551.84,1713.04,0.0,0.0,0.6624,0.731208,0.0,1,0.001451217,0.029327631,0.027935373264875073
OPAPEB_clean,4.83812,3.32695,4.83799,1.58153,509.553,322.189,0.0,0.0,0.4302,0.272015,0.00012646,1,0.0002377044,0.0047475577,0.004872741661500011
OPAPOL_clean,4.79997,3.29458,4.79997,1.61076,0.0,0.0,484.37,300.708,0.4276,0.265464,0.000124165,1,0.0002464832,0.0047012485,0.0048771537615000015
OPEGIA_clean,5.19146,3.15179,5.19146,2.50635,0.0,0.0,492.643,196.558,0.3978,0.158717,0.0,0,0.0002483462,0.0055587424,0.004825169751250016
OPIXUI_clean,8.41938,5.49258,8.39031,1.03412,1914.8,1851.63,0.0,0.0,0.6428,0.621591,0.0,1,0.0010094526,0.0205154065,0.020629098389624997
OPIYAP_clean,5.9608,4.59988,5.87453,1.18841,1751.48,1473.8,0.0,0.0,0.5816,0.489391,0.0,1,0.0006823494,0.0152604926,0.01369719397462501
OPOZEZ_clean,7.29162,6.03013,7.28839,1.13101,1136.3,1004.68,0.0,0.0,0.5256,0.464718,0.0,0,0.0005312669,0.0120973363,0.011107387116624989
OQESAF_clean,5.40051,4.82483,5.39518,1.19788,1160.82,969.063,0.0,0.0,0.5318,0.443952,0.0,1,0.0005271751,0.0128161674,0.01096576343237497
OQESEJ_clean,5.44129,4.56082,5.37025,1.17091,1266.4,1081.56,0.0,0.0,0.5586,0.477065,0.0,1,0.0006309497,0.013799951,0.012742108822125002
OQUXEF_clean,5.15601,3.95885,4.51563,3.15796,940.396,297.786,0.0,0.0,0.4776,0.151237,0.0,1,0.000185018,0.00355765,0.0036754043021250166
OQUXIJ_clean,5.10257,3.94634,4.56846,3.16115,912.504,288.662,0.0,0.0,0.4752,0.150325,0.0,1,0.000194179,0.0036089422,0.003990350014124986
OREZES_clean,6.24665,4.6565,6.24665,1.39534,1020.81,731.587,0.0,0.0,0.5102,0.365646,0.0,1,0.0003177536,0.0063536969,0.0065403727394999864
ORIWET_clean,11.42805,11.05994,11.42805,1.09099,1549.25,1420.05,0.0,0.0,0.6484,0.594324,0.0,1,0.0011504994,0.0232877907,0.023207399215874985
OROLUD_clean,4.90586,4.18695,4.898,1.66342,1280.2,769.617,0.0,0.0,0.5884,0.353728,0.0,0,0.0005287589,0.0101957628,0.010431147902249957
ORULEU_clean,5.09262,3.5697,5.08241,1.45149,909.467,626.575,0.0,0.0,0.458,0.315538,0.0,1,0.0004242018,0.0084797801,0.008540493982000023
OSAVEK_clean,5.46185,5.06196,5.40742,0.991485,1397.48,1409.49,0.0,0.0,0.5638,0.568642,0.0,1,0.0008815177,0.0172732614,0.017617744006375044
OSAVUA_clean,5.76863,5.59566,5.76863,0.884314,1778.32,2010.97,0.0,0.0,0.631,0.713547,0.0,1,0.0013024947,0.0248532453,0.025406693157875068
OSIXEU_clean,4.48519,3.90629,4.42091,1.97236,391.928,198.71,0.0,0.0,0.4512,0.228762,0.0,1,0.0001180224,0.0026350772,0.0024936460676249993
OTAQAD_clean,7.25379,5.92825,6.48374,0.846977,2257.66,2665.55,0.0,0.0,0.6554,0.773811,0.0,0,0.0015558238,0.0299013242,0.030341147349000036
OTAXOX_clean,5.66244,2.97964,5.65648,1.37084,0.0,0.0,751.62,548.291,0.462,0.33702,0.0,0,0.0003385978,0.0071302967,0.0068664339001249875
OTIBUQ_clean,7.49622,5.20769,7.4368,0.82052,1944.83,2370.25,0.0,0.0,0.6366,0.775849,0.0,0,0.0014913244,0.0286973039,0.028372330487625042
OTIPUE_clean,4.56896,3.82437,4.54982,1.42368,625.25,439.178,0.0,0.0,0.419,0.294307,0.0,0,0.0003113939,0.0065601482,0.006257326197374984
OVUCOY_clean,6.51812,4.71987,6.51261,2.41124,1158.77,480.568,0.0,0.0,0.5524,0.229094,0.0,1,0.0003364788,0.0064399267,0.0069804287929999655
OVUDAL_clean,7.09169,4.92914,7.08099,2.29972,1368.63,595.127,0.0,0.0,0.5708,0.248204,0.0,1,0.0003876444,0.0074337533,0.007735848105124994
OWAVIS_clean,9.58182,5.9765,9.29598,0.840674,2344.57,2788.91,0.0,0.0,0.7226,0.859548,0.0,1,0.0016115875,0.0320806311,0.03215031270225
OWIJEL_clean,7.46814,7.33893,7.46814,1.32685,1640.34,1236.26,0.0,0.0,0.612,0.461241,0.0,0,0.0008882674,0.0183392807,0.01799046122887501
OWUWUA_clean,5.57616,4.37097,5.56477,1.14473,1062.1,927.816,0.0,0.0,0.5102,0.445693,0.0,1,0.0005776813,0.0107933369,0.011556927607499974
OXOZUY_clean,8.19821,4.66417,8.1974,0.956716,1690.02,1766.48,0.0,0.0,0.6112,0.638852,0.0,1,0.0009725388,0.0200345053,0.019691619648000015
OYEWEW_clean,9.10111,6.40889,9.10064,0.579676,2406.76,4151.9,0.0,0.0,0.7488,1.29176,0.0,1,0.0025626035,0.0480719326,0.04970233655962503
OZUKOL_clean,11.66314,11.04095,11.6623,1.07501,1570.69,1461.09,0.0,0.0,0.6578,0.611902,0.0,1,0.0012290879,0.0242287969,0.024625260618874968
OZUKUR01_clean,12.00308,11.20848,12.00308,1.04914,1577.91,1504.01,0.0,0.0,0.6712,0.639764,0.0,1,0.0012499422,0.0252978207,0.025312117588875048
OZULAY_clean,11.76704,10.98127,11.76502,1.07223,1568.4,1462.75,0.0,0.0,0.6546,0.610504,0.0,1,0.0012496488,0.0240414638,0.02464370418062496
OZUMAZ_clean,11.32593,10.60044,11.32547,1.32216,1533.89,1160.14,0.0,0.0,0.6396,0.483754,0.0,1,0.0009513226,0.0188240807,0.018720289550625057
PACZOK_clean,14.42262,6.94223,14.41025,1.08844,2172.35,1995.84,0.0,0.0,0.7086,0.651024,0.0,1,0.0013147604,0.0251714151,0.026296281086124994
PAJSAX_clean,11.72543,11.19673,11.71838,0.847503,1673.18,1974.24,0.0,0.0,0.6882,0.812032,0.0,0,0.0012980751,0.0252306834,0.026277071175124865
PAMGIV_clean,4.35287,3.39585,4.35042,1.32875,833.514,627.293,0.0,0.0,0.533,0.401129,0.0,1,0.0004311954,0.0095211268,0.008570051267562506
PAPVAF_clean,10.09597,6.84011,9.58875,0.817097,2396.15,2932.52,0.0,0.0,0.7324,0.896344,0.0,1,0.0016743149,0.0334714233,0.03404297977900003
PAPVEJ_clean,4.81247,3.05568,4.78767,1.46668,0.0,0.0,513.987,350.443,0.4398,0.299861,0.0,1,0.0003271268,0.0062570236,0.006271212562208334
PARKUQ01_clean,6.67552,5.18428,6.65544,1.17133,2054.42,1753.92,0.0,0.0,0.6446,0.550316,0.0,0,0.0010258173,0.019827398,0.020061836119625025
PARNON_clean,7.81335,6.23608,7.8124,0.973393,1971.82,2025.72,0.0,0.0,0.6118,0.628523,0.0,1,0.001122272,0.0219339833,0.022063885375874878
PASNAA01_clean,4.83008,3.80459,4.83008,1.46381,1335.98,912.674,0.0,0.0,0.51,0.348405,0.0,1,0.0005289314,0.0111980858,0.010397751483250008
PASNAA_clean,4.89594,3.826,4.89193,1.4497,1354.61,934.408,0.0,0.0,0.5164,0.356212,0.0,1,0.0005250517,0.0116533031,0.010373947204250005
PATWOY_clean,7.80785,6.68696,7.80785,0.911859,1500.87,1645.94,0.0,0.0,0.5982,0.656023,0.0,1,0.0009700555,0.0206604801,0.01958884501399992
PEFRID01_clean,6.55951,5.47634,6.55951,1.31717,1348.3,1023.64,0.0,0.0,0.552,0.419081,0.0,1,0.0007310866,0.0134972167,0.014682692879549972
PEFRUP01_clean,6.70842,5.60789,6.69161,1.32053,1380.71,1045.57,0.0,0.0,0.5546,0.419982,0.0,1,0.0007094086,0.0141111279,0.013873690139750004
PEGBUA_clean,4.24178,3.44241,4.23659,1.42808,542.261,379.715,0.0,0.0,0.474,0.331915,0.0,1,0.0002385838,0.0053020216,0.004978818100999997
PEGQAV_clean,5.14547,3.15291,5.14547,2.3247,0.0,0.0,536.15,230.632,0.4248,0.182733,0.0,1,0.0002075914,0.0039932883,0.004021199625749987
PEGQOJ_clean,5.06893,3.45218,5.06893,2.53315,611.744,241.495,0.0,0.0,0.3936,0.15538,0.0,1,0.0001715256,0.003858699,0.003515533801625012
PEHQID_neutral,5.14211,3.77935,5.14211,1.46568,1144.37,780.78,0.0,0.0,0.5232,0.356968,0.0,0,0.0003511485,0.0080396949,0.0074464284520000335
PEJRED_clean,4.11493,2.97482,3.99412,1.36173,0.0,0.0,184.048,135.157,0.4058,0.298003,0.0,1,0.0001467079,0.0029715833,0.002904603117125001
PEKWAF_clean,4.37236,3.14456,4.34705,3.10112,0.0,0.0,523.237,168.725,0.4638,0.149559,0.0,1,0.0002438719,0.004883087,0.004926900299499996
PELGOE_clean,4.61976,3.65124,4.60921,1.18989,1005.69,845.196,0.0,0.0,0.5078,0.426764,0.0,1,0.0005507135,0.0105326743,0.01095151278237496
PELRAB_clean,3.40218,2.89523,3.40218,1.26815,0.0,0.0,8.29508,6.5411,0.4354,0.343336,0.0,1,9.80918e-05,0.0023664656,0.002205830569999989
PEPFAT_clean,10.91726,6.85852,7.70966,1.0029,2251.01,2244.49,0.0,0.0,0.6862,0.684214,0.0,1,0.0013415165,0.0260947665,0.02671562448900007
PEPLEC_clean,7.22831,6.81306,7.22831,1.03011,1642.0,1594.0,0.0,0.0,0.618,0.599935,0.0,0,0.0010873981,0.0209400762,0.021404670742249943
PEQRUZ_clean,5.68699,4.77458,5.65626,1.19715,1015.07,847.906,0.0,0.0,0.4752,0.396942,0.0,1,0.0006348518,0.0138925124,0.012246559284999991
PEVQIS_clean_h,14.89727,7.78421,14.89178,0.605776,2230.04,3681.29,0.0,0.0,0.8056,1.32986,0.0,0,0.0024878889,0.0499140365,0.05060886390362495
PEVYUM_clean,4.01364,3.19633,4.01364,1.38412,0.0,0.0,473.665,342.214,0.43,0.310666,0.0,0,0.0002602887,0.005234507,0.005300489532649995
PEWFII_clean,4.2167,2.74504,4.09989,2.1516,0.0,0.0,768.518,357.184,0.518,0.240751,0.0,1,0.0003206038,0.007032892,0.006449741978124989
PEWKOT_clean,5.45411,3.32069,4.75757,1.65307,436.668,264.155,126.937,76.7882,0.457,0.276455,0.0,0,0.0002898927,0.0061159526,0.005921043646500004
PEWXUL01_clean,5.54275,4.60824,5.54275,1.0598,1055.66,996.092,0.0,0.0,0.5124,0.483488,0.0,0,0.0005969961,0.0114175511,0.01208449144712498
PEYSIW_clean,5.69089,4.7197,5.69089,1.0552,1032.59,978.576,0.0,0.0,0.5102,0.483511,0.0,0,0.00058714,0.011117645,0.011879419023749963
PIBGAK_clean,6.08784,5.5601,6.06673,1.08232,1652.36,1526.68,0.0,0.0,0.6232,0.575798,0.0,1,0.0009157725,0.0184038162,0.018655464976875015
PIBPAS01_clean,10.22467,9.87308,10.22467,0.904434,1674.99,1851.98,0.0,0.0,0.6484,0.716913,0.0,1,0.0012090771,0.024566375,0.02411568231049999
PIDMEV01_clean,7.72003,4.28453,7.71744,1.05835,1674.28,1581.97,0.0,0.0,0.5974,0.564462,0.0,1,0.000934869,0.0180006391,0.018501566849000006
PIJJOI_clean,6.12931,4.00789,6.08289,1.09199,859.144,786.767,2.75763,2.52532,0.5414,0.495791,0.0,0,0.000552759,0.0103498069,0.011182948779124981
PIJROR_clean,8.28575,7.67913,8.28575,1.27602,1385.29,1085.63,0.0,0.0,0.5522,0.432752,0.0,0,0.0007686108,0.0140947081,0.014845167541499957
PITPEP_clean,11.41966,9.93708,11.41966,0.952882,1649.81,1731.39,0.565272,0.593223,0.622,0.652757,0.0,1,0.0010819906,0.0217375858,0.021747089474374977
PIYZED01_clean,6.96517,5.63588,6.96517,1.04478,2626.41,2513.83,0.0,0.0,0.7254,0.694307,0.0,0,0.0010704546,0.0225776484,0.02240863656249993
PIYZED02_clean,6.95041,5.62583,6.95041,1.04842,2625.12,2503.87,0.0,0.0,0.7248,0.691323,0.0,0,0.0011598996,0.0229815935,0.023069241130750005
PIZPIX02_clean,4.8742,3.92497,4.87073,1.75108,1636.83,934.755,0.0,0.0,0.5514,0.314892,0.0,1,0.0005126074,0.0098642294,0.010135728962875026
PIZRUN_clean,5.3818,4.43333,5.37307,1.2127,1196.95,987.011,0.0,0.0,0.5248,0.432754,0.0,1,0.0005380324,0.0111534688,0.010856847388000017
PODKOK_clean,18.51885,8.56409,12.59731,0.489414,2180.69,4455.72,0.0,0.0,0.8128,1.66076,0.0,1,0.0032073282,0.0650951357,0.06509718323762503
PODVUB_clean,4.5439,3.06862,4.52301,2.27214,0.0,0.0,256.937,113.082,0.3852,0.169532,0.0,1,0.0001283498,0.0025347025,0.002571556907875004
POHCOG_clean,6.03433,4.98914,5.98921,1.54389,1290.39,835.809,0.0,0.0,0.5212,0.33759,0.0,1,0.0005420248,0.0100569468,0.010517104066249972
POHWIU_clean,15.94965,10.39364,15.94872,0.460887,1949.35,4229.57,0.0,0.0,0.8104,1.75835,0.0,1,0.0034726246,0.067371548,0.06712786337999987
POKSEP_clean,5.24976,3.94365,5.24501,1.70126,572.314,336.407,0.0,0.0,0.4264,0.250638,0.0,1,0.0002640616,0.0055728963,0.005243796588000007
POKTOA_clean,4.03898,2.9855,4.00238,1.93222,0.0,0.0,228.532,118.274,0.3822,0.197803,0.0,1,0.0001640612,0.0030691048,0.0034804104226250094
POKVAO_clean,5.22916,3.84535,5.22916,1.97617,548.634,277.625,0.0,0.0,0.4172,0.211116,0.0,1,0.0002382287,0.0047118128,0.004799494799250014
POKVUI_clean,4.03047,2.98599,4.0072,1.9449,0.0,0.0,225.384,115.885,0.3806,0.195691,0.0,1,0.0001653205,0.0030551231,0.0034899080732916747
POLBEX_clean,8.55331,7.31354,8.46863,1.98623,1149.15,578.559,46.9518,23.6386,0.5414,0.272577,0.0,1,0.0006344911,0.0123317558,0.012519432337999965
POLNAG_clean,4.3281,3.57802,4.3281,1.44142,721.593,500.611,0.441141,0.306046,0.4992,0.346324,0.0,1,0.0003074928,0.0068319302,0.006538922900874996
POQKAI_clean,3.6073,2.68378,3.6073,2.51254,0.0,0.0,60.5773,24.11,0.4162,0.165649,0.0,0,0.0002068432,0.0038312194,0.003921055590875016
PORVUO_clean,4.67797,3.97904,4.67797,1.06036,1507.72,1421.89,0.0,0.0,0.5284,0.498321,0.0,0,0.0006969472,0.0150228008,0.014348693060875084
POSFOU_clean,4.73608,3.35906,4.73077,1.31618,562.105,427.072,0.0,0.0,0.5096,0.38718,0.0,1,0.0003780653,0.0075413334,0.007700124295875002
POSGAH_clean,6.19197,4.53531,6.16887,1.09324,1845.26,1687.87,0.0,0.0,0.5814,0.531812,0.0,0,0.0009094967,0.0174880183,0.017818347353000002
POTNET_clean,4.90891,3.62196,4.89268,1.35117,1395.4,1032.74,0.298007,0.220556,0.5558,0.411349,0.0,1,0.0006571822,0.012901902,0.013224231710500023
POTREX_clean,14.70007,10.79864,14.70007,0.483438,2025.11,4188.97,0.0,0.0,0.7802,1.61386,0.0,1,0.003266239,0.0630572313,0.06299916538237477
POVZUX_clean,4.32954,2.6263,3.90024,3.64122,0.0,0.0,307.357,84.4105,0.408,0.11205,0.0,1,9.98656e-05,0.0018613613,0.0020433943109999953
PUDSIR_clean,6.84685,5.37896,6.83632,1.0569,2169.92,2053.1,0.0,0.0,0.647,0.61217,0.0,1,0.0010195496,0.0210879002,0.020789297523249935
PUDSOX_clean,7.03254,5.77219,7.03254,1.04422,2164.07,2072.42,0.0,0.0,0.654,0.626304,0.0,1,0.0011361015,0.0225224463,0.02256204203787499
PUFNUB_clean,4.95108,3.29964,4.95034,1.53377,0.0,0.0,393.158,256.335,0.3948,0.257405,0.0,0,0.0002509324,0.0050881365,0.004870881642875019
PUGHIK_clean,5.58453,2.94571,4.54434,1.24413,0.0,0.0,889.639,715.072,0.4992,0.401246,0.0,1,0.0006321689,0.0122446482,0.012240031617250005
PUGHUW_clean,4.59881,3.19101,4.38746,1.29152,0.0,0.0,680.912,527.217,0.4696,0.363602,0.0,1,0.0004944394,0.0098859948,0.009543912279500032
PUGPEO_clean,9.53093,8.66388,9.24995,1.0567,1899.67,1797.75,0.0,0.0,0.6656,0.629888,0.0,1,0.0011630957,0.0228665555,0.02310976029762502
PUPHUE_clean,7.11215,6.70655,7.11215,0.937093,954.53,1018.61,0.0,0.0,0.5324,0.56814,0.0,1,0.0006378088,0.0143783683,0.012795892699999978
PUPXII_clean,3.89064,2.97043,3.89064,1.45541,0.0,0.0,162.553,111.688,0.422,0.289952,0.0,1,0.0001711215,0.0034861448,0.003426465604624996
PURNIB_clean,4.73361,3.41508,4.65301,3.6233,403.306,111.309,0.0,0.0,0.3372,0.0930644,5.52e-05,1,9.86487e-05,0.0018602804,0.0019135512562499838
PUWDIU_clean,8.22754,6.95777,8.22754,1.0931,2055.27,1880.23,0.0,0.0,0.6384,0.584028,0.0,1,0.001089955,0.0215933332,0.02097688636974997
PUWDOA_clean,10.50578,8.82117,10.50578,0.768678,1898.43,2469.74,0.0,0.0,0.689,0.896344,0.0,1,0.0016157055,0.0311030542,0.03198147842137505
PUZJOL_clean,4.83061,4.03981,4.83061,1.24259,1148.92,924.616,0.0,0.0,0.519,0.417676,0.0,0,0.0006218014,0.0130455418,0.012239929708250006
QADVUN_clean,3.777,2.91711,3.76909,2.40911,0.0,0.0,119.573,49.6338,0.4546,0.1887,0.0,1,0.0001632355,0.0038177903,0.003325396850666678
QADWEA_clean,4.644,4.03482,4.644,1.80951,763.808,422.108,0.0,0.0,0.4542,0.251007,0.0,0,0.000317956,0.0062163656,0.006123031965125006
QADWIE_clean,4.58512,3.92708,4.57664,1.84741,722.607,391.146,0.0,0.0,0.4522,0.244775,0.0,0,0.0002948473,0.0062398674,0.005822110394749999
QAGDIO_clean,12.81046,10.08472,12.79582,0.728225,1959.77,2691.16,0.0,0.0,0.7164,0.983763,0.0,1,0.0018671955,0.037197219,0.036931496347375165
QAGQEW_clean,16.48295,9.14033,16.48295,0.959417,1239.84,1292.29,398.029,414.866,0.701,0.730652,0.0,1,0.0015460046,0.0308059198,0.02965813152174987
QAJKAO_clean,5.03797,2.87978,5.03797,1.76281,0.0,0.0,713.197,404.579,0.4732,0.268435,0.0,1,0.0003264763,0.0063249098,0.006310594015499993
QALWUV_clean,7.07527,5.39947,6.79315,0.842522,2364.13,2806.02,0.0,0.0,0.7084,0.840809,0.0,0,0.0012118861,0.0240567347,0.025519264850624886
QAMVEH01_clean,5.82556,4.59087,5.81673,0.990751,1901.06,1918.81,0.0,0.0,0.6228,0.628614,0.0,1,0.001095022,0.0218859629,0.021808686590749936
QAPQEE_clean,4.84641,3.70884,4.84641,1.26705,1206.55,952.253,0.0,0.0,0.5406,0.426661,0.0,1,0.0005078671,0.0089497477,0.010314700412125032
QAQHOG_clean,4.07536,3.5864,4.07536,2.36311,463.12,195.979,0.0,0.0,0.3764,0.159282,0.0,1,0.0002573212,0.0050926898,0.004938959286500006
QAVDEW_clean,3.85858,2.94555,3.83538,1.58066,0.0,0.0,436.874,276.387,0.5158,0.326318,0.0,1,0.0003174985,0.0066277809,0.0060308212331250145
QAXQUB_clean,4.92382,2.63814,4.92363,1.88048,0.0,0.0,477.179,253.753,0.4532,0.241002,0.0,1,0.0003568791,0.006493891,0.0068691390606249614
QERCEV_clean,3.81997,3.10912,3.81361,2.51107,0.0,0.0,143.305,57.0696,0.4082,0.16256,0.0,0,0.0001060117,0.0022142761,0.002210569823250001
QERZUI01_clean,4.40066,3.54145,4.40066,1.45403,577.348,397.068,0.0,0.0,0.4282,0.294492,0.0,1,0.0003640528,0.0068342644,0.006982191793999984
QETSOY_clean,3.67394,2.65431,3.67394,2.15075,0.0,0.0,74.9033,34.8265,0.4068,0.189143,0.0,0,0.0001755259,0.003076061,0.00356071946737498
QEVKOS_clean,4.71244,3.94029,4.71244,1.86641,753.543,403.738,0.0,0.0,0.4654,0.249355,0.0,0,0.0002460093,0.0047869301,0.004887128956749987
QEWDON_clean,6.85219,4.97206,6.85219,1.41693,1021.65,721.035,55.4121,39.1073,0.5212,0.367839,0.0,1,0.0005727455,0.0116162227,0.01130994956837499
QEZZAY_clean,4.42079,3.15597,4.42079,2.11715,0.0,0.0,758.055,358.055,0.5212,0.24618,0.0,0,0.0003094971,0.0063914202,0.0062824079671249975
QEZZEC_clean,4.41457,3.13321,4.41457,2.18001,0.0,0.0,724.76,332.456,0.522,0.239448,0.0,0,0.0003206378,0.0060027219,0.006471896590499995
QIDDAI_clean_h,5.06102,3.07469,5.02911,1.04837,0.0,0.0,942.424,898.94,0.5614,0.535497,0.0,1,0.0005992765,0.0119464079,0.011928135137249997
QIGBIR_clean,5.14127,4.23557,5.11201,2.30609,2556.32,1108.51,0.0,0.0,0.6426,0.278653,0.0,1,0.000445955,0.0090429773,0.009078394652749977
QIJLAW_clean,8.05446,5.26641,8.05325,0.671267,2454.25,3656.15,0.0,0.0,0.7174,1.06873,0.0,0,0.0016938319,0.0337778489,0.0345661986079997
QITXAU_clean,5.33833,4.09777,5.32992,1.02323,1464.2,1430.95,0.0,0.0,0.5698,0.556862,0.0,0,0.0007369757,0.0144410509,0.014563521189750081
QIVJAG_clean,6.03486,4.47657,5.9683,0.924756,2925.59,3163.63,0.0,0.0,0.7036,0.760849,0.0,1,0.001319662,0.0263848214,0.026802901446875037
QIVQAP_clean,5.96532,3.96258,5.96532,1.08722,942.027,866.452,0.0,0.0,0.4728,0.434869,0.00073582,1,0.0005373375,0.0101576111,0.010714412548249985
QIVZEC_clean,5.08249,2.6083,4.77531,1.23808,0.0,0.0,716.512,578.726,0.4712,0.380588,0.0,0,0.0003192195,0.0066284988,0.006626077151874998
QIXNIW_clean,5.3327,4.51343,5.26398,1.68575,1489.56,883.622,0.0,0.0,0.5396,0.320096,0.0,1,0.0005503991,0.0100735426,0.01047328002999997
QIYCOS_clean,4.98252,2.67355,4.98066,1.13718,0.0,0.0,632.572,556.262,0.4942,0.434582,0.0,1,0.000291304,0.0058653713,0.005986331351874973
QIYDEJ_clean,22.48969,11.55679,22.48969,0.431427,1897.73,4398.73,0.0,0.0,0.814,1.88676,0.0,1,0.0035834757,0.0711193391,0.07201866201425006
QOBPEE_clean,5.93943,5.1846,5.93943,1.67865,1062.24,632.793,0.0,0.0,0.4286,0.255324,0.0,0,0.0004751121,0.0096624566,0.008776337321874975
QOCRUW_clean,5.79604,4.18591,5.79604,1.38102,1479.67,1071.43,0.0,0.0,0.5506,0.398692,0.0,1,0.0006396005,0.012912236,0.012729746731625016
QODHUO01_clean,7.02176,3.66753,6.99115,1.3176,1021.05,774.937,0.0,0.0,0.496,0.376443,0.0,1,0.0004294862,0.0084307575,0.008473762064249999
QODHUO03_clean,7.01529,3.79079,6.96918,1.33247,1014.37,761.274,0.0,0.0,0.4906,0.368189,0.0,1,0.0003923012,0.0080802893,0.00833595655462501
QODHUO07_clean,7.03774,3.77448,6.9742,1.32931,1016.48,764.667,0.0,0.0,0.4848,0.364699,0.0,1,0.0004155418,0.0084242501,0.008313352174875008
QOLVET_clean,4.18106,3.97053,4.18106,1.83396,707.407,385.727,0.0,0.0,0.4316,0.235338,0.0,0,0.0005295759,0.0066688144,0.008524899560500003
QOMFEE_clean,6.23329,4.79223,6.23329,0.956504,2173.22,2272.05,0.0,0.0,0.6332,0.661994,0.0,1,0.0011825228,0.023581587,0.023066955912499968
QOMTET_clean,4.76534,3.95054,4.76534,1.34356,1133.18,843.42,0.0,0.0,0.5016,0.373337,0.0,1,0.0004918838,0.0103711111,0.009782972385250034
QOPPES_clean,7.05411,5.65156,7.03914,0.967554,1983.39,2049.91,0.0,0.0,0.6408,0.662289,0.0,1,0.0011506098,0.020905819,0.02285692924187508
QOPZIF_clean,6.77563,4.15655,6.73512,1.06978,1861.11,1739.71,0.0,0.0,0.6378,0.596196,0.0,1,0.0009909213,0.0197164488,0.019758415594374978
QOSJOZ_clean,8.08316,3.97327,8.04054,1.14357,1840.46,1609.4,0.0,0.0,0.6224,0.54426,0.0,1,0.0009443346,0.0193546833,0.018510410192249985
QOVWOP_clean,3.85842,2.99137,3.85842,1.50485,0.0,0.0,107.351,71.3366,0.4246,0.282154,0.0,0,0.0001762716,0.0035812526,0.0033662074222499927
QOWLEU_clean_h,7.55178,5.63017,7.55178,1.41332,1270.28,898.791,0.0,0.0,0.5304,0.375286,0.0,0,0.0005272133,0.0096810109,0.010812564553000014
QUFGIH_clean,5.23484,3.17899,5.23484,1.61709,0.0,0.0,909.892,562.673,0.5008,0.309692,0.0,1,0.0005139028,0.0096485249,0.010272715507124972
QUKYUR_clean,4.2216,2.88893,4.2216,2.13114,0.0,0.0,437.358,205.223,0.4372,0.205148,0.0,1,0.0002295039,0.0045168679,0.004629975284749993
QUQBAH_clean,9.66456,8.22981,9.66456,0.719522,1817.4,2525.84,0.0,0.0,0.7038,0.978149,0.0,0,0.0016975558,0.0344718217,0.034011382887499865
QUQPUO_clean,4.10943,3.18244,4.08921,1.20432,0.0,0.0,613.537,509.446,0.4756,0.394911,0.0,1,0.0004833302,0.0098427518,0.009688214789625048
QUSCEN_clean,5.44405,4.31312,5.4378,1.17461,1160.52,988.008,0.0,0.0,0.5346,0.455132,0.0,0,0.0007330557,0.014392031,0.014255105241624972
QUSHUJ_clean,7.15336,4.82289,7.11748,0.903996,1600.62,1770.61,0.0,0.0,0.599,0.662614,0.0,1,0.0009678373,0.0184179463,0.019719852646374984
QUWYEO_clean,4.99055,3.64708,4.98531,1.56862,445.43,283.963,0.0,0.0,0.3404,0.217006,0.0,0,0.000270233,0.0050446859,0.005319985752000017
QUZVEO_clean,9.48553,8.8403,9.48103,1.4036,1600.03,1139.94,0.0,0.0,0.619,0.441008,0.0,1,0.0007800285,0.0145426694,0.015567312228000013
RAFNIV_clean,5.08011,4.95466,5.07716,1.28742,668.968,519.62,0.0,0.0,0.4346,0.337575,0.0,0,0.0002917265,0.005575487,0.00597701965300001
RAHMAP_clean,5.60258,3.44233,5.60258,1.27525,1106.44,867.624,0.0,0.0,0.5354,0.419839,0.0,1,0.0006413037,0.0125951148,0.012662095583500009
RAJFAL_clean,3.99252,2.95999,3.97563,1.3256,0.0,0.0,189.605,143.033,0.43,0.324381,0.0,1,0.0003868812,0.0066737013,0.00771724298125001
RAKCUC_clean,8.57661,7.89234,8.55843,1.19439,2063.73,1727.86,0.0,0.0,0.673,0.563469,0.0,0,0.0008953152,0.0187805531,0.018104686382249987
RAKDEN_clean,8.39033,7.40998,8.36675,1.20923,2036.82,1684.4,0.0,0.0,0.668,0.55242,0.0,0,0.0009887966,0.0183974109,0.01922556124237504
RASKON_clean,4.83097,3.827,4.78914,1.13652,871.617,766.914,0.0,0.0,0.4996,0.439586,0.0,1,0.000605362,0.0119870013,0.01159364659487498
RAVWAO_clean,17.92516,17.51395,17.92516,0.536552,1469.43,2738.65,0.0,0.0,0.7562,1.40937,0.0,1,0.0025180058,0.0510457704,0.05265683029950016
RAVWUI_clean,36.78756,36.43313,36.78756,0.334728,1010.86,3019.95,0.0,0.0,0.8506,2.54117,0.0,1,0.0049412343,0.0930354569,0.09631163652387481
RAVXAP_clean,34.85961,34.35542,34.85961,0.286106,1008.2,3523.86,0.0,0.0,0.8406,2.93808,0.0,1,0.0053751494,0.105669334,0.11288476168049934
RAXQEO_clean,8.85312,4.24768,8.85312,0.848051,1428.37,1684.3,0.0,0.0,0.631,0.744059,0.0,1,0.0009319501,0.0176347285,0.019338747352249976
RAYFAA_clean,15.81778,9.45289,13.62877,0.959285,1554.88,1620.88,0.0,0.0,0.6988,0.728459,0.0,1,0.0013166598,0.0260573927,0.026564430999749988
RAZJIM_clean,5.21161,3.32417,5.21161,1.39076,954.218,686.112,0.0,0.0,0.518,0.372458,0.0,1,0.000468166,0.0088783128,0.009192135684249928
RAZXIA_clean,7.67887,4.23308,7.64737,1.56136,1212.02,776.259,0.0,0.0,0.456,0.292053,0.0,1,0.0004656356,0.0091262253,0.009082501421249983
REDROI_clean,5.11492,3.52421,4.97096,1.62315,751.494,462.985,0.0,0.0,0.4856,0.299172,0.0,0,0.0004000366,0.0082486426,0.0077166369630000085
REGLOG_clean,4.5216,3.24604,4.5216,2.07119,0.0,0.0,890.971,430.174,0.5298,0.255795,0.0,1,0.0003046769,0.006530205,0.006153027466875009
REGMOH_clean,5.75637,3.63199,5.752,1.21306,695.864,573.642,0.0,0.0,0.461,0.380029,0.0,0,0.0003262399,0.0071725157,0.006437691238875004
REGQUR_clean,6.37556,5.47534,6.06532,1.03259,2464.11,2386.34,0.0,0.0,0.6836,0.662025,0.0,1,0.00123336,0.0236263213,0.024890463284999945
REGREC_clean,7.78665,6.48187,7.78665,0.899667,2411.03,2679.92,0.0,0.0,0.7204,0.800741,0.0,1,0.0014674728,0.0300957084,0.029782995787000072
REJVOS_clean,4.89378,3.67275,4.89056,1.38833,813.018,585.609,0.0,0.0,0.4646,0.334647,0.0,0,0.0003380916,0.0071788847,0.006876876433999982
RENWEM01_clean,3.12344,2.64694,3.12344,1.58333,0.0,0.0,0.0,0.0,0.4526,0.285853,0.0,1,0.0001914855,0.0034304804,0.0037160405102500075
REWLEM_clean_h,12.46985,5.92009,12.2403,0.703058,2170.85,3087.73,0.0,0.0,0.7184,1.02182,0.0,1,0.0019129414,0.0385001586,0.037803138811499985
REXCUU_clean,8.63785,5.56771,8.63785,1.36162,1719.14,1262.57,0.0,0.0,0.6254,0.459305,0.0,0,0.0007307352,0.013931368,0.014520231465125029
REYCOP_clean,3.95649,3.16913,3.84054,1.19707,0.0,0.0,293.662,245.318,0.4612,0.385274,0.0,1,0.0002599799,0.0051313763,0.005421428846624988
REZXEA_clean,10.58306,9.90235,10.58306,0.641816,2266.19,3530.9,0.0,0.0,0.7602,1.18445,0.0,1,0.0022838022,0.04486474,0.04522128561112497
RIFQEC_clean,4.46708,2.94138,4.46708,2.65252,0.0,0.0,471.642,177.809,0.3802,0.143335,0.0,1,0.0001377726,0.0031108435,0.0026881466681250017
RIGPEE_clean,4.3699,3.50423,4.34774,1.23163,597.681,485.277,0.0,0.0,0.468,0.379984,0.0,1,0.0003138847,0.0061774005,0.006465410126999993
RIPTEQ_clean,5.96,4.10144,5.96,2.02284,1713.13,846.891,0.0,0.0,0.5442,0.269027,0.0,1,0.0004700154,0.0093324968,0.009639701385499955
RIPWIY_clean,5.18343,3.34956,5.18343,3.60339,921.342,255.687,42.9853,11.9291,0.4704,0.130544,0.0,1,0.0002315409,0.0044471287,0.004587563973625008
RITGIM_clean,5.22026,3.78444,5.12438,2.19337,1554.84,708.882,0.0,0.0,0.5434,0.247747,0.0,1,0.0003607659,0.0072693017,0.007445417382874999
RIVDEF_clean,4.74355,4.40879,4.74355,1.30487,1087.67,833.549,0.0,0.0,0.5116,0.392069,0.0,0,0.0003896654,0.0074283405,0.008231489424375014
RIWSUM_clean,5.96762,4.61739,5.59799,1.1098,1315.0,1184.9,1.14823,1.03463,0.578,0.520815,0.0,1,0.000696267,0.0129964875,0.014035948229124984
RIXBEG_clean,6.00946,4.04752,5.99904,1.21211,664.521,548.234,0.0,0.0,0.4704,0.388083,0.0,1,0.0004012755,0.0074088239,0.007870001952249975
RIYBOS_clean,8.27117,7.50835,8.18647,1.23809,2073.81,1675.0,0.0,0.0,0.6628,0.535339,0.0,1,0.0008979485,0.0179905691,0.018022840237749974
RIYWIH_clean,4.61736,3.75355,4.61736,1.46943,261.851,178.199,75.8401,51.612,0.4096,0.278748,0.0,1,0.0002508395,0.0047236228,0.005110571388541671
ROGSAI_clean,7.26111,4.49108,7.2508,1.17019,1831.91,1565.48,0.0,0.0,0.6072,0.51889,0.0,1,0.0008871316,0.0167685968,0.017518708083374964
ROQDIM02_clean,5.22188,2.67795,5.22188,1.03483,0.0,0.0,945.617,913.785,0.5816,0.562022,0.0,0,0.00058053,0.0117295032,0.011797059760624977
ROQFUA06_clean,5.33889,2.80944,5.33889,0.990335,0.0,0.0,1042.29,1052.46,0.5704,0.575967,0.0,0,0.0006416255,0.0132273568,0.01306881271187505
ROQFUA_clean,5.11151,2.66584,5.11151,1.02483,0.0,0.0,897.894,876.138,0.56,0.546431,0.0,0,0.0005695927,0.0119040875,0.011344789298000042
ROQMER01_clean,5.16557,2.65175,5.16557,1.0453,0.0,0.0,913.508,873.92,0.5746,0.549699,0.0,0,0.000570377,0.0109871886,0.01132369205737504
ROQNES04_clean,5.32216,2.81722,5.32216,0.999305,0.0,0.0,1054.92,1055.65,0.5618,0.562191,0.0,0,0.0006420766,0.0131167072,0.012975113511750059
ROQNES_clean,5.09432,2.67474,5.09432,1.02615,0.0,0.0,920.053,896.609,0.55,0.535985,0.0,0,0.0005813761,0.0112943428,0.011749279815625015
ROSKER_clean,4.26694,3.06466,4.25528,1.60499,0.0,0.0,303.288,188.965,0.4976,0.310032,0.0,1,0.0003444259,0.0070429164,0.007210317123250007
ROTQIC_clean,4.94875,3.6681,4.74718,1.32167,723.976,547.773,0.0,0.0,0.481,0.363934,0.0,1,0.0003470965,0.0073915504,0.006956240691875
RUBGUS_clean,4.4617,3.54667,4.45263,1.35931,320.757,235.971,161.359,118.706,0.4638,0.341202,0.0,1,0.0003979182,0.0088666569,0.007677209170000029
RUBHOM_clean,3.70221,3.15399,3.70221,2.08698,0.0,0.0,90.6125,43.418,0.3748,0.17959,0.0,1,8.36577e-05,0.0020361215,0.0017933631592499974
RUGHUY_clean,3.74245,2.84378,3.74245,2.06389,0.0,0.0,187.997,91.0888,0.5116,0.247881,0.0,1,0.0002590574,0.004801472,0.005238542370124974
RUGXOI_clean,5.21341,3.72816,5.20196,1.19066,1517.77,1274.73,0.0,0.0,0.586,0.492165,0.0,0,0.0008392449,0.0162481222,0.01602036379737501
RUGZAW_clean,9.17489,7.98957,9.06653,0.92991,1617.71,1739.64,0.0,0.0,0.6164,0.66286,0.0,1,0.0010455085,0.0210415731,0.021135832643874915
RUHFUX_clean,9.94292,8.65457,9.91903,0.903529,2165.07,2396.24,0.0,0.0,0.7826,0.86616,0.0,1,0.0015818236,0.0316835021,0.031357927923750105
RULVUP_clean,5.01128,4.18788,4.96894,1.11888,878.165,784.859,0.0,0.0,0.5036,0.450092,0.0,1,0.0004856453,0.0097366341,0.009498904589874978
RULXOM_clean,15.36971,3.55595,15.36971,0.839199,1628.5,1940.54,0.0,0.0,0.652,0.776931,0.0,0,0.0013600952,0.0274053943,0.026449160526374936
RUMROI_clean,3.98794,3.20816,3.86657,1.74728,0.0,0.0,319.482,182.846,0.4734,0.270936,0.0,0,0.0002747105,0.0050856928,0.005641566933374984
RUPZIM_clean,3.48373,3.25841,3.48305,1.5496,0.0,0.0,45.163,29.1448,0.3786,0.24432,0.0,1,0.0001045933,0.0022058258,0.002120585224499997
RUSSAA_clean,4.07915,3.1886,4.07915,1.72591,0.0,0.0,346.893,200.991,0.4054,0.23489,0.0,1,0.0001933115,0.004093092,0.003942293993875016
RUSWIN_clean,6.48006,3.76789,6.3774,1.27344,1499.33,1177.39,0.0,0.0,0.5498,0.431746,0.0,1,0.0006859338,0.0137948926,0.013812771909875052
RUSWUZ_clean,6.54942,3.9072,6.54694,1.21025,1492.0,1232.81,0.0,0.0,0.5598,0.46255,0.0,1,0.0007570667,0.0143894057,0.015260733736125015
RUTBUE_clean,5.46179,3.3167,5.42607,1.84831,950.011,513.988,28.4133,15.3725,0.5068,0.274196,0.0,1,0.0003544914,0.0081193401,0.007153541605500016
RUVCES_clean,5.62432,4.09519,5.62432,1.21847,2083.62,1710.03,0.0,0.0,0.6886,0.565136,0.0,0,0.0009144934,0.018153618,0.018330643578749986
RUVKAV_clean,11.95152,7.15447,11.95152,0.601684,2230.0,3706.27,0.0,0.0,0.7794,1.29537,0.0,1,0.0024683371,0.0496825598,0.04958484760637478
RUVMAX_clean,5.22433,4.41387,5.22043,1.2008,1767.14,1471.63,0.0,0.0,0.5696,0.474351,0.0,1,0.0008179847,0.0155370268,0.01672576871637498
RUWWOW01_clean,5.03981,3.90859,5.01601,1.48698,1131.86,761.178,0.0,0.0,0.4928,0.331409,0.0,1,0.0004343072,0.0093629673,0.008769777038249962
RUWZIU_clean,6.72021,5.65873,6.72021,1.01181,1054.68,1042.37,0.0,0.0,0.5302,0.52401,0.0,0,0.0004711256,0.0104841869,0.009978092824624963
RUXKUS_clean,5.88596,2.93597,5.83712,1.08185,0.0,0.0,980.068,905.918,0.549,0.507463,0.0,1,0.0004826012,0.0100161688,0.010241788106374996
SABKIS_clean,6.81493,5.97974,6.81375,1.3839,1674.07,1209.68,0.0,0.0,0.6086,0.439772,0.0,1,0.0008050523,0.0155568404,0.015758695542999916
SADLEQ_clean,7.11187,6.8054,7.11187,1.50504,1508.7,1002.44,0.0,0.0,0.5702,0.378862,0.0,1,0.0007649002,0.0142386094,0.014582981450375036
SADMUH_SL,7.87003,7.35,7.87003,0.987944,1759.25,1780.72,0.0,0.0,0.6412,0.649025,0.0,0,0.0011499455,0.0228854998,0.02266167558383341
SARGOJ_clean,11.21149,10.84114,11.20988,1.13101,1553.18,1373.27,0.0,0.0,0.6422,0.56781,0.0,1,0.0011900019,0.0231278259,0.023336077343000104
SASKIH_clean,3.73163,2.8065,3.72675,1.83974,0.0,0.0,147.343,80.0892,0.4642,0.252318,0.0,1,0.0002568231,0.0050594148,0.005255046283249979
SATRIP_clean,5.64735,4.63209,5.64735,1.5207,2001.22,1315.99,0.0,0.0,0.609,0.400475,0.0,1,0.0006537366,0.0135007981,0.013317141374874948
SATROV_clean,5.68214,4.67755,5.6433,1.62598,1989.31,1223.46,0.0,0.0,0.6086,0.374297,0.0,1,0.0006117978,0.0124211361,0.01268853476537495
SEFSOM_clean,7.74471,4.63206,7.74435,1.3092,888.245,678.465,0.0,0.0,0.4856,0.370914,0.0,0,0.0004174339,0.0081219819,0.008223419891375008
SEHLEY_clean,3.36665,2.71265,3.33888,2.12389,0.0,0.0,0.0242582,0.0114216,0.3734,0.17581,0.0,1,3.52659e-05,0.00090335,0.000914409929499992
SERWAP_clean,5.42763,4.05857,5.33801,0.873598,1883.71,2156.27,0.0,0.0,0.6098,0.698033,0.0,0,0.0010326735,0.0209003461,0.02072626908050002
SETQOZ_SL,7.85539,7.34267,7.85421,0.993925,1777.54,1788.41,0.0,0.0,0.6354,0.639284,0.0,0,0.0011156581,0.0223131645,0.02220368095312499
SETWUL_clean,3.71353,2.9815,3.7011,2.05864,0.0,0.0,101.525,49.3167,0.432,0.209847,0.0,1,0.0001880206,0.0036930299,0.0036712076858750205
SETXAS_clean,3.80992,3.02112,3.70447,2.01139,0.0,0.0,214.938,106.86,0.4678,0.232576,0.0,1,0.0002242187,0.003967792,0.004399066518125001
SEYFEI_clean,4.05966,3.18681,4.05966,2.14126,0.0,0.0,327.325,152.866,0.4646,0.216976,0.0,1,0.0002339527,0.0045909559,0.004774497892874987
SIBLAQ_clean,3.7637,3.02186,3.7637,1.49639,0.0,0.0,366.029,244.608,0.526,0.351513,0.0,0,0.0003842346,0.0077185049,0.007722482147000022
SIKGAW_clean,4.92676,4.21433,4.92676,0.888887,2386.29,2684.58,0.0,0.0,0.6492,0.730352,0.0,0,0.0010918486,0.0216088243,0.022212210155624842
SIVKAK_clean,4.30972,3.83052,4.30972,1.95562,167.191,85.4925,0.0,0.0,0.4122,0.210777,0.0,1,7.28737e-05,0.0014618244,0.001652931059624999
SIWPUL11_clean,3.73937,3.20845,3.73937,1.4711,0.0,0.0,33.5218,22.7869,0.4754,0.32316,0.0,0,0.0001809301,0.0037543001,0.0037014269158749924
SIWSUO_clean,4.95346,3.52092,4.93971,1.30798,969.125,740.933,0.0,0.0,0.499,0.381505,0.0,1,0.0005401553,0.0111697176,0.010651335388375018
SIZGEO_clean,4.71719,3.11365,4.26779,1.80677,0.0,0.0,1041.57,576.483,0.5266,0.291459,0.0,0,0.0003659725,0.0074064632,0.007640718392
SOBZEQ_clean,7.06044,5.44324,7.04565,0.861876,2509.51,2911.69,0.0,0.0,0.7062,0.819376,0.0,1,0.0016820583,0.0312997763,0.03321921654587508
SOBZOY_clean,5.37738,4.41402,5.37738,1.12835,1566.4,1388.22,0.0,0.0,0.582,0.515796,0.0,1,0.0006532691,0.0138000487,0.013295931654999973
SODZIV_clean,6.23207,5.25681,6.23207,1.2688,1153.66,909.256,0.0,0.0,0.5338,0.420714,0.0,1,0.0005080921,0.0100452297,0.010480187490625039
SOKWAS_clean,6.00629,4.14523,5.99555,1.89659,1733.95,914.246,0.0,0.0,0.6016,0.317201,0.0,1,0.0005801617,0.0111872544,0.01128833638674998
SONTOF_clean,6.50923,5.39354,6.50923,1.11456,2282.12,2047.56,0.0,0.0,0.6604,0.592523,0.0,1,0.0010634471,0.0213166204,0.021040204455749945
SONTUL_neutral_b,11.07564,6.55104,11.07564,0.882976,2163.69,2450.45,0.0,0.0,0.717,0.812027,0.0,1,0.0015189167,0.030959556,0.03118085537287496
SORQAT_clean,4.4873,3.3179,4.4873,1.95445,291.285,149.037,124.29,63.5931,0.3762,0.192484,0.0,1,0.0002264479,0.0046027246,0.004534481259500021
SORXAA_clean,4.50589,3.34598,4.50589,1.9208,298.888,155.606,146.137,76.081,0.3866,0.20127,0.0,1,0.0002350277,0.004744622,0.004792149437750002
SOVHAM_clean,4.88485,4.19849,4.88485,1.17469,1409.46,1199.86,0.0,0.0,0.5526,0.470422,0.0,1,0.0004965082,0.0112266021,0.010181651028999966
SOVLEW_clean,16.78989,6.64048,16.78989,0.755158,2186.99,2896.07,0.0,0.0,0.742,0.982576,0.0,1,0.0019181516,0.0377302245,0.03820909913125023
SOXDAM_clean,7.87287,4.28499,7.87287,1.75813,1069.27,608.188,0.0,0.0,0.4738,0.26949,0.0,1,0.0003867983,0.008205741,0.007786370948499981
SOZBIS_clean,7.02326,5.68654,7.02326,1.02671,2667.76,2598.37,0.0,0.0,0.7458,0.7264,0.0,0,0.0011555717,0.0232383872,0.02325525788725003
SOZPUU_clean,5.35123,2.85135,5.3323,1.39051,0.0,0.0,254.169,182.788,0.3182,0.228836,0.0,0,0.0001380269,0.0027286852,0.0027512281126250036
SOZSEH_clean,8.87095,4.01926,8.85196,0.99882,1779.57,1781.67,0.0,0.0,0.63,0.630744,0.0,1,0.0011365134,0.0230924424,0.022662105603874876
SUFJIO_clean,6.28851,3.57969,6.27024,1.16864,1486.44,1271.94,3.80569,3.2565,0.6096,0.52163,0.0,1,0.0008055309,0.0155523869,0.016354005677375005
SUFJOU_clean,6.30332,3.54841,6.29414,1.24899,1424.61,1140.61,0.0,0.0,0.571,0.457169,0.0,1,0.0007673761,0.0147676615,0.01526824775525
SUGVUM_clean,5.79435,4.06776,5.78784,1.1064,1279.06,1156.05,0.0,0.0,0.5442,0.491863,0.0,1,0.0007183968,0.0135924485,0.01439791509662508
SUKYIH_clean,9.64677,7.09331,9.64677,0.59954,2372.38,3957.0,0.0,0.0,0.7742,1.29132,0.0,1,0.0025019139,0.0487267952,0.049268007732499834
SUNJOB01_clean,4.89634,3.8976,4.73512,1.37366,1723.73,1254.84,0.0,0.0,0.596,0.433877,0.0,1,0.0006306427,0.0135971087,0.012556700805250039
SUSRUV_clean,7.5604,3.02876,7.55252,1.19859,0.0,0.0,1206.18,1006.33,0.5328,0.444521,0.0,1,0.0006125398,0.0125310795,0.012392310499000005
SUSZIQ_clean,6.2853,5.33445,6.2853,1.91818,700.301,365.087,0.0,0.0,0.4294,0.223858,0.0,0,0.0002714611,0.0050400478,0.005433749884125012
TACFIN_clean,4.11781,3.54093,4.10826,2.15064,560.827,260.772,0.0,0.0,0.499,0.232024,0.0,0,0.0002808958,0.0058938411,0.005644120079499998
TACYAX_clean,5.05515,2.69572,5.05515,1.22535,0.0,0.0,567.11,462.815,0.494,0.40315,0.0,1,0.0003838758,0.0063763984,0.00751060753674998
TADYEE_clean,6.41454,5.84385,6.41454,1.06115,1369.43,1290.51,0.0,0.0,0.545,0.513592,0.0,0,0.000648524,0.0126773974,0.013558274378999988
TAFPOG_clean,4.50085,2.84285,4.46717,1.62237,0.0,0.0,597.144,368.069,0.487,0.300178,0.0,0,0.0004303036,0.006987699,0.008220223391750015
TAGSEB_clean,5.65756,4.12237,5.64659,1.3278,950.233,715.647,0.0,0.0,0.4958,0.373401,0.0,1,0.0004149549,0.0080224605,0.008255293168749978
TAJXIO04_clean,3.63081,3.41863,3.61802,2.33825,87.153,37.2728,0.0,0.0,0.3114,0.133177,0.0,1,3.48211e-05,0.0008569399,0.0008820690276250015
TAJXIO06_clean,3.64535,3.29678,3.60844,2.33891,0.0,0.0,63.9716,27.3511,0.3298,0.141006,0.0,1,4.07662e-05,0.0007601201,0.0008350823556250066
TAKYEL_clean,7.08068,3.12698,7.08068,1.56884,0.0,0.0,572.755,365.082,0.49,0.312333,0.0,1,0.0003610634,0.0063419736,0.006983259239374979
TANFEV_clean,3.98514,2.61526,3.98514,2.3923,0.0,0.0,345.939,144.606,0.4664,0.194959,0.0,0,0.0002272035,0.0047988694,0.004423536518000015
TANMIH_clean,5.18859,3.46319,5.18859,1.38533,742.681,536.106,0.0,0.0,0.453,0.326999,0.0,1,0.0003927261,0.0073229883,0.007727687530500023
TARVOX_clean,4.82249,4.38256,4.82249,1.56156,717.335,459.371,0.0,0.0,0.4084,0.261533,0.0,1,0.0003143039,0.0064948962,0.006252799140749994
TARWAK_clean,5.7222,5.11854,5.62643,1.61442,844.237,522.933,0.0,0.0,0.433,0.268207,0.0,1,0.0002844624,0.0058943995,0.005829694889624998
TAVCIF_clean,4.70191,2.64563,4.67221,1.27266,0.0,0.0,334.799,263.071,0.4566,0.358776,0.0,1,0.0002974217,0.0064531486,0.005958421967500013
TAWHOO_clean,4.38999,3.64477,4.35876,1.86492,695.401,372.886,0.0,0.0,0.4262,0.228535,0.0,0,0.0003773725,0.0071517958,0.007383010722625034
TAXHUX_clean,3.51407,3.06361,3.50906,1.66232,0.0,0.0,17.8072,10.7122,0.4476,0.269262,0.0,0,5.76229e-05,0.0012759353,0.0012716175434999944
TAZSAP02_clean,4.8997,3.82043,4.80699,1.96517,851.036,433.06,0.0,0.0,0.4368,0.222271,0.0,1,0.0002609628,0.0044949733,0.0052351389687500085
TEBFUD_clean,3.69312,2.67049,3.69312,2.11286,0.0,0.0,81.51,38.5781,0.4012,0.189885,0.0,1,0.0001485843,0.0032461906,0.0029090631352500017
TECTUS_clean,5.16992,3.60905,5.14467,1.12529,1198.87,1065.39,0.0,0.0,0.54,0.479875,0.0,1,0.000765949,0.0145082048,0.015058330196750014
TEJBAN_clean,4.03108,3.48324,4.03108,1.38569,387.305,279.502,0.0,0.0,0.442,0.318974,0.0,0,0.0001709451,0.0039114771,0.0034202856268749937
TEJGEW_clean,4.65952,3.80073,4.61652,1.92155,1014.2,527.802,0.0,0.0,0.4756,0.247508,0.0,1,0.0002961132,0.0056881941,0.00582638219187496
TEJQAC_clean,3.76144,3.19439,3.75514,1.53008,0.0,0.0,37.7108,24.6463,0.379,0.2477,0.0,1,4.32078e-05,0.0009684179,0.0009719607076249933
TEQWER01_clean,4.21874,3.59841,4.17878,1.6409,883.632,538.504,0.0,0.0,0.5372,0.327381,0.0,1,0.0003567414,0.0072426793,0.007165128673750004
TESGUU_clean,4.82436,3.58268,4.81961,1.92111,719.303,374.421,0.0,0.0,0.4562,0.237467,0.0,0,0.0002576258,0.0052091035,0.005250085545500023
TETVIZ_clean,5.51517,3.41736,5.00993,2.38206,1155.9,485.251,0.0,0.0,0.4816,0.202178,0.0,1,0.0003139279,0.0066038859,0.006465756622624992
TETWEW_clean,6.01008,3.97081,5.72262,2.0273,1705.36,841.198,0.0,0.0,0.5372,0.264983,0.0,1,0.000486034,0.0091118325,0.009522750545500011
TEVZOK_clean,4.56897,3.54471,4.54551,1.97903,632.114,319.407,0.0,0.0,0.4392,0.221927,0.0,0,0.0002367774,0.0047161895,0.004912223875750003
TEWFUY_clean,5.12402,3.76853,5.12402,1.20256,906.265,753.612,0.0,0.0,0.4818,0.400645,0.0,1,0.0005391089,0.0104327559,0.010891407421750012
TIDQIG_clean,4.09301,3.34162,4.08996,2.4567,341.206,138.888,0.0,0.0,0.42,0.170961,0.0,0,0.0001506819,0.0028777039,0.0030112603024999973
TILVOZ_clean,6.92662,5.60326,6.92662,1.05598,2650.36,2509.85,0.0,0.0,0.7402,0.700958,0.0,0,0.0011050785,0.0225487951,0.02246989174162497
TIQHAD_clean,4.94141,3.41905,4.94141,1.59594,416.437,260.936,0.0,0.0,0.3934,0.246501,0.0,0,0.0002184997,0.0043585501,0.004349224472249998
TIQHEH_clean,4.93102,3.44222,4.63541,1.5902,461.876,290.452,0.0,0.0,0.3816,0.23997,0.0,0,0.000217255,0.0045363685,0.004397024125500005
TISLIR_clean,3.87098,3.35985,3.83504,2.06145,195.316,94.7469,0.0,0.0,0.4438,0.215285,0.0,1,0.000138845,0.0026335487,0.0028308390457500027
TISPAO_clean,11.19601,4.56022,11.19601,1.01627,1481.21,1457.5,344.513,338.997,0.6604,0.649826,0.0,0,0.0011344328,0.022071294,0.022405527460124967
TIXMET_clean,7.38507,6.83905,7.38507,1.43185,1792.23,1251.69,0.0,0.0,0.6648,0.464295,0.0,0,0.000706969,0.0145799933,0.01412536951237496
TIXMIX_clean,5.48641,4.37851,5.43408,1.55041,1423.25,917.982,0.0,0.0,0.5816,0.375127,0.0,0,0.0005589288,0.0111702948,0.011431957495500005
TOJLOT_clean,9.35136,7.4656,9.35136,0.787935,1703.38,2161.83,0.0,0.0,0.6612,0.839156,0.0,0,0.0013780831,0.0270494921,0.027509083499749988
TOJVIZ_clean,3.39674,2.66676,3.39674,1.51735,0.0,0.0,1.14851,0.756919,0.3788,0.249646,0.0,0,8.5835e-05,0.0014218146,0.0018875400498749952
TOLGOR_clean,5.98694,4.00719,5.95033,1.17836,1406.99,1194.02,0.0,0.0,0.5528,0.469125,0.0,1,0.0005833051,0.0125704776,0.012028227051374994
TONMEQ_clean,5.19363,2.88882,5.19363,1.71551,0.0,0.0,655.397,382.043,0.4052,0.236198,0.0,1,0.0003142639,0.0054769678,0.006193667468124987
TORJER_clean,5.04936,3.67231,5.03861,1.16476,1436.77,1233.53,0.0,0.0,0.5708,0.490058,0.0,1,0.0006763042,0.0133677629,0.013840892117124975
TOTVUV_clean,3.89085,3.14087,3.89085,2.64196,0.0,0.0,146.899,55.6025,0.3742,0.141637,0.0,1,6.30594e-05,0.0011945037,0.0013664932525000054
TOVJIZ_clean,12.65101,8.2906,12.63941,0.451159,2031.86,4503.64,0.0,0.0,0.8026,1.77897,0.0,1,0.0034030412,0.0687512189,0.06719324543662519
TOVKEW_clean,13.15242,8.94797,13.15242,0.566631,2049.64,3617.24,0.0,0.0,0.7342,1.29573,0.0,1,0.0022552045,0.0483474998,0.04524564275712488
TOVKIA_clean,11.37766,5.00759,10.17753,0.697273,2365.25,3392.15,0.0,0.0,0.715,1.02542,0.0,1,0.0019313041,0.0379913074,0.03847488312237505
TOWLIC_clean,6.99656,4.17509,6.73263,1.1525,2487.14,2158.04,0.0,0.0,0.672,0.58308,0.0,1,0.0009995337,0.0205578901,0.019875771022625048
TOWPEC_clean,10.15584,5.70866,7.95557,0.889254,1486.62,1671.76,593.787,667.736,0.6774,0.761762,0.0,1,0.0015343551,0.0296947991,0.03016791403562508
TUKDAG_clean,3.37824,2.66134,3.37824,1.47107,0.0,0.0,0.517934,0.352079,0.4176,0.283874,0.0,0,5.88045e-05,0.001016828,0.0013418655301249902
TUMDAI_clean,4.50033,3.69451,4.50033,1.24564,1071.02,859.815,0.0,0.0,0.5156,0.413924,0.0,0,0.0005520931,0.0115885958,0.011063854259499968
TUMRIE_clean,4.83008,3.62775,4.83008,1.3408,1128.82,841.902,0.0,0.0,0.5312,0.396182,0.0,1,0.0005052822,0.0108404541,0.010138442565125035
TUMROK_clean,4.44242,3.69598,4.44242,1.23691,1067.61,863.126,0.0,0.0,0.5056,0.40876,0.0,0,0.0005487283,0.0112616499,0.010812609297124966
TUPDOZ_clean,4.88368,4.4419,4.87874,1.30126,809.227,621.881,0.0,0.0,0.487,0.374254,0.0,1,0.0004862521,0.0087020188,0.009415648239437503
TUPGIU_clean,4.86654,3.68424,4.60956,0.816785,1409.59,1725.78,0.0,0.0,0.5472,0.669943,0.0,1,0.0007911099,0.017009935,0.016022563057124996
TURDOB_clean,6.98892,4.35902,6.87374,1.03033,1344.35,1304.78,0.0,0.0,0.5432,0.52721,0.0,0,0.0007290623,0.0143866739,0.01487230560137504
TUYJED_clean,8.921,4.25748,8.91848,1.03154,2274.68,2205.14,0.0,0.0,0.7106,0.688873,0.0,1,0.0011971073,0.0232615147,0.023530047069499987
UBOGAV_clean,5.07523,3.09037,5.07523,2.28893,0.0,0.0,779.414,340.515,0.474,0.207084,0.0,1,0.0003245709,0.0063330912,0.006394176584124995
UBULUA_clean,8.25861,7.55924,8.25861,1.22262,2063.77,1688.0,0.0,0.0,0.67,0.548005,0.0,1,0.0008946569,0.0183691031,0.017867576444374988
UCABAE_clean,5.42772,4.56824,5.1729,1.09568,662.018,604.208,511.165,466.528,0.544,0.496495,0.0,0,0.0006980491,0.0135762316,0.013975954621499996
UCAXEC_clean,4.65972,3.79898,4.65972,1.24715,773.765,620.428,0.335064,0.268664,0.4924,0.394821,0.0,1,0.0004424346,0.0085794533,0.008742149811999982
UCOXOZ_clean,6.74707,6.10487,6.74209,1.02439,1598.25,1560.2,14.8613,14.5075,0.5836,0.569706,0.0,1,0.0007267836,0.015567187,0.014961976863750033
UCUTIW_clean,6.35635,5.83008,6.34586,1.00359,1563.59,1558.0,0.0,0.0,0.6334,0.631134,0.0,1,0.0009165442,0.0185693351,0.018690705005875042
UDEMEW_manual,28.23748,11.69499,28.22828,0.681201,1337.39,1963.29,46.9906,68.9819,0.7606,1.11656,0.0,1,0.0021148853,0.0423669019,0.04308351285099989
UFEMIC_clean,5.26486,4.19267,5.24985,1.20943,1737.26,1436.43,0.0,0.0,0.6508,0.538107,0.0,0,0.0006342204,0.0132460079,0.013053875769750024
UFENAW_clean,7.28617,5.35852,7.10503,0.754992,3088.35,4090.58,0.0,0.0,0.7422,0.983057,0.0,1,0.0017092238,0.0361123578,0.03408619224587503
UFOFIF_clean,4.79304,3.6453,4.79304,1.31843,760.934,577.154,0.0,0.0,0.5036,0.381971,0.0,1,0.0003648941,0.0078537082,0.0076433487986250145
UFUNAK_clean,4.15354,2.89336,4.14541,1.54075,0.0,0.0,201.949,131.072,0.4016,0.260652,0.0,1,0.0002121134,0.0042497902,0.004238820384875005
UGAQEY_clean,4.89575,4.03861,4.89307,1.29414,1150.64,889.116,1.22671,0.947894,0.5042,0.389602,0.0,1,0.0005232705,0.0107437459,0.010471021404750029
UGIGAS01_clean,3.71953,2.84259,3.69838,2.13073,0.0,0.0,125.339,58.8243,0.3662,0.171866,0.0,0,0.0001648801,0.003330579,0.0033294830848750196
UGUGUZ_clean,4.77323,4.07807,4.77323,1.79667,684.632,381.056,127.779,71.1197,0.5662,0.315138,0.0,1,0.0004732121,0.0094038326,0.009200841871474961
UGUQUK_clean,3.99032,3.05539,3.98074,1.40234,0.0,0.0,101.65,72.4861,0.3968,0.282957,0.0,0,0.0001816266,0.0028681862,0.0035947743269999937
UGUXAV_clean,4.02254,3.27151,4.02254,1.39757,0.0,0.0,306.841,219.553,0.5282,0.377941,0.0,0,0.0003038329,0.0066299061,0.006256755883750013
UHAXUW_clean,5.09262,3.57011,5.0696,1.51761,748.067,492.925,0.0,0.0,0.446,0.293883,0.0,0,0.0002841152,0.0058490929,0.005799513248249999
UHISEK_clean,4.62036,2.94968,4.54474,1.89246,0.0,0.0,318.192,168.136,0.417,0.220348,0.0,0,0.0002104897,0.004167697,0.004374546847749993
UHISOU_clean,4.50899,3.25805,4.50899,1.23297,0.0,0.0,879.933,713.667,0.521,0.422555,0.0,1,0.0006883342,0.0133733501,0.01335430785925
UHUPET_clean,13.55212,8.93511,12.0856,0.540431,2097.88,3881.87,0.0,0.0,0.7682,1.42146,0.0,1,0.002566552,0.0521636322,0.05320379044774998
UJILAA_clean,19.23413,9.51535,19.23413,0.420332,1982.45,4716.4,0.0,0.0,0.8898,2.1169,0.0,1,0.0036640858,0.074446207,0.07812863038037497
UJOJIO05_clean,3.44274,2.64886,3.43821,1.77527,0.0,0.0,1.58128,0.890726,0.33,0.185888,0.0,0,4.25693e-05,0.0008817933,0.0009715422687500019
UJOJIO_clean,3.42023,2.63655,3.42023,1.78596,0.0,0.0,0.795402,0.445363,0.3256,0.182311,0.0,0,4.25693e-05,0.0009061186,0.0009560769802499928
UJULIW_clean,7.01875,6.807,7.01875,2.47032,548.528,222.047,0.0,0.0,0.3284,0.132938,0.0,1,0.0002159206,0.0038145968,0.004292575088625013
UJUQIB_clean,10.2017,5.3119,10.02065,0.774012,2238.72,2892.35,0.0,0.0,0.6914,0.893268,0.0,0,0.0016244128,0.0326080428,0.03231535948562496
UKIQOV_clean,13.66711,9.63813,13.66009,0.628902,2104.6,3346.47,0.0,0.0,0.7776,1.23644,0.0,1,0.0024475559,0.0482090993,0.048079756686199966
UKUDEL_clean,10.93489,2.95536,10.93489,1.20739,0.0,0.0,1228.49,1017.48,0.596,0.493627,0.000165647,0,0.0007182863,0.0141937954,0.013897447161250003
ULEHEA_clean,3.71795,2.69286,3.71795,2.01619,0.0,0.0,85.7804,42.5457,0.4102,0.203453,0.0,1,0.0001777222,0.003266456,0.003606699591249993
ULIMIN_clean,5.00183,3.7748,4.85322,1.2693,515.601,406.208,162.351,127.906,0.476,0.375009,0.0,0,0.000436065,0.0078791295,0.008318597902562487
ULOGAE_clean,6.57121,5.40028,5.95167,1.35328,2211.75,1634.36,0.0,0.0,0.6272,0.463465,0.0,1,0.0008816073,0.0171386683,0.017535504309875032
ULOLIS_clean,8.54677,6.10924,8.54677,1.32937,1733.05,1303.66,0.0,0.0,0.6388,0.480529,0.0,0,0.000693211,0.0148201,0.014215394441125026
ULUVUT_clean,5.14269,4.75945,5.14269,1.14921,1898.67,1652.16,0.0,0.0,0.6398,0.556733,0.0,0,0.000785056,0.0168430194,0.016484874454250006
UMEDEX_clean,8.31991,5.90244,8.31991,1.33036,1734.05,1303.45,0.0,0.0,0.6334,0.476113,0.0,0,0.0008067309,0.0142824895,0.015696654466375047
UMEDOH_clean,8.3593,5.89473,8.3593,1.33036,1732.85,1302.55,0.0,0.0,0.6328,0.475662,0.0,0,0.0006982463,0.0147184003,0.01425737864225002
UMOBEF08_clean,9.5277,6.07844,9.52714,0.722374,2381.06,3296.16,0.0,0.0,0.701,0.970411,0.0,1,0.0017426002,0.0348554043,0.03471692099125002
UMOBEF09_clean,9.30813,6.0393,8.12664,0.731985,2350.62,3211.3,0.0,0.0,0.696,0.95084,0.0,1,0.0016101218,0.0339688182,0.03282611354275002
UMODEH02_clean,11.81211,5.47188,11.81161,0.501768,2601.38,5184.43,0.0,0.0,0.788,1.57045,0.0,1,0.0028605507,0.0588399897,0.0584598396079997
UMODEH03_clean,11.61852,5.42066,11.35102,0.51003,2634.97,5166.3,0.0,0.0,0.785,1.53913,0.0,1,0.0028244244,0.0577299251,0.05597538630249979
UMODEH08_clean,7.50813,5.20054,6.29758,0.647965,2827.66,4363.91,0.0,0.0,0.7222,1.11457,0.0,1,0.0020559184,0.0401199662,0.04201956316812515
UMODEH13_clean,8.08,5.10727,6.08981,0.75692,2343.08,3095.55,0.0,0.0,0.6792,0.89732,0.0,1,0.0016716653,0.031610566,0.03336512081900001
UMODEH20_clean,9.81757,5.20485,6.37863,0.582326,2920.59,5015.39,0.0,0.0,0.7482,1.28485,0.0,1,0.0023449291,0.0472598488,0.047896327644624995
UMOVEZ04_clean,11.43321,6.00494,11.43286,0.521066,2715.35,5211.14,0.0,0.0,0.7844,1.50538,0.0,1,0.0027752522,0.057600925,0.05576038833349974
UMOYOM08_clean,9.66223,5.42293,9.66221,0.547658,2688.94,4909.89,0.0,0.0,0.7644,1.39576,0.0,1,0.002683587,0.052548734,0.05265798540199991
UMOYOM16_clean,7.63035,5.01799,6.05656,0.779987,2424.82,3108.79,0.0,0.0,0.664,0.851297,0.0,1,0.0016003603,0.0303793066,0.031311589012999984
UNABER_clean,4.2819,3.29824,4.2819,1.63284,0.0,0.0,136.975,83.8878,0.401,0.245585,0.0,1,6.70806e-05,0.001156633,0.0014567026468750022
UNIPAJ_clean,4.43325,2.61552,4.42646,1.38943,0.0,0.0,445.089,320.339,0.471,0.338988,0.0,1,0.0002895879,0.0058665342,0.005751581522000005
UPIBOM_clean,6.9638,6.58355,6.9638,1.56774,1538.59,981.409,0.0,0.0,0.5776,0.368429,0.0,0,0.000679187,0.0136235814,0.01352955639624993
UQEGII_clean,7.86584,3.91024,7.82641,1.73651,1232.93,710.003,0.0,0.0,0.5438,0.313156,0.0,1,0.0003694569,0.0075260089,0.007610008837999997
UQOGAK_clean,5.32857,3.35824,5.23125,1.15511,1372.5,1188.2,0.0,0.0,0.5098,0.441345,0.0,1,0.0007353481,0.0149680485,0.01414276607187498
UQUCUG_clean,4.91196,3.29582,4.91125,1.5455,0.0,0.0,411.109,266.004,0.416,0.269169,0.0,0,0.0002224895,0.0049676524,0.004553230430250004
URENEM_clean,8.53899,7.85329,8.41522,0.74811,2058.38,2751.44,0.0,0.0,0.7178,0.959485,0.0,1,0.0018141255,0.0377061438,0.03549201839400005
URUWEL_clean,9.27008,8.60913,9.21935,1.12073,1091.29,973.727,41.1176,36.688,0.5796,0.517161,0.0,1,0.000665117,0.0142256784,0.01289922849300005
USUVIP_clean,7.94489,4.42991,7.94489,1.30315,1252.83,961.391,0.0,0.0,0.5286,0.405634,0.0,1,0.0005985204,0.0117895787,0.01212565066674996
UTADIE_clean,5.9737,4.97659,5.79418,1.5664,1976.27,1261.66,0.0,0.0,0.6122,0.390833,0.000127682,1,0.0007240797,0.0132859119,0.014179645021000005
UTULIF_clean,4.41246,3.54295,4.40979,1.75943,1064.28,604.898,0.0,0.0,0.5628,0.319876,0.0,0,0.00039556,0.0081725538,0.008012201115375022
UTULUR_SL_part,7.64843,6.25721,7.64843,1.71749,808.319,470.64,196.079,114.166,0.5024,0.29252,0.0,0,0.0005477478,0.0109497247,0.010310419701374996
UVANUC_clean,4.85728,3.61043,4.47871,1.46742,436.6,297.529,393.627,268.244,0.5082,0.346323,0.0,1,0.0005283315,0.0089871962,0.010350452711249984
UVASAM_clean,4.75617,3.15385,4.68597,1.22491,0.0,0.0,432.985,353.483,0.4388,0.358231,0.0,0,0.0003121681,0.0065176912,0.006324823150874994
UVEWIC01_clean,4.92418,2.99921,4.7622,1.0991,0.0,0.0,1488.77,1354.53,0.601,0.546809,0.0,1,0.0007165459,0.014157414,0.01415525011649999
UVIPOF_clean,13.17946,6.58449,13.17946,0.87003,2145.41,2465.9,0.0,0.0,0.7218,0.829627,0.0,1,0.0015883991,0.0325298955,0.03202964893599995
UVOTOQ_clean,11.52321,9.17095,11.02494,1.0394,1689.27,1625.24,0.0,0.0,0.6776,0.651916,0.0,1,0.0012141543,0.024799218,0.024035218696875037
UVUWAL_clean,5.70984,4.07494,5.63813,1.12706,1693.32,1502.42,0.0,0.0,0.5456,0.484089,0.0,0,0.0007422696,0.0158420362,0.014953970835750008
UWODAN_clean,6.59983,5.06853,6.59196,1.38828,1109.99,799.546,13.7879,9.93166,0.5174,0.372693,0.0,1,0.0005718697,0.0111569134,0.011175186793624985
UXEDIL02_clean,3.94473,2.69886,3.94473,2.25078,0.0,0.0,176.786,78.5445,0.4344,0.193,0.0,0,0.0001232621,0.0027567524,0.0027386353275000003
UXEDIL_clean,3.9514,2.75707,3.91061,2.23909,0.0,0.0,199.249,88.9869,0.4398,0.196419,0.0,0,0.0001412566,0.0029870816,0.003029131543500002
UXEDUX_clean,4.50403,2.92726,4.50403,2.04861,0.0,0.0,455.826,222.505,0.467,0.227959,0.0,0,0.0001727469,0.0040217635,0.0035700228150833384
UXIQOJ_clean,7.1779,7.04787,7.1779,1.13503,1629.42,1435.57,0.0,0.0,0.592,0.521571,0.0,0,0.0009702653,0.0193505524,0.019477994393624895
UXISUR_clean,13.20708,6.69761,13.19407,0.878357,2102.35,2393.51,0.0,0.0,0.7182,0.817663,0.0,1,0.0016157864,0.0319773336,0.03177283043162514
UXUPIN_clean,7.3374,5.72246,6.07377,0.669934,2447.15,3652.82,0.0,0.0,0.7066,1.05473,0.0,1,0.0017083334,0.0345740087,0.0340894997987498
UXUYUI_clean,4.1469,3.20447,3.68437,1.01089,0.0,0.0,178.668,176.744,0.4924,0.487097,0.0,1,0.0003161827,0.0060510049,0.006492109164374984
UZATAR_clean,4.70366,3.77441,4.70214,2.20784,876.761,397.113,0.0,0.0,0.4486,0.203185,0.0,1,0.0002922483,0.0058110447,0.005773139271875012
UZIJUJ_clean,6.64538,5.8584,6.63953,1.01975,1889.57,1852.97,0.0,0.0,0.5996,0.587987,0.0,0,0.0010289592,0.0201908616,0.020508584009999976
UZOBAN_clean,6.16935,4.44214,6.16935,0.864572,2160.34,2498.74,0.0,0.0,0.6496,0.751355,0.0,1,0.0012238394,0.0230334121,0.02504444579224996
UZUZUL_clean,4.89079,3.61553,4.62488,1.24739,1059.33,849.24,0.0,0.0,0.5482,0.439477,0.0,1,0.0007072924,0.013610714,0.013625665691999992
VACFOV_clean_h,7.04016,6.80377,7.04016,0.930569,2533.92,2722.98,0.0,0.0,0.6628,0.712252,0.0,0,0.001337534,0.0263389727,0.026464025038750005
VACFUB01_clean,8.53124,8.3704,8.53124,1.18192,1047.12,885.95,0.0,0.0,0.5384,0.455532,0.0,0,0.0006764737,0.0131508648,0.013453590730375022
VAGBUD_clean,10.23495,9.48231,10.23335,1.57268,1211.54,770.363,0.0,0.0,0.5868,0.37312,0.0,1,0.0005615573,0.0109889064,0.01116922831112503
VAHVOR_clean,6.3986,4.82003,6.3986,1.14511,2295.95,2005.01,0.0,0.0,0.6334,0.553137,0.0,1,0.0010576616,0.0203132589,0.02109915900762492
VAKBIU_clean,5.76642,3.81153,5.76642,1.03317,1207.86,1169.08,0.0,0.0,0.5546,0.536794,0.0,0,0.00069351,0.0135798951,0.01408423614237503
VALVAI_clean,6.23826,4.86854,6.23826,1.64521,1240.0,753.701,0.0,0.0,0.5196,0.315826,0.0,1,0.0005193293,0.0105282214,0.010799474967124982
VAMQIM_clean,11.48256,10.83475,11.48089,1.17217,1544.63,1317.75,0.0,0.0,0.6478,0.55265,0.0,1,0.0011228126,0.0225159125,0.022456284889625033
VANHEA_clean,8.56369,6.00066,8.56369,0.853114,2214.19,2595.42,0.0,0.0,0.6496,0.761445,0.0,1,0.0013175311,0.025883839,0.026903531695750004
VANNIK_clean,12.11733,10.70076,12.11733,0.488133,1807.7,3703.29,0.0,0.0,0.8496,1.74051,0.0,1,0.003375296,0.0674133101,0.06689766861912488
VANXUD_clean,3.97189,3.38304,3.97189,2.10276,455.113,216.435,0.0,0.0,0.4586,0.218094,0.0,0,0.0002267368,0.0049498571,0.004447792454875012
VAPBIZ_clean,6.25794,3.6162,5.25123,1.10539,876.554,792.979,162.666,147.157,0.5196,0.470059,0.0,0,0.000607848,0.0108174216,0.011776314260374978
VAPHOM_clean,4.23153,3.44235,4.23153,1.69156,935.756,553.19,0.0,0.0,0.5808,0.343351,0.0,0,0.0005282543,0.0096886992,0.010245146468937493
VAQTUF_clean,10.13522,6.68232,9.92269,0.858555,1863.51,2170.52,0.0,0.0,0.6104,0.710962,0.0,0,0.0012209065,0.0239719464,0.02416559949687497
VASFIH_clean,5.55628,5.01575,5.54452,1.55799,1392.72,893.922,0.0,0.0,0.5596,0.359181,0.0,0,0.0005470219,0.0105348427,0.010651420940249925
VATYOF_clean,5.86599,4.67382,5.86599,1.53817,2040.49,1326.58,0.0,0.0,0.622,0.404378,0.0,1,0.0006961836,0.0133224244,0.01373440015662501
VAYWID_clean,8.02289,3.34737,8.02265,1.17529,1267.12,1078.13,0.0,0.0,0.6312,0.537058,0.0,1,0.0006677564,0.0126463313,0.013353727606250023
VAZROF_clean,5.03461,4.5915,5.03461,1.23766,828.566,669.464,0.0,0.0,0.453,0.366014,0.0,0,0.0004399307,0.0087460665,0.008608021236625012
VECZAG_clean,9.10711,7.36025,9.10711,1.61302,1710.75,1060.59,0.0,0.0,0.6522,0.404334,0.0,1,0.0006768706,0.0137840235,0.01336405011337497
VEHKIE_SL,13.77124,4.50888,13.77124,0.959384,2184.49,2276.97,0.0,0.0,0.6924,0.721713,0.0,1,0.0013452248,0.0267721549,0.027200072061500092
VEHLAW_clean,4.71553,3.44976,4.62826,1.6429,1000.4,608.925,0.0,0.0,0.6102,0.371417,0.0,0,0.0005509586,0.0108950565,0.01099897371575003
VEHRIL_clean,8.79809,4.02227,8.77595,1.10229,2192.07,1988.65,0.0,0.0,0.6908,0.626694,0.0,1,0.001054775,0.0207634419,0.020859243055499993
VEHXEN_clean,9.30754,7.04491,9.30754,1.35949,2124.85,1562.97,0.0,0.0,0.7316,0.538142,0.0,1,0.0009736722,0.020477843,0.01907515019925002
VEJYOZ_clean,8.47376,5.69683,8.47376,0.880009,2096.08,2381.88,0.0,0.0,0.6858,0.779311,0.0,0,0.0011275505,0.0231128285,0.023341744876375015
VEMMOQ_clean,8.8382,8.57859,8.83401,0.859762,1844.22,2145.04,0.0,0.0,0.7008,0.815109,0.0,1,0.0014186481,0.0285051922,0.028438913828749964
VEMSUC_clean,5.13248,3.64573,5.11696,1.27033,1309.23,1030.62,0.0,0.0,0.551,0.433745,0.0,0,0.0007131661,0.0129266894,0.013836760717124997
VERZID_clean,3.10748,2.63654,3.09084,1.66069,0.0,0.0,0.0,0.0,0.437,0.263143,0.0,0,9.53142e-05,0.0020177075,0.0019889742125000004
VESBAY_clean,3.11677,2.62993,3.11677,1.37515,0.0,0.0,0.0,0.0,0.4408,0.320547,0.0,0,0.0001241967,0.0024970073,0.0025452922161250053
VEXVAW_clean,9.7712,5.86323,9.7712,0.773292,2071.81,2679.21,0.0,0.0,0.6628,0.857115,0.0,0,0.0016954053,0.0317475653,0.03338007180787484
VEYVEC_clean,3.81592,3.45137,3.81592,1.45798,155.953,106.965,20.8457,14.2976,0.425,0.291499,0.0,1,0.0003369062,0.0066853762,0.006404150195000024
VICYOX_clean,4.25498,3.38079,4.25498,1.46422,845.897,577.712,0.0,0.0,0.487,0.332601,0.0,1,0.0004171545,0.009074594,0.008338150572999992
VICYUD_clean,5.57985,4.2436,5.56531,1.15194,1489.65,1293.17,0.0,0.0,0.5668,0.492041,0.0,1,0.0007176343,0.0143883658,0.014504203466875065
VIFBOD_clean,5.74056,4.35551,5.71651,1.76429,1367.25,774.956,0.0,0.0,0.5562,0.315255,0.0,1,0.0004882547,0.0100533734,0.009645131828999988
VIGNOQ_clean,8.75461,3.12932,8.72015,1.42979,0.0,0.0,1413.32,988.483,0.5876,0.410969,0.0,1,0.0006131044,0.0120448321,0.01269747011724999
VIGRIO_clean,3.4806,2.83389,3.47886,1.80361,0.0,0.0,8.63678,4.78859,0.3664,0.203148,0.0,1,9.31444e-05,0.0016331326,0.001867040828999997
VIRPOC_clean,7.89373,4.43058,7.89373,1.31415,1678.47,1277.23,0.0,0.0,0.6094,0.463722,0.0,1,0.0007649807,0.0153213011,0.01535620564487504
VIVXOP_clean,6.49065,4.97595,6.49065,1.07139,1218.54,1137.35,2.44835,2.28522,0.5566,0.519514,0.0,1,0.0007210561,0.0141497787,0.014377129051458416
VIWLOE_clean,5.48118,3.31383,5.4722,1.58006,576.935,365.134,577.319,365.377,0.5356,0.338973,0.0,1,0.000523547,0.0102005937,0.010448609810437477
VIXGAM_clean,5.19197,3.39107,5.18887,1.9311,371.252,192.249,0.0,0.0,0.463,0.23976,0.0,1,0.0002495307,0.0055430686,0.005086492043500003
VIXTUT_clean,3.939,3.00466,3.93726,1.26832,0.0,0.0,145.838,114.985,0.4634,0.365367,0.0,1,0.0002076075,0.0040280925,0.004044195477000013
VIYMAT_clean,5.60515,5.02913,5.58159,1.46758,1606.87,1094.91,0.0,0.0,0.544,0.37068,0.0,0,0.0006519378,0.0128683835,0.01295630259399998
VIYSUT_clean,5.61753,3.04237,5.61609,1.13002,0.0,0.0,1296.39,1147.22,0.5884,0.520697,0.0,1,0.0008014457,0.0158649583,0.016392892492875094
VIYVIK_clean,5.08356,3.73927,5.05208,1.32275,1249.3,944.47,0.0,0.0,0.538,0.406727,0.0,1,0.0006405813,0.0134071672,0.01257448413886904
VOBKAA_clean,5.5254,4.43575,5.51234,1.26722,1839.76,1451.8,0.0,0.0,0.5992,0.472845,0.0,1,0.000762265,0.0150914762,0.015542220005249983
VOCNOQ_clean,4.9916,3.2968,4.42967,1.46036,0.0,0.0,307.261,210.401,0.4168,0.285409,0.0,0,0.0001960058,0.0040382221,0.004070970239749997
VODPOU_clean,4.01882,2.86571,4.01585,1.54217,0.0,0.0,158.403,102.714,0.4276,0.277271,0.0,1,0.0001674587,0.0035008043,0.003433879669625004
VOGPEO_clean,11.06118,7.00733,10.18392,0.767126,2192.56,2858.15,0.0,0.0,0.7242,0.944043,0.0,1,0.0017368143,0.0363133176,0.034965671396875
VOHQIS_clean,5.34997,3.62026,5.34997,2.10583,1170.0,555.601,0.0,0.0,0.5162,0.245129,0.0,0,0.000624698,0.0121131228,0.012226425554458296
VOJGOS_clean,6.19077,5.31352,6.18884,0.976178,2056.2,2106.38,0.0,0.0,0.6384,0.653979,0.0,1,0.0011868206,0.0234480107,0.023218277095999936
VOLPET_clean,9.30216,6.24705,9.30149,0.741977,2463.48,3320.15,0.0,0.0,0.7498,1.01054,0.0,1,0.0017935652,0.0381149821,0.03650133672412489
VONCIM_clean,9.77811,8.65057,9.76354,1.43585,1122.84,782.003,80.8916,56.3372,0.5904,0.411186,0.0,1,0.0006085054,0.0107746385,0.012184256675500004
VOPHUF_clean,4.5467,2.88798,4.45304,1.42239,0.0,0.0,283.154,199.069,0.3672,0.258157,0.0,0,0.0001456919,0.0029391762,0.002949880303500005
VOZVAJ01_clean,7.75927,5.99619,7.75927,1.41123,1642.21,1163.68,0.0,0.0,0.619,0.438625,0.0,0,0.0006181625,0.0126180196,0.01282160599137501
VUDXID_clean,10.29567,8.38587,10.08643,0.842606,2083.44,2472.62,14.2598,16.9234,0.7296,0.865885,0.0,1,0.0014605743,0.031985335,0.029820155692249935
VUGXAY_clean,7.74052,6.24667,7.74052,1.0594,1255.22,1184.84,68.8954,65.0324,0.5682,0.536341,0.0,0,0.0007761618,0.0158925405,0.01561733598125001
VUGXOM_clean,7.85489,6.36686,7.85489,1.08455,1259.8,1161.59,65.0961,60.0213,0.5694,0.525011,0.0,0,0.0007974375,0.0157868039,0.01608093851550005
VUGYAZ_clean,7.90027,6.40337,7.90027,1.10679,1245.86,1125.65,61.7559,55.7974,0.5642,0.509764,0.0,0,0.0008720266,0.0154562672,0.016703917137874995
VUKROK_clean,10.23625,8.88276,10.23453,0.696249,2008.41,2884.62,0.0,0.0,0.7104,1.02033,0.0,0,0.0018833372,0.0361206497,0.03724061231187498
VUKRUQ_clean,8.26088,7.40668,8.26088,0.854534,1806.41,2113.91,0.0,0.0,0.6414,0.750584,0.0,0,0.0012610116,0.0263630262,0.024981761629249963
VULKOD_clean,5.01507,3.95686,5.01507,1.39517,753.359,539.978,0.0,0.0,0.4446,0.318672,0.0,1,0.0004062884,0.0081031958,0.008044441931750038
VUNHAO_clean,8.87764,7.99015,8.87736,0.6011,2717.65,4521.13,0.0,0.0,0.7556,1.25703,0.0,1,0.002155581,0.0435247722,0.04345271921600003
VUNNEZ_clean,5.49362,5.42758,5.49362,1.41847,1291.95,910.806,0.0,0.0,0.5748,0.405224,0.0,1,0.0004882744,0.009772821,0.010090897184750043
VUQKAU02_clean,4.89363,4.31451,4.87033,1.033,1471.86,1424.84,0.0,0.0,0.5576,0.539787,0.0,1,0.000848597,0.0172699692,0.017072941075000035
VUQKAU_clean,5.04139,4.46098,5.03992,1.00728,1566.78,1555.46,0.0,0.0,0.5754,0.571243,0.0,1,0.0009019285,0.0182973834,0.01802737572612501
VUQKUO_clean,5.38168,3.9328,5.38168,1.30466,913.527,700.204,0.0,0.0,0.5054,0.387381,0.0,0,0.0003480537,0.0074915747,0.007399736069125022
VURYOX_clean,6.57096,5.95893,6.55565,1.3407,1084.43,808.849,0.0,0.0,0.5052,0.376817,0.0,1,0.0004165766,0.0085344249,0.00836426132199998
VUTVAJ_clean,4.43562,3.3386,4.43562,1.59743,811.925,508.268,0.0,0.0,0.548,0.34305,0.0,0,0.0004321832,0.0084581862,0.008231006285249972
WABVIF04_clean,5.9528,4.29679,5.9528,1.18253,2130.19,1801.39,0.0,0.0,0.6496,0.549332,0.0,1,0.0008937621,0.0166353278,0.017765950022999976
WAHGIY_clean,5.33673,4.40357,5.33673,1.28737,815.264,633.278,0.0,0.0,0.4692,0.364464,0.0,1,0.0003882841,0.0079583851,0.007805953292499986
WAHKUO_clean,16.20891,7.16155,16.20891,0.580972,2068.66,3560.7,0.0,0.0,0.759,1.30643,0.0,1,0.0024837173,0.0486887161,0.04942522518476241
WAHMEY_clean,4.12775,3.15219,4.12775,2.54055,0.0,0.0,48.983,19.2804,0.363,0.142882,0.0,1,3.75772e-05,0.0008709064,0.000785533073375004
WAHREE_clean,4.96921,2.85009,4.89676,1.60709,0.0,0.0,182.972,113.853,0.387,0.240807,0.0,0,0.000129544,0.002663522,0.002609730859124999
WALKAY_clean,4.73309,3.92758,4.72517,1.16625,391.638,335.809,365.08,313.037,0.5,0.428724,0.0,1,0.0005202751,0.0102005459,0.010422908870374954
WAMREJ_clean,15.93828,10.49353,15.93828,0.575196,2135.23,3712.18,0.0,0.0,0.7842,1.36336,0.0,1,0.0024789132,0.0523557111,0.051047546812375
WANBOE_clean,8.09931,5.5083,8.077,3.37544,1357.32,402.116,0.0,0.0,0.5218,0.154587,0.0,1,0.0002599998,0.0047906506,0.005291310755625003
WANJIF_clean,4.50079,3.43707,4.48085,1.30508,566.366,433.969,0.0,0.0,0.4924,0.377294,0.0,1,0.0004772552,0.0089070713,0.009303783604499993
WANRIM01_clean,4.97627,2.70399,4.97627,1.83252,0.0,0.0,785.39,428.585,0.4586,0.250257,0.0,0,0.0003804337,0.0072944021,0.007532681905999985
WAQFAX_clean,9.30669,8.11233,9.29943,0.819886,2162.64,2637.74,0.0,0.0,0.722,0.880611,0.0,1,0.0015680346,0.0329230605,0.03153866825012508
WASNOU_clean,4.83353,3.26666,4.7875,1.16461,0.0,0.0,661.971,568.406,0.5118,0.439461,0.0,1,0.0003859726,0.0078823103,0.00802459954375
WASQEP_clean,10.60263,4.61939,9.00037,0.666978,2426.86,3638.59,0.0,0.0,0.7138,1.0702,0.0,0,0.001813463,0.0390029913,0.036073045650999974
WASVES_clean,7.24568,4.22882,6.95314,2.14337,1730.17,807.218,0.0,0.0,0.582,0.271535,0.0,1,0.000481218,0.0091693699,0.009679616974249981
WAVQOB_clean,10.26547,8.18203,10.23692,0.66377,1981.42,2985.1,0.0,0.0,0.7732,1.16486,0.0,1,0.0022343975,0.0445212534,0.04456105680750007
WAYMEQ_SL,6.99879,6.49457,6.99879,0.979768,1578.78,1611.38,0.0,0.0,0.5878,0.599938,0.0,0,0.0009750728,0.0203283652,0.019507746757250012
WAYMIU_manual,7.34688,6.90533,7.3455,0.98047,1670.06,1703.32,0.0,0.0,0.606,0.618071,0.0,0,0.0010451499,0.021511667,0.02113042778062502
WAZQUL_clean,5.77464,3.29694,5.7582,1.14799,0.0,0.0,1190.98,1037.45,0.506,0.440771,0.0,1,0.000658738,0.013078203,0.012975929469499985
WECBAJ_clean,4.17403,3.2613,3.775,1.85127,0.0,0.0,205.938,111.242,0.392,0.211747,0.0,0,0.0001185968,0.0023207974,0.002564940973374997
WECBEN_clean,6.503,4.33861,6.44488,0.992115,3119.1,3143.89,0.0,0.0,0.6996,0.70516,0.0,0,0.0013295358,0.0264245234,0.026465133740875006
WEDWUZ_clean,4.57342,3.19079,4.56913,2.27819,0.0,0.0,216.06,94.8384,0.4134,0.18146,0.0,1,0.0001044944,0.0022570799,0.0020933825324999924
WEFXEM_clean,6.73931,4.78997,6.67269,1.07497,1461.44,1359.51,0.0,0.0,0.5704,0.530617,0.0,0,0.0008115628,0.0161650562,0.016480987452374994
WEFZIS_clean,4.30666,3.54798,4.30607,2.06143,662.208,321.237,0.0,0.0,0.4722,0.229064,0.0,1,0.0002724522,0.0054843313,0.005536017308249981
WEHHEY_clean,10.71326,6.70339,10.52268,0.819904,2131.67,2599.9,0.0,0.0,0.7068,0.862052,0.0,1,0.0016697668,0.0332171107,0.033402871196749936
WEHHOI_clean,10.711,6.72932,10.68633,0.81633,2148.04,2631.34,0.0,0.0,0.7146,0.875382,0.0,1,0.0016369091,0.0333664637,0.03256981752937504
WEHHUO_clean,10.86494,6.69089,10.846,0.80874,2143.96,2650.98,0.0,0.0,0.7268,0.898682,0.0,1,0.0016697669,0.0341729701,0.034021194825749855
WEHNAA_SL_part,4.64443,3.02009,4.63827,1.44873,0.0,0.0,267.586,184.703,0.3832,0.264507,0.0,0,0.0001514373,0.0032617267,0.0029527293198749983
WELTOX_clean,5.53916,3.2735,5.53916,1.92744,0.0,0.0,773.095,401.099,0.4648,0.241149,0.0,0,0.0002475064,0.0051639275,0.005193427057125005
WEMCUO_clean,4.97873,3.46394,4.79411,2.52518,613.235,242.848,0.0,0.0,0.3982,0.157692,0.0,1,0.0001827937,0.003752278,0.003548896957374997
WEMFOL_clean,4.8612,4.33226,4.8612,1.68559,2254.63,1337.59,0.0,0.0,0.5966,0.353942,0.0,1,0.0006164358,0.0124685691,0.012577512889875025
WENDIE_clean,4.91533,3.83478,4.91533,1.40969,980.417,695.487,0.0,0.0,0.4986,0.353696,0.0,1,0.0004698864,0.0102481448,0.009117693721999975
WENKOR_clean,7.34523,5.77431,7.33779,1.55847,525.754,337.351,34.2975,22.0071,0.4426,0.283996,0.0,1,0.0002801027,0.0056461038,0.005733870435375017
WEVQOD_clean,8.33119,7.13692,8.33119,1.51454,1062.97,701.84,0.0665577,0.0439457,0.5726,0.378068,0.0,1,0.000402996,0.0082204778,0.008253680489375042
WEVQUJ_clean,8.44067,7.27418,8.44067,1.48575,1083.43,729.214,0.77233,0.519826,0.5778,0.388896,0.0,1,0.0004500139,0.0084903715,0.008998527927999964
WEXTAV_clean,4.98825,4.19272,4.98346,1.40649,999.163,710.396,0.0,0.0,0.5104,0.36289,0.0,1,0.000453727,0.009727684,0.008976456654249988
WEYQAU03_clean,4.54995,3.78626,4.54995,1.12516,1590.17,1413.29,0.0,0.0,0.5782,0.513884,0.0,0,0.0008705236,0.0167824256,0.016656708290000016
WEYQAU06_clean,4.52093,3.69835,4.50827,1.13868,1559.53,1369.6,0.0,0.0,0.5718,0.502162,0.0,0,0.0007890364,0.016148414,0.015993683356500116
WEYQAU12_clean,4.40257,3.44728,4.36821,1.18614,1438.51,1212.76,0.0,0.0,0.5546,0.467566,0.0,1,0.0007552489,0.0148267285,0.014980459707999978
WICGEV_clean,4.986,4.06891,4.90495,1.61194,943.479,585.307,0.0,0.0,0.463,0.287232,0.0,0,0.0002969901,0.0064763019,0.00613279007162501
WICQOP_clean,4.01528,2.82313,4.01431,1.19444,0.0,0.0,113.672,95.1683,0.4668,0.390812,0.0,1,0.0002790194,0.0051196823,0.0057070604319999895
WIHTAK_clean,3.98984,2.78525,3.94663,2.12222,0.0,0.0,214.619,101.13,0.4188,0.19734,0.0,0,0.0001639754,0.0031664846,0.003388429509500012
WIHTEO_clean,4.01875,2.84869,4.01875,2.05184,0.0,0.0,233.23,113.669,0.4528,0.22068,0.0,0,0.000151528,0.0034230276,0.0030180282281250075
WIHTIS_clean,3.9617,2.78489,3.95919,1.72043,0.0,0.0,206.346,119.938,0.419,0.243544,0.0,0,0.000162654,0.0038444451,0.003388969245000012
WIHVEP_clean,4.98664,4.03769,4.97035,1.60991,948.127,588.931,0.0,0.0,0.473,0.293805,0.0,0,0.0003177475,0.0062336002,0.006460273788250021
WIHWAN_clean,9.73279,7.22908,9.72646,0.781161,2141.5,2741.43,0.0,0.0,0.7076,0.905831,0.0,0,0.0015633265,0.0319657514,0.031458240381625056
WIKYAQ_clean,5.56765,4.22978,5.55876,1.17628,572.115,486.376,3.29466,2.80092,0.4396,0.373721,0.0,1,0.0002906634,0.0058373083,0.005951228130000001
WILFAZ_clean,4.61767,3.60434,4.60806,1.63777,404.45,246.951,107.478,65.6246,0.4794,0.292715,0.0,1,0.0003347946,0.0065656939,0.00660354201637502
WILRAK_clean,6.14662,4.92634,6.07221,1.13056,2856.19,2526.36,0.0,0.0,0.7378,0.652598,0.0,1,0.0009631286,0.0196521254,0.019824561584625054
WILRIS_clean,6.18287,5.26913,6.08331,1.06646,2702.71,2534.28,0.0,0.0,0.743,0.696696,0.0,1,0.0010920157,0.0216806627,0.022080153974875016
WIWQUO_clean,5.86317,4.77379,5.86317,1.51311,2502.33,1653.77,0.0,0.0,0.691,0.456676,0.0,0,0.0006792157,0.0141494158,0.013872961402499984
WIYWAE_clean,5.55509,4.14993,5.55509,1.52455,953.655,625.532,0.0,0.0,0.496,0.325342,0.0,1,0.0003751333,0.0075617428,0.007507180383125001
WIYWOS_clean,5.5468,4.15747,5.5468,1.51166,957.433,633.365,0.0,0.0,0.499,0.330101,0.0,1,0.0003690621,0.0077132503,0.007455911275874991
WOBFOK_clean,4.31485,3.36072,4.31485,1.72806,535.188,309.704,0.0,0.0,0.526,0.304387,0.0,0,0.0002768632,0.0057587549,0.005668224484999977
WOBHEB01_clean,11.39724,10.6155,11.39724,1.22811,1590.58,1295.14,0.0,0.0,0.6596,0.537083,0.0,1,0.0009814514,0.020854987,0.019127886853249995
WOBHOL_clean,11.68121,10.84815,11.68121,1.21577,1583.43,1302.41,0.0,0.0,0.6636,0.545826,0.0,1,0.0010720731,0.0217321378,0.02205197627762496
WODFOL_clean,4.42221,3.69918,4.41972,1.50844,549.218,364.098,0.0,0.0,0.4148,0.274987,0.0,0,0.0002983824,0.0056587765,0.005756074589750003
WOHZAU01_clean_h,5.57953,3.21211,5.34183,1.90493,0.0,0.0,814.602,427.629,0.4746,0.249143,0.0,1,0.00039858,0.0076137125,0.007907511399124996
WOJZOM_clean,5.77002,3.85246,5.77002,1.252,1972.92,1575.81,0.0,0.0,0.591,0.472044,0.0,1,0.0008072339,0.0165531016,0.016427066998374984
WOPSOL01_clean,10.90023,10.70959,10.90023,1.18162,1552.96,1314.27,0.0,0.0,0.6334,0.536045,0.0,1,0.001110063,0.0222430457,0.022006497165375078
WOPWOO_clean,5.25085,4.08598,5.25085,2.1223,863.13,406.696,0.0,0.0,0.445,0.209679,0.0,1,0.0002542282,0.0048139872,0.005089191810749989
WOTLOI_clean,8.00513,4.84682,8.00513,0.97425,1418.35,1455.84,0.0,0.0,0.579,0.594304,0.0,1,0.0007297586,0.0148141016,0.01507887040137498
WOVDES_clean,5.23028,4.01485,5.22391,1.22139,660.545,540.814,0.0,0.0,0.4386,0.359099,0.0,0,0.0003391034,0.0069699283,0.006625558931624992
WOXRIK_clean,3.83193,3.01344,3.82185,2.27293,0.0,0.0,188.593,82.9735,0.3806,0.167449,0.0,0,0.0001501329,0.002942448,0.002888010190250005
WOYJIF_clean,12.3325,5.92345,11.43456,0.799114,2266.72,2836.54,0.0,0.0,0.716,0.895992,0.0,1,0.0018361116,0.034450742,0.035614566168500034
WUDQIW_clean,3.73198,3.20831,3.69327,1.34725,0.0,0.0,181.176,134.478,0.551,0.40898,0.0,1,0.0002776282,0.0062402941,0.005531727972624998
WUDVEY_clean,7.50178,6.81683,7.48998,1.3921,605.922,435.258,0.0,0.0,0.4572,0.328425,0.0,1,0.0002959849,0.0062734373,0.005876978246250006
WUNTEF_clean,5.11473,4.16376,5.10357,1.08866,1006.1,924.169,87.4124,80.2937,0.5292,0.486103,0.0,0,0.000587713,0.0119466661,0.011759525291062467
WUNVAD_clean,5.07875,4.17789,5.06297,1.09375,995.244,909.941,78.4709,71.7451,0.516,0.471773,0.0,0,0.0006052045,0.0120830994,0.011678550668624981
WURNOO_clean,6.92026,6.59227,6.92026,1.32896,1046.66,787.578,0.0,0.0,0.471,0.354412,0.0,0,0.0004277499,0.0088857336,0.00848927352012501
WUTBOC_clean,7.17175,4.98444,7.17175,1.90997,842.378,441.043,0.0,0.0,0.429,0.224611,0.0,0,0.0002916356,0.005374119,0.005630433646875001
WUXLIM_clean,3.88187,2.87991,3.87812,2.15097,0.0,0.0,103.453,48.0959,0.4528,0.21051,0.0,0,0.0001491891,0.0027210319,0.0029996231788750106
WUXMEH_clean,3.80315,3.23998,3.72844,2.48036,0.0,0.0,219.851,88.637,0.416,0.167718,0.0,0,0.0001225087,0.0025486962,0.002567039230000002
WUYWUK_clean,8.78773,6.19333,8.65663,0.743413,2043.29,2748.52,0.0,0.0,0.6694,0.900442,0.0,0,0.0015604458,0.0313094693,0.03140949189862486
WUYYEW_clean,9.26232,6.95652,9.26232,0.838222,1987.56,2371.16,0.0,0.0,0.6778,0.808616,0.0,1,0.001379454,0.0264586037,0.027760107735875058
WUZDOL_clean,5.93429,4.20385,5.53783,1.95218,1731.21,886.811,0.0,0.0,0.5688,0.291367,0.0,1,0.0003715529,0.0074009536,0.007784823160874997
XADDUD_clean,6.46377,5.36376,6.20996,1.13461,1899.46,1674.11,0.0,0.0,0.5878,0.518062,0.0,1,0.0008826557,0.0176262626,0.01750597180487503
XAFFOB_clean,14.83912,13.174,14.83912,0.366991,1878.61,5118.95,0.0,0.0,0.845,2.30251,0.0,1,0.0042964151,0.0874397824,0.08789756959662495
XAGCIS01_clean,5.57315,2.64485,5.55209,1.75235,0.0,0.0,818.021,466.814,0.445,0.253945,0.0,1,0.0003913165,0.0077043448,0.007541565101874992
XAHPON_clean,17.29514,15.33221,17.29514,0.284265,1476.32,5193.45,0.0,0.0,0.8856,3.1154,0.0,1,0.0062373013,0.1195377473,0.12050244011325141
XAHQAA_clean,23.03533,21.60719,23.02579,0.170429,1040.62,6105.88,0.0,0.0,0.9292,5.45213,0.0,1,0.0104466852,0.2096394065,0.21213529939699988
XAHWAG_clean,5.39358,4.37499,5.38893,1.33376,2734.04,2049.88,0.0,0.0,0.6868,0.514937,0.0,0,0.0009336298,0.0184936028,0.01854758064412495
XAJZOY_clean,6.5047,2.98776,6.50361,1.70727,0.0,0.0,1133.97,664.199,0.49,0.287007,0.0,0,0.0007085931,0.0100242973,0.010029320121000121
XAKQOR_clean,6.07415,4.27878,5.44099,0.965162,1660.14,1720.06,0.0,0.0,0.5906,0.611918,0.0,0,0.0008460548,0.0174000874,0.017245886979000095
XAKZOZ_clean,12.1779,8.09448,10.99703,0.853016,1612.06,1889.83,0.0,0.0,0.6372,0.746997,0.0,1,0.0012059057,0.0243518438,0.0240876443575001
XAKZUF_clean,12.14685,7.7394,12.14685,0.885336,1547.82,1748.28,0.0,0.0,0.616,0.695781,0.0,1,0.0010042784,0.021238869,0.020372330589749982
XALBUI_clean,12.38727,7.83288,12.25594,0.880388,1559.27,1771.12,0.0,0.0,0.6108,0.693785,0.0,1,0.0010820289,0.0215288139,0.021744601617375046
XALDIY_clean,8.51371,3.60578,4.41534,1.00994,178.965,177.204,1041.51,1031.26,0.5412,0.535874,0.0,1,0.0005758058,0.0124843877,0.011756988372624993
XALDOE_clean,8.72809,3.86749,4.52721,0.991405,208.075,209.879,1052.86,1061.99,0.545,0.549725,0.0,1,0.0006932587,0.0132549935,0.013758229087249938
XALTEK_clean,4.31419,3.00244,4.31419,2.12624,0.0,0.0,570.547,268.336,0.529,0.248796,0.0,1,0.0001626804,0.0035999599,0.0036303737930000104
XALTIP_clean,18.68299,9.17237,18.68299,0.551216,1809.24,3282.27,0.0,0.0,0.7988,1.44916,0.0,1,0.0028757386,0.0570367934,0.05644735427712519
XAMDUM_clean,13.20706,6.72961,13.20706,0.879722,2074.04,2357.61,0.0,0.0,0.7196,0.817985,0.0,1,0.0016403269,0.0314296969,0.03157497901537512
XANNAB_clean,5.37371,3.38826,5.37371,1.32913,546.549,411.209,252.624,190.067,0.4798,0.360989,0.0,1,0.0003803441,0.0075132452,0.007750580735249989
XANXUF_clean,4.22776,2.64898,4.15748,1.07965,0.0,0.0,93.7406,86.8249,0.4998,0.462927,0.0,0,0.0002295195,0.0050744414,0.0047862542520000296
XAPDEY_clean,8.43698,7.85452,8.43698,1.19984,2075.29,1729.64,0.0,0.0,0.6726,0.560573,0.0,0,0.0009315228,0.0182361225,0.0185124484127499
XAPNIN_clean,6.36937,5.09614,6.24616,0.987749,1999.77,2024.57,0.0,0.0,0.6554,0.663529,0.0,0,0.0011033622,0.0238433283,0.02204482447062496
XAPTUE_clean,7.01351,4.77674,6.96552,1.46731,1437.82,979.906,0.0,0.0,0.555,0.378244,0.0,1,0.0006506785,0.0127570871,0.012513464454499983
XAQTOY01_clean,4.47595,3.15695,4.47595,1.99102,0.0,0.0,626.182,314.503,0.4868,0.244497,0.0,0,0.000380226,0.0070341816,0.007601680266124996
XASFAY_clean,4.84062,3.90347,4.82463,0.992255,1242.53,1252.23,0.0,0.0,0.541,0.545223,0.0,1,0.0005481342,0.0108115868,0.011282736694625019
XATZUQ_clean,7.56959,6.44554,7.50387,0.891969,1666.54,1868.38,0.0,0.0,0.6382,0.715495,0.0,1,0.0012059436,0.0245770799,0.02381187655624996
XAVQIU01_clean,4.21946,3.54584,4.20969,1.16836,1052.94,901.216,0.0,0.0,0.57,0.487865,0.0,1,0.000845976,0.0169571202,0.01569656348799998
XAZGEK_clean,4.67162,3.9585,4.53755,1.49862,1406.73,938.683,116.154,77.5075,0.6196,0.413447,0.0,1,0.0005511885,0.0111427875,0.01105221475137499
XEDGIY_clean,7.07898,5.31452,7.01634,0.998068,1852.97,1856.56,0.0,0.0,0.6184,0.619597,0.0,1,0.0009861453,0.019262982,0.019924470432375014
XEDPIH_clean,4.84924,3.94171,4.80226,1.78705,773.954,433.09,0.0,0.0,0.5042,0.282141,0.0,0,0.0003217251,0.006420057,0.006359663717375008
XEGJUQ_clean,7.4125,4.89988,7.38387,1.09762,2034.16,1853.25,0.0,0.0,0.6302,0.574154,0.0,1,0.0010118344,0.0198293121,0.02034748310500006
XEGKAX_clean,7.81736,4.94122,7.81736,1.03321,2328.38,2253.55,0.0,0.0,0.6462,0.625431,0.0,1,0.0011057433,0.0224071756,0.02243283288749995
XEHFUL_clean,4.30377,2.60046,4.30377,2.30999,0.0,0.0,289.752,125.434,0.3962,0.171516,0.0,1,0.0001876275,0.00367696,0.0036563384813750005
XEHRUY_clean,4.75094,3.73804,4.73309,1.40294,806.249,574.687,0.0,0.0,0.4558,0.32489,0.0,0,0.0003704839,0.0072801098,0.007426811321666663
XEHSIN_clean,4.81303,3.64676,4.81303,1.40908,773.939,549.25,0.0,0.0,0.452,0.320776,0.0,0,0.0003603614,0.0068509154,0.007028106929750002
XEHTUB_clean,3.58584,2.84872,3.48749,2.39414,0.0,0.0,31.7227,13.2501,0.3636,0.151871,0.0,1,8.93626e-05,0.0020262701,0.001810299436249991
XEJJIG_clean,3.78574,2.62,3.78054,1.92919,0.0,0.0,94.3435,48.9032,0.4002,0.207445,0.0,1,0.0001469366,0.0026328995,0.002998098807624999
XEKDOI_clean,4.10568,3.45704,3.93638,1.4574,748.354,513.486,0.0,0.0,0.4558,0.312749,0.0,1,0.0003013132,0.0056029904,0.006369084728374984
XEPBAX_clean,5.14969,3.64809,5.0808,0.940411,1672.05,1778.0,0.0,0.0,0.6138,0.652693,0.0,1,0.0010094111,0.0193175254,0.019602272036500022
XEVVUQ_clean,4.64942,3.10763,4.64942,1.8044,0.0,0.0,597.028,330.874,0.487,0.269896,0.0,0,0.0004086064,0.0084848891,0.00793075347037498
XEWDUA_clean,8.87023,8.12641,8.87023,1.28139,1148.81,896.537,0.0,0.0,0.5282,0.41221,0.0,1,0.0005602626,0.0109905716,0.011094709958750006
XEXLIX_clean,7.04809,6.65056,7.03557,1.241,1207.66,973.134,0.0,0.0,0.527,0.424658,0.0,1,0.0006107787,0.0126090582,0.01261393932362502
XICNOO_clean,19.61611,6.71064,19.54957,0.903297,1911.76,2116.42,0.0,0.0,0.747,0.826971,0.000221411,1,0.0015387906,0.0311845192,0.030844013414375145
XIDBUJ_clean,7.40475,6.25511,7.40475,1.09542,1351.03,1233.34,0.0,0.0,0.5684,0.518888,0.0,0,0.0007706279,0.0160553492,0.015525399957499941
XIFHIF_clean,9.50274,8.84024,9.48896,1.39627,1580.72,1132.1,0.0,0.0,0.6078,0.435304,0.0,1,0.0007491194,0.0146058255,0.014946159846375017
XIFLOP_clean,3.91972,3.02211,3.91972,2.23068,0.0,0.0,58.8926,26.4012,0.3262,0.146234,0.0,0,0.0001029505,0.0017865554,0.001975441111124997
XIGHIF_clean,9.11851,6.40194,9.11851,1.31172,1721.81,1312.64,0.0,0.0,0.6494,0.495075,0.0,0,0.0008018338,0.0155409604,0.015613344180875061
XIHSAJ_clean,6.08478,4.0122,6.08478,1.01421,1817.12,1791.66,0.0,0.0,0.6044,0.595933,0.0,1,0.0009950641,0.0194690156,0.019576116539374917
XILLIP_clean,8.02024,6.48918,8.00532,0.699116,2353.41,3366.26,0.0,0.0,0.7058,1.00956,0.0,0,0.0017957954,0.0350986005,0.03551101191475004
XILTAP_clean,7.46835,4.491,7.46835,0.893159,2015.14,2256.2,0.0,0.0,0.622,0.696404,0.0,1,0.0011548603,0.0244258217,0.023003558163875063
XINJAH_clean,5.1973,3.21133,5.19593,1.54154,0.0,0.0,680.443,441.406,0.4512,0.292695,0.0,0,0.0003520011,0.0065284332,0.006896026816374971
XINZEB_clean,5.58391,4.38224,5.56908,1.48991,1505.54,1010.49,0.0,0.0,0.5618,0.377069,0.0,1,0.0005888895,0.0122358164,0.01203258758187499
XIPGUA_clean,6.999,4.80417,6.51629,2.95533,1333.32,451.159,0.0,0.0,0.4992,0.168915,0.0,1,0.0002929798,0.0055324347,0.005850248758124992
XIQHIO_clean,3.58583,2.84823,3.58583,2.33954,0.0,0.0,67.5399,28.8689,0.3432,0.146696,0.0,0,0.0001462135,0.0032537798,0.0032096561911249977
XISKUF_clean,4.31794,3.58074,4.31794,1.93785,629.43,324.808,0.0,0.0,0.4082,0.210646,0.0,1,0.0004851907,0.0061930742,0.008151107404375019
XISLAM_clean,4.34393,3.64065,4.34393,1.93617,692.959,357.901,0.0,0.0,0.4122,0.212894,0.0,0,0.0003359808,0.0061107158,0.006561750775500013
XISVUR_clean,5.04407,3.94718,5.0182,1.1747,1719.75,1463.99,0.0,0.0,0.6072,0.516898,0.0,1,0.0007931981,0.0158977597,0.01645580399787498
XISXEE_clean,10.02626,5.46429,10.02412,0.66541,2246.71,3376.43,0.0,0.0,0.7296,1.09647,0.0,1,0.0021033963,0.0407800861,0.041567439618749986
XITYOP_clean,11.26084,5.01855,11.26084,0.828925,2008.18,2422.64,0.0,0.0,0.6806,0.821064,0.0,1,0.0015587259,0.0313813574,0.03094841580262482
XIVMEW_clean,5.05762,3.31299,5.05127,1.54947,317.384,204.834,321.061,207.207,0.4568,0.29481,0.0,1,0.000433263,0.0086464774,0.008362879596750014
XIWYEH_clean,4.26164,3.52891,4.24796,2.34877,351.985,149.859,0.0,0.0,0.3304,0.140669,0.0,0,0.0001627867,0.0032574747,0.003240154362749999
XOCWIX_clean,5.47886,3.44903,5.47476,2.18371,1125.64,515.471,0.227584,0.104219,0.5372,0.246003,0.0,1,0.0003540011,0.0075878027,0.0071395077432500256
XOFFUT_clean,7.8035,3.03296,7.8035,1.22352,0.0,0.0,1147.48,937.854,0.527,0.430725,0.0,1,0.0005990804,0.0130935099,0.011969310238124982
XOFPEP01_clean,5.97449,3.48385,5.9665,2.03706,967.647,475.021,0.0,0.0,0.5188,0.25468,0.0,1,0.0003410189,0.0067422279,0.006948474779500018
XOFTOC_clean,3.90687,3.24733,3.8989,2.48425,0.0,0.0,70.2191,28.2658,0.3862,0.15546,0.0,1,5.75593e-05,0.0012094075,0.0011510067656250078
XOGXAU_clean,5.74983,3.78405,5.68214,1.22917,1255.73,1021.6,0.0,0.0,0.5252,0.427279,0.0,1,0.0005506737,0.0109708875,0.011205666175125022
XOKHAH_clean,3.76094,3.05778,3.73213,1.56619,0.0,0.0,60.9484,38.9151,0.3978,0.253993,0.0,1,0.0001836147,0.0033748901,0.0034635699902499954
XOMDOU_clean,6.08861,4.66373,6.08699,1.18202,859.304,726.977,313.731,265.419,0.5438,0.460059,0.0,1,0.0005619919,0.0115029248,0.011066419944124965
XOMJOY_clean,6.10947,3.84777,5.97895,1.18998,613.441,515.507,422.204,354.8,0.5142,0.43211,0.0,0,0.0005895794,0.0112730633,0.011705663590499982
XOSPOK_clean,6.02139,4.57668,6.02139,1.94823,1837.76,943.297,0.0,0.0,0.586,0.300786,0.0,1,0.000498562,0.0105947097,0.01016298733137496
XUBJAF01_clean,3.31207,2.84382,3.31207,2.1992,0.0,0.0,0.0,0.0,0.433,0.19689,0.0,1,0.0001001713,0.0020216398,0.0020585815459999855
XUCLIS_clean,6.38625,3.16193,6.38353,1.10806,0.0,0.0,878.64,792.954,0.495,0.446727,0.0,1,0.0006308996,0.0119946952,0.012161588686750007
XUFPIZ_clean,4.43917,3.40706,4.39655,1.31985,159.122,120.561,0.0,0.0,0.4154,0.314732,0.0,0,0.0001204604,0.0022849829,0.0026162225549999983
XUGSID_clean,4.92449,2.60361,4.80121,1.39194,0.0,0.0,618.158,444.099,0.442,0.317543,0.0,1,0.0004095182,0.0081788835,0.008026166480625013
XUKNIC_clean,6.71193,5.19255,6.7113,1.00366,2512.55,2503.38,0.0,0.0,0.6472,0.644838,0.0,1,0.0012230069,0.0236024296,0.024686684452124977
XUMMUP_clean,8.4295,7.42103,8.42696,1.01197,1167.11,1153.31,0.0,0.0,0.545,0.538555,0.0,1,0.0006824949,0.0141539805,0.014216038691750034
XUMNEA_clean,5.24244,3.69297,5.22761,1.21845,601.492,493.654,0.0,0.0,0.4622,0.379335,0.0,0,0.0003390585,0.0069738386,0.0067055421438750006
XUNGUJ_clean,4.49594,4.05224,4.48031,1.03604,1057.86,1021.06,0.0,0.0,0.4874,0.470444,0.0,0,0.0005991458,0.0127722119,0.011998540107749988
XUNTAD_clean,3.83107,2.66972,3.54393,1.13178,0.0,0.0,118.943,105.093,0.4358,0.385056,0.0,1,0.0002367882,0.0050801832,0.004845228722125014
XUPSAE_clean,6.99773,6.86151,6.99773,1.067,1576.28,1477.3,0.0,0.0,0.5844,0.547705,0.0,0,0.001106571,0.0209720384,0.020772673472749997
XUWFUR_clean,8.57387,5.22151,8.55217,0.997477,1382.53,1386.02,0.0,0.0,0.5736,0.575051,0.0,1,0.0007076252,0.0152203744,0.014603257129625008
YABWOP_clean,4.88487,3.26584,4.81241,1.64251,0.0,0.0,708.94,431.619,0.5666,0.344959,0.0,1,0.0004300697,0.0080769926,0.008424127837499996
YANBAR_clean,4.9541,3.79831,4.9225,1.76383,896.703,508.383,0.0,0.0,0.4572,0.259208,0.0,0,0.0002874713,0.0059079247,0.005892380291499989
YARBUQ_clean,4.67624,4.03616,4.54961,1.19852,280.172,233.766,258.386,215.589,0.447,0.372961,0.0,1,0.0003465141,0.0073116094,0.00675204966287499
YARDIG_clean,4.62568,3.53484,4.62568,1.03032,1206.44,1170.94,0.0,0.0,0.5394,0.523527,0.0,0,0.0006643336,0.0140212523,0.013747474289500006
YARKAF_clean,4.78127,3.38887,4.78127,1.32951,413.16,310.762,3.2692,2.45896,0.4556,0.342684,0.0,1,0.000233524,0.0045106266,0.0048110874168750106
YARKOT_clean,5.25265,3.98181,5.2356,0.962764,1924.08,1998.5,0.0,0.0,0.6296,0.653951,0.0,1,0.0011363312,0.0224761884,0.022424282748750014
YARSAN_clean,5.04398,3.94642,5.02513,1.29452,830.585,641.616,0.0,0.0,0.4644,0.358743,0.0,1,0.0004621201,0.0088867875,0.009082947989499967
YARSIV_clean,3.72144,3.36254,3.72144,1.75602,124.297,70.7832,0.0,0.0,0.358,0.20387,0.0,0,0.0001219494,0.0022886549,0.0024976619250000037
YARYIZ_clean,5.51251,4.14788,5.51251,1.11604,2131.77,1910.12,0.0,0.0,0.6948,0.622558,0.0,0,0.0007614986,0.013959532,0.015494159380874927
YARYOF_clean,4.91899,3.58217,4.91899,1.2259,1844.97,1504.99,0.0,0.0,0.6484,0.528917,0.0,0,0.0005482932,0.011305283,0.011298136462875032
YARZEZ_clean,5.63038,4.40455,5.63038,0.959184,2069.23,2157.28,0.0,0.0,0.682,0.711021,0.0,0,0.0009235814,0.0187176187,0.019069937074375015
YAVWUQ_clean,15.48597,6.62234,15.4779,0.747785,2189.36,2927.8,0.0,0.0,0.7402,0.989857,0.0,1,0.0019184837,0.0383171389,0.03813131557062519
YAWFOS_clean,6.58573,4.52277,6.51086,1.38834,1531.01,1102.76,0.0,0.0,0.6034,0.434618,0.0,1,0.0005310305,0.0101116678,0.011120010248750001
YAYPOF_clean,6.50595,4.6947,6.4958,2.40269,1158.01,481.966,0.0,0.0,0.5536,0.230409,0.0,1,0.0003295411,0.0064364579,0.0066713985408749935
YAYRAT_clean,6.10819,5.25433,6.10592,0.863424,2602.75,3014.46,0.0,0.0,0.6904,0.799607,0.0,0,0.0016473733,0.0320449847,0.03228907540250006
YAZYEF_clean,3.92715,3.10761,3.92715,2.17948,0.0,0.0,88.2304,40.4824,0.3014,0.13829,0.0,0,7.40824e-05,0.0014200724,0.0016117911403749987
YAZYIJ_clean,3.86183,3.02912,3.86183,2.21857,0.0,0.0,68.792,31.0074,0.2958,0.133329,0.0,0,7.37414e-05,0.0013235153,0.001581450947749999
YEFNOM_clean,6.99053,5.65806,6.99053,1.03643,2661.11,2567.58,0.0,0.0,0.7442,0.718045,0.0,0,0.0011786542,0.0228416554,0.023151089167875002
YEGHIC_clean,7.13593,3.78757,7.13593,1.08644,2189.73,2015.5,27.1266,24.9682,0.6726,0.619084,0.0,0,0.0008380177,0.0165001201,0.017146314242125055
YEZKOF_clean,6.11466,3.28691,4.5394,1.16779,0.0,0.0,989.345,847.193,0.516,0.44186,0.0,1,0.0005799848,0.0108618391,0.011696987108624988
YINCUV_clean,4.80903,3.55203,4.73589,1.40486,557.682,396.966,0.0,0.0,0.407,0.289708,0.0,1,0.0003102486,0.00621856,0.006332627796374991
YINXIE_clean,6.16574,4.96395,6.1491,1.27739,1014.53,794.22,0.0,0.0,0.5052,0.395493,0.0,1,0.0005574048,0.0102153931,0.011007378007499959
YITHIU_clean,3.9218,3.10838,3.9218,2.15437,0.0,0.0,296.822,137.776,0.4352,0.202008,0.0,1,0.0001719494,0.0033776446,0.003425325471520843
YIWBEN_clean,5.41707,3.94622,5.41707,1.08258,1617.69,1494.29,0.0,0.0,0.5648,0.521716,0.0,0,0.0008384445,0.0154396479,0.016892744854375027
YIWMOG_clean,6.74773,5.04258,6.74039,1.26894,2076.98,1636.78,0.0,0.0,0.6788,0.534934,0.0,1,0.000709732,0.0146255132,0.014516839136749927
YIWNAT_clean,6.30784,4.54282,6.29619,1.29078,2076.15,1608.45,0.0,0.0,0.675,0.52294,0.0,0,0.0007208059,0.01440605,0.014537339997749983
YIZGIZ_clean,8.32701,3.59268,8.32701,1.46991,1382.6,940.602,0.383122,0.260644,0.553,0.376215,0.0,0,0.000700407,0.0132379774,0.013729880591250037
YOTXOW_clean,6.29142,5.79696,6.29077,1.36514,595.047,435.886,0.0,0.0,0.467,0.342088,0.0,1,0.000341883,0.0061954743,0.006892363561999999
YOYBUL_clean,7.16525,4.74264,7.03966,0.861413,1929.99,2240.49,0.0,0.0,0.6146,0.713479,0.0,0,0.0012063121,0.0255738187,0.023728309950374952
YOYPIN_clean,6.69706,5.82012,6.69706,1.12302,945.662,842.074,0.0,0.0,0.503,0.447901,0.0,0,0.0005120214,0.0105720484,0.01055238096062501
YOYPOT_clean,6.7589,5.79486,6.7589,1.1199,967.709,864.099,0.0,0.0,0.5112,0.456468,0.0,0,0.0005252862,0.0106560588,0.010746398014874994
YOYQEK_clean,6.62212,5.08469,6.62212,1.12644,928.228,824.034,0.0,0.0,0.5154,0.457546,0.0,0,0.0004899134,0.0110274733,0.009877115222749963
YOYRAH_clean,7.09133,6.25516,7.09133,1.0672,1026.65,962.001,0.0,0.0,0.525,0.491941,0.0,0,0.0006090061,0.0117821319,0.012323247339374996
YOYTOX_clean,5.00131,3.86562,5.00092,1.39238,1497.55,1075.53,0.0,0.0,0.5584,0.401039,0.0,1,0.0005851755,0.0107964097,0.011797176204624947
YOYVOZ01_clean,4.93942,3.90462,4.93942,1.84087,1437.78,781.033,0.0,0.0,0.5596,0.303986,0.0,1,0.0004100688,0.0081728235,0.00836654169075001
YOZSAJ_clean,3.42886,2.98988,3.33917,1.71673,0.0,0.0,9.57975,5.58025,0.3904,0.22741,0.0,0,0.0002431652,0.0041139281,0.004940517031875009
YUBGIN_clean,5.8422,3.48658,5.82075,1.92767,1406.23,729.498,0.0,0.0,0.58,0.300882,0.0,1,0.0004408347,0.0094027857,0.008964171663624947
YUBGUZ_clean,5.8508,3.21682,5.8508,1.90744,0.0,0.0,1354.41,710.066,0.5644,0.295894,0.0,1,0.0004513755,0.0090014387,0.008901189828750015
YUDFIO_clean,7.42167,6.24399,7.42167,1.08555,1886.91,1738.2,0.0,0.0,0.6204,0.571506,0.0,1,0.0010197705,0.0196176866,0.020138151483000064
YUFLOC_clean,6.07463,4.45798,5.9729,0.984585,2401.71,2439.31,0.0,0.0,0.6528,0.663021,0.0,1,0.001190052,0.0230417594,0.023211046487249948
YUGLES_clean,10.89993,6.77637,10.89993,0.718001,2324.4,3237.32,0.0,0.0,0.7434,1.03537,0.0,1,0.0020469843,0.0419479053,0.040723307621624884
YUGZIK_clean,11.91055,8.94015,11.87908,0.448758,2210.67,4926.21,0.0,0.0,0.8084,1.80142,0.0,1,0.0032669432,0.0667607253,0.06649976762587524
YUKKAR_clean,5.85992,4.34741,5.85992,1.1473,1614.58,1407.28,0.0,0.0,0.5232,0.456026,0.0,0,0.0008114003,0.0151135525,0.015832056599500034
YULBAJ_clean,4.78019,3.27297,4.78019,1.5076,0.0,0.0,1157.76,767.95,0.5174,0.343194,0.0,0,0.0009011333,0.0117489007,0.013447473530625092
YUNJUO_clean,4.39479,3.63152,4.30622,1.20023,327.056,272.493,228.818,190.645,0.4452,0.370927,0.0,0,0.0003561868,0.0076638368,0.006780554636374999
YUNKAV_clean,4.51501,3.79299,4.16091,1.19194,612.464,513.84,0.0,0.0,0.4502,0.377705,0.0,0,0.0004283553,0.007309978,0.008169158663500032
YURKEC_clean,7.90101,7.08763,7.8976,1.07399,1764.62,1643.06,0.0,0.0,0.6344,0.590696,0.0,1,0.0010881945,0.0205015849,0.02128241175162501
YURKIG_clean,6.91612,5.83867,6.83043,1.00356,2150.65,2143.01,0.0,0.0,0.6578,0.655465,0.0,1,0.0010726971,0.023312759,0.02218291269674991
YUTDUO_clean,7.90649,6.23902,7.90649,1.39467,1474.83,1057.48,0.0,0.0,0.5612,0.40239,0.0,1,0.0006766838,0.0131556106,0.013512980401374981
YUZPOA_clean,20.08724,6.66271,20.08724,0.597835,2261.64,3783.05,0.0,0.0,0.7894,1.32043,0.0,1,0.0024132615,0.051202572,0.050080425379281285
YUZRAO_clean,7.04018,5.00118,6.73681,1.11887,1297.93,1160.04,0.0,0.0,0.528,0.471906,0.0,1,0.0006516481,0.0135415663,0.013345529863999925
YUZXAT_clean,5.15837,3.71285,5.1262,1.26263,639.82,506.735,0.0,0.0,0.4692,0.371605,0.0,1,0.0003689228,0.0070356658,0.007307792509874983
ZACCUB_clean,5.33809,3.35117,5.33809,2.14234,943.989,440.635,0.0,0.0,0.4798,0.223961,0.0,1,0.0005140968,0.0105472805,0.009740286964849947
ZACHIX_clean,13.14331,6.50331,13.13039,0.890304,2133.37,2396.22,0.0,0.0,0.7114,0.799053,0.0,1,0.0016099742,0.0314380923,0.03153621066124992
ZAHLEC_clean,10.74057,8.40432,8.92854,0.504189,2700.75,5356.61,0.0,0.0,0.8076,1.60178,0.0,1,0.0028211336,0.0593635714,0.056151426443749625
ZALDUO_clean,4.61661,3.56851,4.61661,1.92477,1210.48,628.894,0.0,0.0,0.514,0.267045,0.0,1,0.0002990271,0.0060741576,0.006484878006375001
ZALREM_clean,5.87604,3.78386,5.86921,1.04183,1802.16,1729.8,0.0,0.0,0.622,0.597029,0.0,0,0.0009722147,0.0199129046,0.019523126540874996
ZARVIZ_clean,8.08211,6.49977,8.07086,1.60695,1752.25,1090.42,2.37844,1.4801,0.6066,0.377486,0.0,1,0.0006520598,0.013346618,0.013025506336999986
ZASTUK_clean,5.34498,3.95884,5.34498,1.23434,967.3,783.659,0.0,0.0,0.4876,0.39503,0.0,1,0.0005400885,0.0106203344,0.010769695694375012
ZAVPUJ_clean,5.35189,4.46399,5.34326,1.29856,1713.78,1319.75,0.0,0.0,0.5712,0.439871,0.0,1,0.0007314863,0.0141936077,0.014420854312250113
ZAVRAR_clean,5.32227,4.57646,5.32227,1.37671,1661.66,1206.98,0.0,0.0,0.5744,0.417225,0.0,1,0.000635262,0.0132576422,0.013073264731749983
ZEDLOL_clean,4.6264,3.66432,4.6264,1.37262,652.64,475.472,0.0,0.0,0.459,0.334398,0.0,0,0.0003267593,0.0066754704,0.006338390954250012
ZEDZAL01_clean,5.65082,4.55391,5.6492,1.03183,1744.09,1690.29,0.0,0.0,0.599,0.580521,0.0,0,0.0009941067,0.0199237068,0.01942636228712496
ZEDZAL_clean,5.65964,4.57272,5.65578,1.03183,1734.09,1680.59,0.0,0.0,0.6058,0.587111,0.0,0,0.0009922992,0.0200068503,0.01967925964399997
ZEHCAQ02_clean,4.12583,2.64971,4.06091,2.02971,0.0,0.0,581.933,286.707,0.5354,0.263781,0.0,1,0.0003085119,0.0060782258,0.006170127481125013
ZEHCAQ_clean,4.19888,2.71451,4.1726,2.02103,0.0,0.0,626.454,309.968,0.5382,0.2663,0.0,1,0.000332365,0.0065070151,0.006703487910374988
ZEKROY_clean,5.41315,3.12391,5.3949,1.40405,0.0,0.0,271.422,193.314,0.2978,0.212101,0.0,1,0.0001403863,0.0027994682,0.0029007596098750044
ZELQAK_clean,8.24038,5.23853,8.14946,0.765451,2630.89,3437.05,0.0,0.0,0.7374,0.963354,0.0,1,0.0018544345,0.0368412339,0.036493410324125106
ZERNOB_clean,4.35265,2.64863,4.35265,1.75217,0.0,0.0,467.23,266.657,0.3994,0.227945,0.0,1,0.0001818724,0.0032830529,0.0036597249041250006
ZETQAS_clean,4.38482,2.76215,4.38482,2.36761,0.0,0.0,121.103,51.1499,0.3662,0.154671,0.0,0,6.51855e-05,0.0013688957,0.001416415963250001
ZEZPAX_clean,4.88259,3.42627,4.87229,1.37031,946.317,690.584,0.0,0.0,0.58,0.423261,0.0,1,0.0005596515,0.011869216,0.01132842918524998
ZEZQAY_clean,6.85728,4.76238,6.85728,1.25559,1624.77,1294.03,0.0,0.0,0.5694,0.453492,0.0,1,0.0007854845,0.015227407,0.015646679497750032
ZIDBEV_clean,9.63216,5.48309,9.63216,0.807059,2178.07,2698.78,0.0,0.0,0.7352,0.910962,0.0,1,0.0012942073,0.0265185211,0.027230881053500012
ZIJVAR_clean,3.81019,2.63372,3.81019,1.45241,0.0,0.0,47.1808,32.4844,0.3854,0.265351,0.0,1,0.0001196361,0.002605732,0.002521129727500001
ZIJVOF_clean,5.29078,3.31943,5.29078,1.22582,1049.42,856.102,0.0,0.0,0.5682,0.463527,0.0,1,0.0005991628,0.0116957258,0.011763085196874976
ZIMLAK_clean,8.81434,4.17837,8.81158,1.15604,2223.72,1923.56,0.0,0.0,0.7056,0.610357,0.0,1,0.0010401392,0.0205971077,0.020635665569875002
ZIWLUO_clean,7.47107,4.53903,7.43631,1.09467,1585.65,1448.51,0.0,0.0,0.5836,0.533128,0.0,1,0.0007629422,0.016005159,0.015743521584374972
ZIYQAB_clean,4.81934,3.2861,4.80982,1.34833,0.0,0.0,942.654,699.128,0.5366,0.397974,0.0,1,0.0005031467,0.0095874533,0.010199311132000018
ZOFZIF_clean,8.07986,5.82761,8.06722,0.702361,2633.85,3750.0,0.0,0.0,0.7174,1.02141,0.0,1,0.0020806822,0.040605914,0.04054189765475007
ZOFZUR_clean,12.72726,10.75924,12.72726,0.565447,2337.99,4134.76,0.0,0.0,0.7702,1.36211,0.0,1,0.0026689448,0.0513202869,0.051856531029624876
ZOXVEP_clean,5.87141,3.21635,5.85418,1.91494,0.0,0.0,638.808,333.592,0.4284,0.223715,0.0,1,0.0002685387,0.0052173244,0.005308829907749986
ZUBFIN_clean,7.69352,3.71325,7.67785,1.11238,1215.17,1092.41,0.0,0.0,0.5518,0.496052,0.0,1,0.0007535903,0.0149412968,0.01484344215850001
ZUDQUM_clean,5.81277,5.4291,5.81277,1.09047,1603.64,1470.59,0.0,0.0,0.5888,0.539951,0.0,0,0.0009350512,0.0181635115,0.01850307928899996
ZUTBUN_clean,4.42995,3.86732,4.42995,2.2828,1037.92,454.67,0.0,0.0,0.4626,0.202646,0.0,0,0.0004850902,0.0096687052,0.008589052201600009
