filename,LCD,PLD,LFPD,cm3_g,ASA_m2_cm3,ASA_m2_g,NASA_m2_cm3,NASA_m2_g,AV_VF,AV_cm3_g,NAV_cm3_g,Has_OMS,Input,y_true,y_pred
1499489-acs.cgd.6b01265_1499490_clean,10.85017,3.77263,10.26663,0.884188,1701.53,1924.4,0.0,0.0,0.6458,0.730388,0.0,0,0.007366829,0.685041089,0.6910120643873524
ACOCOM_clean,24.60642,13.0343,24.60642,0.349927,1537.41,4393.52,0.0,0.0,0.863,2.46623,0.0,1,0.003838912,0.384543547,0.3674413615631722
ACOCUS_clean,24.38417,13.22222,24.38417,0.346494,1518.48,4382.42,0.0,0.0,0.8644,2.49471,0.0,1,0.003871942,0.39431656,0.3669585943557904
acs.chemmater.5b03723_cm5b03723_si_005_clean,14.22819,7.4356,14.22819,0.645145,2122.45,3289.88,0.0,0.0,0.7418,1.14982,0.0,1,0.006041463,0.546299842,0.5397570561273255
acscombsci.5b00188_5013797_clean,9.69678,6.71185,9.61668,0.664961,2272.9,3418.09,0.0,0.0,0.7302,1.09811,0.0,0,0.003535195,0.341568415,0.34725647900529066
acs.inorgchem.6b00136_ic6b00136_si_002_clean,7.2744,7.0365,7.27294,1.17665,1340.62,1139.36,0.0,0.0,0.582,0.494624,0.0,1,0.009754234,0.803684473,0.7771613017279779
acs.inorgchem.6b00276_ic6b00276_si_006_clean,14.12459,8.71298,14.12459,0.76132,1982.07,2603.46,21.492,28.2299,0.7202,0.945989,0.0,1,0.010867106,0.850631206,0.6981916073289559
acs.inorgchem.6b01416_ic6b01416_si_004_clean,6.69143,3.5273,6.69143,1.34288,1327.26,988.368,0.0,0.0,0.5278,0.393035,0.0,1,0.005791971,0.508917082,0.5261532840490039
AGUBUA_clean,5.46218,4.59563,5.46034,1.83317,1345.91,734.196,0.0,0.0,0.576,0.31421,0.0,0,0.014686249,1.033963545,1.0752504005566763
AMIZIG_clean,6.42874,5.80877,6.41409,1.40393,699.498,498.243,0.0,0.0,0.4248,0.302579,0.0,1,0.001585654,0.146360485,0.15857253533421045
ANOMOG_clean,12.8003,5.50166,12.79961,0.784559,2116.78,2698.05,0.0,0.0,0.7198,0.917458,0.0,1,0.005452693,0.500014277,0.4933289854064431
AQIXUU_clean,5.00071,3.74213,5.00071,2.31618,778.297,336.026,0.0,0.0,0.406,0.175289,0.0,1,0.008020768,0.572395621,0.6118857750531745
AQOLOJ_clean,15.82324,9.85536,15.82324,0.918562,1262.34,1374.26,403.393,439.157,0.709,0.771858,0.0,1,0.012847013,0.976235087,0.8490604375170652
ASANAL_clean,5.37126,3.88285,5.37126,1.20144,1052.9,876.362,0.0,0.0,0.5218,0.434312,0.0,1,0.005124206,0.460646752,0.4769727532379163
ASIVEF_clean,11.85007,7.21214,11.45277,0.623261,2219.01,3560.32,0.0,0.0,0.7618,1.22228,0.0,1,0.003392339,0.334042117,0.3348138672706723
ATEZEG_clean,10.12518,7.5272,10.12318,0.775574,2361.78,3045.2,0.0,0.0,0.7158,0.922929,0.0,1,0.004802434,0.462436576,0.44951931458246636
ATEZIK_clean,10.39835,7.60488,10.39835,0.744295,2329.14,3129.33,0.0,0.0,0.7298,0.980525,0.0,1,0.004242168,0.411219145,0.410775666749068
ATUZEW_clean,10.5847,3.84767,10.5847,0.968927,2122.87,2190.95,0.0,0.0,0.6504,0.671258,0.0,1,0.007414675,0.64685024,0.668380867074732
AWEWOP_clean,9.66818,6.8565,9.66161,1.11027,1532.43,1380.24,0.0,0.0,0.5908,0.532125,0.0,1,0.00432915,0.421388823,0.3967542878979733
AWUPOZ_clean,18.42385,9.2554,18.42385,0.353418,1737.36,4915.87,0.0,0.0,0.8534,2.41471,0.0,1,0.00357078,0.363447452,0.3555275943191088
AXIGAR_clean,6.07916,3.82644,6.07805,0.772367,2511.2,3251.3,0.0,0.0,0.6878,0.890509,0.0,1,0.002150597,0.214334378,0.21273493780638936
BABREE_clean,12.92538,6.29785,12.92538,0.898119,2356.63,2623.96,0.0,0.0,0.6828,0.760255,0.0,1,0.004007638,0.385798649,0.3866810515005008
BADXAI_clean,6.25366,4.40633,6.25366,1.71483,758.25,442.172,0.0,0.0,0.4118,0.240141,0.0,1,0.001145717,0.107135701,0.1043607045143714
BETDOV_clean,6.15975,4.21588,6.15598,1.35335,1572.21,1161.72,0.0,0.0,0.5314,0.392656,0.0,1,0.00438359,0.405755788,0.3957359992929753
BETFOX_clean,5.13144,3.67825,5.11456,1.3623,1196.21,878.085,0.0,0.0,0.5018,0.368349,0.0,0,0.004953765,0.429402434,0.45266688434324526
BEWVEG_clean,6.48201,4.71475,6.48201,1.10737,1863.88,1683.16,0.0,0.0,0.6042,0.545619,0.0,1,0.003295122,0.320552065,0.32040682811829957
BEXTUV_clean,4.28323,3.79801,4.26635,1.30528,1237.19,947.835,0.0,0.0,0.5092,0.390108,0.0,1,0.009677689,0.804783691,0.8194601527928633
BEXVAD_clean,4.05512,3.67488,4.05512,1.37514,1152.1,837.807,0.0,0.0,0.4946,0.359673,0.0,1,0.009739712,0.792630922,0.8088651779853524
BEXVIL_clean,8.76522,6.70231,8.74887,0.885188,2434.41,2750.17,0.0,0.0,0.7548,0.8527,0.0,1,0.003127098,0.309365359,0.3120348664072209
BIHBEB_clean,18.34605,17.1599,18.34605,0.724278,1666.73,2301.23,0.0,0.0,0.776,1.07141,0.0,1,0.012649627,0.874732173,0.9985787289847599
BIJFAD_clean,8.3585,6.26342,8.18439,0.855984,1774.61,2073.18,0.0,0.0,0.6172,0.721042,0.0,1,0.003538731,0.330627791,0.3433938158322818
BINMIW_clean,11.24986,10.49756,11.228,1.06367,1248.28,1173.56,0.0,0.0,0.5962,0.560513,0.0,1,0.011697985,0.650256907,0.8978886599970524
BOHWOM_clean,6.30501,5.11273,6.30431,1.22479,1646.22,1344.09,0.0,0.0,0.5794,0.473062,0.0,1,0.004062602,0.389242584,0.3859089932381714
BORBEQ_clean,6.03525,3.97595,5.98504,1.10262,1309.44,1187.57,0.0,0.0,0.545,0.494276,0.0,0,0.004829452,0.43371337,0.4515026870139072
BOWSOW_clean,5.38919,4.13551,5.38919,1.62989,1386.73,850.81,0.0,0.0,0.5466,0.33536,0.0,1,0.009519426,0.781165496,0.7807303049337881
BUCSIC01_clean,4.44124,3.57533,4.41189,1.50616,553.814,367.699,138.791,92.149,0.4836,0.321081,0.0,1,0.014562793,0.978503648,0.9350095728987975
BUVVIZ_clean,5.00001,3.6207,4.99072,1.72941,572.133,330.826,0.0,0.0,0.4138,0.239272,0.0,0,0.001353197,0.123735333,0.1337596812652484
BUVVOF_clean,4.68198,3.57584,4.68198,1.98004,493.025,248.998,0.0,0.0,0.4188,0.211511,0.0,1,0.000923419,0.091820854,0.08038536082430192
c4dt02048k_c4dt02048k2_clean,4.85859,3.78197,4.84347,1.4363,661.212,460.357,0.0,0.0,0.4384,0.305229,0.0,1,0.001853295,0.172325231,0.1725847977068592
c5ce00931f_c5ce00931f2_clean,5.29408,4.17227,5.29408,1.81161,1362.6,752.15,0.0,0.0,0.5006,0.276328,0.0,1,0.00547091,0.480999466,0.4767086886411594
c5ce01790d_c5ce01790d1_clean,9.18977,4.55461,8.97719,2.09193,660.443,315.71,0.0,0.0,0.4192,0.20039,0.0,0,0.003386674,0.288867316,0.24860847929356825
c5dt01100k_c5dt01100k2_clean,10.14478,9.16125,10.14478,1.64843,1361.9,826.183,0.0,0.0,0.588,0.356703,0.0,1,0.001137932,0.107873967,0.10411746440172054
c5dt02651b_c5dt02651b2_clean,11.24702,10.84395,11.24702,1.63261,1033.92,633.289,0.0,0.0,0.5074,0.31079,0.0,0,0.000923362,0.094975873,0.07367166446020701
c5dt03038b_c5dt03038b2_clean,6.32747,4.74814,6.26915,1.49819,1746.54,1165.77,0.0,0.0,0.584,0.389803,0.0,1,0.006695049,0.599447323,0.5792026326286985
c5dt04943a_c5dt04943a2_clean,11.21193,6.39957,11.21193,0.759207,2393.65,3152.83,0.0,0.0,0.7392,0.973647,0.0,1,0.005235945,0.485021245,0.4928277500778487
c5dt05023e_c5dt05023e2_clean,6.45831,4.45817,6.45831,1.05764,1467.29,1387.32,0.0,0.0,0.552,0.521916,0.0,1,0.008499049,0.665417053,0.7207272812134764
c5nj02236c_c5nj02236c2_clean,6.30027,4.16214,6.2999,1.32173,1286.33,973.214,0.0,0.0,0.5228,0.395541,0.0,0,0.00873127,0.734252207,0.7152107446953562
c5nj03044g_c5nj03044g2_clean,5.37347,3.59404,5.37347,1.19457,1376.65,1152.42,0.0,0.0,0.5502,0.460583,0.0,0,0.008213346,0.710352244,0.7203684272330835
c5ta03835a_c5ta03835a2_clean,12.36152,9.64623,12.36152,0.670312,1969.74,2938.54,0.0,0.0,0.7304,1.08964,0.0,0,0.003549181,0.340492909,0.3473441969825596
c6cc00589f_c6cc00589f3_clean,8.87015,7.61141,8.84647,0.61411,2422.25,3944.33,0.0,0.0,0.804,1.30921,0.0,0,0.001776158,0.180317035,0.17627368221674955
c6cc03787a_c6cc03787a2_clean,13.49945,6.3228,13.49945,0.687385,2187.23,3181.96,0.0,0.0,0.746,1.08527,0.000290958,0,0.004010712,0.397647487,0.3801783461785491
c6ce00465b_c6ce00465b2_clean,7.48534,6.6993,7.48534,0.744889,2472.69,3319.54,0.0,0.0,0.7082,0.950746,0.0,0,0.007529899,0.719210696,0.7163960413501435
c6ta07145g_c6ta07145g2_clean,6.02059,3.60964,6.01517,1.26554,923.516,729.74,0.0,0.0,0.497,0.392717,0.0,0,0.004281742,0.37244312,0.3842482206096216
CACNOM_clean,5.51942,4.46179,5.51261,1.46727,1607.54,1095.6,0.0,0.0,0.5204,0.354673,0.0,0,0.007047999,0.61820706,0.5895903174435545
CASWIE_clean,9.90767,8.8856,9.90767,1.25703,2053.39,1633.52,0.0,0.0,0.7078,0.563072,0.0,0,0.006452501,0.564384571,0.5825758616950335
CAVMIX_clean,8.93942,5.67971,8.86574,0.942961,1589.69,1685.85,0.0,0.0,0.62,0.657503,0.0,1,0.005575704,0.512847165,0.5017428698947313
CAYQIE_clean,11.36799,6.51795,9.97187,0.696086,2497.61,3588.07,0.0,0.0,0.7382,1.0605,0.0,1,0.004720447,0.463812651,0.4482549900205596
CAYQUQ_clean,11.37885,6.17998,10.24831,0.783377,2242.23,2862.26,0.0,0.0,0.6804,0.868548,0.0,1,0.004562053,0.444526321,0.4366080302898745
CEDFUO_clean,6.32807,4.51999,5.33405,1.32113,1794.57,1358.35,0.0,0.0,0.6002,0.454307,0.0,1,0.005476838,0.480483938,0.4964124538874841
CEKNIQ_clean,19.34511,12.33787,19.24026,0.450433,1674.23,3716.94,0.0,0.0,0.8472,1.88086,0.0,1,0.003164256,0.317709258,0.3152259232432659
CEMKOV_clean,6.14232,4.76606,5.27946,0.925155,1938.38,2095.19,0.0,0.0,0.617,0.666916,0.0,1,0.010093393,0.875159657,0.8535126630052434
CESFIQ_clean,12.64207,6.13059,12.56929,0.688272,2372.6,3447.18,0.0,0.0,0.7544,1.09608,0.0,1,0.00757613,0.669464889,0.6703384914033552
CESFOW_clean,11.30689,5.72282,11.30689,0.75113,2376.62,3164.06,0.0,0.0,0.7236,0.963349,0.0,1,0.005639369,0.528548139,0.5278945229029965
CEYWOU_clean,5.92045,3.96552,5.92045,1.52165,1106.54,727.196,0.0,0.0,0.488,0.320704,0.0,1,0.010052707,0.824830403,0.7538922553199385
CEYYIQ_clean,8.37126,7.81796,8.37126,2.71612,1505.4,554.246,0.0,0.0,0.6104,0.224732,0.0,1,0.000741345,0.075216111,0.054180649002706915
cg100357q_si_002_clean,5.69388,4.40862,5.69388,1.25786,1032.04,820.478,0.0,0.0,0.4934,0.392254,0.0,1,0.012421412,0.79795718,0.904705701739758
cg2007167_si_002_clean,6.66423,5.56859,6.66139,0.818121,2162.43,2643.17,0.0,0.0,0.663,0.810394,0.0,1,0.002373707,0.248284933,0.2400018419982811
cg300979c_si_002_clean,8.05407,6.75932,7.96872,0.960767,1454.92,1514.34,0.0,0.0,0.5674,0.59057,0.0,0,0.002272752,0.234558719,0.22411880238278686
cg500192d_si_002_clean,9.72623,8.82974,9.6524,1.57345,1897.89,1206.2,0.0,0.0,0.6888,0.437764,0.0,1,0.006744885,0.571247066,0.5507002464371745
cg501141m_si_003_clean,6.52889,4.75513,5.51076,1.08983,1352.45,1240.98,192.247,176.402,0.5792,0.531461,0.0,1,0.007718711,0.660991943,0.6658288178305194
CIPLIX_clean,4.16596,3.6754,4.15153,1.12701,1392.79,1235.82,0.0,0.0,0.5518,0.489614,0.0,1,0.00725965,0.668788909,0.6677050476796285
cm071462f-file004_clean,6.42322,5.39187,6.42322,1.55223,1810.57,1166.43,0.0,0.0,0.6266,0.403676,0.0,0,0.004863173,0.469899769,0.4506042029868463
COJMIZ_clean,8.76253,5.35896,8.72035,1.01046,1718.52,1700.73,0.0,0.0,0.6106,0.604279,0.0,0,0.005187992,0.481494403,0.5012321813016389
COMNAU_clean,9.72302,3.66698,9.70462,1.61238,1190.87,738.578,0.0,0.0,0.5424,0.336397,0.0,1,0.008670764,0.728836499,0.6524100038569897
comp2_clean,6.3721,5.81224,6.36767,1.69788,895.639,527.505,0.0,0.0,0.47,0.276816,0.0,1,0.001987345,0.181783954,0.17965838326668648
COQJID_clean,5.67335,4.4679,5.67044,1.27511,1146.44,899.089,0.0,0.0,0.4982,0.390711,0.0,0,0.007649846,0.635750841,0.6400512539408976
COQJOJ_clean,7.38214,4.96534,7.38214,1.07307,1447.07,1348.53,0.0720169,0.0671129,0.5318,0.495588,0.0,1,0.00789554,0.632915007,0.6756809564123585
COQJUP_clean,7.38322,4.6606,7.38042,1.11082,1342.22,1208.32,0.0,0.0,0.5588,0.503054,0.0,1,0.00843499,0.660302938,0.6933684833911098
COWDEZ_clean,8.91053,4.46746,8.91053,4.13717,1136.38,274.675,0.0,0.0,0.4164,0.100649,0.000386738,1,0.002361483,0.181311721,0.22085542988604656
COXDIE_clean,5.62039,5.35711,5.62039,1.66496,1129.92,678.647,0.152502,0.091595,0.484,0.290697,0.0,1,0.002334182,0.217508982,0.22857793433845344
CUGLIB_clean,5.58062,5.51252,5.58062,2.40243,819.805,341.239,0.0,0.0,0.416,0.173158,0.0,1,0.000674764,0.067183362,0.08245318869477763
CUPHIG_clean,11.10015,5.6209,11.10015,0.767516,2426.29,3161.23,0.0,0.0,0.7292,0.950078,0.0,1,0.005461326,0.520465297,0.5058637583193201
CURZAR_clean,6.11737,4.85497,6.11737,1.33305,994.338,745.91,0.926549,0.695058,0.5124,0.38438,0.0,1,0.001410635,0.137053996,0.1319817152034931
CUSXIY_clean,15.40731,13.34223,14.58073,0.291845,1568.49,5374.4,0.0,0.0,0.8896,3.04819,0.0,0,0.00314165,0.310854874,0.305541282057032
CUSXOE_clean,17.97302,15.80148,17.15199,0.243844,1288.51,5284.15,0.0,0.0,0.909,3.72779,0.0,1,0.004016665,0.381644967,0.3799212864681515
CUTFII_clean,4.31265,3.62169,4.29278,1.16218,1244.54,1070.86,0.0,0.0,0.5288,0.455007,0.0,1,0.00923571,0.775262407,0.8095424553953937
CUVVOG_clean,8.37247,7.3895,8.37077,1.20081,1241.45,1033.84,0.0,0.0,0.5362,0.446532,0.0,0,0.00500598,0.474736908,0.4287751996932159
CUWHUZ_clean,16.54325,4.10215,14.7488,0.938804,1933.37,2059.39,0.0,0.0,0.6922,0.737321,0.0,0,0.006130086,0.575728878,0.5595678935198863
CUWXAV_clean,6.49506,4.27985,6.49506,1.3087,1636.9,1250.78,0.0,0.0,0.5526,0.42225,0.0,0,0.005565266,0.487882679,0.5241275380797946
CUXFUX_clean,5.75656,5.11113,5.75656,1.3231,1207.8,912.854,37.5492,28.3797,0.5462,0.412818,0.0,0,0.009006709,0.80047788,0.737938141585593
DANZOJ_neutral,11.30814,4.84088,11.28951,0.953196,1460.99,1532.73,328.938,345.089,0.656,0.688211,0.0,0,0.004548313,0.416229676,0.4261623501165131
DAZCAK_clean,13.11846,6.60097,13.10556,1.02457,1662.31,1622.44,0.0,0.0,0.6408,0.625431,0.0,1,0.006259589,0.580456463,0.5426326941214151
DEKPUF_clean,6.975,5.81852,6.975,1.54937,1782.47,1150.45,0.0,0.0,0.6318,0.407778,0.0,0,0.003345924,0.310639416,0.3191619795455132
DIMQIB_clean,6.20574,4.20467,6.19483,1.06672,2087.42,1956.87,0.0,0.0,0.598,0.560599,0.0,1,0.011126639,0.924344906,0.9476752203986368
DITPED_clean,7.50583,5.90159,7.4889,1.29378,1287.83,995.397,0.0,0.0,0.555,0.428975,0.0,1,0.004044193,0.370080033,0.36725347196076374
DIWMUT_clean,7.56491,5.96452,7.55979,0.838759,2075.47,2474.46,0.0,0.0,0.641,0.764225,0.0,1,0.007313737,0.660317148,0.6745689135627886
DIZVAK_clean,8.12516,5.69593,7.90061,1.15636,2071.75,1791.62,0.0,0.0,0.639,0.552597,0.0,0,0.011208908,1.017577861,0.9592775607766761
DOFTID_clean,8.70669,6.70952,8.70669,0.91345,2575.78,2819.83,0.0,0.0,0.7676,0.84033,0.0,1,0.003843666,0.364585401,0.36318741678896316
DOGBAE_clean,25.81792,14.43274,25.36207,0.55407,1540.39,2780.13,0.0,0.0,0.8362,1.5092,0.0,1,0.004631565,0.446052125,0.4337688127651793
DOJXOR_clean,7.78532,7.29613,7.78532,1.02283,1574.02,1538.88,0.0,0.0,0.5858,0.572722,0.0,1,0.005048784,0.488730597,0.4736600809968707
DOLWEI_clean,10.11442,4.05745,10.10256,0.875132,2134.94,2439.57,3.14287,3.59131,0.6764,0.772912,0.0,1,0.003677359,0.348257811,0.3595310589665277
DOMGAP_clean,8.27667,5.74162,8.27274,1.20417,741.315,615.623,530.043,440.172,0.5268,0.437479,0.0,1,0.005264135,0.497694663,0.46616425486203955
DOTFOJ_clean,9.02668,4.87755,9.02668,0.958168,1617.77,1688.4,0.0,0.0,0.6126,0.639345,0.0,1,0.006420623,0.601051921,0.5562692399050934
DUDKIY_clean,7.07907,5.66309,7.05735,0.974059,1868.46,1918.22,0.0,0.0,0.6506,0.667927,0.0,1,0.005362721,0.507868067,0.5062508639220248
DUNYOC_clean,9.99521,7.8188,9.31419,0.670932,2064.07,3076.42,0.0,0.0,0.7104,1.05883,0.0,1,0.003455919,0.335628401,0.3493493851254892
DUQRUD_clean,5.84696,3.93964,5.84696,1.3492,787.842,583.933,0.0,0.0,0.45,0.333531,0.0,0,0.001816258,0.174103312,0.16727980932431075
DUSHIK_clean,14.6863,6.85074,14.6863,0.965487,1544.65,1599.87,302.186,312.988,0.665,0.688771,0.0,1,0.007545184,0.682582038,0.6394404232103209
DUZKAM_clean,21.49045,20.91759,21.49045,0.763691,1446.12,1893.59,0.0,0.0,0.7166,0.938337,0.0,1,0.001946988,0.187429019,0.1977945273094926
DUZKEQ_clean,20.34484,16.57615,20.32874,0.744987,1552.98,2084.58,0.0389169,0.0522383,0.7072,0.949278,0.0,1,0.001411721,0.152328207,0.14773964312135562
EBOXEA_clean,5.66693,4.72038,5.66453,1.32843,1075.3,809.448,0.0,0.0,0.5358,0.403332,0.0,1,0.000787365,0.080826123,0.08341555896697328
EDUVAA_clean,11.12176,8.60837,11.10384,0.690728,2384.44,3452.06,0.0,0.0,0.7446,1.07799,0.0,0,0.005252747,0.483615698,0.5177670236712345
EDUVEE_clean,12.39923,7.07299,12.39923,0.815139,2115.12,2594.8,0.0,0.0,0.691,0.847708,0.0,1,0.007094174,0.605597213,0.6054180183949195
EDUVUU_clean,9.45386,7.53326,9.45386,0.697727,2422.85,3472.49,0.0,0.0,0.7852,1.12537,0.0,0,0.003153167,0.323624814,0.3065355524467481
EDUWAB_clean,25.32442,15.73034,25.32073,0.347361,1224.7,3525.73,0.0,0.0,0.9,2.59097,0.0,0,0.003425589,0.338480069,0.32521955328222973
EGABAR_clean,5.34669,4.59707,5.34669,2.32794,964.221,414.195,0.0,0.0,0.453,0.194593,0.0,0,0.005198659,0.405617553,0.45193409137610274
EGEJUW_clean,9.46971,6.7544,9.46722,1.01741,1558.89,1532.22,0.0,0.0,0.6188,0.608213,0.0,1,0.003551942,0.309578571,0.34270935403943925
EHUSUX_clean,11.68128,4.3201,11.68059,0.797571,1974.27,2475.35,0.0,0.0,0.6798,0.852338,0.0,1,0.008517251,0.698602199,0.6922107182541892
EHUTAE_clean,11.6271,4.37686,9.57037,0.725635,2073.78,2857.89,0.0,0.0,0.7062,0.973216,0.0,1,0.008741199,0.693996896,0.7200287566333112
EJESUJ_clean,12.74502,12.12417,12.74502,0.622379,1959.14,3147.82,0.0,0.0,0.784,1.25968,0.0,1,0.002706618,0.272657116,0.2741513347336759
EKEKIQ_clean,7.79579,7.10452,7.79579,1.16703,1042.73,893.491,0.0,0.0,0.5546,0.475225,0.0,0,0.001827859,0.189522616,0.1718833951331472
ELECIJ_clean,5.29894,3.51797,5.23731,1.40049,1472.06,1051.1,0.0,0.0,0.5722,0.40857,0.000142807,0,0.007721356,0.682397038,0.6612929888939096
ENCDBZ01_clean,4.96088,3.91158,4.96088,1.33226,1771.15,1329.44,0.0,0.0,0.6226,0.467327,0.0,0,0.002725666,0.272255953,0.2693504260408793
ENCDBZ_clean,5.17995,4.0381,5.17546,1.35947,2064.83,1518.84,0.0,0.0,0.6576,0.483717,0.0,0,0.003872303,0.361991775,0.3596872086933624
ENCNBZ01_clean,5.19153,4.38458,5.1913,1.43907,1901.77,1321.52,0.0,0.0,0.6098,0.423745,0.0,1,0.005575611,0.517327433,0.5085890426259002
ENEQUL_clean,7.56046,6.76685,7.56046,0.96801,1567.25,1619.05,0.0,0.0,0.6008,0.620655,0.0,1,0.003430121,0.337879487,0.32881405183207835
EPECOT_clean,6.95752,4.232,6.83185,1.2697,722.822,569.283,120.243,94.7014,0.4962,0.390799,0.0,1,0.008760933,0.601529907,0.6469739639947942
EQOCOC01_clean,9.01895,5.30438,9.01895,0.963226,2097.19,2177.26,0.0,0.0,0.6844,0.710529,0.0,0,0.006020308,0.567753236,0.5612980163499794
ERAMOB_clean,11.82373,11.24071,11.82373,0.863356,1966.05,2277.21,0.0,0.0,0.6972,0.807546,0.000463308,1,0.004301165,0.407207813,0.3895931027544585
ERANES_clean,8.79503,8.24088,8.79503,0.804109,2252.06,2800.69,5.76922,7.17468,0.711,0.884209,0.000248723,1,0.004249033,0.394695804,0.4236790668470864
ERUNUC_clean,14.74144,10.998,14.73673,0.612946,1667.89,2721.11,0.0,0.0,0.75,1.2236,0.0,1,0.003594918,0.347899556,0.35694267239842814
ESEBOV_clean,25.10343,17.21264,25.10343,0.432192,1480.29,3425.07,0.0,0.0,0.8414,1.94682,0.0,1,0.002796333,0.297881308,0.28830292063967666
ETIXAI_clean,5.65647,4.17101,5.65647,1.21689,891.966,732.986,0.0,0.0,0.4942,0.406116,0.0,1,0.00737188,0.56154387,0.6172095451837178
ETIYEN_clean,5.93251,5.0142,5.93198,1.46361,1238.74,846.356,0.0,0.0,0.4926,0.336565,0.0,1,0.014946689,1.14132885,1.0674554232164195
EVADIO_clean,5.0224,3.42293,5.0224,2.1799,765.078,350.969,0.0,0.0,0.4278,0.196248,0.0,1,0.008977392,0.570525853,0.6520503196799873
EVOTIT_SL,8.2912,6.01432,8.2912,1.23039,1203.44,978.095,0.0,0.0,0.5204,0.422954,0.0,1,0.005639799,0.450433583,0.4912099721370179
EZIMEG_clean,9.90798,4.0416,9.90798,1.07192,1279.0,1193.19,493.885,460.749,0.5998,0.559557,0.0,1,0.011503945,0.978164279,0.8619359496016394
EZOFUV_clean,8.33031,6.08017,8.32272,1.02014,2081.17,2040.08,0.0,0.0,0.6416,0.628934,0.0,0,0.004515945,0.460184534,0.425872668302789
FAKHIK_clean,6.91166,3.5646,6.91166,1.35887,1058.17,778.71,0.0,0.0,0.4948,0.364126,0.0,1,0.00636586,0.552734492,0.5295146372350719
FALRIV01_clean,5.68899,4.70468,5.67497,1.06479,1159.51,1088.96,0.0,0.0,0.5166,0.485167,0.0,0,0.007041301,0.598530308,0.598171184976472
FALROB_clean,5.75308,4.76749,5.73877,1.05859,1169.51,1104.78,0.0,0.0,0.5176,0.488953,0.0,0,0.006325313,0.561010148,0.5581962357142545
FALSAO_clean,5.59493,4.61612,5.59493,1.06274,1144.25,1076.7,0.0,0.0,0.509,0.478952,0.0,0,0.006678528,0.593212776,0.5853043090266528
FASGIS_clean,5.11529,3.78202,5.11153,1.92528,377.737,196.198,183.317,95.2157,0.4584,0.238095,0.0,1,0.004107197,0.318071301,0.32406308899617664
FAVDAK_clean,6.67812,5.88583,6.64405,2.22356,1150.29,517.317,190.493,85.6703,0.5552,0.249689,0.0,1,0.005811151,0.400253761,0.5098993195457447
FAVDEO_clean,8.86805,5.77505,6.60713,2.38182,1421.2,596.685,0.0,0.0,0.566,0.237633,0.0,1,0.00326936,0.241771138,0.2858177791159554
FAVDIS_clean,7.08952,4.40423,6.6109,3.30476,694.499,210.151,254.861,77.1193,0.4708,0.142461,0.0,1,0.001773832,0.159346173,0.13614290733028556
FAYLIC_clean,6.73446,3.80347,6.73446,1.51633,1348.21,889.13,0.0,0.0,0.5788,0.381711,0.0,1,0.00736764,0.631726648,0.6174169143296251
FECJUT_clean,8.20883,4.88885,8.12686,0.902793,1817.93,2013.68,0.0,0.0,0.618,0.684542,0.0,1,0.004380059,0.415761906,0.407900040624681
FEWXIQ_clean,17.35042,7.46306,17.20636,0.482905,2259.15,4678.25,0.0,0.0,0.7942,1.64463,0.0,0,0.003590261,0.373288576,0.36128419512627097
FEYJID_clean,11.05011,4.28201,11.03981,1.28763,1684.31,1308.07,60.6702,47.1178,0.6268,0.486786,0.0,1,0.003216756,0.323497768,0.2901914922290999
FEYZUF_clean,5.22495,3.78183,5.22495,1.61085,1174.9,729.37,0.0,0.0,0.5098,0.31648,0.0,1,0.004077698,0.367884467,0.36632574278564434
FIDMIP_clean,5.76709,4.43786,5.76709,2.12603,1177.09,553.657,0.0,0.0,0.5436,0.255688,0.0,1,0.002232622,0.206595953,0.19636647278258884
FIHHOV_clean,6.48503,4.23046,4.73284,1.35341,178.981,132.245,677.871,500.863,0.475,0.350966,0.0,1,0.002801471,0.26054825,0.23087306231507562
FIHHUB_SL,15.61182,13.11587,15.60898,0.621293,2170.48,3493.49,0.0,0.0,0.7232,1.16402,0.0,0,0.003079315,0.314417402,0.3087396948316016
FIJFIO_clean,5.20664,4.6235,5.20664,1.24991,1287.13,1029.78,0.0,0.0,0.5168,0.413471,0.0,1,0.007437659,0.677671851,0.6478865749545378
FILYAC_clean,5.64031,4.94176,5.6321,1.25304,1576.38,1258.04,0.0,0.0,0.554,0.442124,0.0,1,0.00415759,0.408494941,0.3923098868160884
FIQKIB_clean,6.36198,4.04904,6.29401,2.05984,1001.37,486.138,2.57664,1.25089,0.4784,0.232251,0.0,1,0.002479532,0.235696899,0.2114491464096359
FISXEM_clean,15.69953,15.64725,15.69953,0.982352,1496.09,1522.96,0.0,0.0,0.7144,0.727234,0.0,0,0.0063969,0.572480785,0.56606135557197
FIWKUT_clean,10.75705,6.21115,10.75089,1.13958,2252.0,1976.17,0.0,0.0,0.6778,0.594779,0.0,1,0.00461785,0.451865766,0.4198026158300359
FOCZEE_clean,4.4728,3.82667,4.43202,1.76964,355.495,200.886,0.0,0.0,0.3688,0.208404,0.0,0,0.004384068,0.326673222,0.331796120405282
FOFCIO_clean,4.5361,3.88522,4.5076,1.74401,367.243,210.574,0.0,0.0,0.3598,0.206306,0.0,0,0.004498804,0.324530345,0.3137804868684909
FOFHEO_clean,6.41067,5.52308,6.4074,2.22496,990.681,445.257,0.0,0.0,0.446,0.200453,0.0,0,0.007518329,0.596058135,0.5731882753268724
FOFTOL_clean,6.86591,4.62367,6.86591,1.13764,1540.19,1353.85,0.0,0.0,0.5824,0.511939,0.0,1,0.005823192,0.527514308,0.5273576220980924
FOPFAS_clean,20.99168,6.62083,20.99168,0.583055,2159.7,3704.11,0.0,0.0,0.7806,1.33881,0.0,1,0.005052659,0.47894818,0.4755359600663344
FOPTOU_clean,5.99188,4.04402,5.19077,1.42676,820.695,575.214,0.0,0.0,0.3986,0.279373,0.0,1,0.001049838,0.105394117,0.1121634968837798
FOQNIK_clean,5.46061,4.28764,5.45105,1.39446,1294.07,928.009,0.0,0.0,0.546,0.391549,0.0,1,0.005546797,0.460835342,0.49677225830731064
FOQNOQ01_clean,5.8632,5.042,5.82773,1.375,1086.49,790.181,181.915,132.302,0.54,0.392729,0.0,1,0.005650763,0.462942059,0.5098816333678797
FOQNOQ02_clean,5.77332,4.6821,5.75387,1.37197,1078.45,786.062,190.643,138.956,0.5392,0.393013,0.0,1,0.00545752,0.461882409,0.4874739541920853
FOQNOQ_clean,5.74039,4.59611,5.66519,1.31962,1294.45,980.929,0.224512,0.170134,0.5432,0.411634,0.0,1,0.004170778,0.365990176,0.3712152081691285
FOQNUW02_clean,6.26085,4.86283,6.24492,1.35147,1329.33,983.622,0.0525445,0.0388796,0.5542,0.410073,0.0,1,0.005085899,0.436333997,0.48074355575007705
FOQNUW_clean,6.24181,4.91804,6.10517,1.36057,1316.22,967.403,0.0,0.0,0.552,0.405711,0.0,1,0.005158099,0.430742694,0.48166773696553933
FOQPAE01_clean,6.12529,4.88917,6.10135,1.39855,1351.73,966.526,0.0,0.0,0.5504,0.393551,0.0,1,0.006032546,0.507441751,0.5304573587571518
FOQPAE02_clean,6.1209,4.89143,6.11396,1.39791,1360.89,973.519,0.0,0.0,0.5506,0.393874,0.0,1,0.00620699,0.518419605,0.5462015231913686
FORWAL_clean,6.09772,3.45398,5.95541,1.14086,1067.63,935.814,0.0,0.0,0.5034,0.441246,0.0,1,0.004076848,0.385616616,0.36525725198734227
FORXAM_clean,18.92754,6.8057,18.91027,0.795308,2161.02,2717.21,0.0,0.0,0.7312,0.919393,0.0,1,0.008170013,0.731674428,0.6963387249327223
FOSTOY_clean,11.96802,7.0236,11.96802,0.654669,2141.84,3271.64,0.0,0.0,0.7566,1.1557,0.0,0,0.006433378,0.607839134,0.584183155933858
FUHJOJ_clean,6.00539,3.60827,6.00353,1.22184,1103.63,903.253,0.0,0.0,0.4852,0.397107,0.0,0,0.004130327,0.376024536,0.37359301249897364
FUVBOP_clean,10.72258,6.59075,10.71272,0.950401,1920.81,2021.05,0.114282,0.120246,0.6984,0.734848,0.0,1,0.003016529,0.297423051,0.29576334139877825
FUVDEH01_clean,7.23867,5.86079,7.23867,1.59448,533.217,334.414,0.0,0.0,0.397,0.248984,0.0,0,0.002475185,0.226502313,0.2257511082841971
FUVDEH02_clean,7.02003,5.91062,7.02003,1.6404,493.979,301.134,0.0,0.0,0.3806,0.232017,0.0,0,0.002306841,0.215120389,0.21321684514383155
FUVDEH04_clean,6.74437,6.14599,6.74437,1.73737,495.479,285.189,0.0,0.0,0.3518,0.20249,0.0,0,0.002194414,0.209000538,0.20528523885868366
FUVDEH05_clean,7.30465,6.40041,7.2683,1.88786,438.985,232.53,0.0,0.0,0.3024,0.160181,0.0,1,0.002523878,0.218874254,0.20598372040513224
FUVDEH09_clean,7.0294,5.84289,7.0294,1.58635,523.994,330.314,0.0,0.0,0.397,0.25026,0.0,0,0.002402613,0.22870684,0.219267914879477
FUVDEH10_clean,7.04062,5.87984,7.04062,1.60692,511.167,318.104,0.0,0.0,0.3892,0.242203,0.0,0,0.002300298,0.209925535,0.21301497634336897
FUVDEH11_clean,6.87873,5.8578,6.87873,1.63822,509.358,310.921,0.0,0.0,0.3836,0.234156,0.0,0,0.002519799,0.231885141,0.22258297463001592
FUVDEH12_clean,6.7205,5.84346,6.7205,1.66278,490.525,295.002,0.0,0.0,0.372,0.223721,0.0,0,0.002440089,0.227449915,0.22529366911603776
FUVDEH_clean,6.96664,5.8084,6.96664,1.59803,514.864,322.187,0.0,0.0,0.3906,0.244426,0.0,0,0.002606647,0.243631116,0.23146284023006222
FUWFUA_clean,7.25313,6.2676,7.10214,1.05922,1980.57,1869.84,0.0,0.0,0.6472,0.611017,0.0,1,0.003802784,0.357009208,0.36752665795341405
FUWQIZ_clean,11.3491,4.56532,11.34892,0.820083,2318.22,2826.81,0.0,0.0,0.6918,0.843573,0.0,1,0.006291896,0.573706293,0.5605752486960138
FUYCAE_clean,12.12006,7.41697,11.45114,0.805353,2038.6,2531.31,0.0,0.0,0.6952,0.863224,0.0,1,0.005111844,0.485796507,0.4850450457091516
GABYUG_clean,8.28187,3.85233,8.28187,1.39429,1719.71,1233.39,0.0,0.0,0.5774,0.414117,0.0,0,0.004969767,0.444025087,0.45515999575517424
GACBIY_clean,10.24471,5.50706,10.24368,0.92198,1952.79,2118.04,0.041585,0.045104,0.6674,0.723877,0.0,1,0.008223895,0.740459953,0.6927188163947244
GACYER_clean,11.44273,8.46463,11.4041,0.752428,2161.9,2873.23,9.41673,12.5151,0.746,0.991457,0.0,1,0.004728809,0.464487025,0.4332661846228956
GAHSEQ_clean,9.12806,8.89551,9.12806,1.04861,1169.01,1114.83,0.0,0.0,0.5662,0.539955,0.0,1,0.001309425,0.125719908,0.1289205416194637
GALFAB_clean,5.55868,3.43749,5.55868,1.2617,790.625,626.635,0.0,0.0,0.4566,0.361893,0.0,0,0.008074457,0.636006489,0.6342678002045018
GANBED02_clean,5.89181,5.00048,5.83979,0.915211,2178.2,2379.99,0.0,0.0,0.6786,0.741468,0.0,0,0.005268599,0.497847328,0.5038693986126819
GANBED_clean,6.15693,4.36932,6.15693,0.928453,2162.5,2329.14,0.0,0.0,0.6738,0.725723,0.0,0,0.005467449,0.524891321,0.5117925258504806
GANBIH_clean,7.19995,5.0012,7.19632,1.06228,1292.17,1216.41,0.0,0.0,0.5366,0.505138,0.0,0,0.005301906,0.440905048,0.47334732770638555
GATQIE_clean,8.12277,6.57853,7.8081,0.814422,2692.15,3305.6,0.0,0.0,0.7176,0.881116,0.000491146,1,0.003947541,0.377492595,0.3920955856967234
GATQOK_clean,8.0398,4.43833,8.0398,1.04873,1982.28,1890.18,0.0,0.0,0.641,0.611218,0.000572123,1,0.005316323,0.500317714,0.4853041531333912
GEBPEK_clean,17.98452,9.34908,17.98452,0.462491,1934.3,4182.35,0.0,0.0,0.837,1.80977,0.0,0,0.003500959,0.332798946,0.3438022565745359
GESNIC_clean,6.37295,3.61972,6.37295,1.65786,713.721,430.507,0.0971657,0.058609,0.4796,0.289288,0.0,1,0.002973127,0.270375903,0.25647530180129774
GEZYUH_clean,5.69188,4.56898,5.68303,1.43146,1889.0,1319.63,0.0,0.0,0.5604,0.39149,0.0,1,0.002313853,0.223701914,0.22150403453471051
GITVAH01_clean,9.03293,4.92005,8.03384,1.44808,1218.66,841.568,0.0,0.0,0.5302,0.366141,0.0,0,0.008817019,0.721493348,0.6564337384519836
GITVAH_clean,8.75698,4.92208,6.66017,1.57163,868.704,552.741,0.298339,0.189828,0.4918,0.312924,0.0,0,0.010139147,0.711104792,0.6709257470179705
GOBTAT_clean,7.10593,5.74189,7.09799,0.916339,2102.05,2293.96,0.0,0.0,0.6472,0.706289,0.0,0,0.005667527,0.545701022,0.5435091775415635
GONMUT_clean,4.84898,3.45303,4.8484,1.575,1208.01,766.989,0.0,0.0,0.5358,0.340189,0.0,1,0.007399954,0.611445656,0.6352080302555592
GONSUZ_clean,4.31262,4.05462,4.31117,1.54869,644.734,416.31,25.0293,16.1616,0.4898,0.316268,0.0,0,0.00376203,0.355246232,0.34517958845039015
GOPLUS_clean,4.69015,3.69955,4.69015,1.12654,1103.97,979.963,0.0,0.0,0.5668,0.503132,0.0,0,0.003959542,0.388314977,0.3831782587882845
GOQWOY_clean,8.51298,6.88549,8.50318,0.782047,2084.03,2664.84,0.0,0.0,0.7176,0.917592,0.0,0,0.003338295,0.335064471,0.3291688601210392
GORJEE_clean,6.22352,3.46281,6.21155,1.2742,1383.19,1085.53,43.8432,34.4085,0.5994,0.470413,0.0,1,0.015097127,1.206748196,1.103436502246587
GUKCIA_clean,12.90912,5.8992,12.00342,0.805597,2331.25,2893.82,0.0,0.0,0.7378,0.915843,0.0,1,0.014131384,1.053210008,0.9845326411723234
GUPBOJ03_clean,20.79847,8.00163,20.79847,0.806562,1676.14,2078.13,0.0,0.0,0.7324,0.908052,0.0,0,0.002342241,0.216189933,0.2340540816898299
GUPCEA_clean,20.25729,7.86931,20.25729,1.05452,1329.67,1260.93,0.0,0.0,0.6494,0.615828,0.0,0,0.003895825,0.359439295,0.3432164802996716
GUZVOO_clean,7.90362,5.63787,7.44008,1.61009,1067.96,663.297,284.683,176.812,0.5464,0.339361,0.0,1,0.002460156,0.229097199,0.23806453777836561
HABCEV_clean,9.92705,7.22424,9.91479,0.991769,2097.63,2115.04,0.0,0.0,0.6876,0.693307,0.0,1,0.003356269,0.32449267,0.3251071615017715
HABCIZ_clean,9.83189,7.12324,9.82847,0.920871,2079.45,2258.13,0.0,0.0,0.6902,0.749507,0.0,1,0.002921069,0.280158214,0.2806182768958046
HABCOF_clean,9.97681,7.2596,9.97191,0.933756,2065.72,2212.27,0.0,0.0,0.6892,0.738095,0.0,1,0.002918178,0.27773822,0.28091064729271487
HABDAS_clean,9.98388,7.09034,9.97982,0.917953,2085.87,2272.31,0.0,0.0,0.69,0.751673,0.0,1,0.002953705,0.284371678,0.2906902736305599
HABRUZ_clean,5.62999,4.2146,5.61662,1.21831,1657.43,1360.44,0.0,0.0,0.5722,0.469669,0.0,1,0.005497121,0.494685763,0.4970811929171388
HANKEO_clean,11.34776,6.98857,11.34776,0.9577,2357.89,2462.03,22.5937,23.5917,0.6972,0.727994,0.0,1,0.003778955,0.357406376,0.35604729852675215
HANKOY_clean,11.28133,6.992,11.28091,0.975181,2332.28,2391.64,21.129,21.6668,0.7112,0.7293,0.0,1,0.003737566,0.36306703,0.34885784821354665
HAWGIY_clean,4.9936,3.76376,4.99295,1.55118,587.725,378.89,0.0,0.0,0.3948,0.254516,0.0,0,0.003269666,0.281283912,0.2788902755440289
HAXNOJ_clean,6.09414,4.53148,6.04647,1.2268,2259.24,1841.57,0.0,0.0,0.705,0.574664,0.0,0,0.001173347,0.113925309,0.11013075786563892
HICGEG_clean,7.22417,4.98345,7.22345,1.05866,1756.83,1659.47,0.0,0.0,0.6354,0.60019,0.0,0,0.004043314,0.394974019,0.38872366013583376
HICZIE_clean,4.75635,3.88223,4.75635,1.70104,552.032,324.527,36.9511,21.7227,0.4418,0.259724,0.0,0,0.006379577,0.48590173,0.4808245292681972
HIQKID_clean,6.24462,3.8099,6.24462,2.75365,1288.14,467.793,0.0,0.0,0.511,0.185572,7.26e-05,0,0.002386919,0.202824711,0.22111901838097942
HIWMAD_clean,7.70996,7.42674,7.70996,1.56246,1499.4,959.639,0.0,0.0,0.6218,0.397961,0.0,0,0.005081369,0.45861979,0.49751094960579917
HIZSEQ_clean,8.45379,5.93435,8.42674,0.797325,2202.23,2762.03,0.0,0.0,0.7088,0.888973,0.0,1,0.004326659,0.425435705,0.41147136870137635
HIZTUG_clean,14.58128,7.2695,14.58128,0.949199,1744.45,1837.81,0.0,0.0,0.6154,0.648336,0.0,1,0.013663643,1.017879709,1.0264929691905609
HOGJET_clean,10.64607,6.59696,10.64607,0.792851,2302.52,2904.1,0.0,0.0,0.722,0.910637,0.0,1,0.003537887,0.348521732,0.3484926220004091
HOVGEG_clean,5.72288,5.00575,5.71258,1.7362,623.828,359.307,0.0,0.0,0.4442,0.255846,0.0,1,0.004032632,0.323849217,0.32780169510917345
HOZFIN_clean,11.69529,10.43289,11.69529,0.774366,1771.67,2287.9,0.0,0.0,0.6506,0.840172,0.0,1,0.002636131,0.272088872,0.2621781777369234
HUCSEF_clean,13.78845,4.39887,13.78845,0.867071,1791.92,2066.64,0.0,0.0,0.6752,0.778714,0.0,1,0.008154362,0.693889117,0.672610357215919
HUGTOT_clean,8.81626,5.50482,8.81626,1.26191,1165.98,923.983,0.0,0.0,0.5748,0.455501,0.0,1,0.001692754,0.162899677,0.16595867677239906
HUNCIE_clean,23.8524,20.39274,23.77655,0.290995,1592.86,5473.82,0.0,0.0,0.8752,3.00761,0.0,1,0.00359685,0.36175217,0.35788448571980613
HURFIL_clean,5.53219,3.67395,5.49739,1.12953,1491.57,1320.52,0.0,0.0,0.5764,0.5103,0.0,1,0.009007218,0.719403677,0.7854358162089895
HUVNAP_clean,8.75886,7.98277,8.75886,1.18409,1179.49,996.114,8.956,7.56363,0.5472,0.462128,0.0,1,0.002035793,0.193302781,0.17263923195487763
HUXHUF_clean,6.21028,4.81184,6.21028,1.07666,1642.42,1525.48,0.0,0.0,0.5898,0.547807,0.0,0,0.003857822,0.37628466,0.36377891734226
HUYFAJ_clean,13.01175,6.7865,13.01175,0.928859,1613.49,1737.07,0.0,0.0,0.649,0.698706,0.0,1,0.003338442,0.326781891,0.3228759112116353
HUZYEI_clean,8.53699,6.27993,8.53699,0.711095,2228.2,3133.48,0.0,0.0,0.6894,0.969491,0.0,0,0.003681125,0.341904645,0.3610772645064721
IBAPOS_clean,10.42394,6.6282,10.40124,0.688725,2224.76,3230.26,0.0,0.0,0.7214,1.04744,0.0,1,0.003045355,0.338665611,0.3122342607338267
IBAQAF_clean,10.29518,8.20784,10.21825,0.691719,2146.79,3103.55,0.0,0.0,0.7272,1.05129,0.0,1,0.003690115,0.344740055,0.36133919207033144
IBAQEJ_clean,10.47263,8.40011,10.41547,0.683981,2144.01,3134.6,0.0,0.0,0.734,1.07313,0.0,1,0.003433273,0.331381677,0.33577198746651843
IBIYUO_clean,5.20433,4.31707,5.18919,2.0196,573.799,284.115,0.0,0.0,0.4548,0.225193,0.0,0,0.002383218,0.195438583,0.20588462177304984
ic1010083_si_002_clean,8.73889,4.47796,8.73889,1.29976,1302.13,1001.82,0.0,0.0,0.5268,0.405305,0.0,1,0.007418212,0.562948826,0.5918940035926914
ic302758g_si_002_clean,5.94758,3.52279,5.92412,1.3042,626.355,480.261,150.217,115.179,0.4578,0.351021,0.0,0,0.012476813,0.856718271,0.8230670591865258
ic403175w_si_002_clean,5.88584,3.69969,5.83238,2.5678,470.928,183.398,0.0,0.0,0.2652,0.103279,0.0,1,0.005690164,0.322481813,0.3743781079011467
ic5005374_si_003_clean,21.713,8.12819,21.713,0.624448,1871.88,2997.65,0.0,0.0,0.8216,1.31572,0.0,1,0.004722498,0.46160316,0.43505882131321877
ic502488c_si_002_clean,8.06561,4.40981,8.06561,1.22976,1402.42,1140.4,0.0,0.0,0.563,0.457812,0.0,1,0.008577039,0.724367968,0.7020008543858188
ic502643m_si_011_clean,13.64098,13.34789,13.63908,0.604316,2269.16,3754.93,0.0,0.0,0.793,1.31223,0.0,1,0.00400861,0.414703634,0.3884868572992276
ic502643m_si_012_clean,13.38503,12.66061,13.38102,0.629028,2341.28,3722.06,0.0,0.0,0.78,1.24001,0.0,1,0.004537046,0.452748704,0.4289920690432125
ic5b00561_si_002_clean,5.89498,4.61733,5.89498,1.41475,549.49,388.401,68.7517,48.5964,0.4818,0.340555,0.0,1,0.010628742,0.545074914,0.7005840194052491
ic8008859_si_001_clean,6.51934,4.39103,6.27132,0.92999,1351.28,1453.01,0.0,0.0,0.5454,0.586458,0.0,1,0.003576265,0.343031536,0.3482350568110639
ICAREL_clean,16.21859,9.18486,11.94903,0.616739,2046.86,3318.84,0.0,0.0,0.7336,1.18948,0.0,1,0.00382234,0.370550138,0.36896955222875116
ICITIY_clean,6.58704,5.40423,6.22319,1.47585,2062.64,1397.59,0.0,0.0,0.6524,0.44205,0.0,1,0.00360364,0.31872993,0.35505910680924146
ICIVEW_clean,9.81405,8.96526,9.81405,1.68894,1459.56,864.19,0.0,0.0,0.6214,0.367924,0.0,1,0.003948735,0.372605427,0.342246347549635
IFEPUG01_clean,6.97552,6.67002,6.97552,1.81968,554.5,304.724,0.0,0.0,0.3222,0.177064,0.0,1,0.00190591,0.1879774,0.14344731388734777
IFEPUG02_clean,7.03312,5.99915,7.03312,1.58114,529.815,335.085,0.0,0.0,0.3982,0.251844,0.0,0,0.002026071,0.196552637,0.18445446954471323
IFEPUG03_clean,6.99241,5.91522,6.99241,1.59971,524.86,328.098,0.0,0.0,0.393,0.24567,0.0,0,0.001955878,0.187968903,0.18419029841525103
IFEPUG04_clean,6.86283,5.99318,6.86283,1.62602,537.112,330.322,0.0,0.0,0.3814,0.23456,0.0,0,0.001988,0.188662502,0.18849600144532658
IFEPUG08_clean,6.7666,6.32311,6.7666,1.76811,569.763,322.245,0.0,0.0,0.3312,0.187319,0.0,1,0.00219144,0.216806204,0.1826314060732458
IFEPUG09_clean,6.88857,6.56673,6.88857,1.78418,556.743,312.044,0.0,0.0,0.331,0.185519,0.0,1,0.001976273,0.188875799,0.1662503924785006
IFEPUG10_clean,6.80475,6.55642,6.80475,1.8372,603.527,328.504,0.0,0.0,0.3222,0.175376,0.0,1,0.002457594,0.240114598,0.1920910366004187
IFEQER_clean,7.19047,6.08402,7.19047,1.57527,553.109,351.12,0.0,0.0,0.394,0.250116,0.0,0,0.002139259,0.200051741,0.19931831975535824
IFUPAC_clean,5.45872,4.0869,5.45872,1.34142,1585.35,1181.84,0.0,0.0,0.5752,0.4288,0.0,1,0.006403797,0.557771453,0.5623831166667292
IGUCEU_clean,4.52933,3.82475,4.49997,1.71915,529.35,307.913,0.0,0.0,0.4484,0.260826,0.0,0,0.00144927,0.131317577,0.13237772000283177
IJAPOA_clean,11.3719,4.56274,10.28688,0.827364,2231.15,2696.69,0.0,0.0,0.6978,0.843401,0.0,1,0.006473178,0.574740284,0.5619197405537794
IKOTEH_clean,5.65107,4.60462,5.64755,1.07269,1502.82,1400.99,0.0,0.0,0.5482,0.511053,0.0,0,0.005687393,0.50817787,0.5469509056108243
ILITON_clean,10.85959,9.44525,10.85959,0.579291,2065.83,3566.14,0.0,0.0,0.7778,1.34268,0.0,1,0.003409792,0.343857027,0.3352049973844649
ILOWAI_clean,5.40585,4.42661,5.40585,1.07764,1110.36,1030.36,0.0,0.0,0.5072,0.470657,0.0,0,0.007861532,0.675438663,0.6949785833505477
IMUKUW_clean,12.16588,7.54473,12.16588,0.600216,2227.49,3711.14,0.0,0.0,0.759,1.26454,0.0,1,0.002909948,0.287970945,0.2889636593896382
IMULEH_clean,8.24491,4.53271,8.24491,0.809297,1780.75,2200.36,0.0,0.0,0.6282,0.776229,0.0,0,0.003379525,0.322291273,0.328287626884142
INEPEY_clean,6.95447,5.78801,6.95447,1.44957,1129.68,779.321,87.9996,60.7072,0.5158,0.355829,0.0,1,0.008124259,0.547930542,0.6561775039277692
INEXEG_clean,5.75488,3.93289,5.74773,1.23407,1432.27,1160.6,0.0,0.0,0.543,0.440007,0.0,0,0.01030718,0.856201206,0.8741444816265687
INIROO_clean,8.17605,4.71571,8.17605,2.17241,1103.1,507.776,0.0,0.0,0.5056,0.232737,0.0,1,0.000898411,0.092105824,0.0779455409592647
IPIVOT_clean,6.19757,4.01106,6.19757,1.45575,826.006,567.408,0.0,0.0,0.474,0.325604,0.0,1,0.009988129,0.660107405,0.7109842182339298
IWEVUD_clean,8.76153,5.94273,8.76153,2.07228,1706.46,823.467,0.0,0.0,0.6254,0.301793,0.0,1,0.00255349,0.243181369,0.23172814033943903
IWEWAK_clean,8.91997,5.7935,8.91997,2.21714,1660.09,748.751,0.0,0.0,0.615,0.277384,0.0,1,0.00314487,0.285033531,0.28167484954594724
IWEWIS_clean,8.35434,5.33584,8.35252,2.50251,1589.74,635.259,0.0,0.0,0.5862,0.234245,0.0,1,0.003460708,0.314903646,0.2927192043084965
IWEWOY_clean,20.27537,19.97281,20.27537,0.872765,1162.79,1332.3,0.0,0.0,0.6926,0.79357,0.0,1,0.003664531,0.355275736,0.3299799785939769
IXIKOR01_clean,5.26705,3.69374,5.26705,1.61953,806.553,498.016,0.0,0.0,0.4486,0.276994,0.0,1,0.012853521,0.823206987,0.8562446804301369
IYIHUU_manual,11.83739,10.43961,11.83739,0.634446,2047.9,3227.86,0.0,0.0,0.7402,1.16669,0.0,1,0.003653774,0.355336107,0.35770703406562915
IYITOB_clean,9.11454,7.50033,9.11454,1.16801,1732.8,1483.56,0.0,0.0,0.654,0.559929,0.0,0,0.001761423,0.177182482,0.17150644172200213
IYUHOB_clean,9.27375,6.04055,9.27375,0.954465,2228.79,2335.12,0.0,0.0,0.6788,0.711184,0.0,0,0.011034799,0.990009615,0.9247162215476585
IZIHIK_clean,7.14331,5.40483,7.14331,1.44939,1285.98,887.257,42.2152,29.1262,0.5348,0.368983,0.0,1,0.003027849,0.283394389,0.2822324439435354
ja0660047si20060818_060256_clean,6.3909,4.01484,6.38663,0.926803,2000.77,2158.79,0.0,0.0,0.5998,0.647171,0.0,0,0.007734758,0.716491027,0.7142682859537715
ja078060t-file002_clean,16.93112,9.01585,16.93112,0.615402,2165.98,3519.61,0.0,0.0,0.7858,1.27689,0.0,1,0.005381688,0.519024792,0.49893386411480206
ja101440z_si_001_clean,5.9006,5.23774,5.9006,1.30709,1576.97,1206.47,0.0,0.0,0.571,0.436847,0.0,1,0.006220572,0.550901731,0.5592995982158263
ja102862j_si_005_clean,16.33925,5.69725,16.33925,0.874313,1862.92,2130.72,0.0,0.0,0.7038,0.804975,0.000228751,0,0.005252785,0.492629931,0.4822086251788885
ja111042f_si_002_clean,13.98436,10.86418,13.89482,0.502876,1948.39,3874.49,0.0,0.0,0.797,1.58488,0.0,1,0.00419622,0.397814497,0.3923454394314822
ja4015666_si_003_clean,10.07647,9.04237,10.07647,0.718146,2256.82,3142.56,0.0,0.0,0.7528,1.04825,0.0,0,0.00329566,0.318107316,0.319083901553836
ja4015666_si_005_clean,10.07782,8.97289,10.07782,0.723441,2224.38,3074.72,0.0,0.0,0.7496,1.03616,0.0,0,0.00319112,0.325800491,0.31698302976366555
ja403810k_si_003_clean,31.39938,26.2789,31.39936,0.252736,790.748,3128.75,0.0,0.0,0.9088,3.59585,0.0,1,0.002955593,0.292049938,0.30172484353972207
ja410368j_si_002_clean,11.55893,3.45239,11.55893,0.94881,1479.04,1558.83,0.0,0.0,0.6372,0.671578,0.0,0,0.002991991,0.302401108,0.2948075868891189
ja501810r_si_002_clean,11.13191,5.72159,11.13191,0.767426,2419.7,3153.01,0.0,0.0,0.7292,0.950189,0.0,1,0.005683148,0.522376287,0.5315659278999412
ja507119n_si_002_clean,15.60995,11.91932,15.59956,1.42878,1384.15,968.765,14.3512,10.0444,0.6548,0.458293,0.000139979,0,0.005702038,0.307734728,0.49477399156998964
ja5109535_si_002_clean,17.4505,7.65306,17.4505,0.65071,2199.17,3379.65,0.0,0.0,0.7686,1.18117,0.0,0,0.007273882,0.685770473,0.6827277934538643
ja5111317_ja5111317_si_003_clean,31.61006,11.66371,31.57217,0.400393,1352.25,3377.31,0.0,0.0,0.8428,2.10493,0.0,0,0.004153045,0.42866663,0.3816862479979672
ja5b00450_si_003_clean,12.42484,5.66724,12.42477,1.53119,1012.59,661.307,307.834,201.043,0.5432,0.354757,0.000391852,1,0.008262223,0.592528257,0.5829308854573589
jacs.6b01663_ja6b01663_si_002_clean,24.65699,17.09587,24.65699,0.438285,1508.06,3440.83,0.0,0.0,0.8424,1.92204,0.000456324,1,0.003007537,0.303651386,0.3104229005116946
jacs.6b02030_ja6b02030_si_004_clean,6.78187,4.96364,6.78187,1.83949,1314.77,714.746,0.0,0.0,0.5076,0.275946,0.0,1,0.002089504,0.2112375,0.18409626458808698
jacs.6b04608_ja6b04608_si_002_clean,18.84439,11.02909,18.84439,0.389439,1879.81,4826.98,0.0,0.0,0.8376,2.15079,0.00051356,0,0.003216801,0.312869546,0.3158633647151787
jacs.6b06375_ja6b06375_si_001_clean,11.94073,6.91484,11.94073,1.08144,1866.76,1726.19,0.0,0.0,0.696,0.643589,0.0,1,0.009797178,0.86146655,0.748015633202568
jacs.6b08724_ja6b08724_si_010_clean,27.737,26.1509,27.737,0.354749,1434.45,4043.56,0.0,0.0,0.8742,2.46428,0.0,1,0.003805061,0.36752169,0.365953457212856
jacs.6b08724_ja6b08724_si_011_clean,28.29641,26.81159,28.29641,0.32286,1413.52,4378.13,0.0,0.0,0.8676,2.68723,0.0,1,0.003729712,0.372317078,0.36459830063809134
jacs.6b08724_ja6b08724_si_012_clean,28.6797,24.93616,28.6797,0.353838,1453.6,4108.09,0.0,0.0,0.8748,2.47232,0.0,1,0.002820872,0.302262579,0.28971561567359083
jacs.6b08724_ja6b08724_si_013_clean,28.04628,26.50518,28.04628,0.350938,1434.54,4087.73,0.0,0.0,0.8658,2.4671,0.0,1,0.003432309,0.344932919,0.3350666621996811
jacs.6b08724_ja6b08724_si_015_clean,27.74932,26.1862,27.74932,0.352885,1423.48,4033.82,0.0,0.0,0.8634,2.44669,0.0,1,0.003833517,0.369253481,0.36565636752335323
JADMIN_clean,4.66472,3.54882,4.41049,1.45894,240.443,164.807,147.508,101.107,0.4662,0.319547,0.0,1,0.007296238,0.51886465,0.5545318620943834
JAJZAY_clean,11.43481,6.24659,11.43433,0.715716,2413.07,3371.55,0.0,0.0,0.7402,1.03421,0.0,1,0.005392978,0.518238433,0.5026005257249504
JALLIU_clean,13.72158,6.77108,13.72158,0.777101,2196.2,2826.14,0.0,0.0,0.7498,0.964868,0.000514734,0,0.001936809,0.189073007,0.20913104594671827
JOBFEM_clean,5.21969,4.11862,5.19916,1.69686,1191.56,702.213,0.0,0.0,0.5022,0.295958,0.0,1,0.002358812,0.216727585,0.220156934288103
JOBFIQ_clean,5.07849,4.37964,5.07849,1.64132,1199.79,730.99,0.0,0.0,0.503,0.30646,0.0,1,0.003057663,0.273558392,0.283714886789343
JOHQUT_clean,5.10814,3.94987,5.09674,1.90453,697.67,366.322,0.0,0.0,0.4102,0.215382,0.0,1,0.002982152,0.261115115,0.25151095050279626
JOZWOM_clean,22.16597,8.69473,22.16597,0.48225,1899.59,3939.01,0.0,0.0,0.8054,1.67009,0.000414723,1,0.003800802,0.380244175,0.3549260318582895
JOZWUS_clean,21.40599,8.60608,20.3343,0.48265,1906.91,3950.91,0.0,0.0,0.8026,1.6629,0.000414379,1,0.003855885,0.381369055,0.35562542057265684
jp302979a_si_002_clean,10.98282,6.54194,10.97083,0.963718,2282.53,2368.46,0.0,0.0,0.7164,0.743371,0.0,1,0.003403532,0.334889369,0.3240607039252321
JUTCOS_clean,7.04726,4.27705,7.02404,1.31095,1329.11,1013.85,0.0,0.0,0.5362,0.409016,0.0,1,0.003841552,0.353350962,0.3334808046583238
JUYBEM_clean,5.13731,3.85682,5.13731,1.48243,1119.92,755.465,0.0,0.0,0.4988,0.336475,0.0,0,0.008444763,0.702622999,0.6848085909441939
KACKIL_clean,8.90649,6.59853,8.90649,1.06181,2105.95,1983.36,0.0,0.0,0.6938,0.653414,0.0,1,0.005516304,0.466669244,0.49122027443679994
KAHZAW_clean,8.94072,4.22762,8.82545,1.16306,2118.43,1821.42,0.0,0.0,0.6882,0.591713,0.0,1,0.001630912,0.161961975,0.16706449554794256
KAVXAI_clean,9.40882,5.41413,9.40882,1.00634,2107.27,2094.0,0.0,0.0,0.6462,0.642132,0.0,0,0.010350291,0.926102046,0.895500063130503
KELJAN_clean,6.72992,4.20356,6.59748,1.50078,1661.97,1107.4,0.0,0.0,0.603,0.401791,0.0,1,0.002862813,0.268115019,0.2577105866816125
KEWJIG_clean,7.66764,4.96521,7.66764,1.12411,2024.36,1800.85,0.0,0.0,0.6074,0.540337,0.0,1,0.008233109,0.7235984,0.7113731117004091
KIFDIM_clean,6.65854,3.7171,6.64815,1.05848,1659.61,1567.91,0.0,0.0,0.5926,0.559858,0.0,1,0.00373292,0.356090111,0.3664958721300545
KODPUP_clean,5.81016,4.22982,5.78263,1.55928,1439.88,923.424,0.0,0.0,0.5406,0.346698,0.0,1,0.00324624,0.300580685,0.29473504448508087
KOGSOQ_clean,6.70555,5.36137,6.69224,1.02667,1476.42,1438.07,0.0,0.0,0.596,0.580519,0.0,0,0.005182632,0.480328284,0.5000461274601807
KOJZOZ_clean,9.94395,7.51619,9.94395,1.17869,2115.26,1794.59,0.0,0.0,0.694,0.58879,0.0,1,0.001626993,0.168277217,0.16316292751611833
KOMHEB_clean,6.83617,4.31178,6.83617,2.04431,589.974,288.593,3.15896,1.54524,0.4406,0.215525,0.0,1,0.007178302,0.523353132,0.5054639413412515
KOMHIF_clean,6.96433,4.30157,6.96433,2.10755,601.281,285.298,0.506718,0.24043,0.4434,0.210386,0.0,1,0.010633411,0.659640058,0.6597954531878214
KOMHOL_clean,7.12004,4.41244,7.12004,2.09673,622.975,297.118,3.20164,1.52697,0.448,0.213666,0.0,1,0.009812556,0.626638784,0.6069357092984442
KOVGOT01_clean,9.14865,6.57962,8.64921,1.30232,2344.83,1800.5,0.233416,0.179231,0.6924,0.531667,0.0,1,0.001086553,0.105995312,0.10067695913398528
KOZNEU_clean,6.23615,4.7768,6.23615,1.17797,1865.2,1583.39,0.0,0.0,0.6078,0.51597,0.0,1,0.008694219,0.756057373,0.7445697356956553
KOZQIB_clean,28.54072,12.23604,28.54072,0.302864,1428.61,4716.99,0.0,0.0,0.8826,2.91418,0.0,1,0.003678541,0.371602521,0.354221331738255
KUKPUD_clean,9.04322,8.10629,9.04322,1.11678,1615.16,1446.26,0.0,0.0,0.65,0.582028,0.0,1,0.004689399,0.477926286,0.4228358095184007
KUKQAK_clean,4.64716,3.48929,4.64716,1.79907,353.643,196.57,0.0,0.0,0.3996,0.222114,0.0,1,0.004653121,0.374022697,0.369446126901207
KULMAG_clean,10.24525,8.92291,10.23663,0.907947,1704.68,1877.51,60.6525,66.8018,0.6662,0.733743,0.0,1,0.011811047,0.628576678,0.8220944954725438
KULMIO_clean,10.57198,7.14585,10.53592,0.841409,2400.42,2852.86,0.0,0.0,0.7074,0.840732,0.0,1,0.007301716,0.605294965,0.658825102545965
KUZYUB_clean,17.79121,17.46158,17.79121,1.09527,1160.5,1059.55,0.0,0.0,0.6994,0.638563,0.0,1,0.003171652,0.317065539,0.28856571245543916
LABMOT_clean,9.27177,5.60554,9.27177,1.89573,1610.12,849.338,0.0,0.0,0.6208,0.327473,0.0,1,0.002512658,0.2355113,0.2508862916656237
LABNOU_clean,5.45266,4.01713,5.34135,2.76868,411.295,148.553,0.0,0.0,0.398,0.143751,0.0,0,0.003362779,0.222816297,0.24940848390458872
LABPEM_clean,6.18341,5.05232,6.14574,2.50734,600.583,239.53,0.0,0.0,0.4104,0.163679,0.0,1,0.002284061,0.196720382,0.1890604176649462
LABQAJ_clean,8.83584,6.63857,8.83584,2.01738,1709.46,847.365,0.0,0.0,0.6386,0.316549,0.0,1,0.002569907,0.233213667,0.24145319869956106
LABQEN_clean,8.21095,6.13308,8.21095,2.19099,1641.41,749.165,0.0,0.0,0.6118,0.279235,0.0,1,0.00284945,0.264681457,0.2574118190819966
LACYEW_clean,9.98958,7.17562,9.98958,0.965678,2132.17,2207.96,0.0,0.0,0.6886,0.713074,0.0,1,0.003342314,0.328557867,0.32490855526539986
LACYIA_clean,13.94656,10.8971,13.94656,0.785099,1996.38,2542.84,0.0,0.0,0.6776,0.863076,0.0,1,0.006005336,0.572637644,0.5291976524326216
LACYOG_clean,9.45292,5.8367,9.45292,1.00526,2164.69,2153.37,0.0,0.0,0.6652,0.661721,0.0,1,0.006110186,0.573675848,0.548890892059337
LACYUM_clean,8.19722,5.57863,8.19722,1.03476,2021.86,1953.94,156.073,150.83,0.648,0.626232,0.0,1,0.006656264,0.618509423,0.586579709877484
LACZAT_clean,8.2988,5.7298,8.2988,0.945764,1995.72,2110.17,179.673,189.977,0.662,0.699963,0.0,1,0.004293924,0.440165354,0.40459370715265675
LAGVEX_clean,6.7023,3.90662,6.7023,1.13087,1228.85,1086.65,0.0,0.0,0.5372,0.475032,0.0,1,0.004066384,0.365705458,0.3734164552220847
LATCAN_clean,17.46459,13.36465,17.46459,0.380351,1759.4,4625.73,0.0,0.0,0.8424,2.21479,0.0,1,0.003783964,0.394160515,0.36988921164110555
LATCIS_clean,6.18491,5.22174,6.13,1.03702,2650.66,2556.04,0.0,0.0,0.747,0.720336,0.0,1,0.00114908,0.118208055,0.10789391531443937
LAVMAY_clean,4.2695,3.50942,4.2695,1.8291,885.681,484.216,0.0,0.0,0.4954,0.270843,0.0,1,0.006191931,0.531029671,0.535485248236425
LAWGOI_clean,6.79778,4.16971,6.53453,1.58223,946.888,598.451,0.0,0.0,0.4988,0.315251,0.0,1,0.001162262,0.116437312,0.11248171670890883
LAWHID_clean,7.12473,3.80895,6.25716,1.71371,841.749,491.186,0.0,0.0,0.4802,0.280211,0.0,1,0.001584856,0.151592629,0.14469942877068426
LAXCUK_clean,8.14792,4.96145,8.14665,0.864341,1801.28,2083.99,0.0118168,0.0136714,0.6332,0.732581,0.0,1,0.002544767,0.240178048,0.2564131623794118
LEJCEK_clean,17.20124,11.68232,17.20124,0.334035,1916.36,5737.0,0.0,0.0,0.8616,2.57937,0.0,0,0.003555536,0.328275451,0.358873328148538
LEJZOQ_clean,5.95247,4.56093,5.95247,1.11072,926.808,834.423,0.0,0.0,0.484,0.435754,0.0,1,0.003360712,0.311309713,0.2965574419798618
LELDOX_clean,18.13342,6.69424,12.87691,0.621417,2220.07,3572.59,0.0,0.0,0.7588,1.22108,0.0,1,0.003787971,0.38680021,0.36891775409087835
LEQCAN_clean,13.67194,6.45338,13.67194,0.778071,2218.0,2850.64,0.0,0.0,0.719,0.92408,0.0,1,0.00818643,0.71179938,0.7001077579987477
LETREJ_clean,35.31492,34.29677,35.31423,0.67811,1025.72,1512.62,0.0,0.0,0.85,1.25348,0.0,1,0.002217874,0.210344648,0.2137288430980262
LEWZET_clean,5.98081,4.39548,5.97981,1.17803,1312.3,1113.97,0.0,0.0,0.5222,0.443281,0.0,0,0.01062519,0.9024805,0.8540761628586531
LIDSAU_clean,5.52729,4.59222,5.52557,1.12251,2012.74,1793.07,0.0,0.0,0.5812,0.517767,0.0,1,0.010826229,0.961445327,0.9250619766717956
LIDSEY_clean,5.38035,4.73063,5.37764,1.08774,2028.26,1864.66,0.0,0.0,0.5984,0.550133,0.0,1,0.010955567,0.964444865,0.9386615909183419
LIRTUC_clean,5.83831,3.6143,5.8313,1.27726,1032.08,808.039,0.0,0.0,0.5346,0.418551,0.0,0,0.002011381,0.193074442,0.19096124830600286
LOCRUR_clean,5.043,4.16027,5.043,1.07174,1871.72,1746.44,0.0,0.0,0.587,0.547708,0.0,0,0.004404297,0.404744914,0.43504849988614724
LODTAB_clean,4.98387,4.62619,4.98387,1.23288,2036.05,1651.46,0.0,0.0,0.5874,0.476445,0.0,0,0.005602398,0.547741997,0.5569155853765946
LOFJAT_clean,11.75384,5.77917,10.9055,0.7403,2339.25,3159.86,0.0,0.0,0.728,0.983385,0.0,1,0.007084521,0.65043565,0.6141450937117721
LOSYAV_clean,4.55984,3.67657,4.54982,1.22852,1180.85,961.195,0.0,0.0,0.5162,0.42018,0.0,1,0.009059927,0.793580161,0.7669977454445114
LOXVUR_clean,4.57014,3.4563,4.57014,1.84158,481.399,261.405,0.0,0.0,0.3796,0.206127,0.0,0,0.004427516,0.366178486,0.3521241463645969
LUDKIG_clean,6.18711,4.06983,6.18711,1.75823,292.603,166.419,0.0,0.0,0.3538,0.201225,0.0,0,0.004459907,0.262713015,0.2941642413344552
LUDTUZ_clean,9.25303,6.21337,9.25303,1.86951,1728.91,924.79,0.0,0.0,0.6404,0.342549,0.0,1,0.002215475,0.21697281,0.22383626469649598
LUDVAH_clean,5.76222,3.92954,5.75675,1.87163,1115.45,595.979,0.0,0.0,0.5392,0.288092,0.0,1,0.002834711,0.263568223,0.2537619815984141
LUDVEL_clean,9.0257,6.44197,9.0257,1.37573,1743.29,1267.17,0.0,0.0,0.6582,0.478437,0.0,0,0.001632694,0.162735526,0.16532594955549962
LUDVOV_clean,8.59426,6.17353,8.59426,1.40472,1743.92,1241.48,0.0,0.0,0.6538,0.465432,0.0,0,0.001771647,0.178462775,0.172331988571629
LUKLIN_clean,20.05813,9.81608,20.05813,0.466068,1922.41,4124.74,0.0,0.0,0.817,1.75296,0.0,1,0.003802578,0.372210742,0.3661489082558157
LURRIA_clean,22.37295,9.74126,15.85817,0.406542,1874.4,4610.6,0.0,0.0,0.8348,2.05341,0.0,1,0.003630136,0.396200036,0.35844818997095895
LUSQOH_clean,6.74081,4.49063,6.72805,0.825462,1826.57,2212.78,1.64716,1.99544,0.6168,0.747218,0.0,1,0.003003871,0.287822246,0.3138340447738527
LUWMUN_clean,10.57457,7.88389,10.57457,0.724012,2075.47,2866.63,0.0,0.0,0.7454,1.02954,0.0,1,0.003398975,0.333291465,0.3356838846095732
LUWNAU_clean,10.46973,7.87545,10.46973,0.738468,2086.61,2825.59,0.0,0.0,0.7458,1.00993,0.0,1,0.003410024,0.337966082,0.3357445080625163
MAJJUF_clean,9.38886,6.3118,6.70875,0.66218,2520.92,3807.0,0.0,0.0,0.7062,1.06648,0.0,1,0.002699234,0.284217814,0.28194458337440087
MAJKAM_clean,6.55321,5.18508,6.53172,1.09153,1978.37,1812.47,0.0,0.0,0.6024,0.551884,0.0,1,0.006714547,0.615671367,0.602260318081054
MAZSOX_clean,5.55494,4.03435,5.33658,1.3131,1791.89,1364.62,0.0,0.0,0.6002,0.457085,0.0,1,0.006209642,0.551909758,0.5498279935225046
MECWOH_clean,16.37336,6.82627,16.37336,1.39042,1180.57,849.076,0.0,0.0,0.5268,0.378879,0.0,0,0.009338428,0.773134617,0.6324732429508532
MIMSIM_clean,10.75813,9.26028,10.75813,1.01792,1232.26,1210.56,0.0,0.0,0.595,0.584524,0.0,1,0.005744725,0.441061172,0.49012736091879594
MINCET_clean,9.524,7.71671,9.524,0.905671,2095.17,2313.39,0.0,0.0,0.6848,0.756124,0.0,1,0.003135366,0.304121445,0.30589672462853534
MIZKAI_clean,5.91069,4.25348,5.90509,1.31925,1786.7,1354.33,0.0,0.0,0.5938,0.450103,0.0,0,0.011171315,0.929522268,0.9343153467984642
MIZPUI_clean,11.48015,5.54799,11.48015,0.751265,2238.05,2979.04,0.0,0.0,0.6966,0.927235,0.0,1,0.005996182,0.537116565,0.5435609523187244
MOXBOS_clean,8.77455,8.32709,8.77455,1.39055,1211.67,871.361,0.0,0.0,0.542,0.389775,0.0,1,0.001275682,0.121910452,0.11608555043823388
MOYTUR_clean,9.16292,7.2723,9.16292,1.43509,1044.0,727.482,0.0,0.0,0.5076,0.353707,0.0,1,0.003083948,0.291935665,0.26604874299011355
MUGXIX_clean,6.18311,3.84627,6.03204,1.11722,1799.74,1610.9,0.0,0.0,0.5848,0.523441,0.0,1,0.007050488,0.637836172,0.6153192326340412
MUKQUG_clean,11.37507,4.46993,11.2947,0.820023,2214.4,2700.41,0.0,0.0,0.683,0.832903,0.0,1,0.008078348,0.719527575,0.7035557647234204
MUKRAN_clean,10.80355,3.74031,10.80323,0.902018,2107.1,2335.99,0.0,0.0,0.6572,0.728588,0.0,1,0.008199334,0.663765758,0.707624889473343
MULXUO_clean,5.63973,4.20214,5.63973,1.33333,1496.0,1122.0,0.0,0.0,0.5418,0.40635,0.0,1,0.004860404,0.447507384,0.4427166757927895
MUTCEL_clean,5.85951,3.93163,5.85747,0.998165,1648.55,1651.58,0.0,0.0,0.5924,0.593489,0.0,1,0.004327343,0.4076399,0.42113388521622036
MUVJAP_clean,5.84101,5.24434,5.82161,1.88151,1162.86,618.045,0.0,0.0,0.4892,0.260004,0.0,1,0.004152085,0.376727899,0.3609609094434029
MUWRIH_clean,20.22673,4.13676,9.78956,1.11275,1836.17,1650.13,0.0,0.0,0.6732,0.60499,0.0,1,0.015464361,1.216761236,1.208698467444373
MUWRON_clean,11.14697,5.73571,11.14697,0.774274,2356.29,3043.22,0.0,0.0,0.7288,0.941268,0.0,1,0.006300393,0.562224386,0.567172140560403
MUZKEZ_clean,17.52243,13.2696,17.52243,0.353615,1734.78,4905.83,0.0,0.0,0.8448,2.38904,0.0,1,0.004377178,0.414202523,0.40830168470871053
NAHHOW_clean,11.20913,5.76802,11.20913,0.762768,2433.01,3189.71,0.0,0.0,0.7328,0.960711,0.0,1,0.005887962,0.554535949,0.5396299715706945
NAYHAY_clean,9.43032,7.54222,9.43032,1.04574,1938.97,1854.15,0.0,0.0,0.6636,0.634572,0.0,1,0.001914927,0.19231072,0.19082612421409945
NEBYOK_clean,5.47437,4.15922,5.45635,1.58777,611.158,384.916,0.0,0.0,0.467,0.294124,0.0,1,0.001941256,0.176582805,0.1671211753124185
NENHEU_clean,9.96925,9.18698,9.96925,1.10683,1750.22,1581.3,0.0,0.0,0.6956,0.628464,0.0,1,0.011585533,1.035903188,0.9240360908161519
NIMQAC_clean,4.88726,4.1244,4.87966,1.793,775.011,432.243,0.0,0.0,0.4462,0.248857,0.0,1,0.00865139,0.639611789,0.6244141695975327
NIRFIE_clean,4.91681,4.19541,4.74683,1.50398,326.541,217.118,372.303,247.545,0.4758,0.316361,0.0,1,0.008304536,0.538627338,0.5999274132492324
NIXGIM_clean,5.89002,4.11735,5.89002,1.13414,748.182,659.694,115.507,101.845,0.4764,0.420056,0.0,0,0.006046769,0.508459651,0.5064377698320476
NIXKIQ_clean,10.7322,9.85354,10.72549,0.912018,1850.3,2028.8,0.0,0.0,0.6804,0.746038,0.0,1,0.00975784,0.886089739,0.7540348437494289
NOBWUY_clean,18.86887,5.20776,18.51864,1.04767,2167.65,2069.01,0.0,0.0,0.7276,0.694493,0.0,1,0.00718963,0.628651886,0.6175010645866738
NODKIB_clean,5.63153,3.9554,5.61978,1.17451,1015.77,864.844,0.0,0.0,0.5246,0.446654,0.0,0,0.007253834,0.589201359,0.6148591743322073
NOMPOW_clean,10.08543,5.68643,10.01287,0.89499,1881.89,2102.69,0.0,0.0,0.632,0.706153,0.0,1,0.003468383,0.335257453,0.34099991288799464
NUDLAB_clean,6.59183,6.26977,6.57302,1.22444,1079.67,881.768,0.0,0.0,0.531,0.433667,0.0,1,0.002863376,0.281848722,0.262851622386461
NUDLEF_clean,8.75721,7.78778,8.74627,1.19678,1224.87,1023.47,99.9871,83.5467,0.567,0.473771,0.0,1,0.00255517,0.2537949,0.239689883453032
NUMPAO_clean,7.21762,6.75917,7.21266,0.764555,2351.84,3076.09,0.0,0.0,0.7014,0.917396,0.0,1,0.003071008,0.28659062,0.31610174572237704
NUNZUT_clean,6.7597,5.63419,6.7597,1.12121,1275.46,1137.57,0.0,0.0,0.5448,0.485904,0.0,0,0.008944924,0.76169903,0.7118571434237673
NUSXEG_clean,23.63664,14.31993,19.5758,0.701228,1663.19,2371.82,0.0,0.0,0.827,1.17936,0.0,1,0.002096126,0.210414538,0.20384062634793987
NUVXUZ_clean,23.89274,9.6738,23.89274,0.500285,1776.43,3550.84,0.0,0.0,0.8514,1.70183,0.0,1,0.001828223,0.18061213,0.19314727184293295
NUZCIV_clean,7.57732,5.39606,7.57711,1.85198,785.332,424.05,0.0,0.0,0.38,0.205186,0.0,0,0.002976555,0.253526566,0.2569219597880108
OCILEU_clean,4.58414,3.42916,4.57221,1.15745,652.399,563.652,0.0,0.0,0.5004,0.43233,0.0,1,0.006927598,0.577790478,0.5824937533626835
OCILIY_clean,8.53165,6.26258,8.17508,1.12456,1134.41,1008.76,0.0,0.0,0.5168,0.459558,0.0,1,0.002060475,0.192125051,0.19041307543209957
OCIMAR_clean,6.5145,4.27754,6.51296,1.03951,1260.58,1212.67,0.0,0.0,0.5148,0.495235,0.0,0,0.006958577,0.58134315,0.6005245138208902
OCIMEV_clean,6.59899,4.30563,6.58855,1.02176,1307.66,1279.81,0.0,0.0,0.5182,0.507164,0.0,0,0.006199543,0.558518926,0.5529786663011104
OCIMIZ_clean,6.97793,4.97983,6.96924,0.99263,1294.22,1303.83,0.0,0.0,0.5312,0.535144,0.0,0,0.004345929,0.411151914,0.3955720353077922
OCIMOF_clean,6.71274,4.68971,6.50439,1.02328,1271.58,1242.65,0.0,0.0,0.5194,0.507583,0.0,0,0.005553902,0.485505938,0.5107631740531146
OCIMUL_clean,6.68572,4.74391,6.68572,1.01595,1259.83,1240.05,0.0,0.0,0.5212,0.513019,0.0,0,0.005350259,0.495394198,0.48934383762386924
OCIZAD_clean,5.25446,4.2672,5.25048,1.11639,1457.42,1305.47,0.0,0.0,0.522,0.467577,0.0,1,0.004031108,0.368567,0.39560655599766276
OCUMUX_clean,5.1192,3.7079,5.1192,1.29581,1317.84,1017.0,0.689155,0.531833,0.5164,0.398515,0.0,1,0.002938114,0.277028239,0.2777967327966918
OCUPOS_clean,4.38921,3.97026,4.38921,1.66698,711.745,426.966,0.0,0.0,0.445,0.266949,0.0,1,0.009239195,0.724327482,0.6962634561099027
ODIXIK_clean,6.81688,4.29892,6.81439,1.49389,849.77,568.828,302.861,202.732,0.5408,0.362007,0.0,1,0.003755606,0.344228719,0.32531027704155924
OFAMUF_clean,5.59939,4.02992,5.59939,1.54548,471.321,304.968,0.0,0.0,0.3828,0.247691,0.0,1,0.00188863,0.170451782,0.16446938678500572
OGOJAX_clean,15.34906,9.73806,15.34906,0.707076,1965.3,2779.47,0.0,0.0,0.723,1.02252,0.0,1,0.003392086,0.315599512,0.33585552257590956
OGUZIA_clean,4.34698,3.82009,4.34698,2.40082,539.728,224.81,0.0,0.0,0.402,0.167443,0.0,1,0.006807992,0.42788686,0.5112968421777053
OHAQAR_clean,11.81735,7.47362,11.8167,0.883951,1847.52,2090.07,63.5005,71.8371,0.6804,0.769726,0.000226257,1,0.007861026,0.650934537,0.6641212032399323
OJIWEK_clean,5.59427,3.7203,5.58851,1.22195,1633.54,1336.83,0.0,0.0,0.5402,0.442081,0.0,0,0.012159445,0.986297442,0.9990191062923034
OJOSIR_clean,9.97318,4.04646,9.96574,1.17933,2193.71,1860.13,0.0,0.0,0.651,0.552007,0.0,1,0.014415472,1.249652591,1.1587023680278488
OJUPEQ_clean,7.65722,5.34894,7.64941,1.35901,1262.34,928.863,1.71614,1.26278,0.5006,0.368355,0.00500363,1,0.005272447,0.457712332,0.44648194224827964
OLODEA_clean,10.40329,4.10605,10.37784,1.07199,1355.57,1264.53,0.0,0.0,0.5958,0.555788,0.0,0,0.002874072,0.273578312,0.27557607226205577
OMUMEQ_clean,6.91715,4.85787,6.80515,1.20639,1419.32,1176.5,0.0,0.0,0.5452,0.451927,0.0,1,0.005482845,0.457179538,0.48333232977569324
ONEYIQ_clean,21.6608,8.8003,21.6608,0.662891,1404.88,2119.33,139.38,210.261,0.7188,1.08434,0.0,1,0.002307105,0.230869237,0.22909012701833067
ONUJUE_clean,9.03257,8.2459,9.03257,1.20375,1198.02,995.242,19.6744,16.3443,0.5232,0.434643,0.0,1,0.005434968,0.503897646,0.43714965040787024
OPAHIY_clean,10.04486,7.28733,8.32739,1.10725,1597.55,1442.8,0.0,0.0,0.6074,0.548566,0.0,1,0.006210326,0.507373136,0.5438503004787183
OQUFAJ03_clean,11.0199,9.96279,11.0199,1.02397,2131.01,2081.12,2.80083,2.73525,0.6704,0.654704,0.000390635,1,0.002878358,0.273862506,0.29673617733476293
OQUFIR_clean,11.25706,10.64391,11.25706,1.25158,1683.65,1345.22,0.0,0.0,0.6192,0.494733,0.000319595,1,0.004537132,0.397184187,0.3930646728403171
OQUFUD_clean,11.44598,10.16481,11.44598,1.06553,1959.11,1838.62,0.0,0.0,0.6648,0.623915,0.0001877,1,0.006698651,0.553218411,0.5722115018255544
OQUGAK_clean,10.35091,9.30468,10.35091,1.4862,1312.48,883.115,0.0,0.0,0.5682,0.382318,0.000403715,1,0.0078538,0.565926009,0.6474676278962699
ORAWAH_clean,14.82674,6.56061,14.82548,0.863117,1932.93,2239.48,0.0,0.0,0.7068,0.818892,0.0,1,0.005871283,0.570470459,0.5095463589275683
OSOTIB_clean,11.1654,5.76413,11.16529,0.768695,2412.13,3137.96,0.0,0.0,0.7286,0.947841,0.0,1,0.005717548,0.534493455,0.5278965585384676
OVADAR_clean,5.1368,3.79878,5.1368,1.2109,986.179,814.421,0.0,0.0,0.4988,0.411926,0.0,1,0.01131141,0.902698869,0.8994449262822426
OVEDAW_clean,14.39297,11.63509,13.75062,0.650011,1976.09,3040.09,0.0,0.0,0.8048,1.23813,0.0,1,0.002234596,0.228268068,0.22638102815909256
OVUVIL_clean,7.08548,5.40816,7.07157,1.2293,1842.78,1499.05,0.0,0.0,0.602,0.48971,0.0,1,0.010315003,0.91344005,0.875526072935584
OXAMEG_clean,5.69878,4.15176,5.69426,1.30487,1528.5,1171.39,0.0,0.0,0.5762,0.441578,0.0,1,0.004625535,0.429314545,0.4261802696454163
OXANUX_clean,5.94515,4.53193,5.92516,1.09636,1861.76,1698.12,0.0,0.0,0.586,0.534494,0.0,1,0.006618647,0.600215816,0.5941677412438298
OXAPAF_clean,5.78823,4.71087,5.78381,1.11325,1842.99,1655.5,0.0,0.0,0.5886,0.52872,0.0,1,0.006304248,0.571450347,0.5756993477302521
OYAJIJ02_clean,10.70872,8.94342,10.70872,1.40706,1892.43,1344.95,0.0,0.0,0.6626,0.47091,0.00014214,0,0.004155557,0.390150997,0.3750184022001758
OYAKAC02_clean,10.84931,8.93162,10.8375,1.42421,1898.38,1332.94,0.0,0.0,0.6618,0.464679,0.000140429,1,0.003850784,0.36625362,0.31851482688627564
OYOVOP_clean,6.07579,5.04225,6.06489,1.15877,1135.77,980.15,0.0,0.0,0.503,0.43408,0.0,1,0.002783161,0.255583173,0.25440398721643953
OZASOZ_clean,12.0686,4.7874,12.0686,0.713789,1872.2,2622.9,0.0,0.0,0.6712,0.940333,0.0,1,0.004515353,0.415202893,0.4178642795593926
PACHUZ_clean,6.79007,4.6859,6.79007,1.67751,614.316,366.207,0.0,0.0,0.439,0.261697,0.0,1,0.001234651,0.116810414,0.10595422961811318
PALTIH_clean,11.04439,8.71548,11.04439,0.72332,1810.35,2502.84,0.0,0.0,0.6956,0.961677,0.0,1,0.002469977,0.236162216,0.2573713207000683
PAQTIM_clean,5.2151,3.68936,5.21444,1.57762,664.94,421.484,0.0,0.0,0.4366,0.276747,0.0,1,0.004460836,0.367493098,0.350931992082555
PARSAF_clean,6.81897,3.63122,6.59432,1.17917,1741.83,1477.16,0.0,0.0,0.6012,0.509849,0.0,1,0.010090098,0.821890068,0.84406395015898
PEKVUY_clean,5.42809,3.78005,5.42809,2.82711,1122.0,396.872,0.0,0.0,0.4876,0.172473,0.0,1,0.004389175,0.3639992,0.3533679375125547
PEMGEV_clean,5.81147,5.44043,5.81147,1.41497,1048.95,741.327,0.0,0.0,0.4866,0.343895,0.0,1,0.007029142,0.582687861,0.5745222756581418
PENNIH_clean,6.3502,4.1996,4.94284,1.08381,1502.1,1385.95,0.0,0.0,0.547,0.504702,0.0,0,0.003929602,0.37418101,0.3763754613421805
PETXAP_clean,13.99523,6.27881,13.98885,1.13186,2079.02,1836.82,0.0,0.0,0.712,0.629056,0.00123691,0,0.003744517,0.360032065,0.33335130217957676
PIBPAS_clean,10.02705,9.63343,10.02705,0.905218,1687.34,1864.01,0.0,0.0,0.6458,0.71342,0.0,1,0.002326723,0.24031297,0.23989105981005507
PIDNEX_clean,15.32333,11.13291,15.32333,0.488773,1874.4,3834.91,0.0,0.0,0.8254,1.68872,0.0,0,0.003554037,0.341361458,0.35879669658345564
PILJAX_clean,6.83681,4.60726,6.73853,1.38338,998.206,721.569,0.0,0.0,0.4758,0.34394,0.0,1,0.002435171,0.230928844,0.22651942717663814
PIVBEC_clean,13.77076,8.56536,13.77076,0.777047,2136.37,2749.35,0.0,0.0,0.75,0.965193,0.0,1,0.005759946,0.532259124,0.5255670473748006
POBGAQ_clean,12.10195,9.86984,11.94213,0.53152,1907.5,3588.78,0.0,0.0,0.7308,1.37493,0.0,0,0.00350759,0.3209771,0.3476692108761894
POCRAB_clean,5.23607,3.48613,5.20368,1.30167,934.815,718.167,0.0,0.0,0.481,0.369526,0.0,1,0.002174281,0.210064955,0.2069632773933378
PUBRUA_clean,9.78996,3.96193,6.35977,1.16795,1064.75,911.641,212.761,182.165,0.5574,0.477245,0.0,1,0.010359107,0.799787295,0.8058607377340249
PUBSAH_clean,11.33641,4.82375,11.33641,0.84337,2328.1,2760.47,0.0,0.0,0.7052,0.836169,0.0,1,0.00544767,0.492337143,0.4896336529673908
PUBSEL_clean,11.39413,4.45603,11.39395,0.823222,2176.06,2643.34,0.0,0.0,0.6782,0.823836,0.0,1,0.007482674,0.647600907,0.6544155625583703
PURSEC_clean,12.4652,5.29951,12.4652,1.0348,1234.48,1192.96,15.4202,14.9017,0.5456,0.527252,0.0,1,0.002331048,0.219441883,0.20319169981968954
PUSSEC_clean,6.42822,3.88531,6.41292,2.06161,780.57,378.621,69.1973,33.5646,0.4744,0.230111,0.0,1,0.001290469,0.121640625,0.1077786303421131
PUWCIT_clean,9.4503,8.03208,9.44131,0.783125,2001.73,2556.08,0.0,0.0,0.6954,0.88798,0.0,1,0.003041737,0.30456646,0.3087836126827198
QAHDUA_clean,23.63634,22.83001,23.63634,0.425592,1765.68,4148.76,0.0,0.0,0.8564,2.01226,0.0,0,0.003137629,0.312523698,0.3199007677771677
QAMLEY_clean,11.14892,6.14756,10.82233,0.696915,2278.27,3269.08,0.0,0.0,0.7598,1.09023,0.0,0,0.004386816,0.418192417,0.41614025326523685
QAPPON_clean,4.75518,3.45443,4.66797,1.42132,625.227,439.891,255.697,179.901,0.5156,0.362761,0.0,1,0.005248338,0.462633281,0.47361915605808014
QARLON_clean,10.72668,6.5176,10.72668,1.5744,1777.58,1129.05,0.0,0.0,0.671,0.426194,0.0,0,0.002184584,0.215840229,0.19319960761816346
QARLUT_clean,9.16779,5.97884,9.11657,1.43869,1699.45,1181.25,0.0,0.0,0.6184,0.429835,0.0,1,0.00249934,0.240440742,0.237505863436739
QETQIP_clean,10.92795,8.79806,10.92452,1.06487,1392.02,1307.22,0.0,0.0,0.584,0.548421,0.0,0,0.002537476,0.243657209,0.24263344221588737
QIKYOA_clean,6.61593,4.14269,6.59132,1.04069,1590.42,1528.23,5.00662,4.81084,0.6008,0.577307,0.0,1,0.00451634,0.431902009,0.4177128229695915
QIWQES_clean,6.44452,4.39633,6.26218,0.848839,2656.63,3129.72,0.0,0.0,0.6752,0.795439,0.0,1,0.004873889,0.470796107,0.4692713707384187
QIYDAF01_clean,22.00141,13.57926,22.00141,0.303251,1702.79,5615.12,0.0,0.0,0.8664,2.85704,0.0,1,0.003286806,0.330054424,0.3302734720322844
QOGPIM_clean,12.64784,4.86083,12.64784,0.990851,1164.4,1175.15,1.09776,1.1079,0.5774,0.582731,0.0,0,0.003766499,0.286990087,0.35213514975433835
QOPDAA_clean,6.0704,5.11699,6.02102,2.06645,1282.32,620.541,0.0,0.0,0.5444,0.263447,0.0,0,0.014117493,0.964377135,0.9741465987349687
QOZPEC_clean,8.63857,6.23662,8.63857,1.28191,1608.67,1254.89,0.0,0.0,0.6008,0.468674,0.0,1,0.004752785,0.454555165,0.4280558889301059
QUQQOJ_clean,4.48385,3.90246,4.48385,1.73709,680.126,391.531,0.0,0.0,0.355,0.204365,0.0,0,0.005924529,0.463857353,0.46906147008534876
QURPIE_clean,9.68581,3.59523,9.58953,1.29548,1821.83,1406.29,0.0,0.0,0.6368,0.491554,0.0,1,0.004571256,0.411892177,0.41891229909256383
QUSSAA_clean,4.78,3.54213,4.78,1.57799,239.569,151.819,1.50875,0.956125,0.405,0.256656,0.0,1,0.00230036,0.183872672,0.1627704974887092
QUSSOO_clean,4.55358,3.93395,4.55358,1.57579,234.822,149.019,76.9833,48.8538,0.4096,0.259933,0.0,1,0.005946775,0.390917751,0.44022313152427994
RAHPAT_clean,17.3936,6.5256,17.3936,0.714443,2314.93,3240.19,0.0,0.0,0.7448,1.04249,0.0,1,0.005137442,0.509125404,0.4878935503002382
RANVUA_clean,17.88039,10.83041,17.84164,0.851424,1196.99,1405.86,445.528,523.274,0.7398,0.868897,0.0,1,0.012109358,1.034580782,0.8038663214250097
RAXBOJ_clean,5.29579,3.70027,5.04153,2.43966,1096.49,449.444,0.0,0.0,0.4662,0.191092,0.0,1,0.000963482,0.092240982,0.10382729664686624
RAZXIA01_clean,4.8504,3.67082,4.8504,1.69205,830.274,490.692,0.0,0.0,0.422,0.249402,0.0,1,0.00066684,0.061038086,0.07881869731200253
REHHET_clean,8.42834,7.30081,8.42834,1.12746,2081.49,1846.18,0.0,0.0,0.6604,0.585741,0.0,1,0.007039658,0.59139145,0.5937513902313548
REHHIX_clean,9.35675,7.76923,9.35675,1.01818,2023.43,1987.3,0.0,0.0,0.682,0.669824,0.0,1,0.00400808,0.390265472,0.3736319800313716
REHJAR_clean,7.47268,5.99613,7.46032,1.21053,2117.1,1748.91,0.0,0.0,0.6424,0.530679,0.0,1,0.008575192,0.715634954,0.7292906315116462
RESDUQ_clean,9.24485,8.42275,9.24485,0.921133,2004.83,2176.48,0.0,0.0,0.7082,0.768836,0.0,1,0.003089412,0.295427244,0.29975489823945206
RESZIA_clean,7.48231,5.79274,7.48231,1.22218,1603.95,1312.37,0.0,0.0,0.5772,0.472271,0.0,0,0.007897915,0.683797939,0.7160050318594182
RETVIW_clean,4.7226,4.53264,4.7226,2.05578,528.256,256.961,0.0,0.0,0.3428,0.166749,0.0,0,0.003793567,0.309239446,0.2869915431580653
REXCEE_clean,8.85943,5.8482,8.85943,1.43313,1724.93,1203.62,0.0,0.0,0.6248,0.43597,0.0,0,0.002935767,0.273810526,0.27947156890314706
REXGAE_clean,16.86752,8.38436,16.86674,0.654639,2227.03,3401.91,0.0,0.0,0.7522,1.14903,0.0,0,0.006540966,0.630559869,0.5976739071131572
RIRDIH_clean,8.39897,4.41455,7.24132,1.53561,1235.4,804.498,0.0,0.0,0.537,0.349697,0.0,1,0.003798914,0.337615728,0.31045222891195373
RITGEI_clean,7.34363,6.78558,7.34363,2.03979,1347.27,660.495,0.0,0.0,0.5606,0.274833,0.0,1,0.000882343,0.084690534,0.09011143209561878
RITGUY_clean,7.95322,7.17933,7.95063,2.27911,1239.6,543.896,0.0,0.0,0.5128,0.225,0.0,1,0.001014777,0.097170648,0.08390027324560506
RIZXUT_clean,7.69583,4.84743,7.69583,0.922947,3031.84,3284.95,0.0,0.0,0.745,0.807197,0.0,1,0.003470251,0.355517735,0.3543412390789159
ROMMAJ_clean,10.96057,3.9466,10.96057,0.96925,2139.32,2207.19,0.0,0.0,0.6522,0.672892,0.0,1,0.008219227,0.669670677,0.7103673831828412
RONSOE_clean,5.16012,4.53444,5.16012,1.3403,741.014,552.871,0.0,0.0,0.4724,0.352458,0.0,1,0.006318952,0.490919661,0.5115615161526572
RORTID_clean,6.7434,4.28476,6.6178,0.994128,2119.38,2131.9,0.0,0.0,0.6284,0.632112,0.0,1,0.004022383,0.391037981,0.4001004396830291
RORTUP_clean,6.59655,4.47032,5.86846,1.00477,2073.35,2063.5,0.0,0.0,0.6322,0.629197,0.0,1,0.004505139,0.411352512,0.42709892442151115
RUBTAK05_clean,8.72137,3.8551,8.72137,1.62254,1653.9,1019.33,0.0,0.0,0.5676,0.349822,0.000123264,0,0.007911146,0.646133786,0.6649123032402364
RUBTAK06_clean,8.7342,3.8432,8.7342,1.62392,1647.74,1014.66,0.0,0.0,0.5664,0.348785,0.000123158,0,0.007944115,0.640484606,0.6700010415454261
RUDPOW_clean,5.41076,4.66977,5.39738,2.71783,1184.38,435.783,0.0,0.0,0.5036,0.185295,0.0,1,0.001257778,0.122549929,0.11378500777937589
RUDQEN_clean,4.79367,3.5446,4.79367,3.37018,418.876,124.289,0.0,0.0,0.3644,0.108125,0.0,1,0.000927967,0.082908483,0.055521235601391494
RUFPUF_clean,20.40507,9.35997,20.29085,0.359492,1749.6,4866.88,0.0,0.0,0.8282,2.30381,0.0,1,0.002953329,0.279987002,0.3013898990721595
RUFZOJ_clean,11.51038,11.00419,11.51038,0.791669,2046.48,2585.02,0.0,0.0,0.7196,0.908965,0.0,1,0.003079339,0.299406982,0.3079706106382055
RUGXIC_clean,7.96505,6.50737,7.96505,1.04427,2057.36,1970.14,0.0,0.0,0.6846,0.655575,0.0,1,0.009388348,0.846473959,0.8085148029553018
RUGXUO_clean,7.5603,5.17762,7.55823,1.1142,1759.63,1579.27,0.0,0.0,0.6178,0.554477,0.0,1,0.007593817,0.672049991,0.655538839003516
RUKHAI_clean,10.70068,6.53435,10.70068,0.843497,2555.98,3030.22,0.0,0.0,0.7072,0.838415,0.0,1,0.004610363,0.432283206,0.4352009409462185
RULMUI_clean,10.9139,7.22994,10.52372,0.830637,1922.02,2313.91,0.0,0.0,0.6682,0.804443,0.0,1,0.003894812,0.374236116,0.36795662403265395
RUYNEG_clean,5.93601,4.57289,5.91825,1.49496,1669.78,1116.93,0.0,0.0,0.5372,0.35934,0.0,1,0.004028304,0.364344605,0.379447485851058
SABFUX_clean,6.52911,4.84223,6.42802,0.711336,2529.9,3556.55,0.0,0.0,0.724,1.0178,0.0,0,0.002782256,0.255764684,0.27056528206579333
SAKNOJ_clean,15.48179,8.59456,15.48179,0.827341,1070.73,1294.18,649.279,784.778,0.7024,0.848985,0.0,1,0.004257769,0.408351779,0.39704829561833516
SALROO_clean,8.67978,6.03579,8.67978,1.44387,1169.53,809.996,0.0,0.0,0.528,0.365683,0.0,0,0.009383822,0.661371404,0.6816302791492665
SALRUU_clean,5.91203,3.84839,5.91203,1.89218,897.906,474.535,26.6841,14.1023,0.5394,0.285068,0.0,1,0.003524701,0.315852042,0.29237071373444035
SAMVIO_clean,7.6401,7.16451,7.6401,1.03687,1572.96,1517.02,0.0,0.0,0.6052,0.583678,0.0,0,0.003337337,0.331351572,0.32523892117629705
SAMXUC_clean,6.3742,4.86898,6.3742,2.004,589.067,293.946,0.0,0.0,0.4238,0.211477,0.0,0,0.002075701,0.180342057,0.17467010808460665
SAMYIR_clean,6.27824,4.76913,6.27824,2.08893,574.788,275.159,0.0,0.0,0.4126,0.197517,0.0,0,0.002060329,0.172758956,0.17411679582754652
SANGIA_clean,6.6243,4.86605,6.61817,1.50803,1301.88,863.303,0.0,0.0,0.526,0.348801,0.0,1,0.009574416,0.799430458,0.7691369021464963
SANGOG_clean,6.60497,4.87256,6.56692,1.52915,1286.32,841.195,0.0,0.0,0.524,0.342673,0.0,1,0.00949729,0.78790742,0.7698578397102376
SANHEX_clean,6.59961,4.84606,6.59961,1.58966,1288.07,810.28,0.0,0.0,0.5242,0.329756,0.0,1,0.009807192,0.798708093,0.7671772047160151
SAPHOI_clean,7.22635,3.6325,7.22635,1.12288,1450.11,1291.42,116.271,103.547,0.6152,0.547876,0.0,1,0.008420852,0.736674571,0.6875764833262696
SARPIL_clean,6.09702,4.59857,6.00864,0.925107,3214.55,3474.79,0.0,0.0,0.7256,0.784342,0.0,1,0.005693561,0.555827263,0.5429803662195875
SERWET_clean,5.26286,3.5348,5.17332,1.00337,1282.88,1278.58,0.0,0.0,0.555,0.553137,0.0,0,0.012211868,1.009298104,1.0093351650433147
SESLUZ_clean,5.3028,4.79056,5.23858,2.17471,1211.49,557.081,0.0,0.0,0.5374,0.247113,0.0,1,0.004553044,0.409653255,0.3961302574172414
SETSUH_clean,12.36294,8.82747,12.35258,0.624621,2037.67,3262.24,0.0,0.0,0.779,1.24716,0.0,1,0.004765556,0.445345678,0.43751094637059496
SETTAO_clean,13.88196,10.03543,13.88196,0.534109,2056.79,3850.88,0.0,0.0,0.786,1.47161,0.0,1,0.003792817,0.378380098,0.37025432679822134
SEZPIY_clean,4.97649,3.71436,4.80086,1.82817,1160.84,634.973,0.0,0.0,0.5496,0.300629,0.0,0,0.010411677,0.828869896,0.8450800036761558
SINLAE_clean,6.69716,5.18096,6.69716,1.19378,889.708,745.285,0.0,0.0,0.5462,0.457538,0.0,1,0.002565109,0.240242156,0.226628702640641
SIVGAH_clean,5.64759,3.74556,5.63124,1.14128,1695.81,1485.89,0.0,0.0,0.6038,0.529056,0.0,0,0.006057008,0.566538972,0.5587517491457898
SOHMOS_clean,6.80627,6.22783,6.7969,1.81758,632.629,348.061,0.0,0.0,0.4536,0.249562,0.0,0,0.001905773,0.175457973,0.18446535649272255
SOKXIB_clean,11.6126,7.16546,11.6126,0.857146,1980.64,2310.74,0.0,0.0,0.706,0.823663,0.0,1,0.010421675,0.8056274,0.8001851882219155
SOKXOH_clean,22.96741,14.74434,21.68942,0.423627,1862.02,4395.43,0.0,0.0,0.8094,1.91064,0.0,1,0.003584085,0.360020865,0.35900755787544236
SONTEV_clean,5.43437,4.24948,5.43437,1.4845,1179.06,794.252,0.0,0.0,0.5352,0.360526,0.0,0,0.008376995,0.690977103,0.6934446369418554
SOPLIU_clean,8.00418,6.00384,7.95536,0.793634,2093.66,2638.07,0.0,0.0,0.6836,0.861354,0.0,1,0.003883139,0.382487859,0.3706206700357996
SUNLAP_clean,15.71173,14.36824,15.70209,0.304225,1659.94,5456.29,0.0,0.0,0.8758,2.87879,0.0,1,0.003557352,0.364603187,0.3601924157504405
SUPQAW_clean,12.03938,6.80096,12.03938,0.533609,2437.56,4568.06,0.0,0.0,0.7952,1.49023,0.0,1,0.003235433,0.350403415,0.33044912069907917
SURHEU01_clean,8.7439,3.85039,8.7439,1.61905,1664.15,1027.86,0.0,0.0,0.5698,0.351935,0.000123529,0,0.007931214,0.66043305,0.6648229558928824
SURHEU02_clean,8.70584,3.84457,8.70584,1.62392,1646.48,1013.89,0.0,0.0,0.566,0.348539,0.000123158,0,0.007911146,0.64144931,0.66919860398332
SURHEU_clean,8.75392,3.85708,8.75392,1.61914,1667.04,1029.58,0.0,0.0,0.569,0.351421,0.000123522,0,0.00819425,0.661528914,0.6694274630675959
SURKUN01_clean,8.71483,3.85255,8.71483,1.61835,1671.59,1032.9,0.0,0.0,0.581,0.359009,0.000123583,0,0.007804355,0.627461819,0.6323373822725958
SURKUN_clean,8.75193,3.87567,8.75193,1.61914,1674.22,1034.02,0.0,0.0,0.5708,0.352533,0.000123522,0,0.007839474,0.640319044,0.6639433225663605
SUXGUP_clean,6.64864,4.01399,6.50779,2.47221,406.702,164.51,0.0,0.0,0.3784,0.153062,0.0,0,0.003847374,0.191307345,0.2731528173886934
SUXNIJ_clean,5.64724,4.5438,5.64724,1.44554,1962.92,1357.92,0.0,0.0,0.566,0.39155,0.0,1,0.002761204,0.265006614,0.25146701135676897
TACFIN01_clean,4.01428,3.59259,3.98738,2.27761,410.969,180.439,0.0,0.0,0.4656,0.204425,0.0,1,0.009772602,0.730132675,0.7037493269868684
TAPLED_clean,7.07448,3.50364,7.07448,0.974588,1203.79,1235.18,0.0,0.0,0.5756,0.590608,0.0,1,0.002926641,0.284604485,0.27090418354599144
TAWSUI_clean,5.20958,3.98928,5.17642,1.56152,1730.86,1108.44,0.0,0.0,0.6298,0.403324,0.0,0,0.007498979,0.652022944,0.648483113648114
TAZLAJ_clean,11.18983,6.92715,11.18534,1.0698,2252.1,2105.17,0.0,0.0,0.7314,0.683682,0.0,1,0.003332625,0.30410788,0.32092398077556067
TEQPEM_SL,17.25569,8.09715,17.25569,0.556792,2001.58,3594.84,0.0,0.0,0.8118,1.45799,0.0,0,0.00280219,0.271118642,0.2745580819249165
TERFED_clean,4.51281,3.91001,4.51281,1.28172,1102.17,859.911,0.0,0.0,0.5092,0.397278,0.0,1,0.00681301,0.596079643,0.5837882378535472
TILBIB01_clean,11.44433,8.3457,11.44433,1.69878,1777.66,1046.43,0.0,0.0,0.675,0.397344,0.0,1,0.002224836,0.200644764,0.1790728360591926
TILBIB_clean,11.40513,8.26354,11.20664,1.70628,1782.34,1044.57,0.0,0.0,0.6732,0.394542,0.0,1,0.002193487,0.20373759,0.16979106902139257
TIMMEI_clean,4.14172,3.70815,4.13635,1.81907,447.316,245.904,0.0,0.0,0.3944,0.216814,0.0,1,0.006451973,0.495583155,0.509775047676907
TIPZOJ_clean,4.94343,3.60013,4.89104,2.53459,858.107,338.559,0.0,0.0,0.4532,0.178806,0.0,1,0.000936918,0.08636684,0.0942637907860076
TIPZUP_clean,4.42426,3.78879,4.41806,2.68502,271.798,101.228,0.0,0.0,0.3626,0.135046,0.0,1,0.00098162,0.08646181,0.06389057170240464
TIRKEM_clean,5.36618,3.48834,5.34699,1.18994,1111.28,933.894,0.0,0.0,0.4996,0.419854,0.0,0,0.004858922,0.441230607,0.44692108601623426
TIVYAZ_clean,7.74101,6.53754,7.72929,0.889175,2037.11,2291.01,0.0,0.0,0.6704,0.753957,0.0,1,0.003035975,0.299744287,0.3088039597964989
TOHDIF_clean,7.9584,4.37442,7.95588,1.6586,595.351,358.948,0.0,0.0,0.3912,0.235862,0.0,1,0.007454233,0.473593309,0.49617127421598917
TOKLIQ_clean,5.64394,4.10563,5.64394,1.54661,1056.48,683.092,202.279,130.789,0.5414,0.350055,0.0,1,0.003400576,0.315682029,0.29704046331379796
TOTVEF_clean,6.00697,5.10202,6.00697,2.05406,380.973,185.473,0.0,0.0,0.3726,0.181397,0.0,0,0.001337926,0.114808241,0.12076562599556617
TOVHET_clean,10.32872,5.24629,6.09815,0.967713,1426.09,1473.67,625.967,646.851,0.653,0.674787,0.0,1,0.004915489,0.472397463,0.49405310340177333
TURBUE_clean,11.84396,5.52264,10.5666,3.09865,733.123,236.594,594.714,191.927,0.5488,0.177109,0.0,1,0.020189886,0.775141492,0.837357325867303
UCAJUF_clean,14.57882,8.27004,14.57002,0.828014,1665.84,2011.86,0.0,0.0,0.6674,0.806025,0.0,1,0.003020173,0.305548175,0.30188320951749353
UDANIY_clean,23.87987,23.45836,23.87987,0.417441,1745.24,4180.81,0.0,0.0,0.8514,2.03957,0.0,1,0.003445082,0.337778941,0.3507674265007915
UDAWOO_clean,8.94112,6.16372,8.94112,1.6159,1728.13,1069.45,0.0,0.0,0.6422,0.397425,0.0,0,0.00191191,0.192248038,0.1854237213111285
UDAXAB_clean,8.17384,5.7358,8.17384,1.76672,1717.58,972.191,0.0,0.0,0.62,0.350934,0.0,0,0.00215767,0.212438497,0.20825598908071274
UDAXEF_clean,8.6836,5.82923,8.6836,1.53432,1708.5,1113.52,0.0,0.0,0.6396,0.416861,0.0,0,0.001810884,0.178811214,0.179881869760101
UDAXIJ_clean,8.72676,6.05316,8.72663,1.82268,1705.94,935.952,0.0,0.0,0.6218,0.341145,0.0,0,0.002032742,0.203891667,0.20023111605107657
UDIQII_clean,5.3997,3.7276,5.38981,1.60552,1283.87,799.661,0.0,0.0,0.5344,0.332851,0.0,1,0.00223735,0.206872291,0.21103911487565924
UGEMOK_clean,14.34298,9.58261,14.33743,0.489073,1953.45,3994.18,0.0,0.0,0.8062,1.64842,0.0,1,0.003713425,0.357686725,0.3639956170338347
UGOCAW_clean,17.45578,5.12425,17.45578,1.074,2102.62,1957.74,0.0,0.0,0.744,0.692734,0.0,1,0.006634071,0.589569887,0.5591624588961593
UJEGUL_clean,6.0532,4.88486,6.0532,1.5961,1140.46,714.525,0.0,0.0,0.4812,0.301484,0.0,1,0.008807737,0.712220277,0.6849987452030427
UKIQUB_clean,13.62192,8.69235,13.61731,0.709108,2139.96,3017.82,0.0,0.0,0.7494,1.05682,0.0,1,0.005576768,0.551115131,0.5101931281369382
ULOJUC01_clean,8.43303,5.90044,8.43303,1.86665,1700.1,910.775,0.0,0.0,0.62,0.332146,0.0,1,0.002359786,0.219667269,0.22551728678128957
ULOKUD01_clean,8.86248,5.68435,8.86248,1.87819,1722.41,917.059,0.0,0.0,0.631,0.335961,0.0,1,0.002127842,0.207281133,0.19940548606999825
ULOKUD_clean,8.99985,5.9392,8.99985,1.59852,1738.06,1087.3,0.0,0.0,0.6478,0.40525,0.0,0,0.001835497,0.181726962,0.17510834821756527
ULOLAK_clean,8.32335,5.93961,8.32335,1.44582,1721.43,1190.63,0.0,0.0,0.6254,0.432557,0.0,1,0.001808213,0.180569005,0.1705239948032618
UMEKAA_clean,7.47808,5.74079,7.45471,0.904552,2404.59,2658.32,0.0,0.0,0.691,0.763914,0.0,0,0.005341239,0.536184339,0.514658722827378
UMIZIB_clean,6.17523,5.02799,6.17017,1.45638,1635.51,1123.0,0.0,0.0,0.5482,0.376414,0.0,1,0.00367702,0.330250289,0.3498919464272381
UMOYOM01_clean,8.8085,5.25892,8.77749,0.621878,2962.67,4764.07,0.0,0.0,0.7408,1.19123,0.0,1,0.004280828,0.446267364,0.42593038268961037
UMOYOM02_clean,8.68301,5.26839,8.68301,0.613738,2959.15,4821.52,0.0,0.0,0.7366,1.20019,0.0,1,0.004388147,0.432563348,0.426943102399871
UMOYOM04_clean,9.1769,5.34749,9.1769,0.570426,2833.6,4967.52,0.0,0.0,0.7508,1.31621,0.0,1,0.003886152,0.388462225,0.3878775100398954
UMOYOM12_clean,10.19907,5.488,10.19907,0.599366,2923.9,4878.33,0.0,0.0,0.7518,1.25433,0.0,1,0.004679945,0.455919081,0.4495619562142885
UMOYOM14_clean,7.70148,5.09259,6.16713,0.70962,2883.03,4062.77,0.0,0.0,0.6922,0.975452,0.0,1,0.00571295,0.55153986,0.5503316693917237
UMOYOM15_clean,7.15478,5.03775,6.09393,0.736061,2757.31,3746.04,0.0,0.0,0.6812,0.925467,0.0,1,0.005777209,0.561148142,0.5546902892652443
UMOYOM18_clean,7.82903,4.99743,6.01083,0.808894,2359.81,2917.33,0.0,0.0,0.6612,0.817412,0.0,1,0.006313923,0.605910048,0.5838042930230477
UMOYOM19_clean,7.41035,4.98889,5.86977,0.810504,2182.71,2693.03,0.0,0.0,0.6598,0.814062,0.0,1,0.00567317,0.545979909,0.5414580433727139
UNIFII_clean,17.37115,8.63776,17.37115,0.586277,2129.19,3631.71,0.0,0.0,0.7812,1.33248,0.0,0,0.006709719,0.64827103,0.6137906114317897
UQETOB_clean,15.46668,6.67243,15.45862,0.75459,2172.96,2879.66,0.0,0.0,0.7356,0.974835,0.0,1,0.004677479,0.432876202,0.4330793026557641
UTULEB_clean,5.58337,4.79072,5.5596,1.57279,1503.83,956.154,0.0,0.0,0.6132,0.38988,0.0,0,0.005966417,0.522245479,0.5293155923928213
UVUCEV_clean,5.657,3.96658,5.657,1.45056,765.054,527.42,0.0,0.0,0.4608,0.31767,0.0,1,0.003670038,0.319278242,0.3106901432938925
UVUDEW_clean,6.20906,3.77817,6.20895,1.42467,471.884,331.225,0.0,0.0,0.4216,0.295929,0.0,1,0.001002102,0.092992856,0.08845102806512417
UVUQOT_clean,8.66574,6.53488,8.66574,1.9155,1736.06,906.321,0.0,0.0,0.6452,0.336831,0.0,0,0.002436013,0.240135963,0.2465052704473426
UYAMIS_clean,6.90627,5.76616,6.90627,1.36836,1464.89,1070.55,0.0,0.0,0.5788,0.422989,0.0,1,0.002967123,0.287537932,0.2954346503499957
UYAMOY_clean,5.8975,3.62321,5.8791,1.25938,1494.83,1186.95,0.0,0.0,0.5682,0.451174,0.0,1,0.006172809,0.548601609,0.5620713556930554
UZIZOU_clean,6.4384,3.86623,6.37186,1.38228,1474.71,1066.87,0.0,0.0,0.5338,0.386174,0.0,1,0.00783014,0.67719526,0.6965785261671866
UZOBES_clean,6.46877,3.94639,6.41724,1.36015,1483.33,1090.57,0.0,0.0,0.5374,0.395104,0.0,1,0.007662121,0.650217676,0.6526552902313759
UZUTUG_clean,8.7772,5.97521,8.7772,2.03648,1722.58,845.862,0.0,0.0,0.6272,0.307983,0.0,1,0.002763017,0.256173551,0.24851059221480723
VABKAN_clean,25.15545,13.83989,25.12929,0.397099,1646.09,4145.29,0.0,0.0,0.8436,2.12441,0.0,1,0.00474723,0.455493268,0.4387740914422202
VABKER_clean,25.48776,13.70158,25.4679,0.386827,1629.94,4213.63,0.0,0.0,0.8474,2.19064,0.0,1,0.005199597,0.469140773,0.4876407472211845
VAJTEH_clean,4.91266,3.88473,4.86323,1.37089,793.53,578.842,0.0,0.0,0.4266,0.311184,0.0,1,0.003660519,0.332184416,0.31577587312800154
VAJVEJ_clean,4.35318,3.61073,4.35318,1.60792,480.24,298.672,0.0,0.0,0.4216,0.262203,0.0,0,0.009948231,0.723856637,0.66907931175753
VAKLIF_clean,8.6135,7.01422,8.60784,0.699177,2542.49,3636.41,0.0,0.0,0.7356,1.05209,0.0,0,0.004563583,0.430359283,0.4520270638098818
VAKNAZ_clean,6.16822,4.1914,6.16041,0.853713,2759.78,3232.68,0.668484,0.783032,0.701,0.821119,0.0,1,0.00364734,0.362155443,0.36943221280415106
VAKQAC_clean,8.53696,6.0247,8.53696,1.65887,1708.25,1029.77,0.0,0.0,0.6212,0.374472,0.0,0,0.002052,0.199029667,0.1937773466381329
VAMYEQ_clean,10.0339,6.95835,10.02217,0.642755,2514.17,3911.56,0.0,0.0,0.7686,1.19579,0.0,1,0.003091068,0.32190417,0.31328593793115145
VAMYUG_clean,10.04314,6.94027,10.02007,0.640476,2529.62,3949.59,0.0,0.0,0.7656,1.19536,0.0,1,0.003200897,0.323928839,0.32595686993636797
VAMZER_clean,7.00413,5.41811,7.00325,0.798549,2577.99,3228.34,0.0,0.0,0.7048,0.8826,0.0,0,0.005287515,0.508379482,0.5167967265950558
VARHON_clean,6.75056,3.96368,6.747,0.886506,2055.95,2319.17,0.0,0.0,0.618,0.697119,0.0,0,0.00485994,0.491408219,0.47593512157244605
VARJAB_clean,6.78948,3.75665,6.78948,0.974046,1905.16,1955.93,0.0,0.0,0.5918,0.607569,0.0,0,0.011314147,1.027624256,1.0107410153265879
VECVUW_clean,13.25433,10.77774,13.25433,1.80334,770.078,427.028,489.233,271.292,0.5684,0.315192,0.0,1,0.002593859,0.226377495,0.21047111850495848
VEHJID_clean,7.11762,5.60328,7.11536,1.12292,1992.96,1774.8,0.0,0.0,0.6602,0.587929,0.0,1,0.004642914,0.449215652,0.4349872154723358
VEJZIU_clean,12.34505,7.48961,12.34505,0.843457,1880.34,2229.33,0.0,0.0,0.7078,0.839165,0.0,0,0.002680531,0.264215012,0.25237370929767794
VELBAQ_clean,8.45052,7.3406,8.18626,0.767479,2121.67,2764.47,0.0,0.0,0.657,0.856049,0.0,1,0.003804971,0.372403442,0.37418895367193683
VELVOY_clean,11.39286,3.40894,11.39286,0.949095,1469.34,1548.15,0.0,0.0,0.625,0.658522,0.0,0,0.003040536,0.304606463,0.29453859011808947
VEYREX_clean,4.77741,3.91091,4.77741,1.11908,1335.34,1193.25,0.0,0.0,0.5556,0.496481,0.0,0,0.003461251,0.341677528,0.354125488623546
VEYREY_clean,13.03513,6.48008,13.03513,0.965562,1553.99,1609.42,0.0,0.0,0.6024,0.623886,0.0,1,0.002527545,0.239658095,0.2461721032063772
VEYWED_clean,5.64769,4.42932,5.33986,1.77082,1386.33,782.879,0.0,0.0,0.534,0.301556,0.0,1,0.002063924,0.196910458,0.1867238769042942
VIDJID_clean,10.67429,9.81504,10.67429,0.700095,2177.13,3109.76,0.0,0.0,0.7556,1.07928,0.0,1,0.006627349,0.640211922,0.5771820373568366
VIDVUB_clean,8.75776,6.77107,8.75514,0.887092,2407.2,2713.58,0.0,0.0,0.7368,0.830579,0.0,1,0.003147553,0.308700563,0.3126086862961134
VIGDIY_clean,4.82892,4.12995,4.82892,1.46465,383.946,262.141,174.084,118.857,0.4494,0.30683,0.0,1,0.001567317,0.145457147,0.14203364546517544
VINHIL_clean,8.69628,7.0658,8.26649,0.82143,2395.2,2915.89,0.0,0.0,0.7364,0.896485,0.0,0,0.001614202,0.160736303,0.1661783845076824
VIWQUP_clean,8.69583,7.55321,8.68271,1.40125,1379.91,984.771,0.0,0.0,0.582,0.415343,0.0,1,0.002413999,0.219255893,0.22435605975811534
VIWRAW_clean,18.47685,6.99909,18.46157,1.33324,1894.12,1420.69,0.0,0.0,0.773,0.579791,0.0,1,0.001203202,0.115233903,0.11984368509659837
VIXPUP_clean,10.93218,6.45029,10.92123,0.719071,2360.22,3282.31,0.0,0.0,0.7418,1.03161,0.0,1,0.003650063,0.375645167,0.36431479149629853
VOLRAQ01_clean,16.89388,11.18221,11.76527,0.561351,1860.71,3314.7,0.0,0.0,0.8394,1.49532,0.0,1,0.002417037,0.226830592,0.25615689150787746
VONDOT_clean,5.04789,4.53537,5.04607,1.46717,1023.41,697.539,0.0,0.0,0.4992,0.340246,0.0,0,0.010352322,0.753144317,0.7960107392739599
VONRUN_clean,4.1199,3.4264,4.1125,1.98175,599.261,302.39,0.0,0.0,0.3996,0.20164,0.0,0,0.004034398,0.360593669,0.3647352518727947
VOSVEG_clean,10.99131,5.30484,10.99131,1.00093,1319.63,1318.4,0.0,0.0,0.5658,0.565276,0.0,1,0.005423929,0.480355492,0.46127159846277804
VOSWIL_clean,8.9893,8.47778,8.9893,1.37751,1084.84,787.534,0.0,0.0,0.5664,0.411177,0.0,1,0.001612885,0.159315172,0.1459381140750568
VOVQEE_clean,6.4704,5.01157,6.4704,1.74606,2352.07,1347.07,0.0,0.0,0.6902,0.39529,0.0,1,0.00143458,0.142740093,0.12158794497450026
VOXVAH_clean,5.92871,5.26453,5.92106,1.32162,1764.11,1334.81,0.0,0.0,0.577,0.436585,0.0,0,0.010399425,0.914396895,0.8844213127286813
VOZVEN01_clean,8.60338,5.56407,8.60338,1.89729,1645.79,867.444,0.0,0.0,0.6124,0.322776,0.0,1,0.002264727,0.219452327,0.2141551520218054
VUHMOC_clean,8.86845,5.72272,8.82422,2.14431,1625.98,758.274,0.0,0.0,0.6078,0.283447,0.0,1,0.002740392,0.253159174,0.25002668942024725
VUHMUI_clean,8.87676,5.75079,8.87676,1.84427,1683.0,912.558,0.0,0.0,0.6152,0.333574,0.0,1,0.00224662,0.220709103,0.2134007170962105
VUHNAP_clean,8.71036,5.62501,8.71036,1.76558,1678.94,950.928,0.0,0.0,0.6156,0.348667,0.0,1,0.001967967,0.192086028,0.18820067273969304
VUHPAR_clean,8.76081,5.85765,8.76081,2.08964,1711.86,819.211,0.0,0.0,0.6134,0.293543,0.0,1,0.002711346,0.25771176,0.2463057370591013
VUHPOF_clean,8.70109,5.79132,8.70109,2.14093,1695.48,791.937,0.0,0.0,0.6248,0.291836,0.0,1,0.002853141,0.263341625,0.2510431537386627
VUJBIM_clean,18.70668,6.62188,18.70668,0.560742,2180.91,3889.33,0.0,0.0,0.7898,1.40849,0.0,1,0.003657301,0.358710189,0.35461368357655254
VUJBOS_clean,20.8835,7.6595,20.8835,0.516112,2139.35,4145.12,0.0,0.0,0.8006,1.55121,0.0,1,0.003693906,0.367994466,0.3602206989497678
VUKYOR_clean,9.86874,5.55667,9.86874,1.6882,1708.97,1012.3,0.0,0.0,0.6318,0.374245,0.0,1,0.002720887,0.26842533,0.2547621189507069
VUKYUX_clean,9.90621,6.20444,9.90621,1.16134,1765.64,1520.35,0.0,0.0,0.648,0.557977,0.0,1,0.003033174,0.300111462,0.2941766835282977
VUMBOW_clean,6.23579,5.49714,6.23579,1.58729,766.396,482.833,0.0,0.0,0.4186,0.26372,0.0,1,0.001810456,0.166223084,0.17582082456714482
VURNED01_clean,7.81638,7.00072,7.81337,0.9879,2007.6,2032.19,0.0,0.0,0.656,0.664035,0.0,0,0.006563191,0.646647009,0.6117053258474121
VURNED03_clean,7.94238,7.07129,7.94238,0.98092,2013.05,2052.21,0.0,0.0,0.6562,0.668964,0.0,0,0.006474184,0.636394275,0.5958197814832128
VURNED04_clean,8.54647,7.42523,8.453,0.946025,2088.66,2207.83,0.0,0.0,0.6716,0.709918,0.0,1,0.006398952,0.634008045,0.5625307950541696
VUWROW_clean,7.68342,6.19716,7.66529,1.06352,2246.75,2112.57,0.0,0.0,0.6738,0.633558,0.0,1,0.006421503,0.6120739,0.5711264842456495
WAFKIY_clean,7.94426,7.06157,7.92163,0.97672,2030.81,2079.21,0.0,0.0,0.6618,0.677574,0.0,1,0.006533522,0.654511394,0.5852604553536287
WAGPOM_clean,6.05183,3.6671,5.75896,1.42859,1292.17,904.505,0.0,0.0,0.5478,0.383455,0.0,1,0.003254231,0.305762804,0.2952702258246509
WAGQAY_clean,23.95302,15.31723,23.95302,0.391691,1362.13,3477.56,0.0,0.0,0.858,2.1905,0.0,1,0.003336514,0.336936674,0.3277017157398689
WAHROP_clean,5.95888,4.93789,5.95575,1.04375,1513.2,1449.77,0.0,0.0,0.5402,0.517556,0.0,1,0.00756786,0.626882215,0.647873620225059
WAMRIN02_clean,7.24883,5.55813,7.22701,0.963729,1535.75,1593.55,0.0,0.0,0.587,0.609093,0.0,1,0.007399465,0.691355248,0.6660110126351745
WANHEB_clean,11.27878,4.48127,11.27878,0.837758,2209.49,2637.39,0.0,0.0,0.6896,0.82315,0.0,1,0.007256746,0.618058314,0.6346453799986395
WANHOL_clean,11.33875,4.69312,11.33857,0.842421,2322.16,2756.54,0.0,0.0,0.7046,0.836399,0.0,1,0.005608611,0.516412576,0.5169112901008159
WANHUR_clean,11.34841,4.3749,11.34841,0.826694,2186.19,2644.5,0.0,0.0,0.6798,0.822311,0.0,1,0.0083643,0.725250137,0.7046435401170019
WARFAY04_clean,7.8465,5.35942,7.8465,1.08487,2078.82,1916.18,0.0,0.0,0.6412,0.591037,0.0,1,0.012952276,1.146022053,1.0702138365669538
WARFAY06_clean,8.02332,5.50953,8.02332,1.05728,2113.47,1998.98,0.0,0.0,0.6526,0.617247,0.0,1,0.010185819,0.94778221,0.9004604014348807
WARXUL_clean,10.57389,6.77159,10.57389,0.735554,2346.78,3190.5,0.0,0.0,0.7338,0.997616,0.0,1,0.005040021,0.470619142,0.4791268953679367
WASMUB02_clean,7.51016,6.67264,7.50984,1.25015,1421.32,1136.93,0.0,0.0,0.5328,0.42619,0.000319962,0,0.015360225,1.04558138,1.0813253467382409
WAVQIV_ion_b,9.9978,7.95845,9.98195,0.747982,2000.14,2674.04,0.0,0.0,0.7406,0.990131,0.0,0,0.00171384,0.174150999,0.17986360840287646
WAVRES_clean,14.9385,4.22033,14.9385,1.02521,1957.71,1909.57,0.0,0.0,0.681,0.664253,0.0,1,0.007325642,0.640183651,0.6327509055929652
WAVRIW_clean,14.37017,4.23835,14.37017,0.932664,1895.07,2031.89,0.0,0.0,0.6684,0.716657,0.0,1,0.010509093,0.923905776,0.7964116435592362
WAZQIZ_clean,5.13597,3.56044,4.95178,1.22527,1000.27,816.366,27.2269,22.2211,0.4862,0.396809,0.0,1,0.003303888,0.319191046,0.3038768120725196
WEBJIY_clean,16.85961,16.29058,16.85961,0.987245,2036.71,2063.02,0.0,0.0,0.69,0.698915,0.0,1,0.005399081,0.494922389,0.4918550223792458
WEBJUK_clean,18.31229,16.60062,18.31229,0.879226,2151.59,2447.14,0.0,0.0,0.7156,0.813897,0.0,1,0.005017951,0.480507844,0.4702411764566915
WEBKAR_clean,6.58265,5.73847,6.58265,0.935373,2650.07,2833.17,0.0,0.0,0.714,0.763331,0.0,1,0.003010937,0.313177238,0.31104604932804986
WEXSEZ_clean,10.86576,4.1334,10.86576,1.02008,1886.77,1849.62,0.0,0.0,0.6346,0.622107,0.0,1,0.006231179,0.564880951,0.5534563500227299
WIKGII_clean,9.6009,5.08261,9.6009,1.17729,1491.03,1266.49,0.448003,0.380537,0.5982,0.508115,0.0,1,0.001431212,0.140998357,0.140771280008733
WIKLOT_clean,7.19858,6.30301,7.18221,1.72847,1512.87,875.263,0.0,0.0,0.6126,0.354417,0.0,1,0.001653158,0.161148845,0.16682311007886813
WILGUV_clean,6.22461,4.37106,6.22248,1.2255,851.111,694.5,13.3986,10.9332,0.5122,0.417951,0.0,1,0.003041124,0.283488033,0.2889043819478406
WIRMUH_clean,6.40693,3.94167,6.40005,1.39129,1423.49,1023.14,0.0,0.0,0.589,0.423347,0.0,1,0.004033923,0.370205632,0.3683605266630792
WISKOA_clean,4.58598,3.62744,4.58598,1.24484,886.096,711.817,0.0,0.0,0.4842,0.388967,0.0,0,0.008305767,0.636960574,0.7018606491231897
WOLROF_clean,12.0686,6.65136,12.0686,0.914878,2088.61,2282.94,0.0,0.0,0.7304,0.798358,0.000218608,1,0.003105495,0.287294022,0.29939147629605734
WONBAD_clean,5.26924,4.23427,4.80256,1.90066,2151.09,1131.76,0.0,0.0,0.5702,0.300001,0.0,1,0.010876164,0.923231178,0.8850419048027593
WOPSAX01_clean,6.41964,5.04801,6.41948,1.99281,578.901,290.494,0.0,0.0,0.4564,0.229023,0.0,0,0.001772727,0.157385156,0.15840197967428837
WOYWIS_clean,7.51192,4.80683,7.51192,1.08065,1227.66,1136.03,0.0,0.0,0.5226,0.483596,0.0,1,0.007617581,0.609496378,0.6250555031231848
WUDYUR_clean,8.69789,3.96625,8.10914,2.39854,773.688,322.567,52.0496,21.7006,0.482,0.200956,0.0,1,0.003726182,0.242482636,0.28149542809170824
WUDZOM_clean,9.28496,5.45388,9.18547,2.06825,1601.94,774.537,0.0,0.0,0.6036,0.291841,0.0,1,0.002558973,0.241257495,0.2412027716122903
WUTCET_clean,6.18745,5.18464,6.17096,1.11984,1387.44,1238.96,0.0,0.0,0.5566,0.497034,0.0,0,0.006062012,0.539672854,0.5457724436888983
XAKLIH_clean,6.02466,3.88519,6.02146,1.3674,1040.09,760.632,0.0,0.0,0.5138,0.375749,0.0,1,0.013589616,0.932525176,0.9937952543804881
XAKZEP_clean,11.84752,7.82774,11.74488,0.869535,1611.99,1853.86,0.0,0.0,0.6302,0.724755,0.0,1,0.004237607,0.374460832,0.39675291245332195
XANMUX01_clean,7.00841,6.87174,7.00841,1.1901,1390.91,1168.73,0.0,0.0,0.6142,0.516091,0.0,0,0.002201566,0.223145652,0.21651559953358512
XANMUX04_clean,8.11715,7.85164,8.1162,1.15587,1357.98,1174.85,0.0,0.0,0.6136,0.530856,0.0,0,0.002533046,0.248010508,0.24967739556581975
XANMUX05_clean,7.96785,7.76541,7.96785,1.15351,1457.83,1263.82,0.0,0.0,0.6284,0.544772,0.0,0,0.002661423,0.255711199,0.2654037272598388
XANMUX06_clean,7.89402,7.78212,7.89402,1.16156,1545.11,1330.2,0.0,0.0,0.6286,0.541169,0.0,0,0.00328223,0.327834035,0.3110917251855899
XANMUX_clean,7.22549,7.05144,7.22549,1.16648,1435.38,1230.52,0.0,0.0,0.6128,0.525341,0.0,0,0.002214978,0.222561251,0.22937692936036563
XANZAQ01_clean,7.80283,7.09635,7.80283,0.978047,1597.51,1633.37,0.0,0.0,0.6454,0.659886,0.0,1,0.002664285,0.269431196,0.2651491512635369
XANZAQ03_clean,8.31524,7.66858,8.31524,0.918646,1605.96,1748.18,3.17356,3.45461,0.6742,0.733906,0.0,1,0.002501811,0.254012029,0.250184983381742
XANZAQ05_clean,8.47885,8.09304,8.47885,0.942478,1573.71,1669.76,0.0,0.0,0.6686,0.709407,0.0,1,0.003295802,0.33039757,0.314309414259956
XANZAQ06_clean,8.35756,7.91059,8.35756,0.939122,1667.31,1775.39,0.0,0.0,0.6656,0.708747,0.0,1,0.00356509,0.351192339,0.35152497144192635
XANZAQ08_clean,8.39367,7.99618,8.39367,0.933711,1580.24,1692.42,0.0,0.0,0.662,0.708999,0.0,1,0.003055111,0.315784514,0.30189332027138527
XANZAQ_clean,8.11701,7.49064,8.11701,0.931625,1637.23,1757.39,0.0,0.0,0.6638,0.712518,0.0,1,0.00293119,0.28869841,0.2938075034464167
XEMHOM_clean,4.79162,4.0639,4.76831,2.00034,450.789,225.357,0.0,0.0,0.3928,0.196367,0.0,1,0.00137168,0.123830872,0.10873559151392753
XEVHEN_clean,7.0561,4.39865,7.0561,2.14212,620.087,289.474,2.73628,1.27737,0.4452,0.207832,0.0,1,0.010033663,0.651761749,0.617272491121139
XIDMED_clean,11.48793,10.50283,11.48793,1.21119,1624.17,1340.97,0.0,0.0,0.653,0.53914,0.0,1,0.004256088,0.400400298,0.38489489554012335
XILDUT_clean,5.33112,3.97403,5.33043,1.32579,1407.65,1061.75,0.0,0.0,0.5238,0.395087,0.0,1,0.003084041,0.296050664,0.2847619525368008
XISDIO_clean,6.55204,4.74257,6.53063,1.07527,2036.27,1893.72,0.0,0.0,0.5936,0.552046,0.0,1,0.007129751,0.663548939,0.6409155470651655
XISDOU_clean,6.57708,4.78728,6.57708,1.06399,2038.67,1916.06,0.0,0.0,0.598,0.562035,0.0,1,0.007065017,0.64649804,0.637721293548958
XIZJEW_clean,5.72446,3.86989,5.72446,1.71463,866.46,505.333,0.0,0.0,0.4918,0.286825,0.0,1,0.005851907,0.453162274,0.47898312774561813
XOBDUO_clean,5.3269,4.72459,5.3269,2.12953,807.052,378.982,0.0,0.0,0.4734,0.222303,0.0,1,0.000667672,0.064831327,0.06672893761811255
XOMCUZ_clean,5.38174,3.9098,5.38174,1.47361,430.645,292.238,0.0,0.0,0.4026,0.273206,0.0,1,0.002121324,0.171075869,0.1708683998493124
XOMHIS_clean,8.65147,5.97828,8.65147,0.851979,2400.52,2817.58,0.0,0.0,0.7112,0.834762,0.0,1,0.006499103,0.616152338,0.5838324955642495
XONLES_clean,15.50229,14.17026,15.50229,0.301134,1628.27,5407.15,0.0,0.0,0.8756,2.90768,0.0,1,0.003614524,0.369842341,0.3593101149250768
XUDPET_clean,10.18322,6.79896,10.18322,0.665226,2463.75,3703.63,0.0,0.0,0.7644,1.14908,0.0,1,0.005008442,0.464801391,0.46667909399271174
XUDPOD_clean,11.07776,6.90892,11.06925,0.552172,2378.06,4306.74,0.0,0.0,0.786,1.42347,0.0,1,0.003478746,0.339380126,0.3491831016552921
XUDVAV_clean,5.42467,3.9439,5.412,1.23408,1178.81,955.215,0.0,0.0,0.5312,0.430443,0.0,1,0.009822859,0.79860544,0.7904549982811147
XUFWAX_clean,9.60874,4.78534,9.60874,0.893517,2297.37,2571.16,0.0,0.0,0.6758,0.756337,0.0,1,0.009942248,0.767147044,0.8001844030926838
XUFWEB_clean,9.5945,4.99884,9.5945,0.890162,2322.94,2609.57,0.0,0.0,0.6808,0.764805,0.0,1,0.009997211,0.77725011,0.7933886580138352
XUFWIF_clean,10.42496,6.51739,10.42496,0.851444,2291.0,2690.72,0.0,0.0,0.7078,0.831294,0.0,1,0.009085984,0.715608065,0.7476870642388449
XUFYEE_clean,16.79092,3.56449,16.79092,0.69015,1946.61,2820.56,0.0,0.0,0.6888,0.998044,0.0,1,0.005906838,0.546455977,0.5350268938889206
XUMNAW_clean,8.02798,7.30674,8.02798,0.898114,1523.34,1696.15,0.715304,0.796451,0.6172,0.687218,0.0,1,0.006287564,0.53083604,0.5551727999392078
YABHIV_clean,17.95239,10.63646,17.95239,0.600011,2087.15,3478.52,0.0,0.0,0.8014,1.33564,0.0,1,0.00358359,0.357735565,0.3539987536845277
YAGHUM_clean,10.9533,4.13648,10.9533,0.807681,2413.25,2987.87,0.0,0.0,0.7156,0.885993,0.0,0,0.003656147,0.339985767,0.3635738452345981
YAHWAI_clean,8.53821,5.48688,8.53821,1.65002,1657.02,1004.24,0.0,0.0,0.6194,0.375389,0.0,1,0.002064129,0.205597794,0.18497302112306557
YAMYUJ_clean,11.40914,7.79047,11.40914,0.884889,1812.52,2048.3,0.0,0.0,0.6938,0.784053,0.0,1,0.007967604,0.6613766,0.6647906990586492
YAPTIT_clean,6.99254,5.10549,6.94978,0.718293,1959.91,2728.57,0.0,0.0,0.632,0.879864,0.0,1,0.005754391,0.562825887,0.5416601894420394
YARBIE_clean,4.91122,3.52707,4.65913,1.29542,529.055,408.404,0.0,0.0,0.4438,0.342591,0.0,0,0.01452986,0.846191271,0.8850764789414816
YARGOP_clean,8.11383,5.17636,8.11364,0.914073,1890.45,2068.16,0.0,0.0,0.6398,0.699944,0.0,0,0.00495111,0.46772192,0.47126664796713325
YARXEX_clean,15.39876,13.65401,15.39876,0.988783,1419.77,1435.87,0.0,0.0,0.712,0.720077,0.0,1,0.0015208,0.136520664,0.16270543104797053
YARZEZ01_clean,5.61977,4.05885,5.24298,1.02873,1985.67,1930.22,0.0,0.0,0.6746,0.655761,0.0,0,0.002541478,0.248010523,0.2450815918933945
YASVUM_clean,7.50043,5.49919,7.38492,0.881793,2738.41,3105.5,0.0,0.0,0.7254,0.822642,0.0,1,0.0069041,0.68128235,0.6219877402811074
YATWAU_clean,10.70688,9.04659,10.70688,0.923872,1892.37,2048.31,0.0,0.0,0.6612,0.715683,0.0,0,0.01088464,0.992954768,0.9269129471507144
YEFPAA_clean,6.99143,5.65004,6.99143,1.03721,2660.09,2564.66,0.0,0.0,0.745,0.718274,0.0,0,0.001213278,0.128891683,0.12426665823130945
YEGHEZ_clean,5.88391,4.37273,5.87003,1.21357,1253.26,1032.7,0.0,0.0,0.5114,0.4214,0.0,0,0.008886569,0.734141422,0.7165365702644444
YEYDAJ_clean,14.77804,3.65211,14.77045,0.94121,1671.89,1776.32,0.0,0.0,0.652,0.692726,0.000212493,0,0.011538126,0.848067415,0.9902935045570739
YINTEW_clean,6.69295,5.30296,6.37064,1.01854,1974.65,1938.7,0.0,0.0,0.6366,0.62501,0.0,0,0.008683597,0.745061268,0.766033057027199
YIWBIR_clean,4.82964,4.23812,4.82964,1.13369,1456.59,1284.82,0.0,0.0,0.5224,0.460795,0.0,0,0.009211897,0.799963802,0.7934765365090621
YIWNUN_clean,6.72761,5.04686,6.72761,1.27847,2081.66,1628.24,0.0,0.0,0.6874,0.537673,0.0,0,0.001041947,0.110891853,0.10344398162692742
YOCNIP_clean,6.24098,4.07873,6.24098,1.73801,306.791,176.518,6.61904,3.8084,0.3778,0.217375,0.0,0,0.004819422,0.30117204,0.33182768523094885
YORRII_clean,6.34779,5.30766,6.27636,1.13523,1975.78,1740.43,0.0,0.0,0.6154,0.542095,0.0,0,0.007826661,0.712206765,0.7222711809797016
YORSOP_clean,7.1763,6.3157,7.1763,1.1792,1484.59,1258.98,0.0,0.0,0.5876,0.498304,0.0,1,0.007227894,0.663187759,0.626960004470656
YOYCEV_clean,5.85347,3.65099,5.85347,0.977585,1221.28,1249.28,38.9821,39.8759,0.5474,0.559951,0.0,1,0.005794466,0.527233054,0.5234763335907662
YOYYUI_clean,11.94353,4.89055,11.55346,1.36529,1022.11,748.641,390.495,286.015,0.5652,0.413977,0.0,1,0.014408183,0.760646827,0.947477628230414
YOZBEW_clean,8.42176,6.43112,8.32646,0.767708,2167.11,2822.83,0.0,0.0,0.7092,0.923788,0.0,1,0.002714048,0.273201637,0.27961591799853047
YOZBIZ01_clean,8.46705,3.85629,8.46593,1.4767,1184.08,801.843,0.0,0.0,0.5176,0.350512,0.0,0,0.010120046,0.801232962,0.7336932259011619
YOZBIZ_clean,8.26642,3.87936,8.26616,1.4767,1152.52,780.471,0.0,0.0,0.5144,0.348345,0.0,1,0.010269588,0.800714752,0.7760124011491629
YOZCEW_clean,14.22468,12.71779,14.22468,1.07415,1394.66,1298.38,0.0,0.0,0.625,0.581853,0.0,1,0.003902651,0.351891243,0.3495193288036274
YUDDEH_clean,9.23238,6.19771,8.9716,0.865828,1917.28,2214.39,0.0,0.0,0.6654,0.768513,0.0,1,0.00531347,0.515512048,0.4859004953401946
ZACHET_clean,18.23633,8.4528,17.32252,0.540764,2067.08,3822.52,0.0,0.0,0.8084,1.49492,0.0,1,0.003094306,0.305517751,0.3135758537176009
ZARLOV_clean,7.59087,4.25441,7.5897,1.05116,2258.39,2148.48,0.0,0.0,0.646,0.614561,0.0,1,0.00854675,0.786864023,0.7266935401223835
ZEBMEA_clean,6.61101,4.67195,6.5886,1.53404,1279.24,833.903,0.0,0.0,0.5336,0.347839,0.0,1,0.002466293,0.235234199,0.23466628379931045
ZEXSOM_clean,10.33904,5.80354,10.2816,1.15853,1627.88,1405.12,5.62491,4.8552,0.626,0.540338,0.0,1,0.00394971,0.369668076,0.36082915986714414
ZEZPIF_clean,4.9314,3.8688,4.91047,1.33575,1333.04,997.967,0.0,0.0,0.5954,0.445741,0.0,1,0.004437305,0.40964012,0.4009785302640466
ZISNEW_clean,10.937,5.73353,10.937,0.756384,2253.97,2979.93,0.0,0.0,0.706,0.933388,0.0,1,0.00899417,0.708086188,0.7386728342123943
ZIVCOY_clean,21.35428,13.61239,21.35428,0.516145,2019.82,3913.28,0.0,0.0,0.8142,1.57746,0.0,1,0.004323785,0.38785535,0.4103676379225746
ZODXAT_clean,19.81215,10.58176,19.81215,0.532706,1987.21,3730.41,0.0,0.0,0.811,1.52242,0.0,1,0.005082807,0.490615103,0.4850021030758654
ZOGBAA_clean,8.29052,7.70457,8.2843,0.849869,2437.69,2868.31,0.0,0.0,0.7226,0.850249,0.0,0,0.008211222,0.761766732,0.7651566033707808
ZOKGAJ_clean,17.39237,16.36156,17.39237,1.58893,759.382,477.921,47.2436,29.733,0.5304,0.33381,0.0,0,0.00197971,0.189547644,0.16576152351097534
ZOQSUV_clean,8.97796,7.21692,8.97057,1.99998,1715.15,857.582,0.0,0.0,0.633,0.316503,0.0,1,0.002177159,0.215891106,0.20482898796664112
ZOQTAC_clean,8.58967,6.28898,8.58967,2.14551,1675.17,780.777,0.0,0.0,0.6196,0.288789,0.0,1,0.002578777,0.241051689,0.23892189181675652
ZOQTIK_clean,8.17476,4.78997,8.17413,2.26836,1524.97,672.282,0.0,0.0,0.581,0.256133,0.0,1,0.002995339,0.280103536,0.27139798075561083
ZULNAX_clean,10.24528,4.96374,10.20458,1.32534,1711.83,1291.61,0.0,0.0,0.6276,0.47354,0.0,1,0.00538466,0.483110584,0.4709516334519562
ZUSNOS_clean,13.06588,6.72307,12.14953,0.80175,2346.37,2926.56,0.0,0.0,0.7098,0.885314,0.0,1,0.006825818,0.633706242,0.5886526757387285
ABAYIO_clean,11.39486,4.3226,11.27409,0.949126,1428.73,1505.31,409.494,431.444,0.6636,0.69917,0.0,0,0.004872797,0.428306867,0.45715295014947177
ABAYOU_clean,11.27344,4.5108,11.27344,0.979267,1463.42,1494.4,419.062,427.935,0.6638,0.677854,0.0,0,0.005065193,0.43917402,0.4913747433775472
ABESUX_clean,5.87931,4.42492,5.57015,3.74291,1747.69,466.934,0.0,0.0,0.5646,0.150845,0.0,1,0.001304381,0.125894623,0.10756346611433903
ABETIN_clean,9.47418,7.83744,9.45292,0.597233,2275.99,3810.89,0.0,0.0,0.7302,1.22264,0.0,0,0.003346392,0.337094094,0.33362960282573506
ABEXEM_clean,4.82084,4.14331,4.80387,1.76082,968.791,550.193,3.54724,2.01454,0.494,0.280551,0.0,1,0.002219596,0.207047167,0.2015411428531228
ABEXEN_clean,18.8079,13.71867,18.7996,0.674371,1650.25,2447.09,10.9626,16.2561,0.753,1.1166,0.0,0,0.005276047,0.497227791,0.4751187779204482
ABEXOW_clean,4.7727,4.04921,4.7549,1.81243,948.305,523.222,8.72645,4.81477,0.5026,0.277307,0.0,1,0.002183194,0.202124938,0.19827013424152418
ABEYAJ_clean,4.73097,3.9715,4.71386,1.90641,913.695,479.276,5.68199,2.98047,0.4682,0.245593,0.0,1,0.00212687,0.197800791,0.1820024661072786
ABEYEN_clean,4.70447,3.94356,4.68752,1.9293,894.021,463.392,4.63057,2.40013,0.4642,0.240606,0.0,1,0.002153925,0.199267743,0.18548758938487592
ABEYIR_clean,4.69665,3.92183,4.69665,1.96962,879.845,446.707,3.91969,1.99007,0.464,0.235578,0.0,1,0.002088893,0.195398476,0.17335814372147834
ABIXOZ_clean,6.22728,4.0515,6.20206,1.91751,1873.93,977.272,0.0,0.0,0.5866,0.305918,0.0,1,0.000964454,0.094829159,0.09264057083146787
ac403674p_si_001_clean,8.50423,8.27985,8.50423,1.12072,1220.76,1089.26,0.0,0.0,0.5906,0.526983,0.0,0,0.001168811,0.128747223,0.13498380538441457
ACAJIZ_clean,6.1865,5.74044,6.1865,1.30148,981.157,753.879,0.0,0.0,0.4824,0.370656,0.0,0,0.00202491,0.194706678,0.18651828761164668
ACAJOF_clean,6.86398,6.10482,6.86398,1.21871,1121.27,920.046,0.0,0.0,0.513,0.420936,0.0,0,0.00189991,0.179610874,0.17786171007472745
ACIBIY_clean,5.10081,3.73403,5.09695,1.73515,912.456,525.866,0.0,0.0,0.4594,0.264761,0.0,0,0.001966071,0.183350392,0.19255034086688078
ACIBOE_clean,8.25776,7.03071,8.25776,1.10094,2063.01,1873.86,0.0,0.0,0.6554,0.595309,0.0,1,0.00429996,0.403714893,0.4078413382165731
ACODON_clean,7.1439,4.65537,7.12384,1.14924,1729.7,1505.09,0.0,0.0,0.598,0.520346,0.0,0,0.004143846,0.394150203,0.38881663624309376
ACOGEF_clean,5.20115,3.94888,4.8971,1.25952,1433.77,1138.35,0.0,0.0,0.5544,0.440168,0.0,0,0.005800623,0.527335303,0.5426678507053421
ACOLIP_clean,4.91034,3.57647,4.78103,1.04949,1065.44,1015.2,0.0,0.0,0.5434,0.517777,0.0,0,0.006637223,0.598406708,0.5908218229213247
ACOLOV_clean,8.42183,5.53552,8.41851,0.863411,2226.99,2579.3,0.0,0.0,0.6794,0.786879,0.0,1,0.003316173,0.32458135,0.3359232708985681
acs.cgd.5b01686_WAHFUJ1434675_clean,5.00451,3.93435,5.00451,1.28464,1087.15,846.274,0.0,0.0,0.4874,0.379407,0.0,1,0.003422391,0.320728872,0.30680803406809243
acs.cgd.6b00463_OLOMUZ1451936_clean,10.32513,7.87202,10.32103,1.07611,1950.06,1812.15,0.0,0.0,0.6638,0.616853,0.0,1,0.001185962,0.114250803,0.12586041754785549
acs.chemmater.6b02817_cm6b02817_si_004_clean,10.39878,5.64581,7.91914,0.897688,1488.72,1658.39,589.747,656.962,0.6776,0.754828,0.0,1,0.004810706,0.44745468,0.45056128505346954
acs.chemrev.6b00346_cr6b00346_si_001_clean,9.19439,3.959,7.03116,0.906382,2290.66,2527.25,0.0,0.0,0.6912,0.762592,0.0,1,0.004260026,0.397621567,0.4168884093286412
acscombsci.5b00188_24205_clean,5.32506,4.91361,5.32498,1.2624,1666.29,1319.94,0.0,0.0,0.5558,0.440273,0.0,0,0.011782626,0.98443991,0.9674536268648337
acscombsci.5b00188_3001288_clean,29.41365,23.60037,29.35162,0.156124,881.282,5644.76,0.0,0.0,0.9382,6.00933,0.0,0,0.003387883,0.363253022,0.33770579592981176
acscombsci.5b00188_5020072_clean,14.46967,11.94118,14.45544,0.429595,1931.96,4497.16,0.0,0.0,0.8224,1.91436,0.0,0,0.00247148,0.262660686,0.25177588422524577
acscombsci.5b00188_5024922_clean,20.5205,15.85622,20.5205,0.295002,1403.53,4757.71,0.0,0.0,0.8866,3.00541,0.0,0,0.003050896,0.293855668,0.3127766961886259
acscombsci.5b00188_5040209_clean,7.3732,5.53143,7.30173,1.04632,1848.9,1767.06,0.0,0.0,0.6162,0.588923,0.0,0,0.008421821,0.680886474,0.7406970425108765
acscombsci.5b00188_8372_clean,5.7583,4.46842,5.7583,0.958855,3178.07,3314.45,0.0,0.0,0.7062,0.736503,0.0,0,0.003008271,0.293875915,0.30194278869942615
acs.inorgchem.5b02108_ic5b02108_si_002_clean,7.194,7.0599,7.194,1.21033,1596.38,1318.96,0.0,0.0,0.591,0.488296,0.0,0,0.008505524,0.791022032,0.7364764635255322
acs.inorgchem.6b00433_ic6b00433_si_002_clean,5.96211,4.62167,5.8482,1.10398,1177.53,1066.62,0.0,0.0,0.5062,0.458523,0.0,1,0.003429487,0.325345183,0.31282980220986323
acs.inorgchem.6b00894_ic6b00894_si_002_clean,6.64699,4.59021,5.67003,1.10689,1216.8,1099.29,0.0,0.0,0.5272,0.476289,0.0,1,0.008135226,0.695983501,0.68816745963367
acs.inorgchem.6b01569_ic6b01569_si_002_clean,6.29847,5.43889,6.29847,1.11326,868.696,780.315,0.0,0.0,0.5092,0.457394,0.0,1,0.001157182,0.113318155,0.11797218139536253
acs.inorgchem.6b01740_ic6b01740_si_002_clean,15.68052,8.0633,15.68052,0.473321,2336.0,4935.34,0.0,0.0,0.7938,1.67709,0.0,0,0.003740263,0.377745411,0.3736901794115445
acs.inorgchem.6b02407_ic6b02407_si_002_clean,6.36153,3.76503,6.36153,0.960789,1995.17,2076.59,0.0,0.0,0.6214,0.64676,0.0,1,0.009173348,0.876312416,0.8137894597915731
acs.inorgchem.6b02407_ic6b02407_si_003_clean,6.24791,4.32537,6.22758,1.12188,1617.2,1441.52,0.0,0.0,0.5614,0.500411,0.0,0,0.011050933,0.957368143,0.9255042195900434
acs.inorgchem.6b02696_ic6b02696_si_002_clean,12.13124,5.0609,12.1281,0.908718,2183.39,2402.71,0.0,0.0,0.6878,0.75689,0.0,0,0.004772777,0.448567624,0.44083713477380626
acs.jpcc.6b08594_UiO66_Ce2Zr4_opt_clean,8.49751,4.07254,8.49751,1.27238,1692.83,1330.45,0.0,0.0,0.6072,0.477217,0.000157186,0,0.003339895,0.305007056,0.317911135431459
acs.jpcc.6b08594_Zn2Cd6MOF5_opt_clean,14.70209,8.11021,14.70209,0.628556,2151.09,3422.27,0.0,0.0,0.8094,1.28771,0.0,0,0.001861531,0.18974123,0.18245314696645343
ACUBAB_clean,6.48174,4.30295,6.47204,2.30944,1238.98,536.484,0.0,0.0,0.5252,0.227414,0.0,1,0.004023413,0.335201078,0.35222498925426093
ACUFEK_clean,15.55627,9.00897,15.55627,0.559431,2205.12,3941.72,0.0,0.0,0.787,1.40679,0.0,1,0.003320055,0.334707763,0.3356174934122037
ACUJOZ_manual,11.50806,7.82539,10.51641,0.694288,2343.63,3375.59,0.0,0.0,0.739,1.0644,0.0,1,0.003209929,0.31929242,0.3278076204003425
ACUTOI_clean,5.192,4.5372,5.18708,1.71994,820.91,477.29,0.0,0.0,0.4076,0.236985,0.0,1,0.002861444,0.264475072,0.2288941510432021
ADARAA_clean,12.29205,5.40077,12.29205,0.881935,2191.85,2485.27,7.83761,8.88684,0.6948,0.787813,0.0,1,0.003816705,0.381533571,0.3666388712810717
ADASIJ_clean,18.23438,6.60024,18.20695,0.629251,2196.94,3491.36,0.0,0.0,0.765,1.21573,0.0,1,0.003540521,0.361523247,0.34640832495406804
ADASOP_clean,18.07263,6.71346,18.07263,0.63164,2223.07,3519.51,0.0,0.0,0.7846,1.24216,0.0,1,0.004150923,0.411018527,0.3905528542521822
ADASUV_clean,17.16775,6.7332,17.16775,0.625693,2275.03,3636.01,0.0,0.0,0.7672,1.22616,0.0,1,0.003348924,0.341855753,0.33823651338043964
ADATEG_manual,27.33782,13.33904,27.33782,0.238777,1473.42,6170.7,0.0,0.0,0.896,3.75246,0.0,1,0.003420299,0.354987358,0.33534058548157414
ADATIK_clean,24.55082,12.17426,18.62931,0.377577,1712.52,4535.57,0.0,0.0,0.8764,2.32112,0.0,1,0.003090314,0.310119019,0.31376309451006146
ADATOQ_clean,10.5421,9.07611,10.5421,0.632077,2324.74,3677.95,0.0,0.0,0.7278,1.15144,0.0,1,0.002869003,0.282643271,0.28972314132572957
ADATUW_clean,10.34629,8.86044,10.34629,0.640612,2322.12,3624.84,0.0,0.0,0.73,1.13953,0.0,1,0.002707246,0.27149949,0.27965804401473926
ADAVAE_clean,10.21446,8.80719,10.21446,0.655338,2331.18,3557.22,0.0,0.0,0.7302,1.11423,0.0,1,0.003003639,0.289748944,0.3140314949287076
ADAVEI_clean,10.15021,8.70819,10.15021,0.656268,2410.23,3672.63,0.0,0.0,0.719,1.09559,0.0,1,0.002987172,0.296368379,0.31635460079369215
ADAVIM_clean,10.34557,8.90065,10.34557,0.637582,2355.11,3693.81,0.0,0.0,0.727,1.14025,0.0,1,0.002782574,0.27640335,0.2848488546063275
ADOCEC_clean,5.40135,3.83278,5.40061,1.53544,942.082,613.56,194.67,126.785,0.4904,0.319388,0.0,1,0.002741461,0.246611137,0.24718641926436372
ADODII_clean,5.97541,5.30365,5.62846,1.21661,1091.8,897.412,0.0,0.0,0.5394,0.443361,0.0,0,0.004825334,0.424561707,0.43051226428408834
ADODOO_clean,5.9443,5.31331,5.61744,1.28796,1054.79,818.961,0.0,0.0,0.5256,0.408086,0.0,0,0.005131431,0.444497285,0.4727480444864833
ADODUU_clean,5.93338,5.29096,5.57799,1.31573,1050.53,798.439,0.0,0.0,0.521,0.395977,0.0,0,0.005265346,0.452265986,0.4774511002062897
ADUROI_clean,25.68553,17.12424,25.68553,0.402567,1285.84,3194.1,0.0,0.0,0.8358,2.07617,0.0,1,0.002446646,0.242711308,0.2542487880512902
ADUWIH_clean,9.28386,6.55138,8.99777,0.722123,2053.82,2844.14,0.0,0.0,0.7098,0.982935,0.0,1,0.00364068,0.359126913,0.3619045476295469
ADUWON_clean,16.37935,5.99724,16.37935,0.521247,2391.39,4587.82,0.0,0.0,0.7844,1.50485,0.0,1,0.004271159,0.438185527,0.41558436660296
AFENEE_clean,4.49346,3.41581,4.45719,1.24906,796.3,637.522,0.0,0.0,0.4856,0.388774,0.0,1,0.003520382,0.345095835,0.3224328455364558
AFIPAH_clean,4.37538,3.90569,4.37538,1.83885,841.292,457.509,0.0,0.0,0.5032,0.273649,0.0,1,0.002999026,0.278376699,0.28714898896529395
AFITEP_clean,4.64022,4.09997,4.63375,1.06928,1521.04,1422.49,0.0,0.0,0.5262,0.492105,0.0,0,0.010021594,0.896578884,0.8303222990542853
AFITUF_clean,7.14066,5.08524,7.12439,1.32285,1391.46,1051.86,0.0,0.0,0.5322,0.402312,0.0,1,0.003354185,0.307693473,0.302062524995247
AFIXAO_clean,6.3306,4.52097,6.32879,1.12223,1320.24,1176.44,0.0,0.0,0.5702,0.508096,0.0,0,0.002699769,0.250637202,0.2681498667677166
AFIXES_clean,6.43864,4.7481,6.42659,1.12574,1304.99,1159.23,0.0,0.0,0.5758,0.511486,0.0,0,0.002701927,0.25101163,0.2617112319323307
AFOTOF_clean,8.7931,6.77287,8.7931,1.07439,1647.74,1533.66,0.0,0.0,0.6144,0.571859,0.0,0,0.004961465,0.442707033,0.4690176001533837
AFOVAT_clean,8.32882,6.54754,8.28902,1.04077,1670.63,1605.18,0.0,0.0,0.61,0.586104,0.0,0,0.004857553,0.447552115,0.4626302294175064
AFOVEX_clean,8.81515,6.86051,8.81515,1.02206,1673.56,1637.43,0.0,0.0,0.619,0.605638,0.0,0,0.004602266,0.449392202,0.4458121006299796
AFOVIB_clean,8.79334,6.74118,8.79334,1.0948,1657.47,1513.94,0.0,0.0,0.6104,0.557543,0.0,0,0.005184491,0.457475009,0.5021998122750734
AFOVOH_clean,8.78847,6.84598,8.77538,1.04816,1663.77,1587.32,0.0,0.0,0.6228,0.594182,0.0,0,0.004839264,0.455549442,0.463884534749355
AFOYAW_clean,5.94533,4.22739,5.94533,0.978122,1810.39,1850.89,0.0,0.0,0.6112,0.624871,0.0,1,0.004059856,0.386150189,0.4003220380825412
AFOYEB_clean,5.92566,5.81418,5.92369,1.68224,585.772,348.21,0.0,0.0,0.4054,0.240988,0.0,0,0.001588492,0.141752441,0.1665055646852776
AFOYIE_clean,9.08566,8.61929,9.08005,0.761887,2055.27,2697.6,0.0,0.0,0.71,0.931897,0.0,1,0.00268862,0.274074954,0.2731765134474997
AFOYOK_clean,7.73482,5.71785,7.72321,0.979448,1633.89,1668.18,0.0,0.0,0.588,0.600338,0.0,0,0.002553276,0.268519308,0.2584489806855209
AFUKET_clean,5.96671,4.7743,5.96671,0.9597,1662.19,1731.99,97.0966,101.174,0.5958,0.620819,0.0,1,0.007196023,0.578839585,0.6560263228104334
AFUKIX_clean,8.69504,5.47442,8.69504,0.784292,2017.86,2572.85,0.0,0.0,0.6382,0.813728,0.0,1,0.003878079,0.363356685,0.3701212556122741
AFUPEX_clean,5.43312,4.58891,5.43311,1.38641,2204.93,1590.39,0.0,0.0,0.6146,0.443303,0.0,1,0.003774606,0.372938056,0.3631750097254213
AGABIU_clean,12.57098,10.82742,12.57098,0.647122,1792.07,2769.29,2.83534,4.38145,0.7402,1.14383,0.0,1,0.001791236,0.181237859,0.1846025458720187
AGARUW_clean,6.77693,6.25183,6.7733,1.77195,1346.33,759.804,0.0,0.0,0.5056,0.285336,0.0,0,0.001827405,0.175479239,0.18510798661905753
AGIREP_clean,10.92956,6.85619,7.97786,0.99837,2250.02,2253.69,0.0,0.0,0.6896,0.690726,0.0,1,0.004216542,0.393825858,0.4054712244923204
AGOFEJ_clean,12.6138,8.71559,12.59801,0.583675,1959.85,3357.77,0.0,0.0,0.767,1.31409,0.0,1,0.002765967,0.280059998,0.2759125649997955
AGONAM_clean,5.63222,4.90729,5.59904,1.43768,1370.35,953.171,0.0,0.0,0.568,0.395082,0.0,0,0.003952763,0.384536903,0.3711258155835486
AGONEQ_clean,6.16099,5.90611,6.12795,1.08253,2263.15,2090.61,0.0,0.0,0.6752,0.623722,0.0,0,0.003528444,0.348798729,0.3382479564732599
AHAMAY_clean,4.44036,3.90831,4.43859,2.24993,500.113,222.279,0.0,0.0,0.401,0.178228,0.0,1,0.00526353,0.37349495,0.44117493582286926
AHEQAH_clean,9.26829,6.21673,9.2669,0.759287,2415.98,3181.91,0.0,0.0,0.7146,0.941146,0.0,1,0.003869069,0.385735736,0.37921030347962426
AHOKIR01_clean,4.30721,3.46839,4.30721,1.92701,892.53,463.167,0.0,0.0,0.4868,0.252619,0.0,1,0.006497774,0.557060945,0.549144929112076
AHOKIR_clean,4.49939,3.47861,4.49939,1.88207,939.705,499.294,0.0,0.0,0.4884,0.259502,0.0,1,0.003441913,0.323188076,0.31130563835948283
AHOKOX_clean,4.49188,3.54288,4.49188,1.73966,1360.22,781.89,0.0,0.0,0.5116,0.29408,0.0,1,0.003741264,0.344648508,0.3387604559173756
AJAKON_clean,5.2765,4.32303,5.27104,1.36723,1066.44,780.005,8.76449,6.41042,0.5024,0.367459,0.0,1,0.003593361,0.326558858,0.3297674259947516
AJAYIT_clean,7.12611,4.89301,7.12611,1.98392,840.751,423.782,0.0,0.0,0.4314,0.217448,0.0,0,0.00194831,0.174697777,0.18213949567387822
AJIGIL_clean,6.71352,5.54656,6.70452,1.08988,996.607,914.419,0.0,0.0,0.4838,0.443902,0.0,1,0.00153196,0.143832952,0.15707970811805883
AJOTEY_clean,5.91075,5.20074,5.90935,1.2556,1942.39,1546.98,0.0,0.0,0.6358,0.506371,0.0,1,0.003095249,0.300292459,0.3011522697003748
AJOVEB_clean,5.15455,4.85632,5.13093,1.95651,774.474,395.845,0.0,0.0,0.4138,0.211499,0.0,1,0.002435299,0.235410518,0.2031617654509591
AJOXAA_clean,6.60857,4.38157,6.58169,1.52914,1380.73,902.948,0.0,0.0,0.5468,0.357587,0.0,1,0.004433177,0.40868809,0.3827768339951129
AKEDIF_clean,5.94406,5.31262,5.94406,0.925851,1673.96,1808.02,0.0,0.0,0.5828,0.629475,0.0,0,0.006762291,0.626691619,0.605162289504028
AKUKUO_clean,5.04792,4.38484,5.0448,1.30477,1062.64,814.426,0.0,0.0,0.5004,0.383515,0.0,0,0.004567802,0.426265694,0.4163989211122443
ALAMUW_clean,11.92678,5.98269,11.92678,0.64997,2447.93,3766.22,0.0,0.0,0.761,1.17082,0.0,1,0.00431374,0.430072385,0.4211536962974194
ALANAD_clean,8.58065,5.8094,8.54388,0.697286,2813.81,4035.37,0.0,0.0,0.7542,1.08162,0.0,1,0.004069409,0.408919695,0.4048163583346751
ALEJEI_clean,18.06508,7.13825,11.29555,0.600782,2223.57,3701.13,0.0,0.0,0.783,1.3033,0.0,1,0.003689462,0.365697358,0.3596008913954372
ALEQIT_clean,5.78407,3.96262,5.7827,1.90553,677.8,355.702,0.0,0.0,0.434,0.227759,0.0,1,0.002539393,0.226381999,0.20715977691871484
ALICAA_clean,12.98786,3.46699,12.98786,1.43218,894.164,624.337,203.647,142.194,0.5692,0.397436,0.0,0,0.001637505,0.149465345,0.17521451308813474
ALIXAU_clean_h,6.17139,3.91412,6.17139,1.43262,670.443,467.985,13.6022,9.49467,0.4726,0.329886,0.0,1,0.003012659,0.287317959,0.26892395624566
ALIXOJ_clean,7.8603,5.01976,7.84665,0.979833,2007.79,2049.12,0.0,0.0,0.6394,0.65256,0.0,1,0.003245605,0.316967713,0.31654784553614324
ALONEV_clean,5.59976,4.84057,5.59976,1.49156,1651.89,1107.49,0.0,0.0,0.571,0.382821,0.0,1,0.000947605,0.092469242,0.09396725233305725
ALUJEX_clean,5.99288,4.42191,5.93648,1.43356,1311.29,914.712,0.0,0.0,0.5364,0.374173,0.0,1,0.0042226,0.392499382,0.3857207312381524
ALUJIB_clean,6.08943,4.42337,5.91878,1.4324,1320.62,921.959,0.0,0.0,0.5424,0.378664,0.0,1,0.004211715,0.387215548,0.38444177411497304
ALUJOH_clean,6.14197,4.45081,6.02384,1.41539,1356.59,958.46,0.0,0.0,0.5526,0.390423,0.0,1,0.003975532,0.361910342,0.3594527089345254
ALUKIC_clean,8.54387,6.77342,8.52787,0.56692,2883.21,5085.74,0.0,0.0,0.7934,1.39949,0.0,1,0.00325201,0.302609759,0.3301690065169651
ALUKOI_clean,8.54787,6.76817,8.5436,0.579939,2887.58,4979.11,0.0,0.0,0.7926,1.3667,0.0,1,0.002866591,0.297627883,0.291499840288597
ALUKUO_clean,8.54799,6.78315,8.52991,0.582411,2894.93,4970.58,0.0,0.0,0.7922,1.36021,0.0,1,0.002976719,0.296313182,0.3149363208731633
ALULAV_clean,8.53005,6.74275,8.5229,0.590909,2900.24,4908.1,0.0,0.0,0.7924,1.34099,0.0,1,0.002945799,0.298477795,0.3030151741023289
ALULEZ_clean,18.75501,13.37911,18.68884,0.425946,1475.35,3463.71,0.0,0.0,0.8336,1.95706,0.0,0,0.002118544,0.221455561,0.21250096249080014
ALUREF_clean,6.8305,3.71719,6.1852,1.05415,1260.09,1195.37,0.0,0.0,0.5302,0.502967,0.0,0,0.003657356,0.353794282,0.34632613373054827
ALURIJ_clean,6.87946,3.53974,6.12375,1.07753,1201.6,1115.15,0.0,0.0,0.5294,0.49131,0.0,0,0.003914058,0.370504151,0.36320369164542166
AMAGAX_clean,6.93247,6.0951,6.93247,1.45916,960.382,658.174,0.0,0.0,0.4598,0.315113,0.0,1,0.004367107,0.377256156,0.3786752363589878
AMILOY_clean,11.03089,9.17864,11.01877,1.00746,1259.05,1249.73,0.0,0.0,0.6048,0.60032,0.0,1,0.004760358,0.407934116,0.41191094704375997
AMIMAL_clean,11.07211,9.50667,11.06415,0.988926,1269.07,1283.28,0.0,0.0,0.6132,0.620066,0.0,1,0.004767806,0.411881222,0.41142688778430686
AMODUC_clean,8.56321,6.70069,8.56321,0.575734,2862.5,4971.91,0.0,0.0,0.7896,1.37147,0.000694765,1,0.003210088,0.318481618,0.3296959986965162
AMOFAK_clean,8.38842,6.72694,8.33928,0.577283,2917.64,5054.09,0.0,0.0,0.7804,1.35185,0.0,1,0.003168431,0.319059315,0.3172811984364999
AMOYOR_clean,4.82905,4.48972,4.82035,1.16972,759.125,648.979,0.0,0.0,0.4596,0.392914,0.0,0,0.004436285,0.38530638,0.38236105732024983
AMUFOF_clean,5.11388,4.36379,5.09892,1.34461,989.368,735.801,0.0,0.0,0.4928,0.366499,0.0,1,0.002516134,0.238449839,0.23328367329131813
AMUPOP_clean,4.74814,3.78436,4.74702,1.30283,544.632,418.038,0.0,0.0,0.4486,0.344328,0.0,1,0.00661458,0.508839724,0.5071635918265162
AMUWUB_clean,10.40349,8.69532,10.40349,0.914151,1431.03,1565.42,0.0,0.0,0.6498,0.710823,0.0,1,0.001610098,0.152596564,0.1675102555398491
ANAWIX_clean,5.45667,5.01969,5.45432,1.52823,1486.52,972.705,0.0,0.0,0.5628,0.368269,0.0,1,0.003908701,0.364821496,0.3472079334616375
ANEHEI_clean,6.80985,3.50032,6.5431,1.23995,1316.98,1062.12,0.0,0.0,0.5484,0.442274,0.0,1,0.004035008,0.369702826,0.37772913072067876
ANENEN_clean,6.01479,4.21811,6.00446,1.32355,832.511,628.996,0.0,0.0,0.48,0.36266,0.0,1,0.002858478,0.264652393,0.23945351358160494
ANIDIL_clean,5.09322,4.44244,5.09322,1.49981,585.282,390.237,0.0,0.0,0.4068,0.271234,0.0,0,0.001450658,0.138158811,0.12633946513669514
ANOMUM_clean,7.28969,4.98752,7.24267,0.833729,2493.01,2990.19,0.0,0.0,0.6952,0.833844,0.0,1,0.004921604,0.484550102,0.46423926293282924
ANONAT_manual,7.80429,5.88473,7.80429,0.800823,2311.14,2885.95,0.0,0.0,0.6928,0.86511,0.0,1,0.0045151,0.431576798,0.42026139055467704
ANUGEW_clean,14.4419,10.2051,14.4419,0.443469,2088.1,4708.57,0.0,0.0,0.8326,1.87747,0.0,1,0.003112089,0.31058858,0.3126255568398534
ANUGOG_clean,11.39005,7.08849,11.39005,0.58467,2472.03,4228.07,0.0,0.0,0.7898,1.35085,0.0,1,0.003617884,0.369426677,0.3629446961890075
APACAX_clean,5.65344,4.07573,5.64183,1.00727,1776.16,1763.34,0.75218,0.746751,0.6264,0.621879,0.0,1,0.008522219,0.819239556,0.7376492209814944
APARAM_clean,12.00094,11.06312,12.00094,0.965457,1025.27,1061.95,99.7383,103.307,0.6016,0.623124,0.0,0,0.005956063,0.465786614,0.5217844309616495
APAYOH_clean,6.13125,4.32559,6.13125,1.11146,2186.88,1967.56,0.0,0.0,0.6078,0.546846,0.0,1,0.006215011,0.561694678,0.5732150693295323
APAYUN_clean,6.02417,4.10555,6.02138,1.04671,2066.79,1974.55,0.0,0.0,0.6206,0.592904,0.0,1,0.005578252,0.525865209,0.5361852195868254
APAZAU_clean,6.57194,4.51844,6.57194,0.970314,2263.88,2333.14,0.0,0.0,0.6264,0.645564,0.0,1,0.005494126,0.535386436,0.5144656855027583
APAZEY_clean,6.61049,4.70522,6.61049,0.97171,2250.82,2316.35,0.0,0.0,0.6362,0.654722,0.0,1,0.005317606,0.513289207,0.5074976234744901
APAZIC_clean,7.1095,4.86225,7.1095,0.893607,2183.36,2443.31,0.0,0.0,0.6554,0.733432,0.0,1,0.005067668,0.478958122,0.4841399131747385
APEBED_clean,4.58202,3.62787,4.5574,1.65192,481.079,291.224,0.0,0.0,0.4828,0.292266,0.0,1,0.006903129,0.527603623,0.5356756227367656
APEBEE_clean,5.40727,4.06272,5.33928,1.31041,1192.91,910.333,0.0,0.0,0.513,0.391481,0.0,1,0.005727432,0.503196929,0.5131411368235782
APEBUU_clean,4.93858,3.80274,4.91529,1.49581,927.0,619.731,0.0,0.0,0.4876,0.325977,0.0,1,0.002995953,0.27072133,0.28300693098619234
APUPEH_clean,24.7893,14.09199,24.7893,0.298214,1535.12,5147.71,0.0,0.0,0.8874,2.97572,0.0,1,0.003126774,0.344653473,0.3177626525119697
AQEQIW_clean,6.30636,5.13016,6.19765,1.10057,1724.95,1567.33,0.0,0.0,0.6202,0.563526,0.0,0,0.00595124,0.556051345,0.5505566988715387
AQIQAU_clean,7.60741,6.30843,7.59214,0.861714,1966.86,2282.5,0.0,0.0,0.658,0.763595,0.0,1,0.003467485,0.346969488,0.3453672934673808
AQIXUV_clean,8.64919,5.459,8.64919,0.934501,1104.45,1181.86,0.0,0.0,0.5626,0.602032,0.0,1,0.001696124,0.163866406,0.1715757205287589
AQOLEZ_clean,15.56875,9.80847,15.56875,0.777237,1278.3,1644.67,443.796,570.991,0.7198,0.926101,0.0,1,0.004563653,0.446876932,0.42273918281432454
AQOLID_clean,15.46142,7.44821,15.40352,1.15975,1222.53,1054.13,396.899,342.228,0.6494,0.559948,0.0,1,0.004149732,0.380527043,0.3852952460769415
AQOLUP_clean,15.5822,9.65924,15.5822,0.788284,1287.18,1632.89,417.804,530.017,0.712,0.903228,0.0,1,0.004628403,0.443607345,0.4162765762645778
AQOMAW_clean,15.65949,6.23259,15.65949,1.14479,1297.32,1133.23,389.885,340.573,0.648,0.566042,0.0,1,0.004000106,0.368472473,0.37587637846291816
AQOMEA01_clean,15.71951,9.72839,15.71951,0.76692,1281.45,1670.9,425.267,554.513,0.7184,0.936734,0.0,1,0.004374141,0.414658636,0.39053609754144064
AQOMEA_clean,15.83521,9.82464,15.8304,0.749306,1274.9,1701.44,431.482,575.842,0.7222,0.963826,0.0,1,0.003991714,0.398261809,0.3745635778061801
AQUCOF_clean,9.38154,5.59471,9.38154,1.04219,1955.75,1876.59,0.0,0.0,0.6824,0.654777,0.0,1,0.002272722,0.217552814,0.22231710769272534
AQUCOG_clean,11.41407,10.59979,11.41389,1.19971,1576.67,1314.22,0.0,0.0,0.6588,0.549134,0.0,1,0.002465788,0.24211538,0.24649419044151744
AQUCUM_clean,11.51533,10.7235,11.51515,1.1988,1578.94,1317.1,0.0,0.0,0.662,0.55222,0.0,1,0.00253178,0.248559424,0.24686194412231577
AQUDAT_clean,3.98099,3.46811,3.98099,1.656,229.295,138.463,0.0,0.0,0.3916,0.236474,0.0,1,0.002451313,0.226261616,0.19571425480224358
AQUDEX_clean,4.02336,3.48999,4.02336,1.64794,245.164,148.77,0.0,0.0,0.3954,0.239936,0.0,1,0.002549423,0.235766853,0.19709233847493163
AQUDOH_clean,4.03231,3.46877,4.03231,1.63524,245.521,150.143,0.0,0.0,0.397,0.242778,0.0,1,0.002594923,0.2264166,0.20537886037920133
ARADEE_clean,5.98273,5.3868,5.98273,1.18176,2613.25,2211.32,0.0,0.0,0.645,0.545797,0.0,1,0.004139908,0.399637642,0.3949279696730379
ARAFIJ_clean,7.45121,6.98768,7.45121,0.945343,1746.6,1847.59,0.0,0.0,0.6538,0.691601,0.0,1,0.003847362,0.376182088,0.36531781488791365
ARAFOP_clean,5.6675,5.04419,5.6675,1.1688,1345.58,1151.25,0.0,0.0,0.5694,0.487165,0.0,1,0.004253063,0.379809978,0.39961701469768157
ARAGOR_clean,6.01834,3.95176,6.01834,1.15627,1427.45,1234.53,0.0,0.0,0.5724,0.49504,0.0,1,0.004531236,0.417623455,0.42370975626858853
ARINOF_clean,4.65727,3.54074,4.65727,1.16089,773.093,665.951,0.0,0.0,0.4696,0.404519,0.0,0,0.003908272,0.352612505,0.35065757942724796
ARINUL_clean,4.74057,3.91438,4.73173,1.12547,612.424,544.15,0.0,0.0,0.4952,0.439995,0.0,0,0.003445398,0.331268835,0.32476139316529395
AROFAP_clean,6.18036,4.30595,6.18036,1.16997,1430.3,1222.5,0.0,0.0,0.575,0.491464,0.0,1,0.007351969,0.669949701,0.6525489356748861
AROFET_clean,8.28593,5.15676,8.15353,0.856166,2227.42,2601.62,0.0,0.0,0.6884,0.804049,0.0,1,0.003485654,0.343798457,0.34747503090443876
ARUYES_clean,5.37817,4.58095,5.37264,1.47856,1357.43,918.075,0.0,0.0,0.5162,0.349122,0.0,1,0.005635536,0.509206489,0.5120525287235281
ARUYUH_clean,4.6223,3.84632,4.60163,1.67938,1300.59,774.446,0.0,0.0,0.5928,0.352987,0.0,0,0.006136227,0.54458431,0.546224313440416
ASACON_clean,6.42024,5.0837,6.41252,1.7783,988.209,555.703,0.0,0.0,0.4528,0.254625,0.0,1,0.003883924,0.336320296,0.31502458867078875
ASADAA_clean,5.76705,4.61254,5.76705,1.521,1240.97,815.894,0.0,0.0,0.5144,0.338199,0.0,0,0.0027981,0.271859319,0.2502616207469124
ASAHEJ_clean,7.58274,6.68199,7.16375,2.10294,1485.76,706.516,0.0,0.0,0.5748,0.273331,0.0,1,0.000705383,0.069048667,0.07961355114464308
ASECUY_clean,6.38635,5.15151,6.24805,1.43745,1124.79,782.485,0.0,0.0,0.5026,0.349646,0.0,1,0.002053903,0.195628869,0.1898105510703041
ASEJOZ_clean,4.13262,3.6686,4.1292,1.75655,575.771,327.784,0.0,0.0,0.5006,0.28499,0.0,1,0.001427932,0.13559494,0.13930340807220154
ASINAT_clean,9.7655,7.73483,9.74652,0.727417,1863.77,2562.17,0.0,0.0,0.6748,0.927666,0.0,1,0.003781181,0.3647982,0.36911849423836296
ASINEX_clean,12.53569,7.27061,12.47881,0.659976,1848.81,2801.34,0.0,0.0,0.7014,1.06277,0.0,1,0.003428601,0.335953354,0.333129023841716
ASINIB_clean,12.40052,7.22634,12.40052,0.666065,1847.56,2773.85,0.0,0.0,0.713,1.07047,0.0,1,0.003442238,0.332539315,0.34504627937026183
ASIQEA_clean,8.85063,6.25728,8.83155,0.902561,1517.6,1681.44,0.0,0.0,0.6232,0.69048,0.0,1,0.002830679,0.286044764,0.2743284094621953
ASIQIE_clean,9.00205,6.2555,8.99942,0.893575,1516.45,1697.06,0.0,0.0,0.6152,0.688471,0.0,1,0.002889157,0.290406824,0.2785272204583916
ASOSUY_clean,9.00116,4.32918,8.7971,0.897328,2289.34,2551.28,0.0,0.0,0.6734,0.75045,0.0,1,0.004743353,0.44210741,0.44070305763000084
ASOVEL_clean,5.72633,5.3133,5.71091,1.03379,949.896,918.849,0.0,0.0,0.495,0.478821,0.0,1,0.003276192,0.327152697,0.2974258099408596
ASOYOY_clean,9.52144,5.9183,9.51707,0.828676,2119.74,2557.99,0.0,0.0,0.6796,0.820103,0.0,1,0.003830908,0.369319471,0.3689271896287306
ASUBIB_clean,6.13583,4.25508,6.12102,1.52116,1472.07,967.73,0.0,0.0,0.532,0.349733,0.0,1,0.004780552,0.44793525,0.42343104725582903
ASUKEE01_clean,4.79531,3.45398,4.78239,1.18884,601.717,506.139,0.156486,0.131629,0.504,0.423944,0.0,1,0.00503,0.439833128,0.4550321593898679
ASUKEE_clean,4.78914,3.45844,4.64139,1.18597,613.731,517.491,0.198684,0.167528,0.5058,0.426485,0.0,1,0.005209689,0.44851332,0.47069496081230233
ASUWUI_clean,7.16113,4.73321,7.10699,1.15085,1085.85,943.517,0.0,0.0,0.5382,0.467654,0.0,1,0.003386148,0.323773457,0.2970947298236717
ATAFIK_clean,6.40025,5.70377,6.3929,1.21508,2093.15,1722.65,0.0,0.0,0.6392,0.526057,0.0,1,0.004469529,0.428089034,0.40907951447289614
ATAYAX_clean,10.41989,5.8507,10.41891,0.781859,2402.26,3072.5,0.0,0.0,0.7182,0.91858,0.0,1,0.005111428,0.488389792,0.49309509664482976
ATAYEB_clean,10.54748,5.75428,10.54661,0.825883,2349.73,2845.11,0.0,0.0,0.7048,0.853389,0.0,1,0.004559705,0.453283067,0.4329196606993344
ATEYED_clean,7.47545,6.2198,7.47545,0.467817,3303.45,7061.42,0.0,0.0,0.7762,1.6592,0.0,1,0.003890374,0.375915194,0.3841257639411004
ATEYOP_clean,10.52737,8.16815,10.52737,0.722386,2397.76,3319.23,0.0,0.0,0.744,1.02992,0.0,1,0.004385573,0.444582015,0.41709587115455266
ATIBAG_clean,4.88713,3.88543,4.88713,1.64828,882.041,535.129,0.0,0.0,0.4606,0.279443,0.0,0,0.001737233,0.160762697,0.17301999864087514
ATIBOU01_clean,5.12784,4.01813,5.11026,1.59271,1003.99,630.367,0.0,0.0,0.4816,0.302377,0.0,0,0.001690928,0.165302176,0.17292367792382068
ATIBOU02_clean,5.13844,4.03284,5.13064,1.58929,1001.62,630.232,0.0,0.0,0.4764,0.299756,0.0,0,0.001679751,0.158964789,0.17190663087694502
ATIBOU_clean,4.75824,3.95303,4.75824,1.66268,883.495,531.369,0.0,0.0,0.4562,0.274376,0.0,0,0.001700508,0.163047606,0.17551800183169353
ATICEL_clean,4.9438,3.91943,4.9438,1.60993,940.703,584.311,0.0,0.0,0.4708,0.292434,0.0,0,0.001588738,0.15375309,0.16092861655053226
ATIXAE_clean,6.03489,5.11879,6.02804,1.08037,1988.86,1840.92,0.0,0.0,0.5946,0.550369,0.0,1,0.00353678,0.332067495,0.3425366156708195
ATIXUX_clean,4.75983,4.08689,4.75983,1.55048,933.775,602.248,10.5817,6.82478,0.5034,0.324673,0.0,0,0.006088269,0.526865739,0.5026189064056957
ATOWIQ_clean,9.54888,7.69493,9.54888,0.866747,1781.33,2055.19,0.0,0.0,0.6812,0.785928,0.0,1,0.003439975,0.336708783,0.33891396331157786
ATOWOW_clean,9.60606,7.73922,9.60387,0.865497,1776.39,2052.45,0.0,0.0,0.6816,0.787524,0.0,1,0.003432497,0.331192358,0.3267786895211392
ATULIM_clean,4.7399,4.20115,4.72096,1.75805,590.761,336.032,0.0,0.0,0.3948,0.224567,0.0,0,0.006350204,0.459331892,0.4721664308145957
ATUXIY_clean,5.42434,3.78722,5.41357,1.56042,1520.84,974.637,0.0,0.0,0.5342,0.342345,0.0,1,0.005463208,0.486176824,0.49659086152776266
AVAGIP_clean,4.84155,4.68679,4.83529,1.40449,799.444,569.206,0.0,0.0,0.4578,0.325955,0.0,1,0.001875676,0.181406582,0.17292129304771914
AVAGOV_clean,4.8139,4.57423,4.8139,1.40471,790.723,562.91,0.0,0.0,0.4598,0.327328,0.0,1,0.002147458,0.197194798,0.1911073638464944
AVAJUE_clean,37.52571,19.54108,37.52571,0.164116,999.284,6088.87,0.0,0.0,0.9304,5.66915,0.0,1,0.004289462,0.435868396,0.39914573591087316
AVAKEP_clean,25.17564,12.49369,25.17564,0.244994,1420.93,5799.87,0.0,0.0,0.8902,3.63356,0.0,1,0.003964867,0.380329273,0.3778623481862299
AVEHAM_clean,4.51878,3.91316,4.51878,1.20992,526.263,434.955,0.0,0.0,0.4704,0.388785,0.0,0,0.00337413,0.303442587,0.28283665831769056
AVELOD_clean,8.08398,4.98141,8.08398,0.915242,1686.35,1842.51,0.0,0.0,0.6036,0.659498,0.0,1,0.002819755,0.274823377,0.2781329005820965
AVELUJ_clean,8.10638,4.88927,8.10638,0.902679,1696.47,1879.38,0.0,0.0,0.605,0.670227,0.0,1,0.002898526,0.288636219,0.28257506740060456
AVEMAQ_clean,7.89565,4.97897,7.87662,0.907269,1685.58,1857.86,0.0,0.0,0.6116,0.674111,0.0,1,0.002622224,0.261208204,0.26666949441563326
AVEQID_clean,7.54994,6.22752,7.22874,0.801255,2259.4,2819.83,0.0,0.0,0.702,0.876126,0.0,1,0.004308428,0.434991328,0.4170547897339982
AVESOL_clean,5.87217,4.28231,5.84929,0.954537,2386.36,2500.02,0.0,0.0,0.6616,0.693111,0.0,1,0.008900988,0.828135443,0.7698698292226662
AVESUR_clean,6.33732,4.06042,6.33561,1.18458,2288.74,1932.12,0.0,0.0,0.6222,0.525251,0.0,1,0.005072047,0.482906076,0.49518587344364295
AVETEC_clean,5.69318,3.49916,5.67679,1.19478,1755.51,1469.31,2.63176,2.20271,0.6268,0.524615,0.0,0,0.008244572,0.763918942,0.7247703211788694
AVEVEE_clean,4.17515,3.43562,4.17515,1.60472,795.582,495.775,0.0,0.0,0.4962,0.309212,0.0,0,0.003811548,0.360071082,0.3526884152817405
AVIHOE_clean,6.82367,6.45553,6.82367,1.66276,1569.85,944.123,0.0,0.0,0.5622,0.338112,0.0,0,0.003661958,0.355501742,0.3480785890442693
AVIMOI_clean,5.73292,4.38571,5.54624,1.22616,1137.64,927.807,0.0,0.0,0.5176,0.422132,0.0,1,0.007710052,0.625536771,0.6462087885902056
AVIMUO_clean,5.70679,3.6399,5.68672,1.24095,795.076,640.701,0.0545715,0.0439757,0.4934,0.397599,0.0,1,0.00414202,0.359978139,0.35853744606011784
AVIPAX_clean,7.26399,5.25081,7.26386,0.96381,1855.66,1925.33,0.0,0.0,0.5882,0.610286,0.0,1,0.005988436,0.544089707,0.5446351255493678
AVIPOL_clean,6.57451,5.5873,6.57451,0.939158,1727.44,1839.35,0.0,0.0,0.604,0.64313,0.0,1,0.005321764,0.506652819,0.5031710482696917
AVITUU_clean,11.69294,6.93274,11.69294,0.710904,1782.6,2507.52,25.4741,35.8333,0.6994,0.983817,0.0,0,0.00472496,0.46039925,0.4254288056855362
AVIVAC_clean,11.84006,7.39815,11.84006,0.73653,1721.91,2337.87,62.4247,84.7552,0.713,0.968053,0.0,1,0.004214284,0.414953199,0.3847499281191068
AVIVIK_clean,11.79938,6.70311,11.79938,0.734288,1705.89,2323.19,141.576,192.807,0.7142,0.972643,0.0,1,0.004339198,0.414447298,0.3962625731592947
AVIVUW_clean,12.04076,6.91892,12.04076,0.729779,1690.09,2315.89,127.81,175.136,0.7162,0.981393,0.0,1,0.004183056,0.409008857,0.3726436404960747
AVUCEA_clean,10.64181,4.52481,5.22943,0.89363,2280.68,2552.15,0.0,0.0,0.6776,0.758256,0.0,1,0.00516037,0.479744758,0.502940752232996
AWAGEL_clean,8.54501,7.28684,8.54501,0.99094,1266.94,1278.53,0.0,0.0,0.599,0.604476,0.0,1,0.002230275,0.229780204,0.21690874786943498
AWAGOV_clean,8.03493,4.40002,8.02722,1.14872,740.321,644.475,67.7082,58.9423,0.4848,0.422035,0.0,1,0.003244876,0.298529469,0.2815496199440749
AWAREV_clean,4.9083,4.51433,4.9083,1.8749,727.007,387.757,0.0,0.0,0.456,0.243213,0.0,0,0.003187877,0.285139991,0.275928501138588
AWARIZ_clean,4.91504,4.51953,4.91504,1.87821,723.101,384.994,0.0,0.0,0.4558,0.242678,0.0,0,0.003276952,0.282292104,0.28364619688335113
AWASAU_clean,4.69319,4.39635,4.67513,2.36864,953.131,402.396,0.0,0.0,0.479,0.202226,0.0,1,0.001476293,0.139575556,0.13348077306688738
AWASEY_clean,12.05091,7.26209,12.03698,1.15771,1906.22,1646.54,0.0,0.0,0.7186,0.620707,0.0,1,0.001124553,0.11184575,0.11304768277097665
AWASOI_clean,5.09655,4.11557,4.6794,2.36169,945.621,400.401,0.0,0.0,0.4824,0.204261,0.0,1,0.001459466,0.134641035,0.13180051676521282
AWAWUR_clean,9.42427,4.27216,9.42427,0.982453,1582.3,1610.56,0.0,0.0,0.6066,0.617434,0.0,1,0.004019719,0.368776641,0.38091868818436875
AWEJIW_clean,10.88001,10.50387,10.88001,1.19375,1315.8,1102.24,0.0,0.0,0.6004,0.502953,0.0,1,0.003869798,0.350048714,0.3344071885045574
AWEVIJ_clean,10.6197,8.65931,10.61387,0.747212,1607.37,2151.16,0.0,0.0,0.6408,0.857588,0.0,1,0.004458383,0.428258769,0.4055762189890165
AWEZOS_clean,5.8274,3.41984,5.8274,1.53516,283.608,184.741,30.6343,19.9551,0.4216,0.274629,0.0,1,0.001127532,0.092107881,0.07572738136959972
AWIBAL_clean,4.9496,4.4506,4.9496,1.68807,1040.45,616.352,0.0,0.0,0.482,0.285533,0.0,1,0.005627854,0.485940208,0.4888962938718115
AWOFOI_clean,5.44554,4.19244,5.4181,1.31908,2093.99,1587.46,0.0,0.0,0.5974,0.452892,0.0,1,0.004401202,0.428036578,0.40841856558633854
AWUPAL_clean,18.42063,9.23563,18.42063,0.348553,1743.14,5001.08,0.0,0.0,0.8538,2.44956,0.0,1,0.003602812,0.358454418,0.3553622775621276
AXAFAG_clean,6.59817,6.13172,6.59498,2.82524,1689.3,597.93,0.0,0.0,0.606,0.214495,0.0,1,0.000889489,0.087974597,0.07347212323450708
AXIMUP_clean,8.06476,5.62993,7.88344,0.749362,2380.21,3176.31,0.0,0.0,0.7064,0.942669,0.0,1,0.003084648,0.310389922,0.31875431128055615
AXINAX01_clean,19.47488,13.27772,19.47462,0.402001,1509.07,3753.89,0.0,0.0,0.8346,2.07611,0.0,1,0.003687861,0.338669885,0.3554532481110441
AXINIF_clean,9.6188,8.65235,9.60052,0.750661,2213.56,2948.81,0.0,0.0,0.6692,0.891481,0.0,1,0.004792054,0.456267571,0.4445327547269407
AXIPEE02_clean,6.48792,4.04495,6.46524,1.63435,1656.81,1013.74,0.0,0.0,0.5904,0.361245,0.0,1,0.002281317,0.220690367,0.2097287940690709
AXIPEE03_clean,6.5428,4.0805,6.53621,1.61298,1706.94,1058.25,0.0,0.0,0.59,0.365782,0.0,1,0.002250257,0.220657984,0.20135421636554685
AXUBAW_manual,14.24572,5.52422,14.23389,0.741721,1799.0,2425.44,0.0,0.0,0.7126,0.960739,0.0,0,0.002484548,0.241174341,0.24838685736974056
AXUBOL_clean,7.85983,4.2994,7.19513,1.05112,1083.88,1031.17,529.841,504.074,0.6054,0.575959,0.0,0,0.005231187,0.484591767,0.5158919642021477
AXUHAD_clean,9.91084,4.94321,9.90364,0.792408,1603.43,2023.49,0.0,0.0,0.6302,0.795297,0.0,1,0.003010787,0.289528282,0.3089637604692899
AXUHEH_clean,7.21454,5.63203,7.19196,1.06453,1024.66,962.545,0.0,0.0,0.4958,0.465746,0.0,1,0.004198698,0.346124393,0.3628941332363454
AYOQEM_clean,12.16451,6.87343,12.16451,0.774775,2322.28,2997.35,0.0,0.0,0.7066,0.912006,0.0,1,0.003366856,0.336090195,0.3382388960530849
AYUJIP_clean,12.69936,7.89199,12.69936,1.08786,1666.19,1531.63,0.0,0.0,0.6204,0.570296,0.0,1,0.002881342,0.281010096,0.2742914299289533
AZAVOO_clean,5.27678,3.99297,4.86471,1.01321,1059.99,1046.17,0.0,0.0,0.5368,0.529802,0.0,1,0.008927959,0.757399181,0.7357575520050057
AZAVUU_clean,5.48228,4.93668,5.47166,1.18498,1132.58,955.777,0.0,0.0,0.5306,0.44777,0.0,1,0.007336839,0.625349489,0.6416488839394423
AZAWAB_clean,5.65614,4.89759,5.3467,1.11309,1245.12,1118.62,0.0,0.0,0.5586,0.501848,0.0,1,0.006049437,0.525546267,0.534393289686985
AZEBUE_clean,5.44142,4.51467,5.32983,1.81828,1092.81,601.015,0.0,0.0,0.5076,0.279165,0.0,1,0.005585878,0.459481222,0.4829841765470436
AZEWEH_clean,4.13891,3.52594,4.05476,2.44574,369.977,151.274,133.125,54.4315,0.4542,0.185711,0.0,1,0.003499878,0.276838884,0.2937194605683636
AZIVAI_clean,7.0547,5.80911,7.0547,0.682418,2610.44,3825.28,0.0,0.0,0.715,1.04774,0.0,1,0.004618016,0.445473322,0.4539990720683368
BACGAQ_clean,5.16583,4.20229,5.16583,1.16624,909.575,779.923,0.0,0.0,0.5142,0.440905,0.0,0,0.004323002,0.385040955,0.3942032257837577
BADYAJ_clean,8.60576,7.13629,8.60576,0.984728,1990.18,2021.04,0.0,0.0,0.6528,0.662924,0.0,0,0.002768205,0.262869971,0.2655806140895127
BAKGIF_manual,7.54763,6.30914,7.54763,1.01674,1528.77,1503.6,0.0,0.0,0.6098,0.599757,0.0,0,0.002681302,0.254153142,0.2710993010258341
BAKJEE_clean,6.44764,5.41267,6.44764,0.918977,2207.44,2402.06,0.0,0.0,0.6406,0.69708,0.0,1,0.005000393,0.491527463,0.4730789244355216
BAKJII_clean,6.19215,5.21845,6.19129,0.959339,2059.17,2146.44,0.0,0.0,0.6236,0.650031,0.0,0,0.00648016,0.603038922,0.5873349921126171
BAKJOO_clean,7.70901,5.72948,7.70901,1.0049,1743.18,1734.69,0.0,0.0,0.6112,0.608223,0.0,1,0.004059933,0.39226946,0.39459199868045364
BAKYOE_clean,7.11646,6.19226,7.11412,1.03097,1502.21,1457.08,0.0,0.0,0.5848,0.56723,0.0,0,0.005219775,0.480213072,0.49352154574588225
BAMKIM_clean,6.79615,5.75134,6.79615,1.10764,1482.92,1338.8,0.0,0.0,0.5666,0.511536,0.0,1,0.00192422,0.184676363,0.19311694765608473
BAMKOS_clean,6.76349,5.81846,6.76349,1.11335,1511.81,1357.89,0.0,0.0,0.5736,0.515203,0.0,1,0.002009139,0.199979786,0.2031492258755166
BAPDAA_clean,12.36039,11.54677,12.35976,1.38142,1564.69,1132.67,0.0,0.0,0.6892,0.498906,0.0,1,0.002014102,0.196005239,0.18894905603489143
BARZUR_clean,5.4946,5.30289,5.4946,0.925783,1729.65,1868.31,0.0,0.0,0.6062,0.654797,0.0,1,0.007424466,0.664600316,0.6713237064893609
BASJUB_clean,5.47244,4.59142,5.38091,1.03022,1558.36,1512.66,0.0,0.0,0.5602,0.54377,0.0,0,0.005163088,0.47598349,0.5140642078537417
BAWROI_clean,13.54985,9.13066,13.54893,0.629882,1979.75,3143.05,0.0,0.0,0.7794,1.23737,0.0,1,0.003019308,0.30365754,0.30530563839040437
BAWRUO_clean,7.29901,5.68693,7.29887,2.71918,1447.8,532.44,20.7388,7.62687,0.5782,0.212638,0.0,1,0.001263388,0.122867908,0.11339179581439407
BAXFIR02_clean,4.03285,3.42273,4.0125,1.31623,519.268,394.513,0.0,0.0,0.474,0.360121,0.0,0,0.004403374,0.411604347,0.38550388942912567
BAXGAK_clean,4.01414,3.50024,4.01414,1.30644,545.181,417.302,0.0,0.0,0.4712,0.360674,0.0,0,0.004188193,0.40265082,0.3734988186588669
BAZFUF01_clean,20.14565,8.54605,20.14565,0.342062,1831.33,5353.8,0.0,0.0,0.863,2.52293,0.0,1,0.003323877,0.318678507,0.33325279841291955
BAZGAM_clean,42.79818,24.24061,42.79818,0.126526,810.47,6405.57,0.0,0.0,0.9392,7.42299,0.0,1,0.00496533,0.520058647,0.4488143916560049
BAZGEQ_clean,27.24034,13.9632,26.75245,0.334895,1602.49,4785.05,0.0,0.0,0.8624,2.57514,0.0,1,0.003559819,0.352573781,0.359114601958677
BAZJET_clean,13.37019,12.10117,13.37019,0.621294,2143.77,3450.5,0.0,0.0,0.742,1.19428,0.0,1,0.004050372,0.385844728,0.3912938849418451
BAZJIX_clean,8.75902,7.46421,8.75317,0.770453,2094.53,2718.57,0.0,0.0,0.676,0.877405,0.0,1,0.00423933,0.411466235,0.4099375018609514
BEDYEQ_clean,33.05863,31.49051,33.05863,0.462445,1416.09,3062.18,0.0,0.0,0.8292,1.79308,0.000432484,1,0.003553201,0.330214266,0.3456128656186315
BEFGEA_manual,9.2615,6.75088,8.75247,0.652591,2421.36,3710.38,0.0,0.0,0.722,1.10636,0.0,0,0.004579472,0.453727235,0.4527948313756126
BEFMAC_clean,5.39704,3.47321,5.39704,1.51705,1003.1,661.215,0.0,0.0,0.5144,0.339079,0.0,0,0.004813163,0.43630446,0.42057201410478023
BELTUJ_clean,5.64744,4.1969,5.5822,1.08566,1393.43,1283.49,0.0,0.0,0.5582,0.51416,0.0,1,0.005148284,0.46634166,0.4942192794916431
BENZOL_clean,5.62502,3.68781,5.62502,1.15041,1146.89,996.943,0.0,0.0,0.4858,0.422284,0.0,1,0.00546007,0.487072433,0.482053152330522
BENZUR_clean,5.75474,3.70828,5.75474,1.24694,1151.54,923.496,0.0,0.0,0.5016,0.402265,0.0,1,0.004801895,0.425609596,0.4311796402234166
BEPBAB_clean,5.3188,3.97632,5.3188,1.04154,1135.05,1089.78,0.0,0.0,0.473,0.454133,0.0,1,0.006111439,0.526371512,0.5346837191499891
BEPLUF_clean,10.54661,10.45745,10.54661,0.882268,1351.9,1532.3,0.0,0.0,0.655,0.742405,0.0,1,0.001473465,0.151650457,0.14911938220092014
BEPMAM_clean,10.35764,10.23297,10.35764,0.893987,1370.16,1532.64,0.0,0.0,0.63,0.704708,0.0,1,0.001604061,0.14925998,0.1659441677830012
BEPMIU_clean,10.07029,9.95473,10.07029,1.02149,1143.41,1119.35,0.0,0.0,0.6036,0.590899,0.0,0,0.001120801,0.112484302,0.13326482437979742
BEPNIV_clean,10.32219,10.19883,10.32219,0.893387,1335.35,1494.71,0.0,0.0,0.6494,0.726897,0.0,1,0.001490965,0.1492333,0.15169975471950997
BEPNOB_clean,10.36311,10.23127,10.36311,0.890303,1334.01,1498.37,0.0,0.0,0.6478,0.727618,0.0,1,0.001456755,0.145875066,0.14927551907600234
BEPNUH_clean,10.32563,10.2098,10.32563,1.16569,1103.61,946.742,0.0,0.0,0.6056,0.519521,0.0,0,0.001104234,0.111454904,0.12683120243218554
BEPPAP_clean,9.9082,9.78954,9.90791,1.03173,1157.48,1121.89,0.0,0.0,0.5902,0.57205,0.0,0,0.001066249,0.108551579,0.13237515524710314
BEPPIX_clean,9.77409,9.63706,9.77409,0.990438,1290.67,1303.13,0.0,0.0,0.592,0.597716,0.0,1,0.001400818,0.138978985,0.14051897952622855
BEPREV01_clean,6.64209,5.02845,6.632,0.808218,2539.09,3141.59,0.0,0.0,0.6368,0.787906,0.0,0,0.007563465,0.720416969,0.7024687904261114
BEPREV02_clean,7.19383,5.44633,7.19383,0.766283,2502.2,3265.37,0.0,0.0,0.6548,0.854514,0.0,0,0.006729971,0.629734055,0.6249930070814443
BEPROF_clean,8.00306,5.96794,8.00133,0.730038,2383.55,3264.96,0.0,0.0,0.687,0.941046,0.0,0,0.005115095,0.493916809,0.5121766125013203
BEPVEZ_clean,5.76875,4.44638,5.76422,1.26954,947.431,746.277,0.0,0.0,0.5084,0.400459,0.0,1,0.002042026,0.193677253,0.18417852845799987
BEPVID_clean,5.29029,4.21546,5.29029,1.30564,829.286,635.159,0.0,0.0,0.5122,0.392299,0.0,1,0.002230798,0.209225537,0.20365414648106483
BEPVOJ01_clean,5.12362,3.97858,5.12362,1.3287,794.481,597.937,0.0,0.0,0.5126,0.38579,0.0,1,0.00230959,0.214138545,0.21355445678514196
BEPVOJ_clean,4.87498,3.77095,4.87498,1.35072,712.934,527.818,0.0,0.0,0.5034,0.37269,0.0,1,0.002394948,0.210868678,0.22273304172868763
BETDEL_clean,6.19335,4.27368,6.19335,1.1646,2251.25,1933.07,0.0,0.0,0.6174,0.530141,0.0,1,0.005136237,0.490473091,0.4974639356689801
BETDIP_clean,6.11094,3.88458,6.10684,1.1806,2108.93,1786.32,0.0,0.0,0.6132,0.519398,0.0,1,0.005312348,0.49903508,0.5009514663020599
BETDUB_clean,6.03659,3.7841,6.03659,1.16905,1945.06,1663.8,0.0,0.0,0.6102,0.521964,0.0,1,0.005043782,0.491085873,0.48488611655047886
BETFAJ_clean,6.19267,4.31969,6.19,1.11108,2308.45,2077.66,0.0,0.0,0.6196,0.557654,0.0,1,0.005400509,0.510185255,0.5079741512031317
BETFEN_clean,6.20622,4.32109,6.20622,1.07862,2315.47,2146.71,0.0,0.0,0.6288,0.582969,0.0,1,0.005446776,0.510787101,0.5139389642882264
BETFUD_clean,6.14614,4.2626,6.11668,1.06295,2329.37,2191.42,0.0,0.0,0.6258,0.58874,0.0,1,0.005139474,0.50016427,0.5063238759039023
BETGAK_clean,6.1095,4.21478,5.89063,1.06153,2331.97,2196.8,0.0,0.0,0.6284,0.591977,0.0,1,0.005589338,0.514304881,0.5411596049055389
BETGIS_clean,14.00278,4.06192,14.00278,1.35807,1041.82,767.136,450.295,331.571,0.6224,0.458298,0.0,1,0.002540636,0.237611897,0.2453419497342994
BETGOY_clean,15.16495,5.42937,15.16495,1.28137,1222.88,954.353,401.433,313.284,0.472,0.368356,0.11956,1,0.002731741,0.261381357,0.31536773207230495
BETGUE_clean,15.53135,9.65919,15.53135,0.735216,1298.07,1765.57,466.651,634.712,0.7352,0.999978,0.0,1,0.003124144,0.31537279,0.3044920274865885
BETHEP_clean,15.93969,5.38602,15.93969,1.55026,1210.88,781.08,479.733,309.453,0.6876,0.443538,0.0,1,0.001861247,0.186655906,0.1885419889930256
BETZOR_clean,7.75357,4.72091,7.64098,1.06732,1559.59,1461.22,0.0,0.0,0.5544,0.519432,0.0,1,0.005768758,0.502665214,0.5251751447698938
BEVWAB_clean,10.82145,10.4749,10.82145,1.13595,1606.82,1414.52,0.0,0.0,0.6172,0.543335,0.0,1,0.005120629,0.442012307,0.4675229774604925
BEWWEH_clean,9.01955,7.89385,9.01955,0.713962,2373.05,3323.78,0.0,0.0,0.7674,1.07485,0.0,0,0.001552007,0.154710041,0.1620532961876175
BEXPAX_clean,6.17717,5.82599,6.17717,0.749009,3226.03,4307.06,0.0,0.0,0.7082,0.945516,0.0,1,0.00672722,0.672940578,0.6360068502921599
BEXQIF_clean,8.04962,5.28644,8.01765,0.683962,2466.36,3605.99,0.0,0.0,0.7172,1.0486,0.0,0,0.002358383,0.237956768,0.243631291739145
BEXQOL_clean,8.04915,5.31359,8.00625,0.699237,2471.17,3534.09,0.0,0.0,0.7174,1.02598,0.0,0,0.002119334,0.206294689,0.21548879539064447
BEXQUR_clean,8.07729,5.36514,8.07375,0.705667,2478.07,3511.67,0.0,0.0,0.72,1.02031,0.0,0,0.002101033,0.212784363,0.21541814164936862
BEXRAY_clean,8.11263,5.64009,8.11263,0.639388,2590.56,4051.63,0.0,0.0,0.7392,1.15611,0.0,0,0.002139415,0.205454816,0.21129971994186003
BEXRUT_clean,6.49399,4.71424,6.45917,1.07075,1422.45,1328.47,0.0,0.0,0.585,0.546348,0.0,1,0.003103936,0.296066767,0.30056839637778104
BEXSAA_clean,6.21678,4.72062,6.15067,0.992771,1456.96,1467.57,0.0,0.0,0.5884,0.592684,0.0,1,0.003179533,0.300712692,0.30163363530933995
BEXSII_clean,6.27069,4.79422,6.26455,0.943025,2150.91,2280.86,0.0,0.0,0.668,0.708359,0.0,1,0.005236997,0.496985641,0.5028443246262283
BEXVEH_clean,9.97626,6.15688,9.95158,0.782835,2372.61,3030.79,0.0,0.0,0.7306,0.933274,0.0,1,0.003983874,0.38723856,0.3905135404351882
BEYSEF_clean,5.61731,4.74798,5.61731,1.17978,1409.15,1194.41,0.0,0.0,0.5534,0.469069,0.0,0,0.002291783,0.215214273,0.23870591118196244
BIBXIV_clean,18.4936,4.06846,18.4936,0.9977,1657.17,1660.99,0.0,0.0,0.7322,0.733888,0.0,0,0.003447347,0.328019139,0.3343191720891797
BICPOT_clean,7.30922,6.53578,7.30892,1.59286,1232.22,773.59,12.3074,7.72661,0.5162,0.324071,0.0,0,0.003165223,0.30467224,0.2905266763120671
BIDPOV_clean,11.29156,6.79888,11.29156,0.619303,2469.5,3987.54,0.0,0.0,0.7532,1.21621,0.0,1,0.005259312,0.515691785,0.49870062985428165
BIFGOO_clean,10.87246,9.01928,10.87246,1.75205,1220.8,696.781,0.0,0.0,0.5534,0.315858,0.0,1,0.000881029,0.085940584,0.05935932769348862
BIFKEI_clean,5.92703,4.3432,5.92703,1.02128,2025.04,1982.84,0.0,0.0,0.6088,0.596113,0.0,1,0.005071749,0.474625453,0.5084993906583954
BIGZUO_clean,21.72315,20.98793,21.52659,0.308304,1399.52,4539.4,0.0,0.0,0.9064,2.93995,0.0,1,0.002557939,0.245175403,0.26040215500796815
BIHBAX_clean,18.57439,17.55669,18.57439,0.321672,1460.76,4541.16,0.0,0.0,0.8984,2.79291,0.0,1,0.002452772,0.240676959,0.26136581335246845
BIJDUV_clean,8.61386,5.69718,8.42708,0.896671,1704.44,1900.85,0.0,0.0,0.6122,0.682747,0.0,1,0.002951758,0.291319862,0.2920664762735208
BIMDEF_clean,4.67684,3.43732,4.67684,1.38964,1289.29,927.79,0.0,0.0,0.5428,0.390606,0.0,1,0.005728375,0.518775088,0.5213031305239594
BIMDIL_clean,5.20728,3.51213,5.20728,1.39622,1478.14,1058.67,0.0,0.0,0.539,0.386042,0.0,1,0.006970241,0.623849139,0.5995419324320753
BINCUY_manual,13.3117,8.62623,13.3117,0.583969,2196.14,3760.71,0.0,0.0,0.7246,1.24082,0.0,0,0.003491974,0.342557183,0.3457903195230553
BINROH_clean,21.31368,10.23686,21.31368,0.503862,1906.53,3783.82,0.0,0.0,0.7964,1.58059,0.0,1,0.004148915,0.415098034,0.39188194809105703
BINSAU_clean,21.88013,9.52705,21.05522,0.471575,1883.78,3994.65,0.0,0.0,0.7874,1.66972,0.0,1,0.004004558,0.39890726,0.381689109458084
BIPLIX_clean,7.36646,5.75458,7.16866,1.07595,1632.15,1516.94,0.0,0.0,0.6014,0.558949,0.0,1,0.002206173,0.216793225,0.22970621927193363
BIQVII_clean,5.22147,4.62031,5.22147,1.62242,863.635,532.315,0.0,0.0,0.4264,0.262818,0.0,1,0.002793422,0.244689955,0.22761800928497167
BIRMUM_clean,5.54904,4.6855,5.54904,1.2621,494.559,391.853,0.0,0.0,0.4238,0.335789,0.0,1,0.00158277,0.147106206,0.13516674900849235
BIRSEC_clean,6.48832,4.86094,6.48832,1.33798,1247.05,932.038,0.0,0.0,0.5134,0.383713,0.0,1,0.00320963,0.297589819,0.2972797468080791
BIRSIG_clean,6.37536,4.74657,6.37536,1.3786,1214.29,880.813,0.0,0.0,0.4994,0.362252,0.0,1,0.003446447,0.323554001,0.32257766209612027
BIWSIK_ion_b,18.63687,3.90699,18.63687,0.676975,1941.67,2868.16,0.0,0.0,0.7214,1.06562,0.0,0,0.003336236,0.327366436,0.33331479653032137
BIWYAH10_clean,7.2461,5.52874,7.11386,0.722295,2876.07,3981.85,0.0,0.0,0.7574,1.0486,0.0,1,0.001490873,0.151798279,0.16379802001093952
BIYSUZ_clean,8.31867,7.50799,8.23674,1.3283,1507.88,1135.19,0.0,0.0,0.5826,0.438604,0.0,1,0.001921999,0.183196242,0.18190552966454399
BIYTAG_clean,8.33704,7.53322,8.33704,1.33737,1512.13,1130.67,0.0,0.0,0.5802,0.433835,0.0,1,0.001855559,0.183019353,0.17718725917792222
BIYTOU_clean,7.95789,5.70379,7.949,1.02105,1875.01,1836.36,0.0,0.0,0.6212,0.608393,0.0,1,0.003597809,0.340748292,0.35112298755638083
BIYVEM_clean,7.9618,7.16704,7.94594,1.42154,1501.18,1056.02,0.0,0.0,0.5718,0.402241,0.0,1,0.001778328,0.178833883,0.16466055227766963
BIYVIQ_clean,8.9412,8.20862,8.9412,1.41865,1440.37,1015.31,0.0,0.0,0.5976,0.421246,0.0,1,0.001770676,0.1654578,0.16281754558333705
BIZLUT_clean,8.11197,6.3971,8.1065,0.849879,2006.01,2360.34,0.0,0.0,0.6572,0.773287,0.0,0,0.0045053,0.410076022,0.42007341824084743
BIZMEE_clean,8.33004,6.47185,8.30636,0.855248,2017.93,2359.47,0.0,0.0,0.661,0.772875,0.0,0,0.004388414,0.412715204,0.41265108240274373
BIZMII_clean,8.09188,6.36998,8.09188,0.865187,2004.99,2317.41,0.0,0.0,0.6566,0.758911,0.0,0,0.004456563,0.421817794,0.4131826609753117
BOCKOT_clean,4.81526,3.42101,4.526,1.37869,1402.34,1017.16,0.0,0.0,0.5962,0.43244,0.0,1,0.002085793,0.206654421,0.1976726469477434
BOHJOZ_auto,7.4485,3.57263,7.4485,1.57117,1415.9,901.179,0.0,0.0,0.557,0.354513,0.000254588,0,0.00267309,0.242853601,0.276717790458446
BOJCIN_clean,5.54889,5.25047,5.54889,1.10605,695.341,628.668,98.2069,88.7903,0.5312,0.480266,0.0,0,0.002262875,0.20065222,0.21596690354893533
BOKQEZ_clean,7.07757,4.49353,7.07641,1.32957,1554.46,1169.14,0.0,0.0,0.5416,0.407349,0.0,1,0.002022066,0.196569904,0.19889694236028876
BOMCOX_clean,5.96735,4.28567,5.96735,1.1236,1334.13,1187.38,0.0,0.0,0.5368,0.477752,0.0,1,0.005146856,0.462069748,0.478029939717723
BOPHIZ_clean,6.90751,5.24121,6.77761,1.23618,1521.62,1230.9,0.0,0.0,0.572,0.462715,0.0,1,0.004955382,0.473673173,0.45592281528970957
BOXFOK_clean,18.0621,10.42327,18.0621,0.790526,1355.07,1714.14,197.917,250.36,0.69,0.872836,0.0,1,0.005944311,0.453172915,0.49179608112020373
BOXYIY_clean,4.39053,3.85775,4.38747,1.58321,405.121,255.886,388.713,245.521,0.5092,0.321625,0.0,0,0.002949925,0.278227658,0.2794254998424084
BOYCEY_auto,12.37213,6.12785,11.76706,0.613909,2396.05,3902.93,0.0,0.0,0.7532,1.22689,0.0,1,0.004917764,0.456895355,0.4587303429078247
BOYYOF_clean,9.47252,6.48081,9.47252,1.142,1531.96,1341.47,0.0,0.0,0.5924,0.518737,0.0,1,0.001900599,0.179496573,0.18451922620817623
BOZFIH_clean,5.87158,4.75385,5.8575,1.05542,1850.88,1753.69,0.0,0.0,0.6,0.568494,0.0,1,0.006725127,0.605709382,0.6055313099224384
BOZFON_clean,6.15469,4.01567,6.15002,1.24414,1139.51,915.903,0.0,0.0,0.502,0.403491,0.0,1,0.004757298,0.424986572,0.4254844022137731
BUBQOE_clean,4.52128,3.65213,4.52128,2.72539,937.142,343.857,0.0,0.0,0.5338,0.195862,0.0,1,0.001838596,0.168125498,0.14578823820006004
BUCSEY_clean,4.71556,3.52125,4.69979,1.38457,757.197,546.884,0.91517,0.66098,0.4988,0.360257,0.0,1,0.004262718,0.390822084,0.38195092274124515
BUCWAZ_clean,8.06989,6.31772,7.96603,0.986571,2261.23,2292.01,0.0,0.0,0.6822,0.691486,0.0,1,0.00356652,0.333844163,0.35212299902883754
BUGSAY_clean,4.67913,4.1432,4.67313,1.68326,1087.13,645.849,0.0,0.0,0.5314,0.315696,0.0,1,0.001374771,0.13150617,0.12925955133054928
BUGSEC_clean,4.72085,4.19082,4.71595,1.60879,1101.18,684.479,0.0,0.0,0.538,0.334413,0.0,1,0.001312916,0.128704945,0.12390482352971849
BUGSOM_clean,4.69508,4.16375,4.68969,1.65941,1093.22,658.798,0.0,0.0,0.5332,0.321319,0.0,1,0.00131079,0.131106478,0.12047057162541985
BUKMUQ01_clean,5.90111,4.73838,5.90111,0.853512,2933.47,3436.94,0.0,0.0,0.7038,0.824593,0.0,1,0.004407459,0.427562696,0.42211360607305576
BUKRUW01_clean,10.63994,5.17607,10.63994,0.946218,2406.2,2542.96,0.0,0.0,0.7374,0.779313,0.0,1,0.002400559,0.230180724,0.2513266076734081
BUKRUW02_clean,10.18784,5.8011,10.17435,0.90051,2432.65,2701.41,0.0,0.0,0.7394,0.821091,0.0,1,0.002383339,0.225693028,0.2449590196265231
BUKYAJ_clean,5.10209,3.53964,5.09477,0.92244,1064.13,1153.61,0.0,0.0,0.5144,0.557651,0.0,0,0.008768854,0.761162343,0.7294348033719177
BUNKUS_clean,39.11063,37.47642,39.11063,0.375289,1307.21,3483.2,0.0,0.0,0.8658,2.30702,0.0,1,0.003468772,0.320921523,0.34193978775707173
BUNLAZ_clean,38.39638,36.09316,38.39638,0.330751,1417.57,4285.91,0.0,0.0,0.8776,2.65335,0.0,1,0.003441641,0.338084016,0.3466868280387243
BUPVEP_clean,8.00881,3.79594,6.88527,1.70124,1586.52,932.564,97.3647,57.2315,0.582,0.342103,0.00105805,0,0.001623505,0.159045398,0.24268810914498978
BURQIQ_clean,8.30102,5.43995,8.30102,0.998622,1908.3,1910.93,0.0,0.0,0.629,0.629868,0.0,1,0.004950722,0.448734511,0.4599152554078673
BUSNAF_clean,7.07895,5.43293,7.07895,1.23597,749.429,606.348,0.0,0.0,0.4656,0.376708,0.0,0,0.001641249,0.157272401,0.1477798832892125
BUVHEH_clean,4.88072,3.66399,4.88072,1.23567,2100.31,1699.73,0.0,0.0,0.5996,0.485242,0.0,1,0.003818389,0.367347326,0.377350621046858
BUVWOF02_clean,7.02744,5.38791,7.02744,1.22872,811.616,660.538,0.0,0.0,0.4574,0.372258,0.0,0,0.001471349,0.148130102,0.13793257756131833
BUVWOF03_clean,7.08217,5.70931,7.08217,1.19421,800.187,670.058,0.0,0.0,0.4798,0.401773,0.0,0,0.00183641,0.174363137,0.15640800773475105
BUVXOG_clean,6.82532,5.20998,6.82532,1.26745,776.672,612.785,0.0,0.0,0.469,0.370036,0.0,0,0.00154214,0.149151718,0.14653139003006121
BUVYEX_clean,7.01349,5.55881,7.01349,1.21167,786.339,648.971,0.0,0.0,0.4712,0.388885,0.0,0,0.00192594,0.183420259,0.15917848429011072
BUVYIB_clean,10.88811,8.55613,10.38381,0.702067,2220.12,3162.26,0.0,0.0,0.6958,0.991073,0.0,0,0.005871514,0.583475779,0.5570125727002327
BUWMAJ_clean,5.16551,3.78381,5.16551,1.21126,1971.74,1627.85,16.6796,13.7705,0.662,0.54654,0.0,1,0.001662369,0.164370202,0.1887749952405643
BUWMEN_clean,5.23161,3.83405,5.2282,1.19035,2065.33,1735.06,0.0,0.0,0.6496,0.545721,0.0,1,0.001768744,0.184508455,0.1790549846474246
BUXTOF_clean,5.10112,3.76343,4.43149,1.37664,488.999,355.212,519.913,377.668,0.5386,0.391242,0.0,1,0.007465979,0.674576128,0.6189611654893061
BUXZAX_clean,33.37685,31.81617,33.36969,0.55548,1448.92,2608.41,0.0,0.0,0.8332,1.49996,0.000360049,1,0.002644457,0.258776551,0.2673145886031827
c4ce00408f_c4ce00408f2_clean,12.62762,5.23882,12.62762,1.04827,1808.67,1725.39,210.803,201.096,0.6818,0.650406,0.0,1,0.006127848,0.463442313,0.5301963566842847
c4dt03702b_c4dt03702b2_clean,8.83143,6.21194,8.83143,0.592358,2322.31,3920.45,0.0,0.0,0.7494,1.26511,0.0,0,0.002725832,0.293887078,0.271418891913827
c5cc09432a_c5cc09432a2_clean,7.04652,4.99124,7.03394,1.10591,1252.19,1132.28,0.0,0.0,0.53,0.479244,0.0,1,0.003836171,0.357262096,0.3487869528205182
c5cc10203k_c5cc10203k2_clean,16.11055,7.03802,16.11055,0.497,2186.45,4399.29,0.0,0.0,0.7782,1.5658,0.0,1,0.004019773,0.404489395,0.3880861606732089
c5ce00010f_c5ce00010f2_clean,6.25876,3.82372,5.50534,1.19183,724.15,607.595,429.773,360.599,0.5406,0.453588,0.0,1,0.00201355,0.189472183,0.20053580110397506
c5ce00862j_c5ce00862j2_clean,7.29772,5.9904,7.16104,1.02623,1329.56,1295.58,0.0,0.0,0.5566,0.542374,0.0,0,0.004361725,0.410791404,0.3993624551608774
c5ce01948f_c5ce01948f2_clean,5.17559,4.77124,5.17559,1.89554,519.58,274.107,0.0,0.0,0.3868,0.204058,0.0,0,0.001054582,0.101143342,0.12228045337694204
c5ce02194d_c5ce02194d2_clean,6.92785,5.95944,6.79754,0.95198,1569.85,1649.04,0.0,0.0,0.5884,0.61808,0.0,1,0.004848848,0.455926918,0.46492093557803055
c5cp03920g_c5cp03920g2_clean,8.5781,4.08235,8.5781,1.22102,1656.3,1356.48,0.0,0.0,0.5914,0.484347,0.000163797,0,0.003528017,0.331718743,0.3307424955344347
c5dt03091a_c5dt03091a2_clean,12.70758,7.22422,12.62907,0.840959,1997.99,2375.84,0.0,0.0,0.7324,0.87091,0.0,0,0.002005681,0.189673773,0.18975840659619814
c5gc02393a_c5gc02393a2_clean,5.4044,4.48945,5.38726,1.33709,1164.94,871.248,14.4818,10.8309,0.513,0.383669,0.0,1,0.004009147,0.36524364,0.36718493474058744
c5nj01930c_c5nj01930c2_clean,5.64911,4.27538,5.64911,1.35969,1108.37,815.17,0.0,0.0,0.4986,0.366702,0.0,1,0.004858495,0.427825396,0.4287497320160734
c5nj02634b_c5nj02634b2_clean,6.56089,5.15548,6.36711,0.972386,1739.81,1789.21,0.0,0.0,0.6012,0.618273,0.0,1,0.005521188,0.490916437,0.511320877790022
c5sc03494a_c5sc03494a2_clean,6.21978,5.55178,6.21978,0.911359,2530.42,2776.54,0.0,0.0,0.701,0.769181,0.0,0,0.005961342,0.56713348,0.5538879971515953
c6cc00862c_c6cc00862c2_clean,8.00553,6.19741,8.00553,0.932782,1633.12,1750.81,0.0,0.0,0.6212,0.665964,0.0,1,0.005247141,0.485826835,0.4870222053812724
c6cc02494g_c6cc02494g1_clean,11.72847,10.48758,11.72847,1.03086,1570.44,1523.42,0.0,0.0,0.6508,0.631316,0.0,1,0.002231445,0.213064804,0.21961588930534165
c6cc02494g_c6cc02494g3_clean,11.9944,10.81728,11.9944,1.03032,1587.16,1540.45,0.0,0.0,0.6594,0.639995,0.0,1,0.002389506,0.23329141,0.231143772987362
c6cc02494g_c6cc02494g4_clean,11.99779,10.81941,11.9905,1.02929,1587.08,1541.92,0.0,0.0,0.6598,0.641025,0.0,1,0.002313058,0.23288851,0.231143772987362
c6cc02494g_c6cc02494g5_clean,11.54428,10.77033,11.54428,1.02257,1607.9,1572.4,0.0,0.0,0.664,0.649342,0.0,1,0.002224124,0.222317779,0.2201646015345458
c6cc02494g_c6cc02494g6_clean,11.73822,10.49789,11.73822,1.02922,1570.21,1525.64,0.0,0.0,0.6512,0.632715,0.0,1,0.002183924,0.211450106,0.21512219329216653
c6ce00141f_c6ce00141f2_clean,9.56221,8.33336,9.07575,0.705297,1946.55,2759.91,0.0,0.0,0.6886,0.976327,0.0,0,0.003728441,0.361290264,0.3705577355985752
c6ce00407e_c6ce00407e1_clean,15.77585,8.21654,15.76128,0.595584,2156.28,3620.44,0.0,0.0,0.7746,1.30057,0.0,1,0.003512747,0.341817959,0.3481409410397869
c6ce00407e_c6ce00407e4_clean,54.27623,28.17362,54.19829,0.0636525,512.685,8054.44,0.0,0.0,0.9694,15.2296,0.0,0,0.008393828,0.820075806,0.6531233763331201
c6ce00407e_c6ce00407e5_clean,63.59368,29.48381,63.52961,0.0569197,473.468,8318.18,0.0,0.0,0.969,17.024,0.0,0,0.008915744,0.863300684,0.6648159100137072
c6ce00407e_c6ce00407e6_clean,30.12078,11.89205,30.05394,0.244057,1388.32,5688.54,0.0,0.0,0.9004,3.68931,0.0,0,0.003512322,0.336957311,0.339354627191536
c6dt03852b_c6dt03852b2_clean,13.14811,11.57992,13.14609,0.737977,1944.6,2635.04,0.0,0.0,0.7482,1.01385,0.000271011,1,0.003389477,0.322681982,0.32585409015170064
c6ta00429f_c6ta00429f2_clean,15.86893,5.53957,7.79231,0.722489,2062.25,2854.37,0.0,0.0,0.6916,0.957247,0.000276821,0,0.00324029,0.306362626,0.32547517585006996
CABJOH_clean,4.53725,3.92462,4.47478,1.06179,1786.16,1682.21,0.0,0.0,0.5552,0.522889,0.0,1,0.009391455,0.855680313,0.8357581510954432
CADPII_clean,5.83331,5.05627,5.83331,2.03698,286.725,140.76,0.0,0.0,0.351,0.172314,0.0,1,0.00223485,0.17226265,0.14437090852302997
CADQAB_clean,6.63883,4.78268,6.63883,1.11548,2206.23,1977.84,0.0,0.0,0.6348,0.569083,0.0,1,0.004088234,0.37651977,0.3977166595194383
CADQOP_clean,6.71582,4.81933,6.71582,1.09675,2218.01,2022.35,0.0,0.0,0.6388,0.58245,0.0,1,0.003450768,0.336710138,0.350737292385473
CADZIT_clean,4.17501,3.53659,4.16494,1.26214,543.593,430.693,0.0,0.0,0.4638,0.367472,0.0,0,0.002474685,0.243939685,0.24390589488437864
CAGSAG_clean,9.02799,5.29308,7.06322,0.961699,2031.62,2112.53,9.03866,9.39864,0.6624,0.688781,0.0,1,0.004810663,0.447974056,0.44941774773476484
CAGXIU_clean,5.87273,4.76439,5.85793,1.68022,875.321,520.957,0.0,0.0,0.4288,0.255205,0.0,0,0.005317289,0.448565777,0.4353766595559132
CAJQEL_clean,13.93661,8.23046,13.93661,0.705662,2053.08,2909.44,0.0,0.0,0.7554,1.07048,0.0,1,0.005510208,0.49741767,0.4943942526368269
CAJQIP_clean,13.27741,7.61293,13.27741,0.545408,2173.64,3985.35,0.0,0.0,0.787,1.44296,0.0,1,0.004189361,0.416546911,0.39472591489156683
CAJWIV_ion_b,6.19996,3.79741,6.11559,1.07892,1261.13,1168.88,0.0,0.0,0.546,0.50606,0.0,1,0.005838937,0.512825657,0.5283135643078718
CAMROA_clean,7.19069,4.56478,7.19069,1.30979,1422.32,1085.91,0.0,0.0,0.5454,0.416401,0.0,1,0.005766523,0.538684017,0.5157802387046675
CANRIU_clean,6.98874,4.43531,6.97328,0.861557,1846.01,2142.64,0.0,0.0,0.6044,0.70152,0.0,1,0.004853133,0.45785744,0.462305258595385
CANROA_clean,6.93935,4.21694,6.93935,0.944373,1810.25,1916.88,0.0,0.0,0.5966,0.631742,0.0,1,0.003987562,0.391470413,0.39144883099308553
CANRUG_clean,6.57321,4.9271,6.57235,0.884567,1797.13,2031.65,0.0,0.0,0.588,0.664732,0.0,1,0.005047107,0.481776817,0.4872371240140096
CANYIB_clean,8.93125,8.46949,8.93125,1.07172,1754.82,1637.38,0.0,0.0,0.614,0.572909,0.0,1,0.003187569,0.303946664,0.3022146969827194
CASTEW_clean,6.08438,5.45003,6.05599,1.74666,1447.28,828.595,0.0,0.0,0.5044,0.288779,0.0,0,0.009506639,0.798367593,0.7749277575309541
CAVNOE_clean,5.24143,4.75286,5.24143,1.73091,867.69,501.29,0.0,0.0,0.4214,0.243455,0.0,0,0.004853952,0.408458473,0.40370071274184927
CAVPEW_manual,20.25907,7.7782,20.25907,0.40269,1930.55,4794.14,0.0,0.0,0.8198,2.03581,0.0,0,0.00300948,0.316547561,0.3136789596381563
CAVPIA_manual,19.92035,7.75151,19.86628,0.416148,1969.69,4733.15,0.0,0.0,0.8146,1.95748,0.0,0,0.003159427,0.309148767,0.3155227813274687
CAVPUM_manual,20.42812,7.78019,20.42812,0.407456,1942.56,4767.53,0.0,0.0,0.8202,2.01298,0.0,1,0.003354784,0.320664024,0.3359581870060345
CAVRAU_clean,8.06449,6.42877,8.06449,0.994088,1841.55,1852.5,0.0,0.0,0.6396,0.643404,0.0,1,0.006798861,0.564366605,0.5884032100034623
CAVREY_clean,7.18071,5.30054,7.16429,1.02665,1966.55,1915.49,0.0,0.0,0.6398,0.62319,0.0,1,0.006824372,0.555372221,0.604830507586291
CAVSUP_clean,6.03054,5.46806,6.0217,1.37834,1107.72,803.663,0.0,0.0,0.5324,0.386261,0.0,0,0.001890817,0.166959948,0.17740554800965425
CAWDOU02_clean,6.97816,4.93144,6.97816,0.905214,1990.01,2198.39,0.0,0.0,0.6108,0.674758,0.0,1,0.004512681,0.434956927,0.4252651370604674
CAWVIH_SL,6.49654,4.73872,6.48371,1.24069,901.093,726.283,0.0,0.0,0.4956,0.399454,0.0,0,0.004645903,0.426663807,0.4081404920848256
CAXVII_clean,11.59355,10.81405,11.59355,1.12398,1567.91,1394.96,0.0,0.0,0.6396,0.569048,0.0,1,0.00283057,0.283178699,0.26877630562559107
CAXWAB_clean,11.47981,10.7455,11.47981,1.14506,1582.63,1382.13,0.0,0.0,0.6306,0.550713,0.0,1,0.002901425,0.286270887,0.2734179568593319
CAXWIJ_clean,11.51419,10.74209,11.51419,1.143,1585.27,1386.93,0.0,0.0,0.6362,0.556603,0.0,1,0.002939578,0.286510705,0.28509189052561856
CAXXEG_clean,6.07325,3.85926,6.03932,1.21319,1423.03,1172.97,0.0,0.0,0.5422,0.446922,0.0,0,0.003564853,0.321598792,0.34770719888438806
CAXZOS_clean,9.21896,5.54947,8.26542,0.933786,1488.97,1594.55,0.0,0.0,0.591,0.632907,0.0,0,0.005259763,0.485921067,0.4920177227990791
CAXZUY_clean,9.32301,5.43687,8.01925,0.950981,1467.16,1542.78,0.0,0.0,0.579,0.608845,0.0,0,0.005318327,0.521201211,0.4924878832176917
CAYKEU_clean,6.90917,5.51195,6.89676,1.65926,1248.25,752.294,0.0,0.0,0.5378,0.32412,0.0,1,0.002721811,0.260940636,0.24225941255577152
CAYQAV_clean,5.97925,4.27197,5.97925,1.3965,1570.86,1124.85,0.0,0.0,0.5832,0.417615,0.0,1,0.001835092,0.176356071,0.1709891921965081
CAZGIT_clean,5.03658,3.98397,5.03257,1.74975,597.309,341.369,0.0,0.0,0.4322,0.247007,0.0,1,0.003306584,0.283245103,0.2538136434735313
CAZNEY_clean,6.26427,5.09264,6.24536,0.832059,2251.27,2705.66,0.0,0.0,0.6506,0.781916,0.0,1,0.004323063,0.438544789,0.4208489394246766
CECVAI_clean,8.49795,6.03194,7.93874,0.769652,2649.07,3441.9,0.0,0.0,0.7384,0.959394,0.0,1,0.002770305,0.268253232,0.28496665744734717
CEDFIC_clean,5.4924,4.94828,5.32905,1.21421,1932.36,1591.46,0.0,0.0,0.6236,0.513586,0.0,1,0.004512431,0.419076537,0.41436261754351755
CEGFAW_clean,4.76954,3.53933,4.76954,1.84478,851.951,461.818,0.0,0.0,0.4894,0.265289,0.0,1,0.001269714,0.122805816,0.12675778315831093
CEGWER_clean,4.43901,3.87534,4.42525,1.46079,690.461,472.661,0.0,0.0,0.4246,0.290664,0.0,1,0.005652911,0.459371281,0.504233726313101
CEJBEA_clean,7.33038,5.85474,7.33038,1.57516,776.239,492.799,0.0,0.0,0.4492,0.285177,0.0,0,0.001090225,0.103200401,0.12523307585482274
CEJZAU_clean,7.19009,4.36372,6.93205,1.03983,1483.83,1427.0,0.0,0.0,0.5552,0.533934,0.0,0,0.005246942,0.514188089,0.49344497384127084
CEKROB_clean,5.35179,3.54558,5.35179,1.20403,773.46,642.39,0.0,0.0,0.4936,0.409955,0.0,0,0.00305429,0.281536635,0.2873291276630928
CELZEA_clean,5.3255,4.52273,5.32364,1.62985,1218.16,747.41,0.0,0.0,0.5184,0.318067,0.0,1,0.002551572,0.245503139,0.23554012496113175
CENJIQ_clean,8.5056,4.03981,8.49212,1.2776,1268.59,992.946,62.8816,49.2184,0.584,0.457106,0.0,1,0.002286036,0.216582088,0.22870973172594666
CENKAJ_clean,8.21931,4.12189,8.21931,1.27633,1215.32,952.199,71.8847,56.3212,0.5908,0.462888,0.0,1,0.001924874,0.191987355,0.1904247435317415
CETFOX_clean,5.89862,5.05783,5.89274,1.36113,1575.61,1157.57,0.0,0.0,0.5628,0.413479,0.0,1,0.002015853,0.198591818,0.19673989860168084
CETFUD_clean,4.78644,4.1075,4.78644,1.42835,1079.17,755.535,0.0,0.0,0.4914,0.344034,0.0,1,0.004138736,0.370831804,0.3720240364616006
CETGOY_clean,10.22503,9.4107,10.22503,0.619603,1948.44,3144.66,0.0,0.0,0.6924,1.11749,0.0,1,0.002836495,0.279367847,0.2897020873200574
CETHEQ_clean,9.71439,7.35018,9.71439,1.06464,1786.46,1678.0,0.0,0.0,0.68,0.638714,0.0,1,0.001396015,0.142740873,0.1442679153197437
CETNUL_clean,4.58077,3.60286,4.56313,1.13657,1013.54,891.755,16.0108,14.0869,0.5734,0.504499,0.0,0,0.005298458,0.466462787,0.4930647580079812
CEXHET_clean,5.56032,3.64308,4.81937,1.07672,1426.07,1324.45,4.06218,3.77273,0.5636,0.523441,0.0,1,0.003871208,0.382610279,0.3602729516504096
CEXHOD_clean,6.20263,3.99405,6.1987,0.988457,1905.85,1928.11,0.0,0.0,0.5896,0.596485,0.0,1,0.003307954,0.31053482,0.32355182123864723
CEXJOF_clean,6.33683,4.40395,6.33247,1.02087,1398.78,1370.18,127.063,124.465,0.5504,0.539146,0.0,1,0.004646963,0.410166018,0.4361579327826446
CEYPUT_clean,5.36995,3.83237,5.24339,1.20669,1059.79,878.268,0.0,0.0,0.5054,0.418833,0.0,0,0.013034097,0.953484854,1.007848677151253
CEZFIY_clean,5.34194,3.72114,5.30915,1.18992,1017.05,854.72,0.0,0.0,0.4786,0.40221,0.0,0,0.004278725,0.382014218,0.3818015918902459
cg034025wsi20030214_115651_clean,4.98405,3.48688,4.91647,1.80625,1199.75,664.222,0.0,0.0,0.5452,0.30184,0.0,1,0.002284273,0.212003163,0.22244150713846134
cg060732osi20070605_042406_clean,6.23351,5.51273,6.19042,0.921282,2509.58,2724.01,0.0,0.0,0.696,0.755469,0.0,0,0.006367646,0.611320682,0.5911536511491742
cg200332y_si_002_clean,5.21581,3.97485,5.21581,1.32224,2143.79,1621.34,0.0,0.0,0.6406,0.484482,0.0,0,0.007808794,0.709456869,0.732095451481449
cg200606r_si_001_clean,4.89412,3.61697,4.88387,1.24739,1030.7,826.282,0.0,0.0,0.5586,0.447815,0.0,1,0.015124859,1.169289348,1.1561798691594396
cg300302n_si_004_clean,4.26728,3.40774,4.26728,1.22723,425.532,346.741,0.0,0.0,0.4466,0.363908,0.0,0,0.001501867,0.133082109,0.15587589295268178
cg300827e_si_003_clean,6.49481,4.26763,6.39496,1.12226,1820.26,1621.96,0.0,0.0,0.6138,0.546932,0.0,0,0.005012296,0.454252513,0.4957063001244537
cg301577a_si_002_clean,13.79617,7.99146,13.47475,0.563648,2128.96,3777.11,0.0,0.0,0.7834,1.38987,0.0,1,0.00509548,0.46645274,0.489007860066692
cg301725z_si_004_clean,4.69664,4.11195,4.68637,1.09749,1702.36,1551.13,0.0,0.0,0.5844,0.532487,0.0,0,0.007490877,0.689780748,0.6987993691098628
cg400449c_si_001_clean,12.65792,7.41339,12.43712,0.667569,2346.54,3515.05,0.0,0.0,0.7554,1.13157,0.0,1,0.004293217,0.403332636,0.4143557704265636
cg401858s_si_002_clean,5.76822,4.62513,5.72988,1.11065,1442.06,1298.4,0.0,0.0,0.5672,0.510693,0.0,1,0.003715216,0.345583391,0.3573139724733503
cg401887b_si_003_clean,8.26997,6.53639,8.26997,0.770939,2356.88,3057.16,0.0,0.0,0.7266,0.942487,0.0,1,0.004588908,0.440445242,0.4423088411682701
cg401887b_si_004_clean,8.20931,6.61957,8.1877,0.786825,2323.24,2952.68,0.0,0.0,0.7066,0.898039,0.0,1,0.004399233,0.422929755,0.4151873407527544
cg500091k_si_002_clean,7.03754,5.53828,7.03754,0.930114,2289.08,2461.07,0.0,0.0,0.6592,0.70873,0.0,1,0.003652443,0.352069733,0.36820329917824496
cg500121f_si_004_clean,4.92521,3.49647,4.87249,1.18083,1031.61,873.629,0.0,0.0,0.5556,0.470517,0.0,0,0.007264734,0.654832807,0.6647438910774838
cg500175k_si_001_auto,20.37708,9.90922,20.37708,0.51525,1882.27,3653.11,0.0,0.0,0.821,1.5934,0.0,1,0.003279727,0.337403564,0.32846590452439595
cg500192d_si_003_clean,11.24994,9.49767,11.24883,0.554498,2069.35,3731.94,0.0,0.0,0.7928,1.42976,0.0,0,0.003140099,0.314364354,0.30626530630913984
cg501012e_si_002_clean,10.40468,5.07098,10.12255,0.834367,2007.02,2405.44,0.0,0.0,0.668,0.800607,0.0,1,0.004834015,0.453334014,0.44047980316053337
cg5010616_si_003_clean,4.68057,3.6532,4.67686,1.10074,1075.03,976.65,11.638,10.5729,0.4874,0.442795,0.0,1,0.004043649,0.37265073,0.37856430520243994
cg5010616_si_007_clean,4.62764,3.59212,4.62764,1.09202,987.897,904.65,4.23835,3.8812,0.4894,0.44816,0.0,1,0.003476272,0.35259397,0.3324368401812847
cg501141m_si_002_clean,7.16379,4.82619,7.11311,0.994067,1469.53,1478.3,195.255,196.42,0.5926,0.596137,0.0,1,0.006030134,0.535416123,0.5340119643799723
cg501231v_si_001_clean,17.06774,7.18297,17.06774,0.779609,1749.67,2244.29,0.0,0.0,0.6902,0.885316,0.0,0,0.003503673,0.354875855,0.3404925361160107
cg5012617_si_002_clean,6.32079,5.69332,6.32079,1.49326,566.795,379.568,60.4946,40.5117,0.4478,0.29988,0.0,1,0.001648139,0.155799357,0.16088371086984726
cg501279y_si_002_clean,6.41301,4.86183,6.41301,1.15346,875.131,758.698,0.0,0.0,0.4984,0.43209,0.0,0,0.007019055,0.589788179,0.5582133282061764
cg501560z_si_002_clean,9.02632,7.52711,9.02632,0.738263,2435.69,3299.23,0.0,0.0,0.7636,1.03432,0.0,0,0.001564642,0.156138856,0.16625941570466157
cg501730q_si_002_clean,15.26084,10.84338,15.26084,0.834696,1931.13,2313.57,0.0,0.0,0.7224,0.865465,0.0,1,0.003733193,0.36726601,0.35812227990660017
cg800424t_si_002_clean,11.07723,9.2554,11.07723,0.942046,1274.04,1352.42,0.0,0.0,0.6274,0.665997,0.0,1,0.00269969,0.256496686,0.2581818415301698
cg8013317_si_003_clean,5.86482,4.33377,5.84465,0.919505,1402.89,1525.7,0.0,0.0,0.564,0.613373,0.0,1,0.007735923,0.683534264,0.674374596031312
cg900153m_si_001_clean,16.94263,7.25585,10.11151,0.592421,2320.63,3917.2,0.0,0.0,0.7834,1.32237,0.0,1,0.003395129,0.340404351,0.3374545023357738
cg901128k_si_004_clean,5.1054,4.19275,5.1054,1.86722,389.052,208.359,0.0,0.0,0.4158,0.222684,0.0,0,0.001109272,0.104924418,0.11064785977684605
CIDKUX_clean,9.17673,8.30352,9.17673,1.04661,1668.34,1594.05,0.0,0.0,0.6532,0.624113,0.0,1,0.003609944,0.343999473,0.34704560599109197
CIFDOM_clean,5.56405,4.03207,5.56103,0.979977,1797.6,1834.33,0.0,0.0,0.591,0.603075,0.0,1,0.00467587,0.455740798,0.453563408369363
CIFJAE_clean,5.80851,5.16856,5.80851,1.17303,1403.54,1196.51,0.0,0.0,0.544,0.463755,0.0,1,0.006082572,0.552260757,0.536007181044633
CIFMEL_clean,8.24371,5.76486,8.24371,0.761139,2746.38,3608.25,0.0,0.0,0.7488,0.983788,0.0,1,0.002371261,0.229522413,0.25030732488311086
CIFMIP_clean,7.90061,6.44934,7.90061,1.08801,1993.5,1832.24,0.0,0.0,0.6246,0.574075,0.0,1,0.003364195,0.333922476,0.32701961963016823
CIGFAB_clean,5.06435,3.71465,5.06435,1.72692,240.436,139.228,509.807,295.211,0.5158,0.298682,0.0,1,0.003710529,0.348578978,0.2932666768523503
CIGFEF_clean,5.08065,3.70225,5.00391,1.56415,1026.35,656.171,0.0,0.0,0.547,0.349712,0.0,1,0.004361899,0.398909457,0.376569320439905
CIJVOH01_clean,5.72943,4.43683,5.71847,1.42641,2600.15,1822.87,0.0,0.0,0.6914,0.484714,0.0,1,0.001965202,0.190239111,0.18830385397655247
CIJVOH_clean,5.67314,4.40026,5.67231,1.44318,2399.39,1662.57,0.0,0.0,0.687,0.476032,0.0,1,0.001860447,0.184840741,0.17263120537180682
CIPCUB_clean,4.79005,3.99723,4.76699,1.72886,1140.31,659.571,0.0,0.0,0.5,0.289207,0.0,1,0.004949598,0.412840414,0.43451290492583206
CISXEJ_clean,8.40281,5.25443,8.32688,0.998279,1037.93,1039.71,82.5858,82.7282,0.5322,0.533117,0.0,1,0.005561143,0.456919022,0.4616872539691583
CITZIP_manual,6.91567,6.30981,6.88477,1.43035,1426.63,997.402,0.0,0.0,0.5266,0.368162,0.0,0,0.002845356,0.280551095,0.2645874873372308
CIVTEH_clean,5.3881,4.01709,5.3881,1.06088,1244.8,1173.37,0.0,0.0,0.5492,0.517684,0.0,1,0.004004823,0.374104392,0.3746775154484789
CIWRIK_clean,8.18288,7.41537,8.15939,1.23146,2070.3,1681.17,0.299565,0.243259,0.6662,0.540982,0.0,0,0.002751119,0.256137831,0.26339311885189504
CIWROQ_clean,8.21788,7.67164,8.21788,1.21042,2075.04,1714.31,0.0,0.0,0.6722,0.555343,0.0,0,0.002774161,0.258950833,0.2628629363476631
CIWRUW_clean,8.32352,7.79985,8.25756,1.23467,2023.32,1638.75,0.0,0.0,0.6682,0.541198,0.0,0,0.002562182,0.247330168,0.25294810457171396
CIWSAD_clean,8.30771,7.62763,8.30771,1.22175,2054.23,1681.39,0.0,0.0,0.6672,0.546104,0.0,0,0.002582589,0.247380859,0.25682445232506923
CIWYUD_clean,7.106,4.57125,7.10384,1.41213,1333.92,944.617,0.0,0.0,0.5334,0.377728,0.0,1,0.003361819,0.323779074,0.29797375905130585
CIWZEP_clean,6.72158,5.37996,6.72158,1.16391,939.134,806.877,0.0,0.0,0.5184,0.445394,0.0,0,0.00173077,0.164349808,0.1552638386932681
CIXBUH_clean,8.16009,7.52386,8.14429,1.22695,2058.62,1677.84,0.0,0.0,0.6684,0.544765,0.0,0,0.002635255,0.255982468,0.25788725577435373
CIYZUG_clean,4.43409,3.66305,4.43409,1.41147,330.488,234.144,0.0,0.0,0.4122,0.292036,0.0,1,0.001110159,0.097678752,0.09441021876379319
CIZMIJ_clean,6.80411,4.91458,6.62402,0.777083,2425.06,3120.72,0.0,0.0,0.6814,0.876869,0.0,1,0.005816416,0.567490767,0.5566173672532918
CIZPOS_clean,10.90949,3.96313,10.90949,0.997777,2106.31,2111.0,0.0,0.0,0.6492,0.650646,0.0,1,0.008618192,0.685750426,0.7213012694531472
cm1008587_si_003_clean,6.03686,5.8505,6.03686,1.12119,1527.32,1362.24,0.0,0.0,0.5816,0.518737,0.0,0,0.004786597,0.450488708,0.44871207830114657
cm301726k_si_004_clean,7.25727,6.70407,7.25727,1.2275,1056.33,860.551,0.0,0.0,0.4792,0.390387,0.0,1,0.004350157,0.385308602,0.37158149136744345
cm303749m_si_001_clean,11.62501,8.78986,11.62501,0.556141,2268.15,4078.37,0.0,0.0,0.7584,1.36368,0.0,1,0.003941352,0.387718091,0.38847339553776605
cm303749m_si_002_clean,11.94079,10.66908,11.94079,0.51806,2178.92,4205.92,0.0,0.0,0.7776,1.50099,0.0,1,0.003670615,0.366754793,0.3609061139629374
cm500700z_si_002_clean,6.28804,4.63482,6.27649,0.925761,2471.95,2670.19,0.0,0.0,0.6686,0.722217,0.0,1,0.006390188,0.613779278,0.5905768652379504
cm500700z_si_003_clean,7.09965,5.06719,7.09965,1.05656,1959.47,1854.58,0.0,0.0,0.6212,0.587946,0.0,0,0.004547213,0.437420954,0.43946683310748125
cm501138g_si_005_clean,13.193,6.5701,13.193,0.888496,2142.98,2411.92,0.0,0.0,0.7196,0.809908,0.0,1,0.005119887,0.448736613,0.47262224339093795
cm501138g_si_006_clean,13.20287,6.64275,13.20287,0.881027,2105.19,2389.47,0.0,0.0,0.7198,0.817001,0.0,1,0.00487965,0.432341093,0.43534897552077023
cm501138g_si_008_clean,13.18132,6.60546,13.18132,0.885001,2136.53,2414.16,0.0,0.0,0.72,0.813558,0.0,1,0.005068223,0.444600922,0.4705071149356339
cm501138g_si_009_clean,13.19195,6.68183,13.19195,0.878773,2116.69,2408.69,0.0,0.0,0.7208,0.820234,0.0,1,0.004781488,0.434616885,0.42468630786382733
cm501138g_si_010_clean,13.19966,6.69993,13.19966,0.880672,2105.24,2390.49,0.0,0.0,0.7198,0.81733,0.0,1,0.004946813,0.428835702,0.4358016591447301
cm501138g_si_011_clean,13.25601,6.66924,13.25601,0.875822,2120.67,2421.34,0.0,0.0,0.7216,0.823911,0.0,1,0.005008809,0.429732069,0.44378544899003936
cm501138g_si_012_clean,13.22876,6.69209,13.22876,0.883303,2102.85,2380.67,0.0,0.0,0.72,0.815122,0.0,1,0.004959729,0.429158601,0.44298563061222684
cm503311x_alf100K_clean,7.0434,6.64625,7.0434,0.965639,1593.91,1650.63,0.0,0.0,0.608,0.629635,0.0,0,0.002952165,0.288794573,0.2855264068044994
cm503311x_alf11K_clean,7.06313,6.65574,7.06313,0.967105,1569.67,1623.06,0.0,0.0,0.6028,0.623304,0.0,0,0.003079553,0.285654358,0.30306793738102455
cm503311x_alf150K_clean,7.24848,7.00179,7.24848,0.962828,1577.69,1638.6,0.0,0.0,0.6114,0.635005,0.0,0,0.003079553,0.281586032,0.30169933650195757
cm503311x_alf175K_clean,7.34601,7.12573,7.34601,0.962415,1571.81,1633.19,0.0,0.0,0.6104,0.634238,0.0,0,0.002885438,0.284271289,0.2827704777005389
cm503311x_alf200K_clean,7.35028,7.12879,7.35028,0.963076,1569.66,1629.84,0.0,0.0,0.6114,0.634841,0.0,0,0.002842976,0.289006886,0.28161987520722115
cm503311x_alf250K_clean,7.38381,7.16186,7.38381,0.96386,1556.21,1614.56,0.0,0.0,0.6126,0.635569,0.0,0,0.002940033,0.285106388,0.29167713517326743
cm503311x_alf290K_clean,7.33152,7.10769,7.33152,0.964679,1559.29,1616.38,0.0,0.0,0.6126,0.63503,0.0,0,0.003109884,0.295119486,0.30124930195457644
cm503311x_alf300K_clean,7.31824,7.09159,7.31824,0.964626,1573.17,1630.86,0.0,0.0,0.6112,0.633614,0.0,0,0.00298654,0.284416875,0.30136294133257335
cm503311x_alf375K_clean,7.39622,7.0927,7.39622,0.96527,1537.67,1593.0,0.0,0.0,0.6086,0.630497,0.0,0,0.002715588,0.274923439,0.2726854585657058
cm503311x_alf400K_clean,7.38658,7.1188,7.38658,0.965403,1554.96,1610.69,0.0,0.0,0.6116,0.633518,0.0,0,0.00260842,0.278526699,0.2657855430100525
cm503311x_alf40K_clean,7.05984,6.6215,7.05984,0.967154,1574.94,1628.43,0.0,0.0,0.6042,0.62472,0.0,0,0.002899593,0.286758387,0.27444755432189816
cm503311x_alf450K_clean,7.38286,7.11841,7.37883,0.965482,1551.09,1606.55,0.0,0.0,0.6096,0.631395,0.0,0,0.002879372,0.276933338,0.2814021143681882
cm503311x_alf70K_clean,7.062,6.64337,7.062,0.967007,1580.84,1634.77,0.0,0.0,0.6034,0.623987,0.0,0,0.002903637,0.292533308,0.2748075611625517
cm503311x_aloh150K_clean,7.13232,6.79915,7.13232,0.950095,1594.31,1678.06,0.0,0.0,0.6096,0.64162,0.0,0,0.003135294,0.300596307,0.30164981078463776
cm503311x_aloh175K_clean,7.12797,6.78403,7.12797,0.949982,1591.61,1675.41,0.0,0.0,0.6094,0.641486,0.0,0,0.002884963,0.300897936,0.28175136981796406
cm503311x_aloh200K_clean,7.15467,6.82431,7.15467,0.949754,1589.94,1674.05,0.0,0.0,0.609,0.641219,0.0,0,0.003047063,0.299307718,0.30218321815059845
cm503311x_aloh275K_clean,7.13108,6.79826,7.13108,0.949161,1601.41,1687.19,0.0,0.0,0.6114,0.644148,0.0,0,0.003026544,0.30348127,0.30205794807741426
cm503311x_aloh325K_clean,7.17072,6.86808,7.17072,0.948742,1590.12,1676.03,0.0,0.0,0.6094,0.642324,0.0,0,0.003051166,0.299363119,0.30235796454033653
cm503311x_aloh350K_clean,7.17066,6.85243,7.17066,0.948507,1596.68,1683.36,0.0,0.0,0.6094,0.642483,0.0,0,0.003110671,0.300725577,0.3035967907476059
cm503311x_aloh375K_clean,7.15773,6.843,7.15773,0.948289,1598.4,1685.56,0.0,0.0,0.6106,0.643896,0.0,0,0.002952675,0.299882248,0.29390253170473624
cm503311x_aloh400K_clean,7.13585,6.82109,7.13585,0.948063,1604.12,1692.0,0.0,0.0,0.6108,0.644261,0.0,0,0.003108619,0.299441091,0.3046987593858448
cm503311x_aloh425K_clean,7.16028,6.84144,7.16028,0.947823,1600.53,1688.64,0.0,0.0,0.611,0.644635,0.0,0,0.003145553,0.301361664,0.3059098534312832
cm503311x_aloh475K_clean,7.15171,6.83611,7.15171,0.947452,1603.8,1692.75,0.0,0.0,0.6108,0.644676,0.0,0,0.003057322,0.303813677,0.30383018165064446
cm503311x_F-mil-53-Al-lp-mono_clean,7.00775,6.5216,7.00775,0.971998,1645.39,1692.79,0.0,0.0,0.6046,0.622018,0.0,0,0.00380284,0.380482296,0.3703651914129489
cm503311x_F-mil-53-Al-lp-ortho_clean,7.02034,6.52714,7.01966,0.96948,1649.91,1701.85,0.0,0.0,0.609,0.628172,0.0,0,0.003908612,0.374407007,0.3735698882774697
cm503311x_OH-mil-53-Al-lp-ortho_clean,7.10725,6.52666,7.10725,0.948868,1614.15,1701.13,0.0,0.0,0.6014,0.633808,0.0,0,0.003956019,0.376492548,0.3810709532729343
cm504350q_si_002_clean,5.76264,4.30885,5.7542,1.44577,991.836,686.024,142.148,98.3197,0.5294,0.366171,0.0,1,0.003856988,0.324970141,0.33953864654330557
cm901983a_si_001_clean,27.79726,11.16103,27.79599,0.630774,1349.52,2139.47,28.0221,44.4249,0.749,1.18743,0.0,1,0.008766541,0.547257118,0.5762853683337212
COBWEV_clean,5.55668,4.21092,5.49797,1.63609,377.557,230.768,91.8579,56.1447,0.4574,0.279569,0.0,1,0.000751391,0.072756501,0.059987025118388104
COCMAJ_clean,8.89284,8.27815,8.8249,0.8398,2517.0,2997.14,0.0,0.0,0.7562,0.900452,0.0,1,0.002654426,0.247816466,0.2650608741412378
COCMOY_clean,15.71318,6.14739,15.71318,0.538882,2078.74,3857.5,0.0,0.0,0.7762,1.44039,0.0,1,0.002946934,0.288923316,0.29888944308359244
COCNAL_clean,10.84171,6.54754,10.84171,0.653951,2390.98,3656.2,0.0,0.0,0.7696,1.17685,0.0,1,0.002584564,0.267237411,0.2679874923268526
CODMUF_clean,4.26772,3.45383,4.24866,1.74897,903.437,516.555,0.0,0.0,0.5768,0.329795,0.0,1,0.005197781,0.439602464,0.4771668150560931
CODNAM_clean,4.57469,3.97634,4.52445,1.63521,1494.85,914.162,0.0,0.0,0.5962,0.364602,0.0,0,0.007568114,0.669676653,0.6593641527372471
CODROD_clean,4.34102,3.83565,4.34102,1.88869,770.385,407.893,0.0,0.0,0.4956,0.262404,0.0,1,0.00305298,0.285379143,0.28400662079274297
CODRUJ_clean,4.3292,3.79384,4.32865,1.92319,755.058,392.607,0.0,0.0,0.4878,0.253641,0.0,1,0.00303401,0.290518066,0.28183358063951347
COGNAO_clean,5.98836,4.70156,5.95362,1.13574,1753.04,1543.53,0.0,0.0,0.578,0.508922,0.0,1,0.005349642,0.490876397,0.5000658089245433
COJGEO_clean,6.41217,5.04769,5.92617,0.978354,2161.34,2209.16,0.0,0.0,0.6438,0.658044,0.0,1,0.005986644,0.560582445,0.5591334076008765
COKMEW_clean,11.49614,10.90273,11.4945,1.13639,1559.35,1372.2,0.0,0.0,0.646,0.568466,0.0,1,0.003128524,0.299068406,0.2946515270281258
COKMIA_clean,11.457,10.75448,11.457,1.17248,1560.69,1331.1,0.0,0.0,0.6422,0.547727,0.0,1,0.002382749,0.239456511,0.23416949787381774
COKMOG_clean,11.40307,10.64671,11.37943,1.32388,1550.85,1171.45,0.0,0.0,0.6382,0.482069,0.0,1,0.002220041,0.223775302,0.214299154899876
COKMUM_clean,11.78987,10.95857,11.78969,1.07449,1572.51,1463.5,0.0,0.0,0.6544,0.609034,0.0,1,0.002343949,0.228403616,0.23257153218444052
COKNAT_clean,11.6018,10.75702,11.60156,1.22798,1610.43,1311.45,0.0,0.0,0.6686,0.544469,0.0,1,0.003003344,0.292799094,0.2937577046590337
COKPEZ_clean,11.53314,10.69952,11.53296,0.910755,1588.72,1744.4,0.0,0.0,0.66,0.724674,0.0,1,0.003929044,0.372542744,0.35951686439800745
COKPID_clean,11.40668,10.82581,11.40502,1.13771,1560.01,1371.18,0.0,0.0,0.6426,0.564817,0.0,1,0.003073112,0.299777865,0.29445940486141664
COKPOJ_clean,11.55541,10.79186,11.54889,1.17423,1558.36,1327.14,0.0,0.0,0.6464,0.550488,0.0,1,0.002541243,0.247683051,0.2480432237992209
COKPUP_clean,11.57951,10.81874,11.57907,1.23248,1594.31,1293.59,0.0,0.0,0.671,0.544433,0.0,1,0.003100805,0.298601455,0.2916038928977498
COKQAW_clean,11.31709,10.61593,11.31663,1.308,1523.61,1164.84,0.0,0.0,0.6476,0.495108,0.0,1,0.00196688,0.196037046,0.1888006073587961
COKQEA_clean,11.43729,10.88858,11.43526,1.1695,1547.4,1323.13,0.0,0.0,0.6482,0.554254,0.0,1,0.002417476,0.241977275,0.24534127623080773
COKQIE_clean,11.52097,11.05538,11.51936,1.12778,1536.06,1362.02,0.0,0.0,0.646,0.572806,0.0,1,0.00292686,0.299157429,0.2740715927597196
COKQOK_clean,11.69077,10.88298,11.69034,1.22651,1596.45,1301.62,0.0,0.0,0.6696,0.545941,0.0,1,0.003117049,0.293424897,0.29265591043239064
COKROL_clean,5.12764,4.65835,5.12764,1.20027,1190.29,991.679,0.0,0.0,0.5368,0.447232,0.0,1,0.012797427,0.974534533,1.0143950942724003
COKRUR_clean,8.84098,5.5446,8.84098,0.885689,1897.06,2141.9,0.0,0.0,0.6258,0.706568,0.0,1,0.006485788,0.568691289,0.5704256116640359
COQHUN_clean,7.65838,4.8543,7.65838,0.97068,1543.72,1590.34,0.0,0.0,0.5742,0.591544,0.0,1,0.006201493,0.533324806,0.5584218178501863
COQLAX_clean,6.51206,3.51527,6.51206,1.25751,617.251,490.851,2.6328,2.09366,0.4496,0.357531,0.0,1,0.002523977,0.230964539,0.21599701801488236
COQTEJ_clean,7.76168,6.6264,7.46116,0.69781,2656.93,3807.52,0.0,0.0,0.7034,1.00801,0.0,1,0.005424993,0.5487622,0.5100283541320273
CORZIU_clean,12.15536,11.69752,12.13047,0.719622,2150.19,2987.95,0.0,0.0,0.7504,1.04277,0.0,1,0.00439273,0.427585833,0.4115597686887523
COTVOY_clean,5.88006,4.17812,5.70456,1.30534,1614.08,1236.52,0.0,0.0,0.5814,0.445402,0.0,1,0.004342661,0.402013915,0.3993081047912309
COTXEQ_clean,5.14726,4.24065,5.13338,1.08125,1135.23,1049.92,0.0,0.0,0.5266,0.487029,0.0,0,0.006669493,0.596387015,0.6035887882968982
COTXIU_clean,5.20924,4.31105,5.19843,1.08343,1119.32,1033.13,0.0,0.0,0.5218,0.481618,0.0,0,0.006706225,0.618844298,0.5978955602240773
COTXOA_clean,5.06649,4.15335,5.05658,1.08454,1114.76,1027.86,0.0,0.0,0.52,0.479465,0.0,0,0.006662497,0.599706894,0.5985134969697362
COTYIV_clean,9.63817,7.84231,9.63817,0.968257,1898.84,1961.09,0.0,0.0,0.697,0.71985,0.0,1,0.002323465,0.228034935,0.2322304004286358
COVPAG_clean,5.03463,4.22302,4.98223,1.34292,669.782,498.75,0.0,0.0,0.3872,0.288327,0.0,1,0.004877974,0.435812312,0.41028301631686276
COWMEH_clean,6.75649,5.53249,6.75411,1.20645,2145.39,1778.27,0.0,0.0,0.6618,0.548553,0.0,1,0.002129489,0.217123869,0.20288874835097825
COWMOR_clean,6.72492,5.5633,6.71793,1.24692,2127.23,1705.98,0.0,0.0,0.644,0.516471,0.0,1,0.002122999,0.218082942,0.20805080806692272
COWMUX_clean,6.71015,5.5309,6.7037,1.25989,2128.6,1689.51,0.0,0.0,0.6534,0.518616,0.0,1,0.002159128,0.215065871,0.20882563417318395
COXHED_clean,8.70899,8.38156,8.70899,0.6876,2308.5,3357.33,0.0,0.0,0.7964,1.15823,0.0,0,0.001521901,0.147616236,0.15988993831277604
COXHIH_clean,8.57279,8.24745,8.57279,0.705939,2310.51,3272.96,0.0,0.0,0.7916,1.12134,0.0,0,0.001347675,0.148014878,0.13737184718270662
COXHON_clean,8.79766,8.47314,8.79766,0.659131,2297.83,3486.15,0.0,0.0,0.8002,1.21402,0.0,0,0.001792261,0.183517519,0.17643561688766018
COXXIX_clean,5.00194,3.89763,4.98595,1.444,837.163,579.754,22.0465,15.2677,0.5136,0.355679,0.0,1,0.000894576,0.08912164,0.10217713581670007
COYCID_clean,9.57313,6.95581,9.57313,0.931123,1860.71,1998.35,0.0,0.0,0.6788,0.729012,0.0,1,0.001954439,0.201528114,0.20316586788479402
COZMUA_clean,10.13386,5.37207,10.11324,0.637133,2279.97,3578.48,0.0,0.0,0.7374,1.15737,0.0,1,0.003576023,0.35037968,0.3643586322078213
CUBHOY_clean,7.59167,4.35736,7.59084,1.4363,1409.0,980.994,0.0,0.0,0.55,0.382928,0.0,1,0.00212067,0.198754971,0.1944978119674014
CUCSAU_clean,5.5757,4.21323,5.5757,0.840322,1200.85,1429.04,0.0,0.0,0.5078,0.604292,0.0,1,0.002680197,0.260065469,0.26460179149526736
CUCTAX_clean,4.38086,4.0721,4.38086,1.35437,330.655,244.139,49.7338,36.721,0.4262,0.314685,0.0,0,0.005318817,0.431675171,0.44911109991840076
CUFDUD_clean,6.88574,5.43307,6.8031,0.934938,2543.4,2720.39,0.0,0.0,0.6874,0.735236,0.0,0,0.006513294,0.622889016,0.6138896202143683
CUFFAL_clean,6.84864,5.58095,6.83586,0.914088,2542.3,2781.24,0.0,0.0,0.6982,0.763822,0.0,0,0.00597866,0.585034825,0.5640050862644298
CUFFEP_clean,6.24407,5.54414,6.24407,0.899727,2546.22,2829.99,0.0,0.0,0.6998,0.777791,0.0,0,0.005300642,0.502442452,0.5033615775239185
CUFGIV_clean,7.21934,5.21879,7.21721,0.929294,2597.37,2794.99,0.0,0.0,0.6854,0.737549,0.0,1,0.004023798,0.389179402,0.39441846676309206
CUGVUW_clean,6.46234,4.56978,6.46234,1.32198,676.004,511.358,0.0,0.0,0.4376,0.331019,0.0,0,0.001693987,0.153207753,0.16065401350958047
CUGXAF_clean,8.60996,4.08035,8.60996,0.892149,1793.87,2010.73,0.236744,0.265364,0.6424,0.720059,0.0,1,0.006187897,0.564598469,0.5591108128534561
CUKXIR_clean,4.25316,3.64523,4.25225,1.37123,1248.02,910.151,0.0,0.0,0.5164,0.376597,0.0,1,0.004824191,0.447675558,0.44624270252283854
CUKZOY_clean,4.8322,4.10064,4.8322,1.27011,1172.94,923.5,0.0,0.0,0.5356,0.421697,0.0,1,0.003914663,0.370778359,0.3534802562360889
CUMDIY_clean,5.05781,4.25829,5.05781,2.01174,699.865,347.89,0.0,0.0,0.3956,0.196645,0.0,0,0.004032221,0.315822099,0.3330389966038911
CUMDUK_clean,6.0834,3.52201,5.92291,1.54452,1012.49,655.538,0.0,0.0,0.489,0.316603,0.0,1,0.001496295,0.147923492,0.14691196074450164
CUMJEB_clean,5.10711,4.11246,5.10711,2.00854,711.044,354.01,0.0,0.0,0.4216,0.209904,0.0,0,0.00163555,0.149788544,0.16447377645231287
CUMLUT_clean,5.66406,3.97439,5.65405,1.2172,2284.73,1877.03,0.0,0.0,0.6392,0.525138,0.0,1,0.005733276,0.532846923,0.5341212051010988
CUMQOQ_clean,7.03622,3.75437,6.89995,0.977205,1831.45,1874.17,0.0,0.0,0.6154,0.629756,0.0,1,0.003131429,0.307913032,0.30994006510106364
CUNFOH01_clean,8.64942,5.76711,8.00067,1.65261,1750.49,1059.23,0.0,0.0,0.639,0.38666,0.0,1,0.00071853,0.067156506,0.07439527741528729
CUNQUZ_clean,5.05516,4.50865,5.05476,1.94091,1202.57,619.589,0.0,0.0,0.5384,0.277396,0.0,1,0.003159662,0.276394517,0.2835004801575202
CUPHUS_clean,7.45968,5.41366,5.85768,0.680928,2377.88,3492.12,0.0,0.0,0.7016,1.03036,0.0,1,0.004651156,0.443451772,0.45241510025683673
CUQKOQ_clean,5.93389,5.13786,5.93375,1.75724,1823.79,1037.87,0.0,0.0,0.6128,0.348728,0.0,1,0.003047425,0.2854352,0.27871246964764695
CUQRIR_clean,5.69204,4.57463,5.69204,1.10643,1361.29,1230.35,0.0,0.0,0.5686,0.513906,0.0,0,0.004818671,0.466620968,0.4506272837330403
CUQSAK_clean,18.30047,4.50008,17.86541,0.672661,1852.6,2754.14,0.138515,0.205922,0.7088,1.05373,0.0,1,0.003211246,0.306109718,0.3287819166956288
CUQTAL_clean,8.5131,5.3048,8.50413,0.597247,2569.07,4301.52,0.0,0.0,0.7222,1.20921,0.0,1,0.004763274,0.470333584,0.4528695899953588
CURBOH_clean,9.52504,4.72038,9.52504,1.26402,1793.73,1419.06,0.0,0.0,0.654,0.517396,0.0,0,0.00170834,0.170839967,0.1760539719620134
CURQEN_clean,5.22355,3.40082,5.03486,1.27256,737.628,579.643,0.0,0.0,0.5026,0.394953,0.0,1,0.008164568,0.551848934,0.6512675032498523
CURZEV_clean,5.59049,4.15781,5.59049,1.21714,1921.05,1578.33,0.0,0.0,0.5986,0.491808,0.0,1,0.004854185,0.430808584,0.46292192090187334
CUSZEX_clean,4.67101,3.44264,4.47333,0.835534,2247.71,2690.15,0.0,0.0,0.666,0.797095,0.0,0,0.004894483,0.495282338,0.4658609970631764
CUSZIB_clean,5.49146,4.83933,5.49049,0.750845,2776.04,3697.22,0.0,0.0,0.7042,0.937877,0.0,0,0.00578934,0.551307563,0.5565235770152127
CUTBEA_clean,7.42434,5.85197,7.17817,1.04694,2086.66,1993.1,0.0,0.0,0.646,0.617036,0.0,1,0.002755077,0.273503078,0.2785862472611577
CUTBIE_clean,7.59116,5.99994,7.59116,0.996691,2065.1,2071.96,0.0,0.0,0.6486,0.650753,0.0,1,0.002849347,0.269503574,0.2866551453255124
CUTBOK_clean,7.33815,5.8072,7.33815,1.06996,2094.35,1957.42,0.0,0.0,0.6432,0.601145,0.0,1,0.002725122,0.277843953,0.278578880219706
CUVGIK_clean,6.25146,5.06086,6.0647,1.02515,1494.68,1458.01,0.0,0.0,0.5362,0.523046,0.0,0,0.007158738,0.655126617,0.6497076842832818
CUVGOQ_clean,5.59653,4.5385,5.59247,1.00212,1543.11,1539.84,0.0,0.0,0.5404,0.539255,0.0,0,0.007941267,0.724155438,0.7141979092995342
CUVHEH_clean,12.77883,12.02741,12.74392,1.65471,1447.16,874.57,0.0,0.0,0.651,0.393423,0.0,1,0.001689734,0.158405077,0.14846480454088745
CUVHIL01_clean,12.86501,12.02225,12.84969,1.66038,1437.07,865.505,0.0,0.0,0.642,0.386658,0.0,1,0.00183211,0.166724783,0.14686525161073177
CUVHIL02_clean_h,12.81562,12.03113,12.80804,1.65786,1432.65,864.159,0.0,0.0,0.6442,0.388573,0.0,1,0.00178396,0.167632617,0.14367958351360888
CUVHIL_clean_h,12.87614,12.03249,12.87614,1.65921,1433.06,863.702,0.0,0.0,0.643,0.387534,0.0,1,0.001866914,0.170736373,0.14951136803795173
CUVXAT_clean,6.50652,4.77619,6.38844,1.06179,1622.41,1527.99,0.0,0.0,0.5708,0.537581,0.0,0,0.003875706,0.373086097,0.36966772998984865
CUWNIT_clean,7.16308,4.76212,7.16308,1.01279,1797.12,1774.42,0.0,0.0,0.5942,0.586695,0.0,1,0.003649992,0.357815343,0.35187637684375905
CUWNOZ_clean,5.62994,3.54616,5.59519,1.08751,1437.05,1321.41,0.0,0.0,0.5562,0.511443,0.0,0,0.00703877,0.600214087,0.6296277893456196
CUWTUL_clean,6.09533,3.90326,6.09533,1.40599,1180.08,839.321,0.0,0.0,0.5142,0.365721,0.0,1,0.007066438,0.601379754,0.5842654891606126
CUWVAT_clean,6.58776,4.88581,6.58776,1.3301,1313.65,987.633,75.7547,56.9541,0.5658,0.425382,0.0,1,0.00510781,0.449335139,0.4784396174711522
CUWVIB_clean,5.59458,3.68098,5.59458,1.45813,1146.31,786.151,0.0,0.0,0.4962,0.340299,0.0,1,0.007036794,0.589756127,0.5747827026664242
CUWWEY_clean,6.3126,4.22285,6.24291,1.35207,1327.35,981.718,0.0,0.0,0.5216,0.38578,0.0,0,0.003976686,0.369571851,0.3603030720232804
CUWXID_clean,6.81153,5.91204,6.80774,1.05332,2229.66,2116.79,0.0,0.0,0.6498,0.616908,0.0,1,0.003759173,0.370866721,0.36884121179196283
CUWXOJ_clean,5.20089,3.52692,5.18895,1.36291,1137.88,834.888,0.0,0.0,0.5102,0.374345,0.0,1,0.008890003,0.700836676,0.7149209285664087
CUWZIF_clean,6.90107,4.04842,6.50474,1.24221,1455.33,1171.56,0.0,0.0,0.5514,0.443886,0.0,1,0.006775705,0.577487876,0.5824945436215407
CUXFIL_clean,5.39541,4.09689,5.37407,1.23338,1385.07,1122.99,0.0,0.0,0.496,0.402148,0.0,1,0.006006263,0.546460938,0.5304810402835077
CUXJAI_clean,5.59834,5.04687,5.59211,1.08566,2410.48,2220.29,0.0,0.0,0.6696,0.616766,0.0,1,0.002929438,0.268506394,0.28919630697202525
DABFIX_clean,5.93116,3.4012,5.93116,1.19033,685.642,576.011,28.078,23.5885,0.47,0.394849,0.0,1,0.004804805,0.428043904,0.40288813181163013
DABMUR_clean,5.77537,4.11633,5.61896,0.856547,2860.27,3339.3,0.0,0.0,0.6996,0.816768,0.0,1,0.004144339,0.414537404,0.40692899509041974
DACFAR_clean,7.28891,6.40353,7.28891,0.848239,1646.33,1940.88,0.0,0.0,0.624,0.735642,0.0,1,0.007445091,0.613406081,0.6562436812510036
DACYUE_clean,6.8959,6.15645,6.8959,0.724543,2828.29,3903.55,0.0,0.0,0.6932,0.956741,0.0,1,0.005971518,0.557340743,0.5707487274743552
DACZUF_clean,5.17797,3.83142,5.17477,1.30054,1151.53,885.425,0.0,0.0,0.514,0.395219,0.0,1,0.005688028,0.516158987,0.5201762224480659
DADLEC_clean,6.0526,4.95704,6.0412,1.09523,933.141,852.004,0.0,0.0,0.4902,0.447577,0.0,1,0.00299423,0.259567927,0.28217361769126437
DADNII_clean,4.74177,3.59689,4.70677,1.8394,1364.57,741.854,0.0,0.0,0.5562,0.302381,0.0,0,0.001851428,0.17705247,0.18943545088693842
DADNUU_clean,4.77214,3.58642,4.71473,1.86251,1387.29,744.847,0.0,0.0,0.5582,0.299703,0.0,0,0.001797305,0.177672942,0.18642358065725673
DADPAC_clean,4.72724,3.56217,4.71894,1.83384,1319.23,719.379,0.0,0.0,0.5554,0.302862,0.0,0,0.001690143,0.168593807,0.1706622919009092
DADPEG_clean,4.6964,3.56133,4.68951,1.91805,1368.69,713.581,0.0,0.0,0.56,0.291963,0.0,0,0.001890611,0.18786177,0.18702309051591837
DAFSOV_clean,3.83746,3.40945,3.83746,1.6077,380.608,236.741,0.0,0.0,0.4436,0.275923,0.0,1,0.00173382,0.172798972,0.1582174104206257
DAFYAN_clean,9.66168,8.17907,9.66128,0.727331,2334.02,3209.02,0.0,0.0,0.7244,0.99597,0.0,1,0.004073699,0.412685681,0.3971475577425217
DAGDIZ_clean,6.53637,3.58733,6.4961,1.65009,1230.44,745.682,0.0,0.0,0.5248,0.318042,0.0,1,0.002673866,0.256520591,0.24111051138536868
DAGDUL_clean,5.27377,3.53794,5.26479,1.49897,1060.75,707.651,0.047289,0.0315476,0.5304,0.353842,0.0,1,0.003738762,0.335229896,0.33599117308358883
DAHNUW_clean,5.84798,3.71152,5.7374,1.67689,1727.89,1030.41,0.0,0.0,0.5894,0.351484,0.0,1,0.001867252,0.180749797,0.16212483805560307
DAHPAE_clean,5.00613,3.59286,5.00613,1.85953,1943.24,1045.01,0.0,0.0,0.5872,0.315779,0.0,0,0.002269385,0.214750075,0.22847774912687047
DAKVUI_clean,10.79495,6.61419,10.65384,0.825495,2120.6,2568.89,0.0,0.0,0.704,0.852822,0.0,1,0.005899643,0.506286203,0.5245666773634683
DALSUH_clean,5.91398,4.13588,5.88727,1.34754,1386.92,1029.23,0.0,0.0,0.5694,0.422549,0.0,1,0.00421866,0.392301423,0.391861052546514
DALTAO_clean,5.94592,4.16513,5.91791,1.30338,1417.2,1087.33,0.0,0.0,0.5806,0.445458,0.0,1,0.004191181,0.384370899,0.3772555239133625
DALVAQ_clean,4.44925,3.63681,4.42486,1.58343,818.36,516.827,0.0,0.0,0.5166,0.326254,0.0,1,0.003896712,0.355488573,0.340474154075465
DALVIY_clean,8.33476,5.09032,8.29465,1.08397,2205.78,2034.91,0.0,0.0,0.6634,0.612008,0.0,1,0.003277725,0.31479899,0.3179301233516109
DAMYOI_clean,10.02859,8.74362,10.02158,0.833317,2083.55,2500.31,0.0,0.0,0.7206,0.864737,0.0,1,0.003477308,0.339273138,0.34568353858705775
DAMZEZ_clean,5.14628,4.13045,5.14063,1.48117,701.768,473.794,0.0,0.0,0.4344,0.293282,0.0,0,0.004034547,0.322891362,0.35016543482566087
DANFUW_clean,4.81728,3.69845,4.80154,1.21376,550.063,453.189,0.0,0.0,0.4588,0.377999,0.0,1,0.002403156,0.218740847,0.21423241049855113
DAPBED_clean,11.8768,6.79638,11.8768,0.823875,2185.0,2652.11,0.0,0.0,0.7074,0.858625,0.0,1,0.006021504,0.5308196,0.5390249656830233
DAPHOU_clean,10.96282,6.06241,10.06318,0.785626,2401.47,3056.76,0.0,0.0,0.737,0.938106,0.0,1,0.00395152,0.401425704,0.39134805112510823
DAPXID_ion_b,14.13138,12.09179,14.13138,0.764894,1790.29,2340.57,0.0191816,0.0250774,0.7044,0.920911,0.0,1,0.001830604,0.179019842,0.18289757593653433
DAPYAW_clean,10.03517,4.39114,9.81197,1.07113,1518.35,1417.52,0.0,0.0,0.6004,0.560529,0.0,1,0.003114583,0.281561823,0.29593853022592337
DARBUU_clean,5.36181,3.52881,5.36181,1.3326,1639.41,1230.24,0.0,0.0,0.6492,0.487169,0.0,1,0.000731301,0.068869653,0.08258214679757042
DARSEV_SL,9.02256,7.15114,9.02256,0.917569,1768.62,1927.51,0.0,0.0,0.6346,0.69161,0.0,0,0.003609068,0.333022766,0.35501698416567784
DATHAJ_clean,5.55335,3.71297,5.5372,1.88262,726.028,385.647,0.0,0.0,0.4308,0.22883,0.0,1,0.001254015,0.117218159,0.12452019975196671
DAWBIO_clean,5.36745,4.59869,5.35848,1.40464,933.9,664.867,0.0,0.0,0.4578,0.325919,0.0,0,0.004811087,0.40995935,0.4083976812589517
DAWBOU_clean,5.38914,4.65491,5.38091,1.40413,956.091,680.914,0.0,0.0,0.473,0.336864,0.0,0,0.004819616,0.424330213,0.4103500202097444
DAWBUA_clean,5.52672,4.41246,5.51306,1.33702,1014.57,758.83,0.0,0.0,0.4726,0.353472,0.0,0,0.005079235,0.437410079,0.4625189603613088
DAWCAH_clean,5.49841,4.3714,5.48581,1.35332,991.393,732.566,0.0,0.0,0.483,0.356901,0.0,0,0.00530721,0.457952109,0.46567809394775916
DAWCOV_clean,6.44243,4.38111,6.43204,0.976829,1852.41,1896.35,0.0,0.0,0.5892,0.603176,0.0,1,0.006324381,0.59750431,0.5807134810787978
DAWDAI_clean,5.05189,3.47503,5.00056,1.41655,729.858,515.235,3.30907,2.336,0.487,0.343792,0.0,0,0.004199962,0.364972225,0.3636888832362354
DAWWAB_clean,9.11595,5.71973,9.11595,1.61188,1283.24,796.112,0.0,0.0,0.5532,0.343202,0.0,1,0.001510602,0.149290578,0.1357114631029182
DAWWEF_clean,7.03379,5.33899,6.88955,1.07778,2082.97,1932.65,0.0,0.0,0.6328,0.587134,0.0,1,0.002316619,0.234820373,0.2390995048078713
DAXHIV_clean,7.62222,6.92477,7.62222,0.882059,2131.41,2416.4,0.0,0.0,0.65,0.736913,0.0,1,0.00380514,0.392732747,0.37308454427156623
DAXHUH_clean,7.50015,6.78537,7.50015,0.876532,2176.78,2483.4,0.0,0.0,0.6518,0.743612,0.0,1,0.00394215,0.393947153,0.3891259914831747
DEBGIA_clean,4.22344,3.46939,4.21901,1.31115,709.801,541.36,0.0,0.0,0.5062,0.386075,0.0,1,0.003477033,0.310535628,0.32716835035271585
DEBWAK_clean,9.51714,7.06696,9.49794,1.05415,1137.31,1078.89,0.0,0.0,0.5474,0.519279,0.0,1,0.002174901,0.211711885,0.2030577403612988
DEFRIR_clean,4.8082,3.42715,4.52912,1.36761,1390.79,1016.96,0.0,0.0,0.6218,0.454663,0.0,1,0.00210984,0.203937164,0.2073526528680506
DEJCIF_clean,5.07924,4.58071,5.07255,1.37299,1275.41,928.928,0.0,0.0,0.5384,0.392137,0.0,1,0.006886,0.604824505,0.5954206874108675
DEJJIN_clean,9.02838,5.92782,8.88373,1.15645,1730.76,1496.61,0.0,0.0,0.6316,0.546154,0.0,1,0.00194001,0.192408958,0.1972142430989693
DEJRUH_clean,4.98345,3.78027,4.98096,1.03045,1372.42,1331.87,0.0,0.0,0.5442,0.52812,0.0,1,0.004160233,0.409417742,0.39829032180677665
DEKHEH_clean,5.43686,4.14383,5.43686,1.07065,1502.42,1403.28,0.0,0.0,0.5314,0.496335,0.0,0,0.004775917,0.45050689,0.4633380449578006
DEKHUX_clean,6.73498,5.41814,6.73498,1.052,1333.52,1267.6,0.0,0.0,0.5288,0.50266,0.0,0,0.005284084,0.472943963,0.48147477398201727
DELGEI_manual,11.23796,5.9406,11.23796,0.599562,2425.76,4045.89,0.0,0.0,0.7354,1.22656,0.0,1,0.002745532,0.275963335,0.28696558596150723
DEPXAY_clean,5.29628,3.94728,5.28006,1.07008,2144.58,2004.14,0.0,0.0,0.6404,0.598462,0.0,1,0.00561759,0.549485013,0.5569816677079191
DEPXOM_clean,5.87443,4.69467,5.85064,1.07984,2256.84,2089.97,0.0,0.0,0.6052,0.560452,0.0,1,0.003860504,0.37338777,0.3713216015009953
DEQFOU_clean,4.43033,3.99236,4.42996,1.33979,549.564,410.186,188.414,140.63,0.5546,0.413945,0.0,1,0.002244972,0.222918618,0.20009916235461855
DEQVIF_clean,6.28134,5.12336,6.25197,1.10154,1366.18,1240.24,0.0,0.0,0.5242,0.475878,0.0,0,0.004280356,0.407024673,0.4045074705194176
DEWQUS_clean,6.85928,3.77665,6.81852,1.76082,1527.11,867.274,0.0,0.0,0.5524,0.313718,0.0,1,0.001752464,0.168417893,0.17240447256789637
DEWRIH_clean,5.32446,3.88819,5.25315,2.34041,1006.15,429.901,0.0,0.0,0.4786,0.204494,0.0,1,0.001002015,0.096838727,0.09749543888516776
DEYLUQ_clean,7.28064,4.66536,7.28064,1.6199,977.704,603.558,0.0,0.0,0.4976,0.307179,0.0,1,0.002249093,0.213230793,0.19665948344007173
DIBJIJ_clean,6.10817,4.16928,5.9554,1.53541,899.273,585.691,0.0598489,0.0389792,0.5054,0.329164,0.0,1,0.002687336,0.24122084,0.23113367413573577
DIBPAH_clean,5.70136,3.62358,5.70136,1.16448,1493.52,1282.56,0.0,0.0,0.5674,0.487255,0.0,1,0.006953945,0.577806798,0.6117160032669532
DIBQEM_clean,16.82847,3.4822,16.82847,0.80886,1885.97,2331.64,0.0,0.0,0.6836,0.84514,0.0,1,0.004017836,0.382659553,0.385199375931459
DIBQIQ_clean,8.63632,7.63034,8.63632,0.777557,2368.36,3045.9,0.0,0.0,0.6702,0.86193,0.0,1,0.005262151,0.504091151,0.4984175477883603
DIBQOW_clean,9.37426,8.42221,9.36118,0.760114,2220.47,2921.23,0.0,0.0,0.6854,0.901706,0.0,1,0.005057953,0.472228842,0.47920426610088124
DIBQUC_clean,9.44546,8.47192,9.44155,0.754531,2221.93,2944.78,0.0,0.0,0.6746,0.894065,0.0,1,0.004827311,0.467178234,0.4472803661042784
DICVAO_clean,6.28011,3.53464,6.28011,1.12464,1454.75,1293.53,0.0,0.0,0.5698,0.506652,0.0,1,0.005356181,0.495773478,0.4956148106218386
DICVES_clean,6.33441,3.59662,6.33441,1.11373,1441.4,1294.21,0.0,0.0,0.581,0.521669,0.0,1,0.005406695,0.487504317,0.4958959058716607
DICVIW_clean,6.26495,3.45129,6.22166,1.15151,1468.87,1275.6,0.0,0.0,0.5682,0.493438,0.0,1,0.005602801,0.508707498,0.5269980108010291
DIDBAV_clean,9.28847,5.74363,7.91915,0.92545,1489.11,1609.07,0.0,0.0,0.5874,0.634718,0.0,0,0.005229736,0.488728676,0.49027841434401337
DIDDOK_clean,9.60031,8.17399,9.60031,0.525842,2599.96,4944.37,0.0,0.0,0.7878,1.49817,0.0,1,0.003649477,0.367082874,0.3638202555020078
DIHVIB_clean,13.27896,6.89092,13.26587,0.883073,2036.2,2305.8,0.0,0.0,0.7186,0.813749,0.0,1,0.004391426,0.382296915,0.3981729566014806
DINNIZ_clean,5.64071,4.66315,5.45064,1.16869,1439.96,1232.11,0.0,0.0,0.5486,0.469413,0.0,1,0.002574554,0.246372289,0.25979557061023517
DIPMAS_clean,5.87796,4.78268,5.87796,1.71391,1532.86,894.368,0.0,0.0,0.5492,0.320438,0.0,1,0.001006998,0.103193755,0.10447015357600836
DIRPIF_clean,8.33531,6.07292,8.1953,0.867063,1783.84,2057.33,0.0,0.0,0.6398,0.737893,0.0,1,0.004481623,0.433295088,0.41498431327327245
DITJIB_clean,20.3631,9.01147,20.3631,0.521418,1774.76,3403.71,0.0,0.0,0.8332,1.59795,0.0,1,0.002222438,0.222223637,0.23296275213878695
DITJOH_clean,19.43102,8.59079,19.40135,0.448746,1849.48,4121.45,0.0,0.0,0.824,1.83623,0.000445686,1,0.00253694,0.2730695,0.25469707541502984
DITTEH_clean,5.93254,5.15214,5.88831,1.0803,2344.41,2170.15,0.0,0.0,0.6392,0.59169,0.0,1,0.004423065,0.4219448,0.41728492031541137
DITXOU_clean,5.00365,3.53364,4.98221,1.08104,1844.81,1706.51,0.0,0.0,0.6206,0.574076,0.0,1,0.005343791,0.524292326,0.525176536263071
DITYOW_clean,4.93354,4.81445,4.92328,1.42734,510.614,357.738,113.486,79.5089,0.4866,0.340914,0.0,1,0.002749992,0.249666437,0.2223238565833689
DIVGIA_clean,5.63742,3.98335,5.62763,1.20442,696.106,577.961,65.1595,54.1004,0.5032,0.417795,0.0,1,0.001808535,0.171792484,0.16797737911558985
DIVPUU_clean,5.28515,5.1054,5.28515,1.34186,1223.75,911.977,0.0,0.0,0.5794,0.431788,0.0,1,0.005014315,0.455070538,0.47745201728636133
DIVSUY_clean,6.25148,4.17859,6.25148,1.23081,1945.11,1580.35,0.0,0.0,0.5978,0.485697,0.0,1,0.0057388,0.500053506,0.5298984624760967
DIWMON_clean,9.50738,3.99435,9.49132,0.925424,1888.23,2040.4,0.0,0.0,0.6264,0.676879,0.0,1,0.004138832,0.388310043,0.3968466875661152
DIXKOL_clean,7.1658,4.7152,7.1658,1.41392,1322.21,935.139,0.0,0.0,0.5174,0.365933,0.0,1,0.003392079,0.313130624,0.29866998777252063
DIYKAZ_clean,4.37543,3.51099,4.3605,1.7281,376.515,217.879,0.0,0.0,0.374,0.216423,0.0,0,0.005848274,0.43463618,0.45402232920131713
DODMIT_clean,7.01246,4.52059,7.01246,1.55856,1353.3,868.3,0.0,0.0,0.5366,0.344293,0.0,1,0.004441985,0.398545288,0.37852350037589294
DOGMET_clean,4.99101,3.50509,4.98216,1.8068,621.631,344.051,0.0,0.0,0.4322,0.239208,0.0,0,0.002563102,0.227237008,0.2333293898299556
DOHNUL_clean,5.10735,4.25399,5.10735,1.35619,773.026,569.999,0.0,0.0,0.4762,0.351131,0.0,1,0.002838416,0.256965359,0.24214171875849838
DOKDEN_clean,15.14217,13.44364,15.14217,0.712137,1836.8,2579.28,0.0,0.0,0.7026,0.986608,0.0,0,0.004184783,0.415230621,0.39803164287159865
DOLRAZ_clean,5.60421,4.00046,5.58702,1.12972,1092.67,967.204,0.0,0.0,0.499,0.441701,0.0,1,0.008921809,0.747084905,0.7104756403555401
DOLXOR02_clean,6.63462,5.37244,6.6246,1.07895,2591.9,2402.25,0.0,0.0,0.7454,0.690858,0.0,1,0.00070348,0.072138944,0.07648256810796211
DOLXOR_clean,6.62226,5.36537,6.62226,1.08651,2583.31,2377.63,0.0,0.0,0.7438,0.684577,0.0,1,0.000668306,0.07213015,0.07319360567286542
DOMCUE_clean,18.25013,13.54682,18.2492,0.68587,1384.82,2019.07,0.0,0.0,0.7758,1.13112,0.0,1,0.001445733,0.141343515,0.14080743526400263
DOMDAL_clean,18.43381,14.45488,18.43381,0.66329,1341.32,2022.22,0.0,0.0,0.7914,1.19314,0.0,0,0.00147063,0.149710113,0.15131349096803393
DOMGET_clean,8.23499,5.7551,8.23499,1.19438,753.876,631.188,519.762,435.174,0.5322,0.445589,0.0,1,0.004972085,0.458119631,0.4430338441180266
DOMKEX_clean,5.79906,5.20244,5.74892,1.1266,1080.97,959.499,0.0,0.0,0.4364,0.387361,0.0,1,0.002866352,0.273870406,0.2549522412650229
DONXUB_clean,5.08195,4.10328,5.08195,1.44854,506.69,349.793,246.756,170.348,0.4778,0.329849,0.0,1,0.015347786,1.016063582,0.8642628994997683
DOPHUN_clean,12.13355,5.61514,12.13355,0.984545,1406.36,1428.44,392.743,398.909,0.6676,0.67808,0.0,1,0.002449345,0.25529353,0.26271886327368177
DOPJAV_clean,7.55824,6.21149,7.55824,1.32954,1214.76,913.669,0.0,0.0,0.54,0.406156,0.0,1,0.001688148,0.166656806,0.16842283693253274
DORFOG_clean,3.83387,3.5005,3.83387,1.28492,358.59,279.076,0.0,0.0,0.476,0.370451,0.0,1,0.003230714,0.30396518,0.27521853490586123
DOTTEM_clean,6.58677,6.27426,6.58677,1.16648,1563.6,1340.44,0.0,0.0,0.6108,0.523628,0.0,0,0.006757145,0.620959698,0.6017018869636473
DOYBAV_clean,6.11281,4.48624,6.11281,1.17289,1293.73,1103.03,0.0,0.0,0.5656,0.482229,0.0,1,0.003347185,0.310210684,0.31723126983141847
DOYBEA_clean,5.83429,5.37899,5.82078,1.0599,1634.79,1542.4,0.0,0.0,0.5844,0.551373,0.0,0,0.003908865,0.362759912,0.3713176535118002
DOYBUQ_clean,4.65105,3.76809,4.64879,1.78136,1057.62,593.716,0.0,0.0,0.5468,0.306956,0.0,1,0.003991715,0.364339636,0.33823905048762437
DOYHOQ_clean,6.82504,4.15814,6.82504,0.987346,2244.54,2273.31,0.0,0.0,0.6424,0.650633,0.0,1,0.006218389,0.594798311,0.5770153774075018
DOYLEI_clean,6.40369,4.15529,6.40369,1.15157,1694.44,1471.42,0.0,0.0,0.6046,0.525024,0.0,1,0.001769912,0.160423599,0.18035669818589428
DOZCEC_clean,19.11403,11.74027,19.11403,0.458248,1880.45,4103.57,0.0,0.0,0.8106,1.76891,0.0,1,0.003027786,0.293794444,0.3139740792155884
DOZKIO_clean,6.44925,4.72277,6.43616,1.05766,2120.44,2004.84,0.0,0.0,0.6376,0.602839,0.0,1,0.006710007,0.659002554,0.6108925436942876
DUBBEI_clean,4.93494,3.49142,4.86694,2.00135,1263.38,631.266,0.0,0.0,0.5166,0.258126,0.0,0,0.003317405,0.3104257,0.3114783983012207
DUBJUH_clean,7.25048,6.08004,7.24863,1.09392,1335.78,1221.09,0.0,0.0,0.5476,0.500583,0.0,0,0.004329143,0.42043784,0.3949665978256597
DUDKEU_clean,5.16942,3.66649,5.16942,1.65561,855.86,516.946,0.0,0.0,0.4144,0.250301,0.0,1,0.001340987,0.130038526,0.13279249044830138
DUDKOE_clean,10.92488,6.00637,10.24342,0.779781,2417.09,3099.71,0.0,0.0,0.7388,0.947446,0.0,1,0.00388065,0.386892417,0.37834759492593145
DUDKUK_clean,8.84791,6.66406,8.84791,0.84398,2430.67,2880.0,0.0,0.0,0.75,0.888646,0.0,1,0.002558064,0.25676975,0.2557975605670776
DUFGOB_clean,8.44616,7.81761,8.44616,1.12069,1457.55,1300.59,0.0,0.0,0.5722,0.51058,0.0,1,0.001270455,0.120552764,0.13493940607392024
DUFKAS_clean,18.33861,11.31425,18.33733,0.529585,1559.27,2944.33,0.0,0.0,0.811,1.53139,0.0,1,0.00253628,0.24183299,0.2579663253999569
DUGMOJ_clean,13.15947,6.68014,13.15947,1.04413,1452.16,1390.78,0.0,0.0,0.5972,0.571957,0.0,1,0.003905916,0.363882764,0.3484987425503563
DUHXIP_clean,5.38027,3.4809,5.34205,1.27884,677.396,529.696,4.06005,3.17479,0.4624,0.361578,0.0,1,0.005828842,0.451925602,0.4950735483551413
DUJRAD_clean,6.16228,5.32315,6.13437,1.37535,1593.73,1158.79,0.0,0.0,0.5806,0.422148,0.0,1,0.004234744,0.398548408,0.40540783530921887
DUKNII_clean,5.28968,3.60886,5.25875,1.23201,362.386,294.143,41.4473,33.6421,0.4702,0.381654,0.0,1,0.003122212,0.265908726,0.24641650897220474
DUNXUH02_clean,5.05926,3.9622,4.49661,1.21011,1835.42,1516.73,0.0,0.0,0.6046,0.499624,0.0,1,0.008647764,0.781908484,0.7518891713654615
DUNXUH03_clean,4.97891,3.78832,4.59863,1.23681,1734.27,1402.21,0.0,0.0,0.5936,0.479945,0.0,1,0.008470728,0.74791305,0.733948759201714
DUNXUH04_clean,4.99541,3.81551,4.9844,1.23241,1776.81,1441.74,0.0,0.0,0.5952,0.482957,0.0,1,0.00853074,0.750226522,0.7295449103015906
DUNXUH05_clean,5.01407,3.87283,4.97867,1.22609,1774.32,1447.13,0.0,0.0,0.5944,0.484792,0.0,1,0.008395712,0.759034818,0.7302093325433939
DUNXUH12_clean,4.98043,3.76476,4.96686,1.23681,1716.03,1387.47,0.0,0.0,0.593,0.47946,0.0,1,0.008416717,0.754023796,0.7324027958024025
DUNXUH13_clean,4.99037,3.79418,4.86577,1.23241,1722.87,1397.97,0.0,0.0,0.5938,0.481821,0.0,1,0.0083342,0.748556681,0.7331818093637243
DUNXUH14_clean,5.00423,3.8343,4.58368,1.22609,1739.06,1418.37,0.0,0.0,0.5986,0.488218,0.0,1,0.008575749,0.757024408,0.741071362136773
DUNXUH21_clean,5.07683,3.95879,4.81355,1.20337,1860.11,1545.75,0.0,0.0,0.6076,0.504916,0.0,1,0.00877379,0.783435795,0.7778393739966578
DUPJAB_clean,9.76192,5.55983,9.75209,1.11305,1740.01,1563.28,62.6529,56.2895,0.67,0.60195,0.0,1,0.003420367,0.302396934,0.3148326912003199
DUPVER_clean,9.93002,6.46763,9.91751,0.795967,2168.14,2723.91,0.0,0.0,0.7348,0.923153,0.0,1,0.003575847,0.345161575,0.3591596252166894
DUQYEU01_clean,4.86217,4.34562,4.86217,1.66926,2251.32,1348.69,0.0,0.0,0.6184,0.370463,0.0,1,0.002137462,0.220784868,0.1941537748413269
DUQYEU_clean,4.86021,4.34715,4.86021,1.66839,2272.53,1362.11,0.0,0.0,0.6004,0.359868,0.0,1,0.002197633,0.218259026,0.2042963397990089
DURDIF_clean,6.93958,6.05366,6.90375,0.735097,2642.04,3594.14,0.0,0.0,0.7204,0.980006,0.0,1,0.004486883,0.445925133,0.4338721038712745
DUTKAG_clean,6.82996,5.62808,6.81318,0.906851,2249.11,2480.13,0.0,0.0,0.6722,0.741246,0.0,1,0.00390681,0.381791401,0.3792910197101977
DUWBEE_clean,7.4726,6.03228,7.03921,0.972318,2397.88,2466.15,0.0,0.0,0.7166,0.737002,0.0,1,0.002848319,0.306732349,0.28214484701962395
DUWFOS_clean,4.7722,3.99598,4.7722,1.5688,655.828,418.043,0.0,0.0,0.462,0.294492,0.0,0,0.003158068,0.279245019,0.2676279399598126
DUWGEJ_clean,6.48283,5.44672,6.47851,1.23973,1910.17,1540.8,0.0,0.0,0.6142,0.495432,0.0,1,0.003858518,0.351685626,0.36468546757744924
DUWROE_clean,4.35263,3.47485,4.33203,1.3646,1032.9,756.92,0.0,0.0,0.5148,0.377252,0.0,0,0.005877737,0.53299688,0.5251115724616993
DUWRUK_clean,4.54182,3.68421,4.38679,1.45633,495.592,340.302,181.958,124.943,0.4774,0.32781,0.0,0,0.006192462,0.53193923,0.5124651209756063
DUXKUD_clean,7.67361,6.90082,7.6375,1.23834,1391.29,1123.51,0.0,0.0,0.5864,0.473535,0.0,1,0.001732781,0.159436599,0.1772618372921494
DUYJIS_clean,6.08213,4.77192,5.96456,1.01187,1589.69,1571.04,0.0,0.0,0.5968,0.589801,0.0,0,0.00760726,0.662348191,0.6907745872832634
DUYVEA_clean,4.52649,3.62009,4.52649,1.39154,383.437,275.549,0.0,0.0,0.4574,0.328701,0.0,1,0.000900466,0.088834834,0.07442468103207989
DUZPUL_clean,7.06957,4.91595,7.06648,0.920284,2531.68,2750.98,0.0,0.0,0.6946,0.754767,0.0,1,0.005390304,0.508737548,0.5114123729694672
EBAMUS_clean,12.94449,5.39251,12.9279,1.04643,2056.89,1965.62,0.0,0.0,0.6866,0.656136,0.0,1,0.006827738,0.490114235,0.5848326505145405
EBATUY_clean,5.89375,3.67074,5.89375,1.25605,1195.64,951.909,0.0,0.0,0.5408,0.430557,0.0,0,0.004605984,0.414322531,0.4312221705779676
EBAVAH_auto,14.10999,7.45371,14.02692,0.571355,2267.46,3968.58,0.0,0.0,0.776,1.35818,0.0,1,0.003785248,0.370436298,0.37057285049375216
EBELUU_clean,5.06354,4.01259,5.06354,1.09045,1520.09,1394.01,0.0,0.0,0.5732,0.525654,0.0,1,0.00621033,0.578609563,0.5778279209000216
EBEMEE_clean,4.82351,3.61774,4.82351,1.61026,574.177,356.574,0.0,0.0,0.414,0.257101,0.0,0,0.001891072,0.16611916,0.1664965805491242
EBEMII_clean,4.74887,3.57779,4.74887,1.57979,558.843,353.745,0.0,0.0,0.4136,0.261807,0.0,0,0.002336296,0.20504843,0.2046652842027598
EBEWIT_clean,6.98757,6.64177,6.98757,1.55436,1566.68,1007.93,0.0,0.0,0.573,0.368642,0.0,0,0.003354353,0.334920737,0.3244586288886063
EBEXEQ01_clean,7.07406,6.73356,7.07173,1.61064,1512.67,939.176,0.0,0.0,0.556,0.345204,0.0,1,0.003556377,0.339601584,0.3335153661930383
EBEXEQ_clean,7.05454,6.70514,7.05454,1.61812,1500.38,927.234,0.0,0.0,0.5486,0.339035,0.0,1,0.003746965,0.349498832,0.34895724092214525
EBIDOK_ion_b,10.15108,7.28168,10.14731,0.88059,1949.39,2213.74,0.147124,0.167074,0.6452,0.732691,0.0,1,0.003827684,0.364462972,0.3596267265872613
EBIHII_clean,6.77782,5.19916,6.76838,1.13174,1870.74,1652.98,0.0,0.0,0.589,0.520437,0.0,1,0.004656833,0.441754892,0.43585060058198855
EBIJAC_clean,5.69411,4.34501,5.6755,1.35778,616.318,453.917,180.508,132.944,0.4634,0.341293,0.0,0,0.002915815,0.255953879,0.24261910611480703
EBIMEJ_clean,4.76005,3.76742,4.75297,1.25917,1007.84,800.402,0.0,0.0,0.5458,0.433462,0.0,1,0.00552644,0.491560856,0.49901931862639376
EBIPOX_clean,5.78746,4.90776,5.77533,1.02316,2423.56,2368.7,0.0,0.0,0.6678,0.652682,0.0,1,0.003209355,0.313195012,0.31920247683628605
EBIZUN_clean,10.22426,8.07829,10.22419,0.790487,2342.19,2962.97,0.0,0.0,0.7238,0.915638,0.0,1,0.003859881,0.36911171,0.3718294064619899
EBOBIJ_clean,6.08923,4.67292,6.06736,0.939565,1692.1,1800.94,0.0,0.0,0.6024,0.641148,0.0,0,0.007840866,0.701013705,0.7357260108639871
EBOCOQ_clean,5.90692,5.38954,5.89965,0.987787,1345.25,1361.88,0.0,0.0,0.583,0.590208,0.0,1,0.005693839,0.527397448,0.5247506440913551
EBUQEX_clean,6.34635,3.93297,6.34076,0.890694,1572.67,1765.66,0.0,0.0,0.5872,0.659261,0.0,1,0.008937554,0.772076592,0.7592046288360015
EBUQIB_clean,6.03622,4.38011,5.42071,1.1026,1157.92,1050.17,0.0,0.0,0.4992,0.452746,0.0,1,0.005728184,0.502106632,0.5152724906188957
EBUREA_clean,5.12157,4.43835,5.12005,1.31199,1365.8,1041.01,0.0,0.0,0.4802,0.36601,0.0,1,0.003520781,0.334742627,0.329138748508052
ECAFOG_clean,9.52896,9.26877,9.52862,1.12614,1174.7,1043.12,0.0,0.0,0.5574,0.494964,0.0,0,0.001765966,0.174671659,0.17144622438539175
ECAHOH_clean,6.87089,4.98271,6.87089,1.21823,856.833,703.343,0.0,0.0,0.4828,0.396313,0.0,0,0.002230803,0.207536261,0.1961112843233202
ECASAD_clean,4.09039,3.62411,4.09039,1.61904,470.381,290.531,0.0,0.0,0.4766,0.294372,0.0,0,0.001180218,0.115733892,0.1337199148657151
ECEDEY_clean,6.39219,4.6444,6.38001,1.02837,1438.77,1399.08,0.0,0.0,0.541,0.526076,0.0,1,0.003975537,0.368347823,0.37226782845788614
ECEZAO01_clean,4.88805,4.01037,4.88805,1.43329,945.622,659.759,0.0,0.0,0.4914,0.342849,0.0,1,0.003794846,0.345754436,0.330010646675857
ECIWIW_clean,5.91503,4.28149,5.90688,1.32412,773.007,583.789,0.0,0.0,0.4832,0.364921,0.0,1,0.001961931,0.176931079,0.17116643301854706
ECIWOC_clean,5.05411,4.785,5.05411,1.40153,572.024,408.141,0.0,0.0,0.4148,0.295961,0.0,1,0.006937632,0.530932958,0.5074673768073095
ECODEG_clean,5.33632,3.54871,5.31165,1.34842,1018.67,755.456,0.0,0.0,0.5336,0.395722,0.0,1,0.010793038,0.826930747,0.8365654230182032
ECODIK_clean,4.79857,4.01377,4.75701,1.19981,1900.99,1584.41,0.0,0.0,0.5936,0.494745,0.0,1,0.005818493,0.539409248,0.5590488187726181
ECOGEI_clean,4.77299,3.85637,4.77299,0.998724,1292.16,1293.81,0.0,0.0,0.5602,0.560915,0.0,1,0.006494812,0.569218698,0.5951690193586692
ECOKAJ_clean,18.9972,17.57546,18.98876,0.325331,1156.9,3556.08,0.0,0.0,0.873,2.68342,0.0,1,0.002505801,0.262969881,0.25610717814629685
ECOLEP_clean,11.63969,10.91793,11.63255,0.407232,1818.5,4465.52,0.0,0.0,0.8666,2.12803,0.0,1,0.002258748,0.225796122,0.22934865665606805
ECOLOX_clean,5.75377,5.01577,5.75377,3.73963,1778.59,475.605,0.0,0.0,0.5632,0.150603,0.0,1,0.001272976,0.125061305,0.10651250193796452
ECUGEQ_clean,6.02953,4.07384,5.91743,2.29908,1875.55,815.783,0.0,0.0,0.6102,0.26541,0.0,1,0.001188794,0.116001518,0.10237376428967071
EDADIX_clean,4.63332,3.88728,4.61559,1.24361,944.143,759.198,93.0933,74.8575,0.5198,0.417978,0.0,1,0.008558196,0.727417273,0.69883331377034
EDAFUM_clean,4.92982,3.72004,4.92982,1.77302,851.953,480.51,0.0,0.0,0.4508,0.254256,0.0,0,0.00200453,0.18785398,0.1947456177068722
EDAGAT_clean,4.66461,3.62215,4.66149,1.84563,725.213,392.936,0.0,0.0,0.435,0.235692,0.0,0,0.001869341,0.180197919,0.18666079454739243
EDAGEX_clean,4.90414,3.69066,4.90414,1.79444,798.923,445.222,0.0,0.0,0.4496,0.250552,0.0,0,0.002178567,0.190063625,0.20575472014276697
EDAPIK_clean_h,7.09885,6.53196,7.09077,0.672755,2256.65,3354.34,0.591427,0.879112,0.6938,1.03128,0.0,1,0.003748552,0.359666612,0.38086488092239995
EDECOG_clean,6.30911,4.65211,6.30565,1.66761,3310.63,1985.26,0.0,0.0,0.756,0.453344,0.0,1,0.000561431,0.055377082,0.0481170028062915
EDEPAG_clean,5.9343,4.39186,5.9343,1.47756,1345.05,910.315,0.0,0.0,0.5408,0.366009,0.0,1,0.004097205,0.376616712,0.3661824321060133
EDIKIL_clean,4.99635,3.98785,4.76329,1.3412,2179.84,1625.29,0.0,0.0,0.601,0.448105,0.0,0,0.002824496,0.275042407,0.27090304309514834
EDUSIF_clean,15.05124,7.91583,15.05124,0.593338,2225.74,3751.22,0.0,0.0,0.8098,1.36482,0.0,0,0.002581236,0.251739476,0.26038139504173524
EDUSUR_clean,14.97276,6.60675,14.97057,0.720686,2039.23,2829.56,0.0,0.0,0.7584,1.05233,0.0,0,0.002375899,0.242857227,0.2353886499050625
EDUTIG_clean,15.04959,5.6073,15.03522,0.712902,1939.67,2720.81,0.0,0.0,0.7442,1.0439,0.0,0,0.003231435,0.319716395,0.3188194717599144
EDUVOO_clean,20.93415,10.62864,20.9324,0.373403,1788.47,4789.64,0.0,0.0,0.862,2.3085,0.0,0,0.003340015,0.34968129,0.33123512223359497
EFAYEQ_clean_h,11.33412,8.20992,11.33412,0.445208,2301.41,5169.29,0.0,0.0,0.8028,1.8032,0.0,1,0.002771056,0.278827361,0.28086630090285314
EFAYIU_clean,11.56522,8.64377,10.65601,0.433579,2251.34,5192.46,0.0,0.0,0.8194,1.88985,0.0,1,0.003179383,0.29723495,0.31567582789950954
EFEGOM_clean,6.13983,5.63757,6.13983,1.11988,1513.16,1351.17,0.0,0.0,0.5868,0.523983,0.0,0,0.004779718,0.45501536,0.44806963243904135
EFESEP_clean,10.28948,6.13196,9.71774,0.910166,1438.69,1580.69,202.393,222.369,0.6216,0.682952,0.0,1,0.006211171,0.534310609,0.5399241573010234
EFESOZ_clean,10.40168,6.18945,10.40168,0.9137,1441.31,1577.44,199.174,217.986,0.6294,0.688847,0.0,1,0.006710832,0.554825154,0.5588039864082406
EFIMOV_clean,6.67559,6.34874,6.67559,1.77157,892.601,503.846,0.0,0.0,0.3714,0.209644,0.0,0,0.004461553,0.387459693,0.36886389228449723
EFOTAV_clean,5.43531,4.50362,5.41958,2.18747,2824.93,1291.41,0.0,0.0,0.6522,0.298153,0.0,1,0.000627005,0.065968949,0.059061449573319824
EGATAI_clean,7.25975,4.31318,7.25513,0.959509,2426.34,2528.73,0.0,0.0,0.7032,0.732875,0.0,1,0.003125282,0.298183943,0.31341316086498927
EGATEM_clean,10.25144,8.68741,10.25144,0.847968,1429.66,1685.99,106.489,125.581,0.6438,0.759227,0.0,1,0.005981426,0.511852689,0.5198375943916921
EGATOW_clean,5.96917,5.11285,5.74626,1.20816,2033.24,1682.93,0.0,0.0,0.6202,0.513343,0.0,1,0.004268643,0.406707488,0.4094779980262074
EGELUY_SL,7.32559,6.86607,7.31942,0.950432,1658.89,1745.4,0.0,0.0,0.6086,0.640341,0.0,0,0.004070478,0.406092781,0.39297562839990463
EGIFUV_clean,9.74551,8.51622,9.74551,1.04544,1332.95,1275.02,6.1078,5.84232,0.6136,0.58693,0.0,1,0.006109828,0.327088876,0.5086438350102279
EGOXII_clean,5.25614,3.66279,5.25614,1.73248,965.076,557.05,0.0,0.0,0.56,0.323237,0.0,1,0.005722682,0.478083315,0.4975197431902267
EGOZAB_clean,7.0311,5.28936,7.0311,1.03834,1885.29,1815.68,0.0,0.0,0.6226,0.599612,0.0,1,0.004243539,0.3998934,0.4152701368249081
EHAFEA_clean,5.41079,3.41231,5.40089,2.22058,1080.51,486.589,0.0,0.0,0.5328,0.239937,0.0,1,0.002085551,0.196668761,0.19163871940184418
EHAFIE_clean,5.56485,3.57227,5.56485,2.06302,1265.0,613.179,0.0,0.0,0.5486,0.265921,0.0,1,0.001863874,0.179774696,0.1635713248106861
EHAFOK_clean,5.56183,3.59241,5.55524,2.07064,1253.24,605.245,0.0,0.0,0.547,0.26417,0.0,1,0.001835672,0.17902308,0.16052956099756427
EHAFUQ_clean,5.5462,3.57781,5.45874,2.0894,1245.04,595.885,0.0,0.0,0.5448,0.260744,0.0,1,0.001771653,0.175233049,0.15839400046550645
EHAGIF_clean,5.44616,3.48144,5.44616,2.1778,1155.98,530.802,0.0,0.0,0.5374,0.246762,0.0,1,0.001817555,0.180784297,0.16863485630373315
EHAGOL_clean,5.39044,3.4677,5.39044,2.17273,1093.47,503.269,0.185996,0.0856051,0.5364,0.246879,0.0,1,0.001779855,0.173205948,0.16134068415565256
EHAGUR_clean,5.37684,3.4053,5.1859,2.19821,1066.99,485.393,0.0,0.0,0.5324,0.242197,0.0,1,0.001864849,0.164605514,0.17047587369328576
EHALOP_manual,7.57594,7.11735,7.57594,0.939011,1706.06,1816.86,0.0,0.0,0.618,0.658139,0.0,0,0.004142558,0.404527058,0.39697999262247097
EHEKUY_clean,6.18029,3.5251,6.17561,1.28701,834.589,648.47,1.25956,0.978668,0.5024,0.390361,0.0,0,0.004036998,0.353134086,0.35913145609996094
EHODOV_SL,6.30224,4.66761,6.30224,1.13784,1442.21,1267.5,266.504,234.219,0.5974,0.525029,0.0,0,0.005840484,0.526216231,0.5365985122940498
EJAXIW_clean,6.39565,4.30182,6.34251,0.942507,1857.91,1971.24,0.0,0.0,0.5942,0.630446,0.0,1,0.004916713,0.454438559,0.4645610082119974
EJETAQ_clean,12.53345,9.36877,12.53345,0.673241,1975.18,2933.84,0.0,0.0,0.7674,1.13986,0.0,1,0.002203806,0.226059038,0.22129357164754582
EJIDUW02_clean,4.29785,3.46947,4.29785,1.53852,788.843,512.727,0.0,0.0,0.4966,0.322777,0.0,1,0.002330875,0.211219436,0.23347611016823883
EJONOH_clean,4.44167,3.60442,4.4347,1.47939,700.956,473.814,0.0,0.0,0.4646,0.314048,0.0,1,0.002594224,0.247788799,0.2542527792764878
EJOQOL_clean,7.54682,4.16239,7.5307,1.29085,1431.56,1109.01,0.0,0.0,0.5368,0.415851,0.0,1,0.002882368,0.260491692,0.26215743092269767
EJOQUR_clean,11.95194,5.10518,11.95194,0.926552,1894.67,2044.86,37.9561,40.9649,0.6978,0.753115,0.0,1,0.003736835,0.35260994,0.3447195361880121
EJORAY_clean,4.91477,3.6019,4.91477,1.33891,1478.66,1104.38,0.0,0.0,0.5598,0.418102,0.0,1,0.004700764,0.435147203,0.4360057036477338
EJOZOU_clean,6.49751,6.10381,6.49751,1.26256,795.165,629.804,0.0342194,0.0271032,0.4812,0.38113,0.0,1,0.002293579,0.216421037,0.21865043806286755
EKEQIV_clean,5.23981,3.45461,5.21199,2.0444,792.887,387.835,0.0,0.0,0.4572,0.223636,0.0,1,0.001266416,0.11671822,0.12283733400807695
EKETOF_clean,4.41106,3.42867,4.41106,1.63804,321.449,196.241,0.0,0.0,0.4172,0.254695,0.0,0,0.004668133,0.372290051,0.3698156029848606
EKEVAT_clean,4.38581,3.45093,4.3809,1.70718,319.337,187.056,0.0,0.0,0.4042,0.236765,0.0,0,0.004702576,0.374946266,0.36799044351102816
EKIDIL_clean,5.81547,5.58073,5.8139,2.56508,834.555,325.352,0.0,0.0,0.4098,0.159761,0.0,1,0.012991763,0.838044557,0.832789562018943
EKOPEA_clean,5.53957,5.19564,5.53023,1.2074,1563.35,1294.8,0.0,0.0,0.5696,0.471756,0.0,1,0.005645828,0.510053555,0.5253200521849828
EKOPIE_clean,6.61542,5.14354,6.60525,1.21526,2002.74,1648.0,0.0,0.0,0.6146,0.505737,0.0,1,0.004582637,0.44358518,0.43357206421176414
EKUPEG_clean,12.15079,8.26476,12.15067,0.865202,1608.01,1858.54,0.0,0.0,0.685,0.791723,0.0,1,0.001313188,0.130651414,0.1333327708246324
ELELEN_clean,7.0748,4.1882,7.0748,0.915782,1244.35,1358.78,0.0,0.0,0.592,0.646442,0.0,1,0.002731333,0.265850317,0.2616640206182719
ELEREU_clean,15.53932,10.30838,15.53932,0.773652,1743.51,2253.61,0.0,0.0,0.7078,0.914882,0.0,1,0.010060439,0.831208142,0.7239029117008222
ELIJUF_clean,4.98722,3.63869,4.98647,1.36019,1078.5,792.905,0.0,0.0,0.4826,0.354803,0.0,1,0.005784677,0.521619355,0.5210388080379091
ELIKAM_clean,5.04335,3.82798,5.04275,1.49693,1142.39,763.156,0.0,0.0,0.4918,0.328538,0.0,1,0.005031771,0.454453005,0.46559855830591756
ELIKEQ_clean,4.99766,3.80728,4.99701,1.51189,1166.85,771.784,0.0,0.0,0.4966,0.328463,0.0,1,0.004701159,0.445596915,0.42177266195293733
ELIKIU_clean,4.97124,3.7531,4.97064,1.54816,1122.94,725.337,0.0,0.0,0.505,0.326193,0.0,1,0.004836317,0.431848687,0.43776149325857816
ELIKOA_clean,4.97213,3.73339,4.97213,1.55809,1148.96,737.416,0.0,0.0,0.4918,0.315643,0.0,1,0.004572918,0.431912179,0.4247239812400779
ELIKUG_clean,4.95561,3.7268,4.95492,1.57969,1129.17,714.803,0.0,0.0,0.4908,0.310694,0.0,1,0.004691858,0.425269205,0.41931668272882777
ELILAN_clean,4.95628,3.69174,4.9556,1.61177,1116.59,692.775,0.0,0.0,0.4992,0.309722,0.0,1,0.004612966,0.409422896,0.4182926843639848
ELILER_clean,4.98078,3.65658,4.98016,1.63697,1110.94,678.659,0.0,0.0,0.487,0.297501,0.0,1,0.004592695,0.4046618,0.41221072196939385
ELILIV_clean,4.97952,3.62473,4.97952,1.64354,1091.64,664.203,0.0,0.0,0.4882,0.297042,0.0,1,0.004490224,0.403271678,0.3860737657946041
ELOHOE_clean,5.56549,4.27537,5.53003,1.15001,1036.4,901.217,0.0,0.0,0.5212,0.453215,0.0,1,0.00687038,0.579898949,0.580181964698661
ELUJAY_clean,4.49095,3.64747,4.47832,1.68009,831.421,494.867,0.0,0.0,0.4708,0.280223,0.0,1,0.002913236,0.268498472,0.25118162013443834
ELUJEC_clean,4.38047,3.64592,4.38047,1.73198,794.119,458.504,0.0,0.0,0.4624,0.266978,0.0,1,0.002929258,0.265713314,0.27090623902638034
EMAGAB_clean,7.29475,4.84283,7.29475,1.35618,833.24,614.402,0.0,0.0,0.4816,0.355115,0.0,0,0.002242071,0.215385492,0.19041659194612048
EMAMOW_clean,6.67757,5.81943,6.67757,1.11834,959.829,858.263,0.0,0.0,0.5032,0.449953,0.0,1,0.00130137,0.127120053,0.12717482663705582
EMAMUC_clean,5.84513,5.03009,5.84513,1.22272,803.232,656.921,0.0,0.0,0.473,0.386841,0.0,1,0.001068907,0.101563806,0.10761655963218414
EMAPAK_clean,11.21755,3.61918,11.21755,0.925375,1521.72,1644.44,0.0,0.0,0.637,0.688369,0.0,0,0.001874169,0.192835781,0.17865071934765758
EMIFOW_clean,7.56186,4.84974,7.24948,1.40224,2851.33,2033.41,0.0,0.0,0.6898,0.491927,0.0,1,0.003950295,0.371402597,0.3696619462414086
EMIGOX_clean,6.95421,5.10297,6.95421,1.53443,2307.47,1503.8,0.0,0.0,0.6448,0.420222,0.0,1,0.005182576,0.469523066,0.48564758169060807
EMIYUW_clean,10.6209,7.98188,10.6209,0.698012,2320.47,3324.4,0.0,0.0,0.7472,1.07047,0.000573056,1,0.003710943,0.356769128,0.3708150872203608
EMIZAD_clean,35.58882,34.51057,35.58779,0.382184,1428.23,3737.01,0.0,0.0,0.8516,2.22824,0.000523308,1,0.003285372,0.328221891,0.31603443157273364
EMUBIZ_clean,10.77303,6.68088,10.77303,1.37229,1702.91,1240.92,117.774,85.8232,0.672,0.489692,0.000145742,1,0.002794929,0.233144781,0.2541503102482464
EMUBOF_clean,9.89745,6.63764,9.89048,1.19874,1975.94,1648.35,0.0,0.0,0.6738,0.562089,0.0,1,0.004079029,0.352312557,0.3731041724144467
ENAFOP_ion_b,11.60166,8.24635,11.58519,1.18111,1100.84,932.042,0.0,0.0,0.5386,0.456012,0.0,1,0.000847284,0.081629017,0.061929719839709685
ENANIS_clean,4.58864,4.1598,4.58113,1.33735,718.625,537.349,0.0,0.0,0.4534,0.339028,0.0,1,0.009450342,0.732936693,0.7417414939693344
ENESOH_clean,8.38054,5.7847,8.27724,0.639206,2434.82,3809.13,4.9539,7.75009,0.7442,1.16426,0.0,1,0.003637039,0.358588521,0.3653735080285651
ENESUN_clean,8.35126,5.49783,8.35126,0.626692,2424.85,3869.29,2.07427,3.30987,0.7316,1.1674,0.0,1,0.003693002,0.360244044,0.374398818713532
ENIHUG01_clean,13.78566,6.83219,13.78098,0.585033,2323.11,3970.91,0.0,0.0,0.7686,1.31377,0.0,1,0.003361801,0.338764435,0.3376375319043654
ENIHUG_clean,13.82069,6.83124,13.8201,0.581484,2340.51,4025.06,0.0,0.0,0.7906,1.35962,0.0,1,0.003403022,0.337077809,0.3385742281749651
ENISOK_clean,6.962,4.5443,6.96157,1.14432,1841.89,1609.59,0.0,0.0,0.6018,0.525903,0.0,1,0.002475385,0.252707089,0.25335523480824884
ENITAX_clean,10.08149,7.22011,10.08149,0.573061,2335.96,4076.29,0.0,0.0,0.7798,1.36076,0.0,1,0.003151001,0.317031814,0.3139455179255839
ENITIF_clean,6.04006,4.14792,6.02363,0.993739,1774.39,1785.57,0.0,0.0,0.6108,0.614648,0.0,1,0.004165833,0.388713733,0.4055706392188029
ENITOL_clean,9.0167,5.78838,9.01452,1.0207,1622.24,1589.34,0.0,0.0,0.589,0.577054,0.0,1,0.003597023,0.342853085,0.3468226617956036
ENIXUV_clean,6.81302,4.75487,6.75625,1.04896,1506.97,1436.63,0.0,0.0,0.539,0.513843,0.0,0,0.003955921,0.373697634,0.37788983894640077
ENOSAD_clean,5.57968,5.07062,5.57968,1.63787,1052.89,642.84,0.0,0.0,0.4624,0.282318,0.0,0,0.003008724,0.275541678,0.2761629745540975
ENOVAG_clean,10.23983,9.51593,10.22611,1.29505,1477.19,1140.64,0.0,0.0,0.5948,0.459286,0.0,1,0.001620656,0.155087263,0.16058270142177433
EPAGEJ_clean,5.19961,3.47948,5.18752,1.66805,743.29,445.603,0.0,0.0,0.4886,0.292916,0.0,1,0.001272591,0.117540083,0.11613708612619333
EPECEJ_clean,7.92371,4.89913,7.91993,0.908491,1989.28,2189.65,0.0,0.0,0.6342,0.69808,0.0,1,0.005877902,0.526676899,0.5300353949160239
EPEWAY_clean,5.86305,5.34538,5.70782,1.27095,1126.31,886.195,0.0,0.0,0.506,0.398129,0.0,0,0.004375924,0.4012304,0.3997496727127881
EPEWEC_clean,5.88152,5.35243,5.87056,1.27191,1143.58,899.1,0.0,0.0,0.5064,0.398141,0.0,0,0.004320888,0.405596214,0.4006081640819656
EPEXUU_clean,8.78791,3.92519,8.78786,1.21365,1182.3,974.168,0.0,0.0,0.5234,0.431261,0.0,1,0.004262943,0.354718443,0.36923007498366034
EPEYAB_clean,8.46111,3.62498,8.46069,1.24571,1153.47,925.96,0.0,0.0,0.5226,0.419521,0.0,1,0.005155209,0.420152919,0.4534768633897602
EPISOM_clean,12.63938,6.49016,12.62405,0.677616,2253.72,3325.96,0.0,0.0,0.7494,1.10594,0.0,1,0.005383751,0.507018009,0.4941925802228829
EPONAA_clean,9.18286,8.73453,9.17503,0.495184,2583.42,5217.09,0.0,0.0,0.8544,1.72542,0.0,1,0.00121325,0.12222954,0.13493516377247933
EPOPEG_clean,5.47224,4.77054,5.47224,0.955888,1699.64,1778.08,0.0,0.0,0.613,0.641289,0.0,0,0.004179404,0.408339521,0.40008359212040984
EPOTAF_clean,7.63453,6.61136,7.601,0.575241,2982.7,5185.13,0.0,0.0,0.779,1.35421,0.0,1,0.003785678,0.345071313,0.3784374584336782
EQAMUG_clean,4.23795,3.61938,4.23534,1.81883,688.208,378.378,0.0,0.0,0.424,0.233116,0.0,0,0.002203292,0.222198132,0.2286384708404772
EQERAU_clean,8.66462,5.10134,8.65703,0.830188,1832.92,2207.84,0.0,0.0,0.646,0.778137,0.0,1,0.005064708,0.472829883,0.47266584537684053
EQEREY_clean,6.76077,5.17427,6.21591,1.08432,1568.49,1446.52,0.0,0.0,0.5588,0.515345,0.0,0,0.006184982,0.57883198,0.5721632638153107
EQOXIT_clean,7.68652,6.98261,7.68519,1.19569,1340.21,1120.87,0.0,0.0,0.551,0.460823,0.0,1,0.002572085,0.240004865,0.2444374029349562
EQUBIC_clean,4.62524,4.02529,4.62419,2.01313,877.337,435.807,0.0,0.0,0.4672,0.232076,9.93e-05,0,0.002796994,0.262929851,0.2526999435219993
EQUBUO_clean,4.678,4.09417,4.67712,1.98147,941.234,475.017,0.0,0.0,0.4712,0.237803,0.000100935,0,0.002786541,0.264783979,0.2540174207704293
EQUNIP_clean,12.19685,4.3543,12.19496,0.882362,2411.33,2732.81,0.0,0.0,0.7004,0.793779,0.0,1,0.006014262,0.561801285,0.5388041963170334
ERAHOV_clean,8.72809,7.46409,8.72809,0.942162,2285.98,2426.31,0.0,0.0,0.718,0.762077,0.0,1,0.001846249,0.190735144,0.18397420133086628
ERALUG_clean,10.3431,8.94026,10.3375,1.11121,2058.72,1852.68,0.0,0.0,0.6522,0.586926,0.000719933,1,0.002838497,0.271013782,0.28276593298963554
ERAMAN_clean,12.01377,10.18099,12.01377,0.963545,2126.75,2207.22,0.0,0.0,0.6966,0.722955,0.0,1,0.003181522,0.308351537,0.29793266837557186
ERAMER_clean,12.83976,11.91501,12.83976,0.685959,2103.01,3065.8,0.0,0.0,0.7502,1.09365,0.000291563,1,0.002819978,0.278175104,0.28010819196538306
EREFEN01_SL,5.00416,3.86566,5.00416,1.13683,1255.14,1104.07,0.0,0.0,0.5352,0.470783,0.0,0,0.008596453,0.728380999,0.7354221862592986
EREGOY_clean,7.33047,5.25494,7.19533,0.879553,2401.32,2730.16,0.0,0.0,0.685,0.778805,0.0,1,0.003968944,0.377633685,0.38921692462669333
ERELIX_clean,5.64254,3.51162,5.62378,1.23268,1079.22,875.507,0.0,0.0,0.5468,0.443586,0.0,1,0.004372965,0.380105123,0.3997956134818882
ERIGER_clean,7.45113,4.52945,7.45095,1.32558,1000.06,754.431,0.0,0.0,0.5014,0.378249,0.0,1,0.001648896,0.162148684,0.16110040237049678
ERIRIG_auto,11.67849,9.57613,11.66558,0.426775,2035.73,4770.02,0.0,0.0,0.8318,1.94903,0.0,0,0.00284624,0.297859266,0.28240337929505877
ERIWAF_clean,10.65116,5.48487,10.46238,0.840538,2241.03,2666.18,0.0,0.0,0.709,0.843508,0.0,1,0.005107798,0.474381344,0.48811878638582723
ERUFUS_clean,4.3604,3.42673,4.35329,1.50899,684.051,453.317,0.0,0.0,0.4548,0.301394,0.0,0,0.003563609,0.358633652,0.33934745975076175
ERUNOW_clean,9.74436,7.85759,9.7385,0.884315,1769.89,2001.42,0.0,0.0,0.6546,0.740234,0.0,1,0.003300079,0.320116921,0.3171249973352938
ESAROH_clean,4.75347,3.71612,4.73943,1.3675,535.723,391.753,0.0,0.0,0.4534,0.331553,0.0,1,0.005541816,0.434590374,0.4635460443784083
ESARUN_clean,6.08793,3.97207,6.06402,1.14221,1213.02,1061.99,0.0,0.0,0.5254,0.459984,0.0,1,0.00581875,0.525608482,0.5162137830564698
ESASAU_clean,5.00328,3.89627,5.00219,1.37708,632.788,459.514,0.0,0.0,0.4448,0.323002,0.0,1,0.004621444,0.384513468,0.3990527868140765
ESASEY_clean,5.5251,4.77538,5.51126,1.28472,744.013,579.127,0.0,0.0,0.486,0.378294,0.0,1,0.004741685,0.40421204,0.4045667813156369
ESEDIQ_clean,5.39674,3.78301,5.31113,0.83454,2154.55,2581.72,0.0,0.0,0.6546,0.784384,0.0,0,0.006293161,0.602137192,0.600274682206914
ESEQUO_clean,5.9241,3.78187,5.9241,1.17049,1289.9,1102.02,0.0,0.0,0.5438,0.464593,0.0,1,0.00373069,0.339267499,0.3460410157300813
ESEVIH_clean,6.88268,6.30555,6.87572,1.51625,1264.35,833.868,0.0,0.0,0.5472,0.36089,0.0,1,0.003602412,0.349747932,0.3291847432081323
ESIFET_clean,8.81259,5.05152,8.81259,1.42533,1454.27,1020.3,0.0,0.0,0.5856,0.410852,0.0,0,0.003320778,0.320341599,0.314536186817318
ESIGES01_clean,5.30554,4.43053,5.27741,1.28243,1799.46,1403.16,0.0,0.0,0.6102,0.475814,0.0,0,0.006176516,0.556108892,0.575270852492263
ESIGES_clean,5.24833,4.2623,5.18742,1.29046,1800.98,1395.62,0.0,0.0,0.6108,0.473321,0.0,0,0.006300602,0.559242078,0.5743167833595073
ESURER01_clean,6.75428,5.6916,6.72807,1.40497,1349.29,960.372,0.0,0.0,0.5342,0.380221,0.0,0,0.004123284,0.382717622,0.3726534823954881
ESURER02_clean,6.73405,5.67186,6.7278,1.40899,1346.64,955.749,0.0,0.0,0.5328,0.378145,0.0,0,0.004103742,0.387311208,0.37268089410264466
ESURER03_clean,6.73192,5.66128,6.64205,1.40989,1345.84,954.57,0.0,0.0,0.5322,0.377477,0.0,0,0.004270498,0.382016729,0.3929880484784054
ESURER04_clean,6.9676,6.06182,6.9676,1.36538,1434.64,1050.72,0.0,0.0,0.5472,0.400767,0.0,0,0.003972162,0.381124328,0.36809071602314886
ESURER_clean,6.78739,5.78928,6.78739,1.3933,1363.04,978.277,0.0,0.0,0.5382,0.386276,0.0,0,0.004168881,0.381812194,0.3778823929748303
ESUSAO01_clean,6.3973,4.82556,6.3973,1.43147,1333.03,931.231,0.0,0.0,0.5244,0.366336,0.0,1,0.004106348,0.389456879,0.3722672962374217
ESUSAO_clean,6.44994,4.84687,6.44994,1.43017,1343.92,939.69,0.0,0.0,0.5242,0.366529,0.0,1,0.004142826,0.396106245,0.37620001569351735
ESUSOC01_clean,7.22634,6.19526,7.22634,1.36351,1450.27,1063.63,0.0,0.0,0.544,0.398969,0.0,1,0.003948278,0.38509345,0.35823833215979217
ESUSOC_clean,7.05543,5.76553,7.05417,1.36444,1437.77,1053.75,0.0,0.0,0.5426,0.397672,0.0,1,0.004134141,0.380639696,0.3780833775653898
ESUTIX_clean,7.33038,6.15605,7.3245,1.35339,1467.91,1084.62,0.0,0.0,0.5522,0.408012,0.0,1,0.003824297,0.370954864,0.34418316313446184
ESUVAR01_clean,5.82794,3.93449,5.82794,1.54928,1195.21,771.464,0.0,0.0,0.4896,0.316018,0.0,1,0.004879328,0.436021545,0.4317203201535633
ESUVAR_clean,6.28796,4.55194,6.20677,1.47064,1312.34,892.358,0.0,0.0,0.5172,0.351684,0.0,1,0.004648303,0.417338009,0.4212983790389476
ESUVOF_clean,6.88083,5.87111,6.87535,1.38485,1391.22,1004.61,0.0,0.0,0.5404,0.390224,0.0,0,0.004092017,0.390744021,0.3763030505404337
ETAXUT_clean,12.89356,7.93773,12.89356,0.721487,1897.63,2630.17,77.994,108.102,0.7242,1.00376,0.0,1,0.004960329,0.444748178,0.43799589071200373
ETECIR_clean,4.32284,3.50203,4.32284,1.44521,1297.96,898.111,0.0,0.0,0.6006,0.41558,0.0,0,0.004609279,0.422981989,0.43079275028167147
ETECOX_clean,10.32812,8.91862,10.31469,1.07802,2014.96,1869.13,0.0,0.0,0.7346,0.681437,0.0,1,0.0023547,0.234541133,0.23106931301081537
ETEJIX_clean,6.81796,5.05367,6.81796,1.05868,2313.65,2185.42,0.0,0.0,0.6546,0.61832,0.0,1,0.003576678,0.341507425,0.35894623596756814
ETEJOD01_clean,6.6678,4.96877,6.6678,1.10092,2405.28,2184.79,0.0,0.0,0.6552,0.595139,0.0,1,0.003596415,0.356497057,0.3592589625721643
ETEJOD_clean,6.80678,5.11467,6.80678,1.12771,2231.39,1978.7,0.0,0.0,0.6388,0.56646,0.0,1,0.004217955,0.388137455,0.40749585761007784
ETEJUJ_clean,6.80904,5.16362,6.80904,1.11208,2257.09,2029.61,0.0,0.0,0.6478,0.582511,0.0,1,0.003545092,0.351943043,0.3514065657945474
ETEKAQ01_manual,5.81491,4.70834,5.54365,1.17141,2276.97,1943.78,0.0,0.0,0.6496,0.554545,0.0,1,0.002580317,0.259541301,0.25250320407197496
ETEKAQ_clean,6.79458,5.19238,6.79458,1.13284,2254.4,1990.05,0.0,0.0,0.6454,0.569721,0.0,1,0.003499221,0.34579731,0.34222322945877115
ETEQUQ_clean,5.92538,4.00393,5.92538,2.21544,1336.48,603.256,0.0,0.0,0.5274,0.238056,0.0,1,0.001043506,0.102160993,0.11095264736614563
ETESIG_clean,5.84738,4.10522,5.84738,1.34804,1113.36,825.908,0.0,0.0,0.511,0.379069,0.0,1,0.005324134,0.46359722,0.4704814601828851
ETEXEI01_clean,5.81183,4.79897,5.70377,1.51395,1510.72,997.869,0.0,0.0,0.6306,0.416527,0.0,0,0.003772621,0.362269796,0.346783348644781
ETEXEI_clean,5.78427,4.68209,5.77551,1.52654,1503.21,984.721,0.0,0.0,0.622,0.407458,0.0,0,0.004017491,0.370140634,0.3782801072459939
ETIXIQ_clean,6.68041,4.65647,6.65888,0.848377,2297.1,2707.64,0.0,0.0,0.6174,0.727742,0.0,0,0.005870406,0.565197853,0.5594074759466655
ETUWEW_clean,4.93842,4.37104,4.93842,1.56386,2303.31,1472.84,0.0,0.0,0.6098,0.389934,0.0,0,0.00214316,0.213930199,0.20614771059484982
ETUWIA_clean,4.84869,4.31374,4.84869,1.3172,2256.73,1713.27,0.0,0.0,0.6028,0.457637,0.0,1,0.003416166,0.331448459,0.3292135114498831
ETUXEW_clean,4.30967,3.74181,4.30967,1.76757,1105.02,625.163,0.0,0.0,0.5662,0.320327,0.0,0,0.005997982,0.511709433,0.5388947370122729
EVADIQ_clean,7.6272,6.3767,7.6272,1.10873,1926.39,1737.47,0.0,0.0,0.6356,0.573266,0.0,1,0.003725941,0.363298395,0.3665724776058156
EVAKIV_clean,13.34989,4.00312,13.34989,0.730238,1776.02,2432.11,0.0,0.0,0.6852,0.938325,0.0,0,0.0047436,0.447166246,0.4548392538833913
EVEGUH_clean,6.67679,5.04188,6.67679,1.28811,935.874,726.551,97.6899,75.84,0.5222,0.405402,0.0,1,0.00328074,0.303203468,0.2927678179466824
EVIMUT_clean,5.27695,4.27032,5.27695,0.98944,1543.01,1559.48,0.0,0.0,0.5212,0.526762,0.0,1,0.002815966,0.276307239,0.27660840400851644
EVUDAA_clean,8.8715,5.37575,8.86492,1.06655,1848.87,1733.49,0.0,0.0,0.6318,0.592375,0.0,1,0.005747206,0.508919194,0.5186150856623808
EVUPOC_clean,6.33794,4.33255,6.21155,1.43397,1521.86,1061.29,0.0,0.0,0.5584,0.389408,0.0,1,0.004265871,0.393757874,0.3927368557607456
EVURAP_clean,4.91998,4.00691,4.90722,1.50366,1094.53,727.909,0.0,0.0,0.4888,0.325073,0.0,1,0.005048501,0.446235211,0.46112238471392514
EWASIG01_clean,6.54739,5.55468,6.37809,0.995743,2287.2,2296.98,0.0,0.0,0.6682,0.671057,0.0,1,0.003857226,0.373260204,0.36799480533292495
EWASIG_clean,6.45735,5.55117,6.42218,0.997683,2278.25,2283.54,0.0,0.0,0.6672,0.66875,0.0,1,0.003883894,0.386528586,0.3719101431108639
EWECOY_clean,6.36107,5.38638,6.36107,1.35369,1897.91,1402.03,0.0,0.0,0.613,0.452836,0.0,1,0.002897997,0.282059697,0.2662062306473328
EWESAC_clean,4.96455,3.52189,4.96455,1.2876,515.857,400.635,170.93,132.751,0.4632,0.35974,0.0,0,0.007220108,0.561428535,0.5652786896482649
EWIPIL_clean,5.07501,3.95522,5.05284,1.20337,1849.05,1536.56,0.0,0.0,0.602,0.500263,0.0,1,0.008806796,0.783176242,0.7774528958864453
EWUCOP_clean,4.517,3.6203,4.517,1.14036,1567.35,1374.43,0.0,0.0,0.607,0.532288,0.0,0,0.00575379,0.54350375,0.5461097050080195
EWUGEK_clean,4.25922,3.99552,4.25922,1.59647,254.293,159.284,0.0,0.0,0.3716,0.232763,0.0,0,0.00179461,0.157525697,0.15433042502316663
EWUKAK_clean,8.06678,6.82094,8.05126,1.11278,1981.43,1780.62,0.0,0.0,0.6252,0.561838,0.0,1,0.003971878,0.378748594,0.379855451918438
EWUSOF_clean,11.18858,8.47337,10.82571,0.877,1675.84,1910.87,0.0,0.0,0.721,0.822121,0.0,1,0.001358061,0.130025237,0.14075333863202877
EWUSUL_clean,11.25293,8.38573,11.25293,0.979503,1671.61,1706.59,0.0,0.0,0.7086,0.723428,0.0,1,0.001204573,0.114657773,0.12678928866360228
EXALAR_clean,8.27068,4.14256,8.27068,0.819136,1552.0,1894.68,19.4699,23.7688,0.6382,0.779114,0.0,1,0.002428242,0.245019707,0.24587865960871338
EXALIZ_clean,8.54083,3.87619,8.54083,1.52305,1283.51,842.727,0.0,0.0,0.5696,0.373988,0.0,1,0.001118526,0.107671466,0.10537597834767176
EXAPEA_clean,5.23017,3.49325,5.23017,1.44837,343.252,236.992,0.0,0.0,0.4076,0.281419,0.0,0,0.003625046,0.291358835,0.2806686843052155
EXEMUR_clean,6.22751,4.77221,6.20611,1.4177,461.655,325.637,178.147,125.659,0.4768,0.33632,0.0,0,0.001443048,0.140698032,0.12247775690376056
EXENAX_clean,4.98437,3.71955,4.67631,1.89432,1307.11,690.013,0.0,0.0,0.588,0.310402,0.0,1,0.001630438,0.157855524,0.15743634425686237
EXEQAA_clean,7.25351,7.13068,7.2425,1.02495,1673.9,1633.14,0.0,0.0,0.6088,0.593978,0.0,0,0.004858044,0.464321983,0.46665734785409935
EXEQII_SL,7.24683,7.11371,7.24683,1.02502,1683.52,1642.43,0.0,0.0,0.597,0.58243,0.0,0,0.004837989,0.464652641,0.4663848801416592
EXEWIO_clean,7.06551,3.91163,7.06551,1.10612,1247.35,1127.68,0.0,0.0,0.5336,0.482408,0.0,1,0.008480375,0.681540444,0.6929024136637661
EXIDOF_clean,5.61373,5.00672,5.60841,1.03591,1864.27,1799.64,0.0,0.0,0.6158,0.594451,0.0,0,0.005950664,0.56005508,0.5565342563449359
EXOFIH_clean,4.43208,4.25139,4.42906,1.35435,1660.17,1225.81,0.0,0.0,0.5858,0.432533,0.0,0,0.014604423,1.181977812,1.207283339822403
EXUHEM_clean,5.5848,3.98697,5.5848,1.1948,1036.21,867.268,0.0,0.0,0.5148,0.430868,0.0,0,0.00443375,0.387180158,0.386751366959712
EXUHUC_clean,6.22107,4.0898,6.22107,1.22274,852.187,696.948,9.45855,7.73552,0.5232,0.427891,0.0,1,0.00137161,0.129205886,0.13473883486644633
EYINOR_clean,8.12774,5.83469,8.12774,0.997324,2427.09,2433.6,0.0,0.0,0.6904,0.692252,0.0,1,0.003913733,0.376405337,0.37078987770885524
EYIYES_clean,8.23387,5.84668,8.15455,0.958955,2430.13,2534.15,0.0,0.0,0.6902,0.719741,0.0,1,0.003396872,0.326438187,0.33595392083147885
EYOCIG_clean,8.27418,5.89212,8.06359,0.922433,2431.08,2635.51,0.0,0.0,0.694,0.752358,0.0,1,0.003461528,0.327835788,0.35123293710161113
EYOCOM_clean,8.18337,5.84697,8.18337,0.974997,2429.97,2492.29,0.0,0.0,0.6902,0.7079,0.0,1,0.003324155,0.328015225,0.3337823411406763
EYULOA_clean,4.93073,3.99192,4.90572,1.26506,819.807,648.04,0.0,0.0,0.5008,0.395872,0.0,0,0.007700362,0.59888659,0.6375638635108585
EZABEN_clean,5.22809,3.75233,5.19001,1.80933,1456.46,804.973,0.0,0.0,0.5686,0.314261,0.0,1,0.003122515,0.290806354,0.29121942437200693
EZEQIL_clean,5.30026,4.78345,5.30026,1.17129,1076.67,919.215,0.0,0.0,0.476,0.406389,0.0,0,0.006574209,0.554965777,0.5579769923982758
EZEQOR_clean,5.6482,4.90134,5.6482,1.14412,1130.85,988.403,0.0,0.0,0.4858,0.424607,0.0,0,0.006493092,0.561895798,0.5546357796454531
EZEQUX_clean,5.58794,4.86495,5.58794,1.14902,1119.33,974.163,0.0,0.0,0.4862,0.423145,0.0,0,0.006767785,0.584223406,0.5622967304048176
EZIPEK_clean,8.58626,4.2007,8.58626,1.51602,1671.68,1102.68,0.0,0.0,0.5836,0.384955,0.000527697,0,0.003916878,0.358721,0.34563620440611226
EZITUE_clean,5.18743,4.58908,5.18743,1.41786,514.897,363.149,0.0,0.0,0.4536,0.319918,0.0,1,0.003011487,0.261612559,0.25229785908381414
EZIVAM_clean,4.86841,4.201,4.86841,1.36805,410.17,299.821,0.0,0.0,0.4216,0.308176,0.0,1,0.003372369,0.284267204,0.2664500330613227
EZOBUR02_clean,5.4535,4.4976,5.43411,1.36504,878.599,643.645,0.0,0.0,0.4944,0.362188,0.0,1,0.003148117,0.275013099,0.2794168812023221
EZOBUR_clean,6.22091,4.91314,6.06649,1.26527,1070.0,845.668,0.0,0.0,0.5366,0.4241,0.0,1,0.002730006,0.249645126,0.2436525011607348
EZUCIM_clean,5.27092,4.42324,5.21472,1.00292,1781.29,1776.11,0.0,0.0,0.602,0.600249,0.0,0,0.007252155,0.664625048,0.6786361323943021
EZULAO_clean,5.09593,4.42786,5.07986,1.44576,1054.74,729.539,0.0,0.0,0.5038,0.348468,0.0,1,0.004465394,0.409995425,0.38302374691031404
FAFMAC_clean,6.81612,5.39086,6.79864,1.26269,1165.02,922.651,0.0,0.0,0.5508,0.436212,0.0,1,0.001807997,0.174268701,0.17417489089391158
FAFQEJ01_clean,6.37389,4.22376,5.90055,1.46265,2225.33,1521.44,0.0,0.0,0.6474,0.442621,0.0,1,0.001191053,0.120163454,0.10245584749141173
FAGMAE_clean,5.46748,4.37557,5.46748,1.06062,1170.19,1103.31,0.885384,0.834777,0.5442,0.513094,0.0,1,0.002791845,0.261785355,0.2702568678689089
FAGMEI_clean,4.74677,3.86448,4.45761,1.13696,582.955,512.733,152.586,134.206,0.5114,0.449797,0.0,1,0.004405549,0.397432563,0.3913522592727529
FAGMOS_clean,4.83565,3.90897,4.83387,1.11657,661.618,592.547,152.346,136.441,0.5228,0.468221,0.0,1,0.004545444,0.399697345,0.4156316960935547
FAGQAI_clean,13.61199,8.61498,13.60121,0.481098,2019.32,4197.32,0.0,0.0,0.7864,1.63459,0.0,1,0.002921317,0.286390192,0.2869858336763628
FAGREM_clean,7.38233,6.89343,7.38233,1.46524,1454.62,992.751,0.0,0.0,0.557,0.380143,0.0,1,0.002782148,0.27233497,0.2575986409767307
FAHGAY_clean,5.42928,5.0549,5.42928,0.789805,2259.65,2861.02,0.0,0.0,0.6494,0.822229,0.0,0,0.00620005,0.608089461,0.5871214663522203
FAHPOV_clean,15.83326,12.70856,15.77354,0.465056,1930.74,4151.64,0.0,0.0,0.8222,1.76796,0.0,1,0.003318185,0.330473964,0.33707675734866593
FAHQIQ_clean,9.85392,4.35513,9.85392,0.853176,2077.29,2434.78,0.0,0.0,0.6662,0.780847,0.0,0,0.007464152,0.654796568,0.6786467103862118
FAHQIR_clean,5.4668,3.66161,5.45525,1.24631,646.137,518.44,0.0,0.0,0.4704,0.377434,0.0,1,0.006017131,0.464891554,0.49048681641535374
FAJYAS_clean,8.56248,6.70705,8.55013,0.843378,1917.39,2273.46,0.0,0.0,0.6388,0.75743,0.0,1,0.002950615,0.285114196,0.2935813675451382
FAJZOI_clean,5.7048,3.67896,5.62232,1.15456,806.025,698.125,0.0,0.0,0.4918,0.425964,0.0,0,0.011697212,0.885292249,0.8756580781944522
FAKLIO_clean,9.35143,8.40739,9.35026,0.753404,1654.42,2195.93,0.0,0.0,0.6524,0.865937,0.0,0,0.003655317,0.34707052,0.35447481195765534
FAKLOU_clean,9.12795,8.03305,9.12795,0.879649,1631.51,1854.72,0.0,0.0,0.6538,0.743251,0.0,0,0.003193362,0.311326214,0.3105712250400763
FAKLUA_clean,9.01677,8.0299,9.01677,0.819291,1611.05,1966.39,0.0,0.0,0.6454,0.787754,0.0,0,0.004195055,0.41295134,0.3949158578846497
FAKNIR_clean,7.731,5.84497,7.731,0.960238,2118.84,2206.58,0.0,0.0,0.6484,0.675249,0.0,1,0.004139455,0.384476131,0.40139584164604913
FALBAX_manual,16.15249,9.49143,16.1486,0.447193,2181.58,4878.38,0.0,0.0,0.8038,1.79743,0.0,0,0.003416248,0.348858749,0.3359955377639629
FALDAA_clean,6.52279,5.33991,6.32184,1.08899,1435.02,1317.76,0.0,0.0,0.579,0.531688,0.0,1,0.003868822,0.35924152,0.3630203281584392
FALLOT_clean,5.47116,3.44168,5.42276,1.84097,1146.35,622.691,0.0,0.0,0.5828,0.316572,0.0,1,0.001661733,0.156952912,0.16156051423562817
FAMPUH_clean,14.29727,6.50644,14.29727,0.67257,2359.31,3507.91,0.0,0.0,0.7568,1.12524,0.0,1,0.004620535,0.452072471,0.4416655791922905
FAMQAO_clean,14.19972,6.54893,14.18609,0.666736,2302.24,3453.0,0.0,0.0,0.7576,1.13628,0.0,1,0.004574762,0.43771499,0.4352451936955033
FAMQES_clean,13.92314,6.55268,13.92314,0.674226,2354.83,3492.63,0.0,0.0,0.7532,1.11713,0.0,1,0.004740054,0.456535343,0.44626672620497604
FANCIJ_clean,8.52966,7.16955,8.46063,1.09037,1242.28,1139.32,72.6595,66.6376,0.5784,0.530463,0.0,0,0.004417624,0.4186882,0.3965059569357713
FANCOP_clean,8.31522,6.68432,8.30333,1.04032,1268.68,1219.51,89.2086,85.7514,0.5834,0.560791,0.0,0,0.006031031,0.53480696,0.534110055896523
FAPXEC_clean,7.23633,7.07944,7.22228,1.10849,1601.62,1444.86,0.0,0.0,0.5964,0.538029,0.0,0,0.005004195,0.488251635,0.47973206574529015
FAPXIG_clean,7.25163,7.0872,7.25163,1.12925,1578.62,1397.94,0.0,0.0,0.5966,0.528317,0.0,0,0.005207242,0.500246147,0.5012733428099451
FAPXOM_clean,7.22558,7.07954,7.22145,1.12985,1598.05,1414.39,0.0,0.0,0.5978,0.529098,0.0,0,0.005143849,0.510599502,0.5016677765054606
FAQGEL_clean,5.35554,3.64691,5.34801,1.44151,1313.99,911.54,0.0,0.0,0.536,0.371832,0.0,1,0.00535221,0.470867885,0.48786237104817726
FAQGIP_clean,5.30496,3.71196,5.30496,1.22203,1264.33,1034.61,0.0,0.0,0.5172,0.423229,0.0,1,0.005747963,0.529400807,0.5235898848803873
FAQLUH_clean,7.25665,7.09719,7.24714,1.10687,1602.27,1447.57,0.0,0.0,0.5958,0.538276,0.0,0,0.004769764,0.486150775,0.4561118975755766
FARFIO_clean,9.12316,6.55123,9.12316,1.31137,1730.77,1319.82,0.0,0.0,0.6458,0.492464,0.0,0,0.001572068,0.15632006,0.16703426996840215
FARFOU_clean,8.96134,6.03917,8.96134,1.3138,1736.65,1321.85,0.0,0.0,0.6496,0.494443,0.0,0,0.001566143,0.163135647,0.1628456804068082
FARHOX_ion_b,6.26684,3.62781,6.26416,1.63231,1189.76,728.882,0.0,0.0,0.5338,0.327022,0.0,1,0.004415104,0.38215278,0.3773906075903561
FASHAK_clean,5.67537,4.91896,5.66915,1.31877,1672.64,1268.34,0.0,0.0,0.5816,0.441018,0.0,1,0.002175397,0.210498024,0.21121427666086967
FASHOX_clean,5.79545,4.39914,5.79038,3.73156,1762.91,472.433,0.0,0.0,0.572,0.153287,0.0,1,0.001273861,0.121374407,0.10517016354138614
FATKAO_clean,4.65609,3.80909,4.65088,1.95034,1014.02,519.916,0.0,0.0,0.465,0.238419,0.0,1,0.001538849,0.142652313,0.1577775631031228
FATKES_clean,4.81739,3.70783,4.8165,1.82727,1025.9,561.439,0.0,0.0,0.4878,0.266955,0.0,1,0.001554132,0.147205065,0.15589834330290975
FATKIV_clean,14.84172,10.48506,14.13115,0.799535,924.965,1156.88,197.216,246.664,0.6364,0.795963,0.0,1,0.002867913,0.255620131,0.2841012322099189
FATKIW_clean,4.92999,3.7145,4.92517,1.89194,1016.62,537.341,0.0,0.0,0.477,0.252122,0.0,1,0.001597776,0.155389443,0.16000974007732915
FATKOC_clean,4.67985,3.79401,4.65705,1.90793,1011.46,530.135,0.0,0.0,0.4774,0.250219,0.0,1,0.00157455,0.148062064,0.15397649416026576
FATKUI_clean,4.71614,3.90797,4.71614,1.76449,1087.25,616.182,0.0,0.0,0.4914,0.278494,0.0,1,0.001551611,0.14670217,0.15810330919275067
FATQID_clean,11.53016,8.55287,11.53016,0.606791,2204.88,3633.67,0.0,0.0,0.8008,1.31973,0.0,1,0.002695964,0.266661651,0.2765004315416628
FATVOM_clean,4.53669,4.03212,4.53669,1.59797,796.91,498.701,0.0,0.0,0.4212,0.263584,0.0,1,0.004770831,0.404006864,0.4013686375430562
FAVFUG_clean,6.83841,4.77149,6.83841,1.02578,1903.53,1855.69,0.0,0.0,0.6082,0.592913,0.0,0,0.004859206,0.460022522,0.4709701600225084
FAVGIV_clean,4.89361,4.27611,4.89361,1.63035,784.518,481.195,0.0,0.0,0.4718,0.289385,0.0,1,0.001786283,0.17095762,0.15924969318039844
FAVGOB_clean,4.8913,4.26213,4.88425,1.63875,774.721,472.75,0.0,0.0,0.4632,0.282654,0.0,1,0.001818871,0.169869964,0.16025545988919293
FAVHAO_clean,4.95666,4.40143,4.92219,1.63957,784.566,478.52,0.0,0.0,0.4652,0.283733,0.0,1,0.001820619,0.175829755,0.1592860525504013
FAVHES_clean,4.81694,4.18094,4.81252,1.69685,756.814,446.011,0.0,0.0,0.4616,0.272033,0.0,1,0.001796255,0.169962465,0.1572901015124879
FAVKAP_clean,6.87609,5.10388,6.87609,1.0919,2445.17,2239.37,0.0,0.0,0.6468,0.592361,0.0,1,0.003388991,0.340470655,0.3353757873719527
FAYPAY_clean,12.90794,5.24047,12.8925,0.673936,2011.51,2984.72,0.0,0.0,0.742,1.10099,0.0,1,0.00338042,0.325809527,0.33181102443332744
FAYPEC_clean,11.32938,4.75784,11.28719,0.745804,1782.19,2389.63,0.0,0.0,0.6898,0.924908,0.0,1,0.003144614,0.314753803,0.3109800220241059
FAYPOM_clean,8.33734,7.34032,8.33734,0.888945,1770.92,1992.16,0.0,0.0,0.637,0.71658,0.0,0,0.003090747,0.303497592,0.305655954672061
FAYQAZ_clean,13.25092,5.37829,12.95797,0.797039,1583.25,1986.41,0.0,0.0,0.6806,0.85391,0.0,1,0.002647173,0.264157437,0.26020955708678717
FAYQED_clean,12.559,10.1499,12.53561,0.533674,1990.43,3729.68,0.0,0.0,0.7818,1.46494,0.0,1,0.004442297,0.422631838,0.4065184880794184
FAYQUT_clean,11.36736,8.26719,11.16554,0.777904,1704.81,2191.54,0.0,0.0,0.681,0.875429,0.0,1,0.003864113,0.364137205,0.3629130678891492
FAZFET_clean,6.57316,4.4573,6.55727,1.65256,1476.29,893.337,1.47172,0.89057,0.5356,0.324103,0.0,1,0.001507286,0.13361633,0.14449411361346193
FAZPED_clean,7.63868,5.99081,7.63868,1.64589,749.747,455.527,0.0,0.0,0.4048,0.245946,0.0,1,0.001735811,0.164825189,0.16637938226568527
FEBPUY_clean,5.08924,4.38524,5.07804,1.23823,1158.3,935.44,0.0,0.0,0.5392,0.435459,0.0,1,0.005068487,0.455123412,0.4845831030551931
FEBXIV_clean,17.28638,15.74639,17.27933,0.293688,1491.04,5076.95,0.0,0.0,0.8788,2.99229,0.0,1,0.003737124,0.359187913,0.3680465709381604
FECCIZ_clean,4.99663,3.47947,4.98801,1.68897,855.07,506.267,0.0,0.0,0.478,0.283012,0.0,0,0.006013251,0.542521232,0.4963579196210145
FECKAA_clean,5.54178,3.96898,5.52138,0.97764,1036.11,1059.8,74.179,75.8756,0.5832,0.596539,0.0,1,0.006488468,0.571277748,0.5726363152909036
FECXAO_clean,5.79137,4.59346,5.79018,0.989543,1846.09,1865.6,0.0,0.0,0.6174,0.623924,0.0,0,0.006487849,0.599319775,0.6051198081080569
FECXUI_clean,10.09798,5.67724,10.08611,0.924829,2051.69,2218.46,0.0,0.0,0.69,0.746084,0.0,1,0.004262819,0.399821512,0.4024564507154581
FECYUJ_clean,9.54146,5.39642,9.54146,0.925869,2090.23,2257.59,1.94532,2.10107,0.6792,0.733581,0.0,1,0.004579724,0.429869119,0.4363913878173006
FEDBEX_clean,5.54956,5.03901,5.54956,1.56747,1415.29,902.91,0.0,0.0,0.5562,0.354839,0.0,0,0.001566719,0.148241641,0.1661128681508045
FEFCUQ_clean,8.87571,6.35025,8.74283,0.77796,2120.63,2725.88,0.0,0.0,0.673,0.865083,0.0,0,0.004336745,0.403199227,0.4169693206705156
FEFDAX_clean,7.78612,6.37885,7.6796,0.828568,2134.58,2576.23,0.0,0.0,0.6746,0.814176,0.0,0,0.004051198,0.394902713,0.3930856931684762
FEGNIQ_clean,7.13681,4.81158,7.13681,1.15152,1310.71,1138.24,0.0,0.0,0.528,0.458524,0.0,0,0.003045798,0.297300723,0.28973248715461786
FEJDII_clean,5.18964,4.3206,5.16791,1.64976,1282.11,777.148,0.0,0.0,0.607,0.367932,0.0,0,0.004910192,0.433900142,0.4418392296432012
FENROG_clean,5.38209,4.56613,5.38209,1.67781,1972.59,1175.69,0.0,0.0,0.6206,0.369888,0.0,1,0.001213244,0.121521671,0.11976388532344778
FEQSIF_clean,9.23636,5.60978,9.22645,0.773392,2340.66,3026.49,0.0,0.0,0.7012,0.906656,0.0,1,0.005940506,0.495552967,0.5427998911566639
FERVEF_clean,4.50859,3.42442,4.50859,2.0439,895.257,438.014,0.0,0.0,0.5236,0.256177,0.0,1,0.002111703,0.206777355,0.17946878785906933
FERVIJ_clean,4.83126,3.6773,4.83126,1.86686,1302.53,697.711,13.494,7.22817,0.5356,0.286899,0.0,1,0.002354706,0.223301002,0.22510519351991448
FERVUV_clean,4.63344,3.59285,4.63329,1.52979,1125.91,735.991,2.57897,1.68584,0.5188,0.339132,0.0,1,0.003023407,0.289518381,0.2903927329815553
FESTUT_clean,4.58957,3.56818,4.49102,1.91412,810.164,423.257,0.0,0.0,0.5446,0.284517,0.0,0,0.00773663,0.591105001,0.6262997424466179
FEVSAC_clean,4.70494,3.78141,4.69575,1.30344,385.722,295.926,85.5055,65.5998,0.4704,0.36089,0.0,1,0.001573295,0.148743878,0.14482850191498658
FEWGUL_clean,4.38967,3.93713,4.357,1.63655,694.151,424.154,0.0,0.0,0.3828,0.233906,0.0,0,0.004766004,0.377235059,0.3923145523674417
FEWQOP_clean,5.35536,5.19712,5.35116,2.28568,1163.85,509.19,0.0,0.0,0.467,0.204315,0.0,1,0.002265068,0.213704421,0.20334465236844662
FEWWOV_clean,6.50134,3.77167,6.50134,0.923858,1579.47,1709.64,0.0,0.0,0.5876,0.636029,0.0,0,0.007769322,0.68455614,0.698248983564802
FEWWUB_clean,13.46293,4.10343,6.99036,0.839472,1304.99,1554.54,374.213,445.771,0.6142,0.731651,0.0,0,0.006190908,0.532460729,0.5857143719407124
FEXCES_clean,6.14892,5.48137,6.14892,1.01825,1528.57,1501.17,0.0,0.0,0.5802,0.569801,0.0,1,0.006807175,0.622820299,0.6020772960197457
FEZTIP_clean,5.60935,4.76331,5.55768,1.11089,1381.78,1243.85,0.0,0.0,0.563,0.5068,0.0,1,0.004863441,0.450778771,0.45327980098646203
FIBHIJ_clean,5.3367,3.42361,5.26159,1.29192,845.674,654.588,0.0,0.0,0.5226,0.404515,0.0,1,0.002391665,0.213156928,0.21977880968783825
FIDRIV_clean,15.99327,15.90265,15.99327,0.698397,1517.46,2172.77,0.0,0.0,0.7102,1.0169,0.0,1,0.001916258,0.191387899,0.19118247748315081
FIFGAE_clean,7.43152,6.20566,7.41957,0.862729,2447.09,2836.45,0.0,0.0,0.7008,0.812306,0.0,1,0.003986223,0.412482921,0.3901452553853305
FIFGEI_clean,16.15291,14.69313,16.15291,0.412792,1738.34,4211.18,0.0,0.0,0.8636,2.09209,0.0,1,0.003436931,0.341958773,0.35089440898292057
FIFMIS01_clean,4.81383,4.49281,4.81367,1.28928,625.276,484.979,115.997,89.97,0.4752,0.368577,0.0,1,0.005723183,0.499061548,0.4909401044251273
FIFMIS_clean,4.83064,4.51142,4.83037,1.28879,636.461,493.845,117.284,91.0034,0.48,0.372443,0.0,1,0.005813519,0.503908815,0.4917619135922246
FIFMOX_clean,6.04512,4.24356,6.04078,0.977861,1901.41,1944.46,0.0,0.0,0.5916,0.604994,0.0,1,0.003525715,0.337241389,0.34661614150981446
FIFMOY_clean,4.8407,4.42587,4.8407,1.29544,593.069,457.813,123.778,95.5491,0.468,0.361267,0.0,1,0.005694596,0.496788284,0.4856897944226979
FIFMUD_clean,5.99897,3.96607,5.98731,0.985465,1849.24,1876.51,1.01814,1.03316,0.5914,0.600123,0.0,1,0.003216741,0.321680448,0.32324582135465874
FIFNUE01_clean,4.79076,3.93215,4.75885,1.01704,1531.07,1505.43,0.0,0.0,0.567,0.557502,0.0,1,0.00269625,0.276739368,0.26950682429348494
FIFNUE_clean,4.8017,3.95118,4.74576,1.02025,1565.01,1533.95,0.0,0.0,0.5802,0.568687,0.0,1,0.00299524,0.285911957,0.3053994807591327
FIFPAM01_clean,4.73813,3.78761,4.73813,1.03017,1649.03,1600.74,0.0,0.0,0.5794,0.562433,0.0,1,0.003032741,0.286694182,0.3086601496709117
FIFPAM_clean,4.72449,3.84654,4.62424,1.03535,1611.82,1556.78,0.0,0.0,0.5846,0.564637,0.0,1,0.002578498,0.243399472,0.263962561880967
FIHFAF_clean,6.24558,4.36754,6.24558,1.21214,1512.33,1247.65,0.0,0.0,0.5622,0.463807,0.0,1,0.004371438,0.403303082,0.4043311993610511
FIHRIZ_clean,6.70189,5.92513,6.34809,1.0601,1583.25,1493.5,0.0,0.0,0.594,0.560326,0.0,0,0.005224064,0.492398247,0.506273216745716
FIJCUX01_clean,7.34002,6.13056,7.33722,1.22326,1581.46,1292.83,0.0,0.0,0.608,0.497033,0.0,1,0.003489809,0.358133481,0.33841475572871405
FIJDIM01_clean,5.82926,5.08135,5.82926,1.24507,1266.69,1017.36,0.0,0.0,0.5318,0.427125,0.0,1,0.005134328,0.463549186,0.47733250843652264
FIJDIM02_clean,5.85717,5.09946,5.85717,1.24136,1271.74,1024.47,0.0,0.0,0.5328,0.429205,0.0,1,0.005147008,0.464411482,0.4772606006577356
FIJDIM05_clean,5.94737,5.16221,5.94737,1.2314,1299.48,1055.29,0.0,0.0,0.534,0.433654,0.0,1,0.004966659,0.457603285,0.44832998599246976
FIJDIM06_clean,5.98426,5.17875,5.98426,1.22798,1308.75,1065.77,0.0,0.0,0.5354,0.436,0.0,1,0.004932843,0.456043543,0.4403310371138895
FIJDIM08_clean,6.03525,5.21694,6.03525,1.22274,1324.94,1083.58,0.0,0.0,0.5378,0.43983,0.0,1,0.004938479,0.449794711,0.43831355502694563
FIJDIM10_clean,5.79441,4.98095,5.78067,1.23638,1249.85,1010.9,0.0,0.0,0.5298,0.428511,0.0,1,0.004694725,0.42678323,0.42528550688541494
FIJDIM11_clean,5.83014,5.0814,5.83014,1.23386,1262.75,1023.41,0.0,0.0,0.5344,0.433111,0.0,1,0.004691908,0.443737501,0.4259709855026215
FIJDIM_clean,5.85157,5.09863,5.85157,1.24567,1280.47,1027.93,0.0,0.0,0.5282,0.424028,0.0,1,0.004931434,0.457927351,0.4436269509668319
FIJDOS_clean,11.71715,10.90932,11.71715,1.21946,1612.88,1322.61,0.0,0.0,0.6614,0.54237,0.0,1,0.002869121,0.285597224,0.2721182625072887
FIJDUY_clean,5.11347,3.64709,5.11347,1.4525,1805.45,1242.99,0.0,0.0,0.5992,0.412529,0.0,1,0.002379494,0.233927309,0.2295257393184619
FIJFUA_clean,6.58892,4.46794,6.58892,1.28412,1352.77,1053.46,0.0,0.0,0.5288,0.4118,0.0,1,0.003521703,0.334308132,0.3271522690602361
FIJXUR_clean,7.39108,4.72102,7.39108,1.5002,1093.27,728.749,0.0,0.0,0.506,0.337289,0.0,1,0.000686084,0.069330734,0.0865465612035794
FIJYED_clean,4.73259,3.98746,4.61177,1.90177,745.293,391.895,0.0,0.0,0.4318,0.227052,0.0,0,0.006548008,0.521299576,0.5059096119667998
FIJZEE_clean,7.37726,6.47542,7.37726,1.82096,874.8,480.405,0.0,0.0,0.4718,0.259093,0.0,0,0.001905126,0.178857077,0.18119630289888417
FIMXUW_clean,4.96245,3.57593,4.95367,2.04735,760.785,371.594,0.0,0.0,0.4152,0.202798,0.0,1,0.001376756,0.132126231,0.12553845682737785
FIMYUX_clean,8.65094,5.25908,8.63733,1.14098,1847.33,1619.08,0.0,0.0,0.6182,0.541817,0.0,1,0.002817118,0.264115145,0.2686646708543719
FIMZAE_clean,8.7496,5.24839,8.73677,1.17241,1659.79,1415.71,0.0,0.0,0.6,0.511765,0.0,1,0.002739026,0.259322555,0.2631377279184065
FINQOK_clean,8.7337,4.60012,8.08289,1.3997,1628.14,1163.2,0.0,0.0,0.614,0.438665,0.0,1,0.001139548,0.116110501,0.12119709614388624
FINQUQ_clean,8.681,4.51126,8.681,1.41696,1585.78,1119.14,0.0,0.0,0.6192,0.436992,0.0,1,0.001115243,0.113457476,0.11841932446129705
FIPJAR_clean,5.38201,3.65359,5.35586,1.48851,1135.66,762.952,0.0,0.0,0.5586,0.375274,0.0,1,0.003864906,0.344607573,0.3415276525680977
FIPKOG01_clean,6.5379,4.8064,6.53406,1.09146,1614.42,1479.13,0.0,0.0,0.5916,0.542026,0.0,0,0.004813252,0.446099704,0.4591457337604899
FIPKOG_clean,6.55849,4.8515,6.50444,1.08595,1635.33,1505.9,0.0,0.0,0.5862,0.539805,0.0,0,0.004639864,0.445554109,0.4457377479368701
FIPXAF_clean,4.65881,3.97386,4.65881,1.34738,766.026,568.53,0.0,0.0,0.4744,0.35209,0.0,0,0.011737943,0.897858923,0.8878701496796302
FIPXEJ_clean,4.43579,3.68809,4.4295,1.35731,462.184,340.514,181.053,133.391,0.4954,0.364986,0.0,0,0.004769087,0.420152641,0.4188743300667751
FIQZAH_clean,4.65627,3.68934,4.65627,1.93416,700.399,362.121,0.0,0.0,0.45,0.23266,0.0,0,0.004105631,0.353866108,0.35027043785199424
FIRMUQ_clean,6.37918,5.90394,6.37918,0.804259,2580.98,3209.14,0.0,0.0,0.675,0.839282,0.0,1,0.004378746,0.43364687,0.4227170586910856
FIRNAX_clean,6.70534,6.02432,6.70378,0.728308,2391.07,3283.04,0.0,0.0,0.6994,0.960308,0.0,1,0.003942071,0.39809569,0.39989796291222424
FIRNIF_clean,6.7853,6.06191,6.78493,0.71467,2582.63,3613.74,0.0,0.0,0.693,0.969679,0.0,1,0.004090416,0.40344825,0.4099539442445937
FIRNOL_clean,6.1215,5.54396,6.11958,0.794887,2656.05,3341.42,0.0,0.0,0.6666,0.838609,0.0,1,0.00520112,0.502013597,0.5147517387345819
FIRNUR_clean,6.62054,6.03585,6.61701,0.714161,2609.57,3654.03,0.0,0.0,0.6944,0.97233,0.0,1,0.00468151,0.46775782,0.4509609477062164
FIVNAZ_clean,4.57167,3.52743,4.40749,2.12433,1354.32,637.526,0.0,0.0,0.5842,0.275004,0.0,1,0.000769909,0.080840423,0.06733988654013362
FIVYEP01_clean,5.69673,4.73568,5.69673,2.0333,1245.18,612.394,0.0,0.0,0.4572,0.224856,0.0,1,0.001556939,0.147275481,0.15098018930154827
FIVYEP_clean,5.69894,4.7333,5.69894,2.0333,1248.63,614.092,0.0,0.0,0.458,0.22525,0.0,1,0.001537952,0.148795632,0.15098018930154827
FIVYUF_clean,4.68091,3.50866,4.67789,1.41648,465.948,328.948,0.0,0.0,0.4326,0.305405,0.0,0,0.003383459,0.305137019,0.27997995513336277
FIYDOH_clean,4.62011,3.85906,4.62011,1.58881,555.753,349.792,0.0,0.0,0.3874,0.24383,0.0,1,0.00194376,0.178570261,0.16520080753026462
FIZPOV_clean,6.69877,5.40684,6.69877,0.878608,2365.02,2691.78,0.0,0.0,0.6734,0.766439,0.0,1,0.006626757,0.62795738,0.6025772530826772
FOBNAN_clean,8.70901,6.58612,8.70709,0.867344,2020.64,2329.69,0.0,0.0,0.6644,0.766017,0.0,1,0.003842915,0.370829676,0.3637414213639622
FOCZAA_clean,4.86095,4.4492,4.8459,1.39709,775.702,555.227,0.0,0.0,0.452,0.32353,0.0,0,0.008034648,0.63284957,0.6357890736594741
FOFCOU_clean,4.8597,4.4269,4.8597,1.38069,783.577,567.528,0.0,0.0,0.4546,0.329257,0.0,0,0.007700889,0.631103482,0.6167687559922724
FOHCIP_clean,4.96285,4.14038,4.9303,1.87592,1245.59,663.988,0.0,0.0,0.5966,0.318031,0.0,1,0.00240819,0.220352936,0.24021180859936278
FOHQUO_clean,4.34506,3.45753,4.34017,1.59314,531.012,333.311,0.0,0.0,0.4696,0.294764,0.0,1,0.000864266,0.08809035,0.08706121413831663
FOJLOH_clean,7.23927,6.67302,7.23927,0.822249,1870.22,2274.52,0.0,0.0,0.6338,0.770813,0.0,1,0.004579207,0.433890902,0.4336338717099072
FOKWIN_clean,4.14624,3.73304,4.14504,1.37748,413.35,300.078,0.0,0.0,0.4306,0.312601,0.0,0,0.00303284,0.270413321,0.2810480870012053
FOLLEZ_clean,4.11323,3.75301,4.10779,1.67795,655.16,390.454,0.0,0.0,0.4424,0.263656,0.0,1,0.009700418,0.748076455,0.7449877658091903
FOMWOV_clean,7.41662,4.5384,7.41662,0.990309,1837.3,1855.28,0.0,0.0,0.6302,0.636367,0.0,0,0.004596415,0.436043617,0.4442960144094512
FONKEA_clean,4.68396,3.93383,4.68242,1.69201,643.159,380.115,0.0,0.0,0.4636,0.273994,0.0,1,0.0029256,0.254687685,0.23371291133014413
FONPUV_clean,5.63348,5.082,5.6238,1.54253,959.017,621.718,0.0,0.0,0.4556,0.29536,0.0,1,0.003181275,0.277321956,0.27028376249358277
FONQIJ_clean,4.70842,3.66843,4.69527,1.05376,821.167,779.27,0.0,0.0,0.51,0.483979,0.0,1,0.004964012,0.438681828,0.45430547429407464
FORKUU_clean,13.26482,11.33443,13.26482,0.597503,2329.13,3898.11,0.0,0.0,0.7474,1.25087,0.0,0,0.006475143,0.600468177,0.5888030562665949
FORPIM_clean,9.59156,4.26108,9.59156,1.02718,2184.13,2126.33,0.0,0.0,0.709,0.690238,0.0,1,0.001762902,0.163644047,0.17425972736132794
FORPOS_clean,9.45347,4.25355,9.45336,1.03837,2182.11,2101.49,0.0,0.0,0.7034,0.677411,0.0,1,0.001602333,0.160107885,0.1657740997155182
FORPUY_clean,9.42246,3.59342,9.42246,1.13071,1908.86,1688.19,0.0,0.0,0.6696,0.592195,0.0,1,0.001713547,0.163249916,0.17649074283640676
FORQAF_clean,9.35233,4.33657,9.35233,1.04043,2153.98,2070.28,0.0,0.0,0.6962,0.669144,0.0,1,0.00161055,0.154407719,0.16760063270350717
FORQEJ_clean,9.63063,4.26523,9.63063,1.03635,2192.11,2115.22,0.0,0.0,0.6976,0.67313,0.0,1,0.00169704,0.161382585,0.17280456680792966
FORTIR_clean,7.46367,6.87207,7.46367,0.921652,1895.01,2056.1,0.0,0.0,0.6264,0.679649,0.0,1,0.002718634,0.272588587,0.2758784755578511
FORTUD_clean,17.46562,10.38181,17.46523,0.786041,1513.55,1925.54,116.509,148.223,0.691,0.879089,0.0,1,0.002380363,0.226998901,0.22721045739290247
FOSTUE_clean,13.09568,7.43748,13.09568,0.582855,2174.14,3730.15,0.0,0.0,0.7556,1.29638,0.0,0,0.004591955,0.449010943,0.44740951131968676
FOVPEN_clean,6.90856,3.45436,6.49799,1.14952,1115.5,970.402,0.0,0.0,0.525,0.45671,0.0,1,0.002150604,0.215133404,0.20533038446758917
FOVPOX_clean,5.86564,3.51663,5.02799,1.32713,811.807,611.702,0.0,0.0,0.504,0.379767,0.0,1,0.002430544,0.231805777,0.22319770491142077
FOWTOC_clean,5.29743,3.61946,5.29013,1.16444,1132.68,972.722,0.0,0.0,0.4982,0.427845,0.0,0,0.00390596,0.369941243,0.3587194145690107
FOXHUX_clean,5.2601,3.59083,5.25053,1.14964,1141.44,992.863,0.0,0.0,0.4984,0.433527,0.0,0,0.00382165,0.36422641,0.35420706007938585
FUBDIQ_clean,8.11684,7.23133,8.11684,1.24691,2021.29,1621.04,0.0,0.0,0.6644,0.532838,0.0,0,0.002559548,0.251105633,0.24795682252283635
FUBNOH_clean,4.81179,3.53828,4.81179,1.32608,706.882,533.061,0.0,0.0,0.4668,0.352014,0.0,0,0.011497126,0.841858238,0.8623124239914801
FUDHET_clean,7.05179,4.74765,7.05179,0.905742,2494.35,2753.93,0.0,0.0,0.6642,0.733321,0.0,1,0.004909128,0.464952697,0.4671081303866975
FUHMOM_clean,5.53443,4.01054,5.50524,1.19557,1378.79,1153.25,0.0,0.0,0.5554,0.464549,0.0,1,0.00833425,0.716525256,0.7116325763957276
FUHNED_clean,6.48528,4.12203,6.4155,1.3617,1522.72,1118.25,0.0,0.0,0.5858,0.430197,0.0,1,0.005988066,0.548336862,0.5335270915203965
FUHNIH_clean,5.52821,3.42388,5.52134,1.16361,1148.32,986.858,0.0,0.0,0.5352,0.459948,0.0,1,0.006740036,0.614067154,0.5787347918405139
FULQOT_clean,5.67142,3.50634,5.66877,1.72182,1110.34,644.862,0.0,0.0,0.4972,0.288764,0.0,1,0.004811558,0.414709563,0.4148920773246615
FULQUZ_clean,5.87633,5.25314,5.79727,1.51981,1332.09,876.486,0.0,0.0,0.5216,0.3432,0.0,1,0.004183503,0.382954778,0.37461372549050964
FUNBAS_clean,6.30412,4.59254,6.30412,1.11042,1258.26,1133.14,0.0,0.0,0.5296,0.476938,0.0,0,0.005206446,0.47022405,0.4857027058064246
FUNCAT_clean,9.48772,8.77545,9.48772,0.930198,1473.55,1584.13,0.0,0.0,0.6084,0.654055,0.0,0,0.004424143,0.395349319,0.40726345690652876
FUNCEX_clean,13.21557,12.47689,13.21557,0.543761,1970.91,3624.58,0.0,0.0,0.7842,1.44218,0.0,1,0.003389403,0.352949612,0.33235955946768797
FUNFOL_clean,9.5586,7.20173,9.50846,0.864162,1603.61,1855.68,0.0,0.0,0.6396,0.740139,0.0,1,0.003220531,0.323518772,0.3174194059532689
FUNGAY_clean,5.61963,3.40645,5.61963,1.09956,890.548,809.916,0.30381,0.276303,0.5202,0.4731,0.0,1,0.003355614,0.313336063,0.31109854251318203
FUQJUX_clean,12.69722,8.47633,12.65144,0.718278,2115.98,2945.9,0.0,0.0,0.7464,1.03915,0.0,1,0.002200733,0.215358127,0.2222543553971313
FURFIJ01_clean,4.13712,3.42264,4.1139,1.63785,320.686,195.797,0.0,0.0,0.4366,0.266569,0.0,1,0.003531478,0.320633069,0.28165892918374824
FURFIJ_clean,4.1371,3.42264,4.11394,1.63785,321.866,196.518,0.0,0.0,0.4366,0.266569,0.0,1,0.003500548,0.320129092,0.28237540942667316
FURQOZ01_ion_b,9.28425,8.43309,9.28425,1.37609,1096.56,796.865,0.0,0.0,0.5274,0.383259,0.0,1,0.000932605,0.092780473,0.08627266845826609
FURRAM_clean,10.403,9.40744,10.403,1.04916,1635.25,1558.63,0.0,0.0,0.6366,0.606772,0.0,1,0.001281594,0.130439609,0.1351853895477289
FURRIU_clean,11.05152,9.97547,11.05152,0.995058,1664.82,1673.09,0.0,0.0,0.6552,0.658454,0.0,1,0.001476567,0.143655004,0.15339485369247302
FURROA_clean,11.58923,10.47029,11.58875,1.00075,1596.28,1595.09,0.0,0.0,0.6602,0.659706,0.0,1,0.001426635,0.142354389,0.14283330525846472
FURSES_clean,5.13622,4.08548,4.9972,1.59979,1236.67,773.017,0.0,0.0,0.4932,0.30829,0.0,1,0.003649475,0.339208669,0.3337502632703382
FUSMIQ_clean,10.44819,9.48819,10.44819,1.0407,1643.53,1579.26,0.0,0.0,0.6404,0.615354,0.0,1,0.001445657,0.136105728,0.1453794696271607
FUSMUC_clean,10.39839,9.40181,10.39839,1.04415,1643.14,1573.66,0.0,0.0,0.6396,0.612553,0.0,1,0.001329148,0.138205259,0.14137025918936147
FUSNAJ_clean,10.8347,9.87565,10.8347,1.0024,1663.43,1659.45,0.0,0.0,0.6588,0.657225,0.0,1,0.001593076,0.149915554,0.16783036143891905
FUSNIR_clean,11.70294,10.66498,11.70294,1.01253,1536.34,1517.33,0.0,0.0,0.6416,0.633661,0.0,1,0.001393347,0.138547651,0.14134987651737813
FUSQUH_clean,6.74859,4.59542,6.74676,1.05193,1186.33,1127.76,0.0,0.0,0.5202,0.49452,0.0,0,0.004063596,0.372268408,0.37853132051795335
FUTCAZ_clean,6.78768,5.03504,6.78768,0.817663,2795.18,3418.5,0.0,0.0,0.708,0.865883,0.0,1,0.002299409,0.236150488,0.2439550789746201
FUTDII_clean,10.10622,8.60837,10.10622,0.871632,1521.24,1745.28,0.0,0.0,0.6404,0.734713,0.0,1,0.003148143,0.297560539,0.3045357763105093
FUTKEL_manual,6.71846,5.39444,6.71589,0.983709,1614.06,1640.79,0.0,0.0,0.5708,0.580253,0.0,1,0.003812893,0.356392441,0.3694329734643177
FUTTIZ_clean,12.85599,4.31062,12.85599,0.737111,2140.97,2904.54,0.0,0.0,0.7318,0.992795,0.0,1,0.003110434,0.295980312,0.3125037459055705
FUTYEA_clean,5.60643,4.51803,5.59058,1.0369,2090.75,2016.34,0.0,0.0,0.6318,0.609316,0.0,1,0.006627818,0.621891184,0.6054050657464971
FUTYOK_clean,6.0154,4.82285,5.99433,1.02626,1867.85,1820.05,0.0,0.0,0.6442,0.627713,0.0,0,0.005300216,0.52403849,0.5044798412075556
FUTYUQ_clean,7.46662,4.79581,7.42523,1.0101,2335.64,2312.29,0.0,0.0,0.6514,0.644887,0.0,1,0.005550133,0.526481786,0.5181061202709323
FUTZAX_clean,6.70042,6.11185,6.67865,0.956816,2069.71,2163.12,0.0,0.0,0.6692,0.699403,0.0,1,0.004428738,0.431756121,0.4162595757055326
FUTZEB_clean,5.24587,4.08263,5.23555,1.0782,1939.66,1798.98,0.0,0.0,0.611,0.566685,0.0,1,0.007080758,0.673205176,0.652944825166391
FUTZOK_clean,4.72075,4.28777,4.72075,1.63519,1202.62,735.465,19.983,12.2206,0.5424,0.331705,0.0,1,0.002647214,0.256565083,0.2516886936829723
FUVBAB_clean,5.41797,4.41204,5.39267,1.02127,2112.61,2068.61,0.0,0.0,0.6324,0.619229,0.0,1,0.00605193,0.601052161,0.5672584660851498
FUVDEH06_clean,6.60161,5.99656,6.60161,1.76662,404.855,229.169,0.0,0.0,0.3004,0.170042,0.0,1,0.000670439,0.064661383,0.0738777426373306
FUWFIO_clean,7.45171,4.92598,7.05573,1.06861,2012.96,1883.72,0.0,0.0,0.6538,0.611823,0.0,1,0.003161378,0.299050804,0.30493091371909087
FUWYAY_clean,4.00169,3.86741,4.00169,1.98354,581.815,293.322,0.0,0.0,0.4022,0.202769,0.0,1,0.002159974,0.197471743,0.18854574947953862
FUXCOS_clean,4.8198,4.16045,4.8198,1.4521,612.494,421.799,0.0,0.0,0.4284,0.295021,0.0,0,0.003246156,0.288464443,0.26782004776894025
FUXXIH_clean,10.16266,8.68185,10.16266,0.899748,1582.07,1758.35,0.0,0.0,0.6434,0.715089,0.0,1,0.002331104,0.223298117,0.23699721354172476
FUYCEJ_clean,4.90132,3.779,4.87424,0.834486,2400.21,2876.28,0.217355,0.260466,0.6646,0.796418,0.0,0,0.00808556,0.759449427,0.7445783721562842
FUYKER_clean,6.42799,4.66248,6.41167,1.2058,1179.26,977.987,0.0,0.0,0.5038,0.417814,0.0,1,0.005102295,0.462137275,0.47220369888227787
FUZPUN_clean,4.74703,3.54387,4.71052,1.02013,1169.51,1146.44,0.0,0.0,0.5838,0.572282,0.0,0,0.005961925,0.532383949,0.5602526618701271
GACPUX_clean,5.9525,3.77259,5.85811,1.02185,1638.86,1603.82,0.0,0.0,0.614,0.600871,0.0,1,0.00494889,0.476260735,0.46995206478553414
GACQAE_clean,8.56972,8.26373,8.56972,0.874357,2020.35,2310.67,0.0,0.0,0.694,0.793726,0.0,1,0.003858467,0.394110621,0.36366374008038244
GACVIS_clean,7.02111,6.32962,7.02111,1.11473,2097.73,1881.83,0.0,0.0,0.6286,0.563903,0.0,1,0.004306539,0.413404825,0.4199768302488141
GADDOH_clean,8.41895,4.83802,8.38301,1.2132,1718.46,1416.47,0.0,0.0,0.6166,0.508243,0.0,1,0.002669529,0.255826825,0.2583715992729081
GADFAV_clean,5.86066,4.67676,5.86066,1.79494,889.419,495.515,0.0,0.0,0.4512,0.251373,0.0,1,0.004321597,0.3640818,0.3584250022716857
GADRAH_clean,6.6659,5.14076,6.6659,1.16041,1633.36,1407.57,0.0,0.0,0.5642,0.486207,0.0,1,0.00373144,0.356009878,0.36102321753819056
GAFROX_clean,10.38317,5.82029,10.02176,0.765244,2450.36,3202.06,0.0,0.0,0.7244,0.946626,0.0,1,0.005003638,0.494375731,0.47070370085363566
GAFRUD_clean,10.59453,5.69918,10.59344,0.768776,2454.62,3192.89,0.0,0.0,0.7144,0.929269,0.0,1,0.004416035,0.438825279,0.4208857423232254
GAGQAI_clean,15.6839,9.81587,15.64212,0.743275,1280.66,1723.0,458.409,616.743,0.721,0.970032,0.0,1,0.003926356,0.379942902,0.36495274384419163
GAGZEV_clean,28.66522,11.53771,28.66522,0.279149,1594.77,5712.98,0.0,0.0,0.8816,3.15817,0.0,1,0.003852667,0.383138064,0.3661918163033931
GAHXUL_clean,5.28974,3.50395,5.28106,1.05699,1056.2,999.25,0.0,0.0,0.5634,0.533021,0.0,1,0.003338138,0.335085608,0.3163432526856105
GAJZIC_clean,4.74189,4.18269,4.74189,1.58149,1144.61,723.756,0.0,0.0,0.5442,0.344106,0.0,1,0.001391677,0.135379688,0.1359882568261636
GAJZOI_clean,4.76043,4.22431,4.76043,1.6231,1140.51,702.673,0.0,0.0,0.5414,0.333559,0.0,1,0.001414128,0.137322188,0.13891234904807048
GALCAZ_clean,7.51924,6.97754,7.50411,1.17363,1179.25,1004.78,0.0,0.0,0.5068,0.431822,0.0,1,0.003414355,0.318276213,0.2976634503248679
GALHOS_ion_b,10.40242,4.28813,10.40242,0.962357,1197.69,1244.54,67.8044,70.4566,0.5764,0.598946,0.0,0,0.004528601,0.372934397,0.42965362897814835
GALJAG_clean,7.13587,6.98688,7.13339,0.8258,2198.4,2662.15,0.0,0.0,0.6726,0.814482,0.0,0,0.005153725,0.496962633,0.5109814199734624
GAMFEI_clean,7.53059,4.20216,7.34521,1.13363,1510.82,1332.73,0.0,0.0,0.5782,0.510042,0.0,1,0.003064706,0.288474182,0.2957583207672626
GAMXAV_clean,12.82817,4.31562,12.82817,0.868866,1783.25,2052.39,0.0,0.0,0.6754,0.777335,0.0,1,0.004253735,0.404721706,0.3956364618420539
GAPNOD_clean,6.6565,4.84778,6.65444,1.74449,1900.25,1089.29,0.0,0.0,0.644,0.369162,0.0,1,0.001735954,0.175694941,0.15869784063097125
GAQYIH_clean,20.25844,8.96976,15.7736,0.559917,2127.26,3799.24,0.0,0.0,0.8486,1.51558,0.0,1,0.001477475,0.143841315,0.15861559658019414
GARLOD_clean,5.48563,4.3317,5.48563,1.18591,1487.56,1254.36,0.0,0.0,0.5682,0.479126,0.0,1,0.007112943,0.627982946,0.6280798729208725
GARLUJ_clean,5.47258,4.30508,5.46713,1.19194,1490.51,1250.49,0.0,0.0,0.5688,0.477205,0.0,1,0.007081707,0.632411603,0.6241076233282319
GARMAQ_clean,5.4678,4.29561,5.44556,1.2061,1479.57,1226.74,0.0,0.0,0.5666,0.469779,0.0,1,0.007028212,0.635176781,0.6090321162666055
GARQAU_clean,7.22233,4.73121,7.22233,1.05141,1110.85,1056.54,0.0,0.0,0.5324,0.50637,0.0,0,0.005902512,0.542956392,0.5167718391068253
GARSUQ_clean,4.38052,3.88796,4.36788,1.61033,1121.78,696.613,0.0,0.0,0.4852,0.301304,0.0,1,0.004758036,0.410732809,0.4331267857457084
GARTAX_clean,4.45838,3.94557,4.41836,1.61624,1125.98,696.667,0.0,0.0,0.4868,0.301193,0.0,1,0.005345942,0.468681602,0.4868013013500428
GARTEB_clean,4.30272,3.79858,4.29463,1.63832,1104.37,674.089,0.0,0.0,0.4846,0.295792,0.0,1,0.004030026,0.37281709,0.374213346789783
GARTIF_clean,4.43647,3.87557,4.43647,1.65372,1132.95,685.091,0.0,0.0,0.471,0.284812,0.0,1,0.004934955,0.430910357,0.4383095560564562
GARTUR_clean,11.12255,10.84777,11.12255,1.34756,1641.0,1217.75,0.0,0.0,0.6774,0.502685,0.0,1,0.002304789,0.217027702,0.22037091410324017
GASSEB_clean,5.64924,4.02494,5.64854,0.918331,1776.39,1934.36,0.0,0.0,0.633,0.689294,0.0,1,0.003892232,0.373793306,0.38196119551585733
GASSUR_clean,7.13166,6.36797,7.11779,1.0643,1692.45,1590.2,0.0,0.0,0.616,0.578785,0.0,1,0.005225329,0.516065308,0.4978308605065386
GAWCUF_clean,5.14591,3.62459,5.10569,1.20211,1101.2,916.058,0.0,0.0,0.5036,0.418931,0.0,0,0.005126899,0.456695983,0.490292902195602
GAWMOJ_clean,9.85959,7.82076,9.85959,0.707147,2014.24,2848.41,0.0,0.0,0.7242,1.02411,0.0,1,0.003115099,0.309365941,0.31286393018761394
GAXDIS10_clean,5.63603,3.80534,5.63603,1.31969,1996.73,1513.03,0.0,0.0,0.6636,0.502846,0.0,1,0.001120806,0.110945041,0.11260535404872518
GAXKOH_clean,9.78617,8.86105,9.78617,0.959935,1692.37,1763.0,0.0,0.0,0.6186,0.644419,0.0,1,0.002559054,0.259197011,0.2513371911764384
GAYFUJ_clean,5.68191,5.17685,5.68191,1.29989,1899.11,1460.97,0.0,0.0,0.6252,0.480962,0.0,1,0.004308071,0.411757328,0.3988414098142477
GAYGAQ_clean_h,5.42545,4.61164,5.42545,1.32331,1222.55,923.858,0.0,0.0,0.5596,0.42288,0.0,1,0.006991238,0.614841654,0.5959345757481228
GAYPED_clean,9.58074,6.82289,7.89267,0.900136,2106.29,2339.97,0.0,0.0,0.6514,0.723668,0.0,1,0.004593135,0.460095923,0.4382331347663822
GAYTEH_ion_b,7.25944,3.65684,7.23718,1.37181,1135.72,827.897,0.0,0.0,0.497,0.362294,0.0,1,0.001733021,0.163760819,0.18037177825252176
GAZLAW_clean,5.89078,3.42545,5.89078,1.13599,1083.97,954.205,0.0,0.0,0.5156,0.453877,0.0,0,0.003447324,0.335835171,0.33255780264764456
GEBCAT_clean,7.82822,4.28279,7.82194,1.50818,1191.52,790.035,0.0,0.0,0.4616,0.306064,0.0,1,0.001050847,0.103691322,0.11581713957435696
GEDDAW_clean,10.55388,8.11262,10.55388,0.996818,2113.88,2120.63,0.0,0.0,0.7028,0.705043,0.0,1,0.001750568,0.174773862,0.1734746412153444
GEDDEA_clean,10.13591,3.81582,10.13591,1.29721,1601.1,1234.26,0.0,0.0,0.591,0.455593,0.0,1,0.002854503,0.261390376,0.263949256785442
GEDQIR_clean,6.54643,4.98654,6.54643,1.05474,2262.59,2145.17,0.0,0.0,0.6334,0.600529,0.0,1,0.004365542,0.427427389,0.4200695158350762
GEDROY_clean,5.0096,3.45081,4.98262,1.23925,1556.79,1256.24,20.5089,16.5495,0.5694,0.459473,0.0,1,0.004087443,0.396876233,0.3973254401487041
GEDRUE_clean,6.04452,4.23776,6.03554,1.11864,2304.55,2060.12,0.0,0.0,0.6118,0.546912,0.0,1,0.005826326,0.535414586,0.5444284729947622
GEDSEP_clean,4.82283,3.73359,4.81042,1.38544,1023.08,738.448,0.0,0.0,0.5156,0.372155,0.0,1,0.009172736,0.762601622,0.744369556186793
GEDSUF_clean,6.8646,4.02613,6.8646,1.20789,1460.83,1209.4,0.0,0.0,0.5606,0.464115,0.0,1,0.006711807,0.57569854,0.5843931104910742
GEDTAM_clean,6.16288,4.28316,6.16288,1.08963,2317.05,2126.45,0.0,0.0,0.629,0.577258,0.0,1,0.00563838,0.510773033,0.5403852068524015
GEFYUN_clean,6.73786,6.27962,6.66229,1.04811,1399.46,1335.23,0.0,0.0,0.5478,0.522657,0.0,0,0.00187408,0.196736237,0.18614883367048018
GEGGIK_clean,4.4635,3.52722,4.4561,1.51854,764.891,503.702,0.0,0.0,0.4512,0.297128,0.0,1,0.010053597,0.74330506,0.7641960662498767
GEJJEL01_clean,4.95342,3.83497,4.95342,1.99384,910.263,456.538,0.0,0.0,0.4388,0.220078,0.0,1,0.001159132,0.110256925,0.1215904298339946
GERNOI_clean,6.93892,3.80818,6.45255,1.05982,1273.96,1202.05,0.0,0.0,0.5412,0.510651,0.0,0,0.003791378,0.366236559,0.3544166588148706
GESDUF_clean,7.63383,7.44692,7.63383,1.05439,936.707,888.384,0.0,0.0,0.5408,0.512901,0.0,1,0.00099318,0.104701263,0.09642071410877556
GESNOI_clean,6.41874,3.48818,6.41739,1.68473,668.393,396.736,0.0,0.0,0.4826,0.286455,0.0,1,0.002603401,0.24699181,0.21484924171174463
GEWXAJ_clean,4.82967,4.48576,4.82967,1.6967,607.999,358.342,0.0,0.0,0.4016,0.236695,0.0,1,0.003735058,0.308786798,0.29849854774515083
GEZYOB_clean,5.97203,4.53159,5.97203,1.47469,1908.41,1294.11,0.0,0.0,0.5414,0.367128,0.0,0,0.002144141,0.208944331,0.20553096011762917
GIDKOU_clean,4.78674,3.41448,4.67256,1.74547,701.395,401.837,0.0,0.0,0.4798,0.274883,0.0,1,0.012108607,0.819894612,0.8288812649554681
GIFKEL_clean,4.63167,4.31957,4.63167,1.28045,1230.74,961.183,0.0,0.0,0.5428,0.423914,0.0,1,0.004186048,0.391448687,0.3883274310634506
GIKQIC_clean,3.78387,3.47181,3.77533,1.63861,422.447,257.809,0.0,0.0,0.4372,0.266812,0.0,1,0.002180698,0.210930775,0.19033706319509963
GIMSIG_clean,8.71143,5.70228,8.71143,1.44846,1502.61,1037.38,0.0,0.0,0.5786,0.399459,0.0,1,0.00339999,0.328181758,0.2961517511879165
GINLIA_clean,6.39385,4.60431,6.39349,0.877136,2189.88,2496.63,0.0,0.0,0.6554,0.747205,0.0,1,0.006941002,0.657517323,0.6257523358229151
GIQXEK_clean,5.02308,3.9389,5.02308,1.70666,1611.03,943.967,0.0,0.0,0.591,0.34629,0.0,1,0.002333927,0.228555474,0.21554118547448653
GIQXIO_clean,4.89641,3.86855,4.89641,1.80531,1632.56,904.31,0.0,0.0,0.5842,0.323601,0.0,1,0.00263097,0.246611827,0.24381650664685336
GIQXOU_clean,4.81089,3.81392,4.81089,1.85808,1583.35,852.141,0.0,0.0,0.5814,0.312903,0.0,1,0.00272253,0.261519079,0.24578369958187207
GIQXUA_clean,4.89316,3.86869,4.89316,1.79298,1637.93,913.522,0.0,0.0,0.5838,0.325603,0.0,1,0.002548987,0.248094135,0.23270903210741573
GIQYAH_clean,4.79715,3.78414,4.66858,1.84797,1560.79,844.598,0.0,0.0,0.5808,0.31429,0.0,1,0.002676714,0.257292339,0.24795520572456475
GIQYEL_clean,5.04966,3.95603,5.04926,1.69109,1647.45,974.192,0.0,0.0,0.5932,0.35078,0.0,1,0.002473806,0.228531542,0.22787607172875976
GIQYIP_clean,4.93593,3.90727,4.93593,1.7362,1686.39,971.31,0.0,0.0,0.5894,0.339477,0.0,1,0.002506207,0.245965557,0.23151478274030676
GIQYOV_clean,4.65103,4.01588,4.65103,1.69435,1544.77,911.715,0.0,0.0,0.5744,0.339009,0.0,1,0.001771892,0.170231123,0.15774151314870533
GIQYUB_clean,4.85877,3.85756,4.85723,1.80735,1636.84,905.654,0.0,0.0,0.586,0.324231,0.0,1,0.002483503,0.251979357,0.23312567785490826
GIRDUI_clean,4.42025,3.76528,4.4179,1.33231,513.764,385.618,0.0,0.0,0.4442,0.333405,0.0,1,0.00274985,0.261042273,0.23636717217487255
GIRXUC_clean,9.02646,6.62876,9.00319,0.768463,2450.96,3189.43,0.0,0.0,0.7778,1.01215,0.0,1,0.002325711,0.24437535,0.24123578121302422
GIRYAJ_clean,11.11776,6.67504,11.11673,0.856122,2399.62,2802.89,0.0,0.0,0.7336,0.856887,0.0,1,0.00301441,0.291088542,0.3082526777065996
GIRYUD_clean,4.50395,3.69554,4.50367,1.50379,303.721,201.971,0.0,0.0,0.4016,0.267059,0.0,1,0.004444703,0.325634676,0.33032712504856615
GIRZAK_clean,4.21373,3.61145,4.21373,1.53199,237.412,154.969,0.0,0.0,0.4018,0.262273,0.0,1,0.003420149,0.266862279,0.2638016058050064
GISMAY_clean,7.56113,5.5145,7.12706,1.15475,978.763,847.594,187.52,162.389,0.5516,0.477677,0.0,1,0.004054996,0.361108162,0.37531612415614124
GISNED_clean,16.88394,10.60987,16.88394,0.446812,2036.44,4557.7,0.0,0.0,0.8226,1.84104,0.0,0,0.003127331,0.309439504,0.3098384634743532
GISZUD_clean,6.49431,5.39638,6.48428,1.08851,2690.71,2471.91,0.0,0.0,0.726,0.666964,0.0,1,0.001353577,0.133896996,0.1334396826390748
GITPIK_clean,6.71051,5.85889,6.69498,1.05932,1949.1,1839.96,0.0,0.0,0.6024,0.568668,0.0,1,0.004670653,0.436366175,0.4393431398873203
GITVEL01_clean,15.27666,13.37931,15.27666,0.777112,1815.11,2335.71,0.0,0.0,0.723,0.930368,0.0,0,0.002483997,0.25159909,0.24826985329362258
GITVEL_clean,15.24588,13.37948,15.24588,0.777112,1827.71,2351.93,0.0,0.0,0.724,0.931654,0.0,0,0.002515663,0.249425886,0.2488165400375662
GITWIQ_clean,5.04878,3.9878,4.84113,1.55276,984.517,634.043,0.0,0.0,0.443,0.285298,0.0,0,0.003836509,0.350174288,0.3348844569645232
GIVNOQ_clean,7.18513,5.72761,7.17339,0.897407,2341.84,2609.57,0.0,0.0,0.648,0.72208,0.0,1,0.003305583,0.312891488,0.3304443216190297
GIWCIZ_ion_b,5.12494,3.68789,4.86231,1.25758,738.946,587.595,101.966,81.0816,0.492,0.391229,0.0,1,0.004840106,0.425830156,0.4275551715203444
GIWCOF_ion_b,6.18603,4.18536,6.1755,1.09485,1872.24,1710.03,0.0,0.0,0.5864,0.535596,0.0,1,0.004023241,0.379868053,0.39327543933473813
GIXGOK_clean,17.36935,5.40179,17.36935,1.04037,1505.92,1447.48,0.0,0.0,0.6542,0.628815,0.0,0,0.001834437,0.171812519,0.18034939445961934
GIXNAE_clean,7.22845,6.88703,7.22003,0.852646,2024.04,2373.83,0.0,0.0,0.6572,0.770777,0.0,0,0.003158482,0.314911489,0.3041822314408751
GIYSEN_clean,5.42608,5.04414,5.4195,1.45199,958.497,660.129,0.0,0.0,0.4968,0.342152,0.0,0,0.00340126,0.295454128,0.2942329499347781
GIYSOX_clean,5.41931,4.91867,5.41931,1.46994,924.604,629.008,0.0,0.0,0.4898,0.333211,0.0,0,0.003198983,0.292186221,0.28444843206934994
GIYSUD_clean,5.72746,4.12193,5.64984,1.21514,2074.82,1707.48,0.0,0.0,0.605,0.497886,0.0,1,0.003975274,0.370420794,0.38589798888299887
GIYTAK_clean,5.85565,4.3241,5.81433,1.11314,2290.27,2057.49,0.0,0.0,0.6456,0.579983,0.0,1,0.003791492,0.359600326,0.3694485166043856
GIYTIS_SL,6.15959,5.08946,6.15959,0.966844,2140.02,2213.41,0.0,0.0,0.6424,0.66443,0.0,1,0.004352915,0.408455649,0.41946249341918007
GOBGAG_clean,17.26438,5.3381,17.26438,1.05121,1516.89,1443.0,0.0,0.0,0.6532,0.621382,0.0,0,0.001874379,0.174942536,0.1796797881683388
GOBSUM_clean,5.27749,3.98975,5.17779,1.10089,1767.3,1605.34,0.0,0.0,0.5602,0.508863,0.0,1,0.004847575,0.455997393,0.4759476023061411
GOGSIF_clean,8.22407,5.82511,8.22407,0.843093,1913.32,2269.41,1.31012,1.55395,0.6484,0.769073,0.0,1,0.002693265,0.267676959,0.26780806233682286
GOKBUE_clean,6.09249,4.54759,6.09249,1.63047,1317.37,807.969,0.0,0.0,0.5592,0.342968,0.0,1,0.00124936,0.127870609,0.11763284434656618
GOMFOF_clean,14.8276,14.77034,14.8276,0.887088,1281.1,1444.16,0.0,0.0,0.6208,0.699818,0.0,1,0.00181393,0.177857709,0.18020888305868143
GONNAA_clean,7.09205,5.80307,7.09205,0.944258,2774.42,2938.2,0.0,0.0,0.7154,0.757632,0.0,1,0.002729494,0.258322264,0.2769414295232704
GOPTIQ_clean,6.68622,4.50914,6.67956,0.770633,1838.89,2386.21,0.0,0.0,0.6402,0.830746,0.0,1,0.004876823,0.470323474,0.4673387150917145
GOQSIQ_clean,8.1775,6.04263,8.04141,1.00533,1638.23,1629.55,0.0,0.0,0.6412,0.637802,0.0,0,0.004794178,0.439091149,0.4519659318407342
GOQXAN_clean,6.22843,5.8492,6.22773,1.32869,1398.1,1052.24,0.0,0.0,0.556,0.418457,0.0,1,0.003752758,0.371754641,0.35115271692616246
GOSBOH_clean,10.37122,8.95436,10.37122,0.787001,1611.54,2047.69,0.0,0.0,0.6654,0.845489,0.0,1,0.002057194,0.205233198,0.20521381864488392
GOSDEZ_clean,8.09273,5.75735,7.88104,0.987164,1834.02,1857.87,0.0,0.0,0.6214,0.62948,0.0,1,0.003254126,0.314718912,0.31728715957501474
GOSDID_clean,7.82021,4.59261,7.82021,1.06883,1472.28,1377.47,0.0,0.0,0.5676,0.531048,0.0,1,0.004698598,0.424785372,0.4290844178929434
GOSKEG_clean,7.10002,5.21425,6.59335,0.943193,1754.71,1860.4,1.38955,1.47324,0.6182,0.655433,0.0,1,0.006879872,0.628156242,0.6157465618951329
GOVHOQ_clean,5.0786,4.57892,5.0786,2.10255,403.599,191.957,0.0,0.0,0.3698,0.175882,0.0,0,0.000573016,0.054783382,0.06951047870346116
GOVWOF_clean,15.42527,11.20267,15.42527,0.794433,1878.77,2364.92,0.0,0.0,0.6966,0.876851,0.0,1,0.00515963,0.48975146,0.4802052968395072
GOVXIA_clean,6.67259,5.28318,6.67068,1.1406,1107.96,971.384,0.0,0.0,0.4988,0.437316,0.0,1,0.003560485,0.331811032,0.32632265547482114
GOZNAM_clean,6.30239,4.60575,6.30081,0.99242,2117.8,2133.98,0.0,0.0,0.6346,0.639447,0.0,1,0.002414746,0.238199795,0.2505997827195956
GOZNEQ_clean,6.09971,4.27883,6.09943,0.947205,2272.9,2399.59,0.0,0.0,0.644,0.679895,0.0,1,0.002714188,0.260212375,0.2739095251561724
GUANZS_clean,5.10287,4.04623,5.10287,1.31647,2066.97,1570.09,0.0,0.0,0.6518,0.495113,0.0,0,0.002914939,0.287179464,0.2688989021995214
GUBKUL_clean,8.78437,8.58193,8.78437,1.65394,1300.1,786.066,0.0,0.0,0.597,0.360957,0.0,1,0.002200011,0.213007715,0.19509497936780817
GUBVUU_clean,6.86464,4.18996,6.61474,0.930991,1654.01,1776.62,0.0,0.0,0.6014,0.645979,0.0,1,0.004991115,0.467704456,0.47005908700723614
GUCHUJ_clean,4.84299,3.46778,4.84299,1.43835,1253.58,871.544,0.0,0.0,0.5374,0.373624,0.0,1,0.006439097,0.588048572,0.551490542044183
GUFBOA_clean,5.81423,4.04124,5.79708,1.35939,665.654,489.672,0.0,0.0,0.4506,0.331473,0.0,1,0.004494008,0.386631432,0.3655208061681504
GUFREF_clean,4.21553,3.44252,4.2138,1.21319,638.089,525.958,0.0,0.0,0.4724,0.389386,0.0,0,0.003483895,0.31223432,0.3372894057532821
GUFXEM_clean,6.06791,4.72083,6.0579,1.2094,1573.94,1301.42,0.0,0.0,0.5582,0.461552,0.0,1,0.005056668,0.467825385,0.4764630891749579
GUGNON_clean,5.28957,4.33779,5.28957,0.956875,1608.61,1681.11,0.0,0.0,0.5938,0.620562,0.0,1,0.00506987,0.484075893,0.5098634412245981
GUHPAC_clean,8.2386,5.1093,8.2386,0.972915,1925.54,1979.14,0.0,0.0,0.6264,0.643838,0.0,1,0.003963135,0.390850728,0.3763032213544245
GUHPEG_clean,5.72092,4.53231,5.72092,1.21796,1067.45,876.424,0.0,0.0,0.5332,0.437781,0.0,1,0.003898798,0.35808351,0.33686303242099846
GUJREK_clean,6.69718,6.09535,6.69718,1.23624,986.103,797.665,80.349,64.9948,0.5296,0.428397,0.0,1,0.002508873,0.231472062,0.232071274424614
GUKFEY_clean,5.44718,4.31032,5.44265,0.953017,1818.67,1908.33,0.0,0.0,0.6068,0.636715,0.0,1,0.00639435,0.613380578,0.5837339632628817
GUKYUI_clean,4.85912,4.51007,4.85912,1.20599,627.214,520.082,14.592,12.0996,0.4608,0.382092,0.0,0,0.001627815,0.145788769,0.17747874320908041
GUKZAO_clean,6.06489,4.97271,6.06019,1.23962,1992.38,1607.25,0.0,0.0,0.6032,0.486602,0.0,1,0.004547854,0.429406988,0.4262468234757938
GULCAS_clean,4.32787,3.5712,4.32787,1.83607,854.103,465.181,0.0,0.0,0.4892,0.266439,0.0,1,0.007893559,0.652435833,0.6787523674400324
GULVUF_clean,16.10036,15.32514,16.09835,0.674334,1617.68,2398.93,0.0,0.0,0.7312,1.08433,0.0,0,0.00326028,0.307456644,0.3148941644232498
GULWAM_clean,8.69308,7.48414,8.68762,0.756867,2252.53,2976.13,0.0,0.0,0.7044,0.930679,0.0,0,0.003782061,0.358866496,0.369469121069786
GULWIU_clean,11.05938,6.30446,11.02908,0.918977,2242.53,2440.24,0.0,0.0,0.738,0.803067,0.0,1,0.002464604,0.250296339,0.25213245661108846
GUPDEB_clean,20.68684,7.65386,20.68684,0.945467,1548.81,1638.15,1.11326,1.17747,0.7196,0.761105,0.0,0,0.001457827,0.141808443,0.1548900820441294
GURPIT_clean,9.17432,7.72525,9.0966,0.709696,2365.23,3332.74,0.0,0.0,0.7732,1.08948,0.0,0,0.001671452,0.158468027,0.1716327534945733
GUSJOU_clean,6.46175,4.9377,6.46175,1.4824,1450.9,978.754,0.0,0.0,0.5424,0.365894,0.0,1,0.003381285,0.310181285,0.30419429373585505
GUSMAJ_clean,4.67375,3.80751,4.66389,1.32281,575.521,435.074,0.0,0.0,0.4708,0.355908,0.0,0,0.006031933,0.476756066,0.5032844211476102
GUTYIE_clean,5.62453,4.16158,5.60554,1.07616,1629.52,1514.21,0.0,0.0,0.6326,0.587833,0.0,0,0.006847007,0.621875929,0.6204633992627772
GUVBOQ_clean,8.83128,4.93156,8.81323,1.43518,1000.0,696.779,0.0,0.0,0.4548,0.316894,0.0,1,0.003165642,0.262406007,0.2655564489451185
GUVCOP_clean,5.74545,3.94509,5.74323,1.37815,1848.48,1341.28,0.0,0.0,0.614,0.445526,0.0,1,0.001879419,0.187944102,0.18725685464918185
GUVKUE_clean,8.21847,7.49363,8.20971,1.22679,2052.71,1673.24,0.0,0.0,0.664,0.54125,0.0,0,0.002587856,0.246453944,0.25829640916317154
GUVLAL_clean,8.46005,7.97124,8.46005,1.21092,2060.95,1701.98,0.0,0.0,0.6704,0.55363,0.0,1,0.002616822,0.253020028,0.2567845553279612
GUXJUF_clean,4.84037,3.9654,4.82716,1.41449,886.753,626.908,0.0,0.0,0.4542,0.321106,0.0,1,0.001396101,0.137533215,0.14312127351696674
GUXPOF_clean,5.62972,5.12114,5.55282,1.20445,928.209,770.649,0.0,0.0,0.499,0.414297,0.0,1,0.00187341,0.186141081,0.17104810944605187
GUXZUV_clean,6.58785,4.88173,6.58785,1.68165,1430.07,850.397,0.0,0.0,0.5722,0.340261,0.0,1,0.004290192,0.399128574,0.38354226558353455
GUYBAE_clean,5.86532,5.19351,5.73822,2.36156,1533.32,649.284,0.0,0.0,0.5552,0.235099,0.0,1,0.002656668,0.243969354,0.24427479510049202
HABQUY_clean,25.71531,12.0883,18.82078,0.289452,1646.58,5688.62,0.0,0.0,0.8738,3.01881,0.0,1,0.003597671,0.376103482,0.3553667141742451
HABRAF_manual,24.30948,9.03515,24.30948,0.38234,1867.98,4885.64,0.0,0.0,0.8462,2.21321,0.0,1,0.003570917,0.368716412,0.35718335964720455
HABREJ_clean,7.22153,5.5004,7.20678,0.929467,1805.81,1942.84,0.0,0.0,0.6346,0.682757,0.0,1,0.006112628,0.554561458,0.548203110600852
HADLOQ01_clean,10.03253,9.59417,10.02623,0.699735,1785.38,2551.51,0.0,0.0,0.7038,1.00581,0.0,0,0.003441648,0.337577863,0.34843503156722344
HADPOU_clean,4.62887,4.08311,4.62887,1.93861,903.412,466.011,0.0,0.0,0.5016,0.258742,0.0,1,0.004995364,0.446249221,0.4204526560588671
HADXIW_clean,4.67426,4.35266,4.67426,2.30119,853.786,371.02,0.0,0.0,0.5434,0.236139,0.0,1,0.000872447,0.081504002,0.07255532375621698
HAFGUQ_clean,5.00398,3.75819,5.00288,1.4388,1552.49,1079.02,0.0,0.0,0.603,0.4191,0.0,0,0.007958813,0.705154782,0.6979082152929074
HAFTOZ_clean,15.37241,7.5238,15.37241,0.554007,2040.18,3682.59,0.0,0.0,0.7832,1.4137,0.0,0,0.002684544,0.265399062,0.2644568960752508
HAFVOB_clean,5.59823,4.10574,5.59823,0.989877,1624.62,1641.23,0.0,0.0,0.559,0.564717,0.0,1,0.006286402,0.567157038,0.5831504057748714
HAFVUH_SL,7.26111,7.14037,7.26111,0.948615,1661.34,1751.34,0.0,0.0,0.5896,0.621538,0.0,0,0.006044303,0.586190946,0.5615637372117791
HAJDII_clean,7.11031,6.37447,7.11031,1.26291,989.015,783.122,12.4903,9.89007,0.5394,0.427108,0.0,0,0.001825724,0.172829362,0.1763431316174125
HAJLEK_clean,5.87742,3.45437,5.87742,1.36069,369.973,271.901,0.0,0.0,0.367,0.269716,0.0,0,0.002644544,0.220841189,0.19446564414226736
HAJLIO_clean,5.88281,3.51824,5.88281,1.36262,373.489,274.096,0.0,0.0,0.3676,0.269774,0.0,0,0.002719959,0.216408478,0.19971718682492207
HAJLOU_clean,5.886,3.5289,5.886,1.35798,373.139,274.776,0.0,0.0,0.3686,0.271433,0.0,0,0.002602647,0.216560983,0.19767570007627056
HAJLUA_clean,5.93833,3.59787,5.73261,1.34629,399.566,296.791,0.0,0.0,0.3782,0.28092,0.0,0,0.0024669,0.211290331,0.19234953556431272
HAJMEL_clean,5.95786,3.62462,5.74689,1.33025,394.105,296.264,0.0,0.0,0.3816,0.286863,0.0,0,0.002316142,0.198214323,0.18420279722877303
HAKCAZ_clean,7.25791,5.03113,6.91895,1.17911,1594.01,1351.88,0.0,0.0,0.5908,0.501055,0.0,1,0.005294247,0.491728361,0.48466435358717086
HAKSAQ_clean,8.06664,3.9387,8.06075,1.15948,1831.32,1579.42,0.0,0.0,0.63,0.543345,0.0,0,0.007359862,0.66509055,0.6868162238314701
HAKVOH_clean,9.12551,3.7795,9.11836,1.17123,1785.15,1524.17,0.0,0.0,0.6208,0.530041,0.0,1,0.003612066,0.352436361,0.3427587349144684
HAKVUN_clean,8.02196,4.1722,8.01469,1.33184,2031.27,1525.15,0.0,0.0,0.6558,0.4924,0.0,1,0.006040517,0.580412835,0.5425348719132699
HALQUJ_clean,5.83271,4.11171,5.82021,0.775057,2252.16,2905.8,0.0,0.0,0.6658,0.859034,0.0,0,0.004544412,0.453210244,0.43868555153224126
HALVAU_clean,7.2529,4.09487,7.24788,1.02599,1723.2,1679.54,0.0,0.0,0.6096,0.594156,0.0,1,0.003838808,0.371737077,0.36616122831631964
HAMJOW_clean,5.97637,5.66826,5.96867,0.916107,2203.56,2405.35,0.0,0.0,0.6442,0.703193,0.0,1,0.006855073,0.64055402,0.620823370010276
HAMLIT_clean,7.60143,4.74827,7.04866,1.03116,1778.09,1724.35,0.0,0.0,0.6042,0.58594,0.0,1,0.006610563,0.583860451,0.5881952959890425
HAMREU_clean,7.3712,5.08597,7.3712,1.79786,881.924,490.542,0.0,0.0,0.4552,0.25319,0.0,0,0.001902086,0.177521427,0.17744319970128092
HAMRIY_clean,7.12952,5.0191,7.12952,1.96935,853.811,433.551,0.0,0.0,0.434,0.220378,0.0,0,0.001916998,0.179751503,0.17881618359721052
HANWAW_clean,11.32674,4.96034,11.30095,0.840493,2065.42,2457.39,0.0,0.0,0.7018,0.834987,0.0,1,0.005230639,0.471644859,0.48165703365049756
HAPBAE_clean,7.19899,4.51752,7.19899,1.177,1685.21,1431.79,101.434,86.1807,0.6014,0.510961,0.0,1,0.002328004,0.219478514,0.23765976255625051
HAPBIM_clean,7.3635,4.07388,7.35928,1.22764,1566.0,1275.62,0.0,0.0,0.6092,0.496238,0.0,1,0.00165812,0.16127178,0.18259588927469822
HAPGIR_clean,6.12679,5.53694,6.11946,1.24903,1460.77,1169.52,0.0,0.0,0.5518,0.441784,0.0,1,0.003810388,0.35609908,0.35133988737500577
HAPNEU_clean,7.1275,4.47989,7.11656,1.12613,1773.48,1574.85,0.0,0.0,0.6,0.5328,0.0,1,0.00242145,0.235880125,0.25373399986999035
HAPNOE_clean,5.80604,3.7042,5.80604,1.49141,1358.54,910.909,0.0,0.0,0.535,0.358721,0.0,1,0.002302844,0.216999948,0.22486260339038966
HAPVAX_clean,4.77798,4.3693,4.77798,2.75276,1214.15,441.064,0.0,0.0,0.4816,0.174951,0.0,1,0.001759581,0.159913691,0.1485935337971534
HAPVEB_clean,4.76596,4.34263,4.75951,2.7741,1216.03,438.349,0.0,0.0,0.4794,0.172813,0.0,1,0.001719926,0.161173545,0.14737618475968567
HAQJIV_clean,10.92187,6.16089,10.13253,0.730979,2352.02,3217.63,0.0,0.0,0.744,1.01781,0.0,1,0.004896155,0.463424555,0.45731545102589427
HAQKES_clean,7.18365,5.84135,6.93817,1.26274,1917.74,1518.71,0.0,0.0,0.6256,0.495429,0.00158385,1,0.001686556,0.15720376,0.2000364284277769
HAQRID_clean,8.35999,7.36684,8.31122,1.01133,1835.07,1814.52,0.0,0.0,0.6542,0.646874,0.0,1,0.004185215,0.417717364,0.39117379860757395
HASMIZ_clean,9.9371,5.9051,9.93469,0.740129,2096.9,2833.15,0.0,0.0,0.687,0.928217,0.0,0,0.002998858,0.303278286,0.3054810173033689
HASNIB_clean,5.40755,4.36097,5.2762,1.74872,1493.17,853.86,0.0,0.0,0.5666,0.324008,0.0,1,0.001835606,0.170663707,0.1723558625967307
HASNOH_clean,5.38898,4.39397,5.38845,1.86317,1402.69,752.852,0.0,0.0,0.5556,0.298201,0.0,1,0.002133476,0.202999716,0.19658039040883546
HASNUN_clean,5.53374,4.52225,5.53374,1.71424,1549.27,903.767,0.0,0.0,0.5698,0.332393,0.0,1,0.001632355,0.161268136,0.15407920839766115
HASTAY_clean,6.39369,3.9398,5.95965,1.27695,1466.95,1148.79,0.116669,0.0913651,0.5758,0.450916,0.0,1,0.005426641,0.48427155,0.49170485045300166
HATZOS02_clean,4.8576,4.0805,4.8576,1.31729,1109.65,842.374,1.31609,0.999089,0.544,0.41297,0.0,1,0.002158974,0.211075393,0.20231023077005061
HATZOS_clean,4.85832,4.07746,4.85832,1.31771,1115.31,846.4,1.47769,1.12141,0.531,0.402973,0.0,1,0.002094776,0.210939863,0.198574513032021
HAVVUX_clean,8.34589,6.74867,8.34589,2.21863,955.771,430.794,0.0,0.0,0.5032,0.226807,0.0,1,0.001035054,0.105531317,0.0793946307003382
HAVZIP_clean,12.95456,9.6087,12.76631,0.416845,1954.8,4689.52,0.0,0.0,0.815,1.95516,0.0,1,0.003122969,0.300365682,0.31045995247862646
HAWREE_clean,5.95677,4.26157,5.93982,1.29463,1394.9,1077.46,0.0,0.0,0.5154,0.398107,0.0,0,0.004408566,0.400749012,0.3936924114398477
HAWVAE_clean,5.43472,3.75459,5.43472,1.57273,1218.49,774.765,0.0,0.0,0.5248,0.333688,0.0,0,0.006406552,0.544350384,0.5347470059077313
HAWVEI_clean,5.44774,3.7649,5.44192,1.50867,1222.23,810.136,0.0,0.0,0.526,0.348652,0.0,0,0.005985287,0.523708274,0.5201818225264919
HAWVIM_clean,5.41474,3.72498,5.39995,1.55868,1201.98,771.152,0.0,0.0,0.522,0.334898,0.0,0,0.00660234,0.543759109,0.5578985962431384
HAWVOS_clean,5.41179,3.71334,5.38603,1.62695,1198.02,736.358,0.0,0.0,0.519,0.319002,0.0,0,0.006599039,0.551530794,0.5468113205706097
HAWVUY_clean,5.4288,3.7248,5.42521,1.58725,1209.7,762.135,0.0,0.0,0.523,0.3295,0.0,0,0.006447678,0.549599529,0.5353763278079061
HAWWAF_clean,5.36818,3.69998,5.3038,1.61776,1179.03,728.804,0.0,0.0,0.5186,0.320567,0.0,0,0.006759574,0.56878622,0.553460596522612
HAWWEK_clean,6.09263,4.09444,6.07646,0.818977,2614.48,3192.37,0.0,0.0,0.6796,0.829816,0.0,0,0.003336075,0.337546504,0.3351213630707221
HAWWIN_clean,6.94632,6.00048,6.94632,1.03663,2578.05,2486.94,0.0,0.0,0.6936,0.669088,0.0,1,0.002901123,0.281368543,0.2803387638146103
HAWWOT_clean,7.05521,6.39517,7.05449,1.0177,2567.24,2522.59,0.0,0.0,0.6952,0.683108,0.0,1,0.002730316,0.26699853,0.27202620746730594
HAWWUZ_clean,6.85987,6.20916,6.70163,1.02767,2542.94,2474.47,0.0,0.0,0.6868,0.668309,0.0,1,0.002872438,0.271606426,0.2805976105041196
HAXMUP_clean,8.05193,5.7692,8.05193,1.0871,1247.11,1147.19,0.0,0.0,0.6042,0.555788,0.0,1,0.000829846,0.079018393,0.09966236488055041
HAYLIE_clean,7.09546,5.16312,7.09546,0.822497,1782.71,2167.43,0.0,0.0,0.6384,0.776173,0.0,1,0.003177844,0.31814316,0.31079973521237336
HAZSIL_clean,7.68408,4.67009,7.68408,1.19851,1999.16,1668.03,0.0,0.0,0.6332,0.528321,0.0,1,0.00256829,0.255164676,0.2592828478573051
HAZWIP_clean,6.08536,5.42004,6.08536,0.76282,3171.25,4157.27,0.0,0.0,0.7336,0.961695,0.0,1,0.003076155,0.304199744,0.3211407656318632
HEBKEG_clean,5.17721,3.88044,5.16559,1.56809,1108.64,706.999,0.0,0.0,0.4678,0.298324,0.0,0,0.00438699,0.398607594,0.3859197446895951
HEBNIN_clean,5.00989,4.14842,5.00989,2.07402,1561.26,752.77,0.0,0.0,0.5908,0.284857,0.0,1,0.001468947,0.136695161,0.13772034866499028
HEBNOT_clean,6.16705,5.25559,6.16705,2.0588,1791.16,870.001,0.0,0.0,0.601,0.291917,0.0,1,0.001311896,0.127862496,0.115404214945942
HEDBID_clean,5.55564,3.58661,5.41937,2.08307,1276.82,612.952,0.0,0.0,0.5458,0.262017,0.0,1,0.001940684,0.177493834,0.17896926005510622
HEDCAW_clean,8.17736,6.62352,8.16605,0.938004,1961.34,2090.97,0.0,0.0,0.6256,0.666948,0.0,1,0.003671198,0.348507978,0.35414415764082774
HEFDED_clean,6.92505,4.2277,6.91906,1.17857,874.958,742.388,0.0119262,0.0101192,0.491,0.416606,0.0,0,0.000876779,0.085060315,0.09076276893169
HEFFEF_clean,9.54316,8.35297,9.54316,1.17123,1191.49,1017.3,0.0,0.0,0.5608,0.478813,0.0,1,0.003307999,0.304963908,0.2934250505812477
HEFVAR_clean,4.22955,3.7824,4.22684,1.70241,256.239,150.515,0.0,0.0,0.3872,0.227442,0.0,1,0.001167985,0.101652181,0.08998394770143364
HEGJUZ_clean,6.22529,4.73915,6.22421,1.09032,1314.16,1205.3,0.0,0.0,0.551,0.505357,0.0,1,0.005939582,0.525412041,0.5318434228439988
HEGNEN_clean,5.92457,4.79042,5.92457,1.92239,717.079,373.015,0.0,0.0,0.4062,0.2113,0.0,0,0.00200497,0.175332391,0.18173785176494073
HEHCOO_clean,9.66574,7.84648,9.66574,0.868335,1891.17,2177.92,0.0,0.0,0.6642,0.764912,0.0,0,0.001459618,0.145296965,0.1583181706813545
HEKTAU_clean,4.87289,4.04271,4.86475,1.11842,1707.65,1526.84,0.0,0.0,0.5666,0.506605,0.0,1,0.006492798,0.61333294,0.6137962073938681
HELDEJ_SL,5.22361,3.40377,5.22361,1.39671,578.501,414.189,0.0,0.0,0.4356,0.311876,0.0,1,0.004397203,0.349079263,0.3541529424437908
HEMTEZ_clean,6.9282,3.87493,6.90819,1.74491,1526.38,874.763,0.0,0.0,0.561,0.321507,0.0,1,0.001707002,0.167250176,0.16627325965060935
HETZOW_clean,5.51262,3.86354,5.23725,1.5527,956.041,615.728,190.025,122.384,0.5024,0.323565,0.0,1,0.002888757,0.264928118,0.2479648787596986
HEWFUL_ion_b,5.58258,4.94247,5.58258,1.66592,467.165,280.425,0.0,0.0,0.3124,0.187524,0.0,1,0.000961123,0.087252209,0.06451149448485244
HEXVEM_clean,28.43131,15.91754,28.43131,0.251734,1350.35,5364.2,0.0,0.0,0.895,3.55533,0.0,1,0.003693417,0.348606689,0.3524827554712576
HEZPIL01_clean,4.55228,3.8726,4.49338,1.6515,1184.67,717.327,0.0,0.0,0.5308,0.321405,0.0,1,0.003569152,0.338463932,0.3265878442783553
HIBGEF_clean,4.68206,3.60956,4.68206,1.41956,703.501,495.576,0.0,0.0,0.4404,0.310237,0.0,0,0.003289816,0.315287871,0.2907963120832651
HIBGIJ_clean,4.81263,3.80435,4.77754,1.65937,798.009,480.911,0.0,0.0,0.4498,0.271067,0.0,0,0.00166538,0.150941264,0.17005590507665713
HICZAW_clean,4.79099,4.0094,4.67667,1.66988,586.788,351.395,42.4437,25.4172,0.4496,0.26924,0.0,0,0.006257706,0.49034828,0.47637986030539153
HICZEA_clean,4.83695,4.09471,4.83695,1.59649,796.791,499.09,0.0,0.0,0.4516,0.282871,0.0,0,0.007156554,0.559162548,0.5645077332375981
HIDCUU_clean,4.77714,4.04915,4.77714,1.67198,561.972,336.111,24.6403,14.7372,0.4404,0.2634,0.0,0,0.006602084,0.496688744,0.4853335120940818
HIFGEK_clean,6.30554,5.14447,6.30011,1.31758,1695.15,1286.57,0.0,0.0,0.5682,0.431246,0.0,1,0.002416423,0.224522715,0.24257584153850412
HIFGIO_SL,12.5848,12.05657,12.5848,0.73279,1666.47,2274.15,0.0,0.0,0.7016,0.957436,0.0,0,0.004097012,0.380956776,0.3863215832070737
HIFTOG01_clean,15.08334,7.94194,15.08334,0.584242,2219.37,3798.71,0.0,0.0,0.8024,1.3734,0.0,0,0.002536592,0.246828634,0.2503689933493047
HIFTOG02_clean,7.88297,4.15104,7.88297,1.15793,1890.02,1632.24,0.0,0.0,0.6168,0.532675,0.0,0,0.005511506,0.485893268,0.5133947115891376
HIFTOG_clean,7.95891,4.14066,7.95891,1.16582,1897.92,1627.97,0.0,0.0,0.6126,0.525468,0.0,0,0.005462804,0.501494322,0.513462105822386
HIFTUM_clean,6.30533,4.49793,6.29978,1.16773,1014.53,868.802,0.0,0.0,0.5164,0.442225,0.0,1,0.001207856,0.118745477,0.12853591139794734
HIFVOI_clean,9.00136,6.57223,9.00136,0.85431,2140.93,2506.03,0.0,0.0,0.7094,0.830378,0.0,0,0.003748714,0.354078275,0.36146670268652525
HIFWAV_clean,6.82644,4.81311,6.7091,1.14185,1358.99,1190.16,0.0,0.0,0.5914,0.517932,0.0,0,0.003962087,0.351198584,0.37446002877864293
HIGRIA_clean,11.33189,6.86002,11.33189,0.649596,2356.83,3628.15,0.0,0.0,0.774,1.19151,0.0,1,0.003099901,0.314006223,0.3123268247498189
HIHFUB_clean,7.23376,3.90094,7.22167,1.02876,1762.4,1713.12,0.0,0.0,0.6028,0.585946,0.0,1,0.003339266,0.32515595,0.3304573430315053
HIHGAI_clean,10.55614,5.67197,10.5437,1.00791,1714.99,1701.54,0.0538795,0.0534569,0.6458,0.640735,0.0,1,0.003253343,0.305780548,0.3126791639594044
HIHGIQ_clean,7.45404,4.653,7.45404,0.903111,1947.01,2155.89,0.0,0.0,0.6178,0.68408,0.0,0,0.006288518,0.587085241,0.5813302630457953
HIHGUC_clean,8.04408,6.54623,8.01999,0.696864,2211.4,3173.36,0.0,0.0,0.7326,1.05128,0.0,0,0.003570065,0.345516082,0.3617423970246456
HIJSOK_clean,4.65728,3.47175,4.65433,1.22153,961.191,786.878,69.3358,56.7617,0.5406,0.442561,0.0,1,0.003227775,0.304002287,0.30665785225889663
HIMSAY_clean,5.16871,3.64786,5.16485,0.985668,753.397,764.352,500.835,508.117,0.5382,0.546026,0.0,0,0.014297468,1.078203221,1.0165842968893863
HIQNAY_clean,6.18436,4.94333,5.98081,1.31558,928.05,705.433,194.939,148.177,0.529,0.402105,0.0,1,0.005586092,0.467591332,0.49938959935350385
HIQWOV_clean,6.76103,5.10334,6.76103,1.07696,1941.39,1802.66,0.0,0.0,0.6212,0.57681,0.0,0,0.003832273,0.37049795,0.3694803453496739
HISGAT_clean,5.66636,4.82954,5.66636,1.37462,738.511,537.249,0.0,0.0,0.318,0.231337,0.0,1,0.003854681,0.336959109,0.2747886523400518
HISJIE_clean,6.27871,5.58535,6.27871,1.41351,623.69,441.235,0.0,0.0,0.4354,0.308027,0.0,1,0.001437168,0.137349067,0.13731430402880945
HISSIN_clean,6.52902,4.63625,6.52902,1.20846,1900.2,1572.41,0.0,0.0,0.613,0.507257,0.0,1,0.004502474,0.413997044,0.414694367567623
HITXUE_clean,7.01987,3.4579,7.00671,1.45948,1435.62,983.658,0.0,0.0,0.5396,0.369722,0.0,0,0.003635853,0.346205116,0.34021845008668494
HIWKII_clean,4.49598,3.52102,4.49598,1.26918,746.378,588.079,0.0,0.0,0.5282,0.416174,0.0,1,0.001028592,0.096763811,0.10851753268446773
HIWLIK_clean,4.58174,3.69427,4.58174,1.68973,1137.53,673.202,0.0,0.0,0.5902,0.349287,0.0,1,0.005244535,0.458798564,0.4679084017473892
HIWLOQ_clean,5.62306,3.85048,5.61686,1.5787,1548.3,980.742,0.0,0.0,0.6176,0.391207,0.0,1,0.004509923,0.407050156,0.39232502237486877
HIWLUW_clean,5.19394,3.96476,5.19394,1.59085,1442.83,906.957,0.0,0.0,0.6148,0.386461,0.0,0,0.00560545,0.495577242,0.5114764945295864
HIYGIH_clean,17.06952,6.66429,17.06948,0.730619,2158.98,2955.01,0.0,0.0,0.7424,1.01613,0.0,1,0.00405674,0.409692329,0.39094965631807627
HIYYEU_clean,4.58192,3.82938,4.58192,1.15929,890.249,767.928,0.0,0.0,0.475,0.409735,0.0,0,0.00107697,0.102438396,0.12828541942071464
HIZQEN01_clean,5.09985,3.87591,5.09025,1.50728,1179.77,782.72,0.0,0.0,0.547,0.362907,0.0,1,0.004471387,0.407668444,0.3933146926112247
HIZQEN_clean,5.11247,3.90242,5.06469,1.50181,1156.11,769.817,0.0,0.0,0.5508,0.366759,0.0,1,0.004552377,0.400808801,0.4092281786563461
HOBGAH_clean,4.98965,4.17051,4.98965,1.41285,672.875,476.256,0.0,0.0,0.4416,0.312561,0.0,0,0.001867088,0.172915051,0.17336977004305354
HOBGEL_clean,4.92633,4.45881,4.92633,1.33002,1110.7,835.1,0.0,0.0,0.469,0.352627,0.0,0,0.007818248,0.660698081,0.6747654057937587
HOBGIP_clean,4.56618,4.05009,4.56618,1.4926,751.203,503.284,0.0,0.0,0.4242,0.284201,0.0,0,0.005354689,0.439163166,0.4719243702179533
HOBGOV_clean,4.53296,4.00605,4.52467,1.46371,719.363,491.465,0.0,0.0,0.4314,0.29473,0.0,0,0.005558204,0.463533705,0.48591951656158056
HOFJIX_clean,9.75671,8.56589,9.45457,1.06294,1335.32,1256.25,0.0,0.0,0.5826,0.548103,0.0,1,0.002435087,0.239968488,0.2389335836393161
HOFSOL_clean,6.47441,4.48765,6.46774,0.782233,2543.82,3252.0,0.0,0.0,0.7104,0.90817,0.0,0,0.003740377,0.342034956,0.3749034569086621
HOFSUS_clean,4.7504,3.70252,4.74887,1.26142,1014.67,804.388,0.0,0.0,0.555,0.439981,0.0,1,0.004529161,0.422379842,0.4076070511821236
HOGJIX_clean,10.87652,5.94063,10.87549,0.784217,2419.27,3084.95,0.0,0.0,0.7452,0.950247,0.0,1,0.004058898,0.390352144,0.39883190583203587
HOGJUK_clean,4.62158,3.54405,4.62158,1.37822,778.037,564.523,55.153,40.0175,0.5524,0.400807,0.0,0,0.001286286,0.125901005,0.13077187003570057
HOGLEV01_clean,9.50106,5.60478,9.50106,0.851383,2390.76,2808.08,0.0,0.0,0.7012,0.823601,0.0,1,0.005895596,0.522461243,0.5341826629303447
HOGLEV_clean,14.03402,9.0463,14.02308,0.76193,2112.49,2772.55,0.0,0.0,0.7494,0.983555,0.0,1,0.004399965,0.433770974,0.4113360445383871
HOGSIG_clean,5.41082,3.95109,5.41082,1.19816,1084.16,904.86,0.0,0.0,0.5322,0.444182,0.0,1,0.002577193,0.257327016,0.25004933307981125
HOHMEX_manual,18.78417,14.89456,18.78417,0.315898,1578.36,4996.42,0.0,0.0,0.8756,2.77178,0.0,0,0.00319469,0.32256271,0.3242430304167052
HOJLID_clean,8.3495,5.13588,8.1646,0.608298,3093.18,5084.98,0.0,0.0,0.7326,1.20434,0.0,0,0.00600887,0.586972028,0.5758537792067528
HOJLUP_clean,6.04405,4.68216,6.04405,0.897215,1739.4,1938.66,0.0,0.0,0.5916,0.659373,0.0,1,0.005226051,0.479210288,0.5018053395659171
HOKGUJ_clean,9.34177,3.71993,9.34177,1.22332,1337.41,1093.26,0.0,0.0,0.5774,0.471995,0.0,1,0.00245411,0.245897804,0.24242874550162116
HOKLIE_clean,5.61648,4.05301,5.61199,1.31362,1114.73,848.591,0.0,0.0,0.4902,0.373167,0.0,1,0.006219826,0.53108385,0.5244854035426909
HOLQIK_clean,12.10808,3.4458,10.16044,0.913109,1657.88,1815.64,0.0,0.0,0.663,0.726091,0.0,1,0.004335263,0.401050373,0.40511155823864997
HOMXIR_manual,23.70226,22.8547,23.70226,0.394433,1769.36,4485.82,0.0,0.0,0.844,2.13978,0.0,0,0.003062448,0.301310622,0.3179681986409517
HOQMIL01_clean,5.56977,4.83187,5.56337,1.16042,1122.88,967.652,0.0,0.0,0.4848,0.417781,0.0,0,0.006275549,0.553957338,0.5332464751306855
HOQMIL03_clean,5.60791,4.87769,5.56878,1.15397,1143.32,990.77,0.0,0.0,0.4896,0.424274,0.0,0,0.006489405,0.565992234,0.5561937132453281
HOQMIL_clean,5.74994,5.00317,5.74994,1.13423,1163.97,1026.22,0.0,0.0,0.491,0.432891,0.0,0,0.006349293,0.553306554,0.5421962886642331
HOQMUX_clean,4.86191,4.39042,4.86191,1.23808,888.924,717.986,0.0,0.0,0.4546,0.367182,0.0,0,0.006371416,0.532593923,0.5267229420497105
HOVGIK_clean,5.93161,4.23353,5.92922,1.12874,1308.17,1158.97,0.0,0.0,0.541,0.479296,0.0,0,0.006801305,0.592358795,0.5869117727445124
HOVQAM_clean,8.83543,4.89469,8.82746,0.624336,3070.63,4918.23,0.0,0.0,0.7,1.12119,0.0,0,0.006366093,0.599962167,0.604702673623804
HOWJEK_clean,3.99229,3.40619,3.99097,1.96697,432.183,219.72,0.0,0.0,0.4482,0.227863,0.0,1,0.002812897,0.256464792,0.24495907505673212
HOWPEQ_clean,5.50159,4.45937,5.49668,1.2167,2188.23,1798.5,0.0,0.0,0.652,0.535877,0.0,1,0.002137557,0.211811711,0.20521058843054485
HOWPOZ_clean,7.21513,5.98736,7.21361,1.27988,1504.5,1175.5,0.0,0.0,0.585,0.457073,0.0,1,0.003133518,0.297033914,0.30202467309309244
HOWPUF_clean,7.93406,5.48339,7.91016,0.971712,2041.64,2101.08,0.0,0.0,0.6486,0.667482,0.0,1,0.003594362,0.355558123,0.3540989076627832
HOWQAM_clean,6.8261,5.31039,6.2759,1.01498,2208.17,2175.58,0.0,0.0,0.6538,0.644149,0.0,1,0.004665341,0.430009109,0.4460498682028717
HOWQEQ_clean,5.03956,3.43426,5.01641,1.51423,609.631,402.601,6.8807,4.54403,0.48,0.316993,0.0,1,0.00576589,0.441971003,0.4879489692041016
HOWSAP_clean,6.71751,4.61596,6.71751,1.15559,1670.87,1445.9,0.0,0.0,0.5844,0.505717,0.0,1,0.003642107,0.344188206,0.3498071926865688
HOWSIX_clean,7.29706,4.00765,6.07294,1.2292,1638.5,1332.99,0.0,0.0,0.575,0.467785,0.0,1,0.005572075,0.5131111,0.509629348671454
HOXGEH_clean,7.22422,5.56347,7.22422,1.76045,532.184,302.3,0.0,0.0,0.428,0.24312,0.0,1,0.000688513,0.069262295,0.08317893543355437
HOXKIP_clean,5.63987,3.43131,5.63987,1.70238,1080.26,634.558,0.0,0.0,0.5028,0.295352,0.0,1,0.004634281,0.409903001,0.4090202359069983
HOYREU_clean,6.42466,5.8923,6.42466,1.33156,1407.54,1057.05,0.0,0.0,0.5312,0.398929,0.0,1,0.003668989,0.357447547,0.34634201266286346
HOYRIY_clean,6.33252,5.73011,6.33252,1.22757,1418.96,1155.91,0.0,0.0,0.5282,0.430281,0.0,1,0.004803297,0.446899873,0.44104637580709405
HOYROE_clean,6.155,5.22739,6.12328,1.60811,1166.91,725.638,0.0,0.0,0.4436,0.275852,0.0,1,0.003319778,0.321567945,0.2971590025959192
HOYTUL_clean,5.4823,3.49814,5.47353,1.38751,591.329,426.179,114.439,82.4776,0.4482,0.323024,0.0,1,0.001519935,0.142468062,0.15037180662673272
HOZBUV_clean,7.91812,7.59324,7.91812,1.47122,1126.87,765.945,0.0,0.0,0.5294,0.359837,0.0,1,0.001151898,0.108490122,0.11436376985431146
HOZFEJ_clean,8.96888,8.2985,8.96888,1.10337,952.541,863.301,0.0,0.0,0.4856,0.440106,0.0,0,0.001292644,0.120531141,0.14027412554425478
HOZXEB_clean,5.47734,4.35167,5.29891,2.01178,1095.39,544.49,0.870043,0.432475,0.5328,0.264841,0.0,1,0.002733046,0.231264783,0.23483915225667698
HUCWOT_clean,6.74016,3.64875,6.72751,1.24419,1425.52,1145.74,0.0,0.0,0.5586,0.448968,0.0,0,0.003645433,0.339018174,0.3607608476161115
HUCWUZ_clean,6.73347,3.6531,6.72302,1.2549,1424.07,1134.81,0.0,0.0,0.5568,0.443702,0.0,0,0.003734993,0.340775099,0.3662561696865063
HUCXAG_clean,6.73203,3.67524,6.71149,1.26793,1413.13,1114.52,0.0,0.0,0.5564,0.438826,0.0,0,0.003649439,0.336849961,0.3529195247993048
HUCXEK_clean,6.73085,3.71981,6.7271,1.26713,1437.51,1134.46,0.0,0.0,0.5568,0.439419,0.0,0,0.003566178,0.334494167,0.35590915590066774
HUCXIO_clean,6.71014,3.72796,6.70426,1.27761,1431.04,1120.09,0.0,0.0,0.554,0.433623,0.0,0,0.003504885,0.329417661,0.3404087303669277
HUCXOU_clean,6.73345,3.74488,6.72117,1.28647,1439.37,1118.85,0.0,0.0,0.5556,0.43188,0.0,0,0.00355184,0.331753444,0.3449397980570721
HUCXUA_clean,6.72319,3.76747,6.7027,1.29306,1441.14,1114.52,0.0,0.0,0.5554,0.429523,0.0,0,0.003433078,0.33496173,0.31693499811696924
HUDMAW_clean,5.85435,3.49017,5.85435,1.41425,459.28,324.752,4.50371,3.18452,0.4168,0.294714,0.0,0,0.002726019,0.234378839,0.20579417217774804
HUFHEX_clean,11.02675,7.87011,11.02675,0.803859,2205.78,2743.99,0.0,0.0,0.7232,0.89966,0.0,1,0.001976298,0.190961921,0.20549868920684372
HUFHUN_clean,11.46361,8.17134,11.46361,0.780594,2181.16,2794.23,0.0,0.0,0.7478,0.957988,0.0,1,0.001936623,0.189174078,0.20435517951387844
HUFMUS_clean,4.79853,3.61328,4.79853,1.52895,747.86,489.132,0.0,0.0,0.4994,0.326629,0.0,1,0.001365217,0.132193149,0.1323531328984427
HUFYIS_clean,4.3139,3.55368,4.30056,2.21162,511.056,231.077,0.0,0.0,0.5152,0.232951,0.0,1,0.001548924,0.155368897,0.15919392880343458
HUHBET_clean,5.15548,4.03539,5.14476,1.3667,952.931,697.251,1.82887,1.33817,0.456,0.333651,0.0,1,0.000851922,0.084813261,0.09675312883409731
HUHNIJ_clean,6.23729,5.3405,6.23046,1.03071,1170.03,1135.17,0.0,0.0,0.5464,0.530122,0.0,1,0.002223088,0.214191861,0.22150400106073742
HUJVOX_clean,5.27825,3.53087,5.19969,0.862596,1941.73,2251.03,0.0,0.0,0.6554,0.7598,0.0,1,0.004489864,0.424371056,0.42750468924476825
HULCOI_clean,19.48655,7.36184,19.24065,0.593799,2227.14,3750.66,0.0,0.0,0.7806,1.31459,0.0,1,0.003770059,0.360838767,0.36563391590201333
HULRIR_clean,9.43814,4.59805,9.43814,1.24517,1642.64,1319.2,2.40063,1.92795,0.6318,0.5074,0.0,1,0.003163328,0.301921268,0.2986700672502006
HULTEP_clean,7.49376,5.16023,7.49376,0.72122,2310.7,3203.88,0.0,0.0,0.6912,0.958376,0.0,0,0.005069143,0.490945424,0.5089691253298385
HUMWIX_clean,14.98566,9.18322,14.98566,0.727734,1500.13,2061.37,168.676,231.782,0.6626,0.910497,0.0,1,0.004118088,0.386772738,0.3762198349770746
HUPQIU_clean,11.12952,5.24741,11.12952,1.02735,1615.52,1572.51,0.0,0.0,0.5816,0.566115,0.0,1,0.002154183,0.214900474,0.20210699728090514
HUQGOR_clean,10.27351,7.23414,10.27351,0.702938,1802.86,2564.75,0.0,0.0,0.6908,0.982733,0.0,1,0.003664347,0.374613821,0.3584429659568831
HUQGUX_clean,10.2361,7.27261,10.14502,0.69251,1823.51,2633.19,0.0,0.0,0.6952,1.00388,0.0,1,0.00357831,0.341260247,0.35998374864869254
HUQHAE_clean,10.11008,7.63969,10.07674,0.70182,1853.59,2641.12,0.0,0.0,0.6866,0.978314,0.0,1,0.003731437,0.369159727,0.36964554430257257
HUQHIM_clean,10.2269,8.71112,10.19864,0.711062,1763.31,2479.82,0.0,0.0,0.6842,0.962223,0.0,1,0.003887069,0.362141638,0.37250772183855063
HUQHOS_clean,9.73841,7.14116,9.73841,0.752041,1815.26,2413.78,0.0,0.0,0.677,0.900216,0.0,1,0.003635319,0.366553254,0.3546581038767576
HUQHUY_clean,12.11698,9.08074,12.11414,0.619951,1818.86,2933.88,0.0,0.0,0.7208,1.16267,0.0,1,0.003752912,0.352071727,0.3683085951526472
HURFEH_clean,7.40163,5.27423,7.39913,1.02718,1852.44,1803.42,0.0,0.0,0.6308,0.61411,0.0,1,0.006947129,0.572131701,0.6010729328781924
HURGAE_clean,5.60961,3.61361,5.60331,1.138,1484.11,1304.14,0.0,0.0,0.5708,0.501583,0.0,1,0.009970923,0.77961118,0.8277531980036474
HURGUX_clean,4.97475,3.84254,4.97057,1.32525,657.853,496.398,0.0,0.0,0.4546,0.343029,0.0,1,0.006068949,0.506345392,0.4928751670345724
HUSJUC_clean,5.68783,4.95516,5.68491,1.59918,1031.7,645.145,0.0,0.0,0.4382,0.274015,0.0,0,0.00421748,0.375491116,0.3668925753937867
HUWDEJ_clean,4.9355,3.41269,4.9355,1.26902,576.242,454.085,0.0,0.0,0.4542,0.357915,0.0,0,0.005054129,0.419179574,0.444906318176942
HUWHOY_clean,6.08119,4.05672,5.74775,0.950744,2154.5,2266.13,0.0,0.0,0.64,0.673157,0.0,1,0.006668007,0.616150037,0.6157522815677502
HUWLUI_clean,8.75473,4.69687,8.74085,1.19037,1892.69,1590.0,0.0,0.0,0.6324,0.531265,0.0,0,0.002732588,0.262386377,0.26907025676386975
HUWPIA_clean,6.29862,4.63989,6.29862,1.01225,1229.62,1214.75,0.0,0.0,0.5338,0.527343,0.0,0,0.006366078,0.560725254,0.5628146171481161
HUWSUN_clean,6.32885,4.07784,6.32149,0.837909,1976.96,2359.4,0.0,0.0,0.6126,0.731105,0.0,0,0.006188226,0.603380038,0.5880944580878751
HUXWAY_clean,8.32795,7.15006,8.32795,1.52785,1060.51,694.117,0.0,0.0,0.5724,0.374644,0.0,1,0.000667797,0.064849988,0.060549320443818
HUYJOA_clean,6.60468,3.67142,6.60468,0.952542,1431.54,1502.86,0.0,0.0,0.5926,0.622125,0.0,1,0.004443766,0.427102893,0.40982539104018867
HUYJUG_clean,9.25957,5.86045,9.25957,0.936428,1023.97,1093.48,181.933,194.284,0.5896,0.629627,0.0,1,0.002969783,0.296868137,0.2876694745368321
HUYKER_clean,10.78123,7.93542,10.78123,0.823199,1422.11,1727.54,11.597,14.0878,0.6292,0.764335,0.0,0,0.002095901,0.198599817,0.20150761637082726
HUYKIV_clean,13.89985,13.68041,13.89985,0.580343,1228.9,2117.55,17.6299,30.3783,0.7586,1.30716,0.0,1,0.002760526,0.250772938,0.25011234155696965
HUYKOB_clean,12.11737,9.13356,12.10852,0.81232,1278.02,1573.3,19.6901,24.2393,0.6314,0.77728,0.0,0,0.003344708,0.307255485,0.3233103952812747
HUYKUH_clean,11.74767,8.70516,11.74078,0.798853,1389.42,1739.27,15.3936,19.2696,0.6548,0.819675,0.0,0,0.002357492,0.218120716,0.22426530292710428
HUZFEO_clean,5.36799,3.75589,5.36799,1.02114,1113.68,1090.63,0.0,0.0,0.58,0.567992,0.0,0,0.009114204,0.784069611,0.7753908882372844
HUZSUR_clean,9.15011,7.4108,9.12328,0.889985,1539.75,1730.09,0.0,0.0,0.5804,0.652146,0.0,1,0.003971105,0.359884227,0.3739882808089169
HUZXAD_clean,11.46912,7.77199,11.4651,0.64457,2049.85,3180.18,0.0,0.0,0.7146,1.10865,0.0,1,0.003501071,0.349009203,0.3475802985048081
HUZXEH_clean,10.51647,6.32242,10.51647,0.652816,2155.36,3301.64,0.0,0.0,0.7166,1.09771,0.0,0,0.00387574,0.377466035,0.36853239602086657
HUZXOR_clean,11.426,7.94889,11.41586,0.669497,1905.96,2846.85,0.0,0.0,0.7086,1.05841,0.0,1,0.003791969,0.37076911,0.3678206857463785
HUZXUX_clean,9.29118,6.23555,9.29118,0.722566,1940.52,2685.59,0.0,0.0,0.6812,0.942751,0.0,1,0.003982035,0.377979147,0.3875277359258154
HUZYAE_clean,9.33073,8.38879,9.32654,0.70416,2028.32,2880.48,0.0,0.0,0.6852,0.973074,0.0,0,0.005359261,0.502958463,0.5249437373211775
IBABOF01_clean,5.88201,4.55805,5.8327,1.10239,1625.66,1474.66,0.0,0.0,0.5558,0.504176,0.0,0,0.005220316,0.477167417,0.5049082732910546
IBABUL_clean,6.15206,4.47904,5.79334,1.09763,1721.78,1568.64,0.0,0.0,0.559,0.50928,0.0,0,0.005442672,0.496349423,0.5156217603979738
IBACAS_clean,6.00206,4.65234,5.82846,1.09941,1650.0,1500.81,0.0,0.0,0.5576,0.507182,0.0,0,0.005461623,0.501255155,0.5110192025543245
IBARUA_clean,7.1268,5.0269,7.1268,1.98004,834.649,421.532,0.0,0.0,0.4306,0.217471,0.0,0,0.001943016,0.175651814,0.18278781417588164
IBASEL_clean,7.42906,5.13218,7.42906,1.77226,891.565,503.068,0.0,0.0,0.4602,0.259669,0.0,0,0.001838246,0.175270802,0.16942962884685348
IBASOV_clean,7.32486,5.10994,7.32486,1.82355,868.952,476.517,0.0,0.0,0.451,0.24732,0.0,0,0.001876533,0.174997103,0.17454606648979326
IBASUB_clean,7.25865,5.07987,7.25865,1.86882,874.187,467.775,0.0,0.0,0.4444,0.237797,0.0,0,0.001855268,0.174453903,0.17449041394013703
IBEYOE_clean,6.06432,4.11134,6.06432,2.34842,1354.27,576.674,0.0,0.0,0.5366,0.228494,0.0,1,0.00103901,0.104434029,0.09802041018858165
IBICAZ_clean,9.97802,9.8426,9.97802,1.0723,1065.95,994.074,0.0,0.0,0.5548,0.517392,0.0,0,0.001300488,0.127704769,0.12937156935424238
IBICON_clean,10.09823,9.93982,10.09823,1.22363,1026.52,838.914,0.0,0.0,0.5488,0.448503,0.0,0,0.001124705,0.113285937,0.10966124863218535
IBIRES_clean,6.08051,3.77232,6.05891,1.56855,1166.99,743.994,0.0,0.0,0.5416,0.345287,0.0,1,0.002663281,0.237166505,0.24507376299440936
IBIYOI_ion_b,5.57969,4.82285,5.52558,1.97565,709.524,359.134,0.0,0.0,0.437,0.221193,0.0,1,0.00211159,0.188123684,0.17192929532071832
IBOTEY_clean,8.07557,7.19713,7.70521,0.981503,1333.18,1358.3,51.1851,52.1497,0.584,0.595006,0.0,0,0.00326354,0.302437947,0.3037721849850777
IBOTIC_clean,6.31717,4.2524,6.31717,0.893807,2347.07,2625.93,0.0,0.0,0.6358,0.711339,0.0,0,0.005095181,0.497221707,0.5066506980446471
IBOTOI_clean,9.5634,6.50142,9.5634,0.680526,2284.07,3356.33,0.0,0.0,0.7158,1.05183,0.0,0,0.002712705,0.265466539,0.2699881545555378
IBOZIK_clean,6.1387,4.49344,6.1387,0.940059,2165.41,2303.48,0.0,0.0,0.6574,0.699317,0.0,1,0.00369518,0.353419876,0.3649916828774886
IBUBAL_clean,8.56175,6.50064,8.56175,1.3766,1598.36,1161.09,0.0,0.0,0.5934,0.431061,0.0,1,0.001812702,0.185979311,0.17435101116532742
IBUBIT_clean,11.26336,10.79912,11.26336,0.878987,1904.31,2166.48,0.0,0.0,0.7036,0.800467,0.0,1,0.001990545,0.201722506,0.19915094436999553
IBUDOZ_clean,5.08668,4.25333,5.08214,1.48919,879.713,590.733,0.0,0.0,0.5098,0.342334,0.0,1,0.004673884,0.411667417,0.4093349354793653
IBUYAH_clean,4.28353,4.03476,4.28353,1.49492,252.024,168.587,0.0,0.0,0.3994,0.267172,0.0,1,0.001032899,0.095648325,0.09155937787879254
ic025743v_s1_clean,5.43084,3.59671,5.41371,0.985749,2031.66,2061.03,0.0,0.0,0.67,0.679686,0.0,1,0.00118397,0.118871564,0.12475638412356238
ic034943jsi20030807_040506_clean,5.2265,4.77382,5.2265,1.35803,835.979,615.584,0.0,0.0,0.4602,0.338874,0.0,1,0.004175421,0.367327078,0.35888568938481497
ic050064gsi20050115_040515_clean,7.09944,5.34059,6.92965,0.893388,2231.12,2497.37,0.0,0.0,0.6764,0.757118,0.0,1,0.004405775,0.430407643,0.42121723167439296
ic051810ksi20060220_094504_clean,6.9462,5.87305,6.9462,1.26346,2180.21,1725.6,0.0,0.0,0.6444,0.51003,0.0,1,0.003555878,0.343868409,0.358817676408395
ic060030osi20060309_091447_clean,7.66338,4.13517,7.08387,1.45852,1622.05,1112.12,0.0,0.0,0.6038,0.41398,0.0,1,0.002738493,0.252490946,0.25743725494642977
ic060771psi20060614_113937_clean,5.26056,3.44551,5.26056,1.3794,1193.29,865.074,0.0,0.0,0.5622,0.407567,0.0,1,0.00415175,0.393650764,0.3865011125284339
ic070274o-file006_clean,9.5696,5.43482,9.51118,0.6688,2216.08,3313.52,0.0,0.0,0.6986,1.04456,0.0,0,0.003685363,0.366726171,0.3625301647909518
ic100188w_si_002_clean,7.49679,5.33186,7.49523,1.88994,791.307,418.693,0.0,0.0,0.3762,0.199054,0.0,0,0.00319003,0.276662614,0.25966843523679434
ic101789u_si_002_clean,5.93071,5.35547,5.91488,0.866561,2600.04,3000.42,0.0,0.0,0.6794,0.784019,0.0,0,0.006737066,0.653983316,0.6181762336332536
ic101935f_si_002_auto,13.52781,8.78691,13.51433,0.408029,2079.05,5095.35,0.0,0.0,0.8498,2.08269,0.0,0,0.002938019,0.285937027,0.29137406338809396
ic102347b_si_001_clean,7.286,6.24859,7.286,0.867522,2138.17,2464.68,0.0,0.0,0.647,0.745803,0.0,1,0.004199544,0.408350973,0.4024990194171008
ic2017598_si_001_clean_h,14.86745,7.89388,14.86745,0.609156,2262.99,3714.96,0.0,0.0,0.7982,1.31034,0.0,0,0.002662407,0.250205345,0.2615896972597617
ic202626c_si_002_clean,4.17676,3.4851,4.17082,1.22883,636.577,518.037,0.0,0.0,0.5146,0.418774,0.0,0,0.003987263,0.374244067,0.37651069371528273
ic202769e_si_002_clean,5.53082,4.05182,5.47464,1.47192,707.209,480.467,0.0,0.0,0.4518,0.306946,0.0,0,0.003433551,0.287915032,0.2814664081353231
ic300665a_si_002_clean,6.76851,6.40962,6.75925,1.06856,1310.99,1226.88,0.0,0.0,0.5662,0.529874,0.0,1,0.003943381,0.34328202,0.3682795933319531
ic3019502_si_002_clean,8.03478,4.99407,8.03478,0.817121,2079.34,2544.72,0.0,0.0,0.6862,0.839778,0.0,1,0.004760394,0.476060402,0.4464545742020968
ic400607w_si_001_clean,8.03748,6.22623,7.97705,1.08776,1912.85,1758.52,0.0,0.0,0.6308,0.579905,0.0,0,0.002760176,0.262850358,0.2752301807733424
ic400777c_si_002_clean,6.92734,4.01933,6.90734,1.34581,1520.73,1129.98,0.0,0.0,0.5638,0.418931,0.0,1,0.00887669,0.70878518,0.7435573772411253
ic401157n_si_002_clean,8.07184,5.576,8.06069,0.920261,2034.27,2210.53,0.0,0.0,0.6426,0.69828,0.0,0,0.003640875,0.369680994,0.358269795369964
ic401157n_si_003_clean,8.36266,5.62116,8.35172,0.801466,2331.72,2909.32,0.0,0.0,0.6656,0.830478,0.0,1,0.00644958,0.620635182,0.5754124471704628
ic402058f_si_002_clean,5.68988,4.36716,5.68491,1.37492,565.476,411.28,350.976,255.27,0.5054,0.367586,0.0,1,0.006238617,0.523297709,0.5103005788036825
ic402058f_si_004_clean,5.82311,4.37702,5.76138,1.28628,1179.38,916.891,0.0,0.0,0.5444,0.423237,0.0,1,0.006746652,0.583007899,0.5725432088168274
ic402692p_si_002_clean,7.57252,6.20483,7.53216,1.12902,2001.22,1772.53,0.0,0.0,0.6518,0.577314,0.0,0,0.005477283,0.508251904,0.5028194354763781
ic402692p_si_003_clean,5.22305,3.60975,4.94835,1.24721,1324.38,1061.87,0.0,0.0,0.5356,0.429439,0.0,1,0.007975976,0.68677375,0.696307155044846
ic402692p_si_005_clean,8.36657,7.12488,8.36657,1.09017,2068.01,1896.96,0.0,0.0,0.651,0.597155,0.0,1,0.00401895,0.410075875,0.38895644023487796
ic500323r_si_001_clean,5.40217,4.39968,5.38357,1.7244,1051.83,609.969,0.0,0.0,0.4942,0.286592,0.0,1,0.001572141,0.144985318,0.14683991118106904
ic5011133_si_003_clean,6.22091,5.02145,6.15779,1.0165,1852.81,1822.74,0.0,0.0,0.6262,0.616036,0.0,0,0.004299003,0.41695634,0.41770646250643784
ic5011133_si_004_clean,5.76939,3.85425,5.57935,1.03783,2096.3,2019.88,0.0,0.0,0.6036,0.581597,0.0,1,0.003521038,0.342038083,0.35269003603165583
ic501477u_si_002_clean,8.32761,5.8376,8.32761,0.662866,2535.19,3824.58,0.0,0.0,0.725,1.09373,0.0,0,0.003333732,0.341596827,0.33747637501114974
ic501801f_si_002_clean,7.62911,3.95603,7.62911,0.921866,1772.69,1922.93,0.0,0.0,0.5984,0.649118,0.0,1,0.002625174,0.270457765,0.27688454052964484
ic501801f_si_003_clean,7.15079,6.5153,7.14534,0.88298,1302.1,1474.67,43.0565,48.7627,0.5668,0.641917,0.0,1,0.002208089,0.208259291,0.21735131841126282
ic501849g_si_002_clean,6.90703,4.72819,6.90703,1.13022,1690.08,1495.36,0.0,0.0,0.5888,0.520963,0.0,1,0.003436147,0.330956348,0.3213885890948148
ic5021302_si_002_clean,7.40462,5.14931,5.97305,1.03321,929.837,899.95,920.441,890.857,0.6068,0.587296,0.0,0,0.004632074,0.46099937,0.4593265716230727
ic502254c_si_002_clean,12.68207,7.60887,12.68207,0.711281,1866.25,2623.79,0.0,0.0,0.7144,1.00439,0.0,1,0.002728492,0.264697613,0.27670906169749376
ic502643m_si_003_clean,9.70753,8.64872,9.70205,0.819549,2343.2,2859.13,0.0,0.0,0.7048,0.859985,0.0,1,0.003971551,0.392454726,0.38758414137223746
ic502643m_si_006_clean,9.0043,8.36575,9.0043,0.810849,2358.37,2908.52,0.0,0.0,0.7174,0.884751,0.0,1,0.004136779,0.399786336,0.402275051508496
ic502643m_si_007_clean,13.1918,11.62964,13.1918,0.690929,2270.17,3285.68,0.0,0.0,0.7542,1.09157,0.0,1,0.003783135,0.354206844,0.3718504177518447
ic502643m_si_008_clean,9.64298,8.71131,9.6207,0.809539,2189.42,2704.52,0.0,0.0,0.7184,0.887419,0.0,1,0.004769856,0.465890578,0.4433002224354725
ic502643m_si_009_clean,12.65736,11.14997,12.63796,0.678305,2348.61,3462.47,0.0,0.0,0.757,1.11602,0.0,1,0.003575342,0.367456733,0.36271905344336397
ic502725y_si_004_clean,9.62394,4.35849,9.62394,1.57097,2049.09,1304.34,0.0,0.0,0.6364,0.405099,0.000509239,0,0.001940629,0.190152825,0.2402006605865775
ic502730y_si_002_clean,6.89356,6.68644,6.89356,1.03024,1630.4,1582.54,0.0,0.0,0.626,0.607627,0.0,0,0.003555052,0.35339705,0.3607835074066057
ic5029383_si_002_clean,13.89608,6.70448,13.87452,0.615292,2325.45,3779.43,0.0,0.0,0.7826,1.27192,0.0,1,0.003497781,0.365552725,0.3494589031449774
ic5b00096_auto,12.59507,5.60823,12.59507,0.755193,2269.89,3005.71,0.0,0.0,0.7192,0.952339,0.000264833,0,0.002819023,0.277236077,0.27315145200751073
ic5b00130_si_002_clean,5.93683,5.18128,5.93683,1.3408,561.854,419.044,0.0,0.0,0.4314,0.321748,0.0,0,0.002872797,0.254449776,0.215590742956211
ic5b00194_si_002_clean,8.53834,6.535,8.52358,0.823713,2522.95,3062.9,0.0,0.0,0.705,0.85588,0.0,1,0.006393317,0.597232781,0.5763408459263175
ic5b01023_si_002_clean,12.81278,3.94057,12.81278,0.929822,1555.72,1673.14,0.0,0.0,0.6134,0.659696,0.0,1,0.006963217,0.611418844,0.5822241440086645
ic7014034-file001_clean,6.72718,4.71693,5.67099,0.945137,1965.67,2079.78,0.0,0.0,0.6212,0.657259,0.0,1,0.005753814,0.534389158,0.538669996457794
ic800131r-file003_clean,12.9498,9.58722,12.94902,0.417413,1982.69,4749.95,0.0,0.0,0.8202,1.96496,0.0,1,0.002719856,0.296788631,0.2761663092985286
ic9002115_si_001_clean,5.30738,5.07102,5.30738,1.24196,982.107,790.77,0.0,0.0,0.4718,0.379883,0.0,0,0.005980123,0.516105411,0.5060895497640913
ICAQIO_clean,20.39112,7.95732,20.39112,0.40349,1914.78,4745.53,0.0,0.0,0.8268,2.04912,0.0,0,0.003389779,0.336885015,0.3311777300105888
ICAROV_clean,20.33339,7.92146,20.31568,0.406521,1928.4,4743.67,0.0,0.0,0.8236,2.02597,0.0,0,0.003455101,0.338247463,0.34308825773171264
ICEGED_clean,7.44329,6.41787,7.44329,0.943252,2339.38,2480.12,0.0,0.0,0.7078,0.750383,0.0,1,0.002904013,0.288172372,0.28580027996596835
ICISAP_clean,8.79152,6.71431,8.77922,0.851648,2192.52,2574.44,0.0,0.0,0.6926,0.813247,0.0,1,0.004260428,0.421949459,0.4062450597543919
ICODIP01_clean,12.6239,9.97272,12.61095,0.806244,1575.25,1953.81,0.0,0.0,0.686,0.850859,0.0,0,0.002836786,0.284283323,0.26897323116781763
ICODIP_clean,12.5506,9.93166,12.1307,0.813948,1593.28,1957.47,0.0,0.0,0.685,0.841577,0.0,0,0.002825791,0.29594713,0.26644659005197247
ICORAV_ion_b,4.97918,4.38997,4.82512,1.76091,1048.99,595.709,0.0,0.0,0.479,0.272019,0.0,1,0.00106095,0.107553047,0.11084183187836272
ICOWON_clean,5.79599,4.2449,5.79493,1.26187,1474.68,1168.65,0.0,0.0,0.5752,0.45583,0.0,1,0.002759443,0.259739696,0.2634292215253755
IDIWIB_clean,6.62997,6.29787,6.59524,1.04722,1606.71,1534.25,0.0,0.0,0.612,0.584403,0.0,0,0.003893354,0.37526052,0.3767750327688057
IDIWUN_clean,10.73827,9.8398,10.73827,0.874765,1685.19,1926.45,0.0,0.0,0.684,0.781924,0.0,0,0.002633981,0.288003954,0.2543890286860776
IDORAW_clean,10.66058,7.94571,10.64148,0.758358,1989.66,2623.65,0.0,0.0,0.7566,0.997682,0.0,1,0.002416183,0.229548791,0.25424812273657305
IDUDIW_clean,4.41225,3.49442,4.39662,1.09369,1435.22,1312.27,0.0,0.0,0.577,0.527571,0.0,0,0.006079792,0.551960346,0.5785515552947476
IDUTUW_clean,4.95983,4.34552,4.92681,3.2621,618.922,189.731,0.0,0.0,0.4194,0.128567,0.0,1,0.000527963,0.04928082,0.03869743848278573
IFAGON_clean,7.26408,5.9349,7.24141,0.928559,1699.23,1829.96,0.0,0.0,0.6226,0.670501,0.0,1,0.004163246,0.405323067,0.3952405639480545
IFASOZ_clean,9.64796,7.3234,9.64796,0.745691,1847.95,2478.17,0.0,0.0,0.6678,0.895545,0.0,1,0.002056362,0.2036185,0.2104787817270733
IFEHUY_clean,11.31643,10.12794,11.31643,1.037,1594.72,1537.82,0.0,0.0,0.6458,0.622755,0.0,1,0.002301695,0.224053639,0.23113338095444472
IFENOY03_SL,7.28997,5.75367,7.27102,1.31871,593.793,450.282,0.0,0.0,0.4674,0.354437,0.0,0,0.000743829,0.073872176,0.07876170729922033
IFEQAN_SL,8.46927,8.16692,8.46927,1.35259,651.783,481.879,0.0,0.0,0.4438,0.328112,0.0,0,0.001576409,0.155191089,0.15852142597899138
IFEQIV_SL,8.23002,7.90173,8.23002,1.32672,694.39,523.389,0.0,0.0,0.4528,0.341293,0.0,0,0.001028399,0.111298162,0.11259426823058016
IFEYIB_clean,5.67304,3.77404,5.54772,1.56953,1870.34,1191.66,0.0,0.0,0.6516,0.415157,0.0,1,0.001532875,0.159027907,0.14674513679586032
IGAGAA_clean,6.32999,3.64698,6.28248,1.49391,1433.42,959.509,0.0,0.0,0.5336,0.357182,0.0,1,0.005651216,0.475084996,0.5189779085153845
IGAHAB_clean,8.07676,5.90613,8.07676,1.09695,1250.92,1140.36,257.39,234.642,0.6018,0.548613,0.0,1,0.005898741,0.460128044,0.5028595957517635
IGEXOH_clean,5.20725,4.43194,5.19154,1.26433,2211.95,1749.5,0.0,0.0,0.6598,0.521856,0.0,0,0.004316854,0.422623774,0.41619010883036806
IGINIX01_clean,5.76124,3.82869,5.74335,1.27239,1739.17,1366.85,0.0,0.0,0.5698,0.447817,0.0,1,0.006107328,0.575360947,0.5498207833000974
IGINIX_clean,5.75448,3.84672,5.66179,1.27352,1748.75,1373.16,0.0,0.0,0.5668,0.445064,0.0,1,0.005978539,0.568602894,0.5450908208301748
IGIZEF_clean,4.69926,3.5008,4.58086,1.87274,282.887,151.055,108.889,58.1444,0.4116,0.219785,0.0,1,0.005365518,0.418108129,0.4241748480614146
IGOJEV_clean,6.84915,5.33678,6.8307,1.1268,1367.78,1213.86,0.0,0.0,0.5334,0.473376,0.0,0,0.004251208,0.400121931,0.3916666655488007
IGUVIR01_clean,6.10337,3.92459,6.10337,1.30886,926.034,707.513,0.0,0.0,0.4778,0.365051,0.0,0,0.00569551,0.494465232,0.49692421046506696
IHAJEH_clean,6.78044,6.29448,6.78044,1.39086,1751.0,1258.94,0.0,0.0,0.6318,0.454253,0.0,0,0.001621676,0.162797372,0.1695489229576601
IHUTIQ_clean,4.64256,3.74008,4.5445,1.27422,518.012,406.533,0.0,0.0,0.439,0.344525,0.0,0,0.00145107,0.140636376,0.13190141743752137
IJASOC_clean,6.30976,5.8805,6.27431,1.0194,1983.73,1945.99,0.0,0.0,0.653,0.640576,0.0,1,0.004002165,0.361112884,0.3802717899760707
IJEVEA_clean,6.16235,3.65442,6.15987,1.71122,898.254,524.922,0.0,0.0,0.4748,0.277464,0.0,1,0.004651323,0.400972847,0.39349428304177014
IJEVIE_clean,6.39858,3.56516,6.38456,1.47483,1314.49,891.28,0.423263,0.286991,0.5748,0.389739,0.0,1,0.005405279,0.476594594,0.47909920411607976
IJEXIF01_clean,6.79743,4.32524,6.79743,1.08441,2203.63,2032.1,0.0,0.0,0.6682,0.616187,0.0,1,0.006315071,0.598992953,0.5833450349886086
IJEXIF_clean,6.7342,4.37179,6.7342,1.07253,2222.65,2072.34,0.0,0.0,0.6664,0.621333,0.0,1,0.005799606,0.579348003,0.5411971745512827
IJIGOX_clean,6.16574,5.62335,6.16574,2.01565,1416.67,702.835,0.0,0.0,0.5266,0.261256,0.0,0,0.009788191,0.732836113,0.7647426102970887
IJUTEM_clean,7.42822,3.46008,7.42822,1.4496,1196.69,825.529,190.636,131.509,0.5614,0.38728,0.0,0,0.004074319,0.365254669,0.39170510164264244
IKAYAU_clean,4.59122,3.56678,4.59122,1.61867,325.484,201.081,0.0,0.0,0.3984,0.246128,0.0,1,0.000792494,0.076342384,0.06731580829067574
IKEBUV01_clean,4.90885,3.89845,4.88149,1.28693,1923.5,1494.65,0.0,0.0,0.6236,0.484565,0.0,1,0.003352875,0.326774766,0.3299225753811854
IKEBUV_clean,4.87862,3.88747,4.8574,1.29691,1916.47,1477.73,0.0,0.0,0.6176,0.47621,0.0,1,0.003297832,0.332151632,0.3193364989846205
IKETAU_clean,5.60593,4.335,5.59414,1.55077,1730.4,1115.83,0.0,0.0,0.5626,0.362788,0.0,1,0.002977392,0.282653105,0.28940159009049343
IKETEY_clean,5.5138,4.26379,5.5027,1.61573,1676.6,1037.67,0.0,0.0,0.5562,0.34424,0.0,1,0.003103997,0.292171763,0.28132807306408125
IKETIB_clean,13.18345,6.57771,10.98623,0.873765,2179.56,2494.44,0.0,0.0,0.722,0.826309,0.0,1,0.003989589,0.353094311,0.37708129235127785
IKETOI_clean,5.47175,4.23311,5.43757,1.66186,1666.92,1003.04,0.0,0.0,0.5532,0.33288,0.0,1,0.003079085,0.296123017,0.2819879055081495
IKETUN_clean,13.22557,6.52759,13.22557,0.869317,2182.06,2510.09,0.0,0.0,0.7238,0.832608,0.0,1,0.003797155,0.344610889,0.36119712137135207
IKETUO_clean,5.44662,4.20794,5.39592,1.67888,1662.67,990.343,0.0,0.0,0.552,0.328791,0.0,1,0.003102761,0.291954591,0.2815884407997102
IKEVAW_clean,5.40684,4.19271,5.39701,1.71304,1637.64,955.985,0.0,0.0,0.5474,0.319548,0.0,1,0.003155004,0.299269155,0.28831614449314374
IKOPEF_clean,7.2534,4.34633,7.2534,1.24385,1606.2,1291.31,0.0,0.0,0.5726,0.460344,0.0,1,0.004317248,0.386138837,0.40302005674452435
IKOSOQ_clean,5.18747,4.15785,5.187,1.04558,711.454,680.438,252.551,241.541,0.5228,0.500009,0.0,1,0.005264023,0.465950452,0.4914638340725349
IKOTUZ_clean,16.05073,15.64664,16.05073,1.00283,1515.79,1511.5,0.0,0.0,0.658,0.656142,0.0,1,0.003791298,0.346171808,0.3504872777970174
IKOVAH_clean,16.06628,15.68836,16.05839,1.01053,1521.53,1505.68,0.0,0.0,0.6416,0.634917,0.0,1,0.003753918,0.351447331,0.3497663752038007
IKUBUL01_clean,4.97225,4.13588,4.96966,1.70618,1252.65,734.185,0.0,0.0,0.581,0.340527,0.0,0,0.008395561,0.678072718,0.7027973802660925
IKUBUL_clean,5.00176,4.50394,4.98274,1.67146,1332.86,797.421,0.0,0.0,0.5778,0.345685,0.0,0,0.007415742,0.63905556,0.6421584391917663
IKUTIT_clean,6.70756,4.84545,6.68635,1.15517,2264.75,1960.54,0.0,0.0,0.6434,0.556977,0.0,1,0.004210088,0.397735926,0.40904987671428833
IKUTUF_clean,8.78737,4.08662,8.78737,1.10967,2075.01,1869.94,0.0,0.0,0.6536,0.589005,0.0,1,0.004336225,0.38371962,0.4093411498961653
ILEHUD_clean,5.02137,3.75623,4.99615,1.79998,1015.1,563.953,0.0,0.0,0.5264,0.292448,0.0,1,0.007252558,0.581255445,0.5859433252457
ILIFOY_clean,5.51379,4.36093,5.51127,1.7785,832.969,468.356,0.0,0.0,0.4352,0.244701,0.0,0,0.004168609,0.346479068,0.344187652128751
ILIFUE_clean,5.46839,4.30835,5.46382,1.80799,845.912,467.873,0.0,0.0,0.4296,0.237611,0.0,0,0.00434171,0.368664829,0.3570951062753689
ILIGAL_clean,5.39984,4.21783,5.39803,1.8431,801.718,434.983,0.0,0.0,0.424,0.230047,0.0,0,0.004565865,0.388499307,0.3809514114914817
ILIGEP_clean,5.40466,4.22337,5.40056,1.85928,816.766,439.291,0.0,0.0,0.4238,0.227938,0.0,0,0.004712527,0.385369063,0.3856449516066374
ILIMOH_clean,7.40414,5.70962,7.40414,1.17288,870.384,742.093,0.0,0.0,0.5052,0.430735,0.0,0,0.00146762,0.145614615,0.13551956024025513
ILIMUN_clean,6.19427,4.05594,6.18143,1.18958,950.094,798.68,0.0,0.0,0.473,0.397619,0.0,0,0.003633395,0.334201979,0.32155823343008283
ILITUT_manual,12.63372,9.84913,12.63125,0.49196,2089.33,4246.95,0.0,0.0,0.786,1.59769,0.0,1,0.003300197,0.311595856,0.3240164917613894
ILOJOJ_clean,6.13171,4.84213,6.13171,1.27844,834.445,652.704,0.0,0.0,0.4692,0.367009,0.0,1,0.003224229,0.295333553,0.2827257981021116
IMAXUR_clean,9.35814,4.03338,9.35814,0.94009,1810.27,1925.64,0.0,0.0,0.6284,0.668447,0.0,1,0.004394069,0.42741771,0.41214761416981804
IMEDOV_clean,8.12382,4.26401,8.12382,1.06775,893.804,837.087,12.2034,11.4291,0.5044,0.472393,0.0,1,0.001898243,0.180719784,0.17942862608346755
IMISIH_clean,5.27982,3.88793,5.27982,1.92173,1036.22,539.212,0.0,0.0,0.5212,0.271214,0.0,1,0.003139206,0.282195943,0.27621081437752815
INARUM_clean,4.27147,3.60968,4.26595,1.49233,736.38,493.444,0.0,0.0,0.5148,0.344964,0.0,1,0.003861443,0.344616158,0.34539457996802636
INIGET_clean,5.272,3.4615,5.24671,1.60135,599.11,374.128,0.0,0.0,0.458,0.286009,0.0,1,0.002452409,0.222594756,0.2039622095937187
INIQUR_clean,6.2915,4.5306,6.2915,1.16326,1032.52,887.604,0.0,0.0,0.5158,0.443408,0.0,1,0.001303356,0.116023824,0.12847360505001132
INIRAA_clean,5.29891,3.4654,5.27682,1.58723,589.473,371.386,0.0,0.0,0.45,0.283514,0.0,1,0.002366723,0.211190249,0.19190110093434948
INIRAY01_clean,6.20577,4.3891,6.20321,1.19479,1004.19,840.475,0.0,0.0,0.5078,0.42501,0.0,1,0.0010888,0.110950498,0.11357025783735752
INIRAY_clean,6.42335,4.78031,6.35158,1.15007,1090.31,948.038,0.0,0.0,0.529,0.459971,0.0,1,0.001193091,0.114280168,0.1226126852917076
INIRII_clean,7.50885,6.39264,7.49963,2.36792,800.533,338.074,0.947654,0.400205,0.4536,0.19156,0.0,1,0.000592117,0.059508492,0.05702589051990242
INOMIJ_clean,7.95221,7.58337,7.95221,0.978026,1630.8,1667.44,0.0,0.0,0.607,0.620638,0.0,1,0.00380906,0.389430766,0.36233359256887643
INOMOP_clean,5.26106,4.80157,5.24412,1.1048,1287.23,1165.13,0.0,0.0,0.553,0.500544,0.0,1,0.004094903,0.391838229,0.3901984381729354
INOVEN_clean,6.5916,4.86656,6.58623,1.1112,2296.52,2066.7,0.0,0.0,0.6394,0.575413,0.0,1,0.004462584,0.430793917,0.41978964231107796
IPICOA_clean,5.44441,4.81551,5.37454,1.57966,1489.86,943.154,0.0,0.0,0.6242,0.395149,0.0,0,0.005642786,0.514819423,0.5178678073477866
IPIDUH_clean,5.17469,3.85894,5.16774,1.5676,1161.37,740.859,0.0,0.0,0.5352,0.341413,0.0,1,0.003124526,0.27520011,0.29145517025190215
IPIJEY_clean,5.9118,5.17695,5.9118,1.3358,1030.18,771.213,0.0,0.0,0.4974,0.372363,0.0,1,0.003799148,0.338565281,0.32489480819771727
IPIJUM_clean,5.58529,4.21049,5.58529,1.73559,1483.34,854.658,0.0,0.0,0.546,0.314591,0.0,1,0.001386875,0.144130608,0.13212030430853228
IQECIS_clean,8.1309,7.21043,8.08032,0.715898,2174.72,3037.76,0.0,0.0,0.7158,0.999863,0.0,0,0.002927962,0.289854237,0.2935196588447687
IQEKUM_clean,5.23045,4.40009,5.21843,1.19945,1749.75,1458.79,0.0,0.0,0.58,0.483556,0.0,1,0.007609322,0.676790122,0.678698706465643
IQEWOQ_clean,5.16976,4.01341,5.16976,1.5881,979.709,616.905,0.0,0.0,0.4814,0.303129,0.0,0,0.001662187,0.162665989,0.16986580878751523
IQILIF_clean,7.54585,4.55729,7.31598,0.9871,1707.16,1729.47,0.0,0.0,0.5864,0.594063,0.0,1,0.006065257,0.562363825,0.5470235809824072
IQOHUT_clean,6.95469,5.55862,6.9488,0.866054,1696.91,1959.36,0.0,0.0,0.6176,0.71312,0.0,1,0.003385018,0.340012647,0.33558207673766993
IQOJAB_clean,5.87643,3.82611,5.87109,1.02895,1467.53,1426.23,25.3077,24.5957,0.5682,0.552213,0.0,1,0.008547637,0.732117293,0.7230290799935836
IQOJEF_clean,6.3031,3.72946,5.90938,1.09859,1022.71,930.932,0.0,0.0,0.506,0.460592,0.0,1,0.00560973,0.500661341,0.5010216942521091
IQOKIK_clean,6.46497,4.73774,6.45982,0.941841,1852.78,1967.19,0.0,0.0,0.5902,0.626645,0.0,1,0.003779447,0.363986811,0.37013714662618313
IQUCOO_clean,6.46968,5.45118,6.44712,1.037,1366.21,1317.47,0.0,0.0,0.5412,0.521892,0.0,1,0.005462505,0.500811417,0.500814532243329
IRELAU_clean,6.04901,3.48029,6.04818,1.13995,1676.5,1470.68,0.0,0.0,0.5904,0.517916,0.0,1,0.009904199,0.81562614,0.8317145977810366
IROVAO_clean,6.12408,5.59581,6.1197,2.89163,1515.71,524.173,0.0,0.0,0.544,0.188129,0.0,1,0.00141993,0.143479994,0.12729610766974564
ISENUQ_clean,5.97954,4.24278,5.90822,1.30449,1185.84,909.047,0.0,0.0,0.4938,0.37854,0.0,1,0.004087306,0.36238758,0.363440820836359
ISUCUV_clean,5.63872,3.87203,5.63872,1.06793,1382.56,1294.62,0.0,0.0,0.5686,0.532434,0.0,1,0.006026663,0.561660986,0.5516912556276412
ITAPAU_clean,4.795,4.07473,4.77797,1.13588,2690.44,2368.6,0.0,0.0,0.6968,0.613446,0.0,1,0.000814693,0.08440983,0.09410102328128106
ITIBOD_clean,4.51038,3.48306,4.50833,2.426,458.262,188.896,79.7243,32.8625,0.4254,0.17535,0.0,1,0.003828663,0.323821907,0.303980963969564
ITIPAE_clean,5.03819,3.84363,5.03819,1.81693,898.58,494.56,0.0,0.0,0.4852,0.267044,0.0,0,0.003700578,0.326563734,0.32116761102392455
ITIPOS_clean,9.85225,8.07125,9.85225,1.06602,1798.13,1686.76,17.9557,16.8436,0.664,0.622875,0.0,1,0.001845883,0.172834055,0.1829650259012488
IVEHEW_manual,8.08882,6.64746,8.02924,0.857961,1988.29,2317.45,0.0,0.0,0.6604,0.769732,0.0,0,0.00311699,0.321107009,0.3034959078727989
IVEQAC_clean,4.74809,3.58509,4.40546,1.51827,638.51,420.551,0.0,0.0,0.4406,0.290199,0.0,0,0.003697332,0.326812307,0.32525688804990543
IVILEG_clean,14.1452,13.26623,14.13413,0.718024,1541.13,2146.34,0.0,0.0,0.7232,1.00721,0.0,1,0.003057246,0.288536071,0.3029090543249433
IVOCON_clean,5.24294,3.86797,5.24294,1.46762,1975.27,1345.9,0.0,0.0,0.64,0.436082,0.0,0,0.006100236,0.577384515,0.5436201637468736
IVOGUX_clean,5.27459,4.52668,5.27459,1.48634,1223.66,823.275,0.0,0.0,0.5418,0.36452,0.0,1,0.005267003,0.460860003,0.4779141498953596
IVUVIG_clean,6.23822,4.28609,6.22408,1.47829,1492.88,1009.86,0.0,0.0,0.5414,0.366233,0.0,1,0.004498461,0.404572703,0.3960723052321322
IWAXUZ_clean,9.16743,4.27442,9.16743,1.02656,1732.45,1687.62,0.0,0.0,0.6018,0.586228,0.0,1,0.002182705,0.214968012,0.21922204993618366
IWAYEK_clean,9.36738,4.35185,9.36738,1.20213,1638.24,1362.78,0.0,0.0,0.576,0.479148,0.0,1,0.001371564,0.134421631,0.1463166494497597
IWAYIO_clean,9.10068,4.24338,9.10068,1.22219,1678.76,1373.57,0.0,0.0,0.5934,0.485524,0.0,1,0.002146071,0.212675066,0.20212309677268864
IWAYOU_clean,9.03723,4.17928,9.03723,1.25701,1700.75,1353.01,0.0,0.0,0.594,0.47255,0.0,1,0.001348261,0.139333057,0.14452591818938726
IWAYUA_clean,9.10772,4.29795,9.10772,1.27221,1742.4,1369.58,0.0,0.0,0.6022,0.473349,0.0,1,0.001544377,0.151798052,0.17137881330794108
IWAZIP_clean,9.36232,4.34831,9.36232,1.51484,1601.89,1057.47,0.0,0.0,0.5888,0.388687,0.0,1,0.001178644,0.11287441,0.11910539025104788
IWEVAJ_clean,13.76426,6.67603,13.76426,0.642349,2372.68,3693.76,0.0,0.0,0.7784,1.2118,0.0,1,0.002536738,0.258049635,0.259683993344629
IWOKUC_clean,6.55692,5.28768,6.53155,0.964561,1220.6,1265.44,0.0,0.0,0.5288,0.548229,0.0,0,0.003282751,0.30768393,0.30725442648859336
IWOSAP_clean,4.764,3.76645,4.764,2.24785,751.282,334.223,0.0,0.0,0.4204,0.187023,0.0,1,0.001084561,0.104830683,0.11114947135201197
IXAKAU_clean,6.35523,5.9549,6.33797,0.780645,2644.49,3387.58,0.0,0.0,0.7136,0.914116,0.0,1,0.004202619,0.404606754,0.4083104780679506
IXAZEO_clean,4.95392,4.38313,4.95392,1.49539,968.887,647.917,0.0,0.0,0.4732,0.31644,0.0,1,0.00103499,0.102539879,0.11679917281416757
IXEBEU_clean,4.63531,3.53624,4.63082,1.05655,1090.22,1031.87,0.0,0.0,0.503,0.476077,0.0,1,0.004024843,0.376163501,0.3902932381034569
IXEJIG_clean,11.25458,10.39011,10.80502,0.837465,1965.46,2346.92,0.0,0.0,0.6976,0.83299,0.000955264,1,0.00283355,0.273119427,0.2689581229331002
IXEJOL_clean,5.47758,4.11939,5.46905,1.8094,1349.53,745.844,0.0,0.0,0.534,0.295125,0.000331601,1,0.002922866,0.272618208,0.27456122479745093
IXEJOM_clean,15.02825,14.15107,15.02825,0.818993,2120.95,2589.7,0.0,0.0,0.749,0.914537,0.000244202,1,0.002787917,0.262866926,0.276685149421647
IXISOX_clean,5.5699,4.33438,5.5699,1.93342,1150.89,595.258,0.0,0.0,0.516,0.266884,0.0,0,0.006412697,0.494410663,0.515900386152355
IXISUD_clean,7.1533,3.82815,7.1533,2.06709,831.561,402.286,84.7168,40.9836,0.496,0.239951,0.0,0,0.002708416,0.236248705,0.22964178888812686
IXODUV_clean,6.94577,6.48704,6.94195,1.01181,1784.75,1763.93,0.0,0.0,0.629,0.621659,0.0,0,0.003985323,0.387420263,0.38783962682782713
IXOFAD_clean,7.25204,6.74283,7.23817,1.01031,1741.08,1723.31,0.0,0.0,0.638,0.631491,0.0,0,0.003936633,0.381802942,0.378695270578646
IXOFEH_clean,7.08623,6.6722,7.07786,1.02717,1639.04,1595.68,0.0,0.0,0.6198,0.603404,0.0,0,0.003756302,0.369713528,0.37115161081939313
IXOFIL_clean,7.14051,6.67398,7.10365,1.01557,1692.36,1666.42,0.0,0.0,0.624,0.614435,0.0,0,0.003644497,0.380656034,0.35687378469143993
IXOFUX01_clean,6.87071,6.41176,6.84188,1.00146,1800.87,1798.25,0.0,0.0,0.6308,0.629881,0.0,0,0.003850074,0.382217704,0.3706858992684343
IXOFUX_clean,7.08508,6.6128,7.06755,1.00152,1792.17,1789.44,0.0,0.0,0.6318,0.63084,0.0,0,0.003866304,0.378154838,0.3691906632605583
IXUQOJ_clean,5.21271,3.78909,5.02943,1.47771,847.063,573.227,0.228953,0.154938,0.4794,0.324421,0.0,1,0.003674647,0.330224048,0.32050829062637265
IXUQUO_clean,6.17038,3.88626,6.17038,1.0897,1053.12,966.424,109.804,100.765,0.5652,0.518674,0.0,1,0.008904833,0.675191092,0.7461082898216154
IXURID_clean,5.42414,4.17526,5.42124,1.15055,1597.74,1388.68,0.0,0.0,0.5668,0.492633,0.0,1,0.007547494,0.684131495,0.6774890924323398
IXUWII_clean,7.47721,5.13969,7.4691,0.925259,1534.87,1658.86,0.0,0.0,0.5898,0.637443,0.0,0,0.00572898,0.556839674,0.5270863468201902
IYAJOJ_clean,6.96485,4.61788,6.92434,1.17533,1527.18,1299.36,0.0,0.0,0.552,0.469655,0.0,1,0.005248297,0.506890446,0.48875639095757833
IYAJUP_clean,6.42992,4.57524,6.40815,1.20914,1470.44,1216.1,0.0,0.0,0.515,0.425922,0.0,1,0.005582447,0.494067175,0.5021577719126715
IYAKAW_clean,7.04175,4.93619,7.01576,1.16871,1555.91,1331.31,0.0,0.0,0.5758,0.492679,0.0,0,0.005374265,0.517926875,0.5011752947492858
IYAKIE_clean,7.40162,5.12822,7.38112,0.935395,2309.49,2469.0,0.0,0.0,0.6746,0.721193,0.0,1,0.003590133,0.336453295,0.3614195493455224
IYASOS_clean,5.79357,5.23786,5.68144,1.42202,1531.27,1076.83,0.0,0.0,0.5756,0.404777,0.0,1,0.00512608,0.48160639,0.48214983978995607
IYAYUE_clean,6.14666,4.14311,6.14666,1.13268,1552.87,1370.97,0.0,0.0,0.598,0.527951,0.0,1,0.005068602,0.476333846,0.4853260309870106
IYEPUZ_clean,9.24057,8.58239,9.23056,0.696077,2043.12,2935.2,0.0,0.0,0.7082,1.01742,0.0,1,0.003297273,0.345299506,0.32638167937507756
IYEXOZ_clean,5.1071,3.62688,5.0939,2.43583,1067.8,438.373,0.0,0.0,0.4574,0.18778,0.0,1,0.000959408,0.091614757,0.0899467629512537
IYICUP_clean,7.48898,5.2438,6.05899,1.02061,1910.86,1872.27,0.0,0.0,0.6306,0.617866,0.0,0,0.004830831,0.455528054,0.45277498041529307
IYOBAA_clean,7.42959,4.86526,7.42403,1.59483,1008.69,632.478,0.0,0.0,0.5194,0.325678,0.0,1,0.001142701,0.115279176,0.10527897855206336
IYOCIK_clean,8.71773,6.01818,8.7094,1.33605,1729.76,1294.69,0.0,0.0,0.6404,0.479325,0.0,0,0.001749815,0.164527994,0.18083835619468475
IYOCOQ_clean,8.6676,5.83377,8.6676,1.34426,1726.36,1284.24,0.0,0.0,0.6354,0.472675,0.0,0,0.001633292,0.164630692,0.17010065632718308
IYODAD_clean,9.11936,6.31963,9.11936,1.11347,1733.11,1556.5,0.0,0.0,0.6578,0.590765,0.0,0,0.002001934,0.201118704,0.19872776923382202
IYOTAT_clean,6.12724,4.05651,6.12724,0.946965,2470.71,2609.08,0.0,0.0,0.6612,0.698231,0.000211201,1,0.006067286,0.585150403,0.5735520440493088
IYOVIC_clean,5.24908,4.57848,5.22659,1.96351,1130.31,575.658,0.0,0.0,0.4956,0.252406,0.0,0,0.005402553,0.446698863,0.46194346084674975
IYOWID_manual,20.51668,7.7477,20.51668,0.405068,1929.7,4763.89,0.0,0.0,0.822,2.02929,0.0,0,0.003205896,0.330559075,0.32789436001602934
IYUCEM_clean,9.38043,8.88789,9.38043,1.09901,1267.7,1153.49,0.0,0.0,0.5774,0.525384,0.0,1,0.001760302,0.179732936,0.17359852980691426
IYUCIQ_clean,9.96651,8.62113,9.96126,0.918137,1921.78,2093.13,0.0,0.0,0.6824,0.743244,0.0,0,0.002357522,0.231095483,0.23128999187034935
IYUHUG_ion_b,9.1569,7.01562,9.1569,0.894019,1922.0,2149.85,0.0,0.0,0.6824,0.763294,0.0,0,0.002287239,0.225846253,0.2311816113938738
IYUJAO_clean,6.23359,4.26512,6.23359,1.39701,1111.0,795.271,29.8587,21.3733,0.5102,0.365209,0.0,1,0.004573014,0.406628887,0.4135943188265402
IYUQEZ_clean,14.23268,4.75487,14.22709,0.637403,1240.77,1946.61,289.582,454.315,0.6812,1.06871,0.0,1,0.002735781,0.27125635,0.28373583319433643
IYUQID_clean,15.09176,9.842,15.04915,0.561619,1319.58,2349.59,286.013,509.264,0.7206,1.28308,0.0,1,0.00280947,0.273787737,0.2794254591815948
IZEBEV_clean,3.9737,3.59297,3.9737,1.83936,288.006,156.579,0.0,0.0,0.4124,0.224208,0.0,1,0.001282799,0.118785398,0.10416269875198403
IZENUY_clean,10.28405,5.66029,7.85884,0.907624,1488.62,1640.12,573.454,631.819,0.6758,0.744581,0.0,1,0.004730928,0.448900514,0.44663203707195726
IZEPEJ_clean,23.87439,6.75259,21.66541,0.54542,1808.89,3316.52,0.0,0.0,0.7792,1.42862,0.0,1,0.003184583,0.303704277,0.3141928066716924
IZERAI_clean,21.81992,21.11699,21.81992,0.624269,1355.09,2170.68,0.0,0.0,0.7802,1.24978,0.0,1,0.007755547,0.62411419,0.6416288090923495
IZEWAN_clean,9.04728,8.48639,9.03641,0.87931,1735.67,1973.9,0.0,0.0,0.6642,0.755365,0.0,1,0.006833881,0.605083814,0.5904657923935103
IZIGUV_clean,8.5642,7.08912,8.42042,0.715311,2209.59,3088.99,0.0,0.0,0.7258,1.01466,0.0,1,0.004728489,0.4689147,0.44334999484293636
IZIHAC_clean,7.3243,5.53893,7.31909,1.3207,1515.57,1147.55,0.0,0.0,0.5694,0.431134,0.0,1,0.002479362,0.243148006,0.2508859886512459
IZOWAW_clean,18.94727,10.51321,18.93676,1.00603,1791.25,1780.51,0.0981256,0.0975376,0.7888,0.784073,0.0,1,0.000816037,0.084318109,0.08598699532226561
IZOWEA_clean,9.72623,7.72143,9.71631,1.42425,2106.67,1479.15,0.0,0.0,0.696,0.488679,0.0,1,0.000717617,0.069657271,0.07209149242852086
IZUMUM_clean,5.57902,4.64149,5.57902,1.29431,1246.48,963.048,0.0,0.0,0.5324,0.411338,0.0,0,0.001990337,0.188789821,0.1950140499243539
IZUVUV_clean,10.56188,10.34053,10.56188,0.902736,1518.51,1682.12,0.0,0.0,0.6572,0.728009,0.0,1,0.00161934,0.153966737,0.17081261686130284
ja039022msi20031007_110612_clean,4.94587,4.56356,4.94587,1.87531,744.519,397.011,0.0,0.0,0.4438,0.236654,0.0,0,0.003422483,0.281461575,0.2918767159647785
ja0752540-file002_clean,8.14433,7.67619,8.14433,1.22499,2017.42,1646.89,0.0,0.0,0.654,0.533883,0.0,0,0.002525974,0.244444751,0.2477988825097109
ja076167asi20070815_063752_clean,6.41846,5.04294,5.80487,0.848014,2489.2,2935.33,0.0,0.0,0.6344,0.748101,0.0,1,0.003626907,0.347483875,0.36569575207412836
ja109659k_si_002_clean,11.09415,6.65734,11.09415,1.14966,1274.48,1108.58,493.769,429.493,0.6432,0.559472,0.0,1,0.004498494,0.426085078,0.4072875195710733
ja110042b_si_003_clean,18.775,6.41603,18.72266,0.610707,2220.68,3636.25,0.0,0.0,0.7614,1.24675,0.0,1,0.003770321,0.371301174,0.36552257402418853
ja205976v_si_004_clean,8.87098,7.69354,8.87098,1.40672,1456.52,1035.4,0.0,0.0,0.5566,0.395672,0.0,0,0.001676645,0.178334348,0.1727518997262758
ja205976v_si_006_clean,11.60788,10.85998,11.60788,1.12671,1551.48,1377.0,0.0,0.0,0.6348,0.563411,0.0,1,0.00288689,0.295750934,0.2732170162694877
ja206917z_si_001_clean,5.82674,4.72231,5.76849,1.30832,751.163,574.141,0.193696,0.148049,0.5654,0.432156,0.0,0,0.001077987,0.105169643,0.10010599294081718
ja300034j_si_002_clean,16.78888,16.71746,16.78888,0.713223,1373.37,1925.59,0.0,0.0,0.772,1.08241,0.0,1,0.003071398,0.289756645,0.2980380365727921
ja302110d_si_001_clean,8.24333,6.47099,8.10297,0.864634,1943.01,2247.2,0.0,0.0,0.666,0.770268,0.0,1,0.002908777,0.289288026,0.2836911325765207
ja302340b_si_002_clean,8.31134,7.66102,8.31134,1.03479,1409.77,1362.37,116.194,112.287,0.5924,0.572482,0.0,1,0.004092138,0.377952536,0.3683381559037405
ja3082523_si_004_clean,15.27185,8.36501,15.01039,0.495502,2200.94,4441.83,0.0,0.0,0.774,1.56205,0.0,0,0.003119064,0.314548566,0.30936503612580424
ja308995t_si_002_clean,6.91507,6.43648,6.89159,1.15816,1047.86,904.763,0.0,0.0,0.5248,0.453131,0.0,0,0.004305856,0.383787372,0.3745040137740896
ja4012707_si_003_clean,5.77734,4.61223,5.7686,1.06481,2227.7,2092.11,0.0,0.0,0.671,0.630159,0.0,0,0.004907376,0.471531175,0.46040787611253986
ja4012707_si_004_clean,6.17779,4.90836,6.17779,0.978371,2446.9,2500.99,0.0,0.0,0.6772,0.692171,0.0,0,0.003573934,0.351820143,0.3558346449782215
ja403810k_si_002_clean,24.11444,19.56277,24.11444,0.396669,1099.67,2772.25,0.0,0.0,0.86,2.16806,0.0,1,0.00251039,0.256983631,0.261257289100593
ja4050828_auto,29.28345,28.74884,29.27587,0.488759,1535.79,3142.23,0.0,0.0,0.8256,1.68918,0.0,0,0.003448072,0.318998395,0.3419284940393389
ja406030p_si_005_manual,11.30323,7.62193,11.30323,0.677748,2157.76,3183.72,0.0,0.0,0.75,1.10661,0.0,1,0.005116971,0.461570901,0.48834967381319044
ja406030p_si_008_manual,11.82924,9.14708,11.82924,0.688549,2055.52,2985.28,0.0,0.0,0.7528,1.09331,0.0,1,0.004981572,0.457900839,0.45974119534243285
ja406030p_si_009_manual,11.54376,6.59467,10.51794,0.708658,2222.43,3136.11,0.0,0.0,0.7352,1.03745,0.0,1,0.005300789,0.47105174,0.4930187909074602
ja406844r_si_002_clean,11.4181,8.43938,10.92264,0.695103,2221.97,3196.61,0.0,0.0,0.7474,1.07524,0.0,0,0.005010306,0.455469,0.49787742821001874
ja407778a_si_003_clean,5.65215,4.4572,5.65215,0.864214,1953.72,2260.69,0.0,0.0,0.6454,0.746806,0.0,1,0.004508458,0.443375804,0.4246485165261381
ja408959g_si_002_clean,31.07244,30.38497,31.07244,0.440944,1502.5,3407.47,0.0,0.0,0.8264,1.87416,0.000453572,0,0.002855039,0.287352171,0.2856301921657288
ja411887c_si_002_clean,11.91912,9.14993,11.89973,0.619221,2306.85,3725.41,0.0,0.0,0.7606,1.22832,0.0,1,0.003790058,0.367891965,0.3724725832186646
ja500330a_si_007_auto,19.46238,14.48757,19.44715,0.798895,1320.38,1652.76,18.6426,23.3354,0.7758,0.971091,0.000500691,0,0.004970368,0.272785071,0.4241872491873812
ja500330a_si_009_auto,10.23354,4.21372,10.21937,1.02655,1874.68,1826.19,0.0,0.0,0.6604,0.643319,0.0,0,0.002760833,0.26967199,0.26715644174056863
ja5063423_si_002_clean,10.81396,5.19047,10.74347,0.995074,2374.31,2386.06,0.0,0.0,0.7264,0.729996,0.0,1,0.002687078,0.272352256,0.2606771149915476
ja506357n_si_002_clean,4.6846,4.2919,4.67468,1.31892,765.522,580.418,0.0,0.0,0.4712,0.357263,0.0,1,0.008782535,0.689169264,0.7024383137960744
ja507269n_si_002_clean,27.33946,23.18439,27.33946,0.358752,1494.97,4167.13,0.0,0.0,0.865,2.41113,0.0,1,0.003228271,0.321481023,0.3276876500667558
ja507947d_si_001_auto,17.5271,9.15991,17.51275,0.493165,2044.36,4145.4,0.0,0.0,0.8062,1.63475,0.000405544,0,0.002963471,0.299703428,0.31238527075782485
ja5111317_ja5111317_si_002_auto,21.37941,8.74134,21.37941,0.420413,1892.53,4501.6,0.0,0.0,0.8218,1.95474,0.000475722,1,0.003119856,0.306963189,0.30512795844975593
ja512311a_si_003_auto,11.88887,9.00529,11.09267,0.491487,2207.95,4492.38,0.0,0.0,0.8056,1.63911,0.0,0,0.002864855,0.303067818,0.2832354595240877
ja512311a_si_007_auto,11.3746,9.04299,10.93292,0.509598,2105.05,4130.81,0.0,0.0,0.8058,1.58125,0.0,0,0.001938898,0.189035786,0.20290144034970753
ja512437u_si_002_clean,5.46454,4.64589,5.42464,1.16038,1353.66,1166.57,0.0,0.0,0.522,0.449854,0.0,1,0.005403179,0.484597053,0.4919082683456327
ja512437u_si_003_clean,5.66684,4.62581,5.62433,1.17377,1371.36,1168.34,0.0,0.0,0.5236,0.446085,0.0,1,0.005403902,0.482404198,0.49116649257546746
ja512437u_si_004_clean,5.66299,4.65074,5.65798,1.30634,1428.94,1093.85,0.0,0.0,0.5386,0.412296,0.0,1,0.005205058,0.474742682,0.4829912091809687
ja512762r_si_002_auto,13.2428,11.09142,13.2428,0.709182,2154.21,3037.6,0.0,0.0,0.7414,1.04543,0.0,0,0.00207342,0.204585161,0.20132856408731703
ja512973b_si_002_auto,17.75046,8.47189,17.75013,0.458587,2258.74,4925.43,0.0,0.0,0.7852,1.71222,0.000436122,0,0.0032597,0.329953227,0.32346174027575914
ja512973b_si_003_auto,21.33814,8.58252,20.92518,0.403686,1883.32,4665.31,0.0,0.0,0.8204,2.03227,0.000495434,0,0.003121241,0.324224872,0.30827580427333345
ja512973b_si_004_auto,23.13451,12.211,23.13368,0.298536,1643.34,5504.68,0.0,0.0,0.864,2.89413,0.0,0,0.003108478,0.312261647,0.3155139871802745
ja512973b_si_005_auto,25.24149,10.49588,25.24149,0.291153,1600.36,5496.62,0.0,0.0,0.8684,2.98262,0.000686924,0,0.002970989,0.329756204,0.2994266503571956
ja5131269_si_002_clean,10.86981,8.81904,10.86239,0.665683,2359.22,3544.05,0.0,0.0,0.7502,1.12696,0.0,0,0.004332501,0.416286392,0.42308190867939177
ja5131269_si_003_clean,10.97224,8.95533,10.97224,0.663582,2332.5,3515.02,0.0,0.0,0.7592,1.14409,0.0,0,0.004631476,0.434777053,0.4490328927296522
ja5b00365_si_002_clean,21.77625,7.63115,21.77625,0.452533,2037.74,4502.96,0.0,0.0,0.826,1.82528,0.0,0,0.003481911,0.334782352,0.34547835379962916
ja5b02556_si_002_clean,4.73869,3.95041,4.3237,1.15657,768.798,664.724,0.0,0.0,0.4702,0.406548,0.0,0,0.009379587,0.73773276,0.7563197525683396
ja5b02897_si_003_clean,11.87679,10.79351,11.87679,1.06888,1595.23,1492.43,0.0,0.0,0.6484,0.606614,0.0,1,0.00305793,0.312015715,0.296295022650356
ja5b02999_si_003_clean,14.70244,11.79351,14.69456,0.775127,1933.94,2495.0,0.0,0.0,0.7872,1.01557,0.0,1,0.002151665,0.214735962,0.21257555898226926
ja5b02999_si_004_clean,14.69185,13.06998,14.68941,0.678878,1913.08,2818.01,0.0,0.0,0.7962,1.17282,0.0,1,0.002518071,0.245195238,0.25603456500134714
ja5b02999_si_006_clean,15.81495,13.61984,15.81495,0.591093,1861.23,3148.79,0.0,0.0,0.7794,1.31858,0.0,1,0.002628318,0.249487204,0.26860477061825627
ja5b02999_si_007_clean,19.24151,15.81933,18.17294,0.414726,1795.61,4329.62,0.0,0.0,0.8236,1.98589,0.0,1,0.003286698,0.339006192,0.3291038868813996
ja809985t_si_002_clean,22.77836,8.92569,22.41884,0.406231,1793.65,4415.34,0.0,0.0,0.8602,2.11751,0.0,0,0.0031698,0.319217799,0.31771262370293657
ja903726m_si_002_clean,12.24865,4.72993,12.24865,0.820334,2060.46,2511.73,0.0,0.0,0.6832,0.832831,0.0,0,0.002217423,0.223914299,0.2210288499406548
ja907023c_si_001_clean,9.61179,5.4202,9.50068,0.666698,1801.22,2701.7,393.55,590.296,0.69,1.03495,0.0,0,0.00377667,0.3718579,0.400171721184347
ja907023c_si_002_clean,9.7447,5.39631,9.52834,0.66078,1783.63,2699.29,403.357,610.425,0.6912,1.04604,0.0,0,0.003671415,0.368562398,0.3910426791809898
ja907023c_si_003_clean,9.71412,5.38216,9.47423,0.667627,1783.85,2671.92,384.965,576.618,0.6968,1.0437,0.0,0,0.003917011,0.378531604,0.4036498229395931
ja907023c_si_004_clean,9.71962,5.45923,9.49261,0.665822,1776.52,2668.16,388.062,582.832,0.695,1.04382,0.0,0,0.003859371,0.373133497,0.3995835981884656
JABMEF_clean,4.29453,3.62408,4.28019,1.76637,1054.03,596.719,0.0,0.0,0.558,0.315902,0.0,0,0.006308119,0.5616277,0.557069635091895
jacs.5b12516_ja5b12516_si_002_clean,8.05832,6.63779,8.05832,1.47307,1756.87,1192.66,0.0,0.0,0.6028,0.409213,0.000135771,1,0.001055166,0.107337503,0.1120310577425152
jacs.5b12516_ja5b12516_si_003_clean,8.53606,6.74383,8.51304,1.39796,1816.6,1299.47,0.0,0.0,0.6282,0.44937,0.0,1,0.00108814,0.106400311,0.10617279462889068
jacs.5b12516_ja5b12516_si_004_clean,8.49651,6.78307,8.47146,1.40015,1810.97,1293.41,0.0,0.0,0.6308,0.450522,0.0,1,0.001019994,0.10601708,0.09778891323031141
jacs.5b13491_ja5b13491_si_002_clean,10.00499,6.00632,8.35178,0.770104,1492.72,1938.34,566.054,735.036,0.688,0.893386,0.0,1,0.00483419,0.458452018,0.45008715808959265
jacs.6b01345_ja6b01345_si_001_clean,20.28746,11.03087,20.28746,0.706861,1313.51,1858.23,15.0052,21.228,0.6976,0.986898,0.0,1,0.010364543,0.630961793,0.6654542057785666
jacs.6b01663_ja6b01663_si_003_clean,27.62636,19.6462,27.62636,0.319125,1432.79,4489.74,0.0,0.0,0.874,2.73874,0.0,1,0.002795395,0.29376479,0.28900833864453157
jacs.6b02030_ja6b02030_si_002_clean,9.27827,8.57062,9.27827,1.61278,1536.21,952.52,0.0,0.0,0.6184,0.383437,0.0,1,0.002344026,0.234423093,0.2164323826619456
jacs.6b02030_ja6b02030_si_003_clean,9.33807,8.65245,9.33807,1.33968,1588.12,1185.45,0.0,0.0,0.6278,0.468619,0.0,1,0.00345282,0.332339487,0.31888806595520963
jacs.6b04608_ja6b04608_si_003_clean,17.74549,10.18366,17.61731,0.472151,1971.53,4175.64,0.0,0.0,0.8228,1.74266,0.000423593,0,0.002540577,0.258790926,0.25729352932445904
jacs.6b06759_ja6b06759_si_002_clean,14.81093,8.19624,14.81093,0.576281,2199.59,3816.87,0.0,0.0,0.7704,1.33685,0.000347053,0,0.003381576,0.331748943,0.3240444902279983
jacs.6b06759_ja6b06759_si_003_clean,15.38405,7.99425,15.37857,0.667947,2168.98,3247.23,0.0,0.0,0.7722,1.15608,0.000299425,0,0.002298254,0.229670819,0.23328061311825693
jacs.6b06759_ja6b06759_si_004_clean,15.4905,7.85668,15.48477,0.558595,2165.23,3876.2,0.0,0.0,0.7746,1.38669,0.000358041,0,0.002666515,0.272716654,0.2637795710018276
jacs.6b08724_ja6b08724_si_009_clean,28.38912,26.8915,28.38912,0.324235,1424.57,4393.62,0.0,0.0,0.8668,2.67337,0.0,1,0.003758682,0.359011943,0.36565636752335323
jacs.6b08724_ja6b08724_si_014_clean,28.056,26.5894,28.056,0.284192,1417.0,4986.05,0.0,0.0,0.8798,3.09579,0.0,1,0.004575345,0.426393563,0.43297825053109334
jacs.6b08724_ja6b08724_si_016_clean,28.19813,26.70296,28.19813,0.327356,1415.91,4325.28,0.0,0.0,0.8786,2.68393,0.0,1,0.003546139,0.361230237,0.3478032026120922
JADBIC_clean,6.8732,4.88929,6.87248,1.16013,1658.2,1429.33,0.0,0.0,0.5776,0.497877,0.0,1,0.00342488,0.338544413,0.3197484360517171
JADJOQ_clean,5.63389,5.12978,5.62594,1.03186,2420.1,2345.38,0.0,0.0,0.6734,0.65261,0.0,1,0.003778699,0.36864252,0.369611829863038
JADMAF_clean,5.40649,3.68585,5.39971,1.18993,400.217,336.338,47.5494,39.9599,0.4748,0.399016,0.0,1,0.002731201,0.234171889,0.21848572657338178
JAFPIQ_clean,7.18163,6.66781,7.16788,1.29779,1736.11,1337.74,0.0,0.0,0.6626,0.51056,0.0,1,0.001054787,0.103356855,0.114496849024678
JAKBIJ_clean,5.97609,4.07891,5.95911,0.794839,2068.46,2602.36,0.0,0.0,0.6772,0.851997,0.0,0,0.002343512,0.224304785,0.23404210194536942
JAKBOP01_clean,5.57699,4.27379,5.57277,0.833702,1977.55,2372.01,0.0,0.0,0.6608,0.792609,0.0,0,0.002118491,0.21712881,0.20578076899689618
JAKBOP_clean,5.76914,4.18918,5.68942,0.806983,2029.2,2514.56,0.0,0.0,0.6692,0.829261,0.0,0,0.002244722,0.230490118,0.2216341408463553
JAKBUV_clean,5.57167,3.71325,5.56165,0.804799,1950.58,2423.69,0.0,0.0,0.669,0.831263,0.0,0,0.002058119,0.200224792,0.19918340570021054
JALCAD_clean,10.23917,5.38907,7.72274,0.840589,1476.7,1756.74,567.482,675.1,0.661,0.786353,0.0,1,0.004755,0.470184174,0.4516997711959743
JALLOA_clean,21.13684,18.33831,21.13684,0.755302,1118.2,1480.46,7.09089,9.38816,0.8308,1.09996,0.00158877,1,0.001130276,0.119339485,0.16452708687067946
JALTUL_clean,4.54107,3.68666,4.49534,0.520686,2635.05,5060.73,0.0,0.0,0.6792,1.30443,0.0,0,0.002466175,0.221398597,0.26526015715039236
JASNAT_clean,4.78374,3.98828,4.76573,1.2488,1042.64,834.91,0.0,0.0,0.5318,0.425847,0.0,0,0.007799674,0.695010812,0.6630531089476063
JAVSUV_clean,5.63959,3.43313,5.63872,1.69188,1126.3,665.708,0.0,0.0,0.4934,0.291628,0.0,0,0.004414179,0.392054,0.38025513052247567
JAVTEG_clean,6.01685,3.69212,6.01685,1.47606,1556.57,1054.55,0.0,0.0,0.549,0.371936,0.0,0,0.003934516,0.373746828,0.37555980128636623
JEDJUY_clean,5.0551,4.14906,5.0551,1.66961,1339.59,802.333,0.0,0.0,0.4474,0.267966,0.0,1,0.003669171,0.352091729,0.32646459822148965
JEDKEJ_clean,11.82785,6.92938,11.82019,0.805938,1577.17,1956.93,0.028495,0.0353563,0.6606,0.819666,0.0,0,0.001395696,0.137285379,0.1460109776778603
JEJWOL_clean,9.81493,7.51137,9.63023,0.647443,2248.07,3472.22,0.0,0.0,0.754,1.16458,0.0,1,0.002896322,0.2987315,0.2872835260820189
JELPAS_clean,6.6136,5.51475,6.6136,2.20984,1180.92,534.391,0.0,0.0,0.4712,0.213228,0.0,1,0.00312484,0.290647255,0.276461650430442
JENKET_SL,12.8466,11.09496,12.83423,0.704786,1452.89,2061.46,0.0,0.0,0.6858,0.973062,0.0,1,0.003080723,0.285108426,0.2990194434089131
JENKIX_SL,9.92059,7.48583,9.85803,1.01231,1221.66,1206.81,0.0,0.0,0.5698,0.56287,0.0,1,0.003057539,0.283638723,0.2869074571325041
JETZAK_clean,6.92889,6.03574,6.92889,0.751805,1979.79,2633.39,0.0,0.0,0.6492,0.863522,0.0,1,0.005346934,0.50475582,0.5168747223132729
j.ica.2016.05.002_2_clean,7.92311,7.02117,7.40406,1.04215,1506.32,1445.4,0.0,0.0,0.5762,0.552895,0.0,1,0.002813886,0.280895625,0.2707408757128581
j.ica.2016.08.030_3_clean,5.42105,4.17711,5.42004,0.867442,2120.17,2444.17,0.0,0.0,0.6348,0.731807,0.0,1,0.004953691,0.477483096,0.48123268100315847
JILWIL_clean,8.24655,3.54646,8.24655,1.48902,1339.88,899.835,0.0,0.0,0.545,0.366011,0.0,0,0.003675713,0.346859494,0.3289987147572848
JILWOR_clean,10.37997,3.63188,10.37997,1.43849,1318.22,916.388,0.0,0.0,0.5592,0.38874,0.0,0,0.003112327,0.296547635,0.29361201617649274
j.inoche.2015.01.025_INC05862-mmc2_clean,4.92906,3.897,4.88525,1.27844,1610.15,1259.46,0.0,0.0,0.5778,0.451957,0.0,0,0.00825788,0.716417366,0.7304161316808613
j.inoche.2015.03.028_inc05925-mmc2_clean,5.98483,4.5721,5.97294,0.945356,2162.97,2287.99,0.0,0.0,0.6338,0.670435,0.0,0,0.007208622,0.672443965,0.6642162482382791
j.inoche.2015.12.019_1_clean,6.46265,4.53541,6.46076,1.0284,1784.75,1735.46,0.0,0.0,0.5772,0.561258,0.0,0,0.006162831,0.592992192,0.5794446736197668
JISVAJ_clean,8.23303,6.49522,8.23303,0.862534,2413.26,2797.87,0.0,0.0,0.71,0.823156,0.0,1,0.002848336,0.268555861,0.28698984503157365
JITPOS_SL,5.87095,4.85353,5.87048,1.43918,1047.46,727.817,0.0,0.0,0.485,0.336998,0.0,1,0.002211419,0.213101884,0.20250240884592668
JITQEI_clean,4.74821,3.43684,4.74019,0.96574,1149.8,1190.59,1.38371,1.4328,0.5672,0.587322,0.0,1,0.003214857,0.319288602,0.31530938350471654
JIVFUQ_clean,6.2294,5.27198,6.22457,1.14554,1736.51,1515.89,0.0,0.0,0.6318,0.55153,0.0,0,0.004785631,0.451625719,0.4421279432699017
JIVHIG_clean,5.86134,3.79303,5.86134,0.999234,920.272,920.978,0.0,0.0,0.4348,0.435133,0.0,1,0.003497566,0.32199499,0.3118846066856036
JIVSEN_clean,4.65844,4.22522,4.64209,1.94999,466.538,239.251,0.0,0.0,0.392,0.201026,0.0,1,0.001494589,0.140786247,0.1246841371768615
JIXWUJ02_clean,4.89442,3.8959,4.88243,1.64878,881.814,534.829,0.0,0.0,0.4588,0.278267,0.0,0,0.001644623,0.15898874,0.16595800169210467
JIXWUJ_clean,4.9428,3.96901,4.93448,1.63196,890.669,545.765,0.0,0.0,0.469,0.287384,0.0,0,0.001727653,0.15968012,0.16803526346032044
JIZJAF_clean,10.25461,9.82723,10.24056,1.07189,1137.99,1061.67,0.0,0.0,0.5772,0.538489,0.0,0,0.001588941,0.160458062,0.16425204481727673
JIZJEJ_clean,10.34811,9.92334,10.34811,1.06947,1137.02,1063.16,0.0,0.0,0.5768,0.53933,0.0,0,0.001526385,0.157607559,0.16319232604103806
JIZWEW_clean,6.00475,5.39741,6.00471,1.02738,1409.26,1371.7,0.0,0.0,0.5578,0.542934,0.0,0,0.00301218,0.291155543,0.3019730228698204
JIZWIA_clean,5.73459,5.3907,5.73388,1.0417,1399.8,1343.76,0.0,0.0,0.5588,0.536429,0.0,0,0.003371262,0.304529788,0.32564453798222415
JIZWOG_clean,5.77811,5.24857,5.77811,1.0286,1416.31,1376.93,0.0,0.0,0.5656,0.549873,0.0,0,0.003255672,0.316643144,0.3150560333030614
j.jssc.2014.11.015_mmc2_clean,5.22329,3.73672,5.11659,0.962226,1097.58,1140.67,0.0,0.0,0.5588,0.580737,0.0,0,0.010657572,0.866610268,0.8933234745451231
j.jssc.2015.05.012_mmc6_clean,5.19284,3.47327,4.97212,1.17487,1114.95,948.996,0.0,0.0,0.5544,0.471883,0.0,1,0.004266843,0.386640181,0.4102951265951555
j.jssc.2016.09.008_mmc8_clean,4.48976,3.77657,4.48976,1.63203,829.111,508.026,0.0,0.0,0.4792,0.293623,0.0,1,0.00255899,0.254788226,0.2296370492368947
JOCWIJ_clean,13.89765,5.51402,13.89722,0.824207,1875.6,2275.65,13.4154,16.2767,0.735,0.891766,0.0,1,0.001792034,0.169404572,0.1817221868634447
JOFKIA01_clean,6.88318,5.09054,6.88318,1.58969,1147.61,721.91,0.0,0.0,0.53,0.333399,0.0,1,0.001815585,0.16880458,0.16565373911260994
JOFKIA_clean,6.957,5.13094,6.957,1.57886,1125.97,713.155,0.0,0.0,0.5264,0.333406,0.0,1,0.001666347,0.167309751,0.1593319476131262
JOGHIY_clean,4.7279,3.83843,4.69154,1.03019,1565.61,1519.72,0.0,0.0,0.5608,0.544364,0.0,1,0.002839071,0.271838066,0.28184531932792517
JOGSAA_clean,12.97631,9.4474,12.86758,0.420776,1989.54,4728.27,0.0,0.0,0.8226,1.95496,0.0,1,0.003129917,0.29768161,0.30883183817214743
JOHFIW_manual,6.80122,6.39579,6.80122,1.29813,1554.38,1197.39,0.0,0.0,0.5754,0.443252,0.0,0,0.005041374,0.468866553,0.48632896859987823
JOJKUQ_clean,18.63152,8.76045,18.62188,0.609363,1817.58,2982.76,0.0,0.0,0.7992,1.31153,0.0,0,0.003013804,0.292186954,0.3117964282415676
JOKXAI10_clean,4.67354,3.99704,4.67354,1.55632,737.434,473.833,0.0,0.0,0.5056,0.32487,0.0,1,0.000833713,0.081888163,0.08617380865475838
JOKXUC10_clean,4.62045,3.87167,4.62045,1.57557,703.325,446.394,0.0,0.0,0.499,0.31671,0.0,1,0.000887452,0.082813231,0.09021020261464102
JOKXUC_clean,4.54485,3.93734,4.54439,1.57557,692.186,439.324,0.0,0.0,0.4938,0.31341,0.0,1,0.000796097,0.077971398,0.08670467878751786
JOKYIR10_clean,5.00078,3.76275,4.99703,1.55706,710.679,456.424,0.0,0.0,0.5092,0.327027,0.0,1,0.00084638,0.080843718,0.0838844960778577
JOKYOX10_clean,4.99892,3.69875,4.99892,1.57161,677.229,430.914,0.0,0.0,0.5068,0.322472,0.0,1,0.000812986,0.078236636,0.07893790198132633
JONKEE_clean,8.42508,3.57402,8.42508,1.22571,1377.6,1123.92,1.48432,1.21099,0.6092,0.497019,0.0,1,0.002137086,0.206895649,0.19605622153702135
JOQSOZ_clean,6.10079,4.1274,6.09895,1.15948,1782.04,1536.94,0.0,0.0,0.5942,0.512473,0.0,1,0.002472991,0.236584593,0.24844334142967842
JOQZUM_clean,5.68246,5.15937,5.6766,1.419,1065.4,750.809,34.7517,24.4903,0.522,0.367865,0.0,1,0.000910373,0.092127744,0.10012224626274724
JORLEJ_clean,9.51377,6.43314,9.51377,0.798695,1989.75,2491.25,0.0,0.0,0.6678,0.836114,0.0,1,0.003440453,0.331359416,0.34644525409047
JORRAL_clean,6.90146,4.37137,6.90002,0.999683,1472.23,1472.69,0.0,0.0,0.5752,0.575382,0.0,1,0.006345643,0.575101783,0.5695887835835393
JORSEQ_clean,4.96868,3.55075,4.83089,1.43147,797.865,557.376,0.0,0.0,0.4912,0.343145,0.0,1,0.008147787,0.637907887,0.6443342081090917
JORVET_clean,10.62231,4.72909,10.62231,0.840025,2012.33,2395.56,0.0,0.0,0.6632,0.789501,0.0,1,0.005264682,0.502489773,0.4868960968234762
JOSNAG01_clean,4.34391,3.48794,4.33354,1.48639,790.023,531.506,0.0,0.0,0.5002,0.336521,0.0,1,0.002090117,0.196582471,0.19548791445209945
JOSNAG_clean,4.31831,3.47722,4.26587,1.49368,756.727,506.618,0.0,0.0,0.503,0.336751,0.0,1,0.001944909,0.193184015,0.19425729196805314
JOVXEZ_clean,4.48882,3.73021,4.48882,1.13994,1278.34,1121.41,0.0,0.0,0.558,0.4895,0.0,1,0.003828478,0.364254831,0.3605583379191983
JOVYAW_clean,4.37224,3.52862,4.37224,1.32069,1193.38,903.605,0.0,0.0,0.5232,0.396155,0.0,1,0.006385565,0.568666395,0.5772795666469166
JOYKUF_clean,15.8468,15.75155,15.8468,0.656923,1385.91,2109.7,0.0,0.0,0.7706,1.17304,0.0,1,0.002650276,0.267625834,0.2550907500539066
jp102463p_si_004_clean,7.69309,7.15133,7.69309,1.0015,1823.95,1821.21,0.0,0.0,0.6478,0.646828,0.0,0,0.004121595,0.405534326,0.3959318762440623
jp2064408_si_002_clean,12.93309,6.73336,12.93309,0.876804,2105.23,2401.03,0.0,0.0,0.7182,0.819111,0.0,1,0.005618203,0.500647159,0.5042207078955243
jp209895d_si_002_clean,5.49532,3.6076,5.46456,1.0177,1748.28,1717.87,0.0,0.0,0.5898,0.57954,0.0,1,0.008090996,0.712775407,0.7351171683676936
JUFREJ_clean,6.336,6.00289,6.33424,2.30777,537.799,233.038,0.0,0.0,0.3782,0.163881,0.0,1,0.000641555,0.059736718,0.07004632489043511
JUGQOT_clean,6.35365,5.03774,6.35365,1.16137,2402.86,2068.99,0.0,0.0,0.662,0.570019,0.0,1,0.00278406,0.277849175,0.26192684565353563
JUJMOS_clean,10.00436,3.46125,9.10166,1.00404,871.243,867.739,634.245,631.694,0.6146,0.612128,0.0,0,0.004180516,0.392870603,0.4457474882117659
JUJTAL_clean,5.88047,3.45324,5.88047,1.10464,953.649,863.311,0.0,0.0,0.5102,0.461869,0.0,1,0.008032662,0.699841395,0.6758392404574989
JUMCOL_clean,7.85155,7.4129,7.84422,0.988066,1824.14,1846.18,0.0,0.0,0.6392,0.646921,0.0,0,0.003786958,0.381833598,0.36938198909701714
JUMCUR_clean,6.66565,6.12054,6.47961,1.03261,1670.88,1618.12,0.0,0.0,0.6176,0.598098,0.0,0,0.004153031,0.389854736,0.40470946432573845
JUMDAY_clean,6.08117,5.71486,6.04254,1.0654,1666.94,1564.61,0.0,0.0,0.599,0.562229,0.0,0,0.004371232,0.428074162,0.4183038024432663
JUMDEC_clean,6.63074,6.11727,6.62182,1.03639,1700.67,1640.96,0.0,0.0,0.617,0.595335,0.0,0,0.00426664,0.407913118,0.42315287364361465
JUQVAU_clean,7.11924,4.2578,6.73222,1.25075,1718.51,1373.98,0.35167,0.281167,0.5804,0.464042,0.0,1,0.003668856,0.352200884,0.34872532117473987
JURKIS_clean,7.21804,4.89996,7.21804,1.05199,1093.71,1039.66,0.0,0.0,0.5258,0.499814,0.0,1,0.001835201,0.173053741,0.17139286446697155
JUSBAC_clean,5.9515,3.58022,5.94467,1.69538,782.353,461.462,0.0,0.0,0.4474,0.263894,0.0,1,0.004366116,0.354709302,0.3541917676267303
JUSKAL_clean,5.98148,5.50358,5.98148,1.39089,683.78,491.614,0.0,0.0,0.4456,0.320371,0.0,1,0.001730926,0.15701389,0.16699459751971618
JUVROJ_clean,5.07744,3.63748,5.07744,1.35621,1447.17,1067.07,0.0,0.0,0.563,0.415127,0.0,0,0.004809147,0.450654772,0.4499816537191283
JUXFOZ_clean,6.56163,5.01898,6.56163,0.789798,2685.32,3400.01,0.0,0.0,0.699,0.885037,0.0,1,0.005352989,0.508457898,0.5203675646270001
JUYJIY_clean,8.93591,6.40725,8.93528,0.861374,1865.56,2165.8,0.0,0.0,0.6744,0.782935,0.0,0,0.003545601,0.363320882,0.33958205927532226
JUYROM_clean,6.54798,4.58648,6.32354,0.991599,1825.87,1841.34,0.0,0.0,0.6014,0.606495,0.0,0,0.006054016,0.57452124,0.5647527995402214
jz4002345_si_003_clean,8.23229,4.10889,8.23229,1.21659,1653.43,1359.07,0.0,0.0,0.5956,0.489565,0.000164394,0,0.003505482,0.326135011,0.3327266361759075
jz4002345_si_006_clean,8.7001,4.17817,8.7001,1.56011,1731.24,1109.69,0.0,0.0,0.5976,0.383051,0.000256393,0,0.002594134,0.240782071,0.25517482259229274
KABNIL_clean,4.822,3.60721,4.822,1.40695,1317.06,936.108,0.0,0.0,0.5446,0.387078,0.0,1,0.005423879,0.493924775,0.4927254253165492
KABXIW_clean,5.62028,4.9456,5.38973,1.141,1960.49,1718.22,0.0,0.0,0.6228,0.545837,0.0,1,0.004378309,0.408989929,0.41159594689981327
KABXOC_clean,5.507,4.94994,5.35679,1.19591,1938.76,1621.16,0.0,0.0,0.616,0.51509,0.0,1,0.004685969,0.422640976,0.43730775018719353
KACZEV_clean,9.80506,5.54909,9.77983,0.780304,2624.36,3363.25,0.0,0.0,0.7202,0.922973,0.0,1,0.005593985,0.513741044,0.5323463806374031
KADLOT_clean,9.00309,8.54299,8.9671,0.97843,1897.63,1939.47,0.0,0.0,0.6736,0.68845,0.0,1,0.003355562,0.33080431,0.32359197385915744
KADLUZ_clean,14.27976,9.75466,14.27887,0.875377,1931.83,2206.85,0.0,0.0,0.6958,0.794857,0.0,1,0.00379174,0.358424826,0.35673393995564917
KAGVUL_clean,6.24779,5.74251,6.24779,3.24848,1430.81,440.455,0.0,0.0,0.5524,0.170049,0.0,1,0.001426669,0.13196612,0.1174612652327035
KAGWEW_clean,10.78843,9.81151,10.76706,1.6648,1720.66,1033.55,0.0,0.0,0.7082,0.425396,0.0,1,0.000853731,0.086027107,0.05458512297806817
KAHMOW_clean,5.20373,4.91346,5.20373,1.50927,221.957,147.062,328.828,217.872,0.4508,0.298686,0.0,1,0.009145734,0.5276806,0.5563857861963533
KAHNOX_clean,6.67271,5.40663,6.66794,1.08519,2578.11,2375.72,0.0,0.0,0.741,0.682828,0.0,1,0.000811933,0.072399818,0.08181027378406769
KAHPUE_clean,5.5467,4.52994,5.5467,1.10879,1597.49,1440.76,0.0,0.0,0.5904,0.532473,0.0,1,0.001947285,0.199875297,0.206646156868044
KAHYEY_clean,3.89651,3.5765,3.89651,1.95338,467.631,239.396,0.0,0.0,0.401,0.205285,0.0,1,0.001723866,0.169388769,0.154932202529584
KAHYID_clean,8.93039,4.11514,8.89727,1.11173,2249.06,2023.03,0.0,0.0,0.7014,0.630911,0.0,1,0.001585013,0.158474643,0.16413596149997672
KAHYOJ_clean,8.86827,4.20402,8.86827,1.11868,2254.43,2015.26,0.0,0.0,0.7004,0.626094,0.0,1,0.001707025,0.158509821,0.1730322625009847
KAKCAD_clean,9.06904,5.14285,6.93826,0.88724,1840.24,2074.12,0.0,0.0,0.6138,0.691809,0.0,1,0.003946902,0.381317406,0.3877493024501765
KAKCEH01_clean,8.87027,8.43287,8.86098,1.05825,1407.83,1330.34,0.0,0.0,0.5852,0.55299,0.0,0,0.002505807,0.250497446,0.24682773226092303
KAKCEH02_clean,9.05571,8.66764,9.05571,1.03977,1417.11,1362.9,0.0,0.0,0.5874,0.564931,0.0,0,0.002451244,0.239127878,0.2501124888938766
KAKCEH_clean,9.06296,8.67891,9.0551,1.03141,1421.05,1377.78,0.0,0.0,0.5742,0.556714,0.0,1,0.002565826,0.247355981,0.24978058211970985
KALFEK_clean,6.54196,4.56831,6.52391,0.938074,1723.71,1837.5,0.0,0.0,0.6008,0.640461,0.0,0,0.006347547,0.597335523,0.5873580950794586
KALFOU_clean,6.46523,4.80891,6.4631,0.94279,1718.26,1822.53,0.0,0.0,0.5936,0.629621,0.0,0,0.006651968,0.631642595,0.6014756027776925
KALGAH_clean,6.33471,4.78818,6.33036,0.937811,1809.34,1929.33,0.0,0.0,0.5982,0.637868,0.0,0,0.006660635,0.60554277,0.6112216442303648
KALGEL_clean,6.46285,4.62415,6.46285,0.930333,1709.53,1837.55,0.0,0.0,0.6066,0.652024,0.0,0,0.006020484,0.574250503,0.5623790657650608
KANDIO_clean,6.34814,4.18035,6.34814,1.16715,1258.72,1078.45,0.0,0.0,0.5426,0.464892,0.0,1,0.006021051,0.540911139,0.5276044616347331
KANMIX_clean,9.77148,3.95127,9.76981,1.08328,1654.63,1527.42,0.0,0.0,0.6392,0.590057,0.0,1,0.004792638,0.436164962,0.4403751523222053
KARLUM_clean,12.53415,7.4934,12.53415,0.637007,2138.43,3357.0,0.0,0.0,0.7386,1.15949,0.0,0,0.003508783,0.350142095,0.34344880633719166
KARNAU_clean,15.53234,10.48172,15.53234,0.459782,1976.67,4299.13,0.0,0.0,0.8028,1.74604,0.0,0,0.004193257,0.406280533,0.3930896406559512
KASRAZ_clean,6.01546,4.14091,6.00986,0.986437,2302.7,2334.36,0.0,0.0,0.6452,0.654071,0.0,1,0.004739345,0.463420251,0.4534849450062132
KASRED_clean,7.65199,6.36839,7.38295,0.889824,2356.91,2648.74,0.0,0.0,0.6808,0.765095,0.0,1,0.00456794,0.428652198,0.4392166793664834
KAVGAQ_clean,5.26252,4.91537,5.26252,1.15534,1485.59,1285.85,0.0,0.0,0.5246,0.454067,0.0,0,0.007496953,0.617901111,0.6635360890681075
KAVJEX01_clean,9.52843,6.46475,9.52268,1.03139,1993.36,1932.71,0.0,0.0,0.6454,0.62576,0.0,0,0.00156418,0.153282295,0.17156831336025252
KAVJEX_clean,8.73636,5.24821,8.73636,1.1563,1804.89,1560.92,0.0,0.0,0.605,0.523221,0.0,0,0.001907686,0.181061629,0.19011126921502858
KAVKIC_clean,5.02071,3.4738,5.02071,2.5731,618.391,240.329,0.0,0.0,0.3932,0.152812,0.0,1,0.001924828,0.160292959,0.15949196902524604
KAVNIH_clean,8.43697,7.72021,8.43697,1.03874,1070.95,1031.01,0.0,0.0,0.5158,0.496565,0.0,0,0.00355821,0.320337065,0.3109047260392975
KAVTEI_clean,5.69693,3.84932,5.6869,1.19116,1393.16,1169.59,0.886343,0.744103,0.5548,0.465766,0.0,0,0.004151005,0.397735275,0.3922943959980536
KAWBOB_clean,7.62136,6.38807,7.35051,1.08418,1533.97,1414.86,0.0,0.0,0.5764,0.531645,0.0,1,0.002733557,0.276417547,0.27175913371844307
KAWHEY_clean,18.21481,15.58526,18.21481,0.462868,1507.18,3256.18,0.0,0.0,0.8126,1.75558,0.0,1,0.002902188,0.281791437,0.29211462105860725
KAYBIX_clean,5.6946,5.49039,5.6894,1.21439,1338.7,1102.37,0.0,0.0,0.5044,0.415354,0.0,1,0.008504675,0.728514336,0.6987173302557944
KEBFII_clean,5.16866,4.1674,5.16866,1.42464,1443.53,1013.26,0.0,0.0,0.5604,0.393361,0.0,1,0.001928661,0.185493096,0.18621091183186123
KECRAL11_clean,6.17897,5.38709,6.17897,1.29095,2368.45,1834.65,0.0,0.0,0.7162,0.554784,0.0,0,0.002196166,0.220785786,0.19875096915450846
KEDJAG02_clean,5.64435,4.47405,5.63077,1.05807,3043.38,2876.34,0.0,0.0,0.6944,0.656287,0.0,0,0.002135134,0.209930233,0.2052857558049484
KEDJAG03_clean,5.73609,4.60094,5.73609,1.03985,3094.03,2975.45,0.0,0.0,0.6998,0.672979,0.0,0,0.002193057,0.211044737,0.21186176024448922
KEDJAG10_clean,5.6275,4.42824,5.62604,1.06272,3031.79,2852.86,0.0,0.0,0.692,0.651159,0.0,0,0.002121153,0.208887632,0.20549631958059933
KEDJAG16_clean,5.644,4.47445,5.6433,1.05807,3043.8,2876.74,0.0,0.0,0.6942,0.656098,0.0,0,0.002103177,0.210521439,0.2052857558049484
KEDJAG18_clean,5.65854,4.50803,5.65314,1.0548,3060.96,2901.94,0.0,0.0,0.6954,0.659272,0.0,0,0.001961368,0.209013463,0.19798251417089574
KEDJAG20_clean,5.67593,4.5303,5.67504,1.05131,3067.91,2918.19,0.0,0.0,0.6962,0.662224,0.0,0,0.002151113,0.212604643,0.2066158847977682
KEDJAG22_clean,5.70452,4.56197,5.70452,1.04697,3123.81,2983.66,0.0,0.0,0.6974,0.666112,0.0,0,0.002159102,0.211863638,0.2050510909487533
KEDJAG24_clean,5.73555,4.60029,5.7012,1.03985,3093.95,2975.36,0.0,0.0,0.6996,0.672786,0.0,0,0.002003311,0.211142606,0.19618935542087756
KEDJAG26_clean,5.76062,4.63585,5.58828,1.03565,3107.22,3000.25,0.0,0.0,0.7004,0.676287,0.0,0,0.002109169,0.211673892,0.20202103277473088
KEDJAG28_clean,5.787,4.68615,5.787,1.03012,3120.56,3029.31,0.0,0.0,0.7,0.67953,0.0,0,0.002191059,0.21449211,0.2107849656529001
KEDQAN_clean,6.47084,4.69781,6.47084,1.24227,903.446,727.254,0.0,0.0,0.4856,0.390897,0.0,0,0.004514036,0.414014235,0.3821531984377772
KEFBOO_clean,11.98728,8.05488,11.98728,0.72084,2302.73,3194.5,0.0,0.0,0.7462,1.03518,0.0,1,0.003832733,0.382424513,0.3716778792750761
KEFWAV_clean,4.19377,3.55017,4.10153,1.43831,578.428,402.157,0.568123,0.394992,0.4896,0.340399,0.0,1,0.003644677,0.349634159,0.3343481605821509
KEFWID_clean,5.1885,3.70567,5.1885,1.78935,815.911,455.982,0.0,0.0,0.4748,0.265348,0.0,1,0.003008626,0.271813395,0.2702449028529573
KEGZOL01_clean,6.43501,4.94371,6.43501,0.973544,2580.97,2651.11,0.0,0.0,0.724,0.743675,0.0,0,0.001952982,0.195784909,0.19154956137984924
KEGZOL04_clean,6.38911,4.90295,6.38911,0.984664,2559.58,2599.45,0.0,0.0,0.7106,0.721667,0.0,0,0.002052319,0.196204114,0.1931443933186227
KEGZOL_clean,6.39792,4.91247,6.39792,0.989226,2580.25,2608.35,0.0,0.0,0.72,0.727842,0.0,0,0.002034439,0.201465045,0.19309162381916456
KEHFUA_clean,4.97412,3.92327,4.96359,1.11198,578.781,520.497,332.856,299.337,0.5476,0.492456,0.0,1,0.004247871,0.391303036,0.39694399006939873
KEJBOQ_clean_h,5.17871,3.9347,5.17066,1.30921,1037.24,792.266,0.0,0.0,0.5384,0.411242,0.0,1,0.010030661,0.838987111,0.7807367276936245
KEJHIQ_clean_h,5.28754,3.98518,5.28525,1.29873,1052.26,810.224,0.0,0.0,0.5454,0.41995,0.0,1,0.009367598,0.783779041,0.7832992518163395
KENJEU_clean,6.20454,3.65645,6.19551,1.18024,913.968,774.393,4.05812,3.43839,0.5244,0.444317,0.0,1,0.002428319,0.236453625,0.23173919744906057
KEPPIF_clean,7.58494,5.23607,7.09943,1.25981,2380.78,1889.8,0.0,0.0,0.6804,0.540084,0.0,1,0.002154864,0.211468184,0.20634615601862288
KEQDER_clean,13.61666,6.49901,13.37179,0.543402,2314.06,4258.46,0.0,0.0,0.7794,1.4343,0.0,1,0.004459096,0.434719793,0.41334319740566106
KESGAS_clean,5.62194,5.11595,5.6016,1.12689,1067.74,947.506,0.0,0.0,0.5322,0.472273,0.0,1,0.004305966,0.393095128,0.3908951938420112
KETHEY02_clean,5.25403,3.55446,5.25403,1.49143,984.672,660.22,0.0,0.0,0.4862,0.325996,0.0,1,0.007684115,0.614652586,0.6116489223046411
KEVVIS_clean,6.50043,5.82364,6.50043,1.16086,1001.29,862.542,0.0,0.0,0.5192,0.447255,0.0,1,0.002694002,0.253828474,0.24043955583780188
KEVWUF_clean,9.52723,4.19884,9.52723,1.04193,2188.13,2100.07,0.0,0.0,0.7092,0.680658,0.0,1,0.001626701,0.161405728,0.16542558219571002
KEWBUL_clean,5.54329,4.14541,5.54329,1.48949,971.772,652.421,0.0,0.0,0.4996,0.335418,0.0,1,0.002862523,0.257948661,0.2468009899492106
KEWNUX_clean,10.50155,5.22557,10.50155,1.81291,2313.92,1276.36,0.0,0.0,0.6966,0.384245,0.0,1,0.000728445,0.068681979,0.08128379547444825
KEWZET_clean,6.38285,4.89652,6.37584,1.09177,1385.23,1268.79,0.0,0.0,0.5274,0.483068,0.0,1,0.003717537,0.357001856,0.34869322704085437
KEXFAU_clean,4.63469,3.96609,4.63178,0.913347,1885.16,2064.02,0.0,0.0,0.6022,0.659333,0.0,1,0.004718573,0.459618562,0.4638416227513512
KEXFIC10_clean,4.89247,3.74563,4.89153,1.59304,659.951,414.272,0.0,0.0,0.4988,0.313112,0.0,1,0.00078151,0.074761679,0.07408101103286113
KEYROX_clean,11.21887,3.60068,11.21229,0.939946,1552.8,1652.01,0.0,0.0,0.65,0.691529,0.0,0,0.001925075,0.184746436,0.18116899583561547
KIBDEF_clean,4.31904,3.92279,4.31686,2.00589,798.722,398.188,0.0,0.0,0.4762,0.2374,0.0,1,0.003644637,0.318669259,0.3279497953776997
KIBDIJ_clean,4.30909,3.88512,4.30289,2.07432,740.264,356.871,0.0,0.0,0.4854,0.234004,0.0,0,0.00337483,0.312165994,0.30197205654945924
KIDDIM_clean,5.26498,3.54235,5.26498,1.46293,1254.88,857.787,0.054983,0.0375841,0.5414,0.370079,0.0,1,0.005935169,0.511947191,0.5252903652939122
KIDDOS_clean,5.1988,3.52628,5.1988,1.34479,1175.14,873.846,0.0,0.0,0.5262,0.391287,0.0,1,0.008437148,0.708856287,0.7107055070896635
KIFKEQ_clean,5.10059,4.42412,5.07747,0.933293,1534.27,1643.94,0.0,0.0,0.5798,0.621241,0.0,1,0.008212051,0.73958686,0.7419787201258423
KIFWUT_clean,5.20547,3.53873,4.99626,1.38567,317.914,229.429,0.0,0.0,0.4078,0.294297,0.0,1,0.002225441,0.178562241,0.1645081932741393
KIJPUQ_clean,4.83597,4.0538,4.82906,1.04226,1795.93,1723.11,0.0,0.0,0.619,0.593902,0.0,1,0.004655558,0.452047197,0.46014399677866746
KIJRUS_clean,12.14192,7.10734,11.60914,0.697914,2309.15,3308.64,0.0,0.0,0.7064,1.01216,0.0,1,0.005437982,0.516045355,0.4965588071875059
KIKDAL_clean,6.22689,3.75929,6.04304,1.41993,422.344,297.441,0.0,0.0,0.4098,0.288607,0.0,0,0.001451067,0.140573312,0.1170310474312583
KIKFIV_clean,6.97244,5.06027,6.95895,1.05179,1573.15,1495.68,0.0,0.0,0.5538,0.52653,0.0,1,0.00333857,0.307716357,0.31992054672941383
KINFAQ_clean,7.6173,5.59807,7.60335,1.3531,1646.54,1216.86,0.0,0.0,0.602,0.444903,0.0,1,0.003710555,0.362530284,0.3484384361188331
KINFEU_clean,7.75525,5.37339,7.72099,1.46024,1528.12,1046.49,0.0,0.0,0.5768,0.395004,0.0,1,0.004343759,0.394017306,0.39078918903864845
KINNIG_clean,5.23856,4.20025,5.23856,0.934994,2808.15,3003.39,0.0,0.0,0.672,0.718721,0.0,0,0.005597337,0.553388096,0.5489531325492998
KINPUU_clean,5.05147,4.16271,5.05147,1.13092,540.779,478.177,0.321066,0.283899,0.472,0.41736,0.0,1,0.00291814,0.258729087,0.23922511858637327
KINRIK_clean,9.88966,4.92572,9.88966,1.29557,1990.08,1536.07,0.0,0.0,0.6774,0.52286,0.0,1,0.000929996,0.093782657,0.08831765169812722
KIPJIE_clean,6.98996,5.50834,6.97989,1.65051,1046.06,633.782,0.0,0.0,0.4498,0.272521,0.0,0,0.001533746,0.151640939,0.16845162940852376
KIPZEQ_clean,4.90958,4.0897,4.90138,1.27414,1102.16,865.023,0.0,0.0,0.4878,0.382847,0.0,1,0.005075609,0.460841597,0.47983428672619144
KIRFIA_clean,5.7578,4.65199,5.7578,1.02515,3140.54,3063.5,0.0,0.0,0.6918,0.674829,0.0,0,0.002122485,0.209654603,0.20196175233414748
KISVEO_clean,12.37009,6.46344,11.80655,2.21622,1903.3,858.806,0.0,0.0,0.6734,0.303851,0.0,1,0.001049424,0.109828426,0.08456277519000355
KIVDUQ_clean,6.26762,4.30044,6.26762,1.44826,1375.59,949.827,0.0,0.0,0.529,0.365266,0.0,1,0.00182644,0.174639986,0.175917907618388
KIVFAY_clean,6.23242,4.28797,6.23242,1.46353,1355.07,925.895,0.0,0.0,0.5256,0.359132,0.0,1,0.001839682,0.171922201,0.1747786416776772
KIYMIQ_clean,7.09051,6.95471,7.08404,1.0379,1177.89,1134.87,0.0,0.0,0.482,0.464398,0.0,1,0.005331385,0.490793768,0.47475535884718306
KIYQEQ_clean,5.83028,3.92148,5.83028,1.25472,1762.89,1405.01,0.0,0.0,0.5742,0.457633,0.0,1,0.006118626,0.572263224,0.5458226541272031
KIYQIU_clean,5.86454,4.0944,5.8642,1.28277,1638.51,1277.32,0.0,0.0,0.564,0.439672,0.0,1,0.006626252,0.623989862,0.5817279666936566
KIYQOA_clean,4.76031,3.94678,4.76031,1.3892,1043.7,751.292,0.0,0.0,0.5312,0.382377,0.0,1,0.007850881,0.667195313,0.6804353569039436
KIYTOD_clean,14.38752,6.75209,13.57035,0.794229,1901.95,2394.72,0.0,0.0,0.7144,0.899489,0.0,1,0.003372261,0.335891911,0.3251826341570879
KOBFIR_clean,7.61968,5.81939,7.61968,0.929894,1834.94,1973.28,0.0,0.0,0.6418,0.690186,0.0,0,0.004301308,0.414190494,0.41303310033129004
KOBRAV01_clean,6.38674,3.78902,6.38674,1.36238,822.472,603.704,0.0,0.0,0.4712,0.345866,0.0,1,0.002199015,0.211465387,0.19388943862907376
KOBRAV_clean,6.35889,3.80128,6.35889,1.36336,826.663,606.343,0.0,0.0,0.4722,0.34635,0.0,1,0.00226088,0.216221483,0.1985750621357424
KOCCUC_clean,9.17407,6.81795,9.17407,1.04186,1636.71,1570.96,6.29699,6.044,0.6142,0.589525,0.0,1,0.002723483,0.264811368,0.2660871826014717
KOCWEF_clean,8.13442,3.87575,8.10204,1.046,828.231,791.809,624.804,597.328,0.5872,0.561377,0.0,1,0.003473416,0.344008583,0.35946489921234237
KOFPEB01_clean,7.3154,5.12362,7.3154,1.77872,899.08,505.464,0.0,0.0,0.461,0.259175,0.0,0,0.001935636,0.177395685,0.17249788475174832
KOFPEB02_clean,7.34058,5.07386,7.34058,1.77151,892.32,503.707,0.0,0.0,0.46,0.259666,0.0,0,0.001901328,0.17886761,0.17305645625327504
KOFPEB04_clean,7.23942,4.91036,7.23942,1.7997,891.039,495.105,0.0,0.0,0.4576,0.254265,0.0,0,0.00203524,0.194004085,0.18732948772728736
KOFVOS_clean,5.23992,4.30833,5.23699,1.25499,1442.74,1149.6,0.0,0.0,0.543,0.432672,0.0,1,0.005391197,0.483152203,0.49612654991485694
KOGYIP_clean,5.27845,4.86254,5.27845,1.3895,794.839,572.034,0.0,0.0,0.4714,0.33926,0.0,1,0.001483823,0.144419437,0.13711110077800076
KOHDIW_clean,6.97684,4.55031,6.84951,0.806536,2130.46,2641.49,0.0,0.0,0.6532,0.809883,0.0,1,0.003744879,0.373656333,0.38020352144300246
KOHKIC_clean,9.61717,7.1473,9.61717,0.879264,1566.05,1781.09,99.4285,113.081,0.6478,0.736752,0.0,1,0.003717856,0.357188466,0.34831842997938245
KOHLIE_clean,6.85522,4.84816,6.83832,0.971676,1685.5,1734.63,0.0,0.0,0.5992,0.616666,0.0,1,0.003341001,0.321644446,0.3310505875178821
KOJTOU_clean,6.48228,4.55814,6.48011,1.0623,1935.66,1822.14,0.0,0.0,0.6082,0.57253,0.0,1,0.003593055,0.354076881,0.35975062446107653
KOJZEP_manual,15.61444,13.71841,15.61444,0.514247,2543.27,4945.62,0.0,0.0,0.7936,1.54323,0.0,1,0.003761007,0.364264076,0.380922091571452
KOJZIT_clean,16.19567,14.7503,16.19567,0.506406,2424.91,4788.47,0.0,0.0,0.7912,1.56238,0.0,1,0.004131357,0.412346033,0.4056153340859383
KOJZUF_clean,5.27662,4.93416,5.27372,1.16508,1131.52,971.191,0.0,0.0,0.5138,0.440998,0.0,1,0.003712683,0.352083677,0.3458617940138544
KOKKOL_clean,5.52004,3.68761,5.13882,1.35428,964.882,712.469,2.40449,1.77548,0.5008,0.369791,0.0,1,0.007025706,0.557152877,0.560514878301339
KOMDAT_clean,8.28379,7.41139,8.23195,0.998413,1202.66,1204.57,0.0,0.0,0.5776,0.578518,0.0,0,0.002831319,0.257589662,0.2691466718011374
KOMGUP_clean,4.68805,3.52352,4.66923,1.59631,799.407,500.784,0.0,0.0,0.5144,0.322243,0.0,0,0.005299223,0.47145767,0.46608256014339916
KOMVIT_clean,5.90535,4.58324,5.82203,1.08467,916.631,845.08,0.0,0.0,0.4426,0.408051,0.0,1,0.001935567,0.187278777,0.1784721227956217
KONYOB_clean,4.69642,3.80022,4.68366,1.36629,635.393,465.049,0.0,0.0,0.4666,0.341508,0.0,1,0.001095178,0.110434688,0.11313591862608496
KORNAI_clean,6.27152,3.95758,6.27152,1.38102,999.488,723.73,0.0,0.0,0.4722,0.34192,0.0,1,0.002316786,0.228778202,0.21522765230512736
KOSJEJ_clean,11.06598,9.80954,11.06598,1.1867,1573.29,1325.77,0.0,0.0,0.637,0.536783,0.0,1,0.002359599,0.242454537,0.23158753421933137
KOSJOT_clean,11.15761,9.87899,11.15761,1.18127,1568.08,1327.45,0.0,0.0,0.6374,0.539589,0.0,1,0.002420147,0.237626709,0.2461832600309038
KOSJUZ_clean,11.10045,9.86004,11.10045,1.1813,1571.58,1330.38,0.0,0.0,0.6394,0.541269,0.0,1,0.002382749,0.239726307,0.23262662363537814
KOSKAG_clean,11.20025,9.92421,11.20025,1.17831,1553.45,1318.38,0.0,0.0,0.64,0.543152,0.0,1,0.002466448,0.239281099,0.24834421488497527
KOSKEK_clean,11.20845,9.89743,11.20845,1.17889,1581.37,1341.4,0.0,0.0,0.6412,0.543901,0.0,1,0.002466448,0.238602604,0.24860038918332014
KOSKIO01_clean,11.01399,9.78872,11.01003,1.18277,1548.2,1308.96,0.0,0.0,0.6322,0.534508,0.0,1,0.002293708,0.222384593,0.23124353656632549
KOSKIO_clean,11.01742,9.84741,11.01742,1.18828,1532.31,1289.52,0.0,0.0,0.6324,0.5322,0.0,1,0.002486037,0.235101494,0.24656864868165934
KOSKUA_clean,11.38797,10.70957,11.38797,1.17105,1531.31,1307.64,0.0,0.0,0.6356,0.542761,0.0,1,0.002407681,0.246019757,0.24409600088594263
KOSLEL_clean,10.95857,9.85075,10.95857,1.20305,1607.72,1336.37,0.0,0.0,0.652,0.541956,0.0,1,0.002427441,0.240824966,0.24481804590772027
KOSLIP_clean,11.047,9.74411,11.047,1.19777,1578.73,1318.05,0.0,0.0,0.6514,0.543843,0.0,1,0.002402471,0.238911194,0.24116612114405572
KOSLOV_clean,11.06557,9.9584,11.06504,1.19415,1597.55,1337.81,0.0,0.0,0.6546,0.54817,0.0,1,0.002534455,0.247425964,0.24572604498990303
KOSMAI_clean,11.0184,9.87166,11.0184,1.18797,1537.56,1294.27,0.0,0.0,0.6322,0.532166,0.0,1,0.002373845,0.23275258,0.23058320686297315
KOTSIX_clean,5.60667,4.32453,5.60667,1.2413,1001.47,806.796,0.0,0.0,0.493,0.397165,0.0,1,0.001796022,0.168577847,0.1696614462687842
KOVJAI01_clean,4.82969,3.81832,4.82273,1.56913,1845.61,1176.2,0.0,0.0,0.5908,0.376513,0.0,1,0.002944665,0.281044114,0.27141321901881
KOVJAI_clean,5.14485,3.87668,5.14485,1.59025,1739.3,1093.73,0.0,0.0,0.5728,0.360194,0.0,1,0.00288787,0.272363132,0.2584008531740407
KOXFUA_clean,4.69443,3.97759,4.69443,1.13804,1028.96,904.147,0.0,0.0,0.5206,0.457451,0.0,0,0.003647355,0.343196099,0.346419364691427
KOXGAH_clean,5.583,3.66466,5.55273,1.2752,1155.67,906.265,0.0,0.0,0.5562,0.436166,0.0,1,0.003811858,0.338479189,0.34951776935011836
KOZNIY_clean,6.57194,5.24744,6.52017,1.04618,2076.22,1984.58,0.0,0.0,0.6344,0.606399,0.0,1,0.003169373,0.297770462,0.3060103873949209
KOZQEX_clean,22.4236,6.86083,22.4236,0.430914,1919.0,4453.33,0.0,0.0,0.8428,1.95584,0.0,1,0.003274511,0.324480691,0.3281822127643707
KUCDES_clean,14.56646,4.11545,14.56646,0.750237,763.373,1017.51,570.594,760.551,0.617,0.822407,0.0,0,0.002919776,0.273444328,0.32046274559770416
KUCDOD_clean,4.90891,3.62196,4.90891,1.35907,1386.6,1020.26,0.0,0.0,0.5556,0.40881,0.0,1,0.004954509,0.455384029,0.45686422495608237
KUDLUR_clean,7.15013,5.00794,7.15013,1.94765,848.423,435.613,0.0,0.0,0.4292,0.220368,0.0,0,0.001890024,0.177917164,0.18025493282407562
KUDMAY_clean,7.16272,5.01285,7.16272,1.93261,861.664,445.855,0.0,0.0,0.439,0.227154,0.0,0,0.001924051,0.178790915,0.18411421224788088
KUDWAJ_clean,7.33926,6.28305,7.32227,0.91185,1922.64,2108.5,0.0,0.0,0.6474,0.709985,0.0,1,0.003099356,0.297898116,0.309961558539822
KUFTAI_clean,6.13135,4.37055,6.10622,0.966131,1917.87,1985.1,0.0,0.0,0.596,0.616894,0.0,1,0.006455188,0.606114196,0.580183549361862
KUFVAK_clean,6.38663,4.81205,6.34996,0.850503,2611.85,3070.95,0.0,0.0,0.6758,0.794589,0.0,1,0.004471547,0.433849919,0.4268349984991009
KUGZIW_clean,10.78109,9.76034,10.78096,0.954298,1397.44,1464.37,0.0,0.0,0.6244,0.654303,0.0,1,0.003092913,0.30082918,0.29015527239660166
KUJMEJ_clean,4.61683,4.05372,4.60817,1.34015,2066.31,1541.85,0.0,0.0,0.6314,0.47114,0.0,1,0.004217669,0.411804884,0.4126979460451229
KUJMIN_clean,6.57892,5.89807,6.49701,1.10785,2422.79,2186.93,0.0,0.0,0.699,0.630954,0.0,1,0.00362423,0.342944479,0.35873587005249974
KUJNEJ_clean,12.51834,7.61249,12.51295,0.637007,2148.52,3372.84,0.0,0.0,0.739,1.16011,0.0,0,0.003589169,0.354921542,0.3566778421721445
KUJPAH_clean,10.82391,6.6625,10.80154,0.808261,1985.69,2456.74,0.0,0.0,0.6988,0.864572,0.0,1,0.003662671,0.33290973,0.35320129388567345
KUKMUA_clean,7.32298,5.66775,7.31573,1.18063,2218.14,1878.78,0.0,0.0,0.6574,0.556822,0.0,1,0.003756965,0.360470404,0.3576514081674215
KUKPOX_clean,5.10165,4.15013,5.10165,1.44975,1410.84,973.163,0.0,0.0,0.5516,0.38048,0.0,1,0.003849005,0.358353229,0.344548717593524
KUKZOH_clean,7.44729,5.70388,7.44729,0.883784,2165.19,2449.91,57.8203,65.4236,0.6614,0.748373,0.0,1,0.005369418,0.47412843,0.4940478202868167
KULLAG_clean,8.67819,7.37101,8.67819,0.808147,1895.46,2345.44,0.0,0.0,0.644,0.796885,0.0,1,0.003021783,0.284470072,0.30780530012690427
KULMEK_clean,13.21045,7.45311,13.20856,0.659951,2268.86,3437.92,0.0,0.0,0.7544,1.14311,0.0,0,0.002792782,0.276510731,0.27550452246602164
KULRIT_clean,5.77631,3.79148,5.77631,1.4748,1923.58,1304.31,0.0,0.0,0.5954,0.403717,0.000135612,1,0.003705961,0.367155759,0.3344358057604407
KUMGIK_clean,4.46757,3.79797,4.46575,1.34004,1684.26,1256.87,0.0,0.0,0.5592,0.417301,0.0,0,0.007687575,0.693590711,0.6784716201640625
KUMGOQ_clean,5.8077,3.86323,5.63808,1.72243,1551.26,900.621,0.0,0.0,0.5892,0.342074,0.0,1,0.001076281,0.11115646,0.10175146201071006
KUNMUD_clean,4.95062,4.13329,4.94762,1.10605,938.168,848.212,43.6274,39.4442,0.5178,0.468151,0.0,0,0.006302172,0.574041677,0.5592598480405602
KUNSUJ_clean,17.88791,6.52688,17.88791,0.635531,1938.63,3050.41,0.0,0.0,0.7634,1.2012,0.0,1,0.004298563,0.40526032,0.4021937481091186
KUNWEW_clean,5.28786,3.80654,5.2803,1.47108,725.981,493.502,0.0,0.0,0.4468,0.303722,0.0,1,0.002136682,0.193548893,0.18986723739032668
KUQWIE_clean,4.08788,3.51453,4.08434,2.15741,347.669,161.151,0.0,0.0,0.4,0.185408,0.0,1,0.002738427,0.223303248,0.21988395164259827
KUQXIE_clean,4.66467,3.81788,4.64797,2.25323,873.463,387.649,0.0,0.0,0.4358,0.193411,0.0,1,0.00306199,0.274397218,0.2709011906879776
KUSZED_clean,6.91176,5.48765,6.90468,1.05966,2714.41,2561.59,0.0,0.0,0.7606,0.717779,0.0,1,0.001131748,0.110389343,0.11573104740981605
KUTDAG_clean,8.09572,7.27616,7.85826,1.05444,1387.54,1315.9,115.306,109.353,0.5816,0.551571,0.0,1,0.004051491,0.380099621,0.37120524552291273
KUTRUO_clean,6.83473,3.59668,6.83473,1.18846,813.826,684.776,8.77654,7.38483,0.5106,0.429633,0.0,0,0.002049775,0.196111792,0.18864879222004194
KUVJIW_clean,5.68037,4.76623,5.68037,2.51192,1254.16,499.284,0.0,0.0,0.5368,0.213701,0.0,1,0.002181494,0.199107243,0.1848612084163455
KUVMIZ_clean,15.75075,11.00764,15.73688,0.361001,1774.59,4915.74,0.0,0.0,0.8214,2.27534,0.0,1,0.002796489,0.292662911,0.2848914737476823
KUVYAD_clean,7.7679,4.64075,7.76059,0.97417,2004.06,2057.19,0.0,0.0,0.6464,0.663539,0.0,1,0.003299945,0.336839767,0.32012709316181676
KUXLUL_clean,5.74302,5.27685,5.74302,1.21834,2265.85,1859.79,0.0,0.0,0.629,0.516277,0.0,1,0.004448881,0.419701036,0.41218040366375736
KUZPEC_clean,5.17179,3.98335,5.17179,1.18882,918.246,772.405,0.0,0.0,0.4884,0.410829,0.0,0,0.003765667,0.344143075,0.3388370828235651
KUZZAI_clean,6.29773,3.71971,6.29294,1.09675,1370.58,1249.67,0.0,0.0,0.5312,0.48434,0.0,1,0.005424022,0.498623883,0.4898059124694528
la304204k_si_003_clean,7.26398,5.93484,7.26398,0.928582,1704.47,1835.57,0.0,0.0,0.6226,0.670485,0.0,1,0.004285292,0.404188542,0.40999897311574457
LABJUV_clean,5.11712,3.55603,5.11324,2.35598,595.818,252.896,0.0,0.0,0.4426,0.187862,0.0,1,0.000695118,0.065303749,0.07521116793704763
LABNAG_clean,10.27364,5.56329,10.24469,1.27911,1762.02,1377.54,0.0,0.0,0.6464,0.505353,0.0,0,0.001675033,0.164635186,0.18134005675799286
LABNIO_clean,10.05627,4.99033,10.05627,1.27605,1802.46,1412.53,0.0,0.0,0.6588,0.51628,0.0,0,0.001870287,0.183171617,0.18334144218120174
LABPUB_clean,5.35903,3.85156,5.35903,1.74047,449.583,258.311,0.0,0.0,0.4336,0.249128,0.0,1,0.000514163,0.051585442,0.04601099132151737
LACBID_clean,10.30601,6.64118,10.28692,0.805914,2114.88,2624.2,0.0,0.0,0.7002,0.868827,0.0,1,0.002763887,0.280679094,0.27889246713384436
LACGED_clean,5.2733,3.44165,5.13632,1.92322,520.432,270.604,0.0,0.0,0.4068,0.21152,0.0,1,0.005716508,0.391201836,0.45788066560592977
LACQIS_clean,6.42465,5.40382,6.41795,0.966783,2295.27,2374.13,0.0,0.0,0.6476,0.669851,0.0,1,0.003381902,0.337955547,0.3312358908054521
LADHIJ_clean,6.31369,5.23329,6.31062,1.05952,1841.47,1738.01,0.0,0.0,0.633,0.597438,0.0,1,0.0048855,0.476202265,0.460669333056979
LADKEJ_clean,5.28453,4.80173,5.27514,1.43501,1453.93,1013.18,0.0,0.0,0.553,0.385362,0.0,0,0.004351669,0.389539543,0.40543331465844723
LADQEP_clean,6.40577,5.56715,6.25288,1.14819,702.645,611.957,670.065,583.581,0.5642,0.49138,0.0,1,0.004171199,0.388330333,0.4152586260967972
LADQOZ_clean,6.39416,5.57332,6.29797,1.14467,684.064,597.606,672.069,587.128,0.5646,0.493241,0.0,1,0.00419626,0.38672508,0.4153366526206552
LADQUF_clean,6.36601,5.5234,6.1979,1.16657,696.584,597.122,678.849,581.92,0.5602,0.480212,0.0,1,0.004300883,0.383134574,0.4249879324038437
LAFFEG02_clean,5.85231,3.84033,5.85188,1.01925,1457.17,1429.65,0.0,0.0,0.5954,0.584153,0.0,1,0.004898738,0.445733043,0.4519279833199705
LAFFEG_clean,5.85396,3.83342,5.85396,1.02444,1451.46,1416.84,0.0,0.0,0.5924,0.578269,0.0,1,0.004909793,0.450096426,0.4527253148605918
LAFQOA_clean,12.74838,4.90662,12.74647,0.732143,1873.63,2559.11,0.0,0.0,0.6698,0.914849,0.0,0,0.005907995,0.557020926,0.5552595780048691
LAFRAN01_clean,12.94102,4.77109,12.91248,0.722993,1886.42,2609.17,0.0,0.0,0.6828,0.944407,0.0,0,0.00569448,0.530871224,0.5417126919140808
LAFRAN_manual,12.74626,5.01226,12.74368,0.72706,1886.16,2594.23,0.0,0.0,0.6866,0.944351,0.0,0,0.00584284,0.564504974,0.5484456193720794
LAFRER_manual,13.05445,5.12975,13.05445,0.705732,1930.45,2735.39,0.0,0.0,0.696,0.986211,0.0,0,0.005707247,0.526820593,0.5386859537808008
LAFRIV_manual,12.37219,5.304,12.36122,0.722154,1902.53,2634.52,0.0,0.0,0.6808,0.942735,0.0,0,0.006156289,0.573341433,0.5704660598648978
LAFROB_manual,12.50276,5.7361,12.50276,0.712849,1639.29,2299.63,251.853,353.304,0.6904,0.968508,0.0,0,0.006196791,0.566399759,0.5520731363129974
LAGBUS_clean,7.74875,6.13477,7.74875,1.18661,1504.44,1267.85,0.0,0.0,0.5684,0.479013,0.0,1,0.002485933,0.240880093,0.25346891848219477
LAGDII_ion_b,7.42765,5.89687,7.42765,1.85675,752.998,405.546,104.015,56.0201,0.501,0.269826,0.0,1,0.001483773,0.134037989,0.1338928387945142
LAGMUD_clean,4.81496,3.82583,4.65063,1.13347,1702.63,1502.14,0.0,0.0,0.5906,0.521054,0.0,1,0.006374953,0.588452106,0.5843696927398789
LAGNAK_clean,5.49382,4.32281,5.47087,1.02346,1865.76,1823.0,0.0,0.0,0.633,0.618491,0.0,1,0.004424057,0.426403396,0.41955955208685697
LAGNOY_clean,7.14061,4.94756,7.14061,1.20532,1458.34,1209.92,0.0,0.0,0.5588,0.463613,0.0,1,0.005701397,0.546498863,0.5075098094279872
LAGQER_clean,4.88781,3.95017,4.78327,1.29203,1761.41,1363.29,0.0,0.0,0.6026,0.466399,0.0,1,0.004326787,0.419952856,0.4119629801696493
LAGQOB_clean,4.89671,3.9272,4.87864,1.32887,1753.02,1319.17,0.0,0.0,0.599,0.450758,0.0,1,0.004519175,0.422321381,0.41798776904643714
LAGVOG_clean,7.38705,6.71212,7.38296,0.935187,2320.11,2480.9,0.0,0.0,0.6728,0.719428,0.0,1,0.00287101,0.290324995,0.28723052166620744
LAGWEX_clean_h,6.67772,5.77243,6.67772,1.37946,1565.15,1134.61,0.0,0.0,0.5916,0.428865,0.0,1,0.003479001,0.330113339,0.33361710569815906
LAHVAU_clean,7.77112,5.22128,7.77112,1.02459,1747.86,1705.92,54.8522,53.5358,0.6324,0.617222,0.0,1,0.004572009,0.424326812,0.42329127420170376
LAHYOL_clean,4.91604,3.64149,4.71388,1.41984,853.074,600.823,0.0,0.0,0.4516,0.318063,0.0,1,0.007420622,0.59719243,0.6015395075664296
LAJJAK_clean,5.2622,3.52522,5.24789,1.1695,1542.33,1318.79,0.0,0.0,0.5992,0.512354,0.0,0,0.005604885,0.527703353,0.5414213472342275
LAKFIN_clean,8.38907,7.72449,8.38907,1.20127,2069.83,1723.03,0.0,0.0,0.6742,0.561239,0.0,0,0.00255494,0.246513851,0.24303195296870725
LALFEL_clean,6.13469,4.34629,6.1328,1.17934,2824.52,2395.0,0.0,0.0,0.6914,0.58626,0.0,1,0.002124814,0.206128431,0.19892785899815957
LALFUB_clean,4.98066,4.11701,4.97309,1.72073,1391.23,808.509,0.0,0.0,0.5092,0.29592,0.0,0,0.002708491,0.256723401,0.2587461388536578
LAMFEK_clean,4.48925,3.88031,4.48925,1.58556,679.109,428.309,0.0,0.0,0.4966,0.313202,0.0,1,0.00082834,0.078900306,0.08823202141597236
LAMFIO_clean,4.66583,3.98613,4.66523,1.50136,697.933,464.867,0.0,0.0,0.541,0.360339,0.0,1,0.000624361,0.062180625,0.06875949225354394
LAPZIO_clean,15.30437,8.24294,15.30437,0.552463,2030.06,3674.57,0.0,0.0,0.7882,1.4267,0.0,1,0.006745201,0.596098163,0.586844872660288
LAQNID_clean,13.51443,6.53331,13.51443,0.653619,2236.32,3421.44,0.0,0.0,0.7516,1.1499,0.0,1,0.005392121,0.479911427,0.49582722818765923
LAQZOV_clean,6.50752,5.08332,6.49522,1.09349,2330.32,2131.09,0.0,0.0,0.645,0.589856,0.0,1,0.003271384,0.323407264,0.3219605364250734
LARVIM_clean,10.82294,9.52295,10.82294,1.0693,1503.49,1406.04,81.7206,76.4241,0.6418,0.600203,0.0,1,0.002537659,0.253057195,0.24674478176366912
LARXUA_clean,21.8367,11.13953,21.8367,0.43704,1909.12,4368.3,0.0,0.0,0.8068,1.84605,0.0,1,0.003423538,0.33588144,0.3363946096038759
LASMAV_neutral,8.35947,4.46891,5.6634,1.04829,1752.03,1671.32,0.0,0.0,0.5968,0.569309,0.0,1,0.003785968,0.368126676,0.3668688774126404
LASRIJ_clean,11.13693,10.31061,11.1274,0.748964,1958.48,2614.92,0.0,0.0,0.808,1.07882,0.0,1,0.001360935,0.143762891,0.14647301075853086
LASWEJ_clean,7.10977,4.83707,7.10977,1.05149,1683.85,1601.39,0.0,0.0,0.578,0.549695,0.0,1,0.00545213,0.508207849,0.5005836223943815
LASWIN_clean,4.48241,3.82945,4.48241,1.26627,817.741,645.786,0.0,0.0,0.4948,0.390753,0.0,1,0.00950711,0.80773691,0.7684478479089893
LASYOU_clean,10.05429,4.94116,10.05429,0.926612,2320.72,2504.52,0.0,0.0,0.6828,0.736878,0.0,1,0.004687095,0.450086362,0.4336458461712941
LATPIG_clean,6.7326,6.29437,6.73188,1.53602,1420.36,924.703,0.0,0.0,0.5822,0.379031,0.0,0,0.002740466,0.254728238,0.2664422313182829
LATYOX_clean,8.43825,7.66991,8.43825,0.899517,1548.12,1721.06,0.0,0.0,0.606,0.673695,0.0,0,0.002424491,0.243660293,0.24604698255328605
LAVDOE_clean,6.06535,4.45301,6.06535,1.35673,1212.79,893.908,0.0,0.0,0.533,0.392855,0.0,1,0.003651447,0.34024084,0.3354861791244217
LAVSUY_clean,6.88683,6.50841,6.88683,1.28067,1607.28,1255.03,0.0,0.0,0.5652,0.441333,0.0,0,0.004938154,0.464458576,0.47284961597490943
LAVTAF_clean,6.94207,6.59487,6.94207,1.57026,1544.58,983.644,0.0,0.0,0.5696,0.362742,0.0,0,0.00354012,0.338775839,0.33758183303196654
LAVTUZ_clean,6.84748,6.45021,6.84748,1.66996,1548.02,926.977,0.0,0.0,0.5682,0.340247,0.0,0,0.004552242,0.416581315,0.4219987804884037
LAVZOA_clean,4.97897,3.76472,4.96668,2.4043,872.519,362.9,0.0,0.0,0.4822,0.200558,0.0,1,0.002323723,0.202104236,0.20695528370955985
LAVZUG_clean,9.32038,5.88413,9.23158,1.53681,2188.0,1423.72,0.0,0.0,0.709,0.461344,0.0,1,0.001524506,0.153007535,0.17358403565092873
LAWFOF_clean,15.10116,7.95608,15.10116,0.589497,2232.85,3787.72,0.0,0.0,0.8124,1.37812,0.0,0,0.002503109,0.250362614,0.2507148246699055
LAWFUL_clean,15.1002,7.9585,15.1002,0.589907,2229.21,3778.92,0.0,0.0,0.8122,1.37683,0.0,0,0.002506153,0.248872112,0.2503689933493047
LAWFUN_clean,6.89842,3.95926,6.89842,1.2173,1168.89,960.232,0.0,0.0,0.5192,0.426519,0.0,1,0.005535971,0.502779439,0.4896964770798522
LAWGAS_clean,15.0923,7.9386,15.0599,0.589907,2234.12,3787.24,0.0,0.0,0.812,1.37649,0.0,0,0.002434113,0.248544385,0.24888320260907365
LAWGEW_clean,15.06244,7.93691,15.06244,0.591684,2230.24,3769.3,0.0,0.0,0.803,1.35714,0.0,0,0.002646172,0.250229696,0.2605337631340293
LAWGIA_clean,15.0745,7.93652,15.0745,0.590588,2230.11,3776.08,0.0,0.0,0.8028,1.35932,0.0,0,0.00256906,0.250355511,0.25563214471099804
LAWGOG_clean,15.0805,7.93827,15.0805,0.589428,2230.89,3784.84,0.0,0.0,0.8032,1.36268,0.0,0,0.002504123,0.250006476,0.2507148246699055
LAWGUM_clean,15.09972,7.93483,15.09787,0.58881,2231.62,3790.06,0.0,0.0,0.8032,1.36411,0.0,0,0.002422952,0.249296231,0.24888320260907365
LAWHOJ_clean,10.27348,3.66364,10.27348,1.54552,1337.51,865.414,0.0,0.0,0.5444,0.352244,0.0,1,0.002570524,0.251471372,0.24190463218183034
LAYGAV_clean,6.45802,4.57521,6.44061,1.03521,1472.0,1421.94,0.0,0.0,0.5658,0.546558,0.0,0,0.005112087,0.456215227,0.5065690514692764
LAZJIH_clean,5.57744,4.95549,5.57327,1.06968,1869.94,1748.13,0.0,0.0,0.6238,0.583165,0.0,0,0.007264628,0.689441426,0.688137811962918
LAZXOB_clean,9.34691,6.36719,9.34691,1.04439,1784.83,1708.97,0.0,0.0,0.6322,0.605329,0.0,1,0.002975029,0.288718555,0.301755592308816
LECFAC_clean,9.81867,4.43769,9.81443,0.838672,2179.96,2599.3,0.0,0.0,0.7164,0.854207,0.0,1,0.00481541,0.451563029,0.44383069978114653
LECGIL_clean,10.08545,7.23049,10.05263,0.936646,2086.42,2227.54,0.0,0.0,0.727,0.776173,0.0,1,0.001424575,0.138921298,0.14421750632346392
LEDHEJ_clean,5.17343,4.21878,5.16848,1.58915,678.436,426.917,0.0,0.0,0.4584,0.288456,0.0,1,0.005144335,0.404266495,0.43528522227477606
LEDHIN_clean,5.14094,4.21977,5.13595,1.60723,671.365,417.716,0.0,0.0,0.4556,0.28347,0.0,1,0.005226213,0.412028425,0.4372677427346476
LEDLAJ_clean,6.91296,3.51033,6.91296,1.15045,885.224,769.461,0.0,0.0,0.496,0.431137,0.0,1,0.003309691,0.30545283,0.29012983478785376
LEDLEN_clean,8.11845,6.60905,8.11698,0.914085,1985.25,2171.84,0.0,0.0,0.6552,0.716782,0.0,1,0.003063851,0.302436824,0.30432572558418525
LEGGEK_clean,4.38053,3.59011,4.38053,1.51154,471.927,312.216,0.0,0.0,0.4872,0.32232,0.0,1,0.009334493,0.754147782,0.7080296076155598
LEGGIO_clean,5.18429,3.8135,5.15632,1.17196,1806.33,1541.29,0.0,0.0,0.5938,0.506672,0.0,1,0.005896487,0.535972129,0.5504830465937629
LEJCAE_clean,5.15076,4.65327,5.14771,1.13486,3020.72,2661.76,0.0,0.0,0.7162,0.631093,0.0,1,0.001361692,0.132058144,0.14141132848689186
LEJKIW_clean,6.1081,4.29761,6.1081,1.82473,1754.35,961.429,0.0,0.0,0.562,0.307991,0.0,1,0.006099994,0.515962002,0.5270010254299945
LEJRIC_clean,11.60038,10.84699,11.60038,1.19087,1547.76,1299.69,0.0,0.0,0.637,0.534904,0.0,1,0.002587962,0.245626341,0.2596008326663568
LELDUD_clean,16.5482,9.24625,16.5482,0.458126,1992.46,4349.15,0.0,0.0,0.829,1.80955,0.0,1,0.003041415,0.330315945,0.311230272509734
LELMIA01_clean,5.7573,4.86083,5.74121,1.47804,1284.35,868.952,0.0,0.0,0.5138,0.347622,0.0,1,0.006110351,0.537646242,0.5230376234206533
LELMIA_clean,5.90205,5.05463,5.89889,1.44105,1311.25,909.93,0.0,0.0,0.5386,0.373756,0.0,1,0.005667432,0.506367063,0.5093588815809814
LELROL_clean,9.52458,5.89518,9.49645,0.725604,2342.81,3228.77,0.0,0.0,0.6884,0.948726,0.0,1,0.003706247,0.353842873,0.36992804626927317
LELRUR_clean,7.75367,5.31169,7.43322,1.04806,1544.2,1473.39,0.0,0.0,0.5926,0.565427,0.0,1,0.002920126,0.280611073,0.27925517076195083
LEMVOP_clean,5.28106,3.76828,5.22671,1.49221,559.092,374.674,165.129,110.661,0.47,0.314969,0.0,0,0.002139807,0.198178275,0.17717291176652306
LENGAO_clean,9.03703,6.62918,8.94738,0.968421,1920.56,1983.18,0.0,0.0,0.6764,0.698457,0.0,1,0.003263678,0.299070253,0.31308793557489123
LENKIA_clean,11.49386,10.72802,11.47361,1.31034,1534.89,1171.37,0.0,0.0,0.6288,0.479875,0.0,1,0.002310849,0.227170659,0.22679489408579206
LEQQAA_clean,5.52925,4.85253,5.5277,0.807375,2409.06,2983.81,0.0,0.0,0.6688,0.828364,0.0,1,0.004522852,0.443801556,0.4286732752489498
LEQQII_clean,8.74289,7.28376,8.74289,0.770513,1869.68,2426.54,0.0,0.0,0.6812,0.884086,0.0,1,0.002632868,0.262889122,0.2649368611001872
LEQVUZ_clean,9.63173,5.48027,9.50266,0.666563,1780.56,2671.25,394.567,591.942,0.7036,1.05556,0.0,0,0.003727801,0.368638834,0.399444371384461
LESWAI_clean,5.70322,4.2936,5.70044,1.41973,1194.97,841.693,0.0,0.0,0.5074,0.357393,0.0,0,0.005868048,0.497828841,0.5112420141849635
LETDUK_clean,7.09435,6.39708,7.09435,1.10433,2376.79,2152.25,0.0,0.0,0.6948,0.62916,0.0,1,0.001822472,0.170770216,0.17936523172257957
LETPOR_clean,11.06769,10.6456,11.06769,1.31092,1583.35,1207.82,0.0,0.0,0.6774,0.516738,0.0,1,0.002010791,0.193219288,0.18917993294450275
LETPUX01_clean,17.65528,16.43472,17.65528,1.06966,1485.27,1388.55,0.0,0.0,0.7452,0.696673,0.0,1,0.002260266,0.208545445,0.22069196557918752
LETPUX_clean,17.65528,16.43472,17.65528,1.06966,1482.59,1386.05,0.0,0.0,0.7454,0.69686,0.0,1,0.00220282,0.215385898,0.21529271349893964
LETQEI_clean,25.68935,25.43895,25.68935,0.814849,1230.83,1510.5,0.0,0.0,0.8076,0.991104,0.0,1,0.002249084,0.210692048,0.2183153286403095
LETRAF_clean,26.75898,26.49317,26.74189,0.733819,1149.99,1567.13,0.0,0.0,0.828,1.12834,0.0,1,0.001949014,0.183003642,0.19773277996117655
LEVLEF_clean,20.18098,6.8654,20.18098,0.883011,1005.98,1139.26,176.505,199.889,0.6154,0.696933,0.0,1,0.008153531,0.608361287,0.6288000393822566
LEVNOQ01_clean,5.76478,3.88293,5.76079,0.975082,1366.72,1401.64,0.0,0.0,0.5706,0.585182,0.0,1,0.007481828,0.683451543,0.6613143744168806
LEVNOQ_clean,5.91307,3.93225,5.91307,0.947393,1555.93,1642.33,0.0,0.0,0.5826,0.614951,0.0,1,0.007217809,0.663991803,0.6518450418823052
LEVPAF_clean,9.99333,8.10197,9.99333,0.81142,1805.64,2225.28,0.0,0.0,0.6764,0.833601,0.0,1,0.00287454,0.276079679,0.2822259528211154
LEVYOC_clean,4.43687,3.53475,4.41654,1.7513,543.427,310.299,0.0,0.0,0.4316,0.246445,0.0,1,0.004726518,0.403143687,0.3949914055109378
LEYPAI_clean,5.73576,4.86589,5.73576,1.67394,1567.04,936.138,0.0,0.0,0.5778,0.345174,0.0,1,0.001514851,0.147353418,0.138839727455142
LEYQUD_clean,9.49015,4.11988,9.48875,1.0718,2134.49,1991.5,0.0,0.0,0.699,0.652175,0.0,1,0.001555735,0.158139406,0.16502873449771277
LEYRAK_clean,9.5213,4.16248,9.5213,1.04525,2148.73,2055.7,0.0,0.0,0.7006,0.670268,0.0,1,0.001584416,0.161932907,0.1628860570166738
LEYREO_clean,9.51379,4.14819,9.5125,1.05388,2143.29,2033.7,0.0,0.0,0.7,0.66421,0.0,1,0.001564997,0.159399945,0.16307566526510148
LEZMIN_clean,4.88856,4.07448,4.86623,1.80949,1151.84,636.557,0.0,0.0,0.5686,0.314232,0.0,0,0.005728558,0.494213972,0.5222888640514389
LIBQIY_clean,9.48211,4.09783,9.48211,1.10251,2123.81,1926.34,0.0,0.0,0.703,0.637636,0.0,1,0.001636945,0.15571527,0.17025608570688905
LIBZIG_clean,5.90138,4.68963,5.90138,1.54375,1825.0,1182.18,0.0,0.0,0.5888,0.381408,0.0,1,0.002485896,0.228159485,0.2343784935566898
LICKAL_clean,4.46919,3.89223,4.46919,1.80004,671.763,373.194,1.29095,0.717177,0.4414,0.245217,0.0,1,0.003598188,0.302587943,0.31121692269659995
LIDWIG_clean,6.16997,4.49229,6.14357,1.15777,1073.38,927.108,0.0,0.0,0.4856,0.419428,0.0,0,0.004949109,0.442162062,0.4335182309800697
LIFSAW_clean,5.78145,3.73909,5.7809,1.26392,1211.1,958.208,0.0,0.0,0.5322,0.421072,0.0,0,0.004244183,0.375847663,0.39576636829071793
LIFSEA_clean,5.51731,3.61848,5.51731,1.29733,1177.02,907.264,0.0,0.0,0.5102,0.393268,0.0,0,0.005220446,0.45125807,0.48602682997624486
LIFWOO_clean,4.98366,4.55513,4.98366,1.07707,1107.59,1028.34,0.0,0.0,0.5242,0.486692,0.0,0,0.007232117,0.630135155,0.6421742987865096
LIJNOJ01_clean,4.91078,3.67872,4.91078,1.2863,552.942,429.872,0.0,0.0,0.425,0.330406,0.0,0,0.005450858,0.440892892,0.44713800980996377
LIJNOJ_clean,4.87208,3.58717,4.87208,1.2994,528.572,406.782,0.0,0.0,0.416,0.320148,0.0,0,0.005450858,0.427541838,0.44755649281280857
LIKDOA_clean,18.48324,9.41931,18.48324,0.536397,1957.94,3650.16,0.0,0.0,0.8154,1.52014,0.0,1,0.003006945,0.307702551,0.31359782524473956
LIPQOR_clean,9.96385,4.33568,9.96385,0.897942,1931.52,2151.05,198.042,220.551,0.6648,0.74036,0.0,1,0.003579975,0.340070507,0.35904389006977067
LIQCUK_clean,7.72615,5.77662,7.72615,1.17897,1310.88,1111.88,0.0,0.0,0.5728,0.485847,0.0,1,0.002690231,0.269409685,0.2589815854349479
LIQDAS_clean,12.80393,5.86346,12.80393,0.732254,1996.94,2727.12,0.0,0.0,0.725,0.990093,0.0,1,0.002834264,0.281949357,0.28517741064107754
LIQFEY_clean,5.32747,3.70757,5.32747,1.44986,1251.71,863.334,0.0,0.0,0.5234,0.361001,0.0,0,0.005416145,0.492167838,0.47561992293964434
LIRFIB_clean,9.16234,8.82724,9.16234,0.554774,2252.81,4060.77,0.0,0.0,0.8042,1.4496,0.0,0,0.001700558,0.166004881,0.17255687641442985
LIRNOR_clean,5.98787,3.62357,5.98787,1.13373,1270.63,1120.75,0.0,0.0,0.5214,0.459897,0.0,0,0.004857464,0.445937415,0.4458004177986751
LITCOI_clean,7.36237,3.74541,7.3233,1.05285,1772.71,1683.72,0.106276,0.100941,0.6258,0.594384,0.0,1,0.00564993,0.518801519,0.5296996899869754
LIVTIT_clean,5.03218,4.49412,5.03218,0.873833,1850.2,2117.34,0.0,0.0,0.6576,0.752547,0.0,1,0.004426471,0.423435301,0.4218748247175942
LIWFOM_clean,5.43362,4.03441,5.43362,2.15039,700.892,325.936,0.0,0.0,0.4398,0.204521,0.0,1,0.001196801,0.115585609,0.11187713071842542
LIWVIY_clean,5.89138,4.8352,5.89138,1.26516,1787.77,1413.07,0.0,0.0,0.6376,0.503967,0.0,1,0.002465875,0.233431592,0.2526219095686356
LIWXOG_clean,5.30986,3.68842,5.30986,1.40965,1545.05,1096.05,0.0,0.0,0.589,0.417834,0.0,1,0.00296053,0.291376209,0.28753413187034593
LIXWAR_clean,5.63611,3.90043,5.63611,1.06263,1387.85,1306.06,0.0,0.0,0.5696,0.536029,0.0,1,0.00528831,0.483943968,0.5006403529252137
LIXXAS_clean,6.60705,5.3683,6.60705,1.11648,2145.98,1922.1,0.0,0.0,0.6524,0.584335,0.0,1,0.003728736,0.366941897,0.3694637128691613
LOBHAM_clean,7.0104,5.91491,7.0104,1.01758,1770.03,1739.45,0.0,0.0,0.6232,0.612433,0.0,0,0.003673422,0.347194359,0.36331581918765243
LOCZIO_clean,7.2178,3.83248,7.2178,1.09612,1264.7,1153.8,0.0,0.0,0.5608,0.511625,0.0,1,0.004630659,0.430991553,0.428846595254778
LODKIA_clean,6.01281,4.49425,5.60772,1.02042,1998.25,1958.27,0.0,0.0,0.6138,0.601518,0.0,1,0.00567964,0.526618874,0.5440788728601968
LODPOK_clean,6.03379,4.847,6.02677,1.05247,1500.99,1426.17,0.0,0.0,0.5354,0.50871,0.0,1,0.007712432,0.652126299,0.6539571940252243
LOFVUY01_clean,8.11285,4.66596,8.11285,1.07811,1882.69,1746.29,0.0,0.0,0.6276,0.582131,0.0,1,0.002789882,0.264909997,0.2742590086946499
LOFVUY_clean,8.04365,4.63845,8.04358,1.07811,1889.15,1752.28,0.0,0.0,0.626,0.580647,0.0,1,0.00272332,0.264854887,0.2739715838551189
LOFZUB_clean,8.36948,3.5655,8.36948,1.45872,1389.79,952.749,0.0,0.0,0.549,0.376358,0.0,0,0.003503459,0.335840896,0.3212008081441601
LOGBAK_clean,8.33905,3.64261,8.33905,1.46617,1378.61,940.283,0.0,0.0,0.5464,0.372672,0.0,0,0.003584603,0.332792986,0.33252156112645986
LOGBEO_clean,8.32475,3.5444,8.32475,1.47637,1351.58,915.479,0.0,0.0,0.5444,0.368742,0.0,0,0.003517695,0.343168121,0.3190768471576163
LOGXEM_clean,11.7072,8.5205,11.7072,1.40177,1826.91,1303.29,0.0,0.0,0.6678,0.476399,0.0,0,0.000715859,0.065684691,0.09333969639740997
LOJFOF_clean,5.76837,5.02994,5.76476,1.16037,1095.67,944.242,0.0,0.0,0.472,0.406768,0.0,1,0.004861137,0.431071471,0.43449814807989456
LOJFUL_clean,11.50657,8.6404,11.49116,0.609882,1949.87,3197.13,64.2093,105.281,0.7292,1.19564,0.0,1,0.005265593,0.483451376,0.4718560230904128
LOJLAZ01_clean,6.41625,5.33783,6.41625,1.67137,1436.49,859.47,0.0,0.0,0.5874,0.351448,0.0,1,0.002036976,0.203038354,0.19549017293271514
LOJLAZ_clean,6.04161,4.90341,6.00485,1.78682,1392.9,779.539,0.0,0.0,0.5636,0.31542,0.0,1,0.00247074,0.246634908,0.2327519751632538
LOLREL_clean,8.50343,6.96426,8.50343,1.36486,1470.9,1077.7,0.0,0.0,0.5994,0.439167,0.0,1,0.002304569,0.218270192,0.22185033303845392
LOLVAJ_clean,4.04776,3.6459,4.03742,2.02495,342.226,169.005,0.0,0.0,0.431,0.212845,0.0,0,0.000811467,0.075004606,0.09830689898687905
LONWIW_clean,6.32722,5.3124,6.00348,0.832586,2332.25,2801.21,0.0,0.0,0.6626,0.795834,0.0,1,0.004278467,0.420716943,0.4194499147857635
LOQLEJ_manual,14.69858,14.40453,14.61633,0.993806,1433.78,1442.72,0.0,0.0,0.6928,0.697118,0.0,0,0.005197058,0.486277785,0.4870398132227605
LOQLIN_SL,14.25248,13.92666,14.25248,0.952578,1304.34,1369.28,0.0,0.0,0.6736,0.707133,0.0,0,0.006601543,0.578921576,0.5689633991021377
LORMOW_clean,5.15517,3.73399,5.14768,1.63871,712.948,435.067,0.0,0.0,0.4168,0.254347,0.0,1,0.002971585,0.26095091,0.2474287238559313
LORROB_clean,6.37003,3.61495,6.36168,1.37197,938.703,684.2,0.0,0.0,0.4942,0.360212,0.0,1,0.002440973,0.230833849,0.22842467387923904
LOSBOM_clean,6.43284,5.09662,6.26908,0.76383,2342.39,3066.64,0.0,0.0,0.6748,0.883443,0.0,1,0.00773226,0.767161943,0.6953852945190189
LOVLEP_clean,10.42908,4.04603,10.42903,1.5407,1428.2,926.981,0.0,0.0,0.5884,0.381905,0.0,1,0.001078085,0.104678434,0.1053343862055009
LOXBEH_clean,11.66545,8.26406,11.65056,1.01014,1491.41,1476.44,0.0,0.0,0.6388,0.632385,0.0,1,0.002600016,0.251320088,0.2553450170391039
LOXKAM_clean,14.55985,13.78223,14.55985,0.784824,1498.1,1908.83,0.0,0.0,0.661,0.842227,0.0,1,0.004368355,0.419250518,0.3998100300466797
LOXWAY_clean,5.69577,5.32518,5.69577,1.3733,890.048,648.107,0.0,0.0,0.4566,0.332483,0.0,0,0.002678953,0.248564608,0.24208971398040086
LUBMAW_clean,13.15917,12.3614,13.15917,0.992617,1200.54,1209.47,0.0,0.0,0.628,0.632671,0.0,1,0.001625437,0.163948152,0.16720035371660275
LUCDAO_clean,8.53408,6.05824,8.194,0.856034,2292.36,2677.89,0.0,0.0,0.7178,0.838519,0.0,1,0.002923201,0.291764449,0.28620311783086005
LUCDES_clean,8.51481,6.04534,8.51481,0.866707,2299.09,2652.67,0.0,0.0,0.7194,0.830038,0.0,1,0.002871184,0.282685332,0.28572696548843735
LUCDIW_clean,8.52461,6.17272,8.52461,0.822543,2288.73,2782.5,0.0,0.0,0.7208,0.876306,0.0,1,0.00303841,0.293318923,0.31187723160381076
LUDKOM_clean,6.72845,4.30181,6.72845,1.47246,871.523,591.883,0.0,0.0,0.4702,0.31933,0.0,1,0.011239505,0.751535721,0.7754019661091627
LUDLED_clean,13.17739,6.65728,13.17739,0.881906,2096.4,2377.12,0.0,0.0,0.7118,0.807115,0.0,1,0.004944875,0.418962096,0.43478445322257653
LUDLIH_clean,13.23241,6.67449,13.22045,0.876399,2107.58,2404.81,0.0,0.0,0.7124,0.812871,0.0,1,0.004937126,0.420612756,0.4353447708532501
LUFCAS_clean,4.96103,4.24915,4.96103,1.44232,901.376,624.947,0.0,0.0,0.4662,0.323228,0.0,0,0.004114552,0.366562785,0.35936252463716706
LUFNAC01_clean,7.70412,5.87256,7.69288,1.02639,1471.97,1434.12,0.0,0.0,0.566,0.551448,0.0,1,0.005710534,0.539553666,0.5186090982790842
LUFNAC02_clean,7.66591,5.85542,7.65462,1.02962,1488.42,1445.6,0.0,0.0,0.5648,0.548553,0.0,1,0.005776737,0.540136679,0.5246965477964521
LUFNAC03_clean,7.68055,5.84066,7.66172,1.02599,1463.18,1426.13,0.0,0.0,0.565,0.55069,0.0,1,0.005680636,0.536879923,0.5182589248154073
LUFNAC04_clean,7.6755,5.87796,7.66911,1.02659,1461.4,1423.54,0.0,0.0,0.5658,0.551143,0.0,1,0.005817313,0.546438768,0.5256874469585446
LUFNAC05_clean,7.61946,5.80686,7.57494,1.03101,1474.3,1429.95,0.0,0.0,0.564,0.547035,0.0,1,0.005836533,0.544642747,0.5273609734246216
LUFNAC_clean,7.52412,5.6534,7.51131,1.03145,1483.45,1438.22,0.0,0.0,0.562,0.544864,0.0,1,0.005930499,0.559213793,0.5334463850253831
LUFQUZ02_clean,4.33985,4.02318,4.33985,1.29652,936.621,722.414,0.0,0.0,0.5262,0.405857,0.0,1,0.006449903,0.600897632,0.5533150961776879
LUJBAV_clean,4.98599,3.44797,4.98599,1.46601,380.372,259.461,0.0,0.0,0.3928,0.267938,0.0,1,0.00321966,0.250488316,0.2512337469280879
LUJPUC_clean,7.07474,4.6808,7.07474,1.16372,1382.44,1187.95,0.0,0.0,0.5842,0.50201,0.0,1,0.001517615,0.156020705,0.1521669712973841
LUKREO_clean,4.04002,3.66815,4.04002,1.33832,308.401,230.438,0.0,0.0,0.4326,0.323241,0.0,1,0.002723689,0.262440156,0.22729137084005957
LULVOF_clean,5.17234,3.93529,5.17234,1.20763,463.383,383.712,171.595,142.093,0.474,0.392504,0.0,0,0.007641443,0.531183294,0.5834178004130873
LULXAS_clean,4.15152,3.42748,4.13309,1.37462,547.083,397.99,0.0,0.0,0.3992,0.290408,0.0,1,0.005023037,0.471363839,0.45522345055292535
LUMDEC_clean,7.82073,4.889,7.82073,1.29296,1273.82,985.194,0.0,0.0,0.5548,0.429093,0.0,0,0.001614453,0.161718046,0.15766687420781222
LUMYID_clean,5.94433,4.56717,5.90149,1.30513,1995.48,1528.95,0.0,0.0,0.6194,0.474589,0.0,1,0.003994562,0.382403462,0.37602250664775616
LUMYOJ_clean,5.98976,4.51852,5.98976,1.3118,1973.17,1504.17,0.0,0.0,0.6186,0.471565,0.0,1,0.004090355,0.391216405,0.385153803562048
LUMZAW_clean,5.8494,4.60336,5.8494,1.30478,1964.07,1505.29,0.0,0.0,0.6278,0.481155,0.0,1,0.003943073,0.378599688,0.3743654084465673
LUNBIF_clean,8.36527,6.6245,8.36354,1.86674,2385.2,1277.73,8.72646,4.67469,0.7178,0.38452,0.0,1,0.00055674,0.060261994,0.07511226931869647
LUPTAS_clean,4.91554,3.81154,4.8497,1.42961,733.471,513.055,0.0,0.0,0.4568,0.319527,0.0,1,0.005112573,0.438545689,0.4575254583821992
LUPYAX_clean,7.54991,6.34934,7.53102,1.01424,2199.81,2168.93,0.0,0.0,0.6806,0.671046,0.0,1,0.003606419,0.357314331,0.3530591092443282
LUQGAG_clean,6.95292,4.98162,6.95292,1.09152,1536.81,1407.96,0.0,0.0,0.5428,0.497289,0.0,0,0.004505466,0.42068106,0.4215304029121053
LURLOB_clean,7.37662,6.99185,7.37662,1.00469,1747.18,1739.02,0.0,0.0,0.6396,0.636613,0.0,0,0.003949264,0.381730439,0.38131832388710407
LUSHIR_clean,5.64907,5.07129,5.64636,1.2313,1163.45,944.9,0.0,0.0,0.5004,0.406401,0.0,0,0.004840382,0.440318083,0.43620933661054156
LUSHOX01_clean,5.25442,4.88912,5.25442,1.20931,1317.3,1089.3,0.0,0.0,0.5332,0.440913,0.0,1,0.004958205,0.453187538,0.4560885689127107
LUSHOX02_clean,5.40311,4.9355,5.40311,1.1935,1329.97,1114.34,0.0,0.0,0.5516,0.462169,0.0,1,0.00488846,0.458160009,0.447014980405585
LUSHOX03_clean,5.24171,4.88245,5.22892,1.21123,1320.66,1090.34,0.0,0.0,0.5276,0.435589,0.0,1,0.004886875,0.450954127,0.4505438873422475
LUSHOX04_clean,5.42751,4.95925,5.42646,1.17969,1336.79,1133.18,0.0,0.0,0.5422,0.459613,0.0,1,0.004644354,0.436008182,0.42764107747545343
LUSHOX_clean,5.30336,4.92542,5.30336,1.19355,1298.68,1088.08,0.0,0.0,0.5398,0.452264,0.0,1,0.004774333,0.442664033,0.4362351041690208
LUSHUD_clean,5.21289,4.69215,5.21289,1.27198,1075.64,845.64,0.0,0.0,0.4926,0.38727,0.0,0,0.005418449,0.482465187,0.4791847666246966
LUSJIT_clean,6.09975,5.42401,6.09669,1.18953,1257.58,1057.21,0.0,0.0,0.5236,0.440174,0.0,0,0.00459792,0.434099803,0.42190729904107643
LUSJOZ_clean,6.14785,5.47386,6.14779,1.1794,1250.19,1060.02,0.0,0.0,0.5326,0.451584,0.0,0,0.004912826,0.438473001,0.4383966231764157
LUSYEF_clean,11.6475,5.80016,11.64729,0.734641,2294.6,3123.44,0.0,0.0,0.7226,0.98361,0.0,1,0.004954311,0.486773621,0.461958576659603
LUVTAY_clean,10.30257,9.44256,10.2197,1.08662,1146.97,1055.54,0.0,0.0,0.5838,0.537262,0.0,1,0.001866879,0.182370814,0.17613392739308015
LUWMIB_clean,6.46125,4.54999,6.46125,1.13178,2301.96,2033.92,0.0,0.0,0.6152,0.543567,0.0,1,0.005212901,0.48141762,0.4974033833891682
LUWMOH_clean,6.36296,4.2806,6.36272,1.20693,1999.45,1656.65,0.0,0.0,0.5984,0.495805,0.0,1,0.005501684,0.490113555,0.5022426414880796
LUXDUE_clean,13.68943,4.23916,13.68943,1.04302,1835.8,1760.08,13.4841,12.9279,0.692,0.663456,0.0,1,0.003007959,0.282319522,0.29287829801663356
LUXFOA_clean,13.73946,4.3179,13.73946,0.952497,1834.04,1925.51,15.1519,15.9076,0.6722,0.705724,0.0,1,0.002272397,0.22119053,0.22523822696024237
LUYBOY_clean,7.89316,7.4198,7.87816,1.34135,1580.28,1178.13,0.0,0.0,0.5778,0.43076,0.0,1,0.002530304,0.239286394,0.24533860193740836
LUYSEF_clean,4.81614,3.46612,4.554,1.34495,1416.38,1053.11,0.0,0.0,0.6156,0.457711,0.0,1,0.002164144,0.213579338,0.20915629575857786
LUYSOP_clean,15.21554,13.85225,15.21554,0.826153,1716.72,2077.96,0.0,0.0,0.7048,0.853111,0.0,0,0.005920579,0.568234539,0.545406214464606
LUZBOY_clean,6.14636,4.66385,6.14509,0.864953,1863.69,2154.67,0.0,0.0,0.6302,0.728594,0.0,0,0.003569894,0.342731994,0.35736954441589996
LUZJAT_clean,8.19723,7.01697,8.18474,1.37403,1823.93,1327.44,0.0,0.0,0.6136,0.44657,0.0,1,0.00452249,0.423419092,0.3976080039195362
MABCUQ_clean,5.37255,3.56877,5.37255,1.53414,1466.89,956.165,0.0,0.0,0.6184,0.403092,0.0,1,0.001539249,0.14809239,0.1540913209078832
MABKEG_clean,4.96705,4.29241,4.96705,1.47907,598.033,404.332,0.0,0.0,0.4092,0.276661,0.0,0,0.002972055,0.260763218,0.2573053769222126
MABKIK_clean,4.95272,4.26488,4.95272,1.45304,582.257,400.715,0.0,0.0,0.4264,0.293453,0.0,0,0.002798604,0.250197598,0.22193260815877325
MACKAE_clean,9.52684,4.31294,9.52684,2.70363,1850.45,684.433,0.0,0.0,0.6186,0.228804,0.0,1,0.000761863,0.077591895,0.059514662182882594
MADVUJ_clean,5.32382,4.69426,5.32382,1.65668,675.478,407.729,0.0,0.0,0.418,0.252311,0.0,0,0.003076309,0.260377903,0.25718098062648814
MADWAQ_clean,5.18677,4.51055,5.17631,1.52314,635.031,416.921,0.0,0.0,0.412,0.270493,0.0,0,0.00338641,0.302334791,0.2790549647589616
MAFJIO_clean,10.24604,5.19927,9.76441,0.774705,2445.7,3156.94,0.0,0.0,0.7196,0.92887,0.0,1,0.00393648,0.39247275,0.39323435535486356
MAFLUD_clean,5.38373,3.98212,5.36788,1.15006,1774.93,1543.34,0.0,0.0,0.592,0.514756,0.0,1,0.005334185,0.509634382,0.503132136029361
MAFMAK01_clean,5.76423,4.1915,5.74643,1.09839,2062.25,1877.52,0.0,0.0,0.6384,0.581215,0.0,0,0.004867418,0.471176528,0.4671931738518507
MAGBAZ_clean,7.74379,4.25931,7.73545,0.9596,2206.02,2298.89,0.0,0.0,0.666,0.694039,0.0,0,0.004051649,0.393328364,0.38871436060708364
MAGBON_clean,6.77313,5.2032,6.75742,1.14435,2195.85,1918.86,0.0,0.0,0.6464,0.564863,0.0,0,0.006222353,0.585983959,0.5776717581172202
MAGNEQ01_clean,5.36278,4.15643,5.36278,1.09674,2370.15,2161.08,0.0,0.0,0.672,0.612723,0.0,1,0.001862933,0.199776966,0.18180537462484214
MAGNEQ_clean,5.32617,4.14354,5.3111,1.10004,2360.03,2145.41,0.0,0.0,0.6692,0.608342,0.0,1,0.001912672,0.196627614,0.18865899070943248
MAHCIK_clean,18.77734,7.81499,18.77734,0.539574,2171.35,4024.19,0.0,0.0,0.8044,1.49081,0.0,1,0.003095245,0.313159317,0.3158817066268288
MAHCOQ_clean,18.83938,7.96401,18.83938,0.527426,2147.45,4071.57,0.0,0.0,0.8002,1.51718,0.0,1,0.002980164,0.314370527,0.31586386242952524
MAHTAR01_clean,5.34764,4.14932,5.34428,1.34276,985.458,733.903,0.0,0.0,0.4968,0.369983,0.0,1,0.00539358,0.460703044,0.4702519058012589
MAHTAR_clean,5.34824,4.13773,5.34698,1.34089,993.502,740.929,0.0,0.0,0.4942,0.368562,0.0,1,0.00531045,0.458579709,0.46495535185204595
MAKFIQ_clean,8.56724,6.92833,8.56724,1.27671,1511.52,1183.92,0.0,0.0,0.5678,0.444738,0.0,0,0.002770515,0.265852366,0.26392422287773865
MAKGAJ_clean,8.49976,6.89727,8.49976,1.31953,1515.96,1148.87,0.0,0.0,0.5704,0.432276,0.0,0,0.002696103,0.272209736,0.2613520262661698
MAKRAU_clean,7.29081,6.46944,7.28567,1.08372,1133.62,1046.04,0.0,0.0,0.4976,0.459157,0.0,1,0.003057732,0.299185371,0.28526625806201156
MAKXAZ_clean,5.08726,4.83873,5.06957,1.27292,905.072,711.021,0.0,0.0,0.4628,0.363574,0.0,0,0.006157725,0.507439249,0.5210356570184762
MALFUD_clean,7.43512,5.15007,7.43277,0.84804,2258.38,2663.06,0.0,0.0,0.6712,0.791472,0.0,1,0.002554522,0.263798602,0.2602463223648625
MALRUM_clean,5.9367,4.07723,5.9367,0.815854,1158.61,1420.12,12.5333,15.3622,0.5888,0.721698,0.0,0,0.002480882,0.237918053,0.2552608104525862
MALRUP_clean,16.92414,16.84411,16.92414,0.675419,1334.6,1975.96,0.0,0.0,0.764,1.13115,0.0,1,0.003249236,0.310997064,0.30862896829453645
MALSAW_clean,16.91027,16.82951,16.91027,0.672455,1349.27,2006.49,0.0,0.0,0.7654,1.13822,0.0,1,0.002961191,0.307241567,0.29691820484270526
MALSIE_clean,16.8944,16.81333,16.8944,0.672143,1349.09,2007.15,0.0,0.0,0.767,1.14113,0.0,1,0.003059388,0.306593466,0.29691820484270526
MALSOK_clean,16.92569,16.84467,16.92569,0.669653,1353.12,2020.63,0.0,0.0,0.7686,1.14776,0.0,1,0.00311176,0.307605988,0.298138307603693
MANDUD_clean,8.1447,5.93208,8.1447,0.901348,2323.1,2577.36,0.0,0.0,0.6668,0.739781,0.0,1,0.003909062,0.369513621,0.3747826779336715
MANLAP_ion_b,4.72532,3.67633,4.72532,0.949147,1391.99,1466.57,0.0,0.0,0.5776,0.608546,0.0,0,0.003044111,0.303006462,0.3126978420733879
MANLOD_manual,8.55642,5.36069,8.35991,0.706783,1873.58,2650.85,92.9946,131.574,0.6674,0.944278,0.0,0,0.002867054,0.291073791,0.2852143245667619
MAPCIP_clean,9.53742,5.44759,9.32696,1.58248,1828.68,1155.58,0.0,0.0,0.6098,0.385344,0.0,0,0.003305282,0.328885312,0.3167152227591643
MAPFIS_clean,5.59771,4.30891,5.54289,1.06696,1494.67,1400.87,0.0,0.0,0.5474,0.513047,0.0,1,0.005189463,0.508502293,0.5006139832909402
MAPLEX_clean,5.48812,3.7418,5.48733,1.43983,1166.77,810.351,0.0,0.0,0.499,0.346569,0.0,0,0.004744372,0.426327485,0.4250908384465929
MAQBEO_clean,9.00352,4.63709,9.00352,0.93614,1838.21,1963.61,22.2471,23.7647,0.63,0.672976,0.0,1,0.005837894,0.543524457,0.52007469206917
MAQBIS_clean,11.35798,8.5918,11.35555,0.674777,2143.5,3176.61,0.0,0.0,0.7262,1.07621,0.0,1,0.005731038,0.533286391,0.5216524101222701
MAQRAA_clean,6.97366,6.05295,6.96579,1.20561,1541.67,1278.75,0.0,0.0,0.5886,0.488218,0.0,1,0.004056322,0.384145267,0.38532114643083754
MARJAQ_clean,10.63499,10.4191,10.6339,1.83144,1181.22,644.965,1.00954,0.551229,0.5826,0.31811,0.0,1,0.009419876,0.786624484,0.7231280311473066
MARXEK_clean,6.80849,6.42208,6.80849,1.6895,1568.88,928.61,0.0,0.0,0.5668,0.335485,0.0,0,0.003904033,0.37176277,0.3581731621758726
MASZOX_clean,6.20608,3.81259,6.16409,1.48643,1158.39,779.31,0.0,0.0,0.5192,0.349294,0.0,1,0.002503096,0.233480536,0.23995793647293692
MASZUD_clean,6.16395,3.77069,6.1156,1.46962,1165.3,792.926,0.0,0.0,0.5354,0.364312,0.0,1,0.002332983,0.221232376,0.22490350752323696
MATBAM_clean,7.54049,4.88112,7.54049,1.17286,1649.01,1405.98,0.0,0.0,0.5866,0.500147,0.0,1,0.003443348,0.319043484,0.33012643478561343
MATBEQ_clean,6.25491,3.91181,5.95608,1.39707,1185.59,848.625,0.0,0.0,0.547,0.391533,0.0,1,0.00294777,0.266559361,0.26928910888081076
MATFIY_clean,8.97967,4.54894,7.97865,1.40065,1635.25,1167.49,0.0,0.0,0.6194,0.442222,0.0,1,0.001333056,0.120908942,0.14010017344110937
MATPOP_clean,9.20624,4.84305,9.20624,1.16023,1655.06,1426.49,0.0,0.0,0.6112,0.526791,0.0,1,0.003309462,0.303551397,0.3040372744735368
MATPUV_clean,8.96945,4.59437,8.96945,1.16708,1604.04,1374.41,0.0,0.0,0.584,0.500396,0.0,1,0.003122099,0.298832452,0.2949298120364115
MATTUX_clean,6.25712,5.16476,6.25712,1.06941,1603.09,1499.04,0.0,0.0,0.5648,0.528144,0.0,1,0.006553385,0.581301918,0.5913805506343276
MATWUC_clean,6.79171,5.36307,6.77355,0.962581,2073.83,2154.45,0.0,0.0,0.6394,0.664256,0.0,1,0.007547939,0.690002178,0.6898803898644984
MATXAJ_clean,12.50004,9.04853,12.40632,0.6224,2078.93,3340.18,0.0,0.0,0.775,1.24518,0.0,1,0.003962961,0.384103727,0.3824005284108571
MAVNUU_manual,7.52328,6.25675,7.49475,1.00896,1346.7,1334.73,0.0,0.0,0.5494,0.544519,0.0,1,0.006018126,0.546248182,0.5277010236538079
MAWFEY_clean,8.76979,6.5651,8.76979,1.23234,2527.32,2050.83,0.36923,0.299617,0.7208,0.584904,0.0,1,0.001137002,0.11474177,0.11236309629190289
MAWTUC_clean,5.33465,4.95075,5.33465,1.06578,1588.39,1490.35,0.0,0.0,0.586,0.549831,0.0,1,0.005496392,0.515763726,0.514453040902801
MAWVAK_clean,5.70954,5.40047,5.70954,0.993165,1765.23,1777.38,0.0,0.0,0.616,0.620239,0.0,1,0.004820699,0.443644398,0.4517922715774298
MAYJOM_clean,6.51956,6.14293,6.51763,1.25239,1627.1,1299.19,0.0,0.0,0.6236,0.497928,0.0,0,0.004778196,0.454071161,0.453412859024272
MAYKOO_clean,12.58218,11.50288,12.56968,0.603307,2027.92,3361.34,0.0,0.0,0.7608,1.26105,0.0,1,0.003267479,0.326154389,0.32152569056180247
MAZSUD_clean,5.33307,3.93087,5.33307,1.15662,1798.05,1554.58,0.0,0.0,0.618,0.534316,0.0,0,0.005744183,0.54510871,0.5402997330856405
MECWIB_clean,7.68734,5.08903,7.68734,1.09108,1654.78,1516.65,0.0,0.0,0.567,0.51967,0.0,0,0.004369919,0.401718798,0.4127122410030797
MEFJOY_clean,13.35543,4.52002,13.28243,0.978068,2208.16,2257.67,0.0,0.0,0.6982,0.713857,0.0,1,0.004808974,0.450551768,0.4323716997763836
MEFJUE_clean,13.6466,4.52582,13.6466,0.969419,2198.16,2267.5,0.0,0.0,0.6876,0.709291,0.0,1,0.004412164,0.428232188,0.4030100046881445
MEFZUU_manual,9.38956,5.60914,9.2442,0.843227,2246.05,2663.63,0.0,0.0,0.685,0.812356,0.0,1,0.00292128,0.279902985,0.2881606974426161
MEGBEH_manual,9.9497,6.81571,9.9489,0.994874,2116.8,2127.71,0.0,0.0,0.683,0.686519,0.0,1,0.002511029,0.247473989,0.25065499584765316
MEGFIN_clean,12.26016,8.11803,12.26013,0.845073,1643.38,1944.66,0.0,0.0,0.644,0.762064,0.0,1,0.003864996,0.378922006,0.35795180689613565
MEHMET_clean,21.82341,9.06966,13.94061,0.408796,1899.79,4647.28,0.0,0.0,0.8328,2.0372,0.0,1,0.003176516,0.343501572,0.3130753204247696
MEJMOE_clean,13.36085,7.20564,12.38159,0.61631,2232.14,3621.79,0.0,0.0,0.8056,1.30713,0.0,0,0.002611675,0.249958788,0.25868636313363524
MEJQID_clean,4.95338,3.66569,4.91383,1.21757,1152.17,946.288,0.0,0.0,0.5426,0.445643,0.0,0,0.00888866,0.716255346,0.7479244886101994
MEJZEI_clean,5.32267,3.53615,5.32267,1.67671,498.537,297.33,52.5885,31.3641,0.4392,0.261941,0.0,1,0.001705811,0.160912323,0.13950195321292042
MEJZIM_clean,5.3333,3.56234,5.2261,1.69384,503.361,297.172,49.7521,29.3724,0.4348,0.256695,0.0,1,0.001725017,0.161986498,0.14292651474118973
MEJZOS_clean,5.26465,3.41703,5.25331,1.72957,398.344,230.313,32.6666,18.8871,0.43,0.248616,0.0,1,0.001595539,0.144360911,0.1380931179986441
MEJZUY_clean,5.25291,3.40149,5.01155,1.7873,394.206,220.559,29.004,16.2278,0.4246,0.237565,0.0,1,0.001589191,0.146191169,0.1364448768916408
MEKBAH_clean,5.23285,3.40673,4.67793,1.83571,402.852,219.453,27.5563,15.0113,0.421,0.229339,0.0,1,0.001708869,0.14532095,0.1468683379007154
METYIU_clean,7.46107,4.86322,7.46107,1.31027,1231.65,939.995,0.0,0.0,0.5398,0.411977,0.0,0,0.001559897,0.165823888,0.16077899490456232
MEXDEY_clean,5.3901,4.95385,5.37594,2.70285,794.745,294.04,0.0,0.0,0.4526,0.167453,0.0,1,0.002625516,0.234017745,0.2119770566108859
MIBMER_clean,8.80758,7.78405,8.80758,0.713822,2198.53,3079.94,0.0,0.0,0.7072,0.990723,0.0,1,0.003174531,0.314235328,0.31586942227358017
MICDEJ_clean,5.47717,4.50209,5.38717,1.18044,1256.75,1064.65,0.0,0.0,0.5258,0.445429,0.0,1,0.004868433,0.443603516,0.44893985926981084
MIDCAF_clean,11.10741,9.8382,11.10741,0.853326,1614.16,1891.61,0.0,0.0,0.6702,0.785397,0.0,1,0.001943602,0.192268993,0.20175703924091926
MIDSUP01_clean,10.88215,9.55664,10.87435,0.67542,1854.05,2745.03,0.0,0.0,0.7122,1.05446,0.0,0,0.002710612,0.276469782,0.2758875918146888
MIDSUP_clean,10.07574,8.87881,10.05297,0.69045,1869.43,2707.55,0.0,0.0,0.7086,1.02629,0.0,0,0.002804819,0.268507359,0.2789353655600092
MIFGEP01_clean,5.99775,4.93271,5.97758,1.0207,1831.3,1794.17,0.0,0.0,0.5916,0.579605,0.0,1,0.005513361,0.507253464,0.509736445719204
MIFGEP_clean,5.99664,4.9389,5.9821,1.0207,1811.65,1774.92,0.0,0.0,0.5912,0.579213,0.0,1,0.005427794,0.51839998,0.5101819151062202
MIFKUJ_clean,6.05079,4.58023,5.97678,0.91647,1939.38,2116.14,0.0,0.0,0.5864,0.639846,0.0,1,0.005926288,0.557608052,0.5489826716080818
MIFLIY_clean,9.88279,8.82764,9.86175,0.758162,1549.91,2044.3,0.0,0.0,0.642,0.846785,0.0,1,0.003894497,0.376614434,0.36652923297450535
MIFNUM_clean,6.11585,5.67624,6.11585,1.55309,529.015,340.62,76.1683,49.0429,0.441,0.283949,0.0,1,0.001627939,0.15845834,0.15476448479169863
MIFPUO_clean,6.70296,5.88092,6.70296,1.13456,971.753,856.498,0.0,0.0,0.5046,0.444752,0.0,0,0.006525403,0.546033651,0.5399091625990445
MIFQOJ_clean,7.14805,6.39591,7.14805,1.06573,1037.76,973.749,0.0,0.0,0.5254,0.492994,0.0,0,0.005446331,0.477559641,0.46622499500212355
MIFROK_clean,6.3068,5.74769,6.3068,1.44498,561.702,388.727,79.3873,54.9401,0.4722,0.326787,0.0,1,0.001774552,0.168871259,0.15698130721271752
MIFSAX_clean,6.24449,5.77613,6.24449,1.46696,557.647,380.138,84.3149,57.4759,0.4544,0.309756,0.0,1,0.001847081,0.174783845,0.16587696018389309
MIFTEC_clean,6.21252,5.76844,6.21252,1.49343,549.45,367.91,94.3906,63.2038,0.457,0.306006,0.0,1,0.001960355,0.177929669,0.18008040340040526
MIFTIG_clean,6.1695,5.71241,6.1695,1.51351,547.592,361.803,81.859,54.0857,0.4488,0.29653,0.0,1,0.001797634,0.167921494,0.16392379822277525
MIFTUS_clean,6.04963,5.68051,6.04963,1.61833,495.105,305.936,63.5383,39.2616,0.4414,0.27275,0.0,1,0.00179123,0.161726056,0.15938998313002395
MIHLAR_clean,5.77868,4.92206,5.77868,1.33529,705.816,528.586,0.0,0.0,0.4442,0.332662,0.0,0,0.001824016,0.16800197,0.16361242622950178
MIHLIZ_clean,5.21862,3.52165,5.21802,1.34387,724.016,538.756,0.0,0.0,0.4324,0.321758,0.0,1,0.00214766,0.208990037,0.19393981872309973
MIJHOD_clean,4.18455,3.46938,4.126,1.22946,1127.43,917.014,0.0,0.0,0.5064,0.411887,0.0,1,0.006568213,0.5932837,0.5932025851292351
MIJMAU_clean,6.68967,5.56749,6.68967,1.09709,1295.9,1181.22,0.0,0.0,0.5546,0.50552,0.0,0,0.001541726,0.147312116,0.16656283969095048
MIKDUH_clean,5.90493,5.239,5.89411,2.24827,1626.7,723.534,0.0,0.0,0.5828,0.259221,0.0,1,0.001854617,0.179202628,0.1652742811659706
MIKJAR_clean,5.99502,4.85131,5.99502,1.96036,716.905,365.7,0.0,0.0,0.4012,0.204656,0.0,0,0.002220513,0.193716894,0.1978798354677484
MILQIJ_clean,4.63559,4.00457,4.63559,1.27465,706.955,554.628,0.0,0.0,0.4642,0.364179,0.0,0,0.005650916,0.490788409,0.5081888103127197
MILROQ_clean,19.71713,10.83562,19.26567,0.59986,1609.68,2683.42,0.0,0.0,0.7756,1.29297,0.0,1,0.002159361,0.206180206,0.2170234303096918
MIMFOF_clean,5.18488,4.28306,5.18488,1.821,982.945,539.783,0.0,0.0,0.4352,0.23899,0.0,0,0.004618996,0.40475989,0.40061357867937386
MIMKIE_clean,5.77879,3.6694,5.74168,1.1744,1435.84,1222.62,0.0,0.0,0.5446,0.463725,0.0,1,0.004385092,0.417561412,0.3986779995877708
MIMSOS_clean,11.1144,9.75442,11.1107,0.986032,1267.43,1285.39,0.0,0.0,0.613,0.621683,0.0,1,0.00475589,0.400075652,0.4113365272948153
MIMSUY_clean,11.16343,10.81199,11.16343,0.974993,1274.86,1307.56,0.0,0.0,0.613,0.628722,0.0,1,0.004404374,0.386010551,0.3811151576571824
MINCIX_clean,10.4943,7.36608,10.44985,0.729721,2144.38,2938.63,0.0,0.0,0.7612,1.04314,0.0,1,0.003277035,0.316421549,0.32400709949728757
MINCUJ_clean,12.01283,7.57315,11.94291,0.692877,2023.51,2920.44,0.0,0.0,0.7558,1.09081,0.0,1,0.002879513,0.290164911,0.28531876531560707
MINVOU01_clean,6.55615,6.26734,6.55615,1.05162,1586.57,1508.69,0.0,0.0,0.6118,0.581771,0.0,0,0.002893734,0.274667233,0.27969681155693427
MINVUA01_SL,6.89591,6.55778,6.89591,1.0419,1703.36,1634.86,0.0,0.0,0.5962,0.572226,0.0,0,0.003841033,0.362197424,0.3726871847563452
MIQLII_clean,6.49396,4.19114,6.49396,1.29248,1977.91,1530.32,0.0,0.0,0.6424,0.497028,0.0,0,0.004267474,0.403564376,0.4059746553183658
MISQIQ02_clean,4.23621,4.07274,4.23621,2.08336,549.107,263.568,0.0,0.0,0.3918,0.188062,0.0,0,0.003637139,0.319901051,0.3214423986779842
MISQIQ03_clean,4.25302,4.08852,4.25302,2.07032,582.277,281.249,0.0,0.0,0.3888,0.187797,0.0,0,0.003576793,0.30899969,0.3196157435847932
MISQIQ04_clean,4.23963,4.07761,4.23963,2.08195,575.722,276.53,0.0,0.0,0.3888,0.186748,0.0,0,0.003559192,0.316211108,0.32391692081668655
MISQIQ05_clean,4.23899,4.07961,4.23899,2.08153,552.922,265.632,0.0,0.0,0.3806,0.182846,0.0,0,0.003550391,0.31414298,0.3078858819392244
MISQIQ_clean,4.24107,4.07806,4.24107,2.08195,577.159,277.221,0.0,0.0,0.3898,0.187228,0.0,0,0.00371383,0.325813759,0.32518800495930866
MITGOL_clean,4.76638,3.82621,4.60043,2.19605,897.1,408.507,0.0,0.0,0.447,0.203547,9.11e-05,1,0.001942669,0.180022355,0.1769686419886629
MITSAK_clean,6.11636,4.97088,6.11301,1.14225,2249.13,1969.04,0.0,0.0,0.6532,0.571855,0.0,1,0.004442583,0.441167756,0.41329419430479775
MITSUE_clean,6.56785,5.33808,6.55603,1.09158,2281.03,2089.65,0.0,0.0,0.6788,0.621849,0.0,0,0.003883762,0.376301107,0.36686964567201696
MIVFEE_clean,15.2363,7.95854,15.22375,1.38989,1237.47,890.338,457.865,329.426,0.6876,0.494716,0.0,1,0.002252038,0.214088969,0.23718845318868578
MIVFOO_clean,15.59545,7.18908,15.59545,1.05942,1203.53,1136.02,437.579,413.035,0.6586,0.621658,0.0,1,0.002359455,0.236965979,0.2517736754641107
MIXBAY_clean,11.02015,7.37075,10.14135,0.640306,2311.05,3609.3,0.0,0.0,0.7544,1.17819,0.0,1,0.003482155,0.358583493,0.3510554382618214
MIXBEC_clean,12.4058,6.44619,12.40529,0.643237,2322.53,3610.7,0.0,0.0,0.758,1.17841,0.0,1,0.004615661,0.436128171,0.4358842091084948
MIXYID_clean,6.97459,5.00942,6.97459,0.914112,2019.19,2208.91,0.0,0.0,0.6354,0.695101,0.0,0,0.007875219,0.722608615,0.7387406059498394
MIXZOK_clean,13.18784,9.81049,13.17941,0.452893,2109.4,4657.62,0.0,0.0,0.8114,1.79159,0.0,1,0.003732792,0.357294358,0.37044333548375796
MIZKOW_clean,3.8316,3.43471,3.8316,1.99445,193.651,97.0949,0.0,0.0,0.3706,0.185815,0.0,1,0.001064707,0.098692356,0.07267405695586782
MOBBIO_clean,5.66644,4.51564,5.66644,0.981281,2678.54,2729.64,0.0,0.0,0.6804,0.693379,0.0,0,0.002237289,0.218970764,0.22041608214876052
MOCKAR_clean,10.84435,6.73283,10.55041,0.748614,2330.25,3112.76,0.0,0.0,0.7394,0.987692,0.0,1,0.003776863,0.39809611,0.37293316753274997
MOCKEV_clean,10.91306,6.61562,10.91306,0.767829,2301.91,2997.95,0.0,0.0,0.734,0.955943,0.0,1,0.003306878,0.339180031,0.32548191592907993
MODMIB_clean,4.79205,3.60409,4.64994,1.39523,1791.62,1284.1,0.0,0.0,0.6494,0.465443,0.0,0,0.000824691,0.086720663,0.08232948622183955
MODNUO_ion_b,4.66372,3.69734,4.59177,1.60534,930.362,579.543,0.167447,0.104306,0.5352,0.333388,0.0,1,0.000893448,0.084639478,0.08054313111952183
MOFBIU_clean,4.73204,4.05435,4.73204,1.35155,598.778,443.031,0.0,0.0,0.4396,0.325256,0.0,1,0.0031692,0.285328594,0.2643652177673882
MOFLAV_clean,10.54329,3.57347,9.99148,0.796722,1428.62,1793.12,0.0,0.0,0.6376,0.800279,0.0,1,0.001811209,0.179822249,0.17953878386410704
MOGNAY_clean,5.98746,4.8264,5.9716,1.48355,1468.56,989.896,0.0,0.0,0.5258,0.35442,0.0,0,0.00307688,0.29227546,0.29066621106090096
MOJNAC_clean,4.66481,4.27217,4.66481,1.62429,1132.96,697.513,6.84199,4.21231,0.5378,0.331099,0.0,1,0.002817431,0.265884232,0.2453395725758441
MOLKAB_clean,6.21836,5.45282,6.15162,1.19004,1495.35,1256.55,0.0,0.0,0.585,0.491579,0.0,1,0.004433454,0.411079305,0.4053444090077639
MOLQEL_clean,7.00282,4.91398,6.98169,0.922936,2510.46,2720.08,0.0,0.0,0.6774,0.733962,0.0,1,0.005274065,0.506016186,0.5076940647367629
MOLRIP_clean,5.54234,3.55384,5.35331,2.01055,805.607,400.69,0.0,0.0,0.4136,0.205715,0.0,1,0.001126563,0.103963471,0.1083483497941844
MOMSIS_clean,6.17338,4.21228,5.94323,1.84008,1775.64,964.98,0.0,0.0,0.577,0.313573,0.0,0,0.002597317,0.237418909,0.24930805990280766
MOPQIT_clean,5.0132,3.85656,5.0132,1.33687,942.288,704.846,0.0,0.0,0.476,0.356055,0.0,0,0.003293865,0.305843569,0.29307553332584557
MOQNUB_clean,4.13558,3.42781,4.13558,1.61589,456.737,282.654,0.0,0.0,0.4966,0.307323,0.0,0,0.007752916,0.680378954,0.6121756497889371
MORFEG_clean,4.79928,3.48721,4.69113,1.33806,713.958,533.579,0.0,0.0,0.4706,0.351704,0.0,1,0.005235403,0.453584804,0.46653026885849075
MORZID_clean,4.19947,3.9712,4.19947,1.83218,696.283,380.03,0.0,0.0,0.4348,0.237313,0.0,0,0.006932535,0.572780263,0.556488987629913
MOSBIG_clean,7.9749,7.17885,7.94814,1.43251,1497.34,1045.25,0.0,0.0,0.5716,0.399019,0.0,1,0.001818137,0.181418767,0.16603626744382494
MOTMAK_clean,5.72133,5.32598,5.72133,0.997473,1372.13,1375.6,0.0,0.0,0.5098,0.511092,0.0,1,0.00795641,0.720100592,0.7063206532524148
MOTVOI_clean,9.87335,7.01536,9.87051,1.00037,1639.71,1639.11,0.0,0.0,0.6506,0.650361,0.0,1,0.004146592,0.384039892,0.3887919689540878
MOVGUB_clean,4.79892,3.66567,4.79892,1.29583,1695.99,1308.8,0.0,0.0,0.5686,0.438791,0.0,1,0.00489609,0.461200596,0.45895595510516274
MOVHEM_clean,4.78648,3.65733,4.78648,1.31907,1696.72,1286.3,0.0,0.0,0.5664,0.429393,0.0,1,0.005126104,0.461104409,0.4998299595446498
MOVKOZ_clean,5.21247,3.83096,5.21247,1.25573,2044.79,1628.37,0.0,0.0,0.592,0.47144,0.0,1,0.005713192,0.529113635,0.5396476869567233
MOXNUJ_clean,7.33692,7.13556,7.33692,0.746109,2128.73,2853.11,0.0,0.0,0.7,0.9382,0.0,1,0.002186938,0.222276721,0.22562953196795144
MOXNUK_clean,5.04646,4.16361,5.04099,1.19416,1034.92,866.655,0.0,0.0,0.4922,0.412174,0.0,0,0.003748727,0.351051666,0.3459671823962592
MOXPUL_clean,12.29446,11.95813,12.29446,0.744524,1605.86,2156.89,0.0,0.0,0.6934,0.931333,0.0,0,0.002897465,0.2809806,0.27322927019369936
MOYNIY_clean,4.76569,4.12526,4.76569,1.26221,800.094,633.883,4.17361,3.30659,0.4918,0.389634,0.0,1,0.004268389,0.378283976,0.38664030431609075
MOYYIJ_clean,12.42053,9.37645,12.42053,0.730593,2207.0,3020.84,0.0,0.0,0.7162,0.980299,0.0,1,0.004396326,0.423772168,0.4112311196253743
MUBQIJ_clean,7.7972,3.97712,7.7972,1.1623,1447.09,1245.01,77.4656,66.6483,0.573,0.492986,0.0,1,0.008036654,0.663588465,0.6701963997273804
MUBZOA_auto,18.72717,7.12,18.72717,0.441638,1990.25,4506.52,0.0,0.0,0.8132,1.84133,0.00045286,0,0.00285241,0.283866129,0.28178822052639163
MUBZUG_auto,18.63539,7.90997,18.63539,0.469492,1954.88,4163.83,0.0,0.0,0.8032,1.71078,0.000425992,0,0.002944429,0.29779728,0.29452408808739783
MUDLON_clean,10.7008,8.31199,10.7008,0.628411,1977.63,3147.04,0.0,0.0,0.7012,1.11583,0.0,1,0.005536577,0.514721425,0.5112673812155624
MUDTAH_clean,18.89368,6.63386,18.89368,0.562193,2169.18,3858.42,0.0,0.0,0.7916,1.40806,0.0,1,0.003760355,0.380660832,0.3641412867668457
MUDTEL_clean,19.09514,6.59272,18.85083,0.559282,2154.91,3853.0,0.0,0.0,0.789,1.41074,0.0,1,0.003502395,0.347834631,0.3459959145804137
MUFXUI_clean,6.32175,3.7026,6.31403,1.91517,995.288,519.687,0.0,0.0,0.5032,0.262744,0.0,1,0.001858108,0.17894636,0.16078476998968888
MUFYAP_clean,6.26363,3.70776,6.26313,1.90371,978.115,513.793,0.0,0.0,0.5022,0.2638,0.0,1,0.001816705,0.179973342,0.1590187075151545
MUGFOK_clean,5.96918,4.1656,5.96918,1.0315,1325.72,1285.24,0.0,0.0,0.5408,0.524287,0.0,0,0.003033104,0.287726202,0.30000850652710287
MUGQAI_clean,4.49067,3.71104,4.4722,1.86928,279.265,149.397,0.0,0.0,0.3624,0.193872,0.0,1,0.005761826,0.419035821,0.43164127978442673
MUHNAG_clean,5.2054,3.59701,5.17347,1.40338,910.102,648.507,0.0,0.0,0.4596,0.327495,0.0,0,0.007894264,0.619697087,0.6399559687571983
MUHNUA_clean,6.00569,3.96893,5.96297,1.13245,277.836,245.342,598.929,528.881,0.5278,0.466071,0.0,1,0.004027821,0.374718993,0.32852949271705567
MUJRIT_clean,6.24948,5.12409,6.24249,1.30647,1092.9,836.531,0.0,0.0,0.5376,0.411492,0.0,1,0.001837312,0.172675229,0.1690916255150528
MULQOA_clean,5.82935,5.12372,5.78502,1.29204,2093.52,1620.33,0.0,0.0,0.6306,0.488067,0.0,1,0.003868651,0.361345856,0.35935152492940303
MUNDEG_clean,13.44844,12.65122,13.43461,0.869875,2175.3,2500.7,0.0,0.0,0.7658,0.880357,0.0,1,0.002071155,0.209096477,0.20043750388664788
MUNDOQ_clean,14.169,13.34985,14.06749,0.845802,2182.1,2579.91,0.0,0.0,0.7752,0.916526,0.0,1,0.00206029,0.204516854,0.19859702098585508
MUNNUF_clean,7.33223,5.00492,7.33223,0.937356,1880.0,2005.64,0.0,0.0,0.6136,0.654607,0.0,1,0.005285912,0.493793218,0.49196209109995026
MUNPER_clean,7.09681,5.52234,7.09517,0.917986,1955.18,2129.86,0.0,0.0,0.6202,0.675609,0.0,0,0.004551442,0.441535286,0.4382870743591051
MUPTAU_clean,4.1653,3.49014,4.1653,1.2541,633.589,505.216,0.0,0.0,0.52,0.414641,0.0,0,0.004004337,0.374806739,0.3806607769466961
MUQSAU_clean,6.10574,5.26029,6.08367,1.19181,1276.39,1070.97,0.0,0.0,0.5272,0.442354,0.0,1,0.002833708,0.27804069,0.2627290326430536
MURBEI_clean,7.16636,5.68293,7.16636,0.873364,2436.63,2789.93,0.0,0.0,0.6948,0.795545,0.0,0,0.006584924,0.642398511,0.6105587977887851
MURCAD_clean,4.60111,3.76823,4.60111,1.18753,1551.89,1306.82,0.0,0.0,0.5832,0.491102,0.0,1,0.004501701,0.43366117,0.4183694640329774
MURCOR_clean,8.10583,6.88134,8.10583,1.58436,1015.28,640.812,0.0,0.0,0.5632,0.355475,0.0,1,0.000691837,0.067698508,0.06447967357467177
MURFIQ_clean,7.24055,5.2237,7.22777,1.12426,739.654,657.9,0.0,0.0,0.487,0.433172,0.0,0,0.000901645,0.090654652,0.08998978574577449
MUSCAG_clean,5.66812,5.1578,5.66812,1.35058,1261.14,933.776,0.0,0.0,0.5436,0.402493,0.0,1,0.002828478,0.272817217,0.2546129738949584
MUSSIE_clean,8.74352,7.39002,8.74352,1.23265,727.688,590.344,539.668,437.811,0.5772,0.468259,0.0,0,0.008968864,0.757794753,0.710615285621234
MUTDEM_clean,7.7486,3.51419,7.7486,0.965915,1652.66,1710.98,19.3,19.9811,0.6184,0.640222,0.0,1,0.00285205,0.294466553,0.27470953620924127
MUVHER_clean,5.24679,3.7317,5.24381,0.97664,759.504,777.67,505.736,517.833,0.5526,0.565818,0.0,0,0.014883917,1.118487466,1.0631792565376066
MUVJIX_clean,5.57567,4.9751,5.5219,1.4259,1132.91,794.523,0.0,0.0,0.4782,0.335368,0.0,1,0.003357765,0.318141716,0.3036653548899645
MUVNAT_clean,5.6328,3.44137,5.05356,2.33052,1152.05,494.331,0.0,0.0,0.4892,0.209911,0.0,1,0.00101971,0.106143277,0.1045541202442608
MUVROM_clean,6.53947,4.17251,6.17765,1.42791,635.748,445.228,276.909,193.926,0.462,0.323549,0.0,1,0.007932673,0.59849373,0.6201955324857373
MUWQEB_clean,15.66484,9.57746,15.5128,0.72296,1280.06,1770.59,458.981,634.865,0.7258,1.00393,0.0,1,0.003603101,0.368618319,0.351946373517047
MUZGAQ_clean,8.01686,3.8968,7.05023,1.88749,1060.89,562.066,12.103,6.41222,0.5204,0.27571,0.000105961,1,0.000999056,0.095105127,0.0977843825976833
MUZKAV_clean,17.45826,13.87931,17.45826,0.40339,1714.83,4251.06,45.6222,113.097,0.8208,2.03476,0.0,1,0.005594554,0.549461891,0.5067765186328942
MUZVUA_clean,6.29282,4.92678,6.2328,1.05196,1843.91,1752.83,0.0,0.0,0.6012,0.571503,0.0,1,0.003900276,0.367783343,0.37156870511251316
NABMUA01_clean,6.23732,6.06718,6.23732,1.12213,1424.12,1269.12,0.0,0.0,0.5374,0.47891,0.0,1,0.010119234,0.877963325,0.8271789801954053
NABMUA_clean,6.23863,6.07222,6.23863,1.11938,1449.31,1294.74,0.0,0.0,0.536,0.478835,0.0,1,0.009891918,0.860848621,0.8023576296811279
NACVUI_clean,4.77526,3.80831,4.76074,1.15827,1072.88,926.279,0.0,0.0,0.5544,0.478644,0.0,0,0.006502339,0.579824364,0.589217990937672
NACYAU_clean,9.59326,6.44061,9.30682,0.587991,2547.85,4333.14,0.0,0.0,0.7478,1.27179,0.0,1,0.004201713,0.408268345,0.4055073968427896
NACYOG_clean,5.74941,4.06197,5.74941,1.46194,999.211,683.482,0.0,0.0,0.4946,0.338317,0.0,1,0.003746326,0.344387012,0.32388949587893634
NACYUM_clean,5.55428,3.97006,5.53082,1.38654,927.307,668.791,0.0,0.0,0.4542,0.327578,0.0,1,0.004111199,0.37154597,0.35341825874946703
NADZEZ_clean,4.52715,3.99796,4.52715,1.63451,828.325,506.772,0.0,0.0,0.4522,0.276657,0.0,0,0.012533058,0.901788977,0.8542783664736266
NADZID_clean,5.01289,4.70268,4.9859,1.56754,1059.53,675.918,0.0,0.0,0.4664,0.297536,0.0,0,0.011858607,0.879845276,0.855753695473076
NAFSOF_clean,10.41333,8.31604,10.41316,0.437831,2285.29,5219.56,0.0,0.0,0.8158,1.86328,0.0,1,0.003310495,0.337818935,0.3259958547881624
NAGBUU_clean,4.53887,4.18445,4.52808,1.74664,609.414,348.906,0.0,0.0,0.3514,0.201186,0.0,1,0.002232251,0.19818832,0.17706050644695492
NAGCAB_clean,7.89572,6.99253,7.70374,1.77084,1845.07,1041.92,0.0,0.0,0.6216,0.35102,0.0,1,0.000757835,0.074179275,0.07778319591257371
NAGQET_clean,6.32737,4.10631,6.32737,1.16822,1034.31,885.371,0.0,0.0,0.4844,0.414648,0.0,0,0.004362136,0.38161858,0.38044193158274686
NAHFIO_clean,5.2589,3.87482,5.25696,1.10135,1180.95,1072.27,0.0,0.0,0.523,0.474873,0.0,0,0.002475776,0.239258653,0.2670618798717318
NAHHAI_clean,6.03251,4.99461,5.9659,1.6794,1408.86,838.909,0.0,0.0,0.5636,0.335597,0.0,1,0.003204671,0.309480264,0.2870395515858153
NAHNES_clean,12.52913,11.45257,12.52913,0.578749,2093.33,3616.99,0.0,0.0,0.7668,1.32493,0.0,1,0.003305534,0.322094541,0.32116619272364455
NAJTAW_clean,6.34991,4.99732,6.34991,1.15815,2148.84,1855.41,0.0,0.0,0.6062,0.523422,0.0,1,0.00555333,0.528368435,0.5187607896927686
NAJTEA_clean,5.94588,4.33133,5.94588,1.22585,1966.72,1604.37,0.0,0.0,0.5868,0.478688,0.0,1,0.006651695,0.578963708,0.590263478717417
NAKLIW_clean,5.07535,4.01579,4.60929,1.15907,1720.4,1484.3,0.0,0.0,0.6208,0.535603,0.0,1,0.005992263,0.550334398,0.5640440924965451
NALWOO_clean,9.16164,8.79623,9.14564,1.02635,1440.32,1403.34,0.0,0.0,0.5862,0.571148,0.0,1,0.002501404,0.249742827,0.2452766398623175
NANTII_clean,10.0936,8.00204,10.0936,0.620421,2302.26,3710.81,0.0,0.0,0.7974,1.28526,0.0,1,0.001923874,0.187981514,0.19157419412221216
NAPNEA_clean,6.09623,3.46864,4.58597,0.972297,496.247,510.387,355.216,365.337,0.5562,0.572048,0.0,0,0.002844034,0.248056141,0.2921062039666541
NAPZOV_clean,5.15523,4.10902,5.14793,1.47553,1007.23,682.626,0.0,0.0,0.5412,0.366783,0.0,1,0.005325685,0.46673862,0.46787868821839756
NAQLAT_clean,6.1178,3.53855,6.08833,1.24225,1087.35,875.308,0.0,0.0,0.5306,0.427128,0.0,1,0.010799416,0.86538969,0.8549687432688811
NAQQED_clean,8.84631,4.18602,8.84631,1.16199,2235.29,1923.68,0.0,0.0,0.7052,0.606892,0.0,1,0.001559986,0.157254524,0.1614150820240643
NAQQIH_clean,8.86151,4.15241,8.85959,0.875522,2235.36,2553.18,0.0,0.0,0.7024,0.802264,0.0,1,0.002379036,0.226946512,0.24263040332061964
NAQQON_clean,9.07609,4.33235,9.07609,1.01182,2282.57,2255.9,0.0,0.0,0.7134,0.705063,0.0,1,0.001623717,0.167447043,0.16566840236240182
NAQRAA_clean,8.82176,4.19423,8.82039,1.0822,2240.28,2070.12,0.0,0.0,0.7116,0.657551,0.0,1,0.001651803,0.164017624,0.17316397591743565
NAQREE_clean,8.85655,4.22407,8.85397,1.08196,2247.94,2077.65,0.0,0.0,0.7126,0.658619,0.0,1,0.001541223,0.164389704,0.16200148868581044
NARMUR_clean,3.85567,3.41897,3.84405,2.08835,240.166,115.003,0.0,0.0,0.399,0.19106,0.0,1,0.000884915,0.081812262,0.053377899777694804
NARPUU_clean,4.57962,3.51552,4.57962,1.96606,599.01,304.676,0.0,0.0,0.431,0.219221,0.0,1,0.002792539,0.24905119,0.2254500333158842
NASREH_clean,7.10434,4.41446,7.10434,0.83655,2601.4,3109.67,0.0,0.0,0.663,0.79254,0.0,1,0.005379296,0.51024859,0.5136825584966631
NASRIL_clean,7.12232,4.94837,7.12232,0.851796,2450.87,2877.3,0.0,0.0,0.6816,0.800191,0.0,1,0.005088163,0.495686662,0.5027547122858914
NASROR_clean,13.45228,4.98216,13.45228,0.776126,1903.68,2452.8,0.0,0.0,0.7,0.901915,0.0,1,0.005356524,0.512685663,0.4910491055339774
NATFAS_clean,6.53453,3.93626,6.37422,1.34798,1587.17,1177.44,0.0,0.0,0.564,0.418403,0.0,0,0.007369827,0.64709776,0.6714896749652224
NATHOH_ion_b,5.49353,3.97352,5.49353,2.17321,1195.36,550.044,0.0,0.0,0.4624,0.212773,0.0,1,0.001086994,0.104341198,0.11099933341263646
NATHUO_clean,7.56745,6.68911,7.56745,1.07613,1712.53,1591.37,0.0,0.0,0.6018,0.559224,0.0,1,0.003216956,0.301107346,0.3178247234237961
NATKIF_clean,17.00981,12.93858,16.43746,0.345463,1901.41,5503.94,0.0,0.0,0.8556,2.47668,0.0,1,0.004055315,0.397373663,0.38988881708881856
NATKOL_clean,7.96067,5.75072,7.91611,0.695846,2746.18,3946.53,0.0,0.0,0.699,1.00453,0.0,1,0.004280756,0.417658101,0.42652491452970837
NAVJAW01_clean,11.39615,10.64646,11.39615,1.17113,1550.28,1323.75,0.0,0.0,0.633,0.540502,0.0,1,0.002202886,0.221271575,0.2150771464475144
NAVLIG_clean,4.05904,3.742,4.05904,1.16225,487.528,419.471,0.0,0.0,0.474,0.407831,0.0,0,0.005041744,0.472485512,0.46395594727025297
NAWWUG_clean,5.71546,4.10727,5.46236,1.11201,1652.38,1485.94,0.0,0.0,0.5826,0.523916,0.0,1,0.005932615,0.523928774,0.5509602749821487
NAWXER_clean,9.09863,5.59872,6.09599,0.664973,2891.83,4348.79,0.0,0.0,0.734,1.1038,0.0,1,0.004434645,0.446995849,0.42832577829796603
NAXKOO_clean,7.154,7.00039,7.154,1.18269,1555.75,1315.44,0.0,0.0,0.5548,0.469101,0.0,0,0.006197945,0.58974881,0.5679828581436618
NAXLII_clean,5.86925,5.28522,5.86925,1.2305,998.395,811.372,0.0,0.0,0.5042,0.409751,0.0,1,0.002445096,0.237958232,0.2346907975304631
NAYMOQ_clean,4.042,3.49537,4.03529,1.20973,330.783,273.436,0.0,0.0,0.4026,0.332802,0.0,1,0.000821839,0.078747547,0.07990455301618327
NAYPIM_clean,5.76963,3.48376,5.76943,1.68342,1111.0,659.968,0.0,0.0,0.502,0.298203,0.0,0,0.004270051,0.379915769,0.38018520535175493
NAYXOC_clean,8.15867,4.39162,7.93074,1.10978,1802.12,1623.85,0.0,0.0,0.6112,0.550741,0.0,1,0.00379438,0.348863148,0.3598418446481932
NAYZUK_SL,9.49894,7.59757,9.49894,1.33539,970.819,726.992,135.046,101.128,0.563,0.421599,0.0,0,0.00330677,0.313650881,0.3015118253200152
NAZZEV_clean,9.68562,8.04863,9.67315,1.02009,1679.74,1646.65,0.0,0.0,0.6478,0.635039,0.0,1,0.003574314,0.352891226,0.3481386456406548
nchem.2258-s3_clean,11.60468,9.32321,11.60031,0.548188,2435.64,4443.09,11.1166,20.2788,0.7802,1.42324,0.0,1,0.005243368,0.500092401,0.48729976620073173
ncomms11831_ncomms11831-s2_clean,4.88753,3.53737,4.88616,1.57042,403.532,256.959,0.0,0.0,0.3336,0.212428,0.0,0,0.015278249,0.788347376,0.7762235884949551
ncomms7350-s2_clean,6.32642,5.9567,6.32642,1.52435,1274.9,836.355,0.0,0.0,0.531,0.348344,0.0,1,0.001949806,0.176757952,0.19238725328271455
NDAIAH_clean,6.63827,3.41985,6.40814,1.54439,1188.39,769.486,0.0,0.0,0.551,0.356774,0.0,1,0.001527074,0.151281091,0.15816301111293163
NEDVUP_clean,7.10231,5.27516,7.10043,0.883179,2108.77,2387.7,0.0,0.0,0.6378,0.722164,0.0,1,0.003416853,0.341291495,0.3381207311276573
NEDWAW_clean,8.21752,5.99671,8.17631,0.756185,2155.93,2851.06,0.0,0.0,0.6702,0.886291,0.0,0,0.00341454,0.328773157,0.3359521625684888
NEDWEA_clean,7.23193,5.49922,7.23193,0.857312,2138.95,2494.95,0.0,0.0,0.6398,0.746286,0.0,1,0.003409269,0.338292694,0.33910260557718735
NEDWIE_clean,8.99031,6.43493,8.98641,0.682799,2139.49,3133.41,0.0,0.0,0.724,1.06034,0.0,1,0.002691277,0.277111347,0.2736338386182833
NEDXOL_clean,5.99531,3.70069,5.99531,1.19863,1096.35,914.669,0.0,0.0,0.5274,0.440003,0.0,0,0.006343448,0.526501756,0.5474699324035952
NEGZUW_clean,6.52732,5.75532,6.52732,1.40591,2132.81,1517.03,0.0,0.0,0.6336,0.450668,0.0,1,0.001622692,0.15243623,0.1545820482581748
NEHGEO_clean,5.2858,4.45812,5.28563,1.33637,1775.08,1328.28,0.0,0.0,0.5648,0.422636,0.0,1,0.005836768,0.519871411,0.531043006341606
NEHGIS_clean,5.25791,4.32138,5.25791,1.34435,1760.82,1309.79,0.0,0.0,0.5618,0.417897,0.0,1,0.006150588,0.545361788,0.5551420980523811
NEJSAY_clean,4.50943,3.7344,4.50943,1.24034,1046.3,843.559,44.3105,35.7246,0.5234,0.421982,0.0,0,0.006044949,0.504962765,0.5428656554005521
NEJSEC_clean,5.81645,3.98304,5.23805,1.24255,1038.8,836.024,5.34967,4.30539,0.5324,0.428473,0.0,0,0.006544625,0.558914758,0.5471881361088794
NEJSOM_clean,5.41485,4.53855,5.40953,1.12052,1544.19,1378.11,0.0,0.0,0.5672,0.506195,0.0,0,0.006805628,0.627823563,0.6133961971241966
NEKBEL_clean,4.90746,3.89074,4.89557,1.60125,914.813,571.31,2.67246,1.66898,0.5046,0.315128,0.0,1,0.000684415,0.063392757,0.07988381517405041
NEKMUN_clean,5.69957,3.6274,5.51939,1.30616,1011.9,774.717,0.0,0.0,0.4788,0.366572,0.0,0,0.009816917,0.760018193,0.7400503231422846
NEKREB_clean,7.13295,5.12512,7.13295,1.3542,1081.87,798.902,136.454,100.763,0.5622,0.415152,0.0,1,0.003562335,0.309735335,0.33342814286420774
NELVAC_clean,4.82648,4.29457,4.79942,1.65303,931.318,563.4,0.0,0.0,0.5062,0.306225,0.0,0,0.011131941,0.768007295,0.8009348195119341
NENFAN_clean,7.3527,6.48023,7.3527,2.08229,1229.05,590.24,0.0,0.0,0.526,0.252607,0.0,0,0.019798212,1.367013379,1.0575384429755952
NENHAQ_clean,10.30187,9.48231,10.30187,0.81249,1810.52,2228.36,0.0,0.0,0.7266,0.894287,0.0,1,0.002032189,0.18891042,0.2012428693668027
NEPWIQ_clean,4.3412,3.92268,4.32302,2.14557,765.165,356.625,0.0,0.0,0.4758,0.221759,0.0,1,0.0034917,0.316142957,0.3169341548942831
NERVAJ_clean,12.53445,5.46518,12.53445,1.01277,1389.34,1371.82,0.0,0.0,0.569,0.561827,0.0,1,0.002131291,0.216543543,0.1935680413206346
NERVEN_clean,12.25139,5.76203,12.25139,1.08035,1360.26,1259.1,0.0,0.0,0.5706,0.528164,0.0,1,0.001777191,0.181180068,0.16729774004907494
NETHOJ_clean_h,4.97649,4.04567,4.52041,1.68332,1607.37,954.88,0.0,0.0,0.565,0.335646,0.0,1,0.002430478,0.234430934,0.23410189610983367
NETYIV01_clean,8.07265,7.09602,8.06746,0.782971,2020.36,2580.37,0.0,0.0,0.686,0.87615,0.0,1,0.0028116,0.286656438,0.2838206362043467
NETYIV_clean,8.05298,7.05859,8.05298,0.781018,1992.35,2550.96,0.0,0.0,0.686,0.878341,0.0,1,0.002714275,0.275444449,0.27698102852610096
NEVJEF_clean,6.93106,3.47964,6.92655,1.61189,1003.29,622.432,0.0,0.0,0.4932,0.305976,0.0,1,0.002191321,0.216005033,0.19520011358822392
NEVPOU_clean,6.31655,5.18077,6.31594,1.2374,1037.41,838.376,200.543,162.068,0.5652,0.456764,0.0,1,0.003232256,0.30624878,0.30112473103117243
NEVVAM01_clean,6.94552,5.78544,6.80825,1.42342,1408.53,989.544,0.0,0.0,0.5446,0.3826,0.0,0,0.003369402,0.313958962,0.311193696839267
NEVVAM02_clean,6.83817,5.86962,6.83673,1.42399,1416.84,994.976,0.0,0.0,0.5302,0.372334,0.0,0,0.003258586,0.311449988,0.3003755142632514
NEXVUI_clean,9.07531,8.9508,9.07531,1.35917,693.606,510.314,30.665,22.5615,0.5322,0.391561,0.0,1,0.001398164,0.133376455,0.12991035440395166
NEXXEV_clean,10.14339,9.60102,10.14163,0.701942,1675.6,2387.1,0.0,0.0,0.6396,0.911186,0.0,1,0.004817694,0.450280543,0.44448972503521583
NEYZAU_clean,4.66904,4.09054,4.65339,0.942406,2112.21,2241.29,0.0,0.0,0.6186,0.656405,0.0,1,0.013914936,1.261487562,1.1584126051059462
NEZWOG01_clean,6.15081,4.94067,6.15081,1.68632,1580.27,937.116,0.0,0.0,0.5538,0.328408,0.0,1,0.001113089,0.11507637,0.11489705357812946
NEZWOG_clean,6.42146,5.18119,6.41863,1.71364,1489.36,869.12,0.0,0.0,0.552,0.322122,0.0,1,0.001366188,0.132741331,0.126013567794868
NIBHOW_clean,27.51057,14.88459,27.48878,0.279595,1425.71,5099.19,0.0,0.0,0.8844,3.16315,0.0,1,0.003413742,0.330506459,0.33491090535587986
NIFTIH_clean,4.90975,3.65701,4.90975,1.37616,1012.21,735.536,0.0,0.0,0.5236,0.380479,0.0,1,0.005909409,0.530034214,0.5220322673722162
NIGBOW_clean,11.80846,11.56903,11.80846,0.664854,1743.47,2622.33,0.0,0.0,0.7086,1.0658,0.0,0,0.003117346,0.318132056,0.3062651088529317
NIGDEO_clean,13.9402,7.42068,13.92619,0.633535,2119.03,3344.77,0.0,0.0,0.7538,1.18983,0.0,1,0.004299792,0.420307723,0.41062861240622023
NIGDIS_clean,14.03164,7.36423,14.03164,0.622681,2210.2,3549.5,0.0,0.0,0.7674,1.23241,0.0,1,0.004370076,0.429937466,0.4104867478791854
NIGFIT_clean,7.4378,4.64365,7.4378,1.2326,2395.77,1943.66,0.0,0.0,0.659,0.53464,0.0,1,0.0030421,0.295610478,0.3041934245175214
NIGFUF_clean,7.45855,4.62821,7.45855,1.23037,2420.25,1967.09,0.0,0.0,0.6578,0.534636,0.0,1,0.003043697,0.314652497,0.3058329101907873
NIGGAM_clean,7.44488,4.63983,7.44488,1.22204,2431.75,1989.92,0.0,0.0,0.6646,0.543847,0.0,1,0.003081673,0.302017039,0.30539168889320506
NIGPEA_clean,10.42385,9.24875,10.42385,0.730648,2142.0,2931.64,0.0,0.0,0.6842,0.936428,0.0,1,0.004623113,0.435646462,0.43740750598911005
NIHBAI01_clean,4.75768,3.68765,4.75768,1.76453,773.951,438.616,0.0,0.0,0.4424,0.250719,0.0,0,0.003744831,0.340733595,0.31737543432169824
NIHBAI02_clean,4.7992,3.7527,4.7992,1.74298,825.866,473.823,0.0,0.0,0.449,0.257604,0.0,0,0.003665491,0.345295624,0.3171911476564837
NIHBAI_clean,4.7247,3.65018,4.71583,1.7748,745.205,419.881,0.0,0.0,0.4386,0.247126,0.0,0,0.003741657,0.340394021,0.32081169963316725
NIHBEM01_clean,4.87963,3.68372,4.87963,1.74048,783.372,450.089,0.0,0.0,0.4496,0.258319,0.0,0,0.003598846,0.329927536,0.31583171854460423
NIHBEM02_clean,5.01891,3.78432,5.01891,1.70287,870.252,511.052,0.0,0.0,0.4636,0.272247,0.0,0,0.003757525,0.333226478,0.3213621106333378
NIHBIQ01_clean,5.30133,3.89271,5.30133,1.65496,952.5,575.542,0.0,0.0,0.4798,0.289916,0.0,0,0.00356711,0.304449992,0.3133410251608614
NIHBIQ02_clean,5.38184,3.95166,5.35574,1.6285,1006.66,618.147,0.0,0.0,0.4894,0.300521,0.0,0,0.003440167,0.308850168,0.3061552631542571
NIHBIQ_clean,5.25122,3.88968,5.21988,1.66955,927.396,555.476,0.0,0.0,0.4762,0.285226,0.0,0,0.003613127,0.318382032,0.3136507891056163
NIJZOV_clean,8.62609,7.08161,8.6236,1.5406,1133.11,735.501,0.0,0.0,0.5798,0.376347,0.0,1,0.000594366,0.059310918,0.0645668839451427
NIKDAM_clean,7.96983,7.14498,7.96983,0.958363,1366.23,1425.59,0.0,0.0,0.6056,0.631911,0.0,1,0.002450929,0.223949583,0.246214884987331
NIKJIB_clean,7.23675,3.61132,7.23452,1.15081,1184.22,1029.04,0.0,0.0,0.5324,0.462633,0.0,1,0.002976231,0.287594753,0.2887493625718236
NIKKIC_clean,5.94413,4.27315,5.93398,1.24613,1177.42,944.864,0.0,0.0,0.498,0.399638,0.0,1,0.004380429,0.399647626,0.38859312257078465
NIKYOW02_clean,4.72463,3.68194,4.72463,1.75151,766.584,437.671,0.0,0.0,0.4498,0.256808,0.0,0,0.003565523,0.328859625,0.31653710541386204
NIKYUC01_clean,4.94759,3.68791,4.94354,1.71164,846.153,494.351,0.0,0.0,0.4572,0.267112,0.0,0,0.003633755,0.327171277,0.3159190336921493
NIKYUC_clean,4.9018,3.64376,4.89963,1.7317,810.432,467.997,0.0,0.0,0.4504,0.260091,0.0,0,0.003682946,0.332368023,0.31723850792365493
NIKZAJ01_clean,4.60883,3.61545,4.57384,1.79637,691.539,384.965,0.0,0.0,0.4298,0.23926,0.0,0,0.003706748,0.329318208,0.3183657179029814
NIKZAJ02_clean,4.67382,3.68928,4.66396,1.76633,754.073,426.914,0.0,0.0,0.4402,0.249217,0.0,0,0.003717855,0.334203943,0.3146726366634844
NIKZAJ_clean,4.56098,3.58427,4.53545,1.81346,655.548,361.491,0.0,0.0,0.426,0.234911,0.0,0,0.003665491,0.323869161,0.3127814100159382
NIKZEN01_clean,4.86464,3.71164,4.85271,1.72603,830.972,481.435,0.0,0.0,0.4544,0.263263,0.0,0,0.003765459,0.335205209,0.3205229518694581
NIKZEN02_clean,4.94738,3.78699,4.94738,1.70037,871.961,512.806,0.0,0.0,0.4662,0.274175,0.0,0,0.003711508,0.326152556,0.31720485406651144
NIKZEN_clean,4.82301,3.70763,4.82301,1.74152,807.966,463.944,0.0,0.0,0.4514,0.259199,0.0,0,0.003800369,0.340854191,0.32084952176842235
NIMPEG01_clean,8.44,5.51406,8.10508,0.6075,2688.56,4425.61,0.0,0.0,0.7444,1.22535,0.0,1,0.004298751,0.41876752,0.4264279678464541
NIMPEG_clean,5.8871,5.25211,5.8871,0.735505,2646.72,3598.51,0.0,0.0,0.6844,0.930517,0.0,1,0.004501611,0.454624035,0.4294759866379168
NIMPOQ_clean,9.48433,7.47639,9.46555,0.558554,2612.29,4676.87,0.0,0.0,0.765,1.36961,0.0,1,0.0042705,0.407540143,0.419562846449835
NIMTAE_clean,4.79937,4.4136,4.79752,1.0571,1265.99,1197.61,0.0,0.0,0.5494,0.519725,0.0,0,0.005304145,0.494774184,0.5127053073769479
NIMXAK_clean,11.51604,3.85375,11.50661,0.98882,1692.19,1711.32,0.0,0.0,0.6486,0.655933,0.0,0,0.003354492,0.32352463,0.32486796407499463
NIMXIS_clean,10.63837,6.01154,10.63837,1.05177,1918.06,1823.65,0.0,0.0,0.667,0.634168,0.0,1,0.001826472,0.187938389,0.18233578048454507
NIRGAY_clean,8.4539,5.80719,8.43976,0.806367,1866.49,2314.69,0.0,0.0,0.644,0.798644,0.0,1,0.003283804,0.333270019,0.3220518037660337
NISBEX_clean,4.31898,3.41744,4.31844,1.44504,366.268,253.467,91.9485,63.6306,0.472,0.326636,0.0,1,0.001686464,0.169672579,0.1624898287789317
NIVZOJ_clean,9.94924,7.55081,9.94924,0.836734,2096.15,2505.16,0.0,0.0,0.7358,0.879372,0.0,1,0.001147271,0.11907641,0.12108302142877175
NIYJAI_clean,5.86863,4.46882,5.70658,1.13108,1072.3,948.033,0.0,0.0,0.5246,0.463806,0.0,0,0.003941554,0.355848071,0.3569902129283096
NIZNAN_clean,5.62761,3.49058,5.62761,1.17342,1545.25,1316.88,0.0,0.0,0.567,0.483203,0.0,1,0.006243413,0.54521591,0.5698377733733775
NIZZEC_clean,8.3208,7.63206,8.31922,1.20763,2065.46,1710.34,0.0,0.0,0.6766,0.560269,0.0,0,0.002610897,0.250700108,0.2529517280276689
NIZZIG_clean,8.38921,7.68868,8.37589,1.19762,2072.68,1730.66,0.0,0.0,0.6836,0.570798,0.0,0,0.002593123,0.255014737,0.25196921372760805
NIZZOM_clean,8.52507,7.77175,8.50752,1.1812,2086.39,1766.33,0.0,0.0,0.685,0.579917,0.0,0,0.002670146,0.25540578,0.25406910215451084
NOBVOR_clean,5.28259,5.11208,5.27848,1.1717,1472.77,1256.95,0.0,0.0,0.5292,0.451653,0.0,0,0.007240581,0.628716644,0.640204034960268
NOCKUM_clean,6.00758,5.1022,6.00758,1.07326,1338.2,1246.86,0.0,0.0,0.5502,0.512645,0.0,1,0.004339571,0.416343377,0.40188192342303175
NOCLOH01_clean,5.48382,4.82541,5.46744,1.30816,1237.43,945.928,0.0,0.0,0.5374,0.410806,0.0,1,0.005254341,0.495726931,0.4817529808794807
NOCLOH03_clean,5.53774,4.87922,5.44835,1.29563,1278.59,986.85,0.0,0.0,0.5392,0.416168,0.0,1,0.005188133,0.489027048,0.47724574835271893
NOCLOH_clean,5.4394,4.78188,5.37771,1.31451,1235.22,939.686,0.0,0.0,0.5324,0.405018,0.0,1,0.005603772,0.494003683,0.5177858666338849
NOCLUN_clean,6.26764,5.77209,6.22951,1.07441,1685.14,1568.43,0.0,0.0,0.6158,0.57315,0.0,1,0.003267365,0.326238296,0.3203892266243574
NOCYUB_clean,4.54438,4.10807,4.54438,1.72564,433.752,251.357,0.0,0.0,0.3964,0.229712,0.0,1,0.001462581,0.136939063,0.12290517599965517
NODKAT_clean,4.87174,3.58316,4.87174,1.20089,870.838,725.159,0.0,0.0,0.5258,0.437841,0.0,0,0.00707416,0.590462816,0.6046836825487476
NODKOH_clean,5.43236,4.66054,5.43106,1.05473,1385.41,1313.52,0.0,0.0,0.5884,0.557866,0.0,0,0.005178952,0.477959762,0.507138608561071
NODKUN_clean,8.11946,6.79716,8.07056,0.764763,2379.51,3111.44,0.0,0.0,0.6852,0.895963,0.0,0,0.006038361,0.574553548,0.578355466703065
NOFHOG_clean,6.65675,5.09348,6.63927,0.822826,2730.97,3319.01,0.0,0.0,0.6932,0.842462,0.0,1,0.004645556,0.460472404,0.4494653711145479
NOFQAB_clean,21.07333,4.609,21.07333,0.947534,1218.66,1286.14,157.272,165.98,0.655,0.691268,0.0,0,0.005838446,0.464548434,0.5155969834626347
NOFQIK_clean,4.9549,4.61383,4.95259,1.45912,792.567,543.181,0.0,0.0,0.5256,0.360216,0.0,1,0.001529546,0.15104742,0.15308219392331007
NOGDAP_clean,6.90613,3.48821,6.90608,1.43733,1400.84,974.616,0.0,0.0,0.5538,0.385299,0.0,0,0.003812694,0.338989406,0.35051234681506327
NOHFOG_clean,5.40858,4.54107,5.33613,1.66638,1542.3,925.536,0.0,0.0,0.5474,0.328496,0.0,1,0.0034192,0.297038545,0.30265901419473795
NOHLAZ_clean,4.58304,3.41283,4.57147,1.83959,742.915,403.849,0.0,0.0,0.415,0.225594,0.0,1,0.001709952,0.161142382,0.16458823804434491
NOHSIM01_clean,4.97938,3.79602,4.89937,1.44217,1518.59,1052.99,0.0,0.0,0.5942,0.412019,0.0,0,0.005856576,0.532135394,0.5374123462612067
NOHSIM_clean,4.94525,3.77888,4.76061,1.43422,1498.07,1044.52,0.0,0.0,0.608,0.423923,0.0,0,0.004026314,0.38921983,0.3859022260388843
NOHSUA_clean,8.36544,4.75817,8.32279,0.872139,1620.2,1857.73,0.0,0.0,0.5908,0.677415,0.0,1,0.004104994,0.384251702,0.3855621824420066
NOKJON_clean,7.47331,5.41094,7.47331,2.39941,2004.26,835.312,0.0,0.0,0.6598,0.274984,0.0,1,0.001105315,0.101757693,0.10310165413980488
NOKLIJ_clean,11.48526,10.66621,11.48526,1.19832,1550.1,1293.56,0.0,0.0,0.646,0.539086,0.0,1,0.002532672,0.245788646,0.24900752328433617
NOQKOV_clean,5.57218,4.25994,5.56937,1.06467,1684.1,1581.8,0.0,0.0,0.536,0.503441,0.0,0,0.005817909,0.520623983,0.5619592300932343
NOQKUB_clean,5.39399,4.39499,5.39187,1.00245,1858.17,1853.63,0.0,0.0,0.55,0.548657,0.0,0,0.006740883,0.613891811,0.6302232544673593
NOSHEK_clean,5.7194,3.87373,5.09672,1.68613,1874.51,1111.72,0.0,0.0,0.614,0.364148,0.0,1,0.003169412,0.296314663,0.28207635888632043
NOSTUM01_clean,6.02005,5.48184,6.00511,0.946326,1720.55,1818.13,0.0,0.0,0.6136,0.648402,0.0,1,0.005946691,0.558941664,0.5486070586498615
NOSTUM_clean,5.81524,5.30062,5.7997,0.959933,1717.62,1789.31,0.0,0.0,0.6084,0.633794,0.0,1,0.006209763,0.575508907,0.571009646734179
NOWGIR_clean,9.36325,6.59726,9.2981,1.43951,1651.33,1147.14,0.0,0.0,0.634,0.440427,0.0,1,0.001429743,0.137188975,0.13566921002359333
NUBPIL_clean,11.57277,9.78079,11.57277,0.608967,2225.04,3653.8,0.0,0.0,0.7688,1.26247,0.0,1,0.003574799,0.328876219,0.3590604439236248
NUCBIY_clean,5.06822,3.86536,5.06061,1.18684,700.396,590.137,0.0,0.0,0.4806,0.404942,0.0,0,0.004208236,0.376631567,0.38097151592293305
NUCCEV_clean,6.52615,3.99784,6.52615,1.00465,1502.03,1495.08,0.0,0.0,0.556,0.553427,0.0,1,0.006141371,0.550293151,0.5588037206149177
NUCPEI_clean,6.7664,4.45805,6.7664,1.03972,2105.55,2025.11,0.0,0.0,0.6338,0.609585,0.0,1,0.009174907,0.85517832,0.8194428872997849
NUCYAN_clean,4.98599,4.20846,4.98599,1.48214,662.288,446.845,0.0,0.0,0.4874,0.328848,0.0,1,0.002034124,0.204426266,0.17566189103286578
NUCYER_clean,4.96656,4.20041,4.96656,1.49997,657.943,438.637,0.0,0.0,0.4852,0.323473,0.0,1,0.002037594,0.200131944,0.17567497688616313
NUCYIV_clean,4.97799,4.21601,4.96375,1.53207,652.698,426.025,0.0,0.0,0.477,0.311344,0.0,1,0.002247322,0.204399589,0.19183596966689453
NUDLIJ_clean,6.93743,5.78938,6.89446,1.14165,1419.26,1243.17,0.0,0.0,0.5428,0.475454,0.0,0,0.004830207,0.444674498,0.43467661285808057
NUDMAC_clean,6.47898,5.73918,6.47898,1.16985,1365.51,1167.25,0.0,0.0,0.54,0.461596,0.0,0,0.004996218,0.454997367,0.4494422344764924
NUDMEG_clean,6.29424,5.40754,6.23822,1.19809,1344.33,1122.06,0.0,0.0,0.5334,0.445207,0.0,0,0.005021636,0.45342622,0.46499003177937887
NUDMUW_clean,6.32198,5.70328,6.32198,1.18747,1340.68,1129.02,0.0,0.0,0.5322,0.448181,0.0,0,0.004985097,0.453871034,0.44527894664136686
NUDNEH_clean,6.40452,5.65537,6.40452,1.17792,1346.46,1143.08,0.0,0.0,0.5262,0.44672,0.0,0,0.004653075,0.446849323,0.4217992529447585
NUFBEX_clean,8.49623,5.29107,8.49623,1.23125,1460.16,1185.92,0.0,0.0,0.5628,0.457098,0.0,1,0.001766379,0.177958927,0.17779549818928148
NUFBOH_clean,6.20415,3.43588,6.19684,1.14211,1512.51,1324.31,0.0,0.0,0.5816,0.509231,0.0,0,0.007808249,0.704585312,0.7280432639946801
NUFBUN_clean,7.53238,5.74054,7.52156,1.07363,1972.83,1837.54,0.0,0.0,0.6478,0.603375,0.0,1,0.003676221,0.355910582,0.35556852498384334
NUFCAU_clean,9.94144,7.33631,9.94144,0.845072,2116.0,2503.93,0.0,0.0,0.7364,0.871405,0.0,1,0.002464751,0.25651748,0.2544576454756695
NUGRIR_clean,8.70402,6.3995,8.695,1.28478,1827.49,1422.42,0.0,0.0,0.645,0.502033,0.0,0,0.001574039,0.150436878,0.1676495546329108
NUGROX_clean,7.91316,6.30977,7.91316,1.24187,1907.41,1535.92,0.0,0.0,0.6464,0.520505,0.0,0,0.001730573,0.168498962,0.1857022430060472
NUHQAK_clean,6.11993,4.14765,6.11993,1.236,1832.14,1482.32,0.0,0.0,0.5934,0.480098,0.0,1,0.005578424,0.496648525,0.5156065712569377
NUHQIS_clean,6.54623,4.66095,6.54623,1.20529,1894.68,1571.97,0.0,0.0,0.5972,0.495483,0.0,1,0.004480749,0.412536277,0.4179373608836781
NUHQOY_clean,6.53062,4.6635,6.53062,1.21249,1899.32,1566.47,0.0,0.0,0.5942,0.490068,0.0,1,0.004531429,0.41463288,0.4282605158979032
NUHQUE_clean,6.55171,4.68685,6.54808,1.21067,1893.64,1564.13,0.0,0.0,0.5964,0.492619,0.0,1,0.004393935,0.41009059,0.41123151698036
NUHRAL_clean,6.51247,4.65457,6.51247,1.22333,1897.36,1550.98,0.0,0.0,0.5928,0.484579,0.0,1,0.004549072,0.417209316,0.42936528633131277
NUHZAS_clean,4.59282,3.63902,4.53366,1.44559,429.681,297.236,0.0,0.0,0.4222,0.292061,0.0,1,0.005818064,0.432313871,0.48315753184340243
NUNNUH_clean,6.00836,4.32228,5.9546,0.799722,2197.7,2748.08,0.0,0.0,0.6854,0.857048,0.0,1,0.004216881,0.413298205,0.41722386811601964
NURMUJ_clean,4.39424,3.64857,4.38802,1.20073,1518.88,1264.97,0.0,0.0,0.6332,0.527347,0.0,1,0.003585639,0.362468088,0.3588218655219127
NUTQAV_clean,10.89201,6.87272,10.20477,0.722737,2294.74,3175.06,0.0,0.0,0.7432,1.02831,0.0,1,0.003443648,0.334828171,0.35028628705751874
NUTYEI_clean,13.08518,12.35732,13.03987,0.787627,1749.9,2221.74,0.0,0.0,0.7456,0.946641,0.0,0,0.002792033,0.272407015,0.26566032190178657
NUTYIM_clean,13.08434,12.35689,13.08434,0.80193,1745.22,2176.28,0.0,0.0,0.7446,0.92851,0.0,0,0.002587725,0.269525961,0.25005217174590005
NUVWEH_clean,5.84014,3.85397,5.84014,1.503,1203.66,800.838,0.0,0.0,0.5116,0.340385,0.0,1,0.001675884,0.160737795,0.16848404323667043
NUVXOT_clean,9.16707,5.75569,9.14121,0.884237,2287.82,2587.34,0.0,0.0,0.7176,0.811547,0.0,1,0.002984208,0.286849823,0.31055910447243207
NUVYOT_clean,4.99931,3.59386,4.8252,1.15218,688.171,597.279,170.523,148.001,0.5094,0.44212,0.0,1,0.004698161,0.422611592,0.42642636488728547
NUWPOM_clean,8.32687,8.01604,8.32687,1.25431,1381.61,1101.49,0.0,0.0,0.5552,0.442633,0.0,1,0.001067956,0.10625981,0.1137667344957708
NUYNEC_clean,8.26029,6.82395,8.26029,1.01384,1779.3,1755.01,0.0,0.0,0.6224,0.613905,0.0,1,0.002461514,0.236452948,0.2514897096883809
NUYQUU_clean,3.95153,3.47099,3.94298,2.33033,494.395,212.157,0.0,0.0,0.4774,0.204864,0.0,0,0.005030687,0.433571449,0.4605788863101121
OBAHOR_clean,8.04827,7.09842,8.046,0.982079,1580.94,1609.79,0.0,0.0,0.5956,0.606469,0.0,0,0.005484177,0.508866276,0.5112921999446568
OBAHUX_clean,8.31415,7.49178,8.31031,0.960232,1571.77,1636.87,0.0,0.0,0.605,0.630056,0.0,0,0.004752231,0.448148829,0.4451094333804672
OBAJAF_clean,9.08651,7.73882,9.08617,0.939446,1595.74,1698.6,0.0,0.0,0.6188,0.658686,0.0,1,0.00488067,0.438412249,0.4469111280817435
OBEDEE_clean,5.83756,4.97252,5.83756,0.932431,2005.16,2150.46,0.0,0.0,0.6298,0.675439,0.0,1,0.003343533,0.342254655,0.3327432981456345
OBIBEJ_clean,8.27924,5.80407,6.33414,0.828843,1754.26,2116.52,0.0,0.0,0.601,0.725107,0.0,1,0.003866141,0.369620432,0.370892790284786
OBIBOT_clean,6.67176,5.057,6.67176,1.21046,1489.16,1230.24,0.0,0.0,0.5556,0.458998,0.0,1,0.004128822,0.388130251,0.38184387171439127
OBODEQ_clean,5.13358,4.46715,5.12837,1.36036,1938.87,1425.26,0.0,0.0,0.5966,0.43856,0.0,1,0.003852172,0.364345539,0.36134042227348045
OBOGUK_clean,8.65239,7.8304,8.65239,0.77452,2430.14,3137.61,0.0,0.0,0.7298,0.942262,0.0,1,0.003445348,0.331230061,0.35473592847374
OBUFEX_clean,5.14759,4.35938,5.14759,1.09987,1567.25,1424.95,0.0,0.0,0.565,0.513698,0.0,0,0.004514942,0.418702919,0.4352405986025152
OBUFIB_SL,4.69226,3.94966,4.47162,1.56841,881.672,562.145,0.0,0.0,0.426,0.271613,0.0,0,0.002815234,0.257744104,0.2534999258406887
OCACUR_clean,5.50745,4.89061,5.44518,1.25128,1937.07,1548.08,0.0,0.0,0.5884,0.47024,0.0,1,0.004685806,0.454024983,0.4406427471389855
OCAQOY_clean,4.53686,3.80641,4.53372,1.60935,541.33,336.366,0.0,0.0,0.3906,0.242707,0.0,1,0.002038609,0.182359432,0.1690152698916313
OCAWAT_clean,5.70065,4.00684,5.61058,1.58378,1148.22,724.987,0.0,0.0,0.5174,0.326687,0.0,1,0.003128558,0.284027983,0.28557215103421907
OCOKUP_clean,5.00304,3.71484,4.99284,1.15999,792.721,683.386,0.0,0.0,0.474,0.408624,0.0,1,0.005022053,0.420249514,0.45933689282747775
OCUGEZ_clean,5.71674,4.14737,5.66007,1.32226,1442.09,1090.62,0.0,0.0,0.5748,0.43471,0.0,1,0.002764873,0.265678282,0.25382516895581775
OCUMOR_clean,5.32208,3.84167,5.31587,1.29298,1290.04,997.724,16.7653,12.9664,0.525,0.406038,0.0,1,0.003334054,0.317772777,0.312542002312877
OCUNAC_manual,36.1506,14.04664,36.1506,0.427517,1422.73,3327.89,0.0,0.0,0.8368,1.95735,0.0,1,0.003410096,0.331287344,0.3326888034726042
OCUPUY_clean,4.6531,4.04819,4.6531,1.52024,995.727,654.982,0.0,0.0,0.479,0.315083,0.0,1,0.0079308,0.683996545,0.6731042654094535
OCUSIP_clean,5.39686,4.96775,5.37929,1.58503,1157.95,730.556,0.0,0.0,0.5014,0.316334,0.0,1,0.003046025,0.292169621,0.2859407384234879
OCUSOV_clean,4.91031,3.4317,4.90721,1.52702,1101.56,721.382,0.0,0.0,0.5004,0.327698,0.0,1,0.005244032,0.462701322,0.47716976905638414
OCUSUB_clean,5.00781,3.40979,5.00781,1.50787,1123.4,745.023,0.0,0.0,0.5152,0.341674,0.0,1,0.004462795,0.407477415,0.39840147437116175
OCUTEM_clean,5.16189,3.4562,5.16189,1.4963,1173.27,784.115,0.0,0.0,0.5098,0.340707,0.0,1,0.004927202,0.438880253,0.4427339650546483
ODERIZ_clean,5.75405,4.36229,5.74596,1.52699,807.66,528.922,146.001,95.6134,0.5294,0.346694,0.0,1,0.004025452,0.343050862,0.35400253946519583
ODIVUU_clean,8.59093,6.84892,8.59093,1.01269,1735.08,1713.33,0.0,0.0,0.6294,0.621511,0.0,1,0.004957647,0.47845988,0.45601952940260687
ODIXEG_clean,10.36031,7.47097,10.26209,0.552173,2299.01,4163.57,0.0,0.0,0.7816,1.4155,0.0,1,0.003480229,0.323619993,0.34709079038442747
ODODIW_clean,7.22618,4.59373,7.22618,0.965963,1948.86,2017.54,0.0,0.0,0.634,0.65634,0.0,1,0.004073046,0.393464848,0.39739214620180796
ODODUI_clean,11.00214,7.6444,10.86092,0.618366,2208.53,3571.55,0.0,0.0,0.7646,1.23648,0.0,1,0.003126498,0.303870182,0.3112482787455212
ODOXEK_clean,5.23174,4.24381,5.21951,1.86723,267.21,143.105,283.845,152.014,0.425,0.22761,0.0,0,0.006988381,0.51096789,0.4461024356905621
ODUNEH_clean,6.66002,5.04848,6.62254,0.964914,2093.57,2169.69,0.0,0.0,0.6352,0.658297,0.0,1,0.004560046,0.439832099,0.44511655114802173
OFAWAV_clean,11.42925,8.90439,11.4135,0.968512,2176.57,2247.34,0.0,0.0,0.7636,0.788426,0.000206502,1,0.001635774,0.165860835,0.1599517854335617
OFAWEZ_clean,10.66695,9.07717,10.66695,0.975199,2204.12,2260.18,0.0,0.0,0.7702,0.789787,0.0,1,0.001757393,0.166372648,0.16631120144930595
OFEREX_clean,6.99117,6.70761,6.99117,1.56791,1544.85,985.293,0.0,0.0,0.5694,0.363159,0.0,1,0.003850491,0.360213312,0.34569201141165656
OFERUN06_clean,11.42842,3.43062,11.4146,0.893311,1495.78,1674.42,0.0,0.0,0.6708,0.750915,0.0,0,0.001512888,0.154212196,0.1538237298956059
OFERUN_clean,11.51766,3.43919,11.48105,0.924676,1442.14,1559.62,0.0,0.0,0.6416,0.693865,0.0,0,0.0019446,0.191370211,0.19232596604142171
OFESAU_clean,7.18693,4.9999,7.18693,1.91678,854.706,445.907,0.0,0.0,0.4402,0.229656,0.0,0,0.002017208,0.181750907,0.19473547409687297
OFESEY_clean,7.30457,5.07688,7.30457,1.8342,871.652,475.221,0.0,0.0,0.451,0.245883,0.0,0,0.002036751,0.182510916,0.18629152074346883
OFESIC_clean,7.36476,5.0904,7.36476,1.82236,878.112,481.855,0.0,0.0,0.4554,0.249896,0.0,0,0.00180636,0.173876781,0.17259780568063438
OFOCUI_clean,11.39371,7.77962,11.39371,0.789274,2336.11,2959.83,0.0,0.0,0.7236,0.916792,0.0,1,0.003580647,0.354227623,0.36096646239277264
OFODET_clean,6.29959,4.57313,6.27845,1.15382,1340.43,1161.73,0.0,0.0,0.519,0.449811,0.0,1,0.0040162,0.38371598,0.3714118786273808
OFUCAV_clean,4.37268,3.46007,4.37113,1.87575,696.078,371.093,0.0,0.0,0.4774,0.254512,0.0,1,0.003557553,0.32538988,0.3293868320941708
OFUCEZ_clean,5.30083,4.49138,5.29823,1.50666,1791.35,1188.95,0.0,0.0,0.5642,0.374471,0.0,1,0.002475294,0.230587728,0.24575026386644716
OGAGEJ_clean,5.64492,5.21899,5.64485,1.05864,1853.73,1751.06,0.0,0.0,0.6242,0.589626,0.0,0,0.003811311,0.3698051,0.3673365005392092
OGAGIN_clean,5.17696,3.68155,5.09885,1.45357,798.238,549.157,0.0,0.0,0.4912,0.337926,0.0,0,0.003836871,0.335756062,0.32620323389750355
OGAXUR_clean,6.21326,5.95602,6.21326,1.24359,1052.97,846.718,0.0,0.0,0.4942,0.397397,0.0,1,0.004599793,0.418640776,0.4201520526884213
OGECOU_clean,6.21029,5.96321,6.17894,1.2702,1037.22,816.577,0.0,0.0,0.4898,0.385607,0.0,1,0.005315986,0.446312111,0.47696870192555446
OGIKAR_clean,10.46212,5.43474,8.12198,0.950984,1724.97,1813.88,0.0,0.0,0.622,0.654059,0.0,1,0.004410931,0.415517456,0.40597817554281523
OGOWAJ_clean,7.34237,6.24854,7.34237,0.908904,1684.85,1853.71,0.0,0.0,0.611,0.672238,0.0,0,0.004566457,0.426383974,0.44296372608401197
OGUJIL_clean,4.11991,3.42248,4.10899,1.27165,539.273,424.075,0.0,0.0,0.4916,0.386586,0.0,0,0.002935672,0.288749849,0.2715912143936138
OGUPIQ_clean,5.83455,3.53797,5.83455,1.63754,706.847,431.65,0.0,0.0,0.4298,0.262466,0.0,1,0.004238622,0.368897623,0.3392850426081587
OHAKEO_clean,5.91842,4.8868,5.91143,1.15127,1254.68,1089.81,0.0,0.0,0.543,0.471652,0.0,0,0.006959255,0.583986818,0.5926195725134105
OHEMIX_clean,4.92196,3.64144,4.8529,1.34136,1406.83,1048.81,0.0,0.0,0.5778,0.430757,0.0,1,0.001971536,0.194530321,0.1921632672631028
OHIHET_clean,4.30684,3.71246,4.30684,1.30435,366.699,281.135,0.0,0.0,0.4222,0.323685,0.0,0,0.004152816,0.36356789,0.34723325466732136
OHOMIH_clean,4.60907,4.30122,4.60907,1.97594,752.524,380.843,0.0,0.0,0.396,0.200411,0.0,1,0.004357195,0.36642608,0.3534321066767644
OHUMEL_clean,14.09837,12.86508,14.09837,0.808879,1803.58,2229.73,0.123257,0.15238,0.8014,0.990754,0.0,1,0.001174246,0.118293893,0.11550847399875896
OJAZOP_clean,4.82674,3.80884,4.82333,2.14546,1510.62,704.1,0.00634264,0.00295631,0.5202,0.242465,0.0,1,0.001426916,0.133766871,0.1468669030932031
OJICUG_clean,8.60682,7.88912,8.60682,0.689805,2294.5,3326.3,0.0,0.0,0.734,1.06407,0.0,1,0.003206559,0.314450069,0.325808478250754
OJIWAG_clean,5.38643,4.20657,5.38643,1.10966,1491.09,1343.75,0.0,0.0,0.561,0.505563,0.0,1,0.006687606,0.607019291,0.6042247135440824
OJIWIO_clean,4.64307,3.99735,4.61496,1.33375,842.543,631.712,0.0,0.0,0.4524,0.339195,0.0,1,0.004690563,0.420001244,0.41669281446724715
OKABAE_clean,14.07417,9.53484,14.07417,0.650845,2097.18,3222.24,0.0,0.0,0.77,1.18308,0.0,1,0.003345307,0.328535466,0.3339319101710898
OKABEI_clean,13.86987,9.42284,13.86987,0.653017,2127.67,3258.22,0.0,0.0,0.7686,1.177,0.0,1,0.003649008,0.35128786,0.35761253453564623
OKAYIK_clean,4.91102,3.55113,4.79222,1.56666,396.357,252.995,0.0,0.0,0.3392,0.216512,0.0,0,0.01466115,0.767454733,0.7461233588704007
OKAYOQ_clean,4.43848,3.73339,4.16809,1.19153,558.623,468.829,0.0,0.0,0.4514,0.378841,0.0,0,0.00804796,0.653465475,0.6648024531675666
OKAYUW_clean,4.44294,3.73093,4.20318,1.19551,569.391,476.274,0.0,0.0,0.4482,0.374902,0.0,0,0.0085997,0.681357465,0.6808099395393739
OKELOH_clean,4.42328,3.40802,4.39617,0.903668,1931.69,2137.61,0.0,0.0,0.6342,0.701806,0.0,1,0.004941975,0.472104523,0.472051646651993
OKIQEG_clean,5.32479,3.99481,5.32479,1.53026,921.294,602.05,0.0,0.0,0.486,0.317592,0.0,0,0.004136256,0.378756635,0.3555872081743515
OKITAE_clean,4.44244,4.08974,4.44244,2.43122,732.513,301.295,0.0,0.0,0.4692,0.19299,0.0,1,0.002698414,0.231331124,0.2344427402405995
OKIVUA_clean,5.10253,4.2044,5.09658,1.08974,982.283,901.395,83.5631,76.6819,0.5216,0.478648,0.0,0,0.007091037,0.625630984,0.6161803052533019
OKIWUB02_clean,5.03837,4.11286,5.03612,1.09856,959.969,873.844,73.9627,67.327,0.5172,0.470799,0.0,0,0.006653751,0.594606385,0.5786785499750077
OKOSUE_clean,8.8545,8.04507,8.8545,0.943263,2011.47,2132.46,0.0,0.0,0.6862,0.727475,0.0,1,0.003164606,0.313054673,0.30451736454156636
OKUKOW_clean,10.73228,5.84434,10.36712,0.736536,2434.56,3305.42,0.0,0.0,0.7384,1.00253,0.0,1,0.004233103,0.42234265,0.41685000320265664
OKUTAR_clean,10.98199,6.35591,10.98199,0.660572,2299.33,3480.81,0.0,0.0,0.7416,1.12266,0.0,1,0.003870583,0.395682085,0.3714070578268687
OKUTEV_clean,23.06458,12.98274,23.06458,0.330655,1597.33,4830.79,0.0,0.0,0.865,2.61602,0.0,1,0.003721715,0.358797233,0.3619548606660034
OLAGIR_clean,5.85131,3.81671,5.85131,1.37856,1640.47,1189.99,0.0,0.0,0.6336,0.459611,0.0,0,0.005716689,0.524705265,0.5217654828157563
OLANAS_clean,8.02314,6.05017,8.02314,1.20795,1391.88,1152.26,0.0,0.0,0.562,0.46525,0.0,1,0.001937087,0.193514627,0.1953539360181299
OLANEW_clean,6.98637,4.05835,6.98637,1.31839,1367.83,1037.5,0.0,0.0,0.5798,0.439778,0.0,1,0.001875377,0.177119138,0.17474739175920045
OLEKUM_manual,6.88265,5.7276,6.86806,1.02354,1835.21,1793.0,0.0,0.0,0.6172,0.603003,0.0,1,0.003431329,0.338982017,0.3326013480405531
OLICIX_clean,16.1602,9.89287,16.13331,0.719139,1270.58,1766.81,424.686,590.547,0.722,1.00398,0.0,1,0.004796755,0.46275496,0.4258628149657097
OLOYOF_clean,10.67083,6.6024,10.66881,0.812728,2368.58,2914.35,0.0,0.0,0.7332,0.902146,0.0,1,0.004496387,0.430629135,0.41674151292171696
OLUCAZ_clean,5.7945,5.1746,5.79081,1.16161,989.952,852.226,0.0,0.0,0.5026,0.432676,0.0,1,0.002164808,0.210807038,0.19247349745194442
om701262m-file004_clean,7.38904,5.39567,7.38902,1.09901,1620.41,1474.43,0.0,0.0,0.5644,0.513555,0.0,1,0.003171744,0.308073016,0.30944534994173334
OMAMEU_clean,5.49135,3.67927,5.48307,2.05035,939.573,458.25,0.0,0.0,0.5336,0.260248,0.0,1,0.006881491,0.551574586,0.5340600667601908
OMIMEE_clean,16.54568,6.7257,16.54568,0.768319,2276.49,2962.95,0.0,0.0,0.7618,0.991516,0.0,1,0.002673797,0.266559902,0.2726036165839997
OMIPAD_clean,5.24341,3.62169,5.16602,1.1791,539.772,457.781,0.0,0.0,0.4566,0.387243,0.0,0,0.009075245,0.619341693,0.6795966387666861
OMIPEH_clean,21.73136,7.72557,21.69935,0.65885,2065.52,3135.04,0.0,0.0,0.8104,1.23002,0.0,1,0.00264879,0.272142062,0.269986625040044
OMOVET_clean,6.41327,4.65956,6.41327,1.12783,2048.27,1816.12,0.0,0.0,0.6196,0.549375,0.0,1,0.006124069,0.568154074,0.5594297225636281
OMUSAS_clean,18.71438,16.17316,18.71102,0.318003,1216.14,3824.31,0.0,0.0,0.8696,2.73457,0.0,1,0.002324599,0.228484641,0.2408465578488088
ONEYOW_clean,8.70869,7.89064,8.69934,0.794155,1863.49,2346.5,0.0,0.0,0.6608,0.83208,0.0,1,0.003032815,0.296811687,0.3081626641425529
ONIXOZ_clean,9.95246,9.1911,9.95246,0.909707,2025.76,2226.82,8.4669,9.30728,0.6802,0.747713,0.0,1,0.005067281,0.495576756,0.4655949693968787
ONUKAL_clean,5.66391,3.7745,5.54501,1.39723,1126.09,805.946,11.0536,7.91109,0.5124,0.366727,0.0,1,0.010939896,0.834167065,0.809755095398365
ONUQOE_clean,5.78941,4.64204,5.78941,1.32315,1185.02,895.611,0.0,0.0,0.5286,0.399503,0.0,0,0.005828586,0.505291191,0.5199282567504754
OPAGIX_clean,11.70127,10.88776,11.68193,0.905898,1551.84,1713.04,0.0,0.0,0.6624,0.731208,0.0,1,0.003831762,0.375593962,0.354544669254504
OPAMOI_clean,4.34496,3.46478,4.34496,1.66467,999.374,600.345,0.0,0.0,0.5336,0.320544,0.0,1,0.003271323,0.313542768,0.28956134012693235
OPENUT_clean,7.63636,6.82671,7.63251,1.41267,1546.48,1094.72,0.0,0.0,0.5554,0.393156,0.0,1,0.002052527,0.198953851,0.20428405066045346
OPIFUQ_clean,17.9991,10.13495,17.99088,0.790446,1197.42,1514.86,384.276,486.151,0.722,0.913408,0.0,1,0.004930038,0.463105112,0.4374799521202749
OPINIL_clean,4.65675,3.54009,4.3607,1.69641,1183.53,697.671,0.0,0.0,0.533,0.314194,0.0,1,0.000536621,0.053247155,0.05609299566213771
OPIXUI_clean,8.41938,5.49258,8.39031,1.03412,1914.8,1851.63,0.0,0.0,0.6428,0.621591,0.0,1,0.00246684,0.2378133,0.2524430448367227
OPIYAP_clean,5.9608,4.59988,5.87453,1.18841,1751.48,1473.8,0.0,0.0,0.5816,0.489391,0.0,1,0.00425649,0.394728738,0.40659209256511486
OPOZEZ_clean,7.29162,6.03013,7.28839,1.13101,1136.3,1004.68,0.0,0.0,0.5256,0.464718,0.0,0,0.002671884,0.243074048,0.24877409330882738
OPUDOT_clean,4.54754,3.94914,4.54754,2.40444,540.357,224.733,0.0,0.0,0.4012,0.166858,0.0,1,0.00697556,0.438838346,0.5170891941985186
OQANIE_clean,7.73235,4.1602,7.73235,1.08482,1352.95,1247.16,189.787,174.948,0.5938,0.547371,0.0,1,0.0089028,0.636332756,0.7115686643669364
OQEPUW_clean,5.11656,4.82152,5.08524,1.96915,768.393,390.215,0.0,0.0,0.4116,0.209024,0.0,1,0.002514792,0.227279977,0.20431953231672056
OQESAF_clean,5.40051,4.82483,5.39518,1.19788,1160.82,969.063,0.0,0.0,0.5318,0.443952,0.0,1,0.007374226,0.654533605,0.6409595856218601
OQESEJ_clean,5.44129,4.56082,5.37025,1.17091,1266.4,1081.56,0.0,0.0,0.5586,0.477065,0.0,1,0.007029694,0.62704578,0.6029855787451601
OQETEK_clean,9.22928,8.86311,9.22928,0.986231,2193.64,2224.27,0.0,0.0,0.7092,0.719101,0.0,1,0.003513693,0.332982356,0.33666403414226526
OQIQIQ_clean,5.6202,4.58328,5.56734,1.81543,1128.03,621.358,0.0,0.0,0.505,0.278171,0.0,1,0.005656179,0.470931118,0.4983709873160663
OQIQOW_clean,5.63723,4.61311,5.63723,1.46954,1129.77,768.793,0.0,0.0,0.507,0.345006,0.0,1,0.007587291,0.6254891,0.6246722390029374
OQIZUL_clean,13.227,6.74608,13.21397,0.868865,2105.53,2423.31,0.0,0.0,0.7146,0.822452,0.0,1,0.004901607,0.41470435,0.43598723498725134
OQOJUB_clean,5.19109,4.86993,5.18739,1.04071,742.936,713.872,0.0,0.0,0.4654,0.447194,0.0,0,0.003383312,0.301325103,0.3053359218984797
OQUCOU_clean,8.09828,4.42359,8.09828,0.85933,2801.31,3259.88,0.0,0.0,0.697,0.811097,0.0,1,0.003098811,0.304105757,0.31493165399878387
OQUFAJ02_clean,10.4008,8.96418,10.4008,1.23779,2032.69,1642.19,0.0386359,0.0312135,0.6356,0.513494,0.000323156,1,0.00380892,0.360834753,0.35366376223189255
OQUFAJ04_clean,10.98593,10.0178,10.98593,1.04962,2124.9,2024.45,7.18544,6.84576,0.6738,0.641947,0.000381091,1,0.002814496,0.278120742,0.28815952397774236
OQUFAJ_clean,11.24927,10.05552,11.24927,1.02086,2177.77,2133.26,0.0,0.0,0.6808,0.666886,0.000195912,1,0.002759757,0.269292942,0.2697681382444294
OQUGUE_clean,11.61723,9.4131,11.61627,1.01509,1836.93,1809.63,0.0,0.0,0.664,0.654132,0.000394056,1,0.003660589,0.336734241,0.34087661767961275
OQUXEF_clean,5.15601,3.95885,4.51563,3.15796,940.396,297.786,0.0,0.0,0.4776,0.151237,0.0,1,0.001087691,0.098668271,0.09636141624738492
OQUXIJ_clean,5.10257,3.94634,4.56846,3.16115,912.504,288.662,0.0,0.0,0.4752,0.150325,0.0,1,0.001065292,0.09901166,0.09502260850602051
ORAGOF_clean,11.1071,8.37381,11.01802,1.02581,1703.75,1660.88,0.0,0.0,0.6588,0.642222,0.0,1,0.001886537,0.189559392,0.18463321635933438
ORAQUU_clean,8.39177,4.98086,8.38728,0.858283,1785.46,2080.27,0.0,0.0,0.5764,0.671573,0.0,1,0.005394651,0.484639631,0.4896604405473815
ORIBAU_clean,6.79191,5.8597,6.78824,0.948194,2192.57,2312.36,0.0,0.0,0.6432,0.678343,0.0,0,0.004327007,0.422595388,0.4173169256467297
ORIVOC_clean,11.63735,10.86073,11.63667,1.22977,1588.45,1291.67,0.0,0.0,0.669,0.544005,0.0,1,0.00255109,0.250450492,0.24794122626380172
ORIWAP_clean,11.38312,11.03917,11.38312,1.17282,1538.11,1311.46,0.0,0.0,0.6442,0.549274,0.0,1,0.00246912,0.242124193,0.24897261588934935
OROKEN_clean,5.0644,3.74541,5.02547,1.65088,1835.83,1112.03,0.0,0.0,0.5786,0.350479,0.0,1,0.00158402,0.153875313,0.14778194738634692
OROLUD_clean,4.90586,4.18695,4.898,1.66342,1280.2,769.617,0.0,0.0,0.5884,0.353728,0.0,0,0.00498621,0.44388568,0.44804935542004776
ORUKET_clean,11.72853,7.7572,11.72853,0.760878,1856.28,2439.65,0.0,0.0,0.6772,0.890024,0.0,1,0.00350445,0.345055467,0.3411906046337485
ORUKOD_clean,4.98278,3.59875,4.86135,1.67769,666.045,397.001,0.0,0.0,0.4328,0.257974,0.0,1,0.00468751,0.364386653,0.380353961213096
ORULEU_clean,5.09262,3.5697,5.08241,1.45149,909.467,626.575,0.0,0.0,0.458,0.315538,0.0,1,0.006245272,0.534953959,0.5126229943841133
OSAVEK_clean,5.46185,5.06196,5.40742,0.991485,1397.48,1409.49,0.0,0.0,0.5638,0.568642,0.0,1,0.004009682,0.37952814,0.3783078987485287
OSAWEL_clean,5.275,4.57502,5.23103,1.20581,1256.21,1041.8,0.0,0.0,0.5198,0.43108,0.0,1,0.009001326,0.758698016,0.751481338906137
OSAXAI_clean,4.39347,3.53304,4.39347,1.30634,641.01,490.691,0.0,0.0,0.4368,0.334369,0.0,0,0.006947027,0.545550031,0.5815000820889992
OSIKUX_clean_h,7.70472,6.98844,7.7017,1.09814,1952.99,1778.44,0.770215,0.701379,0.6478,0.589904,0.0,1,0.002839078,0.280841196,0.2818745309866947
OSIXEU_clean,4.48519,3.90629,4.42091,1.97236,391.928,198.71,0.0,0.0,0.4512,0.228762,0.0,1,0.001496842,0.139472979,0.128982075491474
OSIXIY_clean,4.45544,3.93912,4.44865,1.99203,383.618,192.577,0.0,0.0,0.4342,0.217969,0.0,1,0.001514999,0.138790946,0.12569657742622747
OTABES_clean,7.63161,5.91717,6.56997,0.849248,2347.96,2764.75,0.0,0.0,0.6812,0.802122,0.0,0,0.00717834,0.662397494,0.6558628914609821
OTALUS_clean,12.67704,9.31362,12.67704,0.655199,1619.49,2471.76,0.0,0.0,0.7266,1.10898,0.0,1,0.00214025,0.204291325,0.2126389817595029
OTATOT_clean,5.58723,4.86765,5.58723,1.11303,1703.16,1530.2,0.0,0.0,0.5774,0.518764,0.0,0,0.00197963,0.190928238,0.19829267546141544
OTAVAH_clean,5.59343,4.88116,5.59343,1.10464,1681.99,1522.66,0.0,0.0,0.5666,0.512927,0.0,0,0.001882458,0.193012213,0.18872658161418138
OTECAT_clean,10.77761,8.01894,10.77717,0.584808,2035.46,3480.57,0.0,0.0,0.7422,1.26913,0.0,1,0.003369527,0.331106012,0.3348154333380908
OTIBUQ_clean,7.49622,5.20769,7.4368,0.82052,1944.83,2370.25,0.0,0.0,0.6366,0.775849,0.0,0,0.014186118,1.033037356,1.1508678299879724
OTIPEO_clean,5.44422,3.64653,5.43023,1.30852,1112.97,850.554,0.0,0.0,0.552,0.421851,0.0,1,0.009767773,0.79113262,0.795332793569558
OTIPUE_clean,4.56896,3.82437,4.54982,1.42368,625.25,439.178,0.0,0.0,0.419,0.294307,0.0,0,0.007369077,0.586260843,0.5962511585174818
OTIQAL_clean,5.97222,5.38811,5.95841,1.10964,1272.64,1146.9,0.0,0.0,0.5134,0.462673,0.0,0,0.006036565,0.53479261,0.5250586698876811
OTODEI_clean,4.84074,4.45864,4.84074,1.17554,1203.72,1023.97,0.0,0.0,0.5354,0.45545,0.0,1,0.002225774,0.215950654,0.22652586055079083
OTOLIU_clean,6.25402,4.56727,6.25402,0.748874,3565.69,4761.4,0.0,0.0,0.7372,0.984411,0.0,0,0.00417456,0.402744245,0.41078327080551225
OTOVAW_clean,4.51109,3.41338,4.48101,1.61175,574.481,356.434,0.0,0.0,0.423,0.262448,0.0,0,0.006347358,0.492676039,0.49723688676651767
OTOVIE_clean,5.10968,4.35413,5.09224,1.37878,906.647,657.571,0.0,0.0,0.4582,0.332323,0.0,0,0.006922676,0.566115027,0.5607974877242182
OTUDEO_clean,11.1719,10.22736,11.1719,0.861706,1688.22,1959.16,0.0,0.0,0.6512,0.75571,0.0,1,0.003028068,0.287009842,0.3040781675539275
OTUDIS_clean,11.15528,10.21239,11.15528,0.865137,1694.91,1959.13,0.0,0.0,0.6454,0.746009,0.0,1,0.003134316,0.290292905,0.30375102501311985
OTUYEJ_clean,6.23847,3.92545,6.16497,1.66734,1557.5,934.127,0.0,0.0,0.5496,0.329627,0.000239904,1,0.001566204,0.155043218,0.16972050825522084
OVEJIJ_clean,6.31656,4.24661,6.2524,1.60097,1225.59,765.53,134.792,84.1937,0.5422,0.33867,0.0,1,0.003234894,0.314025166,0.2947718592858174
OVEXOD_clean,5.7329,3.62145,5.72476,1.46061,416.232,284.972,0.0,0.0,0.379,0.259481,0.0,1,0.00151688,0.13735262,0.12483289020333072
OVIWIA_clean,4.70586,3.71228,4.70586,2.66834,1137.35,426.241,0.0,0.0,0.5094,0.190905,0.0,1,0.001639351,0.161784851,0.14032217702710115
OVIZID_clean,5.3844,4.07127,5.3844,1.26325,906.56,717.64,0.0,0.0,0.4818,0.381397,0.0,1,0.003722321,0.345074364,0.3243996581094142
OVUDAL_clean,7.09169,4.92914,7.08099,2.29972,1368.63,595.127,0.0,0.0,0.5708,0.248204,0.0,1,0.001280874,0.132387931,0.11299089825066272
OWAVIS_clean,9.58182,5.9765,9.29598,0.840674,2344.57,2788.91,0.0,0.0,0.7226,0.859548,0.0,1,0.003448269,0.334537037,0.34787660625751493
OWAVOY_clean,8.02011,4.26959,8.02011,1.00925,2055.28,2036.44,0.0,0.0,0.642,0.636114,0.0,1,0.005911456,0.546083903,0.5424221492391476
OWIHEJ_clean,7.35052,7.17386,7.35052,1.33314,1629.69,1222.45,0.0,0.0,0.6108,0.458167,0.0,0,0.00677591,0.650605628,0.6163425962169684
OWIHUZ_clean,7.37728,7.20219,7.37728,1.32559,1638.53,1236.07,0.0,0.0,0.613,0.462436,0.0,0,0.006537508,0.645309576,0.6061837828979564
OWIJAH_clean,7.38305,7.21509,7.38305,1.32603,1628.6,1228.17,0.0,0.0,0.6114,0.461074,0.0,0,0.006599316,0.645304278,0.6087177440764586
OWIJEL_clean,7.46814,7.33893,7.46814,1.32685,1640.34,1236.26,0.0,0.0,0.612,0.461241,0.0,0,0.00681476,0.635051234,0.6125504411465462
OWIJOV_clean,7.41619,7.28781,7.41619,1.32565,1655.33,1248.7,0.0,0.0,0.6148,0.463773,0.0,0,0.00683242,0.652507545,0.6267644531549521
OWIYUP_clean,8.24396,6.91953,8.2349,0.925347,1653.05,1786.41,0.0,0.0,0.6152,0.664832,0.0,1,0.004810364,0.417366635,0.4400660102851371
OWUWOU_clean,5.606,4.2786,5.606,1.14741,1253.9,1092.81,0.0,0.0,0.529,0.461039,0.0,1,0.003579201,0.337074801,0.34188188288023513
OWUWUA_clean,5.57616,4.37097,5.56477,1.14473,1062.1,927.816,0.0,0.0,0.5102,0.445693,0.0,1,0.004537612,0.403397235,0.40476987899313
OXALAB_clean,7.26534,5.19998,7.26225,0.828762,2095.62,2528.62,0.0,0.0,0.6488,0.782855,0.0,0,0.003822262,0.385605622,0.36641740160134806
OXALEF_clean,7.18754,5.18545,7.18754,0.839237,2049.14,2441.67,0.0,0.0,0.6438,0.767126,0.0,0,0.004074065,0.401788557,0.3942707441044983
OXEVOE_clean,5.9996,4.29075,5.9996,1.32095,787.004,595.785,77.213,58.4525,0.5,0.378515,0.0,1,0.004269287,0.387609937,0.3721396037370295
OXOLAP_SL,19.10077,13.85784,19.10077,0.601751,1192.03,1980.93,80.0846,133.086,0.7556,1.25567,0.000332363,0,0.007996065,0.522034398,0.6511473204355056
OXOZUY_clean,8.19821,4.66417,8.1974,0.956716,1690.02,1766.48,0.0,0.0,0.6112,0.638852,0.0,1,0.006546171,0.574650425,0.5796762952313814
OYEJOS_clean,9.55583,4.63693,9.55583,0.834794,1714.96,2054.35,0.0,0.0,0.6424,0.769531,0.0,1,0.002514142,0.248085459,0.256706853803559
OYERIV_clean,14.68028,11.95217,14.68028,0.792697,1463.31,1845.99,123.823,156.204,0.696,0.878015,0.0,1,0.006129311,0.490184853,0.5016404885882166
OYEROB_clean,9.45168,7.14174,9.44893,0.790347,2325.92,2942.91,0.982216,1.24277,0.7298,0.923392,0.0,1,0.002775205,0.274979122,0.2817342624026645
OYERUH_clean,7.57942,6.42809,7.56103,1.08661,1656.01,1524.01,185.649,170.851,0.6376,0.586778,0.0,1,0.006712024,0.50118359,0.5788925332867241
OYIVEY_clean,8.41834,4.77784,8.41834,1.02358,1872.15,1829.01,0.0951624,0.0929698,0.626,0.611576,0.0,1,0.003936799,0.369327093,0.3762252395530003
OYIVIC_clean,5.5413,4.80567,5.5333,1.19582,1382.4,1156.02,0.0,0.0,0.5784,0.483684,0.0,1,0.003921936,0.360634993,0.3598346017976239
OYIVOI_clean,5.54513,4.92009,5.54513,1.34386,1289.96,959.889,0.0,0.0,0.5594,0.416262,0.0,1,0.003696181,0.330179504,0.3382282302982551
OYOSAX_clean,5.10436,4.21189,5.06572,1.19023,1067.87,897.196,0.0,0.0,0.5162,0.433699,0.0,1,0.005062946,0.45428905,0.4648803557760299
OZAVES_clean,5.64539,5.08904,5.62805,1.07782,1464.13,1358.41,0.0,0.0,0.5738,0.532369,0.0,1,0.004546314,0.430190287,0.43009888689551334
OZAVOC_clean,6.46772,5.63481,6.46128,1.35316,1406.83,1039.66,0.0,0.0,0.5486,0.40542,0.0,1,0.004786442,0.454293293,0.43662179062879175
OZAVUI_clean,5.43678,4.75451,5.43678,1.24526,1365.54,1096.59,0.0,0.0,0.5928,0.476044,0.0,1,0.003641963,0.340011945,0.3505597405405494
OZUKOL_clean,11.66314,11.04095,11.6623,1.07501,1570.69,1461.09,0.0,0.0,0.6578,0.611902,0.0,1,0.002331384,0.233629524,0.2341314095138392
OZUKUR01_clean,12.00308,11.20848,12.00308,1.04914,1577.91,1504.01,0.0,0.0,0.6712,0.639764,0.0,1,0.002190561,0.210151296,0.2120137034356963
OZULAY_clean,11.76704,10.98127,11.76502,1.07223,1568.4,1462.75,0.0,0.0,0.6546,0.610504,0.0,1,0.002315392,0.226806715,0.2327736113620174
OZULUS_clean,11.30509,10.53212,11.30463,1.32172,1536.26,1162.31,0.0,0.0,0.6386,0.483157,0.0,1,0.002176799,0.221598503,0.2086796096314259
OZUMAZ_clean,11.32593,10.60044,11.32547,1.32216,1533.89,1160.14,0.0,0.0,0.6396,0.483754,0.0,1,0.002190637,0.217230202,0.2085555502716841
OZUMIH_clean,11.34307,10.585,11.34288,1.32207,1537.23,1162.75,0.0,0.0,0.6412,0.484999,0.0,1,0.002297877,0.22823614,0.22610764700715513
PACGIM_clean,5.65368,4.16479,5.64778,1.04531,2243.67,2146.41,0.0,0.0,0.631,0.603646,0.0,0,0.005223273,0.481790836,0.5139354598119185
PACZOK_clean,14.42262,6.94223,14.41025,1.08844,2172.35,1995.84,0.0,0.0,0.7086,0.651024,0.0,1,0.001278922,0.125484355,0.1280120626746309
PAFMUH_clean,4.1569,3.45207,4.13312,1.53558,373.555,243.267,0.0,0.0,0.4318,0.281197,0.0,1,0.003333911,0.285106849,0.28406087969382093
PAHPOG_clean,7.73062,5.40152,7.60787,0.954052,1660.24,1740.2,0.0,0.0,0.5924,0.620931,0.0,1,0.004592198,0.453101583,0.4365081420910808
PAJSAX_clean,11.72543,11.19673,11.71838,0.847503,1673.18,1974.24,0.0,0.0,0.6882,0.812032,0.0,0,0.003065963,0.27911052,0.29497244596027805
PAKXIK_clean,5.56128,3.90775,5.56038,1.25158,1486.65,1187.82,19.61,15.6682,0.5744,0.458939,0.0,1,0.003448926,0.337771635,0.33857566942817974
PALTON_clean,12.85281,10.88454,12.85281,0.723595,1862.94,2574.56,0.0,0.0,0.677,0.935606,0.0,1,0.006538085,0.600823499,0.5631406257368168
PAMHIW_clean,9.2687,4.50421,9.2687,0.952087,1296.4,1361.64,427.264,448.766,0.6164,0.64742,0.0,0,0.00616037,0.568278564,0.5924545208949289
PAMTII_clean,12.14001,5.49468,12.1397,0.953828,2043.58,2142.5,0.0,0.0,0.7082,0.742482,0.0,1,0.004578582,0.388418541,0.4197327772976013
PAMTOO_clean,12.35154,5.62136,12.35154,0.923606,1995.9,2160.98,0.0,0.0,0.7096,0.768293,0.0,1,0.004245592,0.382390133,0.3888093585215367
PAMTUU_clean,12.40087,5.62514,12.40087,0.908425,2011.92,2214.73,0.0,0.0,0.6952,0.76528,0.0,1,0.004299791,0.371809512,0.3935604373671558
PAMVEG_clean,4.06328,3.71255,4.05877,1.30742,297.768,227.753,0.0,0.0,0.4276,0.327056,0.0,1,0.000861412,0.081898252,0.07060373996563529
PAPRUU_clean,7.39284,4.83476,7.39284,1.80811,810.66,448.345,0.0,0.0,0.438,0.242241,0.0,0,0.001770244,0.166426472,0.1704927119211424
PAPXUB_clean,4.14867,3.74838,4.12901,1.41027,380.17,269.572,0.0,0.0,0.4056,0.287604,0.0,0,0.005181046,0.421317315,0.45653803315302444
PAQMEB_clean,5.66983,3.45515,5.06855,2.32316,1166.36,502.057,0.0,0.0,0.4938,0.212555,0.0,1,0.001076116,0.105001942,0.1110420267201917
PARHAS_clean,6.90619,6.37667,6.76731,0.69817,2236.54,3203.43,0.0,0.0,0.6838,0.979418,0.0,1,0.002247853,0.227101029,0.23075757829550628
PARHEW_clean,7.38605,6.67234,7.38605,0.632325,2400.53,3796.35,0.0,0.0,0.7148,1.13043,0.0,1,0.002468397,0.2417969,0.2632383518423921
PARKUQ01_clean,6.67552,5.18428,6.65544,1.17133,2054.42,1753.92,0.0,0.0,0.6446,0.550316,0.0,0,0.003972869,0.38462718,0.3753025865729628
PARNIH_clean,8.32489,6.77668,8.32489,0.861017,1951.67,2266.71,0.0,0.0,0.6712,0.779544,0.0,1,0.002686937,0.254789195,0.2665315367879495
PARNON_clean,7.81335,6.23608,7.8124,0.973393,1971.82,2025.72,0.0,0.0,0.6118,0.628523,0.0,1,0.00354436,0.34654586,0.34124945705487963
PASNAA01_clean,4.83008,3.80459,4.83008,1.46381,1335.98,912.674,0.0,0.0,0.51,0.348405,0.0,1,0.003103754,0.287031292,0.29586272553254656
PASNAA_clean,4.89594,3.826,4.89193,1.4497,1354.61,934.408,0.0,0.0,0.5164,0.356212,0.0,1,0.0029421,0.280878099,0.2777276845204404
PATNAB_clean,9.14224,6.89364,9.14224,1.35956,1803.58,1326.59,0.0,0.0,0.6728,0.494866,0.0,1,0.001265696,0.118966054,0.12679844074422836
PATWOY_clean,7.80785,6.68696,7.80785,0.911859,1500.87,1645.94,0.0,0.0,0.5982,0.656023,0.0,1,0.005399732,0.507304985,0.4874509769653244
PAVMAB_clean,4.70831,4.3739,4.70531,1.34518,952.077,707.768,16.532,12.2898,0.553,0.411097,0.0,1,0.012408957,0.96989424,0.9375996452563602
PEBNEP_clean,4.70974,3.99855,4.70974,1.47945,319.51,215.966,0.0,0.0,0.4064,0.274697,0.0,1,0.002579267,0.218646868,0.19912816047122855
PECLEP_clean,5.39206,3.58035,5.25926,1.26009,1193.65,947.27,0.0,0.0,0.492,0.390447,0.0,0,0.007553753,0.641664271,0.6496536222574809
PEDMER_clean,4.87431,3.86596,4.87431,1.94999,1030.99,528.717,0.0,0.0,0.5166,0.264924,0.0,1,0.004072921,0.363113085,0.3536263079300864
PEFRID01_clean,6.55951,5.47634,6.55951,1.31717,1348.3,1023.64,0.0,0.0,0.552,0.419081,0.0,1,0.005173375,0.453416643,0.4888166464146119
PEFRID_clean,9.83364,8.16227,9.74315,1.01836,1671.9,1641.77,0.0,0.0,0.6476,0.635927,0.0,1,0.003486097,0.341038194,0.3366812119588766
PEFRUP01_clean,6.70842,5.60789,6.69161,1.32053,1380.71,1045.57,0.0,0.0,0.5546,0.419982,0.0,1,0.004922836,0.437232842,0.446860327731159
PEGBUA_clean,4.24178,3.44241,4.23659,1.42808,542.261,379.715,0.0,0.0,0.474,0.331915,0.0,1,0.00208689,0.198426974,0.18876094631073764
PEGCAH_clean,4.41751,3.55963,4.41517,1.40923,648.294,460.035,0.0,0.0,0.4816,0.341747,0.0,1,0.003019666,0.276734197,0.2909094870576972
PEGCEL_clean,4.60881,3.89017,4.60881,1.36646,760.056,556.224,0.0,0.0,0.4938,0.361373,0.0,1,0.003311428,0.295816588,0.29046577380799143
PEGCIP_clean,5.4738,4.63859,5.45736,1.20371,1399.17,1162.38,0.0,0.0,0.5244,0.435652,0.0,1,0.006299566,0.557521845,0.5556804091689176
PEGPOI_clean,4.98627,3.51233,4.9807,1.99017,618.984,311.02,0.0,0.0,0.3962,0.199078,0.0,1,0.003234243,0.26790703,0.26336368474000527
PEGQID_clean,5.05756,3.46018,5.04486,2.49056,625.358,251.092,0.0,0.0,0.3982,0.159884,0.0,1,0.001831499,0.155873757,0.16022738448246004
PEHQID_neutral,5.14211,3.77935,5.14211,1.46568,1144.37,780.78,0.0,0.0,0.5232,0.356968,0.0,0,0.002399515,0.235799684,0.2406733502382865
PEHTON_clean,5.79765,4.80371,5.79765,1.25943,995.966,790.809,0.0,0.0,0.488,0.387478,0.0,1,0.001337038,0.130591996,0.13276318442086993
PEJMOI_clean,7.77261,4.72411,7.77261,1.78918,1087.16,607.629,0.0,0.0,0.4986,0.278675,0.0,1,0.001730789,0.165505322,0.15842342580409935
PEJNUP_clean,9.7414,9.14394,9.67281,0.771129,2269.17,2942.66,0.0,0.0,0.7412,0.961188,0.0,0,0.003575098,0.355868746,0.35798867914924354
PEKCUF_clean,8.20333,5.43297,8.20152,0.769862,2179.49,2831.01,0.0,0.0,0.6652,0.864051,0.0,1,0.003695565,0.365748869,0.3672094390160855
PEKDAM_clean,6.66878,5.26481,6.65683,0.823111,2211.99,2687.35,0.0,0.0,0.6464,0.785313,0.0,1,0.00408454,0.405513716,0.40358127093631124
PELGOE_clean,4.61976,3.65124,4.60921,1.18989,1005.69,845.196,0.0,0.0,0.5078,0.426764,0.0,1,0.005183842,0.472438603,0.48342089157637036
PELQII_clean,9.06577,7.1819,8.76719,0.671525,2063.21,3072.43,0.0,0.0,0.712,1.06027,0.0,1,0.004024942,0.383809091,0.39296340113200073
PELRIJ_clean,21.55746,10.38341,21.54289,0.51708,1832.88,3544.68,0.0,0.0,0.8016,1.55024,0.0,1,0.003684836,0.358556293,0.35814162165060376
PELXIP_clean,5.04305,3.66818,5.03506,1.84132,581.447,315.776,13.9718,7.58794,0.4556,0.247431,0.0,1,0.003257864,0.283589253,0.2684262204049687
PENNAZ_clean,8.96214,8.00387,8.96214,0.962495,1990.53,2068.1,0.0,0.0,0.7004,0.727692,0.0,1,0.003161837,0.304251056,0.2990968284062192
PENNON_clean,7.9329,6.23525,7.71711,0.684898,2586.98,3777.17,0.0,0.0,0.7318,1.06848,0.0,1,0.003139989,0.324643618,0.3228356851523805
PENNUT_clean,5.51848,4.07497,5.51848,1.34514,1276.26,948.789,0.0,0.0,0.5072,0.377061,0.0,1,0.003470376,0.324940024,0.3255761269931907
PENYIR_clean,5.70014,3.65365,5.70014,1.6367,929.089,567.66,64.7109,39.5375,0.5088,0.31087,0.0,1,0.003541002,0.309436391,0.298174070220521
PENZIS_clean,5.20436,4.63461,5.20306,1.48152,1841.93,1243.27,0.0,0.0,0.653,0.440764,0.0,0,0.003100909,0.301924348,0.2946910364614788
PEPFAT_clean,10.91726,6.85852,7.70966,1.0029,2251.01,2244.49,0.0,0.0,0.6862,0.684214,0.0,1,0.004335626,0.398888139,0.41006149739022674
PEPKOL_clean,4.51864,3.40095,4.50908,1.52523,488.244,320.112,0.0,0.0,0.42,0.275368,0.0,0,0.005997491,0.481293678,0.4935530052265991
PEPKUR_clean,4.38796,3.85266,4.37809,1.51141,576.087,381.159,0.0,0.0,0.4116,0.272329,0.0,0,0.00729825,0.564350935,0.5870278668538826
PEPLAY_clean,6.74837,6.3776,6.72825,1.05651,1615.67,1529.25,0.0,0.0,0.6178,0.584755,0.0,0,0.003900567,0.386917139,0.37513624576250915
PEPLEC_clean,7.22831,6.81306,7.22831,1.03011,1642.0,1594.0,0.0,0.0,0.618,0.599935,0.0,0,0.003716629,0.361468779,0.36071595411909757
PEPLIG_clean,6.77242,6.39006,6.75097,1.04905,1614.89,1539.38,0.0,0.0,0.6148,0.586054,0.0,0,0.003655316,0.366689371,0.36153312473058374
PEPLOM_clean,5.48105,5.23227,5.47438,1.20095,1296.27,1079.37,0.0,0.0,0.5572,0.463966,0.0,0,0.004932062,0.453284485,0.4523081631017059
PEQRUZ_clean,5.68699,4.77458,5.65626,1.19715,1015.07,847.906,0.0,0.0,0.4752,0.396942,0.0,1,0.012577881,0.952326645,0.9318513158289953
PEQWAK_clean,5.99001,5.4678,5.99001,1.06078,1335.71,1259.17,0.0,0.0,0.5666,0.534134,0.0,1,0.004428142,0.419500653,0.40531904985066014
PESTUD_clean,4.29451,3.77014,4.29451,1.52203,554.299,364.183,0.0,0.0,0.4078,0.267931,0.0,0,0.007448741,0.577181202,0.5871515890709312
PETWOC_clean,9.15829,4.1058,9.15829,1.69456,1870.12,1103.6,0.0,0.0,0.6222,0.367174,0.000472098,0,0.001989702,0.193944603,0.22701809277100782
PEVFON_clean,11.13773,3.47627,11.13633,0.923906,1490.46,1613.21,0.0,0.0,0.6306,0.682537,0.0,0,0.002075545,0.20112652,0.19404098276056436
PEVLIN_clean,4.23888,3.58587,4.23888,1.92889,451.698,234.175,0.0,0.0,0.4172,0.21629,0.0,1,0.002017532,0.192769752,0.17527011421503813
PEVQOY_clean_h,14.80942,7.88362,14.80084,0.613708,2232.3,3637.4,0.0,0.0,0.8108,1.32115,0.0,0,0.002681685,0.261522602,0.26226399290427416
PEVXAQ_clean,4.99995,3.63805,4.93929,1.21492,686.301,564.895,0.0,0.0,0.4752,0.391137,0.0,1,0.00258535,0.238509685,0.24052303345707857
PEWLUA_clean,17.77125,7.51947,12.45937,0.588936,2255.4,3829.62,0.0,0.0,0.7974,1.35397,0.0,1,0.003627653,0.355032809,0.35951308748269234
PEWXUL_clean,5.34544,4.38509,5.34544,1.05997,1077.55,1016.58,0.0,0.0,0.5136,0.48454,0.0,0,0.006436013,0.585661657,0.5634960795171499
PEXFAA_clean,6.38992,4.78581,6.38785,0.722856,2527.72,3496.86,0.0,0.0,0.6962,0.963124,0.0,1,0.003835461,0.367975922,0.3832920275788748
PEXTUI_clean,5.13294,4.08127,4.81094,1.41697,1690.94,1193.35,0.0,0.0,0.6078,0.428944,0.0,1,0.004506691,0.415196858,0.41573685898701995
PEYPAM_SL,6.47723,4.9888,6.46954,1.38224,1403.34,1015.27,0.0,0.0,0.5238,0.378951,0.0,0,0.010639122,0.835082019,0.8575028091892105
PEYPIU_clean,4.73554,3.50341,4.73554,1.41341,845.394,598.124,0.0,0.0,0.4704,0.332812,0.0,0,0.011794425,0.826655123,0.8784862007638456
PEYSIW_clean,5.69089,4.7197,5.69089,1.0552,1032.59,978.576,0.0,0.0,0.5102,0.483511,0.0,0,0.005216676,0.463406986,0.4799737308081401
PEYVEV_clean,8.8911,6.60199,8.13016,1.41868,1212.67,854.793,531.685,374.776,0.6316,0.445204,0.0,1,0.007839816,0.694583827,0.6853318634758698
PEZCII_clean,12.50562,10.18861,12.50562,0.9535,1419.23,1488.44,0.0,0.0,0.6362,0.667226,0.0,1,0.001773462,0.183227662,0.17640882383650847
PIBNUK01_clean,15.37191,14.18335,15.35887,0.42304,1389.84,3285.35,0.0,0.0,0.8366,1.97759,0.0,1,0.002436298,0.232904538,0.25392170106222584
PIBPAS01_clean,10.22467,9.87308,10.22467,0.904434,1674.99,1851.98,0.0,0.0,0.6484,0.716913,0.0,1,0.002392226,0.237100591,0.24918311259889211
PIDMEV01_clean,7.72003,4.28453,7.71744,1.05835,1674.28,1581.97,0.0,0.0,0.5974,0.564462,0.0,1,0.004949955,0.488830683,0.4620686747671614
PIDMEV_clean,7.7619,4.42953,7.71379,1.03258,1688.46,1635.19,0.0,0.0,0.5902,0.57158,0.0,1,0.004839711,0.475352252,0.4530644177084306
PIGXUZ_clean,4.56718,3.56694,4.54309,1.41248,518.542,367.114,0.0,0.0,0.408,0.288854,0.0,0,0.004076102,0.331992503,0.34624023381143165
PIHNUQ_clean,4.36505,3.62057,4.36492,1.46153,400.036,273.71,0.0,0.0,0.4114,0.281486,0.0,1,0.004894652,0.38140506,0.417638726857756
PIHWAG_clean,8.27361,7.69473,8.27361,1.26901,1392.1,1096.99,0.0,0.0,0.5476,0.431516,0.0,0,0.00276597,0.263493378,0.25842884583165965
PIJDIX_clean,5.30724,3.52085,5.26545,1.71921,1128.44,656.369,0.0,0.0,0.5814,0.338178,0.0,1,0.005925329,0.48502931,0.5206503382504507
PIJJEZ_clean,14.75395,5.96588,14.75395,0.935418,1803.08,1927.56,0.0,0.0,0.656,0.70129,0.0,0,0.008239018,0.669386725,0.7134010111886122
PIJROR_clean,8.28575,7.67913,8.28575,1.27602,1385.29,1085.63,0.0,0.0,0.5522,0.432752,0.0,0,0.002705931,0.263315891,0.2559009922965645
PIQFIG_clean,9.19593,7.79711,9.19593,0.691873,2332.15,3370.77,0.0,0.0,0.7756,1.12101,0.0,0,0.001528586,0.156516208,0.16119058807275266
PIQMOT_clean,6.47127,5.32823,6.30186,1.23035,1074.68,873.471,0.0,0.0,0.4866,0.395496,0.0,0,0.005095998,0.449194506,0.4706707708639252
PIQMUZ_clean,5.76653,4.2611,5.71921,1.16552,750.166,643.631,0.0,0.0,0.4826,0.414063,0.0,1,0.002956407,0.267472859,0.2760065663987741
PITPEP_clean,11.41966,9.93708,11.41966,0.952882,1649.81,1731.39,0.565272,0.593223,0.622,0.652757,0.0,1,0.002462181,0.247493984,0.24803301367708286
PIYZED02_clean,6.95041,5.62583,6.95041,1.04842,2625.12,2503.87,0.0,0.0,0.7248,0.691323,0.0,0,0.001298395,0.130262211,0.1259348184299673
PIYZED03_clean,6.91935,5.60013,6.91935,1.05779,2618.81,2475.74,0.0,0.0,0.7212,0.681798,0.0,0,0.001304166,0.131779891,0.12623186578997253
PIZHOX_clean,6.00527,4.8111,5.6775,0.960875,2065.34,2149.44,0.0,0.0,0.6412,0.667309,0.0,1,0.003988705,0.385512531,0.38907209577767576
PIZNOB_clean_h,5.81424,4.85489,5.81424,1.50508,1940.53,1289.33,0.0,0.0,0.5884,0.390944,0.0,1,0.002070119,0.214167068,0.1812111444670894
PIZPAP_clean_h,5.02301,4.09369,4.55915,1.6437,1625.99,989.228,0.0,0.0,0.5662,0.344467,0.0,1,0.002381557,0.234201012,0.21868328706949214
PIZPET_clean_h,5.00612,4.07229,4.54032,1.30745,1650.65,1262.5,0.0,0.0,0.5638,0.431222,0.0,1,0.003637453,0.349205991,0.3567828369278444
PIZPIX_clean_h,4.99576,3.97323,4.53163,1.71361,1574.79,918.993,0.0,0.0,0.5616,0.32773,0.0,1,0.002394477,0.234767275,0.23075244900949107
PIZQUM_clean,5.38703,4.44024,5.38703,1.21672,1189.38,977.523,0.0,0.0,0.5254,0.431815,0.0,1,0.006363304,0.537944962,0.5549610894658474
PIZRAT_clean,5.69309,4.64481,5.67801,1.18335,1207.09,1020.06,0.0,0.0,0.5368,0.453627,0.0,1,0.004758516,0.435661081,0.43068453547762287
PIZRUN_clean,5.3818,4.43333,5.37307,1.2127,1196.95,987.011,0.0,0.0,0.5248,0.432754,0.0,1,0.006251602,0.533996288,0.5460256648593997
PIZSAU_clean,5.7096,4.51588,5.7096,1.18019,1218.01,1032.05,0.0,0.0,0.5404,0.457893,0.0,1,0.00453024,0.425562797,0.41323205777444194
POBNEA_clean,12.6133,10.84896,12.6133,0.646582,1753.98,2712.69,2.26513,3.50323,0.7374,1.14046,0.0,1,0.00191223,0.182318395,0.19559711316791134
POCPAZ_clean,6.39676,5.12111,6.38825,0.921688,1695.17,1839.2,6.74347,7.31643,0.6078,0.659442,0.0,1,0.00412901,0.375828315,0.40276498445441894
PODKOK_clean,18.51885,8.56409,12.59731,0.489414,2180.69,4455.72,0.0,0.0,0.8128,1.66076,0.0,1,0.003605115,0.360811925,0.36018372977083674
PODKUQ_clean,22.31857,8.92625,14.18285,0.425765,2028.03,4763.26,0.0,0.0,0.8332,1.95695,0.0,1,0.003870352,0.377368529,0.3701502378998539
PODVIP_clean,4.42056,3.62761,4.42056,2.28386,243.746,106.725,0.0,0.0,0.3946,0.172778,0.0,1,0.001509166,0.124026576,0.11972968500426207
PODXEN_clean,5.34783,4.01094,5.34783,1.28087,710.366,554.597,0.0,0.0,0.4518,0.352729,0.0,1,0.003324593,0.285809148,0.2870432113078305
POFSIN01_clean,6.99195,5.64457,6.99195,1.04057,2621.47,2519.27,0.0,0.0,0.7274,0.699041,0.0,0,0.001289739,0.129960695,0.12640506470082824
POFSIN03_clean,6.95953,5.63255,6.95953,1.04557,2624.93,2510.51,0.0,0.0,0.7258,0.694164,0.0,0,0.001219049,0.130081879,0.12425992190480506
POFSIN04_clean,6.97392,5.62462,6.97392,1.04699,2616.52,2499.1,0.0,0.0,0.7262,0.69361,0.0,0,0.001291182,0.130868129,0.1259348184299673
POFSIN_clean,6.96628,5.64795,6.96628,1.04283,2632.71,2524.58,0.0,0.0,0.7246,0.694838,0.0,0,0.001328691,0.131889533,0.1318281832177991
POHCOG_clean,6.03433,4.98914,5.98921,1.54389,1290.39,835.809,0.0,0.0,0.5212,0.33759,0.0,1,0.002792972,0.264138785,0.2501638561421238
POHWIU_clean,15.94965,10.39364,15.94872,0.460887,1949.35,4229.57,0.0,0.0,0.8104,1.75835,0.0,1,0.003177222,0.326971591,0.3145312120765993
POKGEC_clean,4.44927,3.87743,4.29992,1.20216,336.435,279.858,237.315,197.407,0.504,0.419245,0.0,1,0.002131929,0.199948281,0.20626402248358855
POKSOZ_clean,5.23291,4.00143,5.18374,1.95789,573.341,292.837,0.0,0.0,0.4166,0.21278,0.0,1,0.001078958,0.102601426,0.09315338782749483
POKTIU_clean,5.25513,3.88718,5.24992,2.03578,584.018,286.877,0.0,0.0,0.4004,0.196682,0.0,1,0.00115431,0.106210416,0.09851079275580266
POLBIB_clean,4.50015,3.80804,4.49155,1.64999,1209.33,732.928,0.0,0.0,0.534,0.323637,0.0,1,0.003025499,0.290065708,0.282385388305612
POLDOK_clean,5.06326,4.95206,5.06326,1.44271,500.914,347.204,76.3428,52.9162,0.4724,0.327439,0.0,1,0.00357963,0.31279617,0.30435676697045694
POLDUQ_clean,5.0902,4.98067,5.0902,1.44184,520.517,361.01,59.0453,40.9514,0.471,0.326666,0.0,1,0.003370131,0.284514617,0.27671955823331196
POLNAG_clean,4.3281,3.57802,4.3281,1.44142,721.593,500.611,0.441141,0.306046,0.4992,0.346324,0.0,1,0.002333218,0.22246263,0.2294382289727296
POLYEW_clean,5.14291,3.60228,5.14291,1.21883,774.169,635.173,0.0,0.0,0.4678,0.38381,0.0,1,0.00895034,0.672571401,0.7026144386335028
POMMAH_clean,14.83525,11.96507,14.83525,1.26278,1468.55,1162.95,199.616,158.076,0.7018,0.555756,0.00015838,1,0.003543247,0.307925674,0.3300115487632418
POMSER_clean,7.01968,3.83495,7.01968,1.10319,1326.02,1201.98,0.0,0.0,0.5236,0.474622,0.0,1,0.004395686,0.403197508,0.3986141396242322
POMSOB_clean,5.67937,4.56222,5.67937,1.11643,1180.95,1057.79,0.0,0.0,0.5376,0.481534,0.0,1,0.004559497,0.421346505,0.435195018505829
PONSOC_clean,7.4772,6.20805,7.45867,0.784087,1906.95,2432.06,0.0,0.0,0.6546,0.834856,0.0,1,0.003985208,0.380078452,0.38591423790313156
PORLAL_clean,9.41867,8.86897,9.41275,1.10001,1269.94,1154.48,0.0,0.0,0.5682,0.516538,0.0,1,0.001735451,0.17475054,0.1735522518951947
PORLEP_clean,7.93943,4.67024,7.92199,1.76214,638.871,362.555,235.766,133.795,0.4966,0.281817,0.0,1,0.001883434,0.169131718,0.16094916878559185
PORVID_clean,7.37109,6.82741,7.37109,1.40599,1511.82,1075.27,0.0,0.0,0.5614,0.399292,0.0,1,0.003484396,0.340940569,0.32100272591327594
PORVUO_clean,4.67797,3.97904,4.67797,1.06036,1507.72,1421.89,0.0,0.0,0.5284,0.498321,0.0,0,0.010054489,0.879550011,0.8593374336282732
POSFIO_clean,6.80619,3.42889,6.79194,1.15852,1000.28,863.415,0.0,0.0,0.5272,0.455065,0.0,1,0.004435664,0.398294741,0.38252367497386364
POSGAH_clean,6.19197,4.53531,6.16887,1.09324,1845.26,1687.87,0.0,0.0,0.5814,0.531812,0.0,0,0.00575872,0.551465353,0.5487861799269538
POTNET_clean,4.90891,3.62196,4.89268,1.35117,1395.4,1032.74,0.298007,0.220556,0.5558,0.411349,0.0,1,0.004618183,0.414954177,0.43227120449720247
POYPAW_clean,7.97392,4.92371,7.96142,0.954107,1622.71,1700.76,0.0,0.0,0.5818,0.609785,0.0,0,0.0077232,0.683613862,0.6871970468081356
PUDSIR01_clean,6.99715,5.84689,6.98056,1.03177,2165.84,2099.14,0.0,0.0,0.6538,0.633665,0.0,1,0.004026576,0.392374325,0.39459710165121364
PUDSIR_clean,6.84685,5.37896,6.83632,1.0569,2169.92,2053.1,0.0,0.0,0.647,0.61217,0.0,1,0.004302758,0.40118375,0.4201214352741902
PUDSOX_clean,7.03254,5.77219,7.03254,1.04422,2164.07,2072.42,0.0,0.0,0.654,0.626304,0.0,1,0.003794682,0.388416244,0.3694484118242599
PUDSUD_clean,7.08521,6.02588,7.08155,0.996555,2169.83,2177.33,0.0,0.0,0.6624,0.66469,0.0,1,0.004201528,0.386608563,0.40297325427199265
PUFRIR_clean,5.81593,4.39318,5.8122,0.99503,2005.1,2015.11,0.0,0.0,0.6314,0.634554,0.0,1,0.003126309,0.311576907,0.3097889031322225
PUGGOP_clean,8.14998,6.76772,8.12163,0.920168,2113.5,2296.86,0.0,0.0,0.6298,0.68444,0.0,1,0.007094501,0.579226234,0.6227744433548043
PUGPEO_clean,9.53093,8.66388,9.24995,1.0567,1899.67,1797.75,0.0,0.0,0.6656,0.629888,0.0,1,0.003342177,0.310935046,0.32495919070745344
PUGSOB_clean,9.50607,8.86576,9.50607,0.864037,2169.58,2510.98,0.0,0.0,0.6944,0.803669,0.0,1,0.005183914,0.472708301,0.4911252912243007
PUGSUH_clean,9.30915,8.71365,9.30507,0.821567,2358.23,2870.4,0.0,0.0,0.708,0.861767,0.0,1,0.004074027,0.402307963,0.3978108192767247
PUJJEL_clean,9.07645,8.51256,9.07645,1.13917,1399.12,1228.2,0.0,0.0,0.572,0.502121,0.0,0,0.002304888,0.21960834,0.22991010157920155
PUKVAU_clean,6.34308,4.86227,6.34308,1.0986,1347.83,1226.86,0.0,0.0,0.5706,0.519389,0.0,1,0.002122102,0.204379736,0.20414471779880505
PULMIU_clean,7.09135,4.01215,7.09135,1.0722,1770.87,1651.63,0.0,0.0,0.6158,0.574336,0.0,1,0.005176931,0.478045119,0.502984142211081
PUMGIP01_clean,5.45506,3.48614,5.2674,1.17898,397.642,337.276,548.508,465.24,0.493,0.418158,0.0,1,0.005737605,0.488445458,0.499540348014038
PUQDOW_clean,5.15222,4.10448,5.15222,1.41779,682.397,481.312,0.0,0.0,0.4322,0.304841,0.0,0,0.00340876,0.295025492,0.2850011128304901
PUQYAC_clean,5.36415,5.07421,5.36415,1.50028,235.559,157.01,320.725,213.777,0.4614,0.307543,0.0,1,0.009617823,0.538462072,0.548261424321516
PURJIW_clean,8.03037,6.16762,8.02661,0.894418,1849.84,2068.21,0.0,0.0,0.6498,0.726506,0.0,1,0.004161874,0.388557848,0.39343900728329756
PURSOK_clean,4.44828,3.48673,4.44828,1.3532,940.252,694.837,0.0,0.0,0.521,0.385014,0.0,1,0.004237837,0.394542419,0.39298423345499195
PUTYEI_clean,6.07481,4.74641,6.03797,1.15301,1967.9,1706.74,0.0,0.0,0.6112,0.530089,0.0,0,0.005559074,0.517872833,0.5234469509400129
PUVJOG_clean,5.99071,5.7142,5.99071,1.16612,1343.68,1152.27,0.0,0.0,0.5688,0.487772,0.0,0,0.003208172,0.295032548,0.308298003543509
PUWCUF_clean,5.62914,3.92719,5.62914,1.20596,1932.54,1602.49,0.0,0.0,0.6014,0.49869,0.0,1,0.005258058,0.496316205,0.5016789144485982
PUWDIU_clean,8.22754,6.95777,8.22754,1.0931,2055.27,1880.23,0.0,0.0,0.6384,0.584028,0.0,1,0.00418897,0.392478628,0.3983815494924288
PUWDOA_clean,10.50578,8.82117,10.50578,0.768678,1898.43,2469.74,0.0,0.0,0.689,0.896344,0.0,1,0.004930638,0.464954588,0.45150901691353135
PUWVAG_clean,4.80954,3.64569,4.72725,1.26832,891.081,702.566,0.0,0.0,0.4874,0.384287,0.0,1,0.010856138,0.853305151,0.8319663840949668
PUWXAH_clean,4.52797,3.58309,4.52797,1.5745,738.046,468.749,0.0,0.0,0.4104,0.260654,0.0,0,0.001793864,0.172035927,0.17881834369162442
PUYHOI_clean,8.13748,6.87673,8.13748,1.50852,1009.54,669.222,0.0,0.0,0.5634,0.373478,0.0,1,0.00063165,0.068050997,0.06172850810861191
PUYZUF_clean,5.69776,3.92558,5.6607,1.26995,1498.86,1180.25,0.0,0.0,0.59,0.464585,0.0,0,0.006588343,0.56458141,0.5876742687978096
PUZKOM_clean,5.73239,3.68789,5.71092,1.28608,1004.7,781.21,0.0,0.0,0.5098,0.396397,0.0,1,0.007402324,0.601686409,0.6281468317287779
PUZKUS_clean,5.50979,4.91819,5.49321,1.14051,1329.3,1165.53,0.0,0.0,0.5506,0.482765,0.0,1,0.008224863,0.701907954,0.6957238156185898
PUZLAZ_clean,6.70975,6.33216,6.70975,1.05033,2275.23,2166.2,0.0,0.0,0.6682,0.636179,0.0,0,0.006637685,0.615560593,0.6025762734724751
PUZMAZ_manual,16.4214,9.23775,16.40927,0.447552,2179.79,4870.46,0.0,0.0,0.7972,1.78124,0.0,0,0.003484925,0.345961982,0.34975368131373424
PUZTOV_clean,7.33778,6.60028,7.33778,1.18441,1668.47,1408.69,0.0,0.0,0.6108,0.5157,0.0,1,0.004012159,0.384200639,0.38258500336926693
PYDCUT_clean,5.31645,4.73242,5.31645,1.56466,1273.49,813.911,0.0,0.0,0.5466,0.349342,0.0,0,0.003828594,0.356281995,0.3387730821545144
QADBII_clean,4.90485,4.23271,4.90165,1.42586,539.675,378.491,0.0,0.0,0.4884,0.34253,0.0,0,0.00376216,0.31842084,0.31128517536447636
QADWEA_clean,4.644,4.03482,4.644,1.80951,763.808,422.108,0.0,0.0,0.4542,0.251007,0.0,0,0.005114875,0.435711748,0.4489058975015613
QADWOK_clean,4.58729,3.99418,4.55638,1.86546,733.177,393.026,0.0,0.0,0.4474,0.239833,0.0,0,0.005250126,0.437602543,0.45287164479011305
QADWUQ_clean,4.54229,3.95239,4.49763,1.89145,716.655,378.892,0.0,0.0,0.4464,0.236009,0.0,0,0.004889109,0.43027011,0.4122609289220502
QADXAX_clean,4.50897,3.9304,4.4621,1.90926,707.48,370.552,0.0,0.0,0.4456,0.233389,0.0,0,0.004977104,0.435429652,0.42247066742596445
QAGDIO_clean,12.81046,10.08472,12.79582,0.728225,1959.77,2691.16,0.0,0.0,0.7164,0.983763,0.0,1,0.003686192,0.369851424,0.3573670354996249
QAGQEW_clean,16.48295,9.14033,16.48295,0.959417,1239.84,1292.29,398.029,414.866,0.701,0.730652,0.0,1,0.00469905,0.431712283,0.4138659373874053
QAGTOH_clean,4.99286,4.09874,4.71178,1.12214,865.652,771.429,0.0,0.0,0.4996,0.44522,0.0,0,0.006110615,0.519890641,0.5313150572893405
QAHQOH_clean,6.29485,5.24442,6.29485,1.04558,2001.85,1914.57,0.0,0.0,0.6266,0.599282,0.0,1,0.008445453,0.762737928,0.7263253878314647
QALGUH_SL,7.81866,7.32218,7.81866,0.998911,1796.0,1797.96,0.0,0.0,0.6356,0.636293,0.0,0,0.003699832,0.36244408,0.35871978745229466
QALHAO_clean,7.68357,4.14824,7.68357,1.41986,1680.89,1183.84,0.0,0.0,0.6244,0.439761,0.0,1,0.002187337,0.201410185,0.21126393332321264
QALHES_clean,7.67318,4.16213,7.67318,1.424,1678.65,1178.83,0.0,0.0,0.625,0.438904,0.0,1,0.002149699,0.207367096,0.20106260166654089
QALHIX_clean,10.92504,5.92348,10.86207,0.740473,2226.36,3006.67,0.00873198,0.0117924,0.7394,0.998552,0.0,1,0.003445237,0.343074534,0.34890551032316164
QALWUV_clean,7.07527,5.39947,6.79315,0.842522,2364.13,2806.02,0.0,0.0,0.7084,0.840809,0.0,0,0.001607161,0.155552888,0.16132221402297525
QAMVEH01_clean,5.82556,4.59087,5.81673,0.990751,1901.06,1918.81,0.0,0.0,0.6228,0.628614,0.0,1,0.006445246,0.607031398,0.5826463957383444
QAPQEE_clean,4.84641,3.70884,4.84641,1.26705,1206.55,952.253,0.0,0.0,0.5406,0.426661,0.0,1,0.003329351,0.310476115,0.31351343837458934
QAQHOG_clean,4.07536,3.5864,4.07536,2.36311,463.12,195.979,0.0,0.0,0.3764,0.159282,0.0,1,0.009038787,0.590135958,0.651035289881093
QAQMON_clean,13.97996,12.87565,13.97503,0.607595,2338.25,3848.36,0.0,0.0,0.7644,1.25807,0.0,1,0.00405855,0.408298431,0.39843630166546745
QAQRUW_clean,6.65732,4.64818,6.52021,0.851853,2010.6,2360.27,0.0,0.0,0.621,0.728999,0.0,1,0.005767646,0.547631332,0.548612150991158
QAQSAD_clean,5.24683,3.85843,5.23776,1.22144,1138.43,932.039,0.0,0.0,0.537,0.439646,0.0,1,0.004757971,0.420465561,0.4362200205576894
QARCET_clean,5.6311,3.58556,5.5035,1.43101,772.342,539.717,0.0,0.0,0.4414,0.308453,0.0,0,0.004947458,0.414183849,0.41474683561009285
QATHOK_clean,9.29834,6.48945,9.29621,1.21668,1222.78,1005.01,0.0,0.0,0.5554,0.456489,0.0,0,0.001833388,0.176322319,0.17276655634326393
QATKII_clean,5.10915,3.79672,5.10915,1.21674,1321.26,1085.9,0.0,0.0,0.55,0.452026,0.0,0,0.007515922,0.656328277,0.6732960522833008
QATPOR_clean,4.01523,3.48616,4.00077,2.44828,405.938,165.805,0.0,0.0,0.3718,0.151862,0.0,1,0.009122871,0.585732316,0.6487852793012916
QATVUE_clean,6.38161,3.71559,6.38161,1.03389,1164.63,1126.45,0.0,0.0,0.5572,0.538935,0.0,0,0.01221201,1.017335388,0.9901795367379245
QATXIU_clean,7.14794,6.36836,7.14653,1.22477,1332.85,1088.25,75.8051,61.8933,0.5956,0.486296,0.0,0,0.002236308,0.225851503,0.23545794539401935
QAVBUL_clean,12.14778,9.97355,12.14778,1.03126,1437.46,1393.89,0.0,0.0,0.626,0.607023,0.0,1,0.001890549,0.184981652,0.1871682243100462
QAVPIO_clean,5.30738,4.3707,5.28519,1.74559,1115.19,638.858,0.0,0.0,0.453,0.25951,0.0,0,0.003344823,0.309721986,0.3023420315437475
QAVWAN_clean,6.3577,4.74176,6.3577,1.14455,1283.39,1121.31,0.0,0.0,0.5318,0.464638,0.0,1,0.006538998,0.579093619,0.564444400943605
QAWDID_clean,8.86764,6.4582,8.76206,0.663333,2493.74,3759.41,0.0,0.0,0.781,1.17739,0.0,1,0.002664379,0.25621114,0.2702311948736478
QAWPIO_clean,5.34571,3.76875,5.30515,1.53902,932.084,605.634,189.024,122.821,0.49,0.318384,0.0,1,0.002630599,0.245600708,0.2438594435297115
QAWRIQ_clean,4.49398,3.4919,4.49398,1.89418,683.645,360.919,0.0,0.0,0.429,0.226483,0.0,1,0.006710538,0.475668903,0.530457838867727
QEBGAH_clean,5.50168,5.08562,5.49191,1.08026,1235.17,1143.4,0.0,0.0,0.5322,0.492658,0.0,0,0.008494271,0.718789898,0.7093425044850594
QEBGEL_clean,6.08453,4.84553,6.08453,1.01993,1460.11,1431.58,0.0,0.0,0.5522,0.54141,0.0,0,0.005700657,0.52975962,0.5357107538214259
QEBKUF_SL,9.81772,5.95471,9.68668,0.686123,2457.39,3581.56,0.0,0.0,0.7136,1.04005,0.0,0,0.004617097,0.449851056,0.45298955924102746
QEFNAQ_clean,6.2895,4.867,6.2895,1.2915,870.104,673.714,94.8179,73.4166,0.5222,0.404335,0.0,1,0.006080713,0.49851991,0.5139050428399579
QEFWUV_clean,32.36037,28.26773,32.35632,0.473548,1565.06,3304.96,0.0,0.0,0.826,1.74428,0.000422344,1,0.00306209,0.313854178,0.3108926392985225
QEJYIP_clean,5.79435,3.44834,5.51643,1.42081,1141.45,803.374,0.0,0.0,0.5468,0.38485,0.0,0,0.006137781,0.546660038,0.5399118009201888
QEPZOB_clean,6.00756,3.91744,6.00756,0.930353,1597.61,1717.21,0.801378,0.86137,0.6088,0.654376,0.0,1,0.002620777,0.265296257,0.2678015235912132
QEQZUH_clean,7.20474,5.54936,7.20474,2.98733,1121.05,375.269,0.0,0.0,0.4558,0.152577,0.0,0,0.010664479,0.704754416,0.6140079336352338
QERWAL_clean,6.23685,3.59052,6.23393,0.96089,1663.57,1731.28,0.0,0.0,0.5974,0.621716,0.0,0,0.005539312,0.507978876,0.5390843174795014
QESLOQ_clean,6.6747,4.69389,6.6747,2.0556,1217.11,592.095,0.0,0.0,0.5328,0.259195,0.0,1,0.004748217,0.427007521,0.4052096973394679
QESYOD_clean,7.06657,4.49673,7.06657,1.70049,1062.54,624.842,0.0,0.0,0.5092,0.299443,0.0,0,0.001251428,0.121220031,0.12316873254703681
QETCUO_clean,6.89128,4.79138,6.89128,1.23174,1603.73,1302.0,0.0,0.0,0.5742,0.46617,0.0,1,0.003438425,0.335316695,0.34499710933077854
QETHUT_clean,5.64185,3.41958,5.64104,1.68813,1127.74,668.04,0.0,0.0,0.4972,0.294527,0.0,0,0.004336025,0.386593369,0.3814413927432575
QEVKOS_clean,4.71244,3.94029,4.71244,1.86641,753.543,403.738,0.0,0.0,0.4654,0.249355,0.0,0,0.002639474,0.234534975,0.2437319934245872
QEWDON_clean,6.85219,4.97206,6.85219,1.41693,1021.65,721.035,55.4121,39.1073,0.5212,0.367839,0.0,1,0.011801096,0.797843645,0.8303289427704496
QEZZOL_clean,6.25588,3.45747,6.04611,1.73068,941.451,543.977,0.0,0.0,0.483,0.279081,0.0,1,0.001425574,0.135532328,0.13033724090281906
QIPROY_clean,5.10002,3.64368,4.72082,0.794412,2326.28,2928.3,0.0,0.0,0.6568,0.826775,0.0,1,0.005147887,0.494776692,0.5106007770528868
QIQTAN_clean,5.97055,4.70307,5.97055,1.22492,943.091,769.92,0.0,0.0,0.5008,0.408843,0.0,1,0.003271518,0.303099832,0.28737086697447023
QIQZIB_clean,8.62906,4.33786,8.62906,1.28033,1914.7,1495.48,0.0,0.0,0.6336,0.494873,0.0,1,0.003252416,0.315894071,0.3109469550641053
QIRWAR_clean,5.03603,3.89356,5.03603,1.34872,1809.31,1341.5,0.0,0.0,0.6038,0.447684,0.0,1,0.00506673,0.460074755,0.47889950225035677
QIRYAS_clean,6.80431,4.28089,6.76896,1.43909,1279.9,889.381,0.0,0.0,0.5066,0.352029,0.0,1,0.003667608,0.342426679,0.33062605874127726
QISNAJ_clean,6.86275,5.39635,6.82883,1.05954,2863.52,2702.61,0.0,0.0,0.7298,0.688789,0.0,1,0.002068211,0.208967326,0.2059677297582067
QISNEN_clean,6.73584,5.39558,6.7159,1.14249,2865.04,2507.71,0.0,0.0,0.739,0.646833,0.0,1,0.001915055,0.194387226,0.19095176731223024
QISNIR_clean,6.57248,5.45743,6.53468,1.21872,2929.79,2404.0,0.0,0.0,0.7294,0.598499,0.0,1,0.001770767,0.175022624,0.17109179216774179
QITDOO_clean,4.51149,3.70593,4.5073,1.60486,623.741,388.657,0.0,0.0,0.4184,0.260708,0.0,1,0.003371741,0.282552243,0.27697355042634375
QITXAU_clean,5.33833,4.09777,5.32992,1.02323,1464.2,1430.95,0.0,0.0,0.5698,0.556862,0.0,0,0.004566495,0.420216215,0.4464830836856466
QITYOI_clean,5.05446,3.86932,5.05446,1.38238,1280.1,926.009,0.0,0.0,0.5378,0.389038,0.0,1,0.002220847,0.216783469,0.21940084392696763
QIVJAG_clean,6.03486,4.47657,5.9683,0.924756,2925.59,3163.63,0.0,0.0,0.7036,0.760849,0.0,1,0.001940184,0.1982245,0.20249283367342547
QIVQAP_clean,5.96532,3.96258,5.96532,1.08722,942.027,866.452,0.0,0.0,0.4728,0.434869,0.00073582,1,0.003287131,0.296626356,0.3055981373130339
QIVYUR_clean,4.21696,3.7868,4.20902,1.26329,745.535,590.155,0.0,0.0,0.457,0.361755,0.0,0,0.005265771,0.451081824,0.48822312250166183
QIWCOQ_clean,7.90536,6.37424,7.89587,0.88756,1705.8,1921.9,0.0,0.0,0.6366,0.717248,0.0,1,0.004645624,0.457529788,0.43291830856883806
QIWGOU_clean,4.95412,3.59777,4.40809,1.51133,204.724,135.46,222.59,147.281,0.4446,0.294179,0.0,1,0.00170183,0.156330321,0.13938176746225261
QIWPET_clean,6.87756,5.53647,6.83784,1.18214,1480.3,1252.22,0.0,0.0,0.543,0.459336,0.0,1,0.004809819,0.449772101,0.43466588339038026
QIXNIW_clean,5.3327,4.51343,5.26398,1.68575,1489.56,883.622,0.0,0.0,0.5396,0.320096,0.0,1,0.003286467,0.300310853,0.2910419998276744
QIXSOG_clean,7.51562,5.04263,7.51562,0.608086,2919.24,4800.71,0.0,0.0,0.776,1.27614,0.0,1,0.001836605,0.191221102,0.1903065918102479
QIYDAF_clean,22.97967,8.76388,22.97967,0.403152,1832.34,4545.03,0.0,0.0,0.8334,2.06721,0.0,1,0.003066476,0.305462998,0.3151289181613345
QIYDEJ_clean,22.48969,11.55679,22.48969,0.431427,1897.73,4398.73,0.0,0.0,0.814,1.88676,0.0,1,0.003522615,0.353539605,0.34951380431016443
QIYDIN_clean,29.975,15.02249,29.83505,0.197643,1310.13,6628.79,0.0,0.0,0.9182,4.64576,0.0,1,0.003794861,0.378231535,0.36072844494647205
QIYDOT_clean,19.81856,17.06364,19.63981,0.211978,1346.05,6349.95,0.0,0.0,0.9118,4.30139,0.0,1,0.00377823,0.36763737,0.3611153419535739
QIZLIW_clean,6.45845,5.65073,6.45505,1.52092,1546.0,1016.49,0.0,0.0,0.5696,0.374511,0.0,1,0.002452546,0.236407401,0.24374834254184996
QOBGEV_clean,7.79609,3.48851,7.69085,1.10244,1557.79,1413.04,0.0,0.0,0.6186,0.56112,0.0,0,0.006145469,0.560131542,0.5524201042277062
QOBPEE_clean,5.93943,5.1846,5.93943,1.67865,1062.24,632.793,0.0,0.0,0.4286,0.255324,0.0,0,0.007629418,0.638127797,0.5656586502601653
QOCBUH_clean,5.62714,5.2779,5.62443,1.65942,1085.12,653.917,0.0,0.0,0.4334,0.261175,0.0,0,0.006533188,0.561993826,0.5244944544795254
QOCRUW_clean,5.79604,4.18591,5.79604,1.38102,1479.67,1071.43,0.0,0.0,0.5506,0.398692,0.0,1,0.004287247,0.403275341,0.3937454902405309
QOCSAD_clean,5.79442,4.21505,5.67699,1.39648,1468.21,1051.36,0.0,0.0,0.5488,0.392987,0.0,1,0.004269021,0.395309892,0.39103152950685305
QOCSEH_clean,5.70812,4.12503,5.70669,1.44217,1397.59,969.093,0.0,0.0,0.5398,0.374298,0.0,1,0.004183647,0.404862686,0.3718087179738811
QODHUO01_clean,7.02176,3.66753,6.99115,1.3176,1021.05,774.937,0.0,0.0,0.496,0.376443,0.0,1,0.002578776,0.238655789,0.23903804912656693
QODHUO03_clean,7.01529,3.79079,6.96918,1.33247,1014.37,761.274,0.0,0.0,0.4906,0.368189,0.0,1,0.002632694,0.237773576,0.2421118437180672
QODHUO04_clean,7.0665,3.70053,7.05456,1.31094,1039.62,793.032,0.0,0.0,0.501,0.382168,0.0,1,0.00254531,0.232289726,0.23249888225630952
QODHUO05_clean,7.05009,3.74248,7.03715,1.31954,1023.92,775.964,0.0,0.0,0.4934,0.373918,0.0,1,0.002526717,0.237463082,0.23329388392431946
QODHUO06_clean,7.04216,3.76029,6.51395,1.3253,1016.32,766.86,0.0,0.0,0.4928,0.37184,0.0,1,0.002557395,0.238523783,0.23319893995121063
QODHUO07_clean,7.03774,3.77448,6.9742,1.32931,1016.48,764.667,0.0,0.0,0.4848,0.364699,0.0,1,0.002606665,0.239004398,0.241568209157579
QODHUO09_clean,7.01869,3.81528,6.63722,1.33794,1007.41,752.957,0.0,0.0,0.4858,0.363096,0.0,1,0.00266709,0.243114265,0.2399318512168169
QODHUO10_clean,7.01033,3.79821,6.75812,1.33845,1014.35,757.851,0.0,0.0,0.488,0.364601,0.0,1,0.002565762,0.246601283,0.2358890180400732
QODHUO11_clean,7.01042,3.80896,6.9255,1.3366,1007.71,753.939,0.0,0.0,0.4868,0.364209,0.0,1,0.00266802,0.245774848,0.23995679212956111
QODHUO12_clean,7.0091,3.78553,6.9949,1.33735,1014.06,758.26,0.0,0.0,0.4828,0.361012,0.0,1,0.002529506,0.242104693,0.23138278412938196
QODHUO13_clean,7.01938,3.75717,6.78624,1.32807,1011.93,761.958,0.0,0.0,0.4912,0.36986,0.0,1,0.002586213,0.238817544,0.2421451893999202
QODHUO_clean,7.01702,3.80696,7.00767,1.33459,1022.86,766.423,0.0,0.0,0.4802,0.35981,0.0,1,0.002620299,0.241360065,0.23981675200743
QODSUZ_clean,7.02333,3.67551,6.68721,1.32015,1014.75,768.665,0.0,0.0,0.4954,0.375261,0.0,1,0.002550888,0.23907412,0.23459611006481473
QOFBIY01_clean,7.02313,3.82948,7.02313,1.33462,1010.65,757.254,0.0,0.0,0.4866,0.364598,0.0,1,0.002712642,0.246637538,0.23964384384752924
QOFCAR_clean,7.04297,3.82338,7.04297,1.33044,1025.08,770.483,0.0,0.0,0.4874,0.366345,0.0,1,0.002547169,0.242926481,0.23056626529020502
QOFCEV_clean,7.0406,3.82805,7.0406,1.32731,1013.17,763.33,0.0,0.0,0.4912,0.370073,0.0,1,0.002585284,0.245293303,0.24087557778487245
QOFCIZ_clean,7.04341,3.83129,7.04341,1.32486,1021.89,771.322,0.0,0.0,0.4928,0.371964,0.0,1,0.002557395,0.246488799,0.23097759659625428
QOFCOF_clean,7.02932,3.80353,7.02932,1.32333,1025.15,774.676,0.0,0.0,0.4948,0.373906,0.0,1,0.002549028,0.240208261,0.23196511332337963
QOFDAS_clean,7.03553,3.81631,6.66267,1.32324,1033.46,781.008,0.0,0.0,0.4904,0.370605,0.0,1,0.002674527,0.246192249,0.24166485419021447
QOFDEW_clean,7.03046,3.79465,6.68948,1.32008,1029.49,779.869,0.0,0.0,0.4982,0.377401,0.0,1,0.002451418,0.2444585,0.2312381575978212
QOFDIA01_clean,7.07034,3.75403,6.76838,1.31589,1019.32,774.626,0.0,0.0,0.4958,0.37678,0.0,1,0.002522069,0.24248305,0.23293856304364788
QOFDIA02_clean,7.01083,3.77871,6.95045,1.33425,1016.66,761.974,0.0,0.0,0.4834,0.362301,0.0,1,0.002543451,0.242959947,0.23157990478014975
QOFDIA03_clean,7.02821,3.76639,6.94579,1.33237,1008.79,757.135,0.0,0.0,0.4842,0.363411,0.0,1,0.002539732,0.241800706,0.23144445365325272
QOFDIA05_clean,7.02958,3.74465,6.95589,1.32702,1017.45,766.718,0.0,0.0,0.49,0.36925,0.0,1,0.002541591,0.242480261,0.23300914964720648
QOFDIA06_clean,7.01624,3.71089,6.8329,1.32411,1025.99,774.855,0.0,0.0,0.4912,0.370967,0.0,1,0.002595509,0.238003193,0.24284205340506765
QOFDIA08_clean,7.02793,3.71306,6.40493,1.32259,1024.02,774.255,0.0,0.0,0.4926,0.372451,0.0,1,0.002537873,0.239994447,0.23335069359681151
QOFDIA_clean,7.0591,3.80398,6.95726,1.31482,1028.35,782.123,0.0,0.0,0.4968,0.377845,0.0,1,0.002621539,0.235278466,0.2424344744635106
QOFKUT_clean,5.30234,4.62006,5.27677,1.31152,1132.35,863.381,0.0,0.0,0.538,0.410209,0.0,1,0.007531979,0.646852973,0.6478202933362035
QOFLAA_clean,9.67197,6.44372,9.67197,0.77122,2332.16,3023.99,0.0,0.0,0.771,0.999714,0.0,1,0.002300921,0.212470708,0.24138743208745916
QOFPAE_clean,5.80282,4.70685,5.79577,3.42955,1940.39,565.785,0.0,0.0,0.5998,0.174892,0.0,1,0.001024397,0.095075148,0.07798202406629379
QOHTUD_clean,6.67584,5.81143,6.66422,1.12235,912.162,812.727,0.0,0.0,0.4922,0.438545,0.0,1,0.001169403,0.117674382,0.11987632157477157
QOHYET_clean,5.66796,4.25652,5.66268,1.43346,1155.57,806.137,0.0,0.0,0.5024,0.350479,0.0,0,0.006003511,0.510538705,0.5130789009835186
QOJKAB_clean,5.80501,4.09157,5.4799,1.16562,2116.28,1815.58,0.0,0.0,0.6686,0.5736,0.0,0,0.002596771,0.258969273,0.25149940853363156
QOJTUE_clean,4.99075,4.07072,4.98875,1.39072,1473.66,1059.64,0.0,0.0,0.5964,0.428841,0.0,1,0.00726714,0.633780499,0.6449550792005706
QOKCID_clean,4.30865,3.85554,4.26496,1.71497,435.499,253.939,0.0,0.0,0.3688,0.215047,0.0,1,0.00555855,0.394838509,0.45287737618692103
QOKKAE_clean,4.41255,3.41758,4.32307,1.9759,693.219,350.838,235.178,119.024,0.5434,0.275014,0.0,1,0.001911443,0.181449209,0.1756252203134357
QOLVET_clean,4.18106,3.97053,4.18106,1.83396,707.407,385.727,0.0,0.0,0.4316,0.235338,0.0,0,0.006917587,0.569769367,0.54608061124669
QOMDUS_clean,5.73732,4.27265,5.65548,1.56934,1252.52,798.122,0.0,0.0,0.5388,0.343329,0.0,1,0.004122734,0.359634602,0.3617740049373091
QOMFEE_clean,6.23329,4.79223,6.23329,0.956504,2173.22,2272.05,0.0,0.0,0.6332,0.661994,0.0,1,0.006533764,0.593074248,0.5988675300307537
QOMSAO_clean,6.28295,5.19194,6.16876,0.913349,2335.71,2557.31,0.0,0.0,0.6626,0.725462,0.0,1,0.003712284,0.356088258,0.3666074546354534
QOMSES_clean,5.8822,4.848,5.86939,0.949674,2240.73,2359.47,0.0,0.0,0.658,0.692869,0.0,1,0.004117216,0.379601004,0.3965490036674211
QOMTET_clean,4.76534,3.95054,4.76534,1.34356,1133.18,843.42,0.0,0.0,0.5016,0.373337,0.0,1,0.007341197,0.620351911,0.6417675241276524
QONLAI_clean,6.10211,4.91381,6.0286,0.939951,2318.74,2466.88,0.0,0.0,0.6558,0.697696,0.0,1,0.003852919,0.376138469,0.3736612748961659
QONLEM_clean,5.90984,4.72024,5.82362,0.936419,2363.81,2524.31,0.0,0.0,0.6642,0.709298,0.0,1,0.003915962,0.377913382,0.38006886777342
QONQAM_clean,6.95521,6.65822,6.95521,0.957388,1627.93,1700.38,0.0,0.0,0.609,0.636106,0.0,0,0.003303549,0.315889073,0.3188366727898851
QONQEQ_manual,7.41052,7.00984,7.40327,0.944282,1611.38,1706.46,0.0,0.0,0.6124,0.648535,0.0,0,0.00404445,0.394331842,0.388573637748601
QOPCEE_clean,5.00224,4.42588,5.00224,2.00794,611.459,304.521,0.0,0.0,0.4062,0.202297,0.0,1,0.003180259,0.257203748,0.24993998664452727
QOPPES_clean,7.05411,5.65156,7.03914,0.967554,1983.39,2049.91,0.0,0.0,0.6408,0.662289,0.0,1,0.003504489,0.339256155,0.34563681748361896
QOQWOK01_clean,8.63633,6.73186,8.63063,0.935461,1473.57,1575.23,0.0,0.0,0.5784,0.618305,0.0,0,0.004092038,0.396879247,0.3873652794531305
QOSJEP_clean,5.95986,5.08733,5.90424,1.45523,1476.39,1014.54,0.0,0.0,0.5466,0.37561,0.0,1,0.002926484,0.288314126,0.2600750006582121
QOSJIT_clean,8.05472,3.98,7.82448,1.13518,1829.79,1611.9,0.0,0.0,0.6248,0.550399,0.0,1,0.002952772,0.290464361,0.29096370767061386
QOSJOZ_clean,8.08316,3.97327,8.04054,1.14357,1840.46,1609.4,0.0,0.0,0.6224,0.54426,0.0,1,0.002878967,0.291894141,0.27916166779139506
QOSJUF_clean,6.12081,5.11749,6.09552,1.41231,1533.09,1085.52,0.0,0.0,0.5616,0.397647,0.0,1,0.003019583,0.281086502,0.2895465607831058
QOSKAM_clean,8.09283,3.98695,8.04748,1.17505,1628.38,1385.79,0.0,0.0,0.6158,0.524061,0.0,1,0.003009304,0.289152552,0.29832533528075944
QOSXOM_clean,11.03802,8.53557,11.03802,1.03996,1270.59,1221.78,36.3048,34.91,0.5972,0.574255,0.0,1,0.004959592,0.387219251,0.41656843850536956
QOVDAH_clean,9.81819,9.19443,9.81819,1.3396,1377.74,1028.47,0.0,0.0,0.5818,0.434308,0.0,1,0.000984113,0.0958075,0.09753966907587325
QOVDEL_clean,9.82811,9.16141,9.82811,1.34846,1344.96,997.404,0.0,0.0,0.5734,0.425224,0.0,1,0.000867944,0.087036312,0.08298839649511786
QOVSOL_clean,6.4221,3.84022,6.40906,1.13898,1211.49,1063.66,0.0,0.0,0.5446,0.478145,0.0,0,0.006611758,0.562078932,0.5876054164789944
QOWQUO_manual,16.36508,5.22924,16.36508,0.720668,2111.4,2929.78,0.0,0.0,0.7092,0.984087,0.0,1,0.00468699,0.447058456,0.4335091679817618
QOWRAV02_clean,16.40599,5.24588,16.39933,0.71711,2129.23,2969.18,0.0,0.0,0.7138,0.995384,0.0,1,0.004617068,0.432595618,0.4339655207046388
QOWRAV03_clean,16.39933,5.24565,16.39933,0.71719,2129.19,2968.8,0.0,0.0,0.7134,0.994716,0.0,1,0.004522857,0.430729802,0.41583854864145753
QOWRAV04_clean,16.39644,5.24663,16.39644,0.717349,2130.73,2970.28,0.0,0.0,0.7132,0.994216,0.0,1,0.004659757,0.4313223,0.4339655207046388
QOWRAV05_clean,16.38928,5.24682,16.38928,0.717588,2130.87,2969.49,0.0,0.0,0.7132,0.993885,0.0,1,0.004586155,0.433191061,0.4339655207046388
QOWRAV06_clean,16.3778,5.24265,16.37247,0.717908,2134.21,2972.83,0.0,0.0,0.7136,0.994,0.0,1,0.004696558,0.436411894,0.4339655207046388
QOWRAV07_clean,16.36646,5.23896,16.35136,0.718227,2134.13,2971.38,0.0,0.0,0.7136,0.993558,0.0,1,0.0046259,0.430276412,0.4339655207046388
QOWRAV08_clean,16.35712,5.2326,16.35248,0.718547,2136.57,2973.47,0.0,0.0,0.7128,0.992003,0.0,1,0.004649453,0.432538945,0.4339655207046388
QOWRAV09_clean,16.34087,5.22933,16.33846,0.718946,2138.82,2974.94,0.0,0.0,0.7138,0.992842,0.0,1,0.004760592,0.441850363,0.43941553114268084
QOWRAV10_clean,16.32287,5.22574,16.32052,0.719907,2137.74,2969.47,0.0,0.0,0.7132,0.990684,0.0,1,0.004721583,0.437705821,0.43868712349005223
QOWRAV11_clean,16.31009,5.22559,16.30705,0.720949,2138.54,2966.28,0.0,0.0,0.7124,0.988141,0.0,1,0.004684046,0.439996322,0.4335091679817618
QOWRAV12_clean,16.28739,5.21999,16.28739,0.722396,2138.93,2960.89,0.0,0.0,0.713,0.986993,0.0,1,0.004617804,0.438820159,0.4335091679817618
QOXNIB_clean,4.25979,3.61253,4.24685,2.02207,509.832,252.133,0.0,0.0,0.4388,0.217005,0.0,1,0.002736835,0.243442389,0.2347301376667834
QOYLOG_clean,5.80261,4.54109,5.79964,1.48289,1070.97,722.217,0.0,0.0,0.498,0.335831,0.0,1,0.007494294,0.61107378,0.6113582854251731
QOZGAP_clean,4.8362,3.81563,4.76917,1.19541,1260.2,1054.2,0.0,0.0,0.5442,0.455241,0.0,1,0.009264999,0.805738591,0.7806542283541884
QOZPIG_clean,4.54942,3.60193,4.54942,1.23234,1331.25,1080.26,0.0,0.0,0.5634,0.457179,0.0,0,0.005339671,0.508017493,0.5083725180910403
QOZPOM_clean,4.94177,4.05577,4.93292,1.11879,802.645,717.419,483.544,432.201,0.5788,0.517342,0.0,0,0.007162619,0.643333836,0.672022529855159
QUBWIU_clean,10.48256,4.17052,10.46235,1.23045,1614.41,1312.05,0.0,0.0,0.6222,0.505669,0.0,1,0.001769881,0.170032183,0.17857178410632968
QUBZAP_clean,7.14967,3.85025,7.14967,1.8852,994.903,527.743,2.6105,1.38473,0.4918,0.260874,0.0,1,0.001219629,0.116169222,0.11557794993997944
QUDJIJ_clean,5.71523,4.47901,5.71444,1.04798,1842.24,1757.9,0.0,0.0,0.5918,0.564707,0.0,1,0.006848132,0.619263387,0.6206381429010175
QUDJOP_clean,6.19638,4.53832,6.17045,1.05792,1773.86,1676.75,0.0,0.0,0.5902,0.557888,0.0,1,0.007781104,0.707802771,0.6870202455114949
QUFTAM_clean,4.97686,4.54571,4.97686,1.56592,814.078,519.872,0.0,0.0,0.4264,0.2723,0.0,1,0.004245729,0.364691058,0.3615355001610462
QULLEP_clean,4.84676,3.51441,4.84676,1.2958,520.065,401.348,0.0,0.0,0.4678,0.361013,0.0,1,0.003494141,0.285296747,0.29327298167074484
QULMIU_clean,10.29771,9.60437,10.29648,1.52872,1059.92,693.336,0.0,0.0,0.525,0.343424,0.0,0,0.001867565,0.174405417,0.1795992958954185
QUMFUB_clean,6.17873,3.70632,6.16879,1.24989,1414.19,1131.45,0.0,0.0,0.5442,0.435399,0.0,0,0.004269729,0.398284436,0.40711704460304
QUNWAZ_clean,6.68191,4.62372,6.68191,0.987311,1445.66,1464.24,0.0,0.0,0.5434,0.550384,0.0,1,0.006681178,0.588079688,0.5890570377663398
QUPDEL01_clean,4.31787,3.88877,4.31787,2.05035,791.695,386.128,0.0,0.0,0.4768,0.232546,0.0,1,0.003494322,0.307630828,0.31069450854363195
QUPDEL_clean,4.30346,3.89395,4.29928,2.06117,790.339,383.442,0.0,0.0,0.481,0.233363,0.0,1,0.003964251,0.354957377,0.3483891470029191
QUPJAN_clean,5.93426,3.61461,5.81162,1.33898,708.592,529.204,195.452,145.971,0.4828,0.360574,0.0,0,0.006805826,0.539676114,0.5430196381501657
QUQBAH_clean,9.66456,8.22981,9.66456,0.719522,1817.4,2525.84,0.0,0.0,0.7038,0.978149,0.0,0,0.003879,0.38336095,0.3700604348962764
QUQFIS_clean,7.94677,5.42884,7.94677,0.862455,2489.26,2886.25,0.0,0.0,0.7028,0.814884,0.0,1,0.006879519,0.64818672,0.6224089592388327
QUQFOY_clean,8.20803,5.81249,8.20591,0.948677,2479.72,2613.87,0.0,0.0,0.7154,0.754103,0.0,1,0.004483126,0.439363699,0.42037213201887347
QUQGAL_clean,5.24917,3.7405,5.24587,0.948381,1199.28,1264.55,0.0,0.0,0.5468,0.576561,0.0,1,0.005630761,0.529309012,0.530326518288499
QUQHAM_clean,4.11745,3.56035,4.11745,2.20732,218.405,98.9459,0.0,0.0,0.3616,0.163818,0.0,1,0.001934513,0.16977088,0.1315032135278904
QUQWOQ_clean,10.06165,6.49649,10.06165,0.726621,2197.25,3023.92,0.0,0.0,0.7314,1.00658,0.0,1,0.003868665,0.396963435,0.37157619242015666
QUQWUW_clean,9.102,7.19033,9.102,0.965103,1741.04,1804.0,0.0,0.0,0.668,0.692154,0.0,1,0.004775629,0.45792186,0.43565024646140427
QUQYUY_clean,5.26261,4.12424,5.26261,2.16673,1285.57,593.325,0.0,0.0,0.5212,0.240547,0.0,1,0.002475384,0.215335107,0.23106275858920056
QURSEC_clean,6.73488,4.98598,6.69979,1.11309,1471.92,1322.37,0.0,0.0,0.585,0.525564,0.0,1,0.004430877,0.40276605,0.4045351685300984
QUSCAJ_clean,5.41421,3.75067,5.4093,1.171,1325.63,1132.04,0.0,0.0,0.5476,0.467633,0.0,1,0.002692096,0.254118993,0.2595878651752719
QUSHUJ_clean,7.15336,4.82289,7.11748,0.903996,1600.62,1770.61,0.0,0.0,0.599,0.662614,0.0,1,0.003579063,0.344488184,0.361837306857854
QUSRIH_clean,4.38791,3.69157,4.27847,1.86379,1077.12,577.916,0.0,0.0,0.549,0.294561,0.0,1,0.002862934,0.273270966,0.2592763683573057
QUSSII_clean,5.07067,4.28847,5.07067,1.30387,1013.74,777.485,0.0,0.0,0.5214,0.399886,0.0,1,0.007607218,0.619987445,0.6364424167101005
QUTTII01_clean,5.86223,4.35313,5.84737,1.55825,1478.82,949.028,0.0,0.0,0.4966,0.31869,0.0,1,0.004100397,0.394747291,0.37054070503609593
QUTTII_clean,5.89004,4.39215,5.87319,1.54457,1464.98,948.466,0.0,0.0,0.5138,0.332648,0.0,1,0.004180904,0.387014525,0.37424783108019555
QUXQUX_clean,5.17149,3.8322,5.17149,1.55185,476.457,307.026,0.0,0.0,0.3482,0.224378,0.0,0,0.014648042,0.771504195,0.7497315145322354
QUXROS_clean,5.0019,3.66108,4.98081,1.56447,446.305,285.275,0.0,0.0,0.341,0.217965,0.0,0,0.014985833,0.783102032,0.7774158158730502
QUXRUY_clean,4.90652,3.5734,4.90652,1.57471,420.432,266.99,0.0,0.0,0.3326,0.211213,0.0,0,0.015620074,0.785473629,0.7940765913278325
QUZVEO_clean,9.48553,8.8403,9.48103,1.4036,1600.03,1139.94,0.0,0.0,0.619,0.441008,0.0,1,0.001746629,0.166247303,0.16984654969897817
RABHAZ_clean,6.83344,4.71663,6.83296,1.06807,1813.41,1697.83,0.0,0.0,0.6246,0.584793,0.0,1,0.001559659,0.150824498,0.1733776873725541
RABHIH_clean,6.97329,4.88825,6.97329,0.93136,2191.25,2352.75,0.0,0.0,0.6512,0.699193,0.0,1,0.002258538,0.226713236,0.22959280271980434
RACHUA_clean,10.9643,9.26908,10.9643,0.761133,2031.27,2668.75,0.0,0.0,0.7024,0.922834,0.0,1,0.002467116,0.25007451,0.2589041419779685
RACZEC_clean,5.79552,5.04854,5.77825,1.51587,900.967,594.354,0.0,0.0,0.4678,0.308601,0.0,0,0.002491181,0.229532793,0.22481107694931834
RAFNIV_clean,5.08011,4.95466,5.07716,1.28742,668.968,519.62,0.0,0.0,0.4346,0.337575,0.0,0,0.003644766,0.308351305,0.3206764947172158
RAFNUH01_clean,5.42763,5.00502,5.42763,1.15566,1031.44,892.51,0.0,0.0,0.5104,0.441654,0.0,0,0.002146591,0.199446323,0.19670624408327197
RAHNOF_clean,19.03849,6.57368,19.03849,0.594852,2177.49,3660.55,0.0,0.0,0.7766,1.30553,0.0,1,0.003669066,0.365901525,0.35438632693397343
RAJFAM_clean,5.76966,4.83521,5.76966,1.51984,1227.59,807.709,0.0,0.0,0.4906,0.322798,0.0,1,0.004818966,0.425172466,0.4189615639581064
RAKCUC_clean,8.57661,7.89234,8.55843,1.19439,2063.73,1727.86,0.0,0.0,0.673,0.563469,0.0,0,0.002591148,0.246182716,0.25231457789707146
RAKDAJ_clean,8.45824,7.8928,8.45069,1.20511,2057.23,1707.09,0.0,0.0,0.6724,0.557956,0.0,1,0.002532557,0.245649477,0.24737303496615537
RANNOM_clean,5.69914,3.57907,5.69914,1.37889,1612.66,1169.53,0.0,0.0,0.555,0.402497,0.0,1,0.003221415,0.306593575,0.3091893461609244
RANPAA_clean,6.05316,4.94809,6.0477,1.2743,1610.55,1263.87,0.0,0.0,0.5832,0.457663,0.0,1,0.004352778,0.421716017,0.40548668194506354
RANWAH_clean,16.74527,9.32901,16.72649,0.807635,1226.12,1518.16,378.27,468.367,0.6974,0.863509,0.0,1,0.005474759,0.518921164,0.4861990732573961
RASGAT_clean,7.32111,5.46808,7.222,1.5718,2726.03,1734.34,0.0,0.0,0.7354,0.467871,0.0,1,0.000797297,0.077618597,0.08629191339459874
RASKON_clean,4.83097,3.827,4.78914,1.13652,871.617,766.914,0.0,0.0,0.4996,0.439586,0.0,1,0.00762093,0.671048172,0.6426534183746313
RASXEP01_clean,5.09989,3.45083,5.0749,2.38949,628.019,262.825,0.0,0.0,0.4048,0.169408,0.0,1,0.00177651,0.148798196,0.16055519026664078
RASXIT_clean,5.08501,3.51139,5.08501,2.43093,644.893,265.287,0.0,0.0,0.4018,0.165287,0.0,1,0.001815866,0.159783385,0.1625767408786017
RATSAI_clean,5.60614,4.62847,5.47098,1.77494,1148.07,646.824,0.0,0.0,0.5046,0.284292,0.0,1,0.00540517,0.449541832,0.4698242411788078
RAVJOP_clean,6.06205,4.36461,6.04226,1.22934,1821.97,1482.08,0.0,0.0,0.617,0.501897,0.0,1,0.004112078,0.38020377,0.3888846092352208
RAVVIU_clean,4.57827,3.5768,4.571,1.86654,688.219,368.714,0.0,0.0,0.4312,0.231016,0.0,0,0.002079117,0.183159651,0.19720183581981748
RAVVUH_clean,17.18258,16.37707,17.18252,0.61117,1430.17,2340.05,0.0,0.0,0.7478,1.22355,0.0,1,0.00376145,0.381788505,0.35980891685593086
RAVWAO_clean,17.92516,17.51395,17.92516,0.536552,1469.43,2738.65,0.0,0.0,0.7562,1.40937,0.0,1,0.00408043,0.390604174,0.3874762455709576
RAVWES_clean,24.44059,23.62721,24.44059,0.439059,1246.56,2839.17,0.0,0.0,0.7912,1.80203,0.0,1,0.004183242,0.416588285,0.3849454182541216
RAVWIW_clean,30.70055,30.14408,30.70055,0.362219,1156.23,3192.07,0.0,0.0,0.82,2.26383,0.0,1,0.003511537,0.354675787,0.342979509309876
RAVWOC_clean,28.21772,27.5597,28.21772,0.383766,1182.94,3082.47,0.0,0.0,0.7968,2.07627,0.0,1,0.003014661,0.306041741,0.31107424305470943
RAVWUI_clean,36.78756,36.43313,36.78756,0.334728,1010.86,3019.95,0.0,0.0,0.8506,2.54117,0.0,1,0.003579541,0.339840341,0.3492261133863872
RAVXAP_clean,34.85961,34.35542,34.85961,0.286106,1008.2,3523.86,0.0,0.0,0.8406,2.93808,0.0,1,0.003575496,0.35861779,0.3492261133863872
RAVXIX_clean,53.57674,53.26429,53.57674,0.23463,734.576,3130.78,0.0,0.0,0.8668,3.69432,0.0,0,0.003698458,0.347543203,0.3630131912901112
RAVXOD_clean,71.64119,71.50197,71.64119,0.179103,619.991,3461.66,0.0,0.0,0.8986,5.01724,0.0,1,0.0036876,0.3740691,0.3603578684291192
RAWZIA_clean,5.39589,4.8012,5.39589,1.33412,1219.23,913.881,0.0,0.0,0.473,0.35454,0.0,0,0.006419893,0.560498176,0.5423456976281206
RAXYOF_clean,4.79754,4.32387,4.79754,1.30004,712.796,548.286,0.0,0.0,0.4292,0.330142,0.0,0,0.002450448,0.232691173,0.22805903788040038
RAYFAA_clean,15.81778,9.45289,13.62877,0.959285,1554.88,1620.88,0.0,0.0,0.6988,0.728459,0.0,1,0.001986981,0.196514471,0.19540601026176618
RAYKIN_clean,9.49471,7.12348,9.49471,1.03474,1089.85,1053.26,0.0,0.0,0.5584,0.539655,0.0,1,0.002990022,0.281950267,0.28306679592153705
RAYLAG_clean,8.06325,5.70271,8.06325,1.05948,1118.14,1055.37,0.0,0.0,0.5424,0.511951,0.0,1,0.003192012,0.311925432,0.29262398541686846
RAYLOU_clean,6.83933,5.19617,6.83933,1.09861,1246.82,1134.91,0.0,0.0,0.5274,0.480063,0.0,1,0.003447579,0.329569221,0.33015715216583136
RAYMAG_clean,6.11234,4.00379,6.11037,0.853384,2274.69,2665.5,0.0,0.0,0.6316,0.740112,0.0,1,0.005500931,0.547608557,0.5193385674221698
RAYMIP_clean,13.47425,9.8037,13.46784,0.502799,2109.81,4196.14,0.0,0.0,0.8088,1.6086,0.0,1,0.003804904,0.381906503,0.3709903870651663
RAZGOQ_clean,5.22922,5.1443,5.20974,1.6171,770.443,476.435,163.357,101.019,0.5102,0.315503,0.0,1,0.001843126,0.17472455,0.16534095620522138
RAZXIA02_clean,7.82014,4.3293,7.82014,1.54095,1272.68,825.908,0.0,0.0,0.459,0.297868,0.0,1,0.001168194,0.12045421,0.12621547105450032
RAZYIC_clean,7.88308,6.20532,7.88308,1.40501,1615.19,1149.59,0.0,0.0,0.5966,0.424622,0.0,0,0.003754453,0.347330353,0.3608374576080599
RAZYOI_clean,7.72531,5.99694,7.71841,1.07668,1740.27,1616.34,0.0,0.0,0.608,0.564701,0.0,0,0.004631148,0.454383136,0.44555888647284136
REDYEG_clean,6.00247,5.30071,6.00247,1.71779,1047.72,609.926,0.0,0.0,0.4804,0.279662,0.0,0,0.003141266,0.277309463,0.2906154704479108
REFJET_clean,6.27741,5.87074,6.27741,1.48318,1233.99,831.987,0.0,0.0,0.4452,0.300165,0.000134845,1,0.003994151,0.371658289,0.35766771183053264
REFTUT_clean,6.62287,5.81813,6.60232,1.44048,711.488,493.924,0.0,0.0,0.4434,0.307814,0.0,1,0.001375454,0.137859275,0.14152538586572533
REGJIW01_clean,4.19061,3.96956,4.19061,2.19605,565.019,257.289,0.0,0.0,0.3638,0.165661,0.0,0,0.007461086,0.564004217,0.5772629467053121
REGJIW02_clean,4.15601,3.75321,4.15601,2.20306,528.853,240.053,0.0,0.0,0.3622,0.164407,0.0,0,0.005970067,0.489777787,0.4911459019879255
REGJIW_clean,4.22072,4.03217,4.22072,2.18549,633.476,289.856,0.0,0.0,0.367,0.167926,0.0,0,0.007762883,0.595013832,0.5806662310693277
REGMOH_clean,5.75637,3.63199,5.752,1.21306,695.864,573.642,0.0,0.0,0.461,0.380029,0.0,0,0.003451714,0.298607164,0.30433012274792404
REGMUN_clean,5.53731,3.62481,5.51122,1.21407,657.252,541.362,0.0,0.0,0.452,0.372301,0.0,0,0.003426492,0.289753354,0.2855847272489541
REGRAY_clean,9.45537,5.54963,9.26082,0.925798,2318.33,2504.14,0.0,0.0,0.7126,0.769715,0.0,1,0.0037718,0.37405847,0.36797362595833816
REGREC_clean,7.78665,6.48187,7.78665,0.899667,2411.03,2679.92,0.0,0.0,0.7204,0.800741,0.0,1,0.003734662,0.364829696,0.37091159476966445
REGRIG_clean,9.2158,6.6287,9.19553,0.813635,2298.6,2825.1,0.0,0.0,0.7402,0.909744,0.0,1,0.003218202,0.332524246,0.3233082841123475
REHHOD_clean,9.5023,7.30426,9.5023,0.978772,2065.68,2110.48,0.0,0.0,0.6764,0.69107,0.0,1,0.003255155,0.313256788,0.31532595763855853
REHVAD_clean,5.39014,4.09776,5.39014,1.21945,848.775,696.033,0.0,0.0,0.4626,0.379352,0.0,0,0.007074676,0.56691128,0.5771385007372628
REHVEH_clean,5.09966,4.72276,5.09966,1.21463,819.918,675.033,0.0,0.0,0.4664,0.383984,0.0,0,0.007003296,0.538709682,0.5622914696987542
REJLEY_clean,5.1864,4.84916,5.1864,1.17199,1483.96,1266.19,0.0,0.0,0.5272,0.449833,0.0,0,0.007728557,0.648363807,0.6725926325204203
REJLIC_clean,7.01256,4.27999,7.01256,1.09096,1719.24,1575.89,0.0,0.0,0.5716,0.523941,0.0,0,0.007086953,0.628919878,0.6456949613459881
REJVOS_clean,4.89378,3.67275,4.89056,1.38833,813.018,585.609,0.0,0.0,0.4646,0.334647,0.0,0,0.003561099,0.324543895,0.3265876623366717
RESQAJ_clean,5.3045,3.72656,5.30006,1.51504,527.124,347.927,0.0,0.0,0.4244,0.280124,0.0,1,0.003642307,0.308081198,0.28722236361735176
RESSAK_clean,5.33635,3.74229,5.33635,1.17983,1069.98,906.899,0.0,0.0,0.5116,0.433623,0.0,1,0.003405096,0.318180796,0.291817407269636
RETBEZ_clean,5.70035,3.74465,5.68395,1.36188,872.92,640.965,0.0,0.0,0.4694,0.344669,0.0,1,0.004860822,0.41079132,0.41966662462577076
REVYUO_clean,4.59119,3.58129,4.35696,1.13884,1005.06,882.529,15.2393,13.3814,0.5666,0.497524,0.0,0,0.005093531,0.463253553,0.4945735272161594
REWLEM_clean_h,12.46985,5.92009,12.2403,0.703058,2170.85,3087.73,0.0,0.0,0.7184,1.02182,0.0,1,0.004789594,0.474634718,0.43990949739672697
REWNEO01_clean,18.51106,6.94262,11.7916,0.597667,2260.57,3782.32,0.0,0.0,0.7806,1.30608,0.0,1,0.003575362,0.369059732,0.3599523885929736
REWNEO_clean,19.37323,6.76945,10.17378,0.57834,2196.18,3797.39,0.0,0.0,0.79,1.36598,0.0,1,0.003712625,0.37042909,0.36559277553738123
REWSUJ_clean,7.20015,5.05884,7.19749,1.17107,1370.13,1169.98,0.0,0.0,0.5526,0.471877,0.0,1,0.002939957,0.28046876,0.27684477953204967
REXCII_clean,8.08493,5.70512,8.08493,1.37969,1708.34,1238.2,0.0,0.0,0.6152,0.445897,0.0,0,0.001761664,0.167648431,0.1792253870787784
REXCUU_clean,8.63785,5.56771,8.63785,1.36162,1719.14,1262.57,0.0,0.0,0.6254,0.459305,0.0,0,0.001793264,0.169524643,0.17970041572726136
REXDAB_clean,10.30851,5.62434,10.27466,1.28435,1767.21,1375.95,0.0,0.0,0.652,0.507649,0.0,0,0.001686616,0.165106658,0.17311569535682897
REXDIJ_clean,8.90631,7.09895,8.90631,1.2857,1723.1,1340.2,0.0,0.0,0.6524,0.507429,0.0,0,0.001611567,0.158239722,0.1626083941188851
REXDOP_clean,10.39698,6.23971,7.4603,1.26275,1736.17,1374.91,0.0,0.0,0.6598,0.522512,0.0,0,0.001558244,0.160331204,0.16855929074790854
REXDUV_clean,8.6384,5.67843,8.6331,1.35953,1719.61,1264.86,0.0,0.0,0.6318,0.464721,0.0,0,0.001603668,0.171355431,0.16971670162781438
REXFEH_clean,9.20954,5.96123,9.20203,1.33437,1715.88,1285.91,0.0,0.0,0.627,0.469885,0.0,0,0.001641192,0.159110679,0.16980935547299486
REXFIL_clean,8.77344,5.77864,8.77344,1.35848,1719.23,1265.56,0.0,0.0,0.6372,0.469054,0.0,1,0.001670816,0.166854497,0.17551238660355162
REXFUX_clean,8.11172,6.18424,8.11172,1.35522,1728.2,1275.22,0.0,0.0,0.6386,0.471215,0.0,0,0.001676741,0.167152716,0.18263208217692162
REYMOZ_clean,13.17296,6.59717,13.17189,0.883255,2124.84,2405.69,0.0,0.0,0.7188,0.813808,0.0,1,0.005002351,0.429083688,0.44306586108033735
REZVAU_clean,5.17319,4.55903,5.17319,1.10092,1367.69,1242.32,0.0,0.0,0.552,0.5014,0.0,1,0.004698942,0.426895507,0.44558664072627563
REZXIE_clean,8.61965,8.10074,8.61965,0.817908,2366.92,2893.87,0.0,0.0,0.7116,0.870025,0.0,1,0.002077583,0.214869515,0.20693133258670382
REZXOK_clean,14.21059,13.62195,14.20905,0.470058,1999.64,4254.04,0.0,0.0,0.8176,1.73936,0.0,1,0.002417491,0.247678705,0.25626691853909817
RIBTAZ_clean,7.94342,5.01622,7.94342,0.877067,2617.13,2983.95,0.0,0.0,0.7178,0.818409,0.0,1,0.004028608,0.400873875,0.39346487871548436
RICBEM_clean,11.37522,8.59238,11.37522,0.399184,2277.32,5704.93,0.0,0.0,0.821,2.0567,0.0,1,0.003368472,0.33375978,0.3390807497040367
RIFDUG01_clean,13.00544,6.82625,13.00544,0.86753,2060.89,2375.58,0.0,0.0,0.7198,0.829712,0.0,1,0.005574691,0.487439903,0.49693644900718625
RIFGAQ_clean,13.18615,6.52783,13.17424,0.879718,2150.81,2444.89,0.0,0.0,0.7148,0.812533,0.0,1,0.005023663,0.433048242,0.46104176604721886
RIFMIE_clean,5.81313,3.54807,5.80072,1.27517,844.386,662.176,100.563,78.8628,0.5018,0.393516,0.0,1,0.003291781,0.290952943,0.3016418140086109
RIFQUT_clean,5.6172,4.23676,5.6163,1.93171,1255.63,650.01,0.0,0.0,0.475,0.245896,0.0,1,0.001552425,0.146852729,0.1546602021038211
RIFSOQ_clean,12.93918,4.8446,12.92898,0.716983,1922.33,2681.14,0.0,0.0,0.6812,0.950093,0.0,0,0.005504737,0.52648073,0.5140778252380012
RIGPEE01_clean,4.32886,3.44721,4.31075,1.25081,566.106,452.592,0.0,0.0,0.462,0.369361,0.0,1,0.002160512,0.207269804,0.20785159027505623
RIGPEE_clean,4.3699,3.50423,4.34774,1.23163,597.681,485.277,0.0,0.0,0.468,0.379984,0.0,1,0.002095041,0.204977888,0.20152841377187097
RIGTIL_clean,6.02864,4.29629,6.02864,1.13222,1723.76,1522.46,0.0,0.0,0.6098,0.538588,0.0,0,0.006477255,0.59651053,0.5796390485165294
RIGVOU_clean,4.93156,4.16902,4.92505,2.31703,753.709,325.291,0.0,0.0,0.3776,0.162967,0.0,0,0.003284977,0.266815284,0.28055785299261227
RIGWIP_clean,5.39694,5.17369,5.38654,2.25257,825.556,366.496,0.0,0.0,0.3946,0.175178,0.0,0,0.002783037,0.234277894,0.24657560954595162
RIPKIM_clean,7.16555,6.65101,7.16555,1.28891,929.295,720.995,0.0,0.0,0.4824,0.374271,0.0,0,0.001360408,0.134104272,0.13058729779734146
RIPNIP_clean,5.40468,4.16071,5.24069,1.54847,1362.91,880.165,0.0,0.0,0.5192,0.335298,0.0,1,0.002861983,0.26662392,0.2578178689378228
RIPTEQ_clean,5.96,4.10144,5.96,2.02284,1713.13,846.891,0.0,0.0,0.5442,0.269027,0.0,1,0.001156721,0.109736537,0.11285409484811915
RIRDED_clean,8.69638,4.93276,7.75095,1.22642,1303.46,1062.82,0.0,0.0,0.5456,0.444872,0.0,1,0.003854264,0.351463839,0.3256635875028109
RITGIM_clean,5.22026,3.78444,5.12438,2.19337,1554.84,708.882,0.0,0.0,0.5434,0.247747,0.0,1,0.001063206,0.106150765,0.11754495641725343
RIVDEH_clean,12.51922,5.05893,12.51169,0.722936,1917.36,2652.18,0.0,0.0,0.6838,0.945866,0.0,0,0.005962585,0.558158942,0.5559645778643372
RIWMUH_clean,10.50032,10.04767,10.50032,0.982459,1440.31,1466.03,0.0,0.0,0.6132,0.624148,0.0,1,0.003437582,0.327280663,0.32298045739391396
RIWSUM_clean,5.96762,4.61739,5.59799,1.1098,1315.0,1184.9,1.14823,1.03463,0.578,0.520815,0.0,1,0.002175275,0.207788743,0.21786330178377677
RIXBEG_clean,6.00946,4.04752,5.99904,1.21211,664.521,548.234,0.0,0.0,0.4704,0.388083,0.0,1,0.003958426,0.336433809,0.33205862795794183
RIXBIK_clean,6.35159,4.65776,6.34133,1.14836,1013.62,882.673,0.0,0.0,0.5162,0.449512,0.0,1,0.005165603,0.447394563,0.4649100208676281
RIXPIZ_clean,9.94535,8.42715,9.94535,0.56995,2088.86,3665.0,0.0,0.0,0.7428,1.30327,0.0,0,0.003498064,0.336752109,0.3448627547398905
RIYBAE_clean,8.18384,7.49831,8.16337,1.22176,2051.61,1679.23,0.0,0.0,0.667,0.545934,0.0,0,0.00257864,0.244808802,0.25332362861847635
RIYBEI_clean,8.30815,7.80553,8.30815,1.20426,2064.05,1713.96,0.0,0.0,0.6688,0.555362,0.0,0,0.002593123,0.249467733,0.2527588687588236
RIYBIM_clean,8.35741,7.50788,8.28491,1.24126,2090.26,1683.99,0.0,0.0,0.6636,0.534619,0.0,0,0.002728078,0.263405026,0.26556466936214806
RIYBOS_clean,8.27117,7.50835,8.18647,1.23809,2073.81,1675.0,0.0,0.0,0.6628,0.535339,0.0,1,0.002752436,0.256775085,0.26790109919614746
RIYWED_clean,4.63321,3.54746,4.62492,1.48698,355.273,238.923,0.0,0.0,0.3958,0.266178,0.0,1,0.00227759,0.209265876,0.18693876864753306
RIYWIH_clean,4.61736,3.75355,4.61736,1.46943,261.851,178.199,75.8401,51.612,0.4096,0.278748,0.0,1,0.002283424,0.212251045,0.18442277510807004
RIYXIG_clean,5.32542,4.68558,5.29552,1.52248,1574.19,1033.97,0.0,0.0,0.575,0.377674,0.0,1,0.001881969,0.176435941,0.1798343587446431
ROBWAH_clean,5.06604,4.01581,5.06032,1.4577,413.629,283.754,105.001,72.0315,0.443,0.303902,0.0,1,0.003520678,0.305301786,0.2898201111628379
ROCZAM_clean,5.6803,4.28854,5.40999,1.1313,2335.01,2064.0,0.0,0.0,0.6432,0.568548,0.0,1,0.003305491,0.312740686,0.32088353097921374
ROCZEQ_clean,5.8918,4.42295,5.82087,1.11408,2330.31,2091.69,0.0,0.0,0.6462,0.580029,0.0,1,0.003111589,0.310381802,0.3114652054639685
ROCZIU_clean,6.78863,5.28492,6.57422,1.08447,2132.05,1965.99,0.0,0.0,0.649,0.598451,0.0,1,0.003114643,0.296770507,0.3109551550935726
ROCZOA_clean,6.50104,5.23642,6.50104,0.958325,2491.0,2599.32,0.0,0.0,0.685,0.714789,0.0,1,0.002775586,0.281075715,0.26889950231568294
RODBAP_clean,7.01898,5.1049,7.00748,0.913193,2450.75,2683.71,0.0,0.0,0.7006,0.767198,0.0,1,0.002510455,0.255001778,0.25696820344044435
ROGLOP_clean,5.33017,3.84032,5.33017,1.2463,995.82,799.02,0.0,0.0,0.527,0.422851,0.0,1,0.003174267,0.288277114,0.2730678418074931
ROGSAI_clean,7.26111,4.49108,7.2508,1.17019,1831.91,1565.48,0.0,0.0,0.6072,0.51889,0.0,1,0.002505694,0.255329134,0.25583087623179457
ROLZEZ_clean,6.54271,5.20454,6.54271,1.10411,1262.09,1143.08,86.4297,78.2797,0.5632,0.510092,0.0,0,0.005139536,0.466932608,0.4917522147456645
ROMQAN_clean,4.67601,3.58614,4.53668,1.50157,646.168,430.33,0.0,0.0,0.452,0.301019,0.0,1,0.002361226,0.220457479,0.21562862468495952
RONWIA_clean,5.83208,4.50922,5.82484,1.11758,1988.36,1779.17,0.0,0.0,0.6574,0.588235,0.0,1,0.001073447,0.112128812,0.11673214077495442
ROQVIE_clean,8.20229,7.33404,8.17219,0.896085,1741.45,1943.4,0.0,0.0,0.6732,0.751268,0.0,0,0.003642569,0.358377715,0.3529622957924657
RORLIV_clean,5.0614,3.45442,5.0614,1.30915,1167.77,892.008,0.0,0.0,0.6106,0.466408,0.0,0,0.001576747,0.16215936,0.16395773004415987
RORRIB_clean,5.56844,4.5608,5.56844,2.09957,1607.82,765.783,0.0,0.0,0.5896,0.280819,0.0,1,0.001549143,0.159994656,0.14606955334580818
RORTAV_clean,9.60382,5.42977,9.56238,0.669195,1791.93,2677.74,407.039,608.252,0.711,1.06247,0.0,0,0.003753909,0.365580721,0.399444371384461
ROTQIC_clean,4.94875,3.6681,4.74718,1.32167,723.976,547.773,0.0,0.0,0.481,0.363934,0.0,1,0.002561844,0.234962121,0.23404647061459175
ROYRII_clean,6.60108,5.14039,6.60108,1.17875,1322.43,1121.89,0.0,0.0,0.5472,0.464219,0.0,1,0.008988461,0.657827295,0.7393341583251466
ROYROO_clean,6.57261,5.08535,6.54322,1.19171,1317.71,1105.73,1.69583,1.42302,0.5486,0.460348,0.0,1,0.009766541,0.710169116,0.7732807347435364
RUBDUP_clean,21.09518,19.24681,20.98484,0.298857,1270.61,4251.56,0.0,0.0,0.868,2.9044,0.0,1,0.003344613,0.316160289,0.3308824304831465
RUBGUS_clean,4.4617,3.54667,4.45263,1.35931,320.757,235.971,161.359,118.706,0.4638,0.341202,0.0,1,0.00648924,0.554255444,0.5218421006065099
RUBTAK02_SL,8.49537,3.88559,8.49537,1.23841,1654.63,1336.08,0.0,0.0,0.5866,0.47367,0.000322994,0,0.003593954,0.339893193,0.3381843827209665
RUBTAK03_auto,8.46299,3.95011,8.46299,1.23778,1637.26,1322.74,0.0,0.0,0.6028,0.487,0.000161579,0,0.003527704,0.322368496,0.32913973334537405
RUCGOM_clean,4.40498,3.818,4.39366,2.16054,906.666,419.648,0.0,0.0,0.5218,0.241514,0.0,1,0.001382825,0.134583409,0.127917897026464
RUFDUT_clean,4.69173,3.85639,4.65615,1.66558,994.805,597.274,0.0,0.0,0.4696,0.281944,0.0,1,0.005272235,0.46067413,0.458526347944902
RUFRIV_clean,7.49731,4.21343,7.49731,1.44845,1008.29,696.116,0.0,0.0,0.4786,0.330421,0.0,1,0.002565194,0.245878228,0.23452007860012192
RUFTET_clean,5.41592,3.76809,5.41592,1.32563,1019.52,769.082,0.0,0.0,0.4806,0.362546,0.0,0,0.002699182,0.255432535,0.2471297292260202
RUFZID_clean,10.67067,8.77989,10.67019,0.799166,1949.96,2439.99,0.0,0.0,0.71,0.888426,0.0,1,0.002759622,0.271252653,0.27359513971270527
RUGKOV_clean,6.88401,5.43231,6.88401,0.929347,2753.28,2962.6,0.0,0.0,0.6968,0.749773,0.0,1,0.004184509,0.406321809,0.4083298334283758
RUGXOI01_clean,6.51947,4.18889,6.51947,1.08279,1782.29,1646.02,0.0,0.0,0.638,0.589221,0.0,0,0.005427401,0.520079074,0.5179168526086961
RUGXOI_clean,5.21341,3.72816,5.20196,1.19066,1517.77,1274.73,0.0,0.0,0.586,0.492165,0.0,0,0.007979217,0.713238886,0.7176896131846381
RUGYOJ_clean,5.31747,4.41438,5.22074,1.35237,1132.24,837.223,13.731,10.1533,0.5218,0.385841,0.0,1,0.004050119,0.371308955,0.37868569364034754
RUHCED_SL,6.00951,5.54585,6.00744,1.22913,1471.94,1197.55,0.0,0.0,0.5726,0.465859,0.0,0,0.007157458,0.622755291,0.6441517171319908
RUHFIL_clean,10.02499,8.76011,10.02499,0.882826,2167.55,2455.24,0.0,0.0,0.7844,0.88851,0.0,1,0.001345723,0.12908839,0.13436078846374205
RUHFOR_clean,10.01133,8.72369,10.0082,0.889531,2175.51,2445.69,0.0,0.0,0.787,0.884736,0.0,1,0.001260511,0.126794075,0.1255041397306646
RULBOQ_clean,7.47442,6.27169,7.47442,1.39226,1576.48,1132.32,0.0,0.0,0.6106,0.438569,0.0,1,0.001314205,0.126073963,0.131623751778
RULVUP_clean,5.01128,4.18788,4.96894,1.11888,878.165,784.859,0.0,0.0,0.5036,0.450092,0.0,1,0.007438124,0.605738867,0.63524936986403
RULXOM_clean,15.36971,3.55595,15.36971,0.839199,1628.5,1940.54,0.0,0.0,0.652,0.776931,0.0,0,0.006065815,0.572377131,0.5494866929843165
RUPVAB_clean,13.61739,4.61754,13.61739,0.953237,2216.88,2325.64,0.0,0.0,0.6886,0.722381,0.0,1,0.004571669,0.427540809,0.4250370883609989
RURPAW_clean,4.26453,3.57847,4.26352,2.09861,723.866,344.926,0.0,0.0,0.4906,0.233773,0.0,1,0.007185447,0.600085347,0.5958444827039598
RUSWIN_clean,6.48006,3.76789,6.3774,1.27344,1499.33,1177.39,0.0,0.0,0.5498,0.431746,0.0,1,0.003673226,0.348467668,0.34933033787945245
RUSWOT_clean,6.47922,3.93218,6.4245,1.19886,1481.92,1236.11,0.0,0.0,0.5554,0.463273,0.0,1,0.003648506,0.358001647,0.34578977426715873
RUSWUZ_clean,6.54942,3.9072,6.54694,1.21025,1492.0,1232.81,0.0,0.0,0.5598,0.46255,0.0,1,0.003860698,0.368306098,0.3554719172122763
RUSXAG_clean,6.44133,3.78742,6.3358,1.2672,1503.0,1186.08,0.0,0.0,0.5486,0.432924,0.0,1,0.003861917,0.364895136,0.3531321579915416
RUSXEK_clean,6.54291,3.90146,6.54291,1.24418,1488.27,1196.19,0.0,0.0,0.5602,0.450258,0.0,1,0.003703539,0.350158693,0.350611673018688
RUTNOK_manual,24.61263,14.64846,24.61263,0.240823,1468.58,6098.18,0.0,0.0,0.9018,3.74465,0.0,0,0.003530795,0.346863561,0.34267709836507776
RUVBOB_clean,6.09913,3.98908,5.99424,1.3777,1258.08,913.177,14.3931,10.4472,0.545,0.395586,0.0,0,0.003538438,0.325836329,0.33429639518344056
RUVCES_clean,5.62432,4.09519,5.62432,1.21847,2083.62,1710.03,0.0,0.0,0.6886,0.565136,0.0,0,0.003170706,0.296766969,0.29796795416243305
RUVKAV_clean,11.95152,7.15447,11.95152,0.601684,2230.0,3706.27,0.0,0.0,0.7794,1.29537,0.0,1,0.003345137,0.333416683,0.3348951487513084
RUVMAX_clean,5.22433,4.41387,5.22043,1.2008,1767.14,1471.63,0.0,0.0,0.5696,0.474351,0.0,1,0.007639728,0.703487164,0.6760596545161526
RUVMUR_clean,3.8115,3.49015,3.80241,1.48235,185.395,125.068,39.5872,26.7057,0.4088,0.275779,0.0,1,0.001009521,0.092068647,0.09439454478269843
RUWWOW01_clean,5.03981,3.90859,5.01601,1.48698,1131.86,761.178,0.0,0.0,0.4928,0.331409,0.0,1,0.005167306,0.452640111,0.4798510936528397
RUWWOW_clean,5.0384,3.90108,5.0384,1.48575,1143.96,769.955,0.0,0.0,0.494,0.332493,0.0,1,0.004880409,0.449301968,0.4391821248618112
RUWWUC_clean,5.12851,4.00559,5.12851,1.54997,877.489,566.133,0.0,0.0,0.4642,0.29949,0.0,1,0.004874917,0.426645034,0.4190308549196623
RUWXAJ_clean,5.17293,4.0299,5.17293,1.53238,836.842,546.106,0.0,0.0,0.4794,0.312847,0.0,1,0.003936066,0.351602985,0.34209928425916514
RUWXEN_clean,5.03811,3.94141,5.03811,1.46802,1178.02,802.454,0.0,0.0,0.5092,0.346863,0.0,1,0.005076429,0.457947958,0.480038911801002
RUYQIN01_clean,9.71547,7.35837,9.71529,1.15099,1450.59,1260.3,0.0,0.0,0.5838,0.507215,0.0,1,0.002267776,0.225114169,0.2140797610519674
RUYQIN02_clean,9.7478,7.37011,9.74761,1.14404,1452.85,1269.93,0.0,0.0,0.5842,0.510647,0.0,1,0.002210044,0.221188409,0.2155063892048989
RUYQIN03_clean,9.69288,7.37414,9.69288,1.14102,1457.05,1276.97,0.0,0.0,0.586,0.513575,0.0,0,0.002224477,0.217662262,0.22244009754409638
RUYQIN_clean,9.76179,7.44687,9.76179,1.1629,1436.26,1235.07,0.0,0.0,0.573,0.492735,0.0,1,0.002228987,0.221437377,0.21587093776037836
RUYQOT_clean,9.68542,7.26317,9.68542,1.1664,1438.72,1233.47,0.0,0.0,0.575,0.49297,0.0,1,0.002276796,0.218850273,0.22876311627490056
RUYTIQ_clean,9.62315,7.47258,9.62297,1.13645,1456.84,1281.92,0.0,0.0,0.5872,0.516695,0.0,0,0.002143292,0.212188569,0.20651639769216035
RUYTUC_clean,9.67783,7.26872,9.67783,1.16505,1440.32,1236.27,0.0,0.0,0.5776,0.495773,0.0,1,0.002293935,0.216214457,0.22797524910265562
RUYVEO_clean,12.21297,10.12216,12.21297,0.962787,1461.82,1518.32,0.0,0.0,0.6354,0.659959,0.0,1,0.00251348,0.243562458,0.2457352165338394
RUYVIS_clean,15.8929,13.20205,15.79897,0.679059,1536.4,2262.54,0.0,0.0,0.7374,1.08592,0.0,0,0.002274677,0.217579918,0.21295989633186735
RUZCOF_clean,5.55577,4.78031,5.52738,1.59859,1464.21,915.939,0.0,0.0,0.603,0.377208,0.0,0,0.005844602,0.50385474,0.5225869222634548
RUZDAS_clean,5.2699,4.49334,5.2699,1.45263,1149.42,791.271,0.0,0.0,0.5294,0.364442,0.0,1,0.002591832,0.242006798,0.2541258076334441
S2052520616005515_bm5080sup1_clean,4.47894,3.61798,4.46305,1.15409,1529.36,1325.16,0.0,0.0,0.5662,0.490602,0.0,0,0.006634265,0.628925574,0.6145138915260812
S2056989016007027_zl2661sup1_clean,6.51796,4.57602,6.50954,1.14323,1545.49,1351.86,0.0,0.0,0.5984,0.523428,0.0,0,0.006406127,0.568577294,0.5719595439172619
SABKIS_clean,6.81493,5.97974,6.81375,1.3839,1674.07,1209.68,0.0,0.0,0.6086,0.439772,0.0,1,0.003353943,0.322047385,0.3233073147640886
SABVOH01_clean,6.48998,6.20475,6.48998,1.00596,1532.58,1523.5,0.0,0.0,0.5966,0.593066,0.0,0,0.004893384,0.457585433,0.4649936766893283
SABVOH_manual,6.26548,5.9824,6.25328,0.999416,1586.53,1587.46,0.0,0.0,0.5914,0.591745,0.0,0,0.004619082,0.440668821,0.44903271934185923
SABVUN_clean_h_min,7.01984,6.76477,7.01984,0.978971,1612.66,1647.3,0.0,0.0,0.5868,0.599405,0.0,0,0.004327261,0.413567505,0.422308352019224
SADLEQ_clean,7.11187,6.8054,7.11187,1.50504,1508.7,1002.44,0.0,0.0,0.5702,0.378862,0.0,1,0.003591276,0.345464163,0.33404961386191356
SADLIU_clean,6.85652,6.48147,6.85652,1.67165,1571.6,940.146,0.0,0.0,0.549,0.328417,0.0,0,0.004460905,0.417227982,0.40885442462484395
SADMUH_SL,7.87003,7.35,7.87003,0.987944,1759.25,1780.72,0.0,0.0,0.6412,0.649025,0.0,0,0.003956235,0.378751461,0.3836486109004809
SADVEB_clean,5.28527,4.25585,5.28527,2.60318,983.265,377.718,0.0,0.0,0.4638,0.178167,0.0,1,0.001093769,0.107755945,0.09898995762871365
SAHXAD_clean,7.24131,5.09073,7.23502,0.88875,2564.25,2885.23,0.0,0.0,0.6954,0.782447,0.0,1,0.003842641,0.384531952,0.37456246771621204
SAJRAW10_clean,6.98873,5.65739,6.98873,1.03716,2658.72,2563.46,0.0,0.0,0.7434,0.716765,0.0,0,0.001363315,0.130334344,0.13380716438512114
SAJRAW_clean,6.95776,5.62966,6.95776,1.0485,2631.43,2509.71,0.0,0.0,0.7242,0.690701,0.0,0,0.001363315,0.131287943,0.13369582664611773
SAJRUT_clean,6.75939,5.98836,6.75562,0.832145,2447.69,2941.42,0.0,0.0,0.6812,0.818608,0.0,1,0.004176492,0.423474147,0.4090645209295166
SAJSAA_clean,6.806,6.26285,6.79743,1.09035,1505.97,1381.18,0.0,0.0,0.546,0.500758,0.0,1,0.006453143,0.587997521,0.5739655865843196
SAKRAZ_clean,5.58245,5.12904,5.58245,1.03675,2394.2,2309.33,0.0,0.0,0.6546,0.631396,0.0,1,0.003742435,0.36579943,0.3699547393317447
SAKRED_clean,5.5169,5.02553,5.5169,1.03225,2416.65,2341.14,0.0,0.0,0.6696,0.648678,0.0,1,0.003622764,0.356474167,0.36179077077617655
SALXEL_clean,17.7233,14.92578,17.7233,0.954529,1589.06,1664.76,49.7541,52.1243,0.7288,0.763518,0.000419055,1,0.001860028,0.189987427,0.20142631538504313
SALZAH_clean,5.2131,3.75496,5.20977,1.33753,1363.66,1019.54,0.0,0.0,0.5834,0.436178,0.0,1,0.001404128,0.135568574,0.13804263563173863
SAMLAV_manual,5.80959,3.99095,5.75161,1.19097,1685.7,1415.4,0.0,0.0,0.5904,0.495731,0.0,0,0.003466495,0.336010714,0.3483289157050705
SAMVEK_clean,7.83578,6.98017,7.83578,0.980713,1609.04,1640.69,0.0,0.0,0.611,0.623016,0.0,0,0.003073766,0.308409601,0.304203221818812
SANGEW_clean,6.64431,4.85626,6.63808,1.45126,1299.25,895.255,0.0,0.0,0.529,0.36451,0.0,1,0.006931535,0.599514083,0.5776901213460195
SANGUM_clean,6.61883,4.82903,6.58035,1.50455,1309.82,870.575,0.0,0.0,0.5346,0.355323,0.0,1,0.004826996,0.44068899,0.4235305612082197
SANHIB_clean,6.11189,4.81167,6.1084,1.59136,1228.71,772.117,0.0,0.0,0.5088,0.319727,0.0,1,0.006797577,0.583273719,0.553221659914035
SANHOH_clean,6.60456,4.91636,6.49799,1.53725,1315.89,856.008,0.0,0.0,0.5322,0.346204,0.0,1,0.004638338,0.42543303,0.41720450154562544
SANHUN_clean,6.50583,4.8025,6.36295,1.599,1277.92,799.196,0.0,0.0,0.517,0.323327,0.0,1,0.006829014,0.581799194,0.568003983050694
SAQQAD_clean,10.6229,9.13911,10.59086,0.899459,1701.71,1891.92,0.0,0.0,0.6748,0.750228,0.0,1,0.00342446,0.346499361,0.3247966144241887
SAQQEH_clean,10.62623,9.13273,10.62623,0.914395,1723.95,1885.35,0.0,0.0,0.6746,0.737756,0.0,1,0.003495376,0.35042114,0.3364234815101997
SAQQIL_clean,10.65559,9.10715,10.62918,0.918282,1715.69,1868.37,0.0,0.0,0.6836,0.744434,0.0,1,0.003533257,0.349662161,0.3367231149811165
SAQSOU_clean,6.47651,3.98462,6.43461,1.44924,1500.2,1035.16,0.0,0.0,0.568,0.391929,0.0,1,0.001738817,0.164120953,0.1690964993591622
SARGID_clean,11.28011,10.79695,11.27845,1.13003,1551.23,1372.74,0.0,0.0,0.643,0.569013,0.0,1,0.002861455,0.28177704,0.2716382338149282
SARGUP_clean,11.61678,10.99568,11.61678,1.13145,1593.32,1408.21,0.0,0.0,0.6444,0.569535,0.0,1,0.002945028,0.297331548,0.285888301225274
SARHAW_clean,11.26396,10.8267,11.26396,1.13289,1578.11,1393.0,0.0,0.0,0.6352,0.560691,0.0,1,0.002865089,0.279784922,0.27317944355591395
SARHEA_clean,11.57288,10.94497,11.57288,1.13911,1582.39,1389.14,0.0,0.0,0.6384,0.560437,0.0,1,0.003028601,0.299093841,0.2973533565977143
SARMEE_clean,4.34974,3.44315,4.3363,1.72993,254.091,146.879,149.818,86.6033,0.429,0.247987,0.0,1,0.002603476,0.244539382,0.21468754759321673
SARTIR_clean,8.84902,7.39282,8.55302,0.84182,1819.29,2161.13,0.0,0.0,0.6546,0.7776,0.0,0,0.003248231,0.310828129,0.314214819358133
SATRIP_clean,5.64735,4.63209,5.64735,1.5207,2001.22,1315.99,0.0,0.0,0.609,0.400475,0.0,1,0.001912423,0.192331895,0.17477510903028143
SATROV_clean,5.68214,4.67755,5.6433,1.62598,1989.31,1223.46,0.0,0.0,0.6086,0.374297,0.0,1,0.001990101,0.194184855,0.18367605572906032
SAYTUJ_clean,5.53716,4.24775,5.50087,1.26647,2678.26,2114.75,0.0,0.0,0.7138,0.563615,0.0,1,0.000784356,0.074858991,0.08199671742387493
science.1056698_manual,16.36523,5.22927,16.36523,0.720658,2117.08,2937.7,0.0,0.0,0.7092,0.9841,0.0,1,0.004576587,0.448286141,0.4335091679817618
SEFBOV_clean,5.65834,5.15011,5.64688,1.02534,2480.47,2419.17,0.0,0.0,0.6702,0.653638,0.0,1,0.003619138,0.347979348,0.3610499833970424
SEFSOM_clean,7.74471,4.63206,7.74435,1.3092,888.245,678.465,0.0,0.0,0.4856,0.370914,0.0,0,0.002044957,0.207653829,0.18504741894211835
SEFTUU_clean,11.47019,3.47366,11.47019,0.90919,1502.21,1652.25,0.0,0.0,0.6416,0.705683,0.0,0,0.00205495,0.201472063,0.192093866617492
SEFVEG_clean,11.61384,3.82499,11.61384,0.903214,1567.68,1735.67,0.0,0.0,0.6424,0.711238,0.0,0,0.001697965,0.171011662,0.1704479069047869
SEFWEH_clean,11.26494,3.61002,11.26494,0.914157,1525.26,1668.49,0.0,0.0,0.6436,0.704037,0.0,0,0.002000029,0.203371404,0.1942371628366834
SEFWIL_clean,11.33313,3.69478,11.33313,0.92841,1562.33,1682.8,0.0,0.0,0.6504,0.700552,0.0,0,0.001731668,0.174909665,0.17255516810847477
SEFWOR_clean,11.5954,3.6311,11.5954,0.926162,1578.03,1703.84,0.0,0.0,0.6492,0.700957,0.0,0,0.001502278,0.149056094,0.15524345592242328
SEGBIR_clean,10.04679,9.57778,10.04679,1.2245,885.139,722.858,0.0,0.0,0.519,0.423847,0.0,1,0.001119544,0.102998085,0.10326062774294004
SEGMEW_clean,4.54304,3.58735,4.3932,1.55869,710.369,455.747,0.0,0.0,0.505,0.32399,0.0,1,0.000665589,0.064070801,0.07446876200976049
SEHSII_clean,5.51627,4.61799,5.4977,1.32529,2244.33,1693.46,0.0,0.0,0.6396,0.482611,0.0,1,0.003953703,0.373998707,0.3801426295463347
SEHSUU_clean,5.44704,4.60331,5.44667,1.3755,2258.75,1642.13,0.0,0.0,0.6246,0.454089,0.0,1,0.003908356,0.377237063,0.3685482922074776
SEHTAB_clean,5.41612,4.59352,5.36104,1.41024,2230.71,1581.8,0.0,0.0,0.6402,0.453966,0.0,1,0.005023542,0.480917359,0.48569341422642126
SEHTEF_clean,5.47631,4.61623,5.47631,1.08146,2270.04,2099.06,0.0,0.0,0.6446,0.596049,0.0,1,0.00548006,0.525414864,0.5162183802801363
SEHVOQ_clean,4.8676,3.87877,4.8676,1.74504,1289.65,739.04,0.0,0.0,0.497,0.284807,0.0,1,0.006452088,0.580755892,0.5357145733329114
SEHXIN_clean,7.02055,6.72566,7.02055,1.5497,1564.27,1009.4,0.0,0.0,0.5642,0.364069,0.0,0,0.003537191,0.34561007,0.3441908067193612
SEHZUB_clean,5.72411,4.04304,5.72411,1.14687,1108.91,966.904,0.0,0.0,0.5276,0.460036,0.0,1,0.002828306,0.268969582,0.25640481468081056
SEJBAL_clean,5.28042,3.84303,5.01194,1.17037,1017.74,869.583,0.0,0.0,0.5124,0.437809,0.0,1,0.002488225,0.238405426,0.24363717823039685
SEQTEP_clean,7.6925,5.22397,7.6925,0.967552,1457.91,1506.8,0.0,0.0,0.5822,0.601725,0.0,1,0.004671694,0.426066094,0.430887398046174
SERCEZ_clean,10.07441,8.56931,10.07441,0.708098,2363.51,3337.82,0.0,0.0,0.7424,1.04844,0.0,1,0.004333426,0.4207062,0.4178338046733416
SERJUV_clean,8.81658,8.12377,8.8037,1.17608,1441.79,1225.93,0.0,0.0,0.577,0.490611,0.0,1,0.002168071,0.213055883,0.21031090269341468
SERLEI_clean,11.28347,6.23061,11.2833,0.73908,2383.12,3224.44,0.0,0.0,0.7306,0.988527,0.0,1,0.00500803,0.470242497,0.4661146290102611
SETDUS_clean,4.71148,4.0993,4.71148,1.05303,1402.23,1331.61,0.0,0.0,0.6032,0.572822,0.0,1,0.004714257,0.455360115,0.44808155103477315
SETPEO_clean,14.47047,3.66339,14.46844,0.794221,1742.27,2193.69,0.0,0.0,0.7298,0.918888,0.0,1,0.003641264,0.356011754,0.3513478455636029
SETQAL_clean,4.42679,4.26632,4.42679,1.31307,1092.38,831.931,0.0,0.0,0.5278,0.40196,0.0,0,0.007686691,0.62903328,0.658373372530562
SETQEP_clean,4.49444,4.34625,4.49444,1.29869,1133.37,872.699,0.0,0.0,0.5334,0.410721,0.0,0,0.007697286,0.635876342,0.6795302814000419
SETQUF_SL,7.76352,7.22608,7.76352,0.996606,1737.41,1743.32,0.0,0.0,0.6204,0.622513,0.0,0,0.003794078,0.379437111,0.3669455290946167
SETSIV_clean,10.19056,8.58608,10.19056,0.702208,2298.35,3273.03,0.0,0.0,0.7264,1.03445,0.0,1,0.003650851,0.37267144,0.3614073529850091
SETSOB_clean,6.38657,4.98443,6.37723,0.814512,2668.09,3275.69,0.0,0.0,0.6874,0.843941,0.0,0,0.004797108,0.45662402,0.4549580053433148
SEVLEM_clean,9.1752,7.37433,9.1752,0.963135,2062.24,2141.17,0.0,0.0,0.6686,0.694191,0.0,1,0.002155798,0.211103961,0.2126520841641481
SEWCED_clean,12.17369,9.5104,12.17369,0.810307,1760.05,2172.08,0.0,0.0,0.6728,0.830303,0.0,1,0.002491981,0.246010178,0.24917604604496604
SEYNAM_clean,4.61019,3.49627,4.57613,1.21074,674.404,557.017,0.0,0.0,0.4702,0.388357,0.0,1,0.003267783,0.294464808,0.2949982761937577
SEYQIW_clean,5.89707,5.20358,5.89707,1.03265,2825.78,2736.42,0.0,0.0,0.6948,0.672829,0.0,0,0.003202493,0.299087513,0.31229365571784473
SEZPOE_clean,4.80607,4.08896,4.78655,1.66902,1314.15,787.374,0.0,0.0,0.5938,0.355777,0.0,0,0.004429197,0.423095903,0.39960160067578576
SICZOV_clean,18.76086,11.86635,18.76086,0.419881,1773.06,4222.76,0.0,0.0,0.8408,2.00247,0.0,1,0.003722284,0.361811487,0.36024266255653875
SIDCAL_clean,9.18075,7.95829,9.18075,1.0779,1545.97,1434.24,0.0,0.0,0.5948,0.551815,0.0,0,0.002897221,0.276581948,0.2744394825857065
SIKGAW_clean,4.92676,4.21433,4.92676,0.888887,2386.29,2684.58,0.0,0.0,0.6492,0.730352,0.0,0,0.003133536,0.30806892,0.30880120341099837
SIKYER_clean,6.53029,4.26393,6.50771,1.2109,2088.91,1725.09,0.0,0.0,0.6104,0.504089,0.0,1,0.003447769,0.328832264,0.34298603667266664
SIPCID_clean,5.31594,4.0774,5.2787,1.47588,738.038,500.065,0.0,0.0,0.506,0.342845,0.0,0,0.001238192,0.11651878,0.11946274781885724
SIQCOM_clean,4.78607,3.41332,4.77151,1.37032,965.525,704.599,0.103074,0.0752192,0.535,0.39042,0.0,1,0.003706663,0.350600144,0.3341005037063416
SIQQEO_clean,5.38066,4.73377,5.38066,1.02212,1743.14,1705.42,0.0,0.0,0.596,0.583103,0.0,1,0.00397354,0.388335182,0.3916443938276957
SISPUH_clean,5.99511,5.1936,5.99511,1.69632,1257.02,741.025,0.0,0.0,0.5152,0.303716,0.0,1,0.00479401,0.416961486,0.41290492539630713
SISQAO_clean,5.99338,5.23289,5.99338,1.66873,1254.35,751.683,0.0,0.0,0.5178,0.310297,0.0,1,0.004820162,0.416338021,0.41520311542904353
SISQES_clean,5.97003,5.21528,5.97003,1.65966,1234.67,743.931,0.0,0.0,0.5184,0.312353,0.0,1,0.004769092,0.416809734,0.41245064678679305
SISQIW_clean,6.00511,5.20372,6.00511,1.61583,1236.89,765.482,0.0,0.0,0.521,0.322434,0.0,1,0.004622278,0.410000555,0.4144033650755077
SITTUM_clean,6.67296,3.57209,6.58264,1.4371,626.277,435.791,0.0,0.0,0.4524,0.3148,0.0,1,0.002731477,0.253631174,0.2259088962293676
SIVGOV_clean,5.24396,4.0676,5.24396,1.11955,1644.75,1469.11,0.0,0.0,0.6106,0.545397,0.0,1,0.00395278,0.381213823,0.3878532002867365
SIVGUB_clean,8.31266,6.47199,8.20556,0.679186,2443.34,3597.46,0.0,0.0,0.7546,1.11104,0.0,1,0.004160563,0.400917191,0.40805868346641383
SIVJIS_clean,6.47513,4.62269,6.40533,1.38853,1236.89,890.797,0.0,0.0,0.5274,0.379827,0.0,0,0.004811388,0.418428453,0.42930963026951924
SIVQAR_clean,8.43693,5.95196,8.03277,1.35381,1577.05,1164.9,0.0,0.0,0.616,0.455013,0.0,1,0.00325252,0.311353857,0.30251833786322774
SIWTEZ_clean,6.78942,4.98966,6.77665,1.39975,1050.66,750.605,0.0,0.0,0.4732,0.33806,0.0,1,0.003132165,0.292462992,0.2767115227378717
SOBTUY_clean,5.30158,4.93345,5.25562,1.24028,1722.57,1388.85,0.0,0.0,0.5708,0.460217,0.0,1,0.001902509,0.191544594,0.192739458144696
SOBZEQ_clean,7.06044,5.44324,7.04565,0.861876,2509.51,2911.69,0.0,0.0,0.7062,0.819376,0.0,1,0.003594774,0.349911654,0.3698874751615631
SOBZOY_clean,5.37738,4.41402,5.37738,1.12835,1566.4,1388.22,0.0,0.0,0.582,0.515796,0.0,1,0.00208086,0.209438488,0.2096411696731464
SODNAA_clean,4.92821,3.76656,4.9265,1.39799,1007.61,720.756,0.0,0.0,0.501,0.358372,0.0,1,0.00445727,0.40451412,0.3814645462342523
SODQOT_clean,6.38354,5.71555,6.35379,1.16333,2168.31,1863.88,0.0,0.0,0.653,0.561321,0.0,1,0.003549174,0.342820591,0.3396027837496417
SODXUG_clean,4.72864,4.01613,4.71178,1.34536,905.757,673.244,0.0,0.0,0.4682,0.34801,0.0,1,0.009064124,0.723354262,0.7156918415466629
SODZIV_clean,6.23207,5.25681,6.23207,1.2688,1153.66,909.256,0.0,0.0,0.5338,0.420714,0.0,1,0.002450919,0.234923857,0.24142627470711947
SOHBUO_clean,4.82292,4.04207,4.82292,1.2506,823.12,658.177,0.0,0.0,0.481,0.384614,0.0,1,0.003666442,0.326653746,0.3287079833272912
SOHMEI_clean,8.65383,8.02301,8.62464,1.19399,2084.79,1746.06,0.0,0.0,0.6688,0.560138,0.0,0,0.002591148,0.25356775,0.25245729411500817
SOHMIM_clean,8.13654,7.41946,8.10265,1.23579,2022.73,1636.78,0.0,0.0,0.6656,0.538601,0.0,0,0.002551648,0.245328875,0.24797514707177426
SOHMUY_clean,8.20693,7.56134,7.97833,1.2172,2055.43,1688.66,0.0,0.0,0.6606,0.542722,0.0,0,0.002622747,0.245168903,0.2581779556032485
SOHNAF_clean,8.77466,8.24178,8.76382,1.17605,2072.16,1761.97,0.0,0.0,0.686,0.583311,0.0,0,0.002596414,0.252531554,0.25187804139551095
SOHNEJ_clean,8.72478,7.97366,8.7184,1.18471,2089.45,1763.69,0.0,0.0,0.6672,0.563178,0.0,0,0.002546382,0.255942969,0.24235195586494
SOJSUH_clean,8.78676,6.77563,8.78676,0.847279,2062.57,2434.34,0.0,0.0,0.6744,0.79596,0.0,1,0.003760007,0.361314838,0.3663119263602813
SOKKOT_ion_b,6.1792,5.66918,6.17838,1.21138,852.75,703.947,80.7869,66.6897,0.5432,0.448412,0.0,0,0.004456005,0.409606042,0.3748291485517745
SOKWAS_clean,6.00629,4.14523,5.99555,1.89659,1733.95,914.246,0.0,0.0,0.6016,0.317201,0.0,1,0.002647307,0.250310883,0.24157333491286231
SOKWUM_clean,5.85854,4.29712,5.84922,1.62759,2447.15,1503.54,0.0,0.0,0.6492,0.398872,0.0,1,0.001655152,0.162050494,0.15183256006183188
SOMCON_clean,8.11347,7.39172,8.11088,1.23046,2025.07,1645.79,0.0,0.0,0.6712,0.545487,0.0,0,0.002444342,0.241735765,0.24461833788386564
SOMFAC_clean,6.70637,6.34214,6.70637,1.04875,2285.42,2179.2,0.0,0.0,0.6702,0.639049,0.0,0,0.006581227,0.609237244,0.6001673638688722
SOMFEG_clean,6.71551,6.34258,6.71551,1.05531,2284.15,2164.44,0.0,0.0,0.6512,0.61707,0.0,0,0.006430162,0.619254808,0.5875061881389514
SOMFIK_clean,6.73279,6.35537,6.73279,1.03071,2266.62,2199.08,0.0,0.0,0.6584,0.63878,0.0,0,0.006549183,0.602259282,0.6024128550380532
SOMSIY_clean,6.00203,5.70916,6.00203,1.30077,1538.34,1182.64,0.0,0.0,0.5758,0.442662,0.0,0,0.00884532,0.738174026,0.7576912192168253
SONTAR_manual,6.97799,5.28288,6.97799,1.00094,2334.34,2332.14,0.0,0.0,0.674,0.673365,0.0,1,0.002893501,0.274744696,0.27717665095878574
SONTOF_clean,6.50923,5.39354,6.50923,1.11456,2282.12,2047.56,0.0,0.0,0.6604,0.592523,0.0,1,0.002970604,0.274487506,0.3042017533119016
SONTUL_neutral_b,11.07564,6.55104,11.07564,0.882976,2163.69,2450.45,0.0,0.0,0.717,0.812027,0.0,1,0.005047557,0.428856367,0.46794276648065924
SONVAT_neutral_b,13.18133,6.56576,13.18133,0.88151,2137.18,2424.45,0.0,0.0,0.7168,0.81315,0.0,1,0.004765989,0.434164827,0.42554442327423014
SONVIB_neutral_b,13.19327,6.63983,13.19327,0.881013,2113.29,2398.7,0.0,0.0,0.7204,0.817695,0.0,1,0.004931314,0.432679491,0.4353679424634435
SOPLAM_clean,7.99336,6.43639,7.96868,0.786263,2208.41,2808.75,0.0,0.0,0.6702,0.852386,0.0,1,0.003894444,0.389297917,0.37580238639626007
SOPLEQ_clean,8.78838,7.50509,8.78838,0.73171,2217.3,3030.3,0.0,0.0,0.6802,0.929603,0.0,0,0.003864719,0.359980882,0.3688942564521354
SOPLOA_clean,8.29809,6.85068,8.29809,0.790491,2059.77,2605.68,0.0,0.0,0.6598,0.834671,0.0,1,0.004030657,0.383832201,0.39411545619297755
SOSSEA_clean,4.66034,3.46037,4.63504,1.16769,974.945,834.933,0.0,0.0,0.5088,0.435731,0.0,0,0.00843117,0.652056525,0.7190029052904099
SOTTUR_clean,4.85387,3.54585,4.85387,1.5081,695.909,461.447,0.0,0.0,0.4606,0.305417,0.0,1,0.004609689,0.397050922,0.4030021076041749
SOTWOP_clean,6.21348,5.18247,6.21348,1.16378,2263.81,1945.21,0.0,0.0,0.6514,0.559726,0.0,1,0.002650433,0.256140735,0.2551439065370473
SOTWUV_clean,6.18672,5.12197,6.18672,1.20466,2258.56,1874.85,0.0,0.0,0.6516,0.540898,0.0,1,0.002702041,0.255452503,0.25855524703917254
SOTXAC_clean,6.12649,5.14189,6.12133,1.25484,2251.96,1794.63,0.0,0.0,0.645,0.514011,0.0,1,0.002737373,0.264918978,0.2621437523521987
SOTXEG_neutral,5.04075,3.40746,5.04075,1.50786,630.779,418.326,0.0,0.0,0.472,0.313026,0.0,0,0.003027554,0.276188958,0.2705871411024002
SOVHOA_clean,4.19176,3.82361,4.19176,1.2075,1328.47,1100.17,0.0,0.0,0.5406,0.4477,0.0,1,0.00267226,0.250838779,0.2809746083185033
SOVLEW_clean,16.78989,6.64048,16.78989,0.755158,2186.99,2896.07,0.0,0.0,0.742,0.982576,0.0,1,0.004212731,0.396936505,0.40453037702688954
SOXDAM_clean,7.87287,4.28499,7.87287,1.75813,1069.27,608.188,0.0,0.0,0.4738,0.26949,0.0,1,0.003310125,0.307237852,0.26389133943451737
SOXDEQ_clean,7.82825,4.19616,7.82511,1.75226,1007.81,575.152,0.0,0.0,0.4478,0.255556,0.0,1,0.003388696,0.307862848,0.26693425477299493
SOYWOT_neutral_b,13.17245,6.57882,13.17245,0.881994,2147.64,2434.99,0.0,0.0,0.7166,0.812478,0.0,1,0.004812487,0.438985063,0.42897592573236387
SOZBIS_clean,7.02326,5.68654,7.02326,1.02671,2667.76,2598.37,0.0,0.0,0.7458,0.7264,0.0,0,0.00134456,0.127371118,0.134202521438822
SOZGOF_clean,8.62412,3.75854,8.61676,1.03974,1771.69,1703.98,0.0,0.0,0.6218,0.598036,0.0,1,0.006163588,0.565219673,0.55779786190205
SOZRUW_clean,8.81736,4.01112,8.59398,0.978332,1794.66,1834.4,0.0,0.0,0.6308,0.644771,0.0,1,0.005139059,0.493925301,0.49490771169767905
SOZSAD_clean,8.8027,3.99777,8.80075,0.979603,1802.77,1840.31,0.0,0.0,0.6322,0.645363,0.0,1,0.005295816,0.500937237,0.4959456104423381
SOZSEH_clean,8.87095,4.01926,8.85196,0.99882,1779.57,1781.67,0.0,0.0,0.63,0.630744,0.0,1,0.005277715,0.500070822,0.49649323296025183
SOZSIL_clean,8.7376,3.97317,8.68094,0.99936,1793.88,1795.03,0.0,0.0,0.631,0.631404,0.0,1,0.005308969,0.509221933,0.4968232217012043
SOZSOR_clean,8.74499,3.992,8.31175,1.01024,1785.62,1767.53,0.0,0.0,0.6274,0.621043,0.0,1,0.005344907,0.513269469,0.5016291081104912
SUFHIM_clean,10.78647,9.46825,10.78641,1.0639,1328.84,1249.03,0.0,0.0,0.569,0.534826,0.0,1,0.001688346,0.170539457,0.16207272722708121
SUFJIO_clean,6.28851,3.57969,6.27024,1.16864,1486.44,1271.94,3.80569,3.2565,0.6096,0.52163,0.0,1,0.007654961,0.676389069,0.6494559509190875
SUFROA_clean,5.45181,5.00801,5.45026,0.91452,1466.61,1603.69,0.0,0.0,0.6234,0.681669,0.0,0,0.004338327,0.424294752,0.409842617050857
SUGDIJ_auto,12.99556,11.59411,12.53696,0.409914,1974.15,4816.02,0.0,0.0,0.8394,2.04775,0.0,0,0.002997498,0.298879321,0.30553154876401484
SUHBAA_clean,11.92534,10.15941,10.7957,0.715863,1973.75,2757.16,0.0,0.0,0.807,1.12731,0.000279383,1,0.002333283,0.225232355,0.23833253292200035
SUHMEP_clean,8.35438,6.74513,8.35438,1.25512,1629.48,1298.27,0.0,0.0,0.6082,0.484574,0.0,0,0.00323379,0.319221064,0.32064696345223365
SUJNUH_clean,7.55155,6.59808,7.55155,1.24948,986.433,789.474,0.0,0.0,0.5334,0.426897,0.0,1,0.001945529,0.183406326,0.18105153221109038
SUKKUF_clean,5.04,3.85862,5.04,2.47267,613.367,248.059,0.0,0.0,0.3764,0.152224,0.0,1,0.00161455,0.148365441,0.13566535837544136
SUKREX_clean,5.76528,3.44001,5.76528,2.05587,771.787,375.407,0.0,0.0,0.4332,0.210714,0.0,1,0.002380083,0.197035311,0.19360051156119357
SUKRIB_clean,5.67492,3.40868,5.64201,2.09272,780.987,373.192,0.0,0.0,0.4274,0.204232,0.0,1,0.002295004,0.203035822,0.19705172523800407
SUKYIH_clean,9.64677,7.09331,9.64677,0.59954,2372.38,3957.0,0.0,0.0,0.7742,1.29132,0.0,1,0.003977057,0.388536503,0.38803401511264746
SUKYON_clean,10.7978,7.28862,10.07334,0.52652,2852.06,5416.81,0.601169,1.14178,0.7786,1.47877,0.0,1,0.004339571,0.429421393,0.41820347595092405
SUNHUF_clean,6.56646,4.08998,6.54784,1.26553,1485.95,1174.18,0.0,0.0,0.5694,0.449931,0.0,0,0.003759084,0.36194135,0.3607731599062528
SUNJER_clean,4.80272,3.79637,4.63139,1.43298,1698.73,1185.45,0.0,0.0,0.5816,0.405867,0.0,1,0.006080653,0.567643223,0.5442584911796897
SUNJIV_clean,4.89155,3.90131,4.73471,1.36084,1754.51,1289.29,0.0,0.0,0.5968,0.438553,0.0,1,0.004603888,0.421291962,0.43569516942207565
SUNJOB01_clean,4.89634,3.8976,4.73512,1.37366,1723.73,1254.84,0.0,0.0,0.596,0.433877,0.0,1,0.004468555,0.429332594,0.4071759099453864
SUNJOB_clean,4.89048,3.89627,4.72752,1.37509,1744.51,1268.65,0.0,0.0,0.5894,0.428626,0.0,1,0.00443477,0.428499244,0.40505548529881247
SUQJEV_clean,6.37976,3.41068,6.37976,1.61288,1257.56,779.698,0.0,0.0,0.5318,0.329721,0.0,1,0.009807638,0.795259911,0.7720947279137623
SURDOA_clean,4.38797,3.72635,4.38797,1.29817,708.567,545.82,0.0,0.0,0.448,0.345101,0.0,0,0.002774745,0.259238531,0.26004430227758213
SUSZIQ_clean,6.2853,5.33445,6.2853,1.91818,700.301,365.087,0.0,0.0,0.4294,0.223858,0.0,0,0.001575115,0.150036313,0.18187046854663452
SUSZOW_clean,6.37118,5.41681,6.36973,1.91863,721.465,376.031,0.0,0.0,0.4268,0.22245,0.0,0,0.001522264,0.14383675,0.17932858255135703
SUVNEE_clean,15.6562,6.95834,15.6562,0.815704,1584.31,1942.26,314.611,385.692,0.6944,0.851289,0.0,1,0.004033454,0.388066538,0.38043668027706157
SUWBET_clean,4.90044,3.63709,4.9004,1.39724,1278.69,915.152,0.0,0.0,0.5378,0.384902,0.0,1,0.003759276,0.337503722,0.3421510849609851
SUWQEI_clean,9.47366,7.57886,8.89706,0.818244,1562.75,1909.88,0.0,0.0,0.6376,0.779229,0.0,1,0.002617074,0.260452421,0.26151110300164493
TACFIN_clean,4.11781,3.54093,4.10826,2.15064,560.827,260.772,0.0,0.0,0.499,0.232024,0.0,0,0.007728364,0.64901109,0.6222063466955218
TACPAP_clean,6.18933,6.06319,6.18525,1.70548,627.561,367.968,0.0,0.0,0.428,0.250956,0.0,0,0.002336419,0.205633612,0.2214067514433966
TACPIX_clean,6.11363,6.00668,6.11363,1.71163,630.3,368.246,0.0,0.0,0.4286,0.250405,0.0,0,0.002377853,0.198950074,0.22017191113174872
TACWUS_clean,6.83932,5.17767,6.83932,0.667047,2492.87,3737.18,0.0,0.0,0.6944,1.04101,0.0,1,0.005111087,0.495749489,0.5131815039548596
TADCOS_clean,5.56445,4.67968,5.55486,1.27739,2127.97,1665.87,0.0,0.0,0.6456,0.505404,0.0,0,0.004152773,0.397076649,0.39585310059985984
TADWEC_manual,12.9835,12.22348,12.9835,0.782876,1609.55,2055.94,0.0,0.0,0.6462,0.825418,0.0,1,0.005299159,0.472724252,0.481617657744174
TADWIG_manual,12.20204,12.01283,12.20204,0.782648,1673.73,2138.55,0.0,0.0,0.6702,0.856323,0.0,1,0.00617166,0.540699912,0.5382089492552992
TADYEE_clean,6.41454,5.84385,6.41454,1.06115,1369.43,1290.51,0.0,0.0,0.545,0.513592,0.0,0,0.002135764,0.222565337,0.2063986675585162
TADYII_clean,4.96323,4.04573,4.95818,1.11527,1604.24,1438.44,0.0,0.0,0.5578,0.500149,0.0,0,0.002001756,0.187042348,0.21977570451364115
TAGBUZ_clean,4.64533,3.41141,4.64533,1.22769,600.487,489.118,0.0,0.0,0.4834,0.393746,0.0,1,0.007870718,0.650311693,0.6512276453793813
TAGSEB_clean,5.65756,4.12237,5.64659,1.3278,950.233,715.647,0.0,0.0,0.4958,0.373401,0.0,1,0.001735726,0.166775585,0.1644682631217202
TAGTIH_clean,7.18408,5.4183,7.18408,0.735724,2753.27,3742.25,0.0,0.0,0.7098,0.964764,0.0,1,0.004150441,0.411475753,0.4132110734087398
TAGVAB_clean,7.19373,5.47476,7.19162,0.743514,2474.93,3328.7,0.0,0.0,0.678,0.911886,0.0,1,0.004656774,0.440392265,0.44904286687907286
TAHNEY_clean,10.9331,7.2387,10.84031,1.02563,2322.37,2264.33,0.0472135,0.0460334,0.7992,0.779225,0.0,1,0.000683338,0.069901078,0.07491832416535776
TAKGOE_clean,10.5248,9.55919,10.5248,1.53175,1232.21,804.446,0.0,0.0,0.5862,0.3827,0.0,1,0.001801477,0.16342584,0.1530887749211448
TAKHAR_clean,10.31674,9.51664,10.31674,1.55109,1234.33,795.781,0.0,0.0,0.5892,0.379861,0.0,1,0.001697484,0.160574511,0.15238839549847094
TAKHEV_clean,10.20812,9.46941,10.20812,1.57295,1231.54,782.951,0.0,0.0,0.5872,0.373312,0.0,1,0.001648441,0.164169015,0.1510933508698728
TAKTIL_clean,7.09237,6.9712,7.09237,1.23349,1578.28,1279.52,0.0,0.0,0.5866,0.47556,0.0,0,0.008645198,0.846964612,0.7466242876526139
TAKTOR_clean,7.05969,6.99995,7.05969,1.17586,1580.48,1344.1,0.0,0.0,0.5726,0.486963,0.0,0,0.006568916,0.627775121,0.6029696880469535
TAKVAF_clean,7.05263,6.93916,7.05263,1.17979,1573.47,1333.69,0.0,0.0,0.5826,0.493819,0.0,0,0.006877937,0.648457494,0.6229898422332321
TANMIH_clean,5.18859,3.46319,5.18859,1.38533,742.681,536.106,0.0,0.0,0.453,0.326999,0.0,1,0.003730898,0.310013278,0.32246675217228055
TAQGEZ_clean,8.38886,8.25863,8.38886,0.927218,1939.79,2092.05,0.0,0.0,0.7086,0.764222,0.0,0,0.002191142,0.209157601,0.21158167447049936
TAQGOK_clean,4.98254,4.66211,4.92513,1.2855,367.973,286.249,0.0,0.0,0.4142,0.32221,0.0,1,0.002671831,0.229965397,0.2040023202772539
TARVUD_clean,5.52201,5.05683,5.52201,1.5754,822.863,522.32,0.0,0.0,0.431,0.273582,0.0,1,0.001013819,0.098303795,0.10711258100829302
TARWEO_clean,5.90162,5.41792,5.90162,1.76228,855.544,485.476,0.0,0.0,0.4612,0.261707,0.0,1,0.0009518,0.090410961,0.10366378018862338
TASFAU_clean,11.93851,7.45098,11.93851,0.561345,2465.98,4393.0,0.0,0.0,0.7892,1.40591,0.0,1,0.002360261,0.243169731,0.24557554750471666
TASVUG_clean,7.60995,6.84404,7.60152,1.19319,1872.8,1569.57,0.0,0.0,0.6146,0.515088,0.0,1,0.002420756,0.231650631,0.2502733857465433
TASWAN_clean,7.61281,6.7795,7.61281,1.23616,1858.69,1503.6,0.0,0.0,0.6202,0.501716,0.0,1,0.002531686,0.240959285,0.2533197587013151
TASWER_clean,7.18775,6.56186,7.17833,1.27687,1841.49,1442.19,0.0,0.0,0.6088,0.47679,0.0,1,0.002557721,0.251498445,0.2584400541097787
TASWIV_clean,7.31506,6.71653,7.31506,1.25001,1853.82,1483.05,0.0,0.0,0.6122,0.489757,0.0,1,0.002529651,0.246222692,0.2595217370778507
TASWOB_clean,7.28953,6.56977,7.27292,1.26788,1836.09,1448.15,0.0,0.0,0.6064,0.478278,0.0,1,0.002418376,0.245365131,0.258652173812946
TASXIW_clean,7.39302,4.84143,7.39302,1.10616,2095.82,1894.67,0.0,0.0,0.6304,0.569897,0.0,1,0.005031929,0.491905865,0.4814669492658917
TATPOV_clean,8.94506,6.39643,8.9366,0.932619,2044.77,2192.51,0.0,0.0,0.6812,0.730416,0.0,1,0.003929925,0.377909497,0.3658634684930027
TAWHOO_clean,4.38999,3.64477,4.35876,1.86492,695.401,372.886,0.0,0.0,0.4262,0.228535,0.0,0,0.006074522,0.505662128,0.5007733813327407
TAWTAP_clean,4.72389,3.94843,4.7043,1.63068,1518.12,930.97,0.0,0.0,0.6006,0.368312,0.0,0,0.007112513,0.633634268,0.6111556047068551
TAWYUO_clean,7.27421,6.44823,7.26586,0.918654,1410.21,1535.08,0.0,0.0,0.5716,0.622215,0.0,1,0.004133942,0.387058237,0.38347377856988085
TAYNEN_clean,5.31191,3.45332,5.31191,1.3024,757.68,581.756,0.0,0.0,0.4834,0.371161,0.0,0,0.001887235,0.174519968,0.16563873993084594
TAZLOX_clean,11.11165,6.76913,11.10718,0.977004,2218.73,2270.96,0.0,0.0,0.7358,0.753118,0.0,1,0.003545746,0.311785371,0.3356576032894797
TAZLUD_clean,11.12433,6.7889,11.12433,0.98349,2237.28,2274.84,0.0,0.0,0.7358,0.748152,0.0,1,0.003485578,0.319830846,0.333353835746672
TAZSAP02_clean,4.8997,3.82043,4.80699,1.96517,851.036,433.06,0.0,0.0,0.4368,0.222271,0.0,1,0.001200871,0.112595488,0.11829362148032513
TAZYAV_clean,6.36917,5.18527,6.3624,0.882052,2917.95,3308.15,0.0,0.0,0.7278,0.825122,0.0,0,0.002136174,0.220162518,0.19983834325658162
TEBSAW_clean,5.155,3.94411,5.14164,1.22508,1226.81,1001.4,0.0,0.0,0.5714,0.466417,0.0,1,0.004117729,0.395265986,0.3851157344690974
TECVEE_clean,6.29319,4.18887,6.28108,1.16711,1136.4,973.681,0.0,0.0,0.5084,0.435605,0.0,1,0.004668944,0.432207123,0.4204484985545798
TEDXOR_clean,4.80997,3.90285,4.79195,1.24859,706.426,565.776,0.0,0.0,0.4748,0.380268,0.0,1,0.004771175,0.413695208,0.41351799444492476
TEFWIL_clean,18.12979,5.71178,18.12979,1.1222,1588.21,1415.26,0.0,0.0,0.6436,0.573515,0.0,0,0.003084481,0.267696933,0.31100690149884047
TEFWOR_clean,8.09113,4.61719,8.09113,1.43313,1313.7,916.666,0.0,0.0,0.5436,0.379311,0.0,0,0.007201365,0.51996066,0.5976333303733143
TEJBOB_clean,7.12468,6.03948,7.12468,1.31037,1062.37,810.735,0.0,0.0,0.4896,0.373634,0.0,1,0.001993113,0.190550551,0.1856913406977197
TEJGAS_clean,4.74057,3.77757,4.73232,1.91081,991.998,519.151,0.0,0.0,0.479,0.250679,0.0,1,0.001553812,0.147588282,0.15488006106913332
TEJGEW_clean,4.65952,3.80073,4.61652,1.92155,1014.2,527.802,0.0,0.0,0.4756,0.247508,0.0,1,0.001414763,0.137796996,0.13649602945392103
TEJGIA_clean,4.64155,3.86357,4.62359,1.88003,1035.3,550.681,0.0,0.0,0.4662,0.247975,0.0,1,0.001480912,0.142695363,0.14347032157515593
TEJLOL_clean,6.35231,4.97084,6.35231,1.25899,1757.24,1395.75,0.0,0.0,0.6298,0.500244,0.0,1,0.002832923,0.283563197,0.2727528039629192
TEMPAE_clean,9.74723,4.32378,9.74723,0.807529,2116.71,2621.22,0.0,0.0,0.6822,0.844799,0.0,0,0.003755611,0.36125785,0.3676222862135752
TEMPEI_clean,15.71457,10.86579,15.71457,0.592467,1916.3,3234.44,0.0,0.0,0.745,1.25745,0.0,1,0.003039343,0.297676174,0.3115683370907911
TENLIJ_clean,5.37557,4.41973,5.36241,1.14422,1308.35,1143.45,0.0,0.0,0.5684,0.496758,0.0,0,0.005927416,0.537647734,0.5506707205646022
TENQOS_clean,6.34819,4.3477,6.32525,1.05624,2172.8,2057.11,0.0,0.0,0.6388,0.604787,0.0,1,0.002304494,0.228827324,0.23892903341888436
TEQWER_clean,4.21138,3.62218,4.19081,1.63762,863.669,527.392,0.0,0.0,0.5414,0.330601,0.0,1,0.002500508,0.234833715,0.2400723188020911
TESGOO_clean,4.76391,3.62987,4.72184,1.92126,733.455,381.758,0.0,0.0,0.4574,0.238073,0.0,0,0.003982031,0.349277987,0.3396278773153133
TESGUU_clean,4.82436,3.58268,4.81961,1.92111,719.303,374.421,0.0,0.0,0.4562,0.237467,0.0,0,0.003920975,0.342637794,0.3213458221695145
TETZEZ_clean,10.62365,6.73057,10.03707,0.736025,1901.4,2583.34,0.0,0.0,0.6844,0.92986,0.0,1,0.003454777,0.336723674,0.34763082402060286
TETZID_clean,5.13889,3.8044,5.11428,1.3464,751.257,557.976,64.4982,47.9043,0.4882,0.362598,0.0,0,0.003584561,0.334937374,0.320842302367292
TEVZEA_clean,4.59329,3.52297,4.53885,1.97043,629.425,319.434,0.0,0.0,0.444,0.225331,0.0,0,0.003801841,0.319167045,0.324557206611635
TEVZIE_clean,4.89772,3.64059,4.89772,1.88802,794.062,420.579,0.0,0.0,0.468,0.247879,0.0,0,0.004083294,0.347571402,0.3511596523503693
TEVZOK_clean,4.56897,3.54471,4.54551,1.97903,632.114,319.407,0.0,0.0,0.4392,0.221927,0.0,0,0.003731851,0.326603941,0.3264380731168114
TEVZUQ_clean,4.84681,3.6521,4.84681,1.89478,778.542,410.888,0.0,0.0,0.4634,0.244567,0.0,0,0.003780993,0.339906664,0.32145713841148005
TEWFOS_clean,5.12439,3.80032,5.11789,1.20574,872.156,723.339,0.0,0.0,0.4772,0.395775,0.0,1,0.007040862,0.562553916,0.5701781998616786
TEXTOH_clean,7.36714,6.73872,7.36371,1.14671,1020.81,890.209,164.756,143.677,0.5422,0.472831,0.0,0,0.00344182,0.291028962,0.31686294201354237
TIDKAS_clean,5.39311,4.19786,5.39311,1.06903,921.952,862.419,0.0,0.0,0.508,0.475197,0.0,1,0.00357714,0.338244056,0.33697853934653443
TIDLEZ_clean,7.0595,6.90616,7.0592,1.03857,2192.07,2110.66,0.0,0.0,0.6778,0.652626,0.0,0,0.002019689,0.200359798,0.19324206890403506
TIDLID_clean,4.2096,4.02928,4.2096,1.31378,1082.38,823.864,182.179,138.667,0.5798,0.44132,0.0,0,0.001714232,0.173916898,0.19193757889385826
TIDMEA_clean,6.05011,4.95275,5.94474,1.747,1488.92,852.276,0.0,0.0,0.5394,0.308759,0.0,1,0.001144455,0.107945833,0.11436185193324133
TIFZIR_clean,5.07264,3.5666,4.83614,1.48604,1551.78,1044.24,0.0,0.0,0.6264,0.421523,0.0,0,0.005485369,0.503016193,0.4940870924797797
TIGSOT_clean,4.31733,3.92478,4.29293,1.79014,708.62,395.847,0.0,0.0,0.4326,0.241658,0.0,1,0.003653347,0.314851569,0.32007024933937045
TIGVUC_clean,4.87344,3.46442,4.87344,1.07454,850.662,791.651,5.08913,4.73609,0.5344,0.497328,0.0,1,0.003785333,0.349649894,0.3519405981145503
TIJPOT_clean,4.06689,3.45193,4.06689,1.44348,706.681,489.567,0.0,0.0,0.526,0.364397,0.0,1,0.001454848,0.137466646,0.1529572300754381
TIKMEH_clean,5.55473,4.01932,4.70025,1.57489,444.086,281.979,505.527,320.992,0.4674,0.296782,0.0,1,0.005974871,0.477630756,0.48514397722185915
TILHAZ_clean,7.88517,4.63235,7.88517,1.00373,1853.27,1846.38,0.563729,0.561634,0.6258,0.623475,0.0,1,0.001949354,0.192637207,0.2052300655817944
TILVUF_clean,5.76983,4.47642,5.76568,1.10794,2807.97,2534.4,0.0,0.0,0.7218,0.651478,0.0,0,0.001285411,0.125166912,0.12678628531236846
TIQGOQ_clean,4.96613,3.45527,4.96613,1.61722,430.124,265.965,0.0,0.0,0.3844,0.237692,0.0,0,0.00185863,0.173641126,0.1610194531518021
TIQHAD_clean,4.94141,3.41905,4.94141,1.59594,416.437,260.936,0.0,0.0,0.3934,0.246501,0.0,0,0.001709501,0.158497649,0.1522941690434777
TIRQOB_clean,6.9378,5.1125,6.91934,1.1916,1497.46,1256.68,0.0,0.0,0.5672,0.475998,0.0,1,0.010017326,0.764118215,0.8062541020899365
TISGUY_clean,5.93335,3.50712,5.93065,1.25359,678.031,540.871,0.0,0.0,0.466,0.371732,0.0,1,0.00081356,0.082197014,0.09007576964553532
TISHAF_clean,10.6324,4.41521,10.62231,0.802555,2137.19,2662.99,0.0,0.0,0.6594,0.821626,0.0,1,0.006692151,0.624511532,0.5893100262130695
TISPAO_clean,11.19601,4.56022,11.19601,1.01627,1481.21,1457.5,344.513,338.997,0.6604,0.649826,0.0,0,0.00537797,0.481077541,0.5127269148192719
TIVYAZ01_clean,8.9528,6.92043,8.9528,0.77854,2139.65,2748.28,0.0,0.0,0.7276,0.934569,0.0,1,0.002566637,0.259600694,0.26363874651943353
TIXCIO_clean,8.51649,4.04507,8.50623,0.818285,2218.52,2711.18,0.0,0.0,0.665,0.812676,0.0,0,0.006299298,0.585322525,0.5984038697043839
TIXMIX_clean,5.48641,4.37851,5.43408,1.55041,1423.25,917.982,0.0,0.0,0.5816,0.375127,0.0,0,0.003473639,0.325207524,0.33791677939961856
TIXVON_clean,5.07339,3.91911,5.00348,0.938456,1558.9,1661.14,0.0,0.0,0.5776,0.615479,0.0,1,0.007913249,0.709802257,0.7273312862253232
TOBKAY_clean,10.72174,9.5428,10.71607,1.08933,1630.18,1496.5,0.0,0.0,0.666,0.611383,0.0,1,0.002832857,0.276043083,0.27401446116741046
TOBKEC_clean,10.11718,8.98959,10.11479,1.13998,1639.27,1437.98,0.0,0.0,0.6544,0.574044,0.0,1,0.002838933,0.280146438,0.26873951377459127
TOHJIL_clean,5.54681,3.74513,5.54681,2.48482,1379.64,555.227,0.0,0.0,0.5704,0.229553,0.0,1,0.001689111,0.162335414,0.14928585638127784
TOHQEO_clean,5.89344,4.18847,5.89146,0.984353,1685.69,1712.48,0.0,0.0,0.5842,0.593486,0.0,0,0.007930528,0.701622688,0.7380424893349186
TOHYUM_clean,6.18172,4.54627,6.18172,1.23378,1539.69,1247.95,0.0,0.0,0.5958,0.482905,0.0,1,0.005181411,0.483547428,0.48527494731461995
TOJLOT_clean,9.35136,7.4656,9.35136,0.787935,1703.38,2161.83,0.0,0.0,0.6612,0.839156,0.0,0,0.002753996,0.287832725,0.26870033513399305
TOKDON_clean,5.68269,4.05076,5.58356,1.1925,2235.99,1875.04,0.0,0.0,0.6214,0.52109,0.0,1,0.005576591,0.533435364,0.52655419095742
TOLGOR_clean,5.98694,4.00719,5.95033,1.17836,1406.99,1194.02,0.0,0.0,0.5528,0.469125,0.0,1,0.004942124,0.457800389,0.4466938827082987
TOLYOJ_clean,5.56011,4.7997,5.54043,0.908517,1594.37,1754.91,0.0,0.0,0.5744,0.632239,0.0,1,0.004041751,0.411305413,0.3960512034370398
TONBOO_clean,4.69422,3.90104,4.69422,1.33698,611.28,457.21,0.0,0.0,0.4482,0.335234,0.0,1,0.005940452,0.498994933,0.5038561712848901
TONLOY_clean,7.42094,6.92579,7.42094,1.50963,792.043,524.661,0.0,0.0,0.4632,0.30683,0.0,1,0.001179265,0.115589439,0.1120534718540046
TONLOZ_clean,5.96623,4.0883,5.95565,1.23552,1555.44,1258.93,0.0,0.0,0.5706,0.461828,0.0,1,0.005755411,0.522741498,0.5212691062228896
TONQOD_clean,8.4438,5.40906,5.91266,0.731873,2982.91,4075.73,0.0,0.0,0.7088,0.968474,0.0,1,0.00502958,0.487155667,0.5041545150879284
TONTIB_clean,8.17686,3.88128,8.17686,0.785515,2106.51,2681.7,0.0,0.0,0.6434,0.819081,0.0,0,0.005691692,0.54815009,0.5483084835268099
TONTUN_clean,8.01411,3.79872,8.01411,0.818446,2057.67,2514.12,0.0,0.0,0.6292,0.768774,0.0,0,0.005267999,0.507985828,0.5135015847278467
TONVAV_clean,8.13737,3.84778,8.13737,0.811081,2093.45,2581.06,0.0,0.0,0.6356,0.783646,0.0,0,0.005537771,0.534455974,0.5377141074465431
TONWUO01_clean,5.10073,4.40085,5.10073,1.20939,753.801,623.288,0.0,0.0,0.4534,0.374898,0.0,0,0.00483842,0.435729537,0.42143456237387855
TOPKIT_clean,8.32819,5.0756,8.31268,0.957644,2418.19,2525.15,0.0,0.0,0.6634,0.692742,0.0,1,0.005982551,0.58269429,0.5479525273746005
TORJAN_clean,5.41891,3.81819,5.4137,1.12525,1554.01,1381.04,0.0,0.0,0.5844,0.519353,0.0,1,0.003070042,0.303569368,0.3018680580601299
TORJER_clean,5.04936,3.67231,5.03861,1.16476,1436.77,1233.53,0.0,0.0,0.5708,0.490058,0.0,1,0.003357429,0.315457178,0.32192472511113357
TORJIV_clean,5.15558,3.73306,5.14713,1.14909,1453.8,1265.17,0.0,0.0,0.5738,0.499351,0.0,1,0.003212875,0.310323806,0.30912971024229186
TORJOB_clean,5.4126,3.81862,5.4126,1.10851,1564.49,1411.34,0.0,0.0,0.5858,0.528458,0.0,1,0.003251993,0.308194256,0.3154947759650384
TORJUH_clean,5.30819,3.79107,5.29306,1.12185,1513.8,1349.38,0.0,0.0,0.5828,0.519498,0.0,1,0.00338082,0.314076742,0.3230498820751883
TORKAO_clean,5.01927,3.67935,4.85274,1.1494,1435.4,1248.83,0.0,0.0,0.5704,0.496261,0.0,1,0.003574059,0.319154935,0.35372203835716454
TORKES_clean,5.31982,3.78089,5.2376,1.14355,1498.22,1310.14,0.0,0.0,0.5788,0.506141,0.0,1,0.003273106,0.314409165,0.3106117392055786
TORPUN_clean,8.7872,8.28484,8.78484,1.1627,1327.18,1141.46,0.0,0.0,0.5712,0.49127,0.0,0,0.002681094,0.257607306,0.25741516013795185
TORXAB_clean,5.19491,4.25541,5.19491,1.88967,495.266,262.092,0.0,0.0,0.436,0.230728,0.0,0,0.000801561,0.075578438,0.09736802112449555
TOVHUJ_clean,8.92456,5.42795,8.42869,0.747114,2560.53,3427.22,0.0,0.0,0.6974,0.933458,0.0,1,0.00407371,0.411886703,0.4044676296423379
TOVJAR_clean,12.4053,8.52361,12.28582,0.516295,2067.95,4005.36,0.0,0.0,0.809,1.56693,0.0,1,0.002866513,0.290265185,0.2874941768196094
TOVJEV_clean,13.68087,10.37066,13.68087,0.399582,1892.74,4736.79,0.0,0.0,0.837,2.09469,0.0,1,0.003515851,0.339556239,0.34676102326267755
TOVJIZ_clean,12.65101,8.2906,12.63941,0.451159,2031.86,4503.64,0.0,0.0,0.8026,1.77897,0.0,1,0.003613035,0.342240116,0.35703676838156695
TOVJOF_clean,12.42499,8.36781,12.422,0.470537,2039.96,4335.39,0.0,0.0,0.8052,1.71124,0.0,1,0.003877204,0.367751858,0.36768993499224245
TOVJUL_clean,7.14215,5.30329,7.13909,0.862488,2071.68,2401.98,0.0,0.0,0.6594,0.764532,0.0,1,0.004293355,0.396339889,0.41561875188916786
TOVKOG_clean,22.84213,13.1462,21.49189,0.3316,1563.99,4716.49,0.0,0.0,0.8634,2.60374,0.0,1,0.003941441,0.377403556,0.38008750698236216
TOWNEA_clean,8.82467,7.77952,8.82467,0.718839,2198.94,3059.02,0.0,0.0,0.7032,0.978244,0.0,1,0.003148609,0.308947324,0.3154315864367875
TOWNUQ_clean,8.86609,7.97255,8.86609,0.87729,1618.53,1844.92,0.0,0.0,0.6006,0.684609,0.0,1,0.006618419,0.61201797,0.5692480641010655
TOWPEC_clean,10.15584,5.70866,7.95557,0.889254,1486.62,1671.76,593.787,667.736,0.6774,0.761762,0.0,1,0.004504709,0.442772929,0.4248665660900532
TOWXEK_clean,6.06928,5.16457,6.05534,0.997154,1436.69,1440.79,3.8223,3.83321,0.5782,0.57985,0.0,1,0.004249096,0.400303568,0.4022804510993482
TOXHAR_clean,4.88487,4.27765,4.88487,1.14926,1012.18,880.723,0.0,0.0,0.4974,0.4328,0.0,1,0.004119949,0.373644099,0.37001051809560964
TOXHEV_clean,5.62501,5.12266,5.62332,1.0421,1433.18,1375.28,0.0,0.0,0.5534,0.531046,0.0,1,0.005171982,0.474698133,0.4952902680844731
TOXMUQ_clean,6.89787,6.74832,6.89787,1.06186,1595.8,1502.83,0.0,0.0,0.5884,0.55412,0.0,0,0.006674636,0.642455095,0.6125908897105283
TOXNIF_clean,6.95996,6.82273,6.95996,1.06718,1555.99,1458.03,0.0,0.0,0.5754,0.539176,0.0,0,0.00633987,0.616668634,0.5897221041694516
TOZHAR_clean,4.71595,3.81365,4.64425,1.35498,1755.8,1295.81,0.0,0.0,0.6366,0.469823,0.0,1,0.001521613,0.151554815,0.17163695254647438
TUBJAD_clean,4.85188,4.35004,4.85188,1.22218,733.491,600.149,0.0,0.0,0.4892,0.400268,0.0,1,0.001880801,0.170071303,0.17201434417779088
TUBLIN_clean,5.27232,3.84215,5.27232,1.23985,960.484,774.675,0.0,0.0,0.4788,0.386175,0.0,0,0.003844653,0.363695797,0.3368459822832039
TUCJAD_clean,5.76369,4.27387,5.76369,1.22067,1421.06,1164.17,0.0,0.0,0.5556,0.455161,0.0,1,0.005009005,0.453303409,0.45434555726672227
TUDQOZ_clean,4.7672,3.81876,4.49087,1.57647,290.479,184.259,229.56,145.616,0.4148,0.263119,0.0,0,0.004713875,0.366879191,0.3652723102234787
TUJGIQ_clean,5.65806,4.28444,5.64037,1.20241,974.646,810.578,0.0,0.0,0.5012,0.41683,0.0,1,0.00376587,0.353820043,0.3294845491233601
TUKCOT_clean,5.03348,3.75359,4.98119,1.1597,1353.77,1167.35,0.0,0.0,0.5642,0.486504,0.0,1,0.005880859,0.514210379,0.5357707529274696
TUMQID_clean,4.78803,3.71858,4.78803,1.19719,1092.19,912.297,0.0,0.0,0.5342,0.446213,0.0,1,0.006897842,0.619873762,0.5973797883037306
TUMRIE_clean,4.83008,3.62775,4.83008,1.3408,1128.82,841.902,0.0,0.0,0.5312,0.396182,0.0,1,0.00675516,0.592534984,0.5836813491486945
TUMROK_clean,4.44242,3.69598,4.44242,1.23691,1067.61,863.126,0.0,0.0,0.5056,0.40876,0.0,0,0.008617942,0.735459509,0.7246084307957642
TUNJET_clean,6.14578,4.61369,6.05606,1.50948,1150.01,761.861,0.0,0.0,0.5096,0.3376,0.0,1,0.003624091,0.335813613,0.32755839579704815
TUPDOZ_clean,4.88368,4.4419,4.87874,1.30126,809.227,621.881,0.0,0.0,0.487,0.374254,0.0,1,0.008953039,0.700004161,0.7008280266832247
TUQWIL01_clean,5.38124,3.40475,5.38124,1.42901,1463.26,1023.97,0.0,0.0,0.6194,0.433446,0.0,0,0.007954354,0.689253034,0.6833712952487212
TURDIV_clean,6.92653,4.99633,6.92653,1.00914,1370.8,1358.39,0.0,0.0,0.5476,0.542641,0.0,0,0.004732263,0.448211586,0.4351792727179725
TURDOB_clean,6.98892,4.35902,6.87374,1.03033,1344.35,1304.78,0.0,0.0,0.5432,0.52721,0.0,0,0.004748282,0.434991177,0.43493191089250605
TURDUH_clean,6.62446,4.36886,6.61015,1.02982,1359.58,1320.21,0.0,0.0,0.5506,0.534658,0.0,0,0.004695537,0.431740872,0.43785756594430303
TURFAP_clean,6.01435,4.39558,5.97493,1.05478,1276.17,1209.89,0.0,0.0,0.5208,0.493754,0.0,0,0.00469163,0.444682705,0.4384398368984624
TURFET_clean,6.77386,4.80527,6.75967,1.02251,1388.25,1357.69,0.0,0.0,0.5348,0.523025,0.0,0,0.004993257,0.464696365,0.45481934500624377
TUTHIA_clean,7.74765,6.0396,7.74488,1.02371,1471.87,1437.78,0.0,0.0,0.5658,0.552697,0.0,1,0.005374289,0.518199508,0.49024975323153586
TUTJAU_clean,6.55313,5.09154,6.45158,1.05742,1473.03,1393.05,0.0,0.0,0.5626,0.532052,0.0,1,0.006087647,0.578569879,0.5510628840775539
TUYFIE_clean,5.48587,4.03732,5.48587,1.18223,1310.67,1108.64,0.0,0.0,0.5692,0.481463,0.0,1,0.00966284,0.798936712,0.814647067657946
TUYJED_clean,8.921,4.25748,8.91848,1.03154,2274.68,2205.14,0.0,0.0,0.7106,0.688873,0.0,1,0.001692114,0.166338582,0.17115008993276087
TUYLIJ_clean,4.51754,3.71437,4.51754,1.86429,822.472,441.171,0.0,0.0,0.4454,0.238911,0.0,0,0.005989147,0.5019857,0.5036767775425787
TUZVUH_clean,8.88409,8.01315,8.88409,1.36955,1074.66,784.684,0.0,0.0,0.5192,0.379103,0.0,1,0.001379037,0.127542075,0.11684803792005294
UBECEM_clean,4.8768,4.71272,4.8768,2.40571,1479.77,615.106,0.0,0.0,0.5964,0.24791,0.0,1,0.001636283,0.156994354,0.15693457155585733
UBIBUF_clean,11.65323,7.63405,11.12586,0.757644,2339.26,3087.55,0.0,0.0,0.745,0.983311,0.0,1,0.003779714,0.369166415,0.3719396074657265
UBIPAY_clean,4.38835,3.9606,4.38835,1.21218,1031.09,850.605,0.0,0.0,0.4942,0.407694,0.0,1,0.004358399,0.420150675,0.40050661263785076
UBULIO_SL,24.23226,22.89921,24.21499,0.438068,1818.16,4150.4,0.0,0.0,0.8258,1.8851,0.0,1,0.003269733,0.310280217,0.33168666308758576
UBUMAH_clean,7.09336,6.41082,6.96082,0.845931,2610.44,3085.88,0.0,0.0,0.7132,0.843094,0.0,1,0.003549664,0.352173344,0.35701685569720953
UCABAE_clean,5.42772,4.56824,5.1729,1.09568,662.018,604.208,511.165,466.528,0.544,0.496495,0.0,0,0.006996981,0.602865299,0.5981531008085943
UCAXEC_clean,4.65972,3.79898,4.65972,1.24715,773.765,620.428,0.335064,0.268664,0.4924,0.394821,0.0,1,0.004438517,0.383468027,0.38335252767308503
UCEXEG_clean,6.31608,4.83612,6.30774,1.45624,1389.21,953.967,0.0,0.0,0.5674,0.389633,0.0,1,0.003542411,0.337848766,0.3246720271024272
UCEXIK_clean,6.33067,4.85437,6.2578,1.46159,1391.18,951.831,0.0,0.0,0.5718,0.391219,0.0,1,0.003596916,0.336351073,0.3307217691251324
UCEXOQ_clean,6.32321,4.82644,6.31444,1.48289,1385.85,934.555,0.0,0.0,0.5694,0.383979,0.0,1,0.003632646,0.334625586,0.32937253737447136
UCOHUR_clean,8.1734,7.22847,8.12249,1.21949,2095.07,1717.98,0.0,0.0,0.6692,0.548752,0.0,0,0.002794568,0.264597902,0.2687847500633159
UCOJAZ_clean,8.09472,7.35206,8.09472,1.24694,2013.79,1614.99,0.0,0.0,0.6576,0.527372,0.0,1,0.002590489,0.245411824,0.2570229052490256
UCOJED_clean,7.99802,7.49345,7.99418,1.22768,2022.24,1647.21,0.0,0.0,0.665,0.541674,0.0,0,0.002670804,0.25005298,0.25957274624760485
UCOJIH_clean,8.11816,7.11073,8.05724,1.22088,2052.56,1681.21,0.0,0.0,0.6616,0.541903,0.0,0,0.002584564,0.249097757,0.25783209534257484
UCOXOZ_clean,6.74707,6.10487,6.74209,1.02439,1598.25,1560.2,14.8613,14.5075,0.5836,0.569706,0.0,1,0.003248433,0.319803074,0.3086656415714088
UCUTIW_clean,6.35635,5.83008,6.34586,1.00359,1563.59,1558.0,0.0,0.0,0.6334,0.631134,0.0,1,0.003237711,0.329616875,0.31447122137607664
UDANEV_clean,13.79937,11.17997,13.79937,0.783809,1782.29,2273.88,0.0,0.0,0.7968,1.01657,0.0,1,0.00435072,0.400486538,0.3993357758497234
UDICAN_clean,4.58421,3.93064,4.58097,3.59569,711.428,197.856,0.0,0.0,0.4032,0.112134,0.0,1,0.005928615,0.412663999,0.46531435029892443
UDOVOA_clean,11.10402,3.55246,11.07204,1.28591,1551.09,1206.21,48.2971,37.5586,0.5878,0.457107,0.0,1,0.013668142,0.899258047,0.887513870399024
UDUMIP02_clean,7.11427,6.32764,7.10696,1.42622,1719.35,1205.53,0.0,0.0,0.5884,0.412559,0.0,1,0.001657844,0.167997668,0.16955312984482468
UDUMIP03_clean,7.09807,6.30763,7.09096,1.42891,1721.24,1204.58,0.0,0.0,0.5872,0.410943,0.0,1,0.001705362,0.168468623,0.16549639640492225
UDUMIP_clean,7.19202,6.41478,7.18204,1.40092,1718.44,1226.65,0.0,0.0,0.5958,0.425293,0.0,1,0.001628277,0.161044227,0.16588783994206974
UFASEA_ion_b,3.8787,3.48972,3.87221,1.84634,417.315,226.022,88.8958,48.1469,0.4466,0.241883,0.0,1,0.003360607,0.294829827,0.2940994281360324
UFENAW_clean,7.28617,5.35852,7.10503,0.754992,3088.35,4090.58,0.0,0.0,0.7422,0.983057,0.0,1,0.003286021,0.327770616,0.3386718964584069
UFEVIL_clean,6.75773,4.04783,6.73846,1.05377,1465.81,1391.02,0.0,0.0,0.5784,0.548886,0.0,1,0.00313218,0.300228282,0.2953920300888011
UFEXEJ_clean,5.30731,5.14101,5.30608,2.3365,1189.34,509.026,0.0,0.0,0.4796,0.205264,0.0,1,0.002259582,0.217206358,0.1996251185607847
UFEXIN_clean,5.2808,5.11213,5.27438,2.36936,1181.21,498.534,0.0,0.0,0.4788,0.20208,0.0,1,0.002334276,0.214846308,0.2130117322199372
UFOFIF_clean,4.79304,3.6453,4.79304,1.31843,760.934,577.154,0.0,0.0,0.5036,0.381971,0.0,1,0.001211363,0.121738842,0.12380038929322301
UFUQIV_clean,7.38156,5.81733,6.18024,0.675677,2389.77,3536.85,0.0,0.0,0.7014,1.03807,0.0,1,0.004289538,0.436977978,0.42525154710915203
UGAQEY_clean,4.89575,4.03861,4.89307,1.29414,1150.64,889.116,1.22671,0.947894,0.5042,0.389602,0.0,1,0.003481976,0.321121103,0.3300838623615208
UGOFED_clean,5.38504,4.20309,4.96349,1.22232,1169.34,956.656,0.0,0.0,0.5274,0.431476,0.0,1,0.008505282,0.689299724,0.7026888909882961
UGUGUZ_clean,4.77323,4.07807,4.77323,1.79667,684.632,381.056,127.779,71.1197,0.5662,0.315138,0.0,1,0.00118303,0.116694975,0.10643242481092041
UHASED_clean,4.93212,3.89765,4.93212,1.32119,1664.14,1259.57,0.0,0.0,0.5574,0.421891,0.0,0,0.007053757,0.631503525,0.6236571281684731
UHUPET_clean,13.55212,8.93511,12.0856,0.540431,2097.88,3881.87,0.0,0.0,0.7682,1.42146,0.0,1,0.002906258,0.28109215,0.28652626839827455
UHUPOD01_clean,33.07784,21.40391,33.07784,0.19136,873.381,4564.06,0.0,0.0,0.937,4.89652,0.0,0,0.004232456,0.411232652,0.40113911981490985
UJAQEC_clean,4.46683,3.5414,4.46683,1.21484,1347.94,1109.56,67.5496,55.6038,0.5582,0.459485,0.0,1,0.006178257,0.591597842,0.5541858148647918
UJAQUS_clean,7.15939,6.10118,7.07981,0.989707,2008.92,2029.81,0.0,0.0,0.6442,0.6509,0.0,1,0.004312376,0.403779953,0.41640792882461813
UJEDIX_clean,4.86939,3.4331,4.86939,1.44888,987.806,681.772,2.33073,1.60864,0.5456,0.376567,0.0,0,0.002058501,0.196375976,0.18841981235221206
UJOWEW_clean,5.75366,4.18708,5.75366,1.11983,1989.69,1776.77,0.0,0.0,0.6036,0.539008,0.0,1,0.001815337,0.18092281,0.18983003541190835
UJUPUM_clean,6.77742,5.67068,6.76869,0.861722,2505.7,2907.78,0.0,0.0,0.7082,0.821843,0.0,1,0.002397358,0.244465007,0.2515805986418514
UJUQIB_clean,10.2017,5.3119,10.02065,0.774012,2238.72,2892.35,0.0,0.0,0.6914,0.893268,0.0,0,0.004078562,0.408560282,0.3974012873764733
UKAQAZ_clean,7.03658,4.81444,7.03658,1.1542,1709.08,1480.75,0.0,0.0,0.5836,0.505632,0.0,0,0.004537838,0.420179234,0.43192999203985044
UKAQED_clean,6.96134,4.79708,6.96134,1.16653,1696.68,1454.47,0.0,0.0,0.581,0.49806,0.0,0,0.004574541,0.430670757,0.44484876654619254
UKAQIH_clean,7.0082,4.78738,7.0082,1.16844,1713.29,1466.3,0.0,0.0,0.5844,0.500152,0.000171168,0,0.004767873,0.423312352,0.43964972724837714
UKEXEP_clean,4.56996,3.476,4.56996,1.58485,612.499,386.472,21.3828,13.492,0.4954,0.312585,0.0,1,0.002395651,0.22285612,0.21885964436968103
UKIQOV_clean,13.66711,9.63813,13.66009,0.628902,2104.6,3346.47,0.0,0.0,0.7776,1.23644,0.0,1,0.003696252,0.367443487,0.35880166427273386
UKOZOK_clean,5.16699,3.99697,5.16538,2.08607,1456.61,698.257,0.0,0.0,0.5214,0.249944,0.0,1,0.003102569,0.273396843,0.28380512783451606
UKUBIM_clean,7.24657,4.5792,7.24657,1.09306,1336.34,1222.57,0.0,0.0,0.5474,0.500795,0.0,0,0.008739624,0.70715276,0.7106832153310756
UKUBOS_clean,7.20509,4.51731,7.20509,1.01682,1332.64,1310.6,0.0,0.0,0.5496,0.540507,0.0,0,0.010327642,0.833157448,0.8454033954888586
UKUPIB_clean,7.9794,5.83185,7.9636,0.893496,2137.53,2392.33,0.0,0.0,0.6356,0.711363,0.0,1,0.002795022,0.282540196,0.2860588514657762
UKUPUL_clean,6.90717,5.2805,6.90717,1.43379,1465.65,1022.22,1.90531,1.32886,0.5222,0.364209,0.0138095,1,0.00114406,0.11223498,0.1685725581273848
ULAQAB_clean,5.27643,3.51743,4.89733,1.04387,1032.19,988.815,0.0,0.0,0.5466,0.523628,0.0,0,0.006032058,0.528380379,0.5495317355898197
ULAQEF_clean,5.27064,3.49026,5.03731,1.02909,1016.13,987.412,0.0,0.0,0.5346,0.51949,0.0,0,0.004768155,0.436607535,0.45027424294523605
ULEGOH_clean,6.13177,4.39371,6.11357,1.30509,966.034,740.207,0.0,0.0,0.4766,0.365187,0.0,1,0.004503023,0.368807671,0.38082400483361567
ULIMIN_clean,5.00183,3.7748,4.85322,1.2693,515.601,406.208,162.351,127.906,0.476,0.375009,0.0,0,0.008722965,0.666022786,0.6337364146363457
ULOGAE_clean,6.57121,5.40028,5.95167,1.35328,2211.75,1634.36,0.0,0.0,0.6272,0.463465,0.0,1,0.003498706,0.32902251,0.339376820820683
ULOKAJ_clean,8.7673,6.34979,8.7673,1.30492,1735.79,1330.19,0.0,0.0,0.637,0.488152,0.0,0,0.001577993,0.160712372,0.16878143905201387
ULOLEO_clean,8.29808,5.90829,8.29808,1.34322,1731.11,1288.78,0.0,0.0,0.6394,0.47602,0.0,0,0.001623417,0.167439085,0.17260073955279237
ULOLIS_clean,8.54677,6.10924,8.54677,1.32937,1733.05,1303.66,0.0,0.0,0.6388,0.480529,0.0,0,0.001676741,0.165547074,0.17894821111060993
ULOMAL_clean,8.86217,6.43433,8.86217,1.31015,1733.6,1323.21,0.0,0.0,0.6522,0.497807,0.0,0,0.001684641,0.160345029,0.17058244416945234
ULUVUT_clean,5.14269,4.75945,5.14269,1.14921,1898.67,1652.16,0.0,0.0,0.6398,0.556733,0.0,0,0.004386946,0.420747634,0.4200375687911887
UMABIV_clean,5.68466,5.22417,5.68466,1.23934,1941.33,1566.43,0.0,0.0,0.6118,0.493651,0.0,1,0.004599831,0.427941279,0.4382400823163412
UMABOB_clean,5.41853,4.65091,5.41146,1.04463,1738.12,1663.87,0.0,0.0,0.574,0.549478,0.0,1,0.004789467,0.461406079,0.4591578925648233
UMALUQ_clean,8.90326,5.05379,8.67673,1.06985,1916.16,1791.07,0.0,0.0,0.5972,0.558212,0.0,1,0.002593897,0.240385041,0.2635550987959629
UMEDOH_clean,8.3593,5.89473,8.3593,1.33036,1732.85,1302.55,0.0,0.0,0.6328,0.475662,0.0,0,0.001727864,0.171857343,0.17835778505996258
UMEHOL_clean,7.1388,4.96773,6.18362,1.60251,1384.6,864.024,0.0,0.0,0.5636,0.351699,0.0,1,0.004443835,0.407736862,0.3805507321728565
UMEKEE_clean,8.30632,6.09762,8.27233,0.751545,2616.23,3481.13,0.0,0.0,0.734,0.976654,0.0,0,0.003663099,0.366491332,0.36537206891133417
UMEKII_clean,6.2978,4.37155,6.14715,1.16372,1476.0,1268.34,0.0,0.0,0.5854,0.50304,0.0,0,0.007040171,0.614264968,0.6136672827024654
UMEPOT_clean,6.2957,5.33563,6.29133,1.57681,1311.07,831.473,0.0,0.0,0.541,0.343098,0.0,1,0.004437202,0.389133029,0.3929330861020021
UMEQAG_clean,7.17863,4.94429,6.16873,1.58166,1384.15,875.123,0.0,0.0,0.5566,0.351908,0.0,1,0.004521173,0.405982491,0.386207545471357
UMESIQ_clean,7.11235,5.04643,6.16421,1.65932,1412.73,851.388,0.0,0.0,0.558,0.336282,0.0,1,0.005641882,0.502119019,0.5026801026599202
UMESOW_clean,7.17498,4.93769,6.17391,1.56952,1391.65,886.672,0.0,0.0,0.5498,0.350298,0.0,1,0.004365257,0.407787255,0.378520655813451
UMEXUF_clean,5.96732,4.46538,5.94889,1.62337,1487.02,916.008,0.0,0.0,0.5378,0.331286,0.0,1,0.0055984,0.514044141,0.5020150072632866
UMIGAA_clean,8.23557,7.15317,8.23557,1.10058,2014.92,1830.78,0.0,0.0,0.622,0.565157,0.0,1,0.00388367,0.385186515,0.3651328264101662
UMIZEX_clean,6.27903,5.11829,6.27347,1.43647,1654.12,1151.52,0.0,0.0,0.554,0.385668,0.0,1,0.003496245,0.32559524,0.3385031304521879
UMOBEF01_clean,11.72616,5.98085,11.72563,0.505624,2624.2,5190.03,0.0,0.0,0.792,1.56638,0.0,1,0.003709395,0.377332426,0.37347949363563904
UMOBEF02_clean,11.74556,6.09657,11.74553,0.512375,2648.86,5169.77,0.0,0.0,0.7876,1.53716,0.0,1,0.003855461,0.382757246,0.3786489947619759
UMOBEF03_clean,11.19548,6.07261,11.19529,0.54262,2779.47,5122.32,0.0,0.0,0.775,1.42826,0.0,1,0.00384527,0.417452997,0.3761950844375981
UMOBEF04_clean,9.82687,5.92931,9.82687,0.641251,2696.95,4205.76,1.10178,1.71818,0.73,1.1384,0.0,1,0.005068148,0.505676812,0.502718403476849
UMOBEF05_clean,9.81532,6.14212,9.81476,0.699468,2487.48,3556.24,0.0,0.0,0.705,1.00791,0.0,1,0.00547917,0.537318766,0.508462929177699
UMOBEF09_clean,9.30813,6.0393,8.12664,0.731985,2350.62,3211.3,0.0,0.0,0.696,0.95084,0.0,1,0.005570886,0.554479813,0.525027070004721
UMOBEF_clean,12.498,6.04018,12.42609,0.48038,2503.44,5211.38,0.0,0.0,0.7972,1.65952,0.0,1,0.003471613,0.355286663,0.3551621468308693
UMODEH01_clean,11.30468,5.41503,11.30468,0.512269,2642.07,5157.57,0.0,0.0,0.7812,1.52498,0.0,1,0.003750573,0.374278954,0.378920349234266
UMODEH02_clean,11.81211,5.47188,11.81161,0.501768,2601.38,5184.43,0.0,0.0,0.788,1.57045,0.0,1,0.003658615,0.36837722,0.3694538340793759
UMODEH03_clean,11.61852,5.42066,11.35102,0.51003,2634.97,5166.3,0.0,0.0,0.785,1.53913,0.0,1,0.003924637,0.373914406,0.380508926574875
UMODEH04_clean,11.36787,5.34922,11.36787,0.533932,2752.39,5154.94,0.0,0.0,0.771,1.444,0.0,1,0.004065858,0.396890772,0.4025292494905926
UMODEH06_clean,11.16649,5.2519,11.16649,0.555198,2855.76,5143.68,0.0,0.0,0.7652,1.37825,0.0,1,0.004039584,0.417472945,0.3995172397248233
UMODEH07_clean,11.33302,5.24933,11.33302,0.558087,2863.98,5131.77,0.0,0.0,0.7612,1.36394,0.0,1,0.00401331,0.420497707,0.40109383275986255
UMODEH08_clean,7.50813,5.20054,6.29758,0.647965,2827.66,4363.91,0.0,0.0,0.7222,1.11457,0.0,1,0.005356554,0.526692788,0.523261671582393
UMODEH09_clean,7.58377,5.1021,6.14779,0.720299,2563.17,3558.48,0.0,0.0,0.6962,0.966543,0.0,1,0.006315545,0.562825717,0.5990926556531758
UMODEH10_clean,8.26869,5.10695,6.12476,0.739009,2428.99,3286.83,0.0,0.0,0.6872,0.929894,0.0,1,0.005675123,0.560556325,0.5451535378787845
UMODEH11_clean,7.88398,5.10678,6.00855,0.750929,2393.61,3187.54,0.0,0.0,0.6846,0.911671,0.0,1,0.005855755,0.571860592,0.5525390104630943
UMODEH13_clean,8.08,5.10727,6.08981,0.75692,2343.08,3095.55,0.0,0.0,0.6792,0.89732,0.0,1,0.005767081,0.563850392,0.5462479945502509
UMODEH14_clean,11.13019,5.34376,11.13003,0.540267,2804.02,5190.06,0.0,0.0,0.7704,1.42596,0.0,1,0.004046152,0.407065269,0.4007100151009314
UMODEH15_clean,11.39121,5.37416,11.39121,0.528259,2720.83,5150.56,0.0,0.0,0.7764,1.46973,0.0,1,0.004279332,0.39633574,0.42021801208407794
UMODEH17_clean,11.09362,5.25928,11.09362,0.56801,2915.72,5133.22,0.0,0.0,0.7592,1.3366,0.0,1,0.004489521,0.436373601,0.43063003958941065
UMODEH19_clean,9.53314,6.14559,9.53308,0.644874,2729.74,4232.98,0.0,0.0,0.7296,1.13138,0.0,1,0.005121536,0.502050118,0.5021297854475122
UMODEH20_clean,9.81757,5.20485,6.37863,0.582326,2920.59,5015.39,0.0,0.0,0.7482,1.28485,0.0,1,0.004476385,0.441303207,0.4331068240070828
UMODEH21_clean,9.91334,5.23079,9.91334,0.575954,2919.56,5069.08,0.0,0.0,0.75,1.30219,0.0,1,0.004253058,0.431621342,0.4212154432300019
UMODEH22_clean,10.42971,5.27481,10.42971,0.557764,2866.15,5138.64,0.0,0.0,0.7608,1.36402,0.0,1,0.004138111,0.418422083,0.4103524720337237
UMODEH23_clean,11.15907,5.34276,11.15907,0.535598,2770.05,5171.89,0.0,0.0,0.7696,1.4369,0.0,1,0.004006742,0.395485128,0.3948458430497144
UMODEH24_clean,11.42851,5.36939,11.42851,0.532371,2746.88,5159.71,0.0,0.0,0.7732,1.45237,0.0,1,0.004138111,0.390818259,0.4057587948489078
UMODEH25_clean,9.75422,5.20239,6.39739,0.581306,2933.81,5046.92,0.0,0.0,0.7442,1.28022,0.0,1,0.004459964,0.444942117,0.4290771215611097
UMODEH_clean,10.95537,5.36113,10.95537,0.533113,2747.45,5153.6,0.0,0.0,0.7742,1.45222,0.0,1,0.003993605,0.393672242,0.39535676965875005
UMOKIS_clean,10.47066,8.24292,10.42077,0.843112,1761.07,2088.78,0.0,0.0,0.6618,0.784949,0.0,1,0.002804423,0.288131157,0.2754271909389232
UMOVEZ01_clean,10.36799,5.68179,9.99869,0.557538,2889.19,5182.06,0.0,0.0,0.7634,1.36923,0.0,1,0.004310643,0.429916156,0.4239482477410573
UMOVEZ02_clean,10.40783,5.7016,10.40783,0.554264,2884.62,5204.42,0.0,0.0,0.768,1.38562,0.0,1,0.004280071,0.426451337,0.421293331183349
UMOVEZ03_clean,10.92239,5.82104,10.1736,0.537309,2802.84,5216.45,0.0,0.0,0.7724,1.43754,0.0,1,0.003920002,0.405373685,0.38192415459683404
UMOVEZ04_clean,11.43321,6.00494,11.43286,0.521066,2715.35,5211.14,0.0,0.0,0.7844,1.50538,0.0,1,0.003933589,0.389615551,0.39224830136700667
UMOVEZ05_clean,10.32083,5.66439,10.32083,0.556946,2888.61,5186.51,0.0,0.0,0.7674,1.37787,0.0,1,0.004256293,0.426549847,0.4177010391370741
UMOVEZ_clean,11.7936,5.96806,11.76218,0.502437,2621.26,5217.08,0.0,0.0,0.7922,1.57671,0.0,1,0.003692411,0.374523205,0.37073875369209447
UMOVID_clean,12.08323,6.02223,11.77524,0.495095,2551.4,5153.36,0.0,0.0,0.7958,1.60737,0.0,1,0.003525963,0.370266912,0.3571055849962646
UMOVOJ_clean,12.44931,6.04966,11.64464,0.481059,2488.51,5172.97,0.0,0.0,0.8008,1.66466,0.0,1,0.003801111,0.356417825,0.378242938120704
UMOYOM05_clean,8.7274,5.24016,8.7274,0.61176,2969.67,4854.31,0.0,0.0,0.7308,1.19459,0.0,1,0.004314547,0.432186027,0.4257047953340581
UMOYOM06_clean,9.27242,5.3599,9.27242,0.544667,2828.76,5193.56,0.0,0.0,0.7628,1.40049,0.0,1,0.00387115,0.386082667,0.38152840785970643
UMOYOM08_clean,9.66223,5.42293,9.66221,0.547658,2688.94,4909.89,0.0,0.0,0.7644,1.39576,0.0,1,0.003601576,0.36202721,0.3694944491498207
UMOYOM10_clean,9.29709,5.30741,9.29709,0.582563,2853.3,4897.84,0.0,0.0,0.748,1.28398,0.0,1,0.003928992,0.39453013,0.38765672944100693
UMOYOM11_clean,8.68074,5.21106,8.68074,0.619321,2929.2,4729.69,0.0,0.0,0.724,1.16902,0.0,1,0.004485905,0.430056294,0.42918555843553724
UMOYOM13_clean,8.08915,5.1527,6.21939,0.677127,2892.06,4271.07,0.0,0.0,0.7078,1.0453,0.0,1,0.005446733,0.512962914,0.5218213611370168
UMOYOM16_clean,7.63035,5.01799,6.05656,0.779987,2424.82,3108.79,0.0,0.0,0.664,0.851297,0.0,1,0.005810869,0.553066782,0.5569745726326393
UMOZUT_clean,10.2026,5.23269,10.2026,0.576016,2921.2,5071.38,0.0,0.0,0.7524,1.30621,0.0,1,0.004361437,0.442508514,0.4253250028621288
UMUBAH_clean,10.24236,5.23581,10.24236,0.576725,2914.77,5054.0,0.0,0.0,0.7536,1.30669,0.0,1,0.004538785,0.443300009,0.43768318355623964
UMUBEL_clean,10.43104,5.29557,10.43104,0.565681,2914.18,5151.62,0.0,0.0,0.7596,1.34281,0.0,1,0.004006742,0.427522642,0.4013924303321194
UNADIX_clean,6.75931,3.87519,6.75562,1.24165,1862.26,1499.83,0.0,0.0,0.6188,0.498371,0.0,0,0.007148845,0.640075672,0.6559988359705583
UNAGOH_clean,6.96079,6.02919,6.95596,0.981792,1984.33,2021.13,0.0,0.0,0.6686,0.681,0.0,1,0.00447588,0.434372465,0.42047915439497485
UNECUN_clean,8.22196,7.00638,8.21981,1.18297,2033.93,1719.35,0.0,0.0,0.6502,0.549636,0.0,1,0.003824686,0.367544582,0.35593481596909704
UNIMAG_clean,7.62122,4.89032,7.61772,1.27361,1516.85,1190.98,7.98461,6.26926,0.5702,0.447703,0.0,1,0.001304515,0.130462043,0.14019978151339196
UNUNEY_clean,34.00674,17.63763,34.00674,0.237838,1109.56,4665.2,0.0,0.0,0.9182,3.86062,0.0,1,0.002986905,0.314706459,0.31758224506031096
UPIBOM_clean,6.9638,6.58355,6.9638,1.56774,1538.59,981.409,0.0,0.0,0.5776,0.368429,0.0,0,0.003604624,0.336478366,0.3518592912094081
UQEGII_clean,7.86584,3.91024,7.82641,1.73651,1232.93,710.003,0.0,0.0,0.5438,0.313156,0.0,1,0.000461343,0.046913366,0.060274927320464466
UQERIT_clean,4.88677,3.80399,4.88677,1.1967,1362.48,1138.53,0.0,0.0,0.5566,0.465112,0.0,0,0.007925627,0.717243629,0.7119768907627294
UQOYOP_clean,5.62402,4.63088,5.62402,1.0296,1173.78,1140.03,0.0,0.0,0.5218,0.506796,0.0,0,0.006840084,0.613935418,0.602532737452584
UQULAU_clean,7.2826,3.59407,7.2826,0.863333,1569.2,1817.6,0.0,0.0,0.6162,0.713745,0.0,1,0.00385342,0.353429992,0.3623789337352375
URENEM_clean,8.53899,7.85329,8.41522,0.74811,2058.38,2751.44,0.0,0.0,0.7178,0.959485,0.0,1,0.004003126,0.40756017,0.3878546147210343
UREVIY_clean,4.97933,3.80174,4.64142,1.58439,1154.53,728.69,0.0,0.0,0.5098,0.321764,0.0,1,0.003901935,0.346790999,0.3435476867684949
UREVOE_clean,4.98141,3.80725,4.69195,1.62966,1156.15,709.443,0.0,0.0,0.5054,0.310125,0.0,1,0.003839305,0.341687673,0.33670644690133833
URUWEL_clean,9.27008,8.60913,9.21935,1.12073,1091.29,973.727,41.1176,36.688,0.5796,0.517161,0.0,1,0.001308716,0.126608929,0.13884111752564376
USAWIW_clean,8.66526,5.94328,8.64173,1.00954,1665.76,1650.02,0.0,0.0,0.6018,0.596112,0.0,0,0.002646562,0.261384331,0.26093603919531927
USEVOF_clean,9.78266,6.59544,9.77545,1.19807,1982.01,1654.33,0.0,0.0,0.6746,0.563072,0.0,1,0.004082647,0.361995125,0.37360769781017866
USIRUL_clean,4.36706,3.58238,4.17257,1.44082,204.986,142.27,0.0,0.0,0.3816,0.264849,0.0,0,0.003954051,0.307973603,0.3273429478944458
USORUR_clean,6.75938,5.44409,6.68952,0.77718,2490.53,3204.57,0.0,0.0,0.705,0.907126,0.0,1,0.004846188,0.476561104,0.4760153067421498
USOXEH_clean,5.26933,4.60511,5.26933,1.1789,1588.69,1347.6,0.0,0.0,0.5772,0.489609,0.0,1,0.003250517,0.316729408,0.3194059157441663
USUBUG_clean,5.38089,5.04943,5.38089,1.1373,1931.44,1698.26,0.0,0.0,0.635,0.558338,0.0,0,0.004520763,0.43985661,0.4204180653400733
USUPUV_clean,5.56088,3.62011,5.55354,1.39664,1062.12,760.484,0.0,0.0,0.503,0.36015,0.0,1,0.000794959,0.079375664,0.09046112782172144
USUVIP_clean,7.94489,4.42991,7.94489,1.30315,1252.83,961.391,0.0,0.0,0.5286,0.405634,0.0,1,0.002964586,0.274858403,0.2855667822373105
UTACUP_clean,7.57859,3.49654,7.57859,1.1652,1628.8,1397.88,0.0,0.0,0.6024,0.516994,0.0,1,0.001966021,0.190966451,0.2055965173494615
UTADIE_clean,5.9737,4.97659,5.79418,1.5664,1976.27,1261.66,0.0,0.0,0.6122,0.390833,0.000127682,1,0.002003923,0.194866393,0.1836774320282069
UTELIQ_clean,6.45449,5.48487,6.42215,0.86074,1771.9,2058.57,0.0,0.0,0.608,0.706369,0.0,1,0.007953249,0.707497294,0.7179674040109623
UTEWOG_clean,14.59149,9.55269,14.59149,0.752086,1312.92,1745.71,424.373,564.261,0.7204,0.957869,0.0,1,0.005059675,0.490340871,0.461887511174084
UTOCAJ_clean,6.32412,4.71832,6.32412,1.02969,1479.29,1436.63,0.0,0.0,0.5216,0.506558,0.0,1,0.006275475,0.573758188,0.5574966361621851
UTOCEN_clean,6.30527,4.82361,6.30527,1.02298,1494.45,1460.88,0.0,0.0,0.5268,0.514966,0.0,1,0.006275475,0.578264145,0.5576580138223626
UTULIF_clean,4.41246,3.54295,4.40979,1.75943,1064.28,604.898,0.0,0.0,0.5628,0.319876,0.0,0,0.006411706,0.549252323,0.5580539071592283
UTULUR_SL_part,7.64843,6.25721,7.64843,1.71749,808.319,470.64,196.079,114.166,0.5024,0.29252,0.0,0,0.010586013,0.754343057,0.679622252419531
UVANOW_clean,7.79568,5.2994,7.79517,0.823227,2568.33,3119.83,0.0,0.0,0.6984,0.848369,0.0,1,0.003982779,0.393088657,0.39420656440561674
UVEVAT_clean,5.06012,3.86427,5.04389,0.990442,2050.94,2070.73,0.0,0.0,0.6266,0.632647,0.0,0,0.005887307,0.573289684,0.5743925840854458
UVEVUN_clean,13.08634,6.53433,13.08634,0.765991,2243.91,2929.42,0.0,0.0,0.7048,0.920115,0.0,1,0.004322916,0.415060253,0.41113535617445396
UVINAP_clean,4.33279,3.86236,4.33279,1.23597,436.504,353.166,0.0,0.0,0.445,0.36004,0.0,0,0.002302341,0.219087465,0.21848868297957208
UVIPIZ_clean,13.16154,6.50431,13.16154,0.868575,2146.52,2471.31,0.0,0.0,0.7192,0.828023,0.0,1,0.003737794,0.347232564,0.3603777355858866
UVIPOF_clean,13.17946,6.58449,13.17946,0.87003,2145.41,2465.9,0.0,0.0,0.7218,0.829627,0.0,1,0.003862387,0.348306282,0.36005120656726786
UVOTOQ_clean,11.52321,9.17095,11.02494,1.0394,1689.27,1625.24,0.0,0.0,0.6776,0.651916,0.0,1,0.003092229,0.311153222,0.2939511472285006
UVUFUN_clean,5.451,3.54467,5.41568,1.01248,1767.35,1745.57,0.0,0.0,0.5884,0.581148,0.0,1,0.007336279,0.653356525,0.6874688162253489
UVUQAE_clean,5.89761,4.70396,5.31275,1.14377,1514.01,1323.7,0.0,0.0,0.5466,0.477894,0.0,1,0.006740993,0.574903991,0.593951112524559
UVUWAL_clean,5.70984,4.07494,5.63813,1.12706,1693.32,1502.42,0.0,0.0,0.5456,0.484089,0.0,0,0.008385979,0.751033031,0.7244716674934869
UWALEL_clean,8.57419,8.06777,8.57419,0.978062,1809.81,1850.4,0.0,0.0,0.611,0.624705,0.0,1,0.004667861,0.427019984,0.4308554890105989
UWODAN_clean,6.59983,5.06853,6.59196,1.38828,1109.99,799.546,13.7879,9.93166,0.5174,0.372693,0.0,1,0.002583542,0.251117812,0.2537588463340821
UWOWAF_clean,5.4452,4.14635,5.44512,1.16308,1303.91,1121.08,0.0,0.0,0.5534,0.475804,0.0,1,0.007102583,0.615049365,0.6168392744806726
UWUTIQ_clean,6.1259,4.66623,6.123,1.0094,1933.04,1915.04,0.0,0.0,0.5992,0.59362,0.0,0,0.008006928,0.700658918,0.7400326757689437
UXAXEY_clean,6.18002,3.46612,6.18002,1.398,1132.15,809.836,0.0,0.0,0.5144,0.367953,0.0,1,0.005373971,0.457149773,0.48494761315798857
UXINAR_clean,5.3735,3.82354,5.35038,1.67875,1280.4,762.706,0.0,0.0,0.585,0.348473,0.0,1,0.004123108,0.355856492,0.35901272088945446
UXIQOJ_clean,7.1779,7.04787,7.1779,1.13503,1629.42,1435.57,0.0,0.0,0.592,0.521571,0.0,0,0.004553458,0.450006022,0.4470659848619429
UXISUR_clean,13.20708,6.69761,13.19407,0.878357,2102.35,2393.51,0.0,0.0,0.7182,0.817663,0.0,1,0.004836381,0.414770867,0.435672299359334
UXUNUX_clean,7.36512,5.79316,6.13107,0.678518,2356.29,3472.7,0.0,0.0,0.6988,1.02989,0.0,1,0.004329025,0.435109618,0.42536958854494084
UXUPEJ_clean,7.33818,5.78241,6.14442,0.675641,2374.29,3514.13,0.0,0.0,0.7026,1.0399,0.0,1,0.004541008,0.44175383,0.44164397220864626
UXUPIN_clean,7.3374,5.72246,6.07377,0.669934,2447.15,3652.82,0.0,0.0,0.7066,1.05473,0.0,1,0.004534773,0.429622999,0.4432534791265879
UYAQAN_clean,7.19018,5.3716,7.19018,1.13147,742.019,655.8,0.0,0.0,0.4556,0.402661,0.0,0,0.001727689,0.165871233,0.1562512616778053
UYOFIY_clean,4.54158,3.74063,4.4159,1.84541,1216.19,659.037,0.0,0.0,0.4962,0.268884,0.0,1,0.005318102,0.458688546,0.4754944762683768
UZANOZ_clean,5.69712,4.77135,5.69535,1.53417,1383.93,902.072,0.0,0.0,0.5298,0.345334,0.0,1,0.00275489,0.264434811,0.24907215523696685
UZAROE_clean,19.54541,7.16489,19.54541,0.922216,1503.01,1629.78,0.0,0.0,0.6638,0.719788,0.0,0,0.001917242,0.181733208,0.19083474749213558
UZATAR_clean,4.70366,3.77441,4.70214,2.20784,876.761,397.113,0.0,0.0,0.4486,0.203185,0.0,1,0.001938755,0.183936395,0.1795040216776545
UZIJUJ_clean,6.64538,5.8584,6.63953,1.01975,1889.57,1852.97,0.0,0.0,0.5996,0.587987,0.0,0,0.005010756,0.479063329,0.4951540494234697
UZOBAN_clean,6.16935,4.44214,6.16935,0.864572,2160.34,2498.74,0.0,0.0,0.6496,0.751355,0.0,1,0.005091959,0.494278773,0.5085499402176282
UZUNAF01_clean,7.28303,6.53777,7.28303,1.26957,1027.84,809.6,0.0,0.0,0.5124,0.403601,0.0,0,0.001652651,0.168151971,0.1631878787415863
UZUZUL_clean,4.89079,3.61553,4.62488,1.24739,1059.33,849.24,0.0,0.0,0.5482,0.439477,0.0,1,0.014666467,1.153502828,1.1168910864831625
VABJIS_clean,4.14214,4.05323,4.14214,1.37391,738.742,537.692,0.0,0.0,0.5042,0.366981,0.0,0,0.003315682,0.326070082,0.32008969974118884
VACFOV_clean_h,7.04016,6.80377,7.04016,0.930569,2533.92,2722.98,0.0,0.0,0.6628,0.712252,0.0,0,0.008698152,0.767109256,0.7930098903764284
VACFUB01_clean,8.53124,8.3704,8.53124,1.18192,1047.12,885.95,0.0,0.0,0.5384,0.455532,0.0,0,0.002233978,0.22002084,0.19614557030495705
VACFUB_clean_h,8.50715,8.34107,8.50715,1.18054,1091.35,924.448,0.0,0.0,0.5186,0.439291,0.0,0,0.00199174,0.196363997,0.18148887693157412
VACLIX_clean,25.84424,11.11801,22.64252,0.527457,1593.04,3020.23,0.0,0.0,0.8434,1.59899,0.000379178,1,0.002341896,0.225094566,0.23895484120346414
VADWON_clean,4.24405,3.53009,4.22084,1.10757,515.209,465.173,34.0376,30.7319,0.4648,0.419659,0.0,0,0.00286735,0.265745489,0.27667039240459324
VAFWAB_clean,5.22912,3.96499,5.18849,1.68714,1215.2,720.275,0.0,0.0,0.594,0.352075,0.0,1,0.00516919,0.463234487,0.47010089009203687
VAGBOX_clean,5.4847,3.8221,5.12718,1.96889,508.317,258.175,0.0,0.0,0.435,0.220937,0.0,1,0.00148315,0.135162674,0.12209262894333145
VAGJET_clean,4.15802,3.46053,4.1496,2.48318,463.195,186.533,0.0,0.0,0.361,0.145378,0.0,1,0.001583215,0.141412623,0.12587107292973626
VAGMAT_clean,14.92091,13.26042,14.92091,0.364732,1875.05,5140.9,0.0,0.0,0.86,2.3579,0.0,1,0.003324611,0.331497639,0.33713499126105034
VAGTAA01_clean,5.66319,4.40941,5.66319,0.999593,1775.32,1776.04,0.0,0.0,0.611,0.611249,0.0,1,0.006111725,0.56503326,0.5652078139211869
VAGTAA_clean,5.69119,4.40372,5.677,0.872253,1821.29,2088.03,0.0,0.0,0.638,0.731439,0.0,1,0.004691191,0.433914658,0.4469418029618325
VAGTUU_clean,6.4105,3.89316,6.4105,1.19065,828.698,696.007,460.809,387.025,0.5728,0.481084,0.0,1,0.007831548,0.674424998,0.7047485888992951
VAHJEW_clean,5.94599,4.30466,5.94599,1.08689,1479.94,1361.63,0.0,0.0,0.5432,0.499775,0.0,0,0.006021312,0.538218425,0.5548717512679334
VAHJIA_clean,4.59496,3.72145,4.53376,1.21451,948.028,780.582,0.0,0.0,0.4972,0.409382,0.0,0,0.006961876,0.529242226,0.5920022933421044
VAHTOQ_clean,6.66297,4.23051,6.65497,1.06844,1185.87,1109.9,0.0,0.0,0.5198,0.486502,0.0,1,0.00473687,0.425304925,0.4356074592222517
VAHVOR_clean,6.3986,4.82003,6.3986,1.14511,2295.95,2005.01,0.0,0.0,0.6334,0.553137,0.0,1,0.004679218,0.450651782,0.43559569133014187
VAKBIU_clean,5.76642,3.81153,5.76642,1.03317,1207.86,1169.08,0.0,0.0,0.5546,0.536794,0.0,0,0.006279712,0.598251413,0.5675443501643183
VALVIQ_clean,5.21348,4.28071,5.21348,1.82071,1261.82,693.039,0.0,0.0,0.5078,0.278902,0.0,1,0.002677297,0.254003134,0.24874253070021818
VALWUD_clean,10.17237,6.1037,8.0425,0.867774,1499.07,1727.49,576.042,663.816,0.6792,0.782692,0.0,1,0.003578593,0.346339224,0.3705847739755138
VALXAK_clean,9.98876,6.23965,8.39165,0.742505,1487.88,2003.86,574.813,774.154,0.69,0.929286,0.0,1,0.004423574,0.437999288,0.41644575575100623
VALXEO_clean,9.6783,6.73158,8.21464,0.83384,1503.01,1802.51,543.478,651.776,0.6804,0.815983,0.0,1,0.00342161,0.336170185,0.3500509776573447
VALXIS_clean,10.17011,5.92824,8.44426,0.888503,1485.32,1671.71,572.74,644.613,0.6916,0.778388,0.0,1,0.003762502,0.361983175,0.3728289276388226
VAMQAE_clean,7.70786,5.78406,7.70755,1.38137,1401.32,1014.44,0.0,0.0,0.5594,0.404959,0.0,0,0.001003949,0.10117538,0.11917074449905124
VAMQIM_clean,11.48256,10.83475,11.48089,1.17217,1544.63,1317.75,0.0,0.0,0.6478,0.55265,0.0,1,0.00249227,0.246334963,0.24717011375252132
VAMQOS_clean,11.49062,10.84702,11.48896,1.17541,1553.24,1321.44,0.0,0.0,0.6476,0.550957,0.0,1,0.002483366,0.248074833,0.2470521135897186
VANHEA_clean,8.56369,6.00066,8.56369,0.853114,2214.19,2595.42,0.0,0.0,0.6496,0.761445,0.0,1,0.004537326,0.437613554,0.4275908771539113
VANNEG_clean,11.28278,7.20114,10.99968,0.910221,2188.91,2404.81,0.0,0.0,0.7194,0.790358,0.0,1,0.002209035,0.218667058,0.2229772279645763
VAPBEV_clean,6.2413,3.63671,6.2413,1.10537,871.132,788.092,165.749,149.949,0.5168,0.467536,0.0,0,0.009223874,0.643004724,0.7361320972039436
VAPBIZ_clean,6.25794,3.6162,5.25123,1.10539,876.554,792.979,162.666,147.157,0.5196,0.470059,0.0,0,0.009947984,0.661966805,0.7587461183995102
VAPHOM_clean,4.23153,3.44235,4.23153,1.69156,935.756,553.19,0.0,0.0,0.5808,0.343351,0.0,0,0.005676085,0.533810848,0.5155904722198633
VAQSEO_clean,5.56221,4.69235,5.56221,1.46678,509.1,347.086,0.0,0.0,0.428,0.291795,0.0,1,0.002223109,0.196348442,0.17851009431472903
VAQTUF_clean,10.13522,6.68232,9.92269,0.858555,1863.51,2170.52,0.0,0.0,0.6104,0.710962,0.0,0,0.003311987,0.318181582,0.3159813836916684
VARHIH_clean,6.67359,4.11194,6.66829,0.964951,2096.06,2172.19,0.0,0.0,0.6192,0.641691,0.0,0,0.005666712,0.540440876,0.5535601481607334
VARJEF_clean,7.50874,4.26843,7.47113,0.807576,2145.36,2656.54,0.0,0.0,0.6264,0.775655,0.0,0,0.006074058,0.591004296,0.5640622374942019
VASFIH_clean,5.55628,5.01575,5.54452,1.55799,1392.72,893.922,0.0,0.0,0.5596,0.359181,0.0,0,0.001567685,0.147866711,0.16554212673208135
VASFON_clean,5.84482,4.53722,5.84482,1.58678,1481.54,933.678,0.0,0.0,0.517,0.325818,0.0,0,0.002104307,0.202091158,0.20272276196122158
VASGUU_clean,6.24288,4.56068,6.2408,1.07396,2025.67,1886.18,0.0,0.0,0.6304,0.586989,0.0,1,0.006560426,0.582467328,0.6025783106650185
VASKOR_clean,4.41725,4.15949,4.41175,1.15817,1130.8,976.371,0.0,0.0,0.53,0.45762,0.0,0,0.004103594,0.3841275,0.39910398975009276
VATVUK_clean,4.75369,3.54535,4.74028,1.35574,615.159,453.744,0.0,0.0,0.4098,0.30227,0.0,0,0.002565567,0.228241787,0.23463774134187762
VATXEU_clean,7.38612,5.95802,7.38612,2.25172,1314.88,583.946,0.0,0.0,0.537,0.238485,0.0,0,0.001523581,0.146399433,0.17747543766587165
VATYAR_clean,5.8425,4.85588,5.8425,1.4789,2001.31,1353.25,0.0,0.0,0.6196,0.418961,0.0,1,0.001858758,0.181782669,0.17149156495499973
VATYEV_clean,5.69723,4.67285,5.69723,1.60096,1965.06,1227.43,0.0,0.0,0.61,0.381022,0.0,1,0.001967832,0.190889117,0.17938617170384008
VATYOF_clean,5.86599,4.67382,5.86599,1.53817,2040.49,1326.58,0.0,0.0,0.622,0.404378,0.0,1,0.001721707,0.169697707,0.16265129338415224
VAXMUF_clean,6.97885,4.73882,6.97885,0.91747,1247.84,1360.09,0.0,0.0,0.5948,0.648304,0.0,1,0.00269276,0.259298425,0.2638427190439515
VAZROF_clean,5.03461,4.5915,5.03461,1.23766,828.566,669.464,0.0,0.0,0.453,0.366014,0.0,0,0.007432385,0.599954255,0.6057428486299775
VAZTOG_clean,15.08014,7.93969,15.07583,0.589901,2233.7,3786.57,0.0,0.0,0.8002,1.3565,0.0,0,0.002406718,0.244381331,0.2458120702762432
VEBHUG_SL,17.30249,9.82354,17.30249,0.511068,1917.15,3751.27,0.0,0.0,0.8468,1.65692,0.0,0,0.00293769,0.293608877,0.294814564309211
VECWUX_clean,5.40728,3.62986,4.72861,1.2151,591.936,487.152,249.544,205.37,0.5232,0.430584,0.0,1,0.005073732,0.444244601,0.46256381804319285
VECZEI_clean,5.84999,3.52276,5.84999,0.90542,1514.07,1672.22,0.0,0.0,0.6422,0.709284,0.0,0,0.001578337,0.164434595,0.16122020180529717
VECZEK_clean,9.28653,7.43469,9.28653,1.34679,1798.64,1335.5,0.0,0.0,0.6836,0.507577,0.0,1,0.001292026,0.120511972,0.1244566322770691
VEDFAN_clean,6.01158,4.07874,6.00756,1.03866,1741.67,1676.84,0.0,0.0,0.5802,0.558605,0.0,0,0.005220388,0.474011925,0.5125449691966341
VEDFIV_clean,5.7298,3.89416,5.70244,1.06894,1581.69,1479.68,0.0,0.0,0.5684,0.531742,0.0,0,0.005120274,0.468537915,0.5116653127812639
VEDFOB_clean,5.93857,4.06358,5.90891,1.05075,1647.57,1567.99,0.0,0.0,0.5592,0.532191,0.0,0,0.005188129,0.483548339,0.513215964006239
VEDFUH_clean,5.95596,4.00314,5.95596,1.05093,1663.77,1583.13,0.0,0.0,0.5708,0.543136,0.0,0,0.004950081,0.451448457,0.48043684760884287
VEDGES_clean,5.91912,4.12997,5.83809,1.04225,1662.62,1595.23,0.0,0.0,0.5592,0.536534,0.0,0,0.005169219,0.469269859,0.5135332429978098
VEDGIW_clean,5.91757,4.12403,5.88473,1.04313,1656.13,1587.65,0.0,0.0,0.5804,0.556402,0.0,0,0.005116937,0.461521037,0.5101538130890811
VEGBUG_clean,26.2956,9.06734,26.2956,0.576598,1786.71,3098.71,0.0,0.0,0.8298,1.43913,0.000346862,1,0.002424363,0.250674496,0.25302020291686245
VEHJOJ_clean,14.09924,6.85678,11.19448,0.748313,2267.56,3030.24,0.0,0.0,0.7708,1.03005,0.0,1,0.002799795,0.278710219,0.28112875518450625
VEHJUP_clean,14.28068,6.83408,11.22906,0.743695,2268.42,3050.2,0.0,0.0,0.7746,1.04156,0.0,1,0.002791832,0.274295525,0.2809124090624566
VEHLAW_clean,4.71553,3.44976,4.62826,1.6429,1000.4,608.925,0.0,0.0,0.6102,0.371417,0.0,0,0.007180626,0.633068173,0.6109836032964292
VEHLIE_clean,5.23023,3.70327,5.22427,1.49837,1455.04,971.08,0.0,0.0,0.63,0.420457,0.0,0,0.006211908,0.556409236,0.5478519089938623
VEHPUU_clean,6.28215,5.72913,6.26507,1.2974,1101.09,848.689,0.0,0.0,0.5058,0.389856,0.0,1,0.001234094,0.11594853,0.13176255174593066
VEHXEN_clean,9.30754,7.04491,9.30754,1.35949,2124.85,1562.97,0.0,0.0,0.7316,0.538142,0.0,1,0.000965372,0.093896762,0.0936467608674939
VEJHEZ_clean,15.05768,6.22214,9.48846,0.685711,2179.67,3178.7,0.0,0.0,0.7706,1.1238,0.0,1,0.003163773,0.311821607,0.31386514379078484
VEJHID_clean,17.65342,7.8833,11.58918,0.646039,2104.35,3257.31,0.0,0.0,0.7972,1.23398,0.0,1,0.002454171,0.246064068,0.25615168565734314
VEJYIT01_clean,6.55973,5.0687,6.54696,0.921332,2008.21,2179.68,0.0,0.0,0.6708,0.728076,0.0,0,0.004340548,0.415309229,0.4135696419741887
VEJYIT_clean,6.4229,5.28654,6.4229,0.928973,1988.07,2140.07,0.0,0.0,0.6702,0.721442,0.0,0,0.004314447,0.415472358,0.411831909477146
VEJYOZ_clean,8.47376,5.69683,8.47376,0.880009,2096.08,2381.88,0.0,0.0,0.6858,0.779311,0.0,0,0.004259635,0.394200282,0.4057581689154358
VELVEO_clean,3.68255,3.48411,3.67149,1.93689,201.323,103.941,0.0,0.0,0.4778,0.246685,0.0,0,0.004016045,0.363012647,0.360154515262013
VEMDAT_clean,5.87539,4.41454,5.87539,1.26001,982.755,779.959,0.0,0.0,0.5246,0.416346,0.0,1,0.004233488,0.366787643,0.3791703783027651
VEMMAC_clean,7.0981,6.10195,7.04022,0.882251,2276.97,2580.86,0.0,0.0,0.6758,0.765995,0.0,1,0.004094026,0.378086974,0.40104958956311154
VEMMEG_clean,7.14137,6.23055,7.14137,0.816125,2268.41,2779.48,0.0,0.0,0.6764,0.828795,0.0,1,0.003355541,0.330102512,0.3407218792708865
VEMMIK_clean,14.01468,13.16757,14.01422,0.723032,1733.84,2398.01,0.0,0.0,0.741,1.02485,0.0,1,0.001948389,0.200996911,0.20183540918781928
VEMMOQ_clean,8.8382,8.57859,8.83401,0.859762,1844.22,2145.04,0.0,0.0,0.7008,0.815109,0.0,1,0.002884521,0.291533123,0.27830121730111523
VEMSUC01_clean,5.11588,3.68593,5.09821,1.26749,1347.57,1063.18,0.0,0.0,0.5488,0.432983,0.0,0,0.006436142,0.563857164,0.5673204930257932
VEMSUC_clean,5.13248,3.64573,5.11696,1.27033,1309.23,1030.62,0.0,0.0,0.551,0.433745,0.0,0,0.006117055,0.546842635,0.5531696230864551
VERPOZ_clean,5.42382,3.86113,5.42382,1.28962,856.154,663.88,0.0,0.0,0.4412,0.342116,0.0,0,0.004487082,0.378036902,0.3817016971701258
VETMIS_clean,17.23979,11.94779,17.22882,0.311959,1757.5,5633.74,0.0,0.0,0.8662,2.77664,0.0,1,0.00354844,0.355678937,0.35020907498821385
VETTOE_clean,6.62806,4.69762,5.65255,0.902784,2439.76,2702.49,0.0,0.0,0.6684,0.740376,0.0,1,0.004827459,0.476270836,0.45848159386695275
VEWKUF_clean,11.97194,10.54967,11.9427,0.470726,2101.15,4463.64,0.0,0.0,0.7866,1.67104,0.0,0,0.003415066,0.337564291,0.33262714547109173
VEWXAY_clean,5.90319,4.58543,5.60032,0.850194,2471.89,2907.44,0.0,0.0,0.6584,0.774411,0.0,1,0.005301438,0.498859819,0.5128067204632916
VEXVAW_clean,9.7712,5.86323,9.7712,0.773292,2071.81,2679.21,0.0,0.0,0.6628,0.857115,0.0,0,0.00418622,0.412426608,0.40062427117604665
VEYVEC_clean,3.81592,3.45137,3.81592,1.45798,155.953,106.965,20.8457,14.2976,0.425,0.291499,0.0,1,0.006045595,0.522556842,0.485715446199914
VICLAW_clean,7.38415,6.2427,7.38415,1.11891,1046.87,935.619,0.0,0.0,0.5352,0.478323,0.0,1,0.001569251,0.153542451,0.15669557423796626
VICSIL_clean,5.30875,4.09789,5.30496,1.03603,1478.6,1427.18,0.0,0.0,0.565,0.545353,0.0,0,0.004495389,0.419029191,0.4323014258160191
VIDXOX_clean,6.16109,5.04479,6.14883,1.68509,1433.05,850.43,0.0,0.0,0.5712,0.338974,0.0,1,0.001351649,0.125683738,0.12519690382331095
VIFBOD_clean,5.74056,4.35551,5.71651,1.76429,1367.25,774.956,0.0,0.0,0.5562,0.315255,0.0,1,0.001851732,0.183335768,0.17039513025280079
VIMRAM_clean,9.39066,7.30655,9.39066,1.12702,1893.97,1680.51,0.0,0.0,0.6384,0.56645,0.0,1,0.00311985,0.302843667,0.2990509346512355
VINHOR_clean,9.98256,7.27933,9.98256,0.808976,2165.4,2676.71,0.0,0.0,0.7268,0.898419,0.0,1,0.001436186,0.14578021,0.1472371037716576
VIPYOK_clean,4.56016,3.89151,4.55758,1.54463,762.225,493.466,0.0,0.0,0.455,0.294568,0.0,1,0.004466095,0.387161973,0.3782588258950591
VIPZAX_clean,4.67098,3.47065,4.66764,1.4463,574.254,397.051,55.2162,38.1776,0.4772,0.329946,0.0,1,0.002441986,0.234262267,0.21951167211393113
VIQQUJ_clean,4.62845,3.89522,4.6169,1.17508,1256.18,1069.02,0.0,0.0,0.532,0.452736,0.0,1,0.011708657,0.957948541,0.973449608621519
VIRKIQ_clean,4.98641,4.39323,4.97616,1.53429,1079.28,703.439,0.0,0.0,0.512,0.333704,0.0,1,0.003685677,0.329540234,0.33043642614520574
VIRPOC_clean,7.89373,4.43058,7.89373,1.31415,1678.47,1277.23,0.0,0.0,0.6094,0.463722,0.0,1,0.002521676,0.250395131,0.24968475493525447
VIRQES_clean,3.96779,3.62056,3.96779,1.9401,482.244,248.567,0.0,0.0,0.419,0.215969,0.0,1,0.001975761,0.196169165,0.17580985171192165
VIRVEY_clean,7.24501,5.7858,6.68018,1.08742,2630.21,2418.77,0.0,0.0,0.715,0.65752,0.0,1,0.002516023,0.238156738,0.2525290418902682
VIRXIF_clean,6.07104,5.56303,6.07104,1.4189,1653.8,1165.55,0.0,0.0,0.5644,0.397774,0.0,0,0.004911941,0.470285184,0.46137895616909563
VITYOO_clean,8.76574,6.10267,8.74057,1.07917,1888.77,1750.21,0.0,0.0,0.6338,0.587305,0.0,1,0.003424243,0.325796814,0.32693062273419227
VITYUU_clean,6.93618,5.76476,6.92128,1.4786,1370.63,926.978,0.0,0.0,0.519,0.351007,0.0,1,0.003604209,0.342003505,0.33452062253532133
VITZAB_clean,6.94119,5.72919,6.85845,1.49624,1369.03,914.98,0.0,0.0,0.526,0.351548,0.0,1,0.003567763,0.342958176,0.3356237386211848
VITZEF_clean,6.97691,5.80939,6.97691,1.4748,1347.25,913.518,0.0,0.0,0.5226,0.354354,0.0,1,0.003436256,0.343976635,0.3238865743146089
VITZIJ_clean,6.87611,5.69177,6.87611,1.52398,1353.45,888.103,0.0,0.0,0.5184,0.340161,0.0,1,0.003531566,0.343564765,0.32279175147937067
VIVXOP_clean,6.49065,4.97595,6.49065,1.07139,1218.54,1137.35,2.44835,2.28522,0.5566,0.519514,0.0,1,0.002867147,0.272915967,0.2659020883667389
VIWHUG_clean,4.81929,3.4802,4.68813,1.37889,639.979,464.125,0.0,0.0,0.4514,0.327364,0.0,1,0.002287956,0.205293623,0.21219100612296965
VIWKOD_clean,6.65159,4.57304,6.53476,1.38205,1680.39,1215.87,0.0,0.0,0.5904,0.427192,0.0,1,0.001567615,0.14839685,0.16527127443336553
VIWMAR_clean,5.55555,3.41902,5.54549,1.58885,1213.98,764.058,0.0,0.0,0.5354,0.336973,0.0,1,0.00192549,0.193904078,0.1793067342738497
VIWMEV_clean,5.54122,3.41506,5.5298,1.61736,1205.53,745.366,0.0,0.0,0.5346,0.330538,0.0,1,0.002071225,0.19474557,0.19793331830647426
VIWMIZ_clean,9.56168,4.85659,9.53534,0.901746,1718.7,1905.97,37.8251,41.9466,0.6334,0.702415,0.0,1,0.005319917,0.463352016,0.47595366967248537
VIWMOF_clean,9.80611,5.23388,9.77319,0.869727,1722.79,1980.84,39.7443,45.6975,0.6458,0.742532,0.0,1,0.005825839,0.466974282,0.5148372456912116
VIWZOR_clean,6.64322,4.15157,6.64322,1.41271,1889.38,1337.41,0.0,0.0,0.6434,0.455437,0.0,0,0.003487833,0.343797811,0.3350230107357711
VIXPUP01_clean,10.93877,6.90793,10.8516,0.690693,2354.05,3408.24,0.0,0.0,0.7722,1.11801,0.0,1,0.003605765,0.35953741,0.36057913032564287
VIXWEF_clean,12.63096,6.04016,12.48762,0.859273,2339.33,2722.46,0.0,0.0,0.7402,0.861426,0.0,1,0.002203575,0.225260627,0.22140488894676524
VIYMAT_clean,5.60515,5.02913,5.58159,1.46758,1606.87,1094.91,0.0,0.0,0.544,0.37068,0.0,0,0.003663021,0.359104741,0.34895054411645765
VIYTAA_clean,5.13433,3.87051,5.09927,1.31108,1290.46,984.278,0.0,0.0,0.541,0.412638,0.0,1,0.011550482,0.939174817,0.9505994315497563
VIZSOO_clean,10.55409,4.56253,10.55409,0.761137,2666.36,3503.12,0.0,0.0,0.738,0.969602,0.0,0,0.004034301,0.401265123,0.4001000317567793
VIZSUU_clean,10.03238,7.42233,9.74376,0.749914,2221.9,2962.88,0.0,0.0,0.7282,0.971044,0.0,0,0.002641366,0.251111896,0.25972077572531926
VIZTIJ_clean,8.73473,6.34609,8.6886,1.3133,1742.87,1327.09,0.0,0.0,0.6462,0.492044,0.0,0,0.001741915,0.163842683,0.17801058374427114
VOBGAW_clean,4.66285,3.61303,4.65217,1.94112,362.013,186.497,1.69535,0.873387,0.4252,0.219049,0.0,1,0.001332248,0.118581406,0.10914734405486959
VOBGEA_clean,4.64455,3.59836,4.63854,1.95569,361.005,184.592,0.902313,0.461378,0.4234,0.216497,0.0,1,0.001296377,0.123714737,0.10088990855946167
VOBKAA_clean,5.5254,4.43575,5.51234,1.26722,1839.76,1451.8,0.0,0.0,0.5992,0.472845,0.0,1,0.003790724,0.359033745,0.36284128845405966
VOBRUB_clean,4.37729,3.47803,4.37729,1.252,989.147,790.053,0.0,0.0,0.4922,0.393131,0.0,1,0.005459902,0.511353885,0.49900890741984966
VOCPEK_clean,4.62063,3.5641,4.61051,1.96241,341.977,174.264,0.360619,0.183763,0.4222,0.215144,0.0,1,0.001374373,0.126956127,0.10638464396991137
VOCQAF_clean,4.95925,3.73408,4.95925,1.25635,976.237,777.039,0.0,0.0,0.4616,0.367412,0.0,0,0.006529839,0.571320123,0.5520712792159291
VOCQEJ_clean,4.92905,3.74227,4.92865,1.262,972.776,770.82,0.0,0.0,0.4598,0.364342,0.0,0,0.006366496,0.571574601,0.5380538173245684
VODQIP_clean,7.28777,5.97881,7.28116,1.0447,1818.88,1741.05,0.0,0.0,0.6212,0.594621,0.0,1,0.005494061,0.482538235,0.5011645605734484
VOGPEO_clean,11.06118,7.00733,10.18392,0.767126,2192.56,2858.15,0.0,0.0,0.7242,0.944043,0.0,1,0.004956869,0.464993873,0.46304787292624405
VOGTIV_clean_h,11.63962,10.76348,11.63962,0.91487,1549.21,1693.37,0.0,0.0,0.6396,0.699116,0.0,1,0.003650932,0.345183641,0.3427876828032358
VOJGOS_clean,6.19077,5.31352,6.18884,0.976178,2056.2,2106.38,0.0,0.0,0.6384,0.653979,0.0,1,0.007579948,0.69540437,0.6882971270504323
VOLPET_clean,9.30216,6.24705,9.30149,0.741977,2463.48,3320.15,0.0,0.0,0.7498,1.01054,0.0,1,0.002941172,0.301727861,0.3067045105178696
VOLQOD_clean,11.11495,8.75374,11.11495,0.70291,1891.75,2691.32,0.0,0.0,0.7388,1.05106,0.0,1,0.003929226,0.373213873,0.3733206701468025
VONCIM_clean,9.77811,8.65057,9.76354,1.43585,1122.84,782.003,80.8916,56.3372,0.5904,0.411186,0.0,1,0.002996389,0.262654992,0.2742808813992397
VONCOS_clean,10.3381,9.26479,10.3381,1.24231,1086.56,874.625,129.189,103.991,0.6084,0.489732,0.0,1,0.003046702,0.27842227,0.29522866538026726
VONDEJ_clean,5.31005,4.78872,5.30922,1.60595,966.902,602.074,0.0,0.0,0.507,0.315701,0.0,0,0.00872002,0.646106413,0.6587017991463633
VOPCEK_clean,5.95724,5.2412,5.95724,1.32376,1286.35,971.741,0.0,0.0,0.5334,0.402943,0.0,1,0.005149333,0.469244885,0.47947763220659095
VOSTUU_clean,8.30737,6.78194,8.30193,0.816834,1552.78,1900.97,4.35487,5.33141,0.5892,0.721322,0.0,1,0.00436192,0.406130768,0.39548911779317397
VOTKEW_clean,5.14274,3.67598,5.1312,1.34119,1161.62,866.113,0.0,0.0,0.5308,0.395769,0.0,1,0.00491883,0.442072051,0.4465270798408409
VOVLAV_clean,7.09794,6.73731,7.08748,1.8234,1956.99,1073.26,0.0,0.0,0.6326,0.346934,0.0,1,0.002275787,0.213237708,0.213755397171713
VOXKIE_clean,6.80539,3.65176,6.80539,1.34151,1369.86,1021.14,0.0,0.0,0.6092,0.454115,0.0,1,0.002987959,0.28119981,0.2992990231263863
VOXQOQ_clean,5.75088,3.78769,5.73674,1.21298,1196.61,986.497,0.0,0.0,0.5614,0.462825,0.0,1,0.003535858,0.32749815,0.33170292591882655
VOXVEL_clean,6.58217,4.28987,6.50926,1.3543,1358.41,1003.03,0.0,0.0,0.5474,0.404194,0.0,0,0.008694649,0.761589678,0.727909273854649
VOYGOH_clean,8.28524,6.29263,8.24088,1.28416,2599.39,2024.19,0.195596,0.152314,0.7268,0.565973,0.0,1,0.001095175,0.104696448,0.10378388620530038
VOZVAJ01_clean,7.75927,5.99619,7.75927,1.41123,1642.21,1163.68,0.0,0.0,0.619,0.438625,0.0,0,0.001686616,0.166546403,0.178287097202861
VOZVIR01_clean,8.9147,5.57973,8.87661,1.34608,1682.46,1249.9,0.0,0.0,0.6346,0.471444,0.0,1,0.00150887,0.154979063,0.1583324918254242
VUCTUK_clean,4.04395,3.64101,4.04395,1.92522,503.149,261.347,0.0,0.0,0.4222,0.2193,0.0,1,0.002195419,0.20275311,0.19871718256542548
VUDQOB_clean,6.32363,4.82237,6.31689,1.49229,1377.55,923.11,0.0,0.0,0.5686,0.381025,0.0,1,0.004143591,0.384990605,0.37061680099755345
VUDXID_clean,10.29567,8.38587,10.08643,0.842606,2083.44,2472.62,14.2598,16.9234,0.7296,0.865885,0.0,1,0.00197717,0.191629853,0.2049264166427343
VUFBEE_clean,4.39803,3.46666,4.37592,1.64467,1017.25,618.512,0.0,0.0,0.5534,0.33648,0.0,1,0.00319652,0.314089178,0.2825523822964756
VUGWUR_clean,7.83796,6.35433,7.79579,1.04646,1263.29,1207.21,74.2007,70.9066,0.5712,0.545842,0.0,0,0.005838088,0.536675584,0.5158729858049254
VUGXAY_clean,7.74052,6.24667,7.74052,1.0594,1255.22,1184.84,68.8954,65.0324,0.5682,0.536341,0.0,0,0.005741929,0.508640582,0.5058907865429333
VUGXIG_clean,7.98476,6.4639,7.95078,1.05743,1260.94,1192.45,76.2558,72.1141,0.574,0.542824,0.0,0,0.005553158,0.506069333,0.5053739704160121
VUGXOM_clean,7.85489,6.36686,7.85489,1.08455,1259.8,1161.59,65.0961,60.0213,0.5694,0.525011,0.0,0,0.005325817,0.499282017,0.4748609147517165
VUGXUS_clean,7.98273,6.46173,7.98207,1.08037,1258.25,1164.65,72.9124,67.4885,0.5732,0.53056,0.0,0,0.005482683,0.496907229,0.4861240664850337
VUGYAZ_clean,7.90027,6.40337,7.90027,1.10679,1245.86,1125.65,61.7559,55.7974,0.5642,0.509764,0.0,0,0.004808258,0.464634729,0.4263744182729788
VUGYED_clean,7.99474,6.54413,7.99474,1.10841,1223.87,1104.17,67.208,60.6345,0.5792,0.522549,0.0,0,0.004505701,0.432191247,0.4065402627192608
VUGYIH_clean,7.72851,6.23818,7.68217,1.11585,1251.2,1121.3,68.7821,61.641,0.5678,0.508849,0.0,0,0.005228781,0.500597158,0.47020637297431717
VUHNET_clean,10.15164,5.15951,10.13819,1.26924,1812.62,1428.11,0.0,0.0,0.6596,0.519681,0.0,0,0.001809063,0.175218453,0.18112689092544743
VUJBEI_clean,18.44776,6.57566,18.44776,0.562611,2173.89,3863.94,0.0,0.0,0.7874,1.39955,0.0,1,0.003902963,0.383312219,0.3684711506277746
VUKJOC_clean,4.9896,3.40405,4.97821,1.45464,736.58,506.365,85.4496,58.7426,0.4856,0.333827,0.0,0,0.003860998,0.345321818,0.3342698082295742
VUKJUI_clean,5.49725,3.44726,5.49566,1.4408,839.787,582.86,90.2917,62.6676,0.4968,0.344808,0.0,0,0.003953286,0.355998603,0.34809844752699026
VUKROK_clean,10.23625,8.88276,10.23453,0.696249,2008.41,2884.62,0.0,0.0,0.7104,1.02033,0.0,0,0.002887942,0.29309999,0.283906333693983
VUKSAX_clean,10.78925,9.42624,10.78325,0.664624,1937.19,2914.72,0.0,0.0,0.7148,1.0755,0.0,0,0.002770778,0.274265827,0.27649447594975085
VUKSOL_clean,5.74617,4.59937,5.73998,1.07923,2058.01,1906.93,0.0,0.0,0.6268,0.580787,0.0,1,0.00398957,0.371122308,0.3903439181220631
VUKTAY_clean,5.60355,4.27431,5.58989,1.40562,1023.78,728.344,0.0374766,0.026662,0.486,0.345754,0.0,1,0.004710739,0.410553162,0.4115982456850844
VUKTEC_clean,5.61851,4.19073,5.60379,1.41892,799.153,563.212,172.003,121.221,0.487,0.343219,0.0,1,0.004696702,0.415626047,0.4085585304927537
VUKTIG_clean,5.58633,4.32231,5.37322,1.41396,1054.33,745.662,0.0,0.0,0.4904,0.346829,0.0,1,0.004496489,0.395076513,0.3814845987741237
VUKTOM_clean,6.2708,4.86549,6.2708,1.34321,1213.42,903.374,0.0,0.0,0.5134,0.38222,0.0,1,0.00450565,0.398793859,0.3947608470556546
VUKTUS_clean,6.57621,5.30461,6.57621,1.34132,1253.69,934.67,0.0,0.0,0.5342,0.398265,0.0,1,0.004477628,0.395710052,0.40927314602421716
VULKIX_clean,5.85201,4.46067,5.83515,1.35895,1067.23,785.338,21.156,15.5679,0.497,0.365724,0.0,1,0.003580306,0.342660739,0.32377641367247467
VULKOD_clean,5.01507,3.95686,5.01507,1.39517,753.359,539.978,0.0,0.0,0.4446,0.318672,0.0,1,0.005340999,0.453301199,0.46017070199327664
VUMBIQ_clean,4.87594,3.54867,4.87222,1.55224,358.688,231.077,25.2971,16.2971,0.4518,0.291063,0.0,1,0.003520749,0.317434397,0.281981407393039
VUNHAO_clean,8.87764,7.99015,8.87736,0.6011,2717.65,4521.13,0.0,0.0,0.7556,1.25703,0.0,1,0.002574722,0.241634638,0.2687792823440107
VUNNEZ_clean,5.49362,5.42758,5.49362,1.41847,1291.95,910.806,0.0,0.0,0.5748,0.405224,0.0,1,0.001341655,0.137801908,0.1350469207031061
VUQKAU01_clean,4.81422,4.24964,4.81422,1.04625,1425.24,1362.23,0.0,0.0,0.5584,0.533714,0.0,1,0.006387222,0.57246105,0.5847277749778025
VUQKAU02_clean,4.89363,4.31451,4.87033,1.033,1471.86,1424.84,0.0,0.0,0.5576,0.539787,0.0,1,0.006438985,0.574421764,0.5878155351784671
VUQKAU_clean,5.04139,4.46098,5.03992,1.00728,1566.78,1555.46,0.0,0.0,0.5754,0.571243,0.0,1,0.006151936,0.575627995,0.5851717276444521
VUQKOI_clean,6.97233,5.60829,6.97233,1.35846,1074.25,790.79,0.0,0.0,0.5344,0.393388,0.0,1,0.00133517,0.134532477,0.12596956182289493
VUQKUO_clean,5.38168,3.9328,5.38168,1.30466,913.527,700.204,0.0,0.0,0.5054,0.387381,0.0,0,0.00208458,0.208152941,0.18849479754409693
VURLIF_clean,5.59171,4.33137,5.56182,0.953551,2657.55,2787.0,0.0,0.0,0.6734,0.706202,0.0,0,0.006743552,0.629570957,0.6237459709398764
VUSKAW_clean,14.98828,7.97019,14.98828,0.594675,2204.82,3707.61,0.0,0.0,0.8008,1.34662,0.0,0,0.002577177,0.25312344,0.2547136474699075
VUSKEA_clean,14.99758,7.99679,14.99758,0.594675,2192.84,3687.46,0.0,0.0,0.8014,1.34763,0.0,0,0.002382367,0.257660895,0.23397113353603388
VUWRUC_clean,8.86215,6.25992,8.83975,1.16678,1520.16,1302.87,0.0,0.0,0.593,0.508237,0.0,0,0.004025713,0.383217007,0.3784594087904479
VUWSAJ_clean,5.66843,4.07448,5.66811,1.11008,1893.61,1705.84,0.0,0.0,0.6012,0.541584,0.0,1,0.00480818,0.444942371,0.4583479361975597
WABVIF01_clean,5.89002,4.16855,5.8002,1.2275,2042.76,1664.17,0.0,0.0,0.6358,0.517965,0.0,1,0.002115237,0.212766495,0.20846775842732396
WABVIF02_clean,5.85197,4.01773,5.50246,1.2803,1937.61,1513.4,0.0,0.0,0.6248,0.488009,0.0,1,0.002312433,0.227585924,0.23761703017741528
WABVIF03_clean,5.80274,3.92866,4.7438,1.30723,1855.76,1419.61,0.0,0.0,0.6136,0.46939,0.0,1,0.002347899,0.233974197,0.23759127306921496
WABVIF04_clean,5.9528,4.29679,5.9528,1.18253,2130.19,1801.39,0.0,0.0,0.6496,0.549332,0.0,1,0.002025861,0.199676424,0.19747858067869567
WABVIF_clean,5.93486,4.28251,5.93486,1.19094,2095.13,1759.22,0.0,0.0,0.6604,0.55452,0.0,1,0.002106725,0.20244425,0.200610248072929
WABVOL_clean,5.64639,3.6405,5.64639,1.49122,938.691,629.478,0.0,0.0,0.4216,0.282721,0.0,1,0.001347332,0.128960289,0.14234770452002665
WABWAY_clean,9.49902,4.44037,9.49902,1.29862,1698.78,1308.14,0.0,0.0,0.5936,0.457099,0.0,1,0.001527317,0.151527495,0.16237848307169223
WABWEC_clean,9.48082,4.42797,9.48082,1.193,1861.05,1559.97,0.0,0.0,0.6462,0.54166,0.0,1,0.001432857,0.145161181,0.14649818516318308
WACLEU_clean,6.11102,5.03298,6.08461,1.15501,1387.0,1200.86,0.0,0.0,0.5472,0.473763,0.0,1,0.005282625,0.481831463,0.4808419577932119
WAFKAQ_clean,8.03491,5.51639,8.03491,0.911443,2137.62,2345.31,0.0,0.0,0.6604,0.724566,0.0,1,0.005152065,0.503583635,0.4959610168959339
WAGDAL_clean,4.64816,3.73698,4.61775,2.65265,613.804,231.393,27.6543,10.4252,0.4246,0.160066,0.0,1,0.002138031,0.191781615,0.18601489105995644
WAHGIY_clean,5.33673,4.40357,5.33673,1.28737,815.264,633.278,0.0,0.0,0.4692,0.364464,0.0,1,0.004957093,0.416426022,0.424397577712683
WAHKUO_clean,16.20891,7.16155,16.20891,0.580972,2068.66,3560.7,0.0,0.0,0.759,1.30643,0.0,1,0.003895771,0.382960047,0.3725866805420226
WAHNEB_clean,15.95836,6.79866,15.95836,0.49512,2275.95,4596.76,0.0,0.0,0.781,1.57739,0.0,1,0.00410949,0.408395381,0.39332248027376815
WAHNOL_clean,16.15521,7.17077,16.15521,0.498613,2156.59,4325.17,0.0,0.0,0.7774,1.55913,0.0,1,0.004061349,0.414325476,0.3911609896195809
WAJHOG_clean,6.41579,6.06601,6.40923,1.24433,1319.37,1060.3,0.0,0.0,0.541,0.434771,0.0,1,0.004457913,0.418007606,0.39622062122311213
WALKAY_clean,4.73309,3.92758,4.72517,1.16625,391.638,335.809,365.08,313.037,0.5,0.428724,0.0,1,0.00829717,0.647837142,0.6406919577854696
WAMRIN01_clean,7.20791,6.51318,7.17561,0.94264,1559.88,1654.8,0.0,0.0,0.5968,0.633115,0.0,1,0.006990342,0.658625393,0.5988641000291356
WAMRIN_clean,7.37329,5.74338,7.35934,0.949012,1570.93,1655.33,0.0,0.0,0.5942,0.626125,0.0,1,0.007066723,0.671689494,0.6185587955925547
WANJIF_clean,4.50079,3.43707,4.48085,1.30508,566.366,433.969,0.0,0.0,0.4924,0.377294,0.0,1,0.007783322,0.645887063,0.6186372991150733
WAQFAX_clean,9.30669,8.11233,9.29943,0.819886,2162.64,2637.74,0.0,0.0,0.722,0.880611,0.0,1,0.003128987,0.316106992,0.31019957911118623
WAQFIG_clean,8.54706,6.43178,8.54706,0.665022,2729.5,4104.38,0.0,0.0,0.7646,1.14974,0.0,1,0.004048671,0.402141277,0.40077847712639114
WAQKUX_clean,11.77413,6.99458,11.77413,0.695804,2361.16,3393.43,0.0,0.0,0.7362,1.05806,0.0,1,0.004223064,0.426890538,0.41478416350967295
WAQTEQ_clean,11.92108,6.99954,11.92108,0.79488,2039.53,2565.84,0.0,0.0,0.7422,0.933726,0.0,1,0.003062772,0.304415979,0.30548824102573957
WARFAZ_clean,6.17335,5.62341,6.16091,1.2809,1123.23,876.911,0.0,0.0,0.4772,0.372552,0.0,1,0.001988573,0.179450531,0.19949640609969999
WARJAC_clean,6.27516,5.38886,5.82916,1.20156,1848.31,1538.27,0.0,0.0,0.6418,0.534141,0.0,1,0.001927573,0.196369558,0.18636359315188233
WASPAK_clean,8.92408,8.10678,8.90273,0.931064,1602.41,1721.06,0.0,0.0,0.6094,0.65452,0.0,0,0.004835884,0.454083961,0.4591437251603786
WASQEP_clean,10.60263,4.61939,9.00037,0.666978,2426.86,3638.59,0.0,0.0,0.7138,1.0702,0.0,0,0.004970107,0.502728529,0.4802734859593131
WASQIT_clean,10.8507,4.21913,8.79858,0.655054,2519.15,3845.71,0.0,0.0,0.7108,1.0851,0.0,0,0.005501289,0.5349175,0.525373497532791
WASTUG_clean,10.4656,7.25807,10.12341,1.59439,2004.76,1257.39,0.0,0.0,0.6606,0.414328,0.0,1,0.000686682,0.064454354,0.06699849115608036
WASVES_clean,7.24568,4.22882,6.95314,2.14337,1730.17,807.218,0.0,0.0,0.582,0.271535,0.0,1,0.000473236,0.047226645,0.05523527015028723
WAVQAN_clean,4.79566,3.75004,4.7947,1.6227,1326.67,817.573,0.0,0.0,0.5394,0.332409,0.0,1,0.006790131,0.602104394,0.559239624403071
WAVQER_clean,4.81498,3.73544,4.8133,1.62849,1353.34,831.04,0.0,0.0,0.533,0.327297,0.000122813,1,0.006532435,0.591186649,0.5469985240299544
WAVQOB_clean,10.26547,8.18203,10.23692,0.66377,1981.42,2985.1,0.0,0.0,0.7732,1.16486,0.0,1,0.002404228,0.239636994,0.24904170366673867
WAVRAO_clean,15.02274,4.23694,15.02053,0.819731,1973.4,2407.37,0.0,0.0,0.6752,0.823685,0.0,1,0.005835221,0.543980878,0.5200992415623149
WAVROC_clean,18.88525,7.91531,18.88525,0.52911,1993.81,3768.23,0.0,0.0,0.7926,1.49799,0.0,1,0.003270859,0.330470053,0.32403358585036607
WAWGOQ_clean,10.46531,7.24737,10.06993,0.692819,2068.45,2985.55,0.0,0.0,0.7192,1.03808,0.0,1,0.004042646,0.393427422,0.393063409673845
WAYKAK_clean,8.40665,6.61758,8.40665,1.07627,1621.77,1506.84,0.0,0.0,0.6056,0.562685,0.0,0,0.004579133,0.42064026,0.44237235101224015
WAYMAM_clean,7.05522,6.73992,7.05522,1.02658,1675.75,1632.35,0.0,0.0,0.6178,0.601802,0.0,0,0.002710795,0.270853794,0.26770850992535344
WAYMEQ_SL,6.99879,6.49457,6.99879,0.979768,1578.78,1611.38,0.0,0.0,0.5878,0.599938,0.0,0,0.004338774,0.423539976,0.42032602197522023
WAYMIU_manual,7.34688,6.90533,7.3455,0.98047,1670.06,1703.32,0.0,0.0,0.606,0.618071,0.0,0,0.004685155,0.438398323,0.44550746017230203
WAYMOA_manual,7.07433,6.89369,7.07243,0.955162,1592.82,1667.59,0.0,0.0,0.6076,0.636122,0.0,0,0.004114527,0.395707355,0.3983255344013855
WAZCUX_clean,5.1953,4.60615,5.12813,1.85198,863.616,466.321,0.0,0.0,0.4452,0.240392,0.0,1,0.003200228,0.285828365,0.2748867903781552
WEBJOE_clean,19.11149,16.87545,19.11149,0.689845,2240.23,3247.44,0.0,0.0,0.788,1.14229,0.0,1,0.004558972,0.430849435,0.4361568662683052
WEBKOD_clean,6.32569,5.26533,6.09075,1.27587,1622.74,1271.87,0.0,0.0,0.5952,0.466504,0.0,1,0.004027111,0.371331015,0.38842880747376873
WECBEN_clean,6.503,4.33861,6.44488,0.992115,3119.1,3143.89,0.0,0.0,0.6996,0.70516,0.0,0,0.002819988,0.281903791,0.26540739854728457
WECFAN01_clean,4.19243,3.69787,4.18729,1.32337,513.248,387.834,0.0,0.0,0.4454,0.336565,0.0,1,0.002916565,0.257642745,0.24926166564626193
WEFCAN_clean,5.5219,5.04903,5.5219,0.826455,2177.69,2634.97,0.0,0.0,0.6214,0.751886,0.0,0,0.007334836,0.650171311,0.6932551472273789
WEFXEM_clean,6.73931,4.78997,6.67269,1.07497,1461.44,1359.51,0.0,0.0,0.5704,0.530617,0.0,0,0.004440303,0.423706891,0.4167983768439582
WEGFUL_clean,4.85962,3.90561,4.85655,1.68872,896.439,530.839,0.0,0.0,0.4452,0.263631,0.0,0,0.004999668,0.438187116,0.42276029015697186
WEGGAS_clean,4.84334,3.88578,4.83342,1.72479,895.132,518.979,0.0,0.0,0.4484,0.259973,0.0,0,0.005252345,0.430467422,0.45589451867710507
WEGKIE_clean,11.12087,6.65331,11.08978,1.1494,1264.36,1100.02,490.634,426.862,0.6338,0.551419,0.0,1,0.00453561,0.432266177,0.4148252881864778
WEHHEY_clean,10.71326,6.70339,10.52268,0.819904,2131.67,2599.9,0.0,0.0,0.7068,0.862052,0.0,1,0.006730843,0.55851364,0.578922658262743
WEHHIC_clean,10.89625,6.78698,10.2645,0.812812,2126.87,2616.68,0.0,0.0,0.7052,0.867605,0.0,1,0.007023575,0.562546172,0.5952240902733997
WEHHOI_clean,10.711,6.72932,10.68633,0.81633,2148.04,2631.34,0.0,0.0,0.7146,0.875382,0.0,1,0.006924007,0.569019133,0.5898608855710292
WEHHUO_clean,10.86494,6.69089,10.846,0.80874,2143.96,2650.98,0.0,0.0,0.7268,0.898682,0.0,1,0.006503827,0.557043011,0.5692388552000918
WEHJAW_clean,11.37189,6.87066,11.36953,0.813465,2137.05,2627.1,0.0,0.0,0.727,0.893708,0.0,1,0.00697628,0.571194709,0.5873099942139623
WEHJIE_clean,11.03891,6.32706,11.01433,0.80868,2264.04,2799.67,0.0,0.0,0.7142,0.883167,0.0,1,0.005028715,0.468067283,0.47287579943910574
WEHJOK_clean,11.74533,5.64839,11.7384,0.778372,2312.59,2971.06,0.0,0.0,0.736,0.945563,0.0,1,0.003496127,0.355409084,0.3511769404072289
WEMCAU_clean,4.83981,4.27369,4.83981,1.75476,2235.14,1273.76,0.0,0.0,0.5942,0.338622,0.0,1,0.003173724,0.308246452,0.28365710197269123
WEMCEY_clean,5.09454,3.5623,5.09454,2.38239,649.886,272.788,0.0,0.0,0.4074,0.171005,0.0,1,0.001764925,0.149885986,0.16221795955690188
WEMCUO_clean,4.97873,3.46394,4.79411,2.52518,613.235,242.848,0.0,0.0,0.3982,0.157692,0.0,1,0.001873009,0.160004545,0.15716250185148778
WEMDAV_clean,5.02432,3.48688,5.02432,2.56501,609.55,237.64,0.0,0.0,0.3952,0.154074,0.0,1,0.001876552,0.158870691,0.1565743155914024
WEMDUP_clean,4.9238,4.37132,4.9238,1.57984,2315.52,1465.67,0.0,0.0,0.6202,0.392572,0.0,0,0.002311974,0.215041825,0.23301726885645335
WEMFIF_clean,4.85948,4.34946,4.85948,1.66666,2253.59,1352.15,0.0,0.0,0.5992,0.35952,0.0,1,0.002178488,0.220088792,0.20409648041216277
WEMYEU_clean,5.35582,4.09471,5.05089,1.10499,1072.18,970.31,64.9646,58.7922,0.5256,0.475662,0.0,1,0.004236639,0.387696576,0.3980904989232794
WENDIE_clean,4.91533,3.83478,4.91533,1.40969,980.417,695.487,0.0,0.0,0.4986,0.353696,0.0,1,0.011375872,0.871095393,0.8794853739821021
WENKEH_clean,7.34891,5.7859,7.21721,1.50223,520.443,346.446,27.0727,18.0216,0.4484,0.298489,0.0,1,0.001448289,0.137993092,0.13383313089834303
WENKIL_manual,7.47105,5.83636,7.39991,1.52317,599.735,393.742,39.1487,25.7022,0.4536,0.297801,0.0,1,0.002043614,0.18850612,0.1762313035140326
WENKUX_manual,7.45595,5.7787,7.37267,1.54828,597.632,385.997,35.4694,22.9089,0.4528,0.292453,0.0,1,0.002037668,0.188860459,0.17874473979727984
WENLAE_manual,7.43383,5.78969,7.30816,1.58521,593.074,374.131,15.956,10.0656,0.4384,0.276557,0.0,1,0.001748855,0.165949308,0.16902359203467382
WERHIK_clean,5.75389,3.54583,5.75389,1.67143,1139.75,681.902,0.0,0.0,0.4974,0.297589,0.0,0,0.00432283,0.376185692,0.3782657357490957
WESYAV_clean,4.87361,4.61034,4.87361,1.39877,1201.03,858.632,0.0,0.0,0.5228,0.373756,0.0,0,0.008230424,0.665386967,0.6910279913898556
WEVQOD_clean,8.33119,7.13692,8.33119,1.51454,1062.97,701.84,0.0665577,0.0439457,0.5726,0.378068,0.0,1,0.000667914,0.064228905,0.059817822404160614
WEVQUJ_clean,8.44067,7.27418,8.44067,1.48575,1083.43,729.214,0.77233,0.519826,0.5778,0.388896,0.0,1,0.000660452,0.06397159,0.06344167981750481
WEVZUT_clean,5.27812,3.52606,5.27812,1.59275,798.942,501.612,5.51079,3.45992,0.4646,0.291697,0.0,0,0.001786654,0.164294262,0.16324569200841332
WEXTAV_clean,4.98825,4.19272,4.98346,1.40649,999.163,710.396,0.0,0.0,0.5104,0.36289,0.0,1,0.002423251,0.219553481,0.2280139438486181
WEYQAU02_clean,4.51815,3.68584,4.44811,1.14062,1514.82,1328.07,0.0,0.0,0.5714,0.500956,0.0,0,0.006791278,0.626697589,0.6196988349460112
WEYQAU04_clean,4.4842,3.61074,4.45602,1.15336,1507.95,1307.45,0.0,0.0,0.565,0.489873,0.0,0,0.006439491,0.619932149,0.5983237264951067
WEYQAU05_clean,4.49445,3.64175,4.49445,1.14735,1525.05,1329.2,0.0,0.0,0.568,0.495054,0.0,0,0.006620353,0.625948303,0.613847561179936
WEYQAU06_clean,4.52093,3.69835,4.50827,1.13868,1559.53,1369.6,0.0,0.0,0.5718,0.502162,0.0,0,0.006811153,0.636426388,0.619623171714983
WEYQAU08_clean,4.54883,3.77222,4.52816,1.12759,1562.09,1385.34,0.0,0.0,0.5786,0.51313,0.0,0,0.006930402,0.643937139,0.6330370463603621
WEYQAU09_clean,4.54974,3.80687,4.54906,1.12252,1599.36,1424.8,0.0,0.0,0.5812,0.517765,0.0,0,0.006719728,0.640083382,0.6178419960764493
WEYQAU10_clean,4.56818,3.83214,4.56487,1.10391,1656.82,1500.86,0.0,0.0,0.5884,0.533013,0.0,0,0.005796843,0.518727995,0.5606950992100413
WIDQEG_clean,7.60111,7.11755,7.60111,1.01218,1727.14,1706.35,0.0,0.0,0.63,0.622417,0.0,0,0.00394565,0.377664337,0.38137562321614843
WIDWOX_clean,6.98663,4.18313,6.97418,1.49157,1020.42,684.125,118.512,79.4544,0.5482,0.367533,0.0,1,0.001158798,0.113464634,0.1108486929824033
WIFBAQ_clean,6.13409,5.44238,6.13409,1.2726,1015.51,797.983,0.0,0.0,0.5042,0.396197,0.0,0,0.002961384,0.283830945,0.2863504297992288
WIHDUN_clean,4.94352,3.57815,4.9376,1.23221,1172.12,951.24,0.0,0.0,0.5416,0.439537,0.0,1,0.007440313,0.663892944,0.6520904481904624
WIHVAL_clean,4.98172,4.06866,4.90588,1.61186,947.448,587.799,0.0,0.0,0.4852,0.301019,0.0,0,0.001724459,0.16132155,0.17182265406268604
WIHVEP_clean,4.98664,4.03769,4.97035,1.60991,948.127,588.931,0.0,0.0,0.473,0.293805,0.0,0,0.001730846,0.160965481,0.17175050686317062
WIJDAV_clean,6.7427,5.50308,6.71088,1.44712,1338.51,924.951,0.0,0.0,0.528,0.364864,0.0,0,0.004276429,0.393663855,0.39141034049336126
WIJXEU_clean,10.21317,6.80397,9.6529,0.728441,2006.16,2754.05,0.0,0.0,0.7122,0.977705,0.0,1,0.003431862,0.346607652,0.3349625309353226
WIJXIY_clean,14.24395,11.55698,14.23198,0.475086,1730.44,3642.38,0.0,0.0,0.8226,1.73148,0.0,1,0.002577063,0.259241661,0.2619408214310637
WIKXAQ_clean,7.61954,3.92787,7.61954,0.877202,2692.33,3069.22,0.0,0.0,0.7338,0.836523,0.0,0,0.00177755,0.17248421,0.18463627094840018
WILDUR_clean,4.40563,4.06842,4.39346,1.59545,414.383,259.728,154.011,96.5316,0.4902,0.307249,0.0,1,0.006445511,0.511022448,0.5088674434808941
WILFAZ_clean,4.61767,3.60434,4.60806,1.63777,404.45,246.951,107.478,65.6246,0.4794,0.292715,0.0,1,0.005464019,0.46751632,0.4445646757101257
WILRIS_clean,6.18287,5.26913,6.08331,1.06646,2702.71,2534.28,0.0,0.0,0.743,0.696696,0.0,1,0.001102659,0.104727074,0.10675486006166374
WIMWEW_clean,4.85065,3.63556,4.83812,1.14632,1509.08,1316.45,0.0,0.0,0.552,0.481541,0.0,1,0.005639242,0.521561788,0.537168315308093
WIMWIA_clean,4.81894,3.74279,4.79734,1.18861,1454.84,1223.98,0.0,0.0,0.5584,0.469791,0.0,0,0.007527673,0.694841944,0.68075486329619
WINCEC_clean,4.94527,3.59812,4.94527,1.22278,1150.61,940.978,0.0,0.0,0.5326,0.435564,0.0,1,0.007593796,0.664626501,0.6572944779811498
WIPPIW_clean,6.83572,4.03275,6.83132,1.10561,1802.61,1630.43,0.0,0.0,0.614,0.55535,0.0,0,0.003957515,0.371314138,0.3903375820743499
WIRKOZ_clean,17.38546,6.83963,17.38546,0.742862,1607.16,2163.48,0.0,0.0,0.6666,0.897341,0.0,1,0.002810998,0.267386098,0.28114430156732856
WIRMOB_clean,8.09669,7.0815,8.09669,0.92351,1288.54,1395.26,130.958,141.805,0.578,0.625873,0.0,1,0.008636885,0.626458216,0.6906334819366624
WISTID_clean,5.3857,3.74409,5.37745,1.51731,1051.5,692.999,0.0,0.0,0.4932,0.325048,0.0,1,0.007302551,0.610302418,0.6018649733164506
WISVEB_clean,8.95121,6.85436,8.94162,0.828799,2404.18,2900.8,0.0,0.0,0.747,0.901304,0.0,1,0.002549969,0.253842007,0.2561274309776183
WITJOA_clean,6.21484,4.39834,6.20863,1.03298,1693.59,1639.51,90.392,87.5058,0.5878,0.569032,0.0,1,0.006730198,0.561409834,0.5970991400872087
WITJUG_clean,5.88607,4.95547,5.85988,1.02366,1929.46,1884.87,0.0,0.0,0.5976,0.583788,0.0,1,0.00529716,0.492574033,0.5051429260023237
WITKIV_clean,20.46084,11.48372,20.46084,0.586943,1702.14,2900.02,0.0,0.0,0.7774,1.32449,0.0,1,0.003027445,0.304558211,0.31221282695780633
WIVKOD_clean,5.94278,4.37421,5.9419,2.24053,1604.96,716.33,0.0,0.0,0.585,0.261099,0.0,1,0.001205304,0.117871881,0.11482861898245339
WIVRIE_clean,7.1828,5.28792,5.5333,1.16005,1460.05,1258.61,0.0,0.0,0.5844,0.50377,0.0,1,0.007025422,0.615597691,0.600761734260506
WIYWOS_clean,5.5468,4.15747,5.5468,1.51166,957.433,633.365,0.0,0.0,0.499,0.330101,0.0,1,0.00277093,0.25249482,0.23802150341555883
WIYWUY_clean,5.49903,4.14636,5.49903,1.53964,937.998,609.231,0.0,0.0,0.4952,0.321633,0.0,1,0.002733645,0.251570079,0.23825704843721401
WIZDEP_clean,11.388,10.51295,11.388,1.29023,1549.54,1200.97,0.0,0.0,0.6408,0.496654,0.0,1,0.002670779,0.258809073,0.2543622411480257
WIZKOH_clean,6.09672,4.22892,6.07575,0.908366,2253.73,2481.08,0.0,0.0,0.6284,0.691792,0.0,0,0.00717776,0.666187556,0.6648969368401069
WOBHEB01_clean,11.39724,10.6155,11.39724,1.22811,1590.58,1295.14,0.0,0.0,0.6596,0.537083,0.0,1,0.002516893,0.246012588,0.24570422876246686
WOBHOL_clean,11.68121,10.84815,11.68121,1.21577,1583.43,1302.41,0.0,0.0,0.6636,0.545826,0.0,1,0.003064043,0.298667284,0.2916203463556742
WOBHOM_clean,5.74395,5.29156,5.74395,1.06237,2263.33,2130.44,0.0,0.0,0.6418,0.604119,0.0,1,0.004317898,0.421145598,0.4179018227472528
WOBQEL_clean,6.08333,5.37096,6.07626,1.04043,1389.12,1335.14,0.0,0.0,0.5492,0.52786,0.0,1,0.009062884,0.778742182,0.7624899829920635
WOCWAN_clean,5.80963,5.50482,5.80963,1.36819,906.494,662.552,0.0,0.0,0.4696,0.343228,0.0,0,0.002570429,0.228129212,0.2370566879443534
WODVOB_clean,6.26224,4.9385,6.26224,0.976988,2134.32,2184.59,0.0,0.0,0.6306,0.645453,0.0,1,0.00484602,0.461314102,0.4659724903319742
WODXEU_clean,5.99818,3.55745,5.99789,1.43122,1129.23,788.996,0.0,0.0,0.5054,0.353125,0.0,1,0.002762454,0.262468338,0.25155708326173387
WOFWET_clean,5.7179,4.33245,5.7179,1.22921,2521.0,2050.91,0.0,0.0,0.7142,0.581024,0.0,1,0.00117103,0.117526212,0.11382921081960412
WOHBIF_clean,4.33773,3.41599,4.33773,1.49576,352.527,235.684,0.0,0.0,0.417,0.278788,0.0,0,0.002437426,0.232582156,0.21962344490242786
WOHDON_clean,5.72419,4.44331,5.72419,1.42898,2534.05,1773.33,0.0,0.0,0.696,0.487062,0.0,1,0.001912126,0.191163747,0.1763991524432767
WOHQAN_clean,6.17426,4.1636,6.17426,1.52633,1173.96,769.14,0.0,0.0,0.515,0.337411,0.0,1,0.001028413,0.101362451,0.11225788013126275
WOHSIV_clean,4.85776,4.01614,4.85252,1.45202,314.846,216.834,0.0,0.0,0.3664,0.252339,0.0,1,0.001051798,0.103014467,0.10044355311933889
WOHSOB_clean,4.76467,4.03549,4.66336,1.44804,377.496,260.695,0.0,0.0,0.3538,0.244331,0.0,1,0.00085819,0.082682817,0.0882801908758104
WOJZAY_clean,6.27243,4.13122,6.27243,1.17515,1915.59,1630.08,0.0,0.0,0.5984,0.509212,0.0,1,0.00543313,0.503461412,0.5042360334854393
WOJZEC_clean,6.29331,4.20233,6.29331,1.17761,1945.22,1651.83,0.0,0.0,0.5978,0.507636,0.0,1,0.005764378,0.49161888,0.5369903359199363
WOJZIG_clean,6.32968,4.348,6.32927,1.20953,2082.36,1721.62,0.0,0.0,0.5984,0.494736,0.0,1,0.005538929,0.495139323,0.5179208953429862
WOJZOM_clean,5.77002,3.85246,5.77002,1.252,1972.92,1575.81,0.0,0.0,0.591,0.472044,0.0,1,0.005826019,0.516951683,0.5418381998185288
WOLMUG_clean,5.45253,3.7803,5.34777,1.25131,1519.07,1213.99,0.0,0.0,0.5746,0.459198,0.0,1,0.003788323,0.349922523,0.3545354555102048
WOLREV_clean,9.92256,5.8874,9.91786,0.624717,2477.67,3966.07,0.0,0.0,0.7426,1.1887,0.0,1,0.003719696,0.371015093,0.3742602786860827
WOLRIZ_clean,11.03643,6.52149,11.03643,0.928573,2127.88,2291.56,0.0,0.0,0.7184,0.77366,0.0,1,0.00296821,0.291903468,0.30100908754196515
WOLYON_clean,13.08079,12.38023,13.06205,0.690785,1403.08,2031.14,0.0,0.0,0.695,1.0061,0.0,1,0.001897854,0.1872998,0.18377744654087347
WOPDEL_clean,5.48028,4.03658,5.4705,1.20981,448.99,371.123,0.0,0.0,0.4372,0.361378,0.0,0,0.003938483,0.308015494,0.3115901985926352
WOPROK_clean,4.86457,3.56395,4.64534,1.44616,842.342,582.467,68.9778,47.6971,0.5036,0.348232,0.0,1,0.002111739,0.209053039,0.20241462106962355
WOPSAX02_clean,11.61446,10.87886,11.61282,1.12308,1562.97,1391.69,0.0,0.0,0.6468,0.575919,0.0,1,0.002961379,0.297980144,0.2987586011279991
WOPSAX_clean,11.66235,10.95208,11.66071,1.12361,1554.7,1383.67,0.0,0.0,0.6474,0.57618,0.0,1,0.002999532,0.294267519,0.2950531625699786
WOPSOL01_clean,10.90023,10.70959,10.90023,1.18162,1552.96,1314.27,0.0,0.0,0.6334,0.536045,0.0,1,0.003066753,0.294981521,0.29242711159888013
WOPSOL_clean,10.90058,10.69127,10.90058,1.17453,1540.78,1311.82,0.0,0.0,0.6378,0.543023,0.0,1,0.002847525,0.281228296,0.27029243516207535
WOPWOO_clean,5.25085,4.08598,5.25085,2.1223,863.13,406.696,0.0,0.0,0.445,0.209679,0.0,1,0.001173864,0.11212037,0.10727987193569327
WORKOF_clean,9.81174,6.0117,9.81174,0.930964,2043.98,2195.55,1.24552,1.33788,0.6752,0.725269,0.0,1,0.00445916,0.427004457,0.40429894040618436
WORLAS_clean,9.28052,5.47786,6.88618,0.953453,2042.04,2141.73,5.77107,6.05281,0.6674,0.699982,0.0,1,0.004610289,0.445384483,0.4399153367237674
WORREC_clean,7.54466,5.76979,7.52984,0.764767,2839.31,3712.64,0.0,0.0,0.7218,0.943817,0.0,1,0.003804326,0.393321414,0.3829927724037062
WORSUT_clean,6.27181,5.14016,6.27181,1.1,1232.84,1120.77,0.0,0.0,0.519,0.471819,0.0,0,0.003827951,0.359851819,0.354354464582463
WOTSEF_clean,5.63894,4.87372,5.6352,0.95923,2385.0,2486.37,0.0,0.0,0.6578,0.685758,0.0,1,0.004509473,0.457229042,0.42819524399113085
WOYHUP_clean,12.04583,5.92239,11.92324,0.785656,2290.99,2916.02,0.0,0.0,0.7288,0.927633,0.0,1,0.005706194,0.558226193,0.5204408178102561
WOYJAX_clean,12.27463,5.80964,12.27345,0.829543,2229.7,2687.86,0.0,0.0,0.7142,0.860956,0.0,1,0.00669971,0.591470588,0.5774906255003177
WOYJIF_clean,12.3325,5.92345,11.43456,0.799114,2266.72,2836.54,0.0,0.0,0.716,0.895992,0.0,1,0.005305658,0.509778501,0.4877872410120842
WOYJOL_clean,12.52097,5.76234,12.52097,0.820913,2240.31,2729.05,0.0,0.0,0.7178,0.874392,0.0,1,0.005779323,0.517624389,0.5234419597666232
WOZGUP_clean,8.72596,4.78582,5.19905,0.69846,2019.57,2891.46,0.0,0.0,0.6706,0.960112,0.0,0,0.004112353,0.403108266,0.40436014273585963
WOZWEP_clean,9.13832,7.15944,9.13721,1.55974,883.314,566.32,0.0,0.0,0.468,0.30005,0.0,0,0.002613347,0.250015284,0.24856235695299753
WUGQAS_clean,11.44556,6.40417,11.33705,0.730607,2384.2,3263.31,0.0,0.0,0.7356,1.00683,0.0,1,0.005355932,0.51149986,0.5016363481626293
WUHJIT_clean,10.93441,7.53577,10.93441,0.740914,2058.85,2778.79,0.0,0.0,0.6834,0.922374,0.0,1,0.0039005,0.378759122,0.37302739763421244
WUKXEH_clean,20.08743,6.60038,20.08743,0.594513,2262.76,3806.08,0.0,0.0,0.7896,1.32814,0.0,1,0.003828096,0.368964729,0.3661575656533902
WULKAQ_clean,13.2528,6.68289,13.24082,0.879538,2081.51,2366.6,0.0,0.0,0.7114,0.808834,0.0,1,0.004488296,0.396583258,0.401006462593074
WULQUR_clean,7.08547,5.79444,7.06039,0.976074,2045.35,2095.49,0.0,0.0,0.6658,0.682121,0.0,1,0.00465043,0.463985512,0.44141444849192885
WUNTEF_clean,5.11473,4.16376,5.10357,1.08866,1006.1,924.169,87.4124,80.2937,0.5292,0.486103,0.0,0,0.006858401,0.60649358,0.603425231911335
WUNTIJ_clean,5.10474,4.13393,5.10321,1.0969,978.875,892.401,83.5224,76.1441,0.514,0.468593,0.0,0,0.006958102,0.625032776,0.5910006624917096
WUNTOP_clean,5.08733,4.17716,5.07679,1.08852,1089.8,1001.18,0.0,0.0,0.5174,0.475323,0.0,0,0.006293427,0.584877635,0.5682641468455747
WUNVAD_clean,5.07875,4.17789,5.06297,1.09375,995.244,909.941,78.4709,71.7451,0.516,0.471773,0.0,0,0.006485833,0.604907104,0.5734397225988102
WUNVOR_clean,5.13748,4.1998,5.12786,1.08542,1130.58,1041.61,0.0,0.0,0.5222,0.481103,0.0,0,0.007015824,0.621959527,0.6153296496101897
WUPZUE_clean,5.06349,3.71152,5.06349,1.47923,1116.55,754.816,0.0,0.0,0.5356,0.362081,0.0,1,0.006042604,0.526548434,0.5223493271535163
WURKEB_clean,6.32965,4.86396,6.30162,0.999228,1791.69,1793.08,0.0,0.0,0.6306,0.631087,0.0,1,0.00381231,0.368157145,0.3668689273673778
WUSGIC_clean,4.47666,3.4574,4.38159,1.49843,1071.95,715.381,0.0,0.0,0.5224,0.348632,0.0,0,0.003171638,0.300454468,0.2879921104120081
WUSSEK_clean,8.48774,6.12459,8.47169,0.953346,1562.83,1639.31,0.0,0.0,0.592,0.62097,0.0,1,0.002980531,0.291833001,0.29891579881604735
WUSXEP_clean,10.27954,6.68603,10.27954,0.811613,2141.53,2638.61,0.0,0.0,0.7038,0.867162,0.0,1,0.006039007,0.515688279,0.5386692041983084
WUTBOC_clean,7.17175,4.98444,7.17175,1.90997,842.378,441.043,0.0,0.0,0.429,0.224611,0.0,0,0.002021935,0.186640322,0.1922247763193245
WUTCAP_clean,7.16776,4.98308,7.16776,1.90582,867.573,455.224,0.0,0.0,0.4432,0.232551,0.0,0,0.002050123,0.186488541,0.18869810004441312
WUTKIG_clean,4.92252,4.16141,4.92016,1.02848,1305.43,1269.29,149.801,145.653,0.5256,0.511047,0.0,1,0.003383261,0.322173005,0.33527956294623296
WUYWIY_clean,9.10759,5.82003,9.09622,0.79426,2035.41,2562.65,0.0,0.0,0.6788,0.854632,0.0,0,0.003140906,0.304154603,0.30806225988644953
WUYWOE_clean,9.31132,6.13762,9.25337,0.805528,2027.45,2516.92,0.0,0.0,0.6802,0.844415,0.0,0,0.003093324,0.30305071,0.30526356700483953
WUYWUK_clean,8.78773,6.19333,8.65663,0.743413,2043.29,2748.52,0.0,0.0,0.6694,0.900442,0.0,0,0.003605039,0.360381042,0.3605214810297571
WUYXEV_clean,9.37986,6.91474,9.3766,0.799877,2024.21,2530.65,0.0,0.0,0.6774,0.84688,0.0,0,0.003453879,0.33044742,0.34591181971016705
WUYXIZ_clean,9.29397,7.061,9.29397,0.804304,2026.73,2519.86,0.0,0.0,0.6664,0.828542,0.0,1,0.003348309,0.343882114,0.3358099512548662
WUYXUL_clean,9.2643,7.0803,9.2643,0.838826,2017.64,2405.31,0.0,0.0,0.6628,0.790152,0.0,1,0.003393205,0.326222183,0.33177004435957724
WUYYAS_clean,9.33636,7.09924,9.33362,0.775219,2017.38,2602.33,0.0,0.0,0.6762,0.87227,0.0,1,0.003374272,0.333124163,0.33562432109721657
WUYYEW_clean,9.26232,6.95652,9.26232,0.838222,1987.56,2371.16,0.0,0.0,0.6778,0.808616,0.0,1,0.003137417,0.328269716,0.3067771310029798
WUYYOG_clean,8.73316,6.23369,8.71341,0.740492,2050.34,2768.88,0.0,0.0,0.675,0.911557,0.0,1,0.003955492,0.416004427,0.38986500416115116
WUZDOL_clean,5.93429,4.20385,5.53783,1.95218,1731.21,886.811,0.0,0.0,0.5688,0.291367,0.0,1,0.00104732,0.104664632,0.1008419728697908
WUZQOZ_clean,6.97207,5.82661,6.96816,0.933596,1700.54,1821.49,0.0,0.0,0.6474,0.693448,0.0,1,0.002877724,0.269195866,0.28324737634190666
XACSIG_clean,5.90641,4.49569,5.71401,1.1598,896.995,773.404,0.0,0.0,0.4966,0.428177,0.0,0,0.003531526,0.323635328,0.31594383278114635
XACZEH_clean,10.60893,7.2431,10.60893,1.18823,994.3,836.792,67.7434,57.0121,0.5998,0.504785,0.0,1,0.001915886,0.183136282,0.1751700428582859
XADDAJ01_clean,6.46856,4.61872,6.46856,1.24305,1893.89,1523.58,0.0,0.0,0.5932,0.477214,0.0,1,0.004609071,0.416609308,0.43892586273578044
XADDAJ_clean,6.3423,4.46517,6.3423,1.25711,1867.55,1485.59,0.0,0.0,0.5936,0.472195,0.0,1,0.004477922,0.416171882,0.41445650727885985
XADDEN_manual,13.23644,6.65907,13.23644,0.875752,2128.62,2430.62,0.0,0.0,0.7182,0.820095,0.0,1,0.004796988,0.427461443,0.4248760883738686
XADDIR_manual,13.24642,6.64739,13.24642,0.87412,2116.36,2421.13,0.0,0.0,0.718,0.821397,0.0,1,0.004696243,0.423837225,0.4198340873716804
XADDOX_clean,5.56472,4.25664,5.46687,1.21878,1831.56,1502.78,0.0,0.0,0.5704,0.46801,0.0,1,0.002719288,0.26061193,0.2679608422384375
XADDUD_clean,6.46377,5.36376,6.20996,1.13461,1899.46,1674.11,0.0,0.0,0.5878,0.518062,0.0,1,0.003114981,0.311094136,0.30210011504553913
XADGAM_clean,5.02813,3.93675,5.02538,1.19627,575.885,481.401,200.588,167.678,0.4922,0.411446,0.0,1,0.014177713,0.975842578,0.9020413035651167
XADGOA_clean,4.96518,4.05764,4.96518,2.7729,1349.87,486.806,0.0,0.0,0.5428,0.195751,0.0,1,0.002394691,0.221873894,0.20456325205316422
XAFBEN_clean,4.46675,3.68033,4.46518,1.46572,1326.74,905.182,0.0,0.0,0.5588,0.381246,0.0,1,0.008040501,0.678607899,0.6951681859369889
XAFFER_clean,14.21921,13.28886,14.21921,0.359874,1854.43,5152.99,0.0,0.0,0.8504,2.36305,0.0,1,0.003190363,0.330471037,0.3247493844948075
XAFFIV_clean,14.22916,13.19368,14.22916,0.358398,1899.33,5299.5,0.0,0.0,0.8506,2.37334,0.0,1,0.003155126,0.321092303,0.3141438226437999
XAFFOB_clean,14.83912,13.174,14.83912,0.366991,1878.61,5118.95,0.0,0.0,0.845,2.30251,0.0,1,0.003296695,0.322302538,0.3253161720169946
XAFXOT_clean,5.91185,4.82034,5.90988,1.88819,647.785,343.072,0.0,0.0,0.3646,0.193095,0.0,1,0.00183219,0.164356454,0.14643173926251496
XAHPAZ_clean,8.5954,7.40656,8.5954,0.71813,2299.0,3201.36,0.0,0.0,0.725,1.00957,0.0,1,0.003167312,0.319829257,0.3159999646796934
XAHPED_clean,12.36916,10.86748,12.33885,0.374438,1946.72,5199.04,0.0,0.0,0.8398,2.24283,0.0,1,0.002971285,0.311708351,0.3094371749516587
XAHQAA_clean,23.03533,21.60719,23.02579,0.170429,1040.62,6105.88,0.0,0.0,0.9292,5.45213,0.0,1,0.003919082,0.440058771,0.36221356295713253
XAHWAG_clean,5.39358,4.37499,5.38893,1.33376,2734.04,2049.88,0.0,0.0,0.6868,0.514937,0.0,0,0.004005049,0.392364605,0.38156480497410405
XAJQAC_SL,8.58247,7.41664,8.57789,0.88698,2088.4,2354.51,0.0,0.0,0.6722,0.757852,0.0,0,0.008452342,0.738502074,0.7534279819984121
XAJSEJ_clean,7.98338,7.19596,7.98212,0.722195,2566.22,3553.36,0.0,0.0,0.733,1.01496,0.0,0,0.005220834,0.52169826,0.5179926603518079
XAKQOR_clean,6.07415,4.27878,5.44099,0.965162,1660.14,1720.06,0.0,0.0,0.5906,0.611918,0.0,0,0.005484542,0.513943704,0.5162885961937531
XAKZAL_clean,8.8329,3.77071,4.46909,1.00158,193.263,192.958,1002.0,1000.42,0.5486,0.547735,0.0,1,0.003686876,0.346486161,0.3481738581100644
XAKZIT_clean,12.23219,8.02038,12.23219,0.853098,1638.56,1920.72,0.0,0.0,0.6458,0.757006,0.0,1,0.003976779,0.362676152,0.3744499575454671
XAKZOZ_clean,12.1779,8.09448,10.99703,0.853016,1612.06,1889.83,0.0,0.0,0.6372,0.746997,0.0,1,0.004105499,0.378173396,0.38375741859432977
XAKZUF_clean,12.14685,7.7394,12.14685,0.885336,1547.82,1748.28,0.0,0.0,0.616,0.695781,0.0,1,0.003861613,0.362377673,0.35408783586348924
XALBAO_clean,12.08969,7.27048,11.78932,0.880979,1591.93,1807.0,0.0,0.0,0.6308,0.716022,0.0,1,0.00378618,0.362764091,0.3557007429440515
XALBES_clean,12.09861,7.46549,12.09861,0.882372,1572.28,1781.87,0.0,0.0,0.6194,0.701971,0.0,1,0.003879971,0.372849052,0.3534570087802205
XALBIW_clean,12.14217,7.80534,11.99319,0.869373,1588.95,1827.7,0.0,0.0,0.6226,0.716148,0.0,1,0.003922752,0.365250365,0.359148659502695
XALBOC_clean,12.16156,7.7526,11.87507,0.87192,1576.24,1807.78,0.0,0.0,0.6178,0.708551,0.0,1,0.003861871,0.363813888,0.35451990863169347
XALCAP_clean,12.14021,7.5095,12.14021,0.892504,1531.39,1715.83,0.0,0.0,0.6302,0.706103,0.0,1,0.003949082,0.372694205,0.3707872993765702
XALCET_clean,12.0955,7.67742,12.0955,0.88783,1530.66,1724.05,0.0,0.0,0.6136,0.691123,0.0,1,0.003670476,0.353288954,0.3438064160664812
XALCIX_clean,8.90504,3.86123,4.56441,1.0015,203.674,203.369,1009.04,1007.53,0.5542,0.55337,0.0,1,0.003918918,0.344337632,0.35891621419003306
XALCUJ_clean,8.77917,3.81164,4.50991,0.995838,192.509,193.314,1019.4,1023.66,0.5598,0.562139,0.0,1,0.003663959,0.345409032,0.34597330746533933
XALDAQ_clean,8.8251,3.77258,4.48452,0.998614,192.623,192.891,1030.53,1031.96,0.5614,0.562179,0.0,1,0.003658229,0.337496714,0.3476878864714943
XALDAS_clean,11.1437,9.04409,11.1437,0.650684,2284.21,3510.47,0.0,0.0,0.7594,1.16708,0.0,1,0.004517196,0.417358561,0.4177618362165984
XALDEU_clean,8.28708,3.55494,4.42564,1.01761,177.365,174.295,1049.0,1030.85,0.5566,0.546967,0.0,1,0.0036525,0.319420421,0.3553778432846738
XALDIY_clean,8.51371,3.60578,4.41534,1.00994,178.965,177.204,1041.51,1031.26,0.5412,0.535874,0.0,1,0.00393897,0.327576238,0.3725631961708711
XALDOE_clean,8.72809,3.86749,4.52721,0.991405,208.075,209.879,1052.86,1061.99,0.545,0.549725,0.0,1,0.003726982,0.336425314,0.34726416009322986
XALMII_clean,10.30936,8.99249,10.23213,0.734436,2165.04,2947.89,0.0,0.0,0.7052,0.960192,0.0,1,0.003423137,0.332236175,0.33662353066274164
XALTIP_clean,18.68299,9.17237,18.68299,0.551216,1809.24,3282.27,0.0,0.0,0.7988,1.44916,0.0,1,0.002782159,0.272606078,0.2813636198689176
XALXUF01_clean,16.53276,6.69779,16.53276,0.78335,1957.27,2498.59,0.0,0.0,0.7286,0.930107,0.0,1,0.004264956,0.404520991,0.40306005500709524
XALXUF_clean,16.29659,6.6292,16.03149,0.78852,1944.95,2466.59,0.0,0.0,0.7412,0.939989,0.0,1,0.004072333,0.390621942,0.3842407172865579
XAMDUM02_clean,13.17767,6.71826,13.17767,0.884458,2085.56,2358.0,0.0,0.0,0.7192,0.813153,0.0,1,0.005140552,0.444319354,0.469514336110081
XAMDUM03_clean,13.16192,6.69067,13.16192,0.887821,2084.01,2347.33,0.0,0.0,0.7178,0.808496,0.0,1,0.005199966,0.443926709,0.469057447818601
XAMDUM05_clean,13.11018,6.61787,13.11018,0.895381,2105.3,2351.29,0.0,0.0,0.717,0.800776,0.0,1,0.005161218,0.458601823,0.47077549441085675
XAMDUM06_clean,13.1663,6.64621,13.1663,0.88326,2088.66,2364.72,0.0,0.0,0.7192,0.814256,0.0,1,0.004802154,0.427221207,0.4263465769962167
XAMHEA_manual,9.05929,7.3957,8.92663,0.731602,2360.06,3225.88,0.0,0.0,0.7172,0.980315,0.0,0,0.003657658,0.349861026,0.3624370255378647
XANKOO_clean,10.98297,5.31916,10.97484,0.745521,2263.49,3036.11,6.87382,9.22015,0.704,0.944306,0.0,1,0.002716343,0.267100713,0.2829942551192042
XANLAA_clean,6.14583,4.4748,6.13418,0.794677,2426.04,3052.86,0.0,0.0,0.655,0.824234,0.0,1,0.0064545,0.628138111,0.5949445761356894
XANLEE_clean,6.11311,4.49275,6.10612,0.785206,2427.23,3091.21,0.0,0.0,0.6562,0.835705,0.0,1,0.006819871,0.649265264,0.6354492611940461
XANMIJ_clean,6.91782,5.66055,6.91782,1.1601,1892.28,1631.14,0.0,0.0,0.5818,0.50151,0.0,0,0.002599957,0.250660902,0.2631515989611225
XAPCOH_clean,8.13608,7.45425,8.13237,1.22623,2069.1,1687.37,0.0,0.0,0.6692,0.545739,0.0,0,0.002675413,0.252510488,0.2598559223034483
XAPCOJ01_clean,7.3057,7.1276,7.3057,1.11442,1602.91,1438.33,0.0,0.0,0.599,0.537499,0.0,0,0.005107886,0.490305158,0.5088657678062158
XAPCOJ02_clean,7.30662,7.12733,7.30662,1.1168,1599.91,1432.58,0.0,0.0,0.598,0.535457,0.0,0,0.005071819,0.489987324,0.5088657678062158
XAPCOJ03_clean,7.31075,7.15837,7.31075,1.119,1594.88,1425.28,0.0,0.0,0.597,0.533514,0.0,0,0.005042515,0.496039695,0.4954394362068293
XAPCOJ04_clean,7.30941,7.11813,7.30941,1.12085,1593.11,1421.33,0.0,0.0,0.597,0.53263,0.0,0,0.005107886,0.49223245,0.5052005463795881
XAPCOJ05_clean,7.33092,7.2403,7.33092,1.11449,1591.26,1427.79,0.0,0.0,0.599,0.537465,0.0,0,0.004938825,0.483973274,0.46702843591680754
XAPCOJ07_clean,7.31581,7.08591,7.31581,1.1114,1611.64,1450.1,0.0,0.0,0.6012,0.540938,0.0,0,0.004936571,0.498740157,0.46987725755727877
XAPDAU_clean,8.2002,7.60089,8.18046,1.21167,2074.4,1712.02,0.0,0.0,0.6722,0.554773,0.0,0,0.002599706,0.250773182,0.2543254057478072
XAPDEY_clean,8.43698,7.85452,8.43698,1.19984,2075.29,1729.64,0.0,0.0,0.6726,0.560573,0.0,0,0.002599706,0.253210282,0.25267111881211046
XAPGUQ_clean,5.69788,4.67127,5.65245,1.33358,1307.89,980.739,0.0,0.0,0.5882,0.44107,0.0,1,0.002529567,0.24558429,0.24182664426789924
XAPNIN_clean,6.36937,5.09614,6.24616,0.987749,1999.77,2024.57,0.0,0.0,0.6554,0.663529,0.0,0,0.004892507,0.468404058,0.4615706768906194
XAPSIS_clean,5.46139,4.76389,5.45821,0.955004,2054.51,2151.31,0.0,0.0,0.644,0.674342,0.0,1,0.004364258,0.418759989,0.42031552513635206
XAPTEQ_clean,5.59461,4.17124,5.5868,1.43565,1333.03,928.52,0.0,0.0,0.5274,0.36736,0.0,1,0.007492746,0.612085127,0.6366588334829711
XAPTUE_clean,7.01351,4.77674,6.96552,1.46731,1437.82,979.906,0.0,0.0,0.555,0.378244,0.0,1,0.004327529,0.412817686,0.39582491022659605
XARPAK_clean,5.96341,5.54999,5.95022,1.02109,1555.57,1523.45,0.0,0.0,0.5744,0.562538,0.0,1,0.004880984,0.475698145,0.46468199358026674
XASJUZ_clean,5.3717,3.49252,5.3717,1.8286,687.912,376.196,166.963,91.3066,0.5254,0.287324,0.0,1,0.002494541,0.244694982,0.21850451736320164
XASNUD_clean,13.51875,4.58024,13.51875,0.967914,2185.15,2257.59,0.0,0.0,0.6906,0.713493,0.0,1,0.00463959,0.427919824,0.42615261447524805
XASPEP_clean,8.21663,6.97386,8.21491,1.11162,2036.98,1832.45,0.0,0.0,0.6426,0.578078,0.0,1,0.004024354,0.404057843,0.39164053737955695
XATLIQ_clean,6.68504,4.40867,6.68504,1.13487,1861.75,1640.49,0.0,0.0,0.6014,0.529928,0.0,1,0.002659098,0.265443864,0.26469060167952085
XATZOK_clean,8.52599,5.82023,8.33095,0.788781,2129.05,2699.16,0.0,0.0,0.69,0.874767,0.0,1,0.005430471,0.496914112,0.5058227751834001
XATZUQ_clean,7.56959,6.44554,7.50387,0.891969,1666.54,1868.38,0.0,0.0,0.6382,0.715495,0.0,1,0.004352978,0.420295257,0.41061566121731985
XAVDEF_clean_h,7.82348,7.29552,7.82348,0.99494,1791.82,1800.93,0.0,0.0,0.636,0.639234,0.0,1,0.003816262,0.379286418,0.362380108883919
XAVKIR_clean,15.62831,12.51365,15.62831,0.534545,1877.9,3513.08,0.0,0.0,0.7824,1.46367,0.0,1,0.004764065,0.472117124,0.44024939689508763
XAVQIU01_clean,4.21946,3.54584,4.20969,1.16836,1052.94,901.216,0.0,0.0,0.57,0.487865,0.0,1,0.00389149,0.372628957,0.3715453089994315
XAWVUN_clean,10.78711,9.22291,10.78432,0.464213,2191.63,4721.18,0.0,0.0,0.8104,1.74575,0.0,1,0.003157389,0.308949802,0.31552320752394947
XEBHOC_clean,12.08201,9.91355,12.06465,0.465059,2182.46,4692.86,0.0,0.0,0.813,1.74817,0.0,1,0.002990517,0.31394717,0.31268143724420977
XEDLUN01_clean,4.9958,3.46915,4.97725,0.885985,1404.66,1585.43,0.0,0.0,0.6048,0.68263,0.0,1,0.008384017,0.780957229,0.7471195232844305
XEDPED_clean,10.92065,8.43628,10.92065,1.03509,1442.59,1393.7,0.0,0.0,0.609,0.588357,0.0,0,0.003471291,0.318651638,0.33073122600223137
XEDPON_clean,7.48304,4.32366,7.48304,1.13521,1918.18,1689.72,0.0,0.0,0.6406,0.564302,0.0,1,0.005050832,0.482448587,0.474321566973158
XEFGAQ_clean,4.04864,3.84801,4.03945,1.23647,540.504,437.135,0.0,0.0,0.4578,0.370247,0.0,0,0.004963057,0.440058946,0.4369065085028524
XEFKOI_clean,4.24138,4.03203,4.24093,1.2014,660.067,549.414,0.0,0.0,0.487,0.40536,0.0,0,0.005507474,0.486017869,0.48423507119202586
XEGJIE02_clean,6.83643,4.32814,6.8224,1.14242,1819.25,1592.45,0.0,0.0,0.6186,0.541481,0.0,1,0.003598957,0.340370566,0.35627594682837316
XEGJIE_clean,6.8392,4.32331,6.8392,1.14242,1823.4,1596.08,0.0,0.0,0.6078,0.532027,0.0,1,0.003482563,0.338439483,0.3446385017275255
XEGJOK_clean,8.03848,5.65574,8.03848,1.06612,2083.29,1954.09,0.0,0.0,0.6316,0.59243,0.0,1,0.003399235,0.325441707,0.33282087523988224
XEGJUQ_clean,7.4125,4.89988,7.38387,1.09762,2034.16,1853.25,0.0,0.0,0.6302,0.574154,0.0,1,0.003550018,0.337992424,0.3441618824679046
XEGKAX_clean,7.81736,4.94122,7.81736,1.03321,2328.38,2253.55,0.0,0.0,0.6462,0.625431,0.0,1,0.003165124,0.303961716,0.30932831631456653
XEGKEB_clean,8.23995,5.69274,8.22914,1.05735,2095.89,1982.22,0.0,0.0,0.65,0.614747,0.0,1,0.003069893,0.313176685,0.30817225251857255
XEGKIF_clean,5.20553,3.75045,5.02164,1.3269,1101.02,829.769,0.0,0.0,0.5188,0.390988,0.0,1,0.005017591,0.459148891,0.46766174272047306
XEGKOL_clean,8.255,5.9525,8.24564,1.11832,1646.01,1471.86,0.0,0.0,0.6014,0.537769,0.0,0,0.002838004,0.25697472,0.28346732302152833
XEGKUR_clean,6.60096,5.85838,6.60096,1.03463,2226.74,2152.21,0.0,0.0,0.653,0.631143,0.0,1,0.003229935,0.325767081,0.31736819476065126
XEHDEV_clean,10.95452,9.96703,10.95452,0.958795,1688.15,1760.7,0.0,0.0,0.6704,0.699211,0.0,0,0.002834172,0.28581502,0.2703036642548217
XEHRUY_clean,4.75094,3.73804,4.73309,1.40294,806.249,574.687,0.0,0.0,0.4558,0.32489,0.0,0,0.003459874,0.325527803,0.31481892801760086
XEHSAF_clean,4.88109,3.65952,4.87411,1.39164,808.303,580.827,0.0,0.0,0.4608,0.33112,0.0,0,0.003528707,0.322736015,0.3137125325383265
XEHSEJ_clean,5.24127,3.85188,5.21916,1.33454,931.861,698.265,0.0,0.0,0.4838,0.362522,0.0,0,0.00327362,0.307542126,0.29182243308672084
XEHSUZ_clean,4.73753,3.78928,4.73753,1.38845,832.486,599.579,0.0,0.0,0.4634,0.333753,0.0,0,0.00359754,0.328955286,0.33057505279179905
XEJWUG_clean,4.34072,3.48491,4.33485,1.56158,471.476,301.922,0.0,0.0,0.4076,0.261018,0.0,0,0.007793425,0.564748638,0.5951802534459713
XEJXAN_clean,4.27901,3.60567,4.27901,1.57867,491.894,311.588,0.0,0.0,0.4078,0.258319,0.0,0,0.007937532,0.613694747,0.6054594626738683
XEJXER_clean,4.12173,3.57853,4.12173,1.5597,414.634,265.842,0.0,0.0,0.4006,0.256844,0.0,0,0.001385805,0.134355336,0.1452612462047254
XEKCAT01_clean,5.91545,4.93297,5.80854,0.930696,2244.72,2411.88,0.0,0.0,0.61,0.655424,0.0,1,0.00568786,0.556264116,0.5405397826890311
XENMIO_SL,4.2763,3.43605,4.2763,1.62008,351.871,217.194,309.344,190.944,0.4486,0.2769,0.0,1,0.012859932,0.808321786,0.811505653486019
XENMOU_SL,4.28444,3.44611,4.27407,1.60371,375.808,234.337,301.542,188.028,0.4528,0.282345,0.0,1,0.012196203,0.778841734,0.80521584772252
XEPBAX_clean,5.14969,3.64809,5.0808,0.940411,1672.05,1778.0,0.0,0.0,0.6138,0.652693,0.0,1,0.003858383,0.359920156,0.37701404482433876
XEQGAC_clean,5.58663,3.48947,5.56914,1.35723,1328.82,979.066,0.0,0.0,0.5714,0.421003,0.0,1,0.004198312,0.40943106,0.3820613537068812
XESKAJ_clean,9.85685,9.29464,9.85685,1.10591,1360.23,1229.96,0.0,0.0,0.5664,0.512158,0.0,1,0.00190602,0.195106875,0.18036614267634726
XESKEN_SL,9.9038,9.36477,9.9038,1.10837,1274.59,1149.97,0.0,0.0,0.5552,0.500916,0.0,1,0.001467644,0.141252884,0.14895016212982493
XESKIR_clean_h,10.14317,9.85365,10.14317,1.23585,1309.87,1059.89,0.0,0.0,0.5666,0.45847,0.0,1,0.000988577,0.104330316,0.10270268967713897
XESKUD_clean,9.9638,9.32015,9.9638,1.26973,1375.76,1083.51,0.0,0.0,0.5732,0.451435,0.0,1,0.00120364,0.115869459,0.12311714161250586
XESLAK_clean,10.31182,9.72546,10.31182,1.3077,1323.78,1012.29,0.0,0.0,0.5742,0.439091,0.0,1,0.000855751,0.09467208,0.08141107176595064
XEWFAI_clean,8.58001,7.48221,8.58001,1.10647,1594.92,1441.46,0.0,0.0,0.5888,0.532145,0.0,1,0.001496457,0.151353903,0.15942170488565693
XEXLAP_clean,8.64993,8.01633,8.63141,1.0685,1374.86,1286.72,0.0,0.0,0.5518,0.516424,0.0,0,0.002229014,0.212737246,0.21260617887948302
XEXLET_clean,8.01945,7.40132,8.00563,1.23661,1375.89,1112.63,0.0,0.0,0.5666,0.458188,0.0,0,0.00206377,0.193166838,0.20167555275718607
XEXLOD_clean,7.18877,6.831,7.15894,1.17716,1370.68,1164.39,0.0,0.0,0.5458,0.463657,0.0,1,0.00351883,0.336039671,0.31957705873423475
XEXLUJ_clean,8.72919,8.14175,8.68787,1.12133,1390.1,1239.69,0.0,0.0,0.5646,0.50351,0.0,1,0.00321393,0.302096179,0.29981933041371056
XEXMAQ_clean,8.3881,8.06353,8.36842,1.12082,1406.28,1254.68,0.0,0.0,0.5662,0.505164,0.0,1,0.003177469,0.302992526,0.2932493719082515
XEXMEU_clean,9.62722,8.85338,9.62722,1.05458,1424.32,1350.6,0.0,0.0,0.595,0.564206,0.0,1,0.002723545,0.264003257,0.2622851807419055
XICNOO02_clean,19.59015,6.72401,19.59015,0.902602,1911.89,2118.2,0.0,0.0,0.7472,0.827829,0.000221582,1,0.001912157,0.195079941,0.18474687920997768
XICNOO_clean,19.61611,6.71064,19.54957,0.903297,1911.76,2116.42,0.0,0.0,0.747,0.826971,0.000221411,1,0.002012028,0.193796975,0.19610401648849468
XICYUF_clean,28.67887,6.71408,28.67887,0.993033,1674.12,1685.86,0.0,0.0,0.7044,0.709342,0.000201403,1,0.002211309,0.214867814,0.21714608421526171
XICZAM_clean,19.52135,6.64584,19.52135,1.26176,1911.12,1514.64,0.0,0.0,0.7502,0.594564,0.000158508,1,0.001421607,0.141256699,0.13452417215204487
XIDBUJ_clean,7.40475,6.25511,7.40475,1.09542,1351.03,1233.34,0.0,0.0,0.5684,0.518888,0.0,0,0.004917255,0.466100273,0.4457642408973577
XIDSUZ_clean,16.05314,15.78983,16.05314,0.493271,1893.57,3838.8,0.0,0.0,0.781,1.58331,0.0,1,0.003452232,0.345297151,0.35075491023859656
XIFHIF_clean,9.50274,8.84024,9.48896,1.39627,1580.72,1132.1,0.0,0.0,0.6078,0.435304,0.0,1,0.001704547,0.166939457,0.16493663480004928
XIGFOJ_manual,18.90864,18.72951,18.90864,0.692037,1357.79,1962.03,0.0,0.0,0.7528,1.0878,0.0,1,0.002583319,0.266886798,0.25499656193079046
XIGHEB_clean,9.46287,6.0394,9.46287,1.26391,1742.96,1379.02,0.0,0.0,0.6604,0.522504,0.0,0,0.001627367,0.154988937,0.16963934415689502
XIGHIF_clean,9.11851,6.40194,9.11851,1.31172,1721.81,1312.64,0.0,0.0,0.6494,0.495075,0.0,0,0.001647117,0.161121188,0.16513193658431102
XIGWUF_clean,7.07949,4.99162,7.07464,0.478412,3315.96,6931.17,0.0,0.0,0.7822,1.63499,0.0,1,0.001527022,0.150727205,0.17148481311630148
XIHRIQ_clean,4.88127,3.7293,4.77721,1.106,908.9,821.794,0.0,0.0,0.4886,0.441774,0.0,0,0.005654323,0.494716148,0.5281802331611974
XIHSAJ01_clean,5.98845,3.99073,5.69816,1.03053,1765.29,1712.99,0.0,0.0,0.576,0.558935,0.0,1,0.004748592,0.46350645,0.458179426226079
XIHSAJ_clean,6.08478,4.0122,6.08478,1.01421,1817.12,1791.66,0.0,0.0,0.6044,0.595933,0.0,1,0.004621031,0.456683607,0.4491110556345888
XIHSEN01_clean,5.64298,3.8792,5.64298,1.08478,1405.71,1295.85,0.0,0.0,0.5704,0.525822,0.0,1,0.005248243,0.492861903,0.49772553688204824
XIHSEN_clean,5.63541,3.87826,5.63541,1.09092,1426.31,1307.44,0.0,0.0,0.5682,0.520843,0.0,1,0.005400808,0.510934099,0.50920177788707
XILLEL_clean,7.63373,5.31385,7.61296,0.988669,1586.87,1605.06,0.0,0.0,0.5862,0.592918,0.0,0,0.006723465,0.649366636,0.6001139000340716
XILLIP_clean,8.02024,6.48918,8.00532,0.699116,2353.41,3366.26,0.0,0.0,0.7058,1.00956,0.0,0,0.00683314,0.643583425,0.6359838665540832
XILSUI_clean,8.05462,5.1792,8.05462,0.833153,2078.06,2494.21,0.0,0.0,0.6418,0.770326,0.0,1,0.004677859,0.4539208,0.43960848049924933
XILTAP_clean,7.46835,4.491,7.46835,0.893159,2015.14,2256.2,0.0,0.0,0.622,0.696404,0.0,1,0.005050829,0.488489471,0.48118067736396153
XILVIZ_clean,7.75339,4.84522,7.60552,0.848736,2042.74,2406.8,0.0,0.0,0.6436,0.758304,0.0,1,0.004837133,0.460757843,0.4565423278292552
XINHOT_clean,5.41924,4.10207,5.41262,1.543,726.815,471.04,0.0,0.0,0.4344,0.281529,0.0,0,0.004062782,0.347634236,0.3452514133394353
XINZEB_clean,5.58391,4.38224,5.56908,1.48991,1505.54,1010.49,0.0,0.0,0.5618,0.377069,0.0,1,0.005892902,0.534729081,0.5199556220466739
XISKUF_clean,4.31794,3.58074,4.31794,1.93785,629.43,324.808,0.0,0.0,0.4082,0.210646,0.0,1,0.004924962,0.420314422,0.4185429972847097
XISLAM_clean,4.34393,3.64065,4.34393,1.93617,692.959,357.901,0.0,0.0,0.4122,0.212894,0.0,0,0.005439788,0.425493351,0.46264009453415744
XISPEW01_clean,7.58694,5.52656,7.5744,1.14161,1954.46,1712.03,0.0,0.0,0.624,0.546598,0.0,1,0.003685379,0.34558183,0.353439528602864
XISPEW_clean,7.45128,5.46523,7.15276,1.17603,1960.28,1666.86,0.0,0.0,0.6188,0.526177,0.0,1,0.003859543,0.360688439,0.3605793940447755
XISPUM_clean,7.32941,4.58436,7.32711,1.21765,2007.19,1648.41,0.0,0.0,0.6216,0.510492,0.0,1,0.004263752,0.39971788,0.4059278302118092
XISVUR_clean,5.04407,3.94718,5.0182,1.1747,1719.75,1463.99,0.0,0.0,0.6072,0.516898,0.0,1,0.005703473,0.535255722,0.5403615910118901
XISXEE_clean,10.02626,5.46429,10.02412,0.66541,2246.71,3376.43,0.0,0.0,0.7296,1.09647,0.0,1,0.003668771,0.364987978,0.3646032165115201
XIWLAQ_clean,6.60663,5.9994,6.60453,2.29175,1025.32,447.396,0.0,0.0,0.5236,0.228472,0.0,1,0.002099029,0.201975218,0.1818905368830061
XOBXIW_clean,4.67713,3.51548,4.67713,1.8935,677.109,357.597,0.0,0.0,0.4444,0.234698,0.0,0,0.002278577,0.212536447,0.22583735057189475
XOCWET_clean,5.57167,3.60863,5.43096,2.052,1278.23,622.917,0.0,0.0,0.549,0.267544,0.0,1,0.001907917,0.178500253,0.16985667663613913
XOCWOD_clean,5.38208,3.4319,5.38208,2.211,1054.39,476.883,0.0,0.0,0.5314,0.240344,0.0,1,0.001817923,0.170868252,0.16227112250691528
XOCWUJ_clean,5.43529,3.40185,5.40249,2.21366,1083.86,489.625,0.0,0.0,0.5328,0.240687,0.0,1,0.001793994,0.164896364,0.17445824317460934
XODPUD_clean,15.85383,13.08935,15.85383,0.622253,2051.21,3296.43,0.0,0.0,0.7882,1.26669,0.0,1,0.00372368,0.373350266,0.3684016164690848
XOFGAC_clean,20.28488,4.16314,9.48492,0.98367,1835.3,1865.77,0.0,0.0,0.6704,0.681529,0.0,1,0.003672142,0.363318729,0.35317218772957765
XOFPEP01_clean,5.97449,3.48385,5.9665,2.03706,967.647,475.021,0.0,0.0,0.5188,0.25468,0.0,1,0.00186647,0.163991526,0.156764412248942
XOFPEP_clean,5.97089,3.4618,5.97089,2.03022,1036.5,510.537,0.0,0.0,0.5304,0.261252,0.0,1,0.001643771,0.156248749,0.1497274944600434
XOGXAU_clean,5.74983,3.78405,5.68214,1.22917,1255.73,1021.6,0.0,0.0,0.5252,0.427279,0.0,1,0.004252866,0.398641266,0.3909167245761137
XOHLEM_clean,5.52611,4.54089,5.51535,1.339,1839.55,1373.82,0.0,0.0,0.5986,0.44705,0.0,1,0.00594606,0.519009568,0.5357046503369347
XOHTUJ_clean,6.47036,4.69494,6.47036,1.17962,2196.81,1862.3,0.0,0.0,0.6472,0.548652,0.0,1,0.002246458,0.221243012,0.22240145352530216
XOJWEZ_clean,5.26222,4.56445,5.26222,1.41259,749.294,530.438,0.0,0.0,0.5012,0.354809,0.0,1,0.003571126,0.310546484,0.3151377261821515
XOJWOJ_clean,7.01927,4.56509,7.01927,1.20631,1535.66,1273.03,0.0,0.0,0.6016,0.498713,0.0,1,0.00475371,0.439180585,0.4375521500076392
XOKHIP_clean,4.7478,3.45863,4.7478,2.16707,449.011,207.197,0.0,0.0,0.3986,0.183935,0.0,1,0.002095221,0.18762603,0.15465807601821624
XOMDOU_clean,6.08861,4.66373,6.08699,1.18202,859.304,726.977,313.731,265.419,0.5438,0.460059,0.0,1,0.007704848,0.613527198,0.6415378436484404
XOMGIQ_clean,5.5226,3.96675,5.5226,1.11957,1446.11,1291.67,0.0,0.0,0.5666,0.506089,0.0,1,0.00347309,0.32586276,0.34634423848711837
XOMJOY_clean,6.10947,3.84777,5.97895,1.18998,613.441,515.507,422.204,354.8,0.5142,0.43211,0.0,0,0.007502297,0.59592418,0.6281544584468598
XOMJUE_clean,6.09418,3.77279,6.07728,1.21681,603.908,496.303,411.544,338.214,0.507,0.416662,0.0,0,0.0081058,0.617506215,0.6655471596909139
XONLES01_clean,15.55222,13.97126,15.55222,0.303181,1639.83,5408.75,0.0,0.0,0.871,2.87288,0.0,1,0.003739984,0.361476211,0.37063284475979164
XOPLOE_clean,7.50726,5.3332,7.50699,0.991241,2013.82,2031.62,0.0,0.0,0.621,0.626488,0.0,1,0.003381476,0.362638816,0.33248000004899747
XOPMIA_clean,5.53948,4.71058,5.5345,1.05182,1628.72,1548.47,0.0,0.0,0.5582,0.5307,0.0,0,0.005765669,0.53659767,0.5514370882243597
XOQXIL_clean,5.56779,4.25341,5.54313,1.05181,1608.8,1529.56,0.0,0.0,0.552,0.524811,0.0,1,0.003130707,0.295749017,0.3078950467868731
XOTGUI_clean,5.14072,4.00351,5.14055,1.55556,2014.34,1294.93,0.0,0.0,0.6006,0.386099,0.0,1,0.002086834,0.205313526,0.1926510278994194
XOTSEG_clean,8.78779,6.45971,8.7759,0.828086,1735.59,2095.91,0.0,0.0,0.6318,0.762964,0.0,1,0.003646083,0.343267519,0.3542891732475243
XOTSIK_clean,8.84143,7.37067,8.64635,0.961303,1776.26,1847.76,0.0,0.0,0.6086,0.633099,0.0,1,0.003309642,0.320231457,0.31476116594253034
XOTXAG_clean,4.5925,3.72441,4.55253,1.45522,1114.56,765.906,0.0,0.0,0.459,0.315416,0.0,1,0.003684538,0.34516662,0.34076656113372583
XOTXUB_clean,4.27674,3.47607,4.14843,1.21704,316.782,260.289,0.0,0.0,0.4284,0.352001,0.0,1,0.001100362,0.108862771,0.10027228849689235
XOTZIR_clean,6.298,3.81619,6.27425,1.33376,798.487,598.675,0.0,0.0,0.4626,0.34684,0.0,1,0.005361971,0.442937532,0.45890403005017233
XOVPON_clean,5.74841,4.13919,5.74724,1.29056,1444.67,1119.41,0.0,0.0,0.5696,0.44136,0.0,1,0.002878706,0.261046179,0.26599266674256017
XOVPUU_clean,11.45503,9.77333,11.45503,0.404958,2012.2,4968.9,0.0,0.0,0.8444,2.08515,0.0,1,0.003133954,0.312944396,0.3115845844041069
XOVQAB_clean,9.04253,7.30249,9.03111,0.610216,2352.44,3855.09,0.0,0.0,0.7448,1.22055,0.0,1,0.003345905,0.325765799,0.33980139820134475
XOVQEF_SL,13.73802,11.42638,13.39901,0.433642,2002.7,4618.32,0.0,0.0,0.8224,1.89649,0.0,1,0.003267992,0.320753113,0.3216938876266211
XOVQIJ_clean,7.41561,4.13146,7.41561,0.925084,1684.83,1821.27,0.0,0.0,0.5816,0.6287,0.0,1,0.004066514,0.387642128,0.3932199335036283
XOVVOU_clean,6.57595,5.59779,6.5535,1.07267,2264.54,2111.12,0.0,0.0,0.6676,0.622371,0.0,1,0.004392984,0.430723711,0.41805439315181436
XOXMED_clean,15.20268,12.48764,14.68508,0.499,1903.11,3813.84,0.0,0.0,0.7876,1.57836,0.0,1,0.00316142,0.310155704,0.31368415694218926
XUBGUY_clean,11.92741,6.17876,10.43844,0.841842,2109.15,2505.4,0.0,0.0,0.7154,0.849804,0.0,1,0.002581464,0.26902989,0.2669382721295278
XUCSOF_clean,5.25566,4.59264,5.25566,1.60312,661.505,412.637,358.397,223.562,0.482,0.300664,0.0,1,0.007546907,0.59443504,0.5716409561826976
XUDNAN_clean,8.67531,5.1775,8.35832,0.937633,1918.83,2046.46,0.0,0.0,0.6496,0.692809,0.0,1,0.003759077,0.357195025,0.3626547783728314
XUDNUH_clean,12.36127,6.84234,12.36127,0.492653,2292.38,4653.12,0.0,0.0,0.8076,1.63929,0.0,1,0.003274857,0.332882718,0.3270193113834793
XUDYEC_clean,6.34584,5.04991,6.34584,1.10902,1973.56,1779.55,0.0,0.0,0.6464,0.582857,0.0,1,0.004284312,0.399831717,0.4156317150828178
XUDYOM_clean,5.92099,5.48654,5.7966,1.63199,1266.45,776.015,0.0,0.0,0.5438,0.333212,0.0,0,0.008552633,0.725285816,0.69117999350407
XUFWOM_clean,9.12848,8.18722,9.12848,0.813283,1954.3,2402.97,0.0,0.0,0.7082,0.870792,0.0,1,0.003120745,0.309357009,0.30588933516909833
XUGROI_clean,6.64754,5.07389,6.16433,0.794522,2382.26,2998.35,0.0,0.0,0.6836,0.860391,0.0,1,0.005083051,0.486001428,0.5090544375517367
XUGSEY_clean,7.45351,5.81909,7.11831,0.709523,2586.66,3645.63,0.0,0.0,0.7068,0.996162,0.0,1,0.004529772,0.439894821,0.44182016033416815
XUGWUS_clean,5.27863,4.66019,5.2635,1.38078,911.096,659.843,0.0,0.0,0.496,0.359218,0.0,1,0.00237936,0.21691689,0.22022093290514333
XUJPEY_clean,5.84221,4.51142,5.77769,1.25506,1324.62,1055.42,0.0,0.0,0.5206,0.4148,0.0,0,0.006812153,0.582404212,0.574579147693414
XUJPIC_clean,5.88914,4.75213,5.84985,1.23811,1386.84,1120.12,0.0,0.0,0.5304,0.428394,0.0,0,0.006581686,0.57407527,0.5707045730975644
XUJQAV_clean,5.23926,3.75063,5.23926,1.23622,1470.1,1189.19,0.0,0.0,0.5596,0.452669,0.0,0,0.006120731,0.581326061,0.5567702085496817
XUKHUI_clean,5.94415,4.22176,5.9168,1.20125,1179.74,982.099,0.0,0.0,0.5426,0.451698,0.0,1,0.008577032,0.72578636,0.7036153793172674
XUKLAS_clean,5.87516,3.79987,5.86816,1.26294,911.252,721.53,0.0,0.0,0.4946,0.391624,0.0,1,0.004339538,0.384852049,0.3771448985118697
XUKYEI_neutral,13.17229,10.75846,13.16843,0.287208,1805.38,6285.97,0.0,0.0,0.8682,3.02289,0.0,0,0.003095693,0.299417046,0.3054052072255702
XUMMOJ_clean,8.37622,7.86065,8.37622,1.08186,1183.03,1093.52,0.0,0.0,0.5464,0.505057,0.0,1,0.001660023,0.168471519,0.1618850130852984
XUMMUP_clean,8.4295,7.42103,8.42696,1.01197,1167.11,1153.31,0.0,0.0,0.545,0.538555,0.0,1,0.001474019,0.142872228,0.14381070954127834
XUMNIE_clean,7.92656,5.00523,7.92544,0.836736,1842.18,2201.63,0.0,0.0,0.617,0.737389,0.0,0,0.00630313,0.578307208,0.5810028286281137
XUMTUV_clean,5.4813,5.1227,5.47077,1.25424,1931.27,1539.79,0.0,0.0,0.6264,0.499425,0.0,1,0.004695412,0.434385141,0.4375899150926515
XUMVAD_clean,5.48445,5.10748,5.47384,1.24179,1950.9,1571.03,0.0,0.0,0.619,0.498472,0.0,1,0.00451229,0.429819673,0.41594690897516307
XUMVEH_clean,5.51001,5.03328,5.49298,1.14233,1980.67,1733.88,0.0,0.0,0.6382,0.55868,0.0,1,0.004291887,0.406064026,0.4118755175287039
XUNGUJ_clean,4.49594,4.05224,4.48031,1.03604,1057.86,1021.06,0.0,0.0,0.4874,0.470444,0.0,0,0.009939723,0.808687308,0.789122363966456
XUNHAQ_clean,4.43369,3.93895,4.41861,1.01112,1121.76,1109.42,0.0,0.0,0.495,0.489555,0.0,1,0.009787246,0.799136851,0.815780112151783
XUNSAC_clean,4.78336,3.78154,4.77852,1.05045,959.001,912.941,0.0,0.0,0.4742,0.451425,0.0,1,0.009519962,0.790910255,0.7635492120763989
XUNSEG_clean,5.12519,4.59555,5.12519,1.00672,1017.4,1010.61,0.0,0.0,0.4976,0.494281,0.0,1,0.008979116,0.747809421,0.7267622503616135
XUNSOQ_clean,5.47061,4.41529,5.45212,1.01415,1093.33,1078.08,0.0,0.0,0.49,0.483165,0.0,0,0.010292214,0.833786409,0.813227001737421
XUTQEI_clean,15.07113,13.13968,15.07113,0.479637,2165.37,4514.6,0.0,0.0,0.7968,1.66126,0.0,1,0.003389368,0.343564421,0.34080536598391836
XUVGUQ01_ion_b,5.66625,3.6728,5.66625,2.37494,405.836,170.882,0.0,0.0,0.3574,0.150488,0.0,1,0.004056218,0.247382941,0.2930242518136076
XUVHEB_clean,6.21978,5.41115,6.21978,1.07724,1379.45,1280.54,0.0,0.0,0.5818,0.540085,0.0,1,0.006475441,0.564566105,0.566942166823707
XUVQOW_clean,7.02178,4.13589,6.48548,1.19698,1845.1,1541.47,0.0,0.0,0.6186,0.516801,0.0,1,0.004501668,0.434602945,0.41765914333775217
XUWFUR_clean,8.57387,5.22151,8.55217,0.997477,1382.53,1386.02,0.0,0.0,0.5736,0.575051,0.0,1,0.002833717,0.278772157,0.26461764221945894
XUWKEH_clean,5.79973,4.2003,5.79973,1.47767,748.2,506.339,0.0,0.0,0.4194,0.283826,0.0,1,0.001024552,0.095897249,0.11183031691316125
XUYXAR_clean,4.42154,3.80283,4.41884,1.51094,575.938,381.179,0.0,0.0,0.432,0.285915,0.0,1,0.00276972,0.263304295,0.23673537585449797
YABHER_clean,14.37293,4.52414,14.37293,0.692157,1907.84,2756.36,0.0,0.0,0.7082,1.02318,0.0,1,0.004709188,0.452991335,0.44098154614129037
YAGJOI_clean,5.63288,5.50957,5.62983,1.07586,1552.96,1443.46,0.0,0.0,0.5528,0.513822,0.0,0,0.005894922,0.54047209,0.5443572400104917
YAJXIT_clean,5.12079,3.85633,4.1425,1.60147,940.147,587.051,0.0,0.0,0.5148,0.321454,0.0,1,0.003272314,0.281232142,0.29368763106812207
YAJXUF_clean,4.78048,4.01708,4.28221,1.6121,814.456,505.215,0.0,0.0,0.519,0.32194,0.0,1,0.003716779,0.313178265,0.3271330430605167
YANBAR03_clean,4.71059,3.74,4.66327,1.80873,823.157,455.102,0.0,0.0,0.451,0.249346,0.0,0,0.001950144,0.190111796,0.19936092955604084
YANBAR_clean,4.9541,3.79831,4.9225,1.76383,896.703,508.383,0.0,0.0,0.4572,0.259208,0.0,0,0.00204027,0.191625293,0.19565751930907715
YAPLIM_clean,8.749,6.77808,8.749,0.964207,1741.38,1806.02,6.02633,6.25004,0.65,0.674129,0.0,1,0.003376544,0.340631338,0.3230370116688128
YAPLOS_clean,9.23645,7.54223,9.20879,0.838059,1650.76,1969.74,3.89826,4.65153,0.6584,0.785625,0.0,1,0.002017563,0.195517881,0.2026092883761157
YAPLUY_clean,7.79113,6.77532,7.7776,0.987389,1670.12,1691.45,5.68352,5.75611,0.6296,0.637641,0.0,1,0.00260396,0.244772271,0.25761720584841574
YAPMAF_clean,8.17522,6.25474,8.17454,1.00629,1672.2,1661.75,6.89892,6.8558,0.6166,0.612746,0.0,1,0.00306714,0.290395622,0.2961816883666957
YAQCEY_clean,6.56305,4.53526,6.55951,1.09172,1547.89,1417.84,0.0,0.0,0.554,0.507454,0.0,1,0.003211224,0.307876115,0.31642774937438284
YAQKEI_clean,4.87973,4.18958,4.87973,1.91746,825.152,430.337,0.0,0.0,0.4374,0.228115,0.0,1,0.00360347,0.316015985,0.3036119966309371
YARBAW_clean,4.44594,3.74599,4.44594,1.19018,680.577,571.825,0.0,0.0,0.4774,0.401114,0.0,1,0.001971482,0.18129527,0.19876670534348506
YARDEC_clean,4.66636,3.48033,4.66636,1.03943,1194.85,1149.52,0.0,0.0,0.547,0.52625,0.0,0,0.007620183,0.678269492,0.6878769650802552
YARDIG_clean,4.62568,3.53484,4.62568,1.03032,1206.44,1170.94,0.0,0.0,0.5394,0.523527,0.0,0,0.006673442,0.624800731,0.6070274597187754
YARGAB_clean,10.70302,9.67182,10.70302,0.961173,1387.15,1443.19,0.0,0.0,0.6238,0.648999,0.0,1,0.00304542,0.301990004,0.2886855118731936
YARKEJ_clean,5.07878,4.0341,5.03574,1.22095,872.445,714.565,0.0,0.0,0.486,0.398052,0.0,0,0.007007934,0.615045531,0.5734463112402194
YARKOT_clean,5.25265,3.98181,5.2356,0.962764,1924.08,1998.5,0.0,0.0,0.6296,0.653951,0.0,1,0.006865689,0.650276183,0.6344689515931237
YARYIZ_clean,5.51251,4.14788,5.51251,1.11604,2131.77,1910.12,0.0,0.0,0.6948,0.622558,0.0,0,0.000838031,0.083384096,0.08431364999130037
YARZEZ02_clean,7.33631,5.31685,7.33003,0.762014,2989.95,3923.75,0.0,0.0,0.7604,0.997882,0.0,0,0.001683465,0.16086939,0.18706522229692973
YARZEZ03_clean,7.77175,4.5942,7.75648,0.810672,2535.58,3127.75,0.0,0.0,0.7232,0.8921,0.0,0,0.001745971,0.172337946,0.18111431664203187
YARZEZ_clean,5.63038,4.40455,5.63038,0.959184,2069.23,2157.28,0.0,0.0,0.682,0.711021,0.0,0,0.001887416,0.17768991,0.18121294055443987
YASLOW_clean,11.27088,6.03691,11.27088,0.827082,2236.87,2704.53,0.0,0.0,0.7068,0.85457,0.0,0,0.002686074,0.256760977,0.26057644172985217
YASLUA_clean,4.94209,4.00194,4.9385,1.70772,1160.33,679.462,0.0,0.0,0.57,0.333779,0.0,1,0.002145824,0.214391874,0.19151436898291924
YATDUV_clean,9.16363,5.74685,9.12289,0.890102,2297.06,2580.67,0.0,0.0,0.7262,0.815861,0.0,1,0.002975567,0.290663618,0.3106746693785816
YATTUK_clean,5.98818,5.09996,5.98666,1.2421,2236.34,1800.46,0.0,0.0,0.6648,0.535224,0.0,1,0.00311136,0.304964466,0.2993212283213378
YAVSOG_clean,5.27147,3.77137,4.73746,1.58778,810.938,510.737,0.0,0.0,0.471,0.296641,0.0,0,0.003214224,0.279277348,0.2849033386713443
YAVTUN_clean,9.91839,8.86286,9.91839,0.965245,1733.93,1796.36,0.0,0.0,0.6864,0.711115,0.0,1,0.002155283,0.218516083,0.20630001572721496
YAVVAV_clean,9.88958,8.7039,9.88958,1.06981,1632.82,1526.27,0.0,0.0,0.6406,0.598799,0.0,1,0.002394523,0.242813164,0.24581653072491957
YAVVID_clean,4.84619,4.06844,4.72468,1.45348,1121.07,771.298,0.0,0.0,0.5442,0.374412,0.0,1,0.003856892,0.34101186,0.34327196170524527
YAVVOJ_clean,4.78155,4.02282,4.65286,1.48818,1095.49,736.125,0.0,0.0,0.5464,0.36716,0.0,1,0.003864121,0.353260145,0.3359893314642874
YAVVUP_clean,4.79083,4.0345,4.51089,1.48936,1096.45,736.189,0.0,0.0,0.5422,0.364049,0.0,1,0.003922196,0.346852955,0.3422828366543042
YAVWAW_clean,4.87227,4.07548,4.69675,1.46373,1145.93,782.881,0.0,0.0,0.5582,0.381355,0.0,1,0.003736701,0.331871254,0.3451163052333531
YAVWUQ_clean,15.48597,6.62234,15.4779,0.747785,2189.36,2927.8,0.0,0.0,0.7402,0.989857,0.0,1,0.004290321,0.417878237,0.409272675303294
YAVZAX_clean,5.41112,4.55984,5.40803,1.50963,1275.98,845.227,0.0,0.0,0.5678,0.376117,0.0,0,0.003615041,0.319856582,0.3475284856490065
YAVZUT_clean,9.86186,4.91496,9.72199,0.854434,1940.85,2271.51,0.0,0.0,0.6662,0.779698,0.0,1,0.004488555,0.41092527,0.4126050652094106
YAWBAC_clean,10.4496,5.49019,10.26922,0.855998,1928.74,2253.21,0.0,0.0,0.6638,0.775469,0.0,1,0.005779044,0.497734003,0.5203728633645014
YAWFOS_clean,6.58573,4.52277,6.51086,1.38834,1531.01,1102.76,0.0,0.0,0.6034,0.434618,0.0,1,0.000853146,0.081147353,0.09730864314354487
YAXBOP_SL,5.80792,5.38349,5.80792,1.12998,1474.82,1305.18,0.0,0.0,0.591,0.52302,0.0,0,0.004626157,0.443112369,0.43766958774273723
YAYLER_clean,4.97966,4.34921,4.97473,3.91304,903.181,230.813,0.0,0.0,0.4372,0.111729,0.0,1,0.000738133,0.073023743,0.057010601074410194
YAYRAT_clean,6.10819,5.25433,6.10592,0.863424,2602.75,3014.46,0.0,0.0,0.6904,0.799607,0.0,0,0.00690873,0.644665263,0.6340350154799743
YAZWOM_clean,4.58853,4.19832,4.58853,1.42471,389.253,273.216,49.369,34.652,0.47,0.329892,0.0,1,0.001000123,0.102071236,0.0913918487958521
YEBLAT_clean,6.81519,6.14414,6.81519,1.60609,1346.83,838.578,0.0,0.0,0.5478,0.341077,0.0,0,0.001488382,0.14095258,0.1466368433354126
YEDKUO_clean,6.88443,4.8384,6.1725,0.827487,2774.06,3352.39,0.0,0.0,0.6498,0.785269,0.0,1,0.003815947,0.375696487,0.38219593403044083
YEDLAV_clean,5.4499,3.81156,5.4499,1.25884,985.671,783.002,173.283,137.653,0.514,0.408314,0.0,1,0.009030456,0.729511059,0.7173739629375544
YEFNEC_clean,7.0118,5.67657,7.0118,1.03009,2663.85,2586.03,0.0,0.0,0.7454,0.723623,0.0,0,0.001308494,0.126727691,0.12703251775606011
YEFNOM_clean,6.99053,5.65806,6.99053,1.03643,2661.11,2567.58,0.0,0.0,0.7442,0.718045,0.0,0,0.001350331,0.12886283,0.1319395209568025
YEFPEE_clean,6.60032,5.32777,6.60032,1.16153,2587.98,2228.08,0.0,0.0,0.7204,0.620219,0.0,0,0.001540762,0.150123328,0.15100654657648205
YEGCUJ_clean,7.31661,4.83808,7.31661,1.36986,1339.97,978.182,0.0,0.0,0.5642,0.411867,0.0,1,0.00378871,0.324175951,0.3384466026839187
YEGKOM_clean,5.20851,4.05507,5.20188,1.12752,1913.28,1696.88,0.0,0.0,0.6196,0.549523,0.0,0,0.004620574,0.455395424,0.4565714640925984
YEHGID_clean,6.88886,4.03008,6.66292,1.04955,1124.4,1071.32,29.6858,28.2844,0.5406,0.51508,0.0,0,0.005774631,0.495923571,0.5258130980849594
YEKQOW_clean,13.71017,3.97085,13.71017,1.23134,1607.97,1305.87,0.0,0.0,0.6056,0.491823,0.0,1,0.005601133,0.489457056,0.5019934557110617
YEKXOD_clean,7.62702,5.92083,7.58526,0.977291,1976.53,2022.46,0.0,0.0,0.6138,0.628063,0.0,1,0.003607593,0.343184533,0.3554247590691295
YEKXUJ_clean,7.55002,6.86281,7.5454,0.941882,1957.97,2078.79,0.0,0.0,0.639,0.678429,0.0,1,0.003454523,0.315243541,0.3445400048999644
YELYOE_clean,5.04252,3.59258,5.00865,2.17111,739.471,340.597,0.0,0.0,0.4584,0.211137,0.0,1,0.008069636,0.591308033,0.6309865730781982
YEMMAF_clean,9.71746,9.09929,9.71746,1.3312,1383.23,1039.09,0.0,0.0,0.5818,0.43705,0.0,1,0.000987073,0.094754572,0.09884496231144685
YEQRIV_clean,5.99633,4.79932,5.81502,0.74227,3172.25,4273.71,0.0,0.0,0.734,0.988859,0.0,1,0.001004183,0.100584699,0.1055365701532634
YEVQUM_manual,7.24971,4.97645,7.24971,1.58621,997.869,629.089,110.417,69.6106,0.5532,0.348755,0.0,1,0.001659072,0.156896035,0.1564606395291926
YEYCUC_SL,17.82348,5.70059,17.82348,0.555715,2326.25,4186.05,0.0,0.0,0.7742,1.39316,0.000719793,0,0.003901621,0.376376629,0.36079625894889084
YEYFEP_clean,6.98334,4.14157,6.98202,1.19557,2249.87,1881.83,0.0,0.0,0.6508,0.544341,0.0,1,0.002364049,0.237625951,0.23035049547214087
YEZFIU_clean,7.76134,3.87237,7.76134,1.15876,1542.78,1331.4,0.0,0.0,0.5858,0.505539,0.0,1,0.002209987,0.216766548,0.22243614905397618
YEZKEV_clean,5.97739,3.43415,5.31131,1.09565,745.656,680.561,250.74,228.851,0.5084,0.464017,0.0,1,0.004803261,0.4029702,0.4292375031661514
YIBMUT_clean,4.66852,3.42869,4.24306,1.43993,703.496,488.563,0.0,0.0,0.4898,0.340155,0.0,1,0.007115595,0.529298889,0.5922306682155762
YICDAR_clean,5.59824,4.74384,5.59824,0.895752,2281.69,2547.24,0.0,0.0,0.6272,0.700194,0.0,1,0.004504279,0.426595948,0.4291912904418732
YICREI_clean,5.84848,5.57464,5.83375,1.84239,1401.27,760.57,0.0,0.0,0.5592,0.303518,0.0,1,0.005504955,0.486484937,0.4990016494441557
YIKJOT_clean,9.06042,4.04226,9.06042,1.25445,1709.74,1362.94,22.3665,17.8297,0.6492,0.517517,0.0,1,0.001814504,0.176997422,0.18900270882044173
YIKJUZ_clean,8.98552,4.23883,8.98552,1.25419,1702.48,1357.43,21.0421,16.7774,0.6478,0.516507,0.0,1,0.001805965,0.17785771,0.18843317808161014
YILJUA_clean,6.47025,4.23928,6.47025,1.06649,1898.08,1779.75,0.0,0.0,0.616,0.577597,0.0,0,0.004570223,0.438914247,0.45037142853541506
YINCEF_clean,5.29805,4.38969,5.29805,1.14172,1383.89,1212.11,0.0,0.0,0.5194,0.454928,0.0,1,0.005053143,0.451840711,0.47846673819558955
YINCIJ_clean,5.57662,4.55736,5.57662,1.15159,1292.51,1122.37,0.0,0.0,0.5342,0.463881,0.0,1,0.004817858,0.453421742,0.43531502685233925
YINCOP_clean,5.26078,4.28352,5.26078,1.18451,1235.25,1042.84,0.0,0.0,0.5154,0.435117,0.0,1,0.004897019,0.450499363,0.44707544583276415
YINDOQ_clean,4.43071,3.40597,4.26593,1.3553,678.182,500.394,0.0,0.0,0.4342,0.320372,0.0,1,0.008398545,0.624639263,0.6706444864895769
YINPEQ_clean,9.47139,8.23796,9.47139,0.666821,2383.65,3574.65,0.0,0.0,0.7906,1.18563,0.0,0,0.002128545,0.21087874,0.20169848932709816
YINXIE_clean,6.16574,4.96395,6.1491,1.27739,1014.53,794.22,0.0,0.0,0.5052,0.395493,0.0,1,0.003011886,0.266528173,0.2798736498934833
YIPDOR_clean,10.31977,7.54281,10.31977,0.44826,2440.58,5444.55,0.0,0.0,0.7974,1.77888,0.0,1,0.003204589,0.315912371,0.3280672639080302
YIRHOY_clean,4.32621,3.78826,4.32621,3.27612,950.357,290.086,0.0,0.0,0.4232,0.129177,0.0,1,0.002634637,0.230768441,0.22298506466570972
YIVNIC_clean,4.61348,3.86544,4.61348,1.60999,548.992,340.991,0.0,0.0,0.3982,0.24733,0.0,1,0.001996309,0.180443538,0.16554245813918755
YIVZIO_clean,7.47444,4.87179,7.47444,1.1331,1630.87,1439.3,0.0,0.0,0.577,0.509222,0.0,1,0.001922764,0.196321671,0.1930070849775944
YIVZOU_clean,7.22451,3.90462,7.20186,1.01646,1810.83,1781.5,0.0,0.0,0.6044,0.594611,0.0,1,0.003276983,0.323756028,0.32086472514633824
YIWBEN_clean,5.41707,3.94622,5.41707,1.08258,1617.69,1494.29,0.0,0.0,0.5648,0.521716,0.0,0,0.006827333,0.616782529,0.6243032376339142
YIWLEV_clean,6.84017,5.52979,6.84017,1.2226,2050.0,1676.76,0.0,0.0,0.7014,0.573697,0.0,0,0.001044967,0.10358866,0.10910244652917767
YIWLIZ_clean,6.76345,5.40521,6.76332,1.26054,2049.12,1625.6,0.0,0.0,0.6972,0.553098,0.0,0,0.001139598,0.108859805,0.11838874007285932
YIWLUL_clean,5.60589,3.69448,5.60589,1.34283,1888.85,1406.63,0.0,0.0,0.6708,0.499544,0.0,1,0.001116779,0.110833632,0.11393109969328363
YIWMEW_clean,5.71951,3.80264,5.71876,1.30733,2035.3,1556.84,0.0,0.0,0.6656,0.509129,0.0,1,0.001095303,0.110210812,0.10671072221091044
YIWMOG_clean,6.74773,5.04258,6.74039,1.26894,2076.98,1636.78,0.0,0.0,0.6788,0.534934,0.0,1,0.001062081,0.109532289,0.11039635178226703
YIWNAT_clean,6.30784,4.54282,6.29619,1.29078,2076.15,1608.45,0.0,0.0,0.675,0.52294,0.0,0,0.001171813,0.111766183,0.10766815554091907
YIWNIB_clean,6.81948,5.37501,6.81948,1.22536,2128.85,1737.32,0.0,0.0,0.696,0.567996,0.0,0,0.001005705,0.103589164,0.09965616803424515
YIWNOH_clean,6.80447,5.22872,6.75626,1.25407,2104.1,1677.82,0.0,0.0,0.691,0.551005,0.0,0,0.001031377,0.107752422,0.09635423084342126
YIWPAV_clean,6.84936,5.28466,6.84936,1.24173,2101.82,1692.65,0.0,0.0,0.6932,0.558254,0.0,0,0.001016276,0.105490339,0.09582348253915834
YIXFIW_clean,4.72359,3.58415,4.71426,1.46617,963.816,657.369,0.0,0.0,0.4922,0.335704,0.0,0,0.005044385,0.444784047,0.4627043060099302
YIXYUB_clean,7.99703,7.36677,7.98615,1.64643,944.835,573.867,0.0,0.0,0.4756,0.288867,0.0,0,0.002100835,0.20948424,0.20184057206029848
YIXZEM_clean,8.10881,7.62421,8.10881,1.55257,958.181,617.157,0.0,0.0,0.488,0.314317,0.0,0,0.001748564,0.17273488,0.18275534512982206
YIYHAQ_clean,5.13693,3.97105,5.11342,0.982113,1295.69,1319.28,0.0,0.0,0.5422,0.552075,0.0,1,0.004225071,0.396705605,0.4119022305325494
YIZGIZ_clean,8.32701,3.59268,8.32701,1.46991,1382.6,940.602,0.383122,0.260644,0.553,0.376215,0.0,0,0.003422314,0.3302775,0.30404799320886144
YIZGOF_clean,8.30449,3.57994,8.30449,1.47966,1364.44,922.132,0.0,0.0,0.552,0.373059,0.0,0,0.003654359,0.345881487,0.32765351702526335
YOBYAR_clean,9.69314,7.13433,9.69314,0.65232,2302.34,3529.46,0.0,0.0,0.7484,1.14729,0.0,1,0.003152231,0.312139144,0.31483664811136525
YOBYEV_clean,9.64125,7.09583,9.64125,0.653616,2314.51,3541.09,0.0,0.0,0.7532,1.15236,0.0,1,0.00311452,0.310039679,0.31370763401461144
YOCDUR_clean,9.69113,7.20147,9.69113,0.660405,2307.63,3494.27,0.0,0.0,0.7614,1.15293,0.0,1,0.003178468,0.318673324,0.31467619989827145
YOCLEJ_clean,13.16813,6.65727,13.16813,0.881908,2114.87,2398.07,0.0,0.0,0.7196,0.815958,0.0,1,0.004926147,0.431783124,0.4352956415359645
YOCLIN_clean,13.22354,6.67449,13.22354,0.8764,2113.41,2411.46,0.0,0.0,0.7206,0.822227,0.0,1,0.004727241,0.425720372,0.42436590964705256
YOCNAH_clean,6.22868,3.97762,6.13994,1.44635,836.354,578.253,0.0,0.0,0.4804,0.332147,0.0,1,0.009052911,0.617662359,0.6849628672805056
YOCSEQ_clean,5.29821,4.82783,5.29821,2.09158,1030.37,492.631,0.0,0.0,0.4588,0.219356,0.0,1,0.002975532,0.276353009,0.2655143477375498
YODWOF_clean,21.60336,14.63737,21.60336,0.354351,1695.85,4785.8,0.0,0.0,0.8718,2.46027,0.0,1,0.003462006,0.343028831,0.3500018716012352
YODWUL_clean,23.49364,11.53361,23.48524,0.424505,1906.84,4491.91,0.0,0.0,0.849,1.99997,0.0,1,0.003289231,0.327343443,0.3288587445879121
YOFGOR_clean,5.41632,4.78135,5.41632,1.32576,1175.0,886.282,0.0,0.0,0.499,0.376388,0.0,1,0.007720302,0.636467182,0.6427854526058981
YOFXEY_clean,5.28351,3.76449,3.92047,1.16809,406.535,348.035,406.008,347.584,0.5144,0.440378,0.0,0,0.004064165,0.368000994,0.38414079484853403
YOFXIC_clean,4.88114,3.85589,4.00843,1.17746,202.132,171.668,464.324,394.346,0.5094,0.432628,0.0,0,0.003857295,0.342125809,0.3429216399184586
YOGKOW_clean,10.82894,9.41793,10.82894,0.926286,1458.82,1574.92,0.0,0.0,0.651,0.702807,0.0,1,0.003231806,0.306653083,0.30771126722308395
YONNAR_clean,11.86103,5.70578,11.72639,0.691421,2206.3,3190.97,0.0,0.0,0.7668,1.10902,0.0,1,0.003380468,0.330577819,0.3354223239222148
YONNUL_clean,7.44579,3.94305,6.4772,1.00681,1672.8,1661.47,0.0,0.0,0.5814,0.577465,0.0,0,0.00771228,0.666381173,0.7072442317727962
YORGOD_clean,8.38023,4.12707,8.38023,0.867162,1938.3,2235.22,0.0,0.0,0.6224,0.717744,0.0,0,0.004461229,0.426640225,0.4180001941748239
YORLEY_clean,14.11404,9.82464,14.11404,1.50654,1067.45,708.545,0.0,0.0,0.6006,0.398661,0.0,1,0.001319755,0.120026526,0.08600059855144027
YORNIE_clean,6.06957,5.53792,6.06957,0.892995,1622.17,1816.55,0.0,0.0,0.629,0.704371,0.0,1,0.002848724,0.279141666,0.281574925714399
YOYNUX_clean,6.53052,5.58315,6.53052,1.14575,936.289,817.183,0.0,0.0,0.503,0.439013,0.0,0,0.007020824,0.575074173,0.562364007794818
YOYPAF_clean,6.55588,5.45199,6.55588,1.14259,922.719,807.568,0.0,0.0,0.4978,0.435677,0.0,0,0.007415392,0.597346889,0.6094135094462267
YOYPEJ_clean,6.69444,5.84937,6.69444,1.13629,975.718,858.686,0.0,0.0,0.5104,0.44918,0.0,0,0.006744804,0.553187177,0.5485495668384519
YOYPIN_clean,6.69706,5.82012,6.69706,1.12302,945.662,842.074,0.0,0.0,0.503,0.447901,0.0,0,0.006194663,0.53124742,0.5151091427199852
YOYPOT_clean,6.7589,5.79486,6.7589,1.1199,967.709,864.099,0.0,0.0,0.5112,0.456468,0.0,0,0.006993204,0.56382843,0.5596896729296318
YOYPUZ_clean,6.823,5.88003,6.823,1.1136,990.517,889.476,0.0,0.0,0.5056,0.454025,0.0,0,0.006528052,0.554222944,0.5406204075235936
YOYQAG_clean,6.86662,5.74381,6.86662,1.1179,982.695,879.053,0.0,0.0,0.5126,0.458537,0.0,0,0.006694304,0.56441385,0.5454894041476511
YOYQEK_clean,6.62212,5.08469,6.62212,1.12644,928.228,824.034,0.0,0.0,0.5154,0.457546,0.0,0,0.0074672,0.597752723,0.6134590001768174
YOYQIO_clean,6.67565,4.79784,6.64558,1.08038,1016.53,940.902,0.0,0.0,0.5102,0.47224,0.0,0,0.006701739,0.571285151,0.5512521318012439
YOYQUA_clean,6.73531,5.14118,6.73531,1.08477,941.654,868.069,0.0,0.0,0.5218,0.481024,0.0,0,0.00685399,0.577134815,0.5667048680488677
YOYREL_clean,7.29129,6.3252,7.29129,1.04682,1086.92,1038.31,0.0,0.0,0.5424,0.518142,0.0,0,0.006124785,0.527869424,0.5095006832355233
YOYRIP_clean,6.79198,5.2818,6.79198,1.07942,946.208,876.593,0.0,0.0,0.5242,0.485633,0.0,0,0.006984873,0.571592325,0.5641526195441633
YOYTOX_clean,5.00131,3.86562,5.00092,1.39238,1497.55,1075.53,0.0,0.0,0.5584,0.401039,0.0,1,0.003319167,0.307410639,0.3144938836286195
YOYTUD_clean,4.80402,3.83038,4.80248,1.49755,1398.05,933.559,0.0,0.0,0.5346,0.356983,0.0,1,0.00372197,0.345881571,0.34023407307410014
YOYVAL_clean,5.10696,4.09246,5.10696,1.36597,1540.95,1128.11,0.0,0.0,0.565,0.413627,0.0,1,0.003443655,0.317782044,0.3351637973298992
YOYVEP01_clean,4.85942,3.67908,4.85942,1.85926,1388.03,746.548,0.0,0.0,0.5542,0.298075,0.0,1,0.002318256,0.218165726,0.2198725313040062
YOYVOZ_clean,4.67642,3.71608,4.67441,1.95188,1324.79,678.726,0.0,0.0,0.5406,0.276964,0.0,1,0.002609253,0.242041451,0.23987968489267789
YOYWEQ01_clean,4.53154,3.47646,4.53046,2.03962,960.704,471.022,1.31722,0.645816,0.5242,0.257009,0.0,1,0.002315826,0.217030291,0.20806412764804227
YOYWEQ_clean,4.77875,3.62914,4.77812,1.88548,1186.63,629.349,4.49602,2.38455,0.5478,0.290536,0.0,1,0.002118993,0.204586069,0.19262676086229652
YOZBAS_clean,16.94429,7.02537,16.94429,0.790688,1759.48,2225.25,0.0,0.0,0.6898,0.872405,0.0,0,0.003779231,0.367833692,0.36031018415377053
YOZBOF_SL,7.83476,4.57838,7.67886,1.07865,1348.62,1250.29,0.0,0.0,0.5716,0.529923,0.0,0,0.003502535,0.321247716,0.3333872903372337
YOZCAS_manual,8.46123,4.31249,7.59373,1.29132,1274.82,987.221,0.0,0.0,0.5562,0.430722,0.0,0,0.002696902,0.249402757,0.24902545317070965
YOZJEE01_clean,4.99022,3.91645,4.98963,1.38859,1498.87,1079.42,0.0,0.0,0.5588,0.402423,0.0,1,0.003507089,0.314310636,0.33211293988708407
YOZJEE_clean,4.63204,3.60208,4.62987,1.53122,1162.82,759.411,4.86491,3.17715,0.5256,0.343256,0.0,1,0.003066225,0.295152084,0.28984685082370454
YOZKOP_clean,5.21744,4.85597,5.21744,1.23316,795.516,645.106,0.0,0.0,0.5018,0.406924,0.0,1,0.002811859,0.259624993,0.24744155811757615
YOZNAE_clean,13.27907,6.70029,13.26706,0.882932,2074.79,2349.88,0.0,0.0,0.7122,0.80663,0.0,1,0.004789238,0.415540658,0.4244805283503339
YOZQEK_clean,13.97996,12.00951,13.48133,0.61183,1737.5,2839.84,0.0,0.0,0.7918,1.29415,0.0,1,0.002080915,0.219417899,0.20528226923487009
YOZYOD_clean,6.08705,4.94831,6.08705,1.19906,1535.33,1280.44,0.0,0.0,0.57,0.475373,0.0,1,0.004658086,0.44886242,0.4338562866325969
YOZYUJ_clean,8.32775,7.35004,8.32775,1.04928,1799.21,1714.71,0.0,0.0,0.648,0.617564,0.0,1,0.004356091,0.417795393,0.40855967311819463
YUBFOR_clean,8.69265,4.94745,8.69265,1.19814,1446.3,1207.12,0.0,0.0,0.612,0.510792,0.0,1,0.002352276,0.213313797,0.22571978507249757
YUBGIN_clean,5.8422,3.48658,5.82075,1.92767,1406.23,729.498,0.0,0.0,0.58,0.300882,0.0,1,0.002310582,0.214154482,0.2218761885847622
YUBQET_clean,5.81942,4.13008,5.81921,1.08758,1193.63,1097.51,0.0,0.0,0.5256,0.483275,0.0,0,0.006776571,0.613525014,0.5933923613749055
YUBTUM_clean,7.3117,5.64903,7.31034,1.22617,1319.07,1075.76,0.0,0.0,0.5428,0.442678,0.0,0,0.001796506,0.168546692,0.17776642678905108
YUDFEK_clean,6.78829,4.53676,6.76727,1.15506,1800.97,1559.2,0.0,0.0,0.6172,0.534345,0.0,1,0.003727255,0.357119404,0.3660877291153013
YUDFIO_clean,7.42167,6.24399,7.42167,1.08555,1886.91,1738.2,0.0,0.0,0.6204,0.571506,0.0,1,0.001933398,0.192937011,0.19782918181935322
YUDFOU_clean,7.64047,6.34458,7.63187,1.05425,1899.74,1801.98,0.0,0.0,0.6516,0.618068,0.0,1,0.001788566,0.184141987,0.18343787397199307
YUGZIK_clean,11.91055,8.94015,11.87908,0.448758,2210.67,4926.21,0.0,0.0,0.8084,1.80142,0.0,1,0.003492031,0.344820248,0.3496297651609544
YUHHIU_clean,6.82796,5.69487,6.82796,0.81756,1884.13,2304.57,0.0,0.0,0.672,0.821958,0.0,1,0.003548049,0.350077057,0.35321382549807256
YUJCOX_clean,5.98412,4.49111,5.97667,1.61045,1537.35,954.605,0.0,0.0,0.5426,0.336924,0.0,1,0.005322411,0.498588239,0.48128229249821536
YUJNOH_clean,5.27714,3.46452,5.27652,1.77541,392.456,221.051,0.0,0.0,0.4746,0.267319,0.0,1,0.002236399,0.198913437,0.17386697305485826
YUKCAJ_clean,4.62174,3.64026,4.62174,1.16054,790.171,680.867,0.0,0.0,0.4744,0.408776,0.0,0,0.003837969,0.358777646,0.3481131791189459
YUKKAR_clean,5.85992,4.34741,5.85992,1.1473,1614.58,1407.28,0.0,0.0,0.5232,0.456026,0.0,0,0.00490164,0.457375593,0.45747712334059837
YULNOK_clean,4.29835,3.4152,4.29262,1.35163,393.739,291.306,2.25484,1.66823,0.4592,0.339737,0.0,1,0.002456502,0.214564448,0.22931720627452365
YUMFUJ_clean,5.62483,3.84836,5.59785,1.06417,2334.41,2193.65,0.0,0.0,0.607,0.5704,0.0,1,0.004731538,0.457666124,0.45517144330093867
YUMJAS_clean,6.24531,4.99676,6.24531,2.01823,1798.6,891.176,0.0,0.0,0.5646,0.27975,0.0,1,0.001053297,0.100887812,0.099793376870208
YUMKAU_clean,9.79433,6.58571,9.76919,1.05716,1773.48,1677.58,0.0,0.0,0.674,0.637556,0.0,1,0.002456288,0.238128967,0.24785671336083484
YUNJUO_clean,4.39479,3.63152,4.30622,1.20023,327.056,272.493,228.818,190.645,0.4452,0.370927,0.0,0,0.008436739,0.696012341,0.6289009873442586
YUNKAV_clean,4.51501,3.79299,4.16091,1.19194,612.464,513.84,0.0,0.0,0.4502,0.377705,0.0,0,0.008173673,0.655344186,0.6692106066273097
YUPSIM_clean,5.52019,4.61021,5.51376,1.65801,687.926,414.911,0.0,0.0,0.4506,0.271772,0.0,0,0.000716316,0.072359983,0.08020027515596106
YURJUR_clean,13.69253,8.47609,13.69253,0.683521,2000.04,2926.08,0.0,0.0,0.7552,1.10487,0.0,0,0.002699872,0.256932717,0.2692100144555555
YURKAY_clean,8.234,7.52617,8.234,0.858047,2501.02,2914.78,0.0,0.0,0.7128,0.830724,0.0,1,0.003316687,0.337370167,0.33564556733121464
YURKEC_clean,7.90101,7.08763,7.8976,1.07399,1764.62,1643.06,0.0,0.0,0.6344,0.590696,0.0,1,0.00362072,0.347284422,0.3502125829400082
YURKIG_clean,6.91612,5.83867,6.83043,1.00356,2150.65,2143.01,0.0,0.0,0.6578,0.655465,0.0,1,0.004059423,0.385358565,0.39933688344516716
YUSGID_clean,4.4966,3.71515,4.45873,1.44519,752.59,520.755,0.0,0.0,0.4252,0.294217,0.0,0,0.002376853,0.237532609,0.22604906330065655
YUSGOJ_SL,4.42187,3.56624,4.4192,1.435,723.425,504.128,0.0,0.0,0.4304,0.29993,0.0,1,0.001938809,0.186139524,0.20064559481500105
YUSWEP_manual,37.3405,13.00592,37.31547,0.403891,1712.88,4240.94,0.0,0.0,0.8324,2.06095,0.0,1,0.003572926,0.353320174,0.3590828128500589
YUSWEQ_clean,5.40391,4.45966,5.39413,1.61347,1720.16,1066.13,0.0,0.0,0.5494,0.340509,0.0,1,0.003614331,0.342142745,0.33835193099530675
YUTDUO_clean,7.90649,6.23902,7.90649,1.39467,1474.83,1057.48,0.0,0.0,0.5612,0.40239,0.0,1,0.001560208,0.149392341,0.1572344802612815
YUXLEJ_clean,10.83121,6.54663,10.83121,0.97354,1928.71,1981.13,0.0,0.0,0.6686,0.686772,0.0,1,0.001994846,0.19546109,0.20015623062959487
YUXLIN_clean,11.21237,6.77529,11.21199,0.978835,1903.75,1944.91,0.0,0.0,0.6474,0.661399,0.0,1,0.00202942,0.193151564,0.20136091273427026
YUXQIS_clean,17.65359,14.41981,17.65359,0.688928,1805.53,2620.78,0.0,0.0,0.7418,1.07675,0.0,0,0.003013688,0.301412207,0.31396298193729744
YUXQOY_clean,7.81236,5.76726,7.81236,0.879883,2108.57,2396.42,0.0,0.0,0.6624,0.752827,0.0,0,0.003274264,0.323522408,0.3194662986824705
YUYBIF_clean,5.00131,4.56878,4.98439,1.44177,873.775,606.043,0.0,0.0,0.501,0.347489,0.0,0,0.004624043,0.404353488,0.41021572063435546
YUZPEQ_clean,21.49816,9.22584,18.34054,0.4666,2093.84,4487.44,0.0,0.0,0.8266,1.77154,0.0,1,0.003914961,0.394758085,0.3688124382786654
YUZPIU_clean,24.28264,10.2733,24.27637,0.405541,1930.72,4760.85,0.0,0.0,0.8426,2.07772,0.0,1,0.004252218,0.417625418,0.40506057133634543
YUZPOA_clean,20.08724,6.66271,20.08724,0.597835,2261.64,3783.05,0.0,0.0,0.7894,1.32043,0.0,1,0.004120433,0.411214773,0.39001747807776266
YUZRAO_clean,7.04018,5.00118,6.73681,1.11887,1297.93,1160.04,0.0,0.0,0.528,0.471906,0.0,1,0.003341684,0.324806865,0.3137432596335486
YUZXAT_clean,5.15837,3.71285,5.1262,1.26263,639.82,506.735,0.0,0.0,0.4692,0.371605,0.0,1,0.006437703,0.474234928,0.5111730549549451
ZABQIC_ion_b,12.00373,11.11993,12.00373,0.767386,1559.55,2032.28,0.0,0.0,0.672,0.8757,0.0,1,0.001772001,0.183943332,0.1786912139876069
ZACHIX_clean,13.14331,6.50331,13.13039,0.890304,2133.37,2396.22,0.0,0.0,0.7114,0.799053,0.0,1,0.0048028,0.42277295,0.42842040808901927
ZAGHAT_clean,4.51112,4.19176,4.51112,1.1607,908.617,782.819,0.0,0.0,0.5106,0.439908,0.0,1,0.005136647,0.460705293,0.4780098845101051
ZAHLEC_clean,10.74057,8.40432,8.92854,0.504189,2700.75,5356.61,0.0,0.0,0.8076,1.60178,0.0,1,0.003100586,0.305538531,0.3161795450868198
ZALDUO_clean,4.61661,3.56851,4.61661,1.92477,1210.48,628.894,0.0,0.0,0.514,0.267045,0.0,1,0.001036142,0.09970962,0.105021535358922
ZALREM_clean,5.87604,3.78386,5.86921,1.04183,1802.16,1729.8,0.0,0.0,0.622,0.597029,0.0,0,0.007151613,0.637685445,0.6668582294175133
ZAQWEW_clean,6.95842,6.13717,6.94512,1.39957,1222.41,873.413,0.0,0.0,0.5188,0.370684,0.0,1,0.001634264,0.161819918,0.1621948874147231
ZARLIP_clean,9.09773,7.66595,9.09773,0.805646,1902.98,2362.06,0.0,0.0,0.6786,0.842305,0.0,1,0.003238855,0.297921532,0.31985308544517166
ZARQAM_clean,7.63314,6.94265,7.63314,2.76479,1309.37,473.587,0.0,0.0,0.5168,0.186922,0.0,1,0.000568534,0.055718114,0.047857086366959456
ZARTAP03_clean,4.16883,3.64959,4.16883,1.16973,666.603,569.875,0.0,0.0,0.5526,0.472415,0.0,0,0.001975836,0.196114155,0.2037848681141875
ZARVIZ_clean,8.08211,6.49977,8.07086,1.60695,1752.25,1090.42,2.37844,1.4801,0.6066,0.377486,0.0,1,0.001121602,0.110360009,0.10826549879613473
ZARZAV_clean,5.22384,3.95101,5.21614,1.32405,863.286,652.003,0.0,0.0,0.4802,0.362674,0.0,1,0.008578271,0.644652804,0.6658997471696275
ZASJAG_clean,8.3258,8.06587,8.3258,1.20593,1261.26,1045.89,0.0,0.0,0.5316,0.440823,0.0,0,0.001849874,0.189272902,0.1749560462958546
ZASTUK_clean,5.34498,3.95884,5.34498,1.23434,967.3,783.659,0.0,0.0,0.4876,0.39503,0.0,1,0.005873463,0.541031567,0.5052282680856677
ZAVPET_clean,5.39742,4.45708,5.33979,1.26627,1762.86,1392.17,0.0,0.0,0.5648,0.446036,0.0,1,0.003571653,0.342336445,0.35669536465259316
ZAVPIX_clean,5.34624,4.4404,5.30939,1.2826,1715.57,1337.57,0.0,0.0,0.5728,0.446594,0.0,1,0.003779596,0.359691084,0.3653186415676569
ZAVPOD_clean,5.37051,4.47073,5.34338,1.28123,1720.75,1343.05,0.0,0.0,0.573,0.447228,0.0,1,0.003569796,0.34416588,0.3561769250642298
ZAVPUJ_clean,5.35189,4.46399,5.34326,1.29856,1713.78,1319.75,0.0,0.0,0.5712,0.439871,0.0,1,0.003840837,0.352624407,0.35983581962851974
ZAVQAQ_clean,5.33865,4.48097,5.3256,1.32498,1680.96,1268.67,0.0,0.0,0.569,0.42944,0.0,1,0.003679496,0.352340709,0.3535477583055891
ZAVQIY_clean,5.30607,4.48289,5.30386,1.35411,1643.73,1213.88,0.0,0.0,0.5664,0.418282,0.0,1,0.00378892,0.352618869,0.3633797254269004
ZAVQOE_clean,5.3264,4.54894,5.3264,1.35472,1669.82,1232.6,0.0,0.0,0.5738,0.423556,0.0,1,0.003704893,0.349442102,0.3500593199863157
ZAVQUK_clean,5.30653,4.52403,5.29517,1.36913,1649.04,1204.45,0.0,0.0,0.5562,0.406243,0.0,1,0.003646896,0.348229232,0.35369148566535746
ZAVRAR_clean,5.32227,4.57646,5.32227,1.37671,1661.66,1206.98,0.0,0.0,0.5744,0.417225,0.0,1,0.003746102,0.348924572,0.35903684316404383
ZAVREV_clean,5.30179,4.55872,5.30179,1.39948,1649.43,1178.6,0.0,0.0,0.5718,0.40858,0.0,1,0.003861426,0.352014004,0.3617240478687064
ZAVRIZ_clean,5.32783,4.62627,5.32783,1.39297,1655.8,1188.68,0.0,0.0,0.5686,0.408192,0.0,1,0.003701648,0.343144898,0.35143281981168834
ZAXQOG_clean,5.67387,3.7719,5.66477,1.01421,1385.47,1366.06,80.4067,79.2805,0.6032,0.594751,0.0,1,0.00832765,0.759374725,0.7260360902676481
ZAZBUZ_clean,6.78822,5.70042,6.78792,1.17074,1452.69,1240.82,0.0,0.0,0.588,0.502245,0.0,1,0.004597473,0.415790694,0.43064042380643824
ZAZNUL_clean,14.33219,5.62688,14.33219,1.14775,1488.16,1296.59,309.364,269.539,0.6388,0.556566,0.0,1,0.00379138,0.332471255,0.3669527766289622
ZEBMAW_clean,7.10606,3.80774,7.0844,1.02768,1719.77,1673.45,0.0,0.0,0.5972,0.581114,0.0,1,0.003311169,0.337865958,0.3237513883576175
ZECKID_clean,10.33934,8.28295,10.32915,0.62663,2205.37,3519.42,0.0,0.0,0.7756,1.23773,0.0,1,0.002062635,0.209180114,0.2050992340369564
ZEDLOL_clean,4.6264,3.66432,4.6264,1.37262,652.64,475.472,0.0,0.0,0.459,0.334398,0.0,0,0.003673048,0.336921358,0.3296454683178107
ZEDQEG_clean,5.11458,4.23281,5.10868,1.21651,1349.89,1109.64,0.0,0.0,0.5426,0.446031,0.0,1,0.003353317,0.313458414,0.3179618164005401
ZELROZ_manual,16.90888,11.06843,16.90888,0.361932,1789.5,4944.29,0.0,0.0,0.8714,2.40763,0.0,0,0.002992877,0.292610799,0.30816721508841494
ZETLER_clean,7.4185,6.73421,7.4185,1.13583,1090.42,960.022,0.0,0.0,0.5128,0.451477,0.0,1,0.003419464,0.339616764,0.2992409869316649
ZEVXAB_clean,8.31732,6.45797,8.30908,0.729711,1924.84,2637.82,0.0,0.0,0.6412,0.878704,0.0,0,0.003564367,0.349772524,0.362762594416736
ZEXKUK_clean,5.43641,4.11889,5.43641,1.10203,1510.94,1371.05,0.0,0.0,0.521,0.472764,0.0,0,0.004918134,0.466463901,0.4735064394531234
ZEZFIV_clean,10.69025,9.42287,10.68854,0.594994,2005.75,3371.05,0.0,0.0,0.743,1.24875,0.0,1,0.002871007,0.288637254,0.2881334004326479
ZEZPUR_clean,6.86808,4.73515,6.86808,1.25879,1604.0,1274.24,0.0,0.0,0.5842,0.464096,0.0,1,0.003544993,0.34102728,0.34431037458529057
ZEZQAY_clean,6.85728,4.76238,6.85728,1.25559,1624.77,1294.03,0.0,0.0,0.5694,0.453492,0.0,1,0.003657911,0.356148978,0.35416526011459903
ZEZQIG_clean,6.88408,4.79829,6.69844,1.21505,1604.06,1320.16,0.0,0.0,0.5894,0.485082,0.0,1,0.003538406,0.334849311,0.3424687236188063
ZIDNEH_clean,8.84838,5.55883,8.83355,0.885692,1904.92,2150.77,0.0,0.0,0.6292,0.710405,0.0,1,0.006396925,0.56728252,0.5568718293960863
ZIDVAL_clean,5.32891,3.57912,5.32891,1.33917,571.442,426.715,0.0,0.0,0.4296,0.320796,0.0,1,0.007444559,0.520869938,0.5300265720233657
ZIJVOF01_clean,5.27877,3.42429,5.23095,1.22527,1101.04,898.609,0.0,0.0,0.5618,0.458512,0.0,1,0.005953749,0.518771641,0.5344179097247227
ZIKJIO_clean,7.07783,5.58584,7.07783,0.782965,2562.61,3272.96,0.0,0.0,0.6992,0.893015,0.0,1,0.004049212,0.424837334,0.40786559922964216
ZIKJOU_clean,5.81598,3.9573,5.81598,0.969805,2178.44,2246.27,0.0,0.0,0.6456,0.665701,0.0,1,0.006072605,0.559278944,0.5649911113522581
ZILBAZ_clean,4.9863,4.28704,4.9863,0.999721,1029.25,1029.53,0.0,0.0,0.551,0.551154,0.0,1,0.003208914,0.311249368,0.3016098820401712
ZILBED_clean,4.97187,3.8062,4.93999,0.952981,1353.58,1420.37,0.0,0.0,0.5664,0.594346,0.0,1,0.003767881,0.380336332,0.3674459035408496
ZILBIH_clean,9.14666,5.88445,8.01264,0.927388,1498.69,1616.04,0.0,0.0,0.5906,0.636843,0.0,0,0.004950634,0.476386407,0.45953108850949004
ZIMLIS_clean,8.92267,4.20987,8.92267,1.114,2237.68,2008.69,0.0,0.0,0.7006,0.628903,0.0,1,0.001608172,0.157492357,0.16696762312816998
ZINDAD_clean,16.39277,6.7436,16.39277,0.781296,1939.71,2482.68,0.0538053,0.0688667,0.7302,0.934601,0.0,1,0.004584254,0.421078962,0.4269052968904097
ZISFEO01_clean,4.76853,3.96927,4.66022,1.28743,834.269,648.011,0.0,0.0,0.4838,0.375787,0.0,1,0.006936105,0.620267427,0.5663969387599435
ZIWLUO_clean,7.47107,4.53903,7.43631,1.09467,1585.65,1448.51,0.0,0.0,0.5836,0.533128,0.0,1,0.004824143,0.438173384,0.44240142322673837
ZIWMEZ_clean,4.39347,3.81576,4.39171,1.76923,646.685,365.518,0.0,0.0,0.428,0.241913,0.0,1,0.002746538,0.246119594,0.23800219763799166
ZOFZIF_clean,8.07986,5.82761,8.06722,0.702361,2633.85,3750.0,0.0,0.0,0.7174,1.02141,0.0,1,0.003563557,0.356459709,0.369088245767638
ZOFZOL_clean,9.41161,6.60227,9.39434,0.678974,2530.56,3727.03,0.0,0.0,0.7552,1.11227,0.0,1,0.003733554,0.374137962,0.377969996529402
ZOFZUR_clean,12.72726,10.75924,12.72726,0.565447,2337.99,4134.76,0.0,0.0,0.7702,1.36211,0.0,1,0.003992162,0.386901985,0.3886985563599692
ZOHFUZ_clean,11.92122,6.68196,11.92122,0.814891,2190.64,2688.27,0.0,0.0,0.7046,0.864656,0.0,1,0.006008075,0.511555219,0.5323823733148385
ZOMNEW_clean,6.0596,4.54083,6.0596,1.15823,1419.36,1225.46,0.0,0.0,0.5808,0.501457,0.0,1,0.004251162,0.399159763,0.4011943238272994
ZOMNIA_clean,6.19749,4.62522,6.12809,1.13009,1429.96,1265.35,0.0,0.0,0.5774,0.510931,0.0,1,0.003820786,0.364064958,0.3548619000223808
ZOTKAW_clean,4.77881,3.75238,4.76637,1.43383,643.033,448.471,0.0,0.0,0.4312,0.300732,0.0,1,0.001681358,0.162199885,0.16347686489276103
ZOXFEZ_clean,6.93984,4.03954,6.93984,0.864343,2031.03,2349.79,0.0,0.0,0.6366,0.736513,0.0,0,0.006846757,0.644697111,0.6410191788373201
ZOXGOK_clean,6.81689,4.16129,6.80143,1.34232,1279.03,952.844,0.0,0.0,0.53,0.394837,0.0,1,0.001878557,0.174428908,0.17289262195979693
ZOXNEH_clean,5.49902,3.71803,5.37867,1.30831,1870.03,1429.35,0.0,0.0,0.6444,0.492544,0.0,1,0.007897799,0.690706435,0.6935095374803921
ZOZCIC_clean,4.77783,3.48746,4.76506,1.70684,334.136,195.762,173.298,101.532,0.4902,0.287197,0.0,1,0.002778335,0.244274749,0.20993919798480898
ZOZKAC_clean,4.08199,3.46421,4.07007,1.50938,399.978,264.995,0.0,0.0,0.4188,0.277465,0.0,1,0.005406261,0.461597042,0.46338172151347984
ZOZKEG_clean,7.97254,6.83417,7.97254,1.12239,1128.68,1005.6,75.4829,67.2521,0.5514,0.491274,0.0,1,0.005717362,0.441265272,0.4932849012751715
ZOZPUB_clean,7.7256,6.01065,7.70911,1.03826,1572.11,1514.17,0.0,0.0,0.597,0.574999,0.0,1,0.00193536,0.185231997,0.19551854925994266
ZUCKIT_clean,21.54143,12.82644,21.54143,0.534491,1102.82,2063.31,408.868,764.967,0.7688,1.43838,0.0,1,0.004019895,0.388616728,0.37682823860306436
ZUDQUM_clean,5.81277,5.4291,5.81277,1.09047,1603.64,1470.59,0.0,0.0,0.5888,0.539951,0.0,0,0.004936548,0.452036648,0.45944596110303026
ZUDRAT_clean,6.48565,4.23405,6.48051,1.20859,1651.45,1366.43,0.0,0.0,0.5628,0.465668,0.0,1,0.004026729,0.384752815,0.3861676848645813
ZUDXAZ_clean,4.0542,3.70372,4.05121,1.83709,560.464,305.082,53.3835,29.0587,0.4362,0.237441,0.0,1,0.003501408,0.320370068,0.3156739398109215
ZUGDEM_clean,9.67095,5.98717,9.67095,0.85339,2198.39,2576.07,0.0,0.0,0.6996,0.819789,0.0,1,0.003582143,0.358182778,0.35694658824265507
ZUKNAW_clean,11.21967,10.68501,10.9966,0.962771,2472.04,2567.63,0.0,0.0,0.7894,0.819925,0.0,1,0.001045341,0.100467674,0.10658465013031387
ZUNZIT_clean,5.02966,4.18682,5.02966,1.54704,1064.88,688.333,0.0,0.0,0.4702,0.303935,0.0,1,0.005081713,0.45350828,0.46591318288734557
ZUPBET_clean,5.03517,4.18078,5.03517,1.52077,1109.78,729.746,0.0,0.0,0.4686,0.308133,0.0,1,0.005092861,0.451571788,0.4709102493550778
ZURQOS_clean,4.62363,3.68876,4.61478,1.30618,1284.42,983.341,0.0,0.0,0.526,0.402701,0.0,1,0.004014462,0.3746478,0.37858148782599
ZURROT_clean,4.90807,3.92111,4.90807,1.07774,1554.64,1442.5,0.0,0.0,0.611,0.566926,0.0,1,0.002555828,0.244891849,0.25804578015135976
ZUSBIA_clean,4.68848,3.56399,4.68848,1.21981,1104.24,905.252,0.0,0.0,0.5638,0.462202,0.0,1,0.006511322,0.554568017,0.5822167296698331
ZUSBOG_clean,4.86162,3.45547,4.8534,1.16782,1166.3,998.701,0.0,0.0,0.5894,0.504701,0.0,1,0.007222934,0.66784423,0.6522030421374208
ZUXPOZ_clean,4.9428,4.31959,4.93372,2.00162,1314.33,656.635,0.0,0.0,0.579,0.289266,0.0,1,0.001947892,0.187858888,0.1901140549473882
ZUZZEB_clean,12.38418,6.8566,12.3754,0.903178,2016.22,2232.36,0.0,0.0,0.7248,0.8025,0.0,0,0.002150179,0.209549332,0.1994649876416732
