y_true,y_pred
0.24722436,0.2376591
0.043607812,0.04140646
0.68504107,0.67190874
0.42830688,0.4723312
0.43917403,0.45392424
0.12589462,0.14803816
0.12560712,0.13354203
0.3370941,0.34200805
0.20704716,0.20696235
0.4972278,0.43633413
0.20603025,0.1921957
0.20212494,0.19334504
0.2040607,0.19360468
0.19780079,0.19697258
0.19926775,0.19564441
0.19539848,0.18799089
0.09482916,0.09628527
0.20319366,0.2149725
1.2500514,1.1473187
0.547019,0.52937806
0.12874722,0.13662879
0.5094223,0.46982345
0.19470668,0.20284161
0.17961088,0.1736162
0.18335038,0.19187413
0.4037149,0.39912215
0.028372997,0.03424409
0.38454354,0.41835317
0.39431655,0.4127709
0.38014477,0.41807628
0.3941502,0.39007467
0.5709353,0.5713451
0.5273353,0.52621436
0.59840673,0.5884851
0.32458135,0.33250657
0.68396163,0.6623534
0.0415106,0.07326057
0.9980473,1.0328687
0.5432592,0.48630148
0.32072887,0.3364969
0.4454384,0.420547
0.2071286,0.20127192
0.16182569,0.17516902
0.3004718,0.29961267
0.2554488,0.2679693
0.33106837,0.33469778
0.42621452,0.44278088
0.14994065,0.19540611
0.34955108,0.35734504
0.43365777,0.42704478
0.1142508,0.13884649
0.46659157,0.44457507
0.7069175,0.7388895
0.5462998,0.50172365
0.32182896,0.3133117
0.4474547,0.39979136
0.39762157,0.39380372
0.791022,0.74932075
0.22384317,0.22587614
1.1164023,0.90702134
0.237696,0.25260353
0.22292037,0.22311287
0.29065752,0.29685542
0.19104159,0.21742396
0.63025814,0.61390984
0.5202944,0.48419723
0.031200334,0.077597365
0.12727298,0.14709027
0.14878356,0.1589439
0.8036845,0.7993172
0.06547273,0.08825899
0.23913921,0.24342947
0.42059627,0.37761277
1.1690211,1.0922344
0.8506312,0.7576191
0.6151144,0.64025253
0.3253452,0.34804198
0.08575444,0.0785212
0.31217077,0.30168587
0.17892388,0.21536462
0.6959835,0.700138
0.028277846,0.09493403
0.02891088,0.10469563
0.30607247,0.30886763
0.3877531,0.39038467
0.3246241,0.32582048
0.49991637,0.5019506
0.2186752,0.2209831
0.22520714,0.23107262
0.2843962,0.2732615
0.67428166,0.6679313
0.5089171,0.5088074
0.11331815,0.12488133
1.0286802,0.99290293
0.37774542,0.3543331
0.04483537,0.07897899
0.5343932,0.4709627
0.21148033,0.25010952
0.24641208,0.2781464
0.44973657,0.4450583
0.3708647,0.3556788
0.42875734,0.43485364
0.44660676,0.45270577
0.707436,0.70196545
0.1644222,0.15353948
0.3225713,0.306475
0.32008958,0.3214545
0.4652611,0.4594373
0.87631243,0.8364204
0.95736814,0.928874
0.24049756,0.29666752
0.14603557,0.15588339
0.44856763,0.4459195
0.78404284,1.0833318
0.30500707,0.31847757
0.18974122,0.24219863
0.38806418,0.4509937
0.9844399,0.99035895
0.36325303,0.52995884
1.3700964,1.3222754
0.3415684,0.33160284
0.26266068,0.3217458
0.29385567,0.37385288
0.3005719,0.34444755
0.68088645,0.7433422
0.2938759,0.27407184
0.3725235,0.36027688
0.33520108,0.34767818
0.33470777,0.3494835
0.31929243,0.33258015
0.26447508,0.2688047
0.38153356,0.39833143
0.3213754,0.35624978
0.36152324,0.40727693
0.41101852,0.42263728
0.34185576,0.37244296
0.3781083,0.3909338
0.35498735,0.4222339
0.31011903,0.3645974
0.28264326,0.30854076
0.27149948,0.2901299
0.28974894,0.31103584
0.2963684,0.31922683
0.27640334,0.296557
0.6077736,0.625678
0.4483233,0.4331976
1.4969926,1.2283537
0.25964966,0.25267315
0.24661113,0.2502717
0.4245617,0.4279788
0.4444973,0.4344768
0.45226598,0.43483144
0.69873,0.7872347
0.2427113,0.37221688
0.35912693,0.36149907
0.4381855,0.41947508
0.4102238,0.42093587
0.34509584,0.3437589
0.2783767,0.24479254
0.8965789,0.8380084
0.30769348,0.31200632
0.2506372,0.26679617
0.25101164,0.2565661
0.44270703,0.42041475
0.44108576,0.42986718
0.4475521,0.44044098
0.4493922,0.41154617
0.457475,0.41199723
0.45554945,0.4259668
0.14175244,0.14071383
0.27407494,0.29404232
0.2685193,0.25992802
0.5788396,0.570737
0.36335668,0.36785945
0.37293807,0.3595922
0.18123786,0.2606524
0.17547923,0.16474465
0.3555901,0.35057783
0.39382586,0.38410708
0.28006,0.3155858
0.34879872,0.3482354
0.30253625,0.34679
1.0339636,1.1197865
0.37349495,0.36609656
0.38573575,0.37025195
0.47336337,0.54376805
0.55706096,0.5908284
0.32318807,0.288729
0.3446485,0.31582594
0.16240355,0.18926355
0.17469777,0.17576715
0.14383295,0.16298343
0.30029246,0.3050275
0.23541051,0.25078714
0.4086881,0.40023446
0.62669164,0.6310357
0.43667102,0.45092183
0.11090462,0.10734029
1.6945591,1.7115934
0.2452238,0.23079419
0.4300724,0.4133238
0.4089197,0.387981
0.36774537,0.39484563
0.36569735,0.37639356
0.3903765,0.36831725
0.226382,0.22573085
0.17220461,0.2440463
0.14946534,0.24035847
0.28731796,0.27066365
0.31696773,0.3159588
0.07985596,0.096131496
0.046736926,0.057122596
0.06927244,0.07574566
0.092469245,0.09223974
0.3924994,0.3920818
0.38721555,0.3810711
0.36191034,0.35733807
0.30260977,0.32163018
0.2976279,0.2863242
0.2963132,0.28927702
0.2984778,0.29155445
0.22145556,0.31873074
0.31397596,0.3140267
0.34857148,0.35101098
0.35379428,0.35966158
0.37050414,0.3700614
0.225024,0.2435648
0.41784915,0.4213449
0.40793413,0.42371377
0.4040734,0.40811896
0.4118812,0.41166648
0.40325418,0.40353116
0.14636049,0.1640346
0.31848162,0.3442649
0.3190593,0.3214484
0.3853064,0.39458963
0.23844984,0.23582697
0.5088397,0.5516762
0.15259656,0.21587029
0.13640216,0.17267127
0.3648215,0.38219953
0.41948858,0.400227
0.36970282,0.3807531
0.2646524,0.2519408
0.26412803,0.25787884
0.13815881,0.14763698
0.5000143,0.47687516
0.4845501,0.4758893
0.4315768,0.41615304
0.31058857,0.31820244
0.34135067,0.35018688
0.36942667,0.3538031
0.81923956,0.76118535
0.108140826,0.123619534
0.4657866,0.43403506
0.5776479,0.5951064
0.5616947,0.57006973
0.5258652,0.5098315
0.53538644,0.529552
0.5132892,0.5084523
0.47895813,0.46509528
0.4960372,0.49326006
0.5276036,0.5622009
0.50319695,0.49152893
1.3427566,1.6824138
0.27072132,0.25117788
0.3446535,0.406562
0.6067047,0.610225
0.4626654,0.45372295
0.5560514,0.5301469
1.726101,1.6011587
0.3469695,0.36467665
0.5723956,0.5855892
0.1638664,0.18451376
0.44687694,0.40872774
0.38052705,0.39049378
0.9762351,0.694994
0.44360736,0.39457783
0.3684725,0.39676425
0.41465864,0.40170994
0.39826182,0.3832745
0.5199451,0.4879555
0.21755281,0.24056542
0.24211538,0.27657014
0.24855943,0.27764493
0.21428378,0.21969263
0.22626162,0.24644789
0.23576686,0.25421494
0.24207793,0.27196953
0.2264166,0.2369355
0.39963764,0.3741512
0.34829298,0.3477195
0.37618208,0.36926478
0.37980998,0.383286
0.41762346,0.4209674
0.26087976,0.26829308
0.3526125,0.3515687
0.33126885,0.33678895
0.34379846,0.35281798
0.5092065,0.49167117
0.6564037,0.66645753
0.54458433,0.51357317
0.33632028,0.34112427
0.27185932,0.27318233
0.069048665,0.09726817
0.46064675,0.48367777
0.19562887,0.197324
0.13773727,0.12123841
0.13559493,0.13047226
0.36350033,0.36345062
0.3647982,0.3700832
0.33595335,0.36051026
0.33253932,0.3480005
0.28604478,0.29414684
0.29040682,0.2944085
0.31359932,0.31856617
0.3340421,0.33437753
0.26149175,0.28003973
0.4421074,0.43772826
0.3271527,0.34862143
0.36931947,0.3669308
0.44793525,0.4316206
0.43983313,0.43556672
0.44851333,0.43556255
0.32377344,0.30426967
0.42808902,0.42449299
0.4883898,0.47405362
1.4248911,1.3829876
0.3759152,0.35384864
0.44458202,0.4298759
0.47052172,0.45155612
0.35468438,0.3441744
0.4624366,0.4675495
0.41121915,0.3976288
0.1607627,0.15713783
0.16530217,0.16438358
0.15896478,0.16785051
0.16304761,0.15964869
0.16318652,0.15785268
0.15704075,0.15057106
0.15375309,0.1526393
0.10907994,0.21812813
0.043782722,0.061036438
0.3320675,0.34942588
0.5268657,0.48074254
0.4707972,0.4606634
0.33670878,0.3336962
0.33119234,0.31893873
0.4593319,0.43228117
0.48617682,0.47033945
0.6468502,0.6379849
0.18140659,0.18555114
0.17463405,0.18860754
0.43586838,0.53903073
0.38294414,0.45286432
0.38032928,0.42737633
0.8083518,0.8331846
0.7790266,0.79496497
0.3034426,0.32062086
0.27482337,0.2867567
0.2886362,0.29668725
0.2612082,0.2727876
0.43499133,0.42351833
0.82813543,0.83172876
0.48290607,0.4807931
0.86742693,0.79388416
0.76391894,0.7883452
0.3600711,0.34882358
0.34324726,0.3314045
0.35550174,0.33051535
0.18141536,0.28086385
0.18028215,0.1740005
0.6255368,0.63346946
0.35997814,0.3592788
0.54408973,0.53190184
0.50665283,0.4959311
0.46039924,0.43648705
0.4149532,0.4148354
0.4177669,0.4285646
0.4144473,0.42897457
0.42742586,0.4147111
0.40900886,0.4327589
0.47974476,0.46096978
0.30678496,0.32874912
0.2297802,0.23055275
0.29852948,0.33140045
0.09472279,0.10057962
0.1883846,0.17416576
0.28513998,0.27530217
0.2822921,0.28139323
0.13957556,0.14010343
0.111845754,0.1443359
0.13464104,0.12510392
0.36877665,0.38485804
0.097071014,0.10149138
0.35004872,0.33359838
0.42825878,0.4457666
0.42138883,0.4178316
0.0888855,0.11203977
0.092107885,0.12683204
0.084956065,0.11254605
0.48594022,0.50378436
0.06733851,0.099743806
0.07113187,0.092214994
0.42803657,0.41781235
0.16148435,0.23646641
0.3584544,0.35879526
0.36344746,0.37234372
0.0879746,0.11937834
0.21433438,0.23850301
0.31038994,0.3190796
0.3386699,0.39097527
0.3596527,0.41440916
0.3057862,0.31377763
0.45626757,0.45760623
0.2128723,0.20313343
0.22069037,0.2014884
0.22065799,0.20037481
0.2265027,0.21656391
0.6357845,0.64828575
0.24117434,0.27742246
0.48459175,0.46161637
0.28952828,0.32184523
0.34612438,0.3687779
0.0701946,0.07605061
0.3360902,0.35098737
0.11448931,0.14556855
0.2810101,0.30813655
0.4891996,0.46627873
0.7573992,0.7365602
0.62534946,0.64973485
0.52554625,0.53856134
0.4594812,0.46153837
0.2768389,0.26588255
0.4454733,0.41854185
0.45964485,0.45785087
0.38579866,0.41526222
0.38504097,0.3843931
0.1071357,0.13261427
0.26286998,0.2597836
0.26258308,0.24174154
0.1200391,0.18418244
0.22412062,0.21431533
0.25415313,0.2499079
0.49152747,0.4856004
0.6030389,0.59785664
0.39226946,0.3855967
0.55347735,0.5313711
0.48021308,0.47938734
0.09611493,0.106721655
0.18467636,0.17676625
0.19997978,0.20274398
0.067810506,0.06352019
0.19600524,0.23397508
0.09088063,0.08725272
0.05080049,0.07941863
0.6646003,0.6257904
0.4759835,0.47934437
0.30365753,0.33626455
0.12286791,0.14197615
0.40453756,0.36964983
0.41160434,0.38525775
0.40265083,0.37292153
0.38768855,0.38524348
0.1252306,0.14729235
0.3186785,0.34474728
0.32023153,0.35629496
0.52005863,0.58659124
0.35257378,0.4150973
0.38584474,0.4165639
0.41146624,0.41379604
0.33021426,0.30339193
0.45372725,0.41945082
0.3858602,0.3551044
0.43630445,0.39861554
1.283684,1.283237
0.41665995,0.42013353
0.14626354,0.15367034
0.10797758,0.12280744
0.1481736,0.15481256
0.44582877,0.45941997
0.46634167,0.4795123
0.4241254,0.4027967
0.48707244,0.50577414
0.4256096,0.43341622
0.52637154,0.5766536
0.15165046,0.2261034
0.14925998,0.23247476
0.1124843,0.12742063
0.1492333,0.21791181
0.14587507,0.20840208
0.111454904,0.12107392
0.10855158,0.12617433
0.13897899,0.19338147
0.1420127,0.20233381
0.72041696,0.74297416
0.62973404,0.62222105
0.6984133,0.7074867
0.68952173,0.7080719
0.40818787,0.3936415
0.4939168,0.45857415
0.19367725,0.18904155
0.20922554,0.19020553
0.21413854,0.20348175
0.21086867,0.21050024
0.080325,0.092274204
0.8203247,0.8621936
0.49246436,0.48670855
0.4904731,0.5054165
0.4990351,0.49262208
0.4057558,0.4142092
0.4910859,0.4841493
0.51018524,0.50472355
0.5107871,0.50932604
0.42940244,0.42189232
0.5001643,0.48600578
0.5143049,0.50026673
0.32450417,0.3909767
0.2376119,0.3185025
0.3153728,0.3678286
0.18665591,0.2970765
0.25332198,0.3353539
0.5026652,0.5142797
0.4420123,0.44210416
0.33086163,0.32108203
0.32055205,0.33613032
0.16542107,0.20804343
0.15471004,0.21491992
0.67294055,0.5864128
0.23795676,0.27159506
0.20629469,0.25151762
0.21278436,0.25199738
0.20545481,0.23937292
0.21402337,0.25738448
0.21762425,0.24902979
0.29606676,0.27427727
0.3007127,0.2982647
0.28318542,0.2801551
0.49698564,0.48099774
0.8047837,0.75375587
0.63722116,0.5949583
0.7926309,0.7387514
0.38723856,0.3889179
0.30936536,0.28373757
0.1525031,0.15740928
0.21521427,0.23079844
0.13758586,0.12630281
0.32801914,0.33689788
0.292133,0.34303266
0.30948883,0.37883207
0.30467224,0.27884513
0.28373826,0.3081246
0.51569176,0.48095188
0.085940585,0.10760717
0.47462544,0.48064646
0.2451754,0.3545631
0.24067695,0.3321209
0.8747322,0.6069634
0.29131985,0.3102045
0.3306278,0.33843392
0.5187751,0.48918223
0.62384915,0.60938966
0.3425572,0.3379607
0.3517454,0.32468662
0.65025693,0.6485313
0.41509804,0.43823427
0.44782856,0.45759526
0.39890727,0.42073512
0.38922966,0.37345275
0.21679322,0.22300224
0.29443535,0.3726845
0.65070665,0.62219256
0.24468996,0.2462341
0.21563667,0.20391583
0.1471062,0.16467378
0.2975898,0.28704405
0.323554,0.32149774
1.9561825,1.1447116
0.32736644,0.35964727
0.788032,0.7350487
0.15179828,0.17782848
0.21040888,0.21586497
0.06452464,0.0988847
0.06477119,0.0616449
0.18319625,0.19011249
0.18301935,0.1858789
0.34074828,0.34498042
0.17883389,0.18367353
0.1654578,0.17903093
0.41007602,0.3921929
0.4108727,0.38965514
0.4127152,0.39181483
0.42181778,0.40507618
0.20665441,0.18578781
0.42350465,0.44077843
0.1891834,0.22608754
0.21785463,0.23866701
0.2428536,0.27426347
0.3892426,0.3993725
0.20065223,0.22824392
0.1965699,0.20001253
0.44207215,0.4320139
0.326909,0.34058014
0.31280822,0.3248672
0.46206975,0.46775645
0.47367316,0.471733
0.43371338,0.43547073
0.98339844,1.023598
0.2641343,0.3103783
1.0097674,1.00864
0.5227071,0.50348175
0.34240323,0.33423406
0.3178861,0.35465887
1.0033611,0.83933324
0.7811655,0.79005456
0.27364329,0.29247054
0.27822766,0.30151072
0.45689535,0.45199704
0.37056488,0.37065864
0.17949657,0.20433056
0.6057094,0.6163026
0.42498657,0.43839782
0.20127492,0.219063
0.1681255,0.17063423
0.2645919,0.24517906
0.8185124,0.8186895
0.39082208,0.35887757
0.97850364,1.0100533
0.40373755,0.418569
0.33384416,0.32354864
0.13150617,0.122957155
0.12870495,0.12633654
0.13031043,0.13811716
0.13110648,0.124508575
0.6316882,0.6489074
0.42756268,0.39017162
0.23018073,0.24967785
0.22569303,0.25317758
0.20572062,0.23598424
0.76116234,0.7060351
0.19260874,0.17799255
0.3209215,0.3088684
0.338084,0.32888904
0.8764436,0.9674851
0.1590454,0.26730317
0.6829676,0.72121894
0.27412203,0.26966548
0.44873452,0.4728321
0.1572724,0.16168001
0.9908574,0.8812046
0.709693,0.6958815
0.5078426,0.50453997
0.36734733,0.35496172
0.12373533,0.10856032
0.09182085,0.084643506
0.1481301,0.17201911
0.14915171,0.15874556
0.18342026,0.19047715
0.5562114,0.50799227
0.58347577,0.5140792
0.15077618,0.15007977
0.16437021,0.18967457
0.18450846,0.18050568
0.17288816,0.16362527
0.44328716,0.46294552
0.36011538,0.3706085
0.6745761,0.51004225
0.31008035,0.3337184
0.25877655,0.24861953
0.46344233,0.48592168
0.37163845,0.37384373
0.17232522,0.18502274
0.06353935,0.089462325
0.5492165,0.5442735
0.27421397,0.28935224
0.3775242,0.37745243
0.17150006,0.17569938
0.29388708,0.31999165
0.15359181,0.14870651
0.35879782,0.36268893
0.21294217,0.2427285
1.4903712,1.2547609
0.47423512,0.5063324
0.49432972,0.5905293
0.7739042,0.7568665
0.35171074,0.3636604
0.28565592,0.30259627
0.29502347,0.30935395
0.38158146,0.39774957
0.30524763,0.33034328
0.17797522,0.16986369
0.3572621,0.36079884
0.15367958,0.16136184
0.6073528,0.6223299
0.27941814,0.2940925
0.4044894,0.39319843
0.18850718,0.19116333
0.18947218,0.21766797
0.50112796,0.5221657
0.4919762,0.49934268
0.41268894,0.42321354
0.17269719,0.17886949
0.2810177,0.299518
0.05879095,0.10158861
0.40027055,0.3866741
0.18302381,0.21040723
0.4107914,0.4088319
0.38905343,0.38510746
0.48099947,0.44878453
0.18221381,0.24772112
0.27589658,0.33741155
0.12237642,0.16077782
0.14679079,0.16864108
0.6141509,0.6007551
0.28886732,0.26257002
0.34753668,0.34978977
0.101143345,0.109986946
0.38175738,0.385151
0.58236337,0.61865765
0.585693,0.58908856
0.45592692,0.466183
0.5185217,0.50823516
0.13903806,0.13375047
0.2276974,0.22567773
0.31557336,0.32390684
0.33171874,0.3569098
0.28686026,0.2993958
0.31198722,0.32203627
0.10787397,0.13291425
0.39127997,0.38973695
0.50571066,0.49868888
0.054490186,0.08858265
0.5927766,0.5641068
0.2346111,0.26007983
0.22990987,0.22723803
0.6903276,0.57985526
0.688322,0.6986749
0.43539235,0.4347412
0.094975874,0.09956547
0.49131742,0.4808777
0.5994473,0.5992752
0.18967377,0.21611778
0.41407385,0.4173479
0.16647054,0.14303534
0.02931162,0.09192844
0.2237117,0.2526404
0.4106091,0.41663295
0.16515692,0.1888237
0.48502123,0.47686562
0.6654171,0.6903029
0.36524364,0.35829467
0.32162964,0.31998104
1.0118022,1.0179818
0.34928676,0.34591946
0.4278254,0.42416888
0.7342522,0.74416935
0.49091643,0.51003915
0.18788143,0.18166722
0.71035224,0.7078741
0.47846836,0.48054585
0.09690576,0.12552801
1.0317733,0.98517084
0.1086175,0.12976877
0.21704596,0.27516735
0.25668207,0.25395918
0.3607976,0.35571596
0.04334896,0.076634414
0.5478217,0.53160924
0.7976418,0.7712916
0.43921292,0.4424103
0.24856372,0.23120537
0.3418778,0.33156055
1.5125943,1.5250537
0.37967753,0.4528212
0.30666164,0.3139887
0.5671335,0.53166026
0.33989012,0.34514982
0.041207746,0.09476266
0.42762482,0.37078288
0.3404929,0.32316357
0.35111314,0.3391848
1.859962,2.0046668
1.7309808,1.528799
0.6067348,0.5875008
0.242713,0.2911008
0.18031703,0.24396744
0.48582682,0.47566113
1.3477898,1.1927801
0.26548642,0.2593339
0.405451,0.4303173
0.2130648,0.26340383
0.2332914,0.29402512
0.2328885,0.2800856
0.22231779,0.27742282
0.2114501,0.25626296
0.23291335,0.21352461
0.3228093,0.2949132
0.3976475,0.38671035
0.5914794,0.5999625
0.42135555,0.4218498
0.2204697,0.22896056
0.86533767,0.9142375
0.39293274,0.43793568
0.35557047,0.43369532
0.34181795,0.37337428
0.31086987,0.32526362
0.50093,0.52025485
0.8200758,0.7779142
0.3369573,0.42208967
0.42045325,0.49470004
0.41260844,0.40321565
0.2717664,0.3185324
0.7192107,0.7442565
0.4750551,0.49360543
0.06170793,0.1289647
0.4184182,0.40182272
1.8799042,1.8988584
0.5672522,0.5592168
0.4026488,0.4027001
0.8196946,0.81192046
0.25789446,0.24774826
0.4211625,0.47500724
0.64268696,0.65861535
0.059243195,0.08686034
0.12813652,0.13472801
0.322682,0.37484458
0.16850954,0.18985541
0.18287113,0.20274775
0.108244926,0.113165125
0.26780945,0.2649949
0.57938975,0.5656903
0.89508545,0.89714897
0.30636263,0.320723
0.3724431,0.38402963
0.11383194,0.124593414
0.038061004,0.104799725
0.8556803,0.76224864
0.1420249,0.15574262
0.61820704,0.64943016
0.17226265,0.19269243
0.37651977,0.3793084
0.33671013,0.33987194
0.24393968,0.25512558
0.44797406,0.4529388
0.44856578,0.43225533
0.49741766,0.47431874
0.4165469,0.40273708
0.51282567,0.53108346
0.035434842,0.06943096
0.45785743,0.48125368
0.3914704,0.39372915
0.4817768,0.47585616
0.30394667,0.30896392
0.4333049,0.4347012
0.7569666,0.8319168
0.009639883,0.056386627
0.7983676,0.8710079
0.5643846,0.5116409
0.5128472,0.50976
0.3271411,0.35270777
0.40845847,0.3843512
0.31654757,0.32682627
0.30914876,0.34026515
0.32066402,0.3625999
0.5643666,0.5819769
0.55537224,0.60479015
0.16695994,0.1804016
0.40812197,0.38477814
0.43495694,0.43114495
0.42666382,0.39830428
0.22983038,0.2686445
0.15805891,0.21862438
0.18777233,0.21974051
0.2831787,0.30369395
0.2772305,0.30670503
0.27709788,0.30230767
0.2862709,0.3076862
0.28611645,0.3059916
0.2865107,0.3010766
0.3215988,0.3222427
0.48592106,0.47439855
0.5212012,0.47806764
0.050306946,0.051262666
0.13416754,0.14046595
0.13126558,0.15414552
0.13335484,0.14104703
0.26094064,0.2348092
0.37886536,0.35182777
0.17635608,0.16688325
0.46381265,0.4493792
0.44938698,0.4466876
0.4445263,0.44570556
0.09350853,0.12431644
0.104270324,0.123481
0.0928581,0.1103705
0.28324512,0.2726373
0.43854478,0.4186689
0.15050417,0.15518431
0.26825324,0.28202537
0.41907653,0.4250312
0.47154418,0.4766671
0.48048395,0.49963388
0.13115726,0.11531689
0.12280582,0.10488953
0.45937127,0.48533687
0.34046623,0.33272564
0.17991678,0.20181832
0.1032004,0.12157961
0.2688885,0.27579123
0.5141881,0.50955904
0.3750075,0.36987346
0.31770927,0.37426776
0.28153664,0.28477222
0.24550314,0.23341396
0.8751597,0.79232156
0.68543965,0.6999412
0.21658209,0.21778278
0.19198735,0.18564919
0.9482564,0.9152363
0.6694649,0.6345503
0.5285481,0.5082159
0.19859181,0.19068041
0.37083182,0.36066493
0.27936783,0.30797377
0.14274088,0.16508083
0.2731574,0.2920995
0.4664628,0.47108787
0.3826103,0.39024463
0.31053483,0.3340838
0.41016603,0.42066574
0.9770661,0.92696226
0.95348483,0.8680932
0.8248304,0.83384514
0.07521611,0.09898138
0.38201421,0.38242093
0.21200316,0.20318687
0.7432547,0.7910942
0.6113207,0.5566579
0.7979572,0.9101766
0.70945686,0.7686006
1.1692894,1.1014926
0.24828494,0.27193657
0.21290839,0.20573601
0.22020712,0.21764949
0.4443768,0.44791332
0.1330821,0.16415541
0.4542525,0.4388184
0.23455872,0.23325832
0.14734413,0.16020098
0.46645275,0.43701363
0.6897808,0.70217025
0.40333265,0.3931081
0.34558338,0.34749284
0.44044524,0.42070445
0.42292976,0.4139155
0.43814912,0.44712228
0.6135185,0.65257525
0.35206974,0.35242298
0.6548328,0.62432617
0.15817907,0.1770664
0.33740357,0.37118742
0.57124704,0.60603684
0.31436434,0.34515855
0.453334,0.45634788
0.37265074,0.3700408
0.35259396,0.36771825
0.5354161,0.49325004
0.66099197,0.6278842
0.35487586,0.34698927
0.15579936,0.16256586
0.5897882,0.5516605
0.1663579,0.1704293
0.25560597,0.25313637
0.15613885,0.20459059
0.15073632,0.19893816
0.367266,0.41418284
0.33988154,0.43943834
0.2564967,0.2984114
0.68353426,0.6648694
0.21387078,0.21123345
0.10492442,0.10505183
0.3611961,0.38016874
0.34399948,0.3626486
0.4557408,0.4481817
0.443043,0.44503313
0.55226076,0.5660432
0.39409292,0.38985014
0.44066033,0.45206556
0.2295224,0.24352844
0.33392248,0.3269644
0.36407498,0.22349863
0.348579,0.20215948
0.39890945,0.34950227
0.19023912,0.17107148
0.18484074,0.18297367
0.41284043,0.39537492
0.6687889,0.625064
0.6824387,0.70942754
0.4522824,0.43964872
0.39091244,0.37163144
0.456919,0.4504389
0.2805511,0.27591664
0.37410438,0.37930048
0.25250456,0.24299844
0.25613782,0.25545734
0.25895083,0.27269492
0.24733017,0.26123923
0.24738085,0.2509623
0.32377908,0.31317848
0.16434981,0.18769334
0.14638759,0.17029354
0.25598246,0.26478434
0.25055462,0.2598415
0.02622004,0.048019744
0.09767875,0.12019329
0.56749076,0.52976274
0.6857504,0.74174756
0.46989977,0.43902412
0.45048872,0.43922758
0.73970467,0.68824464
0.3853086,0.34970325
0.38771808,0.37590796
0.3667548,0.37019095
0.6137793,0.5920207
0.43742096,0.43036786
0.42921802,0.42631754
0.4487366,0.45321387
0.4323411,0.43888426
0.4446009,0.43424815
0.4346169,0.4279368
0.4288357,0.43610042
0.42973205,0.44720834
0.4291586,0.43521562
0.28879458,0.28761742
0.28565437,0.28847277
0.28723356,0.28856343
0.28158602,0.28443784
0.2842713,0.28056383
0.28316525,0.29396644
0.2851064,0.2736166
0.28961146,0.2953722
0.2951195,0.28879672
0.28441688,0.288935
0.28345236,0.27877873
0.27842963,0.28118593
0.27492344,0.27356142
0.2785267,0.28042927
0.2867584,0.29177573
0.27718002,0.26201355
0.27693334,0.27527088
0.28170532,0.28546524
0.27657342,0.27742976
0.2925333,0.29059973
0.3005963,0.3049195
0.30089793,0.30042925
0.2993077,0.30184314
0.2994842,0.30583495
0.30185822,0.2994606
0.30348128,0.2985174
0.297855,0.29065344
0.2993631,0.30044144
0.30072558,0.30112296
0.29988226,0.2959612
0.2994411,0.3098924
0.30136165,0.3022378
0.30240607,0.3042974
0.30381367,0.3054143
0.30402914,0.30679908
0.3804823,0.37757742
0.374407,0.3716914
0.37649256,0.36623412
0.30094865,0.35515064
0.32497013,0.30793852
0.5472571,0.55173886
0.0727565,0.11017819
0.24781647,0.25629693
0.28892332,0.34204778
0.29813826,0.3188704
0.26723742,0.29140013
0.3008553,0.31285328
0.126276,0.13409224
0.43960246,0.3972508
0.66967666,0.659834
0.28537914,0.24511142
0.29051808,0.26461607
0.20589572,0.18173853
2.8814797,2.4516153
0.4908764,0.50299406
0.56058246,0.5606712
0.31771374,0.3180378
0.4814944,0.46735725
0.44113508,0.42122093
0.12515981,0.13817106
0.4060308,0.44321495
0.2990684,0.32992253
0.2394565,0.28113386
0.2237753,0.2531816
0.22840361,0.2818094
0.2927991,0.3072814
0.37254274,0.38675487
0.29977787,0.3278626
0.24768305,0.28528103
0.29860145,0.30039686
0.19603704,0.23166995
0.24197727,0.28166598
0.29915744,0.3236466
0.2934249,0.32201198
0.9745345,0.9647862
0.5686913,0.5965145
0.66988754,0.70370114
0.7288365,0.8130015
0.18178396,0.1864504
0.318091,0.34596795
0.30332732,0.2879184
0.5333248,0.5458277
0.63575083,0.6375905
0.632915,0.68422407
0.66030294,0.72292703
0.23096454,0.22287154
0.31590155,0.29516473
0.5487622,0.48901814
0.42758584,0.4259038
0.62711734,0.61780584
0.40201393,0.396349
0.3740477,0.38740754
0.596387,0.6151501
0.6188443,0.6037812
0.5997069,0.60288155
0.22803493,0.23060915
0.43581232,0.46314865
0.13192432,0.14082292
0.18131173,0.20084994
0.2171119,0.21508527
0.21712387,0.21547282
0.21933432,0.22228655
0.21808293,0.22110252
0.21506587,0.21073782
0.21750899,0.21895719
0.14761624,0.2267817
0.14801487,0.21866214
0.18351752,0.25104788
0.08912164,0.093172744
0.29295146,0.30227318
0.20152812,0.22196133
0.35037968,0.35693938
0.19875497,0.19230756
0.26006547,0.29662487
0.43167517,0.41877866
0.62288904,0.5886637
0.58503485,0.54114234
0.5024425,0.4762927
0.3891794,0.3883503
0.017825615,0.055279434
0.017211031,0.046067286
0.085603915,0.083575204
0.06718336,0.09839078
0.2219192,0.23229781
0.15320775,0.16140644
0.56459844,0.53525627
0.06984034,0.09725945
0.035795443,0.07919253
0.023894204,0.04411306
0.059577614,0.07433237
1.742909,1.4130315
0.06065114,0.121490404
0.44767556,0.43640852
0.2579905,0.25049725
0.26171723,0.25453955
0.25527537,0.23659046
0.37077835,0.37383026
0.06049613,0.070947506
0.3158221,0.29939523
0.15433393,0.17155096
0.14792348,0.12552842
0.14978854,0.14461112
0.5328469,0.5491764
0.30791304,0.3300914
0.06715651,0.0874203
0.06603303,0.062061287
0.31260118,0.30061585
0.27639452,0.26860666
0.5204653,0.493609
0.44345176,0.42698368
0.3238609,0.33232123
0.2854352,0.2863989
0.46662098,0.47059074
0.45038894,0.4493525
0.68212956,0.656478
0.30610973,0.36915535
0.47033358,0.44511575
0.25013417,0.2683472
0.17083997,0.18632308
0.55184895,0.6034377
0.26930818,0.23821685
0.137054,0.123082496
0.31085488,0.38434878
0.38164496,0.4095613
0.35412437,0.42177477
0.51080424,0.4426458
0.49528235,0.4491697
0.55130756,0.49370188
0.27350307,0.2761513
0.26950356,0.2911624
0.27784395,0.27895927
0.695074,0.6345726
0.7752624,0.68665916
0.9066199,0.91965514
0.65512663,0.66426337
0.7241554,0.7167538
0.15840508,0.17711926
0.16672479,0.16571565
0.16763262,0.18789737
0.17073637,0.18821877
0.24172261,0.2810207
0.4747369,0.42294708
0.3730861,0.36925763
0.5757289,0.5116842
0.35781536,0.3687901
0.60021406,0.6292432
0.20065953,0.20554042
0.60137975,0.61941105
0.44933513,0.4447832
0.58975613,0.61656517
0.36957186,0.3599729
0.48788267,0.4913775
0.37086672,0.36363572
0.70083666,0.718278
0.6775718,0.7262229
0.4538119,0.45605427
0.48109865,0.46556202
0.5774879,0.5748216
0.5464609,0.5601015
0.80047786,0.80476207
0.2685064,0.26283294
0.5318553,0.5196102
0.38519815,0.38164574
0.54333633,0.53671783
0.5453673,0.54347837
0.13046166,0.17728044
0.4280439,0.4371159
0.4145374,0.39799395
0.61340606,0.63152874
1.1278213,1.384085
0.55734074,0.54459727
0.516159,0.4972841
0.25956792,0.27303344
0.2607084,0.27011615
0.3528932,0.36106172
0.17705247,0.18388616
0.18676856,0.19779333
0.17767294,0.20246306
0.16859381,0.17420316
0.18786177,0.21747847
0.8711429,0.8291602
0.8126116,0.79761237
0.17279898,0.18405323
0.2815331,0.30737364
0.4126857,0.4074417
0.40688902,0.38862482
0.2565206,0.21922192
0.3352299,0.32019973
0.44117695,0.44393998
0.101651154,0.12131369
0.1807498,0.16794996
0.21475008,0.2084852
0.42128837,0.42296928
0.5595581,0.5640881
0.5062862,0.52124596
0.1849637,0.2177831
0.3923014,0.39118308
0.3843709,0.39917347
0.35548857,0.318399
0.47305262,0.48907357
0.31479898,0.32476392
0.25718915,0.24974947
0.33927312,0.33599302
0.3298082,0.3272226
0.32289135,0.32375282
0.21874085,0.21933243
0.41622967,0.48469973
0.5308196,0.51850945
0.43757662,0.47977686
0.4014257,0.38068765
0.17901984,0.27327815
0.28156182,0.30717498
0.06886965,0.07896151
0.33302277,0.31024027
0.11721816,0.11839521
0.15253913,0.15806511
0.40995935,0.40793037
0.4243302,0.40863854
0.4374101,0.42897916
0.4579521,0.4591115
0.4952378,0.4970687
0.5975043,0.59325963
0.36497223,0.36697668
0.19504173,0.20085219
0.14929058,0.1289747
0.23482037,0.23358805
0.4012585,0.39883292
0.39273274,0.39837855
0.40787235,0.40299192
0.39394715,0.39004084
0.7747744,0.7987515
0.58045644,0.5492067
0.31053564,0.31974345
0.21171188,0.23436649
0.27964103,0.27521515
0.20393716,0.20206861
0.41947213,0.39153194
0.6048245,0.57820314
0.40941775,0.4188407
0.4505069,0.4453113
0.47294396,0.4518405
0.3106394,0.3202625
0.27596334,0.30148473
1.5486416,1.3912702
1.5421215,1.4093888
0.549485,0.52992785
0.5203665,0.5184091
0.37338778,0.37978214
0.22291861,0.25733197
0.40702468,0.3930195
0.16841789,0.16726246
0.09683873,0.110730425
0.3798564,0.37138385
0.3829308,0.38377476
0.0254831,0.045350708
0.21323079,0.18625917
0.09059935,0.08155145
0.24072082,0.2689169
0.14386535,0.13987541
0.27517575,0.29238933
0.24122085,0.2081643
0.5778068,0.5975517
0.38265955,0.40219086
0.50409114,0.4907557
0.47222885,0.46589285
0.46717823,0.47242957
0.3812515,0.3488226
0.49577346,0.49903107
0.4875043,0.4782291
0.5087075,0.51410836
0.48872867,0.48489127
0.4962896,0.45921955
0.36708286,0.34972277
0.38341287,0.4078752
0.38229692,0.4118464
0.58190686,0.5955701
0.9243449,0.9195968
0.24637228,0.24240586
0.029746255,0.05249678
0.10319375,0.1109341
0.17523271,0.21012202
0.1707914,0.18898061
0.4332951,0.43377584
0.22222364,0.31056216
0.2730695,0.34210688
0.37008002,0.3593026
0.4219448,0.4186314
0.52429235,0.4940962
0.077928916,0.11300246
0.24966644,0.25047863
0.17179248,0.20344214
0.45507053,0.44566336
0.5000535,0.51902103
0.38831005,0.40520772
0.6603171,0.67470545
0.85229605,0.7767873
0.31313062,0.29713064
0.43463618,0.40405473
0.07569908,0.07871473
0.40439495,0.4100744
1.0175779,1.046402
0.14048274,0.14742157
0.3985453,0.38904983
0.3645854,0.3399778
0.4973043,0.4754835
0.227237,0.22396593
0.25696537,0.2401789
0.4887306,0.49819666
0.41523063,0.4085409
0.31430915,0.30234492
0.7470849,0.7590285
0.3482578,0.36682934
0.07164651,0.08110788
0.07213894,0.10290942
0.07213015,0.09184023
0.14134352,0.24096861
0.14971012,0.2058723
0.4559293,0.38552514
0.49769467,0.39658442
0.45811963,0.38761932
0.2738704,0.28884238
0.35865036,0.36397424
0.3553442,0.36001578
0.4595073,0.46563134
0.27279958,0.27731827
0.660549,0.6566323
0.66140735,0.67773163
0.6074979,0.60118926
1.0160636,1.1004412
0.25257602,0.33883694
0.25529352,0.3288133
0.1666568,0.16373068
0.44720972,0.4350876
0.30396518,0.30187225
0.63546014,0.51591635
0.92939186,0.9048346
0.37790847,0.38396972
0.6010519,0.60188663
0.6209597,0.6297004
0.040197343,0.058346976
0.31021068,0.28660563
0.36275992,0.3711886
0.42081442,0.3594183
0.36433965,0.32467648
0.5947983,0.5927583
0.7911352,0.8128114
0.16042359,0.15556444
0.29379445,0.34384933
0.65900254,0.6519743
0.3104257,0.31616646
0.42043784,0.39259896
0.42114508,0.40231505
0.6478706,0.6472365
0.19854045,0.19291432
0.13003853,0.13091119
0.50786805,0.5129823
0.3868924,0.3861423
0.25676975,0.2508234
0.12055276,0.12692805
0.24183299,0.3378087
0.36388275,0.3809099
0.3019625,0.2921893
0.4519256,0.47251558
0.3985484,0.4122345
0.38239986,0.3818047
0.26590872,0.28482983
0.44100538,0.46264535
0.45117357,0.41482672
0.4458866,0.41711116
0.34118733,0.3186297
0.040961046,0.07172225
0.7851732,0.71505857
0.7819085,0.72944933
0.74791306,0.6956873
0.7502265,0.6989633
0.7590348,0.7100855
0.7772905,0.74601823
0.7540238,0.7029329
0.7485567,0.6867909
0.7570244,0.70327604
0.77529216,0.7397518
0.7834358,0.71244395
0.777169,0.69472414
0.3356284,0.33881453
0.30239692,0.33413163
0.38286027,0.38949686
0.3451616,0.34842318
0.1741033,0.18222873
0.61623067,0.59706223
0.03584971,0.0621862
0.22078487,0.22597165
0.21825902,0.21775468
0.41923153,0.4006545
0.44592515,0.43566838
0.5717058,0.49010235
0.682582,0.5366052
0.3817914,0.3775158
0.30673236,0.28680864
0.27924502,0.27708456
0.3516856,0.36649853
0.5329969,0.5020169
0.5319392,0.54431707
0.25788626,0.27335194
0.1594366,0.16528063
0.9325121,0.85981655
0.6623482,0.6988489
0.039833654,0.046051376
0.040625434,0.07444302
0.042487632,0.07621463
0.042230394,0.07031023
0.08883484,0.106594265
0.18742903,0.23994434
0.15232821,0.26021475
0.50873756,0.48443633
0.16938262,0.17226584
0.41432253,0.4243737
0.47595224,0.44337082
0.3704363,0.379656
0.67598194,0.6859206
0.6523538,0.6429553
0.665677,0.66890186
0.5786096,0.5606623
0.16611916,0.16064435
0.08764776,0.10992734
0.20504843,0.20885757
0.40165088,0.40588498
0.33492073,0.32536715
0.30431226,0.28497764
0.33960158,0.33700362
0.34949884,0.33935806
0.90843856,0.8191986
0.36446297,0.37509674
0.44175488,0.44629082
0.25595388,0.2146903
0.49156085,0.4872693
0.31319502,0.32093287
0.36911172,0.37141067
0.7010137,0.71277285
0.52739745,0.53075063
0.041042037,0.06594624
0.080826126,0.098175324
0.7720766,0.7386445
0.5021066,0.5119741
0.33474264,0.34816766
0.17467166,0.169759
0.6315383,0.6122775
0.21809229,0.22747052
0.20753627,0.20891416
0.11573389,0.12296699
0.57319784,0.6329389
0.36834782,0.3771631
0.34575444,0.33727363
0.49044925,0.45648092
0.17693108,0.17459592
0.53093296,0.5790217
0.82693076,0.8683524
0.5394092,0.5148171
0.5692187,0.5890299
0.26296988,0.3787101
0.22579612,0.26372546
0.1250613,0.14883634
0.13713905,0.17214225
0.11600152,0.12840638
0.30860168,0.31205997
0.7274173,0.74229455
0.18785398,0.17224857
0.18019792,0.18429703
0.19006363,0.18480264
0.35966662,0.37114543
0.15760979,0.22851832
0.088208005,0.10671492
0.05537708,0.055339925
0.37661672,0.36264876
0.2750424,0.2807707
0.4120405,0.40777963
0.25173947,0.28934738
0.59118885,0.5685371
0.24285723,0.27703977
0.3197164,0.3367613
0.4836157,0.43494812
0.6055972,0.60881096
0.3496813,0.38022798
0.32362482,0.3187446
0.33848006,0.38432795
0.27882737,0.3007924
0.29723495,0.2848118
0.45501536,0.4522442
0.53431064,0.48633713
0.5548251,0.48489666
0.3874597,0.34840676
0.06712767,0.104906775
0.065968946,0.112158
0.045371447,0.1013587
0.044377662,0.10403316
0.40561756,0.39613825
0.29818395,0.3021139
0.5118527,0.45179468
0.4925085,0.5015955
0.4067075,0.39700085
0.3460867,0.39034316
0.46351093,0.48012176
0.30957857,0.32228962
0.40078893,0.38563323
0.4060928,0.3837027
0.32708886,0.39613137
0.4780833,0.43953824
0.3998934,0.41449276
0.19666876,0.17604925
0.1797747,0.16481206
0.17902309,0.16560996
0.17523305,0.16623849
0.17253879,0.16369317
0.17287204,0.15395445
0.1807843,0.15654533
0.17320594,0.14537787
0.16460551,0.14879194
0.40452707,0.38255402
0.3531341,0.37747714
0.061477244,0.07951511
0.5262162,0.5412183
0.6986022,0.68758965
0.6939969,0.6845253
1.8053204,1.4173105
0.45443857,0.45660105
0.17363425,0.32924277
0.27265713,0.323973
0.22605903,0.28195047
0.21121943,0.1930575
0.2477888,0.22920951
0.2604917,0.25676176
0.35260993,0.37261426
0.4351472,0.4218231
0.33430555,0.36130428
0.21642104,0.20705524
0.18952261,0.18611641
0.79155684,0.86318845
1.3903904,1.7298588
0.11671822,0.11078031
0.37229005,0.3425856
0.35829046,0.3137771
0.37494627,0.3279642
1.064429,0.90753907
0.8380446,0.77469575
0.28929195,0.2776634
0.5100536,0.5079994
0.4435852,0.4368483
0.45752278,0.4620881
0.27448177,0.24553943
0.13065141,0.1716121
0.68239707,0.6743294
0.2658503,0.2749434
0.83120817,0.6857682
0.43269858,0.43513507
0.52928054,0.52099836
0.44657993,0.4254709
0.5216194,0.5158802
0.454453,0.43047372
0.4455969,0.42084652
0.43184868,0.39644653
0.43191218,0.40687045
0.42526922,0.39801595
0.4094229,0.38167104
0.4046618,0.3971166
0.40327168,0.36959314
0.09482078,0.10456425
0.57989895,0.6073395
0.00838514,0.03406786
0.26849848,0.26063186
0.2657133,0.25691408
0.055059936,0.09691212
0.2153855,0.21578439
0.12712005,0.12689164
0.101563804,0.11372747
0.19283578,0.22042711
0.32120547,0.34040448
0.3714026,0.3494889
0.46952307,0.4653802
0.3567691,0.37017673
0.3282219,0.32988423
0.19037747,0.20392084
0.23314478,0.294315
0.35231256,0.35223207
0.06327852,0.06522234
0.081629016,0.14135891
0.7329367,0.7212659
0.27225596,0.2911087
0.36199176,0.3592736
0.5173274,0.49668574
0.1756633,0.20247626
0.31373212,0.3194607
0.33787948,0.35928616
0.35858852,0.35385007
0.36024404,0.35734662
0.33876443,0.34886655
0.3370778,0.34900376
0.2527071,0.25396487
0.3170318,0.31580016
0.32113376,0.3261408
0.38871375,0.39722234
0.3428531,0.35179737
0.37369764,0.36310267
0.27554166,0.26748905
0.15508726,0.1669044
0.117540084,0.09628908
0.5266769,0.53607833
0.6015299,0.6569618
0.4012304,0.39459473
0.40559623,0.40964732
0.35471845,0.36986476
0.42015293,0.43679142
0.507018,0.47970334
0.12222954,0.18672289
0.122778274,0.18140873
0.40833953,0.4068037
0.34507132,0.3485815
0.037486114,0.07212882
0.0545527,0.07947984
0.22219813,0.21346843
0.47282988,0.45572883
0.578832,0.57101804
0.79374087,0.7540113
0.70490897,0.6879724
0.56775326,0.51978344
0.24000487,0.22920398
0.26292986,0.26574954
0.25933242,0.2760272
0.26478398,0.26194867
0.5289187,0.49591333
0.5618013,0.5560888
0.19073515,0.21075134
1.3473256,1.2502649
0.8476167,0.6616379
0.2710138,0.3252704
0.30835155,0.32677016
0.27817512,0.34174758
0.40720782,0.44397268
1.4027603,0.96286523
0.39469582,0.4145568
0.7478667,0.7677935
0.728381,0.70679975
0.3776337,0.37474585
0.38010514,0.37669122
0.16214868,0.14137931
0.29785925,0.32816005
0.47438136,0.48148686
0.37351158,0.4106559
0.2612115,0.28279275
0.35863364,0.34455186
0.3249417,0.32077083
0.3201169,0.33167848
0.34789956,0.38911784
0.112355925,0.10181141
1.4652333,1.2462037
0.43459037,0.43006238
0.5256085,0.5295103
0.38451347,0.39559385
0.40421203,0.41464353
0.4024621,0.2598278
0.2978813,0.38869688
0.6021372,0.5498507
0.56619745,0.55886257
0.3392675,0.34570307
0.34974793,0.33511886
0.85095125,0.8388176
0.3203416,0.31428346
0.5561089,0.55460554
0.54871935,0.57439154
0.55924207,0.5756478
0.3827176,0.3568306
0.38731122,0.3689074
0.38201672,0.3613397
0.38112432,0.35211867
0.38181219,0.35950223
0.38945687,0.3981341
0.39610624,0.39571697
0.36764842,0.36588654
0.38509345,0.38496727
0.36968076,0.3392748
0.3806397,0.38152042
0.39541316,0.3905461
0.37095487,0.37242
0.43602154,0.42322826
0.417338,0.41558132
0.39074403,0.3610863
0.44474816,0.4711141
0.1505897,0.15860757
0.42298198,0.4304152
0.23454113,0.2545578
0.33620337,0.33647984
0.34150743,0.33463484
0.35649705,0.34689164
0.38813746,0.36329406
0.35194305,0.34763226
0.2595413,0.26218322
0.3457973,0.34018925
0.33827198,0.33726025
0.9506254,1.0426859
0.10216099,0.11674464
0.4635972,0.46133465
0.3622698,0.36820295
0.37014064,0.37469906
1.2347871,1.1255842
0.5615439,0.60967934
0.5651978,0.55026233
1.3587327,1.2349262
1.1413288,1.0629537
0.2139302,0.20675668
0.33144847,0.33019403
0.51170945,0.4859
0.4798637,0.5138402
0.5705258,0.5954679
0.3632984,0.35140005
0.44716623,0.4360017
0.24604441,0.23663235
0.29122666,0.27265364
0.30320346,0.29108498
0.27630723,0.2900112
0.45043358,0.46080738
0.5089192,0.5410371
0.39375788,0.39325377
0.5162826,0.49593955
0.4357841,0.41424012
0.4462352,0.41247576
0.3732602,0.37410957
0.38652858,0.38282204
0.2820597,0.28434813
0.56142855,0.58316165
0.75699836,0.6537477
0.78317624,0.7398189
0.54350376,0.5295619
0.1575257,0.15891528
0.45586276,0.43931335
0.4600377,0.4381574
0.13002524,0.17147745
0.114657775,0.16464096
0.28963163,0.28482533
0.2450197,0.2596494
0.10767147,0.11682794
0.29135883,0.29571006
0.23107189,0.28725496
0.23700102,0.2981122
0.14069803,0.13135982
0.15785553,0.1671815
0.46432197,0.43527216
0.46465263,0.417566
0.30637223,0.3122645
0.6815404,0.7387854
0.20385416,0.19628365
0.5600551,0.54197776
1.1819779,1.1311965
0.60051143,0.6020802
0.19192292,0.27064052
0.48987624,0.47618422
0.25952122,0.2682343
0.38718015,0.388447
0.12920588,0.11414715
0.35662588,0.36207536
0.37640533,0.36213392
0.3264382,0.32795438
0.3278358,0.32604575
0.32801524,0.32788154
0.5988866,0.58795255
0.41268748,0.42386264
0.29080635,0.27714476
0.19879264,0.21316262
0.54173994,0.52126634
0.5549658,0.5524558
0.5618958,0.5562302
0.5842234,0.5842248
0.5104767,0.56673044
0.97816426,0.71883446
0.9166672,0.76623166
0.358721,0.3821737
0.26161256,0.27240115
0.28426722,0.3022932
0.76013887,0.69821787
0.2750131,0.25328296
0.24964513,0.22686398
0.7496658,0.72257113
0.46018454,0.42429915
0.66462505,0.6541009
0.40999544,0.38590187
0.3079302,0.31280392
0.21599111,0.25592908
0.391712,0.39533046
0.17426871,0.166027
0.120163456,0.13058569
0.26178536,0.25965035
0.39743257,0.3908196
0.39969733,0.38308504
0.2863902,0.31386536
0.27233496,0.28092328
1.0080343,0.9691745
0.60808945,0.5858755
0.33047396,0.36933476
0.65479654,0.6160514
0.46489155,0.5050924
0.2851142,0.30386135
0.88529223,0.82030994
0.5527345,0.5823798
0.34707052,0.32534602
0.3113262,0.2765037
0.41295135,0.3876079
0.39035243,0.398737
0.38447613,0.38507372
0.34885874,0.3312951
0.35924152,0.3799343
0.15695292,0.12841608
1.1822176,1.0994873
0.5985303,0.56680954
0.6133973,0.618868
0.5610101,0.56707627
0.1492745,0.14414027
0.45207247,0.44182196
0.437715,0.4233536
0.45653534,0.43678814
0.4186882,0.39797124
0.53480697,0.54061025
0.4925027,0.491844
0.07272626,0.07978291
0.48825163,0.45721418
0.50024617,0.4723621
0.5105995,0.47522646
0.47086787,0.45074257
0.5294008,0.53351396
0.48615077,0.4468502
0.42052382,0.40557194
0.16313565,0.17869425
0.16195463,0.1716838
0.3661715,0.37513188
0.38215277,0.35632196
0.3180713,0.29010478
0.21049802,0.21402483
0.121374406,0.14308348
0.2551661,0.24871235
0.14265232,0.14518672
0.14720507,0.13593121
0.25562012,0.3149781
0.15538944,0.15886037
0.14806207,0.14900719
0.14670217,0.15059781
0.22072145,0.19659033
0.26666164,0.30126113
0.40400687,0.39486086
0.40025377,0.3722442
0.24177113,0.22776608
0.15934618,0.13522698
0.4600225,0.4412211
0.17189726,0.16190675
0.16045907,0.16800001
0.17095762,0.15590355
0.16986996,0.1616672
0.16801043,0.16325477
0.17582975,0.1658792
0.16996247,0.1569043
0.18027818,0.18066555
0.34047064,0.35341117
0.19837768,0.23098414
0.6317266,0.69548434
0.32580954,0.3423127
0.3147538,0.34000525
0.3043055,0.32128292
0.30349758,0.29293996
0.26415744,0.32654157
0.42263183,0.39779764
0.3641372,0.37807903
0.13361633,0.14868031
0.16482519,0.18685506
0.07813855,0.09864466
0.45512342,0.46818265
0.35017154,0.37750882
0.3591879,0.38500714
0.54252124,0.5061985
0.03263628,0.047347773
0.41576192,0.43007317
0.57127774,0.6449572
0.59931976,0.6045004
0.5284758,0.5211376
0.39982152,0.40542412
0.42986912,0.42489666
0.32293558,0.32513908
0.14824164,0.16848838
0.17290051,0.16804686
0.40319923,0.40297833
0.3949027,0.38237387
0.28308934,0.30177054
0.27066916,0.29256386
0.236938,0.21257
0.29730073,0.29075304
0.35248134,0.34390584
0.4354484,0.42360377
0.121521674,0.13830543
0.49555296,0.49760604
0.45818055,0.47102386
0.20677735,0.18492137
0.22330101,0.20663059
0.2895184,0.26876673
0.33555615,0.34085014
0.591105,0.57376224
2.4076273,2.0445704
0.14874388,0.1846237
0.37723505,0.37211728
0.21195857,0.23016044
0.21370442,0.22098494
0.36297533,0.41829306
1.1605992,1.2549697
1.4930751,1.523394
0.6845561,0.6786149
0.53246075,0.52256316
0.3147474,0.33654663
0.39910397,0.36640263
0.37328857,0.37227187
0.6228203,0.6182629
0.65114045,0.7016017
0.32349777,0.35581434
0.46045464,0.436791
0.26523957,0.24941166
0.22883554,0.22074342
0.36788446,0.34937114
0.16134757,0.17610133
0.36576986,0.3507256
0.45077878,0.46042785
0.21315692,0.18728052
0.4304015,0.43087798
0.20659596,0.18168053
0.19138789,0.2908602
0.41248292,0.38944724
0.34195876,0.3761425
0.49906155,0.45663112
0.5039088,0.4573392
0.33724138,0.3523343
0.4967883,0.44575042
0.32168046,0.34120226
0.27673936,0.28358176
0.28591195,0.2939573
0.28669417,0.2913914
0.24339947,0.2685331
0.4033031,0.40855438
0.26054826,0.17716017
0.3144174,0.32213515
0.49239823,0.4736386
0.3581335,0.34984
0.4635492,0.46060628
0.4644115,0.46072394
0.4541696,0.4488551
0.4559393,0.45882496
0.45760328,0.45761704
0.45604354,0.46703714
0.45580542,0.46205464
0.4497947,0.46156842
0.4492748,0.458314
0.42678323,0.42956463
0.4437375,0.4396789
0.45729893,0.4671991
0.45792735,0.46507224
0.28559723,0.30497023
0.23392731,0.23342252
0.34947208,0.3310712
0.67767185,0.6430088
0.33954763,0.33110416
0.33430812,0.33022022
0.31345928,0.33664665
0.06933074,0.060698014
0.5212996,0.4913891
0.17885707,0.16589771
0.40849495,0.4112657
0.24658717,0.24666245
0.10159079,0.110634886
0.13212623,0.14629328
0.26411515,0.27480736
0.25932255,0.27403435
0.1161105,0.13105722
0.11345748,0.10404763
0.21911208,0.2047688
0.34460756,0.31494278
0.7842426,0.80804825
0.4460997,0.44389814
0.4455541,0.4397861
0.496484,0.48240018
0.727142,0.7026312
0.8978589,0.82225883
0.42015263,0.42630345
0.2356969,0.20148194
0.32193485,0.31650546
0.19330195,0.18971056
0.3538661,0.32811075
0.43364686,0.42606965
0.39674357,0.395276
0.3980957,0.39112222
0.40344825,0.4020645
0.5020136,0.47034508
0.46775782,0.43553194
0.40369958,0.39368638
0.07378211,0.09851089
0.3216072,0.3149467
0.5724808,0.4768735
0.16549087,0.19901928
0.24698918,0.27282137
0.08084042,0.08179913
1.757256,1.3816686
0.14727548,0.17335168
0.14879563,0.17068201
0.305137,0.30092606
0.45186576,0.43570095
0.04873596,0.05975156
0.17857026,0.20516798
0.6279574,0.6023122
0.36842003,0.37625238
0.37082967,0.37856275
0.6328496,0.6045647
0.3266732,0.30417472
0.40360945,0.39614266
0.32453033,0.3092013
0.63110346,0.60071695
1.1110184,0.86441356
0.59605813,0.5627354
0.59136164,0.5893899
0.5275143,0.5323044
0.50835556,0.5089939
0.22035293,0.20375943
0.08809035,0.109366
0.37983665,0.36543268
0.76385087,0.75047624
0.4338909,0.4280955
0.2704133,0.2681097
0.45061702,0.3639764
0.5189896,0.542882
0.74807644,0.6556779
0.43604362,0.42170733
0.27732196,0.27748242
0.43868184,0.45602116
0.17612319,0.15098996
0.47894818,0.4747366
0.10539412,0.122226045
0.46083534,0.45643312
0.46294206,0.42041907
0.4618824,0.4194382
0.36599016,0.38830143
0.42346528,0.43301806
0.43633398,0.43882257
0.43074268,0.4436801
0.50744176,0.50682884
0.5184196,0.5120785
0.34268075,0.35594934
0.60046816,0.5147306
0.16364405,0.21028903
0.16010788,0.21292122
0.16324991,0.20894067
0.15440772,0.21110919
0.16138259,0.20319393
0.15658115,0.19677365
0.27258858,0.2877956
0.2269989,0.32897723
0.38561663,0.4087124
0.73167443,0.67766374
0.6078391,0.5236666
0.44901094,0.4001843
0.3762622,0.39410913
0.2151334,0.22062835
0.23180577,0.20665863
0.2326176,0.21634975
0.36994123,0.3650406
0.3642264,0.35914984
0.135965,0.14884487
0.24805234,0.2734571
0.251681,0.24832015
0.25110564,0.25804272
0.8418582,0.82986563
0.3894341,0.37711027
0.3979377,0.38344157
0.4649527,0.45615044
0.37602454,0.3793665
0.71652526,0.7136208
0.54833686,0.54430264
0.61406714,0.6197978
0.41470957,0.39300054
0.38295478,0.38309658
0.054496497,0.04323912
0.39261422,0.38342085
0.47022405,0.46703807
0.39534932,0.37697047
0.35294962,0.379574
0.32351878,0.32977232
0.31333607,0.30499855
0.63603795,0.630236
0.21535812,0.25877967
0.32063305,0.31369182
0.3201291,0.32099232
0.6148088,0.5898139
0.09278047,0.1363628
0.083098695,0.08270262
0.094355956,0.11507325
0.13043961,0.17866729
0.13613427,0.17805025
0.143655,0.19644935
0.14235438,0.21156272
0.032306194,0.052113812
0.062692724,0.07831739
0.33920866,0.32891494
0.34581426,0.33602923
0.13475756,0.18842064
0.13610573,0.18580745
0.1394393,0.17843929
0.13820526,0.19752477
0.14991556,0.19986191
0.14748552,0.21907392
0.13854764,0.21242328
0.3722684,0.37368393
0.23615049,0.24050629
0.29756054,0.31963325
0.35639244,0.37955853
0.2959803,0.33507544
0.6218912,0.5896446
0.5240385,0.5034308
0.5264818,0.5405491
0.4317561,0.43484122
0.6732052,0.64653003
0.7251221,0.6827074
0.2565651,0.24481106
0.37107348,0.37594324
0.60105217,0.5755519
0.29742306,0.30029282
0.22650231,0.21489707
0.21512039,0.19117276
0.21324898,0.20336704
0.20900054,0.20135465
0.21887426,0.23722932
0.06466138,0.1162342
0.06464011,0.11033007
0.06366129,0.11628983
0.22870684,0.2064583
0.20992553,0.20915766
0.23188514,0.22060749
0.22744991,0.21169528
0.22597647,0.20425804
0.24363111,0.22898054
0.06419907,0.117568694
0.06217357,0.122734204
0.06506243,0.12319104
0.064501874,0.12136104
0.2990508,0.30712005
0.3570092,0.361761
0.22842675,0.2708409
0.57370627,0.5590427
0.20854375,0.22384605
1.2254276,1.2044102
0.19747174,0.20652454
0.28846446,0.2666631
0.4368306,0.42359948
0.22329812,0.26905435
0.4857965,0.47629195
0.7594494,0.74028844
0.32385647,0.37102017
0.46213728,0.47608232
0.532384,0.5386287
0.4440251,0.46236515
0.74046,0.75845385
0.49266002,0.47611362
0.47626072,0.45342612
0.39411062,0.38823706
0.46448702,0.44924092
0.25582683,0.24864599
0.3640818,0.36747184
0.07337129,0.07982274
0.075705364,0.07820887
0.42675564,0.44664678
0.35600987,0.37466255
0.34593984,0.3443811
0.49437574,0.48019862
0.43882528,0.43508166
0.3799429,0.408708
0.15460828,0.19209394
0.38313806,0.44793072
0.1257199,0.1629226
0.39071116,0.3830631
0.3350856,0.31184435
0.133721,0.12408002
0.1317751,0.1367065
0.13306803,0.12317853
0.13537969,0.12477567
0.13732219,0.13800435
0.18735985,0.18918598
0.14031497,0.1291861
0.31827623,0.28743905
0.6360065,0.6229468
0.3729344,0.38825396
0.49696264,0.4724691
0.28847417,0.28465378
0.4047217,0.41624665
0.84570897,0.8572208
0.49784732,0.49192175
0.5248913,0.5222944
0.44090503,0.44265327
0.17569494,0.18675199
0.14384131,0.2592893
0.59885603,0.5870902
0.61080617,0.60594
0.6103296,0.59879905
0.627983,0.6148018
0.6324116,0.6203121
0.6351768,0.6343494
0.5429564,0.5123622
0.1755991,0.3601502
0.4107328,0.3894875
0.4686816,0.47527927
0.3728171,0.35739425
0.43091035,0.40034184
0.21702771,0.23716407
0.3737933,0.3646862
1.3993536,1.1774452
0.3774926,0.38692194
0.5003177,0.54293174
1.0077155,0.94610834
0.45669597,0.45090857
0.058838606,0.076111615
0.30936593,0.31350735
0.11094504,0.13074353
0.259197,0.28880197
0.41175732,0.40819335
0.61484164,0.61123127
0.4600959,0.474012
0.16376083,0.16237871
0.33583516,0.3396337
0.103691325,0.11319409
0.33279896,0.3372066
2.6694245,2.421618
0.17477386,0.19241747
0.2613904,0.29306346
0.053554967,0.09129661
0.42742738,0.4252376
0.49708277,0.4949109
0.5542191,0.5487886
0.39687625,0.37990445
0.5354146,0.53811014
0.57073694,0.5873579
0.7626016,0.75777495
0.57569855,0.58235157
0.510773,0.5134493
0.19673623,0.20899072
0.18832532,0.22304347
0.51590836,0.5293978
0.741842,0.70112145
0.76799476,0.7261955
0.7433051,0.72024035
0.77164125,0.7252912
0.7683078,0.75903374
0.110256925,0.109190844
0.0655743,0.075214565
0.2193102,0.2083157
0.36623657,0.3570205
0.06331459,0.07986538
0.40518397,0.41075188
0.104701266,0.13151829
0.102969944,0.14940849
0.2703759,0.2204149
0.24699181,0.20773621
0.25702414,0.2768796
0.112557255,0.113718726
0.3087868,0.33039448
0.2052551,0.2165601
0.20894434,0.21226425
0.22370191,0.24700184
0.8198946,0.7689312
0.39144868,0.3963268
0.86507833,0.8508374
0.3255149,0.3716678
0.21093078,0.21469083
0.32818174,0.31367448
0.6575173,0.6584765
0.14160013,0.14327763
0.22855547,0.22473845
0.24661183,0.24341318
0.26151907,0.24967535
0.24809414,0.24598804
0.25729233,0.23185408
0.22853154,0.22736016
0.24596556,0.24594632
0.17023112,0.15801415
0.25197935,0.24280071
0.26104227,0.28443468
0.29108855,0.3045196
0.31812024,0.34667942
0.3256347,0.35878867
0.26686227,0.30883464
0.36110815,0.3294871
0.3094395,0.33642524
0.13389699,0.14387326
0.27994204,0.2557842
0.43636617,0.45741802
0.2881494,0.26790327
0.28766724,0.2558024
0.72149336,0.7122552
0.7111048,0.72543776
0.2515991,0.2648123
0.24942589,0.26095602
0.35017428,0.33528155
0.84999776,0.7948599
0.2687195,0.2937663
0.31289148,0.32874683
0.367226,0.3719036
0.42583016,0.43220705
0.37986806,0.38719043
0.17181252,0.21604307
0.31491148,0.3189134
0.2954541,0.28613636
0.29627672,0.29744047
0.29218623,0.29770225
0.37042078,0.37770587
0.35960034,0.35048524
0.40845564,0.413592
0.87134886,0.8233781
0.17494254,0.2085398
0.4559974,0.44843245
0.545701,0.5231779
0.26767695,0.29741094
0.88667864,0.8474549
0.7540566,0.6935383
0.12446004,0.11509758
0.1278706,0.12315531
0.17785771,0.25658315
0.38944608,0.37409258
0.61144567,0.61394775
0.25832227,0.2769466
0.35524625,0.3465848
0.38831496,0.3901028
0.47032347,0.45520282
0.43909115,0.43029127
0.37175465,0.37549776
1.2067482,1.2128643
0.09582511,0.1664782
0.24464364,0.28667086
0.2052332,0.23606333
0.3147189,0.31205222
0.42478538,0.42807993
0.62815624,0.6199562
0.07701252,0.1064083
0.650617,0.75863683
0.05478338,0.07580167
0.48975146,0.47889543
0.33181104,0.33898094
0.2381998,0.2491852
0.26021236,0.28709605
0.28717947,0.30417666
0.089241624,0.106249526
0.21300772,0.20455079
0.46770445,0.44842416
0.21202281,0.23787698
0.5880486,0.55582535
0.41450807,0.42777833
0.4076344,0.406143
0.38663143,0.38170576
0.62177056,0.6200324
0.3122343,0.3270636
0.46782538,0.4694797
0.4840759,0.48590413
0.352903,0.35040793
0.38116953,0.3798801
0.39085072,0.39495707
0.35808352,0.36011398
0.24067296,0.22609022
0.23147206,0.2354395
1.05321,1.0766726
0.61338055,0.60058135
0.14578877,0.17448035
0.429407,0.43691388
0.6812054,0.6865137
0.65243584,0.65704304
0.36273143,0.36602518
0.30745664,0.34914476
0.35886648,0.35086343
0.2978292,0.41588038
0.25029632,0.27430934
0.15547147,0.17876312
1.2976228,1.204062
0.1543331,0.20966163
0.4930958,0.4879512
0.090020604,0.21807869
0.21618994,0.2895208
0.12207999,0.18797264
0.35943928,0.3574346
0.14180845,0.20307286
0.34218684,0.3324991
0.44963062,0.44957027
0.15846802,0.22548056
1.4534869,1.4308436
0.15849635,0.2149568
0.3101813,0.3057083
0.47675607,0.46468753
0.62187594,0.61511064
0.26240602,0.2623796
0.1879441,0.18908899
0.24645394,0.24949877
0.25302002,0.27044615
0.27866396,0.30030006
0.4359245,0.424668
0.13753322,0.14957583
0.18614107,0.18873955
0.70417196,0.68238336
0.71712714,0.68869174
0.25147793,0.25392482
0.3991286,0.38702974
0.24396935,0.25244382
0.2290972,0.17290625
0.32449266,0.31982735
0.2777382,0.2715494
0.28437167,0.2762333
0.3761035,0.4035477
0.36871642,0.38596705
0.55456144,0.5729659
0.49468577,0.50887334
1.3248384,1.3260176
1.708606,1.9056765
1.5090431,1.4847046
1.7881068,1.8792298
0.33757785,0.34981152
0.44624922,0.42994323
1.2843279,1.212662
0.081504,0.08976561
0.7051548,0.73393345
0.26539907,0.29782957
0.56715703,0.58838415
0.58619094,0.58368117
0.20957796,0.22531314
0.42339897,0.40484843
0.087808385,0.08589562
0.17282936,0.16780013
0.22084118,0.22910607
0.21640848,0.22480667
0.21656099,0.21879232
0.21129033,0.23621972
0.20030491,0.20434098
0.19821432,0.21252947
0.4111867,0.42876086
0.6130447,0.6501132
0.6121066,0.6402984
0.49172837,0.4774003
0.35026747,0.35958403
0.66509056,0.6725353
0.56506264,0.5456333
0.5529036,0.5268347
0.35243636,0.36001438
0.5804128,0.5771894
0.49715844,0.48106733
0.45321023,0.4411184
0.37173706,0.36689475
0.640554,0.61110127
1.7823428,1.9489281
0.58386046,0.60484684
0.17752142,0.16850217
0.1797515,0.16996792
0.35740638,0.37830326
0.3713179,0.38443428
0.36306703,0.3849714
0.36444524,0.35683003
0.47164485,0.4674008
0.21947852,0.30034256
0.21644925,0.2821445
0.16127178,0.15872483
0.35609907,0.36942023
0.34300318,0.33468944
0.23588012,0.2455214
0.21699995,0.19979319
0.21829946,0.20013385
0.22598363,0.21217766
0.15991369,0.19656858
0.16117355,0.18990916
0.46342456,0.44122472
0.15720376,0.25485885
0.41771737,0.41270894
0.3032783,0.3197399
0.17066371,0.16696176
0.20299971,0.20387945
0.16126813,0.16054085
0.48427156,0.4795517
0.2110754,0.19829813
0.21093987,0.17846358
0.10553132,0.103261255
0.28128392,0.27524528
0.400749,0.39498264
0.5443504,0.52985066
0.5237083,0.517258
0.5437591,0.52979136
0.5515308,0.5473076
0.5495995,0.53229755
0.5687862,0.55771667
0.3375465,0.31169316
0.28136855,0.27106076
0.26699853,0.2841843
0.27160642,0.28118593
1.0853904,1.0067713
0.11392531,0.16713175
0.31814316,0.32379
0.25516468,0.2533173
0.30419976,0.30127382
0.15223138,0.17592935
0.39860758,0.38621145
0.13669516,0.14964598
0.1278625,0.14031848
0.17902638,0.1644341
0.17749384,0.16665158
0.0969835,0.12008782
0.0967501,0.13385041
0.34850797,0.3577808
0.36333272,0.38300318
0.08506031,0.088693485
0.3412385,0.323004
0.30496392,0.30738574
0.10165218,0.12339525
0.13036816,0.1584135
0.525412,0.5166414
0.14609846,0.14867952
0.1753324,0.19087699
0.17265947,0.17892404
0.18837598,0.18575135
0.1753137,0.16600454
0.16968603,0.16580398
0.14529696,0.16371515
0.6133329,0.59456354
0.34907925,0.36232626
0.30287978,0.31473437
0.16725017,0.15157306
0.26492813,0.23628609
0.08725221,0.12795722
0.34860668,0.4464808
0.33846393,0.31691602
0.14837135,0.1342062
0.31528786,0.28630528
0.15094127,0.17076723
0.39497402,0.39533168
1.2048854,1.0949296
0.5557646,0.5678686
0.49034828,0.45254117
0.55916256,0.53324515
0.48590174,0.46577936
0.49668875,0.47207475
0.5974404,0.60255486
0.22452271,0.22462209
0.38095677,0.40191478
0.24682863,0.28274053
0.48589328,0.47829133
0.50149435,0.49832305
0.118745476,0.122636415
0.35407826,0.3463842
0.35119858,0.36574507
0.2835629,0.29918495
0.3140062,0.31679288
0.7451414,0.6839299
0.32515594,0.32653242
0.30578056,0.32528913
0.51197976,0.46980968
0.58708525,0.60058093
0.3455161,0.35348806
0.30400229,0.33321708
0.04494277,0.06652319
1.0782032,1.0350358
0.20282471,0.23049912
0.46759135,0.40939036
0.37049794,0.36953652
0.33695912,0.34357828
0.27888432,0.2612496
0.13734907,0.1548784
0.41399705,0.42111224
0.34620512,0.3668782
0.18340577,0.23453398
0.09676381,0.09469974
0.45879856,0.42765313
0.40705016,0.38270083
0.49557725,0.49779743
0.4586198,0.41707292
0.13313994,0.12969247
0.40969232,0.40980712
0.1024384,0.11462091
0.40766844,0.38269877
0.4008088,0.38432032
0.3801777,0.37865514
0.4254357,0.40833154
1.0178797,0.94812965
0.17291506,0.17871502
0.66069806,0.6581303
0.43916318,0.43743715
0.4635337,0.4449213
0.21432269,0.18971756
0.2399685,0.25513342
0.34203497,0.3305093
0.42237985,0.4130536
0.34852174,0.35829124
0.39035213,0.38449472
0.40342087,0.40169677
0.125901,0.1613663
0.52246124,0.5238507
0.43377098,0.4322606
0.25732702,0.25229973
0.100326605,0.09328582
0.32256272,0.39118388
0.69553596,0.7648765
0.586972,0.5015227
0.4792103,0.4724682
0.2458978,0.25217205
0.5310838,0.5285932
0.40105036,0.39361015
0.2431585,0.25185472
0.30131063,0.3890866
0.866565,0.674611
2.1075535,2.0886934
0.55395734,0.54656464
0.55203265,0.5423316
0.56599224,0.5632292
0.52532387,0.5176366
0.5533066,0.5540758
0.5325939,0.52243996
0.55538243,0.5503171
0.5844048,0.5714981
0.32384923,0.33919153
0.59235877,0.60970086
0.5999622,0.52694416
0.7774871,0.6909007
0.25646478,0.24591497
0.2118117,0.21888582
0.15985854,0.18688
0.2970339,0.2833011
0.35555813,0.3555328
0.4300091,0.4341475
0.441971,0.43830937
0.3441882,0.35765576
0.52679473,0.5325645
0.5131111,0.49508968
0.069262296,0.09829601
0.409903,0.36487764
0.46662223,0.44575953
0.45123866,0.45114845
0.35744753,0.34270915
0.44689986,0.43981513
0.32156795,0.31755766
0.14246807,0.18489286
0.108490124,0.11750485
0.12053114,0.12533371
0.2720889,0.31624237
0.1305792,0.14148705
0.23126478,0.22672339
0.06373597,0.073665395
0.72356606,0.69104224
0.69388914,0.664362
0.33901817,0.35508102
0.3407751,0.35495374
0.33684996,0.3427202
0.33449417,0.33364874
0.32941768,0.33949515
0.33175343,0.34602883
0.33496174,0.34272486
0.23437884,0.23459764
0.5214385,0.5275739
0.19096193,0.21418647
0.22229917,0.23726055
0.18751766,0.21569252
0.18917407,0.22229604
0.21370298,0.22956546
0.30114752,0.33461556
0.17396021,0.1669279
0.13219315,0.12059067
0.1553689,0.121787965
0.16289967,0.15490112
0.08481326,0.10765984
0.12743297,0.14256285
0.21419185,0.22512014
0.555355,0.53573763
0.07984657,0.15653862
0.42437106,0.42735037
0.36083877,0.39477426
0.30192128,0.30317655
1.187854,1.1628147
0.49094543,0.47971135
0.38677275,0.41943318
0.36175218,0.39616787
0.21490048,0.2641317
0.37461382,0.3618363
0.34126025,0.34314495
0.35732618,0.36288694
0.36214164,0.37599495
0.36655325,0.36745483
0.35207173,0.37306684
0.5721317,0.59097975
0.7194037,0.69194347
0.613316,0.6437982
0.589238,0.6333333
0.7796112,0.7410088
0.2909834,0.3013714
0.4959299,0.5561886
0.5063454,0.5496864
0.3754911,0.35302234
0.73332494,0.76590866
0.19330278,0.20161435
0.4191796,0.41765505
0.61615,0.6065835
0.26238638,0.26879546
0.5607253,0.5637806
0.60338,0.60094076
0.37628466,0.3777243
0.06484999,0.06392902
0.3267819,0.35465893
0.4271029,0.4244576
0.29686815,0.30521363
0.2974746,0.30616653
0.19859982,0.19312079
0.25077295,0.32450595
0.30725548,0.27788946
0.21812071,0.2146856
0.7840696,0.7453697
0.34459326,0.36944604
0.35988423,0.3792093
0.34900922,0.36702177
0.37746602,0.37163728
0.38952538,0.39024052
0.3707691,0.37234297
0.37797916,0.3817519
0.5029585,0.46919498
0.34190464,0.34805614
0.48667794,0.4787639
0.47716743,0.47959718
0.48109907,0.47929674
0.49634942,0.49192515
0.50125515,0.5023194
0.3386656,0.34021553
0.34474006,0.35342982
0.33138168,0.3260623
0.17565182,0.15969816
0.17277317,0.1628217
0.1752708,0.16926603
0.1749971,0.16868189
0.1744539,0.17579585
0.17123045,0.16451213
0.10443403,0.11674782
0.12770477,0.11645309
0.11332927,0.115124345
0.12678519,0.13920766
0.11328594,0.11217721
0.23716651,0.20129474
0.22639084,0.21344507
0.18812369,0.1871913
0.19543858,0.21149948
0.30243796,0.29998082
0.4972217,0.4580552
0.26546654,0.29278266
0.35341987,0.3513521
0.1859793,0.1822249
0.2017225,0.2590186
0.22766282,0.22335331
0.4116674,0.3737639
1.0477194,1.0222095
0.095648326,0.12886557
0.11887156,0.15439966
0.36732706,0.36988002
0.43040764,0.41880488
0.3438684,0.33290634
0.11808797,0.114833355
0.25249094,0.24018085
0.6468899,0.5972778
0.39365077,0.3735537
0.29324242,0.27687356
0.36672616,0.36248922
0.27666262,0.2608233
0.5629488,0.6133648
0.6539833,0.63812536
0.28593704,0.32721442
0.40835097,0.40516153
1.5575094,1.7783988
0.060358915,0.0857165
0.25020534,0.28377482
0.37424406,0.37283638
0.28791502,0.291816
0.343282,0.36344355
0.4760604,0.45561847
0.2320374,0.25605255
0.85671824,0.9937689
0.26285034,0.26400888
0.7087852,0.79068947
0.369681,0.36253995
0.62063515,0.60472
0.2913265,0.3097208
0.5232977,0.39577496
0.67585063,0.70000803
0.5830079,0.6307693
0.5175675,0.39514622
0.99558896,1.0590326
0.5082519,0.49988976
0.6867738,0.67549956
0.38379535,0.4172255
0.41007587,0.40661353
0.9830854,0.86178666
0.3224818,0.3082574
0.14498532,0.14050901
0.17832759,0.17229758
0.46160316,0.44234347
0.38345394,0.38432023
0.46733457,0.465914
0.41695634,0.41254655
0.3420381,0.3366465
0.34159684,0.34669137
0.27045777,0.28589994
0.20825928,0.23611856
0.33095634,0.33005506
0.4490157,0.46355987
0.3307773,0.33773702
0.46099937,0.41572398
0.2646976,0.30671602
0.06815021,0.07351749
0.724368,0.7922145
0.45023158,0.4402175
0.3191859,0.33357018
0.3924547,0.40048075
0.39978632,0.38816088
0.35420683,0.38097304
0.4658906,0.4624382
0.36745673,0.37572765
0.3564149,0.37111312
0.41470364,0.4203133
0.45274872,0.45129538
0.19015282,0.24808748
0.35339704,0.35155827
0.28464568,0.27768704
0.2692816,0.26560277
0.36555272,0.37342352
0.27723607,0.3067039
0.41097838,0.40752655
0.25444978,0.2662788
0.59723276,0.6008338
0.34178087,0.37949842
0.54507494,0.724478
0.36523497,0.37350148
0.61141884,0.5771498
0.13811448,0.14091319
0.53438914,0.5209357
0.042714626,0.062238537
0.29678863,0.31445232
0.088124014,0.12067379
0.34303153,0.35246143
0.5161054,0.49632257
0.35484666,0.36313212
0.336885,0.35418198
0.33149025,0.34465832
0.37055013,0.4038002
0.33824748,0.35046494
0.24467014,0.2696696
0.28817236,0.27655935
0.42194945,0.41210008
0.31872994,0.32350415
0.29560325,0.21103525
0.3726054,0.32727382
0.2842833,0.2763653
0.29594713,0.28409716
0.10755305,0.123404995
0.32996094,0.32275662
0.37526053,0.37013423
0.28800395,0.27051997
0.335297,0.3017327
0.2295488,0.25570345
0.55196035,0.548235
0.04928082,0.07825677
0.38887614,0.37584049
0.40532306,0.41037732
1.2253174,1.252455
0.2036185,0.24270952
0.22405364,0.2849665
0.060851656,0.09363102
0.06278589,0.106670894
0.07387218,0.097416505
0.057838302,0.08267837
0.1879774,0.21883826
0.19655263,0.18570067
0.18796891,0.1817354
0.1886625,0.1821458
0.1667362,0.16093095
0.19476332,0.18456519
0.20454687,0.18962649
0.2168062,0.22433782
0.1888758,0.20445445
0.2401146,0.25479147
0.15428314,0.17393513
0.1551911,0.16658065
0.20005174,0.19585666
0.11129816,0.14946708
1.136198,1.2532356
0.1590279,0.17973448
0.099848405,0.15190102
0.54656976,0.5616837
0.55777144,0.57078063
0.475085,0.4631405
0.2989975,0.3708688
0.46012804,0.42441076
0.6442587,0.70150864
0.42262378,0.39643225
0.57536095,0.56011295
0.5686029,0.555147
0.051324405,0.076556645
0.020803021,0.079931855
0.41810814,0.3790416
0.40012193,0.38352656
0.42127058,0.41936594
0.13131757,0.11744617
0.17229225,0.15552804
0.49446523,0.48136872
0.49684417,0.49556074
0.16279738,0.2019057
0.47546086,0.46300778
0.10890599,0.1167054
0.115711704,0.11036505
0.10854261,0.122633874
0.14063637,0.17161761
0.61784595,0.5891485
0.5747403,0.5536042
0.3611129,0.364284
0.39756352,0.39977953
0.17860849,0.14343008
0.51057863,0.7273489
0.40097284,0.3821094
0.4765946,0.46699086
0.579348,0.56943786
0.14762849,0.21842201
0.24539419,0.20892005
0.7328361,0.88659143
0.36525467,0.3719681
0.07634238,0.09645517
0.32677478,0.33504587
0.33215162,0.32818437
0.2826531,0.28344315
0.29217178,0.29158345
0.3530943,0.38119844
0.29103106,0.29893667
0.41659653,0.41945356
0.3446109,0.37562078
0.29195458,0.29990265
0.29926914,0.3031391
0.38613883,0.3957646
0.31638274,0.3271723
0.46595046,0.40376988
0.5081779,0.4969023
0.3461718,0.3319865
0.35144734,0.3376725
0.3098826,0.31354088
0.6780727,0.6564977
0.63905555,0.6358643
0.39773592,0.38806653
0.29031533,0.28718773
0.38371962,0.39607865
0.19738807,0.18113801
0.58125544,0.66200614
1.0433836,0.92458457
0.34647906,0.33300522
0.36866483,0.34471995
0.38849932,0.3676383
0.38536906,0.3539322
0.14561461,0.14548074
0.334202,0.3359569
0.050520092,0.07703557
0.34385702,0.33647618
0.31159586,0.33521986
0.29533356,0.28533107
0.67543864,0.64694494
0.09348695,0.08712463
0.4518996,0.40465862
0.5413224,0.5231626
0.4274177,0.423572
0.28219596,0.24378112
0.28797093,0.30362064
0.32229128,0.34030652
0.5377744,0.5840584
1.090128,1.139918
0.12157459,0.13774624
0.34461614,0.32295376
0.89627343,0.9143618
0.5414964,0.5151711
0.54793054,0.5405185
0.85620123,0.8589622
2.079936,1.7215862
0.22259475,0.20824978
0.54786134,0.6062718
0.11602382,0.11334018
0.21119025,0.20461273
0.1109505,0.123493016
0.114280164,0.108318284
0.05950849,0.06655882
0.09210582,0.081520274
0.38943076,0.39980608
0.38396952,0.383426
0.39183822,0.38941908
0.4307939,0.43281975
0.96730626,0.9693426
0.51481944,0.5025392
0.2752001,0.253408
0.13807696,0.1466887
0.2476791,0.25447887
0.3385653,0.332667
0.1441306,0.14534035
0.66010743,0.7519765
0.1670911,0.15182613
0.28985423,0.31376684
0.51364535,0.50588024
0.6767901,0.655155
0.162666,0.15988524
0.5623638,0.56373656
0.34001264,0.34542996
0.7321173,0.7236488
0.5006613,0.5173685
0.2948564,0.29360265
0.36398682,0.37841097
0.5008114,0.5059857
1.9461178,1.6355126
1.4858674,1.3834914
0.31953523,0.3110728
0.45227298,0.44712025
0.81562614,0.82217264
0.14347999,0.16550393
0.101527765,0.13515246
0.36238757,0.38733387
0.561661,0.5588196
0.08440983,0.10586295
0.09824719,0.13220625
0.3238219,0.30182123
0.32656375,0.32627565
0.17283405,0.18071094
0.61303014,0.60633516
0.7037566,0.73953205
0.61493343,0.61728084
0.321107,0.3197074
0.4214254,0.42408496
0.3268123,0.300036
0.28563341,0.30657858
0.28853607,0.3492295
0.5915861,0.6568071
0.57738453,0.5644283
0.46086,0.4529819
0.4045727,0.40356904
0.21496801,0.23655632
0.14439519,0.14749639
0.13442163,0.16180997
0.21267506,0.23895788
0.13933305,0.1466952
0.15179805,0.15550108
0.20367678,0.22908647
0.11287441,0.12243198
1.0742197,1.0535467
1.079716,1.0816534
0.25804964,0.30067596
0.24318136,0.2378346
0.28503352,0.27091643
0.22577095,0.23201439
0.31490365,0.29388517
0.35527575,0.3124948
0.08728247,0.110183634
0.3076839,0.30567792
0.10483068,0.116098724
0.40460676,0.37740558
0.10253988,0.10559468
0.3761635,0.41321158
0.3378836,0.3282134
0.27311942,0.3280446
0.2726182,0.28661996
0.2628669,0.32908326
0.82320696,0.77581394
0.046902664,0.05784015
0.04886781,0.08953273
0.045094028,0.1050771
0.5794507,0.5863894
0.49441066,0.4819118
0.4261443,0.41589612
0.2362487,0.2408677
0.38742027,0.37857586
0.38180295,0.37629443
0.36971352,0.35472518
0.38065603,0.3657352
0.39912197,0.39201528
0.3822177,0.38636306
0.37815484,0.3651683
0.33022404,0.32148206
0.6751911,0.7384846
0.6841315,0.6503285
0.5047872,0.49465996
0.5068904,0.49537572
0.49406716,0.48994294
0.5179269,0.50943935
0.3364533,0.3391389
0.4816064,0.4774471
0.47633386,0.46709228
0.44919914,0.44031352
0.3452995,0.3598451
0.2572745,0.26794034
0.52330625,0.51603025
0.09161476,0.103221476
0.45552805,0.43266788
0.3553361,0.38520917
0.17718248,0.18101504
0.115279175,0.10285076
0.164528,0.17795107
0.20708603,0.21319957
0.20111871,0.19165176
0.5283924,0.5104424
0.5583303,0.54628265
0.5851504,0.5674481
0.44669887,0.42572632
0.33055907,0.34270352
0.17973293,0.21004915
0.23109548,0.23217444
0.6699013,0.69751894
0.9900096,1.0255959
0.22584625,0.23478425
0.40662888,0.41867906
0.27125636,0.39668038
0.27378774,0.3853138
0.46084648,0.45360452
0.118785396,0.14078218
0.51959765,0.50724375
0.48169726,0.4505852
0.44890052,0.42307916
0.2982375,0.39103863
0.3037043,0.36982852
0.6114972,0.6440737
0.6241142,0.46111736
0.6050838,0.6092113
0.4689147,0.44391885
0.243148,0.24092631
0.25027868,0.23491852
0.2833944,0.26858118
0.2429502,0.24176678
0.18504083,0.20121726
0.08431811,0.19614455
0.06965727,0.09615497
0.18878981,0.19501002
0.72660947,0.66165584
0.15396674,0.23377216
0.013687454,0.05437187
0.4376465,0.44141012
0.18973757,0.18721223
0.6004446,0.61975896
0.31363356,0.31031376
0.28089562,0.29822537
0.13772072,0.12608367
0.23896407,0.2396708
0.4774831,0.4634347
0.05102605,0.06959273
0.049826846,0.07061628
0.17909326,0.17898794
0.20821692,0.2255266
0.47909394,0.4797954
0.28191233,0.28854284
0.7164174,0.7182926
1.082278,1.0152302
0.34068125,0.35143477
0.672444,0.7065594
0.6521575,0.6281768
0.24983752,0.28959352
0.2910688,0.28898007
0.124525554,0.15647952
0.42961642,0.39302734
0.46004954,0.4246528
0.24082913,0.25047046
0.16478136,0.17095156
0.23521985,0.24259782
0.3748038,0.3643876
0.6765804,0.7081786
0.3694814,0.39143372
0.72910917,0.7690596
0.3774401,0.37894455
0.15805037,0.15022936
0.4793056,0.47704706
0.33851472,0.36885542
0.48244667,0.45343575
0.3304235,0.32469442
0.8666103,0.80046195
0.14421768,0.16177729
0.14158557,0.16315795
0.13889527,0.16027315
0.13854308,0.14855444
0.530038,0.5912787
0.3866402,0.39301717
0.48775342,0.5022162
2.474464,2.3401601
0.6773722,0.6538934
0.51979315,0.5060828
0.38592386,0.41280818
0.25478822,0.23141202
0.8945994,1.0686562
0.9286404,1.1498168
0.8864972,1.0312344
0.93283427,1.1094642
0.87760806,1.0226743
0.907537,1.0965409
0.90780056,1.1420047
0.23836221,0.2571027
0.05359076,0.0723954
0.28146157,0.28734124
0.71649104,0.7328885
1.0328342,1.014961
0.6244681,0.6293313
0.26148406,0.28804877
0.24444476,0.24538366
0.34748387,0.35949123
0.5190248,0.48123616
0.5509017,0.5439431
0.49262995,0.45767564
0.42608508,0.39405933
0.37130117,0.39650613
0.39781448,0.3843676
0.2610502,0.27238625
0.59983075,0.50956553
0.17833434,0.17143661
0.29575095,0.32274887
0.10516964,0.14602272
0.28975666,0.32954723
0.289288,0.29105067
0.37795255,0.3144352
0.5150632,0.5191285
0.31454855,0.3422383
0.38378736,0.36612794
0.47153118,0.44362062
0.35182014,0.35185656
0.31525296,0.30817217
0.3181073,0.3233557
0.32580048,0.31662777
0.25698364,0.35997528
0.29204994,0.38631615
0.3189984,0.3451949
0.72327125,0.67784876
0.4342084,0.42808476
0.45748222,0.43795443
0.4615709,0.44148788
0.4425144,0.44218293
0.81663513,0.6894642
0.45790085,0.44557944
0.47105175,0.45840994
0.455469,0.41579002
0.4433758,0.42455822
0.28735217,0.34711665
0.24894105,0.29650748
0.3024011,0.31104416
0.36789197,0.37683824
0.26200253,0.30532697
0.24924678,0.29433316
0.27278507,0.3191228
0.26967198,0.29084322
0.5223763,0.52244604
0.27235225,0.28799725
0.6891693,0.7176142
0.30773473,0.28287515
0.32148102,0.38658184
0.3667678,0.39248145
0.98791385,0.90094125
0.22641248,0.32464153
0.3114099,0.35947427
0.3745063,0.3948293
0.68577045,0.57164824
0.14382759,0.13261795
0.30696318,0.3850511
0.42866662,0.43403596
0.578136,0.5294868
0.3030678,0.31004772
0.18903579,0.26893944
0.48459706,0.51184434
0.4824042,0.48421717
0.47474268,0.4796937
0.20458516,0.23778024
0.32995322,0.34473392
0.32422486,0.3650257
0.31226164,0.38412625
0.3297562,0.4082035
0.41628638,0.39471754
0.43477705,0.4096147
0.33478236,0.35087997
0.5925283,0.5035284
0.73773277,0.6803872
0.3120157,0.33662236
0.2270034,0.3232422
0.21473595,0.27897555
0.24519524,0.31472045
0.2494872,0.34353325
0.3390062,0.4013105
0.8103175,0.9962987
0.52228665,0.49106574
0.3192178,0.3270309
0.2239143,0.2723127
0.10117455,0.09842018
0.3718579,0.47857818
0.3685624,0.46371683
0.3785316,0.4960001
0.3731335,0.47230363
0.5616277,0.5165864
0.8115064,0.90554905
0.47395,0.45221153
0.08409292,0.10278734
0.0853883,0.09265403
0.29259005,0.3306119
0.107337505,0.12168548
0.10640031,0.13111484
0.10601708,0.11399299
0.5262044,0.56525004
0.4823668,0.47178
0.45845202,0.40663782
0.5193999,0.5561996
0.6309618,0.5424596
0.3036514,0.38918585
0.2937648,0.40153533
0.23442309,0.24038208
0.3323395,0.33553046
0.2112375,0.21066955
1.1405829,0.732218
0.31286955,0.351646
0.25879094,0.29070073
0.2783971,0.32371423
0.24916476,0.26885265
0.8614665,0.82229245
0.33174893,0.34038436
0.22967082,0.26660392
0.27271664,0.31470537
0.35901195,0.40819344
0.3675217,0.3834542
0.37231708,0.40754527
0.30226257,0.38365978
0.3449329,0.3634743
0.42639357,0.43706545
0.3692535,0.3933589
0.36123022,0.38496193
0.26787326,0.33470812
0.2944435,0.29317373
0.109818235,0.13915811
0.10525937,0.13209298
0.108929425,0.14761591
0.116594814,0.14277725
0.39472076,0.3768891
0.3385444,0.35362273
0.3686425,0.3614524
0.23417188,0.2527794
0.51886463,0.54922116
0.10335685,0.13495427
0.5182384,0.48636502
0.22430478,0.24856842
0.21712881,0.25786972
0.23049012,0.2567359
0.20022479,0.23355584
0.47018418,0.4500432
0.11127505,0.24432452
0.18907301,0.2668171
0.11933948,0.23078966
0.22139859,0.2679415
0.69501084,0.6725335
0.35182348,0.35037807
0.37374684,0.37682432
0.40689793,0.41039532
0.17889372,0.17812265
0.35209173,0.3386701
0.13728538,0.14526694
0.2987315,0.313736
0.29064727,0.31152385
0.28510842,0.35153452
0.28363872,0.29756284
0.5047558,0.496991
0.09848933,0.09799905
0.34685948,0.34202558
0.29654762,0.2591349
0.30017683,0.30891836
0.26855585,0.2843962
0.21310188,0.21161008
0.3192886,0.33238855
0.4516257,0.42755896
0.321995,0.36503854
1.255151,1.165191
1.0489664,0.9508958
0.92995733,0.8161864
0.14078625,0.1544765
1.0173534,0.9032532
0.16058387,0.16814004
0.15898874,0.1555188
0.15968011,0.15836038
0.021036321,0.06717841
0.16045806,0.15962103
0.15760756,0.14538422
0.15745743,0.1568095
0.15995136,0.1615306
0.29115555,0.2985261
0.3045298,0.31215888
0.31664315,0.32931614
0.21672758,0.21134654
0.27355838,0.2775359
0.16940457,0.26223645
0.21932541,0.18952826
0.16730975,0.15578903
0.2572512,0.27214274
0.27183807,0.27532798
0.2976816,0.300592
0.46886656,0.44410682
0.2611151,0.2688452
0.29218695,0.31581914
0.08173232,0.09808507
0.08195265,0.09366973
0.082558356,0.07723607
0.081483975,0.07999774
0.0779714,0.06897778
0.08113621,0.071207725
0.08177186,0.07499443
0.08084372,0.08045341
0.07941581,0.08611953
0.07823664,0.07184838
0.08093699,0.08343295
0.08464184,0.12193285
0.20689565,0.2006075
0.21660835,0.20130906
0.23658459,0.22763526
0.09212775,0.11196244
0.07795117,0.09854807
0.33135942,0.3389325
0.1878091,0.19302765
0.5751018,0.5717602
0.63790786,0.68794966
0.50248975,0.47292906
0.090066396,0.098514274
0.19658247,0.18223855
0.19318402,0.18334298
0.36425483,0.3505306
0.5686664,0.5622505
0.13388932,0.15102924
0.077896215,0.08201616
0.26762584,0.32317883
0.38024417,0.42384785
0.38136905,0.40350342
0.36370087,0.35016775
0.40553433,0.3793066
0.5006472,0.4859898
0.7127754,0.6913682
0.33488938,0.3292597
0.6103472,0.6090114
0.054120366,0.07953425
0.059736717,0.09246915
0.27300313,0.26772007
0.27784917,0.27094132
0.3928706,0.3900062
0.6998414,0.7105199
0.027461534,0.05507815
0.047061328,0.07184864
0.38183358,0.3564263
0.38985473,0.39000964
0.42807415,0.42088333
0.40791312,0.39991048
0.2524259,0.25141713
0.39252582,0.3882191
0.3522009,0.35935694
0.17305374,0.17408188
0.3547093,0.3507424
0.7572263,0.6518767
0.1570139,0.1643875
0.50043875,0.47301322
0.35335097,0.35452637
0.11024677,0.14425346
0.45065477,0.45123702
0.25568366,0.25614572
0.5084579,0.48152605
0.702623,0.693282
0.57452124,0.56021684
0.30631712,0.2869932
0.32523695,0.3529129
0.326135,0.3379716
0.32397163,0.3322827
0.43353248,0.44381875
0.24078207,0.26490432
0.49392477,0.47607404
0.03830866,0.07175727
0.41804296,0.40757433
0.40898994,0.4169461
0.42264098,0.41910076
0.23803577,0.23945728
0.46666923,0.4858617
0.513741,0.48401338
0.52542645,0.5164169
0.33080432,0.3399947
0.3584248,0.37783244
0.13196611,0.15947753
0.08602711,0.13655347
0.5276806,0.3858993
0.07239982,0.08495339
0.1998753,0.1871551
0.16938877,0.18465419
0.15847464,0.18482235
0.15850982,0.17316665
0.15246171,0.1755518
0.16196197,0.17960063
0.18457486,0.17725916
0.34186497,0.3680364
0.3813174,0.40022478
0.25049746,0.24434388
0.23912787,0.2273606
0.24735598,0.27389795
0.5973355,0.5867486
0.6316426,0.628672
0.6055428,0.62246454
0.5742505,0.5684007
0.54091114,0.5312027
0.43616498,0.42513618
0.3501421,0.3402661
0.40628055,0.37165043
0.47109064,0.47976676
0.46342024,0.43703812
0.4286522,0.42734352
0.51326674,0.52153355
0.050319057,0.10082104
0.6179011,0.6631962
0.1532823,0.1646396
0.18106163,0.17602557
0.16029295,0.16723752
0.32033706,0.3087592
0.39773527,0.39056367
0.1475198,0.13771817
0.92610204,1.0121453
0.27641755,0.28007868
0.28179145,0.37761992
0.77301973,0.76947296
0.7285143,0.70833266
0.6846649,0.6488589
0.48374718,0.48126745
0.1854931,0.1857332
0.10486571,0.11053101
0.22078578,0.24368069
0.10601994,0.14775643
0.10653165,0.10456016
0.20623319,0.21896844
0.20993023,0.20439167
0.21104474,0.21099535
0.20832638,0.20667954
0.20720589,0.23158285
0.21083702,0.22146349
0.20888764,0.22961001
0.21173581,0.21081445
0.2111446,0.2295058
0.21052144,0.23323219
0.20901346,0.213689
0.21186364,0.22068612
0.2111426,0.21461797
0.21167389,0.20288393
0.20908736,0.2202687
0.6593645,0.63052213
0.41401425,0.3992663
0.3770197,0.37768638
0.46100637,0.45918012
0.3824245,0.3886429
0.34963417,0.32107905
0.2718134,0.24439657
0.09955305,0.10623233
0.19578491,0.2308445
0.19276106,0.20890911
0.1983657,0.22589198
0.19620411,0.22437465
0.20146504,0.2345258
0.39130303,0.36610788
0.79487413,0.72828674
0.8389871,0.84382594
0.783779,0.7806506
0.268115,0.27386868
0.23645362,0.22514455
0.21146819,0.19754171
0.4347198,0.40315866
0.35161385,0.3723768
0.3156716,0.34432465
0.39309514,0.4056716
0.14938967,0.13594517
0.60489756,0.63121665
0.6146526,0.6633528
0.6021565,0.6558847
2.388277,2.0857158
2.2754722,1.9312881
0.25382847,0.23318586
0.16140573,0.18414566
0.25794867,0.23066206
0.7235984,0.763844
0.06868198,0.10400675
0.35700184,0.36614472
0.45961857,0.4645598
0.07476168,0.07715055
0.0734259,0.06217112
0.090235054,0.115505025
0.4517351,0.44330102
0.18474643,0.22890444
0.044494387,0.09671535
0.31866926,0.30577224
0.312166,0.31571275
0.031007892,0.06851007
0.03148075,0.072736345
0.5119472,0.48264828
0.7088563,0.7328875
0.15339902,0.1653487
0.3560901,0.36180797
0.35353154,0.3509174
0.7395869,0.6639333
0.17856224,0.19299917
0.17312124,0.24166146
0.4520472,0.4298133
0.51604533,0.5159187
0.14057331,0.1518043
0.25405437,0.28698546
0.3595266,0.40214697
0.30771637,0.32555553
0.3877056,0.39452386
0.3625303,0.3530369
0.3940173,0.38898468
1.8219833,1.8661644
0.5533881,0.48301834
0.2587291,0.2643488
0.2526943,0.26355594
0.093782656,0.111407265
0.09443184,0.112209216
0.59333515,0.5130477
0.15164094,0.14104018
0.15723397,0.1612392
0.05706417,0.09928597
0.07812859,0.09007929
0.07732397,0.085008726
0.4608416,0.46047097
0.2096546,0.20142409
1.3093303,1.1902475
0.10982843,0.13778923
0.30811515,0.29596412
0.22655508,0.2360073
0.08756975,0.10981949
0.17463998,0.16495238
0.08572786,0.09092433
0.1719222,0.16308936
0.088219546,0.09763457
0.1700995,0.15474232
0.49079376,0.47769552
0.57226324,0.58331573
0.6239899,0.6258277
0.6671953,0.6759114
0.3358919,0.3562898
0.11100448,0.1934915
0.4141905,0.41512156
0.21146539,0.19671454
0.21622148,0.20860758
0.26481137,0.26501268
0.3440086,0.38762003
0.31174418,0.35831234
0.30058068,0.2937937
0.17739569,0.17442004
0.17886761,0.1730378
0.17857212,0.15362206
0.18035503,0.1681623
0.4831522,0.49445873
0.14441943,0.1409352
0.37365633,0.38265473
0.35718846,0.3841073
0.3599637,0.3769454
0.32164446,0.32507056
0.3540769,0.3706717
0.56787086,0.5782254
0.36426407,0.38110432
0.41234604,0.4052113
0.16827722,0.18292384
0.35208368,0.35677975
0.55715287,0.56509507
0.30733058,0.29342127
0.25758967,0.24190184
0.47145766,0.41996127
0.52335316,0.5553256
0.6596401,0.70912796
0.62663877,0.7342493
0.65435827,0.7558323
0.6744816,0.7617467
0.18727878,0.20577736
0.32253253,0.3123783
0.1039102,0.24006696
0.11043469,0.13200909
0.045703948,0.06990327
0.2287782,0.21352632
0.2352582,0.26927406
0.24245454,0.28094092
0.23560369,0.2676028
0.23762672,0.2657917
0.2397263,0.2721662
0.2392811,0.27861065
0.23860261,0.26927876
0.22238459,0.24487416
0.23510149,0.26819864
0.24601975,0.27558982
0.23617356,0.28443018
0.24082497,0.27305508
0.2389112,0.2732643
0.24742596,0.2928335
0.24038799,0.27664712
0.23275258,0.27176896
0.16857785,0.16553056
0.10599531,0.12292991
0.10664489,0.112053715
0.28104413,0.2875812
0.27236313,0.28175044
0.3431961,0.35476726
0.3384792,0.3359569
0.29768294,0.3012791
0.7560574,0.7638525
0.29777047,0.3030221
0.32448068,0.36166397
0.37160254,0.41490608
0.0417844,0.11585573
0.038684715,0.06962036
0.27344432,0.40913534
0.22866097,0.2563841
0.45538402,0.44078726
0.0786913,0.14480288
0.17791717,0.15954068
0.17879091,0.16429353
0.2978981,0.31363383
0.11176356,0.112156585
0.6061142,0.6099543
0.43384993,0.41399312
0.06319586,0.093585685
0.30082917,0.327809
0.5948841,0.6024019
1.1289796,1.0401461
0.41180488,0.39902583
0.34294447,0.3229286
0.35492155,0.34251767
0.3688378,0.36923313
0.37299332,0.37400907
0.33290973,0.35230723
0.3286509,0.3427269
0.3604704,0.36882383
0.35835323,0.370812
0.47792628,0.4805085
0.3740227,0.35527515
0.47412843,0.4986394
0.28447008,0.3021123
0.21623829,0.2319644
0.6285767,0.6695286
0.27651075,0.2864553
0.60529494,0.64756835
0.36715576,0.37280148
0.26079577,0.28430912
0.6935907,0.68763864
0.11115646,0.1225632
0.54834086,0.5408596
0.57404166,0.5654143
0.40526032,0.4096748
0.19354889,0.18957116
0.22330324,0.23939307
0.27439722,0.2682405
0.110389344,0.1560345
0.38009962,0.32394043
0.13560031,0.18560772
0.1961118,0.21401401
0.19910724,0.20428422
0.29266292,0.3334298
0.29368547,0.31078285
0.33683977,0.33426735
0.41970104,0.4122696
0.33783704,0.34230432
0.7832747,0.74951494
1.0255923,1.008465
0.34414306,0.34430972
0.31706554,0.27131626
0.49862388,0.5038522
0.40418854,0.41729507
0.45843512,0.45919052
0.06530375,0.051684447
0.2355113,0.22278059
0.16463518,0.16716495
0.33464822,0.32870358
0.18317162,0.18280067
0.2228163,0.24732783
0.20748916,0.21771884
0.19672038,0.22054903
0.052744,0.067365415
0.051585443,0.05806303
0.05156425,0.072992526
0.23321366,0.23611502
0.26468146,0.24863136
0.2806791,0.29590315
0.39120182,0.3894333
0.58444,0.56597847
0.43006748,0.44748574
0.33795553,0.3389743
0.32855788,0.32759452
0.5726376,0.52771795
0.5736759,0.5838106
0.6185094,0.64787644
0.44016534,0.48375377
0.36917904,0.3707942
0.35277689,0.34595186
0.3713535,0.36276406
0.47620228,0.47932306
0.38953954,0.3758726
0.38833034,0.33912876
0.37919647,0.3113926
0.38672507,0.33477873
0.38313457,0.3166191
0.44573304,0.45953122
0.45009643,0.44793147
0.5570209,0.5258052
0.56340086,0.5714335
0.5308712,0.49196535
0.564505,0.5454687
0.5268206,0.4932526
0.5733414,0.5254932
0.24088009,0.2432944
0.13403799,0.14561662
0.74165964,0.77011013
0.5884521,0.57617104
0.4264034,0.3987696
0.48167372,0.46883765
0.47233096,0.4642392
0.54649884,0.5278381
0.59967875,0.5858528
0.49241608,0.49786457
0.41995287,0.42943817
0.42232138,0.42464042
0.19013879,0.18177679
0.36570546,0.37445801
0.290325,0.29879862
0.33011335,0.3380651
0.24071844,0.2627997
0.2678615,0.26339978
0.4484289,0.44696578
0.4243268,0.4279569
0.5971924,0.65682817
1.6155703,1.5320636
0.52770334,0.5214876
0.019975767,0.027362864
0.24651386,0.25342172
0.20612843,0.2200354
0.2567234,0.24805239
0.07890031,0.08787465
0.062180627,0.060102694
0.08146325,0.08465783
0.076383814,0.08050318
0.07750541,0.077395596
1.1079358,1.2421172
2.7066426,2.7916284
2.251338,2.2806962
2.1715453,2.1612973
1.922302,1.8528652
0.5968371,0.53252846
0.5960982,0.5295038
0.47991142,0.4600021
0.67637175,0.59460133
0.6615131,0.58673316
0.32340726,0.32850736
0.42704168,0.39081708
0.42827293,0.42853445
0.25305718,0.24827132
0.33588144,0.38871232
0.39205286,0.4090279
0.3681267,0.37928882
0.12710647,0.17666966
0.13966799,0.18434368
0.14376289,0.18743367
0.50820786,0.53907555
0.80773693,0.8163716
0.45008636,0.4440154
0.38790783,0.38433903
0.3941605,0.39955583
0.13051832,0.13079222
0.11820806,0.1434748
0.25472823,0.26009768
0.24366029,0.2265952
0.43212977,0.40741357
0.02892105,0.044098843
0.34024084,0.33249766
0.53102964,0.5730332
0.46445858,0.44820696
0.33877584,0.3286299
0.33628154,0.30780658
0.34217685,0.3281749
0.34419873,0.33466512
0.4165813,0.38366693
0.20210424,0.19711748
0.15300754,0.155207
0.2503626,0.28915173
0.24887212,0.28014395
0.5027794,0.5067307
0.24854438,0.27330658
0.2502297,0.3017972
0.2503555,0.290736
0.25000647,0.26846522
0.11643731,0.11046381
0.24929623,0.27098832
0.16131416,0.13978681
0.1484803,0.112731576
0.15206541,0.14274842
0.15159263,0.12171177
0.25650033,0.23936205
0.24017805,0.2669005
0.56081575,0.520079
0.45621523,0.46304807
0.100805104,0.1017468
0.68944144,0.7136744
0.40881792,0.39311147
0.28871855,0.29331893
0.45156303,0.45060197
0.42701706,0.4088277
0.1389213,0.16821274
0.4042665,0.38729244
0.41202843,0.40207395
0.30545282,0.31100723
0.30243683,0.29366007
0.75414777,0.7435843
0.5359721,0.5597015
0.36916432,0.3744241
0.11849479,0.11281772
0.13205814,0.15772234
0.32827544,0.35959417
0.515962,0.515186
0.24562635,0.2888424
0.31130973,0.33802086
0.3868002,0.38030046
0.33031595,0.36405474
0.53764623,0.5300704
0.5063671,0.4887597
0.35384288,0.37581226
0.28061107,0.27717322
0.19817828,0.19042225
0.29907024,0.30357444
1.9407833,1.600885
0.22717066,0.24535182
0.68582153,0.6324153
0.7117994,0.6862073
0.44380155,0.43413824
0.26288912,0.28180727
0.36863884,0.4780341
0.49782884,0.4870507
0.038792677,0.06507997
0.17077021,0.17234392
0.19321929,0.24013284
0.20854545,0.241576
0.2153859,0.2603448
0.63276875,0.47121972
0.2185865,0.25523862
0.21069205,0.22231202
0.18300365,0.2186884
0.21034464,0.16321102
0.7180683,0.706628
0.45830846,0.44260782
0.6083613,0.5659109
0.68345153,0.6507254
0.6639918,0.6525262
0.27607968,0.3023081
0.40314367,0.38017386
0.46261862,0.4715837
0.9024805,0.83120906
0.04303285,0.0700783
0.14735343,0.15710731
0.15813941,0.1902195
0.1619329,0.20096776
0.15939994,0.19661088
0.39707687,0.33520848
0.18929157,0.15499821
0.49421397,0.46819535
0.045220785,0.07560059
0.052252825,0.06416304
1.3264189,0.86085796
0.20311938,0.22037022
0.15571527,0.20027804
0.22815949,0.23704633
0.30258796,0.30857006
0.96144533,0.9243038
1.6145744,1.4960638
0.9644449,0.9044334
0.7762659,0.74320424
0.44216207,0.44385695
0.6036618,0.643723
0.7696146,0.76834404
0.37584767,0.38260108
0.45125806,0.46323037
0.46700326,0.4808008
0.6301352,0.63042986
0.30019462,0.29860985
2.3074875,1.9049755
0.4408929,0.4323731
0.30770254,0.3510539
0.5970064,0.60644794
0.34007052,0.42428836
0.2694097,0.2509684
0.28194937,0.3021308
0.49216783,0.46378797
0.16418435,0.16832604
0.49405393,0.49429917
0.16600488,0.2501399
0.44593742,0.45424023
0.19307443,0.19272183
0.45554453,0.45671448
0.5188015,0.5078665
0.55560446,0.56055963
0.05871426,0.06047774
0.5217361,0.5177079
0.4234353,0.40380287
0.45354798,0.4594325
0.11558561,0.11344335
0.2334316,0.24390984
0.053694528,0.11529831
0.2913762,0.27942544
0.11746349,0.11086454
0.48980686,0.49509072
0.48394397,0.4917334
0.3669419,0.35205275
0.83773077,0.8523549
0.34719434,0.33821112
0.40474492,0.40684372
0.43099156,0.42609602
0.26386172,0.25016826
0.5266189,0.50767577
0.6521263,0.65610933
0.70748514,0.68987435
0.547742,0.5108727
0.32421845,0.31824985
0.6504356,0.61668193
0.26490998,0.27549735
0.26485488,0.27105585
0.33584088,0.3237309
0.332793,0.3376566
0.3431681,0.33595377
0.06568469,0.07811739
0.43107146,0.4592763
0.48345137,0.4756426
0.2466349,0.22011635
0.2182702,0.20755681
0.07500461,0.08851345
0.16517563,0.14903334
0.17998354,0.1746692
0.43117902,0.4194305
0.5195602,0.48380795
0.22253749,0.2614125
0.25115216,0.28858012
0.42071694,0.41413146
0.30144078,0.33405557
0.4862778,0.42013735
0.57892156,0.51280683
0.3833777,0.39699763
0.26095092,0.27051726
0.12419482,0.15283597
0.23083384,0.20823948
0.76716197,0.73383284
0.8659097,0.99159545
0.7935802,0.7458259
0.59319866,0.60761225
0.10467844,0.12436024
0.737572,0.7520999
0.22065437,0.23635852
0.2513201,0.27694055
0.41925052,0.41036487
0.36617848,0.3362934
0.2485646,0.2518654
0.16294067,0.1701667
0.57714427,0.6181804
0.58766603,0.6480373
0.16394815,0.2520761
0.32676315,0.319643
0.29176444,0.28949094
0.28268534,0.27789944
0.29331893,0.2987185
0.6572893,0.773322
0.26271302,0.26350468
0.7515357,0.8335001
0.9434539,0.982125
1.1644878,1.1117456
0.4189621,0.43067294
0.42061275,0.4372813
0.21697281,0.21834278
0.26356822,0.22621553
0.16273552,0.17979777
0.19264023,0.1696852
0.17846277,0.18169767
0.6768693,0.70172966
0.36656278,0.35977766
0.53955364,0.5231067
0.5401367,0.5256379
0.5368799,0.5306181
0.54643875,0.5238191
0.54464275,0.52654004
0.5592138,0.5403432
0.93412566,0.84806645
0.78491706,0.7422936
0.6008976,0.5718427
0.8254352,0.755872
0.2504883,0.29193747
0.1560207,0.15211087
0.04818444,0.078052565
0.37221074,0.40235764
0.26244015,0.27158475
0.16431569,0.19400609
0.5311833,0.59623253
0.47136384,0.49236265
0.16171804,0.14185852
0.6353038,0.6332115
0.37857336,0.37231857
0.38240346,0.37362736
0.3912164,0.38984665
0.36793715,0.36736876
0.37859967,0.38161224
0.052978996,0.062441915
0.05214659,0.066158116
0.05265306,0.079838365
0.060261995,0.119020246
0.43854567,0.4407509
0.35731432,0.34548095
0.42068106,0.40331477
0.38173044,0.37403387
0.39620003,0.37739903
0.44031808,0.4385373
0.45318753,0.4554569
0.45816,0.46051162
0.45095414,0.4644011
0.4360082,0.44749397
0.44266403,0.45581764
0.48246518,0.4678864
0.45894632,0.44352168
0.4340998,0.41183066
0.438473,0.4158557
0.28782225,0.31438658
0.4867736,0.47432414
0.072877854,0.078443855
0.20247057,0.3114296
0.18237081,0.218611
0.28054193,0.26985902
0.48656493,0.50239104
0.48141763,0.4774847
0.49011356,0.50722593
0.33329147,0.33882266
0.33796608,0.34618586
0.28231952,0.32914585
0.22119053,0.29662436
0.21602109,0.29840606
0.17952746,0.20749763
0.75371325,0.79619706
0.2392864,0.24900326
0.34405878,0.34445694
0.21357934,0.19648954
0.56823456,0.50098103
0.34273198,0.34828487
0.4234191,0.43924117
0.14809239,0.15102813
0.23639448,0.22744052
0.23232985,0.21835577
0.26076323,0.25255173
0.22222614,0.23638137
0.2501976,0.24843764
0.6400349,0.6478883
0.20287734,0.24829963
0.077591896,0.1266835
0.2603779,0.2441689
0.3023348,0.2788901
0.5198894,0.54868746
1.2043742,1.0707241
0.39247274,0.39142066
0.5096344,0.50925523
0.47117653,0.4473238
0.39332837,0.38243777
0.58598393,0.5643972
0.0746107,0.0685722
0.19977696,0.2037024
0.09365037,0.096739426
0.09387746,0.123642966
0.09195526,0.091260865
0.19662762,0.1935022
0.3071242,0.3655923
0.31315932,0.3742304
0.3143705,0.36021274
0.46070305,0.44860196
0.45857972,0.45484272
0.11247128,0.13740917
0.2842178,0.29995146
0.6156714,0.61756617
0.26585236,0.23271994
0.28403792,0.25630128
0.27220973,0.25512093
0.5607387,0.55189055
0.29918537,0.2805979
0.73721623,0.56133366
0.22873259,0.24313655
0.50743926,0.52029943
0.2637986,0.27466464
0.27833056,0.3192778
0.23791805,0.25512427
0.31099707,0.3290599
0.30724156,0.32546648
0.30724373,0.33548975
0.30659348,0.345611
0.30760598,0.35430712
0.36951363,0.3721456
0.30300647,0.3248152
0.2910738,0.3497533
0.32888532,0.3048247
0.41998094,0.41399035
0.5085023,0.5096791
0.4263275,0.41816473
0.54352444,0.56552744
0.5332864,0.50954974
0.68523335,0.7242421
0.38414526,0.3892481
0.7866245,0.7599956
0.3983701,0.39009908
0.110542625,0.13660112
0.37176278,0.34673017
0.33019403,0.33593136
0.23348054,0.21556988
0.22123237,0.19499007
0.3190435,0.32413
0.26655936,0.24349442
0.120908946,0.12766431
0.3035514,0.32350644
0.29883245,0.31819752
0.72543746,0.7726538
0.5813019,0.5909554
0.6900022,0.6782053
0.38410372,0.37408054
0.21422882,0.22092669
0.2138322,0.23075883
0.5462482,0.5353913
0.350027,0.38864976
0.11474177,0.12256689
0.079045355,0.094311066
0.5157637,0.5323186
0.4436444,0.43315083
0.03390889,0.074827686
0.035497148,0.06628257
0.034835596,0.07736086
0.0270621,0.07036136
0.45407116,0.4357373
0.32615438,0.36131874
0.55190974,0.55175567
0.54510874,0.5180929
0.025656383,0.0508144
0.4017188,0.39360893
0.7731346,0.7325506
0.45055178,0.44518638
0.4282322,0.4297549
0.4388101,0.42778483
0.279903,0.30382055
0.31215182,0.32901117
0.24747398,0.24886315
0.37892202,0.404847
0.34350157,0.35694
0.24995878,0.28253856
0.74622643,0.7435113
0.71625537,0.71037686
0.7248849,0.7115632
0.16091232,0.18515809
0.1619865,0.18478371
0.14436091,0.14233318
0.14619116,0.14782335
0.14532095,0.15792464
0.504526,0.48303813
0.7700655,0.7279209
0.2684864,0.24988773
0.06834729,0.08608266
0.06896442,0.06665252
0.16582389,0.16957441
0.14985694,0.16452628
0.23401774,0.2542
0.15681475,0.16685691
0.31423533,0.32112706
0.16719864,0.21563244
0.30701613,0.2956808
0.44360352,0.4533937
0.192269,0.25358155
0.2764698,0.30270845
0.26850736,0.28885618
0.50725347,0.5180243
0.51839995,0.5218275
0.55760807,0.55859506
0.37661442,0.39576834
0.15845834,0.18854345
0.5460336,0.51453495
0.47755963,0.4570633
0.16887125,0.1684981
0.17478384,0.17773353
0.16331026,0.19064221
0.17792967,0.19769093
0.1679215,0.19787593
0.16172606,0.2001464
0.16498564,0.17760739
0.16800196,0.1780301
0.25658435,0.24463439
0.20899004,0.21901152
0.21069178,0.19885406
0.5932837,0.57083064
0.14731212,0.18023692
0.17920263,0.1912311
0.1937169,0.18325521
0.4907884,0.45844164
0.2061802,0.30915242
0.40475988,0.37186438
0.4175614,0.42218122
0.44106117,0.44458428
0.40007564,0.40306816
0.38601056,0.39470837
1.8582507,1.5426837
0.30412143,0.29888287
0.31642154,0.31044108
0.29016492,0.31038892
0.27466723,0.28540057
0.2752756,0.2905987
0.36219743,0.35397583
0.35771832,0.34806418
0.2123373,0.26971453
0.40356436,0.3995071
0.03847395,0.080767274
0.31419075,0.2854579
0.31990105,0.28990483
0.3089997,0.2795255
0.3162111,0.298777
0.31414297,0.27898905
0.31866896,0.27704296
0.31447867,0.28094023
0.32581377,0.27669168
0.18002236,0.1813261
0.44116774,0.4226404
0.3763011,0.36279967
0.21408896,0.2989094
0.23696598,0.31415746
0.14242698,0.14772172
0.35858348,0.35030103
0.43612817,0.41681305
0.3587633,0.35663414
0.7226086,0.78747594
1.867653,1.7028494
0.35729435,0.35460994
0.060816053,0.09247123
0.5266384,0.5116385
0.3814857,0.36181408
0.9295223,0.9922067
0.09869236,0.12933347
0.5371166,0.523625
0.21897076,0.24249268
0.3980961,0.38670692
0.33918002,0.34765577
0.19915868,0.1807866
0.08672066,0.11411605
0.08601196,0.06597783
0.084639475,0.077361785
0.2853286,0.29844335
0.21494833,0.24794927
0.17982225,0.22637849
0.29227546,0.2886187
0.11293994,0.10138448
0.26588422,0.2547062
0.6638107,0.6483291
0.41107932,0.429013
0.5060162,0.48575348
0.10396347,0.105470434
0.5129503,0.42889088
0.2374189,0.23838048
0.4378632,0.4343633
0.30584356,0.30256653
0.680379,0.6143653
0.4535848,0.4334181
0.57278025,0.550176
0.18141876,0.18273716
0.37253213,0.3723991
0.7201006,0.7126111
0.38403988,0.38198698
0.4612006,0.4560029
0.46110442,0.45090812
0.52911365,0.5185188
0.12191045,0.131375
0.20140018,0.177799
0.33053866,0.32505172
0.22227672,0.25095615
0.35105166,0.33452684
1.0799075,1.1340994
0.2809806,0.30615836
0.18312845,0.20870762
0.5135328,0.51080143
0.37828398,0.38416716
0.29193565,0.25781935
0.34279907,0.3620134
0.42377216,0.43821755
0.51302576,0.47486758
0.66358846,0.73285186
0.28386614,0.34758848
0.2977973,0.3407075
0.51472145,0.47861853
0.38066083,0.39742917
0.34783462,0.36935893
0.21733375,0.21768713
0.17894636,0.1599846
0.17997335,0.15023011
0.8172947,0.8082674
0.2877262,0.29022533
0.41903582,0.42821988
0.63783616,0.64036113
0.374719,0.31348383
0.29729164,0.30276754
0.17267522,0.15860315
0.7195276,0.7163669
0.6637657,0.71016026
0.36134586,0.3625595
0.12757504,0.15914576
0.3337969,0.34169126
0.44750738,0.43932182
0.037552696,0.06519984
0.23937465,0.2858283
0.20909648,0.2623822
0.20451686,0.2737965
0.28226286,0.25044435
0.49379322,0.50374806
0.38609254,0.38542467
0.4415353,0.44399422
0.37480673,0.36761242
0.27804068,0.26514095
0.64239854,0.6033373
0.43366116,0.42813268
0.06615358,0.063668445
0.06769851,0.07012563
0.09065465,0.11429381
0.10425539,0.08544985
0.27281722,0.26288846
0.33773705,0.3422111
0.75779474,0.61533976
0.4076399,0.41208577
0.29446656,0.30573156
0.2699104,0.31162184
0.43667892,0.39772442
0.18007347,0.19971353
0.24655242,0.25130847
0.9794002,0.9254983
1.1093446,1.0227959
1.0476263,0.9748298
1.1184875,1.0582113
0.3767279,0.3757066
0.31814173,0.31088096
0.32428184,0.3317841
1.8732282,1.4108156
0.10614328,0.11541697
0.08673681,0.099333294
0.59849375,0.4667592
0.3686183,0.39007083
1.2167612,1.0930849
0.5622244,0.54927
0.09510513,0.08837266
0.5494619,0.47462758
0.4142025,0.39526525
0.36778334,0.38394132
0.8779633,0.8478075
0.8608486,0.85650635
0.5798244,0.5683178
0.40826833,0.4014848
0.34438702,0.31828025
0.37154597,0.3717316
0.02290984,0.035353713
0.645868,0.64629066
0.90178895,0.8568724
0.87984526,0.8676184
0.33781892,0.32232407
0.19818832,0.21542029
0.07417928,0.11824907
0.3816186,0.3733435
0.14612557,0.14329295
0.23925865,0.24181886
0.30948025,0.29454356
0.5545359,0.5208024
0.32209453,0.35978398
0.47585374,0.46758613
0.57099193,0.59611446
0.5283684,0.5329347
0.5789637,0.56721675
0.5503344,0.53960675
0.24974282,0.27730834
0.15142682,0.17248997
0.49771187,0.46878728
0.1155367,0.11521077
0.18798152,0.21531686
0.52770275,0.5103434
0.24805614,0.3537423
0.4667386,0.42283106
0.8653897,0.8979853
0.15725452,0.18162139
0.22694652,0.25572887
0.16744705,0.19816174
0.16911007,0.19461516
0.16401762,0.17612931
0.1643897,0.18307821
0.08181226,0.10765207
0.24769667,0.2512275
0.24905118,0.24860215
0.07759112,0.10525229
0.5102486,0.48309976
0.49568665,0.47047082
0.51268566,0.48233086
0.64709777,0.6671967
0.7056932,0.6019919
0.1043412,0.10607926
0.30110735,0.30754283
0.65007955,0.5489949
0.39737368,0.37831944
0.4176581,0.38711122
0.10544582,0.12245826
0.22127157,0.2609667
0.24452029,0.27499753
0.4724855,0.44544053
0.5249758,0.52858675
0.64854866,0.64521223
0.52392876,0.52455807
0.44699585,0.4095487
0.5897488,0.5837141
0.23795824,0.2263983
0.24729653,0.2551581
0.19231072,0.20741484
0.07874755,0.122614905
0.03749955,0.046458263
0.37991577,0.3888356
0.34886315,0.35708523
0.31365088,0.26263654
0.35289124,0.3566975
0.5000924,0.46527138
0.78834736,0.7635084
0.7007485,0.675871
0.23112866,0.20706005
0.1181863,0.120656
0.17675795,0.17342323
0.15128109,0.120234355
0.37582886,0.37436813
0.1765828,0.17044657
0.16857716,0.17408322
1.8420084,1.604244
0.3412915,0.34893975
0.32877317,0.3258485
0.3382927,0.3399386
0.27711135,0.29018593
0.5265018,0.53033024
1.4281536,1.2503576
0.08651208,0.0711564
0.15243623,0.17735091
0.5198714,0.5208362
0.5453618,0.5436243
0.5724925,0.56225145
0.20693703,0.21150704
0.53622776,0.52954006
0.50496274,0.50765187
0.5589148,0.54934967
0.6278236,0.62005293
0.32035795,0.32565397
0.76001817,0.751402
0.30973533,0.28878075
0.7680073,0.80883086
0.79481065,0.8519866
1.3670133,1.2352438
0.18891042,0.2267474
1.0359032,0.87836725
0.25774458,0.24427514
0.31614295,0.2962373
0.05665609,0.063661836
0.2893427,0.30013785
0.21654354,0.28227878
0.18118007,0.23660484
0.28665644,0.28653193
0.27544445,0.27328557
0.21600503,0.18177834
0.30624878,0.2815056
0.31395897,0.29199052
0.31144997,0.29795387
0.31881434,0.29548797
0.8081876,0.7864464
0.22222228,0.23895614
0.13337645,0.13665397
0.45028055,0.46056232
0.456659,0.45311356
0.3387269,0.35944796
1.0579187,0.9773018
1.2614876,1.1587865
0.11507637,0.1080402
0.13274133,0.13689351
0.33050647,0.4239449
0.3079367,0.37157115
0.36632186,0.4861982
0.15059727,0.15477176
0.53003424,0.4969837
0.31813204,0.33556488
0.42030773,0.41040617
0.42993745,0.41245747
0.2956105,0.29343286
0.30032018,0.29379874
0.3146525,0.30706325
0.30201703,0.29798228
0.30418077,0.2785208
0.38526547,0.36267906
0.39101827,0.40269798
0.43564647,0.44854054
0.3407336,0.31972864
0.34529564,0.32689184
0.34039402,0.3116382
0.32992753,0.31196105
0.33322647,0.31852245
0.33693165,0.32232636
0.30445,0.28934938
0.30885017,0.3017795
0.31838202,0.3057892
0.052909076,0.055345453
0.39657104,0.330509
0.28563216,0.29604003
0.06403813,0.082500115
0.066467576,0.09917337
0.059310917,0.049812943
0.22394958,0.25168532
0.48667824,0.46857816
0.28759477,0.27445242
0.39964762,0.4139298
0.31913894,0.30013302
0.32885963,0.3212424
0.31461498,0.2794147
0.32717127,0.31655663
0.31505135,0.29861444
0.33236802,0.31593096
0.3293182,0.30107006
0.33420393,0.31775978
0.32386917,0.30762953
0.3352052,0.3180025
0.32615256,0.31364596
0.3408542,0.31962252
0.3118024,0.3104318
0.3053341,0.33419666
0.4187675,0.39904392
0.45462403,0.42053437
0.40754014,0.391626
0.6396118,0.62044907
0.4947742,0.48970318
0.18793839,0.21327372
0.10379045,0.1059041
0.49500415,0.49459854
0.44863564,0.43664566
0.5386273,0.4187511
0.33327,0.33518773
0.16967258,0.21598205
0.11907641,0.13467976
1.0183613,0.9801095
0.5084596,0.53289515
0.88608974,0.7482084
0.35584807,0.36167294
0.43694767,0.44560495
0.5452159,0.56243265
0.25775665,0.26508942
0.25070012,0.24384399
0.25501475,0.2517299
0.25540578,0.27073586
0.62871665,0.6499257
0.62865186,0.5971867
0.6239985,0.6175547
0.4163434,0.41730547
0.49572694,0.4689197
0.49635774,0.47351274
0.48902705,0.47335443
0.49400368,0.46915048
0.3262383,0.32756406
0.13693906,0.15350856
0.12289967,0.15505102
0.5904628,0.57014024
0.47606316,0.45456523
0.58920133,0.5846189
0.47795975,0.49227223
0.57455355,0.5326456
0.35406396,0.35571474
0.4604724,0.434429
0.4568669,0.44289503
0.46454844,0.5974952
0.15104742,0.14053723
0.22157343,0.20730913
0.21743597,0.19540331
0.9869583,0.9262403
0.3389894,0.36966342
0.29703856,0.2999885
0.16114238,0.1722137
0.46360826,0.42086005
0.53213537,0.5247806
0.38921982,0.388834
0.3842517,0.4047486
0.10175769,0.15759978
0.24578865,0.26151162
0.114453085,0.124460325
0.33525744,0.34762686
0.81810665,0.7711195
0.464992,0.46557894
0.520624,0.5031041
0.61389184,0.62479514
0.065392435,0.070191905
0.033985518,0.06426638
0.9977407,0.9943328
0.29631466,0.29517573
0.55894166,0.572954
0.13718897,0.1396248
0.2839005,0.30417007
0.32887623,0.3400505
0.37663156,0.3753492
0.55029315,0.56019926
0.8551783,0.8186342
0.88979685,0.86643934
0.20442626,0.2016067
0.20013194,0.19835076
0.20439959,0.19833657
0.5808264,0.5448899
0.28184873,0.25999764
0.2537949,0.207503
0.4446745,0.43223324
0.45499736,0.4359013
0.4534262,0.43402797
0.44318914,0.42606893
0.45387104,0.43906593
0.44684932,0.42865348
0.17795892,0.18183893
0.7045853,0.69327414
0.35591057,0.35013062
0.25651747,0.2643389
0.15043688,0.16017146
0.16849896,0.18423219
0.44608632,0.44301566
0.4634339,0.46037984
0.49664852,0.50022566
0.41253626,0.4239003
0.4146329,0.41819435
0.4100906,0.4167605
0.41720933,0.41387242
0.43231386,0.47436744
0.043549627,0.06348797
0.045134913,0.06942016
0.18105876,0.21692932
0.2865906,0.2992588
0.34414077,0.36623675
0.41329822,0.3987165
0.38782996,0.38034722
0.2742458,0.27331054
0.28670624,0.30038053
0.761699,0.7645772
0.3624681,0.35737285
0.21041454,0.2788573
0.33482817,0.35410336
0.27240703,0.27992526
0.26952597,0.2825369
0.21056697,0.21737488
0.1607378,0.14803058
0.28684983,0.29450175
0.18061213,0.30206168
0.4226116,0.41434446
0.10505923,0.093163826
0.10625981,0.13999487
0.48901242,0.47461563
0.23645295,0.25018725
0.43357146,0.37933102
0.39463523,0.39418897
0.38930848,0.39607954
0.25352657,0.24805236
0.107437074,0.10331853
0.1360664,0.14200988
0.1294127,0.12510884
0.46082094,0.4460787
0.50886625,0.51714456
0.44814882,0.41692725
0.43841225,0.460918
0.34225467,0.36458063
0.4667548,0.45578116
0.36962044,0.3875633
0.38813025,0.39508015
0.36434555,0.36573407
0.33123007,0.32180098
0.075133294,0.08856501
0.41870293,0.4149255
0.2577441,0.24563321
0.45402497,0.4528469
0.18235943,0.20115328
0.284028,0.25877202
0.5777905,0.57390654
0.19212505,0.18754998
0.5813432,0.59150803
0.55851895,0.56961375
0.41115192,0.41005215
0.48550594,0.47737733
0.4953942,0.48504224
0.6041408,0.63909847
0.368567,0.3698216
0.42024952,0.43356317
0.25509855,0.24476151
0.2656783,0.25956845
0.2645055,0.26596132
0.31777278,0.31810528
0.27702823,0.2870263
0.33128735,0.40100932
0.2662697,0.26785415
0.7243275,0.6405455
0.68399656,0.6744817
0.4011366,0.3857773
0.29216963,0.29007077
0.46270132,0.42728156
0.4074774,0.3908014
0.4150423,0.37619966
0.43888026,0.41527015
0.029413424,0.04939719
0.34305087,0.33307585
0.5837291,0.5361989
0.072775096,0.08949156
0.4784599,0.47969326
0.32362,0.32840633
0.3442287,0.29621425
0.410555,0.41394782
0.39346483,0.3898917
0.27900067,0.27635044
0.30387017,0.316775
0.84356797,0.8028761
0.5109679,0.41530824
0.4398321,0.43979406
0.17045178,0.18197277
0.16586083,0.20149116
0.16637264,0.19333795
0.3644863,0.37221432
0.3602133,0.37096584
0.15421219,0.18577047
0.1913702,0.22696841
0.18175091,0.17578456
0.18251091,0.16521156
0.17387678,0.16693188
0.35422763,0.36513054
0.383716,0.39454406
0.3253899,0.29046187
0.23058772,0.24763736
0.54463303,0.530089
0.29242158,0.28645888
0.3698051,0.3777894
0.33575606,0.32975346
0.41864076,0.41938454
0.31895083,0.35173562
0.35726792,0.3437426
0.4463121,0.44753107
2.034545,1.8628109
0.56287414,0.54082847
0.8983372,0.7968933
0.41551745,0.42714572
0.41399738,0.39642537
0.3155995,0.36675173
0.42638397,0.41573477
0.28874984,0.291292
0.36889762,0.3576542
0.42788687,0.46216512
0.5839868,0.59851885
0.79972374,0.75719345
0.19453032,0.18843853
0.3635679,0.36013827
0.12697497,0.19189247
0.14931247,0.20721753
0.36642608,0.350007
0.1182939,0.2197955
0.09677941,0.12096129
0.13376687,0.15810525
0.31445006,0.32602507
0.24089867,0.3007638
0.6038711,0.6126508
0.6070193,0.6099869
0.9862974,0.9670965
0.42000124,0.4261799
0.08795189,0.11420095
0.6682226,0.6444778
1.0567621,0.8449203
1.2496526,1.3093691
0.45771232,0.47707567
0.32853547,0.35715756
0.35128787,0.3763457
0.7813052,0.76120865
0.7855241,0.8110269
0.76745474,0.7514757
0.65346545,0.61868876
0.68135744,0.6368841
0.69488794,0.65823174
0.47210452,0.45190296
0.24736413,0.2638176
0.16284825,0.13353172
0.37875664,0.37571234
0.625631,0.6519624
0.5946064,0.60916555
0.6251062,0.6311803
0.31305468,0.3112311
0.7890916,0.73926115
0.7897572,0.71862066
0.42234266,0.41241592
0.35526428,0.42434493
0.3956821,0.3883997
0.35879722,0.39821512
0.5247053,0.50647163
0.19351463,0.19059582
0.17711914,0.15005325
0.057339944,0.083936594
0.33898202,0.3516318
0.46275496,0.40997934
0.27357832,0.25569925
0.32674915,0.34578687
0.6921031,0.74502146
1.1660511,1.1795683
0.43062913,0.4220869
0.21080704,0.20147073
1.1610658,1.1018806
0.308073,0.3161798
0.3492235,0.3725297
0.5515746,0.6294929
0.2665599,0.34532022
0.6193417,0.64506143
0.27214205,0.36381546
0.27059346,0.33722645
0.5681541,0.57302123
0.45717955,0.46964058
0.51017654,0.51970446
0.22848465,0.3478647
0.034469437,0.07219137
0.23086923,0.3746387
0.2968117,0.30818594
0.49557677,0.49658766
0.50389767,0.4507886
0.83416706,0.8742608
0.50529116,0.49729595
0.14707215,0.15930307
0.37559396,0.3953504
0.50737315,0.49720478
0.31354275,0.28980613
0.19895385,0.20820951
0.4631051,0.41516575
0.053247154,0.07350686
0.31277922,0.30913788
0.5431505,0.502187
0.2378133,0.23462728
0.39472875,0.39909908
0.24307404,0.23859915
0.43883833,0.4901411
0.22727998,0.24023871
0.64249367,0.63604975
0.6435252,0.63714606
0.6545336,0.63309765
0.62704575,0.63869905
0.33298236,0.334351
0.46896806,0.45856386
0.4709311,0.45258084
0.6254891,0.6577186
0.41470435,0.42150626
0.3013251,0.3128734
0.30410576,0.319993
0.28632703,0.33933377
0.36083475,0.4009502
0.2738625,0.31670332
0.27812076,0.31602773
0.26929295,0.29840934
0.31890306,0.3547699
0.5532184,0.5574457
0.565926,0.5715374
0.33673424,0.36658782
0.055744313,0.04909066
0.100450166,0.12587297
0.09866827,0.114950225
0.09901166,0.12022269
0.10062264,0.118645355
0.018689437,0.03373493
0.18955939,0.22118656
0.48463964,0.50771296
0.57047045,0.5156265
0.05123124,0.08978276
1.206259,1.111466
0.42259538,0.41022903
0.2504505,0.27922755
0.25256354,0.28150254
0.2421242,0.2806845
0.21589822,0.2567044
0.13209125,0.14446485
0.1538753,0.16013905
0.44388568,0.41841927
0.34505546,0.35900113
0.36438665,0.35534403
0.53495395,0.5724689
0.37952814,0.3848819
0.39350334,0.38422832
0.758698,0.7723309
0.54555005,0.5346037
0.30419675,0.32435685
0.2493071,0.24480133
0.2808412,0.27970496
0.14179485,0.1276649
0.13947298,0.126659
0.13879095,0.13181272
0.53449345,0.5204309
0.77247036,0.7778815
0.2479036,0.23312679
0.79869175,0.7526302
0.6623975,0.6755013
0.20429133,0.27364093
0.71951485,0.7434564
0.19092824,0.20872617
0.19301221,0.1991667
0.19700547,0.22039464
0.19387037,0.21414408
0.6494199,0.62973064
0.331106,0.3410003
0.6990224,0.68201643
0.6135032,0.56680596
1.0330373,1.116468
0.20073456,0.22736356
0.7799023,0.7550416
0.7911326,0.8042013
0.58626086,0.56404525
0.5347926,0.53079593
0.21595065,0.2223218
0.27015418,0.2828883
0.40274423,0.3361544
0.49267605,0.46923384
0.566115,0.55525106
1.0089889,1.1125338
0.28700984,0.3325074
0.29029292,0.32619032
1.0453353,0.95098484
0.15504321,0.15553604
0.9026989,0.91733944
0.22826807,0.28608412
0.41242495,0.4095242
0.31402516,0.3150786
0.13735262,0.14851509
0.50683147,0.56435734
0.16178486,0.16765043
0.0573953,0.073580645
0.34507436,0.3479335
0.14470583,0.16345981
0.13238794,0.13245597
1.2958311,0.75150645
0.91344005,0.9219371
0.33453703,0.33519372
0.5460839,0.54484993
0.03820203,0.043671418
0.9575439,0.905148
0.6506056,0.64235866
0.65383023,0.6505002
0.6596331,0.6212724
0.64530957,0.6336077
0.64530426,0.63192654
0.63505125,0.6347918
0.6454544,0.60458744
0.65250754,0.62022585
0.28982088,0.32427973
0.41736662,0.4554947
0.3416771,0.3191088
0.3370748,0.34140906
0.40339723,0.4194116
0.38560563,0.38010642
0.40178856,0.39111742
0.2752206,0.28812566
0.5702024,0.56680155
0.42062154,0.39466754
0.42931455,0.42903382
0.59273237,0.59315
0.6002158,0.5880817
0.57145035,0.5783328
0.38760993,0.38684914
0.17967047,0.17883305
0.5220344,0.527916
0.5746504,0.5982179
0.18129185,0.16150428
0.390151,0.35145193
0.3662536,0.3668535
0.24808545,0.2757081
0.22434948,0.28221756
0.49018484,0.443758
0.2749791,0.2881404
0.50118357,0.485763
0.3882992,0.37560523
0.37868273,0.3758172
0.3693271,0.36204517
0.36063498,0.37010103
0.3301795,0.33104244
0.45428905,0.47037163
0.25558317,0.24781434
0.4152029,0.41382685
0.4301903,0.45413423
0.45429328,0.44999656
0.34001195,0.33994374
0.23362952,0.2868239
0.2101513,0.27344948
0.22995368,0.28543904
0.22680672,0.2756341
0.2215985,0.24588501
0.21978493,0.24540372
0.2172302,0.23248982
0.22823614,0.24028447
0.23466246,0.26671785
0.48179084,0.46639132
0.11681041,0.11420004
0.4340702,0.42162395
0.12548436,0.20749383
0.052532792,0.04348377
0.28510684,0.30210155
0.26061955,0.26220763
0.45310158,0.44507384
0.27911052,0.2844322
0.053306296,0.0697114
0.33777162,0.3343797
0.23616222,0.29092216
0.6008235,0.5532988
0.56827855,0.53606236
0.38841856,0.4040599
0.38239014,0.38533884
0.3718095,0.3937691
0.08189825,0.105747774
0.40253314,0.37849766
0.1735829,0.15658855
0.16642646,0.16075246
0.298565,0.304195
0.4213173,0.40542895
0.09958689,0.11179117
0.40417153,0.3931517
0.2600287,0.30973342
0.10500194,0.110837564
0.3674931,0.37135547
0.39862338,0.41312003
0.68976045,0.69660985
0.22710103,0.27430594
0.2417969,0.27289322
0.3846272,0.38673943
2.324402,1.9040064
0.2547892,0.25266153
0.34654585,0.35330102
0.82189006,0.84180784
0.7669526,0.79001963
0.2674614,0.25717178
0.2870313,0.27622882
0.2808781,0.27516517
0.16778855,0.14593412
0.14474133,0.16093132
0.17739198,0.16787562
0.11896606,0.1432415
0.50730497,0.50035435
1.0226773,1.0125167
0.96989423,0.97202045
0.21864687,0.24566376
0.64166427,0.6604579
0.36311308,0.33113763
0.19814146,0.19356161
0.2418975,0.24676383
0.26776433,0.28029314
0.45341665,0.44787222
0.3410382,0.35486236
0.43723285,0.4369549
0.3413356,0.3372354
0.08787686,0.0810163
0.15585126,0.16449824
0.19842698,0.19407396
0.2767342,0.2672346
0.2958166,0.27864555
0.5575218,0.5712363
0.26790702,0.2888613
0.15587376,0.1543074
0.16169727,0.16774376
0.1667339,0.18248078
0.23579969,0.2391994
0.13059199,0.13539335
1.4960457,1.3261292
1.2781545,1.1478031
0.16550532,0.16707242
0.19831847,0.22177818
0.35586876,0.33363274
0.36574888,0.3743994
0.4055137,0.40730113
0.43154684,0.41239876
0.3639992,0.34082687
0.26912072,0.2835191
0.4724386,0.48089737
0.3838091,0.3828886
0.3585563,0.3919873
0.28358924,0.28652316
0.58268785,0.6311577
0.27963877,0.28945002
0.62515414,0.65635204
0.30425104,0.31020945
0.374181,0.3761822
0.3246436,0.31875676
0.32494003,0.31583384
0.30943638,0.31822637
0.78373927,0.7075645
0.30192435,0.3066888
0.31264964,0.30981725
0.39888814,0.3999971
0.48129368,0.45886746
0.56435096,0.5405025
0.38691714,0.38328296
0.3614688,0.34881818
0.36668938,0.35741132
0.45328447,0.44592896
0.13185145,0.1674127
0.95232666,0.9475807
0.41950065,0.4223945
0.5771812,0.53683865
0.16862786,0.21735287
0.1939446,0.23558764
1.1800892,1.311435
0.36003205,0.3662855
0.20112652,0.23031697
0.19276975,0.18959379
0.24368225,0.27426726
0.2615226,0.29588938
0.14692447,0.17178336
0.3550328,0.3725393
0.5006221,0.49777085
0.58566165,0.58108485
0.36797592,0.37037644
0.41519687,0.40523893
0.835082,0.8314923
0.82665515,0.7956003
0.46340698,0.46910635
0.69458383,0.54543144
0.18322766,0.26439258
0.17566553,0.21778071
0.17586334,0.22457746
0.2717949,0.2831004
0.23290454,0.33705762
0.23429671,0.33662724
0.23710059,0.2739567
0.24031296,0.27528715
0.202594,0.31621465
0.36631498,0.36938378
0.4888307,0.47435403
0.47535226,0.4782645
0.34136146,0.3505312
1.1249248,0.9720497
0.3319925,0.32535574
0.38140506,0.3950705
0.2634934,0.23699526
0.90025216,0.93802536
0.4850293,0.4699812
0.66938674,0.6327947
0.5106302,0.48972878
0.2633159,0.24414572
0.23092884,0.21819134
0.5253049,0.514066
0.3297731,0.3248018
0.15651621,0.22964315
0.4491945,0.44156972
0.26747286,0.27683914
0.24749398,0.2971681
1.22678,1.1205385
0.5322591,0.5045756
0.3769433,0.3681361
0.1281443,0.18184325
0.12895371,0.17358522
0.13026221,0.14778812
0.1317799,0.1832988
0.12834924,0.15379433
0.38551253,0.38907152
0.21416707,0.211085
0.23420101,0.2353388
0.349206,0.3450684
0.25293714,0.25592047
0.23476727,0.24115375
0.26308414,0.27091235
0.537945,0.5534703
0.43566108,0.43591
0.5339963,0.55394256
0.4255628,0.43825668
0.28965443,0.31952435
0.3209771,0.34344625
1.7549593,1.2742059
0.39422768,0.40924972
0.18231839,0.2608418
0.3601202,0.35418278
0.37582833,0.38081732
0.21006495,0.22538166
0.36081192,0.35857975
0.37736854,0.37350208
0.124026574,0.114443265
0.28580916,0.29992938
0.67071426,0.6627532
0.1299607,0.16335359
0.1298424,0.18731533
0.13008188,0.1689239
0.13086812,0.18065919
0.13188954,0.19178846
0.2641388,0.24445829
0.3269716,0.34585437
0.19994828,0.19632256
0.13404807,0.13735609
0.13065898,0.13872977
0.105605006,0.108657554
0.102601424,0.10546384
0.10621042,0.12596656
0.10811827,0.10390432
1.4238511,1.412749
0.2900657,0.26626956
1.7725565,1.4393469
0.31279618,0.28709763
0.2845146,0.28467527
0.22246262,0.21726914
0.6725714,0.74857664
0.30792567,0.31823674
0.4031975,0.42018208
0.42134652,0.4356583
2.1142619,1.8107426
0.38007846,0.37753454
0.96892834,0.9289299
0.17475054,0.20455614
0.16913171,0.12867174
0.34094056,0.33303308
0.87955004,0.802491
0.39829475,0.38582763
0.55146533,0.52759224
0.4149542,0.40703398
0.36938497,0.38586682
0.68361384,0.7070793
2.1214845,1.6553408
0.89084053,0.96076316
0.7997873,0.7639272
0.49233714,0.48847103
0.6476009,0.61643714
0.4572967,0.46791324
1.181431,1.1995709
0.43112695,0.39629954
0.39237434,0.38926
0.40118375,0.39564005
0.38841623,0.385418
0.38660857,0.3875274
0.3115769,0.31955743
0.57922626,0.62123185
0.31093505,0.3307585
0.35736224,0.34425563
0.4727083,0.49172443
0.40230796,0.40879685
0.21960834,0.21072659
0.33121213,0.34147206
0.073923916,0.076551706
0.20437974,0.18737848
0.4780451,0.4771312
0.5677703,0.39304882
0.48844546,0.38729686
0.5031997,0.42366916
0.15605241,0.16290495
0.14556375,0.13818134
0.20182115,0.20536979
0.30180448,0.30098307
0.66316396,0.6483845
0.2950255,0.28850824
0.53944623,0.40509826
0.53846204,0.40369153
0.83034563,0.83444947
0.38855785,0.38798404
0.04951795,0.06704476
0.04233066,0.07565821
0.34762868,0.39024273
0.21944188,0.28667247
0.38857257,0.41109213
0.39454243,0.37192267
0.12164062,0.13060138
0.5178728,0.49145356
0.29503256,0.30537984
0.4963162,0.5017637
0.69275117,0.6964427
0.39247862,0.38655096
0.46495458,0.47868934
0.17203593,0.17577828
1.5234348,1.3821974
0.068050995,0.07706001
0.5645814,0.5603808
0.7372648,0.7020508
0.6016864,0.6233706
0.70190793,0.6890056
0.6155606,0.6151548
0.36947775,0.3651789
0.345962,0.34257326
0.38420063,0.41211668
0.356282,0.36616892
0.31842083,0.33284396
0.37264663,0.3482753
0.43571174,0.40411967
0.43166295,0.38887477
0.43760255,0.40069786
0.4302701,0.39530143
0.43542966,0.38331494
0.14090422,0.14630133
0.3698514,0.40113258
0.43171227,0.41399035
0.51989067,0.51279414
0.3125237,0.37681502
0.76273793,0.73970187
1.2883648,1.272084
1.9051791,1.5212877
0.36244407,0.3324791
0.20141019,0.18952869
0.20736709,0.20391364
0.34307453,0.3456533
0.1555529,0.20914963
1.0672723,1.0648654
0.41819242,0.38349092
0.6070314,0.60079896
0.46263328,0.40119773
0.31047612,0.30029216
0.59013593,0.5379283
0.40829843,0.4218124
0.20795329,0.23032753
0.5476313,0.5443947
0.42046556,0.4293759
0.41418386,0.41252026
0.21584024,0.21818404
0.24044074,0.24972002
0.18796994,0.17845054
0.024713855,0.07356876
0.17632233,0.16636565
0.65632826,0.6644974
0.65259993,0.67365897
0.75976,0.7797794
0.58573234,0.5636158
1.0173354,0.92799294
0.18498166,0.23705879
0.30972198,0.27628767
1.5816287,1.4850848
0.57909364,0.59243494
0.25621113,0.2545555
0.2456007,0.2259601
0.446259,0.44887638
0.4756689,0.5208086
0.21185629,0.24385116
0.7187899,0.7303504
0.52975965,0.53866225
0.44985107,0.39644274
0.4985199,0.47933888
0.3138542,0.33893907
0.15963982,0.16993806
0.54666007,0.53834337
0.26529625,0.25572777
0.7047544,0.6976977
0.50797886,0.51516813
0.86684287,0.7493673
0.42700753,0.4142438
0.12122003,0.12316583
0.3353167,0.33816117
0.38659337,0.38422006
0.24365722,0.21929383
0.23453498,0.22724715
0.79784364,0.92946357
0.13553233,0.10824194
0.08798989,0.11047254
0.06734683,0.10242476
0.21595617,0.24663575
0.19707313,0.23521388
0.43190202,0.43410343
0.38228822,0.39956957
0.4947767,0.46749726
0.30309984,0.30441988
0.31589407,0.31490406
0.46007475,0.4603867
0.3424267,0.33299538
0.20896733,0.2042541
0.19438723,0.17685926
0.17502262,0.16407038
0.28255224,0.2874219
0.5509652,0.5106597
0.45079416,0.38345462
0.4202162,0.42794204
0.21678346,0.18932597
0.1982245,0.22534668
0.29662636,0.3712501
0.4510818,0.44115433
0.45752978,0.4580408
0.3595966,0.35404965
0.15633032,0.15437044
0.45697483,0.45054212
0.4497721,0.4422472
0.4707961,0.45245966
0.41190064,0.4182988
0.30031085,0.31180573
0.19066577,0.2202076
0.1912211,0.2212247
0.33005443,0.38607916
0.305463,0.36921075
0.35353962,0.40579787
0.3029305,0.36213395
0.37823153,0.47065133
0.36763737,0.43237805
0.2364074,0.24133244
0.56013155,0.5535416
0.6381278,0.62316835
0.56199384,0.54166615
0.40327534,0.38611203
0.3953099,0.41017073
0.40486267,0.3930804
0.23865579,0.23202844
0.23340993,0.2189655
0.23777358,0.23477952
0.23228973,0.21822949
0.23746309,0.22467437
0.23852378,0.21534777
0.2390044,0.22940946
0.23749469,0.22278705
0.24311426,0.23146176
0.24660128,0.23314604
0.24577485,0.23295107
0.2421047,0.23731606
0.23881754,0.21669623
0.24136007,0.23365298
0.23920892,0.22196874
0.23486944,0.21676569
0.23907413,0.2140106
0.24663754,0.22475143
0.24857302,0.22853045
0.24614298,0.230836
0.24292648,0.23002109
0.2452933,0.23536615
0.2464888,0.23462236
0.24020827,0.218625
0.24619225,0.22413346
0.2444585,0.22904046
0.24248305,0.22946496
0.24295995,0.23459557
0.24180071,0.21399662
0.24248026,0.2240841
0.2380032,0.227372
0.24219394,0.21806829
0.23999445,0.22140324
0.23527847,0.22276266
0.24091664,0.2166684
0.64685297,0.6327573
0.21247071,0.22784813
0.095075145,0.13630256
1.0446105,0.98447645
0.28699008,0.26798907
0.11767438,0.14087865
0.5105387,0.48965698
0.25896928,0.28069782
0.6337805,0.61612505
0.6132537,0.61048996
0.3948385,0.40741125
0.1814492,0.17379744
0.5697694,0.55735713
0.3596346,0.34716073
0.59307426,0.60141814
0.3892806,0.38916507
0.35608825,0.35880998
0.379601,0.37032637
0.6203519,0.6411473
0.3593277,0.35886413
0.37613848,0.38663656
0.3779134,0.3615834
0.38215426,0.3708635
0.31588906,0.3113922
0.39433184,0.39376217
0.25720376,0.27368575
0.9643771,1.015689
0.9446562,0.9752653
0.33925617,0.34979066
0.6642472,0.63671046
0.49801013,0.47973505
0.39687926,0.37144095
0.40634194,0.37408274
0.28831413,0.29103047
0.29046437,0.30793762
0.29189414,0.2992269
0.2810865,0.28150922
0.28915256,0.29992765
0.38721925,0.38022432
0.66699284,0.74407244
0.36353898,0.36105812
0.0958075,0.12574978
0.08703631,0.11079271
0.56207895,0.5525731
0.44705847,0.45541936
0.4325956,0.45514178
0.4307298,0.45889258
0.4313223,0.44659367
0.43319106,0.4504815
0.4364119,0.4567687
0.43027642,0.45187694
0.43253896,0.43809605
0.44185036,0.4383568
0.4377058,0.44177374
0.43882015,0.4399752
0.07230369,0.11345045
0.24344239,0.23889427
0.6110738,0.6452123
0.47194624,0.46375394
1.2418023,1.1162426
0.80573857,0.7605874
0.45455515,0.46479255
0.5080175,0.50743234
0.64333385,0.5792138
0.038177874,0.072554424
0.17003219,0.21670786
0.11616922,0.10529268
0.33443874,0.35876068
0.413185,0.38643157
0.6192634,0.606846
0.7078028,0.68937314
0.36469105,0.3504083
1.0466208,1.0165467
0.28529674,0.29569352
0.17440541,0.17783709
0.26834846,0.2519577
0.39828444,0.39843163
0.23147765,0.24319026
0.5880797,0.62448597
0.30763084,0.29499316
0.35495737,0.3441963
0.4850632,0.52083254
0.53967613,0.57833177
0.38336095,0.37154222
0.4393637,0.42026407
0.52930903,0.5397855
0.031613387,0.040270723
0.16977088,0.18444471
1.1121031,1.2376562
0.7801019,0.8068286
0.46385735,0.4501574
0.39696345,0.40038413
0.2153351,0.2163779
1.5094048,1.4342878
0.41189218,0.4071098
0.40276605,0.41744232
0.3167629,0.32526606
0.25411898,0.24845782
1.0249128,0.87342244
0.34448817,0.3509552
0.1942858,0.21285605
0.27327096,0.25718272
0.08330616,0.08659209
0.18387267,0.21022865
0.6199874,0.6382154
0.39091775,0.39324948
0.50070685,0.48626003
0.3947473,0.4020307
0.38701454,0.39510083
0.7884845,0.76878524
0.7715042,0.77725124
0.7784919,0.7609142
0.74742323,0.7376634
0.78310204,0.7855736
0.78547364,0.7812743
0.5349713,0.5402485
0.16624731,0.191511
0.7803636,0.75370634
0.1508245,0.16559072
0.22671324,0.24426374
0.2500745,0.2950343
0.2295328,0.23542435
0.3083513,0.30192408
0.19944632,0.21149273
0.3502897,0.35120985
0.9133098,1.1029903
0.38132122,0.385043
0.5018022,0.4905036
0.36590153,0.3933085
0.5091254,0.49649993
0.42517248,0.41536173
0.3964958,0.386963
0.24618271,0.2560436
0.24564947,0.25199133
0.2415521,0.24443409
0.095735006,0.12747382
0.2676581,0.34362775
0.30659357,0.29866484
0.29269516,0.28777108
0.421716,0.4296473
1.0345808,0.63648754
0.51892114,0.4483273
0.19610362,0.18032725
0.3025972,0.29582435
0.0776186,0.07123883
0.9853105,0.97104007
0.67104816,0.6729811
0.1487982,0.16384308
0.15978338,0.1539438
0.44734085,0.45223516
0.44954184,0.44353563
0.38020378,0.39452672
0.24304771,0.24324389
0.18150164,0.17234741
0.18315965,0.17485383
0.3817885,0.3803252
0.39060417,0.38771993
0.41658828,0.37010348
0.3546758,0.36218956
0.30604175,0.3351156
0.33984035,0.30777374
0.35861778,0.34345394
0.2581936,0.2952371
0.3475432,0.25510034
0.3740691,0.28857344
0.5604982,0.5596073
0.09224098,0.100525714
0.13573319,0.15332565
0.23687652,0.25191388
0.23269117,0.23244417
0.19651447,0.24697895
0.27930936,0.30301982
0.28195027,0.28167236
0.31192544,0.31186357
0.32956922,0.3264199
0.54760855,0.5448512
0.3819065,0.36756036
0.3467089,0.3410732
0.17472455,0.16299817
0.061038088,0.083976045
0.12045421,0.13050681
0.11765453,0.107605815
0.34733036,0.3266806
0.45438313,0.42475182
0.39296988,0.3878079
0.64615214,0.671062
0.27730948,0.26991305
0.3716583,0.37649876
0.12945175,0.1499439
0.13785927,0.15357156
0.56400424,0.52357686
0.48977777,0.4469536
0.59501386,0.5606127
0.29860717,0.3032193
0.28975335,0.2980215
0.46207276,0.44245487
0.37405849,0.35571164
0.3648297,0.35011756
0.33252424,0.33238256
0.59139144,0.6468902
0.39026546,0.37263045
0.3132568,0.30207473
0.4561252,0.4659149
0.71563494,0.80487585
0.8031238,0.8143463
0.5669113,0.5568061
0.5387097,0.54276574
0.04157533,0.08481337
0.6483638,0.68309337
0.6289199,0.6374403
2.259693,2.338756
0.3245439,0.31514722
0.094930634,0.09344663
0.29542723,0.29604816
0.3080812,0.31054106
0.3181808,0.31946263
0.68379796,0.7016408
0.4107913,0.4034322
0.30923945,0.2792703
0.46325356,0.4765939
0.4746347,0.46172467
0.36905974,0.38785142
0.3704291,0.35519704
0.28046876,0.2681069
0.16764843,0.17485838
0.15999547,0.17296249
0.16952464,0.16800633
0.16510665,0.17153457
0.1676583,0.18532425
0.15823972,0.17592359
0.1603312,0.1834906
0.17135543,0.17667219
0.1604971,0.16803159
0.15911068,0.17781329
0.1668545,0.15914539
0.16217384,0.15966526
0.16715272,0.17596975
0.63055986,0.529438
0.21041311,0.221767
0.67652893,0.6612059
0.42908368,0.43340102
0.1283193,0.13907813
0.69679207,0.71450055
0.4268955,0.43658882
0.2244355,0.26054496
0.21524905,0.23735838
0.21486951,0.22759084
0.24767871,0.3156728
0.25802624,0.32018095
0.42504746,0.3921219
0.41380844,0.39191443
0.40087387,0.3898298
0.33375978,0.31534824
0.08832831,0.10856922
0.4874399,0.47441667
0.43304825,0.4555711
0.29095295,0.32017392
0.14685273,0.1632661
0.52648073,0.49144793
0.2072698,0.20732541
0.20497788,0.21353933
0.5965105,0.5952044
0.26681527,0.25307277
0.23427789,0.22271235
0.123812124,0.1207124
0.13410427,0.13328317
0.2666239,0.25786445
0.10973654,0.11766789
0.35146382,0.34752947
0.33761573,0.31034625
0.08469053,0.121099696
0.10615076,0.12098181
0.09717065,0.13222079
0.14053202,0.15990554
0.55815893,0.5132592
0.5545028,0.48572373
0.32728067,0.3625999
0.21626544,0.22896822
0.20778874,0.1849595
0.3364338,0.3424088
0.44739455,0.4554081
0.33675212,0.36479276
0.24480881,0.26363558
0.24946773,0.24322245
0.26340503,0.26585564
0.20926587,0.20858979
0.21225104,0.2225379
0.17643595,0.16734162
0.35551775,0.3252031
0.3053018,0.29169506
1.475102,1.3422618
0.31274068,0.32298404
0.3103818,0.30792668
0.2967705,0.30824375
0.28107572,0.28025872
0.26119712,0.26370007
0.25500178,0.26639563
0.28827712,0.27969092
0.25532913,0.26188663
0.26790145,0.26803976
0.07392226,0.0635144
0.074454784,0.087347165
0.07296996,0.10085046
0.4669326,0.47874126
0.6696707,0.7086535
0.22045748,0.21137598
0.06392916,0.08453363
0.6376774,0.6968187
0.18549982,0.18520053
0.49091965,0.55897164
0.11212881,0.1206177
0.110479556,0.12708302
0.35837772,0.34598193
0.16215935,0.19285206
0.15999466,0.16621776
0.3655807,0.4576971
0.39103797,0.38684347
0.36325726,0.36982208
0.41135252,0.40146598
0.6923643,0.6166534
0.23496212,0.22400665
0.5673675,0.56698024
0.72899693,0.7222331
0.66889745,0.7267907
0.6578273,0.7437615
0.71016914,0.77205443
0.3161603,0.39032078
0.5542554,0.5095909
0.35942206,0.41713244
0.3398932,0.37601957
0.3223685,0.3565554
0.6419123,0.6348235
0.6461338,0.6566079
0.64048463,0.64423573
0.64818287,0.668321
0.6356224,0.64958835
0.64169157,0.66775066
0.13458341,0.12958984
0.12254993,0.14722309
0.08290848,0.08682041
0.05640025,0.080719516
0.46067414,0.4466423
0.279987,0.34323007
0.24587823,0.21997285
0.25543255,0.24859151
0.27125266,0.286705
0.29940698,0.3413616
0.40632182,0.39316267
0.84647393,0.8087548
0.5200791,0.5151194
0.67205,0.6979949
0.37130895,0.35756618
0.4307019,0.44416937
0.6227553,0.652127
0.12918742,0.1573703
0.12908839,0.15666386
0.12679407,0.1514104
0.12661217,0.16490392
0.4322832,0.433374
0.12607396,0.12984218
0.3742361,0.3788159
0.060105924,0.062006034
0.6057389,0.6323959
0.57237715,0.5213943
0.28961858,0.29433903
0.68879014,0.69708234
0.085507736,0.07482099
0.4275408,0.4277006
0.6000853,0.63878745
0.36544037,0.33262855
0.033848442,0.06595178
0.34846768,0.34380764
0.35800165,0.3490687
0.3683061,0.35240254
0.36489514,0.36919147
0.3501587,0.34469846
0.34686357,0.41967002
0.32583633,0.33456868
0.29676697,0.31912374
0.33341667,0.3390661
0.70348716,0.6774859
0.09206865,0.14947048
0.45264012,0.4309272
0.44930196,0.43402037
0.42664504,0.39494944
0.35160297,0.3303508
0.45794797,0.42570418
0.10325133,0.14555141
0.12883219,0.15313473
0.1418615,0.1542739
0.3643446,0.37508982
0.30467877,0.30174115
0.22511417,0.2433745
0.22118841,0.23920429
0.21766226,0.18658848
0.22143738,0.22748575
0.21885027,0.22635117
0.21218857,0.19786385
0.21621446,0.23176941
0.23020467,0.24862286
0.24356246,0.29117692
0.21757992,0.26554373
0.092511214,0.09300263
0.50385475,0.48319355
0.2420068,0.21560612
0.51518464,0.5178148
1.3419592,1.0657594
0.29318887,0.30141738
0.13041519,0.13917038
0.5685773,0.5582359
0.35274383,0.3526761
0.2557647,0.28084856
0.32204738,0.3263966
0.45758542,0.46205607
0.44066882,0.43898216
0.4135675,0.39708447
0.24856123,0.26914933
0.24585421,0.26027793
0.34546417,0.3573677
0.41722798,0.38307112
0.37875146,0.34690192
0.107755944,0.11878327
0.38453194,0.36678815
0.25481516,0.232971
0.71239966,0.7924184
0.13033435,0.18553896
0.12931295,0.17891282
0.13128795,0.14815414
0.42347413,0.41055694
0.5879975,0.5980976
0.40835178,0.36746895
0.36579943,0.36627382
0.35647416,0.34795156
0.6613714,0.6807288
0.31585205,0.26753527
0.18998742,0.27199745
0.13712318,0.23545179
0.13556857,0.13548884
0.33601072,0.34902486
0.3084096,0.29245824
0.33135158,0.30497324
0.18034206,0.1653876
0.17585364,0.17119797
0.17275895,0.18289392
0.59951407,0.6010044
0.79943043,0.8196975
0.440689,0.42120376
0.7987081,0.8302013
0.5832737,0.609524
0.42543304,0.41414246
0.5817992,0.58318174
0.7216729,0.74099255
0.73667455,0.8486233
0.34649935,0.36296216
0.35042113,0.36538982
0.34966215,0.3604043
0.3967754,0.41337976
0.16412096,0.14206488
0.23372996,0.23128264
0.28177705,0.3128047
0.2786785,0.29703158
0.29733154,0.3389168
0.27978492,0.31002063
0.29909384,0.32110226
0.24453938,0.2344174
0.20304741,0.210186
0.55582726,0.5201396
0.31082812,0.2971252
0.1923319,0.20185705
0.19418485,0.20441978
0.08371315,0.1273671
0.073593274,0.14179254
0.068188906,0.07874815
0.07485899,0.07488548
0.26189804,0.274919
0.44828615,0.44231424
0.34797934,0.34809056
0.20765384,0.2061589
0.20147206,0.24203818
0.18723387,0.2085382
0.17056772,0.19415373
0.17101166,0.20344743
0.18657705,0.23164451
0.16872787,0.21255282
0.2033714,0.24593344
0.17490967,0.22379866
0.14905609,0.19261202
0.102998085,0.12778854
0.0640708,0.06667386
0.080021754,0.08581052
0.09909675,0.09517338
0.081056654,0.08085004
0.3739987,0.35491094
0.3728451,0.35827842
0.37723705,0.3600505
0.48091736,0.46398434
0.5254149,0.50325024
0.5807559,0.57959807
0.34561008,0.3333824
0.2689696,0.2600485
0.23840542,0.23777583
1.9355763,1.4147706
0.5770375,0.5395937
0.69998163,0.740946
0.6263789,0.6354247
0.4260661,0.4289457
0.4207062,0.4041725
0.1675319,0.17799081
0.21305588,0.22328821
0.7428667,0.78429127
1.0092981,0.91329175
0.71089464,0.6808438
0.40965325,0.3840431
0.4553601,0.45217562
0.62903327,0.6476518
0.63587636,0.6527749
0.6284002,0.6354295
0.37811846,0.35798368
0.37943712,0.3544999
0.41688246,0.39119095
0.37267143,0.36457413
0.45662403,0.40498266
0.44534567,0.42372483
0.3783801,0.3849147
0.062509954,0.07489345
0.21110396,0.21581423
0.24601018,0.29377076
0.2944648,0.3149429
0.29908752,0.29083484
0.8288699,0.89147216
0.4230959,0.40883964
0.3618115,0.3882009
0.27658194,0.25496346
0.1883413,0.17938212
0.30806893,0.32056886
0.32883227,0.3366887
0.24024215,0.22661254
0.45318505,0.4245684
0.11651878,0.13036513
0.35060015,0.3265159
0.38833517,0.3926011
0.1952761,0.19898833
0.4169615,0.42130765
0.41633803,0.4203383
0.41680974,0.40275574
0.41000056,0.40486783
1.4441028,1.2731916
0.25363117,0.22903307
0.566539,0.55189097
0.37756094,0.39227104
0.3812138,0.37955755
0.4009172,0.4078498
0.41842845,0.42874584
0.0183174,0.058100194
0.31135386,0.29955643
0.54897094,0.61032516
0.81613344,0.8339013
0.292463,0.27742743
0.85931104,0.83058786
0.3515955,0.3478584
0.033193503,0.07809026
0.44352242,0.44445354
0.19154459,0.18835482
0.34991166,0.35606903
0.20943849,0.20399073
0.044062223,0.07164424
0.40451413,0.3941536
0.34282058,0.3560131
0.7233543,0.7291792
0.23492385,0.21868448
0.32665375,0.33294195
0.33559188,0.33863252
0.25356776,0.25633624
0.24532887,0.24734187
0.17545797,0.17404024
0.24516891,0.2522223
0.25253156,0.23143597
0.25594297,0.25314528
0.2480971,0.24766591
0.4745998,0.49287406
0.36131483,0.3626805
0.48657086,0.49809742
0.40960604,0.38237402
0.6208982,0.61311424
0.22803137,0.24301457
0.25031087,0.23668595
0.1620505,0.15259527
0.8056274,0.80989397
0.36002088,0.42444912
0.24173577,0.23707883
0.60923725,0.6094406
0.6192548,0.6184148
0.6022593,0.5880443
0.738174,0.7593732
0.2747447,0.2825624
0.6909771,0.68001187
0.26718923,0.27229112
0.2744875,0.2750643
0.43416482,0.44504458
0.44485664,0.43583784
0.4326795,0.42968893
0.3892979,0.39912945
0.35998088,0.35713786
0.38248786,0.37508568
0.3838322,0.4007958
0.1648951,0.18848059
0.5854205,0.58667076
0.6520565,0.6385611
0.39705092,0.37648344
0.25614074,0.25989264
0.2554525,0.2588407
0.26491898,0.26896366
0.27618897,0.28139085
0.2930251,0.2932381
1.6071309,1.3262589
0.2508388,0.24808264
0.3969365,0.42127043
0.11140662,0.16794889
0.09822651,0.13735929
0.30723786,0.28887647
0.30786285,0.29167
0.36121568,0.3306598
0.43898505,0.4533104
0.3591185,0.38198668
0.12737112,0.17844874
0.51590717,0.50503296
0.5652197,0.5524959
0.4939253,0.4957674
0.5009372,0.5074893
0.5000708,0.4917501
0.5092219,0.49801606
0.5132695,0.4930273
0.5041479,0.49603367
0.39651132,0.36851168
0.3000355,0.30086634
0.71261483,0.7543247
0.17053945,0.22380014
0.6763891,0.6673986
0.94615227,0.9119995
0.42429474,0.4261093
0.29887933,0.34717903
0.68088317,0.6464538
0.22523236,0.2739458
0.31922105,0.2923371
0.18340632,0.16929257
0.14836544,0.15113199
1.8486422,2.0226073
1.655431,1.9373572
0.19703531,0.19147113
0.20303582,0.19374998
0.3885365,0.3719917
0.4294214,0.39221698
0.36194134,0.37130478
0.5676432,0.53539866
0.42129195,0.4213825
0.42933258,0.4132374
0.42849925,0.42206413
0.3646032,0.37074202
0.29805487,0.37050292
0.32812694,0.32491064
0.35040343,0.3412394
0.54263175,0.5460832
0.5106121,0.49655932
0.7952599,0.834452
0.25923854,0.24978492
0.66043305,0.6555082
0.64144933,0.6522005
0.6615289,0.681805
0.64031905,0.6427329
0.642543,0.6438885
0.1500363,0.16049151
0.14383675,0.1401976
0.38806653,0.4280781
0.33750373,0.35288212
0.26045242,0.29261565
0.19130735,0.2250448
0.2650066,0.26473403
0.7301327,0.66294205
0.6490111,0.62016356
0.20563361,0.20208338
0.21889825,0.2286839
0.19895007,0.19511144
0.5160907,0.46442705
0.4957495,0.47979227
0.39707664,0.38595822
0.47272426,0.4687375
0.5406999,0.4916553
0.48495126,0.49148327
0.22256534,0.22669668
0.18704236,0.18954527
0.6503117,0.6781231
0.16677558,0.15633418
0.39344206,0.39110082
0.41147575,0.38384292
0.48240262,0.4703063
0.44039226,0.43160176
0.06990108,0.095330246
0.012731799,0.06281447
0.011056138,0.05361663
0.009470502,0.039701223
0.008960075,0.05783304
0.012973849,0.05274855
0.16342583,0.1600945
0.16162312,0.18429391
0.16057451,0.18227944
0.16416901,0.17642364
0.8469646,0.775919
0.62777513,0.62231475
0.64845747,0.6285816
0.17732745,0.20791474
0.091253474,0.122233115
0.31001326,0.32965723
0.2846045,0.28776464
0.19822495,0.20592806
0.2091576,0.23423788
0.2299654,0.25669962
0.091169655,0.11776166
0.098303795,0.10898652
0.088216126,0.099496305
0.09041096,0.101042435
0.24316972,0.2828705
0.23165064,0.24466863
0.24095929,0.25281894
0.25149843,0.25740013
0.24622269,0.245738
0.24536513,0.23409633
0.49190587,0.48182192
0.3779095,0.3765959
0.47188658,0.49231395
1.0025666,0.9719924
0.50566214,0.45255795
0.65202296,0.67143035
0.63363427,0.6393105
0.38705823,0.38915032
0.17451997,0.16684864
0.30410787,0.30698785
0.30751586,0.31046826
0.3165064,0.31236252
0.31178537,0.34101376
0.31983083,0.32989866
0.11259549,0.121636294
0.22016251,0.22053754
0.395266,0.3921162
0.40535855,0.4118461
0.43220714,0.44666964
0.41369522,0.42329884
0.26769695,0.28979188
0.51996064,0.5222234
0.12860602,0.16066076
0.36704886,0.39387304
0.16932365,0.1796687
0.14758828,0.13654934
0.137797,0.12818
0.14138016,0.14026752
0.14269537,0.13863556
0.2835632,0.28131956
0.36125785,0.36895233
0.29767618,0.3697099
0.5376477,0.5475174
0.22882733,0.23990488
1.5570153,1.3493484
0.39923716,0.41968316
0.5974266,0.6086064
0.27111864,0.2971363
0.33609474,0.33863646
0.11560532,0.13679923
0.23845422,0.21280117
0.23483372,0.2110405
0.59607965,0.5791153
0.3504792,0.33083707
0.4140776,0.39930454
0.34927797,0.3337341
0.3426378,0.33285856
0.33274227,0.31084102
0.107277416,0.1116022
0.109559745,0.12782326
0.875424,0.89581907
0.3367237,0.34499934
0.33493736,0.33004567
0.74167967,0.68659365
0.31916705,0.3125757
0.3475714,0.33705527
0.32660395,0.30959493
0.33990666,0.33456388
0.56255394,0.61457086
0.57894474,0.61207503
0.5998036,0.61502093
0.29102898,0.27143392
0.5760926,0.61358684
0.36283314,0.35705477
0.33824405,0.35507876
0.20035979,0.23554368
0.17391689,0.20681259
0.10794583,0.11227493
0.12765042,0.13485576
0.5030162,0.49983
0.17842598,0.16853386
0.31485158,0.3161296
0.3496499,0.35447407
0.13746664,0.14898346
0.47763076,0.31333125
0.20064476,0.21861906
0.20373759,0.22412471
0.16713035,0.18196182
0.1926372,0.20432337
0.9208608,1.3476697
0.13204822,0.18997231
0.12516691,0.14052972
0.13263594,0.14398691
0.13481092,0.13660479
0.24775457,0.23879358
0.49558315,0.46729153
0.08073158,0.12013905
0.08636684,0.09525635
0.08646181,0.086876884
0.17364113,0.15416141
0.16116458,0.15924594
0.15849765,0.15360335
0.16155979,0.15318048
0.16497931,0.14900556
0.13729694,0.18449256
0.4412306,0.43809122
0.32750228,0.3218684
0.7641182,0.8038276
0.5983371,0.6184015
0.08219701,0.0904248
0.62451154,0.61416173
0.48107755,0.4929939
0.3901917,0.40521067
0.2596007,0.26608974
0.29974428,0.29969424
0.5853225,0.56512415
0.22873065,0.2400717
0.32520753,0.33605787
0.70980227,0.63891447
0.2803786,0.3055628
0.2760431,0.31104383
0.28014645,0.29907507
0.4310543,0.4318498
0.36556083,0.40564346
0.5905588,0.68767667
0.80337614,0.9154997
0.4735933,0.48702735
0.16233541,0.17811452
0.81195253,0.7894354
0.70162266,0.73798645
0.42437282,0.4094387
0.24275221,0.24150518
0.48354742,0.48430228
0.28783274,0.27134532
0.53343534,0.51321656
0.23995328,0.22103062
0.31568202,0.30604315
0.4578004,0.45537004
0.41130543,0.3968301
0.49899495,0.53241247
0.11558944,0.124612555
0.5227415,0.5332462
0.48715568,0.45360518
0.54815006,0.5255248
0.48977458,0.46006268
0.50798583,0.4821438
0.53445596,0.5134833
0.43572953,0.42119557
1.1365619,1.012327
0.5826943,0.59886557
0.30356938,0.2979238
0.31545717,0.3321003
0.3103238,0.30159795
0.30819425,0.30276293
0.31407675,0.3160041
0.31915495,0.32761496
0.31440917,0.31232285
0.2576073,0.2524657
0.075578436,0.0728972
0.11480824,0.12419041
0.47239748,0.4084908
0.9920441,0.9454166
0.4118867,0.40765887
0.29026517,0.29538327
0.33955625,0.32729638
0.34224012,0.32114497
0.36775187,0.34386432
0.3963399,0.41472763
0.43791863,0.41111302
0.49455082,0.46647277
0.37740356,0.4030593
0.27569252,0.2590715
0.30894732,0.32240427
0.95855695,0.9443742
0.612018,0.5983471
0.44277292,0.4104403
0.40030357,0.41201252
0.3736441,0.38325715
0.47469813,0.49907422
0.6424551,0.6499666
0.63049656,0.6153963
0.61666864,0.62437403
0.20246795,0.2486533
0.15155481,0.18013476
0.34877723,0.334446
0.1700713,0.17158692
0.3636958,0.35444307
0.3668792,0.3061493
0.64230245,0.6468875
1.4267876,1.2266215
0.35382006,0.36336434
0.5142104,0.5250799
0.16622752,0.23229763
0.8146179,0.7612244
0.61987376,0.59808856
0.59253496,0.58639675
0.7354595,0.7083822
0.3358136,0.31824058
0.70000416,0.73045266
0.19077541,0.19287029
0.68925303,0.72505677
0.7751415,0.7970299
0.44821158,0.45284286
0.43499118,0.43693966
0.43174088,0.430515
0.44468272,0.44083738
0.46469638,0.4675602
0.5181995,0.49408263
0.5396455,0.52050894
0.5785699,0.5676552
1.5373273,1.4758489
0.7989367,0.8128222
0.042384278,0.08349182
0.16613199,0.19179094
0.15033817,0.19076213
0.16633858,0.20765193
0.5019857,0.4503153
0.49040407,0.466823
0.15594749,0.14201312
0.12754208,0.12687473
0.27815205,0.25709793
0.15699436,0.16728698
0.3691664,0.37368742
0.42015067,0.44007578
0.3102802,0.35564244
0.25020966,0.26107794
0.35217336,0.3389942
0.074612655,0.10622672
0.6028653,0.5910952
0.30554816,0.3448885
0.38346803,0.39007404
0.054235484,0.073274456
0.053870194,0.060535945
0.3361565,0.32798666
0.33784875,0.3356126
0.33635107,0.32270783
0.33462557,0.33655927
0.43493977,0.44294327
0.2645979,0.26829094
0.24541183,0.25059524
0.250053,0.26224282
0.24909776,0.23902471
0.3198031,0.33843216
0.15437002,0.17161791
0.32961687,0.33557755
0.045180123,0.07813027
0.40048653,0.40937454
0.33777896,0.3835187
0.19224803,0.18110074
0.17639129,0.16498399
0.2124385,0.21519569
0.1788112,0.17600086
0.20389166,0.20561604
0.48228443,0.51927465
0.412664,0.36622852
0.20687228,0.19284388
0.899258,1.0462798
0.16799767,0.19068612
0.16846862,0.18584038
0.16104423,0.17007676
0.10264042,0.16624379
0.32777062,0.33103925
0.30022827,0.29950324
0.21720636,0.22939949
0.21484631,0.22685237
0.21791402,0.25330397
0.12173884,0.10888735
0.91879296,0.81174004
0.43697798,0.42625436
0.3211211,0.32977477
0.9984456,1.0271244
0.35768673,0.37383243
0.58956987,0.5473828
0.6892997,0.6776727
0.11669497,0.16288121
0.12028792,0.11441614
0.084101744,0.110352136
0.6315035,0.6507682
0.2850826,0.28502622
1.3034475,1.1464943
0.28109214,0.31755194
0.41123265,0.50481504
0.59159786,0.60420406
0.40377995,0.410345
0.19637598,0.19552588
0.71222025,0.7475464
0.13225915,0.23919532
0.20555803,0.20974174
0.1809228,0.20238093
0.25987512,0.28031173
0.24446501,0.24839333
0.40856028,0.38515323
0.5315859,0.6118618
0.4184649,0.41833028
0.42017925,0.40827823
0.43067077,0.42094892
0.42331237,0.41960293
0.1767193,0.2324315
0.12555572,0.16866863
0.22285612,0.21834342
0.28326306,0.2914201
0.36744347,0.38293868
0.55111516,0.49464518
0.8837115,0.94907683
0.27339685,0.26565892
0.39093935,0.39078483
0.7071528,0.730889
0.8331574,0.8030944
0.949188,0.8751119
0.9498441,0.9098447
0.2825402,0.30479023
0.11223498,0.38195843
0.5283804,0.5137522
0.43660754,0.42867225
0.1686827,0.19707762
0.36880767,0.38233674
0.36497435,0.32002097
0.6660228,0.731629
0.3290225,0.31854957
0.21966727,0.21793437
0.19686049,0.20339398
0.16071238,0.17476133
0.16487832,0.16986713
0.20728113,0.21176763
0.18172696,0.19805287
0.18056901,0.17187339
0.16743909,0.17750908
0.16554707,0.1531885
0.16034503,0.17118046
0.42074764,0.40268463
0.4279413,0.43053445
0.46140608,0.4561502
0.24038504,0.26455578
0.17043324,0.16637881
0.16517578,0.18666568
0.17185734,0.17673954
0.40773687,0.39022726
0.5361843,0.48319048
0.36649132,0.34926814
0.61426497,0.6149248
0.39236987,0.3977679
0.40163416,0.39574498
0.38913304,0.39062515
0.4059825,0.38431847
0.502119,0.48174995
0.40778726,0.38277704
0.521707,0.49417353
0.51404417,0.489031
0.38518652,0.3802365
0.32559523,0.34867796
0.3302503,0.34946078
0.37733242,0.35795316
0.38275725,0.35189626
0.417453,0.39632863
0.5056768,0.4716997
0.53731877,0.5214294
0.5345537,0.5056435
0.53860956,0.5423815
0.5391803,0.5157951
0.55447984,0.5339104
0.35528666,0.33125374
0.37427896,0.36629206
0.3683772,0.36241204
0.37391442,0.35838252
0.39689076,0.38026953
0.41747296,0.4010304
0.42049772,0.4192008
0.5266928,0.47522426
0.56282574,0.51527345
0.56055635,0.5283567
0.5718606,0.5375734
0.56098986,0.55151224
0.5638504,0.53353345
0.39633575,0.37665823
0.34544027,0.33122608
0.4363736,0.4168848
0.39346534,0.38156998
0.5020501,0.46849436
0.4413032,0.4117067
0.43162134,0.42826813
0.41842207,0.40126967
0.39548513,0.38679302
0.39081827,0.3791798
0.44494212,0.43734303
0.39367223,0.3780315
0.28813115,0.30862203
0.42991614,0.42400402
0.42645133,0.41071123
0.4053737,0.38566118
0.38961554,0.3536362
0.42654985,0.4143099
0.3745232,0.33994478
0.3702669,0.34842336
0.35641783,0.31606734
0.44626737,0.40823022
0.43256333,0.41713247
0.3882725,0.3977411
0.38846222,0.3974421
0.43218604,0.41626993
0.38608268,0.39229897
0.3888291,0.38515347
0.3620272,0.36450762
0.3993924,0.405205
0.39453012,0.37733838
0.4300563,0.408142
0.4559191,0.4284382
0.51296294,0.46213156
0.55153984,0.4995482
0.56114817,0.52190053
0.5530668,0.5359369
0.50475603,0.4920284
0.60591006,0.6022862
0.5459799,0.5359434
0.44750452,0.42599496
0.44250852,0.44214803
0.4433,0.42037717
0.42752263,0.41691083
0.4062672,0.39696994
0.45147443,0.44510084
0.18710718,0.18752854
1.1353904,1.1610001
0.6400757,0.6254974
0.43437245,0.4251246
0.43349144,0.42769498
0.33261177,0.3489676
0.34762678,0.3444338
0.3675446,0.3654773
0.648271,0.5251564
0.13046204,0.13440572
0.374504,0.37100095
0.31470644,0.4556499
0.33647835,0.31484857
0.046913367,0.023296412
0.7172436,0.702243
0.4328762,0.4538064
0.28987828,0.26456103
0.6139354,0.6216086
0.35343,0.35779923
0.40756017,0.4011073
0.34168768,0.3203162
0.3127849,0.31631038
0.12660892,0.14164265
0.13818392,0.14295146
0.37982774,0.38828105
0.26138434,0.24895892
0.36199513,0.3641066
0.3079736,0.2963502
0.3463283,0.37618595
0.4765611,0.44783252
0.3167294,0.31192216
0.43985662,0.42100793
0.07937566,0.082040235
0.27485842,0.2598679
0.4922355,0.45867285
0.16445522,0.18514442
0.19096646,0.19249551
0.19486639,0.20866144
0.4737894,0.4688767
0.7074973,0.6771394
0.47083676,0.4622211
0.49034086,0.40671763
0.4693494,0.48000258
0.5737582,0.60340345
0.5782641,0.60028225
0.52224547,0.5063635
0.54925233,0.510627
0.75434303,0.83440197
0.39308867,0.3937422
0.47957852,0.36229962
0.5732897,0.5559133
0.41506025,0.43756795
0.21908747,0.24608727
0.34723255,0.38014174
0.34830627,0.3750543
0.07110146,0.06746979
0.31115323,0.3308434
0.31927824,0.31125623
0.09299286,0.11540105
0.10162449,0.11241935
0.65335655,0.65196925
0.57490396,0.586077
0.24013597,0.23806071
0.751033,0.75669897
0.42701998,0.44433895
0.7748165,0.753204
0.25111783,0.22827473
0.61504936,0.6162879
0.33884135,0.34226722
0.7006589,0.7550771
0.054327894,0.07377874
0.03692235,0.052006602
0.060971763,0.08170093
0.45714977,0.45685092
0.35585648,0.3413936
0.450006,0.4165906
0.41477087,0.4380927
0.56959015,0.5040189
0.558235,0.51419723
0.5605683,0.55237734
0.43510962,0.41909304
0.44175383,0.42533308
0.429623,0.41941005
0.7403838,0.7229597
0.28753793,0.27286145
0.5486016,0.56000537
0.16587123,0.17006008
0.45868856,0.46198732
0.2644348,0.25851995
0.1817332,0.20978062
0.1839364,0.18502028
0.15429068,0.1682522
0.47906333,0.4632434
0.67719525,0.7037679
0.49427876,0.47575164
0.65341485,0.6670803
0.16079396,0.21542156
0.65021765,0.6815989
0.7077579,0.74373543
0.16815197,0.17368945
0.25617355,0.24461874
1.1535028,1.0591762
0.32607007,0.32643056
2.733521,2.8413177
0.45549327,0.4523991
0.46914077,0.4618228
0.7671093,0.81488305
0.22002085,0.1955434
0.196364,0.18959573
0.22509457,0.31395027
0.2657455,0.2770223
0.46323448,0.4354
0.13516268,0.112752736
0.16511989,0.16248468
0.14141263,0.1501409
0.33149764,0.3446906
0.33578172,0.34350726
0.56503326,0.5686158
0.43391466,0.41664845
1.1280602,0.996414
0.674425,0.57915485
0.53821844,0.5461315
0.5292422,0.53585863
0.30124578,0.3019108
0.31046015,0.313242
1.5338742,1.2691214
0.42530492,0.44518405
0.20483099,0.21985857
1.4865628,1.409903
0.3321844,0.3485497
0.7238566,0.7055513
0.5982514,0.58017504
0.43035927,0.38322526
0.36215544,0.3546545
0.422059,0.40814796
0.18018402,0.16784102
0.1875046,0.1812686
0.19902967,0.20537451
0.4543734,0.44816595
0.25400314,0.23814411
0.34633923,0.33701685
0.43799928,0.4167684
0.3361702,0.35967785
0.36198318,0.36948854
0.48024997,0.43704486
0.2565667,0.2801215
0.10117538,0.12982911
0.24633497,0.28913647
0.24807483,0.281692
0.32190418,0.35107175
0.32392883,0.3200546
0.50837946,0.44353428
0.43761355,0.4347272
0.21866706,0.24188451
0.20187975,0.26225466
0.6430047,0.7454752
0.6619668,0.77462244
0.16199501,0.15212427
0.53381085,0.48859864
0.19634844,0.19885623
0.31818157,0.29950854
0.54044086,0.52610666
0.49140823,0.4630124
1.0276242,1.0272896
0.5910043,0.58024836
0.09472987,0.111404516
0.0934994,0.12070298
0.19827738,0.20271067
0.20079613,0.18295093
0.14786671,0.14949667
0.20209116,0.18291788
0.20275287,0.19936743
0.5824673,0.5854393
0.3841275,0.38226163
0.16439614,0.16215244
0.16048841,0.15323439
0.22824179,0.22931671
0.14639944,0.14872725
0.18178266,0.18429628
0.19088912,0.19375612
0.19142894,0.19889429
0.1696977,0.17674147
0.2592984,0.25320703
0.20924641,0.19697694
0.59995425,0.5961896
0.24438132,0.27551326
0.24621072,0.2827737
0.29360887,0.30800724
0.22637749,0.14142257
0.4442446,0.36840653
0.10185066,0.10587953
0.1644346,0.19320105
0.12051197,0.14823575
0.47401193,0.47378278
0.46853793,0.458903
0.48354834,0.49084583
0.45144847,0.44389376
0.46926987,0.46569267
0.46152103,0.46326095
0.27994254,0.26174435
0.044107094,0.061177958
0.2506745,0.3745263
0.19294158,0.33140042
0.23754,0.2446413
0.44921565,0.44341063
0.27871022,0.30221143
0.27429554,0.3147764
0.43150228,0.43312168
0.63306814,0.5856963
0.55640924,0.5485071
0.11594853,0.13690695
0.16017199,0.17862995
0.09389676,0.09784637
0.051574938,0.07972877
0.3118216,0.3322677
0.24606407,0.29401118
0.41530922,0.41007274
0.41547236,0.42074323
0.3942003,0.37850028
0.26421502,0.26035807
0.37240344,0.3784216
0.36301264,0.3298861
0.30460647,0.29609895
0.36678764,0.36488888
0.37808698,0.3788792
0.3301025,0.32673633
0.2009969,0.2760772
0.2915331,0.30896488
0.56385714,0.55535966
0.54684263,0.5421244
0.11697743,0.10612671
0.37803692,0.3947575
0.35567895,0.36040276
0.47627082,0.4583373
0.3375643,0.3543442
0.31384042,0.34065625
0.49885982,0.4871058
0.2874246,0.3135242
0.41242662,0.3932976
0.34167752,0.3405728
0.23965809,0.28805777
0.52255684,0.5155151
0.19691046,0.18765108
0.69924784,0.6825471
0.15354244,0.16289678
0.41902918,0.4085682
0.54692405,0.5424434
0.64021194,0.5695337
0.30870056,0.27983963
0.9836554,0.9130357
0.12568374,0.1327892
0.18333577,0.17719902
0.14545715,0.16699326
1.5092613,1.5023596
0.52267367,0.5260024
0.30284366,0.30555174
0.16073631,0.2128121
0.1457802,0.16905697
0.0669395,0.1007063
0.38716197,0.36753458
0.23426227,0.23663191
0.050154842,0.076593764
0.95794857,0.85488415
0.32954022,0.30435848
0.25039512,0.23586671
0.19616917,0.18690515
0.23815674,0.23818497
0.47028518,0.45222178
0.3420035,0.33941025
0.34295818,0.33500722
0.34397665,0.32353944
0.34356478,0.33437312
0.27291596,0.25111622
0.20529363,0.2137001
0.15028346,0.14084466
0.15269119,0.15746616
0.14638732,0.14729658
0.19664586,0.17880975
0.19390407,0.16389357
0.19474557,0.17281023
0.46335202,0.4768974
0.4669743,0.5015594
0.2192559,0.2130425
0.115233906,0.20408383
0.3437978,0.3401394
0.23738696,0.25165218
0.108701676,0.08931
0.35953742,0.35285667
0.22526063,0.26481873
0.35910475,0.33622664
0.9108091,0.824321
0.93917483,0.89365005
0.9385605,0.9316699
0.4012651,0.39106405
0.2511119,0.27376926
0.16384268,0.16805282
0.11858141,0.115222536
0.12371474,0.11445586
0.35903373,0.36282223
0.5113539,0.48634014
0.12695612,0.12963852
0.5713201,0.55466515
0.5715746,0.55087876
0.48253822,0.4854343
0.036373068,0.07689265
0.13715647,0.12924053
0.19252925,0.3224826
0.3031644,0.30557522
0.46499386,0.4681836
0.34518364,0.36868566
2.0982955,1.9077852
0.69540435,0.67708623
0.4715111,0.47310776
0.30172786,0.30867684
0.3732139,0.38382107
0.22683059,0.30524975
0.13406967,0.14691202
0.262655,0.20901331
0.27842227,0.23070118
0.6461064,0.6666554
0.7531443,0.76433164
0.18706653,0.17875673
0.36059368,0.3211623
0.4692449,0.46805435
0.35910138,0.36386698
0.6476328,0.6236738
0.6052757,0.4879859
0.40613076,0.41014117
0.4803555,0.49996644
0.15931517,0.16103865
0.44207206,0.44882903
0.047391184,0.0840888
0.2132377,0.23735838
0.1427401,0.15318647
0.2811998,0.2458143
0.32749814,0.30324927
1.4714173,1.3786023
0.9143969,0.9040905
0.7615897,0.77180874
0.069350064,0.088989034
0.104696445,0.1210289
0.1637947,0.16125551
0.1665464,0.19124189
0.21945232,0.2139987
0.15497907,0.1507858
0.20275311,0.1946003
0.3849906,0.3827282
0.19162986,0.21102378
0.31408918,0.2801995
0.5366756,0.51640546
0.5086406,0.4957618
0.50735056,0.5074029
0.50606936,0.50405234
0.499282,0.48055178
0.49690723,0.49431056
0.46463472,0.4408551
0.43219125,0.3971628
0.5005972,0.47666985
0.39553833,0.41891995
0.25315917,0.23919144
0.2207091,0.20209411
0.19208603,0.17864247
0.17521845,0.18517435
0.22594348,0.21181262
0.2296779,0.22788453
0.25771177,0.2608922
0.26334164,0.25550047
0.29031423,0.27077144
0.38331223,0.39075768
0.3587102,0.3848845
0.36799446,0.39768893
0.09554098,0.14654343
0.3453218,0.33121315
0.3559986,0.34020466
0.2931,0.29338208
0.30503818,0.30089873
0.27426583,0.30167907
0.5282853,0.53466946
0.3711223,0.37912136
0.41055316,0.39911795
0.41562605,0.3448513
0.3950765,0.38660663
0.39879385,0.41688085
0.39571005,0.39499646
0.26842532,0.25673717
0.30011147,0.29424053
0.71496904,0.6974139
0.34266073,0.32924032
0.4533012,0.46204996
0.3174344,0.31457216
0.16622308,0.18916324
0.9259171,0.8369988
0.10823132,0.09392822
0.24163464,0.25517207
0.13780192,0.16013075
0.5219742,0.48517147
0.5180726,0.50493103
0.57246107,0.5741172
0.57442176,0.59590477
0.575628,0.593707
0.13453248,0.124712884
0.20815293,0.20118973
0.62957096,0.61162674
0.64664704,0.6162679
0.6358602,0.62203693
0.63639426,0.61057675
0.63400805,0.6131784
0.64512753,0.6216806
0.11157654,0.124746785
0.11432115,0.13104798
0.19469431,0.2524889
0.25312343,0.26760763
0.2576609,0.28998703
0.21766505,0.2536637
0.60097957,0.5903868
0.6120739,0.6381481
0.383217,0.35494494
0.44494238,0.446664
0.48191068,0.4520805
0.113401435,0.11618173
0.2127665,0.2198823
0.22758593,0.22837293
0.2339742,0.23792648
0.19967642,0.21339457
0.20244426,0.19346298
0.1289603,0.14220029
0.1670959,0.18352863
0.1515275,0.18202664
0.14516118,0.18245313
0.48183146,0.4739484
0.5035836,0.5045639
0.3077507,0.3359365
0.6545114,0.62554663
0.19178161,0.19445898
0.3057628,0.28184772
0.33693668,0.39648408
0.08584792,0.15630975
0.29989356,0.32044905
0.41642603,0.41543418
0.38296005,0.3808709
0.16745216,0.20243807
0.40839538,0.3890361
0.3836695,0.3936935
0.41432548,0.39587966
0.6268822,0.65896475
0.4180076,0.40496215
0.17166916,0.14202607
0.04711756,0.06903649
0.64783716,0.53215677
0.4011218,0.41487417
0.65862536,0.6325654
0.6913552,0.66980463
0.6716895,0.6312846
0.024572628,0.06868447
0.02969414,0.048026156
0.6589753,0.70459545
0.6180583,0.6145832
0.49799916,0.47954288
0.51641256,0.50068337
0.7252501,0.7365748
0.6458871,0.65516186
0.088496625,0.08140489
0.8749557,0.8380642
0.8100886,0.7599618
0.035309367,0.09344351
0.035453852,0.06804226
0.036280185,0.076111734
0.035627324,0.0593899
0.21203326,0.2739423
0.316107,0.31267393
0.40214127,0.38224044
0.42689055,0.42024866
0.30441597,0.32923076
1.183746,1.173283
1.1460221,1.1359392
0.96232057,0.97019607
0.9477822,0.9312037
0.17945053,0.18540902
0.19636956,0.19748862
0.47061914,0.4705426
1.2596924,1.3072029
1.0455813,1.1196089
1.2458287,1.255581
0.45408395,0.42205507
0.5027285,0.44574586
0.5349175,0.48770195
0.064454354,0.09119089
0.047226645,0.07781899
0.60210437,0.6008419
0.59118664,0.5786932
0.174151,0.22853425
0.23963699,0.26566187
0.44083828,0.44878483
0.5439809,0.5241789
0.6401836,0.6274346
0.33047006,0.38146585
0.39342743,0.38711438
0.42064026,0.3974302
0.2708538,0.2788568
0.42353997,0.42146707
0.43839833,0.4082426
0.39570737,0.37957394
0.28582835,0.29013595
0.31919104,0.31824654
0.4949224,0.46140975
0.43084943,0.44100633
0.48050785,0.44107643
0.31317723,0.31375533
0.46566305,0.44529104
0.371331,0.37920985
0.6316188,0.6671313
0.2819038,0.26583344
0.3685642,0.3437392
0.25764275,0.28051335
0.25373206,0.2632751
0.3459734,0.38405642
0.47686225,0.4993133
0.65017134,0.68010837
0.4237069,0.41927662
0.32426652,0.28883448
0.43818712,0.39980167
0.43046743,0.4223334
0.43226618,0.35094574
0.55851364,0.57451946
0.5625462,0.58304983
0.56901914,0.5649705
0.557043,0.55098516
0.5711947,0.57548803
0.37863684,0.3792736
0.4680673,0.45879292
0.3554091,0.3668012
0.32223833,0.32897553
0.22272974,0.22515813
0.30824646,0.28527576
0.14988598,0.13818805
0.15927371,0.16298032
0.15642887,0.15206078
0.16000454,0.16218601
0.1588707,0.15946597
0.21096212,0.2188232
0.21257707,0.21212201
0.21504183,0.2307862
0.21433187,0.19887438
0.2192652,0.20990458
0.2200888,0.22301845
0.22121356,0.22716728
0.5164165,0.5037049
0.38769656,0.40205106
0.8710954,0.8913988
0.1379931,0.14141364
0.18850613,0.17807369
0.15170728,0.15722866
0.18886046,0.1837016
0.16594931,0.14428063
0.17022417,0.16713993
0.3761857,0.36974287
0.665387,0.67572546
0.6180771,0.5847323
0.07557306,0.076033615
0.06441355,0.08633429
0.06422891,0.07191285
0.063971594,0.053901583
0.06326669,0.075672075
0.16429426,0.1619442
0.56488097,0.5340884
0.21955349,0.19865905
0.50428915,0.5110099
0.6266976,0.6310354
0.6433011,0.6332575
0.6199322,0.61673844
0.6259483,0.61112946
0.6364264,0.6221797
0.64423525,0.6327277
0.6439371,0.6484139
0.6400834,0.63343114
0.518728,0.5045787
0.6044098,0.5932145
0.0683869,0.09123267
0.21058404,0.22907908
0.16326955,0.18113145
0.37766433,0.36228436
0.11346463,0.12723014
0.18375638,0.17088917
0.28383094,0.27775726
0.6638929,0.66680264
0.16132155,0.15471955
0.16096549,0.15817776
0.35560486,0.34230766
0.39366385,0.3826932
0.34660766,0.3523025
0.25924167,0.3206665
0.14099836,0.15566188
0.16114885,0.16899492
0.1724842,0.20878367
0.113731354,0.13191563
0.51102245,0.4705208
0.46751633,0.44335645
0.28091913,0.2713257
0.33724982,0.32756412
0.28348804,0.2674607
0.68578494,0.65274304
0.5198101,0.48933727
0.1139527,0.12933251
0.112889186,0.13713562
0.104727075,0.112738036
0.21258481,0.24216683
0.5215618,0.52669775
0.6948419,0.7094368
0.6646265,0.64114344
0.6332896,0.6305458
0.37131414,0.37985945
0.74861926,0.7483686
0.2673861,0.3381701
0.6264582,0.6038965
0.37020564,0.37331074
0.554606,0.53393346
0.63696057,0.6393601
0.6103024,0.63114554
0.253842,0.2585159
0.56140983,0.5911819
0.49257404,0.50364196
0.30455822,0.37448654
0.11787188,0.13174982
0.61559767,0.5963294
0.7932821,0.7217339
0.103336744,0.1446831
0.09014342,0.13151218
0.3726485,0.3708784
0.25641617,0.22153111
0.24271639,0.21870537
0.2524948,0.23186855
0.25157008,0.2278988
0.13017847,0.12260099
0.25880906,0.27899683
0.6661876,0.6574795
0.27169308,0.3034435
0.24601258,0.2745134
0.2693708,0.29659304
0.29866728,0.31020942
0.4211456,0.42379886
0.7787422,0.75070256
0.22812921,0.23418815
0.6404138,0.6388387
0.7964208,0.8417002
0.4613141,0.45072803
0.26246834,0.24753115
0.11752621,0.105571486
0.23258215,0.21978433
0.19116375,0.1762813
0.36712828,0.373899
0.10136245,0.099393845
0.10301447,0.123285785
0.08268282,0.13414244
0.6596476,0.71677554
0.13370694,0.13988005
0.9381182,0.95162964
1.0058972,1.1272695
1.0229278,1.1328765
0.95282584,1.07904
0.5034614,0.5143245
0.49161887,0.52023613
0.49513933,0.50781167
0.5169517,0.5198275
0.89182216,0.943964
0.34992254,0.3589766
0.29190347,0.29166287
0.28729403,0.32775396
0.1872998,0.2774099
0.9232312,0.8314315
2.9594052,2.716794
0.3080155,0.32561243
0.20905304,0.22304404
0.15738516,0.14573044
0.29798013,0.31767726
0.2942675,0.30196494
0.2949815,0.31532538
0.2812283,0.30457973
0.11212037,0.13232869
0.09609399,0.10457078
0.42700446,0.4346932
0.46895555,0.47545344
0.44538447,0.4365717
0.39332142,0.37175888
0.3598518,0.36134973
0.11057359,0.12562332
0.25327882,0.26534948
0.45722905,0.43678737
0.3781417,0.37880725
0.15150648,0.17925367
0.55822617,0.54946125
0.5914706,0.5644387
0.54994565,0.5493537
0.5097785,0.5052232
0.5176244,0.5127944
0.60949636,0.6561773
0.91349006,0.92941034
0.40310827,0.39458948
0.2500153,0.23257366
0.49634424,0.4890647
0.115909435,0.13499393
0.13264097,0.1489377
0.24248263,0.22552045
0.23920465,0.23369265
0.24125749,0.23125438
0.5350214,0.51126546
0.5114999,0.49118632
0.37875912,0.39141136
0.55046856,0.5261656
0.094448425,0.09684293
0.36896473,0.3913012
0.39674664,0.41846305
0.39658326,0.41805306
0.4639855,0.45441142
0.6064936,0.65306556
0.6250328,0.6561599
0.5848776,0.56862766
0.600968,0.6444572
0.6049071,0.60695505
0.6219595,0.6191522
0.60842466,0.634161
0.52654845,0.49990353
0.36815715,0.37428823
0.17037237,0.16640511
0.088188745,0.10247682
0.30045447,0.2859047
0.21482706,0.25476107
0.291833,0.30611148
0.5156883,0.52360076
0.17891078,0.17743593
0.2897758,0.3154475
0.18282257,0.17242704
0.18664032,0.18960027
0.17016444,0.15728694
0.18648854,0.17951292
0.53967285,0.5494126
0.322173,0.34399062
0.26567197,0.26122266
0.10565845,0.11196127
0.3041546,0.30811846
0.3030507,0.31726846
0.36038104,0.35268456
0.3304474,0.33868727
0.3438821,0.34440905
0.3050606,0.32499102
0.32622218,0.32687095
0.33312416,0.33875486
0.32826972,0.32205838
0.41600442,0.41585118
0.10466463,0.13289401
0.32108295,0.32698175
0.26919585,0.28875506
1.4036679,1.1506103
0.32363534,0.31960267
1.3747282,1.409708
0.18313628,0.21180312
0.5689508,0.57996386
0.41660932,0.43293506
0.41617188,0.42856073
0.42746145,0.43829378
0.4238372,0.4304405
0.26061192,0.2849383
0.31109414,0.33563703
0.9758426,1.0763458
0.2218739,0.23204792
0.6786079,0.64779806
0.3309172,0.3445678
0.33047104,0.35054675
0.3210923,0.33332112
0.32230255,0.3368949
0.3468909,0.4105629
0.16435646,0.17764226
0.3375233,0.320157
0.31982926,0.32346472
0.31170836,0.31790784
0.31192884,0.33866587
0.37513015,0.38259518
0.42317945,0.47265166
0.44005877,0.48265535
0.3923646,0.34150615
0.7385021,0.72620445
0.52169824,0.45964018
0.93252516,1.0033419
0.51394373,0.5073847
2.1036785,1.6184008
0.35256004,0.38338637
0.34648615,0.2943453
0.37446085,0.40686092
0.36267614,0.39056772
0.3781734,0.40572673
0.36237767,0.39563048
0.3627641,0.3862993
0.37284905,0.39947262
0.36525038,0.3851449
0.36381388,0.38536063
0.36373344,0.39039755
0.3726942,0.38762915
0.35328895,0.38405055
0.34433764,0.29482394
0.3476034,0.37069327
0.34540904,0.32309467
0.33749673,0.3265459
0.41735855,0.40436253
0.31942043,0.26010352
0.32757625,0.3082691
0.3364253,0.34906554
0.33223617,0.34661883
0.27260607,0.34471023
0.404521,0.42824277
0.39062193,0.40040988
0.42826483,0.42713934
0.44431937,0.46019116
0.44392672,0.44597524
0.4838887,0.4877371
0.45860183,0.45073256
0.4272212,0.4420682
0.42568678,0.43086594
0.30668077,0.31529897
0.34986103,0.33394223
0.26710072,0.3163438
0.6281381,0.5749954
0.6492653,0.61402303
0.2506609,0.2594939
0.22314565,0.23720534
0.2764303,0.27516878
0.2480105,0.23961203
0.2557112,0.25598758
0.32783404,0.3127232
0.25467652,0.2386736
0.8423068,0.8559624
0.22256126,0.2329824
0.2694312,0.26449937
0.26055023,0.2694043
0.25401202,0.26546425
0.34198412,0.34809604
0.33039758,0.33026436
0.35119233,0.35669678
0.33969635,0.35020503
0.3157845,0.31935453
0.2886984,0.2921692
0.2525105,0.25754565
0.49030516,0.47053662
0.4899873,0.4679032
0.4960397,0.47047377
0.49223244,0.4865551
0.48397326,0.4627838
0.4801773,0.45298004
0.49874017,0.46341348
0.5072022,0.47995886
0.24880283,0.24690814
0.2507732,0.26229498
0.25321028,0.2500862
0.068018064,0.09985008
0.069947615,0.105793856
0.30142257,0.26305014
0.2455843,0.23075747
0.46840405,0.44471225
0.41876,0.41880876
0.6120851,0.6176456
0.4128177,0.4014481
0.47569814,0.47790757
0.34806526,0.3558995
0.42791983,0.4356746
0.26544386,0.2783772
0.49691412,0.48647746
0.42029527,0.41611853
0.3792864,0.38063347
0.37262896,0.37017104
0.37546298,0.37673065
0.051658284,0.07507277
0.3089498,0.30522925
0.20321812,0.19327712
0.119934715,0.17438462
0.31394717,0.30658776
0.4357218,0.42742103
0.3072841,0.28835708
0.28222817,0.28642184
0.7809572,0.68271756
0.77583814,0.70551825
0.31865165,0.2649931
0.47401923,0.4603187
0.48244858,0.46501273
0.73424655,1.0218966
0.44005895,0.4177699
0.48601788,0.46322903
0.34037057,0.34339002
0.3384395,0.339781
0.32544172,0.32586414
0.33799243,0.344773
0.30396172,0.3191385
0.3131767,0.30856282
0.45914888,0.43822122
0.25697473,0.26178545
0.32576707,0.3306472
0.28581503,0.26793593
0.32552782,0.32328603
0.30754212,0.30388078
0.33516443,0.32927075
0.32774666,0.31711838
0.3289553,0.31245664
0.56474864,0.5372368
0.6136947,0.6151433
0.13435534,0.12694022
0.5562641,0.5432077
0.5748951,0.5550004
0.101511456,0.12263372
2.4021914,2.445465
0.14599732,0.1374581
0.12383087,0.13282871
0.19850388,0.24965522
0.40210572,0.40078264
0.8083218,0.83974504
0.77884173,0.84033954
0.71778375,0.7648127
0.35992014,0.3585573
0.40943107,0.39416698
0.2291783,0.238729
0.19510688,0.2267108
0.14125289,0.1583685
0.104330316,0.12882467
0.11586946,0.15565717
0.09467208,0.1484642
0.65864384,0.7626415
0.6517618,0.75144666
0.1143564,0.12076883
0.15135391,0.16252545
0.21273725,0.19609295
0.19316684,0.17402323
0.3838965,0.37123924
0.33603966,0.32345262
0.3020962,0.29241586
0.30299252,0.30810928
0.26400325,0.28553084
0.21395195,0.21201368
0.25759086,0.24757282
0.55718887,0.53263193
0.19448917,0.29802054
0.19507994,0.2926174
0.19379698,0.29672536
0.44284797,0.45889693
0.25877804,0.2919163
0.35023037,0.3824714
0.21486782,0.36065814
0.1412567,0.26949722
0.46610028,0.43966898
0.4004003,0.3926693
0.34529716,0.39553294
0.16693945,0.1814611
0.2668868,0.31635228
0.15969132,0.1500713
0.15498894,0.15867496
0.16112119,0.17637853
0.15072721,0.22412089
0.49471614,0.49543223
0.46350646,0.4540371
0.4566836,0.4665509
0.4928619,0.49299645
0.5109341,0.5135161
0.29605067,0.28050196
0.6493666,0.6372121
0.6435834,0.6205815
0.4539208,0.4471795
0.48848948,0.48330778
0.34763423,0.35706246
0.19341145,0.20542529
0.14790426,0.1568052
0.53472906,0.5098023
0.02780378,0.04742234
0.66354895,0.6630064
0.646498,0.65034133
0.6436618,0.63316125
0.42031443,0.38899553
0.42549336,0.38707572
0.34558183,0.34760258
0.3187783,0.31567422
0.36068845,0.3570891
0.26317677,0.27001113
0.39971787,0.39844978
0.53525573,0.52536917
0.36498797,0.3649343
0.55291253,0.5221561
0.5359372,0.5371561
1.2527636,1.2505802
0.20197521,0.20754595
0.4977799,0.48461452
0.17538793,0.22438267
0.45316228,0.44732744
0.064831324,0.08336466
0.21253645,0.19295453
0.06544146,0.07513485
0.17850025,0.15708654
0.1715925,0.1620525
0.17086825,0.14543326
0.16489637,0.1402669
0.10745726,0.1005481
0.37335026,0.40529615
0.36331874,0.36417454
0.3650141,0.35622737
0.16399153,0.13875465
0.15624875,0.13937682
0.39864126,0.411172
0.5190096,0.52811885
0.22124301,0.2269258
0.3105465,0.29348275
0.43918058,0.43311614
0.18762603,0.17600141
0.67063403,0.66129726
1.1078181,0.98616093
0.17107587,0.20383069
0.32586277,0.33065674
0.973137,0.9723388
0.61615235,0.60454035
0.5959242,0.56380594
0.6175062,0.60806805
0.9501888,0.9353126
0.027685175,0.066051684
0.3614762,0.3666721
0.90686363,0.858226
0.3626388,0.3677764
0.53659767,0.53134435
0.295749,0.29817888
0.2928256,0.32192424
0.38938013,0.37924495
0.20531352,0.20343542
0.18213882,0.18142985
0.34326753,0.35287926
0.32023147,0.33280602
0.34516662,0.3342901
0.10886277,0.14192289
0.44293752,0.44849578
0.200091,0.18611732
0.26104617,0.24181175
0.31294438,0.3119734
0.3257658,0.3307337
0.32075313,0.33099246
0.38764212,0.4083166
0.4307237,0.43733764
0.3101557,0.3704494
0.2690299,0.2894765
0.59443504,0.43229207
0.35719502,0.3600379
0.33288273,0.3163238
0.4648014,0.45695573
0.35340208,0.35357016
0.33938012,0.3376282
0.79860544,0.80641776
0.3998317,0.39269325
0.7252858,0.71823215
0.13336846,0.13887051
0.76714706,0.868655
0.7772501,0.8586465
0.71560806,0.799878
1.1081142,1.0911645
0.30935702,0.30944088
0.33816442,0.35887492
0.4825337,0.4784349
0.546456,0.50039417
0.48600143,0.4514079
0.43989483,0.40302262
0.21691689,0.20810258
0.5824042,0.5805636
0.5740753,0.5948346
0.5811187,0.55418015
0.58132607,0.5662923
0.50661606,0.7329089
0.7257864,0.73194087
0.38485205,0.38881713
0.40268153,0.4097446
0.29941705,0.35051075
0.31902805,0.32536238
0.16847152,0.18398507
0.14287223,0.15400688
0.53083605,0.54031557
0.55454296,0.5437702
0.5783072,0.5913383
0.42400873,0.42153344
0.43438515,0.4308555
0.42981967,0.43758664
0.40606403,0.40842706
0.48708802,0.4747058
0.9301381,0.8670579
0.8086873,0.7529119
0.7991369,0.7549658
0.79091024,0.7855627
0.7478094,0.7731301
0.82194746,0.7181641
0.8337864,0.76852995
0.56568164,0.5862694
0.6260879,0.6116694
0.34356442,0.3694206
0.24738294,0.2834329
0.5645661,0.57211953
0.43460295,0.43197003
0.27877215,0.29357654
0.09589725,0.116662905
0.87861955,0.72565126
0.9021103,0.7351516
0.026018623,0.05006504
0.2633043,0.270647
0.3230904,0.30247176
0.45299134,0.44556803
0.35773557,0.3952027
0.6375876,0.63478076
0.8948357,0.95944643
0.39632717,0.22664809
0.33998576,0.35320348
0.5404721,0.5396857
0.528383,0.51480436
0.20559779,0.19899322
0.28123215,0.26107115
0.31317827,0.2897235
0.6613766,0.6275856
0.18388687,0.19194362
0.18241067,0.18226407
0.1901118,0.1747018
0.1916253,0.18105423
0.34063134,0.3111449
0.19551788,0.20130017
0.24477227,0.2503981
0.29039562,0.30367175
0.56282586,0.5510074
0.54724205,0.42695123
0.3078761,0.31499133
0.316016,0.3276885
0.18129528,0.20926245
0.8461913,0.8122861
0.7568807,0.79862493
0.6782695,0.650115
0.62480074,0.60256994
0.30199,0.33268875
0.4677219,0.45088673
0.61504555,0.5710854
0.6502762,0.6424805
0.7357964,0.7631158
0.13652067,0.23263597
0.08544904,0.13501514
0.0833841,0.14866641
0.09452534,0.12792054
0.099355586,0.115415476
0.24801052,0.27911943
0.16086939,0.19981062
0.17233795,0.21190336
0.17768991,0.23925105
0.25676098,0.28819582
0.21439187,0.1960493
0.68128234,0.6497767
0.29066363,0.29134607
0.30496445,0.29438698
0.9632802,0.85529405
0.9929548,0.918314
0.27927735,0.2783987
0.21851608,0.2572334
0.24281317,0.26853648
0.22344884,0.24689181
0.34101185,0.32637137
0.35326016,0.33404577
0.34685296,0.32956415
0.33187124,0.33247685
0.41787824,0.42286807
0.31985658,0.3154273
0.41092527,0.4182207
0.497734,0.48553076
0.08114735,0.09620423
0.21377419,0.21391931
0.44311237,0.44573316
0.073023744,0.08218734
0.1435455,0.13926256
0.64466524,0.61932564
0.10207123,0.14348999
0.14095259,0.15514408
0.2954165,0.29140842
0.37569648,0.38199538
0.7295111,0.7498412
0.12672769,0.16157337
0.12890755,0.17399037
0.12886283,0.1667948
0.12889168,0.16466716
0.15012333,0.18328968
0.32417595,0.31668535
0.7341414,0.7348199
0.05294847,0.11193057
2.4645035,1.8214172
0.45539543,0.44473806
0.49592358,0.5197589
0.48945707,0.47324544
0.41213924,0.40343267
0.34318453,0.3497487
0.31524354,0.32538965
0.59130806,0.6451339
0.5581344,0.5590883
0.34281796,0.32012016
0.09475457,0.11549717
0.64691144,0.5600459
1.0687424,1.0475633
0.14220342,0.242938
0.07196016,0.08708239
0.1005847,0.12266729
0.1501668,0.13519123
0.15689604,0.16396853
0.37637663,0.39995548
0.8480674,0.8851327
0.23762596,0.23565665
0.15713997,0.16269857
0.21676655,0.21469602
0.4029702,0.3719373
0.5292989,0.577331
0.42659596,0.43471366
0.30718562,0.30220363
0.48648494,0.49698383
0.49641812,0.4408605
0.39519054,0.39541805
2.751287,2.6179066
0.17699742,0.19052991
0.17785771,0.19747168
0.34782803,0.3445801
0.43891424,0.4308807
0.43421477,0.4236723
0.4518407,0.47390813
0.45342174,0.4658847
0.45049936,0.4662486
0.36408168,0.37935314
0.6246393,0.6503727
0.21087874,0.27947354
0.7450613,0.80253375
0.26652816,0.2538733
0.31591237,0.32441372
0.23076844,0.23852722
0.08129547,0.08800907
0.18044354,0.19703731
0.9652201,0.909955
0.19632167,0.20177408
0.32375604,0.3366065
0.61678255,0.6157962
0.7999638,0.7680422
0.10358866,0.14046292
0.10885981,0.13148054
0.11083363,0.121053934
0.11021081,0.120270096
0.10953229,0.12299205
0.112521216,0.13901396
0.11176618,0.14700976
0.09592958,0.093816206
0.10358916,0.15678641
0.10775242,0.14503911
0.110891856,0.15969333
0.10549034,0.14046645
0.10226292,0.1396204
0.10749168,0.12355943
0.23097144,0.26083148
0.44478405,0.43224588
0.20948423,0.20867825
0.17273489,0.16872169
0.3967056,0.4138616
0.7759106,0.79347193
0.09530955,0.15901664
0.3302775,0.33213755
0.3458815,0.34172955
0.26557305,0.28410754
0.07201027,0.09422968
0.31213915,0.31628412
0.31003967,0.31819808
0.7765832,0.86750877
0.3186733,0.3107851
0.4317831,0.44640023
0.42572036,0.43271476
0.6176624,0.72435105
0.30117205,0.28229076
0.276353,0.2878799
0.53345084,0.5388565
0.34302884,0.39943284
0.32734343,0.3884357
0.32903957,0.35251984
0.63646716,0.6579111
0.32386288,0.3177672
0.36800098,0.42654133
0.3421258,0.363177
1.1332661,1.0912313
1.2299677,1.272893
0.30665308,0.34487703
0.36329514,0.35853472
0.5320789,0.40574446
0.11063243,0.14681697
0.33057782,0.34358728
0.6663812,0.67392105
0.1135445,0.12275803
0.20004943,0.18644388
0.13683532,0.1792785
0.4266402,0.43151608
0.12002653,0.16716471
0.27914166,0.29469928
0.7122068,0.7416374
0.66318774,0.6676569
0.6314736,0.54600155
0.1212622,0.14465079
0.6395033,0.641185
0.52723306,0.5392064
0.5750742,0.53966707
0.5973469,0.5700498
0.5531872,0.5360805
0.53124744,0.49333233
0.5638284,0.543743
0.55422294,0.5380406
0.56441385,0.53113854
0.59775275,0.58214724
0.5712851,0.57641435
0.5953783,0.61471486
0.5771348,0.5708293
0.4852764,0.44505772
0.5278694,0.4902888
0.57159233,0.5572205
0.13539732,0.17256935
0.30741063,0.31598046
0.34588158,0.34355876
0.31778204,0.32703635
0.21816573,0.20256832
0.25285876,0.24652243
0.24204145,0.2243896
0.21703029,0.20778601
0.20458607,0.18835427
0.7606468,0.7024356
0.16430482,0.20038557
0.3678337,0.35856426
0.27320164,0.29037446
0.80123293,0.84027183
0.80071473,0.8762476
0.5564122,0.52587354
0.32124773,0.32676375
0.24940276,0.24844015
0.35189125,0.34010184
0.31431064,0.32361194
0.2951521,0.27635765
0.259625,0.26105708
0.41554067,0.42529234
0.2194179,0.299786
0.44886243,0.45870644
0.4177954,0.43556318
0.21415448,0.18725947
0.28702387,0.25878495
0.61352503,0.619023
0.16854669,0.17737086
0.3291066,0.34610516
0.51551205,0.5069878
0.3571194,0.36319008
0.19293702,0.19753268
0.184142,0.21379748
0.5102354,0.49168402
0.3220516,0.33118415
0.34438223,0.35289884
0.34482026,0.32882935
0.35007706,0.3485039
0.49858823,0.4711389
0.19891344,0.16985576
0.35877764,0.3607247
0.4573756,0.42987904
0.08515321,0.09910663
0.21456444,0.22573885
0.45766613,0.45375982
0.10088781,0.14389743
0.23812896,0.23989277
0.15308596,0.16724779
0.6960123,0.66477925
0.6553442,0.6094713
0.40706202,0.3934949
0.07235999,0.08439015
0.2569327,0.26278418
0.33737016,0.31035805
0.34728444,0.3540751
0.38535857,0.3822192
0.23753262,0.23725846
0.18613952,0.18920791
0.35332018,0.4618121
0.34214273,0.35907057
0.3564909,0.3442267
0.14939234,0.16346106
0.10630542,0.13394766
0.1954611,0.22625923
0.19315156,0.23138984
0.3014122,0.3147212
0.32352242,0.33335233
0.4043535,0.38585928
0.36483392,0.35915753
0.34694907,0.34275013
0.3157723,0.31253624
0.0804036,0.12670526
0.39475808,0.4021345
0.41762543,0.43677226
0.41121477,0.41927385
0.32480687,0.3229788
0.47423494,0.5295082
0.18394333,0.26278356
0.30551776,0.35374793
0.42277294,0.44332963
2.5534418,2.6308165
2.7385342,2.742545
0.2370044,0.33618337
0.46070528,0.4656052
1.8370612,1.76351
0.30553854,0.309374
0.32582724,0.32121414
0.09970962,0.10315003
0.6376854,0.6190866
0.16181992,0.15508224
0.3132876,0.30423063
0.21846978,0.32273436
0.29792154,0.30598697
0.78686404,0.7820449
0.119169086,0.1619912
0.055718113,0.09016478
0.19611415,0.22712827
0.11036001,0.14398591
0.6446528,0.7111379
0.1892729,0.18331538
0.54103154,0.5611896
0.34233645,0.35047838
0.35969108,0.36264858
0.3441659,0.3507281
0.35262442,0.35813662
0.3523407,0.35453755
0.3550898,0.35797775
0.35261887,0.35910442
0.3494421,0.34793139
0.34822923,0.34954295
0.34892458,0.36315846
0.352014,0.36429143
0.3431449,0.36133516
0.18091767,0.18055785
0.75937474,0.7667394
1.6332618,1.3667413
0.027185084,0.079115905
0.4157907,0.42126712
0.33247125,0.41190538
0.33786595,0.33638737
0.2352342,0.23011348
0.20918012,0.23041491
0.21475968,0.26275688
0.33692136,0.31904158
0.3134584,0.31252274
0.53819084,0.5439769
0.6450632,0.6533313
0.64332265,0.63159746
0.79079187,0.7501103
0.41645992,0.42044964
0.2926108,0.3299592
0.68919504,0.69003445
0.33961678,0.31385037
0.3497725,0.35898554
0.785431,0.77096397
0.4664639,0.44469523
0.36966807,0.37471718
0.28863725,0.31221062
0.32783926,0.28814393
0.40964013,0.4002208
0.3410273,0.3389725
0.356149,0.35855812
0.3510342,0.34693515
0.3348493,0.33799607
0.248409,0.28292468
0.14384373,0.16778706
0.5672825,0.5943483
0.5208699,0.6261002
0.48565096,0.5058755
0.2047906,0.22464776
0.20258753,0.21215972
0.12069698,0.16411176
0.34603965,0.37701195
0.51877165,0.5150639
0.42483732,0.41881436
0.55927896,0.5584763
0.31124938,0.31550032
0.38033634,0.3809898
0.4763864,0.4504761
0.35598558,0.3692881
0.38396487,0.3838496
0.20907797,0.24882889
0.15749942,0.19349898
0.15904362,0.170679
0.15749235,0.17174104
0.29791456,0.33814433
0.42107895,0.42324787
0.25424471,0.27177733
0.40249544,0.4131174
0.16989873,0.18848254
0.62026745,0.6277854
0.46539164,0.47271252
0.7080862,0.7596222
1.5508496,1.3143386
0.57919115,0.58962435
0.24690865,0.25893265
0.38785535,0.43464118
0.43817338,0.450982
0.24611959,0.24299589
0.13987908,0.16081417
0.053338304,0.08406292
0.3564597,0.35480183
0.37413797,0.3580061
0.38690197,0.38338238
0.76176673,0.76578087
0.5115552,0.5082341
0.18954764,0.15622015
0.39915976,0.40473285
0.36406496,0.36392313
0.5040496,0.5240155
0.43393397,0.44865388
0.12228022,0.15682212
0.21589111,0.21590269
0.24105169,0.24031213
0.28010353,0.2643918
0.21686667,0.26609617
0.16219988,0.16241309
0.6446971,0.6200629
0.17442891,0.16108705
2.4260073,1.9562172
0.69070643,0.6926255
0.24427475,0.23370895
0.48208958,0.4558896
0.46159706,0.45313343
0.44126529,0.4033668
0.185232,0.1974515
0.60779715,0.61776066
0.38861674,0.4472282
0.45203665,0.4515099
0.3847528,0.38817078
0.32037008,0.310365
0.3581828,0.35851717
0.100467674,0.15738262
0.48311058,0.45232883
0.19365858,0.23925467
0.4535083,0.43020636
0.4515718,0.42921466
1.1190035,1.1219838
0.41968897,0.4070766
0.3746478,0.35810465
0.24489185,0.24650319
0.554568,0.5659555
0.66784424,0.64135087
0.6337063,0.6130861
1.642047,1.4535632
2.0708003,1.6578745
0.583343,0.5676502
0.1878589,0.19119631
0.20954934,0.2270052
