filename,LCD,PLD,LFPD,cm3_g,ASA_m2_cm3,ASA_m2_g,NASA_m2_cm3,NASA_m2_g,AV_VF,AV_cm3_g,NAV_cm3_g,Has_OMS,Input,y_true,y_pred
acscombsci.5b00188_34903_clean,6.15808,5.85025,6.15808,2.16583,1748.44,807.285,0.0,0.0,0.542,0.25025,0.0,0,0.0001692774,0.0169525149,0.015907764397617315
acscombsci.5b00188_5013797_clean,9.69678,6.71185,9.61668,0.664961,2272.9,3418.09,0.0,0.0,0.7302,1.09811,0.0,0,0.0004334013,0.0424421722,0.04310757831575012
AHUFIU_clean,8.82374,6.2087,8.82374,0.961965,2042.39,2123.15,0.0,0.0,0.6792,0.706055,0.0,1,0.0002471924,0.0257842132,0.02695271519116245
APEBII_clean,10.32114,3.69719,10.3209,1.22342,1765.75,1443.28,0.0,0.0,0.6248,0.510698,0.0,1,0.0002577515,0.0257884853,0.02374749667578613
ATEZIK_clean,10.39835,7.60488,10.39835,0.744295,2329.14,3129.33,0.0,0.0,0.7298,0.980525,0.0,1,0.0004496764,0.0422993392,0.041765358114157616
AVETOM_clean,5.57195,3.01035,5.56463,1.79151,0.0,0.0,366.792,204.739,0.387,0.216019,0.0,1,2.6599e-05,0.0036680088,0.003232071498472303
BAKYIY_clean,7.70743,7.14284,7.70743,1.03845,1603.46,1544.09,0.0,0.0,0.586,0.564303,0.0,0,0.0002195443,0.0235285199,0.022221654339396324
BETDOV_clean,6.15975,4.21588,6.15598,1.35335,1572.21,1161.72,0.0,0.0,0.5314,0.392656,0.0,1,0.0001162457,0.0128376556,0.01307937425870238
BETFOX_clean,5.13144,3.67825,5.11456,1.3623,1196.21,878.085,0.0,0.0,0.5018,0.368349,0.0,0,9.73274e-05,0.0110377192,0.011491166641176472
BEXVAD01_clean,3.87179,3.50198,3.85722,1.36931,1031.87,753.568,0.0,0.0,0.5022,0.366754,0.0,1,0.0001177028,0.0128934471,0.011791920844556356
BIBMEG_clean,5.57416,2.96797,5.57416,1.77028,0.0,0.0,671.761,379.466,0.4734,0.267415,0.0,1,9.05482e-05,0.0074297191,0.008381719130167983
BIHRER_clean,6.1845,3.26807,6.17281,1.25322,0.0,0.0,707.655,564.668,0.4676,0.373118,0.0,1,8.2424e-05,0.0078625046,0.008832128901163864
BINMIW_clean,11.24986,10.49756,11.228,1.06367,1248.28,1173.56,0.0,0.0,0.5962,0.560513,0.0,1,0.0002101938,0.0210866409,0.020762316822086773
BIPBAF_clean,10.29487,6.42172,10.29451,0.781793,2351.03,3007.23,0.0,0.0,0.7276,0.930682,0.0,1,0.000414975,0.0408475177,0.04014647053996369
BUPDOH_clean,11.18608,5.4183,11.18608,0.930795,2344.47,2518.79,0.0,0.0,0.7156,0.768805,0.0,1,0.0003890539,0.0381040554,0.03584423738232523
BUSSEP_clean,5.87951,2.60001,5.87951,2.01237,0.0,0.0,733.648,364.569,0.4442,0.220735,0.0,1,8.03992e-05,0.0075600766,0.007585923754777322
BUVVOF_clean,4.68198,3.57584,4.68198,1.98004,493.025,248.998,0.0,0.0,0.4188,0.211511,0.0,1,4.05453e-05,0.0035669704,0.004069341402965566
c5cc01886b_c5cc01886b2_clean,3.99847,2.83949,3.97782,1.82446,0.0,0.0,195.065,106.917,0.4124,0.22604,0.0,1,3.25735e-05,0.002994049,0.003459830169290008
c5ce01790d_c5ce01790d1_clean,9.18977,4.55461,8.97719,2.09193,660.443,315.71,0.0,0.0,0.4192,0.20039,0.0,0,5.26327e-05,0.0056938996,0.00518741719134019
c5dt02651b_c5dt02651b2_clean,11.24702,10.84395,11.24702,1.63261,1033.92,633.289,0.0,0.0,0.5074,0.31079,0.0,0,0.0001123724,0.0109160237,0.012250874803038433
c5dt05023e_c5dt05023e2_clean,6.45831,4.45817,6.45831,1.05764,1467.29,1387.32,0.0,0.0,0.552,0.521916,0.0,1,0.0001856908,0.0164623888,0.01824961063251424
c5nj02236c_c5nj02236c2_clean,6.30027,4.16214,6.2999,1.32173,1286.33,973.214,0.0,0.0,0.5228,0.395541,0.0,0,0.0001273171,0.0139579699,0.013507766951177141
CACNOM_clean,5.51942,4.46179,5.51261,1.46727,1607.54,1095.6,0.0,0.0,0.5204,0.354673,0.0,0,0.0001865408,0.0159059835,0.016125845952279262
CAXSUR_SL,13.20977,6.6958,13.20977,0.618713,2108.92,3408.56,2.69185,4.35072,0.73,1.17987,0.0,0,0.0004434624,0.0449410689,0.046614385974626915
CAYQUQ_clean,11.37885,6.17998,10.24831,0.783377,2242.23,2862.26,0.0,0.0,0.6804,0.868548,0.0,1,0.000400766,0.0383783553,0.03751059246526464
CEDFUO_clean,6.32807,4.51999,5.33405,1.32113,1794.57,1358.35,0.0,0.0,0.6002,0.454307,0.0,1,0.0001809134,0.0176485242,0.017655561144302424
cg050585esi20051105_115011_clean,5.11718,3.57473,5.07564,1.4789,549.331,371.446,14.5687,9.85107,0.4246,0.287106,0.0,0,8.63332e-05,0.0074554871,0.007480468893073727
cg501141m_si_003_clean,6.52889,4.75513,5.51076,1.08983,1352.45,1240.98,192.247,176.402,0.5792,0.531461,0.0,1,0.0001985083,0.019815482,0.019054089822085965
CIXCOC_clean,5.0647,3.72596,5.0647,2.39933,343.01,142.961,0.0,0.0,0.3512,0.146374,0.0,0,1.40089e-05,0.001891205,0.0020545197611737225
COJMOF02_clean,7.77133,6.76319,7.77133,0.912847,1827.53,2002.01,0.0,0.0,0.6452,0.7068,0.0,0,0.0002398099,0.0266321194,0.026181537945972083
comp2_clean,6.3721,5.81224,6.36767,1.69788,895.639,527.505,0.0,0.0,0.47,0.276816,0.0,1,7.44298e-05,0.0075396671,0.007411130986212787
COQJOJ_clean,7.38214,4.96534,7.38214,1.07307,1447.07,1348.53,0.0720169,0.0671129,0.5318,0.495588,0.0,1,0.0001749116,0.0169533433,0.01768710996793299
COXDIE_clean,5.62039,5.35711,5.62039,1.66496,1129.92,678.647,0.152502,0.091595,0.484,0.290697,0.0,1,8.36624e-05,0.0082708697,0.009006444844318673
CUFQUR_clean,6.03864,3.8691,6.03864,2.05539,1028.56,500.422,0.0,0.0,0.503,0.244722,0.0,1,7.44306e-05,0.0064623252,0.007203405643530085
CUQRUD_clean,5.86918,4.59668,5.81577,0.986332,2188.93,2219.27,0.0,0.0,0.6352,0.644002,0.0,1,0.0002396517,0.0249420127,0.02489756774383533
DADXUE_clean,5.25371,3.53655,5.25051,1.61178,698.642,433.459,0.0,0.0,0.4448,0.275968,0.0,1,9.41096e-05,0.0084769201,0.008479032781386439
DAPZAW_clean,5.27842,2.79747,5.27842,2.02961,0.0,0.0,812.03,400.091,0.517,0.254728,0.0,1,6.32308e-05,0.0061460292,0.006893689397727058
DAZCAK_clean,13.11846,6.60097,13.10556,1.02457,1662.31,1622.44,0.0,0.0,0.6408,0.625431,0.0,1,0.000223759,0.0259617144,0.023589452590576876
DOFTID_clean,8.70669,6.70952,8.70669,0.91345,2575.78,2819.83,0.0,0.0,0.7676,0.84033,0.0,1,0.0003522498,0.0362805734,0.03538382905478298
DOGBAE_clean,25.81792,14.43274,25.36207,0.55407,1540.39,2780.13,0.0,0.0,0.8362,1.5092,0.0,1,0.0006714321,0.0653579954,0.06425780286390677
DOJXOR_clean,7.78532,7.29613,7.78532,1.02283,1574.02,1538.88,0.0,0.0,0.5858,0.572722,0.0,1,0.0002590185,0.0218711381,0.023085059127432958
DUZKAM_clean,21.49045,20.91759,21.49045,0.763691,1446.12,1893.59,0.0,0.0,0.7166,0.938337,0.0,1,0.0003716026,0.0338210695,0.037057071011492124
EHUSUX_clean,11.68128,4.3201,11.68059,0.797571,1974.27,2475.35,0.0,0.0,0.6798,0.852338,0.0,1,0.0003565754,0.0330584271,0.03452171615832822
EJESUJ_clean,12.74502,12.12417,12.74502,0.622379,1959.14,3147.82,0.0,0.0,0.784,1.25968,0.0,1,0.0005348747,0.0530113928,0.052372929370530626
EKEKOW_clean,7.39946,6.7038,7.38889,1.19584,1297.81,1085.27,0.0,0.0,0.5626,0.470465,0.0,1,0.0001773262,0.0163042161,0.01658121167025353
EKEMEO_clean,10.7868,4.76044,10.7868,1.09604,1984.97,1811.03,0.0,0.0,0.6446,0.588115,0.0,1,0.000283057,0.0289303731,0.02688385519809993
ELECIJ_clean,5.29894,3.51797,5.23731,1.40049,1472.06,1051.1,0.0,0.0,0.5722,0.40857,0.000142807,0,0.0001773318,0.0161878556,0.01606542529325029
ENCDBZ_clean,5.17995,4.0381,5.17546,1.35947,2064.83,1518.84,0.0,0.0,0.6576,0.483717,0.0,0,0.0001822473,0.0173297294,0.017800229236140226
ENCNBZ01_clean,5.19153,4.38458,5.1913,1.43907,1901.77,1321.52,0.0,0.0,0.6098,0.423745,0.0,1,0.0001747721,0.0170535815,0.016151762375316875
ENEQUL_clean,7.56046,6.76685,7.56046,0.96801,1567.25,1619.05,0.0,0.0,0.6008,0.620655,0.0,1,0.0001980522,0.0203850625,0.021386255396968815
ERAMOB_clean,11.82373,11.24071,11.82373,0.863356,1966.05,2277.21,0.0,0.0,0.6972,0.807546,0.000463308,1,0.0003316511,0.0332001291,0.03247618924337859
ERUNUC_clean,14.74144,10.998,14.73673,0.612946,1667.89,2721.11,0.0,0.0,0.75,1.2236,0.0,1,0.0005223385,0.0499783892,0.04912602167186032
EVADEK_clean,5.2436,3.53683,5.24252,2.08094,869.818,417.992,0.0,0.0,0.4392,0.211058,0.0,1,8.06687e-05,0.0069297709,0.007544962271324052
EXURUM_clean,4.87436,2.7978,4.87436,1.72495,0.0,0.0,746.823,432.953,0.4606,0.267022,0.0,1,8.35124e-05,0.0074301066,0.008118761404019034
EXUSAT_clean,5.52267,3.11573,5.52267,1.78731,0.0,0.0,822.162,460.001,0.4606,0.257706,0.0,1,8.97711e-05,0.0078840887,0.008453057279964888
FALSAO_clean,5.59493,4.61612,5.59493,1.06274,1144.25,1076.7,0.0,0.0,0.509,0.478952,0.0,0,0.0001477959,0.013795825,0.01434903213915523
FASGIS_clean,5.11529,3.78202,5.11153,1.92528,377.737,196.198,183.317,95.2157,0.4584,0.238095,0.0,1,5.39474e-05,0.0058344136,0.005158297728642704
FECFAV_clean,5.25994,4.33258,5.25994,2.87728,502.041,174.484,0.0,0.0,0.3954,0.137421,0.0,1,2.21544e-05,0.0021018283,0.0024087598245150395
FECJUT_clean,8.20883,4.88885,8.12686,0.902793,1817.93,2013.68,0.0,0.0,0.618,0.684542,0.0,1,0.000245898,0.0247406969,0.024920646619339744
FEVNOL_clean,4.38957,3.82643,4.38957,2.76914,995.906,359.645,0.0,0.0,0.4604,0.166261,0.0,0,0.0001042718,0.010548348,0.010627341510450123
FIDMEL01_clean,4.68139,3.11007,4.51423,2.24942,0.0,0.0,671.35,298.455,0.5084,0.226014,0.0,1,6.72732e-05,0.0059078144,0.0069821429794973845
FIGLAK_clean,3.54245,3.11894,3.54245,1.57943,0.0,0.0,18.7102,11.8461,0.393,0.248823,0.0,1,9.6919e-06,0.0011908942,0.0014759969559368126
FIHHUB_SL,15.61182,13.11587,15.60898,0.621293,2170.48,3493.49,0.0,0.0,0.7232,1.16402,0.0,0,0.0003843513,0.0453219278,0.04452615188815087
FIJFIO_clean,5.20664,4.6235,5.20664,1.24991,1287.13,1029.78,0.0,0.0,0.5168,0.413471,0.0,1,0.0001200017,0.0151569541,0.012935767260804507
FIWKUT_clean,10.75705,6.21115,10.75089,1.13958,2252.0,1976.17,0.0,0.0,0.6778,0.594779,0.0,1,0.0002748549,0.0253456507,0.026927126849113
FOFDAH_clean,4.47344,2.88853,4.47076,1.54038,0.0,0.0,319.149,207.189,0.3948,0.256301,0.0,0,5.45159e-05,0.0051069093,0.00511477894232139
FOPFAS_clean,20.99168,6.62083,20.99168,0.583055,2159.7,3704.11,0.0,0.0,0.7806,1.33881,0.0,1,0.0006033025,0.0595377344,0.056825917384476905
FORWAL_clean,6.09772,3.45398,5.95541,1.14086,1067.63,935.814,0.0,0.0,0.5034,0.441246,0.0,1,0.000138929,0.0130018386,0.013372531300577147
FUVDEH09_clean,7.0294,5.84289,7.0294,1.58635,523.994,330.314,0.0,0.0,0.397,0.25026,0.0,0,5.17522e-05,0.0050372182,0.004779145419492632
FUVDEH10_clean,7.04062,5.87984,7.04062,1.60692,511.167,318.104,0.0,0.0,0.3892,0.242203,0.0,0,5.05625e-05,0.0049717844,0.004757729660451968
GAFGEC_clean,6.70517,3.42904,6.68311,1.37564,1797.55,1306.7,0.0,0.0,0.5494,0.399377,0.0,0,0.0001397965,0.0152893191,0.01534530022076179
GANBAZ_clean,5.94353,4.52828,5.85748,1.27209,1425.13,1120.3,410.616,322.787,0.6514,0.51207,0.0,0,0.0002820374,0.0290745283,0.02645816427103906
GANBIH_clean,7.19995,5.0012,7.19632,1.06228,1292.17,1216.41,0.0,0.0,0.5366,0.505138,0.0,0,0.0001520387,0.014604551,0.015309913439579707
GATQOK_clean,8.0398,4.43833,8.0398,1.04873,1982.28,1890.18,0.0,0.0,0.641,0.611218,0.000572123,1,0.000230844,0.0244169354,0.023446912595281286
GATSAY_clean,8.6533,2.96296,8.5248,0.987614,0.0,0.0,1369.82,1387.0,0.565,0.572086,0.0,1,0.0002199383,0.021150044,0.02115171034840166
GITVAH01_clean,9.03293,4.92005,8.03384,1.44808,1218.66,841.568,0.0,0.0,0.5302,0.366141,0.0,0,0.0001359935,0.0140324023,0.013482205894143201
GOBTAT_clean,7.10593,5.74189,7.09799,0.916339,2102.05,2293.96,0.0,0.0,0.6472,0.706289,0.0,0,0.0002846071,0.0293422219,0.027992533625682686
GONMUT_clean,4.84898,3.45303,4.8484,1.575,1208.01,766.989,0.0,0.0,0.5358,0.340189,0.0,1,0.0001306742,0.0108117093,0.012401642861647305
GONSUZ_clean,4.31262,4.05462,4.31117,1.54869,644.734,416.31,25.0293,16.1616,0.4898,0.316268,0.0,0,9.69225e-05,0.0097622535,0.009202986617521787
GUPBIE_clean,5.04343,2.78329,4.70939,1.7747,0.0,0.0,439.14,247.445,0.3928,0.221333,0.0,1,4.53041e-05,0.0055127894,0.004555951804895963
GUPBOJ03_clean,20.79847,8.00163,20.79847,0.806562,1676.14,2078.13,0.0,0.0,0.7324,0.908052,0.0,0,0.000375336,0.0332028009,0.035529155833991154
HABCEV_clean,9.92705,7.22424,9.91479,0.991769,2097.63,2115.04,0.0,0.0,0.6876,0.693307,0.0,1,0.0003040338,0.0297900285,0.029078180876839506
HACDOH_clean,11.09643,3.77101,11.09643,1.1212,1595.24,1422.79,0.0,0.0,0.6134,0.547091,0.0,0,0.0002442568,0.0262888812,0.022798861865902346
HARHUG_clean,5.60865,3.24555,5.60865,1.18012,0.0,0.0,1148.53,973.228,0.5318,0.450632,0.0,1,0.0001864367,0.0181913565,0.016426548003213776
HIZTUG_clean,14.58128,7.2695,14.58128,0.949199,1744.45,1837.81,0.0,0.0,0.6154,0.648336,0.0,1,0.000255885,0.0266027914,0.025759158443178106
HUHBUJ_clean,5.60126,5.18977,5.60126,1.80903,559.324,309.185,0.365081,0.201811,0.4444,0.245657,0.0,1,4.18879e-05,0.004172035,0.004778123766782303
HUVNAP_clean,8.75886,7.98277,8.75886,1.18409,1179.49,996.114,8.956,7.56363,0.5472,0.462128,0.0,1,0.0001415904,0.0146770491,0.014477021050216633
ic500905z_si_002_clean,7.3175,3.29202,7.0082,1.25131,0.0,0.0,1251.82,1000.41,0.5278,0.421798,0.0,1,0.000175581,0.014345734,0.016649074373985582
ic502478u_si_003_clean,6.55769,3.80885,6.25374,1.35422,531.365,392.376,0.404029,0.298347,0.4662,0.344256,0.0,1,3.96211e-05,0.004751556,0.00493994643873389
ic502488c_si_002_clean,8.06561,4.40981,8.06561,1.22976,1402.42,1140.4,0.0,0.0,0.563,0.457812,0.0,1,0.0001501704,0.017529503,0.014945521586368181
ic502643m_si_012_clean,13.38503,12.66061,13.38102,0.629028,2341.28,3722.06,0.0,0.0,0.78,1.24001,0.0,1,0.0005291513,0.0525908143,0.05272387489699768
ic5030058_si_002_clean,14.04477,6.79741,14.04477,2.16851,1135.9,523.815,416.058,191.863,0.6208,0.286279,0.0,0,0.0003062229,0.0312791109,0.02821236877152579
ic5b00096_si_002_clean,9.37546,3.5659,9.35215,1.28947,1921.15,1489.87,0.0,0.0,0.6402,0.496481,0.000155102,1,0.0002130382,0.0209570684,0.020554295225922614
ic8008859_si_001_clean,6.51934,4.39103,6.27132,0.92999,1351.28,1453.01,0.0,0.0,0.5454,0.586458,0.0,1,0.0001748647,0.0165004596,0.017627732775437468
IDAHAY_clean,4.0232,2.62289,4.02306,1.73943,0.0,0.0,116.829,67.1647,0.3786,0.217657,0.0,1,4.67012e-05,0.0043326632,0.004269141660285931
IFEPUG09_clean,6.88857,6.56673,6.88857,1.78418,556.743,312.044,0.0,0.0,0.331,0.185519,0.0,1,4.63986e-05,0.0051262763,0.004680906726454584
IFEPUG10_clean,6.80475,6.55642,6.80475,1.8372,603.527,328.504,0.0,0.0,0.3222,0.175376,0.0,1,4.74183e-05,0.0053368544,0.004825027160254569
IFEQER_clean,7.19047,6.08402,7.19047,1.57527,553.109,351.12,0.0,0.0,0.394,0.250116,0.0,0,6.02188e-05,0.0053529179,0.005777462183533583
IFEROC_clean,13.26851,5.93369,13.26851,1.30004,1827.02,1405.36,0.0,0.0,0.6474,0.497986,0.000153842,0,0.000265187,0.0254979781,0.0262562190648239
IJENIV_clean,10.00359,4.25651,10.00359,1.99634,628.149,314.65,0.0,0.0,0.4272,0.213991,0.0,1,5.7504e-05,0.0051307472,0.005632167403742644
IPEBEM_clean,5.59642,3.8769,5.43503,1.50798,880.961,584.199,0.0,0.0,0.4824,0.319898,0.0,0,0.0001072143,0.0100352594,0.009926849316233373
ISIYUF02_clean,4.26222,2.90235,4.25895,2.04977,0.0,0.0,747.939,364.889,0.5086,0.248125,0.0,0,6.68043e-05,0.0064189363,0.007544384280544002
IVIPEK_clean,4.80997,3.59117,4.76583,1.67501,953.977,569.536,0.0,0.0,0.5042,0.301014,0.0,1,8.68129e-05,0.0092768458,0.007953415229748585
IWEWOY_clean,20.27537,19.97281,20.27537,0.872765,1162.79,1332.3,0.0,0.0,0.6926,0.79357,0.0,1,0.0002843035,0.0311147431,0.02881174654069831
IXIKOR01_clean,5.26705,3.69374,5.26705,1.61953,806.553,498.016,0.0,0.0,0.4486,0.276994,0.0,1,9.16851e-05,0.0087086198,0.008391363708037792
IYIHUU_manual,11.83739,10.43961,11.83739,0.634446,2047.9,3227.86,0.0,0.0,0.7402,1.16669,0.0,1,0.0005240473,0.0465499588,0.048294191830084945
IZIHIK_clean,7.14331,5.40483,7.14331,1.44939,1285.98,887.257,42.2152,29.1262,0.5348,0.368983,0.0,1,0.0001139633,0.0125728363,0.01160222098974473
ja0660047si20060818_060458_clean,6.58402,3.94503,6.58402,1.00815,1971.57,1955.64,0.0,0.0,0.578,0.57333,0.0,0,0.0002516056,0.0245123302,0.023616302450082137
ja0734952si20070516_030528_clean,12.93372,6.65576,12.93372,1.08034,1587.08,1469.06,0.0,0.0,0.6156,0.569821,0.0,1,0.0002391884,0.0230279868,0.023471186054784078
ja4015666_si_005_clean,10.07782,8.97289,10.07782,0.723441,2224.38,3074.72,0.0,0.0,0.7496,1.03616,0.0,0,0.0004504516,0.0442960921,0.04295982451850791
ja403810k_si_003_clean,31.39938,26.2789,31.39936,0.252736,790.748,3128.75,0.0,0.0,0.9088,3.59585,0.0,1,0.0014515726,0.1464052164,0.16446251054387587
ja5111317_ja5111317_si_003_clean,31.61006,11.66371,31.57217,0.400393,1352.25,3377.31,0.0,0.0,0.8428,2.10493,0.0,0,0.0009541767,0.0909319439,0.08715547163166097
jacs.5b11034_ja5b11034_si_002_clean,10.09486,5.31829,9.68701,0.952575,2265.34,2378.12,0.0,0.0,0.7158,0.751437,0.0,1,0.0003562935,0.0378240014,0.03274699401565914
jacs.6b03263_ja6b03263_si_002_clean,8.39984,6.11891,8.39804,1.5895,1924.37,1210.68,33.892,21.3224,0.5636,0.354576,0.0164832,0,0.0002314819,0.024119725,0.021139692412384836
jacs.6b08724_ja6b08724_si_010_clean,27.737,26.1509,27.737,0.354749,1434.45,4043.56,0.0,0.0,0.8742,2.46428,0.0,1,0.0009797218,0.1011349315,0.10143448199593103
JEMBUZ_clean,3.63545,3.00577,3.62619,1.56485,0.0,0.0,129.494,82.7517,0.428,0.273508,0.0,1,7.27241e-05,0.0064856669,0.00667501431281484
j.ica.2016.05.051_4_clean,4.05254,2.66988,3.98588,1.51148,0.0,0.0,111.922,74.0478,0.3764,0.249028,0.0,1,3.73644e-05,0.0034661701,0.003625245512431813
JIVSEN01_clean,4.34146,3.54842,4.34146,2.62724,302.71,115.22,0.0,0.0,0.276,0.105053,0.0,1,3.58555e-05,0.0033554813,0.003428239844531283
j.jssc.2015.08.048_mmc2_clean,5.63684,4.28173,5.63468,1.56134,1712.37,1096.73,0.0,0.0,0.5572,0.356872,0.0,0,0.0002062893,0.0214701486,0.01789903294424848
j.jssc.2016.06.015_ZJU-10_clean,11.36875,4.57229,11.36875,0.827579,2351.53,2841.46,0.0,0.0,0.6996,0.845357,0.0,1,0.0003682428,0.0367284015,0.03723683239945655
JOZWOM_clean,22.16597,8.69473,22.16597,0.48225,1899.59,3939.01,0.0,0.0,0.8054,1.67009,0.000414723,1,0.000733396,0.0718728073,0.07009684979144659
jp302979a_si_002_clean,10.98282,6.54194,10.97083,0.963718,2282.53,2368.46,0.0,0.0,0.7164,0.743371,0.0,1,0.000326739,0.0311309702,0.032945882307452656
JUKPAI_clean,7.08241,5.52674,6.9259,3.59589,1474.22,409.973,0.0,0.0,0.4916,0.136711,0.0,1,5.23718e-05,0.0048328564,0.0060851359680825865
JUSGUB_clean,10.14001,9.53522,10.14001,1.35238,706.669,522.536,374.012,276.558,0.5274,0.389979,0.0,0,0.000127809,0.0141377764,0.012248380388652988
JUTCOS_clean,7.04726,4.27705,7.02404,1.31095,1329.11,1013.85,0.0,0.0,0.5362,0.409016,0.0,1,0.0001555328,0.0134334665,0.014869224598464757
JUZSEE_clean,4.48789,3.2957,4.48789,1.30528,0.0,0.0,585.198,448.33,0.502,0.384591,0.0,0,8.05367e-05,0.0073652738,0.008550824667880888
KACGAZ_clean,9.02802,5.849,9.02802,1.98651,1697.99,854.763,0.0,0.0,0.6242,0.31422,0.0,1,0.0001170342,0.0122333634,0.011532741348169916
KACKIL_clean,8.90649,6.59853,8.90649,1.06181,2105.95,1983.36,0.0,0.0,0.6938,0.653414,0.0,1,0.0002554017,0.0268507351,0.025945315137004106
KAHZAW_clean,8.94072,4.22762,8.82545,1.16306,2118.43,1821.42,0.0,0.0,0.6882,0.591713,0.0,1,0.0001855392,0.021877591,0.020577947168246305
KAPGEP_clean,5.28957,2.99305,5.18694,1.73364,0.0,0.0,375.25,216.452,0.428,0.246879,0.0,1,4.23242e-05,0.0036360315,0.004423884232168053
KAVXAI_clean,9.40882,5.41413,9.40882,1.00634,2107.27,2094.0,0.0,0.0,0.6462,0.642132,0.0,0,0.0003125979,0.0321630298,0.029209870065491958
KEQYOU_clean,4.18914,2.62132,4.18828,2.56405,0.0,0.0,255.099,99.4909,0.414,0.161463,0.0,1,2.74184e-05,0.0034455769,0.002573264019363329
KEVBOE_clean,5.94177,3.85345,5.94177,1.15836,1692.78,1461.35,3.23237,2.79047,0.5546,0.478779,0.0,0,0.0002403967,0.0244696761,0.021817460855278404
KEWJIG_clean,7.66764,4.96521,7.66764,1.12411,2024.36,1800.85,0.0,0.0,0.6074,0.540337,0.0,1,0.0002434707,0.0243971464,0.0229736515143779
KIFDIM_clean,6.65854,3.7171,6.64815,1.05848,1659.61,1567.91,0.0,0.0,0.5926,0.559858,0.0,1,0.0001923566,0.019183562,0.019884817788213167
KOHSOR_clean,4.94476,3.35592,4.94132,1.20321,456.11,379.079,0.0,0.0,0.4486,0.372837,0.0,0,5.6787e-05,0.0060968548,0.005946775977559259
KOMHUR_clean,7.07003,4.40954,7.07003,2.12522,623.999,293.616,2.22657,1.04769,0.4448,0.209296,0.0,1,7.97657e-05,0.0069595609,0.006901557591573463
KOMJAZ_clean,7.10673,4.38637,7.09455,2.18628,640.766,293.085,6.57689,3.00825,0.4462,0.204091,0.0,1,5.64804e-05,0.0069641989,0.005157797350997972
KOVGOT01_clean,9.14865,6.57962,8.64921,1.30232,2344.83,1800.5,0.233416,0.179231,0.6924,0.531667,0.0,1,0.0002285292,0.0214699734,0.0220365969137696
LABNOU_clean,5.45266,4.01713,5.34135,2.76868,411.295,148.553,0.0,0.0,0.398,0.143751,0.0,0,1.82655e-05,0.0026244671,0.002159959801655887
LABPEM_clean,6.18341,5.05232,6.14574,2.50734,600.583,239.53,0.0,0.0,0.4104,0.163679,0.0,1,3.58698e-05,0.0036587168,0.0037344476553383688
LACZAT_clean,8.2988,5.7298,8.2988,0.945764,1995.72,2110.17,179.673,189.977,0.662,0.699963,0.0,1,0.0003098556,0.0285698647,0.029109877522132108
LEQBUG_clean,14.22812,6.68064,13.72074,0.73218,2183.07,2981.61,0.0,0.0,0.7302,0.997295,0.0,1,0.0004781946,0.0453078637,0.04464980852759946
LEZJOQ_clean,6.98318,4.55304,6.95995,1.61528,389.786,241.312,156.551,96.9186,0.4644,0.287504,0.0,0,6.03118e-05,0.0064957486,0.00625233637734772
LIDSIC_clean,5.88988,4.79787,5.74819,0.995436,2128.35,2138.11,0.0,0.0,0.6234,0.626258,0.0,1,0.0002579478,0.0257419471,0.024795736234895845
LIQGEY_clean,3.44538,2.87198,3.34809,3.78784,0.0,0.0,13.5445,3.57577,0.3998,0.105548,0.0,1,2.41489e-05,0.0021616509,0.001954696756925174
LIQTUC_clean,7.1903,6.51436,7.1903,1.03237,1471.99,1425.83,0.0808771,0.0783409,0.5754,0.557356,0.0,1,0.0001445452,0.0171035564,0.017472297129955787
LUWNAU_clean,10.46973,7.87545,10.46973,0.738468,2086.61,2825.59,0.0,0.0,0.7458,1.00993,0.0,1,0.0004561354,0.0442396351,0.04276517726898969
MAJKAM_clean,6.55321,5.18508,6.53172,1.09153,1978.37,1812.47,0.0,0.0,0.6024,0.551884,0.0,1,0.0002194095,0.0226760783,0.02191561566154725
MAVRAE_clean,14.86498,11.27751,14.86293,0.610418,2066.56,3385.48,11.8472,19.4083,0.781,1.27945,0.0,1,0.000496441,0.0506482605,0.052850388896877966
MIMSIM_clean,10.75813,9.26028,10.75813,1.01792,1232.26,1210.56,0.0,0.0,0.595,0.584524,0.0,1,0.0001929144,0.0207596487,0.018834873991901677
MUVJAP_clean,5.84101,5.24434,5.82161,1.88151,1162.86,618.045,0.0,0.0,0.4892,0.260004,0.0,1,0.0001024347,0.0101241266,0.009545303488359181
NAHHOW_clean,11.20913,5.76802,11.20913,0.762768,2433.01,3189.71,0.0,0.0,0.7328,0.960711,0.0,1,0.0004459858,0.0434836196,0.04306937806002785
NASHAS_clean,3.99947,3.02384,3.98064,2.15519,0.0,0.0,205.986,95.5765,0.488,0.22643,0.0,1,4.40009e-05,0.0043223962,0.004609372974135674
NAXKOO01_SL,3.31715,2.76647,3.31715,1.51374,0.0,0.0,0.0,0.0,0.3746,0.247467,0.0,0,4.85541e-05,0.0035369802,0.004225850504066649
NODKIB_clean,5.63153,3.9554,5.61978,1.17451,1015.77,864.844,0.0,0.0,0.5246,0.446654,0.0,0,9.27686e-05,0.0122298083,0.01074472505318589
NUDLAB_clean,6.59183,6.26977,6.57302,1.22444,1079.67,881.768,0.0,0.0,0.531,0.433667,0.0,1,0.0001351656,0.0122164799,0.013339512165750338
NUVXUZ_clean,23.89274,9.6738,23.89274,0.500285,1776.43,3550.84,0.0,0.0,0.8514,1.70183,0.0,1,0.0006952398,0.0692235634,0.06996672310313709
OCIMEV_clean,6.59899,4.30563,6.58855,1.02176,1307.66,1279.81,0.0,0.0,0.5182,0.507164,0.0,0,0.0001457899,0.0159258148,0.015534539454852302
OCINAS_clean,7.37544,5.53142,7.37544,1.04306,1267.84,1215.49,0.0,0.0,0.5388,0.516555,0.0,0,0.0001942487,0.016772097,0.017797949764845215
OCURIO_clean,4.77028,3.1741,4.76358,1.89323,0.0,0.0,647.316,341.911,0.4576,0.241703,0.0,1,6.73959e-05,0.0068134647,0.006692784357163285
OFUFUR_clean,4.24304,2.87906,4.23821,3.49951,0.0,0.0,248.053,70.8821,0.4052,0.115788,0.0,1,1.42703e-05,0.0016951873,0.0017833595963000284
OJIWEK_clean,5.59427,3.7203,5.58851,1.22195,1633.54,1336.83,0.0,0.0,0.5402,0.442081,0.0,0,0.0001638016,0.0166682248,0.016210341640640006
ONODOM_clean,5.43775,3.24635,5.43775,1.30639,0.0,0.0,875.515,670.18,0.4778,0.365741,0.0,1,0.0001160252,0.0120717383,0.011030846526931275
ONUJUE_clean,9.03257,8.2459,9.03257,1.20375,1198.02,995.242,19.6744,16.3443,0.5232,0.434643,0.0,1,0.0002049922,0.0166756725,0.017457173935654116
OQEPEG_clean,4.87959,3.34342,4.87959,1.83419,761.801,415.334,0.0,0.0,0.4176,0.227676,0.0,1,9.71848e-05,0.010574991,0.008905334641775712
OQUFAJ01_clean,11.08356,10.07272,11.08356,1.04241,2157.14,2069.38,0.0,0.0,0.6704,0.643125,0.000575589,1,0.0002634313,0.0270307894,0.026343161461228424
OYAKAC02_clean,10.84931,8.93162,10.8375,1.42421,1898.38,1332.94,0.0,0.0,0.6618,0.464679,0.000140429,1,0.0002072867,0.0210811451,0.02035094969490866
PACHUZ_clean,6.79007,4.6859,6.79007,1.67751,614.316,366.207,0.0,0.0,0.439,0.261697,0.0,1,5.70247e-05,0.0048391408,0.00584291696822478
PAQMOL_clean,5.73524,3.04497,5.73524,2.5108,0.0,0.0,797.305,317.55,0.4158,0.165604,0.0,1,5.92204e-05,0.0057375185,0.005837755086917102
PARSEJ_clean,7.10918,3.63338,7.10142,1.23949,1731.43,1396.89,0.0,0.0,0.5994,0.483586,0.0,1,0.0002313876,0.020488154,0.020566383225599696
PETXAP_clean,13.99523,6.27881,13.98885,1.13186,2079.02,1836.82,0.0,0.0,0.712,0.629056,0.00123691,0,0.0002933922,0.0295218103,0.02741484354172096
PIDNOH_clean,4.82649,4.03563,4.70621,1.58707,809.533,510.082,0.0,0.0,0.4494,0.283164,0.0,1,9.6488e-05,0.0093780263,0.008842910355084036
PILJAX_clean,6.83681,4.60726,6.73853,1.38338,998.206,721.569,0.0,0.0,0.4758,0.34394,0.0,1,8.18545e-05,0.0105261731,0.00873010824690208
PIVBEC_clean,13.77076,8.56536,13.77076,0.777047,2136.37,2749.35,0.0,0.0,0.75,0.965193,0.0,1,0.0004458442,0.0438300844,0.04269876392754667
PUBRUA_clean,9.78996,3.96193,6.35977,1.16795,1064.75,911.641,212.761,182.165,0.5574,0.477245,0.0,1,0.0001741813,0.0187441588,0.016961104635009917
PUBSOV_clean,12.29772,4.40701,12.29772,1.06558,1807.75,1696.49,0.0,0.0,0.6366,0.597423,0.0,1,0.0002838782,0.0290575317,0.02669869353833055
QAJJOD_clean,12.20979,6.10496,12.20979,1.14685,1766.96,1540.71,0.0,0.0,0.6092,0.531194,0.000174391,0,0.000282246,0.0286440032,0.02548194825587246
QINSUD01_clean,4.98635,2.71915,4.96637,1.21853,0.0,0.0,771.383,633.045,0.5596,0.459243,0.0,0,9.90093e-05,0.0104122531,0.010330565032606168
QOZPEC_clean,8.63857,6.23662,8.63857,1.28191,1608.67,1254.89,0.0,0.0,0.6008,0.468674,0.0,1,0.0001971043,0.0192750902,0.018911172919750818
QUSSOO_clean,4.55358,3.93395,4.55358,1.57579,234.822,149.019,76.9833,48.8538,0.4096,0.259933,0.0,1,3.56298e-05,0.0044978319,0.0035493408613348487
RAZXIA03_clean,4.50692,3.38148,4.50092,1.75194,425.045,242.614,0.0761344,0.0434572,0.4034,0.230259,0.0,1,3.17543e-05,0.0053146088,0.0035525236103070186
REHRON_clean,8.99143,2.90121,8.62908,1.65729,0.0,0.0,1298.2,783.327,0.594,0.358417,0.0,1,0.000119322,0.0112617242,0.012058770332003206
RIRDIH_clean,8.39897,4.41455,7.24132,1.53561,1235.4,804.498,0.0,0.0,0.537,0.349697,0.0,1,0.0001132958,0.0115830384,0.011457910064417688
RITGEI_clean,7.34363,6.78558,7.34363,2.03979,1347.27,660.495,0.0,0.0,0.5606,0.274833,0.0,1,7.87918e-05,0.0085095124,0.009116650357914338
RITGUY_clean,7.95322,7.17933,7.95063,2.27911,1239.6,543.896,0.0,0.0,0.5128,0.225,0.0,1,7.27854e-05,0.0070601859,0.007546854976391683
ROKROA_clean,10.11106,5.54962,10.11106,1.34908,2005.9,1486.87,0.0,0.0,0.6572,0.487146,0.0,1,0.0003115979,0.0320587005,0.031115944038787223
RUFPUF_clean,20.40507,9.35997,20.29085,0.359492,1749.6,4866.88,0.0,0.0,0.8282,2.30381,0.0,1,0.0008736536,0.0931295798,0.08964172519663197
RUKHAI_clean,10.70068,6.53435,10.70068,0.843497,2555.98,3030.22,0.0,0.0,0.7072,0.838415,0.0,1,0.000359756,0.0350377003,0.03592674787460891
SALROO_clean,8.67978,6.03579,8.67978,1.44387,1169.53,809.996,0.0,0.0,0.528,0.365683,0.0,0,0.000142305,0.0143364516,0.013489224588895503
SAMYAJ_clean,6.24825,4.80314,6.24825,2.02087,581.897,287.944,0.0,0.0,0.4242,0.209909,0.0,0,4.2881e-05,0.004004906,0.004703428159507748
SAMYIR_clean,6.27824,4.76913,6.27824,2.08893,574.788,275.159,0.0,0.0,0.4126,0.197517,0.0,0,2.63806e-05,0.0037029638,0.0033488930394202712
SEHMAU_clean,4.17005,3.3234,4.07766,1.81975,474.19,260.58,7.01416,3.85447,0.467,0.256629,0.0,1,3.70633e-05,0.0043512266,0.003960561443686641
SEHMIC_clean,4.11143,3.27966,3.9951,1.86068,0.0,0.0,449.989,241.841,0.4658,0.250338,0.0,1,4.40682e-05,0.0045111124,0.0048250191320857155
SEHMUO_clean,5.30907,3.99675,5.30907,1.52316,1317.75,865.142,3.37005,2.21254,0.567,0.372253,0.0,1,9.05739e-05,0.0096968076,0.010397329535302773
SENWEP_clean,5.93538,3.31524,5.93538,1.23957,1558.32,1257.15,0.0,0.0,0.6436,0.519213,0.0,1,0.0001520902,0.0168283313,0.015215724018503908
SERWIX_clean,5.07507,4.00874,5.06633,0.83188,1576.83,1895.5,14.3781,17.2839,0.6032,0.725105,0.0,1,0.0002331985,0.0227964099,0.023203471389433388
SEZPIY_clean,4.97649,3.71436,4.80086,1.82817,1160.84,634.973,0.0,0.0,0.5496,0.300629,0.0,0,0.0001044315,0.0110282517,0.010574198602833833
SITFUY_clean,18.15702,9.20943,18.15702,1.0054,1849.34,1839.41,0.0,0.0,0.7562,0.752141,0.000198926,1,0.0003890333,0.0401930175,0.03559585718380162
SROXAL01_clean,5.2745,3.39347,5.26737,2.11965,405.976,191.529,0.0,0.0,0.354,0.167008,0.0,1,5.05749e-05,0.005062814,0.004670969543389775
SUKKOZ_clean,4.90478,3.3887,4.90478,2.82716,468.927,165.865,0.0,0.0,0.3192,0.112905,0.0,1,5.95846e-05,0.0047575403,0.005180934939634254
SUKKUG_clean,11.3345,4.2895,11.3345,1.1764,1829.28,1554.98,0.0,0.0,0.6228,0.529413,0.0,1,0.0002811713,0.0281429705,0.026832326160476094
SURHEU_clean,8.75392,3.85708,8.75392,1.61914,1667.04,1029.58,0.0,0.0,0.569,0.351421,0.000123522,0,0.0001748795,0.0156681975,0.016304321637698602
SURKUN01_clean,8.71483,3.85255,8.71483,1.61835,1671.59,1032.9,0.0,0.0,0.581,0.359009,0.000123583,0,0.0001433438,0.0154431476,0.014570314425736641
SUXNIJ_clean,5.64724,4.5438,5.64724,1.44554,1962.92,1357.92,0.0,0.0,0.566,0.39155,0.0,1,0.0001224757,0.0139372947,0.013357969758527419
TADWOM_clean,9.57231,6.35673,9.57231,0.87901,1890.37,2150.57,0.0,0.0,0.6552,0.745384,0.0,1,0.0002870264,0.0284425786,0.028551382388292256
TAJWAF02_clean,3.91878,2.72585,3.34938,1.34969,0.0,0.0,222.537,164.88,0.479,0.354897,0.0,0,7.38966e-05,0.0067997191,0.006962899273250953
TEQLIM_clean,10.57747,9.21067,10.57747,0.779734,1974.44,2532.19,79.8475,102.404,0.7166,0.919031,0.0,1,0.0003390287,0.0354525185,0.03538027559532447
TERFED_clean,4.51281,3.91001,4.51281,1.28172,1102.17,859.911,0.0,0.0,0.5092,0.397278,0.0,1,0.0001125713,0.0138169018,0.011839923424807653
TILBIB01_clean,11.44433,8.3457,11.44433,1.69878,1777.66,1046.43,0.0,0.0,0.675,0.397344,0.0,1,0.0001729122,0.0175998163,0.01680203073230003
TILBIB_clean,11.40513,8.26354,11.20664,1.70628,1782.34,1044.57,0.0,0.0,0.6732,0.394542,0.0,1,0.0001660545,0.0175606294,0.01564580067640943
TUJGAI_clean,5.32704,3.96008,5.26461,1.93315,914.908,473.272,0.0,0.0,0.4616,0.238781,0.0,1,8.1866e-05,0.0094603739,0.007385641597131972
TUWFUN_clean,8.62108,7.43537,8.53874,2.06451,1144.69,554.462,53.991,26.152,0.5416,0.262339,0.0,1,0.0001391008,0.0146369657,0.012253439118977352
TUYJII_clean,4.15574,3.24372,4.15574,1.33393,0.0,0.0,487.196,365.234,0.4638,0.347695,0.0,0,5.70046e-05,0.0065755629,0.0067060758450137835
UDAMET_clean,11.69192,5.63198,11.69192,1.6473,2524.33,1532.4,0.0,0.0,0.7696,0.467189,0.0,0,0.0001645082,0.0164021857,0.017939939561826067
UDAXAB_clean,8.17384,5.7358,8.17384,1.76672,1717.58,972.191,0.0,0.0,0.62,0.350934,0.0,0,0.000112145,0.0131404023,0.012404319298468521
UDAXEF_clean,8.6836,5.82923,8.6836,1.53432,1708.5,1113.52,0.0,0.0,0.6396,0.416861,0.0,0,0.0001293489,0.0144734592,0.01409287159768496
UJEGUL_clean,6.0532,4.88486,6.0532,1.5961,1140.46,714.525,0.0,0.0,0.4812,0.301484,0.0,1,0.000124109,0.0131395417,0.011463092258452164
UKIQUB_clean,13.62192,8.69235,13.61731,0.709108,2139.96,3017.82,0.0,0.0,0.7494,1.05682,0.0,1,0.0005166818,0.0482309124,0.04659502266245903
UMOYOM01_clean,8.8085,5.25892,8.77749,0.621878,2962.67,4764.07,0.0,0.0,0.7408,1.19123,0.0,1,0.0004710103,0.0494769501,0.04770542465795194
UNACES01_clean,10.38875,3.81692,9.82399,1.06757,1652.24,1547.67,0.38238,0.358178,0.625,0.585442,0.0,0,0.0002809265,0.0273659394,0.02515876049444231
USAHAZ_clean,10.72389,9.68617,10.71468,0.687876,2071.59,3011.58,0.0,0.0,0.7326,1.06502,0.0,0,0.000471592,0.0448980731,0.0447605347844168
UVUCEV_clean,5.657,3.96658,5.657,1.45056,765.054,527.42,0.0,0.0,0.4608,0.31767,0.0,1,7.95152e-05,0.0081722442,0.007732666413989243
UZUTUG_clean,8.7772,5.97521,8.7772,2.03648,1722.58,845.862,0.0,0.0,0.6272,0.307983,0.0,1,0.0001075004,0.0125775516,0.010914269871987797
UZUXOE_clean,8.87136,4.51511,8.65617,2.4433,911.525,373.071,0.0,0.0,0.488,0.19973,0.0,1,5.4467e-05,0.0061398236,0.0050952341792061505
VABMAN_clean,5.373,2.75634,5.373,1.31124,0.0,0.0,564.148,430.241,0.5152,0.392911,0.0,0,0.0001059224,0.0083727421,0.009998431376948832
VAJGAR_clean,7.48888,5.337,7.48888,1.26111,1441.77,1143.26,0.0,0.0,0.5468,0.433587,0.0,1,0.0001836637,0.0193467382,0.01686694965507733
VAKLIF_clean,8.6135,7.01422,8.60784,0.699177,2542.49,3636.41,0.0,0.0,0.7356,1.05209,0.0,0,0.0004394777,0.0419220997,0.04200918036535854
VAKPOP_clean,8.58438,6.5725,8.58438,1.56452,1729.18,1105.24,0.0,0.0,0.644,0.411627,0.0,1,0.0001314732,0.0150241002,0.014103857525815484
VAKQAC_clean,8.53696,6.0247,8.53696,1.65887,1708.25,1029.77,0.0,0.0,0.6212,0.374472,0.0,0,0.0001353142,0.0137972719,0.014056865475210071
VAPRIQ_clean,4.42277,2.65264,4.39372,2.2421,0.0,0.0,286.638,127.844,0.352,0.156996,0.0,1,0.0001069744,0.0109306748,0.009430693747032546
VARHON_clean,6.75056,3.96368,6.747,0.886506,2055.95,2319.17,0.0,0.0,0.618,0.697119,0.0,0,0.0002934498,0.0282054984,0.027915699169988952
VECVUW_clean,13.25433,10.77774,13.25433,1.80334,770.078,427.028,489.233,271.292,0.5684,0.315192,0.0,1,0.0001078294,0.0117878001,0.011526132677479945
VELVOY_clean,11.39286,3.40894,11.39286,0.949095,1469.34,1548.15,0.0,0.0,0.625,0.658522,0.0,0,0.0002050802,0.0232743697,0.02102924720952166
VEYWED_clean,5.64769,4.42932,5.33986,1.77082,1386.33,782.879,0.0,0.0,0.534,0.301556,0.0,1,9.43274e-05,0.0086688914,0.010253504099077574
VIDWIQ_clean,4.24829,3.73039,4.24829,1.1789,1222.26,1036.79,0.0,0.0,0.5174,0.438885,0.0,1,0.0001472022,0.0157644306,0.014669490236212303
VOLRAQ01_clean,16.89388,11.18221,11.76527,0.561351,1860.71,3314.7,0.0,0.0,0.8394,1.49532,0.0,1,0.0006626015,0.0651974905,0.06428310612673852
VONROH_clean,4.19663,3.48452,4.18843,1.78125,717.81,402.982,0.0,0.0,0.4498,0.25252,0.0,0,6.60188e-05,0.0066594003,0.006590144331096354
VONSAU_clean,4.0476,3.39943,4.03063,2.04384,527.682,258.181,0.0,0.0,0.3906,0.191111,0.0,0,5.56417e-05,0.0058517485,0.005008023416058358
VORHER_clean,12.85349,6.70722,12.85349,1.05413,1269.54,1204.35,279.236,264.897,0.6238,0.591768,0.0,1,0.0002150417,0.0248903163,0.022529888510459967
VOVQEE_clean,6.4704,5.01157,6.4704,1.74606,2352.07,1347.07,0.0,0.0,0.6902,0.39529,0.0,1,0.0001470018,0.0147553091,0.014573004813921481
VOZVEN01_clean,8.60338,5.56407,8.60338,1.89729,1645.79,867.444,0.0,0.0,0.6124,0.322776,0.0,1,0.0001188909,0.0117136547,0.011651614105342545
VUHMOC_clean,8.86845,5.72272,8.82422,2.14431,1625.98,758.274,0.0,0.0,0.6078,0.283447,0.0,1,9.09254e-05,0.0107860311,0.009686883276946336
VUHNUJ_clean,8.53907,5.66104,8.53907,1.93709,1673.65,863.999,0.0,0.0,0.6264,0.323371,0.0,1,0.000113982,0.0119146344,0.011501334358494493
VUHPAR_clean,8.76081,5.85765,8.76081,2.08964,1711.86,819.211,0.0,0.0,0.6134,0.293543,0.0,1,0.0001174454,0.0120122617,0.01141702994849674
VUHPUL_clean,8.94728,5.6499,8.90286,2.41515,1584.72,656.158,0.0,0.0,0.5904,0.244456,0.0,1,8.72476e-05,0.0097773262,0.008875269033528475
VUKYUX_clean,9.90621,6.20444,9.90621,1.16134,1765.64,1520.35,0.0,0.0,0.648,0.557977,0.0,1,0.0002296481,0.0218575004,0.0224828872912322
VURNED04_clean,8.54647,7.42523,8.453,0.946025,2088.66,2207.83,0.0,0.0,0.6716,0.709918,0.0,1,0.0004005305,0.0325764833,0.033390275950181465
VUWROW_clean,7.68342,6.19716,7.66529,1.06352,2246.75,2112.57,0.0,0.0,0.6738,0.633558,0.0,1,0.0002555018,0.0302332983,0.025415283945862968
WAGQAY_clean,23.95302,15.31723,23.95302,0.391691,1362.13,3477.56,0.0,0.0,0.858,2.1905,0.0,1,0.0008757816,0.0921065905,0.08840392495575973
WANNIL_clean,4.60008,4.02922,4.60008,1.40928,601.135,426.556,0.0,0.0,0.4274,0.303276,0.0,0,6.90363e-05,0.0071618399,0.0067002048143044845
WAPTAL_clean,6.59501,4.67756,6.50224,3.15641,1845.41,584.655,0.0,0.0,0.5866,0.185844,0.0,1,6.51969e-05,0.0064662051,0.006497788175621678
WARFAY06_clean,8.02332,5.50953,8.02332,1.05728,2113.47,1998.98,0.0,0.0,0.6526,0.617247,0.0,1,0.0002876207,0.0301484948,0.026955211395562104
WARFIG_clean,7.74727,5.30798,7.74727,1.27733,2063.24,1615.28,0.0,0.0,0.6278,0.491494,0.0,0,0.0003201318,0.0307860085,0.030877321079802948
WEBJUK_clean,18.31229,16.60062,18.31229,0.879226,2151.59,2447.14,0.0,0.0,0.7156,0.813897,0.0,1,0.000332846,0.0365224239,0.03389527809579721
WETPES_clean,11.77316,5.55523,10.53677,0.739178,2326.74,3147.73,0.0,0.0,0.723,0.978114,0.0,1,0.0003776676,0.0423555594,0.03935738776766909
WEXSEZ_clean,10.86576,4.1334,10.86576,1.02008,1886.77,1849.62,0.0,0.0,0.6346,0.622107,0.0,1,0.0002660141,0.0270991793,0.025980325575912795
WIBDAO_clean,3.72663,3.02173,3.54928,1.66902,0.0,0.0,80.5176,48.2425,0.4496,0.26938,0.0,0,5.75967e-05,0.0051820541,0.0052167210417001075
WIFGUP_clean,3.52324,2.85906,3.52324,2.30811,0.0,0.0,6.44525,2.79243,0.2936,0.127204,0.0,0,3.2858e-06,0.0003660369,0.001112082753900824
WIKNOU_clean,4.88854,2.95227,4.87249,1.60541,0.0,0.0,285.679,177.948,0.3792,0.236201,0.0,0,3.2834e-05,0.0027557088,0.0036804097718547094
WILNEL_clean,5.01402,2.72435,4.98959,1.14726,0.0,0.0,748.266,652.218,0.52,0.453252,0.0,0,0.0001313026,0.0111975531,0.012137184012584932
WIRMUH_clean,6.40693,3.94167,6.40005,1.39129,1423.49,1023.14,0.0,0.0,0.589,0.423347,0.0,1,0.0001409168,0.0139109124,0.014106336889098674
WIVFIS_clean,9.45936,2.89438,9.45936,1.51852,0.0,0.0,1474.94,971.303,0.6072,0.399864,0.0,1,0.0001145006,0.0127360848,0.01244250125203648
WODREO_clean,5.44215,4.30539,5.37431,1.11963,1253.26,1119.35,133.185,118.955,0.53,0.473371,0.0,1,0.0001580402,0.0159357158,0.015372054426179454
WOJYOL_clean,6.3232,3.79224,6.3232,1.61626,545.369,337.426,378.847,234.397,0.4738,0.293146,0.0,1,0.0001233817,0.0109744443,0.011340532035120508
WOPGOZ_clean,4.2355,3.12847,4.1934,1.56536,0.0,0.0,57.818,36.9359,0.3504,0.223846,0.0,1,2.98285e-05,0.0021785472,0.003126913040559209
WOYWIS_clean,7.51192,4.80683,7.51192,1.08065,1227.66,1136.03,0.0,0.0,0.5226,0.483596,0.0,1,0.0001676062,0.0150809163,0.015538731484495309
WUDTUM_clean,7.46451,6.7517,7.44938,1.37436,604.323,439.712,0.0,0.0,0.4424,0.321895,0.0,1,7.15287e-05,0.0066961828,0.007382327660225202
WUDZOM_clean,9.28496,5.45388,9.18547,2.06825,1601.94,774.537,0.0,0.0,0.6036,0.291841,0.0,1,0.0001144042,0.0111182508,0.011318350987897553
WUGPUL_clean,11.44375,6.32835,11.44375,0.724468,2369.18,3270.23,0.0,0.0,0.743,1.02558,0.0,1,0.0004692685,0.0469075943,0.04667974340402814
WUJPIC_clean,6.8358,6.48385,6.8358,1.24403,1197.74,962.797,0.0,0.0,0.5018,0.403368,0.0,0,0.0001371577,0.0153167709,0.014166363047067554
XAMDOF_clean,4.11625,3.21622,4.10285,1.19417,0.0,0.0,502.911,421.138,0.4922,0.412168,0.0,0,0.0001178984,0.0120555522,0.0109472234617546
XANMUX06_clean,7.89402,7.78212,7.89402,1.16156,1545.11,1330.2,0.0,0.0,0.6286,0.541169,0.0,0,0.000189691,0.0196397298,0.018918623980697647
XANZAQ02_clean,7.78654,7.07621,7.78654,0.976673,1600.7,1638.93,0.0,0.0,0.6466,0.662043,0.0,1,0.0002669051,0.0221165851,0.025119150742404242
XANZAQ08_clean,8.39367,7.99618,8.39367,0.933711,1580.24,1692.42,0.0,0.0,0.662,0.708999,0.0,1,0.0002454574,0.0239332876,0.024675012193634514
XANZAQ_clean,8.11701,7.49064,8.11701,0.931625,1637.23,1757.39,0.0,0.0,0.6638,0.712518,0.0,1,0.0002359251,0.0238117504,0.02479530110073122
XEKJON_clean,6.22254,5.56439,6.21747,1.67319,360.472,215.439,737.24,440.618,0.5436,0.324888,0.0,1,0.0001828769,0.0183114933,0.01755262267049478
XIGLOQ_clean,4.42386,2.76202,3.96285,1.79107,0.0,0.0,254.279,141.97,0.4716,0.263306,0.0,0,0.0001284538,0.0113654003,0.010550512147614918
XIZJEW_clean,5.72446,3.86989,5.72446,1.71463,866.46,505.333,0.0,0.0,0.4918,0.286825,0.0,1,8.17846e-05,0.0080794623,0.008110121196845907
XOMHEO_clean,6.80967,5.57312,6.80967,1.28307,2168.4,1690.01,0.0,0.0,0.6202,0.483373,0.0,1,0.0001888816,0.0238715803,0.01959914846859102
XOMHIS_clean,8.65147,5.97828,8.65147,0.851979,2400.52,2817.58,0.0,0.0,0.7112,0.834762,0.0,1,0.000442534,0.0394543619,0.03804815994385442
XUDPET_clean,10.18322,6.79896,10.18322,0.665226,2463.75,3703.63,0.0,0.0,0.7644,1.14908,0.0,1,0.0005012537,0.0495675996,0.047888925834740984
YEYDAJ_clean,14.77804,3.65211,14.77045,0.94121,1671.89,1776.32,0.0,0.0,0.652,0.692726,0.000212493,0,0.0002247031,0.0270274923,0.023574305599489177
YIDSOT_clean,4.9292,4.14717,4.92841,1.4991,1150.12,767.207,0.0,0.0,0.5208,0.347408,0.0,1,9.6052e-05,0.0126414258,0.010170406932268632
YIVTII_clean,5.43529,4.72957,5.43529,1.15103,1756.79,1526.28,0.0,0.0,0.5738,0.498512,0.0,1,0.0002003611,0.0229943853,0.019433019300807455
YIWNEX_clean,6.05222,4.44321,5.98107,1.39413,1611.64,1156.02,0.0,0.0,0.6292,0.451321,0.0,1,0.0001255648,0.0115922176,0.013808992917234374
YIXBIQ_clean,16.14545,8.60739,16.14545,1.16801,1743.0,1492.28,0.0,0.0,0.7494,0.641603,0.0,1,0.0002809904,0.0304271167,0.028249016492279455
YOZBOF01_clean,8.1742,4.93831,8.1651,1.13095,1262.79,1116.57,0.0,0.0,0.5572,0.492684,0.0,0,0.0001636261,0.015356793,0.015681778086386936
ZEZPIF_clean,4.9314,3.8688,4.91047,1.33575,1333.04,997.967,0.0,0.0,0.5954,0.445741,0.0,1,0.0001402177,0.0153976544,0.01375758646070862
ZITWIK01_clean,5.61381,2.67785,5.61381,2.93545,0.0,0.0,776.748,264.61,0.464,0.158068,0.0,0,0.0001704062,0.0157890701,0.01717407116066607
ZIZTEJ_clean,4.9754,4.00901,4.96475,2.66219,1407.31,528.628,0.0,0.0,0.5208,0.195628,0.0,1,6.11515e-05,0.0063558085,0.0063622162311657
ZOGBAA_clean,8.29052,7.70457,8.2843,0.849869,2437.69,2868.31,0.0,0.0,0.7226,0.850249,0.0,0,0.0004474123,0.0451032412,0.03716385069841743
ZOQTIK_clean,8.17476,4.78997,8.17413,2.26836,1524.97,672.282,0.0,0.0,0.581,0.256133,0.0,1,7.9907e-05,0.0091951846,0.008375027712478965
ABETAE_clean,5.88295,4.42033,5.88295,3.69928,1821.75,492.461,0.0,0.0,0.572,0.154625,0.0,1,6.23661e-05,0.0065179222,0.005867504298639411
ABEXEN_clean,18.8079,13.71867,18.7996,0.674371,1650.25,2447.09,10.9626,16.2561,0.753,1.1166,0.0,0,0.0004145466,0.0456754954,0.042655336587591214
ABEXUC_clean,4.74458,4.0168,4.72731,1.84813,905.952,490.198,6.39745,3.46157,0.4864,0.263185,0.0,1,6.56547e-05,0.0076306445,0.007026439699372776
ACOLOV_clean,8.42183,5.53552,8.41851,0.863411,2226.99,2579.3,0.0,0.0,0.6794,0.786879,0.0,1,0.000317421,0.0301087408,0.03158725288398392
acs.cgd.5b01686_WAHFUJ1434675_clean,5.00451,3.93435,5.00451,1.28464,1087.15,846.274,0.0,0.0,0.4874,0.379407,0.0,1,0.0001105836,0.0102751529,0.01124895577824209
acs.cgd.6b00463_OLOMUZ1451936_clean,10.32513,7.87202,10.32103,1.07611,1950.06,1812.15,0.0,0.0,0.6638,0.616853,0.0,1,0.0002211326,0.0231281205,0.023382286719585844
acs.chemrev.6b00346_cr6b00346_si_001_clean,9.19439,3.959,7.03116,0.906382,2290.66,2527.25,0.0,0.0,0.6912,0.762592,0.0,1,0.0003212067,0.0316720551,0.031301445834485804
acscombsci.5b00188_5040209_clean,7.3732,5.53143,7.30173,1.04632,1848.9,1767.06,0.0,0.0,0.6162,0.588923,0.0,0,0.0001968423,0.0235786748,0.021376723707813166
acs.inorgchem.5b02973_ic5b02973_si_002_clean,11.38761,10.4443,11.38761,1.02785,1047.76,1019.37,62.4425,60.7507,0.593,0.576933,0.0,0,0.0001671779,0.0177144227,0.018133847833152205
acs.inorgchem.6b00433_ic6b00433_si_002_clean,5.96211,4.62167,5.8482,1.10398,1177.53,1066.62,0.0,0.0,0.5062,0.458523,0.0,1,0.0001116702,0.0128878218,0.013010657653073777
acs.inorgchem.6b01569_ic6b01569_si_002_clean,6.29847,5.43889,6.29847,1.11326,868.696,780.315,0.0,0.0,0.5092,0.457394,0.0,1,7.88679e-05,0.0098299267,0.009230884934381811
acs.inorgchem.6b01740_ic6b01740_si_002_clean,15.68052,8.0633,15.68052,0.473321,2336.0,4935.34,0.0,0.0,0.7938,1.67709,0.0,0,0.0007219905,0.0722307436,0.06987748117483748
ADABIS_clean,3.98906,3.05237,3.97803,1.65298,0.0,0.0,144.772,87.5821,0.4004,0.242229,0.0,1,3.4125e-05,0.0023533618,0.003428491937609267
ADATAC_clean,26.33515,10.27637,16.37091,0.33727,1729.95,5129.28,0.0,0.0,0.871,2.5825,0.0,1,0.0011553742,0.1073960598,0.1069131608217532
ADAXEK_clean,5.76724,4.10445,5.76724,1.26343,1305.6,1033.38,0.0,0.0,0.5042,0.399073,0.0,0,0.0001291929,0.0140075718,0.013568353332445972
ADUROI_clean,25.68553,17.12424,25.68553,0.402567,1285.84,3194.1,0.0,0.0,0.8358,2.07617,0.0,1,0.0008111043,0.0831970835,0.0848074384720131
ADUWON_clean,16.37935,5.99724,16.37935,0.521247,2391.39,4587.82,0.0,0.0,0.7844,1.50485,0.0,1,0.0006774941,0.0609332326,0.06460431578010578
AFOVEX_clean,8.81515,6.86051,8.81515,1.02206,1673.56,1637.43,0.0,0.0,0.619,0.605638,0.0,0,0.0002331315,0.0236815817,0.02303336035511749
AFUKET_clean,5.96671,4.7743,5.96671,0.9597,1662.19,1731.99,97.0966,101.174,0.5958,0.620819,0.0,1,0.0001875741,0.0207184071,0.020020091218565232
AHAMAY_clean,4.44036,3.90831,4.43859,2.24993,500.113,222.279,0.0,0.0,0.401,0.178228,0.0,1,4.03826e-05,0.0042618443,0.0038778324277133677
AHOKIR01_clean,4.30721,3.46839,4.30721,1.92701,892.53,463.167,0.0,0.0,0.4868,0.252619,0.0,1,8.93357e-05,0.0086809146,0.008713785980505824
AHOKIR_clean,4.49939,3.47861,4.49939,1.88207,939.705,499.294,0.0,0.0,0.4884,0.259502,0.0,1,9.22132e-05,0.0081812437,0.00834272586459342
AHUTIH01_clean,4.18118,3.24781,4.17968,2.06338,0.0,0.0,439.088,212.8,0.445,0.215665,0.0,1,3.96542e-05,0.0043260881,0.004651552846996691
AJAYIT_clean,7.12611,4.89301,7.12611,1.98392,840.751,423.782,0.0,0.0,0.4314,0.217448,0.0,0,6.45907e-05,0.0056882187,0.006453384797486675
AJOVEB_clean,5.15455,4.85632,5.13093,1.95651,774.474,395.845,0.0,0.0,0.4138,0.211499,0.0,1,6.09196e-05,0.0058304539,0.005730252793008385
AKEDIF_clean,5.94406,5.31262,5.94406,0.925851,1673.96,1808.02,0.0,0.0,0.5828,0.629475,0.0,0,0.0002189231,0.0234077414,0.022415002169421397
AKOBAF_clean,4.84557,3.80044,4.84557,1.15061,997.702,867.108,0.0,0.0,0.498,0.432814,0.0,1,8.66786e-05,0.0101310407,0.009702304329030034
AKOHEO_clean,5.56086,3.46237,5.08522,2.37535,1051.21,442.55,0.0,0.0,0.4804,0.202244,0.0,1,7.20318e-05,0.0069454242,0.007232174391013311
AKUHOD_clean,3.31045,2.86205,3.31045,2.22877,0.0,0.0,0.0,0.0,0.431,0.19338,0.0,1,2.46161e-05,0.0023004878,0.0023693067652703487
ALANAD_clean,8.58065,5.8094,8.54388,0.697286,2813.81,4035.37,0.0,0.0,0.7542,1.08162,0.0,1,0.0004819037,0.0454782023,0.04697843407345682
ALUJUN_clean,4.85152,2.67152,4.83941,1.33934,0.0,0.0,664.1,495.839,0.5002,0.373466,0.0,1,0.0001264214,0.0113240389,0.011275111725997017
ALUKOI_clean,8.54787,6.76817,8.5436,0.579939,2887.58,4979.11,0.0,0.0,0.7926,1.3667,0.0,1,0.0005229973,0.0557317257,0.055019731092352704
ALUKUO_clean,8.54799,6.78315,8.52991,0.582411,2894.93,4970.58,0.0,0.0,0.7922,1.36021,0.0,1,0.0005722291,0.0562334868,0.05661178250065909
AMIMEP_clean,11.21563,10.87494,11.21563,0.985981,1260.64,1278.57,0.0,0.0,0.6026,0.611168,0.0,1,0.000201079,0.0218461128,0.020595937244258813
AMUPOP_clean,4.74814,3.78436,4.74702,1.30283,544.632,418.038,0.0,0.0,0.4486,0.344328,0.0,1,5.85031e-05,0.0064901057,0.006399862209669774
AMUWUB_clean,10.40349,8.69532,10.40349,0.914151,1431.03,1565.42,0.0,0.0,0.6498,0.710823,0.0,1,0.000208283,0.024041477,0.022297575288246246
AMUXAI_clean,8.64297,7.79614,8.57936,1.02442,1402.26,1368.83,0.421846,0.411789,0.5964,0.582182,0.0,1,0.0001654949,0.017781026,0.018422684396011073
ANAWOD_clean,6.92762,6.10595,6.92762,1.43826,1562.19,1086.17,0.0,0.0,0.5924,0.411885,0.0,0,0.0001642192,0.0166210616,0.015890982462328892
ANEHEI_clean,6.80985,3.50032,6.5431,1.23995,1316.98,1062.12,0.0,0.0,0.5484,0.442274,0.0,1,0.0001588737,0.0136018819,0.014776011123780372
ANUGIA_clean,13.85309,6.75838,13.85309,0.567973,2306.32,4060.62,0.0,0.0,0.7948,1.39936,0.0,1,0.0005470694,0.0590181223,0.05797685925939183
ANUGOG_clean,11.39005,7.08849,11.39005,0.58467,2472.03,4228.07,0.0,0.0,0.7898,1.35085,0.0,1,0.000559972,0.0568384464,0.05827807860658102
APACAX_clean,5.65344,4.07573,5.64183,1.00727,1776.16,1763.34,0.75218,0.746751,0.6264,0.621879,0.0,1,0.0003191842,0.025070149,0.027285264281121206
APAYOH_clean,6.13125,4.32559,6.13125,1.11146,2186.88,1967.56,0.0,0.0,0.6078,0.546846,0.0,1,0.0002251233,0.022758893,0.02200988212764328
APEBED_clean,4.58202,3.62787,4.5574,1.65192,481.079,291.224,0.0,0.0,0.4828,0.292266,0.0,1,7.0756e-05,0.0071773079,0.006823907813325604
AQEFUY_clean,8.95844,2.64235,8.90621,1.21964,0.0,0.0,1337.97,1097.02,0.631,0.517366,0.0,1,0.0001306869,0.0149333418,0.014663638388566876
AQEQES_clean,5.6853,5.37606,5.64875,1.07587,1742.46,1619.58,0.0,0.0,0.6052,0.56252,0.0,0,0.0002089726,0.0218117993,0.02101646821950768
AQEQIW_clean,6.30636,5.13016,6.19765,1.10057,1724.95,1567.33,0.0,0.0,0.6202,0.563526,0.0,0,0.0001782731,0.0223017423,0.01920756725460808
AQIXUV_clean,8.64919,5.459,8.64919,0.934501,1104.45,1181.86,0.0,0.0,0.5626,0.602032,0.0,1,0.0001459779,0.0158059268,0.016275774881182488
AQOMAW_clean,15.65949,6.23259,15.65949,1.14479,1297.32,1133.23,389.885,340.573,0.648,0.566042,0.0,1,0.0002781621,0.0261689447,0.026834177078983147
AQOMEA01_clean,15.71951,9.72839,15.71951,0.76692,1281.45,1670.9,425.267,554.513,0.7184,0.936734,0.0,1,0.000403099,0.0400039579,0.041542252882124625
AQOMEA_clean,15.83521,9.82464,15.8304,0.749306,1274.9,1701.44,431.482,575.842,0.7222,0.963826,0.0,1,0.0004279051,0.0419719079,0.04200310014717826
AQUDIB_clean,11.3608,10.54479,11.3608,1.19943,1577.62,1315.3,0.0,0.0,0.659,0.549427,0.0,1,0.0002630768,0.0238677546,0.02510581631421279
ARAHIM02_clean,3.63862,2.64947,3.63862,1.78903,0.0,0.0,42.0814,23.5219,0.4242,0.237111,0.0,0,4.13588e-05,0.0024170076,0.003837971172254477
ARUYOB_clean,4.66265,3.34075,4.65902,1.72447,1173.38,680.429,0.0,0.0,0.5858,0.339698,0.0,1,8.47629e-05,0.0100413733,0.009343988494501021
ARUYUH_clean,4.6223,3.84632,4.60163,1.67938,1300.59,774.446,0.0,0.0,0.5928,0.352987,0.0,0,0.000110999,0.0104379425,0.01167023635540397
ASAJOU_clean,4.47562,3.06398,4.09768,1.42516,0.0,0.0,693.425,486.56,0.4656,0.326701,0.0,1,7.18569e-05,0.0088169548,0.007959736476800235
ASALOV_clean,4.69505,2.82604,4.69505,1.38922,0.0,0.0,474.971,341.899,0.467,0.336161,0.0,0,5.63369e-05,0.0065695128,0.005923613514790871
ASINAT_clean,9.7655,7.73483,9.74652,0.727417,1863.77,2562.17,0.0,0.0,0.6748,0.927666,0.0,1,0.0003411449,0.0363919609,0.03474162325774112
ASINEX_clean,12.53569,7.27061,12.47881,0.659976,1848.81,2801.34,0.0,0.0,0.7014,1.06277,0.0,1,0.0004021316,0.0423305495,0.04216544995763953
ASIQIE_clean,9.00205,6.2555,8.99942,0.893575,1516.45,1697.06,0.0,0.0,0.6152,0.688471,0.0,1,0.0002467022,0.0232777198,0.023588003806790124
ASOYOY_clean,9.52144,5.9183,9.51707,0.828676,2119.74,2557.99,0.0,0.0,0.6796,0.820103,0.0,1,0.0002886616,0.0302848998,0.03070313201261894
ATEXII_clean,4.45326,2.66514,4.20137,1.33819,0.0,0.0,410.206,306.538,0.4834,0.361234,0.0,1,5.69202e-05,0.005802149,0.006612310516856934
ATEYOP_clean,10.52737,8.16815,10.52737,0.722386,2397.76,3319.23,0.0,0.0,0.744,1.02992,0.0,1,0.0004093442,0.0432426116,0.042945890138732706
ATIBAG_clean,4.88713,3.88543,4.88713,1.64828,882.041,535.129,0.0,0.0,0.4606,0.279443,0.0,0,5.58852e-05,0.0064842855,0.006354535996578831
ATICEL_clean,4.9438,3.91943,4.9438,1.60993,940.703,584.311,0.0,0.0,0.4708,0.292434,0.0,0,7.18525e-05,0.0070798625,0.0075897156285420885
ATIJUJ_manual,17.44029,16.95439,17.44029,0.753394,1262.36,1675.56,0.0,0.0,0.7098,0.942136,0.0,1,0.0002789128,0.032130399,0.03254778226691328
ATIXUX_clean,4.75983,4.08689,4.75983,1.55048,933.775,602.248,10.5817,6.82478,0.5034,0.324673,0.0,0,0.0001180447,0.010640462,0.01065286346155203
ATOWOW_clean,9.60606,7.73922,9.60387,0.865497,1776.39,2052.45,0.0,0.0,0.6816,0.787524,0.0,1,0.0002343172,0.0304437825,0.027023395912828395
AVALEO_clean,3.5827,2.67831,3.53096,1.45932,0.0,0.0,13.0526,8.94432,0.4134,0.283282,0.0,0,2.53568e-05,0.0016666317,0.002499083390141675
AVELOD_clean,8.08398,4.98141,8.08398,0.915242,1686.35,1842.51,0.0,0.0,0.6036,0.659498,0.0,1,0.0002159413,0.02106523,0.022270570793521634
AVELUJ_clean,8.10638,4.88927,8.10638,0.902679,1696.47,1879.38,0.0,0.0,0.605,0.670227,0.0,1,0.0002106671,0.0213281958,0.022905509775792678
AVEMAQ_clean,7.89565,4.97897,7.87662,0.907269,1685.58,1857.86,0.0,0.0,0.6116,0.674111,0.0,1,0.0001757324,0.0202674496,0.020770128130298753
AVETEC_clean,5.69318,3.49916,5.67679,1.19478,1755.51,1469.31,2.63176,2.20271,0.6268,0.524615,0.0,0,0.0002369628,0.0214133457,0.020996236276845034
AVIMOI_clean,5.73292,4.38571,5.54624,1.22616,1137.64,927.807,0.0,0.0,0.5176,0.422132,0.0,1,0.0001342401,0.0135045559,0.013303061022364514
AVIVEG_clean,11.84801,7.36492,11.84801,0.733043,1723.96,2351.79,66.007,90.0452,0.716,0.97675,0.0,1,0.000412216,0.0358768468,0.038365783497291805
AVIVUW_clean,12.04076,6.91892,12.04076,0.729779,1690.09,2315.89,127.81,175.136,0.7162,0.981393,0.0,1,0.0003419519,0.0356879144,0.036208800509524776
AVUCEA_clean,10.64181,4.52481,5.22943,0.89363,2280.68,2552.15,0.0,0.0,0.6776,0.758256,0.0,1,0.0003236651,0.0310927308,0.03219879325738747
AWAREV_clean,4.9083,4.51433,4.9083,1.8749,727.007,387.757,0.0,0.0,0.456,0.243213,0.0,0,5.26922e-05,0.0050935778,0.0053424165033126424
AWASOI_clean,5.09655,4.11557,4.6794,2.36169,945.621,400.401,0.0,0.0,0.4824,0.204261,0.0,1,5.74593e-05,0.0050605204,0.005663522776797034
AWEZOS_clean,5.8274,3.41984,5.8274,1.53516,283.608,184.741,30.6343,19.9551,0.4216,0.274629,0.0,1,3.00876e-05,0.0025454098,0.00367591431863812
AWIBIS_clean,5.87895,3.53481,5.87895,1.56101,324.784,208.06,18.8769,12.0927,0.4176,0.267519,0.0,1,2.65115e-05,0.0026003379,0.0032598963274704847
AWUPAL_clean,18.42063,9.23563,18.42063,0.348553,1743.14,5001.08,0.0,0.0,0.8538,2.44956,0.0,1,0.0010602463,0.1028776571,0.10247769638723984
AXAFAG_clean,6.59817,6.13172,6.59498,2.82524,1689.3,597.93,0.0,0.0,0.606,0.214495,0.0,1,8.83361e-05,0.0083281039,0.008809782740599086
AXINEA_clean,5.37744,3.53202,5.37744,1.38918,653.213,470.214,0.0,0.0,0.4478,0.322348,0.0,0,7.91961e-05,0.007461761,0.0076225577872998905
AXIPEE01_clean,6.81111,4.3641,6.75959,1.50078,1988.24,1324.81,0.0,0.0,0.6082,0.405257,0.0,1,0.0001308519,0.0142450166,0.014705286947964868
AXIPEE03_clean,6.5428,4.0805,6.53621,1.61298,1706.94,1058.25,0.0,0.0,0.59,0.365782,0.0,1,0.0001447302,0.0128611584,0.01402139804794751
AXIPEE_clean,6.41608,3.94175,6.40902,1.68088,1551.99,923.32,0.0,0.0,0.574,0.341488,0.0,1,0.0001209389,0.0117885691,0.011938376270770872
AXUBAW_manual,14.24572,5.52422,14.23389,0.741721,1799.0,2425.44,0.0,0.0,0.7126,0.960739,0.0,0,0.0003730152,0.0347004095,0.037886354009450576
AXUDII04_clean,4.552,2.63506,4.552,1.11981,0.0,0.0,568.855,507.993,0.4774,0.426322,0.0,0,9.4729e-05,0.0100941089,0.009296341977779708
AYOYEU_clean,4.82669,3.2469,4.82669,1.28934,0.0,0.0,634.633,492.215,0.4344,0.336917,0.0,0,5.39911e-05,0.0059072565,0.006219092529160503
AZEBUE_clean,5.44142,4.51467,5.32983,1.81828,1092.81,601.015,0.0,0.0,0.5076,0.279165,0.0,1,0.0001165274,0.0097263199,0.010481658691805708
AZIMIH_clean,4.50158,3.25724,4.48514,1.45246,0.0,0.0,974.247,670.754,0.5414,0.372746,0.0,1,0.0001222696,0.0130536804,0.011948573337135641
BACMOH10_clean,3.65898,3.18288,3.65898,1.51372,0.0,0.0,138.594,91.5585,0.437,0.288693,0.0,1,5.74936e-05,0.0051902851,0.00549287505230556
BADHOG_clean,4.02045,2.99403,3.87478,1.24012,0.0,0.0,175.33,141.381,0.5174,0.417217,0.0,0,9.5265e-05,0.008822073,0.008866708939217484
BADYAJ_clean,8.60576,7.13629,8.60576,0.984728,1990.18,2021.04,0.0,0.0,0.6528,0.662924,0.0,0,0.0002335217,0.0248384331,0.02512460600858899
BAFKUR_clean,4.20949,2.7626,3.99865,1.34841,0.0,0.0,180.788,134.075,0.4148,0.307621,0.0,0,3.6049e-05,0.0043430482,0.003989945602245738
BAHGUN01_clean,4.22559,3.22631,4.03111,1.51116,0.0,0.0,307.106,203.226,0.4102,0.271448,0.0,1,6.16784e-05,0.0060038629,0.0060215095886585225
BAHGUN03_clean,4.25449,3.25933,4.23074,1.50254,0.0,0.0,321.562,214.012,0.4192,0.278993,0.0,1,5.41566e-05,0.0062505764,0.005383416315757427
BAKJII_clean,6.19215,5.21845,6.19129,0.959339,2059.17,2146.44,0.0,0.0,0.6236,0.650031,0.0,0,0.0002730274,0.0258697345,0.0261508585595032
BAKJOO_clean,7.70901,5.72948,7.70901,1.0049,1743.18,1734.69,0.0,0.0,0.6112,0.608223,0.0,1,0.0002236665,0.0229882925,0.022615049377982317
BAQWIC_clean,8.02487,5.97028,8.01109,1.63849,1438.26,877.793,0.0,0.0,0.5894,0.359721,0.0,1,0.0001296135,0.011303373,0.012826152614595007
BARZOK_clean,7.65896,2.7399,7.6464,1.45609,0.0,0.0,478.144,328.376,0.3942,0.270726,0.0,0,4.37896e-05,0.0049482205,0.004865038764911329
BAXFIR01_clean,4.08461,3.48945,4.06863,1.30493,544.936,417.597,0.0,0.0,0.4766,0.36523,0.0,0,0.0001040279,0.0092100351,0.009463329419458369
BAXFIR02_clean,4.03285,3.42273,4.0125,1.31623,519.268,394.513,0.0,0.0,0.474,0.360121,0.0,0,8.97775e-05,0.009207185,0.00844819125893064
BAXFUD_clean,4.14435,3.36776,4.138,1.24657,540.704,433.752,0.0,0.0,0.5082,0.407677,0.0,0,6.69769e-05,0.0097886014,0.007818103352150314
BEFLEF_clean,4.34381,2.9685,4.34381,1.5922,0.0,0.0,763.83,479.734,0.4908,0.308253,0.0,0,9.82278e-05,0.0111111317,0.01000927324412359
BEKYUM_clean,3.421,2.64536,3.35996,4.16463,0.0,0.0,3.07869,0.739248,0.2532,0.0607977,0.0,1,1.59255e-05,0.0014980954,0.001238685925699503
BELJIL_clean,7.21036,5.21436,7.21036,1.28754,867.89,674.07,0.0,0.0,0.459,0.356494,0.0,1,0.0001034109,0.0083097006,0.009571300447603789
BELTUJ_clean,5.64744,4.1969,5.5822,1.08566,1393.43,1283.49,0.0,0.0,0.5582,0.51416,0.0,1,0.0001717933,0.0175725662,0.017080303218211156
BELYIC_clean,4.0335,3.09731,4.0312,0.963294,0.0,0.0,412.294,428.004,0.5522,0.573241,0.0,1,0.0001298488,0.0126410545,0.012624269147806962
BENZOL_clean,5.62502,3.68781,5.62502,1.15041,1146.89,996.943,0.0,0.0,0.4858,0.422284,0.0,1,0.0001438635,0.0138243853,0.013751290727050672
BEPPIX_clean,9.77409,9.63706,9.77409,0.990438,1290.67,1303.13,0.0,0.0,0.592,0.597716,0.0,1,0.0001833798,0.0173726915,0.01884860319778453
BEPREV01_clean,6.64209,5.02845,6.632,0.808218,2539.09,3141.59,0.0,0.0,0.6368,0.787906,0.0,0,0.0003479194,0.0348342921,0.0331944799429603
BEPREV02_clean,7.19383,5.44633,7.19383,0.766283,2502.2,3265.37,0.0,0.0,0.6548,0.854514,0.0,0,0.0004099398,0.0367009552,0.036554166715494094
BEPVEZ_clean,5.76875,4.44638,5.76422,1.26954,947.431,746.277,0.0,0.0,0.5084,0.400459,0.0,1,9.1924e-05,0.0088345507,0.009703726217735138
BERGAI_clean,5.28761,2.67572,5.28761,1.49712,0.0,0.0,557.137,372.14,0.4878,0.325826,0.0,1,8.13313e-05,0.0079403479,0.008121436878983484
BETDAH_clean,6.20265,4.35013,6.20265,1.16306,2339.54,2011.54,0.0,0.0,0.6178,0.531186,0.0,1,0.000241655,0.0218917481,0.023307801305277688
BETDIP_clean,6.11094,3.88458,6.10684,1.1806,2108.93,1786.32,0.0,0.0,0.6132,0.519398,0.0,1,0.0001924227,0.0207801768,0.020154354113713968
BETFEN_clean,6.20622,4.32109,6.20622,1.07862,2315.47,2146.71,0.0,0.0,0.6288,0.582969,0.0,1,0.0002308934,0.0228561423,0.02290203877642425
BETFUD_clean,6.14614,4.2626,6.11668,1.06295,2329.37,2191.42,0.0,0.0,0.6258,0.58874,0.0,1,0.0001873526,0.0234722694,0.021178252486305667
BEXQIF_clean,8.04962,5.28644,8.01765,0.683962,2466.36,3605.99,0.0,0.0,0.7172,1.0486,0.0,0,0.0003547829,0.0381832501,0.03867899995168944
BEXRAY_clean,8.11263,5.64009,8.11263,0.639388,2590.56,4051.63,0.0,0.0,0.7392,1.15611,0.0,0,0.0004507281,0.0412045713,0.04453842830381628
BIBXOB_clean,19.69299,7.98654,19.69299,0.409554,1997.19,4876.5,0.0,0.0,0.826,2.01683,0.000488336,0,0.0007823007,0.0841921455,0.07971672704238433
BICPUA_clean,13.79678,9.90606,13.29085,0.543859,2105.6,3871.6,0.0,0.0,0.815,1.49855,0.0,1,0.0006345994,0.0643254897,0.06148506599532142
BIGZUO_clean,21.72315,20.98793,21.52659,0.308304,1399.52,4539.4,0.0,0.0,0.9064,2.93995,0.0,1,0.0012518296,0.1183810115,0.12161695031251633
BIHMUC_clean,4.80366,2.90368,4.80315,1.36548,0.0,0.0,630.363,461.643,0.434,0.317837,0.0,1,6.55099e-05,0.0064651525,0.007079871240273762
BIJDUV_clean,8.61386,5.69718,8.42708,0.896671,1704.44,1900.85,0.0,0.0,0.6122,0.682747,0.0,1,0.0002673537,0.0217469388,0.02560817769561321
BINDAF_manual,13.14316,8.49712,13.14316,0.600599,2185.42,3638.73,0.0,0.0,0.7212,1.2008,0.0,0,0.0004536088,0.0464682677,0.04677339306414104
BIQFOW_clean,5.88357,2.82771,5.87564,2.2446,0.0,0.0,958.605,427.072,0.5038,0.22445,0.0,1,0.0001163991,0.0117310441,0.010906173155853491
BIYVIQ_clean,8.9412,8.20862,8.9412,1.41865,1440.37,1015.31,0.0,0.0,0.5976,0.421246,0.0,1,0.0001498782,0.0145122408,0.014888490850368228
BIZLUT_clean,8.11197,6.3971,8.1065,0.849879,2006.01,2360.34,0.0,0.0,0.6572,0.773287,0.0,0,0.0002970779,0.0290336497,0.028816441553213834
BOCTOE03_clean,4.3221,2.79678,4.3221,1.22701,0.0,0.0,721.68,588.163,0.5734,0.467316,0.0,0,8.4888e-05,0.0089650322,0.009637313952162116
BONNIC_clean,4.09843,3.03382,4.09843,1.41859,0.0,0.0,241.04,169.916,0.4484,0.316089,0.0,1,5.83838e-05,0.0049061843,0.005726274186161718
BONWIL_clean,3.70731,2.93141,3.70731,1.7315,0.0,0.0,114.744,66.2687,0.3752,0.216691,0.0,0,2.75057e-05,0.0019823049,0.0026938091547645537
BOWDIC_clean,7.01096,4.61744,6.88238,1.0069,1455.4,1445.42,181.324,180.081,0.5804,0.57642,0.0,1,0.0002104056,0.0205525943,0.021460346236914098
BOWNUY_clean,15.52711,9.99848,15.50545,0.770284,1323.45,1718.13,449.917,584.092,0.7344,0.953414,0.0,1,0.0003358466,0.0394233848,0.03867124580755286
BOWRAH_clean,4.51959,4.0875,4.51959,2.30989,576.12,249.414,0.0,0.0,0.3594,0.155592,0.0,1,6.21332e-05,0.0061748945,0.005409709234325259
BOZFON_clean,6.15469,4.01567,6.15002,1.24414,1139.51,915.903,0.0,0.0,0.502,0.403491,0.0,1,0.00011014,0.0113944868,0.011855356084689078
BUCVIG_clean,5.34007,3.27818,5.34007,1.22513,0.0,0.0,516.671,421.727,0.4554,0.371716,0.0,1,8.18563e-05,0.0076399192,0.008161752748044392
BUDDIO_clean,3.29205,2.84666,3.26432,1.49438,0.0,0.0,0.0,0.0,0.2686,0.17974,0.0,1,1.97277e-05,0.0018489262,0.002121165486970021
BUGSIG_clean,4.72751,4.18275,4.72118,1.638,1097.7,670.147,0.0,0.0,0.5356,0.326984,0.0,1,8.18851e-05,0.0076364731,0.00878345358183223
BUKRUW03_clean,10.56885,5.12331,10.56885,0.827757,2720.18,3286.2,0.0,0.0,0.764,0.922976,0.0,1,0.0003713452,0.0340026354,0.03875785004725569
BUPFAU_clean,9.60107,3.24041,9.56042,1.39183,0.0,0.0,1635.39,1174.99,0.6332,0.45494,0.0,1,0.0001570903,0.0149681067,0.01583773082789869
BUPVEP_clean,8.00881,3.79594,6.88527,1.70124,1586.52,932.564,97.3647,57.2315,0.582,0.342103,0.00105805,0,0.0001123599,0.0125462175,0.012187857075745934
BURJOO_clean,5.25312,4.62411,5.25312,1.36621,795.034,581.927,0.0,0.0,0.4348,0.318253,0.0,0,5.56919e-05,0.0075098403,0.0061546235919792535
BURQIQ_clean,8.30102,5.43995,8.30102,0.998622,1908.3,1910.93,0.0,0.0,0.629,0.629868,0.0,1,0.0002315549,0.0241707647,0.02374577102344195
BUVYEX_clean,7.01349,5.55881,7.01349,1.21167,786.339,648.971,0.0,0.0,0.4712,0.388885,0.0,0,7.49555e-05,0.0084658067,0.007896612187385056
c5cc09432a_c5cc09432a2_clean,7.04652,4.99124,7.03394,1.10591,1252.19,1132.28,0.0,0.0,0.53,0.479244,0.0,1,0.0001573884,0.0156526189,0.015219434371036409
c5ce00677e_c5ce00677e2_clean,4.08563,3.15599,4.07122,1.45756,0.0,0.0,343.608,235.742,0.47,0.322458,0.0,1,5.40296e-05,0.0062442754,0.0056323965517515
c5ce01948f_c5ce01948f2_clean,5.17559,4.77124,5.17559,1.89554,519.58,274.107,0.0,0.0,0.3868,0.204058,0.0,0,3.46576e-05,0.0033617901,0.003542641833041619
c5gc02393a_c5gc02393a2_clean,5.4044,4.48945,5.38726,1.33709,1164.94,871.248,14.4818,10.8309,0.513,0.383669,0.0,1,0.0001168449,0.0115630971,0.011990060819530399
c5nj02634b_c5nj02634b2_clean,6.56089,5.15548,6.36711,0.972386,1739.81,1789.21,0.0,0.0,0.6012,0.618273,0.0,1,0.0002198329,0.0221566188,0.02283147412073938
c5ta04552e_c5ta04552e2_clean,6.07552,3.10239,6.07552,1.42683,0.0,0.0,897.934,629.319,0.4918,0.344679,0.0,1,0.000105823,0.0110425445,0.010490784765248477
c6cc00862c_c6cc00862c2_clean,8.00553,6.19741,8.00553,0.932782,1633.12,1750.81,0.0,0.0,0.6212,0.665964,0.0,1,0.0002525362,0.0249994334,0.02403032398968854
c6cc02494g_c6cc02494g1_clean,11.72847,10.48758,11.72847,1.03086,1570.44,1523.42,0.0,0.0,0.6508,0.631316,0.0,1,0.0002820299,0.0263620471,0.026859171643102392
c6cc02494g_c6cc02494g3_clean,11.9944,10.81728,11.9944,1.03032,1587.16,1540.45,0.0,0.0,0.6594,0.639995,0.0,1,0.0002655007,0.0277536012,0.026502249770240408
c6ce00407e_c6ce00407e4_clean,54.27623,28.17362,54.19829,0.0636525,512.685,8054.44,0.0,0.0,0.9694,15.2296,0.0,0,0.0062786931,0.6189417957,0.25882967324982564
c6cp03028a_c6cp03028a3_clean,4.4022,2.99782,4.40188,1.45754,0.0,0.0,725.781,497.949,0.498,0.341672,0.0,0,5.67998e-05,0.0086568109,0.0073117257597074565
c6ra27069g_c6ra27069g2_clean,4.56243,2.89523,4.51965,1.35769,0.0,0.0,594.873,438.149,0.5184,0.381824,0.0,1,6.37896e-05,0.0074455764,0.0075360140269687455
CABQEB_clean,3.76405,2.70603,3.75456,1.6391,0.0,0.0,159.771,97.4753,0.4366,0.266366,0.0,0,2.99093e-05,0.0027256458,0.003564795187863618
CAGXIU_clean,5.87273,4.76439,5.85793,1.68022,875.321,520.957,0.0,0.0,0.4288,0.255205,0.0,0,7.07651e-05,0.0086743852,0.007170461173087157
CAHLEE_clean,3.76094,3.11934,3.76094,2.51493,0.0,0.0,42.2926,16.8166,0.3834,0.15245,0.0,1,1.13059e-05,0.0011359123,0.0012800825613231807
CAHVAJ_clean,4.89479,3.36066,4.89479,1.77807,1031.73,580.253,0.0,0.0,0.4962,0.279066,0.0,1,0.0001166578,0.0117670916,0.010028332875446083
CAKFEB01_clean,3.53314,2.84476,3.51059,1.9478,0.0,0.0,21.0463,10.8052,0.366,0.187904,0.0,1,1.63672e-05,0.0018354645,0.0016032457847135577
CAKFEB_clean,3.65255,2.91792,3.64481,1.9175,0.0,0.0,43.5525,22.7131,0.3714,0.193689,0.0,1,1.87054e-05,0.0021347505,0.002023137192204278
CAKYAQ_clean,4.08997,2.78322,4.0162,2.04806,0.0,0.0,223.636,109.194,0.4694,0.229193,0.0,1,7.12895e-05,0.0054878959,0.006378438638212334
CAKYEU_clean,4.05316,2.75795,3.99799,2.07535,0.0,0.0,214.801,103.501,0.4688,0.22589,0.0,1,5.83285e-05,0.0055967572,0.005506359036689999
CANROA_clean,6.93935,4.21694,6.93935,0.944373,1810.25,1916.88,0.0,0.0,0.5966,0.631742,0.0,1,0.0002198831,0.0219638766,0.02264890218071469
CAQCAZ_clean,6.29148,5.67839,6.29148,1.73371,1423.23,820.916,0.0,0.0,0.5114,0.294974,0.0,0,0.0001699099,0.0149900964,0.015226201285962585
CAVPEW_manual,20.25907,7.7782,20.25907,0.40269,1930.55,4794.14,0.0,0.0,0.8198,2.03581,0.0,0,0.0008507967,0.0832500901,0.08599329712731649
CAWVIH_SL,6.49654,4.73872,6.48371,1.24069,901.093,726.283,0.0,0.0,0.4956,0.399454,0.0,0,0.0001179868,0.010278731,0.011348763242679819
CAXTAY_clean,10.46003,5.71128,10.46003,0.724219,2006.33,2770.34,0.0,0.0,0.6846,0.945294,0.0,0,0.0003918517,0.0338142435,0.03855933944084746
CAXWAB_clean,11.47981,10.7455,11.47981,1.14506,1582.63,1382.13,0.0,0.0,0.6306,0.550713,0.0,1,0.0002434508,0.0253297838,0.024436897081071156
CAXXEG_clean,6.07325,3.85926,6.03932,1.21319,1423.03,1172.97,0.0,0.0,0.5422,0.446922,0.0,0,0.0001440456,0.0140801801,0.015190667115257298
CAYDUD_clean,5.16273,4.98367,5.16273,1.48699,695.762,467.899,0.0,0.0,0.4646,0.312443,0.0,0,5.36691e-05,0.0055074681,0.005774646275407204
CAYSOL_clean,4.10454,3.06683,4.10454,1.54161,0.0,0.0,527.293,342.04,0.5286,0.342888,0.0,0,0.0001073967,0.010784506,0.009966249974310224
CAZFOA_clean,3.89004,2.95907,3.88208,1.31123,0.0,0.0,220.491,168.155,0.4452,0.339528,0.0,1,8.10986e-05,0.0065773022,0.007265998960704113
CAZGOZ_clean,8.02063,3.18,8.00699,0.905364,0.0,0.0,1541.81,1702.97,0.6102,0.673983,0.0,0,0.0002637574,0.0238964215,0.02429366116867147
CDLGLU11_clean,3.39379,2.72562,3.37746,1.87407,0.0,0.0,9.5878,5.11603,0.433,0.231048,0.0,1,2.29212e-05,0.0026022273,0.0022863798537094866
CEGWER_clean,4.43901,3.87534,4.42525,1.46079,690.461,472.661,0.0,0.0,0.4246,0.290664,0.0,1,5.06988e-05,0.0080780017,0.005556543861773757
CEHWIX_clean,3.77572,3.29583,3.77572,1.55337,0.0,0.0,294.827,189.798,0.4734,0.304757,0.0,1,5.91395e-05,0.0074228111,0.0062668186149331465
CEJBEA_clean,7.33038,5.85474,7.33038,1.57516,776.239,492.799,0.0,0.0,0.4492,0.285177,0.0,0,5.96403e-05,0.0060057793,0.0062758915291083635
CEJZAU_clean,7.19009,4.36372,6.93205,1.03983,1483.83,1427.0,0.0,0.0,0.5552,0.533934,0.0,0,0.0001766237,0.018688613,0.01846369395375062
CEKHIL_clean,8.90548,6.79186,8.80947,0.613586,2659.69,4334.67,0.0,0.0,0.7608,1.23992,0.0,1,0.0004192601,0.0531704251,0.0482861812620658
CENKAJ_clean,8.21931,4.12189,8.21931,1.27633,1215.32,952.199,71.8847,56.3212,0.5908,0.462888,0.0,1,0.0001210488,0.0122179905,0.012991777999787468
CETFUD_clean,4.78644,4.1075,4.78644,1.42835,1079.17,755.535,0.0,0.0,0.4914,0.344034,0.0,1,9.39436e-05,0.0092238668,0.009844082406049032
cg0702636-file001_clean,4.28619,2.95991,4.28619,1.71071,0.0,0.0,554.044,323.869,0.4834,0.282573,0.0,0,0.0001072488,0.0094183942,0.00991620645013041
cg0702636-file002_clean,4.27325,2.94575,4.26862,1.71371,0.0,0.0,573.164,334.457,0.4894,0.285579,0.0,0,7.14992e-05,0.0094812268,0.00769768098596315
cg300302n_si_004_clean,4.26728,3.40774,4.26728,1.22723,425.532,346.741,0.0,0.0,0.4466,0.363908,0.0,0,4.69333e-05,0.0047611272,0.005281898891115338
cg301725z_si_002_clean,4.41795,2.98056,4.41698,1.14076,0.0,0.0,1041.38,912.881,0.5478,0.480205,0.0,0,0.0001570123,0.0160848141,0.015024994056171186
cg500975j_si_002_clean,5.01183,3.05048,5.01183,1.07407,0.0,0.0,930.847,866.657,0.499,0.46459,0.0,0,0.0001546618,0.0134491308,0.0139520544910611
cg5012617_si_002_clean,6.32079,5.69332,6.32079,1.49326,566.795,379.568,60.4946,40.5117,0.4478,0.29988,0.0,1,5.9033e-05,0.0063548268,0.006201467374624408
cg501560z_si_003_clean,10.58889,8.21137,10.57587,0.621509,2301.94,3703.79,0.0,0.0,0.8104,1.30392,0.0,1,0.0004885558,0.0511846443,0.05265357841298491
cg501730q_si_002_clean,15.26084,10.84338,15.26084,0.834696,1931.13,2313.57,0.0,0.0,0.7224,0.865465,0.0,1,0.0003113655,0.0334869625,0.03320443226187341
cg800424t_si_002_clean,11.07723,9.2554,11.07723,0.942046,1274.04,1352.42,0.0,0.0,0.6274,0.665997,0.0,1,0.0001900944,0.02256543,0.020697839860154756
cg801164f_si_001_clean,5.00808,3.18752,4.35611,1.43341,0.0,0.0,692.391,483.038,0.4768,0.332634,0.0,1,8.27379e-05,0.0086009467,0.008554798360504554
cg8013317_si_003_clean,5.86482,4.33377,5.84465,0.919505,1402.89,1525.7,0.0,0.0,0.564,0.613373,0.0,1,0.0001925486,0.0184903274,0.019023103024836802
cg900153m_si_001_clean,16.94263,7.25585,10.11151,0.592421,2320.63,3917.2,0.0,0.0,0.7834,1.32237,0.0,1,0.0005368728,0.0550682896,0.054401032740981535
cg901114e_si_002_clean,4.97956,4.41476,4.97764,1.61977,1113.96,687.724,0.0,0.0,0.4738,0.29251,0.0,1,8.33845e-05,0.0091323384,0.008688242587616716
CICSOW01_clean,5.13947,2.94666,5.13947,1.29178,0.0,0.0,545.966,422.648,0.4904,0.379632,0.0,0,8.97621e-05,0.0097980331,0.008842303500628467
CICYIX_clean,3.23853,2.71886,3.23794,2.0565,0.0,0.0,0.0,0.0,0.409,0.198882,0.0,1,3.11263e-05,0.0028876727,0.0027866774097524624
CIFDOM_clean,5.56405,4.03207,5.56103,0.979977,1797.6,1834.33,0.0,0.0,0.591,0.603075,0.0,1,0.0001840758,0.0230490469,0.019802952970452186
CIFMAH_clean,10.24439,9.01949,10.24042,0.733938,2150.52,2930.12,0.0,0.0,0.6824,0.929779,0.0,1,0.0003452277,0.037647444,0.03687087588954528
CIGDUT_clean,5.04549,3.73361,5.01118,1.73625,237.061,136.536,547.429,315.294,0.5092,0.293276,0.0,1,9.04273e-05,0.0089865184,0.008690954059959856
CIGFAB_clean,5.06435,3.71465,5.06435,1.72692,240.436,139.228,509.807,295.211,0.5158,0.298682,0.0,1,0.0001035152,0.008930655,0.009560688739976302
CIJVOH01_clean,5.72943,4.43683,5.71847,1.42641,2600.15,1822.87,0.0,0.0,0.6914,0.484714,0.0,1,0.0001997327,0.0185667606,0.01878554787302962
CIPCUB_clean,4.79005,3.99723,4.76699,1.72886,1140.31,659.571,0.0,0.0,0.5,0.289207,0.0,1,7.33038e-05,0.0089844915,0.008188302014150089
CISXEJ_clean,8.40281,5.25443,8.32688,0.998279,1037.93,1039.71,82.5858,82.7282,0.5322,0.533117,0.0,1,0.0001179593,0.0158065504,0.013092299681360164
CIWRIK_clean,8.18288,7.41537,8.15939,1.23146,2070.3,1681.17,0.299565,0.243259,0.6662,0.540982,0.0,0,0.0001942044,0.0194441397,0.019798859006539438
CIWRUW_clean,8.32352,7.79985,8.25756,1.23467,2023.32,1638.75,0.0,0.0,0.6682,0.541198,0.0,0,0.0001784047,0.0193980573,0.018733175275839356
CIWZEP_clean,6.72158,5.37996,6.72158,1.16391,939.134,806.877,0.0,0.0,0.5184,0.445394,0.0,0,9.99803e-05,0.0088960232,0.010786408892961768
CIWZIT_clean,6.79559,5.48299,6.79559,1.25271,971.679,775.661,0.13923,0.111143,0.5152,0.411268,0.0,0,7.20776e-05,0.0086868746,0.00916439145869997
CIXBUH_clean,8.16009,7.52386,8.14429,1.22695,2058.62,1677.84,0.0,0.0,0.6684,0.544765,0.0,0,0.0001988126,0.019989887,0.019914168607015625
cm303749m_si_002_clean,11.94079,10.66908,11.94079,0.51806,2178.92,4205.92,0.0,0.0,0.7776,1.50099,0.0,1,0.0006181584,0.0594102896,0.06135896245204482
cm501138g_si_008_clean,13.18132,6.60546,13.18132,0.885001,2136.53,2414.16,0.0,0.0,0.72,0.813558,0.0,1,0.0003332318,0.0351494934,0.03449657184995586
cm501138g_si_009_clean,13.19195,6.68183,13.19195,0.878773,2116.69,2408.69,0.0,0.0,0.7208,0.820234,0.0,1,0.0003564805,0.034687102,0.03497334599513818
cm503311x_alf100K_clean,7.0434,6.64625,7.0434,0.965639,1593.91,1650.63,0.0,0.0,0.608,0.629635,0.0,0,0.0002345556,0.0232311155,0.023599683924511554
cm503311x_alf11K_clean,7.06313,6.65574,7.06313,0.967105,1569.67,1623.06,0.0,0.0,0.6028,0.623304,0.0,0,0.0002709522,0.022869172,0.024190378469992106
cm503311x_alf125K_clean,7.14687,6.82418,7.14687,0.9646,1570.17,1627.8,0.0,0.0,0.6102,0.632594,0.0,0,0.0002648861,0.023459605,0.023930795060035922
cm503311x_alf225K_clean,7.37407,7.1534,7.3737,0.963767,1557.96,1616.53,0.0,0.0,0.6114,0.634385,0.0,0,0.0002770183,0.0235141999,0.024548025519595056
cm503311x_alf275K_clean,7.36182,7.1382,7.36181,0.964358,1561.39,1619.1,0.0,0.0,0.612,0.634619,0.0,0,0.0002224234,0.023910518,0.023252261948958932
cm503311x_alf325K_clean,7.35887,7.1334,7.35887,0.964937,1562.46,1619.23,0.0,0.0,0.6116,0.633824,0.0,0,0.0002547759,0.0233564815,0.02405624364194988
cm503311x_alf425K_clean,7.36621,7.1125,7.36621,0.965299,1563.1,1619.29,0.0,0.0,0.6096,0.631514,0.0,0,0.0002042251,0.022935899,0.022281328168688844
cm503311x_aloh300K_clean,7.16075,6.82592,7.16075,0.948967,1591.48,1677.07,0.0,0.0,0.6092,0.641961,0.0,0,0.000213397,0.0237650357,0.02314517130094621
cm503311x_aloh425K_clean,7.16028,6.84144,7.16028,0.947823,1600.53,1688.64,0.0,0.0,0.611,0.644635,0.0,0,0.000231864,0.0245857933,0.02416289211284268
cm503311x_aloh450K_clean,7.14422,6.83019,7.14422,0.947615,1603.14,1691.76,0.0,0.0,0.6106,0.644355,0.0,0,0.0002482792,0.0240092111,0.024529710874985337
cm504350q_si_002_clean,5.76264,4.30885,5.7542,1.44577,991.836,686.024,142.148,98.3197,0.5294,0.366171,0.0,1,0.0001036356,0.0106694253,0.010466300878696606
COCNEP_clean,10.13832,6.56369,10.13026,0.615207,2370.03,3852.42,0.0,0.0,0.7534,1.22463,0.0,1,0.0004811772,0.0495726366,0.04895328245010412
CODDAA_clean,3.54497,2.69613,3.54497,2.0049,0.0,0.0,19.5438,9.74799,0.2354,0.117412,0.0,1,1.57146e-05,0.0020728981,0.0014676440714452947
CODFUX_clean,4.76662,3.36159,4.76662,1.50711,1268.41,841.619,0.0,0.0,0.5474,0.363213,0.0,0,0.0001484647,0.016302738,0.013511847879047256
CODROD_clean,4.34102,3.83565,4.34102,1.88869,770.385,407.893,0.0,0.0,0.4956,0.262404,0.0,1,5.57463e-05,0.007238306,0.005954301826673902
COGNAO_clean,5.98836,4.70156,5.95362,1.13574,1753.04,1543.53,0.0,0.0,0.578,0.508922,0.0,1,0.0002082697,0.0180814554,0.020165752148577416
COKFAK_clean,5.25617,3.49649,5.25539,1.05876,800.714,756.272,0.071455,0.0674891,0.4738,0.447503,0.0,1,8.69192e-05,0.0101787878,0.00937112962854448
COKMEW_clean,11.49614,10.90273,11.4945,1.13639,1559.35,1372.2,0.0,0.0,0.646,0.568466,0.0,1,0.0002389088,0.0259692964,0.02458229603585546
COKMIA_clean,11.457,10.75448,11.457,1.17248,1560.69,1331.1,0.0,0.0,0.6422,0.547727,0.0,1,0.0002591106,0.0246110579,0.024860050930473738
COKNAT_clean,11.6018,10.75702,11.60156,1.22798,1610.43,1311.45,0.0,0.0,0.6686,0.544469,0.0,1,0.0002402333,0.0238908179,0.02437702797673228
COTVOY_clean,5.88006,4.17812,5.70456,1.30534,1614.08,1236.52,0.0,0.0,0.5814,0.445402,0.0,1,0.0001347409,0.0155862398,0.014704049667852938
COTVUE_clean,5.96406,4.24876,5.86955,1.32545,1637.27,1235.25,0.0,0.0,0.5874,0.443169,0.0,1,0.0001487429,0.0151151136,0.01515855173056095
COTXOA_clean,5.06649,4.15335,5.05658,1.08454,1114.76,1027.86,0.0,0.0,0.52,0.479465,0.0,0,0.000155674,0.0138689773,0.014391398254174887
COWMIL_clean,6.74228,5.52931,6.73491,1.23822,2114.95,1708.06,0.0,0.0,0.6464,0.522042,0.0,1,0.0001818327,0.0199409863,0.019294327288252346
COWREN_clean,4.42408,2.83784,4.41645,1.30789,0.0,0.0,672.497,514.183,0.4756,0.363638,0.0,1,0.0001008799,0.0109668847,0.009632656719139097
COWRIR_clean,5.34448,2.88567,5.14751,1.26041,0.0,0.0,798.428,633.469,0.5054,0.400982,0.0,1,0.0001491339,0.0129258965,0.012790679408042223
COXHIH_clean,8.57279,8.24745,8.57279,0.705939,2310.51,3272.96,0.0,0.0,0.7916,1.12134,0.0,0,0.0004301091,0.0437195658,0.04406158438344393
COYCEZ_clean,6.30223,4.25857,6.12676,1.16488,1753.9,1505.65,0.0,0.0,0.5836,0.500994,0.0,1,0.0001679071,0.0164924841,0.017971639019165146
COYTIU_clean,3.82078,3.3313,3.81124,1.79522,506.177,281.958,0.0,0.0,0.4104,0.228607,0.0,1,7.79309e-05,0.0087578514,0.007147651233151989
COYVAO_clean,5.01094,3.28007,4.99906,1.92367,0.0,0.0,707.779,367.931,0.4702,0.244428,0.0,1,6.96751e-05,0.007111113,0.007091199412716416
COYVES01_clean,4.8567,3.01821,4.85503,1.94391,0.0,0.0,528.668,271.961,0.4598,0.236534,0.0,1,6.67291e-05,0.0063654499,0.006473538653289005
CUBKUF_clean,4.27887,2.64972,4.27887,1.17113,0.0,0.0,506.681,432.644,0.5516,0.471,0.0,1,8.6507e-05,0.0084749393,0.009171686776865548
CUCSAU_clean,5.5757,4.21323,5.5757,0.840322,1200.85,1429.04,0.0,0.0,0.5078,0.604292,0.0,1,0.0001266688,0.0144402447,0.015460881671436782
CUFDUD_clean,6.88574,5.43307,6.8031,0.934938,2543.4,2720.39,0.0,0.0,0.6874,0.735236,0.0,0,0.000380105,0.0354492283,0.03400263554864713
CUFFAL_clean,6.84864,5.58095,6.83586,0.914088,2542.3,2781.24,0.0,0.0,0.6982,0.763822,0.0,0,0.0003463573,0.0361099715,0.03293638098522493
CUGFAN01_clean,3.73487,3.03529,3.73487,1.4361,0.0,0.0,102.9,71.6524,0.4126,0.287307,0.0,0,4.28993e-05,0.0038287596,0.00417440298199288
CUGLTM01_clean,3.16369,2.6439,3.1585,1.68446,0.0,0.0,0.0,0.0,0.4164,0.247201,0.0,1,2.16328e-05,0.0019402947,0.00208355799905453
CUKXIR_clean,4.25316,3.64523,4.25225,1.37123,1248.02,910.151,0.0,0.0,0.5164,0.376597,0.0,1,0.0001644611,0.012910977,0.014713745448244893
CUKXUC_clean,4.71812,4.30637,4.71207,1.61022,1190.26,739.19,16.3088,10.1283,0.5368,0.33337,0.0,1,0.0001043171,0.010568402,0.010632398407883017
CUKZOY_clean,4.8322,4.10064,4.8322,1.27011,1172.94,923.5,0.0,0.0,0.5356,0.421697,0.0,1,9.43433e-05,0.0098547949,0.011198647799308483
CUMDIY_clean,5.05781,4.25829,5.05781,2.01174,699.865,347.89,0.0,0.0,0.3956,0.196645,0.0,0,4.06474e-05,0.0046690303,0.004565323048311573
CUQTAL_clean,8.5131,5.3048,8.50413,0.597247,2569.07,4301.52,0.0,0.0,0.7222,1.20921,0.0,1,0.0004922049,0.0466721435,0.04838979195567005
CUSZIB_clean,5.49146,4.83933,5.49049,0.750845,2776.04,3697.22,0.0,0.0,0.7042,0.937877,0.0,0,0.0003501617,0.0372234865,0.03378795841442124
CUTBEA_clean,7.42434,5.85197,7.17817,1.04694,2086.66,1993.1,0.0,0.0,0.646,0.617036,0.0,1,0.0002677084,0.0254365093,0.026152017337266333
CUTBIE_clean,7.59116,5.99994,7.59116,0.996691,2065.1,2071.96,0.0,0.0,0.6486,0.650753,0.0,1,0.0002663143,0.0264149141,0.02638382686229774
CUVHIL02_clean_h,12.81562,12.03113,12.80804,1.65786,1432.65,864.159,0.0,0.0,0.6442,0.388573,0.0,1,0.0001407409,0.0141095043,0.015051017729670355
CUVHIL_clean_h,12.87614,12.03249,12.87614,1.65921,1433.06,863.702,0.0,0.0,0.643,0.387534,0.0,1,0.0001444691,0.0140852707,0.015305131197615014
CUVXAT_clean,6.50652,4.77619,6.38844,1.06179,1622.41,1527.99,0.0,0.0,0.5708,0.537581,0.0,0,0.0001830365,0.0181857192,0.01889372720120918
CUWNOZ_clean,5.62994,3.54616,5.59519,1.08751,1437.05,1321.41,0.0,0.0,0.5562,0.511443,0.0,0,0.0001698906,0.0169610032,0.01723005057799842
CUWTUL_clean,6.09533,3.90326,6.09533,1.40599,1180.08,839.321,0.0,0.0,0.5142,0.365721,0.0,1,0.0001143494,0.0132127198,0.012042225857722454
CUWVEX_clean,4.57028,3.39691,4.56838,1.52621,899.509,589.372,0.0,0.0,0.4664,0.305593,0.0,1,9.85629e-05,0.0097727586,0.009395913501438449
CUWWEY_clean,6.3126,4.22285,6.24291,1.35207,1327.35,981.718,0.0,0.0,0.5216,0.38578,0.0,0,0.000135757,0.0125641417,0.013779424801169218
CUWXID_clean,6.81153,5.91204,6.80774,1.05332,2229.66,2116.79,0.0,0.0,0.6498,0.616908,0.0,1,0.0002670635,0.0251682017,0.025978971620272608
CUWXUP_clean,5.81508,3.73125,5.78204,1.39886,1150.61,822.535,0.0,0.0,0.5122,0.366154,0.0,1,0.0001084163,0.0133177546,0.01114024955385863
CUWZAX_clean,6.33115,4.3932,6.33115,1.11728,2292.11,2051.51,0.0,0.0,0.638,0.571029,0.0,1,0.0002439316,0.0233541937,0.02390310083533935
CUWZIF_clean,6.90107,4.04842,6.50474,1.24221,1455.33,1171.56,0.0,0.0,0.5514,0.443886,0.0,1,0.0001212353,0.0154257455,0.013915134339754534
CUXFIL_clean,5.39541,4.09689,5.37407,1.23338,1385.07,1122.99,0.0,0.0,0.496,0.402148,0.0,1,0.000135333,0.0142489605,0.014596736707936401
CUXJEM_clean,5.2963,3.43417,5.2963,1.4085,970.687,689.164,0.0,0.0,0.509,0.361378,0.0,1,0.0001161361,0.0113688351,0.011045779252361027
CUXLEO_clean,4.56916,3.40748,4.56916,1.05387,1849.74,1755.19,0.0,0.0,0.6276,0.59552,0.0,0,0.0002192529,0.0221706043,0.02186645557657224
CUYVOI_clean,4.52428,2.63151,4.52359,1.42517,0.0,0.0,335.952,235.727,0.4404,0.309015,0.0,0,5.55445e-05,0.0056295939,0.005426205211081813
DACXUB_clean,5.15965,3.22682,5.15642,1.48041,0.0,0.0,696.375,470.394,0.4504,0.304241,0.0,0,9.03143e-05,0.007823996,0.008537314807021888
DACYAI_clean,5.20878,3.30064,5.20878,1.46649,0.0,0.0,709.886,484.073,0.456,0.310948,0.0,0,9.3347e-05,0.0079276295,0.008972686008696914
DACYUE_clean,6.8959,6.15645,6.8959,0.724543,2828.29,3903.55,0.0,0.0,0.6932,0.956741,0.0,1,0.0004292888,0.041291532,0.04112493012584008
DACZUF_clean,5.17797,3.83142,5.17477,1.30054,1151.53,885.425,0.0,0.0,0.514,0.395219,0.0,1,0.0001338174,0.0136462284,0.0129604370379883
DADPEG_clean,4.6964,3.56133,4.68951,1.91805,1368.69,713.581,0.0,0.0,0.56,0.291963,0.0,0,9.27768e-05,0.0104690735,0.010827298542323532
DAFHEZ_clean,5.14518,3.33208,5.05201,1.25164,924.226,738.411,0.0,0.0,0.5078,0.405707,0.0,0,0.0001250109,0.0126373534,0.01233999416261079
DAFJOM_clean,8.83929,3.81491,8.83929,0.983115,1714.88,1744.33,0.0,0.0,0.601,0.611322,0.0,0,0.000224534,0.0265900073,0.02248418043322358
DAGDUL_clean,5.27377,3.53794,5.26479,1.49897,1060.75,707.651,0.047289,0.0315476,0.5304,0.353842,0.0,1,0.0001071922,0.0095677718,0.010402437390010852
DAHNOQ_clean,4.37827,3.40648,4.37827,1.74065,715.841,411.25,0.0,0.0,0.5478,0.314711,0.0,0,6.9927e-05,0.0079456637,0.007435979348188779
DAHPAE_clean,5.00613,3.59286,5.00613,1.85953,1943.24,1045.01,0.0,0.0,0.5872,0.315779,0.0,0,0.00012645,0.0118583203,0.012657474638954305
DAJHUS_clean,4.35025,3.20726,4.35025,1.31102,0.0,0.0,412.975,315.002,0.4456,0.339887,0.0,0,7.49958e-05,0.0070928201,0.007308976147747174
DAKVIW_clean,10.56447,5.75649,10.52532,0.937929,2177.49,2321.59,0.0,0.0,0.7172,0.764663,0.0,1,0.0003207231,0.0317296439,0.032034669024024263
DAKVUI_clean,10.79495,6.61419,10.65384,0.825495,2120.6,2568.89,0.0,0.0,0.704,0.852822,0.0,1,0.000375058,0.0367316177,0.03559645416216829
DAPXID_ion_b,14.13138,12.09179,14.13138,0.764894,1790.29,2340.57,0.0191816,0.0250774,0.7044,0.920911,0.0,1,0.0003848116,0.037554861,0.037822065119478214
DARSEV_SL,9.02256,7.15114,9.02256,0.917569,1768.62,1927.51,0.0,0.0,0.6346,0.69161,0.0,0,0.0002426096,0.0245516896,0.025028426813806584
DARVAW_clean,3.74235,3.26644,3.73494,1.50511,0.0,0.0,390.576,259.5,0.4942,0.328348,0.0,0,7.10128e-05,0.0084730663,0.00755390184030268
DAWDAI_clean,5.05189,3.47503,5.00056,1.41655,729.858,515.235,3.30907,2.336,0.487,0.343792,0.0,0,0.0001041591,0.0085959224,0.009477948848512796
DAXKIY_clean,4.43594,2.97843,4.43594,1.44788,0.0,0.0,544.339,375.956,0.5204,0.359422,0.0,0,0.0001039917,0.0109575824,0.01008867329164301
DEBGIA_clean,4.22344,3.46939,4.21901,1.31115,709.801,541.36,0.0,0.0,0.5062,0.386075,0.0,1,7.87451e-05,0.0087967012,0.008352573795989169
DEFRIR_clean,4.8082,3.42715,4.52912,1.36761,1390.79,1016.96,0.0,0.0,0.6218,0.454663,0.0,1,0.0001453657,0.0141140554,0.014506893914871016
DEJRUH_clean,4.98345,3.78027,4.98096,1.03045,1372.42,1331.87,0.0,0.0,0.5442,0.52812,0.0,1,0.0002080116,0.0165138125,0.01829650292683848
DEPJIR01_clean,3.85665,2.67886,3.83849,1.58611,0.0,0.0,192.05,121.083,0.492,0.310193,0.0,0,6.62535e-05,0.0057367723,0.006593460851541151
DEPXAY_clean,5.29628,3.94728,5.28006,1.07008,2144.58,2004.14,0.0,0.0,0.6404,0.598462,0.0,1,0.0001931841,0.0220534883,0.02124213511856702
DEPXIG_clean,5.45833,4.42032,5.43874,1.21453,1418.68,1168.08,0.0,0.0,0.5298,0.436217,0.0,1,0.0001456106,0.0170095378,0.015171083180982498
DEQFOU_clean,4.43033,3.99236,4.42996,1.33979,549.564,410.186,188.414,140.63,0.5546,0.413945,0.0,1,9.25165e-05,0.0097547133,0.00945681888069802
DEYJIC_clean,5.18714,3.79158,5.1767,1.26241,1435.68,1137.26,0.0,0.0,0.5344,0.423318,0.0,1,0.0001116906,0.0142438354,0.012749581374411963
DEYJOI_clean,5.20142,3.64055,5.19254,1.24367,1493.92,1201.22,0.0,0.0,0.5352,0.430338,0.0,1,0.0001264015,0.0151895162,0.014131436262290954
DIBJIJ_clean,6.10817,4.16928,5.9554,1.53541,899.273,585.691,0.0598489,0.0389792,0.5054,0.329164,0.0,1,9.25686e-05,0.0089115037,0.00895379369185028
DIBQOW_clean,9.37426,8.42221,9.36118,0.760114,2220.47,2921.23,0.0,0.0,0.6854,0.901706,0.0,1,0.0003393514,0.0357406121,0.0351384840713965
DICKEH_clean,12.83987,7.4101,12.68863,0.522471,2354.64,4506.73,0.0,0.0,0.796,1.52353,0.0,1,0.000526745,0.0654029622,0.06165305721480198
DICVES_clean,6.33441,3.59662,6.33441,1.11373,1441.4,1294.21,0.0,0.0,0.581,0.521669,0.0,1,0.0001496438,0.0165011551,0.01607445245022094
DICVIW_clean,6.26495,3.45129,6.22166,1.15151,1468.87,1275.6,0.0,0.0,0.5682,0.493438,0.0,1,0.0001379937,0.0159727743,0.0157467870397055
DIDBAV_clean,9.28847,5.74363,7.91915,0.92545,1489.11,1609.07,0.0,0.0,0.5874,0.634718,0.0,0,0.000248218,0.0244134422,0.023097673112473245
DIKJUD_clean,5.51513,4.27188,5.50941,1.06812,1036.17,970.09,0.0,0.0,0.5198,0.486651,0.0,1,0.0001224232,0.012573381,0.012646198818651526
DIMKIV_clean,5.84277,3.12491,5.72616,1.91931,0.0,0.0,587.601,306.153,0.4424,0.2305,0.0,1,5.37253e-05,0.005876558,0.005332605119796994
DIWNAA_clean,6.5178,6.18035,6.5178,0.652513,3119.09,4780.12,0.0,0.0,0.7074,1.08412,0.0,1,0.0005866759,0.0488240813,0.04807211922445598
DIXNUV01_clean,4.04469,3.22401,4.04255,1.3069,0.0,0.0,406.844,311.305,0.4948,0.378606,0.0,0,7.72915e-05,0.0080579915,0.00794416790863655
DOHNUL_clean,5.10735,4.25399,5.10735,1.35619,773.026,569.999,0.0,0.0,0.4762,0.351131,0.0,1,7.49026e-05,0.0072300766,0.007808519254964999
DOHYIJ_clean,3.65608,3.118,3.65608,2.12696,0.0,0.0,75.9452,35.706,0.3504,0.164742,0.0,1,2.06818e-05,0.001934109,0.0021029410351532836
DOKDEN_clean,15.14217,13.44364,15.14217,0.712137,1836.8,2579.28,0.0,0.0,0.7026,0.986608,0.0,0,0.0003403891,0.0386341599,0.036239931861113794
DOLXOR02_clean,6.63462,5.37244,6.6246,1.07895,2591.9,2402.25,0.0,0.0,0.7454,0.690858,0.0,1,0.0002344933,0.0209959471,0.023033125647258113
DOMGET_clean,8.23499,5.7551,8.23499,1.19438,753.876,631.188,519.762,435.174,0.5322,0.445589,0.0,1,0.000164924,0.016298431,0.015485666046262503
DONNEA_clean,5.83858,5.56044,5.83858,1.23493,1480.59,1198.93,0.0,0.0,0.573,0.463996,0.0,0,0.000181608,0.0180877099,0.017653720848974035
DONXUB_clean,5.08195,4.10328,5.08195,1.44854,506.69,349.793,246.756,170.348,0.4778,0.329849,0.0,1,0.000111017,0.0110443185,0.010153909681079867
DOQHIB_clean,3.51583,3.11145,3.49331,2.37147,0.0,0.0,53.0867,22.3856,0.3918,0.165214,0.0,1,4.26088e-05,0.0042284155,0.0036609471739940825
DORFAS_clean,6.89012,5.94748,6.89012,1.02954,1487.46,1444.77,0.0,0.0,0.5948,0.577731,0.0,0,0.0001955989,0.0186887503,0.020120936451963486
DORFOG_clean,3.83387,3.5005,3.83387,1.28492,358.59,279.076,0.0,0.0,0.476,0.370451,0.0,1,8.49311e-05,0.0078552968,0.0080605944430807
DOYBUQ01_clean,4.47276,3.50575,4.44835,1.90606,879.044,461.183,0.0,0.0,0.519,0.272289,0.0,1,9.15778e-05,0.0079259699,0.00878538499265031
DOYSIT_clean,5.27709,3.01376,5.27709,0.836624,0.0,0.0,1038.77,1241.62,0.559,0.668162,0.0,1,0.0001611808,0.0170535634,0.01705232688735817
DUBJUH_clean,7.25048,6.08004,7.24863,1.09392,1335.78,1221.09,0.0,0.0,0.5476,0.500583,0.0,0,0.0001799232,0.0173179472,0.01723396782366901
DUBWON_clean,5.41735,4.7264,5.40719,1.2729,1870.44,1469.44,0.0,0.0,0.6244,0.490534,0.0,1,0.0001716832,0.0180237964,0.01774233316342465
DUDZOT_clean,3.86828,3.15476,3.86828,2.41651,0.0,0.0,300.315,124.276,0.3424,0.141692,0.0,0,3.17129e-05,0.003065959,0.0034072823308457685
DUFGOB_clean,8.44616,7.81761,8.44616,1.12069,1457.55,1300.59,0.0,0.0,0.5722,0.51058,0.0,1,0.0001888311,0.0161458101,0.0185758874313538
DUGMOJ_clean,13.15947,6.68014,13.15947,1.04413,1452.16,1390.78,0.0,0.0,0.5972,0.571957,0.0,1,0.0001719382,0.0202627488,0.02024971284381141
DUJRAD_clean,6.16228,5.32315,6.13437,1.37535,1593.73,1158.79,0.0,0.0,0.5806,0.422148,0.0,1,0.0001616902,0.0167490528,0.015876641808410922
DUKDOD01_clean,4.08448,2.81231,4.06407,1.98165,0.0,0.0,204.268,103.08,0.44,0.222037,0.0,1,2.9837e-05,0.0021496225,0.003113147901942368
DUMXEQ_clean,4.75958,3.82785,4.75554,1.76954,805.711,455.323,0.0,0.0,0.4502,0.254417,0.0,0,7.48942e-05,0.0074921909,0.007192474208573975
DUNJON_clean,5.13321,3.70024,5.11248,2.82249,688.218,243.833,0.0,0.0,0.4132,0.146395,0.0,1,3.66842e-05,0.0034344737,0.003732951470899694
DUNXUH01_clean,5.08043,3.95835,5.08043,1.20337,1874.89,1558.04,0.0,0.0,0.6064,0.503919,0.0,1,0.0001995407,0.0201476094,0.019000540712302644
DUNXUH03_clean,4.97891,3.78832,4.59863,1.23681,1734.27,1402.21,0.0,0.0,0.5936,0.479945,0.0,1,0.0001830373,0.0194409653,0.01819357424751367
DUNXUH06_clean,5.04935,3.8892,5.03687,1.21647,1807.28,1485.67,0.0,0.0,0.6062,0.498328,0.0,1,0.0001710349,0.020155111,0.017646327471298927
DUNXUH_clean,5.0284,3.9124,4.82782,1.21944,1796.23,1472.99,0.0,0.0,0.602,0.493667,0.0,1,0.0002220453,0.019551988,0.020090415747971158
DUPKAC_clean,11.8886,6.57125,10.69212,0.647287,2123.23,3280.21,0.0,0.0,0.7376,1.13953,0.0,1,0.000475586,0.0476910802,0.0478696093639544
DUQYEU_clean,4.86021,4.34715,4.86021,1.66839,2272.53,1362.11,0.0,0.0,0.6004,0.359868,0.0,1,0.0001312836,0.0139762359,0.014001452980246654
DUTKAG_clean,6.82996,5.62808,6.81318,0.906851,2249.11,2480.13,0.0,0.0,0.6722,0.741246,0.0,1,0.0002832325,0.028528555,0.02907903091985027
DUWFOS_clean,4.7722,3.99598,4.7722,1.5688,655.828,418.043,0.0,0.0,0.462,0.294492,0.0,0,6.46187e-05,0.006314762,0.00671275225675501
DUWRAQ_clean,4.19127,3.03146,4.19127,1.6581,0.0,0.0,385.632,232.574,0.4316,0.260298,0.0,1,6.21344e-05,0.0062487481,0.006028712060336085
DUWTAS_clean,4.17157,2.88326,4.1334,1.46995,0.0,0.0,438.029,297.988,0.4944,0.336337,0.0,1,7.29131e-05,0.0089492858,0.007605710598698247
DUXMAL_clean,4.53313,3.88732,4.40894,1.15892,1217.93,1050.91,0.0,0.0,0.5062,0.436785,0.0,1,0.0001581716,0.0160643972,0.014898324134973145
DUYVEA_clean,4.52649,3.62009,4.52649,1.39154,383.437,275.549,0.0,0.0,0.4574,0.328701,0.0,1,4.01695e-05,0.0043851697,0.004677895755947823
EBATUZ_clean,12.21806,7.03158,12.21806,0.59675,2360.49,3955.57,0.0,0.0,0.7812,1.30909,0.0,1,0.0005155258,0.0575915909,0.05361718144273154
EBAVIP_clean,4.98159,3.61041,4.97646,1.20745,1001.48,829.422,0.0,0.0,0.4772,0.395214,0.0,1,0.0001294227,0.0123602682,0.012426377963132212
EBEMII_clean,4.74887,3.57779,4.74887,1.57979,558.843,353.745,0.0,0.0,0.4136,0.261807,0.0,0,3.81846e-05,0.0047278597,0.004553381125189217
EBEXAM_clean,7.13111,6.78821,7.13111,1.50724,1561.7,1036.13,0.0,0.0,0.5636,0.373929,0.0,0,0.0001848706,0.0157349661,0.016938623977007867
EBEXEQ_clean,7.05454,6.70514,7.05454,1.61812,1500.38,927.234,0.0,0.0,0.5486,0.339035,0.0,1,0.000146753,0.0148735072,0.01423662587289336
EBIHII_clean,6.77782,5.19916,6.76838,1.13174,1870.74,1652.98,0.0,0.0,0.589,0.520437,0.0,1,0.0002065613,0.0220202543,0.020408722210150575
EBIJAC_clean,5.69411,4.34501,5.6755,1.35778,616.318,453.917,180.508,132.944,0.4634,0.341293,0.0,0,7.3838e-05,0.0079273718,0.008002907744406079
EBUQIB_clean,6.03622,4.38011,5.42071,1.1026,1157.92,1050.17,0.0,0.0,0.4992,0.452746,0.0,1,0.0001581255,0.0143394836,0.014551350772551017
ECEBEW_clean,4.33858,3.12787,4.29836,1.31533,0.0,0.0,591.165,449.444,0.5308,0.40355,0.0,0,4.89185e-05,0.0074025182,0.0068040404460377926
ECEDEY_clean,6.39219,4.6444,6.38001,1.02837,1438.77,1399.08,0.0,0.0,0.541,0.526076,0.0,1,0.0001752351,0.0184722628,0.017748609672686433
ECORIX_clean,3.90772,3.03659,3.90772,1.56578,0.0,0.0,428.835,273.879,0.457,0.291867,0.0,1,6.91818e-05,0.0068934702,0.007020317565159211
ECUDEM_clean,4.87095,3.12705,4.87095,1.50996,0.0,0.0,725.93,480.761,0.5134,0.340009,0.0,1,0.0001008046,0.010196903,0.00977832979524493
ECUGEQ_clean,6.02953,4.07384,5.91743,2.29908,1875.55,815.783,0.0,0.0,0.6102,0.26541,0.0,1,9.7824e-05,0.0095373705,0.009850510656551122
EDAPIK_clean_h,7.09885,6.53196,7.09077,0.672755,2256.65,3354.34,0.591427,0.879112,0.6938,1.03128,0.0,1,0.0004151237,0.036350534,0.04100759591917086
EDECOG_clean,6.30911,4.65211,6.30565,1.66761,3310.63,1985.26,0.0,0.0,0.756,0.453344,0.0,1,0.0001604781,0.0158446719,0.015153486386665338
EDIKEH_clean,4.16677,2.6775,4.16677,1.65442,0.0,0.0,300.688,181.749,0.43,0.25991,0.0,1,4.67554e-05,0.0052511158,0.004810560508266733
EDUVOO_clean,20.93415,10.62864,20.9324,0.373403,1788.47,4789.64,0.0,0.0,0.862,2.3085,0.0,0,0.0009902421,0.0980120831,0.09861578570887952
EFAYEQ_clean_h,11.33412,8.20992,11.33412,0.445208,2301.41,5169.29,0.0,0.0,0.8028,1.8032,0.0,1,0.000657664,0.071116384,0.06927082567272527
EFIMOV_clean,6.67559,6.34874,6.67559,1.77157,892.601,503.846,0.0,0.0,0.3714,0.209644,0.0,0,9.54542e-05,0.0092417006,0.009267121714330619
EFOTEZ_clean,5.06643,4.39448,5.0661,2.67676,2557.25,955.354,0.0,0.0,0.6308,0.235658,0.0,1,7.83229e-05,0.0082603516,0.008898724889709803
EGAFUP_clean,5.41211,3.36037,5.40599,1.46602,984.603,671.619,0.0,0.0,0.5112,0.3487,0.0,1,0.0001095005,0.0104770715,0.010512770971043802
EGATIQ_clean,10.61507,9.35673,10.60597,0.815931,1600.87,1962.02,0.0,0.0,0.6556,0.803499,0.0,1,0.0002961583,0.0296753297,0.02841544974505865
EGOZAB_clean,7.0311,5.28936,7.0311,1.03834,1885.29,1815.68,0.0,0.0,0.6226,0.599612,0.0,1,0.0001970466,0.0209812401,0.021416916952952437
EJOQOL_clean,7.54682,4.16239,7.5307,1.29085,1431.56,1109.01,0.0,0.0,0.5368,0.415851,0.0,1,0.0001632449,0.0149007635,0.01566094103497228
EKEVAT_clean,4.38581,3.45093,4.3809,1.70718,319.337,187.056,0.0,0.0,0.4042,0.236765,0.0,0,3.88286e-05,0.0036809517,0.00404137926696101
EKOKIA_clean,6.37814,3.95219,6.37814,1.40385,1452.65,1034.76,0.0,0.0,0.5578,0.397337,0.0,1,0.0001153477,0.0122169661,0.012970809201474502
ELAZEX_clean,3.63212,2.66568,3.42222,1.98591,0.0,0.0,17.7543,8.94016,0.359,0.180774,0.0,1,1.97356e-05,0.0023571676,0.001806485361198644
ELEREU_clean,15.53932,10.30838,15.53932,0.773652,1743.51,2253.61,0.0,0.0,0.7078,0.914882,0.0,1,0.0004122524,0.0388182814,0.03745976237312127
ELERIX01_clean,3.89315,3.2874,3.87417,2.45669,0.0,0.0,78.3989,31.9125,0.3868,0.157448,0.0,1,1.3159e-05,0.0012329974,0.0017771540852054776
ELIKOA_clean,4.97213,3.73339,4.97213,1.55809,1148.96,737.416,0.0,0.0,0.4918,0.315643,0.0,1,8.61943e-05,0.0100416415,0.009331328165691696
EMAGAB_clean,7.29475,4.84283,7.29475,1.35618,833.24,614.402,0.0,0.0,0.4816,0.355115,0.0,0,7.41447e-05,0.0085201921,0.007786756027446863
EMAMUC_clean,5.84513,5.03009,5.84513,1.22272,803.232,656.921,0.0,0.0,0.473,0.386841,0.0,1,7.07165e-05,0.0077352936,0.008026266426990742
EMAPAK_clean,11.21755,3.61918,11.21755,0.925375,1521.72,1644.44,0.0,0.0,0.637,0.688369,0.0,0,0.0002128178,0.0211582051,0.021702604184660867
EMIFOW_clean,7.56186,4.84974,7.24948,1.40224,2851.33,2033.41,0.0,0.0,0.6898,0.491927,0.0,1,0.000240203,0.0231952563,0.02272031807001467
EMIYEF_clean,4.02053,2.70329,3.99652,1.99702,0.0,0.0,133.156,66.6774,0.4216,0.211115,0.0,1,6.19718e-05,0.0041491625,0.005362249923437803
EMUBOF_clean,9.89745,6.63764,9.89048,1.19874,1975.94,1648.35,0.0,0.0,0.6738,0.562089,0.0,1,0.0002098613,0.0223634994,0.021528392772285257
EMUTUD_clean,4.92374,3.19899,4.92374,1.60094,0.0,0.0,1124.99,702.707,0.5354,0.334428,0.0,0,0.0001162009,0.0111326167,0.011518472626597782
ENAFAB_clean,11.6148,4.31195,11.6148,2.54245,1508.6,593.364,0.0,0.0,0.575,0.22616,0.0,1,7.84105e-05,0.0075400521,0.00815363443049612
ENESUN_clean,8.35126,5.49783,8.35126,0.626692,2424.85,3869.29,2.07427,3.30987,0.7316,1.1674,0.0,1,0.000463088,0.0450633145,0.04532852724869521
ENITIF_clean,6.04006,4.14792,6.02363,0.993739,1774.39,1785.57,0.0,0.0,0.6108,0.614648,0.0,1,0.000192322,0.0205006127,0.020662860218299665
ENUCOG_clean,4.91468,3.25846,4.91468,1.86086,0.0,0.0,509.281,273.68,0.4838,0.259987,0.0,1,6.66318e-05,0.0066755183,0.006671662197943511
EPEWAY_clean,5.86305,5.34538,5.70782,1.27095,1126.31,886.195,0.0,0.0,0.506,0.398129,0.0,0,0.0001246734,0.0118518338,0.012758154017001838
EPEXUU_clean,8.78791,3.92519,8.78786,1.21365,1182.3,974.168,0.0,0.0,0.5234,0.431261,0.0,1,0.0001625821,0.0139714196,0.014983404133346118
EPOPEG_clean,5.47224,4.77054,5.47224,0.955888,1699.64,1778.08,0.0,0.0,0.613,0.641289,0.0,0,0.0002104418,0.0201773961,0.021891757776631732
EPOXAJ_clean,4.90808,3.54046,4.59353,3.60105,1300.0,361.007,0.0,0.0,0.5304,0.14729,0.0,1,4.55579e-05,0.0045344569,0.004914576586532694
EPUJIJ_clean,3.7032,2.62655,3.64037,1.85806,0.0,0.0,213.188,114.737,0.487,0.262102,0.0,1,3.30715e-05,0.0047481171,0.003644256363275658
EQAMUG_clean,4.23795,3.61938,4.23534,1.81883,688.208,378.378,0.0,0.0,0.424,0.233116,0.0,0,6.19269e-05,0.0064677715,0.006204290183049115
EQERAU_clean,8.66462,5.10134,8.65703,0.830188,1832.92,2207.84,0.0,0.0,0.646,0.778137,0.0,1,0.0003171867,0.0307186484,0.029778257110756257
EQUBUO_clean,4.678,4.09417,4.67712,1.98147,941.234,475.017,0.0,0.0,0.4712,0.237803,0.000100935,0,2.8168e-05,0.0064765428,0.0048774552067534244
ERIJUM_clean,9.00258,2.71737,9.00139,1.21845,0.0,0.0,1335.11,1095.75,0.6326,0.519185,0.0,1,0.0001647791,0.0151729344,0.017016280879570703
ERUVEU_clean,3.34466,3.01377,3.34466,2.21788,0.0,0.0,0.325326,0.146684,0.3556,0.160334,0.0,0,1.60776e-05,0.0014166161,0.0015319013554394856
ESARAT_clean,4.65638,2.73042,4.28273,1.24022,0.0,0.0,877.4,707.453,0.5198,0.419118,0.0,1,0.0001313604,0.0131735754,0.012759722350173551
ESURER04_clean,6.9676,6.06182,6.9676,1.36538,1434.64,1050.72,0.0,0.0,0.5472,0.400767,0.0,0,0.0001237637,0.0153714466,0.014024196325298052
ESUSAO01_clean,6.3973,4.82556,6.3973,1.43147,1333.03,931.231,0.0,0.0,0.5244,0.366336,0.0,1,0.000104222,0.0133039421,0.01140683484062128
ETAXIH_clean,5.15292,2.63845,3.55486,1.63541,0.0,0.0,195.596,119.601,0.4496,0.274916,0.0,1,2.79081e-05,0.003171062,0.0028464407519899603
ETEJIX01_clean,6.69684,4.77946,6.69684,1.08358,2483.86,2292.26,0.0,0.0,0.649,0.598939,0.0,1,0.0002611313,0.0252434162,0.02518248514660059
ETEJOD_clean,6.80678,5.11467,6.80678,1.12771,2231.39,1978.7,0.0,0.0,0.6388,0.56646,0.0,1,0.0002363685,0.0241849805,0.023448290140491386
ETEKAQ_clean,6.79458,5.19238,6.79458,1.13284,2254.4,1990.05,0.0,0.0,0.6454,0.569721,0.0,1,0.0002563908,0.024188931,0.024582203502102426
ETEKEU_clean,6.74215,5.18388,6.74215,1.16256,2288.23,1968.27,0.0,0.0,0.6442,0.554124,0.0,1,0.0002428039,0.0231526557,0.024070473837313935
ETIXEM_clean,4.4488,2.61999,4.44653,1.32726,0.0,0.0,213.081,160.542,0.421,0.317194,0.0,1,5.70695e-05,0.00576548,0.00561729902217634
ETUWOG_clean,4.3132,2.63619,4.3126,1.49933,0.0,0.0,372.979,248.764,0.434,0.289462,0.0,1,5.3966e-05,0.0069643843,0.005509793235297626
ETUXEW_clean,4.30967,3.74181,4.30967,1.76757,1105.02,625.163,0.0,0.0,0.5662,0.320327,0.0,0,0.0001022536,0.010284562,0.010917992295499616
EVAKIV_clean,13.34989,4.00312,13.34989,0.730238,1776.02,2432.11,0.0,0.0,0.6852,0.938325,0.0,0,0.0003671088,0.0344420608,0.036843887432253454
EVEGER_clean,7.47303,3.24345,7.4645,1.48602,0.0,0.0,757.172,509.531,0.5202,0.350063,0.0,1,7.63121e-05,0.0087925426,0.008265242980249407
EVUQUI_clean,4.83999,3.93851,4.82956,1.53551,1049.12,683.243,0.0,0.0,0.4838,0.315075,0.0,1,9.8457e-05,0.0098396364,0.009844522452159204
EWETUW_clean,5.62021,4.24917,5.57976,1.31411,662.316,504.004,418.644,318.576,0.5412,0.411838,0.0,1,0.000126322,0.0134786892,0.01239786547065385
EWIDUK_SL,11.37588,3.1863,11.37588,0.917269,0.0,0.0,1387.89,1513.06,0.6436,0.701648,0.0,0,0.000201376,0.0214638287,0.020566411053044225
EWILON_clean,7.32231,3.25878,7.31405,1.45934,0.0,0.0,1209.87,829.056,0.5252,0.359889,0.000548194,0,0.0001228132,0.0133826774,0.013074357312579828
EWUGEK_clean,4.25922,3.99552,4.25922,1.59647,254.293,159.284,0.0,0.0,0.3716,0.232763,0.0,0,2.9092e-05,0.0021382592,0.0031982502530603103
EWUKEO_clean,6.02152,4.9088,6.0177,1.04306,2495.54,2392.52,0.0,0.0,0.6576,0.630455,0.0,1,0.0002854944,0.0269177758,0.026412523724721613
EWUTEW_clean,7.55965,4.88065,7.45386,1.29422,1660.56,1283.06,0.0,0.0,0.5852,0.452164,0.0,1,0.0001575163,0.0149957758,0.016187148228907166
EXAPEA_clean,5.23017,3.49325,5.23017,1.44837,343.252,236.992,0.0,0.0,0.4076,0.281419,0.0,0,3.60303e-05,0.0041715054,0.004076851422923737
EXEQAA_clean,7.25351,7.13068,7.2425,1.02495,1673.9,1633.14,0.0,0.0,0.6088,0.593978,0.0,0,0.0002483789,0.024111266,0.023664143318129507
EXOZEX_clean,5.85437,3.02039,5.85437,1.20274,0.0,0.0,1096.9,912.005,0.5694,0.473419,0.0,1,0.0001412512,0.0134283822,0.013819629075345521
EYINOR_clean,8.12774,5.83469,8.12774,0.997324,2427.09,2433.6,0.0,0.0,0.6904,0.692252,0.0,1,0.0003082086,0.0306865558,0.029862595356561186
EYOCIG_clean,8.27418,5.89212,8.06359,0.922433,2431.08,2635.51,0.0,0.0,0.694,0.752358,0.0,1,0.0003268318,0.0325766455,0.032777569440214996
EYULOA_clean,4.93073,3.99192,4.90572,1.26506,819.807,648.04,0.0,0.0,0.5008,0.395872,0.0,0,7.3529e-05,0.0099148826,0.008501422683020605
EZABEN_clean,5.22809,3.75233,5.19001,1.80933,1456.46,804.973,0.0,0.0,0.5686,0.314261,0.0,1,0.0001073402,0.0101165138,0.010863547753454363
EZIPEK_clean,8.58626,4.2007,8.58626,1.51602,1671.68,1102.68,0.0,0.0,0.5836,0.384955,0.000527697,0,0.0001558191,0.0150154783,0.015217329989010904
EZOBUR02_clean,5.4535,4.4976,5.43411,1.36504,878.599,643.645,0.0,0.0,0.4944,0.362188,0.0,1,7.38994e-05,0.0082323984,0.008487837004087612
EZOBUR_clean,6.22091,4.91314,6.06649,1.26527,1070.0,845.668,0.0,0.0,0.5366,0.4241,0.0,1,9.32847e-05,0.0102194357,0.010587708882830855
EZUCIM_clean,5.27092,4.42324,5.21472,1.00292,1781.29,1776.11,0.0,0.0,0.602,0.600249,0.0,0,0.0002399458,0.0211979705,0.022809710138097294
FAFGAU_clean,4.21105,3.27208,4.20718,1.88279,0.0,0.0,384.116,204.014,0.4222,0.224241,0.0,1,5.06431e-05,0.0041159068,0.0052216368389555925
FAHTUE_clean,7.2202,3.1424,7.21695,1.52875,0.0,0.0,657.808,430.292,0.5,0.327065,0.0,1,7.8516e-05,0.0079101319,0.007612382418495498
FAKNIR_clean,7.731,5.84497,7.731,0.960238,2118.84,2206.58,0.0,0.0,0.6484,0.675249,0.0,1,0.0002663192,0.0253759441,0.026840761868721676
FALZIC_clean,10.73348,2.62145,10.73348,0.967049,0.0,0.0,1784.75,1845.56,0.6978,0.721577,0.0,0,0.000305653,0.0281290681,0.027937918192847133
FAQGIP_clean,5.30496,3.71196,5.30496,1.22203,1264.33,1034.61,0.0,0.0,0.5172,0.423229,0.0,1,0.0001619407,0.0143606009,0.01498123585347884
FAQLUH_clean,7.25665,7.09719,7.24714,1.10687,1602.27,1447.57,0.0,0.0,0.5958,0.538276,0.0,0,0.0002209059,0.0221717393,0.02176805522241343
FAQYUR_clean,4.28517,3.37183,4.28155,1.84396,419.281,227.381,0.0,0.0,0.4388,0.237966,0.0,1,3.91333e-05,0.004281648,0.004153743058641026
FARFOU_clean,8.96134,6.03917,8.96134,1.3138,1736.65,1321.85,0.0,0.0,0.6496,0.494443,0.0,0,0.0001658966,0.0166074388,0.016623815791892285
FASHUD_SL,4.32022,2.90284,4.32022,1.72886,0.0,0.0,573.562,331.758,0.5168,0.298926,0.0,1,9.85194e-05,0.0095033295,0.00935786530115705
FASQUN_clean,5.13227,3.03904,4.82617,1.52422,0.0,0.0,474.078,311.03,0.4742,0.31111,0.0,1,5.762e-05,0.0066892526,0.006028066833528389
FATKAO_clean,4.65609,3.80909,4.65088,1.95034,1014.02,519.916,0.0,0.0,0.465,0.238419,0.0,1,5.64025e-05,0.0063105019,0.005709879719655921
FATKIV_clean,14.84172,10.48506,14.13115,0.799535,924.965,1156.88,197.216,246.664,0.6364,0.795963,0.0,1,0.0001970448,0.0223687278,0.02323308536727954
FAVGER_clean,5.35311,4.52327,5.34725,1.54964,901.531,581.768,0.0,0.0,0.481,0.310395,0.0,0,7.2779e-05,0.0074908152,0.007949911401434633
FAVHES_clean,4.81694,4.18094,4.81252,1.69685,756.814,446.011,0.0,0.0,0.4616,0.272033,0.0,1,5.89755e-05,0.0054767271,0.006396718967464994
FAWCEN01_SL,11.33232,3.33749,11.33232,0.937501,1430.55,1525.92,0.0,0.0,0.6446,0.687573,0.0,0,0.0001871372,0.0208902123,0.020204516776703756
FAYPAY_clean,12.90794,5.24047,12.8925,0.673936,2011.51,2984.72,0.0,0.0,0.742,1.10099,0.0,1,0.0004152058,0.043278095,0.04337595027154552
FAYPIG_clean,11.51198,6.01308,11.45567,0.74228,1782.59,2401.5,0.0,0.0,0.7098,0.956244,0.0,1,0.0003409212,0.0349795928,0.035954282205908225
FAZPED_clean,7.63868,5.99081,7.63868,1.64589,749.747,455.527,0.0,0.0,0.4048,0.245946,0.0,1,7.58364e-05,0.0071507423,0.006874657643434777
FEBXIV_clean,17.28638,15.74639,17.27933,0.293688,1491.04,5076.95,0.0,0.0,0.8788,2.99229,0.0,1,0.0012424212,0.1257376271,0.12344396299490772
FECXUI_clean,10.09798,5.67724,10.08611,0.924829,2051.69,2218.46,0.0,0.0,0.69,0.746084,0.0,1,0.0002854339,0.0286606201,0.029203195222921852
FECZAQ_manual,8.47974,5.36674,8.47974,0.984083,2012.57,2045.13,0.0,0.0,0.6646,0.67535,0.0,0,0.0002271515,0.024994054,0.02506530218471682
FEFVES_clean,4.77641,3.28141,4.37104,1.17598,0.0,0.0,684.029,581.665,0.4808,0.408849,0.0,1,0.0001292783,0.0093504557,0.012296800762529762
FERVIJ_clean,4.83126,3.6773,4.83126,1.86686,1302.53,697.711,13.494,7.22817,0.5356,0.286899,0.0,1,7.53312e-05,0.0086557934,0.008574055096404572
FESBEM_clean,5.39035,3.27064,5.39035,1.4948,0.0,0.0,912.791,610.644,0.452,0.302382,0.0,1,9.15395e-05,0.0103537739,0.008965179226602138
FEXCES_clean,6.14892,5.48137,6.14892,1.01825,1528.57,1501.17,0.0,0.0,0.5802,0.569801,0.0,1,0.0002036137,0.0236839726,0.020289492309450693
FEZQEI_clean,5.828,5.10591,5.828,1.19338,806.933,676.177,0.0,0.0,0.487,0.408086,0.0,0,6.34361e-05,0.0081899991,0.007991758682871308
FIFGEI_clean,16.15291,14.69313,16.15291,0.412792,1738.34,4211.18,0.0,0.0,0.8636,2.09209,0.0,1,0.0008209323,0.0879669431,0.08755904377027311
FIFPAM01_clean,4.73813,3.78761,4.73813,1.03017,1649.03,1600.74,0.0,0.0,0.5794,0.562433,0.0,1,0.0002004014,0.0161737255,0.019634549318944906
FIFPAM_clean,4.72449,3.84654,4.62424,1.03535,1611.82,1556.78,0.0,0.0,0.5846,0.564637,0.0,1,0.000146961,0.015511065,0.01691781016341189
FIGXAU_clean,3.75003,2.82695,3.75003,2.0438,0.0,0.0,212.904,104.171,0.5098,0.249437,0.0,1,5.55718e-05,0.0053560648,0.00515225782034179
FIHXUR_clean,3.32747,2.94879,3.32514,1.45811,0.0,0.0,0.161724,0.110914,0.3912,0.268293,0.0,1,8.6668e-06,0.0012012214,0.0015165622344719895
FIJDIM02_clean,5.85717,5.09946,5.85717,1.24136,1271.74,1024.47,0.0,0.0,0.5328,0.429205,0.0,1,0.0001634418,0.0159383956,0.014913411688736711
FIJDIM11_clean,5.83014,5.0814,5.83014,1.23386,1262.75,1023.41,0.0,0.0,0.5344,0.433111,0.0,1,0.000150761,0.0157693178,0.01454289993871177
FIJZEE_clean,7.37726,6.47542,7.37726,1.82096,874.8,480.405,0.0,0.0,0.4718,0.259093,0.0,0,7.83974e-05,0.0079757213,0.007546780572044649
FIMZAE_clean,8.7496,5.24839,8.73677,1.17241,1659.79,1415.71,0.0,0.0,0.6,0.511765,0.0,1,0.0001873405,0.0174076024,0.01901973373089742
FIQZAH_clean,4.65627,3.68934,4.65627,1.93416,700.399,362.121,0.0,0.0,0.45,0.23266,0.0,0,6.40341e-05,0.0059998508,0.006207290605599243
FITHIA_clean,4.35737,3.84524,4.35737,1.27732,941.275,736.915,0.0,0.0,0.4314,0.337739,0.0,1,7.41374e-05,0.0069439048,0.008451472638136828
FIVQOR_clean,4.63823,4.0753,4.63823,2.18775,1209.41,552.809,0.0,0.0,0.4796,0.219221,0.0,1,0.0001289106,0.0119246918,0.012473678782288635
FODZUU_clean,4.75652,2.79292,4.70786,1.95871,0.0,0.0,583.829,298.067,0.406,0.207279,0.0,1,9.08036e-05,0.0075775117,0.007977634543871431
FOFTIF_clean,6.9711,4.44534,6.9711,1.09535,1552.88,1417.7,0.0,0.0,0.5846,0.533709,0.0,1,0.0001718002,0.0183917894,0.01786035443906254
FOFTUR_clean,6.77119,4.51348,6.77119,1.0583,1552.58,1467.05,0.0,0.0,0.588,0.555606,0.0,1,0.0001798216,0.0193398098,0.018785896104828358
FOHCIP_clean,4.96285,4.14038,4.9303,1.87592,1245.59,663.988,0.0,0.0,0.5966,0.318031,0.0,1,9.02534e-05,0.0090525583,0.009309711285890313
FOHQUO_clean,4.34506,3.45753,4.34017,1.59314,531.012,333.311,0.0,0.0,0.4696,0.294764,0.0,1,4.77307e-05,0.0052316217,0.00536057714360794
FOJVUX_clean,3.90292,2.68796,3.90292,1.38007,0.0,0.0,115.7,83.8365,0.4328,0.313607,0.0,1,4.95206e-05,0.0046549394,0.0049389625603713985
FORPIM_clean,9.59156,4.26108,9.59156,1.02718,2184.13,2126.33,0.0,0.0,0.709,0.690238,0.0,1,0.000223575,0.0255286667,0.024464813840550135
FORTIR_clean,7.46367,6.87207,7.46367,0.921652,1895.01,2056.1,0.0,0.0,0.6264,0.679649,0.0,1,0.0001943343,0.0218687421,0.023077913440406123
FOVPUD_clean,5.92888,3.43151,5.75387,1.33896,878.863,656.376,0.0,0.0,0.4994,0.372975,0.0,1,8.61316e-05,0.009143038,0.0093110071855027
FOWTOC_clean,5.29743,3.61946,5.29013,1.16444,1132.68,972.722,0.0,0.0,0.4982,0.427845,0.0,0,9.76076e-05,0.0113324129,0.011820462341089705
FUBDAI_clean,8.13737,7.41793,8.13713,1.22976,2049.34,1666.45,0.0,0.0,0.6726,0.546935,0.0,0,0.0002001293,0.019529063,0.019620148725873084
FUDHET_clean,7.05179,4.74765,7.05179,0.905742,2494.35,2753.93,0.0,0.0,0.6642,0.733321,0.0,1,0.0003073512,0.0317505644,0.030582647499395085
FUHNED_clean,6.48528,4.12203,6.4155,1.3617,1522.72,1118.25,0.0,0.0,0.5858,0.430197,0.0,1,0.000159291,0.0174404497,0.015165860085524537
FUHNIH_clean,5.52821,3.42388,5.52134,1.16361,1148.32,986.858,0.0,0.0,0.5352,0.459948,0.0,1,0.0002013846,0.017103181,0.016959199834276486
FUMHEC_clean,4.19047,2.89967,4.19047,1.27669,0.0,0.0,305.001,238.9,0.4284,0.335555,0.0,0,3.50326e-05,0.0048902333,0.004251400301465976
FURFOP_clean,4.93892,3.56519,4.93892,1.22098,496.28,406.459,457.279,374.517,0.5202,0.42605,0.0,0,0.0001247661,0.0111078527,0.011866181034843902
FURRAM_clean,10.403,9.40744,10.403,1.04916,1635.25,1558.63,0.0,0.0,0.6366,0.606772,0.0,1,0.0001807071,0.0187174503,0.020551755508760573
FURSES_clean,5.13622,4.08548,4.9972,1.59979,1236.67,773.017,0.0,0.0,0.4932,0.30829,0.0,1,9.91946e-05,0.0102066847,0.010478265479384293
FUTZAX_clean,6.70042,6.11185,6.67865,0.956816,2069.71,2163.12,0.0,0.0,0.6692,0.699403,0.0,1,0.0002828481,0.0288224737,0.02816464008318338
FUVDEH08_clean,6.59075,5.99281,6.59075,1.83217,393.9,214.991,0.0,0.0,0.278,0.151733,0.0,1,2.37996e-05,0.0027759404,0.002866209968263941
FUVFUZ_clean,6.56118,5.97328,6.56118,1.8467,394.83,213.803,0.0,0.0,0.2718,0.147181,0.0,1,3.19015e-05,0.0027470771,0.003304177430997878
FUWFIO_clean,7.45171,4.92598,7.05573,1.06861,2012.96,1883.72,0.0,0.0,0.6538,0.611823,0.0,1,0.0002666917,0.0221036987,0.025466385633705714
FUYZAB_ion_b,5.21141,3.3233,5.07544,2.52362,430.151,170.45,0.0,0.0,0.3548,0.140592,0.0,0,2.23978e-05,0.0024916227,0.0025275584169968737
FUZKAN_clean,5.06549,3.23595,5.05633,1.24948,0.0,0.0,587.605,470.28,0.477,0.38176,0.0,0,8.89218e-05,0.0082430504,0.008867645419011253
GAGSUF_clean,13.27563,13.09101,13.27563,1.53244,1385.3,903.983,0.0,0.0,0.652,0.425465,0.0,1,0.0001687335,0.0178638731,0.01771019207907953
GAJZAU_clean,4.80108,4.30234,4.80108,1.51624,1143.74,754.324,0.0,0.0,0.5456,0.359838,0.0,1,9.57861e-05,0.0087026843,0.010191732735464809
GAJZOI_clean,4.76043,4.22431,4.76043,1.6231,1140.51,702.673,0.0,0.0,0.5414,0.333559,0.0,1,9.56859e-05,0.0081112225,0.009812917616602848
GAMTIY_clean,4.94228,3.13094,4.94228,1.44018,0.0,0.0,724.278,502.908,0.5186,0.360094,0.0,1,7.83266e-05,0.0104637247,0.008564292615391905
GAQYIH_clean,20.25844,8.96976,15.7736,0.559917,2127.26,3799.24,0.0,0.0,0.8486,1.51558,0.0,1,0.0006476603,0.057409018,0.06291870873539122
GARTIF_clean,4.43647,3.87557,4.43647,1.65372,1132.95,685.091,0.0,0.0,0.471,0.284812,0.0,1,7.99136e-05,0.0093406261,0.008643975888654364
GAWKAS_clean,4.05499,3.17479,3.92137,2.32581,0.0,0.0,75.1533,32.3127,0.3806,0.163642,0.0,1,1.65289e-05,0.0014009514,0.0017932609181252473
GAWMOJ_clean,9.85959,7.82076,9.85959,0.707147,2014.24,2848.41,0.0,0.0,0.7242,1.02411,0.0,1,0.0004035756,0.0397311796,0.04016403827786845
GAXWEJ_clean,4.40485,2.71207,4.39684,1.56723,0.0,0.0,539.867,344.471,0.4694,0.299509,0.0,1,6.74229e-05,0.0076257585,0.007127989308547359
GAYPED_clean,9.58074,6.82289,7.89267,0.900136,2106.29,2339.97,0.0,0.0,0.6514,0.723668,0.0,1,0.000304463,0.031752541,0.029918144924384854
GAYTEH_ion_b,7.25944,3.65684,7.23718,1.37181,1135.72,827.897,0.0,0.0,0.497,0.362294,0.0,1,9.32404e-05,0.0103241569,0.01011139609277058
GEDQOX_clean,6.45005,4.67913,6.43264,1.07947,2326.66,2155.37,0.0,0.0,0.632,0.585473,0.0,1,0.0002475386,0.0236124344,0.02399952368367474
GEDSEP_clean,4.82283,3.73359,4.81042,1.38544,1023.08,738.448,0.0,0.0,0.5156,0.372155,0.0,1,0.0001346077,0.0122583579,0.012071614574650185
GEGBEB_clean,4.72277,3.21984,4.36436,1.22883,0.0,0.0,690.277,561.734,0.5214,0.424305,0.0,1,9.31729e-05,0.0093447435,0.010178286019456423
GEGGEG01_clean,4.4734,3.53731,4.46972,1.51151,780.594,516.434,0.0,0.0,0.4522,0.299171,0.0,1,6.8426e-05,0.0099720895,0.007095492846789423
GESDUF_clean,7.63383,7.44692,7.63383,1.05439,936.707,888.384,0.0,0.0,0.5408,0.512901,0.0,1,0.0001192497,0.0120970333,0.012128347926693248
GESNOI_clean,6.41874,3.48818,6.41739,1.68473,668.393,396.736,0.0,0.0,0.4826,0.286455,0.0,1,7.73014e-05,0.0074250765,0.007614068680381019
GETXAG01_clean,3.334,2.6262,3.17422,1.56139,0.0,0.0,0.156206,0.100043,0.3642,0.233254,0.0,1,2.74046e-05,0.0020563215,0.0025265940737533993
GEVXAI_clean,3.71553,2.68712,3.70664,2.06408,0.0,0.0,101.112,48.9867,0.415,0.201058,0.0,1,3.82611e-05,0.0039090064,0.0034251232308127634
GEWXAJ_clean,4.82967,4.48576,4.82967,1.6967,607.999,358.342,0.0,0.0,0.4016,0.236695,0.0,1,4.29127e-05,0.0051066148,0.0047246651334645565
GEZYOB_clean,5.97203,4.53159,5.97203,1.47469,1908.41,1294.11,0.0,0.0,0.5414,0.367128,0.0,0,0.0001285474,0.0127500196,0.014277104203367263
GIHPAQ_clean,6.0679,3.20702,4.88779,1.37065,0.0,0.0,933.937,681.382,0.517,0.377193,0.0,1,0.0001004692,0.0102604174,0.010322592444743326
GINLIA_clean,6.39385,4.60431,6.39349,0.877136,2189.88,2496.63,0.0,0.0,0.6554,0.747205,0.0,1,0.0002383487,0.0275714044,0.026814435614157143
GIQXOU_clean,4.81089,3.81392,4.81089,1.85808,1583.35,852.141,0.0,0.0,0.5814,0.312903,0.0,1,0.0001203229,0.0106943691,0.011123331408759114
GIQYOV_clean,4.65103,4.01588,4.65103,1.69435,1544.77,911.715,0.0,0.0,0.5744,0.339009,0.0,1,8.69096e-05,0.0102305044,0.009923117546280223
GIRGUL_clean,4.00306,3.26113,3.99382,1.40352,0.0,0.0,187.669,133.713,0.416,0.296397,0.0,1,3.62805e-05,0.0041028528,0.0041730805316638805
GIRYEN_clean,4.46145,3.72288,4.46145,1.49644,287.06,191.829,0.0,0.0,0.4038,0.269841,0.0,1,3.49653e-05,0.0038739466,0.0036693821773640476
GIRZAK_clean,4.21373,3.61145,4.21373,1.53199,237.412,154.969,0.0,0.0,0.4018,0.262273,0.0,1,3.11422e-05,0.0031984894,0.003539035029799244
GISMIG_clean,4.0304,2.93362,4.0304,1.49375,0.0,0.0,163.882,109.711,0.4292,0.28733,0.0,0,3.86e-05,0.0034071948,0.0038861612601075353
GIVNIK_clean,7.21449,5.67473,7.21449,0.867445,2262.97,2608.78,0.0,0.0,0.6652,0.76685,0.0,1,0.0002462854,0.0276976375,0.027941054558984768
GIWCAR_ion_b,6.05356,4.17814,6.05356,1.07197,1658.11,1546.78,2.02848,1.89228,0.5834,0.544229,0.0,1,0.0001719017,0.0171835536,0.01807869206404808
GIWCOF_ion_b,6.18603,4.18536,6.1755,1.09485,1872.24,1710.03,0.0,0.0,0.5864,0.535596,0.0,1,0.0001843479,0.0177662738,0.018981096841360526
GIYTAK_clean,5.85565,4.3241,5.81433,1.11314,2290.27,2057.49,0.0,0.0,0.6456,0.579983,0.0,1,0.0002114645,0.0209564616,0.021785571146765305
GIZVER_clean,3.86175,3.03502,3.84974,1.5862,0.0,0.0,134.988,85.1019,0.4274,0.26945,0.0,1,6.50291e-05,0.006056999,0.00578760829994068
GOGSIF_clean,8.22407,5.82511,8.22407,0.843093,1913.32,2269.41,1.31012,1.55395,0.6484,0.769073,0.0,1,0.0002244387,0.0237201968,0.025496846998118414
GONTAG_clean,3.69316,3.31113,3.69316,1.23517,630.32,510.311,0.0,0.0,0.5362,0.434111,0.0,1,0.0001339072,0.0118762518,0.01175223102495137
GOQTIR_clean,4.31911,3.00422,4.31353,1.28361,0.0,0.0,1060.36,826.075,0.5868,0.457147,0.0,1,0.0001312187,0.0145918467,0.013356977743050936
GORQAF_clean,6.72825,5.09275,6.72825,1.1538,2875.75,2492.42,0.0,0.0,0.7648,0.662854,0.0,0,0.0002063997,0.0224743744,0.02197521345231389
GOSDID_clean,7.82021,4.59261,7.82021,1.06883,1472.28,1377.47,0.0,0.0,0.5676,0.531048,0.0,1,0.0001731359,0.0174867243,0.017985035442019792
GOSRIP_clean,4.372,2.69453,4.26367,1.80918,0.0,0.0,629.086,347.719,0.5122,0.283112,0.0,1,0.0001077503,0.0087614495,0.009849781108912556
GOVHOQ_clean,5.0786,4.57892,5.0786,2.10255,403.599,191.957,0.0,0.0,0.3698,0.175882,0.0,0,2.96875e-05,0.0022840546,0.00307008911347373
GUCJAQ_clean,5.76197,4.68972,5.75144,1.29019,1221.31,946.616,0.0,0.0,0.4888,0.37886,0.0,0,0.0001107186,0.0115450514,0.012532122095098047
GUDJOG_clean,7.68451,4.9879,7.6811,1.00363,1922.96,1916.01,0.0,0.0,0.6122,0.609987,0.0,1,0.0002082167,0.0229202082,0.022689948586902684
GUFXEM_clean,6.06791,4.72083,6.0579,1.2094,1573.94,1301.42,0.0,0.0,0.5582,0.461552,0.0,1,0.0001855153,0.0170655665,0.017653768507363183
GUHGOH_clean,4.13291,2.769,4.13291,2.19053,0.0,0.0,108.815,49.6751,0.4008,0.182969,0.0,1,2.35987e-05,0.0034702543,0.002569362742965143
GUJTOV_clean,3.55107,2.61724,3.54598,2.22754,0.0,0.0,26.5958,11.9395,0.3816,0.17131,0.0,1,1.7148e-05,0.0015819022,0.0017371445669606689
GULCAS_clean,4.32787,3.5712,4.32787,1.83607,854.103,465.181,0.0,0.0,0.4892,0.266439,0.0,1,8.89887e-05,0.0091658327,0.008857800214103597
GULVUF_clean,16.10036,15.32514,16.09835,0.674334,1617.68,2398.93,0.0,0.0,0.7312,1.08433,0.0,0,0.0003965205,0.0413262492,0.04144313773326602
GULWIU_clean,11.05938,6.30446,11.02908,0.918977,2242.53,2440.24,0.0,0.0,0.738,0.803067,0.0,1,0.0003013968,0.0305904048,0.03097097728810057
GULWOA_clean,7.6136,7.16835,7.6136,1.27683,1846.33,1446.03,0.0,0.0,0.6334,0.496073,0.0,1,0.0001701252,0.0176148592,0.018600361978882998
GUSJOU_clean,6.46175,4.9377,6.46175,1.4824,1450.9,978.754,0.0,0.0,0.5424,0.365894,0.0,1,0.0001529066,0.0130317409,0.014322059953090837
GUTYIE_clean,5.62453,4.16158,5.60554,1.07616,1629.52,1514.21,0.0,0.0,0.6326,0.587833,0.0,0,0.0002002821,0.021813142,0.020028190239112415
HAHCUR_clean,7.19827,5.98763,7.19827,1.10603,1324.83,1197.82,0.0,0.0,0.546,0.493657,0.0,0,0.0001676681,0.0164850697,0.01626769885781491
HAHPOW_clean,9.6196,8.46967,9.6196,1.47235,624.294,424.013,93.3885,63.4283,0.498,0.338235,0.0,1,6.58062e-05,0.0070822748,0.00745425621232009
HAJLIO_clean,5.88281,3.51824,5.88281,1.36262,373.489,274.096,0.0,0.0,0.3676,0.269774,0.0,0,4.69247e-05,0.0040975345,0.004775585706300616
HAKCAZ_clean,7.25791,5.03113,6.91895,1.17911,1594.01,1351.88,0.0,0.0,0.5908,0.501055,0.0,1,0.0001991934,0.0185093603,0.019216853757533903
HAKVOH_clean,9.12551,3.7795,9.11836,1.17123,1785.15,1524.17,0.0,0.0,0.6208,0.530041,0.0,1,0.0001957358,0.0207973442,0.019903187513084907
HAPHUD_clean,8.47502,6.8337,8.46296,0.827108,1882.02,2275.42,0.0,0.0,0.6618,0.800137,0.0,1,0.0002744408,0.0312434513,0.028310133828386715
HAQJIV_clean,10.92187,6.16089,10.13253,0.730979,2352.02,3217.63,0.0,0.0,0.744,1.01781,0.0,1,0.0004810522,0.0433375162,0.04552728778325925
HASNOH_clean,5.38898,4.39397,5.38845,1.86317,1402.69,752.852,0.0,0.0,0.5556,0.298201,0.0,1,0.0001014499,0.0100026563,0.010172595979831838
HASTAY_clean,6.39369,3.9398,5.95965,1.27695,1466.95,1148.79,0.116669,0.0913651,0.5758,0.450916,0.0,1,0.0001263097,0.0152965775,0.014005582602174993
HATZOS02_clean,4.8576,4.0805,4.8576,1.31729,1109.65,842.374,1.31609,0.999089,0.544,0.41297,0.0,1,0.0001165085,0.0104001686,0.011712889126088075
HATZOS_clean,4.85832,4.07746,4.85832,1.31771,1115.31,846.4,1.47769,1.12141,0.531,0.402973,0.0,1,6.65763e-05,0.0097795824,0.008952363408810698
HAVVUX_clean,8.34589,6.74867,8.34589,2.21863,955.771,430.794,0.0,0.0,0.5032,0.226807,0.0,1,6.74058e-05,0.0067772818,0.006214488217899251
HAVZIP_clean,12.95456,9.6087,12.76631,0.416845,1954.8,4689.52,0.0,0.0,0.815,1.95516,0.0,1,0.0009591314,0.0829949878,0.08046338910755987
HAWVEI_clean,5.44774,3.7649,5.44192,1.50867,1222.23,810.136,0.0,0.0,0.526,0.348652,0.0,0,0.0001304265,0.0127158674,0.012836364419599542
HAWVIM_clean,5.41474,3.72498,5.39995,1.55868,1201.98,771.152,0.0,0.0,0.522,0.334898,0.0,0,0.000121325,0.0122919201,0.012114457463981165
HAWVOS_clean,5.41179,3.71334,5.38603,1.62695,1198.02,736.358,0.0,0.0,0.519,0.319002,0.0,0,9.57771e-05,0.0117792093,0.011006066727556475
HAWWAF_clean,5.36818,3.69998,5.3038,1.61776,1179.03,728.804,0.0,0.0,0.5186,0.320567,0.0,0,0.0001008273,0.0118285633,0.0110922356293681
HAZGOF01_clean_h,3.88897,3.02184,3.62207,1.23879,0.0,0.0,101.083,81.5986,0.4936,0.398455,0.0,0,6.61935e-05,0.00647444,0.00701211539045106
HAZGOF02_clean_h,3.85223,2.95905,3.61217,1.23872,0.0,0.0,98.4661,79.4901,0.494,0.398798,0.0,0,5.72484e-05,0.0065334774,0.006324317875181125
HAZGOF03_clean_h,3.92084,2.99139,3.73553,1.23924,0.0,0.0,115.847,93.4824,0.4872,0.393145,0.0,0,6.79825e-05,0.006739214,0.006781979028046229
HAZGOF04_clean_h,3.91146,2.97152,3.79366,1.242,0.0,0.0,96.9514,78.061,0.4792,0.385831,0.0,0,6.08265e-05,0.0060558108,0.0062684713025992
HEBNOT_clean,6.16705,5.25559,6.16705,2.0588,1791.16,870.001,0.0,0.0,0.601,0.291917,0.0,1,8.25438e-05,0.0098183059,0.009290087361916203
HEDGUS_clean,3.49905,2.94252,3.48387,1.74568,0.0,0.0,16.2872,9.33004,0.3924,0.224784,0.0,1,3.99134e-05,0.0019145534,0.00348116525880331
HEFFEF_clean,9.54316,8.35297,9.54316,1.17123,1191.49,1017.3,0.0,0.0,0.5608,0.478813,0.0,1,0.0001537859,0.0162532505,0.015442144361943107
HIBGEF_clean,4.68206,3.60956,4.68206,1.41956,703.501,495.576,0.0,0.0,0.4404,0.310237,0.0,0,8.09801e-05,0.007478511,0.007474892209757158
HICZEA_clean,4.83695,4.09471,4.83695,1.59649,796.791,499.09,0.0,0.0,0.4516,0.282871,0.0,0,7.57307e-05,0.0084108437,0.007427893531681707
HIFGEK_clean,6.30554,5.14447,6.30011,1.31758,1695.15,1286.57,0.0,0.0,0.5682,0.431246,0.0,1,0.0001285151,0.0130797975,0.014860809548520459
HIFTOG01_clean,15.08334,7.94194,15.08334,0.584242,2219.37,3798.71,0.0,0.0,0.8024,1.3734,0.0,0,0.0005844307,0.0579479297,0.05763957474518904
HIFVUO01_clean,11.71277,3.2993,11.70939,0.83399,0.0,0.0,1688.38,2024.46,0.712,0.853727,0.0,0,0.0002853677,0.0283836488,0.027984547383365407
HIGRIA_clean,11.33189,6.86002,11.33189,0.649596,2356.83,3628.15,0.0,0.0,0.774,1.19151,0.0,1,0.0005008707,0.0495617661,0.05057794527293087
HIHFOV_clean,4.86314,3.46095,4.86114,1.09882,730.753,665.036,0.0,0.0,0.4806,0.437379,0.0,0,0.0001324139,0.0112286962,0.012184701931699387
HISGAT_clean,5.66636,4.82954,5.66636,1.37462,738.511,537.249,0.0,0.0,0.318,0.231337,0.0,1,8.60341e-05,0.0088650576,0.007832614687382316
HISGIB_clean,6.02888,4.81928,6.02888,1.46684,832.757,567.721,0.0,0.0,0.4806,0.327643,0.0,1,8.64123e-05,0.0086564812,0.008279071178680177
HIWLIK_clean,4.58174,3.69427,4.58174,1.68973,1137.53,673.202,0.0,0.0,0.5902,0.349287,0.0,1,0.0001170535,0.0111052819,0.010915598342045453
HIYMEJ_clean,4.30008,2.73025,4.29155,2.14723,0.0,0.0,295.871,137.792,0.327,0.152289,0.0,1,8.21252e-05,0.0062105464,0.007253294296195529
HOFJIX_clean,9.75671,8.56589,9.45457,1.06294,1335.32,1256.25,0.0,0.0,0.5826,0.548103,0.0,1,0.0002000797,0.0194701052,0.018378542558821216
HOFSUS_clean,4.7504,3.70252,4.74887,1.26142,1014.67,804.388,0.0,0.0,0.555,0.439981,0.0,1,0.0001194195,0.013550604,0.011713517524752415
HOGPUQ_clean,4.22,2.79243,4.20103,2.08874,0.0,0.0,384.053,183.868,0.4226,0.202322,0.0,0,5.60189e-05,0.0052041574,0.005289429355710713
HOGSIG_clean,5.41082,3.95109,5.41082,1.19816,1084.16,904.86,0.0,0.0,0.5322,0.444182,0.0,1,0.0001228493,0.0113060986,0.01270955126334747
HOHMEX_manual,18.78417,14.89456,18.78417,0.315898,1578.36,4996.42,0.0,0.0,0.8756,2.77178,0.0,0,0.0010674383,0.1108039116,0.1064097892006826
HOJLEY_clean,3.63337,2.83052,3.60118,1.41101,0.0,0.0,104.836,74.2986,0.4062,0.28788,0.0,0,4.13078e-05,0.0029116688,0.004069990326289638
HOKGUJ_clean,9.34177,3.71993,9.34177,1.22332,1337.41,1093.26,0.0,0.0,0.5774,0.471995,0.0,1,0.0001416258,0.0156120321,0.015035451089980447
HOWQEQ_clean,5.03956,3.43426,5.01641,1.51423,609.631,402.601,6.8807,4.54403,0.48,0.316993,0.0,1,8.23855e-05,0.0087383604,0.00811257844588988
HOXKUB_clean,6.32021,4.20706,6.31633,1.716,1292.29,753.082,0.0,0.0,0.5408,0.315151,0.0,1,9.97272e-05,0.0121618504,0.010102644463836607
HOXSAQ_clean,4.18162,2.9595,4.18162,2.0699,0.0,0.0,302.226,146.01,0.329,0.158945,0.0,1,5.5541e-05,0.0064038743,0.004936526106650848
HOXSUK_clean,6.8634,6.5073,6.8549,1.07828,1271.94,1179.6,0.0,0.0,0.553,0.512854,0.0,1,0.0001955022,0.0180790269,0.01763515237310699
HOYRIY_clean,6.33252,5.73011,6.33252,1.22757,1418.96,1155.91,0.0,0.0,0.5282,0.430281,0.0,1,0.0001703657,0.0182291351,0.016678993666059235
HOYTUL_clean,5.4823,3.49814,5.47353,1.38751,591.329,426.179,114.439,82.4776,0.4482,0.323024,0.0,1,9.42774e-05,0.0089896928,0.00874852787357986
HOZFEJ_clean,8.96888,8.2985,8.96888,1.10337,952.541,863.301,0.0,0.0,0.4856,0.440106,0.0,0,0.0001607872,0.0120590378,0.014743605708236426
HOZTOG_clean,8.69843,6.41352,8.68476,1.38534,1756.27,1267.75,0.0,0.0,0.642,0.463424,0.0,0,0.0001723896,0.0167780021,0.01722930686749887
HUCWUZ_clean,6.73347,3.6531,6.72302,1.2549,1424.07,1134.81,0.0,0.0,0.5568,0.443702,0.0,0,0.0001578563,0.014682045,0.015624304855733925
HUFHIB_clean,9.90019,7.46213,9.90004,0.9042,1987.19,2197.73,0.0,0.0,0.6998,0.773944,0.0,1,0.0002644982,0.0264134524,0.028377490498435944
HUFYIS_clean,4.3139,3.55368,4.30056,2.21162,511.056,231.077,0.0,0.0,0.5152,0.232951,0.0,1,7.14371e-05,0.0049694986,0.006974732307916884
HUHNIJ_clean,6.23729,5.3405,6.23046,1.03071,1170.03,1135.17,0.0,0.0,0.5464,0.530122,0.0,1,0.000122184,0.0127652564,0.013702275975210274
HUJVOX_clean,5.27825,3.53087,5.19969,0.862596,1941.73,2251.03,0.0,0.0,0.6554,0.7598,0.0,1,0.0002895927,0.025253427,0.026903769371780566
HULTEN_clean,5.18269,3.6406,5.1729,1.69201,1269.56,750.33,0.0,0.0,0.571,0.337469,0.0,0,0.0001858925,0.0148647094,0.014852305854110591
HUQHEI_clean,10.39855,7.33583,10.39855,0.70723,1815.66,2567.28,0.0,0.0,0.6916,0.9779,0.0,1,0.0003882481,0.0379931278,0.03779692200619669
HUQHUY_clean,12.11698,9.08074,12.11414,0.619951,1818.86,2933.88,0.0,0.0,0.7208,1.16267,0.0,1,0.000447595,0.0463987693,0.04570445384501982
HURGAE_clean,5.60961,3.61361,5.60331,1.138,1484.11,1304.14,0.0,0.0,0.5708,0.501583,0.0,1,0.0001577102,0.0167197058,0.016229547628031568
HUTTIA_clean,4.93965,2.94896,4.93965,1.29015,0.0,0.0,649.167,503.17,0.4978,0.385845,0.0,1,0.0001044898,0.0089081066,0.009795694559256139
HUWLUI_clean,8.75473,4.69687,8.74085,1.19037,1892.69,1590.0,0.0,0.0,0.6324,0.531265,0.0,0,0.0002147639,0.0203050786,0.02101274879904758
HUZSUR_clean,9.15011,7.4108,9.12328,0.889985,1539.75,1730.09,0.0,0.0,0.5804,0.652146,0.0,1,0.0002667729,0.0243779591,0.02431971716279284
HUZXEH_clean,10.51647,6.32242,10.51647,0.652816,2155.36,3301.64,0.0,0.0,0.7166,1.09771,0.0,0,0.0004080519,0.0420986045,0.04289606408638931
HUZXOR_clean,11.426,7.94889,11.41586,0.669497,1905.96,2846.85,0.0,0.0,0.7086,1.05841,0.0,1,0.0003932847,0.0401443845,0.04154770134010878
IBABUL_clean,6.15206,4.47904,5.79334,1.09763,1721.78,1568.64,0.0,0.0,0.559,0.50928,0.0,0,0.0001579234,0.0187954101,0.017664509356143013
IBEYOE_clean,6.06432,4.11134,6.06432,2.34842,1354.27,576.674,0.0,0.0,0.5366,0.228494,0.0,1,8.61583e-05,0.0082032882,0.008394557319476333
IBITUK_clean,5.114,4.10664,5.114,1.17728,905.001,768.724,0.0,0.0,0.527,0.447643,0.0,1,0.0001146463,0.0102926928,0.011527770256195426
IBUBAL_clean,8.56175,6.50064,8.56175,1.3766,1598.36,1161.09,0.0,0.0,0.5934,0.431061,0.0,1,0.000126597,0.0150539112,0.014404292087475382
IBUBIT_clean,11.26336,10.79912,11.26336,0.878987,1904.31,2166.48,0.0,0.0,0.7036,0.800467,0.0,1,0.0002919974,0.0283199329,0.030241356579184395
ic025743v_s1_clean,5.43084,3.59671,5.41371,0.985749,2031.66,2061.03,0.0,0.0,0.67,0.679686,0.0,1,0.0001913645,0.0199890302,0.021965226654775176
ic102347b_si_001_clean,7.286,6.24859,7.286,0.867522,2138.17,2464.68,0.0,0.0,0.647,0.745803,0.0,1,0.0002605176,0.0294245985,0.02813211937095829
ic2017598_si_001_clean_h,14.86745,7.89388,14.86745,0.609156,2262.99,3714.96,0.0,0.0,0.7982,1.31034,0.0,0,0.0005519624,0.0545265748,0.055421567653347055
ic400607w_si_001_clean,8.03748,6.22623,7.97705,1.08776,1912.85,1758.52,0.0,0.0,0.6308,0.579905,0.0,0,0.0002086731,0.023117188,0.021716154228396466
ic402058f_si_003_clean,5.34889,4.37091,5.2699,1.32744,1070.91,806.748,0.0,0.0,0.5284,0.398059,0.0,1,0.0001405885,0.0129804761,0.012766315821048538
ic402280p_si_002_clean,4.83974,2.7849,4.76646,1.84667,0.0,0.0,304.448,164.863,0.438,0.237183,0.0,1,3.3058e-05,0.0033451131,0.0036323272132232076
ic402692p_si_003_clean,5.22305,3.60975,4.94835,1.24721,1324.38,1061.87,0.0,0.0,0.5356,0.429439,0.0,1,0.0001687686,0.0168502782,0.015020055816704203
ic5021302_si_002_clean,7.40462,5.14931,5.97305,1.03321,929.837,899.95,920.441,890.857,0.6068,0.587296,0.0,0,0.0002329541,0.0230658364,0.022340079124876816
ic502254c_si_002_clean,12.68207,7.60887,12.68207,0.711281,1866.25,2623.79,0.0,0.0,0.7144,1.00439,0.0,1,0.000389301,0.0403061966,0.03973278553411523
ic502725y_si_004_clean,9.62394,4.35849,9.62394,1.57097,2049.09,1304.34,0.0,0.0,0.6364,0.405099,0.000509239,0,0.0001574682,0.0151091841,0.01657959759933123
ic5028256_si_002_clean,11.37946,3.3255,11.37946,0.933117,1429.44,1531.9,0.0,0.0,0.6478,0.694232,0.0,0,0.0001973078,0.0210915883,0.02063478066497913
ic502921j_si_003_clean,7.7085,4.09601,7.43001,1.34893,1247.81,925.035,50.2931,37.2837,0.56,0.415144,0.0,1,0.0001219819,0.0141378182,0.012823882574666604
ic5b00096_auto,12.59507,5.60823,12.59507,0.755193,2269.89,3005.71,0.0,0.0,0.7192,0.952339,0.000264833,0,0.000396402,0.0372080056,0.03971910804302477
ic800131r-file003_clean,12.9498,9.58722,12.94902,0.417413,1982.69,4749.95,0.0,0.0,0.8202,1.96496,0.0,1,0.0007506246,0.0814520373,0.08092416600473547
ic8004536-file004_clean,6.6968,4.95321,6.255,1.67243,1875.63,1121.5,0.0,0.0,0.609,0.364141,0.000119587,1,0.0001077311,0.0123203744,0.011909650010440902
ICAROV_clean,20.33339,7.92146,20.31568,0.406521,1928.4,4743.67,0.0,0.0,0.8236,2.02597,0.0,0,0.0008744467,0.0841090926,0.08487017906238832
ICEGED_clean,7.44329,6.41787,7.44329,0.943252,2339.38,2480.12,0.0,0.0,0.7078,0.750383,0.0,1,0.0003042842,0.0285722884,0.030312070235912578
IDAGOL_clean,3.78397,3.22953,3.77207,1.49127,0.0,0.0,192.213,128.892,0.436,0.292369,0.0,1,5.13068e-05,0.0044674925,0.0050923143120797845
IDIWIB_clean,6.62997,6.29787,6.59524,1.04722,1606.71,1534.25,0.0,0.0,0.612,0.584403,0.0,0,0.0002290208,0.0220617372,0.022386681733332782
IDIWUN_clean,10.73827,9.8398,10.73827,0.874765,1685.19,1926.45,0.0,0.0,0.684,0.781924,0.0,0,0.000300482,0.0294868136,0.02917022760311072
IFENOY03_SL,7.28997,5.75367,7.27102,1.31871,593.793,450.282,0.0,0.0,0.4674,0.354437,0.0,0,5.98726e-05,0.0053582421,0.006464816349038218
IGOJEV_clean,6.84915,5.33678,6.8307,1.1268,1367.78,1213.86,0.0,0.0,0.5334,0.473376,0.0,0,0.0001388389,0.0170243849,0.015825891755027296
IGUVIR_clean,5.80337,3.48765,5.78397,1.34417,868.475,646.107,0.0,0.0,0.4594,0.341773,0.0,0,0.0001003163,0.0096283185,0.009953846290679177
IHUTIQ_clean,4.64256,3.74008,4.5445,1.27422,518.012,406.533,0.0,0.0,0.439,0.344525,0.0,0,5.45337e-05,0.0048167446,0.00534926339044714
IJASIW_clean,4.37434,3.3575,4.37434,1.59147,425.39,267.294,17.0209,10.6951,0.4356,0.27371,0.0,0,6.70692e-05,0.0070937393,0.00651259952316839
IJASOC_clean,6.30976,5.8805,6.27431,1.0194,1983.73,1945.99,0.0,0.0,0.653,0.640576,0.0,1,0.00019473,0.0222344574,0.021850822279609612
IJEYON_clean,4.12084,3.31963,4.1204,1.28925,475.404,368.745,0.0,0.0,0.499,0.387048,0.0,0,7.72915e-05,0.0086440017,0.007754697438361191
IJUTEM_clean,7.42822,3.46008,7.42822,1.4496,1196.69,825.529,190.636,131.509,0.5614,0.38728,0.0,0,0.000139512,0.0154032601,0.014358981978643336
IKOKEA_clean,6.08904,3.3904,6.07977,1.63594,1155.87,706.549,0.0,0.0,0.5166,0.315782,0.0,0,0.0001116486,0.0120123726,0.011662223391899457
IKOPEF_clean,7.2534,4.34633,7.2534,1.24385,1606.2,1291.31,0.0,0.0,0.5726,0.460344,0.0,1,0.0001729305,0.0164193779,0.01736647815590287
IKOQII_clean,4.83665,3.16343,4.83665,1.17628,0.0,0.0,470.334,399.848,0.5636,0.479137,0.0,0,7.62269e-05,0.0076673069,0.00881416784478934
IKOSOQ_clean,5.18747,4.15785,5.187,1.04558,711.454,680.438,252.551,241.541,0.5228,0.500009,0.0,1,0.0001285137,0.0134750421,0.013327573675006445
IKOTUZ_clean,16.05073,15.64664,16.05073,1.00283,1515.79,1511.5,0.0,0.0,0.658,0.656142,0.0,1,0.0002705538,0.0279532872,0.026678186842228113
ILIFUE_clean,5.46839,4.30835,5.46382,1.80799,845.912,467.873,0.0,0.0,0.4296,0.237611,0.0,0,8.52002e-05,0.0070832891,0.008046454656030953
ILIMUN_clean,6.19427,4.05594,6.18143,1.18958,950.094,798.68,0.0,0.0,0.473,0.397619,0.0,0,9.10937e-05,0.0104778426,0.009820750251742158
ILINIC_clean,4.81641,3.7003,4.81641,3.15291,1757.15,557.309,0.0,0.0,0.577,0.183005,0.0,1,6.09185e-05,0.0056408551,0.006426285750943355
ILITUT_manual,12.63372,9.84913,12.63125,0.49196,2089.33,4246.95,0.0,0.0,0.786,1.59769,0.0,1,0.0006545845,0.0653684439,0.06560338690830936
ILOJOJ_clean,6.13171,4.84213,6.13171,1.27844,834.445,652.704,0.0,0.0,0.4692,0.367009,0.0,1,8.0451e-05,0.0088578612,0.008626628721322369
ILUFOL_clean,7.10624,3.06586,7.10592,1.59676,0.0,0.0,603.154,377.736,0.4902,0.306997,0.0,1,5.0254e-05,0.0072240142,0.006001491917688267
ILUGOM_clean,7.1541,3.07068,7.15163,1.58406,0.0,0.0,621.794,392.533,0.4944,0.31211,0.0,1,9.21166e-05,0.0069617827,0.008258268640991735
ILUHUT_clean,7.11344,3.21073,7.11344,1.51847,0.0,0.0,602.235,396.607,0.4872,0.32085,0.0,1,7.47521e-05,0.0074292093,0.007560509747158117
ILUJAB_clean,7.14322,3.19958,7.14322,1.49429,0.0,0.0,615.271,411.748,0.483,0.323231,0.0,1,8.10202e-05,0.0074147937,0.007819586708828773
IMACND_clean,4.34425,3.82182,4.33967,1.80066,838.501,465.663,0.0,0.0,0.5398,0.299779,0.0,1,6.50359e-05,0.0081150361,0.006911159799015031
IMEDOV_clean,8.12382,4.26401,8.12382,1.06775,893.804,837.087,12.2034,11.4291,0.5044,0.472393,0.0,1,0.0001188356,0.011073603,0.01200150038755007
INEXOQ_clean,4.63892,2.80813,4.6249,1.2696,0.0,0.0,659.821,519.708,0.5062,0.398708,0.0,1,0.0001400926,0.0125182714,0.012422212237595018
INIDAL_clean,4.50397,3.74534,4.50292,2.3554,849.004,360.45,0.0,0.0,0.4596,0.195126,0.0,0,0.0001174636,0.0117972573,0.011291503136990792
INIRAY_clean,6.42335,4.78031,6.35158,1.15007,1090.31,948.038,0.0,0.0,0.529,0.459971,0.0,1,9.3862e-05,0.0096427607,0.011242551632368467
INIRII_clean,7.50885,6.39264,7.49963,2.36792,800.533,338.074,0.947654,0.400205,0.4536,0.19156,0.0,1,4.26708e-05,0.0043744751,0.0049807371794883554
IPOWOA_clean,4.16556,2.83702,4.16556,1.73574,0.0,0.0,154.555,89.043,0.4626,0.266515,0.0,1,4.12378e-05,0.0040662036,0.004291796154800952
IQIJIC_clean,5.3134,3.06743,5.3134,1.16441,0.0,0.0,711.318,610.883,0.4852,0.416692,0.0,1,7.79102e-05,0.0089639485,0.008742221501456832
IQINAZ_clean,4.8626,3.30446,4.80624,1.37034,0.0,0.0,825.677,602.536,0.498,0.363414,0.0,1,0.0001093859,0.0107938112,0.01055234078995901
IQOHUT_clean,6.95469,5.55862,6.9488,0.866054,1696.91,1959.36,0.0,0.0,0.6176,0.71312,0.0,1,0.0002461522,0.0238852561,0.025352321470479323
IQUCOO_clean,6.46968,5.45118,6.44712,1.037,1366.21,1317.47,0.0,0.0,0.5412,0.521892,0.0,1,0.0002065498,0.0188236976,0.019053919586749735
IRAJAN_clean,4.02837,3.06742,4.02095,2.4407,0.0,0.0,569.779,233.449,0.4384,0.179621,0.0,0,9.91906e-05,0.010461749,0.009095087848792404
IRAYOQ_clean,5.78238,3.66955,5.46102,1.63677,1152.51,704.133,59.8933,36.5923,0.516,0.315255,0.0,1,0.0001110054,0.0120599443,0.011062213394614277
IROHAZ_clean,4.52679,2.88571,4.51817,4.4706,0.0,0.0,254.201,56.8605,0.364,0.0814208,4.47e-05,1,1.19736e-05,0.001430998,0.0013419969064734395
ISIYOZ_clean,3.93319,2.81019,3.93319,2.23336,0.0,0.0,279.739,125.255,0.4342,0.194416,0.0,0,4.12373e-05,0.0037975824,0.004404172928479428
ITAPAU_clean,4.795,4.07473,4.77797,1.13588,2690.44,2368.6,0.0,0.0,0.6968,0.613446,0.0,1,0.0001703859,0.0178239403,0.01904315166596669
IVOCON_clean,5.24294,3.86797,5.24294,1.46762,1975.27,1345.9,0.0,0.0,0.64,0.436082,0.0,0,0.0001749075,0.0168018852,0.016344611793241353
IWAXUZ_clean,9.16743,4.27442,9.16743,1.02656,1732.45,1687.62,0.0,0.0,0.6018,0.586228,0.0,1,0.0001604438,0.0217601965,0.019104102312021535
IWAYAG_clean,7.52525,4.29732,7.52525,1.3181,1385.19,1050.9,0.0,0.0,0.4828,0.366286,0.0,1,9.19715e-05,0.0130018598,0.011345327815137318
IWAYOU_clean,9.03723,4.17928,9.03723,1.25701,1700.75,1353.01,0.0,0.0,0.594,0.47255,0.0,1,0.000172293,0.0172593806,0.017852106623024236
IWELIG01_clean,4.6866,4.49829,4.6866,1.86798,511.71,273.938,140.313,75.1146,0.3994,0.213814,0.0,0,7.1856e-05,0.0078781701,0.0064192488403339715
IXEBEU_clean,4.63531,3.53624,4.63082,1.05655,1090.22,1031.87,0.0,0.0,0.503,0.476077,0.0,1,0.0001263737,0.0125322346,0.013553320771453898
IXITIU02_clean,5.21189,2.95542,5.14494,1.61278,0.0,0.0,945.963,586.54,0.5036,0.312255,0.0,0,9.64359e-05,0.0093229689,0.009903095376986451
IXOFOR_clean,6.58573,6.10481,6.58573,1.02216,1741.26,1703.51,0.0,0.0,0.611,0.597752,0.0,0,0.0002218076,0.0240760384,0.02279226197039003
IXUQUO_clean,6.17038,3.88626,6.17038,1.0897,1053.12,966.424,109.804,100.765,0.5652,0.518674,0.0,1,0.0001522015,0.0146030089,0.014329367931871884
IXUWII_clean,7.47721,5.13969,7.4691,0.925259,1534.87,1658.86,0.0,0.0,0.5898,0.637443,0.0,0,0.0002277421,0.0230626882,0.022412966323362177
IYAHAT_clean,4.67222,2.76111,4.64679,1.76693,0.0,0.0,426.285,241.257,0.4528,0.256264,0.0,1,6.22077e-05,0.0052681027,0.005957257174895373
IYAJID_clean,7.03999,4.83767,7.03999,1.19258,1520.7,1275.13,0.0,0.0,0.565,0.473761,0.0,0,0.0001797403,0.0188390328,0.018159507922695935
IYAJOJ_clean,6.96485,4.61788,6.92434,1.17533,1527.18,1299.36,0.0,0.0,0.552,0.469655,0.0,1,0.0001799035,0.0189254084,0.017913645472837945
IYOQAQ_clean,5.30249,4.25008,5.30179,1.48751,1231.76,828.073,0.0,0.0,0.5432,0.365175,0.0,1,0.000109138,0.0116898966,0.011241306926804032
IYUCIQ_clean,9.96651,8.62113,9.96126,0.918137,1921.78,2093.13,0.0,0.0,0.6824,0.743244,0.0,0,0.0003110957,0.028292694,0.030206666508755337
IYUHOA_clean,7.25841,4.65632,7.2501,1.15015,1882.43,1636.69,0.0,0.0,0.5978,0.519759,0.0,0,0.0002203997,0.0214498677,0.021395639285811223
IYUQID_clean,15.09176,9.842,15.04915,0.561619,1319.58,2349.59,286.013,509.264,0.7206,1.28308,0.0,1,0.0004940793,0.0501635788,0.050673147257114894
IZEBAR_clean,6.51824,4.42782,6.29573,1.10634,2352.12,2126.04,0.0,0.0,0.625,0.564928,0.0,1,0.0002301607,0.0233512538,0.023122952059843722
IZENIM_clean,10.57534,5.75707,6.51584,1.38426,1059.32,765.262,606.777,438.341,0.6424,0.464076,0.0,0,0.0001907581,0.0201945239,0.019078996931037435
IZEQUB_clean,6.84955,5.26119,6.84595,0.91964,1931.75,2100.55,0.9049,0.983971,0.6246,0.679179,0.0,1,0.0002042874,0.0248933885,0.022914167602503855
IZIKOT02_clean,4.48146,2.72753,4.41012,0.99754,0.0,0.0,755.919,757.783,0.5098,0.511057,0.0,0,0.0001327767,0.0133125229,0.013100306366693383
IZOWEA_clean,9.72623,7.72143,9.71631,1.42425,2106.67,1479.15,0.0,0.0,0.696,0.488679,0.0,1,0.0002203472,0.0206769084,0.021517909546395597
IZUVUV_clean,10.56188,10.34053,10.56188,0.902736,1518.51,1682.12,0.0,0.0,0.6572,0.728009,0.0,1,0.0002575948,0.024245359,0.025706937092132
ja106851d_si_001_clean,4.73011,2.94949,4.70899,1.2762,0.0,0.0,477.149,373.882,0.4834,0.37878,0.0,0,8.59995e-05,0.0076865298,0.008366797679431668
ja302110d_si_001_clean,8.24333,6.47099,8.10297,0.864634,1943.01,2247.2,0.0,0.0,0.666,0.770268,0.0,1,0.0003170905,0.0299995821,0.03036624966151589
ja406030p_si_006_manual,12.36076,7.19983,11.84038,0.687816,2106.83,3063.07,0.0,0.0,0.751,1.09186,0.0,1,0.0005006683,0.0432419347,0.04748046888036904
ja500330a_si_005_clean,6.34772,3.79741,5.91821,1.34881,2067.47,1532.8,0.0,0.0,0.5966,0.442315,0.000444835,1,0.0001881837,0.0168878643,0.018686029772866472
ja5063423_si_002_clean,10.81396,5.19047,10.74347,0.995074,2374.31,2386.06,0.0,0.0,0.7264,0.729996,0.0,1,0.000294756,0.0298343337,0.030184863256575108
ja507269n_si_003_clean,27.20941,25.54914,27.20941,0.339031,1450.85,4279.41,0.0,0.0,0.869,2.56319,0.0,1,0.0012163339,0.1041259444,0.10387804564161054
ja5103103_si_002_auto,16.95031,14.45168,16.94349,0.50204,1609.85,3206.61,0.0,0.0,0.8216,1.63652,0.0,1,0.0006558034,0.0651577091,0.0647662309477211
ja510525s_si_002_clean,11.55111,8.31224,11.55111,1.02928,1660.34,1613.11,402.375,390.929,0.6934,0.673676,0.000194311,1,0.0002791958,0.0287211408,0.02866510169592231
ja510525s_si_003-1_clean,10.94267,8.40951,10.74622,0.792307,2099.13,2649.38,0.0,0.0,0.6954,0.87769,0.000252427,1,0.000370501,0.0369350477,0.036454232089160266
ja512973b_si_005_auto,25.24149,10.49588,25.24149,0.291153,1600.36,5496.62,0.0,0.0,0.8684,2.98262,0.000686924,0,0.0011200157,0.122977725,0.11178813934960415
ja5b02777_si_006_clean,3.70012,2.88428,3.69529,1.48055,0.0,0.0,189.684,128.118,0.4896,0.330689,0.0,1,7.39234e-05,0.0077265133,0.00723512154164428
ja5b02999_si_006_clean,15.81495,13.61984,15.81495,0.591093,1861.23,3148.79,0.0,0.0,0.7794,1.31858,0.0,1,0.0005482637,0.0564397757,0.053245999991329535
ja907023c_si_001_clean,9.61179,5.4202,9.50068,0.666698,1801.22,2701.7,393.55,590.296,0.69,1.03495,0.0,0,0.0004661318,0.0419142711,0.04231797921658517
jacs.6b08724_ja6b08724_si_014_clean,28.056,26.5894,28.056,0.284192,1417.0,4986.05,0.0,0.0,0.8798,3.09579,0.0,1,0.0011967802,0.1272773235,0.132359530087857
JADBIC_clean,6.8732,4.88929,6.87248,1.16013,1658.2,1429.33,0.0,0.0,0.5776,0.497877,0.0,1,0.0001673813,0.0182077799,0.017861705795075247
JAJLEO_clean,5.44394,2.82962,5.44394,1.47647,0.0,0.0,800.898,542.441,0.4786,0.324151,0.0,0,7.03668e-05,0.0089054911,0.00801432114774985
JAKBUV_clean,5.57167,3.71325,5.56165,0.804799,1950.58,2423.69,0.0,0.0,0.669,0.831263,0.0,0,0.0002222769,0.0257237433,0.025362714184475128
JALLEQ_clean,20.72686,7.8738,20.45456,0.987929,1836.17,1858.6,0.0,0.0,0.7646,0.773942,0.000202444,1,0.0002998936,0.0312589512,0.030694954590916007
JAVNIE_clean,7.27986,4.97275,7.26799,0.939534,2385.4,2538.91,0.0,0.0,0.669,0.712055,0.0,1,0.0002831746,0.0259880394,0.028380909400458405
JAVWUY_clean,5.48014,3.89264,5.47915,1.114,1459.0,1309.69,0.0,0.0,0.5932,0.532494,0.0,1,0.0001229935,0.0149626302,0.014849161331876904
JEBCOJ_clean,7.20433,5.04936,7.20433,1.89362,858.504,453.367,0.0,0.0,0.4412,0.232993,0.0,0,5.43429e-05,0.0060059825,0.005634115697632759
JEDKEJ_clean,11.82785,6.92938,11.82019,0.805938,1577.17,1956.93,0.028495,0.0353563,0.6606,0.819666,0.0,0,0.0002399663,0.0267867267,0.026440612106807843
JENKIX_SL,9.92059,7.48583,9.85803,1.01231,1221.66,1206.81,0.0,0.0,0.5698,0.56287,0.0,1,0.000186764,0.0185916851,0.01806840243784494
j.ica.2016.08.030_3_clean,5.42105,4.17711,5.42004,0.867442,2120.17,2444.17,0.0,0.0,0.6348,0.731807,0.0,1,0.0002661291,0.025092552,0.02712331644887997
j.inoche.2015.03.028_inc05925-mmc2_clean,5.98483,4.5721,5.97294,0.945356,2162.97,2287.99,0.0,0.0,0.6338,0.670435,0.0,0,0.0002569278,0.0271558047,0.025759061514203856
j.inoche.2015.03.054_CIFs_clean,12.69533,7.85866,12.69533,0.704617,2272.11,3224.61,0.0,0.0,0.79,1.12118,0.0,1,0.0004525039,0.0454333189,0.047033399722176294
JITQEI_clean,4.74821,3.43684,4.74019,0.96574,1149.8,1190.59,1.38371,1.4328,0.5672,0.587322,0.0,1,0.0001659845,0.0149982986,0.01572204962280305
JIZJOT_clean,10.25508,9.65715,10.24861,1.06872,1112.51,1040.98,4.63217,4.33432,0.5712,0.534472,0.0,0,0.0001834998,0.0170675664,0.017156004080343484
JIZWEW_clean,6.00475,5.39741,6.00471,1.02738,1409.26,1371.7,0.0,0.0,0.5578,0.542934,0.0,0,0.0001785148,0.017896619,0.018136938459277475
j.jssc.2014.11.015_mmc2_clean,5.22329,3.73672,5.11659,0.962226,1097.58,1140.67,0.0,0.0,0.5588,0.580737,0.0,0,0.0001580025,0.017102251,0.015994502174997885
JOCLOD_clean,4.31246,3.2182,4.31088,1.02037,0.0,0.0,382.137,374.509,0.5332,0.522557,0.0,1,0.0001136205,0.0095209788,0.011365411356408502
JODGEP_clean,4.14327,2.84829,4.0524,2.16342,0.0,0.0,247.583,114.441,0.4784,0.221132,0.0,1,4.33903e-05,0.0043563819,0.004578149061188768
JOGHEU_clean,4.6871,3.79057,4.64785,1.04241,1656.32,1588.93,0.0,0.0,0.5686,0.545465,0.0,1,0.0001362729,0.0157655748,0.016615775670577173
JOGHIY_clean,4.7279,3.83843,4.69154,1.03019,1565.61,1519.72,0.0,0.0,0.5608,0.544364,0.0,1,0.0001341451,0.0162135393,0.015819388202944408
JOKXUC10_clean,4.62045,3.87167,4.62045,1.57557,703.325,446.394,0.0,0.0,0.499,0.31671,0.0,1,5.60415e-05,0.0053531158,0.006089208804532391
JOKYIR_clean,5.00078,3.76275,4.99703,1.55706,710.679,456.424,0.0,0.0,0.5092,0.327027,0.0,1,6.33346e-05,0.0055780496,0.006810752927222507
JORVET_clean,10.62231,4.72909,10.62231,0.840025,2012.33,2395.56,0.0,0.0,0.6632,0.789501,0.0,1,0.0002850745,0.0307397665,0.029626772907132715
JOSNAG01_clean,4.34391,3.48794,4.33354,1.48639,790.023,531.506,0.0,0.0,0.5002,0.336521,0.0,1,5.72032e-05,0.0079776466,0.006755699231286183
JOWFOQ_clean,6.87554,6.2746,6.85501,1.0117,2308.98,2282.27,0.0,0.0,0.7136,0.705344,0.0,1,0.0002453479,0.024062681,0.02602372089039382
jp209895d_si_002_clean,5.49532,3.6076,5.46456,1.0177,1748.28,1717.87,0.0,0.0,0.5898,0.57954,0.0,1,0.0002286663,0.0208015256,0.02165752711907229
JUBXIP_clean,6.53259,2.94652,6.51537,2.10663,0.0,0.0,744.771,353.537,0.478,0.226903,0.0,1,6.08983e-05,0.0060607666,0.006440726600330203
JUWBIO_clean,4.41179,2.90753,4.38337,1.58511,0.0,0.0,657.862,415.026,0.5318,0.335497,0.0,0,8.65729e-05,0.0101510361,0.008843501010371136
JUXFAL_clean,5.68774,4.91257,5.68774,1.89851,1234.68,650.342,0.0,0.0,0.4776,0.251566,0.0,0,0.0001038872,0.0087158677,0.010882612163554689
jz4002345_si_002_clean,8.57756,4.11023,8.57756,1.21659,1656.78,1361.82,0.0,0.0,0.594,0.488251,0.000328789,0,0.0001485657,0.0174673154,0.01678264732733632
jz4002345_si_005_clean,8.17701,3.85924,8.17701,1.11826,1495.8,1337.62,0.0,0.0,0.578,0.516876,0.00017885,0,0.0001899445,0.0175124863,0.018520784169122402
KABXIW_clean,5.62028,4.9456,5.38973,1.141,1960.49,1718.22,0.0,0.0,0.6228,0.545837,0.0,1,0.0002184571,0.0213064442,0.02105316636450741
KABXOC_clean,5.507,4.94994,5.35679,1.19591,1938.76,1621.16,0.0,0.0,0.616,0.51509,0.0,1,0.0002177439,0.0199041818,0.02065360331000946
KACZEV_clean,9.80506,5.54909,9.77983,0.780304,2624.36,3363.25,0.0,0.0,0.7202,0.922973,0.0,1,0.0004107854,0.040483361,0.039692630847386154
KACZIZ_clean,8.95718,5.39384,8.83819,0.804507,2612.7,3247.58,0.0,0.0,0.7218,0.897196,0.0,1,0.0003682322,0.0382054275,0.037468765351290095
KAHMOW_clean,5.20373,4.91346,5.20373,1.50927,221.957,147.062,328.828,217.872,0.4508,0.298686,0.0,1,7.08706e-05,0.0069784657,0.007046735318660246
KAHYEY_clean,3.89651,3.5765,3.89651,1.95338,467.631,239.396,0.0,0.0,0.401,0.205285,0.0,1,5.56585e-05,0.0045639931,0.004968311312020796
KAJZIH_clean,8.4847,6.59254,8.46458,1.73964,1004.17,577.227,0.0,0.0,0.4824,0.277298,0.0,1,9.06993e-05,0.0088071781,0.008353749217736102
KANDAG_clean,4.72415,2.9462,4.67451,1.37776,0.0,0.0,457.755,332.245,0.4626,0.335762,0.0,1,7.44754e-05,0.0072183866,0.00733965844296507
KAPHOB_clean,4.89405,3.15092,4.20437,1.04092,0.0,0.0,1133.0,1088.46,0.5528,0.531068,0.0,1,0.0001796228,0.0163555465,0.01711653563868844
KAPHUH_clean,4.86022,3.00344,4.85982,1.05926,0.0,0.0,1072.39,1012.39,0.5428,0.512433,0.0,1,0.0001559363,0.0152521491,0.014606325278144948
KAVGAQ_clean,5.26252,4.91537,5.26252,1.15534,1485.59,1285.85,0.0,0.0,0.5246,0.454067,0.0,0,0.0001576462,0.0149802819,0.016056423854624663
KAVTEI_clean,5.69693,3.84932,5.6869,1.19116,1393.16,1169.59,0.886343,0.744103,0.5548,0.465766,0.0,0,0.0001444271,0.0137817448,0.015439582349624184
KAXQIL_clean,5.12409,3.76819,5.12409,1.55224,467.005,300.859,0.0,0.0,0.3454,0.222517,0.0,0,5.34416e-05,0.0062304846,0.00495609025136742
KECRAL10_clean,7.14324,5.71599,7.14324,1.04513,2666.2,2551.06,0.0,0.0,0.762,0.729094,0.0,1,0.0002744899,0.0251728379,0.027038592891317527
KEDJAG10_clean,5.6275,4.42824,5.62604,1.06272,3031.79,2852.86,0.0,0.0,0.692,0.651159,0.0,0,0.0002456703,0.0248686215,0.0243400011576081
KEDJAG14_clean,5.64072,4.46761,5.621,1.05911,3041.81,2872.03,0.0,0.0,0.6942,0.655454,0.0,0,0.000237681,0.0246808735,0.02397862208025376
KEFBOO_clean,11.98728,8.05488,11.98728,0.72084,2302.73,3194.5,0.0,0.0,0.7462,1.03518,0.0,1,0.0005110311,0.0440656077,0.04712419259805828
KEFFEI01_clean,3.96931,2.79019,3.96931,2.17482,0.0,0.0,235.891,108.464,0.421,0.193579,0.0,0,3.19278e-05,0.0034336111,0.0034959590709227484
KEFWAV_clean,4.19377,3.55017,4.10153,1.43831,578.428,402.157,0.568123,0.394992,0.4896,0.340399,0.0,1,9.98182e-05,0.0093093579,0.008991573766656902
KEGZOL04_clean,6.38911,4.90295,6.38911,0.984664,2559.58,2599.45,0.0,0.0,0.7106,0.721667,0.0,0,0.000244371,0.0246914084,0.025881368029651353
KEHGOV_manual,3.60734,2.84874,3.60371,1.5991,0.0,0.0,60.1048,37.5865,0.4262,0.266524,0.0,0,2.45312e-05,0.0031921177,0.0028457764803251576
KEJBIL_clean,4.30596,3.10505,4.30596,1.5807,0.0,0.0,551.301,348.77,0.551,0.34858,0.0,1,0.0001115162,0.0129153959,0.010440725233741873
KEJXUU_clean,4.67999,2.84616,4.6789,1.89646,0.0,0.0,433.736,228.708,0.3692,0.194679,0.0,1,3.6464e-05,0.0034026669,0.0040324779006552375
KESBOA_clean,6.05718,4.26017,6.04665,0.970091,1926.33,1985.72,0.0,0.0,0.5956,0.613963,0.0,1,0.0002118627,0.0200235448,0.022153135483986258
KESGAS_clean,5.62194,5.11595,5.6016,1.12689,1067.74,947.506,0.0,0.0,0.5322,0.472273,0.0,1,0.0001690359,0.0130424515,0.015306523375449214
KEWZET_clean,6.38285,4.89652,6.37584,1.09177,1385.23,1268.79,0.0,0.0,0.5274,0.483068,0.0,1,0.0002091008,0.0171891115,0.01893360618139045
KICXAX_clean,5.16268,4.57333,5.16268,3.58491,368.423,102.77,1.6771,0.467821,0.3658,0.102039,0.0,1,1.64997e-05,0.001646918,0.0016928948138655274
KIHTOL01_clean,3.32214,2.70973,3.3076,1.86683,0.0,0.0,0.110773,0.0593375,0.3658,0.195947,0.0,0,1.73435e-05,0.0020573742,0.001670394982456018
KIJPUQ_clean,4.83597,4.0538,4.82906,1.04226,1795.93,1723.11,0.0,0.0,0.619,0.593902,0.0,1,0.0002022652,0.020331976,0.020365623799099064
KINDOC_clean,6.25246,5.98089,6.23061,1.0194,1977.32,1939.7,0.0,0.0,0.6526,0.640183,0.0,1,0.00019473,0.0218190334,0.02185013699317737
KINNIG_clean,5.23856,4.20025,5.23856,0.934994,2808.15,3003.39,0.0,0.0,0.672,0.718721,0.0,0,0.0002923372,0.0293768173,0.027935821071385574
KINRIK_clean,9.88966,4.92572,9.88966,1.29557,1990.08,1536.07,0.0,0.0,0.6774,0.52286,0.0,1,0.0001721438,0.0155275765,0.01848476170610622
KIPJOK_clean,7.22312,5.53705,7.21754,1.64475,1067.63,649.113,0.0,0.0,0.4574,0.278097,0.0,1,8.79954e-05,0.0085946369,0.00877405566538183
KISVEO_clean,12.37009,6.46344,11.80655,2.21622,1903.3,858.806,0.0,0.0,0.6734,0.303851,0.0,1,0.0001163334,0.0121253335,0.012017443604067674
KIVFAY_clean,6.23242,4.28797,6.23242,1.46353,1355.07,925.895,0.0,0.0,0.5256,0.359132,0.0,1,0.0001185799,0.0123814341,0.012638599832220366
KIYMEM_clean,4.0581,3.10709,4.03438,1.48822,0.0,0.0,694.265,466.507,0.5046,0.339063,0.0,1,0.0001244662,0.0111330598,0.011696764162829646
KIYTOD_clean,14.38752,6.75209,13.57035,0.794229,1901.95,2394.72,0.0,0.0,0.7144,0.899489,0.0,1,0.0003554738,0.0371446398,0.03598081970851836
KOBFIR_clean,7.61968,5.81939,7.61968,0.929894,1834.94,1973.28,0.0,0.0,0.6418,0.690186,0.0,0,0.0002941254,0.0268383905,0.026925598638704758
KOBPIB_clean,4.11167,2.92426,4.09819,1.66152,0.0,0.0,272.998,164.306,0.4386,0.263975,0.0,1,6.15471e-05,0.0061719815,0.005904081369805745
KOCCUC_clean,9.17407,6.81795,9.17407,1.04186,1636.71,1570.96,6.29699,6.044,0.6142,0.589525,0.0,1,0.0002044505,0.0222245277,0.021231866520294695
KOFPEB04_clean,7.23942,4.91036,7.23942,1.7997,891.039,495.105,0.0,0.0,0.4576,0.254265,0.0,0,6.52959e-05,0.0066469015,0.007015188951358815
KOGJOG_clean,4.59413,3.10287,4.5748,2.00575,0.0,0.0,681.872,339.959,0.4802,0.239412,0.0,1,5.72176e-05,0.0063531969,0.006365100153914347
KOKSIO_clean,4.16651,3.04137,4.16031,1.2445,0.0,0.0,560.413,450.313,0.5102,0.409965,0.0,1,8.8919e-05,0.0099433992,0.009598961620173728
KOMGID_clean,4.92265,3.16718,4.92265,1.29294,0.0,0.0,858.12,663.695,0.5374,0.415641,0.0,1,0.0001129689,0.0114799817,0.011434313178700039
KOMGUP_clean,4.68805,3.52352,4.66923,1.59631,799.407,500.784,0.0,0.0,0.5144,0.322243,0.0,0,9.72691e-05,0.009016849,0.009545858525366173
KONFIE_clean,4.23932,3.28223,4.21233,2.20818,0.0,0.0,372.512,168.696,0.377,0.170729,0.0,1,5.23064e-05,0.0055884203,0.005063501263092528
KONYOB_clean,4.69642,3.80022,4.68366,1.36629,635.393,465.049,0.0,0.0,0.4666,0.341508,0.0,1,4.65691e-05,0.004671366,0.005598025692651085
KOSJOT_clean,11.15761,9.87899,11.15761,1.18127,1568.08,1327.45,0.0,0.0,0.6374,0.539589,0.0,1,0.0002172611,0.0240411926,0.022663450933605722
KOSLEL_clean,10.95857,9.85075,10.95857,1.20305,1607.72,1336.37,0.0,0.0,0.652,0.541956,0.0,1,0.0002479164,0.0236020024,0.023676435774561855
KOSLOV_clean,11.06557,9.9584,11.06504,1.19415,1597.55,1337.81,0.0,0.0,0.6546,0.54817,0.0,1,0.0002300807,0.0238124639,0.022887828251027784
KOSLUB_clean,10.96072,9.79504,10.96072,1.20031,1612.87,1343.71,0.0,0.0,0.6478,0.539695,0.0,1,0.0002693193,0.0232756088,0.025262681562633116
KOXGAH_clean,5.583,3.66466,5.55273,1.2752,1155.67,906.265,0.0,0.0,0.5562,0.436166,0.0,1,0.000116035,0.011221523,0.012446923278814841
KOXGIP_clean,6.17141,3.90334,6.16279,1.0195,1425.23,1397.97,0.0,0.0,0.5534,0.542815,0.0,0,0.0001674469,0.015563514,0.017643449408794067
KPACCE10_clean,3.44973,2.6299,3.42939,1.69789,0.0,0.0,5.71037,3.36321,0.3312,0.195065,0.0,1,1.78429e-05,0.0021411459,0.0018714340045905623
KUFBEU_clean,5.14306,4.53772,5.14306,2.05503,811.697,394.98,0.0,0.0,0.4976,0.242137,0.0,1,7.94576e-05,0.0060387797,0.007421411266124276
KUFVEO_clean,4.96195,3.39873,4.94972,1.1582,1396.85,1206.05,0.0,0.0,0.5244,0.452772,0.0,1,0.0001688405,0.0155391877,0.016096234425252556
KUKPOX_clean,5.10165,4.15013,5.10165,1.44975,1410.84,973.163,0.0,0.0,0.5516,0.38048,0.0,1,0.0001211987,0.0117799429,0.012437345963114676
KULLAG_clean,8.67819,7.37101,8.67819,0.808147,1895.46,2345.44,0.0,0.0,0.644,0.796885,0.0,1,0.0002839259,0.0291108529,0.02881558368888725
KULMIP_clean,3.31897,2.75107,3.31628,2.07709,0.0,0.0,0.0,0.0,0.408,0.196428,0.0,1,2.56039e-05,0.0024746734,0.0022578686495424716
KUNLEL_clean,4.42814,3.33271,4.3665,1.44273,471.865,327.064,0.0,0.0,0.4994,0.346149,0.0,1,6.15204e-05,0.0063509039,0.006338350632007246
KUNWEW_clean,5.28786,3.80654,5.2803,1.47108,725.981,493.502,0.0,0.0,0.4468,0.303722,0.0,1,6.42357e-05,0.0066855829,0.006599374263018929
LABPOV_clean,5.38943,3.83465,5.38943,1.71242,444.245,259.426,0.0,0.0,0.4352,0.254144,0.0,1,3.37694e-05,0.0030998795,0.0037670178567663117
LADKEJ_clean,5.28453,4.80173,5.27514,1.43501,1453.93,1013.18,0.0,0.0,0.553,0.385362,0.0,0,0.0001513421,0.0136033303,0.014281870667446482
LADQOZ_clean,6.39416,5.57332,6.29797,1.14467,684.064,597.606,672.069,587.128,0.5646,0.493241,0.0,1,0.0001678991,0.0162497095,0.016677287855369403
LADQUF_clean,6.36601,5.5234,6.1979,1.16657,696.584,597.122,678.849,581.92,0.5602,0.480212,0.0,1,0.0001666173,0.0162182117,0.016278960787479434
LAFQOA_clean,12.74838,4.90662,12.74647,0.732143,1873.63,2559.11,0.0,0.0,0.6698,0.914849,0.0,0,0.0004032581,0.036736988,0.03647379332490967
LAGNIS_clean,5.10607,4.02699,5.08197,1.11842,1698.05,1518.26,0.0,0.0,0.5914,0.528783,0.0,1,0.0002010307,0.0186440435,0.01897339382653956
LAGPAM_clean,5.52911,4.43587,5.49964,1.29684,1347.35,1038.95,0.0,0.0,0.5314,0.409766,0.0,1,0.0001575086,0.0151070084,0.0149180276716058
LAGVOG_clean,7.38705,6.71212,7.38296,0.935187,2320.11,2480.9,0.0,0.0,0.6728,0.719428,0.0,1,0.0003366656,0.0292431493,0.03181011100558262
LAJJAK_clean,5.2622,3.52522,5.24789,1.1695,1542.33,1318.79,0.0,0.0,0.5992,0.512354,0.0,0,0.0001788279,0.0167228234,0.017624412718101373
LALFEL_clean,6.13469,4.34629,6.1328,1.17934,2824.52,2395.0,0.0,0.0,0.6914,0.58626,0.0,1,0.0002306605,0.0222216027,0.02215470832399721
LAMFIO_clean,4.66583,3.98613,4.66523,1.50136,697.933,464.867,0.0,0.0,0.541,0.360339,0.0,1,6.56594e-05,0.0062603233,0.007154259507091374
LAMHAI_clean,5.00396,3.88434,5.00066,1.56799,698.006,445.161,0.0,0.0,0.506,0.322707,0.0,1,5.75769e-05,0.0053972581,0.0063834827032134035
LAQNID_clean,13.51443,6.53331,13.51443,0.653619,2236.32,3421.44,0.0,0.0,0.7516,1.1499,0.0,1,0.0004579887,0.0483772702,0.047749442680496676
LARVIM_clean,10.82294,9.52295,10.82294,1.0693,1503.49,1406.04,81.7206,76.4241,0.6418,0.600203,0.0,1,0.000230957,0.0239492413,0.022904386468470525
LARXUA_clean,21.8367,11.13953,21.8367,0.43704,1909.12,4368.3,0.0,0.0,0.8068,1.84605,0.0,1,0.0007853094,0.075790054,0.07882807630539147
LAVZUG_clean,9.32038,5.88413,9.23158,1.53681,2188.0,1423.72,0.0,0.0,0.709,0.461344,0.0,1,0.0001922061,0.0182957184,0.018960610369431245
LAWGUM_clean,15.09972,7.93483,15.09787,0.58881,2231.62,3790.06,0.0,0.0,0.8032,1.36411,0.0,0,0.0005600794,0.0564787358,0.057416685800066786
LAZJAZ_SL,5.50863,3.38524,5.50863,1.27617,503.423,394.478,0.0,0.0,0.464,0.363587,0.0,1,6.38378e-05,0.0076070952,0.006787194095042581
LAZKUU_clean,6.24874,4.05552,6.23411,0.996458,1522.19,1527.6,0.0,0.0,0.5832,0.585273,0.0,0,0.0001971289,0.0186639309,0.019919459207849176
LECHUX_clean,4.66634,2.72011,4.62729,2.83999,0.0,0.0,341.431,120.222,0.483,0.170071,0.0,1,4.19609e-05,0.0031957044,0.004420222661229267
LEDHEJ_clean,5.17343,4.21878,5.16848,1.58915,678.436,426.917,0.0,0.0,0.4584,0.288456,0.0,1,8.57613e-05,0.0070605633,0.00788405086306388
LEDLEN_clean,8.11845,6.60905,8.11698,0.914085,1985.25,2171.84,0.0,0.0,0.6552,0.716782,0.0,1,0.0002524705,0.0259523359,0.026499402095439765
LEDPIU_clean,4.54615,3.26956,4.38676,1.31264,0.0,0.0,520.868,396.808,0.4608,0.351047,0.0,1,6.61596e-05,0.0062024654,0.007440271797600928
LEMNOH_clean,4.05561,3.09524,4.05434,1.19418,0.0,0.0,699.34,585.624,0.4786,0.400777,0.0,0,0.0001485217,0.0121734113,0.012688324822764338
LEPLEZ02_clean,3.35249,2.87252,3.35249,2.16555,0.0,0.0,0.0,0.0,0.4378,0.202166,0.0,1,2.66051e-05,0.0023609885,0.002530536816214339
LETQEI_clean,25.68935,25.43895,25.68935,0.814849,1230.83,1510.5,0.0,0.0,0.8076,0.991104,0.0,1,0.0003628553,0.0372201341,0.038319973178575314
LEVNOQ_clean,5.91307,3.93225,5.91307,0.947393,1555.93,1642.33,0.0,0.0,0.5826,0.614951,0.0,1,0.0002232512,0.0222629988,0.02122236511694759
LEYFUS_clean,6.97561,3.5531,6.28921,2.99567,1378.54,460.178,5.73766,1.91532,0.5416,0.180795,0.0,1,6.58038e-05,0.0056124427,0.006833505801714813
LEYPAI_clean,5.73576,4.86589,5.73576,1.67394,1567.04,936.138,0.0,0.0,0.5778,0.345174,0.0,1,0.0001016252,0.0122109074,0.010803964737562913
LIBJAJ_clean,3.31921,2.8984,3.31793,1.26255,0.0,0.0,0.0,0.0,0.4284,0.339313,0.0,1,3.53018e-05,0.0046579754,0.003669493143109232
LIDZUV_clean,5.12552,3.77339,4.88815,1.54716,456.013,294.742,0.0,0.0,0.3458,0.223506,0.0,0,5.94916e-05,0.0061125097,0.005615118936653181
LIJNOJ_clean,4.87208,3.58717,4.87208,1.2994,528.572,406.782,0.0,0.0,0.416,0.320148,0.0,0,7.27012e-05,0.0066140771,0.00677135331995643
LIPQOR_clean,9.96385,4.33568,9.96385,0.897942,1931.52,2151.05,198.042,220.551,0.6648,0.74036,0.0,1,0.0002527813,0.027196153,0.027448955396892905
LISZOE_clean,3.55328,3.00782,3.55082,1.53551,0.0,0.0,33.6507,21.9151,0.4,0.2605,0.0,1,5.24015e-05,0.0050878544,0.004477601366333102
LITCOI_clean,7.36237,3.74541,7.3233,1.05285,1772.71,1683.72,0.106276,0.100941,0.6258,0.594384,0.0,1,0.0002237353,0.0219948979,0.02184312421954288
LIVTIT_clean,5.03218,4.49412,5.03218,0.873833,1850.2,2117.34,0.0,0.0,0.6576,0.752547,0.0,1,0.0002412068,0.025178949,0.025101010290653723
LIWXIZ_clean,4.12479,3.66059,4.10123,1.63001,136.604,83.8054,0.0,0.0,0.3614,0.221716,0.0,1,1.34409e-05,0.0013565722,0.002106975712724859
LIXWAR01_clean,5.58762,3.9288,5.58762,1.07311,1360.46,1267.78,0.0,0.0,0.5636,0.525205,0.0,1,0.0001737538,0.0188944381,0.017163629056594513
LIXXAS_clean,6.60705,5.3683,6.60705,1.11648,2145.98,1922.1,0.0,0.0,0.6524,0.584335,0.0,1,0.0002209163,0.0233015031,0.02290628513069143
LOJLAZ_clean,6.04161,4.90341,6.00485,1.78682,1392.9,779.539,0.0,0.0,0.5636,0.31542,0.0,1,0.0001186588,0.0116971187,0.011641402876838926
LOMLOQ_clean,6.7486,3.80235,6.29526,1.47019,2203.5,1498.78,0.0,0.0,0.646,0.439399,0.0,0,0.0001899212,0.0182780629,0.018208250012327707
LONVAN_clean,10.90817,9.80221,10.908,1.08454,1586.63,1462.95,0.0,0.0,0.6414,0.591401,0.0,1,0.0002284748,0.0253166431,0.0230510632815235
LONWIW_clean,6.32722,5.3124,6.00348,0.832586,2332.25,2801.21,0.0,0.0,0.6626,0.795834,0.0,1,0.0003764925,0.0318191271,0.033152014784726604
LOPZAS_clean,6.31996,4.58953,6.31996,0.918625,1348.48,1467.93,0.0,0.0,0.5474,0.595891,0.0,1,0.0001575386,0.0160689393,0.016603217815326858
LOQLEJ_manual,14.69858,14.40453,14.61633,0.993806,1433.78,1442.72,0.0,0.0,0.6928,0.697118,0.0,0,0.0003009471,0.0283981468,0.02816622095639649
LOQSEQ_clean,4.56007,2.72619,4.52807,1.27817,0.0,0.0,348.284,272.485,0.4612,0.360827,0.0,0,6.7275e-05,0.0061183272,0.006804487488689996
LORRUH_clean,6.15081,3.36993,6.15081,1.38382,906.777,655.273,0.0,0.0,0.48,0.346867,0.0,1,0.0001220099,0.0085771159,0.01124225134456542
LOSXIC_clean,6.03462,5.83771,6.03429,1.10745,2163.31,1953.42,0.0,0.0,0.6146,0.554971,0.0,0,0.0002403513,0.0232294493,0.023816277371980568
LOXBEH_clean,11.66545,8.26406,11.65056,1.01014,1491.41,1476.44,0.0,0.0,0.6388,0.632385,0.0,1,0.0002378063,0.0221033072,0.023525630105931648
LUDKUS_clean,6.94763,4.22525,6.94763,1.5606,819.909,525.382,0.0,0.0,0.4464,0.286044,0.0,1,0.0001112134,0.0104109651,0.009967127352506681
LUDLIH_clean,13.23241,6.67449,13.22045,0.876399,2107.58,2404.81,0.0,0.0,0.7124,0.812871,0.0,1,0.0003455019,0.0350939547,0.03470580436654923
LUFBUL_clean,4.96727,4.63026,4.96727,1.29284,870.275,673.148,0.0,0.0,0.4736,0.366324,0.0,1,9.1567e-05,0.0107512243,0.009231456829284692
LUFQUZ02_clean,4.33985,4.02318,4.33985,1.29652,936.621,722.414,0.0,0.0,0.5262,0.405857,0.0,1,0.0001098524,0.0114900336,0.011024345458002013
LUFQUZ_clean,4.20915,3.71253,4.20915,1.48805,761.664,511.852,0.0,0.0,0.4716,0.316924,0.0,1,9.54146e-05,0.0099867302,0.008859217220031522
LUMYOJ_clean,5.98976,4.51852,5.98976,1.3118,1973.17,1504.17,0.0,0.0,0.6186,0.471565,0.0,1,0.0001931822,0.0178158736,0.019085644332336914
LUMZUO_clean,5.98461,4.76477,5.96493,1.86922,2708.01,1448.74,0.0,0.0,0.6802,0.363895,0.0,1,0.0001247984,0.0134889741,0.012767843972601587
LUNBEB_clean,5.83182,4.56735,5.65089,1.97905,2446.69,1236.29,0.0,0.0,0.6622,0.334605,0.0,1,0.000123094,0.0122371871,0.01252515797025789
LURLOB_clean,7.37662,6.99185,7.37662,1.00469,1747.18,1739.02,0.0,0.0,0.6396,0.636613,0.0,0,0.0002602924,0.0246182735,0.024749189037739795
LUSHOX04_clean,5.42751,4.95925,5.42646,1.17969,1336.79,1133.18,0.0,0.0,0.5422,0.459613,0.0,1,0.00015217,0.0168908669,0.015168317902605767
LUSHOX_clean,5.30336,4.92542,5.30336,1.19355,1298.68,1088.08,0.0,0.0,0.5398,0.452264,0.0,1,0.0001537551,0.016510442,0.014552867655271588
LUWMIB_clean,6.46125,4.54999,6.46125,1.13178,2301.96,2033.92,0.0,0.0,0.6152,0.543567,0.0,1,0.0002214591,0.0226306587,0.022470613726139885
LUWMOH_clean,6.36296,4.2806,6.36272,1.20693,1999.45,1656.65,0.0,0.0,0.5984,0.495805,0.0,1,0.0002066135,0.0202781501,0.02014520464254093
LUXFOA_clean,13.73946,4.3179,13.73946,0.952497,1834.04,1925.51,15.1519,15.9076,0.6722,0.705724,0.0,1,0.0002686105,0.0274540287,0.027905720582453157
LUYSOP_clean,15.21554,13.85225,15.21554,0.826153,1716.72,2077.96,0.0,0.0,0.7048,0.853111,0.0,0,0.0003723773,0.0367441648,0.03427196519398813
MAFDII_SL,6.17503,4.57934,6.17321,1.14403,1406.65,1229.55,266.817,233.224,0.5936,0.518866,0.0,0,0.0001801942,0.0187603285,0.019124135498823327
MAGBAZ_clean,7.74379,4.25931,7.73545,0.9596,2206.02,2298.89,0.0,0.0,0.666,0.694039,0.0,0,0.0002890808,0.0275213996,0.0276735889328423
MAGNEQ01_clean,5.36278,4.15643,5.36278,1.09674,2370.15,2161.08,0.0,0.0,0.672,0.612723,0.0,1,0.00024191,0.020406352,0.023704313289365612
MAGVOG02_clean,3.76101,3.0537,3.76101,1.78918,0.0,0.0,198.6,111.001,0.533,0.297902,0.0,1,2.97678e-05,0.003157044,0.0029745576049474195
MAGVOG06_clean,3.3591,3.02269,3.3591,1.84482,0.0,0.0,1.56572,0.848709,0.5162,0.27981,0.0,1,1.24033e-05,0.00190459,0.002252009875270189
MAGVOG11_clean,3.25643,2.83841,3.25643,2.02018,0.0,0.0,0.0,0.0,0.4858,0.240474,0.0,1,1.39537e-05,0.0011589299,0.0020483665549151167
MAGVOG15_clean,3.34726,2.84004,3.25668,2.08276,0.0,0.0,0.530296,0.254613,0.474,0.227583,0.0,1,1.24033e-05,0.0012271479,0.001959891591087684
MAGVOG26_clean,3.57311,3.00888,3.57311,1.80569,0.0,0.0,79.3838,43.9631,0.5252,0.290858,0.0,1,1.15764e-05,0.0023731577,0.0018891165764347226
MAHCEG_clean,18.51843,7.97271,18.51843,0.531149,2149.05,4046.05,0.0,0.0,0.8144,1.53328,0.0,1,0.0005323903,0.0643298197,0.061146884664218096
MAHTAR_clean,5.34824,4.13773,5.34698,1.34089,993.502,740.929,0.0,0.0,0.4942,0.368562,0.0,1,0.0001268083,0.0118030357,0.011598373305648828
MAKRIC_clean,4.96992,3.99417,4.90348,1.09301,509.103,465.783,515.606,471.733,0.491,0.44922,0.0,1,0.0001457103,0.014652866,0.013075860904069446
MANDUD_clean,8.1447,5.93208,8.1447,0.901348,2323.1,2577.36,0.0,0.0,0.6668,0.739781,0.0,1,0.0003019997,0.0290808818,0.02988642323452071
MAPLEX_clean,5.48812,3.7418,5.48733,1.43983,1166.77,810.351,0.0,0.0,0.499,0.346569,0.0,0,0.0001059933,0.0113572269,0.011383698643750067
MARNOL_clean,5.81104,3.45148,5.7898,1.22228,1232.48,1008.35,0.0,0.0,0.5482,0.448508,0.0,1,0.0001549469,0.0149515949,0.014722090743018371
MARPOL_clean,5.59699,4.85089,5.59699,1.22385,769.975,629.142,0.0,0.0,0.4788,0.391224,0.0,0,6.81864e-05,0.0065653731,0.00797921032991316
MARXEK_clean,6.80849,6.42208,6.80849,1.6895,1568.88,928.61,0.0,0.0,0.5668,0.335485,0.0,0,0.0001563067,0.014503808,0.014975079377867812
MASZOX_clean,6.20608,3.81259,6.16409,1.48643,1158.39,779.31,0.0,0.0,0.5192,0.349294,0.0,1,9.20001e-05,0.0101043842,0.010129154991329794
MASZUD_clean,6.16395,3.77069,6.1156,1.46962,1165.3,792.926,0.0,0.0,0.5354,0.364312,0.0,1,0.0001024152,0.0102311013,0.010809973207657923
MATFIY_clean,8.97967,4.54894,7.97865,1.40065,1635.25,1167.49,0.0,0.0,0.6194,0.442222,0.0,1,0.000152376,0.0143083855,0.01542417615483797
MATHEV_clean,3.84188,2.65767,3.81662,2.1752,0.0,0.0,377.192,173.406,0.3942,0.181225,0.0,0,4.02615e-05,0.0043328452,0.004215018204478248
MAVFEV_clean,4.93313,4.38082,4.93313,1.57553,2293.93,1455.98,0.0,0.0,0.6088,0.38641,0.0,0,0.0001806671,0.0149135036,0.016820938996625612
MAXHOJ02_clean,7.99097,7.97883,7.99097,2.29999,841.343,365.803,0.0,0.0,0.4922,0.214001,0.0,1,4.50757e-05,0.0044837105,0.004923112284492853
MEFYUT_clean,5.77585,4.33422,5.56399,1.19211,1979.16,1660.22,0.0,0.0,0.6036,0.506331,0.0,1,0.0001755652,0.0180278539,0.018350325157787704
MEGBAD_clean,9.5163,5.76215,9.5163,0.851407,2206.78,2591.93,0.0,0.0,0.6808,0.799618,0.0,1,0.000332012,0.032036912,0.03283257804196618
MEGBEH_manual,9.9497,6.81571,9.9489,0.994874,2116.8,2127.71,0.0,0.0,0.683,0.686519,0.0,1,0.0002548229,0.0283411463,0.027025626108076656
MEHPAQ_clean,3.09554,2.64049,3.09554,1.68847,0.0,0.0,0.0,0.0,0.4046,0.239626,0.0,1,1.66406e-05,0.0017272949,0.001759776383379815
MEQHUL_clean,6.03972,4.19838,6.03396,2.27118,1173.84,516.843,0.0,0.0,0.5134,0.22605,0.0,1,7.82163e-05,0.0075139213,0.0075654303050558
MEWNEH_clean,5.42515,3.64983,5.42515,2.53736,330.635,130.307,105.197,41.4594,0.4166,0.164187,0.0,1,3.78653e-05,0.0039596281,0.003497397143386302
MICNES_clean,5.22596,3.22734,5.21195,0.972071,0.0,0.0,1275.14,1311.77,0.6024,0.619708,0.0,1,0.0001841121,0.0188366298,0.018985866456982577
MIDSUP_clean,10.07574,8.87881,10.05297,0.69045,1869.43,2707.55,0.0,0.0,0.7086,1.02629,0.0,0,0.0004037419,0.0383649797,0.03992222320502849
MIFGEP01_clean,5.99775,4.93271,5.97758,1.0207,1831.3,1794.17,0.0,0.0,0.5916,0.579605,0.0,1,0.0002153434,0.0210380504,0.021552234482088317
MIFKUJ_clean,6.05079,4.58023,5.97678,0.91647,1939.38,2116.14,0.0,0.0,0.5864,0.639846,0.0,1,0.0002508141,0.0231681517,0.02365761965932941
MIFSUR_clean,6.18293,5.67653,6.18293,1.48492,554.322,373.301,73.2038,49.2981,0.4504,0.303316,0.0,1,6.33157e-05,0.0062603425,0.006345517546974816
MIHLEV_clean,5.70252,3.69982,5.70252,1.38172,844.284,611.037,0.0,0.0,0.4754,0.344063,0.0,1,6.83299e-05,0.0087246551,0.007666927966477196
MIHLOF_clean,5.26092,3.78569,5.21082,1.36197,739.196,542.742,0.0,0.0,0.4512,0.331286,0.0,1,6.68382e-05,0.0068249211,0.007078321730289777
MIHLUL_clean,4.76281,3.28084,4.75473,1.42077,0.0,0.0,465.486,327.629,0.4832,0.340097,0.0,1,7.60352e-05,0.0077976518,0.007575479123856092
MIJYEK_clean,5.3671,3.22254,5.3671,2.49312,0.0,0.0,656.728,263.416,0.4186,0.167902,0.0,1,4.85723e-05,0.0046198512,0.004877478574861963
MIMSOS_clean,11.1144,9.75442,11.1107,0.986032,1267.43,1285.39,0.0,0.0,0.613,0.621683,0.0,1,0.0002100158,0.0218893076,0.021521495360209333
MINCIX_clean,10.4943,7.36608,10.44985,0.729721,2144.38,2938.63,0.0,0.0,0.7612,1.04314,0.0,1,0.00039954,0.0453134853,0.04254609237354224
MIQLII_clean,6.49396,4.19114,6.49396,1.29248,1977.91,1530.32,0.0,0.0,0.6424,0.497028,0.0,0,0.000177678,0.0193989167,0.018269550391785433
MISQIQ01_clean,4.23793,4.07504,4.23793,2.08281,569.533,273.444,0.0,0.0,0.3922,0.188303,0.0,0,5.02888e-05,0.0050628275,0.005016059792159237
MISQIQ05_clean,4.23899,4.07961,4.23899,2.08153,552.922,265.632,0.0,0.0,0.3806,0.182846,0.0,0,6.41183e-05,0.0049785938,0.005894174291898535
MISQIQ07_clean,4.23855,4.07782,4.23855,2.08216,622.195,298.822,0.0,0.0,0.3756,0.18039,0.0,0,4.14883e-05,0.0049748221,0.004513672737874163
MITGIF_clean,4.17303,3.10283,4.17303,2.28088,0.0,0.0,183.279,80.3542,0.4418,0.193697,0.0,1,3.47104e-05,0.0045447491,0.0036121076940506935
MITGUR01_clean,3.70587,2.68143,3.6977,2.08145,0.0,0.0,96.462,46.3437,0.4106,0.197267,0.0,1,3.55646e-05,0.0037177728,0.003281737383798977
MITSAK_clean,6.11636,4.97088,6.11301,1.14225,2249.13,1969.04,0.0,0.0,0.6532,0.571855,0.0,1,0.0002982912,0.0239879894,0.02689428308228316
MITSUE_clean,6.56785,5.33808,6.55603,1.09158,2281.03,2089.65,0.0,0.0,0.6788,0.621849,0.0,0,0.0002021208,0.0247152439,0.021901855889922293
MIXKUB_clean,4.55803,2.95053,4.55803,1.47185,0.0,0.0,542.71,368.727,0.4692,0.318783,0.0,0,5.36173e-05,0.0051596344,0.006200512738265617
MIXYID_clean,6.97459,5.00942,6.97459,0.914112,2019.19,2208.91,0.0,0.0,0.6354,0.695101,0.0,0,0.0002968832,0.0261960402,0.02721527101999116
MIZKOW_clean,3.8316,3.43471,3.8316,1.99445,193.651,97.0949,0.0,0.0,0.3706,0.185815,0.0,1,2.14305e-05,0.0024654824,0.002259349904496194
MODJOG_clean,5.59367,4.45075,5.58718,1.92976,2690.17,1394.04,0.0,0.0,0.6586,0.341285,0.0,1,0.0001291009,0.0144449549,0.012773978291741515
MODMIB_clean,4.79205,3.60409,4.64994,1.39523,1791.62,1284.1,0.0,0.0,0.6494,0.465443,0.0,0,0.0001173001,0.0123500221,0.013313192935376424
MOJJUR_clean,4.35468,3.08683,4.35468,1.31606,0.0,0.0,385.999,293.298,0.4966,0.377337,0.0,1,8.18746e-05,0.0075743489,0.008310242728969013
MOZFIR_clean,3.96385,2.95905,3.96385,2.33134,0.0,0.0,107.578,46.1445,0.351,0.150557,0.0,0,2.51869e-05,0.002247933,0.002525576142928542
MUDKOM_clean,4.21184,2.84223,4.19491,1.77875,0.0,0.0,356.466,200.402,0.4678,0.262993,0.0,1,7.20494e-05,0.0071823746,0.006966010696164534
MUFHUR_clean,3.42,2.6944,3.41142,2.0546,0.0,0.0,4.84725,2.35921,0.427,0.207826,0.0,1,3.19505e-05,0.0034460914,0.00297417804654594
MUFJAZ01_clean,3.39058,2.67319,3.38356,2.13517,0.0,0.0,0.930625,0.435856,0.42,0.196706,0.0,1,3.34769e-05,0.0029069137,0.0029715099963002686
MUFJED_clean,3.41421,2.67066,3.41218,2.29009,0.0,0.0,5.31095,2.3191,0.421,0.183836,0.0,1,2.2515e-05,0.003052384,0.0021492878578851064
MUGFOK_clean,5.96918,4.1656,5.96918,1.0315,1325.72,1285.24,0.0,0.0,0.5408,0.524287,0.0,0,0.0001204808,0.0142046853,0.014383719808261645
MUHPOV_clean,4.89496,3.08305,4.877,2.10953,0.0,0.0,681.316,322.971,0.4862,0.230478,0.0,0,0.0001064841,0.0093229639,0.009981599243450795
MUNDOQ_clean,14.169,13.34985,14.06749,0.845802,2182.1,2579.91,0.0,0.0,0.7752,0.916526,0.0,1,0.0003505289,0.0366750222,0.03602736804321924
MUPYUS_clean,3.48335,2.65632,3.45516,2.27091,0.0,0.0,2.81663,1.24031,0.4178,0.183979,0.0,1,9.1685e-06,0.0011323079,0.0012262847938083847
MURCAD_clean,4.60111,3.76823,4.60111,1.18753,1551.89,1306.82,0.0,0.0,0.5832,0.491102,0.0,1,0.0001932752,0.0173544999,0.018110677106640823
MURCIL_clean,8.29917,7.10888,8.29917,1.5444,1055.62,683.511,0.0,0.0,0.5688,0.368297,0.0,1,8.75974e-05,0.0087788553,0.009026117504202853
MURCOR_clean,8.10583,6.88134,8.10583,1.58436,1015.28,640.812,0.0,0.0,0.5632,0.355475,0.0,1,8.56863e-05,0.0083448916,0.0086581222511476
MUSCIN_clean,9.38658,7.66741,9.38512,0.993168,1809.71,1822.16,0.0,0.0,0.6586,0.663131,0.0,1,0.0002711648,0.0265491388,0.026472570324450093
MUVHAN_clean,5.19525,3.68882,5.00213,0.984437,787.185,799.629,502.322,510.263,0.5542,0.562961,0.0,0,0.0002182651,0.0193792967,0.022322568360270124
MUVJIX_clean,5.57567,4.9751,5.5219,1.4259,1132.91,794.523,0.0,0.0,0.4782,0.335368,0.0,1,0.0001152601,0.012143627,0.011107041339232581
MUVNAT_clean,5.6328,3.44137,5.05356,2.33052,1152.05,494.331,0.0,0.0,0.4892,0.209911,0.0,1,6.61005e-05,0.0075610141,0.007099612894718809
MUXHUI01_clean,3.32627,2.62136,3.32559,2.07313,0.0,0.0,0.0,0.0,0.3974,0.191691,0.0,1,2.50579e-05,0.0022124612,0.0022324630468776308
MUZKAV_clean,17.45826,13.87931,17.45826,0.40339,1714.83,4251.06,45.6222,113.097,0.8208,2.03476,0.0,1,0.0008527183,0.0843965524,0.08275904467927224
NACYOG_clean,5.74941,4.06197,5.74941,1.46194,999.211,683.482,0.0,0.0,0.4946,0.338317,0.0,1,9.79055e-05,0.0105406819,0.009775255621344455
NAFRUI_clean,10.69455,2.61902,10.69455,1.2256,0.0,0.0,1797.49,1466.61,0.6948,0.566904,0.0,0,0.0002511087,0.0252417247,0.022860691526858774
NAGBUU_clean,4.53887,4.18445,4.52808,1.74664,609.414,348.906,0.0,0.0,0.3514,0.201186,0.0,1,5.29211e-05,0.0047699145,0.00498163397653207
NAGQOD_clean,7.52321,5.78841,7.52321,1.16388,884.56,760.01,0.0,0.0,0.503,0.432176,0.0,0,8.64518e-05,0.0092779305,0.009541877103130708
NAHFOU_clean,5.06142,2.85562,5.04798,1.28207,0.0,0.0,629.169,490.745,0.5082,0.39639,0.0,0,0.0001002833,0.0088359015,0.009933123919098613
NAHNES_clean,12.52913,11.45257,12.52913,0.578749,2093.33,3616.99,0.0,0.0,0.7668,1.32493,0.0,1,0.0005322337,0.0553775692,0.054353478821839524
NAJQUN_clean,5.34756,3.50411,5.30221,1.22931,1132.44,921.195,0.0,0.0,0.5072,0.412588,0.0,1,0.0001474478,0.0146868187,0.013765239323267862
NAJSUP_clean,6.289,4.7993,6.289,1.17213,2075.39,1770.61,0.0,0.0,0.6006,0.512401,0.0,1,0.0001974983,0.0215158669,0.020604777640107926
NAPZUB_clean,4.37202,3.24993,4.37202,1.55327,0.0,0.0,504.356,324.706,0.5168,0.332717,0.0,1,5.19841e-05,0.0072598527,0.006325508296150535
NAQRAA_clean,8.82176,4.19423,8.82039,1.0822,2240.28,2070.12,0.0,0.0,0.7116,0.657551,0.0,1,0.0002464084,0.0244811111,0.02423142990755868
NARNIG_clean,3.7044,3.30001,3.70047,2.34187,0.0,0.0,105.53,45.0623,0.3758,0.16047,0.0,1,2.8453e-05,0.0026489736,0.002589705670254499
NARPOO_clean,4.62788,3.52973,4.62788,1.93637,626.775,323.686,0.0,0.0,0.4208,0.217314,0.0,1,6.10241e-05,0.0061108234,0.005833593087685043
NARPUU_clean,4.57962,3.51552,4.57962,1.96606,599.01,304.676,0.0,0.0,0.431,0.219221,0.0,1,5.6436e-05,0.0060689643,0.0052948439624322
NASRIL_clean,7.12232,4.94837,7.12232,0.851796,2450.87,2877.3,0.0,0.0,0.6816,0.800191,0.0,1,0.0003060014,0.0304542541,0.03084481511273842
NATXIR_clean,3.61932,3.17484,3.57853,2.29999,0.0,0.0,134.125,58.3156,0.4196,0.182435,0.0,1,4.16241e-05,0.0036296237,0.0036313292175442387
NAVLIG_clean,4.05904,3.742,4.05904,1.16225,487.528,419.471,0.0,0.0,0.474,0.407831,0.0,0,6.02381e-05,0.0068817431,0.006591006113115014
NAWWUG_clean,5.71546,4.10727,5.46236,1.11201,1652.38,1485.94,0.0,0.0,0.5826,0.523916,0.0,1,0.0001700623,0.0176548726,0.017777661136370533
NAWXER_clean,9.09863,5.59872,6.09599,0.664973,2891.83,4348.79,0.0,0.0,0.734,1.1038,0.0,1,0.0004304303,0.046819909,0.04446322605910289
NEDWAW_clean,8.21752,5.99671,8.17631,0.756185,2155.93,2851.06,0.0,0.0,0.6702,0.886291,0.0,0,0.0003597408,0.0344781624,0.0349888471869226
NEDWEA_clean,7.23193,5.49922,7.23193,0.857312,2138.95,2494.95,0.0,0.0,0.6398,0.746286,0.0,1,0.0003003131,0.0284868424,0.028880121896459332
NEDWIE_clean,8.99031,6.43493,8.98641,0.682799,2139.49,3133.41,0.0,0.0,0.724,1.06034,0.0,1,0.0003562615,0.0417126405,0.039488568200249416
NEKMUN_clean,5.69957,3.6274,5.51939,1.30616,1011.9,774.717,0.0,0.0,0.4788,0.366572,0.0,0,0.0001219854,0.0133559452,0.011645003805968248
NELWIL_clean,3.58332,2.90369,3.50223,1.68506,0.0,0.0,51.1153,30.3344,0.4086,0.242484,0.0,1,2.4463e-05,0.0024282769,0.0023970689485067302
NENHAQ_clean,10.30187,9.48231,10.30187,0.81249,1810.52,2228.36,0.0,0.0,0.7266,0.894287,0.0,1,0.0003565244,0.037134992,0.034125185495129065
NERVAJ_clean,12.53445,5.46518,12.53445,1.01277,1389.34,1371.82,0.0,0.0,0.569,0.561827,0.0,1,0.0002065568,0.016993994,0.020661728340971925
NERVEN_clean,12.25139,5.76203,12.25139,1.08035,1360.26,1259.1,0.0,0.0,0.5706,0.528164,0.0,1,0.0001471559,0.0163286474,0.017420945984642514
NEVJOP_clean,5.38691,3.04693,5.37271,1.49125,0.0,0.0,826.233,554.055,0.458,0.307125,0.0,1,8.4495e-05,0.0072679823,0.00844584919969059
NEVVAM02_clean,6.83817,5.86962,6.83673,1.42399,1416.84,994.976,0.0,0.0,0.5302,0.372334,0.0,0,0.0001266467,0.0137377476,0.01369198721861592
NEVVAM_clean,6.98127,5.93133,6.98127,1.4203,1415.91,996.914,0.0,0.0,0.523,0.368233,0.0,0,0.0001437612,0.0138250312,0.014384288365241006
NEXXIZ_clean,9.73301,9.22346,9.73301,0.709285,1668.91,2352.94,0.0,0.0,0.6328,0.892166,0.0,1,0.0003735815,0.0364204957,0.034446832737064365
NEYJIM_clean,8.63602,2.71972,8.63602,1.95132,0.0,0.0,802.829,411.428,0.494,0.253162,0.0,1,4.66561e-05,0.0056658479,0.0055679429417741025
NIBHOW_clean,27.51057,14.88459,27.48878,0.279595,1425.71,5099.19,0.0,0.0,0.8844,3.16315,0.0,1,0.0013818922,0.1344534285,0.1312599965381743
NICCAE_clean,4.49529,2.75227,4.4354,1.75349,0.0,0.0,580.072,330.811,0.455,0.259483,0.0,1,6.97086e-05,0.0076599057,0.006869608180912106
NIGNUO_clean,16.88905,3.72632,16.88905,0.773731,1979.77,2558.73,0.0,0.0,0.6948,0.897987,0.0,1,0.000334446,0.0349665865,0.03444750239928171
NIHBAI01_clean,4.75768,3.68765,4.75768,1.76453,773.951,438.616,0.0,0.0,0.4424,0.250719,0.0,0,7.93396e-05,0.0066454881,0.007396131488347137
NIKDAM_clean,7.96983,7.14498,7.96983,0.958363,1366.23,1425.59,0.0,0.0,0.6056,0.631911,0.0,1,0.0002019585,0.020258187,0.020699313424420454
NIKYOW01_clean,4.61161,3.58405,4.59865,1.78633,690.02,386.278,0.0,0.0,0.436,0.244076,0.0,0,7.77528e-05,0.005864786,0.007104799026935409
NIKZEN02_clean,4.94738,3.78699,4.94738,1.70037,871.961,512.806,0.0,0.0,0.4662,0.274175,0.0,0,5.55377e-05,0.0074833146,0.006297162062761831
NIMWUD_clean,4.74884,3.19761,4.72938,1.70114,0.0,0.0,559.822,329.086,0.4342,0.25524,0.0,0,7.56489e-05,0.0064408133,0.0072136675693180805
NIVNOW_clean,4.9886,3.10602,4.9886,1.76087,0.0,0.0,889.731,505.28,0.502,0.285087,0.0,1,6.97641e-05,0.0058981245,0.007776535455640828
NIVNUC_clean,5.02349,3.15608,4.44899,1.74877,0.0,0.0,914.58,522.985,0.5046,0.288546,0.0,1,5.99726e-05,0.0060474441,0.007375828675717349
NIVZOJ_clean,9.94924,7.55081,9.94924,0.836734,2096.15,2505.16,0.0,0.0,0.7358,0.879372,0.0,1,0.0002810169,0.029844513,0.031116379001056918
NIZZEC_clean,8.3208,7.63206,8.31922,1.20763,2065.46,1710.34,0.0,0.0,0.6766,0.560269,0.0,0,0.0002225122,0.0205237845,0.021662908492413698
NOCKUM_clean,6.00758,5.1022,6.00758,1.07326,1338.2,1246.86,0.0,0.0,0.5502,0.512645,0.0,1,0.0001692901,0.0181503203,0.01608899277886507
NOCLUN_clean,6.26764,5.77209,6.22951,1.07441,1685.14,1568.43,0.0,0.0,0.6158,0.57315,0.0,1,0.000240004,0.0213421509,0.022393478963262395
NODKOH_clean,5.43236,4.66054,5.43106,1.05473,1385.41,1313.52,0.0,0.0,0.5884,0.557866,0.0,0,0.0001756604,0.0162346529,0.017747847788515535
NODKUN_clean,8.11946,6.79716,8.07056,0.764763,2379.51,3111.44,0.0,0.0,0.6852,0.895963,0.0,0,0.0003711699,0.0371120066,0.036097570428011296
NOFQII_clean,6.19412,3.25534,6.19412,1.72407,0.0,0.0,887.547,514.797,0.5158,0.299175,0.0,0,8.64158e-05,0.0083618665,0.008810123725178734
NOFQOQ_clean,5.26068,4.9317,5.26068,1.52336,805.604,528.834,0.0,0.0,0.5044,0.331111,0.0,1,5.47244e-05,0.0066544812,0.0062469323325271
NOHKIG_clean,4.45859,3.20693,4.44592,1.98307,0.0,0.0,535.542,270.057,0.3892,0.196261,0.0,1,6.48027e-05,0.0069468508,0.006261577760844466
NOHKUS_clean,4.5036,3.24475,4.49023,1.91526,0.0,0.0,583.982,304.91,0.3962,0.206865,0.0,1,6.00049e-05,0.0072240016,0.006070987049789995
NOQKOV_clean,5.57218,4.25994,5.56937,1.06467,1684.1,1581.8,0.0,0.0,0.536,0.503441,0.0,0,0.000143623,0.0165213548,0.016712824071322022
NOQKUB_clean,5.39399,4.39499,5.39187,1.00245,1858.17,1853.63,0.0,0.0,0.55,0.548657,0.0,0,0.0002505391,0.0196229324,0.02190887310014345
NORBUT_clean,5.08002,3.51252,5.07961,1.76418,163.887,92.8971,0.0,0.0,0.4354,0.246801,0.0,1,2.08766e-05,0.0019006974,0.0026099811649699274
NOSHIO_clean,5.46118,3.24444,5.46118,1.79774,0.0,0.0,1325.4,737.259,0.5886,0.327411,0.0,1,0.0001030582,0.0117755169,0.010482045769869504
NOSTUM01_clean,6.02005,5.48184,6.00511,0.946326,1720.55,1818.13,0.0,0.0,0.6136,0.648402,0.0,1,0.0002725238,0.0255447777,0.02466034907692825
NUCYAN_clean,4.98599,4.20846,4.98599,1.48214,662.288,446.845,0.0,0.0,0.4874,0.328848,0.0,1,5.44667e-05,0.0063244271,0.006064852396773662
NUCYER_clean,4.96656,4.20041,4.96656,1.49997,657.943,438.637,0.0,0.0,0.4852,0.323473,0.0,1,4.76751e-05,0.0062703172,0.0058907817850801045
NUDLAA_clean,10.10107,9.89769,10.10107,1.02317,1506.84,1472.72,0.0,0.0,0.6112,0.597362,0.0,1,0.000220996,0.0222858352,0.0219714320378536
NUFBEX_clean,8.49623,5.29107,8.49623,1.23125,1460.16,1185.92,0.0,0.0,0.5628,0.457098,0.0,1,0.0001448899,0.0146892821,0.015580691666865473
NUJCEA_clean,4.83502,3.79811,4.83328,1.60555,436.405,271.811,21.0341,13.1009,0.487,0.303323,0.0,1,4.45261e-05,0.0043643286,0.005032459340012467
NULMAJ_clean,5.03229,4.40705,5.03229,0.892035,1713.32,1920.69,0.0,0.0,0.6184,0.693246,0.0,0,0.0001672417,0.0171618496,0.02027174422265417
NUNCEG_clean,6.32724,4.08141,6.24551,0.841857,1844.22,2190.65,0.0,0.0,0.5678,0.674462,0.0,1,0.000269351,0.0252343882,0.02534979143494135
NUNPAP_clean,6.01151,4.33549,6.00656,0.794607,2195.03,2762.41,0.0,0.0,0.6796,0.855265,0.0,1,0.0002936793,0.032613088,0.030302237654026246
NUNSIA_clean,4.82032,4.25115,4.82032,1.27602,836.789,655.783,0.0,0.0,0.4866,0.381343,0.0,0,6.86408e-05,0.0076244928,0.008206205022989627
NUSSEA_clean,4.72535,2.81491,4.72535,1.61885,0.0,0.0,553.204,341.727,0.4966,0.306761,0.0,1,6.09712e-05,0.0058134729,0.006729875355230437
NUTYEI_clean,13.08518,12.35732,13.03987,0.787627,1749.9,2221.74,0.0,0.0,0.7456,0.946641,0.0,0,0.0003512505,0.0388581075,0.03681094507908894
NUWPOM_clean,8.32687,8.01604,8.32687,1.25431,1381.61,1101.49,0.0,0.0,0.5552,0.442633,0.0,1,0.0001481558,0.0154687003,0.015094624932635312
NUYNAY_clean,6.39583,3.24521,6.39583,1.29195,0.0,0.0,893.046,691.237,0.5078,0.393048,0.0,1,0.0001389214,0.013575228,0.012812013858101901
OBAHOR_clean,8.04827,7.09842,8.046,0.982079,1580.94,1609.79,0.0,0.0,0.5956,0.606469,0.0,0,0.0002336655,0.0220109838,0.02305231777799633
OCAQOY_clean,4.53686,3.80641,4.53372,1.60935,541.33,336.366,0.0,0.0,0.3906,0.242707,0.0,1,4.84302e-05,0.0054166168,0.004992721946291204
OCINIA_clean,5.60901,3.32165,5.60901,1.53578,1179.07,767.736,0.0,0.0,0.5314,0.346013,0.0,1,0.0001237092,0.0116973881,0.01233563205984596
OCUMOR_clean,5.32208,3.84167,5.31587,1.29298,1290.04,997.724,16.7653,12.9664,0.525,0.406038,0.0,1,0.0001608157,0.0140685019,0.014982759850659437
OCUPUY_clean,4.6531,4.04819,4.6531,1.52024,995.727,654.982,0.0,0.0,0.479,0.315083,0.0,1,8.78096e-05,0.0093018262,0.008807839420650247
OCUQIN_clean,5.33125,3.14528,5.07457,1.48509,0.0,0.0,1059.52,713.44,0.5218,0.35136,0.0,1,0.0001126871,0.0121669385,0.011168093679297763
OCUSUB_clean,5.00781,3.40979,5.00781,1.50787,1123.4,745.023,0.0,0.0,0.5152,0.341674,0.0,1,0.0001376192,0.0117467837,0.012272740122600913
ODAGEI_clean,7.62962,3.29107,7.62962,1.34136,0.0,0.0,632.034,471.19,0.4724,0.35218,0.0,0,7.12834e-05,0.0064476749,0.007857517409953847
ODERIZ_clean,5.75405,4.36229,5.74596,1.52699,807.66,528.922,146.001,95.6134,0.5294,0.346694,0.0,1,6.26042e-05,0.0086659912,0.007273700345314514
ODIVUU_clean,8.59093,6.84892,8.59093,1.01269,1735.08,1713.33,0.0,0.0,0.6294,0.621511,0.0,1,0.0003021125,0.0269349243,0.026161961069086675
ODODES_clean,6.13875,4.52515,6.13614,0.993468,1787.67,1799.42,0.0,0.0,0.5926,0.596497,0.0,1,0.0002171463,0.0203923192,0.02217256948718595
ODONEB_clean,4.03145,3.0708,4.03145,1.29598,0.0,0.0,114.331,88.2201,0.4328,0.333957,0.0,1,2.8353e-05,0.0028302969,0.003315560595287188
OFODET_clean,6.29959,4.57313,6.27845,1.15382,1340.43,1161.73,0.0,0.0,0.519,0.449811,0.0,1,0.0001520008,0.0162792897,0.01521511439117414
OGIYUZ_clean,9.8373,8.87116,9.8373,1.07364,1299.27,1210.15,0.0,0.0,0.577,0.537422,0.0,0,0.0001938969,0.0178197491,0.018059716022349664
OHAKIS_clean,5.22451,4.43244,5.1107,1.2284,1098.1,893.932,0.0,0.0,0.5162,0.420223,0.0,0,0.0001492645,0.013871966,0.013806100074564103
OHAQEU_clean,4.72292,3.34073,4.72292,1.44091,823.28,571.362,0.0,0.0,0.4978,0.345477,0.0,1,8.58095e-05,0.0084042789,0.008408949556014421
OHEGAJ_clean,4.72341,2.80937,4.71665,2.20772,0.0,0.0,546.683,247.623,0.5162,0.233816,0.0,1,6.22316e-05,0.0066087767,0.006416312099562315
OHIHOD_clean,4.35456,3.00054,4.34805,1.72131,0.0,0.0,329.846,191.625,0.4356,0.253063,0.0,0,7.27009e-05,0.0065986755,0.006774426416690221
OHOMIH_clean,4.60907,4.30122,4.60907,1.97594,752.524,380.843,0.0,0.0,0.396,0.200411,0.0,1,5.02347e-05,0.0056262808,0.005046372991205842
OJIWAG_clean,5.38643,4.20657,5.38643,1.10966,1491.09,1343.75,0.0,0.0,0.561,0.505563,0.0,1,0.0001368081,0.0178721119,0.015497631020702049
OKUSUK_clean,24.78598,13.19796,24.78598,0.313235,1548.59,4943.87,0.0,0.0,0.8766,2.79854,0.0,1,0.0011377814,0.1151684648,0.11424443992946147
OLONAG_clean,5.4975,2.97064,5.48387,1.82825,0.0,0.0,824.753,451.116,0.4878,0.266812,0.0,1,6.6278e-05,0.0065019438,0.0073006363007527934
OLOPEM_clean,4.92877,3.82035,4.91547,1.17415,717.6,611.164,177.099,150.831,0.512,0.436059,0.0,0,0.0001169845,0.0118827847,0.01127469091984065
OMAXEG_clean,4.68283,2.83779,4.6809,1.53721,0.0,0.0,517.769,336.823,0.506,0.329167,0.0,1,8.67813e-05,0.0083546764,0.00839527327679325
ONUKAL_clean,5.66391,3.7745,5.54501,1.39723,1126.09,805.946,11.0536,7.91109,0.5124,0.366727,0.0,1,0.0001440302,0.0134252175,0.012790099150049592
OPAPOL_clean,4.79997,3.29458,4.79997,1.61076,0.0,0.0,484.37,300.708,0.4276,0.265464,0.000124165,1,5.67815e-05,0.0053916596,0.006034734395879851
OPENIH_clean,3.75861,3.18264,3.75697,1.85018,0.0,0.0,124.531,67.3076,0.3276,0.177064,0.0,1,2.25527e-05,0.0019794369,0.0023998747983013276
OPIFUQ_clean,17.9991,10.13495,17.99088,0.790446,1197.42,1514.86,384.276,486.151,0.722,0.913408,0.0,1,0.0004387672,0.0408541054,0.04081377936206733
OPIWEQ_clean,4.3926,3.70955,4.3926,1.4951,548.278,366.717,0.0,0.0,0.4282,0.286403,0.0,0,5.71123e-05,0.0062870114,0.005874150940554731
OPUDAF_clean,5.06478,2.98934,5.05223,1.75277,0.0,0.0,435.878,248.679,0.4742,0.270542,0.0,1,6.02921e-05,0.0052830941,0.005992670908814276
OQIQEM_clean,5.45055,4.49489,5.37157,1.84745,1087.67,588.74,0.0,0.0,0.4966,0.268803,0.0,1,9.70081e-05,0.0098481686,0.009338062387756894
OQOJUB_clean,5.19109,4.86993,5.18739,1.04071,742.936,713.872,0.0,0.0,0.4654,0.447194,0.0,0,8.41525e-05,0.0086562282,0.009235313090710578
OQUCOU_clean,8.09828,4.42359,8.09828,0.85933,2801.31,3259.88,0.0,0.0,0.697,0.811097,0.0,1,0.0003508674,0.0308685663,0.03422104478843735
OQUGUE_clean,11.61723,9.4131,11.61627,1.01509,1836.93,1809.63,0.0,0.0,0.664,0.654132,0.000394056,1,0.0002429459,0.0238568736,0.025477147126658124
ORIWAP_clean,11.38312,11.03917,11.38312,1.17282,1538.11,1311.46,0.0,0.0,0.6442,0.549274,0.0,1,0.0002546586,0.0249449633,0.02478827652259468
OROMAK_clean,4.47726,3.37817,4.47726,1.77377,1093.9,616.711,0.0,0.0,0.5632,0.317516,0.0,0,8.87992e-05,0.009128827,0.00984919502294005
ORUKOD_clean,4.98278,3.59875,4.86135,1.67769,666.045,397.001,0.0,0.0,0.4328,0.257974,0.0,1,5.57673e-05,0.0066431852,0.005444930138979646
OTATOT_clean,5.58723,4.86765,5.58723,1.11303,1703.16,1530.2,0.0,0.0,0.5774,0.518764,0.0,0,0.0001573099,0.015405763,0.017523798442573065
OTAVAH_clean,5.59343,4.88116,5.59343,1.10464,1681.99,1522.66,0.0,0.0,0.5666,0.512927,0.0,0,0.0001613029,0.0157013306,0.01774337251673814
OTAVOV_clean,5.7034,4.97261,5.54406,1.0469,1728.96,1651.5,0.0,0.0,0.5858,0.559554,0.0,0,0.0001866275,0.0166720579,0.01962673269946265
OTEGUR_clean,7.28809,7.1769,7.28809,1.35972,1613.99,1187.0,0.0,0.0,0.5986,0.440239,0.0,0,0.000203083,0.020718001,0.01947646101415136
OTIPUE_clean,4.56896,3.82437,4.54982,1.42368,625.25,439.178,0.0,0.0,0.419,0.294307,0.0,0,6.78456e-05,0.0072890536,0.006728872053303017
OTODEI_clean,4.84074,4.45864,4.84074,1.17554,1203.72,1023.97,0.0,0.0,0.5354,0.45545,0.0,1,0.0001063827,0.011717588,0.012581518671191744
OTODIM_clean,4.28775,2.92748,3.97402,1.31806,0.0,0.0,315.0,238.987,0.4786,0.363109,0.0,1,5.26749e-05,0.0050955241,0.005908453825361929
OTOLIU_clean,6.25402,4.56727,6.25402,0.748874,3565.69,4761.4,0.0,0.0,0.7372,0.984411,0.0,0,0.0004067402,0.0413688207,0.03734428428323044
OVEJIJ_clean,6.31656,4.24661,6.2524,1.60097,1225.59,765.53,134.792,84.1937,0.5422,0.33867,0.0,1,0.0001429787,0.0137259583,0.013091038420379862
OVIDON_clean,4.40281,2.81637,4.39884,1.53474,0.0,0.0,310.072,202.036,0.4368,0.284609,0.0,1,3.36105e-05,0.0040648994,0.004120051294856365
OVIWIA_clean,4.70586,3.71228,4.70586,2.66834,1137.35,426.241,0.0,0.0,0.5094,0.190905,0.0,1,6.16546e-05,0.0066036431,0.006094936162588643
OVUDAL_clean,7.09169,4.92914,7.08099,2.29972,1368.63,595.127,0.0,0.0,0.5708,0.248204,0.0,1,8.49869e-05,0.0080858978,0.008686836455971543
OWAVIS_clean,9.58182,5.9765,9.29598,0.840674,2344.57,2788.91,0.0,0.0,0.7226,0.859548,0.0,1,0.0003276014,0.0348240286,0.03453311450215101
OWUWOU_clean,5.606,4.2786,5.606,1.14741,1253.9,1092.81,0.0,0.0,0.529,0.461039,0.0,1,0.000104053,0.012808594,0.01248049667670868
OYERUH_clean,7.57942,6.42809,7.56103,1.08661,1656.01,1524.01,185.649,170.851,0.6376,0.586778,0.0,1,0.0002344232,0.0218522255,0.02328724656975745
OYIVOI_clean,5.54513,4.92009,5.54513,1.34386,1289.96,959.889,0.0,0.0,0.5594,0.416262,0.0,1,0.000124926,0.0129271286,0.013272816339019649
OZAVES_clean,5.64539,5.08904,5.62805,1.07782,1464.13,1358.41,0.0,0.0,0.5738,0.532369,0.0,1,0.0002626208,0.0197857554,0.021162209970322747
OZAVOC_clean,6.46772,5.63481,6.46128,1.35316,1406.83,1039.66,0.0,0.0,0.5486,0.40542,0.0,1,0.0001648825,0.0167355729,0.015354809035977272
OZUMAZ01_clean,11.42001,10.68224,11.42001,1.32181,1528.59,1156.43,0.0,0.0,0.6378,0.482518,0.0,1,0.0002170745,0.0206411069,0.022463251417896818
OZUMAZ_clean,11.32593,10.60044,11.32547,1.32216,1533.89,1160.14,0.0,0.0,0.6396,0.483754,0.0,1,0.0001919942,0.0207526711,0.020741919962580294
PACZUQ_clean,6.93068,4.23947,6.93068,1.54491,905.644,586.213,0.0,0.0,0.4772,0.308886,0.0,0,5.48538e-05,0.0061207689,0.006757329514744495
PAFMUH_clean,4.1569,3.45207,4.13312,1.53558,373.555,243.267,0.0,0.0,0.4318,0.281197,0.0,1,3.71417e-05,0.004499453,0.00423208489744582
PAKFAL_clean,4.75354,4.10738,4.75354,2.43205,513.87,211.291,0.0,0.0,0.3964,0.16299,0.0,1,2.93399e-05,0.0028881452,0.002875606892818275
PAKFEP_clean,4.86901,4.27875,4.86901,1.90484,508.538,266.971,0.0,0.0,0.3924,0.206001,0.0,1,3.63254e-05,0.0037500188,0.003647786862012753
PAMGIV_clean,4.35287,3.39585,4.35042,1.32875,833.514,627.293,0.0,0.0,0.533,0.401129,0.0,1,0.0001359924,0.0110634797,0.0127951093192633
PAMHES_clean,4.34401,3.08533,4.22396,1.42106,0.0,0.0,719.827,506.543,0.5426,0.381828,0.0,1,8.98763e-05,0.008881705,0.009421487507597774
PAMHIW_clean,9.2687,4.50421,9.2687,0.952087,1296.4,1361.64,427.264,448.766,0.6164,0.64742,0.0,0,0.0002262547,0.0247616306,0.023939102809197896
PAMTII_clean,12.14001,5.49468,12.1397,0.953828,2043.58,2142.5,0.0,0.0,0.7082,0.742482,0.0,1,0.0003078403,0.0300209297,0.031075469901034346
PAMTOO_clean,12.35154,5.62136,12.35154,0.923606,1995.9,2160.98,0.0,0.0,0.7096,0.768293,0.0,1,0.0003109201,0.0306803703,0.031576030882514546
PAPRUU_clean,7.39284,4.83476,7.39284,1.80811,810.66,448.345,0.0,0.0,0.438,0.242241,0.0,0,5.03865e-05,0.0057619714,0.005509802020905511
PAPVIN_clean,4.8231,3.07966,4.81833,1.46172,0.0,0.0,533.123,364.722,0.4442,0.303888,0.0,1,8.5327e-05,0.0075203056,0.007854899972394493
PAPXUB_clean,4.14867,3.74838,4.12901,1.41027,380.17,269.572,0.0,0.0,0.4056,0.287604,0.0,0,4.83545e-05,0.0047899432,0.005028751158659403
PAQPIG_clean,4.06633,2.85613,4.06633,1.99384,0.0,0.0,218.017,109.345,0.4346,0.217971,0.0,1,7.00202e-05,0.007317687,0.006042897013591104
PARMIG_clean,4.62483,4.28304,4.62483,1.33462,793.109,594.261,0.0,0.0,0.4652,0.348565,0.0,0,0.0001312443,0.0135776325,0.0112959550906843
PECBOQ_clean,4.1758,2.83331,4.16444,1.8403,0.0,0.0,250.614,136.181,0.435,0.236374,0.0,1,5.06491e-05,0.0041393228,0.004973962469525743
PEDRIA_clean,15.09269,7.93434,15.07573,0.589901,2245.43,3806.46,0.0,0.0,0.8114,1.37549,0.0,0,0.000564138,0.0563052329,0.05698066048215783
PEFSUQ_clean,6.71056,3.90525,6.68671,1.19472,875.451,732.768,0.0,0.0,0.5094,0.426377,0.0,1,8.4947e-05,0.0082166873,0.009538546015961753
PEGBAG_clean,4.42914,3.59275,4.42914,1.43063,530.361,370.719,0.0,0.0,0.4708,0.329086,0.0,1,6.03646e-05,0.0055880347,0.006257178449548158
PEGCIP_clean,5.4738,4.63859,5.45736,1.20371,1399.17,1162.38,0.0,0.0,0.5244,0.435652,0.0,1,0.0001758436,0.0151251189,0.0166054902752913
PEGPOI_clean,4.98627,3.51233,4.9807,1.99017,618.984,311.02,0.0,0.0,0.3962,0.199078,0.0,1,5.81147e-05,0.0055790086,0.005492272514332101
PEGQID_clean,5.05756,3.46018,5.04486,2.49056,625.358,251.092,0.0,0.0,0.3982,0.159884,0.0,1,4.15391e-05,0.0043175537,0.004199423318488084
PEGQUP_clean,4.99244,3.49069,4.98026,2.64253,618.757,234.153,0.0,0.0,0.3906,0.147813,0.0,1,3.0486e-05,0.0040521961,0.003396710373117364
PEHTON_clean,5.79765,4.80371,5.79765,1.25943,995.966,790.809,0.0,0.0,0.488,0.387478,0.0,1,8.68649e-05,0.0084327074,0.009325381349648746
PEJFEQ_clean,3.45673,2.75252,3.45167,2.56138,0.0,0.0,24.1937,9.44557,0.378,0.147577,0.0,0,5.64913e-05,0.0062914561,0.004292812321137726
PEJFUG_clean,5.6094,5.1902,5.6094,2.02674,953.383,470.404,0.0,0.0,0.4916,0.242558,0.0,0,0.000104876,0.0113071181,0.009932363296172381
PEJMOI_clean,7.77261,4.72411,7.77261,1.78918,1087.16,607.629,0.0,0.0,0.4986,0.278675,0.0,1,8.20145e-05,0.009172901,0.008068522566065165
PEJRED_clean,4.11493,2.97482,3.99412,1.36173,0.0,0.0,184.048,135.157,0.4058,0.298003,0.0,1,4.34136e-05,0.0031916451,0.004548342470567561
PEKDAM_clean,6.66878,5.26481,6.65683,0.823111,2211.99,2687.35,0.0,0.0,0.6464,0.785313,0.0,1,0.0002499239,0.0299639107,0.027778970888693036
PELRIJ_clean,21.55746,10.38341,21.54289,0.51708,1832.88,3544.68,0.0,0.0,0.8016,1.55024,0.0,1,0.0007009713,0.063651036,0.0662817397950426
PENXUC_clean,4.25463,3.37336,4.2474,1.90703,551.499,289.192,0.0,0.0,0.3944,0.206813,0.0,1,6.43565e-05,0.0067145268,0.0060050613669064504
PENZIS_clean,5.20436,4.63461,5.20306,1.48152,1841.93,1243.27,0.0,0.0,0.653,0.440764,0.0,0,0.0001463169,0.0139364292,0.014474148649493049
PEPKOL_clean,4.51864,3.40095,4.50908,1.52523,488.244,320.112,0.0,0.0,0.42,0.275368,0.0,0,6.88294e-05,0.0058108348,0.006344113613508798
PEPLEC_clean,7.22831,6.81306,7.22831,1.03011,1642.0,1594.0,0.0,0.0,0.618,0.599935,0.0,0,0.0002326274,0.0230427397,0.02292518283580748
PEVFON_clean,11.13773,3.47627,11.13633,0.923906,1490.46,1613.21,0.0,0.0,0.6306,0.682537,0.0,0,0.0002173945,0.0225174928,0.021957076043834876
PEVYUM_clean,4.01364,3.19633,4.01364,1.38412,0.0,0.0,473.665,342.214,0.43,0.310666,0.0,0,6.08467e-05,0.0058176212,0.006258722577157901
PEVZAT_clean,3.95096,3.16385,3.95096,1.39135,0.0,0.0,388.835,279.466,0.4324,0.310778,0.0,0,5.57761e-05,0.0057195904,0.005655568530828093
PEXBIF01_clean,3.97196,3.02301,3.97134,1.51778,0.0,0.0,117.622,77.4958,0.4204,0.276983,0.0,0,2.83933e-05,0.0031817187,0.003026850140811164
PEXFAA_clean,6.38992,4.78581,6.38785,0.722856,2527.72,3496.86,0.0,0.0,0.6962,0.963124,0.0,1,0.0003739492,0.0374875781,0.03679252779091204
PEYSIW_clean,5.69089,4.7197,5.69089,1.0552,1032.59,978.576,0.0,0.0,0.5102,0.483511,0.0,0,0.0001323529,0.0130100101,0.013310767597184806
PEYVEV_clean,8.8911,6.60199,8.13016,1.41868,1212.67,854.793,531.685,374.776,0.6316,0.445204,0.0,1,0.0001738253,0.0203611304,0.017900018498950086
PEZCII_clean,12.50562,10.18861,12.50562,0.9535,1419.23,1488.44,0.0,0.0,0.6362,0.667226,0.0,1,0.0002337746,0.0242383911,0.023616682881600064
PIQMOT_clean,6.47127,5.32823,6.30186,1.23035,1074.68,873.471,0.0,0.0,0.4866,0.395496,0.0,0,0.0001172344,0.0130267431,0.012246687274677974
PIYZED02_clean,6.95041,5.62583,6.95041,1.04842,2625.12,2503.87,0.0,0.0,0.7248,0.691323,0.0,0,0.000259679,0.0249291862,0.025086983936778016
PIZHEN_clean,4.08535,2.81479,3.91567,3.34285,0.0,0.0,152.591,45.647,0.422,0.12624,0.0,1,2.6947e-05,0.0026810289,0.0024182049325378874
PIZPIX02_clean,4.8742,3.92497,4.87073,1.75108,1636.83,934.755,0.0,0.0,0.5514,0.314892,0.0,1,0.0001396971,0.0112877541,0.012658762536202569
PODKUQ_clean,22.31857,8.92625,14.18285,0.425765,2028.03,4763.26,0.0,0.0,0.8332,1.95695,0.0,1,0.0008442485,0.0833405188,0.08115282621726315
POFSIN01_clean,6.99195,5.64457,6.99195,1.04057,2621.47,2519.27,0.0,0.0,0.7274,0.699041,0.0,0,0.0002351538,0.0249710234,0.024725185825006397
POFSIN04_clean,6.97392,5.62462,6.97392,1.04699,2616.52,2499.1,0.0,0.0,0.7262,0.69361,0.0,0,0.0002524657,0.0243925162,0.02474716837705234
POHWIU_clean,15.94965,10.39364,15.94872,0.460887,1949.35,4229.57,0.0,0.0,0.8104,1.75835,0.0,1,0.0007549184,0.0733649441,0.07414352016023554
POKSOZ_clean,5.23291,4.00143,5.18374,1.95789,573.341,292.837,0.0,0.0,0.4166,0.21278,0.0,1,5.89682e-05,0.0053103227,0.005574112135361629
POKTUG_clean,4.00604,3.07895,4.00604,2.12797,0.0,0.0,268.425,126.141,0.3582,0.168329,0.0,0,2.50775e-05,0.0023344158,0.002924636442397722
POKVES_clean,3.98493,3.00906,3.98493,2.05587,0.0,0.0,198.119,96.3678,0.3688,0.179389,0.0,1,3.392e-05,0.0031392141,0.0032795016336151835
POLBEX_clean,8.55331,7.31354,8.46863,1.98623,1149.15,578.559,46.9518,23.6386,0.5414,0.272577,0.0,1,0.0001475736,0.0145123985,0.013063895479372842
POMMAH_clean,14.83525,11.96507,14.83525,1.26278,1468.55,1162.95,199.616,158.076,0.7018,0.555756,0.00015838,1,0.0002124551,0.0218255656,0.023236204797973038
PORGAE_clean,5.87412,3.87625,5.87412,2.28472,891.425,390.167,0.0,0.0,0.4496,0.196785,0.0,0,9.69908e-05,0.0090945037,0.009136691460321571
PORVID_clean,7.37109,6.82741,7.37109,1.40599,1511.82,1075.27,0.0,0.0,0.5614,0.399292,0.0,1,0.0001779191,0.0168987919,0.016772044543539776
POSFIO_clean,6.80619,3.42889,6.79194,1.15852,1000.28,863.415,0.0,0.0,0.5272,0.455065,0.0,1,0.0001490713,0.0128803952,0.013437826093079367
POTREX_clean,14.70007,10.79864,14.70007,0.483438,2025.11,4188.97,0.0,0.0,0.7802,1.61386,0.0,1,0.0006670357,0.067709712,0.06743309110184098
POXHIU_clean,3.69182,3.28243,3.69182,2.32077,0.0,0.0,87.5383,37.7196,0.3524,0.151846,0.0,1,2.3243e-05,0.0019859851,0.0022902824950440555
POXHOA_clean,3.6953,3.29845,3.6953,2.30113,0.0,0.0,94.6734,41.1421,0.3532,0.153489,0.0,1,1.94473e-05,0.0020633586,0.0020829132387351935
POXHUG_clean,3.71237,3.33062,3.70654,2.23161,50.2961,22.5381,54.4654,24.4064,0.3578,0.160333,0.0,1,2.70509e-05,0.0021231665,0.0025065773012634407
PUGFII_clean,5.58292,2.993,4.55976,1.24413,0.0,0.0,883.579,710.201,0.4966,0.399156,0.0,1,0.0001304936,0.0140991071,0.012482926805809482
PULHOT_clean,5.02589,2.8012,5.01307,1.81033,0.0,0.0,869.819,480.476,0.5112,0.28238,0.0,0,0.0001181054,0.0114849044,0.011193259499569404
PULMIU_clean,7.09135,4.01215,7.09135,1.0722,1770.87,1651.63,0.0,0.0,0.6158,0.574336,0.0,1,0.0002193126,0.0223410246,0.02165992371530073
PUQYAC_clean,5.36415,5.07421,5.36415,1.50028,235.559,157.01,320.725,213.777,0.4614,0.307543,0.0,1,8.45875e-05,0.0070653393,0.007972559300523239
PURNIB_clean,4.73361,3.41508,4.65301,3.6233,403.306,111.309,0.0,0.0,0.3372,0.0930644,5.52e-05,1,2.00641e-05,0.0020284848,0.0022109365163754807
PURSOK_clean,4.44828,3.48673,4.44828,1.3532,940.252,694.837,0.0,0.0,0.521,0.385014,0.0,1,0.0001008529,0.0114770549,0.010156233378834211
PUTYEI_clean,6.07481,4.74641,6.03797,1.15301,1967.9,1706.74,0.0,0.0,0.6112,0.530089,0.0,0,0.0002135456,0.0215942802,0.020802568532451132
PUVREF_clean,3.59577,2.71579,3.58743,1.61482,0.0,0.0,46.2779,28.6583,0.5034,0.311738,0.0,0,4.41388e-05,0.0043184485,0.0045792690141020515
PUWCUF_clean,5.62914,3.92719,5.62914,1.20596,1932.54,1602.49,0.0,0.0,0.6014,0.49869,0.0,1,0.0001672614,0.0176371819,0.017730106509219756
PUWXAH_clean,4.52797,3.58309,4.52797,1.5745,738.046,468.749,0.0,0.0,0.4104,0.260654,0.0,0,5.87382e-05,0.0054556028,0.006282109719051191
PUZJOL_clean,4.83061,4.03981,4.83061,1.24259,1148.92,924.616,0.0,0.0,0.519,0.417676,0.0,0,0.0001744976,0.0144267767,0.015350427665941494
PUZLAZ_clean,6.70975,6.33216,6.70975,1.05033,2275.23,2166.2,0.0,0.0,0.6682,0.636179,0.0,0,0.0002548261,0.0286961617,0.025640111200385708
PYDCUT_clean,5.31645,4.73242,5.31645,1.56466,1273.49,813.911,0.0,0.0,0.5466,0.349342,0.0,0,9.06449e-05,0.0111815833,0.010414507555867149
QABKIQ_clean,4.42544,3.2199,4.41887,0.950962,0.0,0.0,952.778,1001.91,0.6176,0.649448,0.0,0,0.0001884725,0.0189681149,0.019138363813039787
QADVUN_clean,3.777,2.91711,3.76909,2.40911,0.0,0.0,119.573,49.6338,0.4546,0.1887,0.0,1,4.51298e-05,0.0044668915,0.004288828446828371
QADXAX_clean,4.50897,3.9304,4.4621,1.90926,707.48,370.552,0.0,0.0,0.4456,0.233389,0.0,0,7.40031e-05,0.0066634301,0.006909367092950787
QAGQEW_clean,16.48295,9.14033,16.48295,0.959417,1239.84,1292.29,398.029,414.866,0.701,0.730652,0.0,1,0.0003030255,0.0328488288,0.03172793154269336
QAHMUJ_clean,3.54119,3.22591,3.52141,2.39047,0.0,0.0,279.023,116.723,0.4056,0.169674,0.0,1,4.86599e-05,0.0051524453,0.004458654051443226
QAJJUH_clean,5.38025,2.87226,4.98648,2.55792,0.0,0.0,839.543,328.213,0.4872,0.190467,0.0,1,9.91606e-05,0.0096375781,0.009085637251544742
QALHIX_clean,10.92504,5.92348,10.86207,0.740473,2226.36,3006.67,0.00873198,0.0117924,0.7394,0.998552,0.0,1,0.000407709,0.0422143021,0.04080145979778879
QARTEK_clean,4.66531,2.87899,4.65441,1.51683,0.0,0.0,346.074,228.157,0.449,0.296013,0.0,0,3.6404e-05,0.0045434593,0.004483244573979561
QATKII_clean,5.10915,3.79672,5.10915,1.21674,1321.26,1085.9,0.0,0.0,0.55,0.452026,0.0,0,0.0001552012,0.0154503629,0.01475788380976507
QAWDID_clean,8.86764,6.4582,8.76206,0.663333,2493.74,3759.41,0.0,0.0,0.781,1.17739,0.0,1,0.0004892672,0.0494425756,0.048051842672723
QAWREM_clean,4.54212,3.52572,4.54212,1.85502,694.124,374.186,0.0,0.0,0.4334,0.233636,0.0,1,5.95733e-05,0.0067681859,0.006034949831288883
QEBGEL_clean,6.08453,4.84553,6.08453,1.01993,1460.11,1431.58,0.0,0.0,0.5522,0.54141,0.0,0,0.0001671321,0.0189640403,0.017874104704587227
QEKLID01_clean,5.1388,3.13884,4.865,1.58675,0.0,0.0,1002.67,631.903,0.4998,0.314984,0.0,1,8.14588e-05,0.0096198226,0.008742930008768572
QEKLUP_clean,3.93153,2.9035,3.93153,3.73244,0.0,0.0,162.402,43.511,0.3682,0.0986487,0.0,1,1.6782e-05,0.0017661035,0.0017742934126019558
QEQZUH_clean,7.20474,5.54936,7.20474,2.98733,1121.05,375.269,0.0,0.0,0.4558,0.152577,0.0,0,8.28074e-05,0.0080034767,0.008167025962121361
QERWAL_clean,6.23685,3.59052,6.23393,0.96089,1663.57,1731.28,0.0,0.0,0.5974,0.621716,0.0,0,0.0001893936,0.0213455601,0.02065671371225786
QESLOQ_clean,6.6747,4.69389,6.6747,2.0556,1217.11,592.095,0.0,0.0,0.5328,0.259195,0.0,1,0.0001085359,0.011016848,0.01026333853698103
QIGBIR_clean,5.14127,4.23557,5.11201,2.30609,2556.32,1108.51,0.0,0.0,0.6426,0.278653,0.0,1,0.0001029127,0.0099911083,0.010193152574166179
QIJLAW_clean,8.05446,5.26641,8.05325,0.671267,2454.25,3656.15,0.0,0.0,0.7174,1.06873,0.0,0,0.0003869264,0.0379208425,0.0410272321032093
QIRYAS_clean,6.80431,4.28089,6.76896,1.43909,1279.9,889.381,0.0,0.0,0.5066,0.352029,0.0,1,0.0001491734,0.0128889245,0.013445814307634498
QIVQAP_clean,5.96532,3.96258,5.96532,1.08722,942.027,866.452,0.0,0.0,0.4728,0.434869,0.00073582,1,0.0001163211,0.0114908299,0.010710841620503994
QIVZEC_clean,5.08249,2.6083,4.77531,1.23808,0.0,0.0,716.512,578.726,0.4712,0.380588,0.0,0,6.10273e-05,0.0078396552,0.0071097593726464885
QIWDOR_clean,4.59203,4.06699,4.58575,1.55074,682.335,440.007,0.0,0.0,0.3988,0.257168,0.0,1,6.2572e-05,0.0058564378,0.006101000051226848
QIWGOU_clean,4.95412,3.59777,4.40809,1.51133,204.724,135.46,222.59,147.281,0.4446,0.294179,0.0,1,5.79642e-05,0.005600891,0.005714181222407031
QIYCIM_clean,5.0543,2.92143,5.0543,1.14909,0.0,0.0,514.382,447.641,0.4856,0.422594,0.0,1,5.95226e-05,0.0059549102,0.007021552868268667
QIYDEJ_clean,22.48969,11.55679,22.48969,0.431427,1897.73,4398.73,0.0,0.0,0.814,1.88676,0.0,1,0.0007059837,0.0769570941,0.07973685464835079
QOBWEJ01_clean,4.69819,2.92267,4.42594,2.00966,0.0,0.0,737.135,366.796,0.53,0.263727,0.0,1,9.67031e-05,0.0096125815,0.009433101966242877
QOCSAD_clean,5.79442,4.21505,5.67699,1.39648,1468.21,1051.36,0.0,0.0,0.5488,0.392987,0.0,1,0.0001558037,0.0140894467,0.014373536895665954
QOCSEH_clean,5.70812,4.12503,5.70669,1.44217,1397.59,969.093,0.0,0.0,0.5398,0.374298,0.0,1,0.0001209558,0.013468781,0.01246016247525298
QODHUO01_clean,7.02176,3.66753,6.99115,1.3176,1021.05,774.937,0.0,0.0,0.496,0.376443,0.0,1,9.11031e-05,0.0093826922,0.00946741335017387
QODHUO11_clean,7.01042,3.80896,6.9255,1.3366,1007.71,753.939,0.0,0.0,0.4868,0.364209,0.0,1,9.3892e-05,0.0092376709,0.009754816055674714
QODSUZ_clean,7.02333,3.67551,6.68721,1.32015,1014.75,768.665,0.0,0.0,0.4954,0.375261,0.0,1,9.11031e-05,0.0092162895,0.00949047207214765
QOFBIY02_clean,7.03275,3.83288,6.70379,1.33192,1017.39,763.856,0.0,0.0,0.4894,0.36744,0.0,1,9.48216e-05,0.0092925187,0.009745163658043322
QOFDIA01_clean,7.07034,3.75403,6.76838,1.31589,1019.32,774.626,0.0,0.0,0.4958,0.37678,0.0,1,9.20327e-05,0.0093938476,0.009411539537394953
QOFKUT_clean,5.30234,4.62006,5.27677,1.31152,1132.35,863.381,0.0,0.0,0.538,0.410209,0.0,1,0.00012574,0.0126438525,0.012608995139837629
QOFPAE_clean,5.80282,4.70685,5.79577,3.42955,1940.39,565.785,0.0,0.0,0.5998,0.174892,0.0,1,8.13856e-05,0.0072176611,0.0075451907816393195
QONLEM_clean,5.90984,4.72024,5.82362,0.936419,2363.81,2524.31,0.0,0.0,0.6642,0.709298,0.0,1,0.0002230765,0.0254743643,0.025432136107411945
QONLIQ_clean,6.00653,4.86996,6.00653,0.931336,2311.78,2482.22,0.0,0.0,0.6534,0.701573,0.0,1,0.0002109528,0.026245433,0.024489820601795935
QOSJOZ_clean,8.08316,3.97327,8.04054,1.14357,1840.46,1609.4,0.0,0.0,0.6224,0.54426,0.0,1,0.0001949954,0.021328315,0.019773179095999675
QOVGOY01_clean,4.75257,3.29667,4.75257,1.46026,0.0,0.0,801.746,549.042,0.5084,0.348157,0.0,1,0.0001056883,0.0092754045,0.010496056251033592
QOVSUR_clean,7.13291,2.76599,7.13291,1.29279,0.0,0.0,773.593,598.39,0.5074,0.392484,0.0,0,0.0001018416,0.0100363538,0.010004370771649961
QOXFIU_clean,5.39147,3.92821,5.39147,2.22853,612.028,274.634,150.125,67.3652,0.4354,0.195376,0.0,1,6.01926e-05,0.0059293379,0.005893198750396372
QUFXIZ_clean,4.67454,3.3342,4.67454,1.48268,312.717,210.914,0.0,0.0,0.406,0.273829,0.0,1,4.3254e-05,0.0044930051,0.004476833973810481
QUMFUB_clean,6.17873,3.70632,6.16879,1.24989,1414.19,1131.45,0.0,0.0,0.5442,0.435399,0.0,0,0.0001706943,0.016282344,0.016442202849060217
QUNWAZ_clean,6.68191,4.62372,6.68191,0.987311,1445.66,1464.24,0.0,0.0,0.5434,0.550384,0.0,1,0.0001583789,0.0181705325,0.017372471623899727
QUQFIS_clean,7.94677,5.42884,7.94677,0.862455,2489.26,2886.25,0.0,0.0,0.7028,0.814884,0.0,1,0.0003718104,0.0349090933,0.03472406137997575
QUSHUJ_clean,7.15336,4.82289,7.11748,0.903996,1600.62,1770.61,0.0,0.0,0.599,0.662614,0.0,1,0.000232281,0.0206555865,0.023130856830721597
QUSRIH_clean,4.38791,3.69157,4.27847,1.86379,1077.12,577.916,0.0,0.0,0.549,0.294561,0.0,1,9.46606e-05,0.008810044,0.008987659040757497
QUSRUT_clean,5.91349,3.768,5.90805,2.1648,1012.46,467.691,0.0,0.0,0.5258,0.242886,0.0,1,5.58106e-05,0.0064637513,0.005710276295700149
QUVDOB_clean,3.95151,3.19827,3.95151,2.1139,0.0,0.0,245.152,115.972,0.4116,0.194711,0.0,0,3.76558e-05,0.0038903175,0.003866366107123405
QUVFAP_clean,3.97695,3.20053,3.97281,2.16,0.0,0.0,241.921,112.0,0.4068,0.188333,0.0,0,3.72552e-05,0.0036172468,0.0038662519801353854
QUXROS_clean,5.0019,3.66108,4.98081,1.56447,446.305,285.275,0.0,0.0,0.341,0.217965,0.0,0,6.95749e-05,0.0059390766,0.006111184670704399
QUZZES_clean,5.06119,3.42679,5.05316,1.0324,1234.19,1195.46,0.0,0.0,0.5416,0.524604,0.0,0,0.000180722,0.0192296308,0.016988406127784454
RABHIH_clean,6.97329,4.88825,6.97329,0.93136,2191.25,2352.75,0.0,0.0,0.6512,0.699193,0.0,1,0.000201701,0.020190658,0.02409770611007538
RABNOX_clean,3.57391,2.71206,3.5703,2.0427,0.0,0.0,17.6723,8.65144,0.346,0.169384,0.0,0,1.63363e-05,0.0020155827,0.001428322178650722
RAFNIV_clean,5.08011,4.95466,5.07716,1.28742,668.968,519.62,0.0,0.0,0.4346,0.337575,0.0,0,5.20508e-05,0.0059616313,0.005765620282004202
RANNUS_clean,5.60983,3.56003,5.60983,1.35998,1546.68,1137.28,0.0,0.0,0.565,0.415449,0.0,1,0.0001369065,0.013056478,0.01428761567122101
RATSAI_clean,5.60614,4.62847,5.47098,1.77494,1148.07,646.824,0.0,0.0,0.5046,0.284292,0.0,1,0.0001047369,0.0103452588,0.009948753999507676
RAVVIU01_clean,4.59869,3.5679,4.59657,1.86048,691.944,371.917,0.0,0.0,0.4344,0.233488,0.0,0,4.35092e-05,0.0052304246,0.0050314611062798765
RAVVUH_clean,17.18258,16.37707,17.18252,0.61117,1430.17,2340.05,0.0,0.0,0.7478,1.22355,0.0,1,0.0005750654,0.0532144571,0.05142315373809084
RAVXAP_clean,34.85961,34.35542,34.85961,0.286106,1008.2,3523.86,0.0,0.0,0.8406,2.93808,0.0,1,0.0011566779,0.1148445117,0.1354460710816493
RAWZIA_clean,5.39589,4.8012,5.39589,1.33412,1219.23,913.881,0.0,0.0,0.473,0.35454,0.0,0,0.000127943,0.0131710162,0.013105088479094258
RAYFAA_clean,15.81778,9.45289,13.62877,0.959285,1554.88,1620.88,0.0,0.0,0.6988,0.728459,0.0,1,0.0002949894,0.0284928536,0.028985847905394498
RAYMIP_clean,13.47425,9.8037,13.46784,0.502799,2109.81,4196.14,0.0,0.0,0.8088,1.6086,0.0,1,0.000640183,0.0702549978,0.06582750375041216
RAZGOQ_clean,5.22922,5.1443,5.20974,1.6171,770.443,476.435,163.357,101.019,0.5102,0.315503,0.0,1,7.77134e-05,0.0086349802,0.008174842393012773
REDYEG_clean,6.00247,5.30071,6.00247,1.71779,1047.72,609.926,0.0,0.0,0.4804,0.279662,0.0,0,8.47173e-05,0.0082659927,0.008835476441536804
REFTON_SL,6.52014,5.78584,6.51985,1.60919,731.041,454.292,0.0,0.0,0.4398,0.273306,0.0,1,5.92728e-05,0.0060518513,0.006400058413963346
REGQUR_clean,6.37556,5.47534,6.06532,1.03259,2464.11,2386.34,0.0,0.0,0.6836,0.662025,0.0,1,0.000267228,0.0270274053,0.026932135865357858
REGRAY_clean,9.45537,5.54963,9.26082,0.925798,2318.33,2504.14,0.0,0.0,0.7126,0.769715,0.0,1,0.0003261981,0.0318702007,0.03249213733484128
REJLEY_clean,5.1864,4.84916,5.1864,1.17199,1483.96,1266.19,0.0,0.0,0.5272,0.449833,0.0,0,0.0001518075,0.0150581319,0.01569070422878533
RESSAK_clean,5.33635,3.74229,5.33635,1.17983,1069.98,906.899,0.0,0.0,0.5116,0.433623,0.0,1,0.0001198481,0.0112939193,0.012411970554688099
REXDAB_clean,10.30851,5.62434,10.27466,1.28435,1767.21,1375.95,0.0,0.0,0.652,0.507649,0.0,0,0.0001757714,0.0172789252,0.018250819469563074
REXDOP_clean,10.39698,6.23971,7.4603,1.26275,1736.17,1374.91,0.0,0.0,0.6598,0.522512,0.0,0,0.0002113207,0.0181577824,0.020442141447883994
REXDUV_clean,8.6384,5.67843,8.6331,1.35953,1719.61,1264.86,0.0,0.0,0.6318,0.464721,0.0,0,0.0001658966,0.0161235736,0.016666261073414405
REXFEH_clean,9.20954,5.96123,9.20203,1.33437,1715.88,1285.91,0.0,0.0,0.627,0.469885,0.0,0,0.0001678716,0.0163427942,0.017566117101405408
REXFUX_clean,8.11172,6.18424,8.11172,1.35522,1728.2,1275.22,0.0,0.0,0.6386,0.471215,0.0,0,0.0001421971,0.0156693328,0.016009180829589336
REYCOP_clean,3.95649,3.16913,3.84054,1.19707,0.0,0.0,293.662,245.318,0.4612,0.385274,0.0,1,4.97834e-05,0.0055794267,0.005572095894853911
REYJEM_clean,10.02209,6.26863,9.82831,0.811705,2149.78,2648.47,0.0,0.0,0.7198,0.886775,0.0,0,0.0003642789,0.0391079416,0.035307986243086245
REYMOZ_clean,13.17296,6.59717,13.17189,0.883255,2124.84,2405.69,0.0,0.0,0.7188,0.813808,0.0,1,0.0003409813,0.034821428,0.034546951855413524
REYPES_clean,6.75417,5.73604,6.69554,1.53002,424.431,277.402,27.8439,18.1983,0.422,0.275813,0.0,1,5.02025e-05,0.0046720746,0.004973753506948498
REZJIR03_clean,4.5594,2.63083,4.55037,1.30605,0.0,0.0,537.04,411.194,0.5254,0.402281,0.0,0,9.13789e-05,0.0082070392,0.009296126991036765
REZXUQ_clean,15.26291,13.95995,15.26291,0.361934,1754.08,4846.42,0.0,0.0,0.8582,2.37115,0.0,1,0.0008528306,0.0977948455,0.09107237120624874
RIBDAJ_clean,5.97505,5.0342,5.95251,0.92739,2392.13,2579.42,0.0,0.0,0.666,0.718144,0.0,0,0.0003030567,0.0294043358,0.028960575779737107
RIFGAQ_clean,13.18615,6.52783,13.17424,0.879718,2150.81,2444.89,0.0,0.0,0.7148,0.812533,0.0,1,0.0003338776,0.0350894341,0.03445947185020411
RIFMIE_clean,5.81313,3.54807,5.80072,1.27517,844.386,662.176,100.563,78.8628,0.5018,0.393516,0.0,1,7.25988e-05,0.0096097845,0.00875945672123262
RIGTIL_clean,6.02864,4.29629,6.02864,1.13222,1723.76,1522.46,0.0,0.0,0.6098,0.538588,0.0,0,0.000202483,0.0205432214,0.019634345849088627
RIGWIP_clean,5.39694,5.17369,5.38654,2.25257,825.556,366.496,0.0,0.0,0.3946,0.175178,0.0,0,6.08058e-05,0.0057859098,0.005983880201405233
RITGIM_clean,5.22026,3.78444,5.12438,2.19337,1554.84,708.882,0.0,0.0,0.5434,0.247747,0.0,1,8.22915e-05,0.0082205914,0.008753023675051486
RIXBEG_clean,6.00946,4.04752,5.99904,1.21211,664.521,548.234,0.0,0.0,0.4704,0.388083,0.0,1,7.14861e-05,0.0085850093,0.0075908271123588614
RIYBAE_clean,8.18384,7.49831,8.16337,1.22176,2051.61,1679.23,0.0,0.0,0.667,0.545934,0.0,0,0.0001863046,0.0198430816,0.01909154858865685
RIYBEI_clean,8.30815,7.80553,8.30815,1.20426,2064.05,1713.96,0.0,0.0,0.6688,0.555362,0.0,0,0.000215929,0.0201590752,0.021233991544482706
ROBWAH_clean,5.06604,4.01581,5.06032,1.4577,413.629,283.754,105.001,72.0315,0.443,0.303902,0.0,1,6.68868e-05,0.0059054969,0.006339619815098726
ROCZAM_clean,5.6803,4.28854,5.40999,1.1313,2335.01,2064.0,0.0,0.0,0.6432,0.568548,0.0,1,0.000192375,0.020039063,0.02081255934297157
RODBAP_clean,7.01898,5.1049,7.00748,0.913193,2450.75,2683.71,0.0,0.0,0.7006,0.767198,0.0,1,0.0002423459,0.0289282335,0.028338942906533708
ROGSAI_clean,7.26111,4.49108,7.2508,1.17019,1831.91,1565.48,0.0,0.0,0.6072,0.51889,0.0,1,0.0001973415,0.0190751388,0.019930107028419655
RONCIG_clean,9.09448,7.62606,9.09448,1.45289,1203.19,828.136,0.0,0.0,0.5812,0.400029,0.0,1,0.0001243408,0.0111988519,0.012521448604162056
ROQDIM02_clean,5.22188,2.67795,5.22188,1.03483,0.0,0.0,945.617,913.785,0.5816,0.562022,0.0,0,0.0001384879,0.0129031529,0.013914244281174219
ROQDIM03_clean,5.26519,2.71024,5.26519,1.02435,0.0,0.0,974.413,951.248,0.5848,0.570897,0.0,0,0.0001496788,0.0133745712,0.01427804210921001
ROQFUA01_clean,5.15072,2.69402,5.15072,1.01799,0.0,0.0,923.919,907.594,0.5634,0.553445,0.0,0,0.0001107171,0.0137262506,0.01251367254195962
ROQFUA05_clean,5.30302,2.798,5.30302,0.993255,0.0,0.0,1027.3,1034.28,0.57,0.573871,0.0,0,0.0001040474,0.0144932666,0.01211739368895559
ROQNES03_clean,5.26218,2.78641,5.26218,1.00261,0.0,0.0,1025.17,1022.5,0.5608,0.559337,0.0,0,0.0001429834,0.0140717286,0.01434420096547124
RORRIB_clean,5.56844,4.5608,5.56844,2.09957,1607.82,765.783,0.0,0.0,0.5896,0.280819,0.0,1,7.48996e-05,0.0093551413,0.008259036280755479
RUBGUS_clean,4.4617,3.54667,4.45263,1.35931,320.757,235.971,161.359,118.706,0.4638,0.341202,0.0,1,9.22709e-05,0.0099364227,0.008123640140206813
RUBTAK02_SL,8.49537,3.88559,8.49537,1.23841,1654.63,1336.08,0.0,0.0,0.5866,0.47367,0.000322994,0,0.0001736048,0.0165859371,0.017946405063032612
RUGGOR_clean,3.79357,2.90303,3.79357,1.85676,0.0,0.0,281.227,151.461,0.5222,0.281242,0.0,1,7.54892e-05,0.0064398089,0.007323027507491031
RUGHUY_clean,3.74245,2.84378,3.74245,2.06389,0.0,0.0,187.997,91.0888,0.5116,0.247881,0.0,1,5.4827e-05,0.005289432,0.0052029857527841755
RUGJAG_clean,3.73436,2.82454,3.73436,2.10957,0.0,0.0,191.968,90.9989,0.5156,0.24441,0.0,1,6.49161e-05,0.0058708471,0.005996545748628393
RUGNUE_clean,3.76683,2.87475,3.76683,1.4905,0.0,0.0,240.94,161.651,0.5156,0.345924,0.0,1,9.67442e-05,0.0084037231,0.008842359736827012
RUGPEQ_clean,5.86915,3.30945,5.86915,1.4685,0.0,0.0,772.006,525.711,0.481,0.327545,0.0,1,7.41487e-05,0.0091356681,0.008361845637350039
RUGYOJ_clean,5.31747,4.41438,5.22074,1.35237,1132.24,837.223,13.731,10.1533,0.5218,0.385841,0.0,1,0.0001274672,0.0113885884,0.012256730415254258
RUGZAW_clean,9.17489,7.98957,9.06653,0.92991,1617.71,1739.64,0.0,0.0,0.6164,0.66286,0.0,1,0.0002266221,0.0240904968,0.023499797084296396
RULXOM_clean,15.36971,3.55595,15.36971,0.839199,1628.5,1940.54,0.0,0.0,0.652,0.776931,0.0,0,0.0002917696,0.0301480285,0.027728873123203997
RUMROI_clean,3.98794,3.20816,3.86657,1.74728,0.0,0.0,319.482,182.846,0.4734,0.270936,0.0,0,8.61638e-05,0.0059250298,0.0077819099421801
RUPVAB_clean,13.61739,4.61754,13.61739,0.953237,2216.88,2325.64,0.0,0.0,0.6886,0.722381,0.0,1,0.0002993555,0.0302147766,0.030514531127406527
RUSXAG_clean,6.44133,3.78742,6.3358,1.2672,1503.0,1186.08,0.0,0.0,0.5486,0.432924,0.0,1,0.0001505295,0.0152068213,0.015032312256480425
RUSXEK_clean,6.54291,3.90146,6.54291,1.24418,1488.27,1196.19,0.0,0.0,0.5602,0.450258,0.0,1,0.0001950986,0.015821332,0.017591889427245662
RUWXEN_clean,5.03811,3.94141,5.03811,1.46802,1178.02,802.454,0.0,0.0,0.5092,0.346863,0.0,1,0.0001141245,0.011089101,0.011671471951814862
RUWZOA_clean,6.55761,6.38772,6.55761,1.0684,1052.58,985.194,0.0,0.0,0.5174,0.484275,0.0,0,0.0001122671,0.0111913911,0.012823889414573299
RUYQIN02_clean,9.7478,7.37011,9.74761,1.14404,1452.85,1269.93,0.0,0.0,0.5842,0.510647,0.0,1,0.0001948447,0.0189612745,0.019084042999104253
S2056989016007027_zl2661sup1_clean,6.51796,4.57602,6.50954,1.14323,1545.49,1351.86,0.0,0.0,0.5984,0.523428,0.0,0,0.0002140472,0.0200236052,0.019883073066876145
SABKIS_clean,6.81493,5.97974,6.81375,1.3839,1674.07,1209.68,0.0,0.0,0.6086,0.439772,0.0,1,0.0001906703,0.0178210499,0.018000766916064465
SABVOH01_clean,6.48998,6.20475,6.48998,1.00596,1532.58,1523.5,0.0,0.0,0.5966,0.593066,0.0,0,0.0002222445,0.0224086539,0.022189416890148146
SADMUH_SL,7.87003,7.35,7.87003,0.987944,1759.25,1780.72,0.0,0.0,0.6412,0.649025,0.0,0,0.000258474,0.0256654141,0.025179556323527096
SAHBAF_clean,3.95463,2.96684,3.95463,1.55745,0.0,0.0,483.564,310.483,0.5306,0.340684,0.0,0,9.90552e-05,0.0105811822,0.009239473426919755
SANJAV_clean,6.50945,4.91174,6.48422,1.32827,1290.56,971.607,0.0,0.0,0.515,0.387722,0.0,1,0.000151211,0.0160269356,0.013924047179703119
SAQQIL_clean,10.65559,9.10715,10.62918,0.918282,1715.69,1868.37,0.0,0.0,0.6836,0.744434,0.0,1,0.0003168973,0.030673886,0.030125551518727065
SAQQOR_clean_h,10.68647,9.07282,10.64358,0.778283,1708.0,2194.57,0.0,0.0,0.6882,0.884254,0.0,1,0.0003860833,0.0351579296,0.03574757046655131
SARGUP_clean,11.61678,10.99568,11.61678,1.13145,1593.32,1408.21,0.0,0.0,0.6444,0.569535,0.0,1,0.0002906875,0.0261982128,0.027432170670614646
SARHAW_clean,11.26396,10.8267,11.26396,1.13289,1578.11,1393.0,0.0,0.0,0.6352,0.560691,0.0,1,0.0002779699,0.0254478757,0.0261454534127885
SAXLEK_clean,9.25038,8.58806,9.25038,1.08002,1714.03,1587.03,0.0,0.0,0.6988,0.647023,0.0,1,0.0002298077,0.0214756156,0.0232511800130571
SAXRIS_clean,6.95604,5.1283,5.82931,1.88243,2109.8,1120.78,0.0,0.0,0.5242,0.27847,0.000106246,1,0.000115528,0.0119344308,0.012321462236106768
SEFBOV_clean,5.65834,5.15011,5.64688,1.02534,2480.47,2419.17,0.0,0.0,0.6702,0.653638,0.0,1,0.0001994515,0.0242206609,0.023135755713725115
SENVIR_clean,15.37344,3.88956,15.37344,0.850165,1726.79,2031.12,0.0,0.0,0.6596,0.77585,0.0,1,0.0003529771,0.0306318899,0.032298092038891404
SEQTEP_clean,7.6925,5.22397,7.6925,0.967552,1457.91,1506.8,0.0,0.0,0.5822,0.601725,0.0,1,0.0002206431,0.0198409076,0.021562719956393372
SERCEZ_clean,10.07441,8.56931,10.07441,0.708098,2363.51,3337.82,0.0,0.0,0.7424,1.04844,0.0,1,0.0004265986,0.0427743508,0.04281596613169945
SERJOP_clean,8.8151,8.02852,8.80673,1.47492,1445.52,980.069,0.0,0.0,0.5668,0.384292,0.0,1,0.0001525166,0.0142640633,0.014430364861371489
SETQUF_SL,7.76352,7.22608,7.76352,0.996606,1737.41,1743.32,0.0,0.0,0.6204,0.622513,0.0,0,0.0002813323,0.0246087575,0.025525558057926997
SEYNAM_clean,4.61019,3.49627,4.57613,1.21074,674.404,557.017,0.0,0.0,0.4702,0.388357,0.0,1,6.66894e-05,0.007571692,0.007397586027664665
SICZOV_clean,18.76086,11.86635,18.76086,0.419881,1773.06,4222.76,0.0,0.0,0.8408,2.00247,0.0,1,0.0008909202,0.0840754498,0.08437753420246336
SIFVAG_clean,5.52904,3.49181,5.49354,1.16245,673.998,579.808,0.0,0.0,0.4796,0.412577,0.0,1,8.50777e-05,0.0085593278,0.00887009312271587
SIKGAW_clean,4.92676,4.21433,4.92676,0.888887,2386.29,2684.58,0.0,0.0,0.6492,0.730352,0.0,0,0.0002467717,0.0235410936,0.02665878063403982
SIKJOM_clean,4.32762,2.99344,4.29007,1.20467,0.0,0.0,502.709,417.299,0.5312,0.44095,0.0,1,7.10804e-05,0.0082662333,0.00829570213161356
SINQEL_clean,5.80887,4.60559,5.80549,1.29073,2087.2,1617.07,0.0,0.0,0.6484,0.502351,0.0,0,0.0001733677,0.0198885289,0.017956495913601885
SINVAM_clean,4.31766,3.04283,4.31766,2.07819,0.0,0.0,366.904,176.55,0.4626,0.222598,0.0,0,8.07408e-05,0.0091042754,0.007685331725456209
SINZIA_clean,4.91536,2.60564,4.56994,1.25849,0.0,0.0,178.701,141.996,0.4288,0.340725,0.0,0,4.67727e-05,0.0039595542,0.004695923553662546
SIPCID_clean,5.31594,4.0774,5.2787,1.47588,738.038,500.065,0.0,0.0,0.506,0.342845,0.0,0,6.60369e-05,0.0059713853,0.007212481238154003
SIQCUS_clean,4.79944,3.35813,4.79944,1.37086,955.599,697.081,0.0,0.0,0.547,0.39902,0.0,1,0.0001086436,0.0109246143,0.010443600945481005
SIVGUB_clean,8.31266,6.47199,8.20556,0.679186,2443.34,3597.46,0.0,0.0,0.7546,1.11104,0.0,1,0.0004764754,0.0471170293,0.045740063433777886
SIZPUN_clean,19.22538,6.71018,19.22499,0.693763,2153.01,3103.37,0.0,0.0,0.757,1.09115,0.0,1,0.0004924726,0.0480960036,0.04809259791568039
SOBTUY_clean,5.30158,4.93345,5.25562,1.24028,1722.57,1388.85,0.0,0.0,0.5708,0.460217,0.0,1,0.0001335984,0.0148260403,0.015631347646385556
SODXUG_clean,4.72864,4.01613,4.71178,1.34536,905.757,673.244,0.0,0.0,0.4682,0.34801,0.0,1,0.0001309909,0.0109371822,0.011547172566746502
SODZIV_clean,6.23207,5.25681,6.23207,1.2688,1153.66,909.256,0.0,0.0,0.5338,0.420714,0.0,1,0.0001082819,0.01114679,0.011807018089594501
SOHNAF_clean,8.77466,8.24178,8.76382,1.17605,2072.16,1761.97,0.0,0.0,0.686,0.583311,0.0,0,0.0002080291,0.0210833565,0.021492800188641248
SOJKOT03_clean,3.48714,3.20549,3.48363,1.59604,0.0,0.0,30.7555,19.2699,0.4506,0.282323,0.0,0,3.62462e-05,0.0039521829,0.0038310333328061153
SOMSIY_clean,6.00203,5.70916,6.00203,1.30077,1538.34,1182.64,0.0,0.0,0.5758,0.442662,0.0,0,0.0001753864,0.0193626573,0.01690140446145456
SONTIZ_clean,6.62072,5.41763,6.62072,1.09079,2319.93,2126.83,0.0,0.0,0.6638,0.608548,0.0,1,0.0002152409,0.0240317557,0.023038086225148073
SOPLEQ_clean,8.78838,7.50509,8.78838,0.73171,2217.3,3030.3,0.0,0.0,0.6802,0.929603,0.0,0,0.0003972733,0.0376109812,0.03847285237972549
SOTBIM_clean,5.21188,2.9066,5.19393,1.48535,0.0,0.0,616.213,414.86,0.4698,0.316289,0.0,1,0.0001196315,0.0125546635,0.010196839037845613
SOTTUR_clean,4.85387,3.54585,4.85387,1.5081,695.909,461.447,0.0,0.0,0.4606,0.305417,0.0,1,8.49356e-05,0.0071558271,0.007989082333676333
SOTWUV_clean,6.18672,5.12197,6.18672,1.20466,2258.56,1874.85,0.0,0.0,0.6516,0.540898,0.0,1,0.0002069052,0.0213024667,0.0207673238440462
SOTXAC_clean,6.12649,5.14189,6.12133,1.25484,2251.96,1794.63,0.0,0.0,0.645,0.514011,0.0,1,0.0002335525,0.0206402048,0.021797636369825752
SOXDEQ_clean,7.82825,4.19616,7.82511,1.75226,1007.81,575.152,0.0,0.0,0.4478,0.255556,0.0,1,9.44539e-05,0.0093250603,0.008215389986993771
SOYWOT_neutral_b,13.17245,6.57882,13.17245,0.881994,2147.64,2434.99,0.0,0.0,0.7166,0.812478,0.0,1,0.0003564805,0.0346716028,0.03506276606543411
SOZGIZ_clean,8.59808,3.83664,8.57584,1.027,1782.17,1735.31,0.0,0.0,0.6252,0.608761,0.0,1,0.0002586811,0.0252345818,0.02416902043539507
SOZSAD_clean,8.8027,3.99777,8.80075,0.979603,1802.77,1840.31,0.0,0.0,0.6322,0.645363,0.0,1,0.0002840338,0.026859022,0.026362832605910495
SOZSIL_clean,8.7376,3.97317,8.68094,0.99936,1793.88,1795.03,0.0,0.0,0.631,0.631404,0.0,1,0.0002833883,0.0265010586,0.025982831588297728
SUBMIN_clean,9.97573,6.14945,9.9755,0.833875,1650.14,1978.89,0.0,0.0,0.635,0.761505,0.0,0,0.0002915648,0.0260184203,0.027681363904506352
SUFJOU_clean,6.30332,3.54841,6.29414,1.24899,1424.61,1140.61,0.0,0.0,0.571,0.457169,0.0,1,0.0001604035,0.0168416105,0.01550490699282096
SUGVUM_clean,5.79435,4.06776,5.78784,1.1064,1279.06,1156.05,0.0,0.0,0.5442,0.491863,0.0,1,0.0001332127,0.015207652,0.014148365517654365
SUHMEP_clean,8.35438,6.74513,8.35438,1.25512,1629.48,1298.27,0.0,0.0,0.6082,0.484574,0.0,0,0.0002150915,0.0198848421,0.02002359101855562
SUKYON_clean,10.7978,7.28862,10.07334,0.52652,2852.06,5416.81,0.601169,1.14178,0.7786,1.47877,0.0,1,0.0006257371,0.0625500345,0.06319754620328621
SUQHUJ_clean,7.25953,5.23411,7.25953,1.08539,2701.3,2488.77,0.0,0.0,0.709,0.653219,0.0,1,0.0003038828,0.0289937972,0.02714528855367146
SUSZIQ_clean,6.2853,5.33445,6.2853,1.91818,700.301,365.087,0.0,0.0,0.4294,0.223858,0.0,0,6.9667e-05,0.0056566408,0.006363742257191881
SUWQEI_clean,9.47366,7.57886,8.89706,0.818244,1562.75,1909.88,0.0,0.0,0.6376,0.779229,0.0,1,0.0002327656,0.0254810625,0.024616595101727142
TACJIS_clean,4.83288,3.1608,4.83288,1.22564,0.0,0.0,811.728,662.29,0.5448,0.444503,0.0,1,0.0001100929,0.0112723966,0.011393675171967496
TADYEE_clean,6.41454,5.84385,6.41454,1.06115,1369.43,1290.51,0.0,0.0,0.545,0.513592,0.0,0,0.0001527773,0.0141396944,0.015974362036105763
TAFBIN_clean,4.89948,3.22692,4.89948,1.6684,0.0,0.0,451.74,270.763,0.4126,0.247303,0.0,0,4.55625e-05,0.0039827005,0.004877437962799679
TAGVAB_clean,7.19373,5.47476,7.19162,0.743514,2474.93,3328.7,0.0,0.0,0.678,0.911886,0.0,1,0.0004072604,0.0375306151,0.03803395362659656
TAHYUZ_clean,4.56041,2.93335,4.55647,1.76079,0.0,0.0,223.124,126.718,0.3476,0.197411,0.0,1,2.55517e-05,0.002542736,0.0028071489471655324
TAJXIO04_clean,3.63081,3.41863,3.61802,2.33825,87.153,37.2728,0.0,0.0,0.3114,0.133177,0.0,1,8.493e-06,0.0009571568,0.001377161800007156
TAJXIO_clean,3.69262,3.45097,3.69262,2.33323,96.1718,41.2184,0.0,0.0,0.319,0.136721,0.0,1,1.86845e-05,0.0010709625,0.0020080992878604292
TAKVAF_clean,7.05263,6.93916,7.05263,1.17979,1573.47,1333.69,0.0,0.0,0.5826,0.493819,0.0,0,0.0002052786,0.0217926429,0.020406901701682904
TANMIH_clean,5.18859,3.46319,5.18859,1.38533,742.681,536.106,0.0,0.0,0.453,0.326999,0.0,1,7.78681e-05,0.0082077507,0.007698889758810397
TAPXIT01_clean,5.69893,5.36843,5.69893,1.57809,498.722,316.029,0.0,0.0,0.4096,0.259554,0.0,1,6.02843e-05,0.0053226594,0.005540182357126201
TASWER_clean,7.18775,6.56186,7.17833,1.27687,1841.49,1442.19,0.0,0.0,0.6088,0.47679,0.0,1,0.0001864228,0.0176057694,0.018964009706411777
TASWIV_clean,7.31506,6.71653,7.31506,1.25001,1853.82,1483.05,0.0,0.0,0.6122,0.489757,0.0,1,0.0001749759,0.0182916427,0.01861129818794203
TATYUL_clean,3.81571,3.02267,3.81522,1.65837,0.0,0.0,176.394,106.366,0.2814,0.169685,0.0,1,2.89058e-05,0.0032873755,0.0029827562672984104
TAWTAP_clean,4.72389,3.94843,4.7043,1.63068,1518.12,930.97,0.0,0.0,0.6006,0.368312,0.0,0,0.000116549,0.0126175592,0.012387505863070362
TAYNEN_clean,5.31191,3.45332,5.31191,1.3024,757.68,581.756,0.0,0.0,0.4834,0.371161,0.0,0,5.607e-05,0.0076350947,0.006849290880545514
TAZLIR_clean,11.03662,6.77118,11.03522,0.972357,2245.68,2309.52,0.0,0.0,0.737,0.757952,0.0,1,0.0003217838,0.0313717936,0.03193705098762182
TEJBAN_clean,4.03108,3.48324,4.03108,1.38569,387.305,279.502,0.0,0.0,0.442,0.318974,0.0,0,4.74847e-05,0.004539542,0.0050102211407546775
TEJBOB_clean,7.12468,6.03948,7.12468,1.31037,1062.37,810.735,0.0,0.0,0.4896,0.373634,0.0,1,0.0001008125,0.0102837041,0.010265424405690017
TENLIJ_clean,5.37557,4.41973,5.36241,1.14422,1308.35,1143.45,0.0,0.0,0.5684,0.496758,0.0,0,0.0001372087,0.0153353595,0.014698315728590487
TEQVAO_manual,4.70544,3.52951,4.70544,1.19795,706.636,589.87,0.0,0.0,0.5124,0.42773,0.0,1,8.64168e-05,0.0096693377,0.00908119719663053
TEQWER_clean,4.21138,3.62218,4.19081,1.63762,863.669,527.392,0.0,0.0,0.5414,0.330601,0.0,1,0.0001061928,0.0082747404,0.010085858340001919
TESGOO_clean,4.76391,3.62987,4.72184,1.92126,733.455,381.758,0.0,0.0,0.4574,0.238073,0.0,0,5.50992e-05,0.0060534608,0.00573612329215664
TETVIZ_clean,5.51517,3.41736,5.00993,2.38206,1155.9,485.251,0.0,0.0,0.4816,0.202178,0.0,1,6.92746e-05,0.0072571717,0.007085000771001005
TETWEW_clean,6.01008,3.97081,5.72262,2.0273,1705.36,841.198,0.0,0.0,0.5372,0.264983,0.0,1,9.58132e-05,0.010216297,0.01014410215385732
TEVZUQ_clean,4.84681,3.6521,4.84681,1.89478,778.542,410.888,0.0,0.0,0.4634,0.244567,0.0,0,6.99908e-05,0.0063378915,0.006919066054995699
TIDLEZ_clean,7.0595,6.90616,7.0592,1.03857,2192.07,2110.66,0.0,0.0,0.6778,0.652626,0.0,0,0.0002069764,0.0220129379,0.023730825023950533
TIFBOA_clean,4.67398,3.53239,4.41116,1.37462,661.997,481.587,0.0,0.0,0.4932,0.358791,0.0,1,8.85553e-05,0.0083010097,0.008828694617795145
TIGSOT_clean,4.31733,3.92478,4.29293,1.79014,708.62,395.847,0.0,0.0,0.4326,0.241658,0.0,1,7.17064e-05,0.006418638,0.006947362644848002
TILHAY_clean,3.73565,3.13243,3.30127,1.47411,0.0,0.0,105.025,71.2462,0.461,0.31273,0.0,0,6.14113e-05,0.0070353359,0.005921246917215935
TILHEC_clean,3.75288,3.12554,3.74545,1.34381,0.0,0.0,197.744,147.152,0.4516,0.33606,0.0,1,9.14292e-05,0.0081744472,0.008174171626773996
TIRHIL_clean,9.31104,7.31301,9.26469,0.758181,2378.0,3136.45,0.0,0.0,0.7986,1.05331,0.0,0,0.000398069,0.0401423083,0.042111252585102565
TIRLIQ_clean,5.16708,4.02438,5.14791,1.34501,828.176,615.737,0.0,0.0,0.4914,0.365349,0.0,1,9.96431e-05,0.0086714104,0.009612107762473898
TISWEZ_clean,4.23888,2.74193,3.89905,2.3595,0.0,0.0,104.649,44.3522,0.3576,0.151558,0.0,0,1.10383e-05,0.0014467489,0.0013649933674356983
TIVFEK_clean,3.16738,2.61456,3.16666,2.43494,0.0,0.0,0.0,0.0,0.3712,0.152447,0.0,1,5.1825e-06,0.0009898595,0.0010620816367351398
TIYZEG_clean,4.29836,2.87757,4.29317,1.98693,0.0,0.0,498.963,251.122,0.4832,0.243189,0.0,1,3.05689e-05,0.0036784588,0.0042914996677051055
TOFLAD_clean,5.55121,2.82234,5.5376,1.3052,0.0,0.0,688.322,527.369,0.48,0.36776,0.0,1,8.01552e-05,0.0085716589,0.00852426033029443
TOHSAL_clean,9.79069,6.17903,9.78331,0.576207,2737.54,4750.96,0.0,0.0,0.7668,1.33077,0.0,1,0.0005451075,0.0540036367,0.053970115754042855
TOHYUL_clean,7.14824,6.33455,7.14824,1.33984,1522.29,1136.17,0.0,0.0,0.5742,0.428558,0.0,1,0.0001417147,0.0152338221,0.015032887425040284
TOJLOT_clean,9.35136,7.4656,9.35136,0.787935,1703.38,2161.83,0.0,0.0,0.6612,0.839156,0.0,0,0.0002908081,0.0299033177,0.029265799112286172
TONTIB_clean,8.17686,3.88128,8.17686,0.785515,2106.51,2681.7,0.0,0.0,0.6434,0.819081,0.0,0,0.0003183359,0.0319269151,0.031624024304092266
TORJAN_clean,5.41891,3.81819,5.4137,1.12525,1554.01,1381.04,0.0,0.0,0.5844,0.519353,0.0,1,0.0001961798,0.0158354988,0.018282587531580113
TOVJIZ_clean,12.65101,8.2906,12.63941,0.451159,2031.86,4503.64,0.0,0.0,0.8026,1.77897,0.0,1,0.0007968238,0.0750769064,0.07357431365852565
TOWPEC_clean,10.15584,5.70866,7.95557,0.889254,1486.62,1671.76,593.787,667.736,0.6774,0.761762,0.0,1,0.0003671961,0.0328050376,0.03434874596273925
TOXHEV_clean,5.62501,5.12266,5.62332,1.0421,1433.18,1375.28,0.0,0.0,0.5534,0.531046,0.0,1,0.0001443127,0.0165075152,0.016366160091051418
TOZFOF_clean,13.77283,9.32974,13.77283,0.843356,2144.73,2543.09,0.0,0.0,0.7158,0.848752,0.0,1,0.0003012573,0.0318287197,0.03266924936691013
TOZHAR_clean,4.71595,3.81365,4.64425,1.35498,1755.8,1295.81,0.0,0.0,0.6366,0.469823,0.0,1,0.0001525288,0.0144920731,0.01557255184330248
TUBJAD_clean,4.85188,4.35004,4.85188,1.22218,733.491,600.149,0.0,0.0,0.4892,0.400268,0.0,1,7.63687e-05,0.0073953311,0.008438869186762947
TUCJAD_clean,5.76369,4.27387,5.76369,1.22067,1421.06,1164.17,0.0,0.0,0.5556,0.455161,0.0,1,0.0001542656,0.0166313785,0.015578349734868494
TUDQOZ_clean,4.7672,3.81876,4.49087,1.57647,290.479,184.259,229.56,145.616,0.4148,0.263119,0.0,0,5.63178e-05,0.0057158937,0.0054272287431367024
TUFTAR_clean,3.78507,2.73276,3.78507,2.02615,0.0,0.0,132.864,65.5747,0.4318,0.213113,0.0,1,4.0056e-05,0.0034144258,0.0037366446356021047
TUJGIQ_clean,5.65806,4.28444,5.64037,1.20241,974.646,810.578,0.0,0.0,0.5012,0.41683,0.0,1,0.000112209,0.0108052649,0.011165250665771217
TUKDAG_clean,3.37824,2.66134,3.37824,1.47107,0.0,0.0,0.517934,0.352079,0.4176,0.283874,0.0,0,1.10258e-05,0.0012728726,0.0014940982016178432
TULLIW_clean,3.33696,2.60789,3.18415,2.34076,0.0,0.0,0.0,0.0,0.3756,0.160461,0.0,1,1.67504e-05,0.0020398291,0.0014802462076533712
TUMGOX_clean,3.4731,2.61221,3.4731,1.87019,0.0,0.0,33.4605,17.8915,0.4894,0.261685,0.0,1,5.40816e-05,0.0063590895,0.004925755076111617
TUMQID_clean,4.78803,3.71858,4.78803,1.19719,1092.19,912.297,0.0,0.0,0.5342,0.446213,0.0,1,0.0001400862,0.0134071789,0.013270376319808238
TUMRAW_clean,4.33484,3.3089,4.32725,1.28672,0.0,0.0,825.874,641.843,0.4936,0.38361,0.0,0,8.43797e-05,0.0108454865,0.009264781195064648
TUMTOK_clean,5.11398,2.75629,5.10293,1.81391,0.0,0.0,778.118,428.973,0.5412,0.298361,0.0,1,9.18729e-05,0.010104344,0.008748591453477582
TURDIV_clean,6.92653,4.99633,6.92653,1.00914,1370.8,1358.39,0.0,0.0,0.5476,0.542641,0.0,0,0.000170349,0.017772555,0.01799479994023414
TURFET_clean,6.77386,4.80527,6.75967,1.02251,1388.25,1357.69,0.0,0.0,0.5348,0.523025,0.0,0,0.0001859773,0.0175928291,0.018210372003266584
TUTJAU_clean,6.55313,5.09154,6.45158,1.05742,1473.03,1393.05,0.0,0.0,0.5626,0.532052,0.0,1,0.0002217195,0.0201355072,0.020300636396917947
TUYJAZ_clean,9.06373,3.5335,9.05923,1.06444,1888.19,1773.89,0.0,0.0,0.6828,0.641464,0.0,1,0.0002450322,0.0216623018,0.02336962190713483
TUYNEI_clean,4.98882,3.8643,4.98882,1.23289,1157.26,938.66,0.0,0.0,0.5728,0.4646,0.0,1,0.0001290527,0.0130070625,0.013683962322394438
TUZNOS_clean,9.10066,3.05347,9.10066,1.20356,0.0,0.0,1028.97,854.941,0.5326,0.44252,0.0,1,0.0001508979,0.0130893163,0.013811835880670508
UCALIW_clean,3.91574,2.7427,3.82831,1.26237,0.0,0.0,181.831,144.04,0.487,0.385783,0.0,1,4.48582e-05,0.0047957452,0.005021720392776909
UCEGEQ_clean,4.6624,3.53865,4.56509,1.68077,1210.21,720.033,0.0,0.0,0.5348,0.318188,0.0,1,6.7828e-05,0.0077427161,0.008474301972594625
UCOJIH_clean,8.11816,7.11073,8.05724,1.22088,2052.56,1681.21,0.0,0.0,0.6616,0.541903,0.0,0,0.000215929,0.0204250365,0.020954896763187365
UDEPIE_clean,6.47552,3.00025,6.47552,1.77613,0.0,0.0,1310.28,737.714,0.526,0.296149,0.0,1,8.93115e-05,0.0101398311,0.00992158591834795
UDICER_clean,3.77926,2.66082,3.77926,2.41704,0.0,0.0,128.638,53.2212,0.4106,0.169877,0.0,1,4.74088e-05,0.0045986578,0.003973211214915371
UDUMIP02_clean,7.11427,6.32764,7.10696,1.42622,1719.35,1205.53,0.0,0.0,0.5884,0.412559,0.0,1,0.0001457213,0.0158065388,0.015388031898585808
UDUMIP03_clean,7.09807,6.30763,7.09096,1.42891,1721.24,1204.58,0.0,0.0,0.5872,0.410943,0.0,1,0.0001974629,0.0161106528,0.018324987902359355
UDUMIP_clean,7.19202,6.41478,7.18204,1.40092,1718.44,1226.65,0.0,0.0,0.5958,0.425293,0.0,1,0.0001626165,0.016391536,0.016397174012991983
UFASEA_ion_b,3.8787,3.48972,3.87221,1.84634,417.315,226.022,88.8958,48.1469,0.4466,0.241883,0.0,1,6.00596e-05,0.0058148609,0.005622628203623551
UFISUY_clean,3.9371,2.93732,3.9371,1.55788,0.0,0.0,454.444,291.707,0.52,0.333788,0.0,0,9.59272e-05,0.0102339676,0.00937138811697331
UFITEJ_clean,4.28866,3.3328,4.22514,1.50236,891.064,593.111,0.0,0.0,0.5408,0.359968,0.0,0,0.0001053754,0.0114027258,0.010605731322335327
UGOFED_clean,5.38504,4.20309,4.96349,1.22232,1169.34,956.656,0.0,0.0,0.5274,0.431476,0.0,1,0.0001320649,0.014234165,0.013515895008837115
UGUGUZ_clean,4.77323,4.07807,4.77323,1.79667,684.632,381.056,127.779,71.1197,0.5662,0.315138,0.0,1,0.0001028409,0.010355291,0.009089041854656253
UHIYOB_clean,3.38722,2.73376,3.37495,1.3064,0.0,0.0,0.822358,0.629482,0.4322,0.330832,0.0,0,1.5049e-05,0.0025081687,0.0022811392976973266
UJOJIO06_clean,3.44474,2.65655,3.43987,1.78115,0.0,0.0,1.58652,0.890726,0.328,0.184151,0.0,0,9.122e-06,0.0010297724,0.0010812299939062901
UJOJIO_clean,3.42023,2.63655,3.42023,1.78596,0.0,0.0,0.795402,0.445363,0.3256,0.182311,0.0,0,9.122e-06,0.0010267317,0.0010815665765167952
UJUPUM_clean,6.77742,5.67068,6.76869,0.861722,2505.7,2907.78,0.0,0.0,0.7082,0.821843,0.0,1,0.0002781881,0.0286308143,0.030088456248049497
UJUXOM_clean,3.8942,2.89771,3.83746,1.54689,0.0,0.0,131.618,85.0856,0.476,0.307715,0.0,1,3.62496e-05,0.0025583409,0.0040462990754829495
UKAZEM_clean,10.77132,8.65206,10.76899,0.789293,2030.11,2572.07,0.0,0.0,0.7756,0.982652,0.0,1,0.0004199806,0.0394343277,0.039945336841968965
UKOZOK_clean,5.16699,3.99697,5.16538,2.08607,1456.61,698.257,0.0,0.0,0.5214,0.249944,0.0,1,8.21988e-05,0.0084865931,0.009210426975729314
UKUDEL_clean,10.93489,2.95536,10.93489,1.20739,0.0,0.0,1228.49,1017.48,0.596,0.493627,0.000165647,0,0.0001623785,0.0157870155,0.01719692663654323
UKUMAO_clean,3.76852,3.23056,3.72223,3.06841,0.0,0.0,99.8887,32.5539,0.4034,0.131469,0.0,1,1.72533e-05,0.0011551505,0.0018610234099159968
UKUTEB_clean,4.86135,2.69161,4.85098,1.25674,0.0,0.0,774.156,616.001,0.4814,0.383053,0.0,1,0.0001356118,0.0106475804,0.011958824152402459
ULAQAB_clean,5.27643,3.51743,4.89733,1.04387,1032.19,988.815,0.0,0.0,0.5466,0.523628,0.0,0,0.0001322055,0.0137232223,0.01374473791885904
ULOGIL_clean,4.16035,3.10206,4.16035,1.93416,0.0,0.0,408.297,211.098,0.4766,0.246412,0.0,1,4.29714e-05,0.005677773,0.005022170574715146
ULOLIS_clean,8.54677,6.10924,8.54677,1.32937,1733.05,1303.66,0.0,0.0,0.6388,0.480529,0.0,0,0.000195521,0.0162697206,0.018958641530270007
ULUQAV_clean,3.81421,2.96104,3.78648,1.8271,0.0,0.0,106.613,58.3507,0.4082,0.223414,0.0,1,2.921e-05,0.0032587416,0.002897088790570981
UMAROR_clean,4.34972,2.76546,4.31289,1.96709,0.0,0.0,679.956,345.667,0.466,0.236899,0.0,1,8.62034e-05,0.0077907924,0.008006732136311595
UMEDEX_clean,8.31991,5.90244,8.31991,1.33036,1734.05,1303.45,0.0,0.0,0.6334,0.476113,0.0,0,0.0001617407,0.0160498021,0.017072034478394033
UMEDOH_clean,8.3593,5.89473,8.3593,1.33036,1732.85,1302.55,0.0,0.0,0.6328,0.475662,0.0,0,0.0001400437,0.0162056254,0.016171299946558002
UMEHOL_clean,7.1388,4.96773,6.18362,1.60251,1384.6,864.024,0.0,0.0,0.5636,0.351699,0.0,1,0.0001334148,0.0130871202,0.013018515544418442
UMEXUF_clean,5.96732,4.46538,5.94889,1.62337,1487.02,916.008,0.0,0.0,0.5378,0.331286,0.0,1,0.0001288031,0.0134626462,0.01275389281667113
UMOBEF03_clean,11.19548,6.07261,11.19529,0.54262,2779.47,5122.32,0.0,0.0,0.775,1.42826,0.0,1,0.000689567,0.0594318443,0.06246402997004863
UMOBEF04_clean,9.82687,5.92931,9.82687,0.641251,2696.95,4205.76,1.10178,1.71818,0.73,1.1384,0.0,1,0.0004517853,0.0467376969,0.046171914796801675
UMOBEF05_clean,9.81532,6.14212,9.81476,0.699468,2487.48,3556.24,0.0,0.0,0.705,1.00791,0.0,1,0.0004144196,0.0412381452,0.0413858269903405
UMOBEF_clean,12.498,6.04018,12.42609,0.48038,2503.44,5211.38,0.0,0.0,0.7972,1.65952,0.0,1,0.0007507109,0.0686815534,0.07017401424082442
UMODEH04_clean,11.36787,5.34922,11.36787,0.533932,2752.39,5154.94,0.0,0.0,0.771,1.444,0.0,1,0.0005944429,0.0592997797,0.0595858561926202
UMODEH25_clean,9.75422,5.20239,6.39739,0.581306,2933.81,5046.92,0.0,0.0,0.7442,1.28022,0.0,1,0.0004992006,0.0528003189,0.05059112583856578
UMOVEZ02_clean,10.40783,5.7016,10.40783,0.554264,2884.62,5204.42,0.0,0.0,0.768,1.38562,0.0,1,0.0005842637,0.0570676145,0.05720024121595014
UMOVEZ03_clean,10.92239,5.82104,10.1736,0.537309,2802.84,5216.45,0.0,0.0,0.7724,1.43754,0.0,1,0.0005842637,0.05889174,0.058063484525339125
UMOVEZ05_clean,10.32083,5.66439,10.32083,0.556946,2888.61,5186.51,0.0,0.0,0.7674,1.37787,0.0,1,0.000574073,0.0566430043,0.0560882513013707
UMOVID_clean,12.08323,6.02223,11.77524,0.495095,2551.4,5153.36,0.0,0.0,0.7958,1.60737,0.0,1,0.0006691857,0.0670680346,0.06744189778773081
UMOYOM07_clean,9.75529,5.37054,9.54348,0.541661,2791.87,5154.28,0.0,0.0,0.7712,1.42377,0.0,1,0.0006181095,0.0576657935,0.05641757288295774
UMUBIP_clean,11.2434,5.32116,11.2434,0.544527,2831.33,5199.61,0.0,0.0,0.7672,1.40893,0.0,1,0.0005583165,0.0576379671,0.058354834964586925
UNERUB_clean,3.96916,2.62175,3.96916,3.13486,0.0,0.0,330.031,105.278,0.472,0.150565,0.0,0,4.42204e-05,0.0039166604,0.004461248771181566
URENEM_clean,8.53899,7.85329,8.41522,0.74811,2058.38,2751.44,0.0,0.0,0.7178,0.959485,0.0,1,0.0004195026,0.0409327437,0.03859289244869341
UREVIY_clean,4.97933,3.80174,4.64142,1.58439,1154.53,728.69,0.0,0.0,0.5098,0.321764,0.0,1,0.0001018712,0.0103305436,0.010167208257545081
UREVOE_clean,4.98141,3.80725,4.69195,1.62966,1156.15,709.443,0.0,0.0,0.5054,0.310125,0.0,1,0.0001007589,0.0099345614,0.010060317431335451
URUWEL_clean,9.27008,8.60913,9.21935,1.12073,1091.29,973.727,41.1176,36.688,0.5796,0.517161,0.0,1,0.0001623668,0.0153211652,0.015596600696572515
URUWIP_clean,8.03408,7.13721,8.03408,1.22198,1033.12,845.441,0.0,0.0,0.5468,0.447469,0.0,1,0.00010368,0.0119544996,0.010618835485551446
USAWIW_clean,8.66526,5.94328,8.64173,1.00954,1665.76,1650.02,0.0,0.0,0.6018,0.596112,0.0,0,0.0002019116,0.0203757025,0.021297597866987754
USUWUC_clean,6.42663,5.71174,6.42663,1.58208,1915.35,1210.65,0.0,0.0,0.6074,0.383924,0.0,0,0.000171672,0.0183443836,0.016475265710094823
UTEMAJ_clean,8.09581,6.09927,8.09581,0.734825,2275.05,3096.04,0.0,0.0,0.6682,0.909332,0.0,1,0.0003608369,0.0352749718,0.03542762454366298
UTEXIB_clean,6.29693,3.9636,6.29186,1.00241,1350.02,1346.77,59.1211,58.9791,0.5926,0.591177,0.0,0,0.0001620078,0.0204604989,0.017317705837202536
UTOCAJ_clean,6.32412,4.71832,6.32412,1.02969,1479.29,1436.63,0.0,0.0,0.5216,0.506558,0.0,1,0.0002012439,0.0196552151,0.01910133736056137
UTOTUT_clean,3.82713,2.73754,3.74357,1.89411,0.0,0.0,102.068,53.8873,0.3692,0.194921,0.0,1,3.43828e-05,0.0030901557,0.0031286605428380177
UTUMAY_clean,4.48241,3.06783,4.48241,1.23359,0.0,0.0,651.46,528.103,0.496,0.40208,0.0,1,9.04686e-05,0.009002348,0.009561880516500901
UVAROZ_clean,4.79706,3.34321,4.54959,1.22985,422.335,343.405,0.0,0.0,0.4402,0.357931,0.0,0,6.62175e-05,0.0072987871,0.006658357373613609
UVIPOF_clean,13.17946,6.58449,13.17946,0.87003,2145.41,2465.9,0.0,0.0,0.7218,0.829627,0.0,1,0.0003346402,0.0356721211,0.03443433874858198
UWODAN_clean,6.59983,5.06853,6.59196,1.38828,1109.99,799.546,13.7879,9.93166,0.5174,0.372693,0.0,1,9.50519e-05,0.0124564757,0.01031613633144557
UWOWAF_clean,5.4452,4.14635,5.44512,1.16308,1303.91,1121.08,0.0,0.0,0.5534,0.475804,0.0,1,0.0001928985,0.0171242638,0.016768289267551844
UWUKII_clean,9.32796,8.05126,9.01112,0.931594,1638.77,1759.1,0.0,0.0,0.6392,0.686136,0.0,1,0.0002479223,0.0268582528,0.02427998625422741
UXABUR_clean,5.25063,5.01707,5.2326,1.46007,406.574,278.462,0.0,0.0,0.4604,0.315327,0.0,1,2.6283e-05,0.0029410671,0.003651088069837707
UXEDIL01_clean,3.94683,2.76076,3.9356,2.23926,0.0,0.0,217.357,97.0666,0.4156,0.185597,0.0,0,3.77884e-05,0.0032641964,0.0036450040000375224
UXUPEK_clean,3.5089,3.03222,3.5089,2.40709,0.0,0.0,19.5977,8.14166,0.4116,0.170995,0.0,1,3.65026e-05,0.0035829585,0.003179786144534935
UYOFIY_clean,4.54158,3.74063,4.4159,1.84541,1216.19,659.037,0.0,0.0,0.4962,0.268884,0.0,1,0.000115727,0.0098189936,0.011416558108769731
UZIZUZ_clean,5.12971,3.28969,5.12324,1.0743,0.0,0.0,863.106,803.412,0.5454,0.507679,0.0,1,0.0001497724,0.0118683964,0.013691134430537986
UZUNAF01_clean,7.28303,6.53777,7.28303,1.26957,1027.84,809.6,0.0,0.0,0.5124,0.403601,0.0,0,9.64627e-05,0.0105074643,0.010788278592546219
VAGTUU_clean,6.4105,3.89316,6.4105,1.19065,828.698,696.007,460.809,387.025,0.5728,0.481084,0.0,1,0.0001596196,0.016778735,0.015480107617715424
VAMQIM_clean,11.48256,10.83475,11.48089,1.17217,1544.63,1317.75,0.0,0.0,0.6478,0.55265,0.0,1,0.0002751381,0.0248897576,0.026277316117857455
VANXUD03_clean,3.95461,3.35122,3.95461,2.1194,449.013,211.859,0.0,0.0,0.4554,0.214872,0.0,0,4.39937e-05,0.005690982,0.00462411380310474
VAPFOJ_clean,3.9272,3.04381,3.92404,2.12798,0.0,0.0,190.702,89.6167,0.4346,0.204232,0.0,1,4.36364e-05,0.0043436921,0.004363586604708909
VASFED_clean,5.86586,4.56127,5.86586,1.56054,1486.93,952.828,0.0,0.0,0.5192,0.332705,0.0,0,0.0001167958,0.0113163695,0.012404271321411711
VASFON_clean,5.84482,4.53722,5.84482,1.58678,1481.54,933.678,0.0,0.0,0.517,0.325818,0.0,0,0.0001327549,0.0109169758,0.013465698829317047
VATXEU_clean,7.38612,5.95802,7.38612,2.25172,1314.88,583.946,0.0,0.0,0.537,0.238485,0.0,0,7.8832e-05,0.0081530519,0.008634089868985001
VATYOF_clean,5.86599,4.67382,5.86599,1.53817,2040.49,1326.58,0.0,0.0,0.622,0.404378,0.0,1,0.0001558795,0.0147007275,0.015631878848169408
VAZTOG_clean,15.08014,7.93969,15.07583,0.589901,2233.7,3786.57,0.0,0.0,0.8002,1.3565,0.0,0,0.0005032598,0.0564787358,0.05489189089609223
VECZAG_clean,9.10711,7.36025,9.10711,1.61302,1710.75,1060.59,0.0,0.0,0.6522,0.404334,0.0,1,0.0001532141,0.0152469035,0.014590035233418078
VEDGAO_clean,5.63762,3.83278,5.54473,1.07445,1555.4,1447.63,0.0,0.0,0.5576,0.518962,0.0,0,0.0001668566,0.0177390863,0.017350598685821682
VEHXEN_clean,9.30754,7.04491,9.30754,1.35949,2124.85,1562.97,0.0,0.0,0.7316,0.538142,0.0,1,0.0001983869,0.0225663007,0.01960017911459289
VEJHEZ_clean,15.05768,6.22214,9.48846,0.685711,2179.67,3178.7,0.0,0.0,0.7706,1.1238,0.0,1,0.0004497968,0.0473137569,0.0462937212777895
VEMMIK_clean,14.01468,13.16757,14.01422,0.723032,1733.84,2398.01,0.0,0.0,0.741,1.02485,0.0,1,0.0004214883,0.0413403167,0.04191320943126178
VEMSUC_clean,5.13248,3.64573,5.11696,1.27033,1309.23,1030.62,0.0,0.0,0.551,0.433745,0.0,0,0.0001396924,0.0147691581,0.014169716939066365
VERZEZ_clean,3.13802,2.6113,3.13802,1.54033,0.0,0.0,0.0,0.0,0.449,0.291496,0.0,0,1.50775e-05,0.0023671691,0.0020397343940024605
VESBAY_clean,3.11677,2.62993,3.11677,1.37515,0.0,0.0,0.0,0.0,0.4408,0.320547,0.0,0,3.26833e-05,0.0029006466,0.0033988854797912735
VEXTUO_manual,8.87752,5.53782,8.86061,0.793323,2105.74,2654.33,0.0,0.0,0.6702,0.844801,0.0,0,0.0003220596,0.030975041,0.0330982214553926
VEYVEC_clean,3.81592,3.45137,3.81592,1.45798,155.953,106.965,20.8457,14.2976,0.425,0.291499,0.0,1,7.65696e-05,0.0078951758,0.006995259960904087
VICSIL_clean,5.30875,4.09789,5.30496,1.03603,1478.6,1427.18,0.0,0.0,0.565,0.545353,0.0,0,0.000131269,0.0157453756,0.01618105600982358
VIMRAM_clean,9.39066,7.30655,9.39066,1.12702,1893.97,1680.51,0.0,0.0,0.6384,0.56645,0.0,1,0.0002061246,0.0216878518,0.021437977894046393
VIPZAX_clean,4.67098,3.47065,4.66764,1.4463,574.254,397.051,55.2162,38.1776,0.4772,0.329946,0.0,1,9.71613e-05,0.0090696794,0.008923363473572062
VIQFIL_clean,7.52933,6.88879,7.52933,2.72981,1439.26,527.24,0.0,0.0,0.5772,0.211443,0.0,1,8.32937e-05,0.0072409489,0.008368484667443528
VIRPOC_clean,7.89373,4.43058,7.89373,1.31415,1678.47,1277.23,0.0,0.0,0.6094,0.463722,0.0,1,0.0001616712,0.0170563089,0.016582648103366064
VIRXIF_clean,6.07104,5.56303,6.07104,1.4189,1653.8,1165.55,0.0,0.0,0.5644,0.397774,0.0,0,0.0001213762,0.0154564946,0.013795904972634575
VITYOO_clean,8.76574,6.10267,8.74057,1.07917,1888.77,1750.21,0.0,0.0,0.6338,0.587305,0.0,1,0.0002413466,0.0237671002,0.023514187105890424
VITZAB_clean,6.94119,5.72919,6.85845,1.49624,1369.03,914.98,0.0,0.0,0.526,0.351548,0.0,1,0.0001348726,0.0140267527,0.013722543211944112
VIVXOP_clean,6.49065,4.97595,6.49065,1.07139,1218.54,1137.35,2.44835,2.28522,0.5566,0.519514,0.0,1,0.000180264,0.015823388,0.016791302539468173
VIXGEQ_clean,5.1528,3.32283,5.1528,1.93922,349.848,180.407,0.0,0.0,0.471,0.242881,0.0,1,6.21103e-05,0.006180516,0.005812681310270792
VIXVUV_clean,4.91855,2.67667,4.91855,1.21417,0.0,0.0,386.737,318.52,0.471,0.38792,0.0,1,7.75971e-05,0.0072182956,0.00722440529889443
VIYSON_clean,5.10341,3.76231,5.02058,1.31458,1263.39,961.063,0.0,0.0,0.5412,0.411691,0.0,1,0.0001413783,0.0150711773,0.013733826812007046
VIZSUU_clean,10.03238,7.42233,9.74376,0.749914,2221.9,2962.88,0.0,0.0,0.7282,0.971044,0.0,0,0.0003970222,0.0389338692,0.03921348699646955
VOBQEK_clean,4.27979,3.23619,4.27979,1.25034,0.0,0.0,774.979,619.813,0.523,0.418285,0.0,1,0.00015217,0.0134388629,0.013347666112019397
VOCNOQ_clean,4.9916,3.2968,4.42967,1.46036,0.0,0.0,307.261,210.401,0.4168,0.285409,0.0,0,4.7745e-05,0.0046413169,0.005060825254965182
VODQIP_clean,7.28777,5.97881,7.28116,1.0447,1818.88,1741.05,0.0,0.0,0.6212,0.594621,0.0,1,0.0002003043,0.0222675937,0.02142397018897181
VOFFED_clean,6.3407,5.90199,6.31652,1.20352,848.809,705.272,0.0,0.0,0.4862,0.403982,0.0,1,7.88709e-05,0.0085606891,0.008831764117921853
VOJGOS_clean,6.19077,5.31352,6.18884,0.976178,2056.2,2106.38,0.0,0.0,0.6384,0.653979,0.0,1,0.0002687711,0.0265237785,0.025927208403513646
VOLQOD_clean,11.11495,8.75374,11.11495,0.70291,1891.75,2691.32,0.0,0.0,0.7388,1.05106,0.0,1,0.0003945552,0.0406228622,0.04093527074224863
VONDEJ_clean,5.31005,4.78872,5.30922,1.60595,966.902,602.074,0.0,0.0,0.507,0.315701,0.0,0,9.50662e-05,0.0098485474,0.009365481866648265
VOTKEW_clean,5.14274,3.67598,5.1312,1.34119,1161.62,866.113,0.0,0.0,0.5308,0.395769,0.0,1,0.0001384682,0.0118725004,0.013184484737840525
VOXKIE_clean,6.80539,3.65176,6.80539,1.34151,1369.86,1021.14,0.0,0.0,0.6092,0.454115,0.0,1,0.0001259983,0.0146132257,0.013877123842395825
VOXVEL_clean,6.58217,4.28987,6.50926,1.3543,1358.41,1003.03,0.0,0.0,0.5474,0.404194,0.0,0,0.0001583751,0.0176116051,0.014956096933487647
VOXYUE_clean,4.28545,3.52898,4.277,1.97331,1033.2,523.587,0.0,0.0,0.5514,0.279428,0.0,0,7.50621e-05,0.0071402803,0.008588967853681703
VUCCON_clean,5.76923,2.86899,5.76923,1.81841,0.0,0.0,1111.06,611.008,0.468,0.257368,0.0,0,9.85324e-05,0.0092822907,0.00960736987722675
VUCDAA_clean,5.82839,2.97303,5.82839,1.84896,0.0,0.0,1116.3,603.745,0.4802,0.259714,0.0,0,8.77208e-05,0.0090472008,0.008847669162598866
VUDQOB_clean,6.32363,4.82237,6.31689,1.49229,1377.55,923.11,0.0,0.0,0.5686,0.381025,0.0,1,0.0001126456,0.0138554078,0.012244075820800435
VUGXOM_clean,7.85489,6.36686,7.85489,1.08455,1259.8,1161.59,65.0961,60.0213,0.5694,0.525011,0.0,0,0.0001721973,0.0176215253,0.017285315365041812
VUGYAZ_clean,7.90027,6.40337,7.90027,1.10679,1245.86,1125.65,61.7559,55.7974,0.5642,0.509764,0.0,0,0.000177635,0.0170125924,0.017064005468605058
VUKSOL_clean,5.74617,4.59937,5.73998,1.07923,2058.01,1906.93,0.0,0.0,0.6268,0.580787,0.0,1,0.0002256312,0.0225990163,0.022410835858315707
VUKTOM_clean,6.2708,4.86549,6.2708,1.34321,1213.42,903.374,0.0,0.0,0.5134,0.38222,0.0,1,0.0001193645,0.0118372175,0.012385854389843333
VUKTUS_clean,6.57621,5.30461,6.57621,1.34132,1253.69,934.67,0.0,0.0,0.5342,0.398265,0.0,1,0.0001271566,0.012551361,0.013300950499027624
VULFIT_clean,4.52056,3.43974,4.50577,1.5127,759.724,502.229,0.0,0.0,0.4534,0.299728,0.0,1,0.0001004066,0.0097173473,0.009121356179094894
VULKOD_clean,5.01507,3.95686,5.01507,1.39517,753.359,539.978,0.0,0.0,0.4446,0.318672,0.0,1,0.000109096,0.0092392984,0.009212297615835344
VUNXUY_clean,6.27462,2.74494,6.27462,1.7747,0.0,0.0,909.399,512.424,0.4948,0.278808,0.0,1,8.62901e-05,0.0084732647,0.008716712913117895
VUQJUN01_clean,11.32844,10.26466,11.32844,0.790589,1731.69,2190.38,0.0,0.0,0.6654,0.841651,0.0,1,0.0003017539,0.034481117,0.03133389887449861
VUQKOI_clean,6.97233,5.60829,6.97233,1.35846,1074.25,790.79,0.0,0.0,0.5344,0.393388,0.0,1,8.19419e-05,0.009545424,0.00943821848784456
VUSKAW_clean,14.98828,7.97019,14.98828,0.594675,2204.82,3707.61,0.0,0.0,0.8008,1.34662,0.0,0,0.0006168991,0.0565761409,0.056760882571407385
VUTVAJ_clean,4.43562,3.3386,4.43562,1.59743,811.925,508.268,0.0,0.0,0.548,0.34305,0.0,0,0.0001008428,0.0095692573,0.009575242300604869
VUWPIN_clean,7.9996,2.66444,7.9996,2.34782,0.0,0.0,1226.9,522.568,0.581,0.247463,0.0,1,6.79044e-05,0.0070106662,0.007255553392285376
VUWSAJ_clean,5.66843,4.07448,5.66811,1.11008,1893.61,1705.84,0.0,0.0,0.6012,0.541584,0.0,1,0.0001760364,0.01998162,0.018323397573261492
WABVIF01_clean,5.89002,4.16855,5.8002,1.2275,2042.76,1664.17,0.0,0.0,0.6358,0.517965,0.0,1,0.0001915205,0.017658189,0.019487641053348794
WACKOB_clean,3.97749,2.60036,3.97749,2.39734,0.0,0.0,327.36,136.551,0.4648,0.193881,0.0,0,5.79507e-05,0.0051806081,0.005681911484955676
WAGZEL_clean,4.14636,3.37607,4.11992,1.78729,339.41,189.902,0.0,0.0,0.3982,0.222795,0.0,1,2.92311e-05,0.0045670671,0.003222843279213369
WALMOO_clean,4.4009,3.32444,4.4009,1.70226,904.479,531.34,0.0,0.0,0.4914,0.288675,0.0,1,7.81659e-05,0.0085308063,0.007908609925860413
WAMRIN_clean,7.37329,5.74338,7.35934,0.949012,1570.93,1655.33,0.0,0.0,0.5942,0.626125,0.0,1,0.0002927642,0.0253846784,0.02467695198782014
WANJIF_clean,4.50079,3.43707,4.48085,1.30508,566.366,433.969,0.0,0.0,0.4924,0.377294,0.0,1,0.0001167752,0.0102085226,0.010426630382172598
WAQFAX_clean,9.30669,8.11233,9.29943,0.819886,2162.64,2637.74,0.0,0.0,0.722,0.880611,0.0,1,0.0003725322,0.0366172197,0.035718319023429354
WAQKUX_clean,11.77413,6.99458,11.77413,0.695804,2361.16,3393.43,0.0,0.0,0.7362,1.05806,0.0,1,0.000403294,0.0455280515,0.04436199356044307
WASMIP01_clean,4.84058,3.07444,4.83456,1.33476,0.0,0.0,542.784,406.653,0.4598,0.344482,0.0,0,6.98943e-05,0.0071224029,0.007398113428931718
WASNOU_clean,4.83353,3.26666,4.7875,1.16461,0.0,0.0,661.971,568.406,0.5118,0.439461,0.0,1,7.81717e-05,0.0088285133,0.008930206893066875
WASQIT_clean,10.8507,4.21913,8.79858,0.655054,2519.15,3845.71,0.0,0.0,0.7108,1.0851,0.0,0,0.000537949,0.0448933633,0.04738680749660288
WASVES_clean,7.24568,4.22882,6.95314,2.14337,1730.17,807.218,0.0,0.0,0.582,0.271535,0.0,1,0.0001043399,0.0101118502,0.010453988221463631
WATPIT_clean,4.3307,2.74492,4.3307,1.49405,0.0,0.0,218.173,146.028,0.4794,0.320873,0.0,1,3.44597e-05,0.0043209504,0.004311137770319381
WAVRAO_clean,15.02274,4.23694,15.02053,0.819731,1973.4,2407.37,0.0,0.0,0.6752,0.823685,0.0,1,0.0003375635,0.0335834861,0.033311375497431066
WEBJOE_clean,19.11149,16.87545,19.11149,0.689845,2240.23,3247.44,0.0,0.0,0.788,1.14229,0.0,1,0.0005261813,0.0490887295,0.05083551918200839
WEBKOD_clean,6.32569,5.26533,6.09075,1.27587,1622.74,1271.87,0.0,0.0,0.5952,0.466504,0.0,1,0.0001670636,0.0158915553,0.01689482743983626
WECBAJ_clean,4.17403,3.2613,3.775,1.85127,0.0,0.0,205.938,111.242,0.392,0.211747,0.0,0,1.95848e-05,0.0026004246,0.002575563544165417
WECFAN_clean,5.13884,4.48422,5.13105,1.20369,945.898,785.834,0.0,0.0,0.4976,0.413397,0.0,1,9.30577e-05,0.0096802712,0.01004810742957276
WEFCAN_clean,5.5219,5.04903,5.5219,0.826455,2177.69,2634.97,0.0,0.0,0.6214,0.751886,0.0,0,0.0002568291,0.028043372,0.027193444606918853
WEFXEM_clean,6.73931,4.78997,6.67269,1.07497,1461.44,1359.51,0.0,0.0,0.5704,0.530617,0.0,0,0.0001789852,0.0179598115,0.018153236878505657
WEGGAS_clean,4.84334,3.88578,4.83342,1.72479,895.132,518.979,0.0,0.0,0.4484,0.259973,0.0,0,7.68295e-05,0.0076214884,0.007477748276807151
WEHHEY_clean,10.71326,6.70339,10.52268,0.819904,2131.67,2599.9,0.0,0.0,0.7068,0.862052,0.0,1,0.0003823438,0.0369957425,0.03558967525970622
WEHNAA_SL_part,4.64443,3.02009,4.63827,1.44873,0.0,0.0,267.586,184.703,0.3832,0.264507,0.0,0,3.68886e-05,0.0035393618,0.0041292297465410615
WEMCIC_clean,5.03643,3.47331,4.82197,2.42633,623.511,256.977,0.0,0.0,0.4032,0.166177,0.0,1,4.73815e-05,0.004446182,0.004582527270615448
WEMCUO_clean,4.97873,3.46394,4.79411,2.52518,613.235,242.848,0.0,0.0,0.3982,0.157692,0.0,1,4.88284e-05,0.0042105141,0.004656261862824597
WEMDAV_clean,5.02432,3.48688,5.02432,2.56501,609.55,237.64,0.0,0.0,0.3952,0.154074,0.0,1,4.57998e-05,0.0042754692,0.004432508256237384
WEMFAX_clean,4.90097,4.37647,4.90097,1.61335,2291.08,1420.07,0.0,0.0,0.6242,0.386896,0.0,1,0.0001541866,0.0145768834,0.01509879934395059
WENKOR_clean,7.34523,5.77431,7.33779,1.55847,525.754,337.351,34.2975,22.0071,0.4426,0.283996,0.0,1,6.55079e-05,0.0062198627,0.006175424851075022
WESYAV_clean,4.87361,4.61034,4.87361,1.39877,1201.03,858.632,0.0,0.0,0.5228,0.373756,0.0,0,0.0001018762,0.0126639991,0.011415126950892533
WEVZUT_clean,5.27812,3.52606,5.27812,1.59275,798.942,501.612,5.51079,3.45992,0.4646,0.291697,0.0,0,6.85833e-05,0.0070164229,0.007372681862516975
WEYQAU08_clean,4.54883,3.77222,4.52816,1.12759,1562.09,1385.34,0.0,0.0,0.5786,0.51313,0.0,0,0.0001729122,0.0188732726,0.017918925298630598
WEYQAU09_clean,4.54974,3.80687,4.54906,1.12252,1599.36,1424.8,0.0,0.0,0.5812,0.517765,0.0,0,0.0001788747,0.019262822,0.01826126205051982
WEYQAU15_clean,4.32597,3.10138,4.30601,1.27062,0.0,0.0,907.277,714.044,0.5242,0.412556,0.0,0,0.0001271998,0.01379323,0.013025485431168875
WICGEV_clean,4.986,4.06891,4.90495,1.61194,943.479,585.307,0.0,0.0,0.463,0.287232,0.0,0,7.18525e-05,0.0069712855,0.007574687976586933
WIDQEG_clean,7.60111,7.11755,7.60111,1.01218,1727.14,1706.35,0.0,0.0,0.63,0.622417,0.0,0,0.0002542672,0.0246386722,0.024296458403304175
WIJXIY_clean,14.24395,11.55698,14.23198,0.475086,1730.44,3642.38,0.0,0.0,0.8226,1.73148,0.0,1,0.0006323245,0.0708908519,0.06729105282852856
WILNEL01_clean,4.81584,3.50149,4.81584,1.10493,799.46,723.542,0.0,0.0,0.5386,0.487453,0.0,0,0.0001048029,0.010845352,0.011011394252276683
WILRAK_clean,6.14662,4.92634,6.07221,1.13056,2856.19,2526.36,0.0,0.0,0.7378,0.652598,0.0,1,0.0002270402,0.021592722,0.02295605589587384
WILRIS_clean,6.18287,5.26913,6.08331,1.06646,2702.71,2534.28,0.0,0.0,0.743,0.696696,0.0,1,0.0002128686,0.0243010747,0.02282435874955645
WIPPIW_clean,6.83572,4.03275,6.83132,1.10561,1802.61,1630.43,0.0,0.0,0.614,0.55535,0.0,0,0.000158353,0.0189500073,0.01820403378448806
WIPZEC_clean,5.45688,4.84274,5.44436,1.09301,1433.3,1311.34,0.0,0.0,0.552,0.50503,0.0,0,0.0001706521,0.0183743593,0.017255733473928846
WIVRIE_clean,7.1828,5.28792,5.5333,1.16005,1460.05,1258.61,0.0,0.0,0.5844,0.50377,0.0,1,0.0001856652,0.0183985815,0.018012197443380423
WIXRUQ_clean,4.40429,3.15828,4.40429,2.47734,0.0,0.0,479.378,193.505,0.42,0.169537,0.0,1,6.92585e-05,0.0088274664,0.006487116417617322
WIYWAE_clean,5.55509,4.14993,5.55509,1.52455,953.655,625.532,0.0,0.0,0.496,0.325342,0.0,1,9.59987e-05,0.0086804967,0.009500572168611315
WOBFOK_clean,4.31485,3.36072,4.31485,1.72806,535.188,309.704,0.0,0.0,0.526,0.304387,0.0,0,5.89839e-05,0.0063822991,0.006356213077346023
WOBHEB_clean,11.82299,11.04159,11.82299,1.21909,1551.12,1272.35,0.0,0.0,0.6516,0.534496,0.0,1,0.0002000519,0.0234231752,0.021692025383412212
WOBQEL_clean,6.08333,5.37096,6.07626,1.04043,1389.12,1335.14,0.0,0.0,0.5492,0.52786,0.0,1,0.0002362025,0.0197030925,0.020140735131262202
WODPUC_clean,5.52662,3.30183,5.46703,1.50752,0.0,0.0,891.508,591.373,0.528,0.350244,0.0,0,9.25631e-05,0.0094604967,0.009622174987878198
WODQUD_clean,3.37919,2.68334,3.37644,2.11663,0.0,0.0,1.8938,0.894724,0.4184,0.197672,0.0,1,1.68152e-05,0.0032229189,0.0016972865648312366
WOHZAU01_clean_h,5.57953,3.21211,5.34183,1.90493,0.0,0.0,814.602,427.629,0.4746,0.249143,0.0,1,7.09514e-05,0.0086873743,0.007371877713543959
WOHZAU_clean,5.02471,3.1609,5.02471,1.93313,0.0,0.0,705.278,364.836,0.4624,0.239197,0.0,1,7.29039e-05,0.0071517735,0.007229694621707755
WOLFAG_clean,5.22326,2.87418,5.20533,1.12621,0.0,0.0,1008.2,895.212,0.5286,0.469363,0.0,0,0.0001296433,0.0122894752,0.012549130587677003
WOLMUG_clean,5.45253,3.7803,5.34777,1.25131,1519.07,1213.99,0.0,0.0,0.5746,0.459198,0.0,1,0.0001391348,0.0144314422,0.014820248053401944
WOLRIZ_clean,11.03643,6.52149,11.03643,0.928573,2127.88,2291.56,0.0,0.0,0.7184,0.77366,0.0,1,0.0003385911,0.0312896113,0.03287278198353276
WOPHIU01_clean,5.05516,3.23478,5.05516,1.35024,0.0,0.0,709.38,525.373,0.4554,0.337273,0.0,1,6.76546e-05,0.0072277693,0.007873085233263414
WOPHIU_clean,4.36935,2.96147,4.36726,1.36578,0.0,0.0,426.349,312.165,0.445,0.325821,0.0,1,8.08097e-05,0.0060062274,0.00745355784332904
WOPSOL01_clean,10.90023,10.70959,10.90023,1.18162,1552.96,1314.27,0.0,0.0,0.6334,0.536045,0.0,1,0.0002516264,0.0244104846,0.023885821605718612
WOQTUT_clean,7.74164,5.799,7.74164,1.37569,1208.67,878.591,0.0,0.0,0.519,0.377266,0.0,0,8.63662e-05,0.0095768802,0.010668271474847158
WORLAS_clean,9.28052,5.47786,6.88618,0.953453,2042.04,2141.73,5.77107,6.05281,0.6674,0.699982,0.0,1,0.0002818814,0.0268330706,0.028032195708030658
WOWMEC_clean,4.75181,3.17058,4.75181,1.4613,0.0,0.0,688.667,471.269,0.4926,0.337096,0.0,1,0.0001173295,0.0102335213,0.010627358301998326
WOYJIF_clean,12.3325,5.92345,11.43456,0.799114,2266.72,2836.54,0.0,0.0,0.716,0.895992,0.0,1,0.0003708255,0.0384547569,0.03790701982392965
WOZWEP_clean,9.13832,7.15944,9.13721,1.55974,883.314,566.32,0.0,0.0,0.468,0.30005,0.0,0,0.0001024842,0.0094292691,0.009545365907742218
WUHJIT_clean,10.93441,7.53577,10.93441,0.740914,2058.85,2778.79,0.0,0.0,0.6834,0.922374,0.0,1,0.0003388906,0.0380144012,0.03655766957710645
WUNTUV_clean,5.04996,4.14711,5.04511,1.09607,962.033,877.707,77.5987,70.7969,0.5244,0.478435,0.0,0,0.0001311859,0.0132427831,0.01306506939521683
WUPZUE_clean,5.06349,3.71152,5.06349,1.47923,1116.55,754.816,0.0,0.0,0.5356,0.362081,0.0,1,0.0001349906,0.0116979976,0.012119665584030685
WUSGIC_clean,4.47666,3.4574,4.38159,1.49843,1071.95,715.381,0.0,0.0,0.5224,0.348632,0.0,0,0.0001074518,0.0104361023,0.011351834523413377
WUTBUI_clean,7.46533,5.15143,7.46533,1.74528,880.071,504.258,0.0,0.0,0.4664,0.267235,0.0,0,5.09087e-05,0.006480895,0.005971414353775696
WUTKIG_clean,4.92252,4.16141,4.92016,1.02848,1305.43,1269.29,149.801,145.653,0.5256,0.511047,0.0,1,0.0001932188,0.0177626031,0.017768644904127096
WUWQEL_clean,6.86556,5.42795,6.77124,1.72448,1373.37,796.394,0.0,0.0,0.5618,0.325779,0.0,0,0.0001090212,0.0096989963,0.01179701289519964
WUXLIM_clean,3.88187,2.87991,3.87812,2.15097,0.0,0.0,103.453,48.0959,0.4528,0.21051,0.0,0,2.33804e-05,0.0032109067,0.002730026183395174
XADCEM_clean,8.43446,8.11603,8.43446,1.03711,1659.86,1600.46,0.0,0.0,0.6244,0.602057,0.0,1,0.0002541747,0.0266738654,0.023478401791813437
XADDAJ_clean,6.3423,4.46517,6.3423,1.25711,1867.55,1485.59,0.0,0.0,0.5936,0.472195,0.0,1,0.0001869073,0.0185737168,0.018603313526253336
XADDUD_clean,6.46377,5.36376,6.20996,1.13461,1899.46,1674.11,0.0,0.0,0.5878,0.518062,0.0,1,0.0001833029,0.0196974681,0.01928375047946931
XADGOA_clean,4.96518,4.05764,4.96518,2.7729,1349.87,486.806,0.0,0.0,0.5428,0.195751,0.0,1,7.25062e-05,0.0070142285,0.007188193543923723
XAFFAN_clean,14.91316,13.24304,14.91316,0.365184,1896.05,5192.05,0.0,0.0,0.8544,2.33964,0.0,1,0.0008686631,0.0965992871,0.0934603831601946
XAFFER_clean,14.21921,13.28886,14.21921,0.359874,1854.43,5152.99,0.0,0.0,0.8504,2.36305,0.0,1,0.0010581896,0.1004214048,0.09487491966949264
XAFFIV_clean,14.22916,13.19368,14.22916,0.358398,1899.33,5299.5,0.0,0.0,0.8506,2.37334,0.0,1,0.0009674115,0.0998601478,0.09339338927538685
XAHPED_clean,12.36916,10.86748,12.33885,0.374438,1946.72,5199.04,0.0,0.0,0.8398,2.24283,0.0,1,0.0010351304,0.0910663287,0.09171576490424915
XAHPON_clean,17.29514,15.33221,17.29514,0.284265,1476.32,5193.45,0.0,0.0,0.8856,3.1154,0.0,1,0.0012748539,0.1293116272,0.13021544690145875
XAKQOR_clean,6.07415,4.27878,5.44099,0.965162,1660.14,1720.06,0.0,0.0,0.5906,0.611918,0.0,0,0.0001827083,0.019493826,0.02021550014927881
XAKYUE_clean,12.06174,7.75873,12.06174,0.881143,1544.96,1753.36,0.0,0.0,0.6152,0.698184,0.0,1,0.0002138141,0.0235649074,0.02333424774760394
XAKZIT_clean,12.23219,8.02038,12.23219,0.853098,1638.56,1920.72,0.0,0.0,0.6458,0.757006,0.0,1,0.0002828459,0.0259625409,0.02835249981497493
XALCAP_clean,12.14021,7.5095,12.14021,0.892504,1531.39,1715.83,0.0,0.0,0.6302,0.706103,0.0,1,0.0002591686,0.0233737705,0.024895549977017182
XALCUJ_clean,8.77917,3.81164,4.50991,0.995838,192.509,193.314,1019.4,1023.66,0.5598,0.562139,0.0,1,0.0001489647,0.0148248523,0.015342820693725891
XALDEU_clean,8.28708,3.55494,4.42564,1.01761,177.365,174.295,1049.0,1030.85,0.5566,0.546967,0.0,1,0.0001604235,0.0138852288,0.016095882210169492
XALDIY_clean,8.51371,3.60578,4.41534,1.00994,178.965,177.204,1041.51,1031.26,0.5412,0.535874,0.0,1,0.0001747471,0.014535517,0.01675605855487781
XALPUY_clean,3.9215,2.68472,3.9215,1.72432,0.0,0.0,83.4596,48.4015,0.4336,0.251462,0.0,1,3.7186e-05,0.0030190374,0.0035974750822336497
XALTIP_clean,18.68299,9.17237,18.68299,0.551216,1809.24,3282.27,0.0,0.0,0.7988,1.44916,0.0,1,0.0006677182,0.0622343727,0.06425714695111095
XALTOV_clean,12.17047,3.00948,12.16768,1.10281,0.0,0.0,1597.06,1448.18,0.6382,0.578705,0.0,0,0.0002624836,0.023546897,0.022571157393737468
XALXUF01_clean,16.53276,6.69779,16.53276,0.78335,1957.27,2498.59,0.0,0.0,0.7286,0.930107,0.0,1,0.0003833013,0.0397319985,0.03915670618832053
XAMDUM03_clean,13.16192,6.69067,13.16192,0.887821,2084.01,2347.33,0.0,0.0,0.7178,0.808496,0.0,1,0.0003435645,0.0346716028,0.03455800682505476
XAMDUM04_clean,12.94074,6.40333,12.94074,0.919994,2127.62,2312.64,0.0,0.0,0.711,0.772831,0.0,1,0.0002944839,0.0339689746,0.031145500004551546
XAMGUQ_clean,8.47788,6.65907,8.47788,0.938367,1761.37,1877.06,0.0,0.0,0.63,0.671379,0.0,1,0.0002677347,0.0245665901,0.02527890661282089
XANLEE_clean,6.11311,4.49275,6.10612,0.785206,2427.23,3091.21,0.0,0.0,0.6562,0.835705,0.0,1,0.000319379,0.0329363635,0.03252618942868876
XANMIJ_clean,6.91782,5.66055,6.91782,1.1601,1892.28,1631.14,0.0,0.0,0.5818,0.50151,0.0,0,0.0001972824,0.0184964264,0.020114529604234637
XANNAB_clean,5.37371,3.38826,5.37371,1.32913,546.549,411.209,252.624,190.067,0.4798,0.360989,0.0,1,7.78918e-05,0.0086493055,0.008448128800630702
XAPCOJ01_clean,7.3057,7.1276,7.3057,1.11442,1602.91,1438.33,0.0,0.0,0.599,0.537499,0.0,0,0.0002366849,0.021975629,0.022098997362814007
XAPDAU_clean,8.2002,7.60089,8.18046,1.21167,2074.4,1712.02,0.0,0.0,0.6722,0.554773,0.0,0,0.0001981543,0.0199299799,0.02014492597328388
XAPGAZ_clean,10.38016,8.73539,10.36807,1.35659,2005.54,1478.37,0.0,0.0,0.7244,0.533985,0.0,1,0.0002277914,0.0224166094,0.022221789549846542
XAPYAO_clean,4.15939,3.04724,4.15939,1.18702,0.0,0.0,317.894,267.808,0.465,0.391737,0.0,1,5.64865e-05,0.0072828666,0.0058151573565225715
XAVDUV_clean,3.22197,3.01037,3.22197,1.27741,0.0,0.0,0.0,0.0,0.4438,0.347421,0.0,0,4.64536e-05,0.006561172,0.004331966089783144
XAXQEU_SL,3.6354,3.21043,3.6354,1.72655,0.0,0.0,151.121,87.5277,0.4522,0.261909,0.0,0,5.17404e-05,0.004445795,0.005076802987600795
XAZGEK_clean,4.67162,3.9585,4.53755,1.49862,1406.73,938.683,116.154,77.5075,0.6196,0.413447,0.0,1,0.0001385288,0.0124471043,0.013962330246991006
XEDGIY_clean,7.07898,5.31452,7.01634,0.998068,1852.97,1856.56,0.0,0.0,0.6184,0.619597,0.0,1,0.0002320342,0.021746991,0.023148563876766757
XEDLUN01_clean,4.9958,3.46915,4.97725,0.885985,1404.66,1585.43,0.0,0.0,0.6048,0.68263,0.0,1,0.0002153044,0.0220478124,0.02017010059852542
XEHFUL01_clean,4.14546,2.6452,4.14546,2.31309,0.0,0.0,277.038,119.77,0.3954,0.17094,0.0,1,5.12939e-05,0.0040805617,0.004695671829331893
XEHSUZ_clean,4.73753,3.78928,4.73753,1.38845,832.486,599.579,0.0,0.0,0.4634,0.333753,0.0,0,7.49066e-05,0.008340949,0.00790831354498185
XEJTIR_clean,4.61538,2.90436,4.5627,1.20458,0.0,0.0,422.489,350.737,0.474,0.3935,0.0,0,6.1059e-05,0.0083632391,0.0064080094131410085
XESGOS_clean,3.98226,3.08281,3.98226,1.86313,0.0,0.0,721.406,387.201,0.4408,0.236591,0.0,0,8.51171e-05,0.0088173554,0.008371918876033821
XESKEN_SL,9.9038,9.36477,9.9038,1.10837,1274.59,1149.97,0.0,0.0,0.5552,0.500916,0.0,1,0.0001446727,0.016060417,0.015383975972508632
XESKIR_clean_h,10.14317,9.85365,10.14317,1.23585,1309.87,1059.89,0.0,0.0,0.5666,0.45847,0.0,1,0.0001507247,0.0154980469,0.01503860661590643
XESLAK_clean,10.31182,9.72546,10.31182,1.3077,1323.78,1012.29,0.0,0.0,0.5742,0.439091,0.0,1,0.00015371,0.0155779208,0.014930240907185168
XEVVUQ_clean,4.64942,3.10763,4.64942,1.8044,0.0,0.0,597.028,330.874,0.487,0.269896,0.0,0,9.33237e-05,0.0094496542,0.008945205743233937
XEWRUO_clean,3.53274,2.72431,3.53274,2.12823,0.0,0.0,17.0522,8.01239,0.4242,0.199321,0.0,1,3.13944e-05,0.0036894708,0.00290476286480958
XEXLIX_clean,7.04809,6.65056,7.03557,1.241,1207.66,973.134,0.0,0.0,0.527,0.424658,0.0,1,0.0001218621,0.0141815199,0.013046447421235206
XEYMAR_clean,6.22077,4.79076,5.73209,1.34353,2239.47,1666.86,0.0,0.0,0.6636,0.493924,0.0,1,0.0001927768,0.0171055756,0.01936549244833269
XIBZUF_clean,6.9167,4.63591,6.73101,0.936691,2313.06,2469.39,0.0,0.0,0.6504,0.694359,0.0,1,0.0002941021,0.0295285636,0.028008364989437415
XICZAM_clean,19.52135,6.64584,19.52135,1.26176,1911.12,1514.64,0.0,0.0,0.7502,0.594564,0.000158508,1,0.0002582724,0.0244427644,0.02664056763800799
XIGHIF_clean,9.11851,6.40194,9.11851,1.31172,1721.81,1312.64,0.0,0.0,0.6494,0.495075,0.0,0,0.0001876212,0.0171327782,0.017930298817857016
XIGWUF_clean,7.07949,4.99162,7.07464,0.478412,3315.96,6931.17,0.0,0.0,0.7822,1.63499,0.0,1,0.0005531211,0.060100174,0.056235270871412384
XIHSAJ01_clean,5.98845,3.99073,5.69816,1.03053,1765.29,1712.99,0.0,0.0,0.576,0.558935,0.0,1,0.0002212196,0.0212809394,0.02141077327805503
XIHSAJ_clean,6.08478,4.0122,6.08478,1.01421,1817.12,1791.66,0.0,0.0,0.6044,0.595933,0.0,1,0.0001864686,0.0221304309,0.02002981872645132
XILLEL_clean,7.63373,5.31385,7.61296,0.988669,1586.87,1605.06,0.0,0.0,0.5862,0.592918,0.0,0,0.000242525,0.0214262415,0.02317828026643364
XILVIZ_clean,7.75339,4.84522,7.60552,0.848736,2042.74,2406.8,0.0,0.0,0.6436,0.758304,0.0,1,0.0002835974,0.0301671704,0.028734579311858473
XINJAH_clean,5.1973,3.21133,5.19593,1.54154,0.0,0.0,680.443,441.406,0.4512,0.292695,0.0,0,6.67784e-05,0.0074904943,0.007199080525677363
XISPUM_clean,7.32941,4.58436,7.32711,1.21765,2007.19,1648.41,0.0,0.0,0.6216,0.510492,0.0,1,0.0001899968,0.0189642886,0.019403541806718532
XIWKUJ_clean,6.80952,3.08787,6.80952,2.04662,0.0,0.0,1344.64,657.005,0.5734,0.28017,0.0,0,0.0001306419,0.0118974211,0.013182913049902045
XIWYEH_clean,4.26164,3.52891,4.24796,2.34877,351.985,149.859,0.0,0.0,0.3304,0.140669,0.0,0,3.30796e-05,0.00383898,0.0035118792369608215
XIYYEL_clean,8.54513,8.23246,8.54513,0.722133,2313.21,3203.31,0.0,0.0,0.7918,1.09647,0.0,0,0.0004787912,0.045382279,0.045982749532885295
XOCWIX_clean,5.47886,3.44903,5.47476,2.18371,1125.64,515.471,0.227584,0.104219,0.5372,0.246003,0.0,1,8.15338e-05,0.0086529023,0.00795167815844034
XODPUD_clean,15.85383,13.08935,15.85383,0.622253,2051.21,3296.43,0.0,0.0,0.7882,1.26669,0.0,1,0.0005089169,0.0546719211,0.05207260770695887
XOFFUT_clean,7.8035,3.03296,7.8035,1.22352,0.0,0.0,1147.48,937.854,0.527,0.430725,0.0,1,0.0001335228,0.0144937273,0.013417043690141852
XOFPEP_clean,5.97089,3.4618,5.97089,2.03022,1036.5,510.537,0.0,0.0,0.5304,0.261252,0.0,1,7.52717e-05,0.0076400755,0.007549080101026269
XOFTOC_clean,3.90687,3.24733,3.8989,2.48425,0.0,0.0,70.2191,28.2658,0.3862,0.15546,0.0,1,1.3232e-05,0.0012762293,0.0018546386270990277
XOJPES_clean,4.42711,3.10794,4.42711,1.63291,0.0,0.0,674.545,413.095,0.5662,0.346744,0.0,1,5.23017e-05,0.0064777144,0.006397960478702018
XOSPOK_clean,6.02139,4.57668,6.02139,1.94823,1837.76,943.297,0.0,0.0,0.586,0.300786,0.0,1,0.0001185019,0.0118768789,0.011530124785592151
XOTSIK_clean,8.84143,7.37067,8.64635,0.961303,1776.26,1847.76,0.0,0.0,0.6086,0.633099,0.0,1,0.0002292518,0.0231645932,0.0236416170270367
XOTXUB_clean,4.27674,3.47607,4.14843,1.21704,316.782,260.289,0.0,0.0,0.4284,0.352001,0.0,1,5.61983e-05,0.0037248206,0.0055106627988852075
XOVPIH_clean,4.3234,3.46915,4.32329,1.51036,756.835,501.096,0.0,0.0,0.4966,0.328796,0.0,1,8.7706e-05,0.007747363,0.0087121347018719
XOVVIO_clean,4.51219,3.10979,4.50726,1.65182,0.0,0.0,349.082,211.331,0.4304,0.260561,0.0,1,4.37676e-05,0.0047706649,0.004851862834609675
XOVXEM_clean,4.37957,3.07357,4.35283,2.15418,0.0,0.0,406.169,188.549,0.3978,0.184664,0.0,1,4.10203e-05,0.0045164446,0.0044822274190255
XOVYIR_clean,4.13092,3.16968,4.13092,1.74273,0.0,0.0,297.605,170.769,0.3782,0.217015,0.0,1,4.97417e-05,0.0054016758,0.005021482416869725
XUBJAF03_clean,3.33811,2.84813,3.32636,2.30153,0.0,0.0,0.272601,0.118443,0.407,0.176839,0.0,1,2.04857e-05,0.0023677165,0.0018721616893602328
XUCLIS_clean,6.38625,3.16193,6.38353,1.10806,0.0,0.0,878.64,792.954,0.495,0.446727,0.0,1,0.0001596252,0.0133720328,0.013749613478638923
XUCNOZ_clean,6.67171,3.21316,6.67171,1.49145,0.0,0.0,1034.55,693.652,0.5484,0.367696,0.0,1,0.0001034776,0.0104541272,0.010543941730519417
XUCSAR01_clean,4.10082,2.80661,4.0776,1.66102,0.0,0.0,220.972,133.034,0.4592,0.276457,0.0,1,7.89652e-05,0.0069233866,0.0069452759233101236
XUDYEC_clean,6.34584,5.04991,6.34584,1.10902,1973.56,1779.55,0.0,0.0,0.6464,0.582857,0.0,1,0.0002288487,0.0223985682,0.02213831130805994
XUDYOM_clean,5.92099,5.48654,5.7966,1.63199,1266.45,776.015,0.0,0.0,0.5438,0.333212,0.0,0,0.0001360705,0.0134752838,0.013016174992221472
XUGWUS_clean,5.27863,4.66019,5.2635,1.38078,911.096,659.843,0.0,0.0,0.496,0.359218,0.0,1,8.50269e-05,0.0084573898,0.009085071157633604
XUJPOI_clean,5.22333,3.76094,5.20942,1.23729,1450.85,1172.61,0.0,0.0,0.566,0.457452,0.0,0,0.0001698365,0.0159668362,0.016622466991978436
XUKNIC_clean,6.71193,5.19255,6.7113,1.00366,2512.55,2503.38,0.0,0.0,0.6472,0.644838,0.0,1,0.0002801439,0.0263063733,0.027504008706149892
XULGUI_clean,5.19956,3.31728,5.19441,1.46593,708.67,483.427,0.0,0.0,0.4636,0.31625,0.0,0,8.22777e-05,0.0078624023,0.008031130804460107
XULVAD_clean,4.0348,2.77953,3.97256,1.77558,0.0,0.0,258.173,145.402,0.4428,0.249383,0.0,1,6.12269e-05,0.0065755528,0.005544490516845742
XUMNIE_clean,7.92656,5.00523,7.92544,0.836736,1842.18,2201.63,0.0,0.0,0.617,0.737389,0.0,0,0.0002888342,0.0285163281,0.027645452888351373
XUNGUJ_clean,4.49594,4.05224,4.48031,1.03604,1057.86,1021.06,0.0,0.0,0.4874,0.470444,0.0,0,0.0001453018,0.014158858,0.014528833002746188
XUNHAQ_clean,4.43369,3.93895,4.41861,1.01112,1121.76,1109.42,0.0,0.0,0.495,0.489555,0.0,1,0.0001273633,0.0148315517,0.013847814535625311
XUNSIK_clean,4.24603,3.78968,4.24603,1.0539,1014.98,963.071,0.0,0.0,0.475,0.450706,0.0,0,0.0001291572,0.0140584024,0.01311174099502162
XUNTAD_clean,3.83107,2.66972,3.54393,1.13178,0.0,0.0,118.943,105.093,0.4358,0.385056,0.0,1,6.18878e-05,0.0057959293,0.00521134014991996
XUWTAK_clean,4.40667,3.75356,4.40321,2.17452,723.721,332.819,0.0,0.0,0.4382,0.201516,0.0,1,8.16724e-05,0.0083416216,0.007397246822551289
XUWVUG_clean_h,3.95338,3.75922,3.95195,3.19434,197.336,61.7769,0.0,0.0,0.287,0.0898463,0.0,1,1.27687e-05,0.0012056362,0.0016278385131123993
XUYDIF_clean,3.88622,2.90765,3.88622,1.77813,0.0,0.0,132.847,74.7119,0.4126,0.232042,0.0,0,2.40423e-05,0.0026553426,0.002614499560831582
YAJZIV_clean,6.01227,2.87459,6.01227,1.85584,0.0,0.0,678.856,365.794,0.4034,0.217368,0.000107768,1,8.80923e-05,0.0092969408,0.008053845853504191
YANBAR02_clean,4.9953,3.83765,4.98464,1.73124,921.603,532.338,0.0,0.0,0.4702,0.271598,0.0,0,7.30333e-05,0.0069366059,0.0075016126810963524
YANBAR_clean,4.9541,3.79831,4.9225,1.76383,896.703,508.383,0.0,0.0,0.4572,0.259208,0.0,0,6.2156e-05,0.0064968525,0.006822598651641721
YAQZUN_clean,4.41613,2.73385,4.179,2.96248,0.0,0.0,418.121,141.139,0.4636,0.156491,0.0,1,4.46275e-05,0.0041675679,0.004419866953278574
YARDEC_clean,4.66636,3.48033,4.66636,1.03943,1194.85,1149.52,0.0,0.0,0.547,0.52625,0.0,0,0.0001504244,0.0157134105,0.015108309894768048
YARKEJ_clean,5.07878,4.0341,5.03574,1.22095,872.445,714.565,0.0,0.0,0.486,0.398052,0.0,0,8.69252e-05,0.0101603493,0.009353172930241281
YARKOT_clean,5.25265,3.98181,5.2356,0.962764,1924.08,1998.5,0.0,0.0,0.6296,0.653951,0.0,1,0.0002316957,0.0252003167,0.023075257628194273
YARZEZ_clean,5.63038,4.40455,5.63038,0.959184,2069.23,2157.28,0.0,0.0,0.682,0.711021,0.0,0,0.0001833745,0.02110596,0.022578989189463175
YATDUV_clean,9.16363,5.74685,9.12289,0.890102,2297.06,2580.67,0.0,0.0,0.7262,0.815861,0.0,1,0.0003571832,0.0328738198,0.03354527509694125
YAVTUN_clean,9.91839,8.86286,9.91839,0.965245,1733.93,1796.36,0.0,0.0,0.6864,0.711115,0.0,1,0.0002312535,0.0283193069,0.02536012463133315
YAVVEZ_clean,9.82749,8.59259,9.81107,1.05385,1634.41,1550.89,0.0,0.0,0.6474,0.614319,0.0,1,0.0002552292,0.0237428056,0.024373961850166933
YAVWAW_clean,4.87227,4.07548,4.69675,1.46373,1145.93,782.881,0.0,0.0,0.5582,0.381355,0.0,1,9.84671e-05,0.0113725326,0.010400290566619938
YAXBOP_SL,5.80792,5.38349,5.80792,1.12998,1474.82,1305.18,0.0,0.0,0.591,0.52302,0.0,0,0.0002039659,0.0178452566,0.018897319684816373
YAYLER_clean,4.97966,4.34921,4.97473,3.91304,903.181,230.813,0.0,0.0,0.4372,0.111729,0.0,1,2.99648e-05,0.0035503306,0.0035101515343739006
YAZYEF_clean,3.92715,3.10761,3.92715,2.17948,0.0,0.0,88.2304,40.4824,0.3014,0.13829,0.0,0,2.11664e-05,0.0016259636,0.002274733328713651
YAZYUU_clean,6.74224,2.93273,6.74224,1.42628,0.0,0.0,909.21,637.472,0.5212,0.365427,0.0,1,0.0001058215,0.0109582736,0.010878898534614302
YAZZEG_clean,4.60423,3.13816,4.50897,2.06152,0.0,0.0,492.715,239.006,0.4154,0.201502,0.0,1,4.09362e-05,0.0053767082,0.004478867413522323
YEFNOM_clean,6.99053,5.65806,6.99053,1.03643,2661.11,2567.58,0.0,0.0,0.7442,0.718045,0.0,0,0.0002827616,0.0248743651,0.02615486259112243
YEKQOW_clean,13.71017,3.97085,13.71017,1.23134,1607.97,1305.87,0.0,0.0,0.6056,0.491823,0.0,1,0.0001966403,0.0184796578,0.020358241614297397
YEKXUJ_clean,7.55002,6.86281,7.5454,0.941882,1957.97,2078.79,0.0,0.0,0.639,0.678429,0.0,1,0.0002394224,0.0259724422,0.025345740464232554
YEMMAF_clean,9.71746,9.09929,9.71746,1.3312,1383.23,1039.09,0.0,0.0,0.5818,0.43705,0.0,1,0.0001516866,0.0147432012,0.015441755265243795
YEYCUC_SL,17.82348,5.70059,17.82348,0.555715,2326.25,4186.05,0.0,0.0,0.7742,1.39316,0.000719793,0,0.0005383765,0.052930343,0.05749065829406933
YEYYAC_clean,6.35432,3.00875,6.35432,1.15665,0.0,0.0,1051.27,908.889,0.5364,0.463752,0.0,0,0.0001255358,0.013132864,0.012858282902321154
YICDAR_clean,5.59824,4.74384,5.59824,0.895752,2281.69,2547.24,0.0,0.0,0.6272,0.700194,0.0,1,0.0002760119,0.0280357607,0.02724727055330597
YIKJOT_clean,9.06042,4.04226,9.06042,1.25445,1709.74,1362.94,22.3665,17.8297,0.6492,0.517517,0.0,1,0.0001515645,0.0156218146,0.016155661002543557
YINXIE_clean,6.16574,4.96395,6.1491,1.27739,1014.53,794.22,0.0,0.0,0.5052,0.395493,0.0,1,9.97628e-05,0.0117640917,0.010387551087652765
YIWMEW_clean,5.71951,3.80264,5.71876,1.30733,2035.3,1556.84,0.0,0.0,0.6656,0.509129,0.0,1,0.0001557048,0.0153275271,0.016290435692704504
YIWMOG_clean,6.74773,5.04258,6.74039,1.26894,2076.98,1636.78,0.0,0.0,0.6788,0.534934,0.0,1,0.0001429531,0.0161688028,0.016344269903333784
YIWNAT_clean,6.30784,4.54282,6.29619,1.29078,2076.15,1608.45,0.0,0.0,0.675,0.52294,0.0,0,0.0001701343,0.0158013529,0.017710034358124366
YIWNIB_clean,6.81948,5.37501,6.81948,1.22536,2128.85,1737.32,0.0,0.0,0.696,0.567996,0.0,0,0.0001721478,0.0175666226,0.018445545746227344
YOMVIG_clean,5.30742,3.37579,5.27925,1.93225,831.639,430.398,0.0,0.0,0.4428,0.229162,0.0,0,6.02255e-05,0.0077376694,0.0064589493727518175
YONNUL_clean,7.44579,3.94305,6.4772,1.00681,1672.8,1661.47,0.0,0.0,0.5814,0.577465,0.0,0,0.00017756,0.0205382891,0.019647704829867593
YOPMAS_clean,3.73773,2.78289,3.73773,1.50972,0.0,0.0,136.812,90.621,0.3926,0.260049,0.0,1,4.6122e-05,0.0036113497,0.0041840723482098625
YOPNUO_clean,3.96031,2.83025,3.96031,1.46661,0.0,0.0,329.349,224.566,0.5088,0.346923,0.0,1,7.51623e-05,0.00675365,0.007723234972539293
YOQYEK_clean,3.96635,2.7764,3.95733,1.51776,0.0,0.0,279.985,184.473,0.3794,0.249974,0.0,1,5.73097e-05,0.0060192059,0.005537012968791289
YOYQOU_clean,6.44081,4.04722,6.44081,1.09379,982.779,898.504,0.0,0.0,0.5092,0.465535,0.0,0,0.0001255407,0.0127570759,0.013009984713796018
YOYVEP01_clean,4.85942,3.67908,4.85942,1.85926,1388.03,746.548,0.0,0.0,0.5542,0.298075,0.0,1,8.44438e-05,0.0088265036,0.009481600626269253
YOYWEQ_clean,4.77875,3.62914,4.77812,1.88548,1186.63,629.349,4.49602,2.38455,0.5478,0.290536,0.0,1,8.80889e-05,0.0081631033,0.00951241097040784
YOYZET_clean,6.17589,4.55995,6.17589,1.24493,1035.54,831.808,0.0,0.0,0.5128,0.411912,0.0,0,9.23515e-05,0.0093067533,0.01047930592462934
YOZCAS_manual,8.46123,4.31249,7.59373,1.29132,1274.82,987.221,0.0,0.0,0.5562,0.430722,0.0,0,0.0001317773,0.0129518221,0.01392744742639345
YOZJEE_clean,4.63204,3.60208,4.62987,1.53122,1162.82,759.411,4.86491,3.17715,0.5256,0.343256,0.0,1,9.91151e-05,0.0106291034,0.01060686907161259
YUFLOC_clean,6.07463,4.45798,5.9729,0.984585,2401.71,2439.31,0.0,0.0,0.6528,0.663021,0.0,1,0.0002306134,0.0258569833,0.024889487424564635
YUGLES_clean,10.89993,6.77637,10.89993,0.718001,2324.4,3237.32,0.0,0.0,0.7434,1.03537,0.0,1,0.0004408218,0.0441738372,0.043620366485306365
YULNOK_clean,4.29835,3.4152,4.29262,1.35163,393.739,291.306,2.25484,1.66823,0.4592,0.339737,0.0,1,7.93533e-05,0.0063568901,0.007472435921390649
YUNKAV_clean,4.51501,3.79299,4.16091,1.19194,612.464,513.84,0.0,0.0,0.4502,0.377705,0.0,0,9.77768e-05,0.0087370534,0.008674118127155442
YUQNAB_clean,4.93395,3.37022,4.7939,1.10285,962.356,872.606,82.9417,75.2065,0.5376,0.487463,0.0,1,0.0001402984,0.0124231939,0.013048767230629161
YUTDUO_clean,7.90649,6.23902,7.90649,1.39467,1474.83,1057.48,0.0,0.0,0.5612,0.40239,0.0,1,0.0001534182,0.0147801997,0.014968154667192885
YUWKEH_clean,3.63512,2.9315,3.63301,1.82361,0.0,0.0,56.7076,31.0963,0.3642,0.199714,0.0,1,3.97409e-05,0.0022242866,0.0036210516671681247
YUWKIL_clean,3.59629,2.88161,3.59084,1.89504,0.0,0.0,38.9206,20.5381,0.3698,0.195141,0.0,1,2.77069e-05,0.0020677269,0.0025309737308752515
YUXQIS_clean,17.65359,14.41981,17.65359,0.688928,1805.53,2620.78,0.0,0.0,0.7418,1.07675,0.0,0,0.0004575594,0.0434355701,0.04384340966104906
YUYBIF_clean,5.00131,4.56878,4.98439,1.44177,873.775,606.043,0.0,0.0,0.501,0.347489,0.0,0,9.31097e-05,0.0084983726,0.009216645687798381
YUYLOV_clean,5.28891,4.25116,5.28891,1.21408,1053.59,867.808,5.10787,4.20721,0.5256,0.432922,0.0,1,9.36888e-05,0.0120415719,0.01052562100640262
ZABQIC_ion_b,12.00373,11.11993,12.00373,0.767386,1559.55,2032.28,0.0,0.0,0.672,0.8757,0.0,1,0.0002858744,0.0304477209,0.030419146779616817
ZAFXAI_clean,8.16636,3.63608,8.16636,1.40372,1642.88,1170.38,0.0,0.0,0.568,0.40464,0.00156727,0,0.0001370035,0.0144352894,0.01489829486475734
ZAGHAT_clean,4.51112,4.19176,4.51112,1.1607,908.617,782.819,0.0,0.0,0.5106,0.439908,0.0,1,0.0001128699,0.0120153249,0.011532325832456222
ZAHLEC_clean,10.74057,8.40432,8.92854,0.504189,2700.75,5356.61,0.0,0.0,0.8076,1.60178,0.0,1,0.000589954,0.0641586114,0.06035981946221459
ZALDUO_clean,4.61661,3.56851,4.61661,1.92477,1210.48,628.894,0.0,0.0,0.514,0.267045,0.0,1,7.81651e-05,0.0069994146,0.008880231399989993
ZALGEB_clean,6.62075,4.56528,6.62075,1.81667,1374.98,756.865,0.0,0.0,0.5514,0.303522,0.0,1,9.29968e-05,0.0083918172,0.010472621900824203
ZAQWEW_clean,6.95842,6.13717,6.94512,1.39957,1222.41,873.413,0.0,0.0,0.5188,0.370684,0.0,1,0.000151776,0.0120811544,0.013673773130138834
ZARLEL_clean,14.43115,13.28451,14.43115,0.493906,1518.29,3074.04,0.0,0.0,0.7906,1.60071,0.0,1,0.0005676349,0.0623882402,0.06307580503512454
ZARQAM_clean,7.63314,6.94265,7.63314,2.76479,1309.37,473.587,0.0,0.0,0.5168,0.186922,0.0,1,6.36758e-05,0.0065786162,0.006430356503427112
ZARTAP03_clean,4.16883,3.64959,4.16883,1.16973,666.603,569.875,0.0,0.0,0.5526,0.472415,0.0,0,9.20706e-05,0.0107520098,0.009807775999955465
ZAVPET_clean,5.39742,4.45708,5.33979,1.26627,1762.86,1392.17,0.0,0.0,0.5648,0.446036,0.0,1,0.0001595547,0.0159845769,0.016047150373350243
ZAVPUJ_clean,5.35189,4.46399,5.34326,1.29856,1713.78,1319.75,0.0,0.0,0.5712,0.439871,0.0,1,0.0001716754,0.0160745726,0.016707697032227447
ZAVQUK_clean,5.30653,4.52403,5.29517,1.36913,1649.04,1204.45,0.0,0.0,0.5562,0.406243,0.0,1,0.0001439023,0.015125162,0.014982939236208581
ZEDQEG_clean,5.11458,4.23281,5.10868,1.21651,1349.89,1109.64,0.0,0.0,0.5426,0.446031,0.0,1,0.0002105221,0.0174071719,0.018057398388103607
ZERQOE_clean,4.4965,4.02903,4.49472,1.56535,409.981,261.909,0.0,0.0,0.3512,0.224358,0.0,0,5.44499e-05,0.0054006272,0.00495636429605977
ZETMOC_clean,4.70961,3.19935,4.70961,2.1826,0.0,0.0,775.941,355.513,0.5166,0.236691,0.0,1,7.11799e-05,0.0066410885,0.007764275193606349
ZETQIA_clean,4.38937,2.70419,4.38937,2.1799,0.0,0.0,135.185,62.0143,0.3692,0.169366,0.0,0,1.75716e-05,0.0017105607,0.002100734507238581
ZEZPOL_clean,5.01325,3.17956,4.94283,1.35634,0.0,0.0,934.336,688.865,0.5604,0.41317,0.0,1,0.0001004772,0.0122917055,0.01053113226471247
ZEZPUR_clean,6.86808,4.73515,6.86808,1.25879,1604.0,1274.24,0.0,0.0,0.5842,0.464096,0.0,1,0.0001725829,0.0163900898,0.01736889943946648
ZICCIZ_clean,17.08225,7.88152,11.63664,0.729494,2109.82,2892.17,0.0,0.0,0.7876,1.07965,0.0,1,0.000479818,0.0463991748,0.04845596925902348
ZIDNEH_clean,8.84838,5.55883,8.83355,0.885692,1904.92,2150.77,0.0,0.0,0.6292,0.710405,0.0,1,0.0002973936,0.0282642444,0.02761725218895705
ZIGFIG_clean,11.59694,6.57481,10.91215,0.866393,2057.4,2374.67,0.0,0.0,0.6856,0.791327,0.0,1,0.0003569059,0.0346116516,0.034047270827696416
ZIJVOF02_clean,5.27888,3.36573,5.25458,1.22585,1080.88,881.733,0.0,0.0,0.5638,0.459924,0.0,1,0.0001566776,0.0132056848,0.014245295224089821
ZIKJIO_clean,7.07783,5.58584,7.07783,0.782965,2562.61,3272.96,0.0,0.0,0.6992,0.893015,0.0,1,0.0003760503,0.0366467053,0.036627938758656
ZISFEO_clean,4.87799,4.0904,4.87799,1.19653,987.013,824.893,0.0,0.0,0.5152,0.430577,0.0,1,0.0001229013,0.0123191835,0.01208287200906289
ZOMKAP01_clean,3.38977,2.61781,3.38749,2.05116,0.0,0.0,6.21521,3.0301,0.493,0.240352,0.0,1,5.41562e-05,0.0056609174,0.004861953236560874
ZOXTUD_clean,5.84263,3.22574,5.70759,1.90531,0.0,0.0,588.445,308.845,0.4264,0.223795,0.0,1,5.83868e-05,0.0057520367,0.005919801695405808
ZOYKEF_clean,5.38578,3.28005,5.38076,1.30329,0.0,0.0,1195.09,916.984,0.4998,0.383492,0.0,1,0.0001418122,0.0138345654,0.01355166242898868
ZUDQUM_clean,5.81277,5.4291,5.81277,1.09047,1603.64,1470.59,0.0,0.0,0.5888,0.539951,0.0,0,0.0002332962,0.0200541442,0.020977691241170462
ZUDRAT_clean,6.48565,4.23405,6.48051,1.20859,1651.45,1366.43,0.0,0.0,0.5628,0.465668,0.0,1,0.0001759314,0.0182469762,0.017809634846290567
ZUMNAY_clean,3.7217,2.73118,3.7217,2.00295,0.0,0.0,136.592,68.1954,0.4202,0.209791,0.0,1,4.82633e-05,0.0044166071,0.004411602718918542
ZURLAB_clean,4.89339,2.7707,4.89144,1.5825,0.0,0.0,414.696,262.051,0.4282,0.270584,0.0,0,4.39617e-05,0.0040433196,0.004799249184589927
