filename,name,LCD,PLD,LFPD,cm3_g,ASA_m2_cm3,ASA_m2_g,NASA_m2_cm3,NASA_m2_g,AV_VF,AV_cm3_g,NAV_cm3_g,Has_OMS,Input,y_true,y_pred
1499489-acs.cgd.6b01265_1499490_clean,1499489-acs.cgd.6b01265_1499490_clean,10.85017,3.77263,10.26663,0.884188,1701.53,1924.4,0.0,0.0,0.6458,0.730388,0.0,0,0.011670873,6.917356523,6.490395995552495
ACOCUS_clean,ACOCUS_clean,24.38417,13.22222,24.38417,0.346494,1518.48,4382.42,0.0,0.0,0.8644,2.49471,0.0,1,0.005164147,6.942941891,6.3626504774761905
acs.chemmater.5b03723_cm5b03723_si_005_clean,acs.chemmater.5b03723_cm5b03723_si_005_clean,14.22819,7.4356,14.22819,0.645145,2122.45,3289.88,0.0,0.0,0.7418,1.14982,0.0,1,0.009041144,6.969469261,7.233876032203681
AQEGUY_clean,AQEGUY_clean,5.54395,4.66139,5.49926,1.46355,1275.66,871.62,0.0,0.0,0.5148,0.351747,0.0,1,0.011773183,3.648475698,3.772632926099538
AQIXUU_clean,AQIXUU_clean,5.00071,3.74213,5.00071,2.31618,778.297,336.026,0.0,0.0,0.406,0.175289,0.0,1,0.015087644,1.81969202,2.3893879196758685
AQOTIK_clean,AQOTIK_clean,6.7817,3.86887,6.78051,1.47348,1288.35,874.359,0.0,0.0,0.5612,0.380867,0.0,1,0.009062465,4.710019515,3.773089470133934
ASEKAM_clean,ASEKAM_clean,5.99031,5.00967,5.99031,1.72662,1403.65,812.946,0.0,0.0,0.5696,0.329892,0.0,1,0.006758317,3.331648646,3.194439112465623
AWEWOP_clean,AWEWOP_clean,9.66818,6.8565,9.66161,1.11027,1532.43,1380.24,0.0,0.0,0.5908,0.532125,0.0,1,0.006928168,4.983097085,4.2327191165665035
AXINAX_clean,AXINAX_clean,19.26045,15.71248,19.26045,0.424639,1405.73,3310.41,0.0,0.0,0.8372,1.97156,0.0,1,0.004833144,5.737315603,5.7096239079177
BABREE_clean,BABREE_clean,12.92538,6.29785,12.92538,0.898119,2356.63,2623.96,0.0,0.0,0.6828,0.760255,0.0,1,0.006168295,5.375028213,5.619260027897572
BETDOV_clean,BETDOV_clean,6.15975,4.21588,6.15598,1.35335,1572.21,1161.72,0.0,0.0,0.5314,0.392656,0.0,1,0.007237235,3.396432371,4.042896096406692
BEWVEG_clean,BEWVEG_clean,6.48201,4.71475,6.48201,1.10737,1863.88,1683.16,0.0,0.0,0.6042,0.545619,0.0,1,0.00520417,4.297439621,4.216188043065537
BUCSAU_clean,BUCSAU_clean,4.50267,3.4845,4.50267,1.50793,539.251,357.61,100.546,66.6783,0.4734,0.31394,0.0,1,0.020783722,3.303363042,3.6272926625463042
c5dt05023e_c5dt05023e2_clean,c5dt05023e_c5dt05023e2_clean,6.45831,4.45817,6.45831,1.05764,1467.29,1387.32,0.0,0.0,0.552,0.521916,0.0,1,0.014480589,4.498990153,5.350960328601482
c5qi00128e_c5qi00128e2_clean,c5qi00128e_c5qi00128e2_clean,6.58115,3.73125,6.58115,0.993282,1853.01,1865.55,0.0,0.0,0.582,0.585936,0.0,0,0.018651393,8.581039612,7.7210443208469
c5ta03835a_c5ta03835a2_clean,c5ta03835a_c5ta03835a2_clean,12.36152,9.64623,12.36152,0.670312,1969.74,2938.54,0.0,0.0,0.7304,1.08964,0.0,0,0.004978474,5.336269021,5.576860907900859
c6ta07145g_c6ta07145g2_clean,c6ta07145g_c6ta07145g2_clean,6.02059,3.60964,6.01517,1.26554,923.516,729.74,0.0,0.0,0.497,0.392717,0.0,0,0.006963217,2.957700853,2.923549101794849
CAVMIX_clean,CAVMIX_clean,8.93942,5.67971,8.86574,0.942961,1589.69,1685.85,0.0,0.0,0.62,0.657503,0.0,1,0.008939126,5.191747703,5.729008804533628
CEMKOV_clean,CEMKOV_clean,6.14232,4.76606,5.27946,0.925155,1938.38,2095.19,0.0,0.0,0.617,0.666916,0.0,1,0.015209944,7.073109318,7.017963193418125
cg2007167_si_002_clean,cg2007167_si_002_clean,6.66423,5.56859,6.66139,0.818121,2162.43,2643.17,0.0,0.0,0.663,0.810394,0.0,1,0.00355498,4.002994846,4.145603140149422
cg3002866_si_001_clean,cg3002866_si_001_clean,14.19695,6.32486,14.19695,0.780735,2310.25,2959.08,0.0,0.0,0.7264,0.930405,0.0,1,0.00654887,7.227382284,6.2526502907341355
COQJOJ_clean,COQJOJ_clean,7.38214,4.96534,7.38214,1.07307,1447.07,1348.53,0.0720169,0.0671129,0.5318,0.495588,0.0,1,0.013845802,4.581347182,5.163019507746387
COQJUP_clean,COQJUP_clean,7.38322,4.6606,7.38042,1.11082,1342.22,1208.32,0.0,0.0,0.5588,0.503054,0.0,1,0.014993826,4.219397235,4.842323545045095
CUSXOE_clean,CUSXOE_clean,17.97302,15.80148,17.15199,0.243844,1288.51,5284.15,0.0,0.0,0.909,3.72779,0.0,1,0.004730738,6.726268915,6.612796351607859
CUXFUX_clean,CUXFUX_clean,5.75656,5.11113,5.75656,1.3231,1207.8,912.854,37.5492,28.3797,0.5462,0.412818,0.0,0,0.015286892,6.413093641,4.238423959007556
DALVEU_clean,DALVEU_clean,5.33631,4.08532,4.88589,1.30265,1571.53,1206.41,0.0,0.0,0.5888,0.452001,0.0,1,0.009054131,4.093356093,4.358437438350145
DEKPUF_clean,DEKPUF_clean,6.975,5.81852,6.975,1.54937,1782.47,1150.45,0.0,0.0,0.6318,0.407778,0.0,0,0.004935777,3.52937087,3.825343365136305
DITPED_clean,DITPED_clean,7.50583,5.90159,7.4889,1.29378,1287.83,995.397,0.0,0.0,0.555,0.428975,0.0,1,0.006783891,3.611097491,3.823917643515569
DIWMUT_clean,DIWMUT_clean,7.56491,5.96452,7.55979,0.838759,2075.47,2474.46,0.0,0.0,0.641,0.764225,0.0,1,0.011343142,7.443518704,6.766661403696239
DOFTID_clean,DOFTID_clean,8.70669,6.70952,8.70669,0.91345,2575.78,2819.83,0.0,0.0,0.7676,0.84033,0.0,1,0.005538145,5.0775432,5.838125620686658
DOMGAP_clean,DOMGAP_clean,8.27667,5.74162,8.27274,1.20417,741.315,615.623,530.043,440.172,0.5268,0.437479,0.0,1,0.008527305,4.721097463,4.345995499052359
DUDKIY_clean,DUDKIY_clean,7.07907,5.66309,7.05735,0.974059,1868.46,1918.22,0.0,0.0,0.6506,0.667927,0.0,1,0.007967925,5.841261431,5.823662190142968
DUNYOC_clean,DUNYOC_clean,9.99521,7.8188,9.31419,0.670932,2064.07,3076.42,0.0,0.0,0.7104,1.05883,0.0,1,0.004590558,5.537198111,5.326189091506618
DUQRUD_clean,DUQRUD_clean,5.84696,3.93964,5.84696,1.3492,787.842,583.933,0.0,0.0,0.45,0.333531,0.0,0,0.002956457,1.772831189,1.8419607037021302
EBOXEA_clean,EBOXEA_clean,5.66693,4.72038,5.66453,1.32843,1075.3,809.448,0.0,0.0,0.5358,0.403332,0.0,1,0.001188178,1.275221907,1.2837731493504203
ECEZAO_clean,ECEZAO_clean,4.94749,4.06581,4.8956,1.42755,1119.79,784.412,0.0,0.0,0.5024,0.351932,0.0,1,0.009402911,3.276028215,3.344562778643024
EDUVAA_clean,EDUVAA_clean,11.12176,8.60837,11.10384,0.690728,2384.44,3452.06,0.0,0.0,0.7446,1.07799,0.0,0,0.007970608,6.363008468,7.071083054212836
ELECIJ_clean,ELECIJ_clean,5.29894,3.51797,5.23731,1.40049,1472.06,1051.1,0.0,0.0,0.5722,0.40857,0.000142807,0,0.013035192,4.805436456,4.678331516695085
ERALIU_clean,ERALIU_clean,14.86335,13.54057,14.86335,1.02804,1927.12,1874.56,4.88892,4.75558,0.7196,0.699973,0.000194545,1,0.015954425,7.757224927,6.432268983327723
ERUNUC_clean,ERUNUC_clean,14.74144,10.998,14.73673,0.612946,1667.89,2721.11,0.0,0.0,0.75,1.2236,0.0,1,0.005085119,5.587935526,5.5169747587408
FALRIV01_clean,FALRIV01_clean,5.68899,4.70468,5.67497,1.06479,1159.51,1088.96,0.0,0.0,0.5166,0.485167,0.0,0,0.011510519,4.868115142,4.344236456398768
FAVDIS_clean,FAVDIS_clean,7.08952,4.40423,6.6109,3.30476,694.499,210.151,254.861,77.1193,0.4708,0.142461,0.0,1,0.003082609,1.148409061,1.2924794186876112
FECJUT_clean,FECJUT_clean,8.20883,4.88885,8.12686,0.902793,1817.93,2013.68,0.0,0.0,0.618,0.684542,0.0,1,0.00671329,4.923113661,5.233576023295592
FEYJID_clean,FEYJID_clean,11.05011,4.28201,11.03981,1.28763,1684.31,1308.07,60.6702,47.1178,0.6268,0.486786,0.0,1,0.004962683,4.441312841,3.553119972647404
FISGOF_clean,FISGOF_clean,15.80637,8.55438,15.80637,0.434111,2007.26,4623.85,0.0,0.0,0.8372,1.92854,0.0,1,0.004431282,5.640429966,5.961672780989332
FISXEM_clean,FISXEM_clean,15.69953,15.64725,15.69953,0.982352,1496.09,1522.96,0.0,0.0,0.7144,0.727234,0.0,0,0.010158378,5.972559637,5.170343655997364
FOFCIO_clean,FOFCIO_clean,4.5361,3.88522,4.5076,1.74401,367.243,210.574,0.0,0.0,0.3598,0.206306,0.0,0,0.008405619,1.259992354,1.2934391758810944
FOFHEO_clean,FOFHEO_clean,6.41067,5.52308,6.4074,2.22496,990.681,445.257,0.0,0.0,0.446,0.200453,0.0,0,0.013087263,3.027310698,2.687017751130048
FOQNUW01_clean,FOQNUW01_clean,6.20702,4.77029,6.1269,1.35255,1350.08,998.172,0.0,0.0,0.5374,0.397323,0.0,1,0.008088595,3.215513183,3.711451133001442
FOSTOY_clean,FOSTOY_clean,11.96802,7.0236,11.96802,0.654669,2141.84,3271.64,0.0,0.0,0.7566,1.1557,0.0,0,0.009431237,8.301122392,7.51058029478196
FUVDEH11_clean,FUVDEH11_clean,6.87873,5.8578,6.87873,1.63822,509.358,310.921,0.0,0.0,0.3836,0.234156,0.0,0,0.004290082,1.892731185,1.7677504063480127
FUWFUA_clean,FUWFUA_clean,7.25313,6.2676,7.10214,1.05922,1980.57,1869.84,0.0,0.0,0.6472,0.611017,0.0,1,0.005560907,4.467022724,4.97934621292794
GACYER_clean,GACYER_clean,11.44273,8.46463,11.4041,0.752428,2161.9,2873.23,9.41673,12.5151,0.746,0.991457,0.0,1,0.007063437,6.604526981,6.005055280446681
GAFGEC_clean,GAFGEC_clean,6.70517,3.42904,6.68311,1.37564,1797.55,1306.7,0.0,0.0,0.5494,0.399377,0.0,0,0.005513376,4.363758516,4.304248802423032
GANBIH_clean,GANBIH_clean,7.19995,5.0012,7.19632,1.06228,1292.17,1216.41,0.0,0.0,0.5366,0.505138,0.0,0,0.008855368,3.477852406,4.404279145884407
GIJXAA_clean,GIJXAA_clean,10.59462,7.92596,10.59462,0.990408,1761.1,1778.16,0.0,0.0,0.6526,0.658921,0.0,0,0.016105555,7.644260847,7.665883090030843
GITSUY_clean,GITSUY_clean,12.38253,7.614,12.38253,0.866035,1866.54,2155.27,0.0,0.0,0.694,0.801354,0.0,0,0.004228724,4.720898902,4.356182837011984
GITVAH_clean,GITVAH_clean,8.75698,4.92208,6.66017,1.57163,868.704,552.741,0.298339,0.189828,0.4918,0.312924,0.0,0,0.0183404,3.116958918,3.0910550926787486
GOQWOY_clean,GOQWOY_clean,8.51298,6.88549,8.50318,0.782047,2084.03,2664.84,0.0,0.0,0.7176,0.917592,0.0,0,0.004786229,5.614644935,5.680655836921801
HABDAS_clean,HABDAS_clean,9.98388,7.09034,9.97982,0.917953,2085.87,2272.31,0.0,0.0,0.69,0.751673,0.0,1,0.003987067,5.072674427,4.463151362111607
HABRUZ_clean,HABRUZ_clean,5.62999,4.2146,5.61662,1.21831,1657.43,1360.44,0.0,0.0,0.5722,0.469669,0.0,1,0.008985431,4.088045943,4.571192640832828
HOZFIN_clean,HOZFIN_clean,11.69529,10.43289,11.69529,0.774366,1771.67,2287.9,0.0,0.0,0.6506,0.840172,0.0,1,0.003835421,4.35032853,4.272693605687723
HUCSEF_clean,HUCSEF_clean,13.78845,4.39887,13.78845,0.867071,1791.92,2066.64,0.0,0.0,0.6752,0.778714,0.0,1,0.012924281,6.116939624,6.418731838993889
HURFOR_clean,HURFOR_clean,7.08248,5.24445,7.08248,1.04737,1938.44,1850.78,0.0,0.0,0.6226,0.594444,0.0,1,0.012306047,5.427985664,6.084447570602175
ic062019u-file003_clean,ic062019u-file003_clean,5.13093,3.75996,5.13093,1.59557,1238.43,776.17,0.0,0.0,0.515,0.322769,0.0,1,0.005035063,2.777523199,2.909223973214819
ic5005374_si_003_clean,ic5005374_si_003_clean,21.713,8.12819,21.713,0.624448,1871.88,2997.65,0.0,0.0,0.8216,1.31572,0.0,1,0.006522775,7.403211438,6.442987403672682
ic502478u_si_003_clean,ic502478u_si_003_clean,6.55769,3.80885,6.25374,1.35422,531.365,392.376,0.404029,0.298347,0.4662,0.344256,0.0,1,0.001155944,0.941097213,1.1521188002320062
ICAREL_clean,ICAREL_clean,16.21859,9.18486,11.94903,0.616739,2046.86,3318.84,0.0,0.0,0.7336,1.18948,0.0,1,0.00514856,5.895220147,5.751992484287025
ICIVEW_clean,ICIVEW_clean,9.81405,8.96526,9.81405,1.68894,1459.56,864.19,0.0,0.0,0.6214,0.367924,0.0,1,0.00649997,3.361495636,5.364718440119363
IFEPUG04_clean,IFEPUG04_clean,6.86283,5.99318,6.86283,1.62602,537.112,330.322,0.0,0.0,0.3814,0.23456,0.0,0,0.00324433,1.770642164,1.792759298106171
IFEPUG07_clean,IFEPUG07_clean,6.70506,6.18332,6.70506,1.72629,549.827,318.502,0.0,0.0,0.3412,0.197649,0.0,0,0.003551869,1.873654102,1.732404277167951
IGUCEU_clean,IGUCEU_clean,4.52933,3.82475,4.49997,1.71915,529.35,307.913,0.0,0.0,0.4484,0.260826,0.0,0,0.002349187,1.15625938,1.4246585914670002
IKOTEH_clean,IKOTEH_clean,5.65107,4.60462,5.64755,1.07269,1502.82,1400.99,0.0,0.0,0.5482,0.511053,0.0,0,0.008981958,4.551446189,4.716525771173894
INECIP_clean,INECIP_clean,9.29924,6.52394,9.29924,0.881325,1561.41,1771.66,0.320426,0.363573,0.6242,0.708252,0.0,0,0.010298262,4.416720384,5.743194083386038
INEPEY_clean,INEPEY_clean,6.95447,5.78801,6.95447,1.44957,1129.68,779.321,87.9996,60.7072,0.5158,0.355829,0.0,1,0.015654799,3.308438435,3.998133772885692
IWEWIS_clean,IWEWIS_clean,8.35434,5.33584,8.35252,2.50251,1589.74,635.259,0.0,0.0,0.5862,0.234245,0.0,1,0.005805059,2.437072921,2.498317180350874
IYOCUW_clean,IYOCUW_clean,8.90958,6.18498,8.8933,1.17412,1758.62,1497.81,0.0,0.0,0.6506,0.554116,0.0,0,0.002950189,3.248778025,3.4308509384952317
ja0660047si20060818_060256_clean,ja0660047si20060818_060256_clean,6.3909,4.01484,6.38663,0.926803,2000.77,2158.79,0.0,0.0,0.5998,0.647171,0.0,0,0.011835111,8.379886708,7.321516835604046
ja0734952si20070516_030528_clean,ja0734952si20070516_030528_clean,12.93372,6.65576,12.93372,1.08034,1587.08,1469.06,0.0,0.0,0.6156,0.569821,0.0,1,0.015583856,4.906262422,5.433239459588702
ja111042f_si_002_clean,ja111042f_si_002_clean,13.98436,10.86418,13.89482,0.502876,1948.39,3874.49,0.0,0.0,0.797,1.58488,0.0,1,0.005221663,6.908128466,5.955027981944659
ja4015666_si_003_clean,ja4015666_si_003_clean,10.07647,9.04237,10.07647,0.718146,2256.82,3142.56,0.0,0.0,0.7528,1.04825,0.0,0,0.004245388,5.406368807,5.316884791951463
ja403810k_si_003_clean,ja403810k_si_003_clean,31.39938,26.2789,31.39936,0.252736,790.748,3128.75,0.0,0.0,0.9088,3.59585,0.0,1,0.003446135,5.105813135,4.5504481657750215
ja507119n_si_002_clean,ja507119n_si_002_clean,15.60995,11.91932,15.59956,1.42878,1384.15,968.765,14.3512,10.0444,0.6548,0.458293,0.000139979,0,0.011100845,3.060226835,5.05493344480008
jacs.6b06375_ja6b06375_si_001_clean,jacs.6b06375_ja6b06375_si_001_clean,11.94073,6.91484,11.94073,1.08144,1866.76,1726.19,0.0,0.0,0.696,0.643589,0.0,1,0.016251667,6.952227473,7.0661834878176615
jacs.6b08724_ja6b08724_si_011_clean,jacs.6b08724_ja6b08724_si_011_clean,28.29641,26.81159,28.29641,0.32286,1413.52,4378.13,0.0,0.0,0.8676,2.68723,0.0,1,0.004959953,6.379079739,6.355320171270747
jacs.6b08724_ja6b08724_si_012_clean,jacs.6b08724_ja6b08724_si_012_clean,28.6797,24.93616,28.6797,0.353838,1453.6,4108.09,0.0,0.0,0.8748,2.47232,0.0,1,0.003457101,5.165185475,4.729575057799407
JUSGUB_clean,JUSGUB_clean,10.14001,9.53522,10.14001,1.35238,706.669,522.536,374.012,276.558,0.5274,0.389979,0.0,0,0.021193531,3.396662501,4.015705782345046
KELJAN_clean,KELJAN_clean,6.72992,4.20356,6.59748,1.50078,1661.97,1107.4,0.0,0.0,0.603,0.401791,0.0,1,0.00419812,3.388222655,3.1090715798052138
KEWJIG_clean,KEWJIG_clean,7.66764,4.96521,7.66764,1.12411,2024.36,1800.85,0.0,0.0,0.6074,0.540337,0.0,1,0.012572412,6.617623653,6.105342934852241
KIFDIM_clean,KIFDIM_clean,6.65854,3.7171,6.64815,1.05848,1659.61,1567.91,0.0,0.0,0.5926,0.559858,0.0,1,0.005606393,4.43082133,4.419849699756299
KOMHOL_clean,KOMHOL_clean,7.12004,4.41244,7.12004,2.09673,622.975,297.118,3.20164,1.52697,0.448,0.213666,0.0,1,0.018113481,2.5979884,2.643390812415834
KUZYUB_clean,KUZYUB_clean,17.79121,17.46158,17.79121,1.09527,1160.5,1059.55,0.0,0.0,0.6994,0.638563,0.0,1,0.004767563,4.538855622,5.762041857659392
LACYIA_clean,LACYIA_clean,13.94656,10.8971,13.94656,0.785099,1996.38,2542.84,0.0,0.0,0.6776,0.863076,0.0,1,0.008690772,7.265934277,5.905538556924409
LACYUM_clean,LACYUM_clean,8.19722,5.57863,8.19722,1.03476,2021.86,1953.94,156.073,150.83,0.648,0.626232,0.0,1,0.010563169,6.750579898,5.524918437439013
LACZIB_clean,LACZIB_clean,9.35168,6.74694,9.35021,0.752382,2169.18,2883.09,0.0,0.0,0.6922,0.920012,0.0,1,0.005044464,6.139688649,5.616778455300098
LAGVEX_clean,LAGVEX_clean,6.7023,3.90662,6.7023,1.13087,1228.85,1086.65,0.0,0.0,0.5372,0.475032,0.0,1,0.006356478,3.486684814,3.7821276978014238
LAWHEZ_clean,LAWHEZ_clean,7.31422,4.06957,7.31422,1.65797,900.714,543.263,0.0,0.0,0.4874,0.293974,0.0,1,0.00244811,1.723583397,1.7262682918884602
LEJCEK_clean,LEJCEK_clean,17.20124,11.68232,17.20124,0.334035,1916.36,5737.0,0.0,0.0,0.8616,2.57937,0.0,0,0.004305786,5.856057286,6.032146294623512
LEWZET_clean,LEWZET_clean,5.98081,4.39548,5.97981,1.17803,1312.3,1113.97,0.0,0.0,0.5222,0.443281,0.0,0,0.018405422,4.92279954,4.6070699235265025
LIDSIC_clean,LIDSIC_clean,5.88988,4.79787,5.74819,0.995436,2128.35,2138.11,0.0,0.0,0.6234,0.626258,0.0,1,0.013643262,7.029317729,7.023510611731517
LUTZEH_clean,LUTZEH_clean,27.97153,12.56634,27.97011,0.560816,1424.55,2540.14,0.0,0.0,0.8216,1.46501,0.0,1,0.002705381,3.693340291,3.3331441499370555
MAZSOX_clean,MAZSOX_clean,5.55494,4.03435,5.33658,1.3131,1791.89,1364.62,0.0,0.0,0.6002,0.457085,0.0,1,0.010019904,4.471017622,4.951418071380543
MIMSIM_clean,MIMSIM_clean,10.75813,9.26028,10.75813,1.01792,1232.26,1210.56,0.0,0.0,0.595,0.584524,0.0,1,0.009660444,3.483087935,4.155824840771059
MINCET_clean,MINCET_clean,9.524,7.71671,9.524,0.905671,2095.17,2313.39,0.0,0.0,0.6848,0.756124,0.0,1,0.004400374,5.115542018,4.694270772284698
MOKVOZ_clean,MOKVOZ_clean,13.24903,6.01162,13.24903,0.724616,2572.52,3550.19,0.0,0.0,0.738,1.01847,0.0,1,0.010808607,8.660840299,8.006915146220908
MOXBOS_clean,MOXBOS_clean,8.77455,8.32709,8.77455,1.39055,1211.67,871.361,0.0,0.0,0.542,0.389775,0.0,1,0.001788193,2.040321347,1.8083331212168021
MOYZIK_clean,MOYZIK_clean,11.27166,9.72629,11.27166,0.630203,2036.29,3231.16,0.0,0.0,0.7776,1.23389,0.0,1,0.007469411,8.285158663,6.652292327772644
MUKQUG_clean,MUKQUG_clean,11.37507,4.46993,11.2947,0.820023,2214.4,2700.41,0.0,0.0,0.683,0.832903,0.0,1,0.013120463,7.775668761,7.03556656534163
MUTCEL_clean,MUTCEL_clean,5.85951,3.93163,5.85747,0.998165,1648.55,1651.58,0.0,0.0,0.5924,0.593489,0.0,1,0.006661783,4.581446364,4.738002542825655
MUWRON_clean,MUWRON_clean,11.14697,5.73571,11.14697,0.774274,2356.29,3043.22,0.0,0.0,0.7288,0.941268,0.0,1,0.009113701,7.163402758,7.350737318259976
NIMQAC_clean,NIMQAC_clean,4.88726,4.1244,4.87966,1.793,775.011,432.243,0.0,0.0,0.4462,0.248857,0.0,1,0.015276454,2.867990063,2.637067453972292
NUCPIM_clean,NUCPIM_clean,6.80799,4.4618,6.75728,1.08855,2111.95,1940.16,0.0,0.0,0.652,0.598964,0.0,1,0.015942863,7.580010311,7.555983293028395
NUSXEG_clean,NUSXEG_clean,23.63664,14.31993,19.5758,0.701228,1663.19,2371.82,0.0,0.0,0.827,1.17936,0.0,1,0.002896017,3.468366192,3.6394681975718735
NUVXUZ_clean,NUVXUZ_clean,23.89274,9.6738,23.89274,0.500285,1776.43,3550.84,0.0,0.0,0.8514,1.70183,0.0,1,0.0022488,3.19297012,4.2223856368363935
NUZCIV_clean,NUZCIV_clean,7.57732,5.39606,7.57711,1.85198,785.332,424.05,0.0,0.0,0.38,0.205186,0.0,0,0.004671936,1.83421064,1.8176314977870447
OCIMIZ_clean,OCIMIZ_clean,6.97793,4.97983,6.96924,0.99263,1294.22,1303.83,0.0,0.0,0.5312,0.535144,0.0,0,0.006987503,3.933384668,4.244030075715355
OCIMUL_clean,OCIMUL_clean,6.68572,4.74391,6.68572,1.01595,1259.83,1240.05,0.0,0.0,0.5212,0.513019,0.0,0,0.009011206,4.082483468,4.333698503936351
OCUMUX_clean,OCUMUX_clean,5.1192,3.7079,5.1192,1.29581,1317.84,1017.0,0.689155,0.531833,0.5164,0.398515,0.0,1,0.004566663,3.427400569,3.03815699682389
OCUPOS_clean,OCUPOS_clean,4.38921,3.97026,4.38921,1.66698,711.745,426.966,0.0,0.0,0.445,0.266949,0.0,1,0.016785681,3.228531827,2.9425685054541706
ODIXIK_clean,ODIXIK_clean,6.81688,4.29892,6.81439,1.49389,849.77,568.828,302.861,202.732,0.5408,0.362007,0.0,1,0.007093056,3.607413121,3.151509633732026
OJIFAP_clean,OJIFAP_clean,4.67693,3.73833,4.67693,1.13515,759.831,669.365,0.0,0.0,0.4686,0.412808,0.0,1,0.011851458,3.683604328,3.8210205198051344
ONEYIQ_clean,ONEYIQ_clean,21.6608,8.8003,21.6608,0.662891,1404.88,2119.33,139.38,210.261,0.7188,1.08434,0.0,1,0.00320963,3.50246093,3.224819164180622
ONUJUE_clean,ONUJUE_clean,9.03257,8.2459,9.03257,1.20375,1198.02,995.242,19.6744,16.3443,0.5232,0.434643,0.0,1,0.009197911,5.002553287,3.663519626716992
OQUFAJ03_clean,OQUFAJ03_clean,11.0199,9.96279,11.0199,1.02397,2131.01,2081.12,2.80083,2.73525,0.6704,0.654704,0.000390635,1,0.004001647,4.108304589,4.041961626177959
OVADAR_clean,OVADAR_clean,5.1368,3.79878,5.1368,1.2109,986.179,814.421,0.0,0.0,0.4988,0.411926,0.0,1,0.019190145,4.611861066,4.172820296521706
OVUVIL_clean,OVUVIL_clean,7.08548,5.40816,7.07157,1.2293,1842.78,1499.05,0.0,0.0,0.602,0.48971,0.0,1,0.016660015,6.530507829,6.327364815550801
OYAJIJ02_clean,OYAJIJ02_clean,10.70872,8.94342,10.70872,1.40706,1892.43,1344.95,0.0,0.0,0.6626,0.47091,0.00014214,0,0.006494906,4.908746043,4.725912144633977
PAQTOS_clean,PAQTOS_clean,5.12845,3.67184,5.12666,1.49187,656.885,440.311,0.0,0.0,0.4242,0.284342,0.0,1,0.008642445,1.914753936,2.095218903283318
PARSEJ_clean,PARSEJ_clean,7.10918,3.63338,7.10142,1.23949,1731.43,1396.89,0.0,0.0,0.5994,0.483586,0.0,1,0.01584329,5.786155515,6.121846786681275
PIBPAS_clean,PIBPAS_clean,10.02705,9.63343,10.02705,0.905218,1687.34,1864.01,0.0,0.0,0.6458,0.71342,0.0,1,0.003474391,3.766479966,3.9589602951709257
PILJAX_clean,PILJAX_clean,6.83681,4.60726,6.73853,1.38338,998.206,721.569,0.0,0.0,0.4758,0.34394,0.0,1,0.00378577,2.704870747,2.3908841892915897
PUBSAH_clean,PUBSAH_clean,11.33641,4.82375,11.33641,0.84337,2328.1,2760.47,0.0,0.0,0.7052,0.836169,0.0,1,0.008325603,5.830432895,6.237762354801778
PUCKUV_clean,PUCKUV_clean,5.10039,3.48814,5.04421,1.9845,773.41,389.725,0.0,0.0,0.4536,0.228571,0.0,0,0.009095193,2.801447404,2.115238124221316
PUPJER_clean,PUPJER_clean,11.34986,4.2884,11.34946,1.04067,2155.08,2070.86,0.0,0.0,0.678,0.651506,0.0,1,0.012256771,7.174003762,6.625878095430849
QAPPON_clean,QAPPON_clean,4.75518,3.45443,4.66797,1.42132,625.227,439.891,255.697,179.901,0.5156,0.362761,0.0,1,0.009008342,3.43154774,3.093415275358775
QIKYOA_clean,QIKYOA_clean,6.61593,4.14269,6.59132,1.04069,1590.42,1528.23,5.00662,4.81084,0.6008,0.577307,0.0,1,0.006939896,4.65958231,4.616711075426185
QIWHEL_clean,QIWHEL_clean,6.23289,3.57497,6.23289,1.40383,1318.74,939.391,0.0,0.0,0.5748,0.409452,0.0,1,0.009518122,3.413180726,3.770515361708814
QIYDAF01_clean,QIYDAF01_clean,22.00141,13.57926,22.00141,0.303251,1702.79,5615.12,0.0,0.0,0.8664,2.85704,0.0,1,0.003877809,5.773186637,5.42233486519442
QUQQOJ_clean,QUQQOJ_clean,4.48385,3.90246,4.48385,1.73709,680.126,391.531,0.0,0.0,0.355,0.204365,0.0,0,0.010546528,2.133999234,2.3077466410006524
QURPIE_clean,QURPIE_clean,9.68581,3.59523,9.58953,1.29548,1821.83,1406.29,0.0,0.0,0.6368,0.491554,0.0,1,0.007159891,4.197465331,4.694071956227753
REHHET_clean,REHHET_clean,8.42834,7.30081,8.42834,1.12746,2081.49,1846.18,0.0,0.0,0.6604,0.585741,0.0,1,0.011336572,5.213653131,6.3806767999108756
REXCEE_clean,REXCEE_clean,8.85943,5.8482,8.85943,1.43313,1724.93,1203.62,0.0,0.0,0.6248,0.43597,0.0,0,0.004187226,3.514897187,3.485445441439955
REXGAE_clean,REXGAE_clean,16.86752,8.38436,16.86674,0.654639,2227.03,3401.91,0.0,0.0,0.7522,1.14903,0.0,0,0.0096735,8.41911911,8.102393427896072
RIWNAO_clean,RIWNAO_clean,9.73357,7.77994,9.73357,1.04203,1469.46,1410.19,0.0,0.0,0.5926,0.568698,0.0,1,0.003348486,3.02781717,3.448087057734162
RORTID_clean,RORTID_clean,6.7434,4.28476,6.6178,0.994128,2119.38,2131.9,0.0,0.0,0.6284,0.632112,0.0,1,0.006129596,5.237732123,5.28728990486105
RORTUP_clean,RORTUP_clean,6.59655,4.47032,5.86846,1.00477,2073.35,2063.5,0.0,0.0,0.6322,0.629197,0.0,1,0.00617012,5.094526147,5.251673050626957
RUBTAK06_clean,RUBTAK06_clean,8.7342,3.8432,8.7342,1.62392,1647.74,1014.66,0.0,0.0,0.5664,0.348785,0.000123158,0,0.013151795,5.144220836,5.063195659597469
RUFZOJ_clean,RUFZOJ_clean,11.51038,11.00419,11.51038,0.791669,2046.48,2585.02,0.0,0.0,0.7196,0.908965,0.0,1,0.004464849,4.097554359,5.078524751797103
SAKNOJ_clean,SAKNOJ_clean,15.48179,8.59456,15.48179,0.827341,1070.73,1294.18,649.279,784.778,0.7024,0.848985,0.0,1,0.006178299,5.864107939,5.0631930878921825
SALRUU_clean,SALRUU_clean,5.91203,3.84839,5.91203,1.89218,897.906,474.535,26.6841,14.1023,0.5394,0.285068,0.0,1,0.005472073,3.069148683,2.363937077102544
SESLUZ_clean,SESLUZ_clean,5.3028,4.79056,5.23858,2.17471,1211.49,557.081,0.0,0.0,0.5374,0.247113,0.0,1,0.007659168,2.605524959,2.718916342112056
SOHMOS_clean,SOHMOS_clean,6.80627,6.22783,6.7969,1.81758,632.629,348.061,0.0,0.0,0.4536,0.249562,0.0,0,0.003120118,1.397104715,1.7651887395351276
SOKXIB_clean,SOKXIB_clean,11.6126,7.16546,11.6126,0.857146,1980.64,2310.74,0.0,0.0,0.706,0.823663,0.0,1,0.017537003,8.097743246,7.72004044324396
SUPQAW_clean,SUPQAW_clean,12.03938,6.80096,12.03938,0.533609,2437.56,4568.06,0.0,0.0,0.7952,1.49023,0.0,1,0.004692196,6.354433938,6.1404593907608795
SURHEU_clean,SURHEU_clean,8.75392,3.85708,8.75392,1.61914,1667.04,1029.58,0.0,0.0,0.569,0.351421,0.000123522,0,0.013750972,5.257202378,5.163131706711908
SUXNIJ_clean,SUXNIJ_clean,5.64724,4.5438,5.64724,1.44554,1962.92,1357.92,0.0,0.0,0.566,0.39155,0.0,1,0.004219911,3.438813315,3.3331827498348305
TILBIB01_clean,TILBIB01_clean,11.44433,8.3457,11.44433,1.69878,1777.66,1046.43,0.0,0.0,0.675,0.397344,0.0,1,0.003486652,2.334947454,2.9629071084987304
TILBIB_clean,TILBIB_clean,11.40513,8.26354,11.20664,1.70628,1782.34,1044.57,0.0,0.0,0.6732,0.394542,0.0,1,0.003573843,2.332855408,2.927682874504744
TILBOH_clean,TILBOH_clean,10.18314,7.628,10.13419,1.75002,1957.7,1118.67,0.0,0.0,0.655,0.374281,0.0,1,0.002572707,2.285868514,2.522255459026154
TIMMEI_clean,TIMMEI_clean,4.14172,3.70815,4.13635,1.81907,447.316,245.904,0.0,0.0,0.3944,0.216814,0.0,1,0.011780702,2.163156685,2.259189576662156
UBACUX_clean,UBACUX_clean,7.27569,3.40268,7.27569,1.19506,1324.35,1108.19,0.0,0.0,0.5504,0.460564,0.0,1,0.004317875,3.515335115,3.778901409962989
UDANIY_clean,UDANIY_clean,23.87987,23.45836,23.87987,0.417441,1745.24,4180.81,0.0,0.0,0.8514,2.03957,0.0,1,0.004406945,5.952598906,5.825786257637032
UDAXIJ_clean,UDAXIJ_clean,8.72676,6.05316,8.72663,1.82268,1705.94,935.952,0.0,0.0,0.6218,0.341145,0.0,0,0.00302233,2.635699925,2.61519789049644
ULILEI_clean,ULILEI_clean,7.22603,5.77359,6.90295,1.4654,978.051,667.43,0.0,0.0,0.4894,0.333971,0.0,1,0.006167447,3.076187465,2.9009198686446136
ULOKUD01_clean,ULOKUD01_clean,8.86248,5.68435,8.86248,1.87819,1722.41,917.059,0.0,0.0,0.631,0.335961,0.0,1,0.003087699,2.65923996,2.6152529453095945
UMIZIB_clean,UMIZIB_clean,6.17523,5.02799,6.17017,1.45638,1635.51,1123.0,0.0,0.0,0.5482,0.376414,0.0,1,0.005601425,3.401013647,3.5089753828892847
UMOYOM12_clean,UMOYOM12_clean,10.19907,5.488,10.19907,0.599366,2923.9,4878.33,0.0,0.0,0.7518,1.25433,0.0,1,0.00651802,7.203273518,7.124768333775823
UNIFII_clean,UNIFII_clean,17.37115,8.63776,17.37115,0.586277,2129.19,3631.71,0.0,0.0,0.7812,1.33248,0.0,0,0.009699051,8.982835708,8.329410533204909
UVUCEV_clean,UVUCEV_clean,5.657,3.96658,5.657,1.45056,765.054,527.42,0.0,0.0,0.4608,0.31767,0.0,1,0.006022591,2.319761629,2.159406566864093
UVUQOT_clean,UVUQOT_clean,8.66574,6.53488,8.66574,1.9155,1736.06,906.321,0.0,0.0,0.6452,0.336831,0.0,0,0.00376802,2.923778446,2.8440077446705785
VABKER_clean,VABKER_clean,25.48776,13.70158,25.4679,0.386827,1629.94,4213.63,0.0,0.0,0.8474,2.19064,0.0,1,0.006445214,8.094875304,7.3468873732790625
VAKNAZ_clean,VAKNAZ_clean,6.16822,4.1914,6.16041,0.853713,2759.78,3232.68,0.668484,0.783032,0.701,0.821119,0.0,1,0.005615469,5.562586183,5.996574791031834
VAKNED_clean,VAKNED_clean,8.20051,6.12785,8.18994,0.772329,2469.12,3196.98,0.0,0.0,0.7288,0.943639,0.0,1,0.006165096,6.418347294,6.696692519516125
VAMYUG_clean,VAMYUG_clean,10.04314,6.94027,10.02007,0.640476,2529.62,3949.59,0.0,0.0,0.7656,1.19536,0.0,1,0.004403089,5.619680857,5.623501350464868
VIWRAW_clean,VIWRAW_clean,18.47685,6.99909,18.46157,1.33324,1894.12,1420.69,0.0,0.0,0.773,0.579791,0.0,1,0.001541554,1.889402452,1.947877136228086
VIXPUP_clean,VIXPUP_clean,10.93218,6.45029,10.92123,0.719071,2360.22,3282.31,0.0,0.0,0.7418,1.03161,0.0,1,0.005582008,5.727068879,6.166238374625419
VUHNIX_clean,VUHNIX_clean,8.81529,5.64931,8.81529,1.82588,1710.58,936.85,0.0,0.0,0.6332,0.346791,0.0,1,0.003563828,2.724601309,2.7526802909143395
VUHPOF_clean,VUHPOF_clean,8.70109,5.79132,8.70109,2.14093,1695.48,791.937,0.0,0.0,0.6248,0.291836,0.0,1,0.004343074,2.713681921,2.7077080739801587
VUKSIF_clean,VUKSIF_clean,5.75842,4.01754,5.72554,1.25557,1414.52,1126.59,0.0,0.0,0.5766,0.459233,0.0,1,0.009444382,4.631622406,4.273670288983276
VURNED02_clean,VURNED02_clean,7.87329,7.03486,7.87329,0.983717,2012.0,2045.3,0.0,0.0,0.6568,0.667672,0.0,0,0.00975048,8.477476672,8.163143704883852
WAFKIY_clean,WAFKIY_clean,7.94426,7.06157,7.92163,0.97672,2030.81,2079.21,0.0,0.0,0.6618,0.677574,0.0,1,0.01026121,8.774978881,7.260221327238747
WAHDIT_clean,WAHDIT_clean,5.64465,5.55803,5.64465,1.60299,480.063,299.48,0.0,0.0,0.2714,0.169309,0.0,1,0.001525638,0.768889788,0.9175998846091175
WANHEB_clean,WANHEB_clean,11.27878,4.48127,11.27878,0.837758,2209.49,2637.39,0.0,0.0,0.6896,0.82315,0.0,1,0.011142213,6.836992103,6.577514621687632
WARFAY06_clean,WARFAY06_clean,8.02332,5.50953,8.02332,1.05728,2113.47,1998.98,0.0,0.0,0.6526,0.617247,0.0,1,0.016405615,8.462124747,7.92094761291417
WAVRIW_clean,WAVRIW_clean,14.37017,4.23835,14.37017,0.932664,1895.07,2031.89,0.0,0.0,0.6684,0.716657,0.0,1,0.017131829,7.402061753,7.5468466009767585
WISKOA_clean,WISKOA_clean,4.58598,3.62744,4.58598,1.24484,886.096,711.817,0.0,0.0,0.4842,0.388967,0.0,0,0.014970445,3.838337109,3.8872988639005785
WONBAD_clean,WONBAD_clean,5.26924,4.23427,4.80256,1.90066,2151.09,1131.76,0.0,0.0,0.5702,0.300001,0.0,1,0.018237124,4.95839562,5.142849459048844
WUJPIC_clean,WUJPIC_clean,6.8358,6.48385,6.8358,1.24403,1197.74,962.797,0.0,0.0,0.5018,0.403368,0.0,0,0.009855401,4.581444774,3.8176136272189147
WUTCET_clean,WUTCET_clean,6.18745,5.18464,6.17096,1.11984,1387.44,1238.96,0.0,0.0,0.5566,0.497034,0.0,0,0.010134576,4.264738676,4.624032214644627
XANMUX02_clean,XANMUX02_clean,7.02628,6.85841,7.02628,1.18485,1425.51,1203.11,0.0,0.0,0.615,0.519053,0.0,0,0.003259237,3.519909023,3.4790312923857996
XANMUX_clean,XANMUX_clean,7.22549,7.05144,7.22549,1.16648,1435.38,1230.52,0.0,0.0,0.6128,0.525341,0.0,0,0.003305223,3.559014041,3.5459392389723536
XANZAQ02_clean,XANZAQ02_clean,7.78654,7.07621,7.78654,0.976673,1600.7,1638.93,0.0,0.0,0.6466,0.662043,0.0,1,0.003882834,4.457366372,4.158655527672204
XANZAQ03_clean,XANZAQ03_clean,8.31524,7.66858,8.31524,0.918646,1605.96,1748.18,3.17356,3.45461,0.6742,0.733906,0.0,1,0.003696524,4.467199074,4.0108595772074
XANZAQ07_clean,XANZAQ07_clean,8.40037,8.01066,8.40037,0.935791,1631.15,1743.07,0.0,0.0,0.6708,0.716827,0.0,1,0.004844805,5.423495542,4.990226299869126
XEMHOM_clean,XEMHOM_clean,4.79162,4.0639,4.76831,2.00034,450.789,225.357,0.0,0.0,0.3928,0.196367,0.0,1,0.002340501,0.996296802,1.018180086770999
XIDMED_clean,XIDMED_clean,11.48793,10.50283,11.48793,1.21119,1624.17,1340.97,0.0,0.0,0.653,0.53914,0.0,1,0.006712157,4.830087663,4.461232777386104
XOMHIS_clean,XOMHIS_clean,8.65147,5.97828,8.65147,0.851979,2400.52,2817.58,0.0,0.0,0.7112,0.834762,0.0,1,0.009539065,8.624468725,7.262855178719914
XUFWIF_clean,XUFWIF_clean,10.42496,6.51739,10.42496,0.851444,2291.0,2690.72,0.0,0.0,0.7078,0.831294,0.0,1,0.015244646,7.324062216,7.481882955861399
YAGHAS_clean,YAGHAS_clean,6.63776,6.21846,6.62662,1.46892,366.493,249.498,251.846,171.449,0.4672,0.318056,0.0,1,0.007051297,2.980978429,2.0918811430363258
YAGHUM_clean,YAGHUM_clean,10.9533,4.13648,10.9533,0.807681,2413.25,2987.87,0.0,0.0,0.7156,0.885993,0.0,0,0.005000583,5.38427004,5.877784513659925
YARGOP_clean,YARGOP_clean,8.11383,5.17636,8.11364,0.914073,1890.45,2068.16,0.0,0.0,0.6398,0.699944,0.0,0,0.007207484,5.997351071,5.678035318038754
YARZEZ01_clean,YARZEZ01_clean,5.61977,4.05885,5.24298,1.02873,1985.67,1930.22,0.0,0.0,0.6746,0.655761,0.0,0,0.003624529,4.042642498,3.813714554355836
YEYDAJ_clean,YEYDAJ_clean,14.77804,3.65211,14.77045,0.94121,1671.89,1776.32,0.0,0.0,0.652,0.692726,0.000212493,0,0.020013724,5.951261913,7.740046661824519
YINTEW_clean,YINTEW_clean,6.69295,5.30296,6.37064,1.01854,1974.65,1938.7,0.0,0.0,0.6366,0.62501,0.0,0,0.013687632,5.784274294,6.5945338759203835
YIXBIQ_clean,YIXBIQ_clean,16.14545,8.60739,16.14545,1.16801,1743.0,1492.28,0.0,0.0,0.7494,0.641603,0.0,1,0.00309706,4.098510508,3.5932116388337763
YIZJEY_clean,YIZJEY_clean,6.38909,5.16549,5.85719,1.3913,1198.42,861.362,0.0,0.0,0.5582,0.401206,0.0,0,0.004437644,2.44872485,2.660477569100561
YOCNIP_clean,YOCNIP_clean,6.24098,4.07873,6.24098,1.73801,306.791,176.518,6.61904,3.8084,0.3778,0.217375,0.0,0,0.008640119,1.603834976,1.0469111868540633
YOZBIZ_clean,YOZBIZ_clean,8.26642,3.87936,8.26616,1.4767,1152.52,780.471,0.0,0.0,0.5144,0.348345,0.0,1,0.018307027,4.210652252,4.298249499974245
ZEBMEA_clean,ZEBMEA_clean,6.61101,4.67195,6.5886,1.53404,1279.24,833.903,0.0,0.0,0.5336,0.347839,0.0,1,0.004298424,3.035448368,2.6620398199214965
ZOQTAC_clean,ZOQTAC_clean,8.58967,6.28898,8.58967,2.14551,1675.17,780.777,0.0,0.0,0.6196,0.288789,0.0,1,0.004026879,2.597966658,2.6758050861811116
ZUSNOS_clean,ZUSNOS_clean,13.06588,6.72307,12.14953,0.80175,2346.37,2926.56,0.0,0.0,0.7098,0.885314,0.0,1,0.010741242,7.38835612,7.657665000091925
ABAYOU_clean,ABAYOU_clean,11.27344,4.5108,11.27344,0.979267,1463.42,1494.4,419.062,427.935,0.6638,0.677854,0.0,0,0.008160984,4.748437531,5.330677763135112
ABETAE_clean,ABETAE_clean,5.88295,4.42033,5.88295,3.69928,1821.75,492.461,0.0,0.0,0.572,0.154625,0.0,1,0.001858156,1.499672785,1.4859414108964994
ABEXEM_clean,ABEXEM_clean,4.82084,4.14331,4.80387,1.76082,968.791,550.193,3.54724,2.01454,0.494,0.280551,0.0,1,0.003433359,2.077981084,1.895431453658246
ABEXUC_clean,ABEXUC_clean,4.74458,4.0168,4.72731,1.84813,905.952,490.198,6.39745,3.46157,0.4864,0.263185,0.0,1,0.003509097,1.960428717,1.93310093765034
ABEYEN_clean,ABEYEN_clean,4.70447,3.94356,4.68752,1.9293,894.021,463.392,4.63057,2.40013,0.4642,0.240606,0.0,1,0.00344954,1.863119571,1.8268557893910866
ACODON_clean,ACODON_clean,7.1439,4.65537,7.12384,1.14924,1729.7,1505.09,0.0,0.0,0.598,0.520346,0.0,0,0.006412168,4.48628827,4.461815918884088
ACOGEF_clean,ACOGEF_clean,5.20115,3.94888,4.8971,1.25952,1433.77,1138.35,0.0,0.0,0.5544,0.440168,0.0,0,0.009362373,3.986334275,4.146474806463647
acs.chemmater.6b02817_cm6b02817_si_004_clean,acs.chemmater.6b02817_cm6b02817_si_004_clean,10.39878,5.64581,7.91914,0.897688,1488.72,1658.39,589.747,656.962,0.6776,0.754828,0.0,1,0.006772363,6.336080691,6.292241470633763
acscombsci.5b00188_24205_clean,acscombsci.5b00188_24205_clean,5.32506,4.91361,5.32498,1.2624,1666.29,1319.94,0.0,0.0,0.5558,0.440273,0.0,0,0.019034562,5.682801987,5.7630162707498735
acscombsci.5b00188_8372_clean,acscombsci.5b00188_8372_clean,5.7583,4.46842,5.7583,0.958855,3178.07,3314.45,0.0,0.0,0.7062,0.736503,0.0,0,0.004266447,4.810858806,5.213370983854994
acs.inorgchem.5b02108_ic5b02108_si_002_clean,acs.inorgchem.5b02108_ic5b02108_si_002_clean,7.194,7.0599,7.194,1.21033,1596.38,1318.96,0.0,0.0,0.591,0.488296,0.0,0,0.013387856,7.003350138,6.3269500249454875
acs.inorgchem.6b00433_ic6b00433_si_002_clean,acs.inorgchem.6b00433_ic6b00433_si_002_clean,5.96211,4.62167,5.8482,1.10398,1177.53,1066.62,0.0,0.0,0.5062,0.458523,0.0,1,0.005373626,3.456765572,3.3969215524043097
acs.inorgchem.6b01569_ic6b01569_si_002_clean,acs.inorgchem.6b01569_ic6b01569_si_002_clean,6.29847,5.43889,6.29847,1.11326,868.696,780.315,0.0,0.0,0.5092,0.457394,0.0,1,0.001637188,1.697670082,1.5908944991493184
ADARAA_clean,ADARAA_clean,12.29205,5.40077,12.29205,0.881935,2191.85,2485.27,7.83761,8.88684,0.6948,0.787813,0.0,1,0.005717808,5.331034875,5.044659280313538
ADATOQ_clean,ADATOQ_clean,10.5421,9.07611,10.5421,0.632077,2324.74,3677.95,0.0,0.0,0.7278,1.15144,0.0,1,0.003881193,4.87638946,4.951950776956062
ADAVEI_clean,ADAVEI_clean,10.15021,8.70819,10.15021,0.656268,2410.23,3672.63,0.0,0.0,0.719,1.09559,0.0,1,0.004228922,5.08238311,5.35073894669733
ADAXIO_clean,ADAXIO_clean,5.72682,5.00855,5.71823,1.28062,1140.41,890.52,0.0,0.0,0.4934,0.385283,0.0,0,0.008107946,3.202738907,3.35317928559484
ADOCEC_clean,ADOCEC_clean,5.40135,3.83278,5.40061,1.53544,942.082,613.56,194.67,126.785,0.4904,0.319388,0.0,1,0.00420009,2.771472009,2.4216507358632575
ADODOO_clean,ADODOO_clean,5.9443,5.31331,5.61744,1.28796,1054.79,818.961,0.0,0.0,0.5256,0.408086,0.0,0,0.008102258,2.972607989,3.408350786209169
ADODUU_clean,ADODUU_clean,5.93338,5.29096,5.57799,1.31573,1050.53,798.439,0.0,0.0,0.521,0.395977,0.0,0,0.008371607,2.963184952,3.329671862803435
AFEJOK_ion_b,AFEJOK_ion_b,5.99825,5.12689,5.98721,1.10129,1640.7,1489.79,0.0,0.0,0.5808,0.52738,0.0,1,0.006618594,4.529658673,4.295883736800682
AFIXAO_clean,AFIXAO_clean,6.3306,4.52097,6.32879,1.12223,1320.24,1176.44,0.0,0.0,0.5702,0.508096,0.0,0,0.004210431,2.728877388,3.323194612599547
AFIXES_clean,AFIXES_clean,6.43864,4.7481,6.42659,1.12574,1304.99,1159.23,0.0,0.0,0.5758,0.511486,0.0,0,0.004249277,2.728283978,3.323194612599547
AFOTOF_clean,AFOTOF_clean,8.7931,6.77287,8.7931,1.07439,1647.74,1533.66,0.0,0.0,0.6144,0.571859,0.0,0,0.00781024,4.696908598,5.042899243549078
AFUKET_clean,AFUKET_clean,5.96671,4.7743,5.96671,0.9597,1662.19,1731.99,97.0966,101.174,0.5958,0.620819,0.0,1,0.012232618,5.015517879,5.457269830470587
AGIREP_clean,AGIREP_clean,10.92956,6.85619,7.97786,0.99837,2250.02,2253.69,0.0,0.0,0.6896,0.690726,0.0,1,0.006139706,5.746458744,5.593274801341768
ALAMUW_clean,ALAMUW_clean,11.92678,5.98269,11.92678,0.64997,2447.93,3766.22,0.0,0.0,0.761,1.17082,0.0,1,0.006795232,6.371294073,6.874601389758289
ALANAD_clean,ALANAD_clean,8.58065,5.8094,8.54388,0.697286,2813.81,4035.37,0.0,0.0,0.7542,1.08162,0.0,1,0.005761891,6.723107064,6.515869515278864
ALEJAE_clean,ALEJAE_clean,19.86541,14.56862,19.86541,0.274675,1427.0,5195.22,0.0,0.0,0.8942,3.25548,0.0,1,0.004513556,6.258041616,6.445848548203588
ALEQIT_clean,ALEQIT_clean,5.78407,3.96262,5.7827,1.90553,677.8,355.702,0.0,0.0,0.434,0.227759,0.0,1,0.004354225,1.617734108,1.474060929688853
ALIXAU_clean_h,ALIXAU_clean_h,6.17139,3.91412,6.17139,1.43262,670.443,467.985,13.6022,9.49467,0.4726,0.329886,0.0,1,0.005610289,2.880661214,2.2210465913817723
ALIXOJ_clean,ALIXOJ_clean,7.8603,5.01976,7.84665,0.979833,2007.79,2049.12,0.0,0.0,0.6394,0.65256,0.0,1,0.004807087,4.664328105,4.767818390630195
ALUJIB_clean,ALUJIB_clean,6.08943,4.42337,5.91878,1.4324,1320.62,921.959,0.0,0.0,0.5424,0.378664,0.0,1,0.006341654,3.545882248,3.3087079467512144
ALUKOI_clean,ALUKOI_clean,8.54787,6.76817,8.5436,0.579939,2887.58,4979.11,0.0,0.0,0.7926,1.3667,0.0,1,0.00384191,5.375864058,5.3349423442475885
ALURAB_clean,ALURAB_clean,6.8318,3.73291,6.33433,1.05182,1255.59,1193.73,0.0,0.0,0.5338,0.507503,0.0,0,0.005558977,4.083510059,3.8734124066790097
AMIMEP_clean,AMIMEP_clean,11.21563,10.87494,11.21563,0.985981,1260.64,1278.57,0.0,0.0,0.6026,0.611168,0.0,1,0.008007411,3.504608031,3.7038121961820445
AMODUC_clean,AMODUC_clean,8.56321,6.70069,8.56321,0.575734,2862.5,4971.91,0.0,0.0,0.7896,1.37147,0.000694765,1,0.004270789,5.749729897,5.452729998218128
ANAWIX_clean,ANAWIX_clean,5.45667,5.01969,5.45432,1.52823,1486.52,972.705,0.0,0.0,0.5628,0.368269,0.0,1,0.006326687,3.069003858,3.407498540544656
ANAWOD_clean,ANAWOD_clean,6.92762,6.10595,6.92762,1.43826,1562.19,1086.17,0.0,0.0,0.5924,0.411885,0.0,0,0.007120885,4.54367407,4.163886744130076
ANENIR_clean,ANENIR_clean,6.14773,4.26664,6.04871,1.32991,783.463,589.11,0.0,0.0,0.4684,0.352204,0.0,1,0.004555714,2.160635678,1.988243247349441
AQIXUV_clean,AQIXUV_clean,8.64919,5.459,8.64919,0.934501,1104.45,1181.86,0.0,0.0,0.5626,0.602032,0.0,1,0.002439916,2.455145816,2.545083960124223
AQOMAW_clean,AQOMAW_clean,15.65949,6.23259,15.65949,1.14479,1297.32,1133.23,389.885,340.573,0.648,0.566042,0.0,1,0.006108709,4.274684767,4.011488171100525
AQOMEA_clean,AQOMEA_clean,15.83521,9.82464,15.8304,0.749306,1274.9,1701.44,431.482,575.842,0.7222,0.963826,0.0,1,0.005992737,5.299369625,5.378584345431101
AQUCUM_clean,AQUCUM_clean,11.51533,10.7235,11.51515,1.1988,1578.94,1317.1,0.0,0.0,0.662,0.55222,0.0,1,0.003492233,4.094001237,4.121936997566098
AQUDIB_clean,AQUDIB_clean,11.3608,10.54479,11.3608,1.19943,1577.62,1315.3,0.0,0.0,0.659,0.549427,0.0,1,0.003429808,3.950368042,3.970107215122195
ARAFEF_clean,ARAFEF_clean,8.89536,8.62816,8.89536,0.837745,1861.72,2222.3,0.0,0.0,0.6918,0.825789,0.0,1,0.004923943,5.699272613,4.98162378683363
ARAGOR_clean,ARAGOR_clean,6.01834,3.95176,6.01834,1.15627,1427.45,1234.53,0.0,0.0,0.5724,0.49504,0.0,1,0.006728803,4.189839372,3.901316477259933
AROFET_clean,AROFET_clean,8.28593,5.15676,8.15353,0.856166,2227.42,2601.62,0.0,0.0,0.6884,0.804049,0.0,1,0.005172501,5.037767977,5.2823227698332165
ARUYUH01_clean,ARUYUH01_clean,4.94052,4.11721,4.9348,1.67517,1504.56,898.154,0.0,0.0,0.6094,0.363784,0.0,0,0.012958627,4.213140663,4.769338321997029
ASINEX_clean,ASINEX_clean,12.53569,7.27061,12.47881,0.659976,1848.81,2801.34,0.0,0.0,0.7014,1.06277,0.0,1,0.004648337,5.438691021,5.284644317066602
ASINIB_clean,ASINIB_clean,12.40052,7.22634,12.40052,0.666065,1847.56,2773.85,0.0,0.0,0.713,1.07047,0.0,1,0.00455714,5.361268476,5.183009284282087
ASIQIE_clean,ASIQIE_clean,9.00205,6.2555,8.99942,0.893575,1516.45,1697.06,0.0,0.0,0.6152,0.688471,0.0,1,0.004336476,4.60946156,4.185229285937645
ASIVAB_clean,ASIVAB_clean,12.32132,7.27063,11.94622,0.538243,2328.12,4325.4,0.0,0.0,0.795,1.47703,0.0,1,0.004211977,5.630261421,5.733377043427612
ASOHUL_clean,ASOHUL_clean,6.56282,6.27917,6.55848,1.03902,1614.33,1553.7,0.0,0.0,0.6152,0.592095,0.0,0,0.00392579,3.595658254,3.8456327367266976
ASUKEE01_clean,ASUKEE01_clean,4.79531,3.45398,4.78239,1.18884,601.717,506.139,0.156486,0.131629,0.504,0.423944,0.0,1,0.008733968,3.304000017,3.1090613677896055
ATICAH_clean,ATICAH_clean,5.2478,3.97372,5.19698,1.59515,971.718,609.171,0.0,0.0,0.4788,0.30016,0.0,0,0.002505256,1.65442823,1.7315419884763226
ATIXUX_clean,ATIXUX_clean,4.75983,4.08689,4.75983,1.55048,933.775,602.248,10.5817,6.82478,0.5034,0.324673,0.0,0,0.010542589,3.891247273,3.0108703302319304
ATOWIQ_clean,ATOWIQ_clean,9.54888,7.69493,9.54888,0.866747,1781.33,2055.19,0.0,0.0,0.6812,0.785928,0.0,1,0.00482926,5.414414455,4.94749702956547
AVAJUE_clean,AVAJUE_clean,37.52571,19.54108,37.52571,0.164116,999.284,6088.87,0.0,0.0,0.9304,5.66915,0.0,1,0.005243172,7.601342269,7.415861989408737
AVELUJ_clean,AVELUJ_clean,8.10638,4.88927,8.10638,0.902679,1696.47,1879.38,0.0,0.0,0.605,0.670227,0.0,1,0.004164646,4.271615897,4.112360052874659
AVESOL_clean,AVESOL_clean,5.87217,4.28231,5.84929,0.954537,2386.36,2500.02,0.0,0.0,0.6616,0.693111,0.0,1,0.014071986,8.309040968,7.953767928018552
AVETEC_clean,AVETEC_clean,5.69318,3.49916,5.67679,1.19478,1755.51,1469.31,2.63176,2.20271,0.6268,0.524615,0.0,0,0.013449082,6.570827411,5.871039249376642
AVEVEE_clean,AVEVEE_clean,4.17515,3.43562,4.17515,1.60472,795.582,495.775,0.0,0.0,0.4962,0.309212,0.0,0,0.006520015,2.992059761,3.1348288208113404
AVILEY_clean,AVILEY_clean,25.42698,10.76844,22.57889,0.654082,1604.18,2452.57,0.0,0.0,0.8422,1.28761,0.0,1,0.002341483,3.104668912,2.993627005466935
AVIMOI_clean,AVIMOI_clean,5.73292,4.38571,5.54624,1.22616,1137.64,927.807,0.0,0.0,0.5176,0.422132,0.0,1,0.012819346,3.594743746,3.7403230396356713
AVIMUO_clean,AVIMUO_clean,5.70679,3.6399,5.68672,1.24095,795.076,640.701,0.0545715,0.0439757,0.4934,0.397599,0.0,1,0.006577745,2.951596807,2.640169686158844
AVIPOL_clean,AVIPOL_clean,6.57451,5.5873,6.57451,0.939158,1727.44,1839.35,0.0,0.0,0.604,0.64313,0.0,1,0.008163212,5.661418158,5.756744330218467
AVIVAC_clean,AVIVAC_clean,11.84006,7.39815,11.84006,0.73653,1721.91,2337.87,62.4247,84.7552,0.713,0.968053,0.0,1,0.006372173,6.134578546,5.246438254865258
AVIVEG_clean,AVIVEG_clean,11.84801,7.36492,11.84801,0.733043,1723.96,2351.79,66.007,90.0452,0.716,0.97675,0.0,1,0.006598579,6.21679051,5.116333465242984
AWASEY_clean,AWASEY_clean,12.05091,7.26209,12.03698,1.15771,1906.22,1646.54,0.0,0.0,0.7186,0.620707,0.0,1,0.001545079,1.948566384,2.057597600143548
AWEJIW_clean,AWEJIW_clean,10.88001,10.50387,10.88001,1.19375,1315.8,1102.24,0.0,0.0,0.6004,0.502953,0.0,1,0.006191676,3.378593694,3.6975692184059348
AWIBAK_clean,AWIBAK_clean,5.84822,3.40416,5.84822,1.53516,287.757,187.444,30.381,19.7901,0.4208,0.274108,0.0,1,0.002106883,0.571450445,0.8734324558883186
AXINAX01_clean,AXINAX01_clean,19.47488,13.27772,19.47462,0.402001,1509.07,3753.89,0.0,0.0,0.8346,2.07611,0.0,1,0.004523572,5.397203951,5.677229411282062
AXINEA_clean,AXINEA_clean,5.37744,3.53202,5.37744,1.38918,653.213,470.214,0.0,0.0,0.4478,0.322348,0.0,0,0.006231746,1.854292156,2.12780803144755
AXIPEE03_clean,AXIPEE03_clean,6.5428,4.0805,6.53621,1.61298,1706.94,1058.25,0.0,0.0,0.59,0.365782,0.0,1,0.003330776,2.835263876,2.864913984267924
AXUHAD_clean,AXUHAD_clean,9.91084,4.94321,9.90364,0.792408,1603.43,2023.49,0.0,0.0,0.6302,0.795297,0.0,1,0.004230733,4.457993021,4.396508467972907
AYOXUJ_clean,AYOXUJ_clean,6.31092,5.4451,6.31092,1.11362,828.348,743.833,0.0,0.0,0.4926,0.442341,0.0,1,0.001721777,1.686552901,1.5618889011159869
AZAVOO_clean,AZAVOO_clean,5.27678,3.99297,4.86471,1.01321,1059.99,1046.17,0.0,0.0,0.5368,0.529802,0.0,1,0.015069323,4.710297475,4.652322723315434
AZAWAB_clean,AZAWAB_clean,5.65614,4.89759,5.3467,1.11309,1245.12,1118.62,0.0,0.0,0.5586,0.501848,0.0,1,0.009454672,4.14688841,4.059283575447887
AZIVAI_clean,AZIVAI_clean,7.0547,5.80911,7.0547,0.682418,2610.44,3825.28,0.0,0.0,0.715,1.04774,0.0,1,0.006205284,6.987114699,6.894441244720735
BAKGIF_manual,BAKGIF_manual,7.54763,6.30914,7.54763,1.01674,1528.77,1503.6,0.0,0.0,0.6098,0.599757,0.0,0,0.003738511,3.927685996,3.757125916388386
BASJUB_clean,BASJUB_clean,5.47244,4.59142,5.38091,1.03022,1558.36,1512.66,0.0,0.0,0.5602,0.54377,0.0,0,0.008207513,4.536074781,4.866705494069242
BAWRUO_clean,BAWRUO_clean,7.29901,5.68693,7.29887,2.71918,1447.8,532.44,20.7388,7.62687,0.5782,0.212638,0.0,1,0.001844525,1.713996625,1.51226373049741
BAZJIX_clean,BAZJIX_clean,8.75902,7.46421,8.75317,0.770453,2094.53,2718.57,0.0,0.0,0.676,0.877405,0.0,1,0.006309432,5.348355647,6.308914986737228
BEDYEQ_clean,BEDYEQ_clean,33.05863,31.49051,33.05863,0.462445,1416.09,3062.18,0.0,0.0,0.8292,1.79308,0.000432484,1,0.004521319,5.417892336,4.938866898479095
BELTUJ_clean,BELTUJ_clean,5.64744,4.1969,5.5822,1.08566,1393.43,1283.49,0.0,0.0,0.5582,0.51416,0.0,1,0.008283117,4.314040188,4.306306187988656
BEPNOB_clean,BEPNOB_clean,10.36311,10.23127,10.36311,0.890303,1334.01,1498.37,0.0,0.0,0.6478,0.727618,0.0,1,0.001912882,2.532772398,2.40250257923411
BEPNUH_clean,BEPNUH_clean,10.32563,10.2098,10.32563,1.16569,1103.61,946.742,0.0,0.0,0.6056,0.519521,0.0,0,0.001596432,1.938038083,1.9027265290037245
BEPREV02_clean,BEPREV02_clean,7.19383,5.44633,7.19383,0.766283,2502.2,3265.37,0.0,0.0,0.6548,0.854514,0.0,0,0.009762919,8.190306292,8.112931137524676
BEPREV03_clean,BEPREV03_clean,6.75186,5.16957,6.7451,0.798706,2519.19,3154.09,0.0,0.0,0.64,0.801296,0.0,0,0.010753733,8.314648136,8.08811526211085
BETDAH_clean,BETDAH_clean,6.20265,4.35013,6.20265,1.16306,2339.54,2011.54,0.0,0.0,0.6178,0.531186,0.0,1,0.008150364,5.129522887,5.379544248334045
BETDIP_clean,BETDIP_clean,6.11094,3.88458,6.10684,1.1806,2108.93,1786.32,0.0,0.0,0.6132,0.519398,0.0,1,0.008262336,5.260105292,5.259759243594807
BETFAJ_clean,BETFAJ_clean,6.19267,4.31969,6.19,1.11108,2308.45,2077.66,0.0,0.0,0.6196,0.557654,0.0,1,0.008254546,5.332830598,5.361488826487949
BETGIS_clean,BETGIS_clean,14.00278,4.06192,14.00278,1.35807,1041.82,767.136,450.295,331.571,0.6224,0.458298,0.0,1,0.003750851,2.85287587,2.902705927181053
BETGOY_clean,BETGOY_clean,15.16495,5.42937,15.16495,1.28137,1222.88,954.353,401.433,313.284,0.472,0.368356,0.11956,1,0.004150044,3.237491037,1.548534063906741
BEWVOQ_clean,BEWVOQ_clean,10.23635,8.28637,9.99929,0.717556,2413.7,3363.78,0.0,0.0,0.7708,1.0742,0.0,0,0.002209732,3.005859263,3.2889416676936216
BEXSAA_clean,BEXSAA_clean,6.21678,4.72062,6.15067,0.992771,1456.96,1467.57,0.0,0.0,0.5884,0.592684,0.0,1,0.004546941,3.739763662,3.8456373765454672
BEXSII_clean,BEXSII_clean,6.27069,4.79422,6.26455,0.943025,2150.91,2280.86,0.0,0.0,0.668,0.708359,0.0,1,0.00754392,5.964063646,5.691411750958205
BIBXOB_clean,BIBXOB_clean,19.69299,7.98654,19.69299,0.409554,1997.19,4876.5,0.0,0.0,0.826,2.01683,0.000488336,0,0.003932246,5.152869264,5.607935073164892
BIFGOO_clean,BIFGOO_clean,10.87246,9.01928,10.87246,1.75205,1220.8,696.781,0.0,0.0,0.5534,0.315858,0.0,1,0.001307515,1.392378073,1.418159495245234
BIYSUZ_clean,BIYSUZ_clean,8.31867,7.50799,8.23674,1.3283,1507.88,1135.19,0.0,0.0,0.5826,0.438604,0.0,1,0.002811252,2.663585619,2.814067246926934
BIZLUT_clean,BIZLUT_clean,8.11197,6.3971,8.1065,0.849879,2006.01,2360.34,0.0,0.0,0.6572,0.773287,0.0,0,0.006528857,5.541713239,5.660576518494834
BIZMEE_clean,BIZMEE_clean,8.33004,6.47185,8.30636,0.855248,2017.93,2359.47,0.0,0.0,0.661,0.772875,0.0,0,0.006438458,5.555396397,5.62899852651982
BOZFON_clean,BOZFON_clean,6.15469,4.01567,6.15002,1.24414,1139.51,915.903,0.0,0.0,0.502,0.403491,0.0,1,0.007871257,3.255843184,3.411255957504403
BUBTUP_clean,BUBTUP_clean,7.20698,3.66387,7.20698,1.23952,885.576,714.451,0.0,0.0,0.5112,0.412418,0.0,1,0.004317042,2.911867991,2.6156743112183483
BUCVAY_clean,BUCVAY_clean,5.36914,3.4206,5.36914,1.22099,548.684,449.375,0.0,0.0,0.4634,0.379527,0.0,1,0.008640673,1.985006328,2.38019063199636
BUGSEC_clean,BUGSEC_clean,4.72085,4.19082,4.71595,1.60879,1101.18,684.479,0.0,0.0,0.538,0.334413,0.0,1,0.001965175,1.682473203,1.7712136683679574
BUSRUE_clean,BUSRUE_clean,6.9387,5.51917,6.92321,1.06823,1491.74,1396.46,0.0,0.0,0.5618,0.525916,0.0,0,0.008922663,5.023022877,4.9503882240351205
c5cc09432a_c5cc09432a2_clean,c5cc09432a_c5cc09432a2_clean,7.04652,4.99124,7.03394,1.10591,1252.19,1132.28,0.0,0.0,0.53,0.479244,0.0,1,0.005708409,3.985295782,3.612660885699926
c5gc02393a_c5gc02393a2_clean,c5gc02393a_c5gc02393a2_clean,5.4044,4.48945,5.38726,1.33709,1164.94,871.248,14.4818,10.8309,0.513,0.383669,0.0,1,0.006303557,3.477114351,3.4310642977777466
c5nj02634b_c5nj02634b2_clean,c5nj02634b_c5nj02634b2_clean,6.56089,5.15548,6.36711,0.972386,1739.81,1789.21,0.0,0.0,0.6012,0.618273,0.0,1,0.00815284,5.300737096,5.518040855782878
c5sc03494a_c5sc03494a2_clean,c5sc03494a_c5sc03494a2_clean,6.21978,5.55178,6.21978,0.911359,2530.42,2776.54,0.0,0.0,0.701,0.769181,0.0,0,0.008548364,7.528449496,7.362194584926676
c6ce00407e_c6ce00407e7_clean,c6ce00407e_c6ce00407e7_clean,33.68342,15.87888,33.68342,0.207465,1336.6,6442.53,0.0,0.0,0.9124,4.39786,0.0,1,0.005301477,7.01997201,6.896398028490541
CADZIT_clean,CADZIT_clean,4.17501,3.53659,4.16494,1.26214,543.593,430.693,0.0,0.0,0.4638,0.367472,0.0,0,0.004304126,2.82861643,2.42335314264778
CANRUG_clean,CANRUG_clean,6.57321,4.9271,6.57235,0.884567,1797.13,2031.65,0.0,0.0,0.588,0.664732,0.0,1,0.009707755,5.891079312,6.237300538276071
CAVPEW_manual,CAVPEW_manual,20.25907,7.7782,20.25907,0.40269,1930.55,4794.14,0.0,0.0,0.8198,2.03581,0.0,0,0.004022391,5.688767533,5.8271237554091915
CAVVUS_clean,CAVVUS_clean,8.70352,6.17686,8.67533,1.10684,1589.76,1436.3,0.0,0.0,0.6378,0.576233,0.0,1,0.006401951,4.871005036,4.712718779692594
CAWDOU02_clean,CAWDOU02_clean,6.97816,4.93144,6.97816,0.905214,1990.01,2198.39,0.0,0.0,0.6108,0.674758,0.0,1,0.006927718,5.072141448,5.3522534044761825
CAXVOO_clean,CAXVOO_clean,11.60689,10.81841,11.60689,1.12075,1577.05,1407.14,0.0,0.0,0.6396,0.57069,0.0,1,0.003918831,4.41628788,4.243138733228735
CAYSOK_clean,CAYSOK_clean,7.10061,5.08651,7.10061,1.15597,734.4,635.313,0.0,0.0,0.476,0.411777,0.0,0,0.001675075,1.698362765,1.6208636995565824
CAYYEG_clean,CAYYEG_clean,7.23384,5.22809,7.23384,1.1195,757.877,676.976,0.0,0.0,0.4822,0.430726,0.0,0,0.00135557,1.526744084,1.4072505123213097
CEBDOD_clean,CEBDOD_clean,5.66465,5.15984,5.65666,2.39766,855.034,356.611,0.0,0.0,0.4118,0.171751,0.0,1,0.002457958,1.562571954,1.2469586506795922
CECVAI_clean,CECVAI_clean,8.49795,6.03194,7.93874,0.769652,2649.07,3441.9,0.0,0.0,0.7384,0.959394,0.0,1,0.003818333,4.475010534,4.901154703695598
CEGWER_clean,CEGWER_clean,4.43901,3.87534,4.42525,1.46079,690.461,472.661,0.0,0.0,0.4246,0.290664,0.0,1,0.009315049,2.557744813,2.6158058471058143
CEHLAD_clean,CEHLAD_clean,10.21413,5.8901,10.08749,0.853623,2217.93,2598.26,0.0,0.0,0.735,0.861036,0.0,1,0.005004196,5.30118852,5.312177374643467
CEKROB_clean,CEKROB_clean,5.35179,3.54558,5.35179,1.20403,773.46,642.39,0.0,0.0,0.4936,0.409955,0.0,0,0.004875633,2.728583664,2.3345009976149362
CETFUD_clean,CETFUD_clean,4.78644,4.1075,4.78644,1.42835,1079.17,755.535,0.0,0.0,0.4914,0.344034,0.0,1,0.006492544,3.105302628,2.9573049932727553
CETGOY_clean,CETGOY_clean,10.22503,9.4107,10.22503,0.619603,1948.44,3144.66,0.0,0.0,0.6924,1.11749,0.0,1,0.00396114,4.616549244,5.033309707340682
cg301577a_si_002_clean,cg301577a_si_002_clean,13.79617,7.99146,13.47475,0.563648,2128.96,3777.11,0.0,0.0,0.7834,1.38987,0.0,1,0.007524216,5.974200335,6.533781591185993
cg501231v_si_001_clean,cg501231v_si_001_clean,17.06774,7.18297,17.06774,0.779609,1749.67,2244.29,0.0,0.0,0.6902,0.885316,0.0,0,0.005411548,4.893033426,5.35714224254397
cg900153m_si_001_clean,cg900153m_si_001_clean,16.94263,7.25585,10.11151,0.592421,2320.63,3917.2,0.0,0.0,0.7834,1.32237,0.0,1,0.004490822,5.977085024,5.724534439419966
CIDKUX_clean,CIDKUX_clean,9.17673,8.30352,9.17673,1.04661,1668.34,1594.05,0.0,0.0,0.6532,0.624113,0.0,1,0.005650255,3.934319568,4.811784543440964
CIFMIP_clean,CIFMIP_clean,7.90061,6.44934,7.90061,1.08801,1993.5,1832.24,0.0,0.0,0.6246,0.574075,0.0,1,0.004877826,4.757410135,4.5099183007537285
CIGXIA_manual,CIGXIA_manual,28.48677,11.8329,28.48274,0.684425,1325.74,1937.02,47.85,69.9127,0.7628,1.11451,0.0,1,0.018703136,3.844274853,4.896069544715329
CIXCAO_clean,CIXCAO_clean,8.41278,7.79803,8.41278,1.20596,2061.81,1709.68,0.0,0.0,0.6754,0.560051,0.0,0,0.003776782,3.639166003,3.730939043299243
CIZMIJ_clean,CIZMIJ_clean,6.80411,4.91458,6.62402,0.777083,2425.06,3120.72,0.0,0.0,0.6814,0.876869,0.0,1,0.008794738,7.255917889,7.305853656482647
cm500700z_si_002_clean,cm500700z_si_002_clean,6.28804,4.63482,6.27649,0.925761,2471.95,2670.19,0.0,0.0,0.6686,0.722217,0.0,1,0.009651992,7.189717238,7.6387187307804325
cm501138g_si_002_clean,cm501138g_si_002_clean,13.2781,6.68961,13.2781,0.886331,2090.67,2358.79,0.0,0.0,0.7192,0.811435,0.0,1,0.007271685,5.083419595,5.103589102548802
cm503311x_alf250K_clean,cm503311x_alf250K_clean,7.38381,7.16186,7.38381,0.96386,1556.21,1614.56,0.0,0.0,0.6126,0.635569,0.0,0,0.007558352,6.25458651,5.672727063285194
cm503311x_alf275K_clean,cm503311x_alf275K_clean,7.36182,7.1382,7.36181,0.964358,1561.39,1619.1,0.0,0.0,0.612,0.634619,0.0,0,0.007602836,4.292685118,5.458097531629506
cm503311x_alf325K_clean,cm503311x_alf325K_clean,7.35887,7.1334,7.35887,0.964937,1562.46,1619.23,0.0,0.0,0.6116,0.633824,0.0,0,0.007647321,4.190115567,5.507248863133711
cm503311x_alf400K_clean,cm503311x_alf400K_clean,7.38658,7.1188,7.38658,0.965403,1554.96,1610.69,0.0,0.0,0.6116,0.633518,0.0,0,0.007428942,5.975281356,5.574354563048604
cm503311x_alf40K_clean,cm503311x_alf40K_clean,7.05984,6.6215,7.05984,0.967154,1574.94,1628.43,0.0,0.0,0.6042,0.62472,0.0,0,0.007637211,4.291085691,5.00254649064622
cm503311x_aloh150K_clean,cm503311x_aloh150K_clean,7.13232,6.79915,7.13232,0.950095,1594.31,1678.06,0.0,0.0,0.6096,0.64162,0.0,0,0.008187056,6.601834609,5.969374030367471
cm503311x_aloh200K_clean,cm503311x_aloh200K_clean,7.15467,6.82431,7.15467,0.949754,1589.94,1674.05,0.0,0.0,0.609,0.641219,0.0,0,0.007784885,6.557565002,5.84647400441922
cm503311x_aloh350K_clean,cm503311x_aloh350K_clean,7.17066,6.85243,7.17066,0.948507,1596.68,1683.36,0.0,0.0,0.6094,0.642483,0.0,0,0.007973659,4.449626409,5.3461379028708205
cm503311x_aloh400K_clean,cm503311x_aloh400K_clean,7.13585,6.82109,7.13585,0.948063,1604.12,1692.0,0.0,0.0,0.6108,0.644261,0.0,0,0.00810498,4.513998425,5.3929661818115715
cm503311x_F-mil-53-Al-lp-mono_clean,cm503311x_F-mil-53-Al-lp-mono_clean,7.00775,6.5216,7.00775,0.971998,1645.39,1692.79,0.0,0.0,0.6046,0.622018,0.0,0,0.009780619,7.415050794,5.9025967334919
cm503311x_OH-mil-53-Al-lp-ortho_clean,cm503311x_OH-mil-53-Al-lp-ortho_clean,7.10725,6.52666,7.10725,0.948868,1614.15,1701.13,0.0,0.0,0.6014,0.633808,0.0,0,0.009110022,7.011025881,5.723511639914143
COBWEV_clean,COBWEV_clean,5.55668,4.21092,5.49797,1.63609,377.557,230.768,91.8579,56.1447,0.4574,0.279569,0.0,1,0.00114828,1.041736332,0.9252527663044302
COCMAJ_clean,COCMAJ_clean,8.89284,8.27815,8.8249,0.8398,2517.0,2997.14,0.0,0.0,0.7562,0.900452,0.0,1,0.003474781,4.096251379,4.289894187337826
COKMUM_clean,COKMUM_clean,11.78987,10.95857,11.78969,1.07449,1572.51,1463.5,0.0,0.0,0.6544,0.609034,0.0,1,0.003027029,3.884814359,3.6983233622831464
COKNAT_clean,COKNAT_clean,11.6018,10.75702,11.60156,1.22798,1610.43,1311.45,0.0,0.0,0.6686,0.544469,0.0,1,0.004234432,4.568192834,4.235095668870462
COKPUP_clean,COKPUP_clean,11.57951,10.81874,11.57907,1.23248,1594.31,1293.59,0.0,0.0,0.671,0.544433,0.0,1,0.004405417,4.623252428,4.434795730953526
COKQAW_clean,COKQAW_clean,11.31709,10.61593,11.31663,1.308,1523.61,1164.84,0.0,0.0,0.6476,0.495108,0.0,1,0.0028337,3.312954887,3.246034453863586
COKQIE_clean,COKQIE_clean,11.52097,11.05538,11.51936,1.12778,1536.06,1362.02,0.0,0.0,0.646,0.572806,0.0,1,0.004232228,4.714362946,4.272332394006945
COPXOV_clean,COPXOV_clean,5.47401,3.72166,5.47401,1.25742,393.122,312.642,0.0,0.0,0.4288,0.341015,0.0,0,0.007314062,1.476845659,1.8626618138939717
COQTEJ_clean,COQTEJ_clean,7.76168,6.6264,7.46116,0.69781,2656.93,3807.52,0.0,0.0,0.7034,1.00801,0.0,1,0.008088585,8.384990038,7.2850877524654924
COSMII_clean,COSMII_clean,8.75515,7.45633,8.75515,0.883978,2550.25,2884.97,0.0,0.0,0.6928,0.78373,0.0,1,0.009873795,6.586448625,7.54136078946111
COTVUE_clean,COTVUE_clean,5.96406,4.24876,5.86955,1.32545,1637.27,1235.25,0.0,0.0,0.5874,0.443169,0.0,1,0.006178143,3.864309117,3.7670679430721274
COTXOA_clean,COTXOA_clean,5.06649,4.15335,5.05658,1.08454,1114.76,1027.86,0.0,0.0,0.52,0.479465,0.0,0,0.011386939,4.643233418,4.345365791703233
COVPAG_clean,COVPAG_clean,5.03463,4.22302,4.98223,1.34292,669.782,498.75,0.0,0.0,0.3872,0.288327,0.0,1,0.008014898,3.193147105,2.1387595923462963
COWMEH_clean,COWMEH_clean,6.75649,5.53249,6.75411,1.20645,2145.39,1778.27,0.0,0.0,0.6618,0.548553,0.0,1,0.003122379,3.463106761,3.4975961040207766
COWMOR_clean,COWMOR_clean,6.72492,5.5633,6.71793,1.24692,2127.23,1705.98,0.0,0.0,0.644,0.516471,0.0,1,0.003083186,3.404042011,3.240998326279024
COXHIH_clean,COXHIH_clean,8.57279,8.24745,8.57279,0.705939,2310.51,3272.96,0.0,0.0,0.7916,1.12134,0.0,0,0.001888384,2.737427311,2.7683758483234215
COXHON_clean,COXHON_clean,8.79766,8.47314,8.79766,0.659131,2297.83,3486.15,0.0,0.0,0.8002,1.21402,0.0,0,0.002341166,3.395946817,3.3410006048169043
CUBHOY_clean,CUBHOY_clean,7.59167,4.35736,7.59084,1.4363,1409.0,980.994,0.0,0.0,0.55,0.382928,0.0,1,0.003049385,2.658855871,2.6620913460346256
CUCSAU_clean,CUCSAU_clean,5.5757,4.21323,5.5757,0.840322,1200.85,1429.04,0.0,0.0,0.5078,0.604292,0.0,1,0.004257799,3.175100633,3.647762176791874
CUKXIR_clean,CUKXIR_clean,4.25316,3.64523,4.25225,1.37123,1248.02,910.151,0.0,0.0,0.5164,0.376597,0.0,1,0.007865937,3.896369336,4.273499129743175
CUKXOW_clean,CUKXOW_clean,4.70734,4.27142,4.70734,1.65503,1163.02,702.72,14.5035,8.7633,0.5338,0.322532,0.0,1,0.004111156,2.777178508,2.5759831994608686
CUKXUC_clean,CUKXUC_clean,4.71812,4.30637,4.71207,1.61022,1190.26,739.19,16.3088,10.1283,0.5368,0.33337,0.0,1,0.004374124,2.844421737,2.7649646235371463
CUMDUK_clean,CUMDUK_clean,6.0834,3.52201,5.92291,1.54452,1012.49,655.538,0.0,0.0,0.489,0.316603,0.0,1,0.00232881,1.607475616,1.7717012269447707
CUMJEB_clean,CUMJEB_clean,5.10711,4.11246,5.10711,2.00854,711.044,354.01,0.0,0.0,0.4216,0.209904,0.0,0,0.002747882,1.1781752,1.300710865811475
CUMQOQ_clean,CUMQOQ_clean,7.03622,3.75437,6.89995,0.977205,1831.45,1874.17,0.0,0.0,0.6154,0.629756,0.0,1,0.004670129,4.295028056,4.42811889926825
CUNQUZ_clean,CUNQUZ_clean,5.05516,4.50865,5.05476,1.94091,1202.57,619.589,0.0,0.0,0.5384,0.277396,0.0,1,0.004939242,2.258869678,2.297022615272263
CUPHUS_clean,CUPHUS_clean,7.45968,5.41366,5.85768,0.680928,2377.88,3492.12,0.0,0.0,0.7016,1.03036,0.0,1,0.006567316,6.996672661,6.6195020620615495
CUQKOQ_clean,CUQKOQ_clean,5.93389,5.13786,5.93375,1.75724,1823.79,1037.87,0.0,0.0,0.6128,0.348728,0.0,1,0.004455538,3.311298453,2.9957922485478985
CUQROX_clean,CUQROX_clean,5.44132,4.56825,5.41816,1.11997,1366.06,1219.73,0.0,0.0,0.5636,0.503227,0.0,0,0.007803437,4.54052456,4.2835541165966875
CUVHEH_clean,CUVHEH_clean,12.77883,12.02741,12.74392,1.65471,1447.16,874.57,0.0,0.0,0.651,0.393423,0.0,1,0.002559523,1.763729546,2.091837637329684
CUWNOZ_clean,CUWNOZ_clean,5.62994,3.54616,5.59519,1.08751,1437.05,1321.41,0.0,0.0,0.5562,0.511443,0.0,0,0.011783236,4.477244616,5.020984323599901
CUWYAW_clean,CUWYAW_clean,6.66043,3.94178,6.66043,1.12925,2112.73,1870.91,0.0,0.0,0.6192,0.548327,0.0,1,0.007261423,5.077995034,5.2767406752063835
CUXFIL_clean,CUXFIL_clean,5.39541,4.09689,5.37407,1.23338,1385.07,1122.99,0.0,0.0,0.496,0.402148,0.0,1,0.010148828,4.104959901,3.8980889429769228
DACYUE_clean,DACYUE_clean,6.8959,6.15645,6.8959,0.724543,2828.29,3903.55,0.0,0.0,0.6932,0.956741,0.0,1,0.008060171,8.606388674,7.580635382532932
DACZUF_clean,DACZUF_clean,5.17797,3.83142,5.17477,1.30054,1151.53,885.425,0.0,0.0,0.514,0.395219,0.0,1,0.009482145,4.042526719,3.504321818716772
DADLEC_clean,DADLEC_clean,6.0526,4.95704,6.0412,1.09523,933.141,852.004,0.0,0.0,0.4902,0.447577,0.0,1,0.004191605,2.621431347,2.600163645335172
DADPAC_clean,DADPAC_clean,4.72724,3.56217,4.71894,1.83384,1319.23,719.379,0.0,0.0,0.5554,0.302862,0.0,0,0.002723725,2.885291993,2.537357181722253
DAFYOB_clean,DAFYOB_clean,10.04293,8.51588,10.03567,0.702304,2308.4,3286.89,0.0,0.0,0.7318,1.042,0.0,1,0.005738741,6.496646815,6.0814230577536925
DALSUH_clean,DALSUH_clean,5.91398,4.13588,5.88727,1.34754,1386.92,1029.23,0.0,0.0,0.5694,0.422549,0.0,1,0.006991003,3.535416877,3.555134382689501
DALTAO_clean,DALTAO_clean,5.94592,4.16513,5.91791,1.30338,1417.2,1087.33,0.0,0.0,0.5806,0.445458,0.0,1,0.006684484,3.621452031,3.5951964624996493
DAMDUT_clean,DAMDUT_clean,8.31671,7.58192,8.27853,1.19599,2079.9,1739.06,0.0,0.0,0.676,0.565222,0.0,0,0.003701075,3.783729126,3.7231229401323063
DAMYOI_clean,DAMYOI_clean,10.02859,8.74362,10.02158,0.833317,2083.55,2500.31,0.0,0.0,0.7206,0.864737,0.0,1,0.004859085,5.138134903,5.075062316998145
DANFUW_clean,DANFUW_clean,4.81728,3.69845,4.80154,1.21376,550.063,453.189,0.0,0.0,0.4588,0.377999,0.0,1,0.003863645,2.063706005,1.7495904090553118
DAPYAW_clean,DAPYAW_clean,10.03517,4.39114,9.81197,1.07113,1518.35,1417.52,0.0,0.0,0.6004,0.560529,0.0,1,0.004359873,3.621074329,3.7951027626077742
DARSEV_SL,DARSEV_SL,9.02256,7.15114,9.02256,0.917569,1768.62,1927.51,0.0,0.0,0.6346,0.69161,0.0,0,0.005473746,4.183605896,5.128481964523227
DAWBIO_clean,DAWBIO_clean,5.36745,4.59869,5.35848,1.40464,933.9,664.867,0.0,0.0,0.4578,0.325919,0.0,0,0.008131102,2.6070595,2.7655290581202148
DAXHIV01_clean,DAXHIV01_clean,7.67683,6.96811,7.64287,0.883035,2122.43,2403.56,0.0,0.0,0.652,0.738362,0.0,1,0.005914262,6.109800217,5.86939222668178
DEBWAK_clean,DEBWAK_clean,9.51714,7.06696,9.49794,1.05415,1137.31,1078.89,0.0,0.0,0.5474,0.519279,0.0,1,0.002906503,3.113326148,3.0067095976782174
DEFRIR_clean,DEFRIR_clean,4.8082,3.42715,4.52912,1.36761,1390.79,1016.96,0.0,0.0,0.6218,0.454663,0.0,1,0.003233367,2.897076353,2.955459826009364
DEJRUH_clean,DEJRUH_clean,4.98345,3.78027,4.98096,1.03045,1372.42,1331.87,0.0,0.0,0.5442,0.52812,0.0,1,0.006966078,4.222994292,4.491132470520806
DEQFOU_clean,DEQFOU_clean,4.43033,3.99236,4.42996,1.33979,549.564,410.186,188.414,140.63,0.5546,0.413945,0.0,1,0.003663077,3.09343365,2.3604568810724795
DEQVIF_clean,DEQVIF_clean,6.28134,5.12336,6.25197,1.10154,1366.18,1240.24,0.0,0.0,0.5242,0.475878,0.0,0,0.006505885,4.489941342,3.8772553022448335
DEWQUS_clean,DEWQUS_clean,6.85928,3.77665,6.81852,1.76082,1527.11,867.274,0.0,0.0,0.5524,0.313718,0.0,1,0.002494137,2.320949128,2.256482497069373
DEYLUQ_clean,DEYLUQ_clean,7.28064,4.66536,7.28064,1.6199,977.704,603.558,0.0,0.0,0.4976,0.307179,0.0,1,0.003576957,2.310277664,2.12215268015958
DIBJIJ_clean,DIBJIJ_clean,6.10817,4.16928,5.9554,1.53541,899.273,585.691,0.0598489,0.0389792,0.5054,0.329164,0.0,1,0.004223262,2.219623083,2.045074638346705
DIBQUC_clean,DIBQUC_clean,9.44546,8.47192,9.44155,0.754531,2221.93,2944.78,0.0,0.0,0.6746,0.894065,0.0,1,0.007049989,6.636212414,6.306452559566119
DIDBAV_clean,DIDBAV_clean,9.28847,5.74363,7.91915,0.92545,1489.11,1609.07,0.0,0.0,0.5874,0.634718,0.0,0,0.007765677,6.089830941,5.516542272667036
DIHVIB01_clean,DIHVIB01_clean,13.18363,6.64307,13.17065,0.881735,2096.71,2377.93,0.0,0.0,0.7124,0.807952,0.0,1,0.006439251,5.043295519,5.117806880351524
DIHVIB_clean,DIHVIB_clean,13.27896,6.89092,13.26587,0.883073,2036.2,2305.8,0.0,0.0,0.7186,0.813749,0.0,1,0.00687904,4.857309571,5.199620118816019
DITTEH_clean,DITTEH_clean,5.93254,5.15214,5.88831,1.0803,2344.41,2170.15,0.0,0.0,0.6392,0.59169,0.0,1,0.006563018,5.111566318,5.325829081215286
DIYKED_clean,DIYKED_clean,4.3222,3.9714,4.30868,1.64821,471.45,286.037,0.0806433,0.0489277,0.4054,0.245963,0.0,0,0.001196976,0.914130319,1.048546964327369
DOKDEN_clean,DOKDEN_clean,15.14217,13.44364,15.14217,0.712137,1836.8,2579.28,0.0,0.0,0.7026,0.986608,0.0,0,0.00620309,5.297100287,5.812310905909436
DONKIC_clean,DONKIC_clean,6.48379,4.41641,6.4829,1.03451,1661.2,1605.79,0.0954102,0.0922278,0.5846,0.565101,0.0,1,0.005564872,4.452878329,4.439852393671431
DONKOI_clean,DONKOI_clean,7.04655,4.39343,7.04655,1.0337,1721.47,1665.34,0.466736,0.451519,0.6006,0.581018,0.0,1,0.00548826,4.440255411,4.536956636716992
DORFAS_clean,DORFAS_clean,6.89012,5.94748,6.89012,1.02954,1487.46,1444.77,0.0,0.0,0.5948,0.577731,0.0,0,0.00696006,4.848197601,4.775213049916672
DORFOG_clean,DORFOG_clean,3.83387,3.5005,3.83387,1.28492,358.59,279.076,0.0,0.0,0.476,0.370451,0.0,1,0.005402283,3.019333415,2.837933060924316
DORFUM_clean,DORFUM_clean,5.31241,3.65877,4.34235,1.179,656.388,556.733,287.867,244.163,0.4348,0.368788,0.0,1,0.014652408,3.573716862,2.911752802012852
DOYHUW_clean,DOYHUW_clean,6.87938,5.20644,6.87938,0.976254,2294.91,2350.74,0.0,0.0,0.6516,0.667449,0.0,1,0.014329549,7.517608082,7.246427442535314
DUBWON_clean,DUBWON_clean,5.41735,4.7264,5.40719,1.2729,1870.44,1469.44,0.0,0.0,0.6244,0.490534,0.0,1,0.011969396,5.489058192,5.556275637945463
DUKNII_clean,DUKNII_clean,5.28968,3.60886,5.25875,1.23201,362.386,294.143,41.4473,33.6421,0.4702,0.381654,0.0,1,0.005343637,1.74094534,2.183142580078224
DUNXUH05_clean,DUNXUH05_clean,5.01407,3.87283,4.97867,1.22609,1774.32,1447.13,0.0,0.0,0.5944,0.484792,0.0,1,0.014113377,6.280920853,6.0647148889062015
DUNXUH14_clean,DUNXUH14_clean,5.00423,3.8343,4.58368,1.22609,1739.06,1418.37,0.0,0.0,0.5986,0.488218,0.0,1,0.013958846,6.270575491,6.151797187864791
DUNXUH15_clean,DUNXUH15_clean,5.0496,3.92518,5.02742,1.21011,1811.64,1497.09,0.0,0.0,0.6042,0.499293,0.0,1,0.014272409,6.414328048,6.250500256595608
DUNXUH_clean,DUNXUH_clean,5.0284,3.9124,4.82782,1.21944,1796.23,1472.99,0.0,0.0,0.602,0.493667,0.0,1,0.014450946,6.315787213,6.198212077318267
DUPVER_clean,DUPVER_clean,9.93002,6.46763,9.91751,0.795967,2168.14,2723.91,0.0,0.0,0.7348,0.923153,0.0,1,0.004742614,5.849206505,5.415657321612061
DUWBEE_clean,DUWBEE_clean,7.4726,6.03228,7.03921,0.972318,2397.88,2466.15,0.0,0.0,0.7166,0.737002,0.0,1,0.004139916,4.971315939,4.404922516177574
DUYVEA_clean,DUYVEA_clean,4.52649,3.62009,4.52649,1.39154,383.437,275.549,0.0,0.0,0.4574,0.328701,0.0,1,0.001394216,1.104157274,1.0873946008887896
EBATUZ_clean,EBATUZ_clean,12.21806,7.03158,12.21806,0.59675,2360.49,3955.57,0.0,0.0,0.7812,1.30909,0.0,1,0.006872142,6.941615807,6.682470404471432
EBEMEE_clean,EBEMEE_clean,4.82351,3.61774,4.82351,1.61026,574.177,356.574,0.0,0.0,0.414,0.257101,0.0,0,0.002947671,1.353847309,1.4813687464963394
EBEMII_clean,EBEMII_clean,4.74887,3.57779,4.74887,1.57979,558.843,353.745,0.0,0.0,0.4136,0.261807,0.0,0,0.003956128,1.496474603,1.5864009251751814
EBIZUN_clean,EBIZUN_clean,10.22426,8.07829,10.22419,0.790487,2342.19,2962.97,0.0,0.0,0.7238,0.915638,0.0,1,0.005521313,5.880181999,5.88178073920693
EBUREA_clean,EBUREA_clean,5.12157,4.43835,5.12005,1.31199,1365.8,1041.01,0.0,0.0,0.4802,0.36601,0.0,1,0.005926972,3.167940359,3.3444412342216636
ECAHEX_clean,ECAHEX_clean,6.93055,5.1748,6.93055,1.20906,867.96,717.883,0.0,0.0,0.4824,0.398989,0.0,0,0.003614759,2.604109382,2.3917272358311767
ECIWIW_clean,ECIWIW_clean,5.91503,4.28149,5.90688,1.32412,773.007,583.789,0.0,0.0,0.4832,0.364921,0.0,1,0.003060779,1.657191884,1.8470356641764445
ECOLEP_clean,ECOLEP_clean,11.63969,10.91793,11.63255,0.407232,1818.5,4465.52,0.0,0.0,0.8666,2.12803,0.0,1,0.002919845,4.01599534,4.489986235803379
EDAFUM_clean,EDAFUM_clean,4.92982,3.72004,4.92982,1.77302,851.953,480.51,0.0,0.0,0.4508,0.254256,0.0,0,0.003197924,1.676876079,1.7186513953965576
EDEPAG_clean,EDEPAG_clean,5.9343,4.39186,5.9343,1.47756,1345.05,910.315,0.0,0.0,0.5408,0.366009,0.0,1,0.006284474,3.429683488,3.2469354342717884
EGEJIK_manual,EGEJIK_manual,10.26084,8.70015,10.25879,0.680562,2082.85,3060.48,75.8285,111.42,0.7408,1.08851,0.0,0,0.005421887,4.903621075,5.556863787712751
EGELUY_SL,EGELUY_SL,7.32559,6.86607,7.31942,0.950432,1658.89,1745.4,0.0,0.0,0.6086,0.640341,0.0,0,0.010065072,7.891465084,6.306318967382993
EHAGUR_clean,EHAGUR_clean,5.37684,3.4053,5.1859,2.19821,1066.99,485.393,0.0,0.0,0.5324,0.242197,0.0,1,0.002672053,1.963503751,1.7625491369832547
EHODOV_SL,EHODOV_SL,6.30224,4.66761,6.30224,1.13784,1442.21,1267.5,266.504,234.219,0.5974,0.525029,0.0,0,0.009194265,5.049861129,4.534671960546187
EJETAQ_clean,EJETAQ_clean,12.53345,9.36877,12.53345,0.673241,1975.18,2933.84,0.0,0.0,0.7674,1.13986,0.0,1,0.002872069,3.989652615,3.967716484848547
EJOQOL_clean,EJOQOL_clean,7.54682,4.16239,7.5307,1.29085,1431.56,1109.01,0.0,0.0,0.5368,0.415851,0.0,1,0.00450101,2.823763003,3.2517431702620336
EKETUL_clean,EKETUL_clean,4.43428,3.43441,4.41751,1.64611,319.015,193.799,0.0,0.0,0.4126,0.250651,0.0,0,0.008075674,1.524750272,1.5142806600123335
EKUPEG_clean,EKUPEG_clean,12.15079,8.26476,12.15067,0.865202,1608.01,1858.54,0.0,0.0,0.685,0.791723,0.0,1,0.001698294,2.42194131,2.191408523055846
ELIKAM_clean,ELIKAM_clean,5.04335,3.82798,5.04275,1.49693,1142.39,763.156,0.0,0.0,0.4918,0.328538,0.0,1,0.008280568,3.44501791,3.2332623348327725
ELIKUG_clean,ELIKUG_clean,4.95561,3.7268,4.95492,1.57969,1129.17,714.803,0.0,0.0,0.4908,0.310694,0.0,1,0.007901535,3.283758116,3.1587304756571535
ELILAN_clean,ELILAN_clean,4.95628,3.69174,4.9556,1.61177,1116.59,692.775,0.0,0.0,0.4992,0.309722,0.0,1,0.007545891,3.154692249,3.116384258622784
EMAGAB_clean,EMAGAB_clean,7.29475,4.84283,7.29475,1.35618,833.24,614.402,0.0,0.0,0.4816,0.355115,0.0,0,0.003705623,2.175503555,2.07055877303276
EMIGOX_clean,EMIGOX_clean,6.95421,5.10297,6.95421,1.53443,2307.47,1503.8,0.0,0.0,0.6448,0.420222,0.0,1,0.007864128,4.770761721,4.974067444387252
EMUBIZ_clean,EMUBIZ_clean,10.77303,6.68088,10.77303,1.37229,1702.91,1240.92,117.774,85.8232,0.672,0.489692,0.000145742,1,0.004252666,2.472172161,3.0107865144574784
ENANIS_clean,ENANIS_clean,4.58864,4.1598,4.58113,1.33735,718.625,537.349,0.0,0.0,0.4534,0.339028,0.0,1,0.016223139,3.288816658,3.078961145619256
ENESOH_clean,ENESOH_clean,8.38054,5.7847,8.27724,0.639206,2434.82,3809.13,4.9539,7.75009,0.7442,1.16426,0.0,1,0.005097152,5.863096973,6.26377499099336
ENIHUG01_clean,ENIHUG01_clean,13.78566,6.83219,13.78098,0.585033,2323.11,3970.91,0.0,0.0,0.7686,1.31377,0.0,1,0.004608736,6.03254134,5.63243964055107
ENISOK_clean,ENISOK_clean,6.962,4.5443,6.96157,1.14432,1841.89,1609.59,0.0,0.0,0.6018,0.525903,0.0,1,0.004520845,4.064451451,3.997170935721177
ENISUQ_clean,ENISUQ_clean,6.6554,4.37963,6.6554,0.992256,1823.18,1837.41,0.0,0.0,0.5804,0.58493,0.0,1,0.004818409,4.597270181,4.411556949108486
ENITAX_clean,ENITAX_clean,10.08149,7.22011,10.08149,0.573061,2335.96,4076.29,0.0,0.0,0.7798,1.36076,0.0,1,0.004962499,5.501527689,6.012793837518189
ENIXUV_clean,ENIXUV_clean,6.81302,4.75487,6.75625,1.04896,1506.97,1436.63,0.0,0.0,0.539,0.513843,0.0,0,0.00607692,4.116050471,4.217135574498549
EPONEE_clean,EPONEE_clean,9.19024,8.74095,9.18226,0.492814,2582.15,5239.6,0.0,0.0,0.8536,1.73209,0.0,1,0.001454453,2.09886271,2.1667220965700786
EPOTAF_clean,EPOTAF_clean,7.63453,6.61136,7.601,0.575241,2982.7,5185.13,0.0,0.0,0.779,1.35421,0.0,1,0.004985602,6.379007658,6.528028303317968
EQEREY_clean,EQEREY_clean,6.76077,5.17427,6.21591,1.08432,1568.49,1446.52,0.0,0.0,0.5588,0.515345,0.0,0,0.010173472,5.135517321,5.173923950282488
ERELIX_clean,ERELIX_clean,5.64254,3.51162,5.62378,1.23268,1079.22,875.507,0.0,0.0,0.5468,0.443586,0.0,1,0.006857726,3.48069903,3.5458878202378483
ESANET_clean,ESANET_clean,7.69209,6.08736,7.69209,1.80232,1148.27,637.106,0.0,0.0,0.5264,0.292069,0.0,1,0.001690747,1.792780244,1.6744044632515176
ESASEY_clean,ESASEY_clean,5.5251,4.77538,5.51126,1.28472,744.013,579.127,0.0,0.0,0.486,0.378294,0.0,1,0.008204425,2.242736351,2.7020592139264346
ESUSAO01_clean,ESUSAO01_clean,6.3973,4.82556,6.3973,1.43147,1333.03,931.231,0.0,0.0,0.5244,0.366336,0.0,1,0.006800487,3.409553982,3.4213066762065028
ESUSAO_clean,ESUSAO_clean,6.44994,4.84687,6.44994,1.43017,1343.92,939.69,0.0,0.0,0.5242,0.366529,0.0,1,0.006788328,3.434560549,3.382664553569253
ESUSOC02_clean,ESUSOC02_clean,7.24893,6.31165,7.23441,1.36801,1456.76,1064.88,0.0,0.0,0.538,0.393273,0.0,0,0.006037929,4.000577964,3.906941659539017
ETAXUT_clean,ETAXUT_clean,12.89356,7.93773,12.89356,0.721487,1897.63,2630.17,77.994,108.102,0.7242,1.00376,0.0,1,0.007544441,4.903551176,5.363724059389476
ETECIR_clean,ETECIR_clean,4.32284,3.50203,4.32284,1.44521,1297.96,898.111,0.0,0.0,0.6006,0.41558,0.0,0,0.007281368,4.502356804,4.3249739572742
ETEJIX_clean,ETEJIX_clean,6.81796,5.05367,6.81796,1.05868,2313.65,2185.42,0.0,0.0,0.6546,0.61832,0.0,1,0.004830337,4.763850597,4.641356904156019
EVEGIV_clean,EVEGIV_clean,6.17269,4.02251,6.17269,1.31229,854.868,651.434,42.1748,32.1384,0.5236,0.398999,0.0,1,0.005492212,2.033678862,2.6559713098431526
EVEGOB_clean,EVEGOB_clean,6.69286,4.9654,6.69286,1.28252,924.55,720.888,100.648,78.477,0.5186,0.404362,0.0,1,0.005263905,2.813625726,2.974552275215751
EVUQOC_clean,EVUQOC_clean,5.3745,3.92262,5.34265,1.5074,1102.05,731.093,0.0,0.0,0.4832,0.320551,0.0,1,0.00972653,3.13081908,3.2235130630553654
EWECOY_clean,EWECOY_clean,6.36107,5.38638,6.36107,1.35369,1897.91,1402.03,0.0,0.0,0.613,0.452836,0.0,1,0.00413026,3.720631925,3.387474336354668
EWESAC_clean,EWESAC_clean,4.96455,3.52189,4.96455,1.2876,515.857,400.635,170.93,132.751,0.4632,0.35974,0.0,0,0.013149441,2.704988087,2.955050125397274
EXALAR_clean,EXALAR_clean,8.27068,4.14256,8.27068,0.819136,1552.0,1894.68,19.4699,23.7688,0.6382,0.779114,0.0,1,0.003570667,4.245991023,3.978347153782152
EXEXAH_clean,EXEXAH_clean,9.58473,9.08126,9.58473,0.865744,1381.13,1595.31,0.0,0.0,0.6118,0.706675,0.0,0,0.0028494,3.469564047,3.5260113226693663
EYULOA_clean,EYULOA_clean,4.93073,3.99192,4.90572,1.26506,819.807,648.04,0.0,0.0,0.5008,0.395872,0.0,0,0.012939663,3.03783934,3.2056525327423593
EYUWAW_clean_h,EYUWAW_clean_h,6.01873,4.52997,6.01625,1.02499,1441.95,1406.78,0.0,0.0,0.5778,0.563711,0.0,1,0.006729428,4.449161441,4.2997738071425715
EZEQEH_clean,EZEQEH_clean,4.87284,4.37059,4.87284,1.23337,902.039,731.365,0.0,0.0,0.4534,0.367612,0.0,0,0.0109988,3.014496243,3.0862173084818423
EZEQIL_clean,EZEQIL_clean,5.30026,4.78345,5.30026,1.17129,1076.67,919.215,0.0,0.0,0.476,0.406389,0.0,0,0.010537905,3.5476119,3.539002605197679
EZIVAM_clean,EZIVAM_clean,4.86841,4.201,4.86841,1.36805,410.17,299.821,0.0,0.0,0.4216,0.308176,0.0,1,0.005715434,1.512472245,1.7024225901672785
EZOBUR02_clean,EZOBUR02_clean,5.4535,4.4976,5.43411,1.36504,878.599,643.645,0.0,0.0,0.4944,0.362188,0.0,1,0.004934635,2.201700903,2.294254633036476
EZOFEF_clean,EZOFEF_clean,11.22482,4.58247,11.22482,1.02492,1340.94,1308.34,253.285,247.127,0.6156,0.600633,0.0,0,0.015705431,6.428993373,5.048354665747781
FABGUM_clean,FABGUM_clean,4.49645,4.20268,4.49184,1.20151,964.988,803.144,198.183,164.944,0.618,0.514351,0.0,0,0.003420384,3.160298751,2.96399416759035
FAGMAE_clean,FAGMAE_clean,5.46748,4.37557,5.46748,1.06062,1170.19,1103.31,0.885384,0.834777,0.5442,0.513094,0.0,1,0.004349591,3.024092556,3.2690075008374255
FAGQAI_clean,FAGQAI_clean,13.61199,8.61498,13.60121,0.481098,2019.32,4197.32,0.0,0.0,0.7864,1.63459,0.0,1,0.003841519,5.088574494,5.2140521838782385
FAJYAS_clean,FAJYAS_clean,8.56248,6.70705,8.55013,0.843378,1917.39,2273.46,0.0,0.0,0.6388,0.75743,0.0,1,0.004246237,4.464530522,4.672992182604011
FALDAA_clean,FALDAA_clean,6.52279,5.33991,6.32184,1.08899,1435.02,1317.76,0.0,0.0,0.579,0.531688,0.0,1,0.005934942,4.087026539,4.05103165208774
FAMQES_clean,FAMQES_clean,13.92314,6.55268,13.92314,0.674226,2354.83,3492.63,0.0,0.0,0.7532,1.11713,0.0,1,0.006754068,6.541307465,6.539519517685694
FAQGEL_clean,FAQGEL_clean,5.35554,3.64691,5.34801,1.44151,1313.99,911.54,0.0,0.0,0.536,0.371832,0.0,1,0.008622833,3.405730381,3.6769427066934894
FARHOX_ion_b,FARHOX_ion_b,6.26684,3.62781,6.26416,1.63231,1189.76,728.882,0.0,0.0,0.5338,0.327022,0.0,1,0.007362879,2.923266838,3.414701094575311
FASHAK_clean,FASHAK_clean,5.67537,4.91896,5.66915,1.31877,1672.64,1268.34,0.0,0.0,0.5816,0.441018,0.0,1,0.003277507,2.827081085,2.895492251067187
FASHOX_clean,FASHOX_clean,5.79545,4.39914,5.79038,3.73156,1762.91,472.433,0.0,0.0,0.572,0.153287,0.0,1,0.00180729,1.442660792,1.3367654375603029
FASVIH_clean,FASVIH_clean,7.36263,6.76595,7.35007,1.28937,1714.12,1329.42,0.0,0.0,0.6144,0.476511,0.0,1,0.003806857,3.822496878,3.239904447989914
FATKAO_clean,FATKAO_clean,4.65609,3.80909,4.65088,1.95034,1014.02,519.916,0.0,0.0,0.465,0.238419,0.0,1,0.002379246,1.731408833,1.724004078781876
FATKIW_clean,FATKIW_clean,4.92999,3.7145,4.92517,1.89194,1016.62,537.341,0.0,0.0,0.477,0.252122,0.0,1,0.002462759,1.717609775,1.6938226813767552
FATLUJ_clean,FATLUJ_clean,5.42171,4.28978,5.42171,1.20951,1168.02,965.69,4.12251,3.4084,0.5226,0.432074,0.0,1,0.003612984,2.386342674,2.7696474551026413
FATQID_clean,FATQID_clean,11.53016,8.55287,11.53016,0.606791,2204.88,3633.67,0.0,0.0,0.8008,1.31973,0.0,1,0.003412234,4.698184332,4.428908168095789
FAVHES_clean,FAVHES_clean,4.81694,4.18094,4.81252,1.69685,756.814,446.011,0.0,0.0,0.4616,0.272033,0.0,1,0.002953774,1.577032529,1.7154665196525676
FAWCEN02_SL,FAWCEN02_SL,11.41573,3.43573,11.41573,0.924186,1463.4,1583.45,0.0,0.0,0.6478,0.700941,0.0,0,0.002800956,3.343520185,3.446501131371688
FAYPAY_clean,FAYPAY_clean,12.90794,5.24047,12.8925,0.673936,2011.51,2984.72,0.0,0.0,0.742,1.10099,0.0,1,0.004650684,5.058677592,5.1832757802010025
FAYQUT_clean,FAYQUT_clean,11.36736,8.26719,11.16554,0.777904,1704.81,2191.54,0.0,0.0,0.681,0.875429,0.0,1,0.005663737,4.742122969,5.224645195714993
FAZFET_clean,FAZFET_clean,6.57316,4.4573,6.55727,1.65256,1476.29,893.337,1.47172,0.89057,0.5356,0.324103,0.0,1,0.002899821,1.514504224,2.399844742456335
FECZAQ_manual,FECZAQ_manual,8.47974,5.36674,8.47974,0.984083,2012.57,2045.13,0.0,0.0,0.6646,0.67535,0.0,0,0.004720319,4.667509396,4.63186512432937
FEHCIG_manual,FEHCIG_manual,7.75569,7.04294,7.74271,0.956692,1636.76,1710.86,0.0,0.0,0.6308,0.659355,0.0,0,0.005416399,5.358123136,5.327556464845095
FEWGUL_clean,FEWGUL_clean,4.38967,3.93713,4.357,1.63655,694.151,424.154,0.0,0.0,0.3828,0.233906,0.0,0,0.008030805,2.111803156,2.383432789542623
FEWQOP_clean,FEWQOP_clean,5.35536,5.19712,5.35116,2.28568,1163.85,509.19,0.0,0.0,0.467,0.204315,0.0,1,0.003777751,2.012316705,1.722671980796934
FEYQIK_clean,FEYQIK_clean,5.731,4.17822,5.71686,1.30044,1433.54,1102.35,0.0,0.0,0.5822,0.447694,0.0,1,0.00436974,2.951875429,3.1048782826601915
FIBHIJ_clean,FIBHIJ_clean,5.3367,3.42361,5.26159,1.29192,845.674,654.588,0.0,0.0,0.5226,0.404515,0.0,1,0.003639205,2.02845356,2.1516177205655054
FIFGEI_clean,FIFGEI_clean,16.15291,14.69313,16.15291,0.412792,1738.34,4211.18,0.0,0.0,0.8636,2.09209,0.0,1,0.004483331,5.722747991,5.741260831879852
FIHRIZ_clean,FIHRIZ_clean,6.70189,5.92513,6.34809,1.0601,1583.25,1493.5,0.0,0.0,0.594,0.560326,0.0,0,0.007819149,4.956268539,5.100192811994031
FIJDIM01_clean,FIJDIM01_clean,5.82926,5.08135,5.82926,1.24507,1266.69,1017.36,0.0,0.0,0.5318,0.427125,0.0,1,0.007738124,3.807660046,3.683390131284377
FIJDIM03_clean,FIJDIM03_clean,5.87678,5.11703,5.87678,1.23925,1279.62,1032.57,0.0,0.0,0.5332,0.430259,0.0,1,0.007862114,3.838181395,3.8350983740357574
FIJDIM09_clean,FIJDIM09_clean,6.04424,5.23566,6.03957,1.22037,1336.43,1095.1,0.0,0.0,0.5392,0.441833,0.0,1,0.007569046,4.002295283,3.7955778760821284
FIJDIM12_clean,FIJDIM12_clean,5.8948,5.11958,5.8948,1.23559,1318.02,1066.71,0.0,0.0,0.5368,0.434449,0.0,1,0.007819845,3.845171749,3.8979114000492974
FIJDIM_clean,FIJDIM_clean,5.85157,5.09863,5.85157,1.24567,1280.47,1027.93,0.0,0.0,0.5282,0.424028,0.0,1,0.008045282,3.782984953,3.744306049340347
FIJDOS_clean,FIJDOS_clean,11.71715,10.90932,11.71715,1.21946,1612.88,1322.61,0.0,0.0,0.6614,0.54237,0.0,1,0.00420451,4.433118026,4.208833972157231
FIMXUW_clean,FIMXUW_clean,4.96245,3.57593,4.95367,2.04735,760.785,371.594,0.0,0.0,0.4152,0.202798,0.0,1,0.002210267,1.325242401,1.3391982609471373
FIMZAE_clean,FIMZAE_clean,8.7496,5.24839,8.73677,1.17241,1659.79,1415.71,0.0,0.0,0.6,0.511765,0.0,1,0.004152813,3.38967004,3.583432250174308
FIPKUM_clean,FIPKUM_clean,6.35636,4.74684,6.35358,1.04617,1413.94,1351.54,0.0,0.0,0.5724,0.547139,0.0,0,0.008176291,5.118138208,4.569614116246424
FIPWOS_clean,FIPWOS_clean,5.20561,3.82141,5.20561,1.29023,881.425,683.154,0.0,0.0,0.5118,0.396674,0.0,0,0.01519562,3.191366447,3.5253511174641545
FIRNAX01_clean,FIRNAX01_clean,7.03668,6.10812,7.03668,0.718413,2358.57,3283.03,0.0,0.0,0.7048,0.981051,0.0,1,0.005581155,6.48952711,6.174392775426319
FIVYEP01_clean,FIVYEP01_clean,5.69673,4.73568,5.69673,2.0333,1245.18,612.394,0.0,0.0,0.4572,0.224856,0.0,1,0.002278447,1.645196252,1.7328038379743251
FIVYUF_clean,FIVYUF_clean,4.68091,3.50866,4.67789,1.41648,465.948,328.948,0.0,0.0,0.4326,0.305405,0.0,0,0.006192345,2.057778843,1.922643179661805
FOFTUR_clean,FOFTUR_clean,6.77119,4.51348,6.77119,1.0583,1552.58,1467.05,0.0,0.0,0.588,0.555606,0.0,1,0.009182138,4.741442686,4.9787661418336535
FOJKIA_clean,FOJKIA_clean,5.14315,4.1527,5.13924,1.07093,1386.95,1295.08,0.0,0.0,0.5272,0.492281,0.0,0,0.014268909,5.586638469,5.305647484263791
FOJLOH_clean,FOJLOH_clean,7.23927,6.67302,7.23927,0.822249,1870.22,2274.52,0.0,0.0,0.6338,0.770813,0.0,1,0.006854021,5.357049923,5.467011941677716
FONKEA_clean,FONKEA_clean,4.68396,3.93383,4.68242,1.69201,643.159,380.115,0.0,0.0,0.4636,0.273994,0.0,1,0.004979745,1.712293554,1.9964645444040734
FOQPAE_clean,FOQPAE_clean,6.29792,5.29972,6.23782,1.24637,1399.4,1122.77,0.0,0.0,0.5656,0.453796,0.0,1,0.006324526,2.985326098,3.625297005340274
FORKUU_clean,FORKUU_clean,13.26482,11.33443,13.26482,0.597503,2329.13,3898.11,0.0,0.0,0.7474,1.25087,0.0,0,0.009891586,7.699490479,7.767173423011153
FOVPUD_clean,FOVPUD_clean,5.92888,3.43151,5.75387,1.33896,878.863,656.376,0.0,0.0,0.4994,0.372975,0.0,1,0.004113604,2.500235835,2.213047197585942
FUBDAI_clean,FUBDAI_clean,8.13737,7.41793,8.13713,1.22976,2049.34,1666.45,0.0,0.0,0.6726,0.546935,0.0,0,0.003793898,3.703728762,3.7831332015764594
FUBDIQ_clean,FUBDIQ_clean,8.11684,7.23133,8.11684,1.24691,2021.29,1621.04,0.0,0.0,0.6644,0.532838,0.0,0,0.00386763,3.650777409,3.785179431212672
FUDGES_clean,FUDGES_clean,7.76038,5.54861,7.76038,0.846504,2469.98,2917.86,0.0,0.0,0.7118,0.84087,0.0,1,0.005679238,6.147939262,6.111986315718987
FUDHET_clean,FUDHET_clean,7.05179,4.74765,7.05179,0.905742,2494.35,2753.93,0.0,0.0,0.6642,0.733321,0.0,1,0.006877194,6.576271696,6.490165859303476
FUHMOM_clean,FUHMOM_clean,5.53443,4.01054,5.50524,1.19557,1378.79,1153.25,0.0,0.0,0.5554,0.464549,0.0,1,0.013854739,5.01071856,4.8179797197241125
FUHNED_clean,FUHNED_clean,6.48528,4.12203,6.4155,1.3617,1522.72,1118.25,0.0,0.0,0.5858,0.430197,0.0,1,0.00949629,4.606551699,4.187715082716314
FULQOT_clean,FULQOT_clean,5.67142,3.50634,5.66877,1.72182,1110.34,644.862,0.0,0.0,0.4972,0.288764,0.0,1,0.007966475,2.746472911,2.903957833174152
FUQJUX_clean,FUQJUX_clean,12.69722,8.47633,12.65144,0.718278,2115.98,2945.9,0.0,0.0,0.7464,1.03915,0.0,1,0.002826918,4.030594477,3.8958916623404516
FURQOZ01_ion_b,FURQOZ01_ion_b,9.28425,8.43309,9.28425,1.37609,1096.56,796.865,0.0,0.0,0.5274,0.383259,0.0,1,0.001350906,1.469300087,1.6185018216503904
FURROA_clean,FURROA_clean,11.58923,10.47029,11.58875,1.00075,1596.28,1595.09,0.0,0.0,0.6602,0.659706,0.0,1,0.002097153,2.404143782,2.7050146938914277
FUSMOW_clean,FUSMOW_clean,10.54817,9.56428,10.54817,1.03431,1651.72,1596.94,0.0,0.0,0.643,0.621671,0.0,1,0.002051977,2.319228006,2.596328662605209
FUTDII_clean,FUTDII_clean,10.10622,8.60837,10.10622,0.871632,1521.24,1745.28,0.0,0.0,0.6404,0.734713,0.0,1,0.004453084,4.300276509,4.56712263437589
FUVGAG01_clean,FUVGAG01_clean,6.51649,5.95918,6.51649,1.88251,388.784,206.525,0.0,0.0,0.2612,0.138751,0.0,1,0.001010722,0.599177211,0.5957807969600093
GACQAE_clean,GACQAE_clean,8.56972,8.26373,8.56972,0.874357,2020.35,2310.67,0.0,0.0,0.694,0.793726,0.0,1,0.005892892,5.384437431,5.447848062948598
GAGZEV_clean,GAGZEV_clean,28.66522,11.53771,28.66522,0.279149,1594.77,5712.98,0.0,0.0,0.8816,3.15817,0.0,1,0.004966892,6.408277369,6.7300361410616025
GAQYIH_clean,GAQYIH_clean,20.25844,8.96976,15.7736,0.559917,2127.26,3799.24,0.0,0.0,0.8486,1.51558,0.0,1,0.00164445,2.5693596,2.8493497727623915
GARMAQ_clean,GARMAQ_clean,5.4678,4.29561,5.44556,1.2061,1479.57,1226.74,0.0,0.0,0.5666,0.469779,0.0,1,0.011465353,4.72093579,4.797342780211625
GARQAU_clean,GARQAU_clean,7.22233,4.73121,7.22233,1.05141,1110.85,1056.54,0.0,0.0,0.5324,0.50637,0.0,0,0.009769674,4.173931049,4.256332478839282
GARTAX_clean,GARTAX_clean,4.45838,3.94557,4.41836,1.61624,1125.98,696.667,0.0,0.0,0.4868,0.301193,0.0,1,0.009017321,3.350406737,3.48779633163968
GARTEB_clean,GARTEB_clean,4.30272,3.79858,4.29463,1.63832,1104.37,674.089,0.0,0.0,0.4846,0.295792,0.0,1,0.006912451,2.978713097,3.38446044254752
GASSUR_clean,GASSUR_clean,7.13166,6.36797,7.11779,1.0643,1692.45,1590.2,0.0,0.0,0.616,0.578785,0.0,1,0.008040187,5.868945465,5.18241264633352
GAWCUF_clean,GAWCUF_clean,5.14591,3.62459,5.10569,1.20211,1101.2,916.058,0.0,0.0,0.5036,0.418931,0.0,0,0.008629718,4.071165484,3.580569616304878
GAXKOH_clean,GAXKOH_clean,9.78617,8.86105,9.78617,0.959935,1692.37,1763.0,0.0,0.0,0.6186,0.644419,0.0,1,0.003754742,3.658817823,3.9155952090978516
GAXQIH_clean,GAXQIH_clean,5.17093,4.52481,5.06299,1.36553,783.142,573.505,0.0,0.0,0.4372,0.320168,0.0,0,0.004380401,2.159906576,1.8995758289048317
GEDDAW_clean,GEDDAW_clean,10.55388,8.11262,10.55388,0.996818,2113.88,2120.63,0.0,0.0,0.7028,0.705043,0.0,1,0.002326324,3.137814013,2.8856507040181594
GEDRUE_clean,GEDRUE_clean,6.04452,4.23776,6.03554,1.11864,2304.55,2060.12,0.0,0.0,0.6118,0.546912,0.0,1,0.00933083,5.503945691,5.796550482611012
GEDSEP_clean,GEDSEP_clean,4.82283,3.73359,4.81042,1.38544,1023.08,738.448,0.0,0.0,0.5156,0.372155,0.0,1,0.015828049,4.213904689,3.972983129198497
GEDSUF_clean,GEDSUF_clean,6.8646,4.02613,6.8646,1.20789,1460.83,1209.4,0.0,0.0,0.5606,0.464115,0.0,1,0.010799801,4.212022229,4.863230517236736
GERNOI_clean,GERNOI_clean,6.93892,3.80818,6.45255,1.05982,1273.96,1202.05,0.0,0.0,0.5412,0.510651,0.0,0,0.006099554,4.269370934,3.8921418606177016
GERWEH_clean,GERWEH_clean,9.16485,6.64251,9.16485,1.11428,1571.66,1410.47,39.9079,35.815,0.625,0.560902,0.0,1,0.012045991,5.170902754,5.4690524172711825
GESFAN_clean,GESFAN_clean,7.57798,7.34904,7.57798,1.05603,938.983,889.166,0.0,0.0,0.5286,0.500556,0.0,1,0.00135998,1.754391533,1.7693993979218066
GESNOI_clean,GESNOI_clean,6.41874,3.48818,6.41739,1.68473,668.393,396.736,0.0,0.0,0.4826,0.286455,0.0,1,0.004680876,2.300466239,1.7604650894479994
GEWXAJ_clean,GEWXAJ_clean,4.82967,4.48576,4.82967,1.6967,607.999,358.342,0.0,0.0,0.4016,0.236695,0.0,1,0.006428656,1.552676495,1.7762262694781068
GIMSIG_clean,GIMSIG_clean,8.71143,5.70228,8.71143,1.44846,1502.61,1037.38,0.0,0.0,0.5786,0.399459,0.0,1,0.005107358,3.624033222,3.5320310401330146
GIQXEK_clean,GIQXEK_clean,5.02308,3.9389,5.02308,1.70666,1611.03,943.967,0.0,0.0,0.591,0.34629,0.0,1,0.003677703,2.877015067,2.682196272208786
GIQYAH_clean,GIQYAH_clean,4.79715,3.78414,4.66858,1.84797,1560.79,844.598,0.0,0.0,0.5808,0.31429,0.0,1,0.004148365,3.119413945,3.0303989577710757
GIQYIP_clean,GIQYIP_clean,4.93593,3.90727,4.93593,1.7362,1686.39,971.31,0.0,0.0,0.5894,0.339477,0.0,1,0.004022148,3.10166633,2.920459378063935
GIQYUB_clean,GIQYUB_clean,4.85877,3.85756,4.85723,1.80735,1636.84,905.654,0.0,0.0,0.586,0.324231,0.0,1,0.004059293,3.074458625,2.9498370195468246
GIRYEN_clean,GIRYEN_clean,4.46145,3.72288,4.46145,1.49644,287.06,191.829,0.0,0.0,0.4038,0.269841,0.0,1,0.00743012,1.314239731,1.4273476635423434
GIRZAK_clean,GIRZAK_clean,4.21373,3.61145,4.21373,1.53199,237.412,154.969,0.0,0.0,0.4018,0.262273,0.0,1,0.006656191,1.27867032,1.6004665480253077
GITTUZ_clean,GITTUZ_clean,10.85901,8.03964,10.85901,1.03314,1392.4,1347.74,0.0,0.0,0.6084,0.588883,0.0,0,0.004653139,3.343037406,3.600228690426954
GIYSUD_clean,GIYSUD_clean,5.72746,4.12193,5.64984,1.21514,2074.82,1707.48,0.0,0.0,0.605,0.497886,0.0,1,0.006093721,3.894508042,4.497627380289503
GOGSIF_clean,GOGSIF_clean,8.22407,5.82511,8.22407,0.843093,1913.32,2269.41,1.31012,1.55395,0.6484,0.769073,0.0,1,0.004050713,3.752503958,4.419695177856505
GOGWAB_clean,GOGWAB_clean,4.95936,4.07145,4.95936,1.0628,2097.01,1973.11,0.0,0.0,0.6348,0.597292,0.0,1,0.015901745,7.540173546,7.655439373925087
GOKBUE_clean,GOKBUE_clean,6.09249,4.54759,6.09249,1.63047,1317.37,807.969,0.0,0.0,0.5592,0.342968,0.0,1,0.001965904,1.662232732,1.7421256300618246
GOSDID_clean,GOSDID_clean,7.82021,4.59261,7.82021,1.06883,1472.28,1377.47,0.0,0.0,0.5676,0.531048,0.0,1,0.007395576,4.253005568,4.66372906885536
GOSKEG_clean,GOSKEG_clean,7.10002,5.21425,6.59335,0.943193,1754.71,1860.4,1.38955,1.47324,0.6182,0.655433,0.0,1,0.010423038,5.773453869,5.803320181759895
GUDJOG_clean,GUDJOG_clean,7.68451,4.9879,7.6811,1.00363,1922.96,1916.01,0.0,0.0,0.6122,0.609987,0.0,1,0.006333061,5.053273067,5.067415226385924
GUGNON_clean,GUGNON_clean,5.28957,4.33779,5.28957,0.956875,1608.61,1681.11,0.0,0.0,0.5938,0.620562,0.0,1,0.008052513,4.992254043,5.085571401343606
GULCAS_clean,GULCAS_clean,4.32787,3.5712,4.32787,1.83607,854.103,465.181,0.0,0.0,0.4892,0.266439,0.0,1,0.013814387,3.355350743,3.3644847319423254
GUNFAW01_neutral,GUNFAW01_neutral,9.61074,7.33598,9.61074,0.662989,2371.82,3577.46,0.0,0.0,0.7958,1.20032,0.0,0,0.001899471,2.791856376,2.857838319335495
GUVKUE_clean,GUVKUE_clean,8.21847,7.49363,8.20971,1.22679,2052.71,1673.24,0.0,0.0,0.664,0.54125,0.0,0,0.003785998,3.690200244,3.742538956946715
GUVLAL_clean,GUVLAL_clean,8.46005,7.97124,8.46005,1.21092,2060.95,1701.98,0.0,0.0,0.6704,0.55363,0.0,1,0.003960453,3.686412929,3.903691728301675
GUWDUY_clean,GUWDUY_clean,6.18049,4.11372,6.17321,0.97822,1677.34,1714.69,0.0,0.0,0.6008,0.614177,0.0,0,0.006679455,4.557830016,4.845421108551325
GUXSIC_clean,GUXSIC_clean,6.13867,3.70141,6.13867,1.60239,1120.27,699.126,0.0,0.0,0.517,0.322643,0.0,0,0.014445092,4.4800312,3.8424925208768608
HADLOQ01_clean,HADLOQ01_clean,10.03253,9.59417,10.02623,0.699735,1785.38,2551.51,0.0,0.0,0.7038,1.00581,0.0,0,0.004832344,5.717554982,5.555723141902832
HAFGUQ_clean,HAFGUQ_clean,5.00398,3.75819,5.00288,1.4388,1552.49,1079.02,0.0,0.0,0.603,0.4191,0.0,0,0.013273562,5.100196182,5.412019735252059
HAFTOZ_clean,HAFTOZ_clean,15.37241,7.5238,15.37241,0.554007,2040.18,3682.59,0.0,0.0,0.7832,1.4137,0.0,0,0.003474591,4.654863024,4.675037049053037
HAFVOB_clean,HAFVOB_clean,5.59823,4.10574,5.59823,0.989877,1624.62,1641.23,0.0,0.0,0.559,0.564717,0.0,1,0.009969813,5.371367424,5.437382438738068
HAFVUH_SL,HAFVUH_SL,7.26111,7.14037,7.26111,0.948615,1661.34,1751.34,0.0,0.0,0.5896,0.621538,0.0,0,0.0093352,7.102330101,6.748102265437559
HAHCUR_clean,HAHCUR_clean,7.19827,5.98763,7.19827,1.10603,1324.83,1197.82,0.0,0.0,0.546,0.493657,0.0,0,0.006969219,4.565121903,4.200190554348881
HAHPOW_clean,HAHPOW_clean,9.6196,8.46967,9.6196,1.47235,624.294,424.013,93.3885,63.4283,0.498,0.338235,0.0,1,0.001469672,1.360296514,1.5564086583671914
HAJLIO_clean,HAJLIO_clean,5.88281,3.51824,5.88281,1.36262,373.489,274.096,0.0,0.0,0.3676,0.269774,0.0,0,0.004586892,1.108425777,1.1808886403442287
HAJMEL_clean,HAJMEL_clean,5.95786,3.62462,5.74689,1.33025,394.105,296.264,0.0,0.0,0.3816,0.286863,0.0,0,0.003841734,1.116334992,1.2339079988110981
HAKSEU_clean,HAKSEU_clean,8.08706,3.61748,7.36025,1.26635,1637.77,1293.3,0.0,0.0,0.6148,0.485489,0.0,1,0.00966012,5.671648555,5.076071589575552
HAKSIY_clean,HAKSIY_clean,8.0725,3.53077,8.06497,1.03469,1587.07,1533.85,0.0,0.0,0.6072,0.58684,0.0,1,0.008873269,6.442849938,5.5023646995837625
HAKVUN_clean,HAKVUN_clean,8.02196,4.1722,8.01469,1.33184,2031.27,1525.15,0.0,0.0,0.6558,0.4924,0.0,1,0.009368494,6.434756311,5.505053971289115
HALVAU_clean,HALVAU_clean,7.2529,4.09487,7.24788,1.02599,1723.2,1679.54,0.0,0.0,0.6096,0.594156,0.0,1,0.005675737,4.668989799,4.666292191190294
HAMJOW_clean,HAMJOW_clean,5.97637,5.66826,5.96867,0.916107,2203.56,2405.35,0.0,0.0,0.6442,0.703193,0.0,1,0.010413036,7.303141566,6.486564173903156
HAMREU_clean,HAMREU_clean,7.3712,5.08597,7.3712,1.79786,881.924,490.542,0.0,0.0,0.4552,0.25319,0.0,0,0.003071836,1.885118844,1.8436117317985146
HAMRIY_clean,HAMRIY_clean,7.12952,5.0191,7.12952,1.96935,853.811,433.551,0.0,0.0,0.434,0.220378,0.0,0,0.003069959,1.71687572,1.728678936167885
HANWAW_clean,HANWAW_clean,11.32674,4.96034,11.30095,0.840493,2065.42,2457.39,0.0,0.0,0.7018,0.834987,0.0,1,0.007704015,6.010079173,5.488852739305198
HAPBIM_clean,HAPBIM_clean,7.3635,4.07388,7.35928,1.22764,1566.0,1275.62,0.0,0.0,0.6092,0.496238,0.0,1,0.002363899,2.505869777,2.5482697497032127
HAPVEB_clean,HAPVEB_clean,4.76596,4.34263,4.75951,2.7741,1216.03,438.349,0.0,0.0,0.4794,0.172813,0.0,1,0.002769587,1.493640758,1.6624862550251311
HAQRID_clean,HAQRID_clean,8.35999,7.36684,8.31122,1.01133,1835.07,1814.52,0.0,0.0,0.6542,0.646874,0.0,1,0.00623554,5.918153028,5.3488037640960995
HAVZIP_clean,HAVZIP_clean,12.95456,9.6087,12.76631,0.416845,1954.8,4689.52,0.0,0.0,0.815,1.95516,0.0,1,0.00354925,5.451429465,5.125426732342142
HAWVAE_clean,HAWVAE_clean,5.43472,3.75459,5.43472,1.57273,1218.49,774.765,0.0,0.0,0.5248,0.333688,0.0,0,0.010300731,3.561572476,3.4783417795746536
HAWVIM_clean,HAWVIM_clean,5.41474,3.72498,5.39995,1.55868,1201.98,771.152,0.0,0.0,0.522,0.334898,0.0,0,0.010754195,3.559239539,3.5533576208448063
HEFDON_clean,HEFDON_clean,9.34267,6.30544,9.30322,1.26616,1290.92,1019.56,0.0,0.0,0.564,0.445443,0.0,1,0.006060728,3.56062323,4.167161930732461
HEGNAJ_clean,HEGNAJ_clean,6.01939,4.81592,6.01939,1.89872,712.25,375.122,0.0,0.0,0.4102,0.216041,0.0,0,0.002557771,1.176990086,1.3000298375686996
HELDOT_clean,HELDOT_clean,9.05788,8.40599,9.04804,0.706681,2105.01,2978.73,0.0,0.0,0.7028,0.994508,0.0,1,0.00426102,5.266907497,5.141530404573949
HETZOW_clean,HETZOW_clean,5.51262,3.86354,5.23725,1.5527,956.041,615.728,190.025,122.384,0.5024,0.323565,0.0,1,0.004590121,2.827317469,2.4260988558396677
HGCNCO_clean,HGCNCO_clean,5.31956,3.48582,5.3054,1.56034,1406.04,901.106,0.0,0.0,0.6028,0.386325,0.0,1,0.002301526,2.127805596,2.061887883963461
HIDCUU_clean,HIDCUU_clean,4.77714,4.04915,4.77714,1.67198,561.972,336.111,24.6403,14.7372,0.4404,0.2634,0.0,0,0.011748868,2.535369926,2.5833617123985495
HIFGIO_SL,HIFGIO_SL,12.5848,12.05657,12.5848,0.73279,1666.47,2274.15,0.0,0.0,0.7016,0.957436,0.0,0,0.00592516,4.998373036,5.374996517151643
HIFTOG01_clean,HIFTOG01_clean,15.08334,7.94194,15.08334,0.584242,2219.37,3798.71,0.0,0.0,0.8024,1.3734,0.0,0,0.003259013,4.479421616,4.544823506387803
HIFWAV_clean,HIFWAV_clean,6.82644,4.81311,6.7091,1.14185,1358.99,1190.16,0.0,0.0,0.5914,0.517932,0.0,0,0.006352912,3.24068667,3.954984027760764
HIHGEM_manual,HIHGEM_manual,9.93245,5.52954,9.93245,1.05018,1644.99,1566.39,0.0,0.0,0.6486,0.617608,0.0,1,0.005317122,8.316375127,4.4114138195872785
HIQNAY_clean,HIQNAY_clean,6.18436,4.94333,5.98081,1.31558,928.05,705.433,194.939,148.177,0.529,0.402105,0.0,1,0.009021396,3.502035814,3.250746908708022
HIQWOV_clean,HIQWOV_clean,6.76103,5.10334,6.76103,1.07696,1941.39,1802.66,0.0,0.0,0.6212,0.57681,0.0,0,0.005884908,4.524644485,4.786317985713424
HISGAT_clean,HISGAT_clean,5.66636,4.82954,5.66636,1.37462,738.511,537.249,0.0,0.0,0.318,0.231337,0.0,1,0.006192679,2.317252205,1.9212484705231037
HIWKII_clean,HIWKII_clean,4.49598,3.52102,4.49598,1.26918,746.378,588.079,0.0,0.0,0.5282,0.416174,0.0,1,0.001313624,1.710372099,1.334816863226126
HIYGIH_clean,HIYGIH_clean,17.06952,6.66429,17.06948,0.730619,2158.98,2955.01,0.0,0.0,0.7424,1.01613,0.0,1,0.006109548,6.128008908,6.377384592801696
HOGLEV_clean,HOGLEV_clean,14.03402,9.0463,14.02308,0.76193,2112.49,2772.55,0.0,0.0,0.7494,0.983555,0.0,1,0.006992243,5.980432275,5.977513322217903
HOGSIG_clean,HOGSIG_clean,5.41082,3.95109,5.41082,1.19816,1084.16,904.86,0.0,0.0,0.5322,0.444182,0.0,1,0.004192728,2.618215829,2.894848072039712
HOJLUP_clean,HOJLUP_clean,6.04405,4.68216,6.04405,0.897215,1739.4,1938.66,0.0,0.0,0.5916,0.659373,0.0,1,0.007984898,5.386752848,5.246692152037527
HOMZEP_clean,HOMZEP_clean,8.52957,6.78202,7.76045,1.30479,1180.46,904.71,435.839,334.03,0.602,0.461377,0.0,1,0.016798767,7.15922157,5.132207494793087
HOQMIL_clean,HOQMIL_clean,5.74994,5.00317,5.74994,1.13423,1163.97,1026.22,0.0,0.0,0.491,0.432891,0.0,0,0.010169189,3.760614452,3.581213297544944
HOVGIK_clean,HOVGIK_clean,5.93161,4.23353,5.92922,1.12874,1308.17,1158.97,0.0,0.0,0.541,0.479296,0.0,0,0.011005642,4.407325189,4.427003630164805
HOXSUK_clean,HOXSUK_clean,6.8634,6.5073,6.8549,1.07828,1271.94,1179.6,0.0,0.0,0.553,0.512854,0.0,1,0.008116855,4.242981601,4.424191601098094
HUFHEX_clean,HUFHEX_clean,11.02675,7.87011,11.02675,0.803859,2205.78,2743.99,0.0,0.0,0.7232,0.89966,0.0,1,0.002648288,3.466019242,3.3631991212015406
HUFJEZ_clean,HUFJEZ_clean,8.97021,6.86873,8.96999,1.02124,1801.67,1764.2,0.0,0.0,0.6662,0.652342,0.0,1,0.003049995,3.740613017,3.687735104058621
HULRIR_clean,HULRIR_clean,9.43814,4.59805,9.43814,1.24517,1642.64,1319.2,2.40063,1.92795,0.6318,0.5074,0.0,1,0.004544195,4.320786872,3.7700905384803334
HULTEP_clean,HULTEP_clean,7.49376,5.16023,7.49376,0.72122,2310.7,3203.88,0.0,0.0,0.6912,0.958376,0.0,0,0.007264263,7.370023728,6.841580347637756
HUQHEI_clean,HUQHEI_clean,10.39855,7.33583,10.39855,0.70723,1815.66,2567.28,0.0,0.0,0.6916,0.9779,0.0,1,0.005242334,5.431385104,5.3014177808147105
HUQHOS_clean,HUQHOS_clean,9.73841,7.14116,9.73841,0.752041,1815.26,2413.78,0.0,0.0,0.677,0.900216,0.0,1,0.005487084,5.447586569,5.380636251464568
HURFEH_clean,HURFEH_clean,7.40163,5.27423,7.39913,1.02718,1852.44,1803.42,0.0,0.0,0.6308,0.61411,0.0,1,0.011786477,4.957027256,5.933484039824541
HURGUX_clean,HURGUX_clean,4.97475,3.84254,4.97057,1.32525,657.853,496.398,0.0,0.0,0.4546,0.343029,0.0,1,0.010684468,2.597556186,2.5981501469327344
HUVHOX_clean,HUVHOX_clean,5.48842,3.66587,5.4468,1.48531,1066.45,718.001,0.0,0.0,0.5288,0.356021,0.0,1,0.015496833,4.433306844,3.9930884647276446
HUWLUI_clean,HUWLUI_clean,8.75473,4.69687,8.74085,1.19037,1892.69,1590.0,0.0,0.0,0.6324,0.531265,0.0,0,0.003824775,3.997920356,3.6024381090687436
HUWPIA_clean,HUWPIA_clean,6.29862,4.63989,6.29862,1.01225,1229.62,1214.75,0.0,0.0,0.5338,0.527343,0.0,0,0.012850208,4.880919667,4.622226450888096
HUWSUN_clean,HUWSUN_clean,6.32885,4.07784,6.32149,0.837909,1976.96,2359.4,0.0,0.0,0.6126,0.731105,0.0,0,0.009741244,7.555814725,7.173039003029288
HUYJOA_clean,HUYJOA_clean,6.60468,3.67142,6.60468,0.952542,1431.54,1502.86,0.0,0.0,0.5926,0.622125,0.0,1,0.00670788,4.75441277,4.635841659389233
HUYJUG_clean,HUYJUG_clean,9.25957,5.86045,9.25957,0.936428,1023.97,1093.48,181.933,194.284,0.5896,0.629627,0.0,1,0.004795981,3.528634711,3.6281395467720117
HUYKOB_clean,HUYKOB_clean,12.11737,9.13356,12.10852,0.81232,1278.02,1573.3,19.6901,24.2393,0.6314,0.77728,0.0,0,0.006171884,3.033799867,4.100614958544695
HUZXAD_clean,HUZXAD_clean,11.46912,7.77199,11.4651,0.64457,2049.85,3180.18,0.0,0.0,0.7146,1.10865,0.0,1,0.004783475,5.584337388,5.712347399106825
HUZXIL_clean,HUZXIL_clean,10.514,7.06946,10.514,0.669354,2073.02,3097.05,0.0,0.0,0.7026,1.04967,0.0,1,0.005705093,5.80365887,6.1407904169649195
IBABUL_clean,IBABUL_clean,6.15206,4.47904,5.79334,1.09763,1721.78,1568.64,0.0,0.0,0.559,0.50928,0.0,0,0.008630197,4.660763939,4.838122326590016
IBACAS_clean,IBACAS_clean,6.00206,4.65234,5.82846,1.09941,1650.0,1500.81,0.0,0.0,0.5576,0.507182,0.0,0,0.008491224,4.623221127,4.77006912182536
IBARUA_clean,IBARUA_clean,7.1268,5.0269,7.1268,1.98004,834.649,421.532,0.0,0.0,0.4306,0.217471,0.0,0,0.002926701,1.670775364,1.721756065562751
IBASAH_clean,IBASAH_clean,7.16916,5.08713,7.16916,1.9547,862.063,441.02,0.0,0.0,0.4422,0.226224,0.0,0,0.003024266,1.673038557,1.7769658583834758
IBASEL_clean,IBASEL_clean,7.42906,5.13218,7.42906,1.77226,891.565,503.068,0.0,0.0,0.4602,0.259669,0.0,0,0.002898474,1.882105471,1.8465856545065882
IBICED_clean,IBICED_clean,10.07018,9.94208,10.07018,1.22593,1035.72,844.843,0.0,0.0,0.5562,0.453697,0.0,0,0.001542283,1.96359074,1.8089220024752426
IBIRES_clean,IBIRES_clean,6.08051,3.77232,6.05891,1.56855,1166.99,743.994,0.0,0.0,0.5416,0.345287,0.0,1,0.004039752,2.26155648,2.564415268448197
IBIYOI_ion_b,IBIYOI_ion_b,5.57969,4.82285,5.52558,1.97565,709.524,359.134,0.0,0.0,0.437,0.221193,0.0,1,0.003525379,1.304783693,1.3763898810204467
IBOTOI_clean,IBOTOI_clean,9.5634,6.50142,9.5634,0.680526,2284.07,3356.33,0.0,0.0,0.7158,1.05183,0.0,0,0.003637968,4.616329049,4.684608488219117
IBUDOZ_clean,IBUDOZ_clean,5.08668,4.25333,5.08214,1.48919,879.713,590.733,0.0,0.0,0.5098,0.342334,0.0,1,0.007970641,2.304816857,2.8559481466625973
ic060030osi20060309_091447_clean,ic060030osi20060309_091447_clean,7.66338,4.13517,7.08387,1.45852,1622.05,1112.12,0.0,0.0,0.6038,0.41398,0.0,1,0.003784445,3.264789311,3.062774056730076
ic070274o-file006_clean,ic070274o-file006_clean,9.5696,5.43482,9.51118,0.6688,2216.08,3313.52,0.0,0.0,0.6986,1.04456,0.0,0,0.005257282,6.151697043,5.929203265182381
ic102347b_si_001_clean,ic102347b_si_001_clean,7.286,6.24859,7.286,0.867522,2138.17,2464.68,0.0,0.0,0.647,0.745803,0.0,1,0.005981484,6.035131926,5.467374532461829
ic202626c_si_002_clean,ic202626c_si_002_clean,4.17676,3.4851,4.17082,1.22883,636.577,518.037,0.0,0.0,0.5146,0.418774,0.0,0,0.006861569,3.965858417,3.5881945733977103
ic300665a_si_002_clean,ic300665a_si_002_clean,6.76851,6.40962,6.75925,1.06856,1310.99,1226.88,0.0,0.0,0.5662,0.529874,0.0,1,0.006149001,3.672618439,4.062072562628275
ic400607w_si_001_clean,ic400607w_si_001_clean,8.03748,6.22623,7.97705,1.08776,1912.85,1758.52,0.0,0.0,0.6308,0.579905,0.0,0,0.004727394,3.873024393,4.486435249103443
ic401157n_si_003_clean,ic401157n_si_003_clean,8.36266,5.62116,8.35172,0.801466,2331.72,2909.32,0.0,0.0,0.6656,0.830478,0.0,1,0.009778395,7.434456916,7.233117508123523
ic402058f_si_003_clean,ic402058f_si_003_clean,5.34889,4.37091,5.2699,1.32744,1070.91,806.748,0.0,0.0,0.5284,0.398059,0.0,1,0.013526853,3.999344592,3.9223129703248545
ic402058f_si_004_clean,ic402058f_si_004_clean,5.82311,4.37702,5.76138,1.28628,1179.38,916.891,0.0,0.0,0.5444,0.423237,0.0,1,0.011026614,3.909842412,3.783807432339915
ic402692p_si_002_clean,ic402692p_si_002_clean,7.57252,6.20483,7.53216,1.12902,2001.22,1772.53,0.0,0.0,0.6518,0.577314,0.0,0,0.008589908,5.773603553,5.890419873620262
ic402692p_si_003_clean,ic402692p_si_003_clean,5.22305,3.60975,4.94835,1.24721,1324.38,1061.87,0.0,0.0,0.5356,0.429439,0.0,1,0.013080226,5.173840073,4.597442537997673
ic500323r_si_001_clean,ic500323r_si_001_clean,5.40217,4.39968,5.38357,1.7244,1051.83,609.969,0.0,0.0,0.4942,0.286592,0.0,1,0.002360565,1.685362533,1.7165755651366639
ic500323r_si_002_clean,ic500323r_si_002_clean,5.13222,4.08543,5.13222,1.68431,1029.92,611.476,0.0,0.0,0.4906,0.291276,0.0,1,0.002945282,1.893299591,1.9669607268347036
ic5008457_si_002_clean,ic5008457_si_002_clean,5.97545,4.80817,5.79843,0.950435,2209.73,2324.97,0.0,0.0,0.6536,0.687685,0.0,1,0.005855758,4.859151328,5.319268108674818
ic5011133_si_003_clean,ic5011133_si_003_clean,6.22091,5.02145,6.15779,1.0165,1852.81,1822.74,0.0,0.0,0.6262,0.616036,0.0,0,0.006319299,5.324989726,5.091417054610421
ic502643m_si_003_clean,ic502643m_si_003_clean,9.70753,8.64872,9.70205,0.819549,2343.2,2859.13,0.0,0.0,0.7048,0.859985,0.0,1,0.005696943,6.021119722,5.7964240526179145
ic502643m_si_007_clean,ic502643m_si_007_clean,13.1918,11.62964,13.1918,0.690929,2270.17,3285.68,0.0,0.0,0.7542,1.09157,0.0,1,0.005092207,5.703061434,5.689426749858495
ic502643m_si_010_clean,ic502643m_si_010_clean,12.46942,12.09962,12.4634,0.660845,2360.76,3572.33,0.0,0.0,0.7614,1.15216,0.0,1,0.00534414,5.851881643,6.139272638046765
ic5b00194_si_002_clean,ic5b00194_si_002_clean,8.53834,6.535,8.52358,0.823713,2522.95,3062.9,0.0,0.0,0.705,0.85588,0.0,1,0.009762116,7.477551633,8.092900420839953
ic5b01023_si_002_clean,ic5b01023_si_002_clean,12.81278,3.94057,12.81278,0.929822,1555.72,1673.14,0.0,0.0,0.6134,0.659696,0.0,1,0.011110043,5.650220711,5.329651476218543
ICAWUF_clean,ICAWUF_clean,8.09105,7.71087,8.06629,1.03438,1360.39,1315.18,0.0,0.0,0.5716,0.552602,0.0,1,0.003751601,3.346848755,3.5904596893857343
ICISAP_clean,ICISAP_clean,8.79152,6.71431,8.77922,0.851648,2192.52,2574.44,0.0,0.0,0.6926,0.813247,0.0,1,0.006522843,5.666959006,5.784214167197844
IDIWIB_clean,IDIWIB_clean,6.62997,6.29787,6.59524,1.04722,1606.71,1534.25,0.0,0.0,0.612,0.584403,0.0,0,0.005505516,4.658939742,4.579392532002704
IFASOZ_clean,IFASOZ_clean,9.64796,7.3234,9.64796,0.745691,1847.95,2478.17,0.0,0.0,0.6678,0.895545,0.0,1,0.002801599,3.655100112,3.6233569635004974
IFEHUY_clean,IFEHUY_clean,11.31643,10.12794,11.31643,1.037,1594.72,1537.82,0.0,0.0,0.6458,0.622755,0.0,1,0.003068237,3.675675754,3.6469769743669658
IFOSIG_clean,IFOSIG_clean,4.26001,3.61738,4.26001,1.58988,662.885,416.939,121.875,76.6569,0.5738,0.360907,0.0,0,0.001440868,1.749690561,1.6807346325135342
IFUNUU_clean,IFUNUU_clean,5.50748,4.0974,5.50748,1.36844,1548.79,1131.79,0.0,0.0,0.5726,0.418432,0.0,1,0.010418059,4.06306386,4.603934324925043
IGAGUU_clean,IGAGUU_clean,16.24786,12.96845,16.24786,0.632439,2294.44,3627.92,0.0,0.0,0.7656,1.21055,0.0,1,0.004024243,4.739043236,4.986143669571999
IGEXOH_clean,IGEXOH_clean,5.20725,4.43194,5.19154,1.26433,2211.95,1749.5,0.0,0.0,0.6598,0.521856,0.0,0,0.006539642,4.969429136,5.007117585734935
IGINIX_clean,IGINIX_clean,5.75448,3.84672,5.66179,1.27352,1748.75,1373.16,0.0,0.0,0.5668,0.445064,0.0,1,0.009858036,4.857650603,4.720362171317586
IHILUI_clean,IHILUI_clean,4.87031,3.7868,4.87031,2.14625,806.195,375.629,0.0,0.0,0.4228,0.196995,0.0,1,0.001902929,1.114939018,1.2901730956283868
IJASOC_clean,IJASOC_clean,6.30976,5.8805,6.27431,1.0194,1983.73,1945.99,0.0,0.0,0.653,0.640576,0.0,1,0.005958738,4.251670009,5.137571425087944
IKAYAU_clean,IKAYAU_clean,4.59122,3.56678,4.59122,1.61867,325.484,201.081,0.0,0.0,0.3984,0.246128,0.0,1,0.001265289,0.826032608,0.7597664404983129
IKEBUV01_clean,IKEBUV01_clean,4.90885,3.89845,4.88149,1.28693,1923.5,1494.65,0.0,0.0,0.6236,0.484565,0.0,1,0.005067055,4.306155397,4.235422618285916
IKEBUV_clean,IKEBUV_clean,4.87862,3.88747,4.8574,1.29691,1916.47,1477.73,0.0,0.0,0.6176,0.47621,0.0,1,0.005185003,4.340013379,4.213030250256891
IKETOI_clean,IKETOI_clean,5.47175,4.23311,5.43757,1.66186,1666.92,1003.04,0.0,0.0,0.5532,0.33288,0.0,1,0.004676096,2.865419859,2.95833673144336
IKETUO_clean,IKETUO_clean,5.44662,4.20794,5.39592,1.67888,1662.67,990.343,0.0,0.0,0.552,0.328791,0.0,1,0.004671454,2.854413528,2.9631932234482496
IKOPEF_clean,IKOPEF_clean,7.2534,4.34633,7.2534,1.24385,1606.2,1291.31,0.0,0.0,0.5726,0.460344,0.0,1,0.006688652,4.144598952,4.006177431111068
ILITUT_manual,ILITUT_manual,12.63372,9.84913,12.63125,0.49196,2089.33,4246.95,0.0,0.0,0.786,1.59769,0.0,1,0.004006602,5.588198724,5.565652791584972
IMAXUR_clean,IMAXUR_clean,9.35814,4.03338,9.35814,0.94009,1810.27,1925.64,0.0,0.0,0.6284,0.668447,0.0,1,0.006619183,5.497326586,5.139098146414627
IMEDOV_clean,IMEDOV_clean,8.12382,4.26401,8.12382,1.06775,893.804,837.087,12.2034,11.4291,0.5044,0.472393,0.0,1,0.002799934,2.37640991,2.4719992611986514
IMUTUG_ion_b,IMUTUG_ion_b,8.41076,5.98943,8.40503,1.06348,2136.59,2009.05,13.7433,12.9229,0.6802,0.639596,0.0,1,0.012111787,6.492110421,6.568781731278085
INARUM_clean,INARUM_clean,4.27147,3.60968,4.26595,1.49233,736.38,493.444,0.0,0.0,0.5148,0.344964,0.0,1,0.00671599,3.003084919,3.1426914739861984
INIGET_clean,INIGET_clean,5.272,3.4615,5.24671,1.60135,599.11,374.128,0.0,0.0,0.458,0.286009,0.0,1,0.003815837,1.618898139,1.6783221482206763
IPIFAP_clean,IPIFAP_clean,7.07203,5.90208,7.07203,1.44306,1593.23,1104.06,0.0,0.0,0.6048,0.419109,0.0,1,0.002074213,2.09920444,2.177628624904534
ITAPIC_clean,ITAPIC_clean,5.53493,4.56275,5.50447,0.932577,3320.52,3560.59,0.0,0.0,0.7606,0.815589,0.0,1,0.001404837,1.774689994,2.0650459649679527
IWAYUA_clean,IWAYUA_clean,9.10772,4.29795,9.10772,1.27221,1742.4,1369.58,0.0,0.0,0.6022,0.473349,0.0,1,0.002102982,2.794991621,2.540488202017148
IWAZEL_clean,IWAZEL_clean,9.02688,4.19715,9.02563,1.29051,1705.91,1321.89,0.0,0.0,0.6062,0.469736,0.0,1,0.003054834,3.627035142,3.1705419297227895
IWAZIP_clean,IWAZIP_clean,9.36232,4.34831,9.36232,1.51484,1601.89,1057.47,0.0,0.0,0.5888,0.388687,0.0,1,0.001582202,2.056089491,1.842275238775149
IXODUV_clean,IXODUV_clean,6.94577,6.48704,6.94195,1.01181,1784.75,1763.93,0.0,0.0,0.629,0.621659,0.0,0,0.005817489,5.440052307,5.202516021096926
IXOFAD_clean,IXOFAD_clean,7.25204,6.74283,7.23817,1.01031,1741.08,1723.31,0.0,0.0,0.638,0.631491,0.0,0,0.005543386,5.637379771,5.082548678051976
IXUWII_clean,IXUWII_clean,7.47721,5.13969,7.4691,0.925259,1534.87,1658.86,0.0,0.0,0.5898,0.637443,0.0,0,0.008955327,5.72511074,5.547916649225429
IYAJOJ_clean,IYAJOJ_clean,6.96485,4.61788,6.92434,1.17533,1527.18,1299.36,0.0,0.0,0.552,0.469655,0.0,1,0.008451024,4.844608697,4.69211147260289
IYAJUP_clean,IYAJUP_clean,6.42992,4.57524,6.40815,1.20914,1470.44,1216.1,0.0,0.0,0.515,0.425922,0.0,1,0.008595144,4.574991735,4.221990179589169
IYEHAX_clean,IYEHAX_clean,8.64445,5.92674,8.64445,0.762449,2402.32,3150.79,0.0,0.0,0.7046,0.924127,0.0,1,0.00685918,6.035721283,6.759531213527768
IYOTAT_clean,IYOTAT_clean,6.12724,4.05651,6.12724,0.946965,2470.71,2609.08,0.0,0.0,0.6612,0.698231,0.000211201,1,0.009195975,6.959241507,7.186530386873279
IZEBAR_clean,IZEBAR_clean,6.51824,4.42782,6.29573,1.10634,2352.12,2126.04,0.0,0.0,0.625,0.564928,0.0,1,0.007289166,5.191180362,5.502393018375793
IZEBEV_clean,IZEBEV_clean,3.9737,3.59297,3.9737,1.83936,288.006,156.579,0.0,0.0,0.4124,0.224208,0.0,1,0.002145349,1.066199382,0.9538633299172486
IZENIM_clean,IZENIM_clean,10.57534,5.75707,6.51584,1.38426,1059.32,765.262,606.777,438.341,0.6424,0.464076,0.0,0,0.008066814,4.81314442,5.173868475246766
IZEPAF_clean,IZEPAF_clean,24.1004,7.53546,24.1004,0.570649,1958.05,3431.26,0.0,0.0,0.7816,1.36967,0.0,1,0.0039576,4.652588864,5.0535979924160035
IZEPEJ_clean,IZEPEJ_clean,23.87439,6.75259,21.66541,0.54542,1808.89,3316.52,0.0,0.0,0.7792,1.42862,0.0,1,0.004358221,4.544361665,5.437919507521835
IZIHAC_clean,IZIHAC_clean,7.3243,5.53893,7.31909,1.3207,1515.57,1147.55,0.0,0.0,0.5694,0.431134,0.0,1,0.003786312,3.327055442,3.200762895020132
IZIHOQ_clean,IZIHOQ_clean,7.0561,5.32108,7.05322,1.40869,1409.46,1000.55,0.0,0.0,0.555,0.393983,0.0,1,0.003774387,2.954029702,2.880690476056347
IZISEQ_clean,IZISEQ_clean,4.08842,3.70736,4.08842,1.02254,520.647,509.17,0.0,0.0,0.4678,0.457489,0.0,1,0.010967083,2.609247091,3.828668159940149
IZUMUM_clean,IZUMUM_clean,5.57902,4.64149,5.57902,1.29431,1246.48,963.048,0.0,0.0,0.5324,0.411338,0.0,0,0.00298449,2.437618634,2.470158105620696
ja110042b_si_003_clean,ja110042b_si_003_clean,18.775,6.41603,18.72266,0.610707,2220.68,3636.25,0.0,0.0,0.7614,1.24675,0.0,1,0.005206633,6.154861674,6.069265054051239
ja205976v_si_006_clean,ja205976v_si_006_clean,11.60788,10.85998,11.60788,1.12671,1551.48,1377.0,0.0,0.0,0.6348,0.563411,0.0,1,0.004198618,4.630545016,4.498946131594795
ja206917z_si_001_clean,ja206917z_si_001_clean,5.82674,4.72231,5.76849,1.30832,751.163,574.141,0.193696,0.148049,0.5654,0.432156,0.0,0,0.001611673,1.346705416,1.461350388505302
ja4012707_si_004_clean,ja4012707_si_004_clean,6.17779,4.90836,6.17779,0.978371,2446.9,2500.99,0.0,0.0,0.6772,0.692171,0.0,0,0.00508201,5.42831863,5.100146748635485
ja403810k_si_002_clean,ja403810k_si_002_clean,24.11444,19.56277,24.11444,0.396669,1099.67,2772.25,0.0,0.0,0.86,2.16806,0.0,1,0.003374651,4.39006849,4.213775534374466
ja406030p_si_003_clean,ja406030p_si_003_clean,14.29207,10.12824,14.29207,0.648977,1825.21,2812.44,0.0,0.0,0.775,1.19419,0.0,1,0.007874696,4.629688397,6.19038994504038
ja406030p_si_005_manual,ja406030p_si_005_manual,11.30323,7.62193,11.30323,0.677748,2157.76,3183.72,0.0,0.0,0.75,1.10661,0.0,1,0.007748103,4.960310756,6.423035904643695
ja406844r_si_002_clean,ja406844r_si_002_clean,11.4181,8.43938,10.92264,0.695103,2221.97,3196.61,0.0,0.0,0.7474,1.07524,0.0,0,0.007060481,5.951896362,6.566832063726465
ja500330a_si_009_auto,ja500330a_si_009_auto,10.23354,4.21372,10.21937,1.02655,1874.68,1826.19,0.0,0.0,0.6604,0.643319,0.0,0,0.00196322,3.873726836,3.1645710916802323
ja5103103_si_002_auto,ja5103103_si_002_auto,16.95031,14.45168,16.94349,0.50204,1609.85,3206.61,0.0,0.0,0.8216,1.63652,0.0,1,0.002818497,3.924237069,4.008513456639464
ja512437u_si_002_clean,ja512437u_si_002_clean,5.46454,4.64589,5.42464,1.16038,1353.66,1166.57,0.0,0.0,0.522,0.449854,0.0,1,0.008525718,4.13032795,3.878995818842716
ja512762r_si_002_auto,ja512762r_si_002_auto,13.2428,11.09142,13.2428,0.709182,2154.21,3037.6,0.0,0.0,0.7414,1.04543,0.0,0,0.001677931,2.51931423,2.7103535921167805
ja5131269_si_002_clean,ja5131269_si_002_clean,10.86981,8.81904,10.86239,0.665683,2359.22,3544.05,0.0,0.0,0.7502,1.12696,0.0,0,0.006523795,5.628141089,6.820629076086211
ja5131269_si_003_clean,ja5131269_si_003_clean,10.97224,8.95533,10.97224,0.663582,2332.5,3515.02,0.0,0.0,0.7592,1.14409,0.0,0,0.006870595,5.812305086,6.6080145501534915
ja5b02999_si_003_clean,ja5b02999_si_003_clean,14.70244,11.79351,14.69456,0.775127,1933.94,2495.0,0.0,0.0,0.7872,1.01557,0.0,1,0.00284722,3.608599053,3.6081974115745283
ja5b02999_si_004_clean,ja5b02999_si_004_clean,14.69185,13.06998,14.68941,0.678878,1913.08,2818.01,0.0,0.0,0.7962,1.17282,0.0,1,0.003395172,4.115094759,4.09140732073603
ja903726m_si_002_clean,ja903726m_si_002_clean,12.24865,4.72993,12.24865,0.820334,2060.46,2511.73,0.0,0.0,0.6832,0.832831,0.0,0,0.002986842,3.780211381,3.476415179115851
ja907023c_si_002_clean,ja907023c_si_002_clean,9.7447,5.39631,9.52834,0.66078,1783.63,2699.29,403.357,610.425,0.6912,1.04604,0.0,0,0.005112413,6.198039324,6.07119343811519
jacs.5b12516_ja5b12516_si_004_clean,jacs.5b12516_ja5b12516_si_004_clean,8.49651,6.78307,8.47146,1.40015,1810.97,1293.41,0.0,0.0,0.6308,0.450522,0.0,1,0.001461845,1.857543663,1.8865563719706653
jacs.6b02030_ja6b02030_si_003_clean,jacs.6b02030_ja6b02030_si_003_clean,9.33807,8.65245,9.33807,1.33968,1588.12,1185.45,0.0,0.0,0.6278,0.468619,0.0,1,0.004910462,4.4803882,4.030823880863056
jacs.6b04608_ja6b04608_si_003_clean,jacs.6b04608_ja6b04608_si_003_clean,17.74549,10.18366,17.61731,0.472151,1971.53,4175.64,0.0,0.0,0.8228,1.74266,0.000423593,0,0.003319706,4.481540661,4.649771383995513
jacs.6b06759_ja6b06759_si_002_clean,jacs.6b06759_ja6b06759_si_002_clean,14.81093,8.19624,14.81093,0.576281,2199.59,3816.87,0.0,0.0,0.7704,1.33685,0.000347053,0,0.004463116,5.643701319,5.610761575023642
JADMAF_clean,JADMAF_clean,5.40649,3.68585,5.39971,1.18993,400.217,336.338,47.5494,39.9599,0.4748,0.399016,0.0,1,0.004359454,1.795252712,1.7904022416899115
JALTUL_clean,JALTUL_clean,4.54107,3.68666,4.49534,0.520686,2635.05,5060.73,0.0,0.0,0.6792,1.30443,0.0,0,0.003109346,4.121170378,4.402371740630978
JENKET_SL,JENKET_SL,12.8466,11.09496,12.83423,0.704786,1452.89,2061.46,0.0,0.0,0.6858,0.973062,0.0,1,0.004409387,4.258909303,4.531419728958032
j.inoche.2015.01.025_INC05862-mmc2_clean,j.inoche.2015.01.025_INC05862-mmc2_clean,4.92906,3.897,4.88525,1.27844,1610.15,1259.46,0.0,0.0,0.5778,0.451957,0.0,0,0.013417103,4.996487957,5.494302882568911
j.inoche.2015.03.028_inc05925-mmc2_clean,j.inoche.2015.03.028_inc05925-mmc2_clean,5.98483,4.5721,5.97294,0.945356,2162.97,2287.99,0.0,0.0,0.6338,0.670435,0.0,0,0.01124758,7.1437445,6.735285000882709
JISVAJ_clean,JISVAJ_clean,8.23303,6.49522,8.23303,0.862534,2413.26,2797.87,0.0,0.0,0.71,0.823156,0.0,1,0.003766632,4.60858621,4.433653026587628
JIZJAF_clean,JIZJAF_clean,10.25461,9.82723,10.24056,1.07189,1137.99,1061.67,0.0,0.0,0.5772,0.538489,0.0,0,0.002297918,2.453200451,2.582224146972178
j.jssc.2014.11.015_mmc2_clean,j.jssc.2014.11.015_mmc2_clean,5.22329,3.73672,5.11659,0.962226,1097.58,1140.67,0.0,0.0,0.5588,0.580737,0.0,0,0.017977341,5.704804706,5.494954528899085
JOGHIY_clean,JOGHIY_clean,4.7279,3.83843,4.69154,1.03019,1565.61,1519.72,0.0,0.0,0.5608,0.544364,0.0,1,0.004122459,4.315061895,4.114746958227494
JOGSAA_clean,JOGSAA_clean,12.97631,9.4474,12.86758,0.420776,1989.54,4728.27,0.0,0.0,0.8226,1.95496,0.0,1,0.003850774,5.394851338,5.401771952048776
JOHFIW_manual,JOHFIW_manual,6.80122,6.39579,6.80122,1.29813,1554.38,1197.39,0.0,0.0,0.5754,0.443252,0.0,0,0.007488164,4.733761077,4.49558527265535
JOJKUQ_clean,JOJKUQ_clean,18.63152,8.76045,18.62188,0.609363,1817.58,2982.76,0.0,0.0,0.7992,1.31153,0.0,0,0.003999973,4.722032413,4.875797414874997
JORLEJ_clean,JORLEJ_clean,9.51377,6.43314,9.51377,0.798695,1989.75,2491.25,0.0,0.0,0.6678,0.836114,0.0,1,0.005053089,4.777620717,5.111667929841795
JORSEQ_clean,JORSEQ_clean,4.96868,3.55075,4.83089,1.43147,797.865,557.376,0.0,0.0,0.4912,0.343145,0.0,1,0.014495706,3.064671205,3.0913657045255065
JOSNAG01_clean,JOSNAG01_clean,4.34391,3.48794,4.33354,1.48639,790.023,531.506,0.0,0.0,0.5002,0.336521,0.0,1,0.003439526,2.226039147,2.236908674444336
JOSNAG_clean,JOSNAG_clean,4.31831,3.47722,4.26587,1.49368,756.727,506.618,0.0,0.0,0.503,0.336751,0.0,1,0.003304585,2.186966427,2.2694756805788985
JOXPIX_clean,JOXPIX_clean,5.23239,4.07998,5.23239,2.19565,717.149,326.623,0.211459,0.0963082,0.4132,0.188191,0.0,1,0.001221433,0.904572289,0.9825592076465822
jp2064408_si_002_clean,jp2064408_si_002_clean,12.93309,6.73336,12.93309,0.876804,2105.23,2401.03,0.0,0.0,0.7182,0.819111,0.0,1,0.009265555,5.714912919,6.025725620927505
JUMCUR_clean,JUMCUR_clean,6.66565,6.12054,6.47961,1.03261,1670.88,1618.12,0.0,0.0,0.6176,0.598098,0.0,0,0.005994214,4.968272924,4.905063572700976
JUNBOL_clean,JUNBOL_clean,4.23505,3.57437,4.22469,1.56146,719.857,461.015,0.0,0.0,0.4554,0.29165,0.0,0,0.004490161,2.196184158,2.3851041666817583
JUXFOZ_clean,JUXFOZ_clean,6.56163,5.01898,6.56163,0.789798,2685.32,3400.01,0.0,0.0,0.699,0.885037,0.0,1,0.007660006,6.849005685,7.108754585772244
JUYROM_clean,JUYROM_clean,6.54798,4.58648,6.32354,0.991599,1825.87,1841.34,0.0,0.0,0.6014,0.606495,0.0,0,0.009155358,6.437130027,5.813358175947803
jz4002345_si_002_clean,jz4002345_si_002_clean,8.57756,4.11023,8.57756,1.21659,1656.78,1361.82,0.0,0.0,0.594,0.488251,0.000328789,0,0.005421811,3.476978976,3.7211916572555563
KABNIL_clean,KABNIL_clean,4.822,3.60721,4.822,1.40695,1317.06,936.108,0.0,0.0,0.5446,0.387078,0.0,1,0.008702731,4.098562629,3.7780838792418665
KABXIW_clean,KABXIW_clean,5.62028,4.9456,5.38973,1.141,1960.49,1718.22,0.0,0.0,0.6228,0.545837,0.0,1,0.006495662,4.307522305,4.539793651283716
KAHYEY_clean,KAHYEY_clean,3.89651,3.5765,3.89651,1.95338,467.631,239.396,0.0,0.0,0.401,0.205285,0.0,1,0.003084405,1.763802439,1.6801068058323505
KALFOU_clean,KALFOU_clean,6.46523,4.80891,6.4631,0.94279,1718.26,1822.53,0.0,0.0,0.5936,0.629621,0.0,0,0.010677364,6.165460996,6.126450166025769
KANDIO_clean,KANDIO_clean,6.34814,4.18035,6.34814,1.16715,1258.72,1078.45,0.0,0.0,0.5426,0.464892,0.0,1,0.010111469,4.48996061,4.348544250672595
KARNAU_clean,KARNAU_clean,15.53234,10.48172,15.53234,0.459782,1976.67,4299.13,0.0,0.0,0.8028,1.74604,0.0,0,0.005881785,6.373535509,6.667716745187146
KASRAZ_clean,KASRAZ_clean,6.01546,4.14091,6.00986,0.986437,2302.7,2334.36,0.0,0.0,0.6452,0.654071,0.0,1,0.00731756,5.909187767,5.609240937002325
KAVNIH_clean,KAVNIH_clean,8.43697,7.72021,8.43697,1.03874,1070.95,1031.01,0.0,0.0,0.5158,0.496565,0.0,0,0.005715788,3.361944123,3.9068277623294123
KAWBOB_clean,KAWBOB_clean,7.62136,6.38807,7.35051,1.08418,1533.97,1414.86,0.0,0.0,0.5764,0.531645,0.0,1,0.004169995,3.960209976,3.8611380675575986
KAWHEY_clean,KAWHEY_clean,18.21481,15.58526,18.21481,0.462868,1507.18,3256.18,0.0,0.0,0.8126,1.75558,0.0,1,0.00384138,4.655528072,4.745057008965385
KAYBIX_clean,KAYBIX_clean,5.6946,5.49039,5.6894,1.21439,1338.7,1102.37,0.0,0.0,0.5044,0.415354,0.0,1,0.013386534,4.732045289,4.2856325908593345
KAYBUJ_clean,KAYBUJ_clean,5.49315,5.23582,5.46639,1.19412,1383.3,1158.42,0.0,0.0,0.511,0.427931,0.0,1,0.012080778,4.7574395,4.24177611265998
KECRAL11_clean,KECRAL11_clean,6.17897,5.38709,6.17897,1.29095,2368.45,1834.65,0.0,0.0,0.7162,0.554784,0.0,0,0.003074375,3.298049536,3.508982596871603
KEDJAG02_clean,KEDJAG02_clean,5.64435,4.47405,5.63077,1.05807,3043.38,2876.34,0.0,0.0,0.6944,0.656287,0.0,0,0.002884129,3.746643275,3.711920904665709
KEDJAG04_clean,KEDJAG04_clean,5.58759,4.3837,5.56019,1.07026,3013.15,2815.34,0.0,0.0,0.6894,0.644141,0.0,0,0.003025938,3.715133567,3.707176880398708
KEDJAG06_clean,KEDJAG06_clean,5.60157,4.39581,5.5618,1.06802,3018.73,2826.48,0.0,0.0,0.6908,0.646807,0.0,0,0.002906099,3.71070551,3.680955923550317
KEDJAG_clean,KEDJAG_clean,5.61338,4.40406,5.55816,1.06606,3021.98,2834.73,0.0,0.0,0.6918,0.648934,0.0,0,0.002890121,3.715890551,3.6953497201979655
KEVWUF_clean,KEVWUF_clean,9.52723,4.19884,9.52723,1.04193,2188.13,2100.07,0.0,0.0,0.7092,0.680658,0.0,1,0.002135527,2.900001542,2.8421468402867314
KEYFUR_clean,KEYFUR_clean,5.43827,4.92439,5.43827,1.64151,456.158,277.889,0.0,0.0,0.4004,0.243921,0.0,1,0.001518122,0.76210055,0.8210608542716445
KIFWUT_clean,KIFWUT_clean,5.20547,3.53873,4.99626,1.38567,317.914,229.429,0.0,0.0,0.4078,0.294297,0.0,1,0.003621524,0.969663204,1.3211744857487098
KINDOC_clean,KINDOC_clean,6.25246,5.98089,6.23061,1.0194,1977.32,1939.7,0.0,0.0,0.6526,0.640183,0.0,1,0.006414962,4.336928369,5.268519728015122
KINPUU_clean,KINPUU_clean,5.05147,4.16271,5.05147,1.13092,540.779,478.177,0.321066,0.283899,0.472,0.41736,0.0,1,0.004676285,2.084264351,2.0076452406656227
KINRIK_clean,KINRIK_clean,9.88966,4.92572,9.88966,1.29557,1990.08,1536.07,0.0,0.0,0.6774,0.52286,0.0,1,0.001382398,1.587170655,1.7551643891418882
KIVDUQ_clean,KIVDUQ_clean,6.26762,4.30044,6.26762,1.44826,1375.59,949.827,0.0,0.0,0.529,0.365266,0.0,1,0.002771092,2.253446907,2.3263744794183427
KIVFAY_clean,KIVFAY_clean,6.23242,4.28797,6.23242,1.46353,1355.07,925.895,0.0,0.0,0.5256,0.359132,0.0,1,0.002607063,2.220803069,2.2229428427855358
KOFPEB01_clean,KOFPEB01_clean,7.3154,5.12362,7.3154,1.77872,899.08,505.464,0.0,0.0,0.461,0.259175,0.0,0,0.002947169,1.909013127,1.835150446116816
KOFPEB02_clean,KOFPEB02_clean,7.34058,5.07386,7.34058,1.77151,892.32,503.707,0.0,0.0,0.46,0.259666,0.0,0,0.002965983,1.926712743,1.8315343945512366
KOFVOS_clean,KOFVOS_clean,5.23992,4.30833,5.23699,1.25499,1442.74,1149.6,0.0,0.0,0.543,0.432672,0.0,1,0.008437717,4.137533665,4.0171268712527315
KOHKIC_clean,KOHKIC_clean,9.61717,7.1473,9.61717,0.879264,1566.05,1781.09,99.4285,113.081,0.6478,0.736752,0.0,1,0.005376707,4.730796197,4.63491284179203
KOJTOU_clean,KOJTOU_clean,6.48228,4.55814,6.48011,1.0623,1935.66,1822.14,0.0,0.0,0.6082,0.57253,0.0,1,0.005680315,4.350192964,4.693263157393655
KOMVIT_clean,KOMVIT_clean,5.90535,4.58324,5.82203,1.08467,916.631,845.08,0.0,0.0,0.4426,0.408051,0.0,1,0.002859059,2.728178102,2.193497617779524
KOSKAG_clean,KOSKAG_clean,11.20025,9.92421,11.20025,1.17831,1553.45,1318.38,0.0,0.0,0.64,0.543152,0.0,1,0.003476178,3.844667519,3.8707459780215707
KOSKIO_clean,KOSKIO_clean,11.01742,9.84741,11.01742,1.18828,1532.31,1289.52,0.0,0.0,0.6324,0.5322,0.0,1,0.003331931,3.768517487,3.5814079175860836
KOTSIX_clean,KOTSIX_clean,5.60667,4.32453,5.60667,1.2413,1001.47,806.796,0.0,0.0,0.493,0.397165,0.0,1,0.002781795,1.986217658,2.1819165796829183
KOXGIP_clean,KOXGIP_clean,6.17141,3.90334,6.16279,1.0195,1425.23,1397.97,0.0,0.0,0.5534,0.542815,0.0,0,0.004557272,3.601472874,3.827643727796964
KUCDIW_clean,KUCDIW_clean,15.32957,4.28733,15.14716,0.82417,1410.27,1711.14,0.0,0.0,0.6424,0.779451,0.0,0,0.003718733,3.056661765,3.642094826106581
KUDMAY_clean,KUDMAY_clean,7.16272,5.01285,7.16272,1.93261,861.664,445.855,0.0,0.0,0.439,0.227154,0.0,0,0.003139185,1.771001308,1.77292565176513
KUFVAK_clean,KUFVAK_clean,6.38663,4.81205,6.34996,0.850503,2611.85,3070.95,0.0,0.0,0.6758,0.794589,0.0,1,0.006380075,6.559840388,6.557274144147537
KUGZIW_clean,KUGZIW_clean,10.78109,9.76034,10.78096,0.954298,1397.44,1464.37,0.0,0.0,0.6244,0.654303,0.0,1,0.004296653,4.728438134,4.046435742701645
KUJMEJ_clean,KUJMEJ_clean,4.61683,4.05372,4.60817,1.34015,2066.31,1541.85,0.0,0.0,0.6314,0.47114,0.0,1,0.006526112,4.878181026,5.073653645529486
KUJNEJ_clean,KUJNEJ_clean,12.51834,7.61249,12.51295,0.637007,2148.52,3372.84,0.0,0.0,0.739,1.16011,0.0,0,0.005084068,5.947660145,5.745581723003265
KUJNUZ_clean,KUJNUZ_clean,8.0106,6.50203,7.98579,1.08206,1519.03,1403.83,0.0,0.0,0.6028,0.557085,0.0,1,0.005969776,4.208231655,4.571291102377724
KULLAG_clean,KULLAG_clean,8.67819,7.37101,8.67819,0.808147,1895.46,2345.44,0.0,0.0,0.644,0.796885,0.0,1,0.004220017,4.327937967,4.561247645267786
KULZEY_clean,KULZEY_clean,5.33789,3.67614,4.8281,1.21787,366.738,301.132,43.558,35.7659,0.4728,0.38822,0.0,1,0.005070845,1.852797091,2.250055759584764
KUMGIK_clean,KUMGIK_clean,4.46757,3.79797,4.46575,1.34004,1684.26,1256.87,0.0,0.0,0.5592,0.417301,0.0,0,0.012846324,5.222784142,5.527216258327014
KUNWEW_clean,KUNWEW_clean,5.28786,3.80654,5.2803,1.47108,725.981,493.502,0.0,0.0,0.4468,0.303722,0.0,1,0.003228688,1.917764954,1.790029211653694
KUVMUL_clean,KUVMUL_clean,6.75392,4.07419,6.69615,0.89776,1801.49,2006.65,0.0,0.0,0.591,0.658305,0.0,1,0.004894573,4.247207464,4.547428823537466
KUZPEC_clean,KUZPEC_clean,5.17179,3.98335,5.17179,1.18882,918.246,772.405,0.0,0.0,0.4884,0.410829,0.0,0,0.006287046,2.292077769,2.7467318355364725
KUZZAI_clean,KUZZAI_clean,6.29773,3.71971,6.29294,1.09675,1370.58,1249.67,0.0,0.0,0.5312,0.48434,0.0,1,0.008861518,4.432287024,4.53149636274912
la304204k_si_003_clean,la304204k_si_003_clean,7.26398,5.93484,7.26398,0.928582,1704.47,1835.57,0.0,0.0,0.6226,0.670485,0.0,1,0.006102274,5.374239944,4.993984888389856
la4012839_si_002_auto,la4012839_si_002_auto,13.36908,6.74856,13.36908,0.867921,2110.92,2432.16,0.0,0.0,0.7182,0.827495,0.0,1,0.008296127,5.56743253,5.47854951517338
LABNAG_clean,LABNAG_clean,10.27364,5.56329,10.24469,1.27911,1762.02,1377.54,0.0,0.0,0.6464,0.505353,0.0,0,0.002178728,2.554045839,2.5948423569783063
LACZEX_clean,LACZEX_clean,9.30565,6.85906,9.27959,0.706361,2166.56,3067.21,0.0,0.0,0.6788,0.960982,0.0,1,0.005228898,6.414789929,5.7676164857169745
LAFQUG_clean,LAFQUG_clean,12.86913,4.98724,12.65799,0.728838,1735.49,2381.17,147.1,201.828,0.6744,0.925308,0.0,0,0.009405246,6.22131259,6.115263124700104
LAFRIV_manual,LAFRIV_manual,12.37219,5.304,12.36122,0.722154,1902.53,2634.52,0.0,0.0,0.6808,0.942735,0.0,0,0.009417573,6.347349233,6.267393477487348
LAGQER_clean,LAGQER_clean,4.88781,3.95017,4.78327,1.29203,1761.41,1363.29,0.0,0.0,0.6026,0.466399,0.0,1,0.006972361,4.467154233,4.486517656930519
LAGQOB_clean,LAGQOB_clean,4.89671,3.9272,4.87864,1.32887,1753.02,1319.17,0.0,0.0,0.599,0.450758,0.0,1,0.006961227,4.426016662,4.3487575080267495
LAGTIY_clean,LAGTIY_clean,8.49333,5.93464,8.49333,1.13024,2517.32,2227.25,0.0,0.0,0.7308,0.646591,0.0,1,0.002685604,3.343757825,3.401206387159693
LAHTUM_clean,LAHTUM_clean,7.00326,4.86289,7.00219,1.1818,1642.93,1390.19,0.0,0.0,0.5612,0.474868,0.0,1,0.007182319,4.738380229,4.507107862813524
LAPZIO_clean,LAPZIO_clean,15.30437,8.24294,15.30437,0.552463,2030.06,3674.57,0.0,0.0,0.7882,1.4267,0.0,1,0.010113214,7.332590758,6.985544809978898
LARVIM_clean,LARVIM_clean,10.82294,9.52295,10.82294,1.0693,1503.49,1406.04,81.7206,76.4241,0.6418,0.600203,0.0,1,0.003731166,4.157205276,3.8217798481254204
LASYOU_clean,LASYOU_clean,10.05429,4.94116,10.05429,0.926612,2320.72,2504.52,0.0,0.0,0.6828,0.736878,0.0,1,0.006793699,6.621730348,5.660489442254428
LATYOX_clean,LATYOX_clean,8.43825,7.66991,8.43825,0.899517,1548.12,1721.06,0.0,0.0,0.606,0.673695,0.0,0,0.003666453,4.120088941,3.7055418981515245
LAVSUY_clean,LAVSUY_clean,6.88683,6.50841,6.88683,1.28067,1607.28,1255.03,0.0,0.0,0.5652,0.441333,0.0,0,0.007539774,4.778570424,4.547783395359064
LAVTAF_clean,LAVTAF_clean,6.94207,6.59487,6.94207,1.57026,1544.58,983.644,0.0,0.0,0.5696,0.362742,0.0,0,0.00539745,3.680279316,3.684684392788274
LAVTEJ_clean,LAVTEJ_clean,6.93182,6.57314,6.93182,1.58977,1549.61,974.742,0.0,0.0,0.5672,0.356782,0.0,0,0.005333984,3.634245451,3.6299440583806644
LAVTUZ_clean,LAVTUZ_clean,6.84748,6.45021,6.84748,1.66996,1548.02,926.977,0.0,0.0,0.5682,0.340247,0.0,0,0.006716932,3.951077749,3.802573311499903
LAWFOF_clean,LAWFOF_clean,15.10116,7.95608,15.10116,0.589497,2232.85,3787.72,0.0,0.0,0.8124,1.37812,0.0,0,0.003360476,4.582721187,4.519007840990624
LAWFUL_clean,LAWFUL_clean,15.1002,7.9585,15.1002,0.589907,2229.21,3778.92,0.0,0.0,0.8122,1.37683,0.0,0,0.003157549,4.579945141,4.4021064841323465
LAWGAS_clean,LAWGAS_clean,15.0923,7.9386,15.0599,0.589907,2234.12,3787.24,0.0,0.0,0.812,1.37649,0.0,0,0.003195091,4.567557442,4.430277063758367
LAZJIH_clean,LAZJIH_clean,5.57744,4.95549,5.57327,1.06968,1869.94,1748.13,0.0,0.0,0.6238,0.583165,0.0,0,0.011451568,5.718695867,5.884505213966945
LEMVOP_clean,LEMVOP_clean,5.28106,3.76828,5.22671,1.49221,559.092,374.674,165.129,110.661,0.47,0.314969,0.0,0,0.00343588,1.783734936,1.861518789430826
LEQQAA_clean,LEQQAA_clean,5.52925,4.85253,5.5277,0.807375,2409.06,2983.81,0.0,0.0,0.6688,0.828364,0.0,1,0.00656469,6.137921216,6.283655963919382
LESWAI_clean,LESWAI_clean,5.70322,4.2936,5.70044,1.41973,1194.97,841.693,0.0,0.0,0.5074,0.357393,0.0,0,0.00936722,3.318296758,3.4451217769228353
LETPOR_clean,LETPOR_clean,11.06769,10.6456,11.06769,1.31092,1583.35,1207.82,0.0,0.0,0.6774,0.516738,0.0,1,0.002970926,2.644827544,3.39688666223491
LETQAE_clean,LETQAE_clean,18.31927,17.55519,18.31927,0.940384,1367.76,1454.47,0.0,0.0,0.7778,0.827109,0.0,1,0.003436273,2.84837248,4.766521991565954
LEVBAQ_clean,LEVBAQ_clean,5.71097,4.52955,5.6806,2.00382,1507.28,752.202,0.0,0.0,0.5374,0.268188,0.0,1,0.01448874,4.186158266,4.0176526324907185
LEWMUX_clean,LEWMUX_clean,9.4187,3.8157,9.4187,1.15388,1572.68,1362.95,0.0,0.0,0.5946,0.515306,0.0,1,0.010559686,4.296422969,5.354798387103038
LEZMIN_clean,LEZMIN_clean,4.88856,4.07448,4.86623,1.80949,1151.84,636.557,0.0,0.0,0.5686,0.314232,0.0,0,0.009310797,3.575597716,3.169846018212907
LITCOI_clean,LITCOI_clean,7.36237,3.74541,7.3233,1.05285,1772.71,1683.72,0.106276,0.100941,0.6258,0.594384,0.0,1,0.00882402,5.824972288,5.595958577230952
LITDAV_clean,LITDAV_clean,6.01025,4.24331,5.99992,1.01002,1613.71,1597.7,0.0,0.0,0.5946,0.588704,0.0,1,0.009825557,4.93565298,5.437204240539863
LIWXOG_clean,LIWXOG_clean,5.30986,3.68842,5.30986,1.40965,1545.05,1096.05,0.0,0.0,0.589,0.417834,0.0,1,0.004678259,3.404218772,3.215251657563668
LIXWAR01_clean,LIXWAR01_clean,5.58762,3.9288,5.58762,1.07311,1360.46,1267.78,0.0,0.0,0.5636,0.525205,0.0,1,0.00837631,4.597841009,4.420475317315131
LOCZIO_clean,LOCZIO_clean,7.2178,3.83248,7.2178,1.09612,1264.7,1153.8,0.0,0.0,0.5608,0.511625,0.0,1,0.00731238,4.421635252,4.240200242100879
LOFVUY01_clean,LOFVUY01_clean,8.11285,4.66596,8.11285,1.07811,1882.69,1746.29,0.0,0.0,0.6276,0.582131,0.0,1,0.004019492,3.989157499,3.9618578562611386
LOJFOF_clean,LOJFOF_clean,5.76837,5.02994,5.76476,1.16037,1095.67,944.242,0.0,0.0,0.472,0.406768,0.0,1,0.007963691,3.642592097,3.2287304633577723
LOLREL_clean,LOLREL_clean,8.50343,6.96426,8.50343,1.36486,1470.9,1077.7,0.0,0.0,0.5994,0.439167,0.0,1,0.003468424,3.107424758,3.1171526235083005
LONVAN_clean,LONVAN_clean,10.90817,9.80221,10.908,1.08454,1586.63,1462.95,0.0,0.0,0.6414,0.591401,0.0,1,0.003009101,3.765089936,3.5840014733316257
LOPZAS_clean,LOPZAS_clean,6.31996,4.58953,6.31996,0.918625,1348.48,1467.93,0.0,0.0,0.5474,0.595891,0.0,1,0.005037254,3.576838728,4.020663140568952
LOQLEJ_manual,LOQLEJ_manual,14.69858,14.40453,14.61633,0.993806,1433.78,1442.72,0.0,0.0,0.6928,0.697118,0.0,0,0.008694028,4.6659989,4.960843411510137
LORROB_clean,LORROB_clean,6.37003,3.61495,6.36168,1.37197,938.703,684.2,0.0,0.0,0.4942,0.360212,0.0,1,0.003865177,2.185353097,2.2725474264934644
LOTDIJ_clean,LOTDIJ_clean,5.46612,4.37573,5.12432,0.961023,1171.92,1219.45,0.0,0.0,0.527,0.548374,0.0,0,0.011074155,4.36429583,4.527929921314752
LUCDIW_clean,LUCDIW_clean,8.52461,6.17272,8.52461,0.822543,2288.73,2782.5,0.0,0.0,0.7208,0.876306,0.0,1,0.004142191,4.990551841,4.94707393326456
LUDLED_clean,LUDLED_clean,13.17739,6.65728,13.17739,0.881906,2096.4,2377.12,0.0,0.0,0.7118,0.807115,0.0,1,0.007680475,5.117893583,5.1626560362532805
LUDLIH_clean,LUDLIH_clean,13.23241,6.67449,13.22045,0.876399,2107.58,2404.81,0.0,0.0,0.7124,0.812871,0.0,1,0.007456383,5.113137927,5.186336850863649
LUFCAS_clean,LUFCAS_clean,4.96103,4.24915,4.96103,1.44232,901.376,624.947,0.0,0.0,0.4662,0.323228,0.0,0,0.006808033,2.62837071,2.496890323432063
LUFNAC02_clean,LUFNAC02_clean,7.66591,5.85542,7.65462,1.02962,1488.42,1445.6,0.0,0.0,0.5648,0.548553,0.0,1,0.008612784,5.754599855,5.306315089595074
LUFNAC05_clean,LUFNAC05_clean,7.61946,5.80686,7.57494,1.03101,1474.3,1429.95,0.0,0.0,0.564,0.547035,0.0,1,0.008988645,5.716996606,5.325582556878614
LUFQUZ02_clean,LUFQUZ02_clean,4.33985,4.02318,4.33985,1.29652,936.621,722.414,0.0,0.0,0.5262,0.405857,0.0,1,0.01090677,4.357076708,4.020162616261333
LUMLIQ_clean,LUMLIQ_clean,4.75675,3.55253,4.75675,2.1629,785.103,362.986,0.0,0.0,0.4638,0.214434,0.0,1,0.015914147,2.499436281,2.745210090595124
LURLOB_clean,LURLOB_clean,7.37662,6.99185,7.37662,1.00469,1747.18,1739.02,0.0,0.0,0.6396,0.636613,0.0,0,0.005500247,5.918635771,5.460948501663779
LUSHIR_clean,LUSHIR_clean,5.64907,5.07129,5.64636,1.2313,1163.45,944.9,0.0,0.0,0.5004,0.406401,0.0,0,0.007779502,3.279904602,3.3473461193289267
LUSHOX01_clean,LUSHOX01_clean,5.25442,4.88912,5.25442,1.20931,1317.3,1089.3,0.0,0.0,0.5332,0.440913,0.0,1,0.00757204,3.71660732,3.8503412625504287
LUSHOX02_clean,LUSHOX02_clean,5.40311,4.9355,5.40311,1.1935,1329.97,1114.34,0.0,0.0,0.5516,0.462169,0.0,1,0.007592647,3.888532441,4.018512964650237
LUSHUD_clean,LUSHUD_clean,5.21289,4.69215,5.21289,1.27198,1075.64,845.64,0.0,0.0,0.4926,0.38727,0.0,0,0.008820317,3.167048588,3.3405400636906046
LUSJIT_clean,LUSJIT_clean,6.09975,5.42401,6.09669,1.18953,1257.58,1057.21,0.0,0.0,0.5236,0.440174,0.0,0,0.007238396,3.591158634,3.7895727894635134
LUSYEF_clean,LUSYEF_clean,11.6475,5.80016,11.64729,0.734641,2294.6,3123.44,0.0,0.0,0.7226,0.98361,0.0,1,0.007514157,6.739070731,6.5813745304018
LUVTAY_clean,LUVTAY_clean,10.30257,9.44256,10.2197,1.08662,1146.97,1055.54,0.0,0.0,0.5838,0.537262,0.0,1,0.002601639,2.680537544,2.762368564106238
LUWMOH_clean,LUWMOH_clean,6.36296,4.2806,6.36272,1.20693,1999.45,1656.65,0.0,0.0,0.5984,0.495805,0.0,1,0.008467548,4.720856899,5.107538673163786
LUXDUE_clean,LUXDUE_clean,13.68943,4.23916,13.68943,1.04302,1835.8,1760.08,13.4841,12.9279,0.692,0.663456,0.0,1,0.004320357,4.228091757,4.085593104885095
LUYHAP_clean,LUYHAP_clean,12.05622,6.74493,12.05603,0.618537,2287.3,3697.93,0.0,0.0,0.7716,1.24746,0.0,1,0.004878498,5.493151641,5.862541329985302
MABJUV_clean,MABJUV_clean,4.72309,3.67608,4.72309,1.52978,599.848,392.114,0.0,0.0,0.4106,0.268405,0.0,0,0.004260143,1.566686084,1.6866251042071134
MADVUJ_clean,MADVUJ_clean,5.32382,4.69426,5.32382,1.65668,675.478,407.729,0.0,0.0,0.418,0.252311,0.0,0,0.004921644,1.570838096,1.5990873948242281
MAFJIO_clean,MAFJIO_clean,10.24604,5.19927,9.76441,0.774705,2445.7,3156.94,0.0,0.0,0.7196,0.92887,0.0,1,0.005528452,6.069569689,6.2402372818013765
MAGBAZ_clean,MAGBAZ_clean,7.74379,4.25931,7.73545,0.9596,2206.02,2298.89,0.0,0.0,0.666,0.694039,0.0,0,0.005829044,5.945457945,5.42642228002855
MALRUP_clean,MALRUP_clean,16.92414,16.84411,16.92414,0.675419,1334.6,1975.96,0.0,0.0,0.764,1.13115,0.0,1,0.004261758,5.198537702,4.810994445691123
MALSEA_clean,MALSEA_clean,16.90358,16.82254,16.90358,0.671459,1350.93,2011.93,0.0,0.0,0.767,1.14229,0.0,1,0.004148286,5.154802853,4.954892505484643
MALSOK_clean,MALSOK_clean,16.92569,16.84467,16.92569,0.669653,1353.12,2020.63,0.0,0.0,0.7686,1.14776,0.0,1,0.004447242,5.180951676,5.111339987059473
MANDUD_clean,MANDUD_clean,8.1447,5.93208,8.1447,0.901348,2323.1,2577.36,0.0,0.0,0.6668,0.739781,0.0,1,0.005557359,4.991319105,5.510717433261009
MAPCUE_clean,MAPCUE_clean,5.3952,3.72256,5.3952,1.47049,1163.8,791.435,0.0,0.0,0.504,0.342742,0.0,0,0.007492562,3.947367173,3.2397208380971647
MAPFIS_clean,MAPFIS_clean,5.59771,4.30891,5.54289,1.06696,1494.67,1400.87,0.0,0.0,0.5474,0.513047,0.0,1,0.008566262,4.762266336,4.639064023063489
MASZOX_clean,MASZOX_clean,6.20608,3.81259,6.16409,1.48643,1158.39,779.31,0.0,0.0,0.5192,0.349294,0.0,1,0.003855323,2.313027379,2.5195932571355457
MATBEQ_clean,MATBEQ_clean,6.25491,3.91181,5.95608,1.39707,1185.59,848.625,0.0,0.0,0.547,0.391533,0.0,1,0.004675773,2.55935942,2.8313011908812604
MAYJOM_clean,MAYJOM_clean,6.51956,6.14293,6.51763,1.25239,1627.1,1299.19,0.0,0.0,0.6236,0.497928,0.0,0,0.007374084,4.708110381,4.860432321577413
MEJMOE_clean,MEJMOE_clean,13.36085,7.20564,12.38159,0.61631,2232.14,3621.79,0.0,0.0,0.8056,1.30713,0.0,0,0.00326713,4.57651364,4.55872432542999
MEJZEI_clean,MEJZEI_clean,5.32267,3.53615,5.32267,1.67671,498.537,297.33,52.5885,31.3641,0.4392,0.261941,0.0,1,0.002968169,1.481361869,1.5415442019500778
MEJZUY_clean,MEJZUY_clean,5.25291,3.40149,5.01155,1.7873,394.206,220.559,29.004,16.2278,0.4246,0.237565,0.0,1,0.00272048,1.206048042,1.189508608266458
MIFPUO_clean,MIFPUO_clean,6.70296,5.88092,6.70296,1.13456,971.753,856.498,0.0,0.0,0.5046,0.444752,0.0,0,0.011750326,3.206666016,3.485668604616781
MIFQOJ_clean,MIFQOJ_clean,7.14805,6.39591,7.14805,1.06573,1037.76,973.749,0.0,0.0,0.5254,0.492994,0.0,0,0.009257961,3.1854894,3.922702938740845
MIFSUR_clean,MIFSUR_clean,6.18293,5.67653,6.18293,1.48492,554.322,373.301,73.2038,49.2981,0.4504,0.303316,0.0,1,0.002966342,1.71258435,1.68500908241241
MIKJAR_clean,MIKJAR_clean,5.99502,4.85131,5.99502,1.96036,716.905,365.7,0.0,0.0,0.4012,0.204656,0.0,0,0.003556957,1.403060733,1.390117567193194
MIMSOS_clean,MIMSOS_clean,11.1144,9.75442,11.1107,0.986032,1267.43,1285.39,0.0,0.0,0.613,0.621683,0.0,1,0.007554611,3.536964159,3.685882091125642
MINVOU_clean,MINVOU_clean,6.55346,6.27139,6.55346,1.05162,1583.28,1505.56,0.0,0.0,0.6148,0.584624,0.0,0,0.00420176,3.79130845,4.018619503932381
MIQLII_clean,MIQLII_clean,6.49396,4.19114,6.49396,1.29248,1977.91,1530.32,0.0,0.0,0.6424,0.497028,0.0,0,0.006157903,4.766036426,4.457587889579545
MITGOL_clean,MITGOL_clean,4.76638,3.82621,4.60043,2.19605,897.1,408.507,0.0,0.0,0.447,0.203547,9.11e-05,1,0.003003373,1.693368952,1.7577410167230494
MIXBEC_clean,MIXBEC_clean,12.4058,6.44619,12.40529,0.643237,2322.53,3610.7,0.0,0.0,0.758,1.17841,0.0,1,0.00631592,6.083999517,6.383146798526193
MODNOI_ion_b,MODNOI_ion_b,4.69367,3.76314,4.57829,1.59692,967.946,606.132,0.0371682,0.0232749,0.536,0.335646,0.0,1,0.001310126,1.348949194,1.4427657414744155
MOGNAY_clean,MOGNAY_clean,5.98746,4.8264,5.9716,1.48355,1468.56,989.896,0.0,0.0,0.5258,0.35442,0.0,0,0.004932207,3.286038518,3.123587215092622
MORFEG_clean,MORFEG_clean,4.79928,3.48721,4.69113,1.33806,713.958,533.579,0.0,0.0,0.4706,0.351704,0.0,1,0.009376763,2.817406482,2.812560497857746
MOSDUT_clean,MOSDUT_clean,5.00847,4.17233,5.00847,1.12183,1419.6,1265.43,13.3609,11.9099,0.5596,0.498828,0.0,1,0.006192848,4.06949929,3.971488672441103
MOVGUB_clean,MOVGUB_clean,4.79892,3.66567,4.79892,1.29583,1695.99,1308.8,0.0,0.0,0.5686,0.438791,0.0,1,0.007961493,4.788049926,4.666642532861229
MOXKAN_clean,MOXKAN_clean,5.24035,3.78554,5.21637,1.49263,550.2,368.611,159.888,107.118,0.4678,0.313407,0.0,0,0.003680106,1.796390821,1.8171749809347642
MOYNIY_clean,MOYNIY_clean,4.76569,4.12526,4.76569,1.26221,800.094,633.883,4.17361,3.30659,0.4918,0.389634,0.0,1,0.007654784,2.948217615,2.9974588619482994
MOYYIJ_clean,MOYYIJ_clean,12.42053,9.37645,12.42053,0.730593,2207.0,3020.84,0.0,0.0,0.7162,0.980299,0.0,1,0.007050581,5.389812718,6.18419952860718
MUGHED_clean,MUGHED_clean,6.89695,5.88693,6.88053,1.44086,1384.56,960.922,0.0,0.0,0.5716,0.396706,0.0,0,0.008694435,3.943899881,3.8672112664749623
MUHNAG_clean,MUHNAG_clean,5.2054,3.59701,5.17347,1.40338,910.102,648.507,0.0,0.0,0.4596,0.327495,0.0,0,0.013626314,2.69680764,2.95829558591442
MUJRIT_clean,MUJRIT_clean,6.24948,5.12409,6.24249,1.30647,1092.9,836.531,0.0,0.0,0.5376,0.411492,0.0,1,0.002526876,2.270933324,2.082410450934134
MUNPER_clean,MUNPER_clean,7.09681,5.52234,7.09517,0.917986,1955.18,2129.86,0.0,0.0,0.6202,0.675609,0.0,0,0.006793134,5.534992099,5.460887789800884
MURFIQ_clean,MURFIQ_clean,7.24055,5.2237,7.22777,1.12426,739.654,657.9,0.0,0.0,0.487,0.433172,0.0,0,0.001397964,1.536604321,1.4256886318362543
MUSCAG_clean,MUSCAG_clean,5.66812,5.1578,5.66812,1.35058,1261.14,933.776,0.0,0.0,0.5436,0.402493,0.0,1,0.004501994,2.818630229,2.727752810912423
MUVNAT_clean,MUVNAT_clean,5.6328,3.44137,5.05356,2.33052,1152.05,494.331,0.0,0.0,0.4892,0.209911,0.0,1,0.001549395,1.554361718,1.4852464753036512
NADNEM_clean,NADNEM_clean,6.17658,3.63409,6.12044,1.11816,999.382,893.777,0.0,0.0,0.5212,0.466125,0.0,0,0.013165638,3.561001887,4.129135710003048
NAFSOF_clean,NAFSOF_clean,10.41333,8.31604,10.41316,0.437831,2285.29,5219.56,0.0,0.0,0.8158,1.86328,0.0,1,0.00432234,6.144861037,5.954137195903701
NAGCAB_clean,NAGCAB_clean,7.89572,6.99253,7.70374,1.77084,1845.07,1041.92,0.0,0.0,0.6216,0.35102,0.0,1,0.000967078,1.301102932,1.4901513442578571
NAGQET_clean,NAGQET_clean,6.32737,4.10631,6.32737,1.16822,1034.31,885.371,0.0,0.0,0.4844,0.414648,0.0,0,0.007277813,3.034463366,3.1863289498244676
NAJTAW_clean,NAJTAW_clean,6.34991,4.99732,6.34991,1.15815,2148.84,1855.41,0.0,0.0,0.6062,0.523422,0.0,1,0.00895432,5.110891983,5.409386735951928
NALWOO_clean,NALWOO_clean,9.16164,8.79623,9.14564,1.02635,1440.32,1403.34,0.0,0.0,0.5862,0.571148,0.0,1,0.003871253,3.534752635,3.719496833320709
NARMUR_clean,NARMUR_clean,3.85567,3.41897,3.84405,2.08835,240.166,115.003,0.0,0.0,0.399,0.19106,0.0,1,0.001414049,0.973871605,0.8084245627014768
NATHUO_clean,NATHUO_clean,7.56745,6.68911,7.56745,1.07613,1712.53,1591.37,0.0,0.0,0.6018,0.559224,0.0,1,0.004801242,3.72954768,4.334398102140537
NATKIF_clean,NATKIF_clean,17.00981,12.93858,16.43746,0.345463,1901.41,5503.94,0.0,0.0,0.8556,2.47668,0.0,1,0.00520349,6.470785556,6.658110292634686
NAWDUN_clean,NAWDUN_clean,7.40097,5.49968,7.39892,0.842634,2070.76,2457.48,0.0,0.0,0.6368,0.755726,0.0,1,0.008584551,6.187595956,6.081600969673216
NAWWUG_clean,NAWWUG_clean,5.71546,4.10727,5.46236,1.11201,1652.38,1485.94,0.0,0.0,0.5826,0.523916,0.0,1,0.010060763,4.650214574,5.209528190006914
NAWXER_clean,NAWXER_clean,9.09863,5.59872,6.09599,0.664973,2891.83,4348.79,0.0,0.0,0.734,1.1038,0.0,1,0.006459486,7.243487933,7.1771484569694115
NAXKOO_clean,NAXKOO_clean,7.154,7.00039,7.154,1.18269,1555.75,1315.44,0.0,0.0,0.5548,0.469101,0.0,0,0.015715183,6.383473596,6.576540417977815
NAYZOE_clean,NAYZOE_clean,15.82314,6.52553,15.81665,0.498918,2302.42,4614.84,0.0,0.0,0.813,1.62953,0.0,1,0.003882604,5.499125013,5.373099280594232
NAZZEV_clean,NAZZEV_clean,9.68562,8.04863,9.67315,1.02009,1679.74,1646.65,0.0,0.0,0.6478,0.635039,0.0,1,0.005442082,4.798528242,4.914177655241012
NEBNOZ_clean,NEBNOZ_clean,6.01321,5.05928,6.00094,1.13873,1248.11,1096.06,0.0,0.0,0.5186,0.45542,0.0,1,0.006276602,3.627946992,3.5506228666268633
NEDVUP_clean,NEDVUP_clean,7.10231,5.27516,7.10043,0.883179,2108.77,2387.7,0.0,0.0,0.6378,0.722164,0.0,1,0.00509978,5.155036893,4.929340792802486
NEDWAW_clean,NEDWAW_clean,8.21752,5.99671,8.17631,0.756185,2155.93,2851.06,0.0,0.0,0.6702,0.886291,0.0,0,0.004595689,5.328316557,5.28402203079244
NEGZUW_clean,NEGZUW_clean,6.52732,5.75532,6.52732,1.40591,2132.81,1517.03,0.0,0.0,0.6336,0.450668,0.0,1,0.002221737,2.027901889,2.5772138578707198
NEJSAY_clean,NEJSAY_clean,4.50943,3.7344,4.50943,1.24034,1046.3,843.559,44.3105,35.7246,0.5234,0.421982,0.0,0,0.009839082,4.226261988,4.240336868795698
NEJSOM_clean,NEJSOM_clean,5.41485,4.53855,5.40953,1.12052,1544.19,1378.11,0.0,0.0,0.5672,0.506195,0.0,0,0.011543861,5.496392243,5.027292974189456
NEXXIZ_clean,NEXXIZ_clean,9.73301,9.22346,9.73301,0.709285,1668.91,2352.94,0.0,0.0,0.6328,0.892166,0.0,1,0.007149831,6.109882601,5.530982487250952
NEYVEU_clean,NEYVEU_clean,20.18169,6.42425,20.08436,0.514184,2007.78,3904.79,0.0,0.0,0.7952,1.54653,0.0,0,0.004720759,6.183035702,5.8598104743443535
NIGBOW_clean,NIGBOW_clean,11.80846,11.56903,11.80846,0.664854,1743.47,2622.33,0.0,0.0,0.7086,1.0658,0.0,0,0.004155105,5.458264929,4.666448040644589
NIHBAI01_clean,NIHBAI01_clean,4.75768,3.68765,4.75768,1.76453,773.951,438.616,0.0,0.0,0.4424,0.250719,0.0,0,0.006604231,2.093749237,2.0250856747258292
NIHBAI02_clean,NIHBAI02_clean,4.7992,3.7527,4.7992,1.74298,825.866,473.823,0.0,0.0,0.449,0.257604,0.0,0,0.006740695,2.126606954,2.063056264344344
NIHBEM02_clean,NIHBEM02_clean,5.01891,3.78432,5.01891,1.70287,870.252,511.052,0.0,0.0,0.4636,0.272247,0.0,0,0.006212293,2.111280123,2.123040980843732
NIHBIQ02_clean,NIHBIQ02_clean,5.38184,3.95166,5.35574,1.6285,1006.66,618.147,0.0,0.0,0.4894,0.300521,0.0,0,0.005452219,2.155965794,2.431443556404539
NIJTOR_clean,NIJTOR_clean,5.13346,3.60858,4.57199,1.35089,285.546,211.376,191.611,141.84,0.4084,0.302318,0.0,1,0.008495529,2.17739843,1.816855046058077
NIKYOW01_clean,NIKYOW01_clean,4.61161,3.58405,4.59865,1.78633,690.02,386.278,0.0,0.0,0.436,0.244076,0.0,0,0.006123432,2.016894516,1.9776608235375825
NIKYUC01_clean,NIKYUC01_clean,4.94759,3.68791,4.94354,1.71164,846.153,494.351,0.0,0.0,0.4572,0.267112,0.0,0,0.006191664,2.05049644,2.085256501870484
NIKZAJ01_clean,NIKZAJ01_clean,4.60883,3.61545,4.57384,1.79637,691.539,384.965,0.0,0.0,0.4298,0.23926,0.0,0,0.006058374,2.018597145,1.995460089767302
NIMPEG_clean,NIMPEG_clean,5.8871,5.25211,5.8871,0.735505,2646.72,3598.51,0.0,0.0,0.6844,0.930517,0.0,1,0.006891442,6.897299292,7.044226107935275
NINHOH_clean,NINHOH_clean,6.49972,5.39746,6.49972,1.04902,2642.26,2518.78,0.0,0.0,0.76,0.724483,0.0,1,0.001311217,1.78698961,1.8551290159519775
NIRGAY_clean,NIRGAY_clean,8.4539,5.80719,8.43976,0.806367,1866.49,2314.69,0.0,0.0,0.644,0.798644,0.0,1,0.004952149,4.775225166,5.027229127735221
NISBEX_clean,NISBEX_clean,4.31898,3.41744,4.31844,1.44504,366.268,253.467,91.9485,63.6306,0.472,0.326636,0.0,1,0.002963686,2.123232313,2.0336483983274807
NIZZEC_clean,NIZZEC_clean,8.3208,7.63206,8.31922,1.20763,2065.46,1710.34,0.0,0.0,0.6766,0.560269,0.0,0,0.003691859,3.769874782,3.693551866948498
NIZZOM_clean,NIZZOM_clean,8.52507,7.77175,8.50752,1.1812,2086.39,1766.33,0.0,0.0,0.685,0.579917,0.0,0,0.003859072,3.809156736,3.9332618803032893
NOFHOG_clean,NOFHOG_clean,6.65675,5.09348,6.63927,0.822826,2730.97,3319.01,0.0,0.0,0.6932,0.842462,0.0,1,0.006750494,6.785691145,6.782993458842554
NOFQIK_clean,NOFQIK_clean,4.9549,4.61383,4.95259,1.45912,792.567,543.181,0.0,0.0,0.5256,0.360216,0.0,1,0.00241608,1.630973115,1.6019818288884449
NOKLIJ_clean,NOKLIJ_clean,11.48526,10.66621,11.48526,1.19832,1550.1,1293.56,0.0,0.0,0.646,0.539086,0.0,1,0.003319226,4.030142241,3.9505537789921745
NOMQAJ01_clean,NOMQAJ01_clean,4.90223,3.68918,4.90223,1.31657,708.381,538.05,0.0,0.0,0.45,0.341797,0.0,0,0.020905905,2.731069502,2.8564471855115077
NOWGIR_clean,NOWGIR_clean,9.36325,6.59726,9.2981,1.43951,1651.33,1147.14,0.0,0.0,0.634,0.440427,0.0,1,0.001910817,2.327517959,2.095511161839919
NUBBAP_clean,NUBBAP_clean,14.05418,6.66438,11.10621,0.762781,2298.42,3013.21,0.0,0.0,0.7708,1.01051,0.0,1,0.003790394,4.973004897,4.614539192167121
NUCYAN_clean,NUCYAN_clean,4.98599,4.20846,4.98599,1.48214,662.288,446.845,0.0,0.0,0.4874,0.328848,0.0,1,0.003418835,1.630055626,1.678047135069232
NUDMAC_clean,NUDMAC_clean,6.47898,5.73918,6.47898,1.16985,1365.51,1167.25,0.0,0.0,0.54,0.461596,0.0,0,0.007614264,4.150960951,4.348966852718385
NUHRAL_clean,NUHRAL_clean,6.51247,4.65457,6.51247,1.22333,1897.36,1550.98,0.0,0.0,0.5928,0.484579,0.0,1,0.006820045,4.563253953,4.569811218782853
NUNPAP_clean,NUNPAP_clean,6.01151,4.33549,6.00656,0.794607,2195.03,2762.41,0.0,0.0,0.6796,0.855265,0.0,1,0.005550538,5.639967358,5.7451874080210565
NUNSIA_clean,NUNSIA_clean,4.82032,4.25115,4.82032,1.27602,836.789,655.783,0.0,0.0,0.4866,0.381343,0.0,0,0.005030084,2.320715846,2.442855200493032
NUVYOT_clean,NUVYOT_clean,4.99931,3.59386,4.8252,1.15218,688.171,597.279,170.523,148.001,0.5094,0.44212,0.0,1,0.007744265,3.313697417,2.9639888316137712
NUWVIM_clean,NUWVIM_clean,4.95462,3.8636,4.94993,1.17037,724.517,619.05,9.52012,8.13429,0.4914,0.419868,0.0,0,0.009517765,3.29048728,3.1812908689703643
OBAFEF_clean,OBAFEF_clean,4.96935,4.01792,4.92296,2.37845,904.645,380.351,0.0,0.0,0.4776,0.200803,0.0,1,0.001805267,1.217022069,1.1546331343032838
OBAHIL_clean,OBAHIL_clean,8.44223,7.37969,8.44223,0.972998,1553.57,1596.68,0.0,0.0,0.603,0.619734,0.0,0,0.007732626,4.720665851,5.657390317915522
OBAHOR_clean,OBAHOR_clean,8.04827,7.09842,8.046,0.982079,1580.94,1609.79,0.0,0.0,0.5956,0.606469,0.0,0,0.008801917,4.855752383,5.7893790600204715
OBIBAF_clean,OBIBAF_clean,6.94508,5.04977,5.92375,0.848313,1610.41,1898.37,0.0,0.0,0.6028,0.710587,0.0,1,0.007606345,5.262675739,5.174864279678121
OBIBEJ_clean,OBIBEJ_clean,8.27924,5.80407,6.33414,0.828843,1754.26,2116.52,0.0,0.0,0.601,0.725107,0.0,1,0.005853233,4.898994517,5.110508073545515
OBIBOT_clean,OBIBOT_clean,6.67176,5.057,6.67176,1.21046,1489.16,1230.24,0.0,0.0,0.5556,0.458998,0.0,1,0.006222241,3.923431968,3.889625326883257
OBODEQ_clean,OBODEQ_clean,5.13358,4.46715,5.12837,1.36036,1938.87,1425.26,0.0,0.0,0.5966,0.43856,0.0,1,0.005733787,4.260967122,4.071197580278727
OCACUR_clean,OCACUR_clean,5.50745,4.89061,5.44518,1.25128,1937.07,1548.08,0.0,0.0,0.5884,0.47024,0.0,1,0.007042862,4.846333172,4.576810279767672
OCAQOY_clean,OCAQOY_clean,4.53686,3.80641,4.53372,1.60935,541.33,336.366,0.0,0.0,0.3906,0.242707,0.0,1,0.003157045,1.503668861,1.6006626571826277
OCUSUB_clean,OCUSUB_clean,5.00781,3.40979,5.00781,1.50787,1123.4,745.023,0.0,0.0,0.5152,0.341674,0.0,1,0.007172583,3.157933581,4.181317421383858
ODIXEG_clean,ODIXEG_clean,10.36031,7.47097,10.26209,0.552173,2299.01,4163.57,0.0,0.0,0.7816,1.4155,0.0,1,0.005296378,5.152615448,6.137785275186867
ODODUI_clean,ODODUI_clean,11.00214,7.6444,10.86092,0.618366,2208.53,3571.55,0.0,0.0,0.7646,1.23648,0.0,1,0.004890887,5.162915967,5.717146131687213
OFERUN06_clean,OFERUN06_clean,11.42842,3.43062,11.4146,0.893311,1495.78,1674.42,0.0,0.0,0.6708,0.750915,0.0,0,0.00205619,2.652909909,2.841895188518809
OFOCUI_clean,OFOCUI_clean,11.39371,7.77962,11.39371,0.789274,2336.11,2959.83,0.0,0.0,0.7236,0.916792,0.0,1,0.00502416,5.719639805,5.640964775722661
OFUCAV_clean,OFUCAV_clean,4.37268,3.46007,4.37113,1.87575,696.078,371.093,0.0,0.0,0.4774,0.254512,0.0,1,0.005979135,2.623627673,2.550294653565421
OFUCEZ_clean,OFUCEZ_clean,5.30083,4.49138,5.29823,1.50666,1791.35,1188.95,0.0,0.0,0.5642,0.374471,0.0,1,0.003495788,2.937657255,2.9674765562153524
OGAGIN_clean,OGAGIN_clean,5.17696,3.68155,5.09885,1.45357,798.238,549.157,0.0,0.0,0.4912,0.337926,0.0,0,0.006434072,1.989728771,2.361176943818154
OGIKAR_clean,OGIKAR_clean,10.46212,5.43474,8.12198,0.950984,1724.97,1813.88,0.0,0.0,0.622,0.654059,0.0,1,0.006582665,5.580234367,5.151862476311524
OGUJIL_clean,OGUJIL_clean,4.11991,3.42248,4.10899,1.27165,539.273,424.075,0.0,0.0,0.4916,0.386586,0.0,0,0.005230527,3.252577216,2.916918461572056
OGUPIQ_clean,OGUPIQ_clean,5.83455,3.53797,5.83455,1.63754,706.847,431.65,0.0,0.0,0.4298,0.262466,0.0,1,0.007293259,2.48119527,1.949386180817232
OJIWAG_clean,OJIWAG_clean,5.38643,4.20657,5.38643,1.10966,1491.09,1343.75,0.0,0.0,0.561,0.505563,0.0,1,0.011003279,5.738092149,4.843612267667326
OJIWIO_clean,OJIWIO_clean,4.64307,3.99735,4.61496,1.33375,842.543,631.712,0.0,0.0,0.4524,0.339195,0.0,1,0.008248758,2.800774788,2.859664671255728
OJONOQ_clean,OJONOQ_clean,6.43933,5.37715,5.61608,1.49915,1863.16,1242.81,0.0,0.0,0.6578,0.438781,0.0,1,0.001204248,1.531612335,1.4929652461205167
OKUKOW_clean,OKUKOW_clean,10.73228,5.84434,10.36712,0.736536,2434.56,3305.42,0.0,0.0,0.7384,1.00253,0.0,1,0.006463808,5.832730498,6.672837398689093
OMIPEH_clean,OMIPEH_clean,21.73136,7.72557,21.69935,0.65885,2065.52,3135.04,0.0,0.0,0.8104,1.23002,0.0,1,0.003832079,4.374946169,4.775143822357481
OMOVET_clean,OMOVET_clean,6.41327,4.65956,6.41327,1.12783,2048.27,1816.12,0.0,0.0,0.6196,0.549375,0.0,1,0.010079438,5.519276166,5.797444404593855
OMUSAS_clean,OMUSAS_clean,18.71438,16.17316,18.71102,0.318003,1216.14,3824.31,0.0,0.0,0.8696,2.73457,0.0,1,0.002638734,3.868583553,4.108151842352492
OPOZEZ_clean,OPOZEZ_clean,7.29162,6.03013,7.28839,1.13101,1136.3,1004.68,0.0,0.0,0.5256,0.464718,0.0,0,0.003993572,3.0197859,3.123144606624896
OQOJUB_clean,OQOJUB_clean,5.19109,4.86993,5.18739,1.04071,742.936,713.872,0.0,0.0,0.4654,0.447194,0.0,0,0.005160075,2.761814951,2.6004365376682816
OQUGUE_clean,OQUGUE_clean,11.61723,9.4131,11.61627,1.01509,1836.93,1809.63,0.0,0.0,0.664,0.654132,0.000394056,1,0.005719991,3.966135274,4.8792955219780385
OQUXIJ_clean,OQUXIJ_clean,5.10257,3.94634,4.56846,3.16115,912.504,288.662,0.0,0.0,0.4752,0.150325,0.0,1,0.001700413,1.036627067,1.0589106673842055
OSAVEK_clean,OSAVEK_clean,5.46185,5.06196,5.40742,0.991485,1397.48,1409.49,0.0,0.0,0.5638,0.568642,0.0,1,0.006078799,4.09257739,4.133065038792586
OSAWEL_clean,OSAWEL_clean,5.275,4.57502,5.23103,1.20581,1256.21,1041.8,0.0,0.0,0.5198,0.43108,0.0,1,0.014483267,4.272172315,4.294173801632744
OSIXEU_clean,OSIXEU_clean,4.48519,3.90629,4.42091,1.97236,391.928,198.71,0.0,0.0,0.4512,0.228762,0.0,1,0.002526133,1.09312353,1.1517453134405278
OTATOT_clean,OTATOT_clean,5.58723,4.86765,5.58723,1.11303,1703.16,1530.2,0.0,0.0,0.5774,0.518764,0.0,0,0.002914651,2.812386023,2.9000119813030487
OTIQAL_clean,OTIQAL_clean,5.97222,5.38811,5.95841,1.10964,1272.64,1146.9,0.0,0.0,0.5134,0.462673,0.0,0,0.009401856,3.996617369,4.15534211537597
OTUDIS_clean,OTUDIS_clean,11.15528,10.21239,11.15528,0.865137,1694.91,1959.13,0.0,0.0,0.6454,0.746009,0.0,1,0.004296669,3.778531549,4.34054789551128
OWIHIN_clean,OWIHIN_clean,7.33344,7.17038,7.33344,1.33826,1633.23,1220.41,0.0,0.0,0.6104,0.456115,0.0,0,0.01080225,6.067264485,5.9964743206053575
OXALOP_clean,OXALOP_clean,5.88824,4.43891,5.88824,1.02509,1694.61,1653.14,0.780383,0.761286,0.599,0.584341,0.0,1,0.009921406,5.324209192,5.460607151544146
OXALUV_SL,OXALUV_SL,9.15018,6.54946,9.15011,0.800859,2321.96,2899.33,0.0,0.0,0.7128,0.890045,0.0,0,0.006248655,6.439093187,6.0803968994910305
OYEJOS_clean,OYEJOS_clean,9.55583,4.63693,9.55583,0.834794,1714.96,2054.35,0.0,0.0,0.6424,0.769531,0.0,1,0.003560158,4.145464656,3.904426509689302
OZAVES_clean,OZAVES_clean,5.64539,5.08904,5.62805,1.07782,1464.13,1358.41,0.0,0.0,0.5738,0.532369,0.0,1,0.007219594,4.219794217,4.357766775104257
OZUKOL_clean,OZUKOL_clean,11.66314,11.04095,11.6623,1.07501,1570.69,1461.09,0.0,0.0,0.6578,0.611902,0.0,1,0.00326348,3.97139007,4.016279883527476
OZUKUR_clean,OZUKUR_clean,11.77684,11.08852,11.77544,1.07383,1569.26,1461.37,0.0,0.0,0.6592,0.613879,0.0,1,0.003121838,3.938660462,3.716317424034307
OZULAY_clean,OZULAY_clean,11.76704,10.98127,11.76502,1.07223,1568.4,1462.75,0.0,0.0,0.6546,0.610504,0.0,1,0.003175524,3.875475515,3.770521908627668
OZULUS_clean,OZULUS_clean,11.30509,10.53212,11.30463,1.32172,1536.26,1162.31,0.0,0.0,0.6386,0.483157,0.0,1,0.003177417,3.616986647,3.54836067824632
PAKFEP_clean,PAKFEP_clean,4.86901,4.27875,4.86901,1.90484,508.538,266.971,0.0,0.0,0.3924,0.206001,0.0,1,0.000994698,0.7269209,0.7012034104441558
PAKXIK_clean,PAKXIK_clean,5.56128,3.90775,5.56038,1.25158,1486.65,1187.82,19.61,15.6682,0.5744,0.458939,0.0,1,0.005624259,3.567043399,3.8893848628848846
PAMHIW_clean,PAMHIW_clean,9.2687,4.50421,9.2687,0.952087,1296.4,1361.64,427.264,448.766,0.6164,0.64742,0.0,0,0.009785127,6.164961011,5.852418438035174
PAPRUU_clean,PAPRUU_clean,7.39284,4.83476,7.39284,1.80811,810.66,448.345,0.0,0.0,0.438,0.242241,0.0,0,0.002830599,1.496655845,1.8053174988704468
PARHAS_clean,PARHAS_clean,6.90619,6.37667,6.76731,0.69817,2236.54,3203.43,0.0,0.0,0.6838,0.979418,0.0,1,0.0031682,4.013499414,4.102945676461769
PARHEW_clean,PARHEW_clean,7.38605,6.67234,7.38605,0.632325,2400.53,3796.35,0.0,0.0,0.7148,1.13043,0.0,1,0.003011274,4.463074288,4.248988397708082
PASNAA_clean,PASNAA_clean,4.89594,3.826,4.89193,1.4497,1354.61,934.408,0.0,0.0,0.5164,0.356212,0.0,1,0.004515962,3.205398078,2.918388762095119
PASTOU_clean,PASTOU_clean,6.66976,4.5166,6.66976,1.58721,797.598,502.516,0.0,0.0,0.4778,0.301032,0.0,1,0.002805764,1.656102061,1.7598407403091727
PECLEP_clean,PECLEP_clean,5.39206,3.58035,5.25926,1.26009,1193.65,947.27,0.0,0.0,0.492,0.390447,0.0,0,0.013080311,3.722517375,4.014881522806033
PEDRIA_clean,PEDRIA_clean,15.09269,7.93434,15.07573,0.589901,2245.43,3806.46,0.0,0.0,0.8114,1.37549,0.0,0,0.003114934,4.427367122,4.3853643884342794
PEFRUP01_clean,PEFRUP01_clean,6.70842,5.60789,6.69161,1.32053,1380.71,1045.57,0.0,0.0,0.5546,0.419982,0.0,1,0.007871533,3.848985982,4.028174503949273
PEGCAH_clean,PEGCAH_clean,4.41751,3.55963,4.41517,1.40923,648.294,460.035,0.0,0.0,0.4816,0.341747,0.0,1,0.005235908,2.15820019,2.542130384688659
PEHQID_neutral,PEHQID_neutral,5.14211,3.77935,5.14211,1.46568,1144.37,780.78,0.0,0.0,0.5232,0.356968,0.0,0,0.004123126,2.2560077,2.595908510101326
PEJMOI_clean,PEJMOI_clean,7.77261,4.72411,7.77261,1.78918,1087.16,607.629,0.0,0.0,0.4986,0.278675,0.0,1,0.002731932,1.941033649,1.9482572449253788
PELQII_clean,PELQII_clean,9.06577,7.1819,8.76719,0.671525,2063.21,3072.43,0.0,0.0,0.712,1.06027,0.0,1,0.005768908,5.339719617,6.256990476509496
PENNON_clean,PENNON_clean,7.9329,6.23525,7.71711,0.684898,2586.98,3777.17,0.0,0.0,0.7318,1.06848,0.0,1,0.00449284,5.584884394,5.595149088565629
PEVXAQ_clean,PEVXAQ_clean,4.99995,3.63805,4.93929,1.21492,686.301,564.895,0.0,0.0,0.4752,0.391137,0.0,1,0.004253374,2.335573881,2.0175508639464037
PEWXUL_clean,PEWXUL_clean,5.34544,4.38509,5.34544,1.05997,1077.55,1016.58,0.0,0.0,0.5136,0.48454,0.0,0,0.011168333,4.623038104,4.0765936025195755
PIBPAS01_clean,PIBPAS01_clean,10.22467,9.87308,10.22467,0.904434,1674.99,1851.98,0.0,0.0,0.6484,0.716913,0.0,1,0.00336249,3.69362313,3.821701427865248
PIDMEV01_clean,PIDMEV01_clean,7.72003,4.28453,7.71744,1.05835,1674.28,1581.97,0.0,0.0,0.5974,0.564462,0.0,1,0.007988279,5.358671642,5.0410131149026185
PIHNUQ_clean,PIHNUQ_clean,4.36505,3.62057,4.36492,1.46153,400.036,273.71,0.0,0.0,0.4114,0.281486,0.0,1,0.008707162,1.829221656,2.2553286793422944
PIHWAG_clean,PIHWAG_clean,8.27361,7.69473,8.27361,1.26901,1392.1,1096.99,0.0,0.0,0.5476,0.431516,0.0,0,0.004114666,3.400312689,3.2886568811899073
PIJJOI_clean,PIJJOI_clean,6.12931,4.00789,6.08289,1.09199,859.144,786.767,2.75763,2.52532,0.5414,0.495791,0.0,0,0.009728185,3.744046816,4.567416591208794
PIZPIX02_clean,PIZPIX02_clean,4.8742,3.92497,4.87073,1.75108,1636.83,934.755,0.0,0.0,0.5514,0.314892,0.0,1,0.004211693,2.805217599,2.9060802557640693
PODKUQ_clean,PODKUQ_clean,22.31857,8.92625,14.18285,0.425765,2028.03,4763.26,0.0,0.0,0.8332,1.95695,0.0,1,0.005152554,6.394525495,6.273257919856209
POFSIN04_clean,POFSIN04_clean,6.97392,5.62462,6.97392,1.04699,2616.52,2499.1,0.0,0.0,0.7262,0.69361,0.0,0,0.001679258,2.222403767,2.2010592274091314
POHCOG_clean,POHCOG_clean,6.03433,4.98914,5.98921,1.54389,1290.39,835.809,0.0,0.0,0.5212,0.33759,0.0,1,0.004263179,2.610905276,2.640344528374115
POKGEC_clean,POKGEC_clean,4.44927,3.87743,4.29992,1.20216,336.435,279.858,237.315,197.407,0.504,0.419245,0.0,1,0.003644497,1.961947563,2.278539258486653
POKVAO_clean,POKVAO_clean,5.22916,3.84535,5.22916,1.97617,548.634,277.625,0.0,0.0,0.4172,0.211116,0.0,1,0.001756337,1.144135913,0.9317597949623567
POLYEW_clean,POLYEW_clean,5.14291,3.60228,5.14291,1.21883,774.169,635.173,0.0,0.0,0.4678,0.38381,0.0,1,0.015857555,3.51666917,3.1611840079131412
POMMAH_clean,POMMAH_clean,14.83525,11.96507,14.83525,1.26278,1468.55,1162.95,199.616,158.076,0.7018,0.555756,0.00015838,1,0.005785207,2.796650957,3.4187906057325312
POYPAW_clean,POYPAW_clean,7.97392,4.92371,7.96142,0.954107,1622.71,1700.76,0.0,0.0,0.5818,0.609785,0.0,0,0.013295565,5.966990897,6.027450649863848
PUDSIR01_clean,PUDSIR01_clean,6.99715,5.84689,6.98056,1.03177,2165.84,2099.14,0.0,0.0,0.6538,0.633665,0.0,1,0.00585144,4.888283665,5.378465505436668
PUJQEQ_clean,PUJQEQ_clean,7.62791,6.18953,7.62791,0.66886,2115.6,3163.0,0.0,0.0,0.6814,1.01875,0.0,1,0.004723438,5.824572995,5.638995682857922
PULMIU_clean,PULMIU_clean,7.09135,4.01215,7.09135,1.0722,1770.87,1651.63,0.0,0.0,0.6158,0.574336,0.0,1,0.008349748,5.036031125,5.311322054982135
PUMDIM_clean,PUMDIM_clean,7.80071,4.22996,5.62381,1.22507,393.72,321.387,874.299,713.674,0.564,0.460383,0.0,1,0.01054963,4.882915818,4.203062749197007
PUMNOB_clean,PUMNOB_clean,5.46311,3.57221,5.46311,1.50782,1496.51,992.504,0.0,0.0,0.6142,0.407344,0.0,1,0.002185858,2.132818105,2.2174479277143098
PUPHUE_clean,PUPHUE_clean,7.11215,6.70655,7.11215,0.937093,954.53,1018.61,0.0,0.0,0.5324,0.56814,0.0,1,0.004865113,3.44567534,3.3862436069030646
PUQXUV_clean,PUQXUV_clean,5.37589,5.08075,5.29758,1.50363,233.241,155.118,324.657,215.915,0.4578,0.304462,0.0,1,0.017756508,1.555525726,1.7703550807772621
PUTYEI_clean,PUTYEI_clean,6.07481,4.74641,6.03797,1.15301,1967.9,1706.74,0.0,0.0,0.6112,0.530089,0.0,0,0.008408185,5.283817549,4.972255972744532
PUWDAM_clean,PUWDAM_clean,9.00542,5.91155,9.00542,0.805702,2374.94,2947.67,0.0,0.0,0.7118,0.883453,0.0,0,0.012014577,7.812227509,8.490833252419964
PUYZUF_clean,PUYZUF_clean,5.69776,3.92558,5.6607,1.26995,1498.86,1180.25,0.0,0.0,0.59,0.464585,0.0,0,0.01036018,3.817000231,4.769022028361156
QADBII_clean,QADBII_clean,4.90485,4.23271,4.90165,1.42586,539.675,378.491,0.0,0.0,0.4884,0.34253,0.0,0,0.006492931,1.773874218,2.1678729960534326
QAGDIO_clean,QAGDIO_clean,12.81046,10.08472,12.79582,0.728225,1959.77,2691.16,0.0,0.0,0.7164,0.983763,0.0,1,0.005226471,5.900549791,5.462456068336096
QAGQEW_clean,QAGQEW_clean,16.48295,9.14033,16.48295,0.959417,1239.84,1292.29,398.029,414.866,0.701,0.730652,0.0,1,0.007264714,5.245338127,5.410494582268314
QATHOK_clean,QATHOK_clean,9.29834,6.48945,9.29621,1.21668,1222.78,1005.01,0.0,0.0,0.5554,0.456489,0.0,0,0.002621185,2.581687772,2.525855758853044
QATKII_clean,QATKII_clean,5.10915,3.79672,5.10915,1.21674,1321.26,1085.9,0.0,0.0,0.55,0.452026,0.0,0,0.012330644,4.713809808,4.462061029363044
QEBGAH_clean,QEBGAH_clean,5.50168,5.08562,5.49191,1.08026,1235.17,1143.4,0.0,0.0,0.5322,0.492658,0.0,0,0.01430703,4.644584177,4.654097580759978
QEFWUV_clean,QEFWUV_clean,32.36037,28.26773,32.35632,0.473548,1565.06,3304.96,0.0,0.0,0.826,1.74428,0.000422344,1,0.0042529,5.148136486,5.363034340750155
QIJLAW_clean,QIJLAW_clean,8.05446,5.26641,8.05325,0.671267,2454.25,3656.15,0.0,0.0,0.7174,1.06873,0.0,0,0.002541777,3.458833618,3.3172467888858477
QIPROY_clean,QIPROY_clean,5.10002,3.64368,4.72082,0.794412,2326.28,2928.3,0.0,0.0,0.6568,0.826775,0.0,1,0.007794277,7.56613021,6.424818421274674
QIQZIB_clean,QIQZIB_clean,8.62906,4.33786,8.62906,1.28033,1914.7,1495.48,0.0,0.0,0.6336,0.494873,0.0,1,0.004787871,4.485339581,4.165302829972871
QIRWAR_clean,QIRWAR_clean,5.03603,3.89356,5.03603,1.34872,1809.31,1341.5,0.0,0.0,0.6038,0.447684,0.0,1,0.007837947,4.605638687,4.343131417245819
QISNEN_clean,QISNEN_clean,6.73584,5.39558,6.7159,1.14249,2865.04,2507.71,0.0,0.0,0.739,0.646833,0.0,1,0.00271079,3.402547768,3.471061382195663
QIVQAP_clean,QIVQAP_clean,5.96532,3.96258,5.96532,1.08722,942.027,866.452,0.0,0.0,0.4728,0.434869,0.00073582,1,0.005101646,2.938824497,2.72369832223989
QIVYUR_clean,QIVYUR_clean,4.21696,3.7868,4.20902,1.26329,745.535,590.155,0.0,0.0,0.457,0.361755,0.0,0,0.008884645,2.832375117,3.241272290860231
QIWDOR_clean,QIWDOR_clean,4.59203,4.06699,4.58575,1.55074,682.335,440.007,0.0,0.0,0.3988,0.257168,0.0,1,0.007282184,1.870521811,2.157277153831671
QIXNIW_clean,QIXNIW_clean,5.3327,4.51343,5.26398,1.68575,1489.56,883.622,0.0,0.0,0.5396,0.320096,0.0,1,0.005342942,2.703404712,3.132116255950711
QIYDOT_clean,QIYDOT_clean,19.81856,17.06364,19.63981,0.211978,1346.05,6349.95,0.0,0.0,0.9118,4.30139,0.0,1,0.004196951,6.338000476,6.367627194971963
QODHUO01_clean,QODHUO01_clean,7.02176,3.66753,6.99115,1.3176,1021.05,774.937,0.0,0.0,0.496,0.376443,0.0,1,0.003956478,2.430719666,2.4948636309803454
QODHUO09_clean,QODHUO09_clean,7.01869,3.81528,6.63722,1.33794,1007.41,752.957,0.0,0.0,0.4858,0.363096,0.0,1,0.004017834,2.407639898,2.4762851917076363
QODHUO11_clean,QODHUO11_clean,7.01042,3.80896,6.9255,1.3366,1007.71,753.939,0.0,0.0,0.4868,0.364209,0.0,1,0.003998312,2.404111047,2.509920541739754
QODHUO_clean,QODHUO_clean,7.01702,3.80696,7.00767,1.33459,1022.86,766.423,0.0,0.0,0.4802,0.35981,0.0,1,0.003999448,2.402340217,2.4835429060625485
QODSUZ_clean,QODSUZ_clean,7.02333,3.67551,6.68721,1.32015,1014.75,768.665,0.0,0.0,0.4954,0.375261,0.0,1,0.003887686,2.422369786,2.4662379859922074
QOFBIY02_clean,QOFBIY02_clean,7.03275,3.83288,6.70379,1.33192,1017.39,763.856,0.0,0.0,0.4894,0.36744,0.0,1,0.003982508,2.406740022,2.478896784944648
QOFCAR_clean,QOFCAR_clean,7.04297,3.82338,7.04297,1.33044,1025.08,770.483,0.0,0.0,0.4874,0.366345,0.0,1,0.003949042,2.408028481,2.450597629470207
QOFCOF_clean,QOFCOF_clean,7.02932,3.80353,7.02932,1.32333,1025.15,774.676,0.0,0.0,0.4948,0.373906,0.0,1,0.004033637,2.421409485,2.534731470119031
QOFDIA08_clean,QOFDIA08_clean,7.02793,3.71306,6.40493,1.32259,1024.02,774.255,0.0,0.0,0.4926,0.372451,0.0,1,0.003972282,2.430860969,2.4751552284892604
QOFDIA_clean,QOFDIA_clean,7.0591,3.80398,6.95726,1.31482,1028.35,782.123,0.0,0.0,0.4968,0.377845,0.0,1,0.003857009,2.411683761,2.537035005246916
QOJVAM_clean,QOJVAM_clean,5.27687,4.07489,5.26218,1.3881,1464.38,1054.95,0.0,0.0,0.585,0.421438,0.0,1,0.011547055,4.450114713,4.375469639122113
QOKCID_clean,QOKCID_clean,4.30865,3.85554,4.26496,1.71497,435.499,253.939,0.0,0.0,0.3688,0.215047,0.0,1,0.010253112,1.376766666,2.054233236989952
QOMDUS_clean,QOMDUS_clean,5.73732,4.27265,5.65548,1.56934,1252.52,798.122,0.0,0.0,0.5388,0.343329,0.0,1,0.006367635,2.954635531,3.0958187546959692
QONQAM_clean,QONQAM_clean,6.95521,6.65822,6.95521,0.957388,1627.93,1700.38,0.0,0.0,0.609,0.636106,0.0,0,0.008365571,4.593751439,5.49706392774272
QOQWOK01_clean,QOQWOK01_clean,8.63633,6.73186,8.63063,0.935461,1473.57,1575.23,0.0,0.0,0.5784,0.618305,0.0,0,0.006086128,5.222857957,4.690336159519145
QOSJOZ_clean,QOSJOZ_clean,8.08316,3.97327,8.04054,1.14357,1840.46,1609.4,0.0,0.0,0.6224,0.54426,0.0,1,0.004412466,3.969144684,4.125240358881947
QOVDEL_clean,QOVDEL_clean,9.82811,9.16141,9.82811,1.34846,1344.96,997.404,0.0,0.0,0.5734,0.425224,0.0,1,0.001146899,1.640065515,1.4715637101248669
QOWQUO_manual,QOWQUO_manual,16.36508,5.22924,16.36508,0.720668,2111.4,2929.78,0.0,0.0,0.7092,0.984087,0.0,1,0.006731659,6.056877426,6.141897840121489
QOWRAV04_clean,QOWRAV04_clean,16.39644,5.24663,16.39644,0.717349,2130.73,2970.28,0.0,0.0,0.7132,0.994216,0.0,1,0.006855311,6.068340973,6.174017731843046
QOWRAV12_clean,QOWRAV12_clean,16.28739,5.21999,16.28739,0.722396,2138.93,2960.89,0.0,0.0,0.713,0.986993,0.0,1,0.006972338,6.139737342,6.231663723566577
QUBZAP_clean,QUBZAP_clean,7.14967,3.85025,7.14967,1.8852,994.903,527.743,2.6105,1.38473,0.4918,0.260874,0.0,1,0.001876352,1.550432003,1.569899889757909
QUDJIJ_clean,QUDJIJ_clean,5.71523,4.47901,5.71444,1.04798,1842.24,1757.9,0.0,0.0,0.5918,0.564707,0.0,1,0.010793109,5.492827556,5.7157735471113025
QUFTAM_clean,QUFTAM_clean,4.97686,4.54571,4.97686,1.56592,814.078,519.872,0.0,0.0,0.4264,0.2723,0.0,1,0.006927547,2.247716883,2.14430733482776
QUJJUC_clean,QUJJUC_clean,6.37183,4.25289,6.36461,1.09976,2598.54,2362.82,0.0821372,0.0746863,0.689,0.626499,0.0,0,0.004846061,5.009604068,4.7236648354189255
QULLEP_clean,QULLEP_clean,4.84676,3.51441,4.84676,1.2958,520.065,401.348,0.0,0.0,0.4678,0.361013,0.0,1,0.006043639,1.544632633,2.0903312983034095
QUNVIG_clean,QUNVIG_clean,7.99116,6.98056,7.99116,0.854766,1939.43,2268.96,0.0,0.0,0.6666,0.779862,0.0,0,0.003234,4.113607961,3.8827338811487517
QUNWAZ_clean,QUNWAZ_clean,6.68191,4.62372,6.68191,0.987311,1445.66,1464.24,0.0,0.0,0.5434,0.550384,0.0,1,0.011203583,4.608775246,4.988770533616975
QUQGAL_clean,QUQGAL_clean,5.24917,3.7405,5.24587,0.948381,1199.28,1264.55,0.0,0.0,0.5468,0.576561,0.0,1,0.009017947,5.023575262,4.673034063938412
QUQPOI_SL,QUQPOI_SL,6.67917,4.16594,6.67917,0.777338,2276.92,2929.12,0.0,0.0,0.6518,0.838503,0.0,0,0.012999956,8.783061068,7.947588588838489
QUQWOQ_clean,QUQWOQ_clean,10.06165,6.49649,10.06165,0.726621,2197.25,3023.92,0.0,0.0,0.7314,1.00658,0.0,1,0.005850255,6.183765225,6.2310085297135185
QUQWUW_clean,QUQWUW_clean,9.102,7.19033,9.102,0.965103,1741.04,1804.0,0.0,0.0,0.668,0.692154,0.0,1,0.006922316,6.2653685,5.392957335398315
QUSBIP_clean,QUSBIP_clean,10.66909,7.4091,8.27581,0.565023,2406.95,4259.92,0.0,0.0,0.764,1.35216,0.0,1,0.00408599,5.77635205,5.435017524059981
QUSRIH_clean,QUSRIH_clean,4.38791,3.69157,4.27847,1.86379,1077.12,577.916,0.0,0.0,0.549,0.294561,0.0,1,0.004932259,2.607053161,2.801678198200257
QUSSII_clean,QUSSII_clean,5.07067,4.28847,5.07067,1.30387,1013.74,777.485,0.0,0.0,0.5214,0.399886,0.0,1,0.013172936,3.623271044,3.790370361933578
RABHAZ_clean,RABHAZ_clean,6.83344,4.71663,6.83296,1.06807,1813.41,1697.83,0.0,0.0,0.6246,0.584793,0.0,1,0.002150396,2.449509922,2.576465780510552
RACHUA_clean,RACHUA_clean,10.9643,9.26908,10.9643,0.761133,2031.27,2668.75,0.0,0.0,0.7024,0.922834,0.0,1,0.003463886,4.234429523,4.205880988884369
RAFNUH01_clean,RAFNUH01_clean,5.42763,5.00502,5.42763,1.15566,1031.44,892.51,0.0,0.0,0.5104,0.441654,0.0,0,0.00317651,2.276361637,2.3858348342163063
RAFNUH_clean,RAFNUH_clean,4.89776,4.80325,4.89776,1.32249,640.157,484.055,0.0,0.0,0.4324,0.326959,0.0,0,0.007250796,2.042729646,2.16905228886309
RAKDAJ_clean,RAKDAJ_clean,8.45824,7.8928,8.45069,1.20511,2057.23,1707.09,0.0,0.0,0.6724,0.557956,0.0,1,0.003726091,3.619421669,3.7044711069394625
RASXIT_clean,RASXIT_clean,5.08501,3.51139,5.08501,2.43093,644.893,265.287,0.0,0.0,0.4018,0.165287,0.0,1,0.002959426,1.104704627,1.163408777100357
RAVWIW_clean,RAVWIW_clean,30.70055,30.14408,30.70055,0.362219,1156.23,3192.07,0.0,0.0,0.82,2.26383,0.0,1,0.004942553,5.267363423,5.591684117605168
RAVWUI_clean,RAVWUI_clean,36.78756,36.43313,36.78756,0.334728,1010.86,3019.95,0.0,0.0,0.8506,2.54117,0.0,1,0.004480542,5.198484579,4.943719136718473
RAXQEO_clean,RAXQEO_clean,8.85312,4.24768,8.85312,0.848051,1428.37,1684.3,0.0,0.0,0.631,0.744059,0.0,1,0.003523226,3.800013292,3.804066766743756
RAYFAA_clean,RAYFAA_clean,15.81778,9.45289,13.62877,0.959285,1554.88,1620.88,0.0,0.0,0.6988,0.728459,0.0,1,0.002695675,3.173478654,3.158647816169359
RAYFEE_clean,RAYFEE_clean,13.87561,10.03609,13.87561,0.965847,1665.9,1724.8,0.0,0.0,0.7062,0.731172,0.0,1,0.004393662,3.600592057,4.371662988957793
RAYKIN_clean,RAYKIN_clean,9.49471,7.12348,9.49471,1.03474,1089.85,1053.26,0.0,0.0,0.5584,0.539655,0.0,1,0.004437453,3.478217461,3.4655334587173794
RAYLAG_clean,RAYLAG_clean,8.06325,5.70271,8.06325,1.05948,1118.14,1055.37,0.0,0.0,0.5424,0.511951,0.0,1,0.005218401,3.286784407,3.5690336325696292
RAYMIP_clean,RAYMIP_clean,13.47425,9.8037,13.46784,0.502799,2109.81,4196.14,0.0,0.0,0.8088,1.6086,0.0,1,0.005071697,6.693120368,6.146998369271475
RAZXIA_clean,RAZXIA_clean,7.67887,4.23308,7.64737,1.56136,1212.02,776.259,0.0,0.0,0.456,0.292053,0.0,1,0.001627965,1.786332218,1.7598969190992313
RAZYOI_clean,RAZYOI_clean,7.72531,5.99694,7.71841,1.07668,1740.27,1616.34,0.0,0.0,0.608,0.564701,0.0,0,0.007040233,5.54514741,5.183826548832176
REDYEG_clean,REDYEG_clean,6.00247,5.30071,6.00247,1.71779,1047.72,609.926,0.0,0.0,0.4804,0.279662,0.0,0,0.004843681,1.918115056,2.1166638008011187
REFJET_clean,REFJET_clean,6.27741,5.87074,6.27741,1.48318,1233.99,831.987,0.0,0.0,0.4452,0.300165,0.000134845,1,0.006384734,3.222591374,3.315942420250856
REGJIW02_clean,REGJIW02_clean,4.15601,3.75321,4.15601,2.20306,528.853,240.053,0.0,0.0,0.3622,0.164407,0.0,0,0.011344921,2.384672099,2.366263260688252
REGMUN_clean,REGMUN_clean,5.53731,3.62481,5.51122,1.21407,657.252,541.362,0.0,0.0,0.452,0.372301,0.0,0,0.005527136,2.199424283,2.0439673084135417
REHVEH_clean,REHVEH_clean,5.09966,4.72276,5.09966,1.21463,819.918,675.033,0.0,0.0,0.4664,0.383984,0.0,0,0.011419468,2.859735015,2.9849291585294067
REWSUJ_clean,REWSUJ_clean,7.20015,5.05884,7.19749,1.17107,1370.13,1169.98,0.0,0.0,0.5526,0.471877,0.0,1,0.004453918,3.402048176,3.4347928388342615
REXCOO_clean,REXCOO_clean,8.77219,5.8473,8.77219,1.32352,1734.33,1310.39,0.0,0.0,0.6516,0.492323,0.0,0,0.002281079,2.514604019,2.6074480227445345
REXDEF_clean,REXDEF_clean,8.48446,5.31586,8.48446,1.36884,1680.23,1227.48,0.0,0.0,0.6354,0.464188,0.0,0,0.00244895,2.536004685,2.5775351154055044
REXFEH_clean,REXFEH_clean,9.20954,5.96123,9.20203,1.33437,1715.88,1285.91,0.0,0.0,0.627,0.469885,0.0,0,0.002134932,2.510138634,2.481402218970645
REXFOR_clean,REXFOR_clean,8.55578,6.22037,8.55578,1.35087,1711.36,1266.85,0.0,0.0,0.6414,0.474804,0.0,0,0.002356127,2.514475646,2.571623883696035
REYBAA_clean,REYBAA_clean,4.19945,3.50951,4.19839,1.29344,533.841,412.731,0.0,0.0,0.4586,0.35456,0.0,0,0.003841351,1.962834687,2.254231972336417
REZXIE01_clean,REZXIE01_clean,8.61957,8.10066,8.61957,0.817919,2366.84,2893.73,0.0,0.0,0.7116,0.870012,0.0,1,0.002817032,3.588702746,3.738220526173215
RIBDEN_clean,RIBDEN_clean,6.08901,5.09508,6.08573,0.93229,2330.9,2500.19,0.0,0.0,0.6512,0.698495,0.0,0,0.005927769,5.921037909,5.645688404736118
RIFMIE_clean,RIFMIE_clean,5.81313,3.54807,5.80072,1.27517,844.386,662.176,100.563,78.8628,0.5018,0.393516,0.0,1,0.005421981,2.578454204,2.73959395497838
RIFSOQ_clean,RIFSOQ_clean,12.93918,4.8446,12.92898,0.716983,1922.33,2681.14,0.0,0.0,0.6812,0.950093,0.0,0,0.008656842,6.252701566,6.299024915099268
RIGPEE_clean,RIGPEE_clean,4.3699,3.50423,4.34774,1.23163,597.681,485.277,0.0,0.0,0.468,0.379984,0.0,1,0.003462019,2.791057662,2.2433454499520926
RIGTIL_clean,RIGTIL_clean,6.02864,4.29629,6.02864,1.13222,1723.76,1522.46,0.0,0.0,0.6098,0.538588,0.0,0,0.010454284,5.478331759,5.35397751625997
RIYBIM_clean,RIYBIM_clean,8.35741,7.50788,8.28491,1.24126,2090.26,1683.99,0.0,0.0,0.6636,0.534619,0.0,0,0.004031552,3.909519596,3.984258410402686
ROCZUG_clean,ROCZUG_clean,6.74711,5.16908,6.7416,0.926118,2487.32,2685.75,0.0,0.0,0.688,0.742886,0.0,1,0.003686972,4.337192693,4.269846868674375
ROGSAI_clean,ROGSAI_clean,7.26111,4.49108,7.2508,1.17019,1831.91,1565.48,0.0,0.0,0.6072,0.51889,0.0,1,0.003776645,3.712089729,3.31488643950566
ROMQAN_clean,ROMQAN_clean,4.67601,3.58614,4.53668,1.50157,646.168,430.33,0.0,0.0,0.452,0.301019,0.0,1,0.004083943,1.806296034,1.956939677873891
RORLIV_clean,RORLIV_clean,5.0614,3.45442,5.0614,1.30915,1167.77,892.008,0.0,0.0,0.6106,0.466408,0.0,0,0.002539537,2.087071647,2.333834351778278
ROYROO_clean,ROYROO_clean,6.57261,5.08535,6.54322,1.19171,1317.71,1105.73,1.69583,1.42302,0.5486,0.460348,0.0,1,0.017338515,3.92106267,4.565524885727559
RUBTAK01_SL,RUBTAK01_SL,8.70379,4.00842,8.70379,1.20121,1712.27,1425.46,0.0,0.0,0.5914,0.492338,0.000832496,0,0.005919256,3.947538171,3.942198942876621
RUFTET_clean,RUFTET_clean,5.41592,3.76809,5.41592,1.32563,1019.52,769.082,0.0,0.0,0.4806,0.362546,0.0,0,0.004307888,2.884419684,2.4484936443803282
RUGXOI01_clean,RUGXOI01_clean,6.51947,4.18889,6.51947,1.08279,1782.29,1646.02,0.0,0.0,0.638,0.589221,0.0,0,0.008497531,5.884035494,5.469878373935318
RUGXOI_clean,RUGXOI_clean,5.21341,3.72816,5.20196,1.19066,1517.77,1274.73,0.0,0.0,0.586,0.492165,0.0,0,0.012682395,5.68708559,5.09374135351296
RUHFOR_clean,RUHFOR_clean,10.01133,8.72369,10.0082,0.889531,2175.51,2445.69,0.0,0.0,0.787,0.884736,0.0,1,0.001672807,2.304630374,2.3428783584231634
RUHFUX_clean,RUHFUX_clean,9.94292,8.65457,9.91903,0.903529,2165.07,2396.24,0.0,0.0,0.7826,0.86616,0.0,1,0.001530521,2.316786082,2.1410246356614526
RULVUP_clean,RULVUP_clean,5.01128,4.18788,4.96894,1.11888,878.165,784.859,0.0,0.0,0.5036,0.450092,0.0,1,0.012424293,3.529576534,3.506480367025251
RUNXUV_clean,RUNXUV_clean,5.8356,4.62926,5.8296,1.09463,1307.34,1194.33,0.0,0.0,0.5502,0.502636,0.0,0,0.013342608,4.63889049,4.581905161528782
RUPVAB_clean,RUPVAB_clean,13.61739,4.61754,13.61739,0.953237,2216.88,2325.64,0.0,0.0,0.6886,0.722381,0.0,1,0.006546409,6.019754862,5.3514491035237395
RURPAW_clean,RURPAW_clean,4.26453,3.57847,4.26352,2.09861,723.866,344.926,0.0,0.0,0.4906,0.233773,0.0,1,0.013132617,3.32003546,3.2065856754177933
RURPEA_clean,RURPEA_clean,4.37304,3.99561,4.36427,1.79681,1037.11,577.197,0.0,0.0,0.5372,0.298975,0.0,1,0.006602581,2.963736356,3.173414722981552
RUSWOT_clean,RUSWOT_clean,6.47922,3.93218,6.4245,1.19886,1481.92,1236.11,0.0,0.0,0.5554,0.463273,0.0,1,0.005944117,3.963948877,3.8830499123721034
RUSXEK_clean,RUSXEK_clean,6.54291,3.90146,6.54291,1.24418,1488.27,1196.19,0.0,0.0,0.5602,0.450258,0.0,1,0.005801266,3.917747327,3.7585323577548313
RUTNOK_manual,RUTNOK_manual,24.61263,14.64846,24.61263,0.240823,1468.58,6098.18,0.0,0.0,0.9018,3.74465,0.0,0,0.004315416,5.853229965,6.350639012538074
RUVBOB_clean,RUVBOB_clean,6.09913,3.98908,5.99424,1.3777,1258.08,913.177,14.3931,10.4472,0.545,0.395586,0.0,0,0.005420751,3.217059168,3.2446849655896526
RUVKAV_clean,RUVKAV_clean,11.95152,7.15447,11.95152,0.601684,2230.0,3706.27,0.0,0.0,0.7794,1.29537,0.0,1,0.004554373,5.346958756,5.550552535401791
RUYNIK_clean,RUYNIK_clean,5.71975,3.68772,5.7164,1.35451,1400.63,1034.05,0.0,0.0,0.5398,0.398522,0.0,1,0.005207253,3.213090284,3.3989509864342486
RUYQIN02_clean,RUYQIN02_clean,9.7478,7.37011,9.74761,1.14404,1452.85,1269.93,0.0,0.0,0.5842,0.510647,0.0,1,0.003123829,3.49930141,3.1982027044416514
RUYVAK_clean,RUYVAK_clean,9.67948,7.48497,9.67948,1.15401,1452.68,1258.81,0.0,0.0,0.5806,0.503115,0.0,1,0.003352263,3.662438458,3.267202664511199
SABKIS_clean,SABKIS_clean,6.81493,5.97974,6.81375,1.3839,1674.07,1209.68,0.0,0.0,0.6086,0.439772,0.0,1,0.004933593,3.899403022,3.850365444747157
SABVOH_manual,SABVOH_manual,6.26548,5.9824,6.25328,0.999416,1586.53,1587.46,0.0,0.0,0.5914,0.591745,0.0,0,0.012009211,4.902459659,5.807509849223216
SADLIU_clean,SADLIU_clean,6.85652,6.48147,6.85652,1.67165,1571.6,940.146,0.0,0.0,0.549,0.328417,0.0,0,0.006844804,3.962284814,3.8368076662344732
SAHXAD_clean,SAHXAD_clean,7.24131,5.09073,7.23502,0.88875,2564.25,2885.23,0.0,0.0,0.6954,0.782447,0.0,1,0.005255686,5.944502455,5.568421580641427
SAJDIT_clean,SAJDIT_clean,7.44507,6.67773,7.44507,1.18884,1185.58,997.26,0.0,0.0,0.5216,0.438748,0.0,1,0.004034819,3.42783677,3.1464425441930057
SANHUN_clean,SANHUN_clean,6.50583,4.8025,6.36295,1.599,1277.92,799.196,0.0,0.0,0.517,0.323327,0.0,1,0.011091244,4.12848743,3.6401544939961683
SARHAW_clean,SARHAW_clean,11.26396,10.8267,11.26396,1.13289,1578.11,1393.0,0.0,0.0,0.6352,0.560691,0.0,1,0.00391338,4.505285947,4.399305069198796
SAXLEK_clean,SAXLEK_clean,9.25038,8.58806,9.25038,1.08002,1714.03,1587.03,0.0,0.0,0.6988,0.647023,0.0,1,0.001080622,1.484936542,1.4366764790688624
SEFVUW_clean,SEFVUW_clean,11.26795,3.60856,11.26795,0.928704,1552.88,1672.09,0.0,0.0,0.6514,0.701407,0.0,0,0.002527785,3.193554746,3.0199654033923795
SERWAP_clean,SERWAP_clean,5.42763,4.05857,5.33801,0.873598,1883.71,2156.27,0.0,0.0,0.6098,0.698033,0.0,0,0.014415477,6.559738129,7.460571620116171
SETPEO_clean,SETPEO_clean,14.47047,3.66339,14.46844,0.794221,1742.27,2193.69,0.0,0.0,0.7298,0.918888,0.0,1,0.005215659,5.83426013,5.223619216687301
SETSOB_clean,SETSOB_clean,6.38657,4.98443,6.37723,0.814512,2668.09,3275.69,0.0,0.0,0.6874,0.843941,0.0,0,0.006872882,6.219851376,6.92775553100644
SEVLEM_clean,SEVLEM_clean,9.1752,7.37433,9.1752,0.963135,2062.24,2141.17,0.0,0.0,0.6686,0.694191,0.0,1,0.002961033,3.197507548,3.5806593450337596
SIKGAW_clean,SIKGAW_clean,4.92676,4.21433,4.92676,0.888887,2386.29,2684.58,0.0,0.0,0.6492,0.730352,0.0,0,0.004576917,4.875844259,5.056447008499617
SISQES_clean,SISQES_clean,5.97003,5.21528,5.97003,1.65966,1234.67,743.931,0.0,0.0,0.5184,0.312353,0.0,1,0.00751116,3.006759348,3.215492066207379
SITTUM_clean,SITTUM_clean,6.67296,3.57209,6.58264,1.4371,626.277,435.791,0.0,0.0,0.4524,0.3148,0.0,1,0.004532221,1.98273274,1.8631477000005308
SIVJIS_clean,SIVJIS_clean,6.47513,4.62269,6.40533,1.38853,1236.89,890.797,0.0,0.0,0.5274,0.379827,0.0,0,0.007768288,3.121163874,3.546356118311223
SIWTEZ_clean,SIWTEZ_clean,6.78942,4.98966,6.77665,1.39975,1050.66,750.605,0.0,0.0,0.4732,0.33806,0.0,1,0.005046789,2.739766151,2.673595196610871
SODZIV_clean,SODZIV_clean,6.23207,5.25681,6.23207,1.2688,1153.66,909.256,0.0,0.0,0.5338,0.420714,0.0,1,0.003600373,2.665821561,2.5706894661937585
SOHBUO_clean,SOHBUO_clean,4.82292,4.04207,4.82292,1.2506,823.12,658.177,0.0,0.0,0.481,0.384614,0.0,1,0.006082364,2.523475809,2.5762079507803204
SOHMEI_clean,SOHMEI_clean,8.65383,8.02301,8.62464,1.19399,2084.79,1746.06,0.0,0.0,0.6688,0.560138,0.0,0,0.003710292,3.755473373,3.81867656040777
SOHNEJ_clean,SOHNEJ_clean,8.72478,7.97366,8.7184,1.18471,2089.45,1763.69,0.0,0.0,0.6672,0.563178,0.0,0,0.003822206,3.705252773,3.9070470126525687
SOHNIN_clean,SOHNIN_clean,8.46136,7.91648,8.46136,1.21276,2069.15,1706.15,0.0,0.0,0.6704,0.552789,0.0,0,0.003895938,3.713900465,3.845731026214089
SOJSUH_clean,SOJSUH_clean,8.78676,6.77563,8.78676,0.847279,2062.57,2434.34,0.0,0.0,0.6744,0.79596,0.0,1,0.005696209,5.000769132,5.306597633589396
SOKKUZ_clean,SOKKUZ_clean,6.70484,6.32665,6.70484,1.05966,2286.47,2157.74,0.0,0.0,0.6502,0.613593,0.0,0,0.010160998,7.204299115,7.020874189034868
SOMCON_clean,SOMCON_clean,8.11347,7.39172,8.11088,1.23046,2025.07,1645.79,0.0,0.0,0.6712,0.545487,0.0,0,0.003712925,3.647442402,3.7584892442837528
SONVEX_neutral_b,SONVEX_neutral_b,13.20026,6.62162,13.20026,0.879921,2126.12,2416.26,0.0,0.0,0.7172,0.815073,0.0,1,0.007566169,5.180165301,5.190158391855685
SOTWUV_clean,SOTWUV_clean,6.18672,5.12197,6.18672,1.20466,2258.56,1874.85,0.0,0.0,0.6516,0.540898,0.0,1,0.003857554,3.852269405,3.7854083689043345
SOTXEG_neutral,SOTXEG_neutral,5.04075,3.40746,5.04075,1.50786,630.779,418.326,0.0,0.0,0.472,0.313026,0.0,0,0.005087114,1.865533206,2.005153523299148
SOYWOT_neutral_b,SOYWOT_neutral_b,13.17245,6.57882,13.17245,0.881994,2147.64,2434.99,0.0,0.0,0.7166,0.812478,0.0,1,0.007837404,5.200024881,5.409386755876743
SOZSEH_clean,SOZSEH_clean,8.87095,4.01926,8.85196,0.99882,1779.57,1781.67,0.0,0.0,0.63,0.630744,0.0,1,0.008010469,6.306302509,6.031782772570641
SOZSOR_clean,SOZSOR_clean,8.74499,3.992,8.31175,1.01024,1785.62,1767.53,0.0,0.0,0.6274,0.621043,0.0,1,0.00807965,6.283273196,6.076536799145785
SUBMIN_clean,SUBMIN_clean,9.97573,6.14945,9.9755,0.833875,1650.14,1978.89,0.0,0.0,0.635,0.761505,0.0,0,0.006175193,5.131411509,4.853429502658048
SUCLOT_clean,SUCLOT_clean,5.75412,5.30597,5.75185,0.900285,1657.72,1841.33,0.0,0.0,0.6148,0.682895,0.0,1,0.004213264,4.28842626,4.1136827854702585
SUFBAY_clean,SUFBAY_clean,6.49481,4.4278,6.49481,0.863231,1967.74,2279.51,0.0,0.0,0.608,0.704331,0.0,0,0.013673205,5.988685118,7.387395287362817
SUFJOU_clean,SUFJOU_clean,6.30332,3.54841,6.29414,1.24899,1424.61,1140.61,0.0,0.0,0.571,0.457169,0.0,1,0.01901421,5.249523369,5.25066937190231
SUKYON_clean,SUKYON_clean,10.7978,7.28862,10.07334,0.52652,2852.06,5416.81,0.601169,1.14178,0.7786,1.47877,0.0,1,0.005814281,7.626612429,6.875473508007688
SUNHUF_clean,SUNHUF_clean,6.56646,4.08998,6.54784,1.26553,1485.95,1174.18,0.0,0.0,0.5694,0.449931,0.0,0,0.005932958,3.970637603,3.6849172727623674
SUNJOB_clean,SUNJOB_clean,4.89048,3.89627,4.72752,1.37509,1744.51,1268.65,0.0,0.0,0.5894,0.428626,0.0,1,0.006975359,4.353761784,4.270623537008429
SURDOA_clean,SURDOA_clean,4.38797,3.72635,4.38797,1.29817,708.567,545.82,0.0,0.0,0.448,0.345101,0.0,0,0.004684688,2.25510143,2.417058218886368
TACFIN_clean,TACFIN_clean,4.11781,3.54093,4.10826,2.15064,560.827,260.772,0.0,0.0,0.499,0.232024,0.0,0,0.01452455,2.888531507,3.536924414419545
TADWIG_manual,TADWIG_manual,12.20204,12.01283,12.20204,0.782648,1673.73,2138.55,0.0,0.0,0.6702,0.856323,0.0,1,0.009705151,5.172170604,6.011267920298062
TADYEE_clean,TADYEE_clean,6.41454,5.84385,6.41454,1.06115,1369.43,1290.51,0.0,0.0,0.545,0.513592,0.0,0,0.003457755,2.860259063,3.048986888278005
TADYII_clean,TADYII_clean,4.96323,4.04573,4.95818,1.11527,1604.24,1438.44,0.0,0.0,0.5578,0.500149,0.0,0,0.002783374,2.66537427,2.9287038228211033
TAGTED_clean,TAGTED_clean,7.12719,5.34262,7.10815,0.804618,2476.05,3077.29,0.0,0.0,0.6892,0.856555,0.0,1,0.005627894,5.983990452,5.955948441042531
TAGTUT_clean,TAGTUT_clean,8.9985,5.11189,8.9985,0.769828,1964.88,2552.36,0.0,0.0,0.6538,0.849281,0.0,1,0.007411749,6.793190219,5.907856121393732
TAKGUK_clean,TAKGUK_clean,10.52986,9.57688,10.52986,1.52454,1236.56,811.103,0.0,0.0,0.5926,0.388707,0.0,1,0.002475201,1.997694798,2.139174640651377
TANBOZ_clean,TANBOZ_clean,6.76714,4.26504,6.76714,1.06143,2653.84,2500.25,0.0,0.0,0.7164,0.674939,0.0,1,0.001194958,1.585060692,1.6290752990650488
TASVUG_clean,TASVUG_clean,7.60995,6.84404,7.60152,1.19319,1872.8,1569.57,0.0,0.0,0.6146,0.515088,0.0,1,0.003622035,3.225639736,3.5696242074571836
TAZYAV_clean,TAZYAV_clean,6.36917,5.18527,6.3624,0.882052,2917.95,3308.15,0.0,0.0,0.7278,0.825122,0.0,0,0.002993127,3.833202447,3.959094876376222
TEDXOR_clean,TEDXOR_clean,4.80997,3.90285,4.79195,1.24859,706.426,565.776,0.0,0.0,0.4748,0.380268,0.0,1,0.008065527,2.889162493,2.8302014776468813
TEFWOR_clean,TEFWOR_clean,8.09113,4.61719,8.09113,1.43313,1313.7,916.666,0.0,0.0,0.5436,0.379311,0.0,0,0.012059392,2.891025219,3.7657725403368176
TEHRUU_clean,TEHRUU_clean,4.78045,3.65221,4.45538,1.55312,875.885,563.951,207.395,133.534,0.5568,0.358503,0.0,1,0.002116113,1.715350173,1.8727182553146755
TEHWEK_clean,TEHWEK_clean,5.04484,3.57491,5.04484,1.22875,1458.35,1186.85,0.0,0.0,0.6306,0.513203,0.0,0,0.006202826,3.683637975,4.141858203370339
TEJLOL_clean,TEJLOL_clean,6.35231,4.97084,6.35231,1.25899,1757.24,1395.75,0.0,0.0,0.6298,0.500244,0.0,1,0.004441576,3.606788057,3.9195063338108946
TEMPEI_clean,TEMPEI_clean,15.71457,10.86579,15.71457,0.592467,1916.3,3234.44,0.0,0.0,0.745,1.25745,0.0,1,0.004156663,4.879735085,4.8988718053394225
TEQWER01_clean,TEQWER01_clean,4.21874,3.59841,4.17878,1.6409,883.632,538.504,0.0,0.0,0.5372,0.327381,0.0,1,0.003977251,2.474484211,2.600765728662812
TEQWER_clean,TEQWER_clean,4.21138,3.62218,4.19081,1.63762,863.669,527.392,0.0,0.0,0.5414,0.330601,0.0,1,0.004129904,2.468476023,2.5297191059790114
TETZEX_clean,TETZEX_clean,9.38994,9.11674,9.38994,1.90854,1244.92,652.292,0.0,0.0,0.5738,0.300649,0.0,0,0.01905581,5.440192368,8.271544140126347
TETZID_clean,TETZID_clean,5.13889,3.8044,5.11428,1.3464,751.257,557.976,64.4982,47.9043,0.4882,0.362598,0.0,0,0.005953465,2.541362724,2.4129040374696045
TEWFUY_clean,TEWFUY_clean,5.12402,3.76853,5.12402,1.20256,906.265,753.612,0.0,0.0,0.4818,0.400645,0.0,1,0.012451086,3.775278255,3.3222319157643447
TIGSOT_clean,TIGSOT_clean,4.31733,3.92478,4.29293,1.79014,708.62,395.847,0.0,0.0,0.4326,0.241658,0.0,1,0.006183293,2.147145645,2.3019009781453854
TIQHIL_clean,TIQHIL_clean,4.95366,3.41712,4.75042,1.6098,421.45,261.803,0.0,0.0,0.389,0.241646,0.0,0,0.002901653,1.733648506,1.4340686716330053
TIRQOB_clean,TIRQOB_clean,6.9378,5.1125,6.91934,1.1916,1497.46,1256.68,0.0,0.0,0.5672,0.475998,0.0,1,0.017598202,4.617119616,5.417050409228046
TISHAF_clean,TISHAF_clean,10.6324,4.41521,10.62231,0.802555,2137.19,2662.99,0.0,0.0,0.6594,0.821626,0.0,1,0.01019266,7.517549142,6.954765998125696
TIXMET_clean,TIXMET_clean,7.38507,6.83905,7.38507,1.43185,1792.23,1251.69,0.0,0.0,0.6648,0.464295,0.0,0,0.003465144,3.304312658,3.6013669822234795
TIXMIX_clean,TIXMIX_clean,5.48641,4.37851,5.43408,1.55041,1423.25,917.982,0.0,0.0,0.5816,0.375127,0.0,0,0.005357435,2.973184279,3.1300632463516282
TOBJUR_clean,TOBJUR_clean,10.64745,9.47902,10.64745,1.06964,1632.11,1525.85,0.0,0.0,0.6686,0.625069,0.0,1,0.004191611,4.330716957,4.2655922796208126
TOFTIT_clean,TOFTIT_clean,20.17115,6.28286,20.17115,0.598403,2258.24,3773.78,0.0,0.0,0.7822,1.30715,0.0,1,0.00522074,5.859330512,5.975816937397216
TOHJIL_clean,TOHJIL_clean,5.54681,3.74513,5.54681,2.48482,1379.64,555.227,0.0,0.0,0.5704,0.229553,0.0,1,0.002585315,1.809390667,1.7429454774545692
TOHYUM_clean,TOHYUM_clean,6.18172,4.54627,6.18172,1.23378,1539.69,1247.95,0.0,0.0,0.5958,0.482905,0.0,1,0.008428248,4.456604892,4.517292472629648
TOJLOT_clean,TOJLOT_clean,9.35136,7.4656,9.35136,0.787935,1703.38,2161.83,0.0,0.0,0.6612,0.839156,0.0,0,0.003856462,4.849430944,4.24059014991217
TOKDON_clean,TOKDON_clean,5.68269,4.05076,5.58356,1.1925,2235.99,1875.04,0.0,0.0,0.6214,0.52109,0.0,1,0.008362719,6.065415671,5.389608034862775
TOLGOR_clean,TOLGOR_clean,5.98694,4.00719,5.95033,1.17836,1406.99,1194.02,0.0,0.0,0.5528,0.469125,0.0,1,0.008152823,3.874361399,4.386674702984985
TOLYOJ_clean,TOLYOJ_clean,5.56011,4.7997,5.54043,0.908517,1594.37,1754.91,0.0,0.0,0.5744,0.632239,0.0,1,0.006443281,4.892347664,4.899558865246322
TONTIB_clean,TONTIB_clean,8.17686,3.88128,8.17686,0.785515,2106.51,2681.7,0.0,0.0,0.6434,0.819081,0.0,0,0.008445489,7.936113418,7.22366532225412
TORKES_clean,TORKES_clean,5.31982,3.78089,5.2376,1.14355,1498.22,1310.14,0.0,0.0,0.5788,0.506141,0.0,1,0.005000865,3.45869527,3.7366881830061383
TORPUN_clean,TORPUN_clean,8.7872,8.28484,8.78484,1.1627,1327.18,1141.46,0.0,0.0,0.5712,0.49127,0.0,0,0.004187482,3.420737468,3.5113215339829047
TOVJIZ_clean,TOVJIZ_clean,12.65101,8.2906,12.63941,0.451159,2031.86,4503.64,0.0,0.0,0.8026,1.77897,0.0,1,0.004700397,5.880429835,6.042996263481418
TOXHAR_clean,TOXHAR_clean,4.88487,4.27765,4.88487,1.14926,1012.18,880.723,0.0,0.0,0.4974,0.4328,0.0,1,0.006440351,3.22581907,3.196033708195899
TOXMUQ_clean,TOXMUQ_clean,6.89787,6.74832,6.89787,1.06186,1595.8,1502.83,0.0,0.0,0.5884,0.55412,0.0,0,0.019131104,6.99285572,6.702701677994836
TUKCOT_clean,TUKCOT_clean,5.03348,3.75359,4.98119,1.1597,1353.77,1167.35,0.0,0.0,0.5642,0.486504,0.0,1,0.009509667,4.52959805,4.546251896354997
TUMQID_clean,TUMQID_clean,4.78803,3.71858,4.78803,1.19719,1092.19,912.297,0.0,0.0,0.5342,0.446213,0.0,1,0.011593529,4.439240579,4.19659328334978
TUMROK_clean,TUMROK_clean,4.44242,3.69598,4.44242,1.23691,1067.61,863.126,0.0,0.0,0.5056,0.40876,0.0,0,0.014583091,4.682869488,4.457587244266645
TURDUH_clean,TURDUH_clean,6.62446,4.36886,6.61015,1.02982,1359.58,1320.21,0.0,0.0,0.5506,0.534658,0.0,0,0.007214435,4.615312734,4.378183830281321
TUYFIE_clean,TUYFIE_clean,5.48587,4.03732,5.48587,1.18223,1310.67,1108.64,0.0,0.0,0.5692,0.481463,0.0,1,0.01615011,4.351186433,4.677069376064642
TUYJED_clean,TUYJED_clean,8.921,4.25748,8.91848,1.03154,2274.68,2205.14,0.0,0.0,0.7106,0.688873,0.0,1,0.002144186,3.00520434,2.9507568748269577
UBULIO_SL,UBULIO_SL,24.23226,22.89921,24.21499,0.438068,1818.16,4150.4,0.0,0.0,0.8258,1.8851,0.0,1,0.004056353,5.475620236,5.536145444961052
UCAXEC_clean,UCAXEC_clean,4.65972,3.79898,4.65972,1.24715,773.765,620.428,0.335064,0.268664,0.4924,0.394821,0.0,1,0.007230106,2.854805617,3.0654026458332337
UCOXOZ_clean,UCOXOZ_clean,6.74707,6.10487,6.74209,1.02439,1598.25,1560.2,14.8613,14.5075,0.5836,0.569706,0.0,1,0.005067677,4.234926982,4.453440503218876
UDUMIP02_clean,UDUMIP02_clean,7.11427,6.32764,7.10696,1.42622,1719.35,1205.53,0.0,0.0,0.5884,0.412559,0.0,1,0.002442416,2.622651033,2.661391857754118
UFEXEJ_clean,UFEXEJ_clean,5.30731,5.14101,5.30608,2.3365,1189.34,509.026,0.0,0.0,0.4796,0.205264,0.0,1,0.003662686,1.989325839,1.7698652469510174
UFEXIN_clean,UFEXIN_clean,5.2808,5.11213,5.27438,2.36936,1181.21,498.534,0.0,0.0,0.4788,0.20208,0.0,1,0.003603998,1.954557121,1.718264767820593
UFUQIV_clean,UFUQIV_clean,7.38156,5.81733,6.18024,0.675677,2389.77,3536.85,0.0,0.0,0.7014,1.03807,0.0,1,0.006309611,6.959330628,6.898024355886487
UGOFED_clean,UGOFED_clean,5.38504,4.20309,4.96349,1.22232,1169.34,956.656,0.0,0.0,0.5274,0.431476,0.0,1,0.014680452,3.879046005,4.281656874034521
UHASED_clean,UHASED_clean,4.93212,3.89765,4.93212,1.32119,1664.14,1259.57,0.0,0.0,0.5574,0.421891,0.0,0,0.011445745,5.670909881,5.203298006152199
UJEDIX_clean,UJEDIX_clean,4.86939,3.4331,4.86939,1.44888,987.806,681.772,2.33073,1.60864,0.5456,0.376567,0.0,0,0.003291689,2.179117079,2.2875554343623987
UJULIW_clean,UJULIW_clean,7.01875,6.807,7.01875,2.47032,548.528,222.047,0.0,0.0,0.3284,0.132938,0.0,1,0.00506653,1.475990471,1.7721736174866967
UKAJOH_clean,UKAJOH_clean,5.01926,3.81172,4.98641,1.35653,485.975,358.247,0.0,0.0,0.4304,0.317279,0.0,1,0.01399874,2.065671974,2.2953891044891765
UKAPUS_clean,UKAPUS_clean,6.98994,4.84446,6.98994,1.13705,1711.16,1504.91,0.0,0.0,0.5842,0.513788,0.0,0,0.00696048,4.465572943,4.556352118954592
UKIQOV_clean,UKIQOV_clean,13.66711,9.63813,13.66009,0.628902,2104.6,3346.47,0.0,0.0,0.7776,1.23644,0.0,1,0.005340877,5.887227541,6.068194681187397
UKOZOK_clean,UKOZOK_clean,5.16699,3.99697,5.16538,2.08607,1456.61,698.257,0.0,0.0,0.5214,0.249944,0.0,1,0.004813004,2.587833752,2.421629458261261
ULIMIN_clean,ULIMIN_clean,5.00183,3.7748,4.85322,1.2693,515.601,406.208,162.351,127.906,0.476,0.375009,0.0,0,0.015570184,3.352070302,3.1549412106489054
ULOGAE_clean,ULOGAE_clean,6.57121,5.40028,5.95167,1.35328,2211.75,1634.36,0.0,0.0,0.6272,0.463465,0.0,1,0.005023498,4.090558211,4.3390790497183485
UMABOB_clean,UMABOB_clean,5.41853,4.65091,5.41146,1.04463,1738.12,1663.87,0.0,0.0,0.574,0.549478,0.0,1,0.007448033,5.022672222,4.758897609135756
UMEKEE_clean,UMEKEE_clean,8.30632,6.09762,8.27233,0.751545,2616.23,3481.13,0.0,0.0,0.734,0.976654,0.0,0,0.00502019,5.944055273,5.90955727899479
UMEQAG_clean,UMEQAG_clean,7.17863,4.94429,6.16873,1.58166,1384.15,875.123,0.0,0.0,0.5566,0.351908,0.0,1,0.006877968,3.605736884,3.4880956916681507
UMESOW_clean,UMESOW_clean,7.17498,4.93769,6.17391,1.56952,1391.65,886.672,0.0,0.0,0.5498,0.350298,0.0,1,0.007043507,3.628412683,3.4921630294972155
UMOBEF05_clean,UMOBEF05_clean,9.81532,6.14212,9.81476,0.699468,2487.48,3556.24,0.0,0.0,0.705,1.00791,0.0,1,0.007955497,6.955580891,7.126463426156379
UMOBEF08_clean,UMOBEF08_clean,9.5277,6.07844,9.52714,0.722374,2381.06,3296.16,0.0,0.0,0.701,0.970411,0.0,1,0.008519379,6.797411883,6.918306937757645
UMOBEF09_clean,UMOBEF09_clean,9.30813,6.0393,8.12664,0.731985,2350.62,3211.3,0.0,0.0,0.696,0.95084,0.0,1,0.008210263,6.761768402,7.009947670621856
UMODEH09_clean,UMODEH09_clean,7.58377,5.1021,6.14779,0.720299,2563.17,3558.48,0.0,0.0,0.6962,0.966543,0.0,1,0.008591505,7.274381091,7.45672256732341
UMODEH13_clean,UMODEH13_clean,8.08,5.10727,6.08981,0.75692,2343.08,3095.55,0.0,0.0,0.6792,0.89732,0.0,1,0.008824684,6.824712989,7.018453628657239
UMODEH15_clean,UMODEH15_clean,11.39121,5.37416,11.39121,0.528259,2720.83,5150.56,0.0,0.0,0.7764,1.46973,0.0,1,0.005021564,6.866662263,6.621593684071899
UMODEH16_clean,UMODEH16_clean,13.02556,5.98917,13.02556,0.473838,2451.04,5172.75,0.0,0.0,0.8008,1.69003,0.0,1,0.004364721,6.180425612,6.081576116102701
UMODEH19_clean,UMODEH19_clean,9.53314,6.14559,9.53308,0.644874,2729.74,4232.98,0.0,0.0,0.7296,1.13138,0.0,1,0.007140864,7.329176429,7.232044455985587
UMOVEZ05_clean,UMOVEZ05_clean,10.32083,5.66439,10.32083,0.556946,2888.61,5186.51,0.0,0.0,0.7674,1.37787,0.0,1,0.005927558,7.127371395,7.130165163574196
UMOYOM10_clean,UMOYOM10_clean,9.29709,5.30741,9.29709,0.582563,2853.3,4897.84,0.0,0.0,0.748,1.28398,0.0,1,0.005434493,6.713728832,6.725413931397169
UMUBOV_clean,UMUBOV_clean,10.36323,5.21129,10.36305,0.581505,2938.31,5052.94,0.0,0.0,0.7516,1.29251,0.0,1,0.005908302,7.360838041,7.181325346548725
UNUNEY_clean,UNUNEY_clean,34.00674,17.63763,34.00674,0.237838,1109.56,4665.2,0.0,0.0,0.9182,3.86062,0.0,1,0.003733632,5.515178564,5.565807540427489
UQOWUU_clean,UQOWUU_clean,5.90125,3.62484,5.90125,1.49858,1462.39,975.848,0.0,0.0,0.5542,0.369817,0.0,1,0.004828464,3.038212336,3.0421636804343066
UQOYOP_clean,UQOYOP_clean,5.62402,4.63088,5.62402,1.0296,1173.78,1140.03,0.0,0.0,0.5218,0.506796,0.0,0,0.011776758,5.004362838,4.371372175221933
UREVIY_clean,UREVIY_clean,4.97933,3.80174,4.64142,1.58439,1154.53,728.69,0.0,0.0,0.5098,0.321764,0.0,1,0.006039889,2.92331864,3.00487551796155
USIRUL_clean,USIRUL_clean,4.36706,3.58238,4.17257,1.44082,204.986,142.27,0.0,0.0,0.3816,0.264849,0.0,0,0.007239674,1.163993478,1.7199272305179645
USISEW_clean,USISEW_clean,4.41857,3.83614,4.34351,1.41445,243.314,172.02,0.0,0.0,0.4008,0.28336,0.0,1,0.008659352,1.273817291,1.4194127954867417
UTADIE_clean,UTADIE_clean,5.9737,4.97659,5.79418,1.5664,1976.27,1261.66,0.0,0.0,0.6122,0.390833,0.000127682,1,0.002942368,2.882858683,2.7122441017605703
UTOCAJ_clean,UTOCAJ_clean,6.32412,4.71832,6.32412,1.02969,1479.29,1436.63,0.0,0.0,0.5216,0.506558,0.0,1,0.009866903,5.355322119,4.936653669316993
UVANOW_clean,UVANOW_clean,7.79568,5.2994,7.79517,0.823227,2568.33,3119.83,0.0,0.0,0.6984,0.848369,0.0,1,0.005955502,5.530391677,6.656265541258676
UVEVAT_clean,UVEVAT_clean,5.06012,3.86427,5.04389,0.990442,2050.94,2070.73,0.0,0.0,0.6266,0.632647,0.0,0,0.009542752,6.590153497,7.044410368612845
UVINAP_clean,UVINAP_clean,4.33279,3.86236,4.33279,1.23597,436.504,353.166,0.0,0.0,0.445,0.36004,0.0,0,0.004143171,1.886480618,2.0165109968831176
UVOTOQ_clean,UVOTOQ_clean,11.52321,9.17095,11.02494,1.0394,1689.27,1625.24,0.0,0.0,0.6776,0.651916,0.0,1,0.004401878,4.546990173,4.304643630219302
UVUWAL_clean,UVUWAL_clean,5.70984,4.07494,5.63813,1.12706,1693.32,1502.42,0.0,0.0,0.5456,0.484089,0.0,0,0.013971766,6.033970547,5.780799020644841
UWALEL_clean,UWALEL_clean,8.57419,8.06777,8.57419,0.978062,1809.81,1850.4,0.0,0.0,0.611,0.624705,0.0,1,0.007227894,4.664543314,5.306197357831653
UWELIS_clean,UWELIS_clean,5.99371,4.57547,5.83222,0.952092,2140.18,2247.87,0.0,0.0,0.6406,0.672834,0.0,1,0.013131495,7.551366163,6.870982982280243
UWOWAF_clean,UWOWAF_clean,5.4452,4.14635,5.44512,1.16308,1303.91,1121.08,0.0,0.0,0.5534,0.475804,0.0,1,0.011774343,4.457067768,4.449909349221348
UXINAR_clean,UXINAR_clean,5.3735,3.82354,5.35038,1.67875,1280.4,762.706,0.0,0.0,0.585,0.348473,0.0,1,0.006669778,3.037784093,3.0732254064030253
UXIQOJ_clean,UXIQOJ_clean,7.1779,7.04787,7.1779,1.13503,1629.42,1435.57,0.0,0.0,0.592,0.521571,0.0,0,0.007041542,5.650575945,4.889737627167867
VABJIS_clean,VABJIS_clean,4.14214,4.05323,4.14214,1.37391,738.742,537.692,0.0,0.0,0.5042,0.366981,0.0,0,0.005801278,3.071704593,2.9023121815021056
VACFUB01_clean,VACFUB01_clean,8.53124,8.3704,8.53124,1.18192,1047.12,885.95,0.0,0.0,0.5384,0.455532,0.0,0,0.003165251,3.205792892,2.7250608553256903
VACFUB_clean_h,VACFUB_clean_h,8.50715,8.34107,8.50715,1.18054,1091.35,924.448,0.0,0.0,0.5186,0.439291,0.0,0,0.002842266,2.960690487,2.6337134684908285
VAGTAA_clean,VAGTAA_clean,5.69119,4.40372,5.677,0.872253,1821.29,2088.03,0.0,0.0,0.638,0.731439,0.0,1,0.006726453,5.622733855,5.304808267138445
VAHJEW_clean,VAHJEW_clean,5.94599,4.30466,5.94599,1.08689,1479.94,1361.63,0.0,0.0,0.5432,0.499775,0.0,0,0.009832999,4.372219953,4.670541922187314
VALXIS_clean,VALXIS_clean,10.17011,5.92824,8.44426,0.888503,1485.32,1671.71,572.74,644.613,0.6916,0.778388,0.0,1,0.005262535,5.526992757,5.612526091364572
VAMQAE_clean,VAMQAE_clean,7.70786,5.78406,7.70755,1.38137,1401.32,1014.44,0.0,0.0,0.5594,0.404959,0.0,0,0.001510452,1.745058285,1.7755096734329556
VAMQOS_clean,VAMQOS_clean,11.49062,10.84702,11.48896,1.17541,1553.24,1321.44,0.0,0.0,0.6476,0.550957,0.0,1,0.003568781,4.115363334,4.142703945249052
VANHEA_clean,VANHEA_clean,8.56369,6.00066,8.56369,0.853114,2214.19,2595.42,0.0,0.0,0.6496,0.761445,0.0,1,0.006828575,5.892837153,5.935174027925036
VARJEF_clean,VARJEF_clean,7.50874,4.26843,7.47113,0.807576,2145.36,2656.54,0.0,0.0,0.6264,0.775655,0.0,0,0.009242478,8.09466898,6.927189247803697
VARWOC_clean,VARWOC_clean,8.41083,6.51113,8.31612,1.24989,2285.05,1828.2,0.0,0.0,0.6966,0.55733,0.0,1,0.001240667,1.716219137,1.699278481024038
VASFUT_clean,VASFUT_clean,5.82317,4.52383,5.82317,1.64203,1481.82,902.431,0.0,0.0,0.511,0.311201,0.0,0,0.003267393,2.46647847,2.5370202033597815
VASKOR_clean,VASKOR_clean,4.41725,4.15949,4.41175,1.15817,1130.8,976.371,0.0,0.0,0.53,0.45762,0.0,0,0.006332493,3.433571276,3.8416258705063453
VATVIY_clean,VATVIY_clean,6.85041,4.79302,6.73681,1.28666,1128.63,877.177,0.0,0.0,0.517,0.401816,0.0,1,0.002615604,2.22796971,2.2303647478523314
VATVUK_clean,VATVUK_clean,4.75369,3.54535,4.74028,1.35574,615.159,453.744,0.0,0.0,0.4098,0.30227,0.0,0,0.004142622,2.12982908,1.8228296024913058
VECWUX_clean,VECWUX_clean,5.40728,3.62986,4.72861,1.2151,591.936,487.152,249.544,205.37,0.5232,0.430584,0.0,1,0.008500687,2.8382916,3.1188240400081155
VECZEI_clean,VECZEI_clean,5.84999,3.52276,5.84999,0.90542,1514.07,1672.22,0.0,0.0,0.6422,0.709284,0.0,0,0.002501262,2.414922034,2.875634362586349
VEDGES_clean,VEDGES_clean,5.91912,4.12997,5.83809,1.04225,1662.62,1595.23,0.0,0.0,0.5592,0.536534,0.0,0,0.00774326,4.772037815,4.922282839093715
VEDGIW_clean,VEDGIW_clean,5.91757,4.12403,5.88473,1.04313,1656.13,1587.65,0.0,0.0,0.5804,0.556402,0.0,0,0.008035815,4.710887079,4.822242796773692
VEJHID_clean,VEJHID_clean,17.65342,7.8833,11.58918,0.646039,2104.35,3257.31,0.0,0.0,0.7972,1.23398,0.0,1,0.003186906,4.490655177,4.335871684110696
VEJYOZ_clean,VEJYOZ_clean,8.47376,5.69683,8.47376,0.880009,2096.08,2381.88,0.0,0.0,0.6858,0.779311,0.0,0,0.00663219,4.428638756,5.791187267752706
VEMDAT_clean,VEMDAT_clean,5.87539,4.41454,5.87539,1.26001,982.755,779.959,0.0,0.0,0.5246,0.416346,0.0,1,0.006749327,2.866898371,3.1112727509235367
VEMMOQ_clean,VEMMOQ_clean,8.8382,8.57859,8.83401,0.859762,1844.22,2145.04,0.0,0.0,0.7008,0.815109,0.0,1,0.004029263,4.939511565,4.391586773867257
VEMSUC_clean,VEMSUC_clean,5.13248,3.64573,5.11696,1.27033,1309.23,1030.62,0.0,0.0,0.551,0.433745,0.0,0,0.00976523,4.369965072,4.1372518835264565
VEWKUF_clean,VEWKUF_clean,11.97194,10.54967,11.9427,0.470726,2101.15,4463.64,0.0,0.0,0.7866,1.67104,0.0,0,0.004591832,5.74649509,5.986216991715924
VIFBOD_clean,VIFBOD_clean,5.74056,4.35551,5.71651,1.76429,1367.25,774.956,0.0,0.0,0.5562,0.315255,0.0,1,0.002902259,2.355112438,2.2769583787438705
VILXOE_clean,VILXOE_clean,5.3607,4.59016,5.36062,1.2053,1282.83,1064.32,0.0,0.0,0.529,0.438894,0.0,1,0.009381179,3.720349742,3.952177906699063
VIRVEY_clean,VIRVEY_clean,7.24501,5.7858,6.68018,1.08742,2630.21,2418.77,0.0,0.0,0.715,0.65752,0.0,1,0.003321262,3.785556779,3.789622781449193
VIRXIF_clean,VIRXIF_clean,6.07104,5.56303,6.07104,1.4189,1653.8,1165.55,0.0,0.0,0.5644,0.397774,0.0,0,0.007917897,4.76465127,4.179104518884112
VITZEF_clean,VITZEF_clean,6.97691,5.80939,6.97691,1.4748,1347.25,913.518,0.0,0.0,0.5226,0.354354,0.0,1,0.005345431,3.712185186,3.4115221957406865
VIWLIY_clean,VIWLIY_clean,5.6026,3.42365,5.59275,1.55646,1236.19,794.232,0.0,0.0,0.54,0.346941,0.0,1,0.003045528,2.531627378,2.4953540965884895
VIYVIK_clean,VIYVIK_clean,5.08356,3.73927,5.05208,1.32275,1249.3,944.47,0.0,0.0,0.538,0.406727,0.0,1,0.02006821,4.88601414,4.759035754193117
VIZSOO_clean,VIZSOO_clean,10.55409,4.56253,10.55409,0.761137,2666.36,3503.12,0.0,0.0,0.738,0.969602,0.0,0,0.005848488,6.495740276,6.508781221304635
VOGPEO_clean,VOGPEO_clean,11.06118,7.00733,10.18392,0.767126,2192.56,2858.15,0.0,0.0,0.7242,0.944043,0.0,1,0.007094887,6.259552414,6.2281207024757945
VOSTUU_clean,VOSTUU_clean,8.30737,6.78194,8.30193,0.816834,1552.78,1900.97,4.35487,5.33141,0.5892,0.721322,0.0,1,0.006508802,5.241328723,4.992323333138101
VOYGOH_clean,VOYGOH_clean,8.28524,6.29263,8.24088,1.28416,2599.39,2024.19,0.195596,0.152314,0.7268,0.565973,0.0,1,0.001339996,1.90397398,1.8129514508347762
VOZVIR01_clean,VOZVIR01_clean,8.9147,5.57973,8.87661,1.34608,1682.46,1249.9,0.0,0.0,0.6346,0.471444,0.0,1,0.002186281,2.402457889,2.4953956540375075
VUCTUK_clean,VUCTUK_clean,4.04395,3.64101,4.04395,1.92522,503.149,261.347,0.0,0.0,0.4222,0.2193,0.0,1,0.003642846,1.846285923,1.8181817544905572
VUDXID_clean,VUDXID_clean,10.29567,8.38587,10.08643,0.842606,2083.44,2472.62,14.2598,16.9234,0.7296,0.865885,0.0,1,0.002595424,3.403708932,3.196550355859751
VUGXAY_clean,VUGXAY_clean,7.74052,6.24667,7.74052,1.0594,1255.22,1184.84,68.8954,65.0324,0.5682,0.536341,0.0,0,0.009457907,4.85284577,4.762763615055274
VUGXOM_clean,VUGXOM_clean,7.85489,6.36686,7.85489,1.08455,1259.8,1161.59,65.0961,60.0213,0.5694,0.525011,0.0,0,0.009228955,4.805143541,4.524403215644427
VUKHOZ_clean,VUKHOZ_clean,14.72034,13.81107,14.72034,1.23894,1154.41,931.773,0.0,0.0,0.6248,0.504303,0.0,1,0.001330511,1.610858515,1.5975357120029838
VUKJUI_clean,VUKJUI_clean,5.49725,3.44726,5.49566,1.4408,839.787,582.86,90.2917,62.6676,0.4968,0.344808,0.0,0,0.006546424,2.753102819,2.8651325376532775
VUKTIG_clean,VUKTIG_clean,5.58633,4.32231,5.37322,1.41396,1054.33,745.662,0.0,0.0,0.4904,0.346829,0.0,1,0.007459526,3.071966205,2.9849453338311713
VULKOD_clean,VULKOD_clean,5.01507,3.95686,5.01507,1.39517,753.359,539.978,0.0,0.0,0.4446,0.318672,0.0,1,0.009131142,2.742450245,2.4816083546792136
VUNNEZ_clean,VUNNEZ_clean,5.49362,5.42758,5.49362,1.41847,1291.95,910.806,0.0,0.0,0.5748,0.405224,0.0,1,0.002073333,1.752503611,1.7222461427130644
VUSKAW_clean,VUSKAW_clean,14.98828,7.97019,14.98828,0.594675,2204.82,3707.61,0.0,0.0,0.8008,1.34662,0.0,0,0.00340512,4.644401965,4.485982253210979
WABVOL_clean,WABVOL_clean,5.64639,3.6405,5.64639,1.49122,938.691,629.478,0.0,0.0,0.4216,0.282721,0.0,1,0.001756678,2.071123484,1.5893075306453062
WAGDAL_clean,WAGDAL_clean,4.64816,3.73698,4.61775,2.65265,613.804,231.393,27.6543,10.4252,0.4246,0.160066,0.0,1,0.003748598,1.546285707,1.527686976103009
WAHFUJ01_clean,WAHFUJ01_clean,4.91116,3.78472,4.77837,1.29423,994.219,768.194,0.0,0.0,0.4692,0.362532,0.0,1,0.005231629,2.992726927,2.824005187448331
WAHGIY_clean,WAHGIY_clean,5.33673,4.40357,5.33673,1.28737,815.264,633.278,0.0,0.0,0.4692,0.364464,0.0,1,0.008037479,2.430770366,2.744949978171359
WAJHOG_clean,WAJHOG_clean,6.41579,6.06601,6.40923,1.24433,1319.37,1060.3,0.0,0.0,0.541,0.434771,0.0,1,0.006867645,4.267858921,3.9718054688237086
WAMREJ_clean,WAMREJ_clean,15.93828,10.49353,15.93828,0.575196,2135.23,3712.18,0.0,0.0,0.7842,1.36336,0.0,1,0.005630074,6.215078003,6.135542730655069
WAQTEQ_clean,WAQTEQ_clean,11.92108,6.99954,11.92108,0.79488,2039.53,2565.84,0.0,0.0,0.7422,0.933726,0.0,1,0.004106898,4.960332891,4.695795378996372
WARFAZ_clean,WARFAZ_clean,6.17335,5.62341,6.16091,1.2809,1123.23,876.911,0.0,0.0,0.4772,0.372552,0.0,1,0.003066534,1.989570124,2.475664838920546
WARJAC_clean,WARJAC_clean,6.27516,5.38886,5.82916,1.20156,1848.31,1538.27,0.0,0.0,0.6418,0.534141,0.0,1,0.002656149,3.028406054,2.676898901105473
WASQEP_clean,WASQEP_clean,10.60263,4.61939,9.00037,0.666978,2426.86,3638.59,0.0,0.0,0.7138,1.0702,0.0,0,0.007307985,7.894147253,7.38415963946708
WAVQAN_clean,WAVQAN_clean,4.79566,3.75004,4.7947,1.6227,1326.67,817.573,0.0,0.0,0.5394,0.332409,0.0,1,0.011506755,4.230738536,4.037994024354577
WAVQUH_clean,WAVQUH_clean,7.91312,4.47781,7.90396,1.01651,1145.58,1126.98,498.965,490.863,0.6102,0.600292,0.0,0,0.007120997,5.099022514,4.633178284861867
WAVRAO_clean,WAVRAO_clean,15.02274,4.23694,15.02053,0.819731,1973.4,2407.37,0.0,0.0,0.6752,0.823685,0.0,1,0.008645981,6.48235327,6.07252613353663
WAVROC_clean,WAVROC_clean,18.88525,7.91531,18.88525,0.52911,1993.81,3768.23,0.0,0.0,0.7926,1.49799,0.0,1,0.004222381,5.821888616,5.527860163922154
WAYKAK_clean,WAYKAK_clean,8.40665,6.61758,8.40665,1.07627,1621.77,1506.84,0.0,0.0,0.6056,0.562685,0.0,0,0.007333219,4.726117715,5.024763782211691
WAYMIU_manual,WAYMIU_manual,7.34688,6.90533,7.3455,0.98047,1670.06,1703.32,0.0,0.0,0.606,0.618071,0.0,0,0.011236361,5.873902434,6.1714042031666
WAZCUX_clean,WAZCUX_clean,5.1953,4.60615,5.12813,1.85198,863.616,466.321,0.0,0.0,0.4452,0.240392,0.0,1,0.005164809,1.900931252,1.8157568913526805
WEBJOE_clean,WEBJOE_clean,19.11149,16.87545,19.11149,0.689845,2240.23,3247.44,0.0,0.0,0.788,1.14229,0.0,1,0.006682692,5.826105797,6.96313366000665
WEBREC_clean,WEBREC_clean,5.39661,3.78553,5.39661,1.22212,951.616,778.662,0.0,0.0,0.476,0.389488,0.0,1,0.013366233,3.642118067,3.6127526400372516
WECBEN_clean,WECBEN_clean,6.503,4.33861,6.44488,0.992115,3119.1,3143.89,0.0,0.0,0.6996,0.70516,0.0,0,0.003875174,4.888513088,4.401728360277835
WECJIZ_clean,WECJIZ_clean,5.92737,4.9743,5.92737,1.01088,914.95,905.103,64.8197,64.122,0.5454,0.53953,0.0,1,0.006669713,2.950184171,3.4506052957293103
WEFZIS_clean,WEFZIS_clean,4.30666,3.54798,4.30607,2.06143,662.208,321.237,0.0,0.0,0.4722,0.229064,0.0,1,0.006095707,2.537096965,2.501947939910903
WEHHUO_clean,WEHHUO_clean,10.86494,6.69089,10.846,0.80874,2143.96,2650.98,0.0,0.0,0.7268,0.898682,0.0,1,0.01043878,6.47217096,6.728826600924849
WEHJAW_clean,WEHJAW_clean,11.37189,6.87066,11.36953,0.813465,2137.05,2627.1,0.0,0.0,0.727,0.893708,0.0,1,0.011258231,6.414980198,6.80312624769956
WEMDOJ_clean,WEMDOJ_clean,4.95352,4.39275,4.95352,1.55656,2295.37,1474.65,0.0,0.0,0.629,0.404097,0.0,0,0.003086377,3.116685048,3.0022506692414086
WENDIE_clean,WENDIE_clean,4.91533,3.83478,4.91533,1.40969,980.417,695.487,0.0,0.0,0.4986,0.353696,0.0,1,0.020402311,3.746508843,3.835985169648324
WESYAV_clean,WESYAV_clean,4.87361,4.61034,4.87361,1.39877,1201.03,858.632,0.0,0.0,0.5228,0.373756,0.0,0,0.013506437,3.422849345,4.107367071740539
WEYQAU01_clean,WEYQAU01_clean,4.51961,3.60555,4.51961,1.13786,1565.68,1375.99,0.0,0.0,0.5718,0.502522,0.0,0,0.008605788,5.399024581,5.357484336068805
WEYQAU05_clean,WEYQAU05_clean,4.49445,3.64175,4.49445,1.14735,1525.05,1329.2,0.0,0.0,0.568,0.495054,0.0,0,0.010903408,5.830835551,5.729723214807107
WEYQAU09_clean,WEYQAU09_clean,4.54974,3.80687,4.54906,1.12252,1599.36,1424.8,0.0,0.0,0.5812,0.517765,0.0,0,0.011217432,5.982427919,5.949014687116813
WIDQEG_clean,WIDQEG_clean,7.60111,7.11755,7.60111,1.01218,1727.14,1706.35,0.0,0.0,0.63,0.622417,0.0,0,0.005615518,5.674174579,5.572996383718779
WIHVAL_clean,WIHVAL_clean,4.98172,4.06866,4.90588,1.61186,947.448,587.799,0.0,0.0,0.4852,0.301019,0.0,0,0.0026298,1.681390709,1.742675518207776
WIJXIY_clean,WIJXIY_clean,14.24395,11.55698,14.23198,0.475086,1730.44,3642.38,0.0,0.0,0.8226,1.73148,0.0,1,0.003318566,4.568255443,4.328512825242251
WILRIS_clean,WILRIS_clean,6.18287,5.26913,6.08331,1.06646,2702.71,2534.28,0.0,0.0,0.743,0.696696,0.0,1,0.001315528,1.842705196,1.8587203341664287
WIPZEC_clean,WIPZEC_clean,5.45688,4.84274,5.44436,1.09301,1433.3,1311.34,0.0,0.0,0.552,0.50503,0.0,0,0.013725307,5.119934655,5.164827879132597
WITKIV_clean,WITKIV_clean,20.46084,11.48372,20.46084,0.586943,1702.14,2900.02,0.0,0.0,0.7774,1.32449,0.0,1,0.004216405,4.748963011,4.945819788817692
WIVKOD_clean,WIVKOD_clean,5.94278,4.37421,5.9419,2.24053,1604.96,716.33,0.0,0.0,0.585,0.261099,0.0,1,0.001734598,1.770141529,1.6091821101096329
WOBHEB_clean,WOBHEB_clean,11.82299,11.04159,11.82299,1.21909,1551.12,1272.35,0.0,0.0,0.6516,0.534496,0.0,1,0.003800987,4.269214358,3.8549171172479673
WOCWAN_clean,WOCWAN_clean,5.80963,5.50482,5.80963,1.36819,906.494,662.552,0.0,0.0,0.4696,0.343228,0.0,0,0.003856862,2.117319978,2.1569746721691656
WODFOL_clean,WODFOL_clean,4.42221,3.69918,4.41972,1.50844,549.218,364.098,0.0,0.0,0.4148,0.274987,0.0,0,0.015963459,2.794927418,2.6775369389477377
WOHBIF_clean,WOHBIF_clean,4.33773,3.41599,4.33773,1.49576,352.527,235.684,0.0,0.0,0.417,0.278788,0.0,0,0.004360877,1.52557564,1.7913680136496737
WOJZAY_clean,WOJZAY_clean,6.27243,4.13122,6.27243,1.17515,1915.59,1630.08,0.0,0.0,0.5984,0.509212,0.0,1,0.008646747,4.764458632,5.030821741861514
WOTSEF_clean,WOTSEF_clean,5.63894,4.87372,5.6352,0.95923,2385.0,2486.37,0.0,0.0,0.6578,0.685758,0.0,1,0.006911899,5.983233584,5.8792927050287185
WOVDES_clean,WOVDES_clean,5.23028,4.01485,5.22391,1.22139,660.545,540.814,0.0,0.0,0.4386,0.359099,0.0,0,0.007301071,2.467825861,2.264226452159319
WUNTOP_clean,WUNTOP_clean,5.08733,4.17716,5.07679,1.08852,1089.8,1001.18,0.0,0.0,0.5174,0.475323,0.0,0,0.010863945,4.600220314,4.408735021137404
WUNVAD_clean,WUNVAD_clean,5.07875,4.17789,5.06297,1.09375,995.244,909.941,78.4709,71.7451,0.516,0.471773,0.0,0,0.011379943,4.556516156,4.5167934510059595
WURKEB_clean,WURKEB_clean,6.32965,4.86396,6.30162,0.999228,1791.69,1793.08,0.0,0.0,0.6306,0.631087,0.0,1,0.005585516,4.701307896,4.919596021737494
WUSSEK_clean,WUSSEK_clean,8.48774,6.12459,8.47169,0.953346,1562.83,1639.31,0.0,0.0,0.592,0.62097,0.0,1,0.00437278,4.159305298,4.310924566774556
WUTBOC_clean,WUTBOC_clean,7.17175,4.98444,7.17175,1.90997,842.378,441.043,0.0,0.0,0.429,0.224611,0.0,0,0.003358689,1.823757195,1.7396834887456347
WUTCAP_clean,WUTCAP_clean,7.16776,4.98308,7.16776,1.90582,867.573,455.224,0.0,0.0,0.4432,0.232551,0.0,0,0.003201487,1.818134807,1.7935235397097593
WUYWIY_clean,WUYWIY_clean,9.10759,5.82003,9.09622,0.79426,2035.41,2562.65,0.0,0.0,0.6788,0.854632,0.0,0,0.004323844,4.844364934,4.874652152572165
WUYWUK_clean,WUYWUK_clean,8.78773,6.19333,8.65663,0.743413,2043.29,2748.52,0.0,0.0,0.6694,0.900442,0.0,0,0.005210175,5.503405486,5.687150082885943
WUYXOF_clean,WUYXOF_clean,9.05505,5.17643,9.05505,0.759045,1983.21,2612.77,0.0,0.0,0.6628,0.873203,0.0,0,0.004391004,4.821758134,4.911284056594066
WUZGAB_clean,WUZGAB_clean,9.3852,6.06112,9.3852,0.741116,2013.56,2716.93,0.0,0.0,0.6778,0.914567,0.0,0,0.004584263,5.15991259,5.274834365260723
XADDEN_manual,XADDEN_manual,13.23644,6.65907,13.23644,0.875752,2128.62,2430.62,0.0,0.0,0.7182,0.820095,0.0,1,0.007700495,5.173673739,5.210540742115765
XAFFER_clean,XAFFER_clean,14.21921,13.28886,14.21921,0.359874,1854.43,5152.99,0.0,0.0,0.8504,2.36305,0.0,1,0.004094562,5.848159929,5.671674372056716
XAFFIV_clean,XAFFIV_clean,14.22916,13.19368,14.22916,0.358398,1899.33,5299.5,0.0,0.0,0.8506,2.37334,0.0,1,0.00399007,5.686292197,5.598850021661062
XAHPIH_clean,XAHPIH_clean,14.31673,13.37952,14.23422,0.356183,1691.25,4748.26,0.0,0.0,0.8698,2.442,0.0,1,0.003976945,5.552033275,5.571635828490737
XAHPON_clean,XAHPON_clean,17.29514,15.33221,17.29514,0.284265,1476.32,5193.45,0.0,0.0,0.8856,3.1154,0.0,1,0.004857088,6.439241403,6.711018969092331
XAJSEJ_clean,XAJSEJ_clean,7.98338,7.19596,7.98212,0.722195,2566.22,3553.36,0.0,0.0,0.733,1.01496,0.0,0,0.007476579,8.301068876,7.59573331289436
XAKQOR_clean,XAKQOR_clean,6.07415,4.27878,5.44099,0.965162,1660.14,1720.06,0.0,0.0,0.5906,0.611918,0.0,0,0.008742017,5.245435845,5.299309209046956
XAKYUE_clean,XAKYUE_clean,12.06174,7.75873,12.06174,0.881143,1544.96,1753.36,0.0,0.0,0.6152,0.698184,0.0,1,0.005727626,3.875225375,3.9983202780175944
XAKZAL_clean,XAKZAL_clean,8.8329,3.77071,4.46909,1.00158,193.263,192.958,1002.0,1000.42,0.5486,0.547735,0.0,1,0.006087499,3.141656913,3.0505814578852752
XALBIW_clean,XALBIW_clean,12.14217,7.80534,11.99319,0.869373,1588.95,1827.7,0.0,0.0,0.6226,0.716148,0.0,1,0.006170436,4.093072837,4.292234912520658
XALCIX_clean,XALCIX_clean,8.90504,3.86123,4.56441,1.0015,203.674,203.369,1009.04,1007.53,0.5542,0.55337,0.0,1,0.00639259,3.03383082,3.15408069650946
XAMDUM02_clean,XAMDUM02_clean,13.17767,6.71826,13.17767,0.884458,2085.56,2358.0,0.0,0.0,0.7192,0.813153,0.0,1,0.008044059,5.147764324,5.084907751001153
XAMDUM03_clean,XAMDUM03_clean,13.16192,6.69067,13.16192,0.887821,2084.01,2347.33,0.0,0.0,0.7178,0.808496,0.0,1,0.008103472,5.115229021,5.133093772868383
XAMDUM05_clean,XAMDUM05_clean,13.11018,6.61787,13.11018,0.895381,2105.3,2351.29,0.0,0.0,0.717,0.800776,0.0,1,0.008069891,5.23020173,5.19589819485215
XAMDUM06_clean,XAMDUM06_clean,13.1663,6.64621,13.1663,0.88326,2088.66,2364.72,0.0,0.0,0.7192,0.814256,0.0,1,0.007633332,5.123606312,5.1626560362532805
XAMGUQ_clean,XAMGUQ_clean,8.47788,6.65907,8.47788,0.938367,1761.37,1877.06,0.0,0.0,0.63,0.671379,0.0,1,0.00467489,4.249844896,4.530012435875969
XAMHEA_manual,XAMHEA_manual,9.05929,7.3957,8.92663,0.731602,2360.06,3225.88,0.0,0.0,0.7172,0.980315,0.0,0,0.005289493,5.055434257,6.006823829893232
XANLEE_clean,XANLEE_clean,6.11311,4.49275,6.10612,0.785206,2427.23,3091.21,0.0,0.0,0.6562,0.835705,0.0,1,0.010249163,8.081695473,7.954076321317083
XAPCOJ02_clean,XAPCOJ02_clean,7.30662,7.12733,7.30662,1.1168,1599.91,1432.58,0.0,0.0,0.598,0.535457,0.0,0,0.007682116,5.965097284,5.778170924546115
XAPNIN_clean,XAPNIN_clean,6.36937,5.09614,6.24616,0.987749,1999.77,2024.57,0.0,0.0,0.6554,0.663529,0.0,0,0.007040623,5.924897632,5.695320453198481
XAPTUE_clean,XAPTUE_clean,7.01351,4.77674,6.96552,1.46731,1437.82,979.906,0.0,0.0,0.555,0.378244,0.0,1,0.006804583,4.087991437,3.5978685606292844
XASFAY_clean,XASFAY_clean,4.84062,3.90347,4.82463,0.992255,1242.53,1252.23,0.0,0.0,0.541,0.545223,0.0,1,0.005823725,3.812640334,4.01568425013468
XASNUD_clean,XASNUD_clean,13.51875,4.58024,13.51875,0.967914,2185.15,2257.59,0.0,0.0,0.6906,0.713493,0.0,1,0.006634454,5.964224843,5.305964616813711
XAZFEJ_clean,XAZFEJ_clean,4.73064,4.15643,4.70239,1.61284,1526.71,946.596,0.0,0.0,0.5556,0.344486,0.0,1,0.003218939,2.68870405,2.8234239098090192
XEGJUQ_clean,XEGJUQ_clean,7.4125,4.89988,7.38387,1.09762,2034.16,1853.25,0.0,0.0,0.6302,0.574154,0.0,1,0.005076367,4.497875776,4.517148153391405
XEKCAT_clean,XEKCAT_clean,5.88115,4.91006,5.87893,0.940943,2247.61,2388.68,0.0,0.0,0.6062,0.644247,0.0,1,0.008459084,6.917027448,6.1755723311935276
XENCAU_clean,XENCAU_clean,8.29403,6.89914,8.29403,0.556974,2324.09,4172.71,0.0,0.0,0.7312,1.31281,0.0,1,0.002640176,3.757695586,3.400973630648271
XEPBAX_clean,XEPBAX_clean,5.14969,3.64809,5.0808,0.940411,1672.05,1778.0,0.0,0.0,0.6138,0.652693,0.0,1,0.00568514,4.819481451,4.7811195616568085
XEQRAO_clean,XEQRAO_clean,5.51146,4.60933,5.51146,1.37083,876.068,639.08,0.0,0.0,0.4564,0.332938,0.0,1,0.003805522,2.368608421,2.0003451769301557
XESKUD_clean,XESKUD_clean,9.9638,9.32015,9.9638,1.26973,1375.76,1083.51,0.0,0.0,0.5732,0.451435,0.0,1,0.001594334,2.156980556,1.9811705678743727
XESLAK_clean,XESLAK_clean,10.31182,9.72546,10.31182,1.3077,1323.78,1012.29,0.0,0.0,0.5742,0.439091,0.0,1,0.001219334,1.748182652,1.6313833524953913
XEXLAP_clean,XEXLAP_clean,8.64993,8.01633,8.63141,1.0685,1374.86,1286.72,0.0,0.0,0.5518,0.516424,0.0,0,0.003143449,3.405636096,3.22609162800228
XEYMAR_clean,XEYMAR_clean,6.22077,4.79076,5.73209,1.34353,2239.47,1666.86,0.0,0.0,0.6636,0.493924,0.0,1,0.003276084,2.914015837,3.260732050906536
XICYEP_SL,XICYEP_SL,6.23549,4.07005,5.99515,1.80747,1927.34,1066.32,0.0,0.0,0.6084,0.336603,0.000442607,1,0.004257663,2.853163593,3.0567503009920496
XIFHIF_clean,XIFHIF_clean,9.50274,8.84024,9.48896,1.39627,1580.72,1132.1,0.0,0.0,0.6078,0.435304,0.0,1,0.002555819,2.533710118,2.688972099075716
XIGFOJ_manual,XIGFOJ_manual,18.90864,18.72951,18.90864,0.692037,1357.79,1962.03,0.0,0.0,0.7528,1.0878,0.0,1,0.00380925,4.050936063,4.38852384094322
XILLIP_clean,XILLIP_clean,8.02024,6.48918,8.00532,0.699116,2353.41,3366.26,0.0,0.0,0.7058,1.00956,0.0,0,0.010263548,8.229729612,8.350535356523848
XILSUI_clean,XILSUI_clean,8.05462,5.1792,8.05462,0.833153,2078.06,2494.21,0.0,0.0,0.6418,0.770326,0.0,1,0.006893213,6.44020258,5.806077672300646
XILTAP_clean,XILTAP_clean,7.46835,4.491,7.46835,0.893159,2015.14,2256.2,0.0,0.0,0.622,0.696404,0.0,1,0.007537299,6.27237635,5.7286656907700095
XINRAP_clean,XINRAP_clean,7.72889,5.88361,7.72889,0.997869,1989.71,1993.96,0.0,0.0,0.6604,0.66181,0.0,1,0.002573817,3.227910259,3.049464403097354
XISPEW01_clean,XISPEW01_clean,7.58694,5.52656,7.5744,1.14161,1954.46,1712.03,0.0,0.0,0.624,0.546598,0.0,1,0.005481967,4.156168867,4.619055949748707
XISPEW_clean,XISPEW_clean,7.45128,5.46523,7.15276,1.17603,1960.28,1666.86,0.0,0.0,0.6188,0.526177,0.0,1,0.005770687,4.315516577,4.659286397076913
XISPUM_clean,XISPUM_clean,7.32941,4.58436,7.32711,1.21765,2007.19,1648.41,0.0,0.0,0.6216,0.510492,0.0,1,0.006888315,4.485418423,4.809429689335249
XOCWUJ_clean,XOCWUJ_clean,5.43529,3.40185,5.40249,2.21366,1083.86,489.625,0.0,0.0,0.5328,0.240687,0.0,1,0.00268277,1.961799741,1.7630930549601462
XODPUD_clean,XODPUD_clean,15.85383,13.08935,15.85383,0.622253,2051.21,3296.43,0.0,0.0,0.7882,1.26669,0.0,1,0.005195979,6.032998847,5.8389333824914935
XOJWEZ_clean,XOJWEZ_clean,5.26222,4.56445,5.26222,1.41259,749.294,530.438,0.0,0.0,0.5012,0.354809,0.0,1,0.005708391,2.293603798,2.2284260534498084
XOKHIP_clean,XOKHIP_clean,4.7478,3.45863,4.7478,2.16707,449.011,207.197,0.0,0.0,0.3986,0.183935,0.0,1,0.00379569,1.05599772,1.2938482686854949
XOMCIN_clean,XOMCIN_clean,5.94246,4.25779,5.52872,0.995112,2064.21,2074.35,0.0,0.0,0.6074,0.610384,0.0,1,0.011800327,6.457843396,6.584999039156342
XOMDOU_clean,XOMDOU_clean,6.08861,4.66373,6.08699,1.18202,859.304,726.977,313.731,265.419,0.5438,0.460059,0.0,1,0.014301767,3.353262519,4.856095146470757
XOQXIL_clean,XOQXIL_clean,5.56779,4.25341,5.54313,1.05181,1608.8,1529.56,0.0,0.0,0.552,0.524811,0.0,1,0.00561819,3.537458238,4.089268624077726
XOTSIK_clean,XOTSIK_clean,8.84143,7.37067,8.64635,0.961303,1776.26,1847.76,0.0,0.0,0.6086,0.633099,0.0,1,0.004979698,4.432751301,4.816333641239796
XOVPUU_clean,XOVPUU_clean,11.45503,9.77333,11.45503,0.404958,2012.2,4968.9,0.0,0.0,0.8444,2.08515,0.0,1,0.004142934,5.541648204,5.868142088675819
XOXMED_clean,XOXMED_clean,15.20268,12.48764,14.68508,0.499,1903.11,3813.84,0.0,0.0,0.7876,1.57836,0.0,1,0.004435877,4.997689573,5.593148975889902
XUBGUY_clean,XUBGUY_clean,11.92741,6.17876,10.43844,0.841842,2109.15,2505.4,0.0,0.0,0.7154,0.849804,0.0,1,0.004605272,4.373487155,4.817313788979695
XUDPIX_clean,XUDPIX_clean,11.39057,6.9563,11.17218,0.55889,2521.72,4512.0,0.0,0.0,0.7746,1.38596,0.0,1,0.004685225,6.087097225,6.064686693037451
XUDYOM_clean,XUDYOM_clean,5.92099,5.48654,5.7966,1.63199,1266.45,776.015,0.0,0.0,0.5438,0.333212,0.0,0,0.014855795,4.489059104,3.903971246442843
XUGSEY_clean,XUGSEY_clean,7.45351,5.81909,7.11831,0.709523,2586.66,3645.63,0.0,0.0,0.7068,0.996162,0.0,1,0.006376733,6.64062199,6.991590139524806
XUKHUI_clean,XUKHUI_clean,5.94415,4.22176,5.9168,1.20125,1179.74,982.099,0.0,0.0,0.5426,0.451698,0.0,1,0.014623943,5.098084966,4.224492826977307
XUMVAD_clean,XUMVAD_clean,5.48445,5.10748,5.47384,1.24179,1950.9,1571.03,0.0,0.0,0.619,0.498472,0.0,1,0.007063031,4.264386636,4.628112151208598
XUNGOD_clean,XUNGOD_clean,5.27654,3.81371,5.27654,1.03399,1095.75,1059.73,0.0,0.0,0.4858,0.469831,0.0,0,0.019978105,4.372401722,4.768862011512861
XUTQEI_clean,XUTQEI_clean,15.07113,13.13968,15.07113,0.479637,2165.37,4514.6,0.0,0.0,0.7968,1.66126,0.0,1,0.004580369,6.058779177,5.94361477847606
XUWKEH_clean,XUWKEH_clean,5.79973,4.2003,5.79973,1.47767,748.2,506.339,0.0,0.0,0.4194,0.283826,0.0,1,0.001468394,1.381138588,1.3424768360441142
XUYXAR_clean,XUYXAR_clean,4.42154,3.80283,4.41884,1.51094,575.938,381.179,0.0,0.0,0.432,0.285915,0.0,1,0.005050216,2.30043068,2.20947697441835
YAHPED_clean,YAHPED_clean,6.77398,3.93575,6.76774,1.0241,1743.19,1702.16,0.0,0.0,0.5738,0.560295,0.0,0,0.008227395,5.771644974,5.483042213373292
YANBAR02_clean,YANBAR02_clean,4.9953,3.83765,4.98464,1.73124,921.603,532.338,0.0,0.0,0.4702,0.271598,0.0,0,0.00306895,1.68460852,1.7225094788160618
YANBAR_clean,YANBAR_clean,4.9541,3.79831,4.9225,1.76383,896.703,508.383,0.0,0.0,0.4572,0.259208,0.0,0,0.003263188,1.727747869,1.7777840248040235
YAPLIM_clean,YAPLIM_clean,8.749,6.77808,8.749,0.964207,1741.38,1806.02,6.02633,6.25004,0.65,0.674129,0.0,1,0.005287365,4.414545957,4.773515069253974
YARDEC_clean,YARDEC_clean,4.66636,3.48033,4.66636,1.03943,1194.85,1149.52,0.0,0.0,0.547,0.52625,0.0,0,0.012392198,5.218204122,5.115583965947072
YARYIZ_clean,YARYIZ_clean,5.51251,4.14788,5.51251,1.11604,2131.77,1910.12,0.0,0.0,0.6948,0.622558,0.0,0,0.001123115,1.466564013,1.4997260783511805
YATDUV_clean,YATDUV_clean,9.16363,5.74685,9.12289,0.890102,2297.06,2580.67,0.0,0.0,0.7262,0.815861,0.0,1,0.004096085,4.930434942,4.7525129559924455
YAVVEZ_clean,YAVVEZ_clean,9.82749,8.59259,9.81107,1.05385,1634.41,1550.89,0.0,0.0,0.6474,0.614319,0.0,1,0.003328794,3.47809067,3.6017394723324125
YAVWAW_clean,YAVWAW_clean,4.87227,4.07548,4.69675,1.46373,1145.93,782.881,0.0,0.0,0.5582,0.381355,0.0,1,0.005896245,3.153103454,3.073730177982752
YAWBAC_clean,YAWBAC_clean,10.4496,5.49019,10.26922,0.855998,1928.74,2253.21,0.0,0.0,0.6638,0.775469,0.0,1,0.009790331,5.409014923,6.030366995548548
YAXBOP_SL,YAXBOP_SL,5.80792,5.38349,5.80792,1.12998,1474.82,1305.18,0.0,0.0,0.591,0.52302,0.0,0,0.007117705,4.293066914,4.258144739712526
YEGKOM_clean,YEGKOM_clean,5.20851,4.05507,5.20188,1.12752,1913.28,1696.88,0.0,0.0,0.6196,0.549523,0.0,0,0.00699784,5.666190907,4.844201069298331
YEKXET_clean,YEKXET_clean,6.4533,5.02363,5.80415,0.985188,2310.11,2344.84,0.0,0.0,0.6394,0.649013,0.0,1,0.006261061,5.41686446,5.393916534234915
YEKXOD_clean,YEKXOD_clean,7.62702,5.92083,7.58526,0.977291,1976.53,2022.46,0.0,0.0,0.6138,0.628063,0.0,1,0.005117292,4.463585056,4.702476370473166
YENLUA_ion_b,YENLUA_ion_b,21.49217,18.9061,21.49217,0.794834,1364.82,1717.11,0.605784,0.762152,0.7146,0.899055,0.0,1,0.001847237,2.240961205,2.1809862875035733
YIBMUT_clean,YIBMUT_clean,4.66852,3.42869,4.24306,1.43993,703.496,488.563,0.0,0.0,0.4898,0.340155,0.0,1,0.012738296,3.208010327,3.1929667594306217
YICREI_clean,YICREI_clean,5.84848,5.57464,5.83375,1.84239,1401.27,760.57,0.0,0.0,0.5592,0.303518,0.0,1,0.008955369,3.29597994,3.4652421496514867
YINCEF_clean,YINCEF_clean,5.29805,4.38969,5.29805,1.14172,1383.89,1212.11,0.0,0.0,0.5194,0.454928,0.0,1,0.008056882,4.067197489,3.9882995914479644
YINCUV_clean,YINCUV_clean,4.80903,3.55203,4.73589,1.40486,557.682,396.966,0.0,0.0,0.407,0.289708,0.0,1,0.00734104,2.517433586,2.208931777787916
YINPEQ_clean,YINPEQ_clean,9.47139,8.23796,9.47139,0.666821,2383.65,3574.65,0.0,0.0,0.7906,1.18563,0.0,0,0.002792148,3.77313454,3.812664852332502
YIVNIC_clean,YIVNIC_clean,4.61348,3.86544,4.61348,1.60999,548.992,340.991,0.0,0.0,0.3982,0.24733,0.0,1,0.003305217,1.452042726,1.5796053732780926
YIWMUM_clean,YIWMUM_clean,6.07798,4.22779,6.07163,1.30832,2060.98,1575.28,0.0,0.0,0.6732,0.514552,0.0,0,0.001576511,1.853010643,1.9643455021777902
YIWNIB_clean,YIWNIB_clean,6.81948,5.37501,6.81948,1.22536,2128.85,1737.32,0.0,0.0,0.696,0.567996,0.0,0,0.001430035,1.791041977,1.8302900013649972
YIWPEZ_SL_part,YIWPEZ_SL_part,7.01269,5.15498,7.0057,1.25891,2052.76,1630.59,0.0,0.0,0.6916,0.549364,0.0,0,0.001386932,1.753525882,1.8131858843400497
YIXFIW_clean,YIXFIW_clean,4.72359,3.58415,4.71426,1.46617,963.816,657.369,0.0,0.0,0.4922,0.335704,0.0,0,0.008656886,3.423258682,3.080909277026797
YIYHAQ_clean,YIYHAQ_clean,5.13693,3.97105,5.11342,0.982113,1295.69,1319.28,0.0,0.0,0.5422,0.552075,0.0,1,0.006578052,4.545697095,4.153918549814381
YOBYAR_clean,YOBYAR_clean,9.69314,7.13433,9.69314,0.65232,2302.34,3529.46,0.0,0.0,0.7484,1.14729,0.0,1,0.004176261,5.466660258,5.179650045640134
YODRAM_clean,YODRAM_clean,7.27536,4.86667,7.27536,0.966335,1538.49,1592.09,200.889,207.888,0.6076,0.628767,0.0,1,0.009007408,5.205074677,5.2382949782071355
YODWUL_clean,YODWUL_clean,23.49364,11.53361,23.48524,0.424505,1906.84,4491.91,0.0,0.0,0.849,1.99997,0.0,1,0.004166792,5.497558807,5.481611421488389
YOGKOW_clean,YOGKOW_clean,10.82894,9.41793,10.82894,0.926286,1458.82,1574.92,0.0,0.0,0.651,0.702807,0.0,1,0.004658538,4.276009221,4.464699159252527
YOQLAT_clean,YOQLAT_clean,5.09073,4.28382,5.09073,2.03523,909.798,447.024,0.0,0.0,0.4642,0.228082,0.0,1,0.003551406,1.650299713,1.6843067829828868
YOYQAG_clean,YOYQAG_clean,6.86662,5.74381,6.86662,1.1179,982.695,879.053,0.0,0.0,0.5126,0.458537,0.0,0,0.012359259,3.177999301,3.6654708074315208
YOYQIO_clean,YOYQIO_clean,6.67565,4.79784,6.64558,1.08038,1016.53,940.902,0.0,0.0,0.5102,0.47224,0.0,0,0.012455243,3.180355585,3.6887890253856863
YOYREL_clean,YOYREL_clean,7.29129,6.3252,7.29129,1.04682,1086.92,1038.31,0.0,0.0,0.5424,0.518142,0.0,0,0.010564119,3.177158303,4.341666345929182
YOYVEP01_clean,YOYVEP01_clean,4.85942,3.67908,4.85942,1.85926,1388.03,746.548,0.0,0.0,0.5542,0.298075,0.0,1,0.003638981,2.317216898,2.622122280424416
YOYWEQ_clean,YOYWEQ_clean,4.77875,3.62914,4.77812,1.88548,1186.63,629.349,4.49602,2.38455,0.5478,0.290536,0.0,1,0.003309711,2.231581162,2.361389332093781
YOZJEE01_clean,YOZJEE01_clean,4.99022,3.91645,4.98963,1.38859,1498.87,1079.42,0.0,0.0,0.5588,0.402423,0.0,1,0.00544578,3.170908545,3.529017770993636
YUBFOR_clean,YUBFOR_clean,8.69265,4.94745,8.69265,1.19814,1446.3,1207.12,0.0,0.0,0.612,0.510792,0.0,1,0.003315353,2.673712412,3.179582118239894
YUBQET_clean,YUBQET_clean,5.81942,4.13008,5.81921,1.08758,1193.63,1097.51,0.0,0.0,0.5256,0.483275,0.0,0,0.011158836,4.449445343,4.3763443903941015
YUBTUM_clean,YUBTUM_clean,7.3117,5.64903,7.31034,1.22617,1319.07,1075.76,0.0,0.0,0.5428,0.442678,0.0,0,0.00271796,2.055438784,2.628144021848818
YUCZOM_clean,YUCZOM_clean,4.78325,3.91982,4.78325,1.01421,1563.82,1541.91,0.0,0.0,0.5504,0.54269,0.0,1,0.005503211,4.796625074,4.673394633887411
YUDFEK_clean,YUDFEK_clean,6.78829,4.53676,6.76727,1.15506,1800.97,1559.2,0.0,0.0,0.6172,0.534345,0.0,1,0.005667596,4.32432697,4.452546154591041
YUJNOH_clean,YUJNOH_clean,5.27714,3.46452,5.27652,1.77541,392.456,221.051,0.0,0.0,0.4746,0.267319,0.0,1,0.003788488,1.707135059,1.350808845498487
YUNJUO_clean,YUNJUO_clean,4.39479,3.63152,4.30622,1.20023,327.056,272.493,228.818,190.645,0.4452,0.370927,0.0,0,0.015052966,3.12739717,2.977349587642933
YUNXAI_clean,YUNXAI_clean,9.13708,7.11095,9.13708,0.82221,2053.25,2497.23,0.0,0.0,0.684,0.831905,0.0,0,0.006460837,5.596686633,5.955160102241837
YUSWEQ_clean,YUSWEQ_clean,5.40391,4.45966,5.39413,1.61347,1720.16,1066.13,0.0,0.0,0.5494,0.340509,0.0,1,0.005932583,3.637733526,3.5161690970680946
YUSWIU_clean,YUSWIU_clean,5.63795,4.77812,5.63069,1.59088,1761.52,1107.26,0.0,0.0,0.5624,0.353516,0.0,0,0.006041747,3.641076931,3.517686747616347
YUXQIS_clean,YUXQIS_clean,17.65359,14.41981,17.65359,0.688928,1805.53,2620.78,0.0,0.0,0.7418,1.07675,0.0,0,0.004118034,4.705401175,4.658726851644106
YUXQOY_clean,YUXQOY_clean,7.81236,5.76726,7.81236,0.879883,2108.57,2396.42,0.0,0.0,0.6624,0.752827,0.0,0,0.004465469,5.052398707,4.848358810416981
YUYLOV_clean,YUYLOV_clean,5.28891,4.25116,5.28891,1.21408,1053.59,867.808,5.10787,4.20721,0.5256,0.432922,0.0,1,0.005355595,3.209163238,3.215130038144307
YUZCON_clean,YUZCON_clean,12.85482,8.91717,12.83553,1.23622,1841.47,1489.6,0.0,0.0,0.7372,0.596334,0.0,1,0.001037127,1.397683964,1.4141322776244434
YUZPIU_clean,YUZPIU_clean,24.28264,10.2733,24.27637,0.405541,1930.72,4760.85,0.0,0.0,0.8426,2.07772,0.0,1,0.005871988,6.577604152,6.949006304416136
YUZPOA_clean,YUZPOA_clean,20.08724,6.66271,20.08724,0.597835,2261.64,3783.05,0.0,0.0,0.7894,1.32043,0.0,1,0.006050414,6.465777697,6.621180180178158
ZABQIC_ion_b,ZABQIC_ion_b,12.00373,11.11993,12.00373,0.767386,1559.55,2032.28,0.0,0.0,0.672,0.8757,0.0,1,0.002570767,3.071419367,3.112650265086396
ZAQWEW_clean,ZAQWEW_clean,6.95842,6.13717,6.94512,1.39957,1222.41,873.413,0.0,0.0,0.5188,0.370684,0.0,1,0.002416658,2.46304843,2.280675663321747
ZAQZOG_clean,ZAQZOG_clean,5.77457,3.67413,5.75944,1.64692,1133.89,688.489,59.8527,36.3421,0.521,0.316347,0.0,1,0.005145966,3.402515292,2.973786046167583
ZARVIZ_clean,ZARVIZ_clean,8.08211,6.49977,8.07086,1.60695,1752.25,1090.42,2.37844,1.4801,0.6066,0.377486,0.0,1,0.001540362,1.936388576,1.7324182939100088
ZAVREV_clean,ZAVREV_clean,5.30179,4.55872,5.30179,1.39948,1649.43,1178.6,0.0,0.0,0.5718,0.40858,0.0,1,0.005741223,3.610528162,3.5906280178842307
ZAZBUZ_clean,ZAZBUZ_clean,6.78822,5.70042,6.78792,1.17074,1452.69,1240.82,0.0,0.0,0.588,0.502245,0.0,1,0.007015783,4.363807363,4.381895084096702
ZEDQEG_clean,ZEDQEG_clean,5.11458,4.23281,5.10868,1.21651,1349.89,1109.64,0.0,0.0,0.5426,0.446031,0.0,1,0.004882608,4.287971679,3.260171280309863
ZELROZ_manual,ZELROZ_manual,16.90888,11.06843,16.90888,0.361932,1789.5,4944.29,0.0,0.0,0.8714,2.40763,0.0,0,0.003695403,5.05222693,5.286244977335889
ZETLER_clean,ZETLER_clean,7.4185,6.73421,7.4185,1.13583,1090.42,960.022,0.0,0.0,0.5128,0.451477,0.0,1,0.005297642,3.773550104,3.505423303156811
ZEZPAX_clean,ZEZPAX_clean,4.88259,3.42627,4.87229,1.37031,946.317,690.584,0.0,0.0,0.58,0.423261,0.0,1,0.005665572,3.138131514,2.961063742435016
ZIHFUR01_clean,ZIHFUR01_clean,5.31623,4.89277,5.31045,1.17914,978.608,829.937,0.0,0.0,0.4918,0.417085,0.0,0,0.003387336,2.270840824,2.3020845507583365
ZIJSAO_clean,ZIJSAO_clean,20.32962,7.50871,20.32962,0.465536,2204.15,4734.65,0.0,0.0,0.8128,1.74594,0.0,1,0.004362282,6.421974016,6.0455673080671914
ZILBED_clean,ZILBED_clean,4.97187,3.8062,4.93999,0.952981,1353.58,1420.37,0.0,0.0,0.5664,0.594346,0.0,1,0.006419352,5.625423055,4.560468123750353
ZITRUP_clean,ZITRUP_clean,6.53672,5.01398,6.53672,0.717884,2623.55,3654.57,0.0,0.0,0.7268,1.01242,0.0,0,0.003340646,4.162426698,4.303526139411091
ZOFZIF_clean,ZOFZIF_clean,8.07986,5.82761,8.06722,0.702361,2633.85,3750.0,0.0,0.0,0.7174,1.02141,0.0,1,0.004929975,5.965248046,5.889106213427985
ZOXGOK_clean,ZOXGOK_clean,6.81689,4.16129,6.80143,1.34232,1279.03,952.844,0.0,0.0,0.53,0.394837,0.0,1,0.002628831,2.424196912,2.389878286694483
ZOZCIC_clean,ZOZCIC_clean,4.77783,3.48746,4.76506,1.70684,334.136,195.762,173.298,101.532,0.4902,0.287197,0.0,1,0.004515099,1.795972643,1.8986173458732587
ZOZPUB_clean,ZOZPUB_clean,7.7256,6.01065,7.70911,1.03826,1572.11,1514.17,0.0,0.0,0.597,0.574999,0.0,1,0.002716738,2.953874176,3.205943724125759
ZUDRAT_clean,ZUDRAT_clean,6.48565,4.23405,6.48051,1.20859,1651.45,1366.43,0.0,0.0,0.5628,0.465668,0.0,1,0.006371605,4.535525023,4.108264262240212
ZUDXAZ_clean,ZUDXAZ_clean,4.0542,3.70372,4.05121,1.83709,560.464,305.082,53.3835,29.0587,0.4362,0.237441,0.0,1,0.006283348,2.552020282,2.597873908005887
ZUNZIT_clean,ZUNZIT_clean,5.02966,4.18682,5.02966,1.54704,1064.88,688.333,0.0,0.0,0.4702,0.303935,0.0,1,0.00843465,3.160770313,3.1083040577708663
