filename,LCD,PLD,LFPD,cm3_g,ASA_m2_cm3,ASA_m2_g,NASA_m2_cm3,NASA_m2_g,AV_VF,AV_cm3_g,NAV_cm3_g,Has_OMS,Input,y_true,y_pred
1499489-acs.cgd.6b01265_1499490_clean,10.85017,3.77263,10.26663,0.884188,1701.53,1924.4,0.0,0.0,0.6458,0.730388,0.0,0,0.007366829,0.685041089,0.6675208095662503
ACECIV_ion_b,3.5991,2.94934,3.57968,2.60195,0.0,0.0,21.213,8.15274,0.2312,0.0888565,0.0,1,0.001099095,0.094894749,0.11132082058375031
ACOCOM_clean,24.60642,13.0343,24.60642,0.349927,1537.41,4393.52,0.0,0.0,0.863,2.46623,0.0,1,0.003838912,0.384543547,0.37241959035749955
ACOCUS_clean,24.38417,13.22222,24.38417,0.346494,1518.48,4382.42,0.0,0.0,0.8644,2.49471,0.0,1,0.003871942,0.39431656,0.37471350934624925
ACODAZ_clean,23.29182,13.11646,23.29182,0.343144,1530.83,4461.21,0.0,0.0,0.8618,2.51148,0.0,1,0.00383417,0.38014477,0.3718666922749996
ACODUT_clean,5.4607,3.36863,5.4607,1.51914,446.079,293.64,0.0,0.0,0.4404,0.289902,0.0,0,0.011912921,0.594539826,0.8025167907437515
acs.cgd.5b01554_VAGNUP1452791_clean,6.16218,5.1323,5.87594,1.47047,1873.32,1273.96,0.0,0.0,0.572,0.388992,0.0,1,0.000440159,0.041510599,0.041742759303749905
acs.cgd.6b00163_UKEBOD1448508_clean,4.86973,2.55151,4.17307,1.61619,0.0,0.0,294.165,182.012,0.396,0.245021,0.0,0,0.011985339,0.541680542,0.7679848048637499
acs.chemmater.5b03723_cm5b03723_si_004_clean,13.11818,7.33973,12.8246,0.772596,1915.1,2478.78,10.4758,13.5592,0.6956,0.900342,0.0,1,0.021318574,0.706917525,1.5097524669562492
acs.chemmater.5b03723_cm5b03723_si_005_clean,14.22819,7.4356,14.22819,0.645145,2122.45,3289.88,0.0,0.0,0.7418,1.14982,0.0,1,0.006041463,0.546299842,0.5664137783437473
acscombsci.5b00188_34903_clean,6.15808,5.85025,6.15808,2.16583,1748.44,807.285,0.0,0.0,0.542,0.25025,0.0,0,0.020278197,1.370096388,1.4555856127550046
acscombsci.5b00188_5013797_clean,9.69678,6.71185,9.61668,0.664961,2272.9,3418.09,0.0,0.0,0.7302,1.09811,0.0,0,0.003535195,0.341568415,0.3492999229
acs.inorgchem.6b00136_ic6b00136_si_002_clean,7.2744,7.0365,7.27294,1.17665,1340.62,1139.36,0.0,0.0,0.582,0.494624,0.0,1,0.009754234,0.803684473,0.8020290923887484
acs.inorgchem.6b00276_ic6b00276_si_006_clean,14.12459,8.71298,14.12459,0.76132,1982.07,2603.46,21.492,28.2299,0.7202,0.945989,0.0,1,0.010867106,0.850631206,0.891286343347503
acs.inorgchem.6b01211_ic6b01211_si_002_clean,11.28381,4.52903,11.28381,0.822811,2257.22,2743.3,0.0,0.0,0.6948,0.844422,0.0,1,0.005606223,0.499916367,0.5218602109074993
acs.inorgchem.6b01416_ic6b01416_si_004_clean,6.69143,3.5273,6.69143,1.34288,1327.26,988.368,0.0,0.0,0.5278,0.393035,0.0,1,0.005791971,0.508917082,0.5231497364574996
acs.inorgchem.6b01762_ic6b01762_si_002_clean,11.40609,8.52606,11.40609,2.31198,1582.43,684.446,0.0,0.0,0.647,0.279846,8.65e-05,1,0.000450468,0.044835369,0.04357036046500011
ADOBIF_clean,5.54781,3.82743,5.54167,1.58873,944.037,594.207,131.28,82.6315,0.4886,0.30754,0.0,1,0.00272526,0.259649656,0.24485313770625072
AGAYIQ_clean,4.02834,2.68983,4.02834,2.1487,0.0,0.0,227.224,105.75,0.3908,0.181878,0.0,1,0.005332548,0.419684918,0.4100191235375001
AGAYOW_clean,5.75249,2.57901,5.75249,1.68923,0.0,0.0,902.37,534.192,0.5038,0.298243,0.0,1,0.00544367,0.438186915,0.441764080757501
AGUBUA_clean,5.46218,4.59563,5.46034,1.83317,1345.91,734.196,0.0,0.0,0.576,0.31421,0.0,0,0.014686249,1.033963545,1.0755817731800035
AHIYOH_clean,5.55847,4.74922,5.55001,1.42546,843.163,591.503,0.0,0.0,0.4554,0.319476,0.0,1,0.00582546,0.473363357,0.49978307073249945
AHIYUN_clean,5.15091,3.13788,5.03528,1.898,0.0,0.0,616.793,324.969,0.3872,0.204004,0.0,1,0.190035641,1.993013522,2.4301376988862686
AHOZAA_clean,5.54353,3.15137,5.54353,1.68629,0.0,0.0,512.607,303.985,0.4282,0.25393,0.0,1,0.007789969,0.51857084,0.5867559018712473
AHUFIU_clean,8.82374,6.2087,8.82374,0.961965,2042.39,2123.15,0.0,0.0,0.6792,0.706055,0.0,1,0.001507316,0.162403557,0.15317664171874998
AKOXIJ_clean,7.01714,4.33707,6.94236,1.42761,1022.79,716.43,287.21,201.182,0.528,0.369848,0.0,1,0.037402493,1.694559061,1.7739960877275032
AKUHOD03_clean,3.27626,2.72445,3.26287,2.39221,0.0,0.0,0.0,0.0,0.3686,0.154084,0.0,1,0.000127293,0.011063911,0.010656735003750068
am301365h_si_002_clean,11.58637,3.48934,11.58637,0.907013,1494.34,1647.54,0.0,0.0,0.6382,0.703628,0.0,0,0.002424784,0.225024003,0.2308437693062494
AMIZIG_clean,6.42874,5.80877,6.41409,1.40393,699.498,498.243,0.0,0.0,0.4248,0.302579,0.0,1,0.001585654,0.146360485,0.14705196100500026
ANOMOG_clean,12.8003,5.50166,12.79961,0.784559,2116.78,2698.05,0.0,0.0,0.7198,0.917458,0.0,1,0.005452693,0.500014277,0.4940349111937482
APEBII_clean,10.32114,3.69719,10.3209,1.22342,1765.75,1443.28,0.0,0.0,0.6248,0.510698,0.0,1,0.040901021,1.342756614,2.0180074590487527
APEBOO_clean,10.56651,4.16012,10.56651,1.24771,1971.26,1579.91,0.0,0.0,0.6524,0.52288,0.0,1,0.074271625,2.635353227,2.7354150742487295
AQEFOS_clean,8.68225,2.76851,8.68064,1.96074,0.0,0.0,799.798,407.907,0.5044,0.25725,0.0,1,0.000561941,0.055393762,0.060363788513749704
AQEGUY_clean,5.54395,4.66139,5.49926,1.46355,1275.66,871.62,0.0,0.0,0.5148,0.351747,0.0,1,0.00710682,0.606704719,0.6089082576425001
AQERUL_clean,5.19905,3.7128,5.19898,1.6479,850.334,516.012,0.0,0.0,0.4402,0.267129,0.0,0,0.046969697,1.726101028,1.464071809577502
AQIQIC_clean,6.11416,2.65573,6.10292,1.45271,0.0,0.0,973.967,670.449,0.4784,0.329316,0.0,1,0.005554317,0.467112332,0.4613675408150004
AQIXUU_clean,5.00071,3.74213,5.00071,2.31618,778.297,336.026,0.0,0.0,0.406,0.175289,0.0,1,0.008020768,0.572395621,0.6100122273299959
AQOLOJ_clean,15.82324,9.85536,15.82324,0.918562,1262.34,1374.26,403.393,439.157,0.709,0.771858,0.0,1,0.012847013,0.976235087,1.0302366214837513
AQOTIK_clean,6.7817,3.86887,6.78051,1.47348,1288.35,874.359,0.0,0.0,0.5612,0.380867,0.0,1,0.005724629,0.51994511,0.5041298942099983
ASANAL_clean,5.37126,3.88285,5.37126,1.20144,1052.9,876.362,0.0,0.0,0.5218,0.434312,0.0,1,0.005124206,0.460646752,0.46449074288750014
ASEKAM_clean,5.99031,5.00967,5.99031,1.72662,1403.65,812.946,0.0,0.0,0.5696,0.329892,0.0,1,0.004112603,0.363500336,0.3843046655799976
ASIVEF_clean,11.85007,7.21214,11.45277,0.623261,2219.01,3560.32,0.0,0.0,0.7618,1.22228,0.0,1,0.003392339,0.334042117,0.3386604846712506
ATEZEG_clean,10.12518,7.5272,10.12318,0.775574,2361.78,3045.2,0.0,0.0,0.7158,0.922929,0.0,1,0.004802434,0.462436576,0.42892609302500107
ATEZIK_clean,10.39835,7.60488,10.39835,0.744295,2329.14,3129.33,0.0,0.0,0.7298,0.980525,0.0,1,0.004242168,0.411219145,0.41004481075124816
ATUZEW_clean,10.5847,3.84767,10.5847,0.968927,2122.87,2190.95,0.0,0.0,0.6504,0.671258,0.0,1,0.007414675,0.64685024,0.6740977738312516
AVETAY_clean,5.64584,4.05596,5.63489,1.01371,1738.43,1714.92,0.32856,0.324118,0.6096,0.601358,0.0,1,0.009413968,0.867426905,0.828029663868747
AVETOM_clean,5.57195,3.01035,5.56463,1.79151,0.0,0.0,366.792,204.739,0.387,0.216019,0.0,1,0.00364806,0.256853715,0.32094129716249875
AVUBUP_clean,3.97304,3.03083,3.94893,1.71387,0.0,0.0,108.221,63.1442,0.4194,0.244709,0.0,1,0.001130269,0.107171517,0.10869501915500018
AVUHIJ_clean,3.85535,2.975,3.77304,1.36097,0.0,0.0,86.1445,63.2966,0.4122,0.302873,0.0,1,0.001323491,0.124800656,0.1233038900012498
AWEWOP_clean,9.66818,6.8565,9.66161,1.11027,1532.43,1380.24,0.0,0.0,0.5908,0.532125,0.0,1,0.00432915,0.421388823,0.4214426786862503
AWOKED_clean,4.16243,2.78956,4.13231,1.96571,0.0,0.0,192.187,97.77,0.4238,0.215596,0.0,1,0.000766999,0.080246239,0.06955792288000011
AWUPOZ_clean,18.42385,9.2554,18.42385,0.353418,1737.36,4915.87,0.0,0.0,0.8534,2.41471,0.0,1,0.00357078,0.363447452,0.3567566853937513
AXIGAR_clean,6.07916,3.82644,6.07805,0.772367,2511.2,3251.3,0.0,0.0,0.6878,0.890509,0.0,1,0.002150597,0.214334378,0.20931576871250063
AXINAX_clean,19.26045,15.71248,19.26045,0.424639,1405.73,3310.41,0.0,0.0,0.8372,1.97156,0.0,1,0.003626511,0.359652699,0.3581529927637513
AZOHEC_clean,4.77676,3.3276,4.59302,1.48092,831.253,561.309,0.0,0.0,0.527,0.35586,0.0,0,0.005436278,0.45938455,0.47249319649749777
BABREE_clean,12.92538,6.29785,12.92538,0.898119,2356.63,2623.96,0.0,0.0,0.6828,0.760255,0.0,1,0.004007638,0.385798649,0.40043228728749797
BADJIC_clean,3.80162,2.90343,3.80162,1.35655,0.0,0.0,63.1802,46.5741,0.4538,0.334525,0.0,0,0.00098693,0.097221656,0.0935765674262499
BADXAI_clean,6.25366,4.40633,6.25366,1.71483,758.25,442.172,0.0,0.0,0.4118,0.240141,0.0,1,0.001145717,0.107135701,0.10868889982000007
BAKYIY_clean,7.70743,7.14284,7.70743,1.03845,1603.46,1544.09,0.0,0.0,0.586,0.564303,0.0,0,0.005869703,0.553477363,0.5330842572800004
BALPEL_clean,5.7532,3.34666,5.74368,2.14304,550.684,256.964,253.963,118.506,0.481,0.224448,0.0,1,0.000996458,0.090467618,0.09878286914750038
BAYCOU_clean,4.18312,3.08908,4.18312,2.36439,0.0,0.0,92.9336,39.3055,0.3682,0.155727,0.0,1,0.000857607,0.086050805,0.0857591983037496
BEFNOR_clean,4.97485,3.02564,4.97485,1.70485,0.0,0.0,731.783,429.236,0.4816,0.282488,0.0,1,0.00567239,0.471754293,0.46455266295750036
BERQIA_clean,6.73458,3.84255,6.69761,1.14732,1673.47,1458.59,0.0,0.0,0.5966,0.519995,0.0,1,0.01092066,0.820324695,0.8942729190000019
BETDOV_clean,6.15975,4.21588,6.15598,1.35335,1572.21,1161.72,0.0,0.0,0.5314,0.392656,0.0,1,0.00438359,0.405755788,0.4194507530212504
BETFIR_clean,4.51714,3.24158,3.88245,1.34051,0.0,0.0,704.866,525.82,0.5298,0.395223,0.0,1,0.004446148,0.419232172,0.40340828463000256
BETFOX_clean,5.13144,3.67825,5.11456,1.3623,1196.21,878.085,0.0,0.0,0.5018,0.368349,0.0,0,0.004953765,0.429402434,0.44648636296749933
BEWCUD_clean,11.43013,9.61646,11.40927,0.476468,2123.61,4456.97,0.0,0.0,0.8196,1.72016,0.0,1,0.003434704,0.330861614,0.3474710598000004
BEWVEG_clean,6.48201,4.71475,6.48201,1.10737,1863.88,1683.16,0.0,0.0,0.6042,0.545619,0.0,1,0.003295122,0.320552065,0.32557184861625144
BEXTUV_clean,4.28323,3.79801,4.26635,1.30528,1237.19,947.835,0.0,0.0,0.5092,0.390108,0.0,1,0.009677689,0.804783691,0.7889024868625021
BEXVAD01_clean,3.87179,3.50198,3.85722,1.36931,1031.87,753.568,0.0,0.0,0.5022,0.366754,0.0,1,0.00759682,0.637221165,0.6446906452737485
BEXVAD_clean,4.05512,3.67488,4.05512,1.37514,1152.1,837.807,0.0,0.0,0.4946,0.359673,0.0,1,0.009739712,0.792630922,0.7657498952375028
BEXVIL_clean,8.76522,6.70231,8.74887,0.885188,2434.41,2750.17,0.0,0.0,0.7548,0.8527,0.0,1,0.003127098,0.309365359,0.3085243736125009
BIBMAC_clean,5.44888,3.01221,5.44399,1.74888,0.0,0.0,462.588,264.506,0.446,0.255021,0.0,1,0.001250994,0.122037093,0.11922769394125023
BIBMEG_clean,5.57416,2.96797,5.57416,1.77028,0.0,0.0,671.761,379.466,0.4734,0.267415,0.0,1,0.007380871,0.525689559,0.5997738093674988
BIBMIK_clean,7.08641,2.47803,7.08641,1.6249,0.0,0.0,533.828,328.529,0.4466,0.274847,0.0,1,0.001867943,0.176381936,0.1699480339224999
BIBYAO_clean,13.04186,4.014,13.04186,1.4952,1811.79,1211.73,0.0,0.0,0.6492,0.434188,0.000668805,0,0.079945097,4.052402426,2.9173467318612474
BIHBEB_clean,18.34605,17.1599,18.34605,0.724278,1666.73,2301.23,0.0,0.0,0.776,1.07141,0.0,1,0.012649627,0.874732173,0.9792831485725002
BIHRER_clean,6.1845,3.26807,6.17281,1.25322,0.0,0.0,707.655,564.668,0.4676,0.373118,0.0,1,0.002341592,0.217080956,0.22460149959874992
BIJFAD_clean,8.3585,6.26342,8.18439,0.855984,1774.61,2073.18,0.0,0.0,0.6172,0.721042,0.0,1,0.003538731,0.330627791,0.3434477707849994
BIJJOV_clean,4.82105,3.20318,4.80458,2.14714,0.0,0.0,284.655,132.574,0.3092,0.144005,0.0,0,0.032529589,0.829104518,0.9776948196000075
BINMIW_clean,11.24986,10.49756,11.228,1.06367,1248.28,1173.56,0.0,0.0,0.5962,0.560513,0.0,1,0.011697985,0.650256907,0.9105329227237516
BIPBAF_clean,10.29487,6.42172,10.29451,0.781793,2351.03,3007.23,0.0,0.0,0.7276,0.930682,0.0,1,0.004037538,0.38922965,0.4058593132599971
BIRGIU_clean,6.67557,4.28336,6.67557,1.36929,1467.6,1071.8,0.0,0.0,0.553,0.403858,0.0,1,0.002289965,0.215636667,0.22063159525750067
BIWSOQ_clean,15.33666,5.40917,6.36274,0.990293,1940.65,1959.67,0.0,0.0,0.6518,0.658189,0.0,1,0.008704782,0.788031975,0.7373969940587454
BOHWOM_clean,6.30501,5.11273,6.30431,1.22479,1646.22,1344.09,0.0,0.0,0.5794,0.473062,0.0,1,0.004062602,0.389242584,0.39473913022750023
BOHXIH_clean,7.57568,3.35709,7.57568,1.73991,1194.36,686.45,121.402,69.7752,0.5408,0.310822,0.000114949,0,0.00429346,0.353864643,0.41502146702374965
BOJDAG_clean,5.39507,2.83629,5.38618,2.56176,0.0,0.0,636.154,248.327,0.4208,0.164262,0.0,0,0.005134751,0.390695984,0.41569460279750076
BORBEQ_clean,6.03525,3.97595,5.98504,1.10262,1309.44,1187.57,0.0,0.0,0.545,0.494276,0.0,0,0.004829452,0.43371337,0.43443165845875087
BOSHIC_clean,11.35851,4.44127,11.35851,0.998372,1829.81,1832.79,0.0,0.0,0.6236,0.624617,0.0,1,0.013470333,0.983398411,1.0868616476074975
BOWSOW_clean,5.38919,4.13551,5.38919,1.62989,1386.73,850.81,0.0,0.0,0.5466,0.33536,0.0,1,0.009519426,0.781165496,0.7918206678025009
BUCSAU_clean,4.50267,3.4845,4.50267,1.50793,539.251,357.61,100.546,66.6783,0.4734,0.31394,0.0,1,0.011087836,0.818512381,0.7880674818212536
BUCSIC01_clean,4.44124,3.57533,4.41189,1.50616,553.814,367.699,138.791,92.149,0.4836,0.321081,0.0,1,0.014562793,0.978503648,0.8884583765424996
BUPDOH_clean,11.18608,5.4183,11.18608,0.930795,2344.47,2518.79,0.0,0.0,0.7156,0.768805,0.0,1,0.011412248,0.876443599,0.9283862709800027
BUSSEP_clean,5.87951,2.60001,5.87951,2.01237,0.0,0.0,733.648,364.569,0.4442,0.220735,0.0,1,0.004369632,0.328457507,0.3939043644187513
BUSTAM_clean,5.9276,2.66956,5.91101,1.96873,0.0,0.0,748.201,380.043,0.4466,0.226847,0.0,1,0.004066845,0.323612004,0.3730938327662498
BUVKUA_clean,3.87628,3.20199,3.87266,2.34208,0.0,0.0,77.0083,32.8804,0.3128,0.133557,0.0,1,0.00224194,0.180774384,0.21262509504625038
BUVVIZ_clean,5.00001,3.6207,4.99072,1.72941,572.133,330.826,0.0,0.0,0.4138,0.239272,0.0,0,0.001353197,0.123735333,0.12407375876250029
BUVVOF_clean,4.68198,3.57584,4.68198,1.98004,493.025,248.998,0.0,0.0,0.4188,0.211511,0.0,1,0.000923419,0.091820854,0.08837488447875005
BUXTUL_clean,5.73333,4.06625,5.52883,1.24116,1652.17,1331.15,26.661,21.4807,0.5852,0.471494,0.0,1,0.003218861,0.310080342,0.3095301371175019
c4dt02048k_c4dt02048k2_clean,4.85859,3.78197,4.84347,1.4363,661.212,460.357,0.0,0.0,0.4384,0.305229,0.0,1,0.001853295,0.172325231,0.17097581092624953
c5cc01886b_c5cc01886b2_clean,3.99847,2.83949,3.97782,1.82446,0.0,0.0,195.065,106.917,0.4124,0.22604,0.0,1,0.000924274,0.088477814,0.08834156578374952
c5cc09935h_c5cc09935h2_clean,12.43011,5.54656,12.43011,1.34061,1862.24,1389.1,0.0,0.0,0.6814,0.508277,0.000596744,0,0.002810708,0.279418149,0.280908314081249
c5ce00931f_c5ce00931f2_clean,5.29408,4.17227,5.29408,1.81161,1362.6,752.15,0.0,0.0,0.5006,0.276328,0.0,1,0.00547091,0.480999466,0.4726067097112481
c5ce01790d_c5ce01790d1_clean,9.18977,4.55461,8.97719,2.09193,660.443,315.71,0.0,0.0,0.4192,0.20039,0.0,0,0.003386674,0.288867316,0.3129294241349999
c5ce02503f_c5ce02503f2_clean,13.50319,5.63614,13.50319,1.78413,1087.4,609.485,289.45,162.236,0.5546,0.310852,0.0,1,0.284389038,2.529056179,3.2869147285962526
c5dt01100k_c5dt01100k2_clean,10.14478,9.16125,10.14478,1.64843,1361.9,826.183,0.0,0.0,0.588,0.356703,0.0,1,0.001137932,0.107873967,0.1094660212375003
c5dt02651b_c5dt02651b2_clean,11.24702,10.84395,11.24702,1.63261,1033.92,633.289,0.0,0.0,0.5074,0.31079,0.0,0,0.000923362,0.094975873,0.09079762178499956
c5dt03038b_c5dt03038b2_clean,6.32747,4.74814,6.26915,1.49819,1746.54,1165.77,0.0,0.0,0.584,0.389803,0.0,1,0.006695049,0.599447323,0.5922305820975
c5dt04943a_c5dt04943a2_clean,11.21193,6.39957,11.21193,0.759207,2393.65,3152.83,0.0,0.0,0.7392,0.973647,0.0,1,0.005235945,0.485021245,0.47964319573875014
c5dt05023e_c5dt05023e2_clean,6.45831,4.45817,6.45831,1.05764,1467.29,1387.32,0.0,0.0,0.552,0.521916,0.0,1,0.008499049,0.665417053,0.7285889091574971
c5nj02236c_c5nj02236c2_clean,6.30027,4.16214,6.2999,1.32173,1286.33,973.214,0.0,0.0,0.5228,0.395541,0.0,0,0.00873127,0.734252207,0.7165376226974994
c5nj03044g_c5nj03044g2_clean,5.37347,3.59404,5.37347,1.19457,1376.65,1152.42,0.0,0.0,0.5502,0.460583,0.0,0,0.008213346,0.710352244,0.6916840141412486
c5qi00128e_c5qi00128e2_clean,6.58115,3.73125,6.58115,0.993282,1853.01,1865.55,0.0,0.0,0.582,0.585936,0.0,0,0.011087277,1.031773311,0.9242199803287516
c5ta03835a_c5ta03835a2_clean,12.36152,9.64623,12.36152,0.670312,1969.74,2938.54,0.0,0.0,0.7304,1.08964,0.0,0,0.003549181,0.340492909,0.3482174656325004
c5ta05481h_c5ta05481h2_clean,11.36075,4.16216,11.273,1.17825,1834.82,1557.24,0.0,0.0,0.6228,0.528581,0.0,1,0.03913145,1.859962038,2.0385218651787507
c6cc00589f_c6cc00589f2_clean,11.05462,4.21804,11.05462,0.944025,1733.14,1835.91,0.0,0.0,0.6684,0.708032,0.0,1,0.002601968,0.242713005,0.26141306121499974
c6cc00589f_c6cc00589f3_clean,8.87015,7.61141,8.84647,0.61411,2422.25,3944.33,0.0,0.0,0.804,1.30921,0.0,0,0.001776158,0.180317035,0.17838244172250065
c6cc03787a_c6cc03787a2_clean,13.49945,6.3228,13.49945,0.687385,2187.23,3181.96,0.0,0.0,0.746,1.08527,0.000290958,0,0.004010712,0.397647487,0.4019071844112475
c6ce00465b_c6ce00465b2_clean,7.48534,6.6993,7.48534,0.744889,2472.69,3319.54,0.0,0.0,0.7082,0.950746,0.0,0,0.007529899,0.719210696,0.6778980510512528
c6ta07145g_c6ta07145g2_clean,6.02059,3.60964,6.01517,1.26554,923.516,729.74,0.0,0.0,0.497,0.392717,0.0,0,0.004281742,0.37244312,0.4059158819937497
CACNOM_clean,5.51942,4.46179,5.51261,1.46727,1607.54,1095.6,0.0,0.0,0.5204,0.354673,0.0,0,0.007047999,0.61820706,0.5967567652262504
CAHQAG_clean,3.74377,3.05139,3.72559,1.42157,0.0,0.0,222.905,156.802,0.4296,0.302201,0.0,1,0.003558988,0.32593955,0.32711045055374777
CASWIE_clean,9.90767,8.8856,9.90767,1.25703,2053.39,1633.52,0.0,0.0,0.7078,0.563072,0.0,0,0.006452501,0.564384571,0.585856359448749
CAVMIX_clean,8.93942,5.67971,8.86574,0.942961,1589.69,1685.85,0.0,0.0,0.62,0.657503,0.0,1,0.005575704,0.512847165,0.5134419119349999
CAXSUR_SL,13.20977,6.6958,13.20977,0.618713,2108.92,3408.56,2.69185,4.35072,0.73,1.17987,0.0,0,0.002246522,0.229830389,0.2195431678524999
CAYQIE_clean,11.36799,6.51795,9.97187,0.696086,2497.61,3588.07,0.0,0.0,0.7382,1.0605,0.0,1,0.004720447,0.463812651,0.4338514143025007
CAYQOK_clean,11.83799,7.63891,11.7221,0.673503,2318.04,3441.77,0.0,0.0,0.7596,1.12783,0.0,1,0.004807252,0.449386971,0.4266414099550012
CAYQUQ_clean,11.37885,6.17998,10.24831,0.783377,2242.23,2862.26,0.0,0.0,0.6804,0.868548,0.0,1,0.004562053,0.444526321,0.43037454098749994
CEDFOI_clean,8.34336,3.84131,8.32866,1.23395,1912.36,1549.78,0.0,0.0,0.6248,0.506341,0.0,1,0.005418267,0.471544167,0.49689765840999983
CEDFUO_clean,6.32807,4.51999,5.33405,1.32113,1794.57,1358.35,0.0,0.0,0.6002,0.454307,0.0,1,0.005476838,0.480483938,0.4910787235699987
CEKNIQ_clean,19.34511,12.33787,19.24026,0.450433,1674.23,3716.94,0.0,0.0,0.8472,1.88086,0.0,1,0.003164256,0.317709258,0.30694971357250084
CEMKOV_clean,6.14232,4.76606,5.27946,0.925155,1938.38,2095.19,0.0,0.0,0.617,0.666916,0.0,1,0.010093393,0.875159657,0.8639071975712496
CESFIQ_clean,12.64207,6.13059,12.56929,0.688272,2372.6,3447.18,0.0,0.0,0.7544,1.09608,0.0,1,0.00757613,0.669464889,0.6753666097075042
CESFOW_clean,11.30689,5.72282,11.30689,0.75113,2376.62,3164.06,0.0,0.0,0.7236,0.963349,0.0,1,0.005639369,0.528548139,0.5220026523549993
CEYWOU_clean,5.92045,3.96552,5.92045,1.52165,1106.54,727.196,0.0,0.0,0.488,0.320704,0.0,1,0.010052707,0.824830403,0.8069698268875024
CEYYIQ_clean,8.37126,7.81796,8.37126,2.71612,1505.4,554.246,0.0,0.0,0.6104,0.224732,0.0,1,0.000741345,0.075216111,0.0709723854812499
cg050585esi20051105_115011_clean,5.11718,3.57473,5.07564,1.4789,549.331,371.446,14.5687,9.85107,0.4246,0.287106,0.0,0,0.013015755,0.743254716,0.9025424406074991
cg100357q_si_002_clean,5.69388,4.40862,5.69388,1.25786,1032.04,820.478,0.0,0.0,0.4934,0.392254,0.0,1,0.012421412,0.79795718,0.8888458044350013
cg200120p_si_002_clean,4.24523,2.41863,4.24513,1.47115,0.0,0.0,139.866,95.0721,0.3972,0.269993,0.0,1,0.002625151,0.191136385,0.23873709636750085
cg2007167_si_002_clean,6.66423,5.56859,6.66139,0.818121,2162.43,2643.17,0.0,0.0,0.663,0.810394,0.0,1,0.002373707,0.248284933,0.2228313135212502
cg3002866_si_001_clean,14.19695,6.32486,14.19695,0.780735,2310.25,2959.08,0.0,0.0,0.7264,0.930405,0.0,1,0.004615386,0.444376798,0.43143415961624976
cg300979c_si_002_clean,8.05407,6.75932,7.96872,0.960767,1454.92,1514.34,0.0,0.0,0.5674,0.59057,0.0,0,0.002272752,0.234558719,0.2220877319137496
cg3015354_si_002_clean,7.32162,4.55611,5.93566,1.50685,1363.44,904.833,0.0,0.0,0.5076,0.336863,0.0,1,0.001559057,0.147344135,0.15457519255625074
cg500192d_si_002_clean,9.72623,8.82974,9.6524,1.57345,1897.89,1206.2,0.0,0.0,0.6888,0.437764,0.0,1,0.006744885,0.571247066,0.5985067915800034
cg501141m_si_003_clean,6.52889,4.75513,5.51076,1.08983,1352.45,1240.98,192.247,176.402,0.5792,0.531461,0.0,1,0.007718711,0.660991943,0.6678471767850018
cg800945m_si_002_clean,4.88985,2.68705,4.88628,1.50156,0.0,0.0,109.26,72.7639,0.3972,0.264524,0.0,1,0.00339821,0.194876061,0.3156360249974986
CIFGUV_clean,4.01419,3.06563,3.42367,2.04219,0.0,0.0,271.352,132.873,0.3676,0.180003,0.0,0,0.009974423,0.760817345,0.6986104876325028
CIMFOV_clean,5.64366,2.87535,5.6428,1.82627,0.0,0.0,472.02,258.461,0.4502,0.246513,0.0,0,0.123534759,1.566979049,2.4338616154787602
CIPLIX_clean,4.16596,3.6754,4.15153,1.12701,1392.79,1235.82,0.0,0.0,0.5518,0.489614,0.0,1,0.00725965,0.668788909,0.6627893383350029
CIQQIE_clean,6.69548,4.06015,6.67985,1.03219,1589.58,1540.01,0.0,0.0,0.5732,0.555324,0.0,1,0.007725059,0.68243866,0.687817335335
CIXCOC_clean,5.0647,3.72596,5.0647,2.39933,343.01,142.961,0.0,0.0,0.3512,0.146374,0.0,0,0.000267726,0.02622004,0.02626539083250008
cm071462f-file004_clean,6.42322,5.39187,6.42322,1.55223,1810.57,1166.43,0.0,0.0,0.6266,0.403676,0.0,0,0.004863173,0.469899769,0.44525882232499986
cm501138g_si_003_clean,11.06733,2.94264,11.02516,1.58207,0.0,0.0,1205.96,762.265,0.5212,0.329442,0.0,0,0.14165718,1.722523377,2.5123644949112567
cm501138g_si_004_clean,11.11311,3.30718,11.11311,1.26713,0.0,0.0,1239.75,978.391,0.531,0.419058,0.0,0,0.012756192,0.875842465,0.9026399062249983
CODJUC_clean,3.70804,2.59481,3.70264,1.72102,0.0,0.0,65.3069,37.9466,0.3724,0.216383,0.0,1,0.001544713,0.142474195,0.14145730543499982
CODVAU_clean,5.70592,4.39685,5.70265,1.86805,957.055,512.328,0.0,0.0,0.4588,0.245604,0.0,1,0.276881428,2.881479755,2.7161953046862584
COJMIZ_clean,8.76253,5.35896,8.72035,1.01046,1718.52,1700.73,0.0,0.0,0.6106,0.604279,0.0,0,0.005187992,0.481494403,0.47115124481749904
COJMOF02_clean,7.77133,6.76319,7.77133,0.912847,1827.53,2002.01,0.0,0.0,0.6452,0.7068,0.0,0,0.004584713,0.441135076,0.43940623631000103
COMNAU_clean,9.72302,3.66698,9.70462,1.61238,1190.87,738.578,0.0,0.0,0.5424,0.336397,0.0,1,0.008670764,0.728836499,0.7023885611162533
comp2_clean,6.3721,5.81224,6.36767,1.69788,895.639,527.505,0.0,0.0,0.47,0.276816,0.0,1,0.001987345,0.181783954,0.18813193015500015
COMZIP_clean,4.48695,3.03074,4.47514,1.30912,0.0,0.0,513.378,392.155,0.4668,0.356575,0.0,0,0.010629545,0.708614487,0.8086038336087519
COQJID_clean,5.67335,4.4679,5.67044,1.27511,1146.44,899.089,0.0,0.0,0.4982,0.390711,0.0,0,0.007649846,0.635750841,0.6517869196275008
COQJOJ_clean,7.38214,4.96534,7.38214,1.07307,1447.07,1348.53,0.0720169,0.0671129,0.5318,0.495588,0.0,1,0.00789554,0.632915007,0.6847137230337504
COQJUP_clean,7.38322,4.6606,7.38042,1.11082,1342.22,1208.32,0.0,0.0,0.5588,0.503054,0.0,1,0.00843499,0.660302938,0.6989508777362528
COWDEZ_clean,8.91053,4.46746,8.91053,4.13717,1136.38,274.675,0.0,0.0,0.4164,0.100649,0.000386738,1,0.002361483,0.181311721,0.21629838887499947
COXDIE_clean,5.62039,5.35711,5.62039,1.66496,1129.92,678.647,0.152502,0.091595,0.484,0.290697,0.0,1,0.002334182,0.217508982,0.21647122733500013
CUFQUR_clean,6.03864,3.8691,6.03864,2.05539,1028.56,500.422,0.0,0.0,0.503,0.244722,0.0,1,0.000807061,0.085603917,0.07822564279000038
CUGYIO_clean,5.85592,5.75004,5.85592,2.37725,832.973,350.394,0.0,0.0,0.4316,0.181554,0.0,1,0.000748402,0.06984034,0.06917578950875028
CUGZAH_clean,7.43946,7.40575,7.42884,2.24368,763.393,340.242,0.0,0.0,0.4524,0.201633,0.0,1,0.000587601,0.059577613,0.060846005676249815
CUHLUO_clean,5.42523,4.19371,5.42499,1.12223,1191.58,1061.8,0.0,0.0,0.5356,0.477262,0.0,0,0.021036394,1.742908942,1.4613539631487527
CUNRAG_clean,4.531,2.72413,4.38623,2.08372,0.0,0.0,487.364,233.891,0.416,0.199643,0.0,0,0.033892461,1.267079593,1.3393637444387532
CUPHIG_clean,11.10015,5.6209,11.10015,0.767516,2426.29,3161.23,0.0,0.0,0.7292,0.950078,0.0,1,0.005461326,0.520465297,0.5048353635199977
CUQRUD_clean,5.86918,4.59668,5.81577,0.986332,2188.93,2219.27,0.0,0.0,0.6352,0.644002,0.0,1,0.007153083,0.682129533,0.6435520914400016
CURZAR_clean,6.11737,4.85497,6.11737,1.33305,994.338,745.91,0.926549,0.695058,0.5124,0.38438,0.0,1,0.001410635,0.137053996,0.13882146248000043
CUSXIY_clean,15.40731,13.34223,14.58073,0.291845,1568.49,5374.4,0.0,0.0,0.8896,3.04819,0.0,0,0.00314165,0.310854874,0.303166582052501
CUSXOE_clean,17.97302,15.80148,17.15199,0.243844,1288.51,5284.15,0.0,0.0,0.909,3.72779,0.0,1,0.004016665,0.381644967,0.4054413541137473
CUTCAX_clean,4.30234,3.58939,4.26585,1.09614,1081.03,986.218,1.04385,0.952301,0.522,0.476217,0.0,1,0.007628146,0.695074037,0.6682080851262521
CUTFII_clean,4.31265,3.62169,4.29278,1.16218,1244.54,1070.86,0.0,0.0,0.5288,0.455007,0.0,1,0.00923571,0.775262407,0.7823173603462504
CUVVOG_clean,8.37247,7.3895,8.37077,1.20081,1241.45,1033.84,0.0,0.0,0.5362,0.446532,0.0,0,0.00500598,0.474736908,0.45205392923624776
CUWHUZ_clean,16.54325,4.10215,14.7488,0.938804,1933.37,2059.39,0.0,0.0,0.6922,0.737321,0.0,0,0.006130086,0.575728878,0.5678408069037466
CUWXAV_clean,6.49506,4.27985,6.49506,1.3087,1636.9,1250.78,0.0,0.0,0.5526,0.42225,0.0,0,0.005565266,0.487882679,0.5047480141724986
CUXFUX_clean,5.75656,5.11113,5.75656,1.3231,1207.8,912.854,37.5492,28.3797,0.5462,0.412818,0.0,0,0.009006709,0.80047788,0.7853364034387492
DACSEI_clean,11.09615,4.22518,11.09615,1.45844,1887.17,1293.96,0.0,0.0,0.625,0.428539,0.0,1,0.033835746,1.127821306,1.8714300494324982
DADXUE_clean,5.25371,3.53655,5.25051,1.61178,698.642,433.459,0.0,0.0,0.4448,0.275968,0.0,1,0.015109293,0.87114294,0.9561601844699993
DAJBOI_clean,9.08038,2.57105,9.02431,1.33491,0.0,0.0,1058.68,793.072,0.561,0.420254,0.000149823,1,0.009940193,0.667542416,0.8143624440612526
DAKHUU_clean,3.84164,2.53703,3.84164,1.84128,0.0,0.0,89.9585,48.8565,0.3042,0.165211,0.0,1,0.002713046,0.246381753,0.24212475595875013
DALVEU_clean,5.33631,4.08532,4.88589,1.30265,1571.53,1206.41,0.0,0.0,0.5888,0.452001,0.0,1,0.00546007,0.473052622,0.4884837894174977
DANZOJ_neutral,11.30814,4.84088,11.28951,0.953196,1460.99,1532.73,328.938,345.089,0.656,0.688211,0.0,0,0.004548313,0.416229676,0.4289746317562509
DAPZAW_clean,5.27842,2.79747,5.27842,2.02961,0.0,0.0,812.03,400.091,0.517,0.254728,0.0,1,0.001993033,0.183281925,0.18892785711500004
DAXJET02_clean,3.54773,3.30155,3.52649,1.37928,0.0,0.0,43.4235,31.4827,0.4934,0.357723,0.0,0,0.000418247,0.038695816,0.04162713494000005
DAXJET03_clean,3.61142,3.36344,3.58987,1.36713,95.3122,69.7168,0.0,0.0,0.4982,0.364412,0.0,0,0.000685334,0.0658296,0.06929293580874968
DAXJET_clean,3.45389,3.20739,3.45389,1.41212,0.0,0.0,8.91853,6.31569,0.4856,0.34388,0.0,0,0.000160252,0.016584408,0.017451248301250003
DAYCAI_clean,4.5761,3.15097,4.5761,1.97793,0.0,0.0,930.016,470.197,0.5392,0.272609,0.0,1,0.028004455,1.496873293,1.657583214991252
DAZCAK_clean,13.11846,6.60097,13.10556,1.02457,1662.31,1622.44,0.0,0.0,0.6408,0.625431,0.0,1,0.006259589,0.580456463,0.5625084495374982
DEKPUF_clean,6.975,5.81852,6.975,1.54937,1782.47,1150.45,0.0,0.0,0.6318,0.407778,0.0,0,0.003345924,0.310639416,0.32790193899750053
DEMLAJ_clean,4.84475,3.15331,4.80929,1.88571,0.0,0.0,335.286,177.803,0.4434,0.235137,0.0,1,0.000370601,0.036084791,0.03508730398249997
DEYLOJ_clean,7.45013,4.00626,7.41356,3.76527,1192.03,316.587,7.20509,1.91357,0.4952,0.131518,0.0,1,0.000257566,0.025483099,0.025956125351249887
DIGFAC_clean,4.76577,2.72998,4.76577,1.6295,0.0,0.0,613.516,376.506,0.434,0.26634,0.0,0,0.059517117,1.774666267,2.2776158697925086
DIHYUP_clean,4.79337,3.18026,4.79337,1.21374,0.0,0.0,992.497,817.717,0.5566,0.458582,0.0,1,0.006960397,0.613851237,0.5840748731937514
DIMQIB_clean,6.20574,4.20467,6.19483,1.06672,2087.42,1956.87,0.0,0.0,0.598,0.560599,0.0,1,0.011126639,0.924344906,0.9325050879362535
DITPED_clean,7.50583,5.90159,7.4889,1.29378,1287.83,995.397,0.0,0.0,0.555,0.428975,0.0,1,0.004044193,0.370080033,0.3924576953712491
DIWMUT_clean,7.56491,5.96452,7.55979,0.838759,2075.47,2474.46,0.0,0.0,0.641,0.764225,0.0,1,0.007313737,0.660317148,0.6666268609775002
DIZVAK_clean,8.12516,5.69593,7.90061,1.15636,2071.75,1791.62,0.0,0.0,0.639,0.552597,0.0,0,0.011208908,1.017577861,0.9188353705462518
DOFTID_clean,8.70669,6.70952,8.70669,0.91345,2575.78,2819.83,0.0,0.0,0.7676,0.84033,0.0,1,0.003843666,0.364585401,0.3742707046612492
DOFTOJ_clean,8.39259,6.42224,8.39259,0.858615,2621.58,3053.27,0.0,0.0,0.7534,0.87746,0.0,1,0.005618801,0.497304292,0.5197838490187497
DOGBAE_clean,25.81792,14.43274,25.36207,0.55407,1540.39,2780.13,0.0,0.0,0.8362,1.5092,0.0,1,0.004631565,0.446052125,0.4283418388824975
DOJXOR_clean,7.78532,7.29613,7.78532,1.02283,1574.02,1538.88,0.0,0.0,0.5858,0.572722,0.0,1,0.005048784,0.488730597,0.46930245892500055
DOLWEI_clean,10.11442,4.05745,10.10256,0.875132,2134.94,2439.57,3.14287,3.59131,0.6764,0.772912,0.0,1,0.003677359,0.348257811,0.3586160930300014
DOMGAP_clean,8.27667,5.74162,8.27274,1.20417,741.315,615.623,530.043,440.172,0.5268,0.437479,0.0,1,0.005264135,0.497694663,0.4659079083287492
DOTFOJ_clean,9.02668,4.87755,9.02668,0.958168,1617.77,1688.4,0.0,0.0,0.6126,0.639345,0.0,1,0.006420623,0.601051921,0.5776801326274983
DOWGIH_clean,3.78208,2.85164,3.72607,1.74928,0.0,0.0,30.344,17.3466,0.3434,0.19631,0.0,1,0.000663004,0.064961513,0.06608122170374993
DUDKIY_clean,7.07907,5.66309,7.05735,0.974059,1868.46,1918.22,0.0,0.0,0.6506,0.667927,0.0,1,0.005362721,0.507868067,0.4841404023137511
DUKDIX_clean,4.02194,2.79853,4.01631,2.07478,0.0,0.0,167.353,80.6608,0.413,0.199057,0.0,1,0.000735949,0.071334362,0.06827388313250002
DUKDOD_clean,4.05295,2.80054,4.04002,2.05581,0.0,0.0,180.073,87.5921,0.4374,0.212763,0.0,1,0.000711092,0.071800449,0.06941892756875005
DUKNEE_clean,4.73188,3.71957,4.56441,1.30231,281.161,215.894,153.376,117.772,0.4962,0.381015,0.0,1,0.004860514,0.382399865,0.4173171258500018
DUNYOC_clean,9.99521,7.8188,9.31419,0.670932,2064.07,3076.42,0.0,0.0,0.7104,1.05883,0.0,1,0.003455919,0.335628401,0.3445242678999999
DUQRUD_clean,5.84696,3.93964,5.84696,1.3492,787.842,583.933,0.0,0.0,0.45,0.333531,0.0,0,0.001816258,0.174103312,0.16995287962624975
DUSHEG_clean,14.57041,6.75099,14.55704,1.00559,1547.32,1538.72,307.327,305.619,0.6666,0.662896,0.0,1,0.006197105,0.571705834,0.5592328973849995
DUSHIK_clean,14.6863,6.85074,14.6863,0.965487,1544.65,1599.87,302.186,312.988,0.665,0.688771,0.0,1,0.007545184,0.682582038,0.6730495177887518
DUXLUF01_clean,3.75472,2.65328,3.74136,1.82749,0.0,0.0,4.2435,2.32204,0.314,0.171821,0.0,1,0.008366374,0.315745186,0.6508566598974972
DUXLUF02_clean,3.90407,2.74899,3.8986,1.8272,0.0,0.0,8.50955,4.65716,0.3066,0.167798,0.0,1,0.013532834,0.353083583,0.8511226770999997
DUZKEQ_clean,20.34484,16.57615,20.32874,0.744987,1552.98,2084.58,0.0389169,0.0522383,0.7072,0.949278,0.0,1,0.001411721,0.152328207,0.13986219697250113
EBEXIU02_clean,4.00389,3.67365,4.00389,1.98749,501.521,252.339,0.0,0.0,0.386,0.194214,0.0,0,0.014039307,0.908438551,0.8749306853849991
EBISAM_clean,4.83396,3.28681,4.80913,1.27153,0.0,0.0,594.465,467.521,0.4722,0.371365,0.0,1,0.008703033,0.627631149,0.7169724359437485
EBOXEA_clean,5.66693,4.72038,5.66453,1.32843,1075.3,809.448,0.0,0.0,0.5358,0.403332,0.0,1,0.000787365,0.080826123,0.07402731177375033
ECALOL_clean,3.42504,2.51424,3.41372,2.96232,0.0,0.0,3.69029,1.24574,0.2992,0.101002,0.0,1,1.79e-06,0.000317831,0.00017790755125000098
ECEZAO_clean,4.94749,4.06581,4.8956,1.42755,1119.79,784.412,0.0,0.0,0.5024,0.351932,0.0,1,0.005521031,0.490449264,0.4918204425349977
ECIVUH_clean,4.20562,2.51851,4.20562,2.48019,0.0,0.0,226.193,91.1999,0.4058,0.163616,0.0,0,0.095837748,1.412369148,2.0388976145225106
ECNPYR01_clean,4.76588,2.94711,4.76588,1.80344,0.0,0.0,815.5,452.191,0.5586,0.309741,0.0,1,0.014709635,0.936619026,0.970702814616248
EDUSOL_clean,12.82141,3.84026,12.82141,2.18826,1494.62,683.017,0.0,0.0,0.5914,0.270261,0.0,0,0.00711734,0.591188863,0.6153181204887526
EDUVAA_clean,11.12176,8.60837,11.10384,0.690728,2384.44,3452.06,0.0,0.0,0.7446,1.07799,0.0,0,0.005252747,0.483615698,0.4753613558687489
EDUVEE_clean,12.39923,7.07299,12.39923,0.815139,2115.12,2594.8,0.0,0.0,0.691,0.847708,0.0,1,0.007094174,0.605597213,0.6304540518000011
EDUVII_clean,20.32202,9.77849,20.31158,0.420228,1870.75,4451.74,0.0,0.0,0.8576,2.0408,0.0,0,0.003991978,0.381013185,0.3894001424124983
EDUVUU_clean,9.45386,7.53326,9.45386,0.697727,2422.85,3472.49,0.0,0.0,0.7852,1.12537,0.0,0,0.003153167,0.323624814,0.309485651426251
EDUWAB_clean,25.32442,15.73034,25.32073,0.347361,1224.7,3525.73,0.0,0.0,0.9,2.59097,0.0,0,0.003425589,0.338480069,0.3409554746550006
EGABAR_clean,5.34669,4.59707,5.34669,2.32794,964.221,414.195,0.0,0.0,0.453,0.194593,0.0,0,0.005198659,0.405617553,0.441233336417498
EGEJOQ_clean,7.45353,3.87905,7.45353,1.25003,1261.63,1009.28,2.23392,1.78709,0.531,0.424788,0.0,0,0.006082222,0.463510944,0.5504874277362489
EGEJUW_clean,9.46971,6.7544,9.46722,1.01741,1558.89,1532.22,0.0,0.0,0.6188,0.608213,0.0,1,0.003551942,0.309578571,0.33956183829125036
EHIHEI_clean,3.70365,2.80009,3.7003,2.08697,0.0,0.0,138.99,66.5991,0.4124,0.197607,0.0,1,0.003356995,0.296112394,0.31519870075624895
EHUSUX_clean,11.68128,4.3201,11.68059,0.797571,1974.27,2475.35,0.0,0.0,0.6798,0.852338,0.0,1,0.008517251,0.698602199,0.7140056162374984
EJEGUW_clean,13.22864,3.02378,11.59412,3.2274,0.0,0.0,1176.86,364.645,0.5774,0.178905,0.0,1,0.000634295,0.059849631,0.0627246706699999
EJEHAD_clean,12.74142,2.98396,12.74142,3.04167,0.0,0.0,1030.84,338.907,0.5608,0.184372,0.0,1,0.000343011,0.037250976,0.034026397384999955
EJESUJ_clean,12.74502,12.12417,12.74502,0.622379,1959.14,3147.82,0.0,0.0,0.784,1.25968,0.0,1,0.002706618,0.272657116,0.27360019683500064
EKADIF_clean,7.65126,6.54995,7.64495,1.18404,1687.65,1425.33,3.75836,3.17418,0.6332,0.534779,0.0,1,0.010507196,0.806095266,0.8757253322625
EKEKIQ_clean,7.79579,7.10452,7.79579,1.16703,1042.73,893.491,0.0,0.0,0.5546,0.475225,0.0,0,0.001827859,0.189522616,0.1795421572987495
EKEKOW_clean,7.39946,6.7038,7.38889,1.19584,1297.81,1085.27,0.0,0.0,0.5626,0.470465,0.0,1,0.009877365,0.791556859,0.8163187476074978
EKEMEO_clean,10.7868,4.76044,10.7868,1.09604,1984.97,1811.03,0.0,0.0,0.6446,0.588115,0.0,1,0.079098152,1.390390413,2.7523752645862345
ELECIJ_clean,5.29894,3.51797,5.23731,1.40049,1472.06,1051.1,0.0,0.0,0.5722,0.40857,0.000142807,0,0.007721356,0.682397038,0.6651965722225008
ELEROE_clean,12.99873,6.57068,12.98598,1.00519,1733.85,1724.91,0.0,0.0,0.6496,0.646248,0.0,1,0.005579039,0.529280532,0.5165379736749989
ELOZUC_clean,3.61367,2.55391,3.39426,1.87011,0.0,0.0,7.27318,3.88917,0.4144,0.221591,0.0,1,0.000213152,0.019784482,0.020710892668750026
ENCDBZ01_clean,4.96088,3.91158,4.96088,1.33226,1771.15,1329.44,0.0,0.0,0.6226,0.467327,0.0,0,0.002725666,0.272255953,0.26121321965124933
ENCDBZ_clean,5.17995,4.0381,5.17546,1.35947,2064.83,1518.84,0.0,0.0,0.6576,0.483717,0.0,0,0.003872303,0.361991775,0.37112210274249996
ENCNBZ01_clean,5.19153,4.38458,5.1913,1.43907,1901.77,1321.52,0.0,0.0,0.6098,0.423745,0.0,1,0.005575611,0.517327433,0.5085883617849984
ENEQUL_clean,7.56046,6.76685,7.56046,0.96801,1567.25,1619.05,0.0,0.0,0.6008,0.620655,0.0,1,0.003430121,0.337879487,0.3353352118975007
EPAXAW_clean,4.6565,2.69943,4.64928,1.75762,0.0,0.0,353.714,201.246,0.3704,0.21074,0.0,0,0.066587274,1.353201561,2.26269578111501
EPECOT_clean,6.95752,4.232,6.83185,1.2697,722.822,569.283,120.243,94.7014,0.4962,0.390799,0.0,1,0.008760933,0.601529907,0.6797442936375014
EPECUZ_clean,6.24856,2.76555,6.24323,1.23793,0.0,0.0,1345.81,1087.15,0.5436,0.439119,0.0,1,0.01451306,0.922999138,0.9285482415849973
EPUSUE_clean,8.46903,3.66579,7.7021,2.09876,1520.93,724.68,0.0,0.0,0.5964,0.284168,0.0,1,0.000575418,0.054552701,0.06166816900125002
EQOCOC01_clean,9.01895,5.30438,9.01895,0.963226,2097.19,2177.26,0.0,0.0,0.6844,0.710529,0.0,0,0.006020308,0.567753236,0.5665987678687467
ERALIU_clean,14.86335,13.54057,14.86335,1.02804,1927.12,1874.56,4.88892,4.75558,0.7196,0.699973,0.000194545,1,0.009594521,0.847616681,0.8018412204912496
ERAMOB_clean,11.82373,11.24071,11.82373,0.863356,1966.05,2277.21,0.0,0.0,0.6972,0.807546,0.000463308,1,0.004301165,0.407207813,0.4194838262349997
ERAMUH_clean,15.0811,13.76464,15.0811,0.907724,2091.4,2304.0,0.0,0.0,0.7424,0.81787,0.000220331,1,0.137252981,2.167166429,3.6366115012500013
ERANAO_clean,3.91189,3.56594,3.91189,6.44423,339.17,52.6316,0.0,0.0,0.3488,0.054126,0.0,1,1.279180376,1.402760325,1.4990754137050066
ERANES_clean,8.79503,8.24088,8.79503,0.804109,2252.06,2800.69,5.76922,7.17468,0.711,0.884209,0.000248723,1,0.004249033,0.394695804,0.41009773801874816
ERAQAR_clean,7.38576,7.26835,7.38576,1.40447,1641.95,1169.09,0.0,0.0,0.6066,0.431907,0.0,0,0.008027717,0.747866669,0.6711864419037501
ERUNUC_clean,14.74144,10.998,14.73673,0.612946,1667.89,2721.11,0.0,0.0,0.75,1.2236,0.0,1,0.003594918,0.347899556,0.35190306635000135
ESARIB_clean,4.9043,3.62901,4.9043,1.8746,341.914,182.392,0.0,0.0,0.3502,0.186813,0.0,1,0.100496721,1.465233292,2.299400864903749
ESEBOV_clean,25.10343,17.21264,25.10343,0.432192,1480.29,3425.07,0.0,0.0,0.8414,1.94682,0.0,1,0.002796333,0.297881308,0.2801724153049991
ESEVIJ_clean,6.61149,3.16498,6.60006,3.3189,0.0,0.0,1155.65,348.203,0.5006,0.150833,0.0,1,0.000375181,0.036269442,0.03537000102624993
ETIPII_clean,4.4114,3.63269,4.34894,1.3361,794.526,594.661,72.734,54.4377,0.5232,0.391588,0.0,1,0.016730653,1.234787097,1.033843934786254
ETIXAI_clean,5.65647,4.17101,5.65647,1.21689,891.966,732.986,0.0,0.0,0.4942,0.406116,0.0,1,0.00737188,0.56154387,0.6373283875824997
ETIXOW_clean,5.96193,5.13468,5.95693,1.58012,1192.64,754.781,0.0,0.0,0.4984,0.31542,0.0,1,0.020220102,1.358732644,1.2584300668450046
ETIYEN_clean,5.93251,5.0142,5.93198,1.46361,1238.74,846.356,0.0,0.0,0.4926,0.336565,0.0,1,0.014946689,1.14132885,1.0539112110587556
EVADEK_clean,5.2436,3.53683,5.24252,2.08094,869.818,417.992,0.0,0.0,0.4392,0.211058,0.0,1,0.007015412,0.479863702,0.5568932411212482
EVADIO_clean,5.0224,3.42293,5.0224,2.1799,765.078,350.969,0.0,0.0,0.4278,0.196248,0.0,1,0.008977392,0.570525853,0.7233627023962501
EVOTIT_SL,8.2912,6.01432,8.2912,1.23039,1203.44,978.095,0.0,0.0,0.5204,0.422954,0.0,1,0.005639799,0.450433583,0.505029518267498
EWETIL_clean,4.41968,3.14099,4.36971,1.42919,0.0,0.0,449.543,314.544,0.4034,0.282258,0.0,0,0.011038816,0.729654883,0.7450858298987508
EXECAN_clean,11.27641,2.51763,11.27641,0.973212,0.0,0.0,1638.53,1683.63,0.6312,0.648574,0.0,1,0.010750425,0.878846804,0.8805805020837522
EXOGAB_clean,6.08835,2.93521,6.01903,2.43945,0.0,0.0,590.322,241.99,0.4432,0.18168,0.0,1,0.488456989,2.085466201,2.0763892966824984
EXURUM_clean,4.87436,2.7978,4.87436,1.72495,0.0,0.0,746.823,432.953,0.4606,0.267022,0.0,1,0.00472655,0.411388087,0.40375521326500186
EXUSAT_clean,5.52267,3.11573,5.52267,1.78731,0.0,0.0,822.162,460.001,0.4606,0.257706,0.0,1,0.004959248,0.423598416,0.4172821967550023
EZIMEG_clean,9.90798,4.0416,9.90798,1.07192,1279.0,1193.19,493.885,460.749,0.5998,0.559557,0.0,1,0.011503945,0.978164279,0.9352117219775024
EZIMIK_clean,9.82604,3.91626,9.82604,1.06853,1265.94,1184.75,505.148,472.75,0.5976,0.559273,0.0,0,0.010573726,0.916667248,0.9004727623875014
EZOBUR01_clean,5.21262,4.53347,5.20127,2.04729,840.942,410.758,0.0,0.0,0.4516,0.220584,0.0,1,0.011772501,0.76013889,0.7859971648837513
EZOFUV_clean,8.33031,6.08017,8.32272,1.02014,2081.17,2040.08,0.0,0.0,0.6416,0.628934,0.0,0,0.004515945,0.460184534,0.43858998650250003
FAGYEU_clean,6.85669,2.78326,6.85669,1.22782,0.0,0.0,866.918,706.062,0.5022,0.409017,0.0,1,0.005365614,0.495960488,0.4480076923150007
FAHQEN_clean,5.12084,2.87775,5.12084,1.38899,0.0,0.0,454.135,326.953,0.4354,0.313465,0.0,1,0.005623307,0.430297455,0.4604503116425005
FAKHIK_clean,6.91166,3.5646,6.91166,1.35887,1058.17,778.71,0.0,0.0,0.4948,0.364126,0.0,1,0.00636586,0.552734492,0.547136568892499
FALRIV01_clean,5.68899,4.70468,5.67497,1.06479,1159.51,1088.96,0.0,0.0,0.5166,0.485167,0.0,0,0.007041301,0.598530308,0.6216936860500014
FALRIV_clean,5.65646,4.67756,5.65646,1.06232,1172.37,1103.6,0.0,0.0,0.5212,0.490626,0.0,0,0.007165952,0.613397302,0.6357945452425033
FALROB_clean,5.75308,4.76749,5.73877,1.05859,1169.51,1104.78,0.0,0.0,0.5176,0.488953,0.0,0,0.006325313,0.561010148,0.5581768001299988
FALSAO_clean,5.59493,4.61612,5.59493,1.06274,1144.25,1076.7,0.0,0.0,0.509,0.478952,0.0,0,0.006678528,0.593212776,0.6107816975712482
FASGEO_clean,4.99768,3.35597,4.99362,1.72278,433.626,251.702,0.0,0.0,0.4048,0.23497,0.0,1,0.006257859,0.485533731,0.5148212638125008
FASGIS_clean,5.11529,3.78202,5.11153,1.92528,377.737,196.198,183.317,95.2157,0.4584,0.238095,0.0,1,0.004107197,0.318071301,0.3767021216537492
FAVDAK_clean,6.67812,5.88583,6.64405,2.22356,1150.29,517.317,190.493,85.6703,0.5552,0.249689,0.0,1,0.005811151,0.400253761,0.5080263970037503
FAVDEO_clean,8.86805,5.77505,6.60713,2.38182,1421.2,596.685,0.0,0.0,0.566,0.237633,0.0,1,0.00326936,0.241771138,0.3057608868350005
FAVDIS_clean,7.08952,4.40423,6.6109,3.30476,694.499,210.151,254.861,77.1193,0.4708,0.142461,0.0,1,0.001773832,0.159346173,0.16497294831874995
FAYLEY_clean,6.06696,2.8134,6.06696,1.68687,0.0,0.0,1114.17,660.495,0.557,0.330197,0.0,1,0.030029641,1.55698986,1.6281500545812548
FAYLIC_clean,6.73446,3.80347,6.73446,1.51633,1348.21,889.13,0.0,0.0,0.5788,0.381711,0.0,1,0.00736764,0.631726648,0.6424723748812514
FECFAV_clean,5.25994,4.33258,5.25994,2.87728,502.041,174.484,0.0,0.0,0.3954,0.137421,0.0,1,0.000344245,0.032636281,0.0335841892800002
FECJUT_clean,8.20883,4.88885,8.12686,0.902793,1817.93,2013.68,0.0,0.0,0.618,0.684542,0.0,1,0.004380059,0.415761906,0.4274884564349996
FENZAB_clean,3.04443,2.45902,3.04443,2.16663,0.0,0.0,0.0,0.0,0.3274,0.15111,0.0,0,0.0,0.0,5.956392999999992e-05
FEVREF_clean,3.94617,2.70908,3.93161,1.32785,0.0,0.0,140.515,105.822,0.3296,0.248221,0.0,1,0.002316974,0.211842238,0.2198410116287512
FEWWEL_clean,8.20772,5.69754,8.195,0.926492,2241.48,2419.32,0.0,0.0,0.6766,0.730281,0.0,0,0.014397762,1.160599201,1.120675285392493
FEWWIP_clean,7.82961,5.33402,7.82275,0.99306,2309.46,2325.6,0.0,0.0,0.6608,0.665418,0.0,0,0.019036022,1.493075094,1.4909257362412531
FEWXEM_clean,17.92481,8.14411,17.86267,0.48374,2192.72,4532.85,0.0,0.0,0.805,1.66412,0.0,0,0.004089079,0.399103966,0.40833097142874775
FEWXIQ_clean,17.35042,7.46306,17.20636,0.482905,2259.15,4678.25,0.0,0.0,0.7942,1.64463,0.0,0,0.003590261,0.373288576,0.35803321952250167
FEYJID_clean,11.05011,4.28201,11.03981,1.28763,1684.31,1308.07,60.6702,47.1178,0.6268,0.486786,0.0,1,0.003216756,0.323497768,0.31377454958625056
FEYQUW_clean,5.43401,3.9261,5.4268,1.48279,1376.93,928.609,0.0,0.0,0.5268,0.355276,0.0,1,0.002389139,0.228835539,0.21868885046250003
FEYZUF_clean,5.22495,3.78183,5.22495,1.61085,1174.9,729.37,0.0,0.0,0.5098,0.31648,0.0,1,0.004077698,0.367884467,0.3837532873412479
FEZCIX_clean,9.87905,6.13901,9.87905,1.05939,3096.5,2922.91,0.0,0.0,0.8222,0.776107,0.0,1,0.00075326,0.069949706,0.07242577534999996
FIDMEL01_clean,4.68139,3.11007,4.51423,2.24942,0.0,0.0,671.35,298.455,0.5084,0.226014,0.0,1,0.007186006,0.567523239,0.5918967641549984
FIDMIP_clean,5.76709,4.43786,5.76709,2.12603,1177.09,553.657,0.0,0.0,0.5436,0.255688,0.0,1,0.002232622,0.206595953,0.21225090693750037
FIGLAK_clean,3.54245,3.11894,3.54245,1.57943,0.0,0.0,18.7102,11.8461,0.393,0.248823,0.0,1,8e-05,0.008223591,0.007982877908750036
FIGVUN_clean,4.04027,2.92923,4.04027,1.87942,0.0,0.0,439.972,234.101,0.5318,0.28296,0.0,0,0.006167497,0.540258183,0.523262663631253
FIHHOV_clean,6.48503,4.23046,4.73284,1.35341,178.981,132.245,677.871,500.863,0.475,0.350966,0.0,1,0.002801471,0.26054825,0.2670117407824993
FIHHUB_SL,15.61182,13.11587,15.60898,0.621293,2170.48,3493.49,0.0,0.0,0.7232,1.16402,0.0,0,0.003079315,0.314417402,0.303151787063751
FIJFIO_clean,5.20664,4.6235,5.20664,1.24991,1287.13,1029.78,0.0,0.0,0.5168,0.413471,0.0,1,0.007437659,0.677671851,0.6485631403687511
FIJFOU_clean,6.85299,4.5996,6.84418,1.41253,1137.63,805.384,0.0,0.0,0.4974,0.352134,0.0,1,0.003724627,0.339547646,0.3480220446062488
FILYAC_clean,5.64031,4.94176,5.6321,1.25304,1576.38,1258.04,0.0,0.0,0.554,0.442124,0.0,1,0.00415759,0.408494941,0.38296630832749956
FIPJEV_clean,5.48611,3.75413,5.4744,1.70121,1138.25,669.081,0.0,0.0,0.4918,0.289089,0.0,1,0.010717656,0.784242564,0.8203172517987531
FIQKIB_clean,6.36198,4.04904,6.29401,2.05984,1001.37,486.138,2.57664,1.25089,0.4784,0.232251,0.0,1,0.002479532,0.235696899,0.22629590961749874
FISGOF_clean,15.80637,8.55438,15.80637,0.434111,2007.26,4623.85,0.0,0.0,0.8372,1.92854,0.0,1,0.003077739,0.321607204,0.3004174948174999
FISXEM_clean,15.69953,15.64725,15.69953,0.982352,1496.09,1522.96,0.0,0.0,0.7144,0.727234,0.0,0,0.0063969,0.572480785,0.5755173548287494
FIWJIG_clean,6.45458,3.16665,6.45458,1.10541,0.0,0.0,794.04,718.321,0.549,0.496648,0.0,1,0.007640415,0.672203032,0.665100543953751
FIWKUT_clean,10.75705,6.21115,10.75089,1.13958,2252.0,1976.17,0.0,0.0,0.6778,0.594779,0.0,1,0.00461785,0.451865766,0.4310121283125003
FOCZEE_clean,4.4728,3.82667,4.43202,1.76964,355.495,200.886,0.0,0.0,0.3688,0.208404,0.0,0,0.004384068,0.326673222,0.39979724873250033
FODYUT_clean,4.86672,3.16405,4.70139,1.91946,0.0,0.0,732.512,381.624,0.5282,0.275182,0.0,0,0.015445117,0.987889168,0.9915937507924986
FOFCIO_clean,4.5361,3.88522,4.5076,1.74401,367.243,210.574,0.0,0.0,0.3598,0.206306,0.0,0,0.004498804,0.324530345,0.40658203228000045
FOFDAH_clean,4.47344,2.88853,4.47076,1.54038,0.0,0.0,319.149,207.189,0.3948,0.256301,0.0,0,0.008467551,0.526820602,0.6459105917887481
FOFHEO_clean,6.41067,5.52308,6.4074,2.22496,990.681,445.257,0.0,0.0,0.446,0.200453,0.0,0,0.007518329,0.596058135,0.6183802842962488
FOFTOL_clean,6.86591,4.62367,6.86591,1.13764,1540.19,1353.85,0.0,0.0,0.5824,0.511939,0.0,1,0.005823192,0.527514308,0.5325116392125014
FOPFAS_clean,20.99168,6.62083,20.99168,0.583055,2159.7,3704.11,0.0,0.0,0.7806,1.33881,0.0,1,0.005052659,0.47894818,0.46224621846874897
FOPTOU_clean,5.99188,4.04402,5.19077,1.42676,820.695,575.214,0.0,0.0,0.3986,0.279373,0.0,1,0.001049838,0.105394117,0.10348110638500053
FOQNIK_clean,5.46061,4.28764,5.45105,1.39446,1294.07,928.009,0.0,0.0,0.546,0.391549,0.0,1,0.005546797,0.460835342,0.49945513931874835
FOQNOQ01_clean,5.8632,5.042,5.82773,1.375,1086.49,790.181,181.915,132.302,0.54,0.392729,0.0,1,0.005650763,0.462942059,0.49955844949499784
FOQNOQ02_clean,5.77332,4.6821,5.75387,1.37197,1078.45,786.062,190.643,138.956,0.5392,0.393013,0.0,1,0.00545752,0.461882409,0.48024192238624736
FOQNOQ_clean,5.74039,4.59611,5.66519,1.31962,1294.45,980.929,0.224512,0.170134,0.5432,0.411634,0.0,1,0.004170778,0.365990176,0.3798546235712469
FOQNUW01_clean,6.20702,4.77029,6.1269,1.35255,1350.08,998.172,0.0,0.0,0.5374,0.397323,0.0,1,0.004992462,0.423465293,0.45515750238250036
FOQNUW02_clean,6.26085,4.86283,6.24492,1.35147,1329.33,983.622,0.0525445,0.0388796,0.5542,0.410073,0.0,1,0.005085899,0.436333997,0.46398093537249985
FOQNUW_clean,6.24181,4.91804,6.10517,1.36057,1316.22,967.403,0.0,0.0,0.552,0.405711,0.0,1,0.005158099,0.430742694,0.46387634044624965
FOQPAE01_clean,6.12529,4.88917,6.10135,1.39855,1351.73,966.526,0.0,0.0,0.5504,0.393551,0.0,1,0.006032546,0.507441751,0.5487345182324993
FOQPAE02_clean,6.1209,4.89143,6.11396,1.39791,1360.89,973.519,0.0,0.0,0.5506,0.393874,0.0,1,0.00620699,0.518419605,0.5493125611087495
FORWAL_clean,6.09772,3.45398,5.95541,1.14086,1067.63,935.814,0.0,0.0,0.5034,0.441246,0.0,1,0.004076848,0.385616616,0.38264507607499804
FORXAM_clean,18.92754,6.8057,18.91027,0.795308,2161.02,2717.21,0.0,0.0,0.7312,0.919393,0.0,1,0.008170013,0.731674428,0.6950431977075017
FOSTOY_clean,11.96802,7.0236,11.96802,0.654669,2141.84,3271.64,0.0,0.0,0.7566,1.1557,0.0,0,0.006433378,0.607839134,0.5803951706737479
FOXKIO_clean,3.7271,2.51164,3.71163,1.38851,0.0,0.0,70.949,51.097,0.3864,0.278283,0.0,1,0.009286696,0.68006048,0.6791746358049998
FUHJOJ_clean,6.00539,3.60827,6.00353,1.22184,1103.63,903.253,0.0,0.0,0.4852,0.397107,0.0,0,0.004130327,0.376024536,0.38398673888124796
FUNQEM_clean,4.27929,2.71979,4.27929,1.4918,0.0,0.0,343.426,230.208,0.4544,0.304598,0.0,0,0.00175263,0.161751884,0.16757217002124974
FUTZIF_clean,5.6655,4.98419,5.65746,1.25322,1742.86,1390.71,0.0,0.0,0.5754,0.459137,0.0,1,0.007929579,0.725122066,0.6804941026937495
FUVBOP_clean,10.72258,6.59075,10.71272,0.950401,1920.81,2021.05,0.114282,0.120246,0.6984,0.734848,0.0,1,0.003016529,0.297423051,0.29645788344624974
FUVDEH02_clean,7.02003,5.91062,7.02003,1.6404,493.979,301.134,0.0,0.0,0.3806,0.232017,0.0,0,0.002306841,0.215120389,0.21753382263749954
FUVDEH03_clean,6.89105,5.80728,6.89105,1.67548,498.219,297.36,0.0,0.0,0.3654,0.218087,0.0,0,0.002268771,0.213248981,0.21716800184499963
FUVDEH04_clean,6.74437,6.14599,6.74437,1.73737,495.479,285.189,0.0,0.0,0.3518,0.20249,0.0,0,0.002194414,0.209000538,0.2072950430624999
FUVDEH05_clean,7.30465,6.40041,7.2683,1.88786,438.985,232.53,0.0,0.0,0.3024,0.160181,0.0,1,0.002523878,0.218874254,0.23839073001375
FUVDEH09_clean,7.0294,5.84289,7.0294,1.58635,523.994,330.314,0.0,0.0,0.397,0.25026,0.0,0,0.002402613,0.22870684,0.22276478923374923
FUVDEH10_clean,7.04062,5.87984,7.04062,1.60692,511.167,318.104,0.0,0.0,0.3892,0.242203,0.0,0,0.002300298,0.209925535,0.21774272569124953
FUVDEH11_clean,6.87873,5.8578,6.87873,1.63822,509.358,310.921,0.0,0.0,0.3836,0.234156,0.0,0,0.002519799,0.231885141,0.23845236245999998
FUVDEH12_clean,6.7205,5.84346,6.7205,1.66278,490.525,295.002,0.0,0.0,0.372,0.223721,0.0,0,0.002440089,0.227449915,0.22403920794374932
FUVDEH13_clean,6.5322,6.05224,6.5322,1.69182,540.534,319.498,0.0,0.0,0.3658,0.216217,0.0,0,0.00249541,0.225976463,0.23740138098624983
FUVDEH_clean,6.96664,5.8084,6.96664,1.59803,514.864,322.187,0.0,0.0,0.3906,0.244426,0.0,0,0.002606647,0.243631116,0.2424320299837503
FUVGAG02_clean,6.44753,5.88333,6.44753,1.88939,387.159,204.912,0.0,0.0,0.2574,0.136235,0.0,1,0.0006912,0.065062431,0.06743218613125014
FUWFUA_clean,7.25313,6.2676,7.10214,1.05922,1980.57,1869.84,0.0,0.0,0.6472,0.611017,0.0,1,0.003802784,0.357009208,0.3697951570537495
FUWQIZ_clean,11.3491,4.56532,11.34892,0.820083,2318.22,2826.81,0.0,0.0,0.6918,0.843573,0.0,1,0.006291896,0.573706293,0.563857328673747
FUYCAE_clean,12.12006,7.41697,11.45114,0.805353,2038.6,2531.31,0.0,0.0,0.6952,0.863224,0.0,1,0.005111844,0.485796507,0.46561831177374907
FUYCAF_clean,4.03019,3.2193,4.01818,1.57717,0.0,0.0,1186.15,752.072,0.5154,0.326787,0.000126809,0,0.023068516,1.789771478,1.519831115657499
GABGOI_clean,6.19829,3.31833,6.1896,1.16905,1025.05,876.825,79.2829,67.8181,0.5256,0.449596,0.0,0,0.011854964,0.899917645,0.8605668462187493
GABYUG_clean,8.28187,3.85233,8.28187,1.39429,1719.71,1233.39,0.0,0.0,0.5774,0.414117,0.0,0,0.004969767,0.444025087,0.45184178566624894
GACBIY_clean,10.24471,5.50706,10.24368,0.92198,1952.79,2118.04,0.041585,0.045104,0.6674,0.723877,0.0,1,0.008223895,0.740459953,0.7162983423924971
GACYER_clean,11.44273,8.46463,11.4041,0.752428,2161.9,2873.23,9.41673,12.5151,0.746,0.991457,0.0,1,0.004728809,0.464487025,0.42497379036125027
GAFGEC_clean,6.70517,3.42904,6.68311,1.37564,1797.55,1306.7,0.0,0.0,0.5494,0.399377,0.0,0,0.003509627,0.345939851,0.3362039407725002
GAHSEQ_clean,9.12806,8.89551,9.12806,1.04861,1169.01,1114.83,0.0,0.0,0.5662,0.539955,0.0,1,0.001309425,0.125719908,0.12898150446000117
GAKTET_clean,4.25974,3.36532,4.21424,1.27924,565.657,442.182,0.366367,0.286394,0.4394,0.343485,0.0,1,0.00407561,0.353074818,0.37903669943624974
GALFAB_clean,5.55868,3.43749,5.55868,1.2617,790.625,626.635,0.0,0.0,0.4566,0.361893,0.0,0,0.008074457,0.636006489,0.6527214982274977
GANBAZ01_clean,5.75558,4.5162,5.6542,1.29703,1401.71,1080.7,398.599,307.315,0.6488,0.500218,0.0,0,0.042522423,3.045124092,2.043286573616251
GANBAZ_clean,5.94353,4.52828,5.85748,1.27209,1425.13,1120.3,410.616,322.787,0.6514,0.51207,0.0,0,0.038429356,2.877260732,2.0490117610087513
GANBED01_clean,5.7155,2.63943,5.7155,1.35513,0.0,0.0,784.727,579.079,0.462,0.340927,0.0,0,0.00996478,0.795106803,0.7984298271475021
GANBED02_clean,5.89181,5.00048,5.83979,0.915211,2178.2,2379.99,0.0,0.0,0.6786,0.741468,0.0,0,0.005268599,0.497847328,0.4763682649150001
GANBED_clean,6.15693,4.36932,6.15693,0.928453,2162.5,2329.14,0.0,0.0,0.6738,0.725723,0.0,0,0.005467449,0.524891321,0.49639223294874874
GANBIH_clean,7.19995,5.0012,7.19632,1.06228,1292.17,1216.41,0.0,0.0,0.5366,0.505138,0.0,0,0.005301906,0.440905048,0.46769594926624924
GASTIG_clean,5.0819,3.79248,5.0819,1.32659,966.447,728.518,0.0,0.0,0.4748,0.357909,0.0,1,0.022197434,1.399353669,1.2173850773000001
GATQIE_clean,8.12277,6.57853,7.8081,0.814422,2692.15,3305.6,0.0,0.0,0.7176,0.881116,0.000491146,1,0.003947541,0.377492595,0.3801993605099993
GATQOK_clean,8.0398,4.43833,8.0398,1.04873,1982.28,1890.18,0.0,0.0,0.641,0.611218,0.000572123,1,0.005316323,0.500317714,0.4785530352987525
GATSAY_clean,8.6533,2.96296,8.5248,0.987614,0.0,0.0,1369.82,1387.0,0.565,0.572086,0.0,1,0.005044749,0.464827893,0.4503011050087516
GEBPEK_clean,17.98452,9.34908,17.98452,0.462491,1934.3,4182.35,0.0,0.0,0.837,1.80977,0.0,0,0.003500959,0.332798946,0.3491604741875005
GEBSAJ_clean,5.78022,5.25567,5.78022,2.94845,1017.65,345.147,0.0,0.0,0.414,0.140413,0.0,0,0.535969015,2.669424618,2.297441309997491
GEDPAH_clean,6.03167,4.27212,6.03167,1.25052,927.95,742.052,0.0,0.0,0.4286,0.342738,0.0,1,0.000550699,0.053554967,0.05995328390124992
GEZYUH_clean,5.69188,4.56898,5.68303,1.43146,1889.0,1319.63,0.0,0.0,0.5604,0.39149,0.0,1,0.002313853,0.223701914,0.2193844133012508
GEZZAO_clean,5.2549,3.39885,5.248,1.74668,1200.92,687.544,0.0,0.0,0.4976,0.284883,0.0,1,0.006905527,0.584108088,0.5654531312262491
GIJXAA_clean,10.59462,7.92596,10.59462,0.990408,1761.1,1778.16,0.0,0.0,0.6526,0.658921,0.0,0,0.009989019,0.865078317,0.8652724147499993
GINNUO_clean,6.795,5.60459,6.7852,1.38088,911.225,659.887,0.0,0.0,0.4604,0.33341,0.0,1,0.001439205,0.141600128,0.13750408489750096
GINPAW_clean,5.2982,2.63149,5.28355,1.46721,0.0,0.0,577.901,393.878,0.4082,0.278215,0.0,0,0.013483542,0.876226273,0.8567485756037478
GITPEG_clean,6.10696,3.27236,6.097,1.37879,0.0,0.0,1306.62,947.654,0.5574,0.404266,0.0,1,0.005237742,0.462604312,0.4429438916000011
GITSUY_clean,12.38253,7.614,12.38253,0.866035,1866.54,2155.27,0.0,0.0,0.694,0.801354,0.0,0,0.003025435,0.288149396,0.2970355016012501
GITVAH01_clean,9.03293,4.92005,8.03384,1.44808,1218.66,841.568,0.0,0.0,0.5302,0.366141,0.0,0,0.008817019,0.721493348,0.6988258969687522
GITVAH_clean,8.75698,4.92208,6.66017,1.57163,868.704,552.741,0.298339,0.189828,0.4918,0.312924,0.0,0,0.010139147,0.711104792,0.7899070719575024
GOBTAT_clean,7.10593,5.74189,7.09799,0.916339,2102.05,2293.96,0.0,0.0,0.6472,0.706289,0.0,0,0.005667527,0.545701022,0.5197470065137495
GONMON_clean,7.36451,3.08655,7.36451,1.50929,0.0,0.0,1044.08,691.77,0.5014,0.33221,0.0,1,0.003867739,0.346824396,0.34162267755874914
GONMUT_clean,4.84898,3.45303,4.8484,1.575,1208.01,766.989,0.0,0.0,0.5358,0.340189,0.0,1,0.007399954,0.611445656,0.6420138903725012
GONSUZ_clean,4.31262,4.05462,4.31117,1.54869,644.734,416.31,25.0293,16.1616,0.4898,0.316268,0.0,0,0.00376203,0.355246232,0.3444944458749973
GOPLUS_clean,4.69015,3.69955,4.69015,1.12654,1103.97,979.963,0.0,0.0,0.5668,0.503132,0.0,0,0.003959542,0.388314977,0.3641505938875007
GOQWOY_clean,8.51298,6.88549,8.50318,0.782047,2084.03,2664.84,0.0,0.0,0.7176,0.917592,0.0,0,0.003338295,0.335064471,0.33620838187125024
GORJEE_clean,6.22352,3.46281,6.21155,1.2742,1383.19,1085.53,43.8432,34.4085,0.5994,0.470413,0.0,1,0.015097127,1.206748196,1.1690512915662574
GUKCIA_clean,12.90912,5.8992,12.00342,0.805597,2331.25,2893.82,0.0,0.0,0.7378,0.915843,0.0,1,0.014131384,1.053210008,1.0869063202149973
GUPBIE_clean,5.04343,2.78329,4.70939,1.7747,0.0,0.0,439.14,247.445,0.3928,0.221333,0.0,1,0.009887016,0.515396928,0.7201190050350003
GUPBOJ03_clean,20.79847,8.00163,20.79847,0.806562,1676.14,2078.13,0.0,0.0,0.7324,0.908052,0.0,0,0.002342241,0.216189933,0.22233088250374947
GUPCEA_clean,20.25729,7.86931,20.25729,1.05452,1329.67,1260.93,0.0,0.0,0.6494,0.615828,0.0,0,0.003895825,0.359439295,0.37641625776499965
GURPOZ_clean,7.44587,3.76611,7.44587,1.50447,1310.58,871.124,0.0,0.0,0.5666,0.37661,0.0,0,0.022006794,1.453486925,1.4663251381787563
GUZVOO_clean,7.90362,5.63787,7.44008,1.61009,1067.96,663.297,284.683,176.812,0.5464,0.339361,0.0,1,0.002460156,0.229097199,0.22888951531374896
HABCEV_clean,9.92705,7.22424,9.91479,0.991769,2097.63,2115.04,0.0,0.0,0.6876,0.693307,0.0,1,0.003356269,0.32449267,0.33448918535625066
HABCIZ_clean,9.83189,7.12324,9.82847,0.920871,2079.45,2258.13,0.0,0.0,0.6902,0.749507,0.0,1,0.002921069,0.280158214,0.2847728322587518
HABDAS_clean,9.98388,7.09034,9.97982,0.917953,2085.87,2272.31,0.0,0.0,0.69,0.751673,0.0,1,0.002953705,0.284371678,0.28695277317750134
HABRUZ_clean,5.62999,4.2146,5.61662,1.21831,1657.43,1360.44,0.0,0.0,0.5722,0.469669,0.0,1,0.005497121,0.494685763,0.5084440878837494
HACDOH_clean,11.09643,3.77101,11.09643,1.1212,1595.24,1422.79,0.0,0.0,0.6134,0.547091,0.0,0,0.020102036,1.324838378,1.4799928670675029
HACDUN_clean,11.06812,3.7276,11.06812,1.21046,1575.96,1301.95,0.0,0.0,0.6108,0.504603,0.0,1,0.033841589,1.708606047,1.8668343104499963
HACRAH_clean,10.70695,3.98119,10.7068,1.08072,1943.74,1798.55,0.0,0.0,0.6278,0.580906,0.0,0,0.019971106,1.509043146,1.4693837616800038
HACREL_clean,10.63772,3.92828,9.71842,1.11327,1802.59,1619.18,0.0,0.0,0.628,0.564102,0.0,1,0.026336829,1.78810675,1.7569636444087424
HAFFAY_clean,10.29565,3.34701,10.29565,1.03347,1050.59,1016.56,533.111,515.844,0.5962,0.57689,0.0,0,0.011549584,1.013411885,0.9258565590812509
HAFFEC_clean,10.00896,3.39542,10.00597,1.02612,1067.02,1039.86,564.199,549.839,0.605,0.589602,0.0,0,0.011348645,1.011535005,0.936778664240001
HAKVEX_clean,8.23039,2.73186,8.22786,1.55666,0.0,0.0,1081.94,695.042,0.5648,0.362829,0.0,1,0.112348464,1.988752543,2.511506308317503
HANKEO_clean,11.34776,6.98857,11.34776,0.9577,2357.89,2462.03,22.5937,23.5917,0.6972,0.727994,0.0,1,0.003778955,0.357406376,0.3685395276524998
HANKIS_clean,10.84256,6.81027,10.84256,0.962348,2445.81,2541.5,9.90677,10.2944,0.7018,0.729258,0.0,1,0.003936518,0.371317901,0.3809210257737491
HANKOY_clean,11.28133,6.992,11.28091,0.975181,2332.28,2391.64,21.129,21.6668,0.7112,0.7293,0.0,1,0.003737566,0.36306703,0.36778176782249994
HARHOA_clean,5.54988,3.24749,5.54988,1.17907,0.0,0.0,1159.83,983.683,0.5306,0.450016,0.0,1,0.01025726,0.8868647,0.8367960543475012
HARHUG_clean,5.60865,3.24555,5.60865,1.18012,0.0,0.0,1148.53,973.228,0.5318,0.450632,0.0,1,0.010159989,0.885001954,0.8211319610725012
HAWGIY_clean,4.9936,3.76376,4.99295,1.55118,587.725,378.89,0.0,0.0,0.3948,0.254516,0.0,0,0.003269666,0.281283912,0.3039702549175
HAXNOJ_clean,6.09414,4.53148,6.04647,1.2268,2259.24,1841.57,0.0,0.0,0.705,0.574664,0.0,0,0.001173347,0.113925309,0.123886066300001
HEMVIF_clean,4.37383,3.17846,4.37383,2.28253,0.0,0.0,362.85,158.968,0.4532,0.198551,0.0,1,0.019908189,1.423288557,1.0949117238874955
HETDUG_clean,4.1951,2.97071,4.19322,1.80667,0.0,0.0,141.915,78.5504,0.3646,0.201807,0.0,0,0.045502672,1.330176093,1.302623205092502
HICGEG_clean,7.22417,4.98345,7.22345,1.05866,1756.83,1659.47,0.0,0.0,0.6354,0.60019,0.0,0,0.004043314,0.394974019,0.398593272641249
HICZIE_clean,4.75635,3.88223,4.75635,1.70104,552.032,324.527,36.9511,21.7227,0.4418,0.259724,0.0,0,0.006379577,0.48590173,0.5308640233800006
HIDDAB_clean,4.73402,3.99038,4.58029,1.71288,716.864,418.513,0.0,0.0,0.4374,0.255359,0.0,0,0.007833916,0.597440395,0.6239405437524962
HIQKID_clean,6.24462,3.8099,6.24462,2.75365,1288.14,467.793,0.0,0.0,0.511,0.185572,7.26e-05,0,0.002386919,0.202824711,0.2166614580724995
HIWMAD_clean,7.70996,7.42674,7.70996,1.56246,1499.4,959.639,0.0,0.0,0.6218,0.397961,0.0,0,0.005081369,0.45861979,0.45893777048749823
HIXDOH_clean,4.02842,2.83239,4.02487,2.8926,0.0,0.0,158.976,54.9595,0.3378,0.116781,0.0,0,0.01039864,0.613487655,0.7138615049287538
HIYZEV_clean,6.85088,3.31241,6.85088,1.35159,1151.37,851.868,0.0,0.0,0.5104,0.37763,0.0,1,0.004137489,0.393273204,0.3897054474087479
HIZSEQ_clean,8.45379,5.93435,8.42674,0.797325,2202.23,2762.03,0.0,0.0,0.7088,0.888973,0.0,1,0.004326659,0.425435705,0.4266340271887482
HOGJET_clean,10.64607,6.59696,10.64607,0.792851,2302.52,2904.1,0.0,0.0,0.722,0.910637,0.0,1,0.003537887,0.348521732,0.34713468734000075
HOJJUN_clean,10.20501,4.32102,10.20501,1.07008,1864.88,1742.75,0.0,0.0,0.6276,0.586499,0.0,0,0.00972191,0.695535982,0.8204323516512494
HONXAL_clean,5.93962,3.6638,5.93962,1.42871,1198.14,838.618,0.0,0.0,0.5172,0.362006,0.0,0,0.07541877,2.107553594,2.546907022823733
HOQNOS_clean,5.68928,5.15984,5.68602,1.20112,1133.38,943.601,0.0,0.0,0.508,0.422938,0.0,0,0.006814705,0.584404812,0.5977182145512493
HOVGEG_clean,5.72288,5.00575,5.71258,1.7362,623.828,359.307,0.0,0.0,0.4442,0.255846,0.0,1,0.004032632,0.323849217,0.3746865430437477
HOVQUG_clean,4.17086,3.66339,4.17086,1.64186,726.593,442.541,0.0,0.0,0.4718,0.287356,0.0,1,0.009538838,0.7774871,0.7318997264287505
HOXRUJ_clean,3.43647,2.82408,3.43244,2.30405,0.0,0.0,3.00777,1.30543,0.2548,0.110588,0.0,1,0.001320457,0.140636043,0.12288067110499969
HOZFIN_clean,11.69529,10.43289,11.69529,0.774366,1771.67,2287.9,0.0,0.0,0.6506,0.840172,0.0,1,0.002636131,0.272088872,0.27382241611750097
HUBQEC_clean,8.86857,5.43796,8.86857,1.74467,1156.2,662.705,0.0,0.0,0.545,0.31238,0.0,1,0.000614753,0.063735971,0.06262589932625023
HUCSEF_clean,13.78845,4.39887,13.78845,0.867071,1791.92,2066.64,0.0,0.0,0.6752,0.778714,0.0,1,0.008154362,0.693889117,0.6927523289150002
HUGTOT_clean,8.81626,5.50482,8.81626,1.26191,1165.98,923.983,0.0,0.0,0.5748,0.455501,0.0,1,0.001692754,0.162899677,0.16625022983625054
HUHBUJ_clean,5.60126,5.18977,5.60126,1.80903,559.324,309.185,0.365081,0.201811,0.4444,0.245657,0.0,1,0.001359961,0.127432971,0.12787733739750043
HUKRIO_clean,4.32553,3.06239,4.31139,1.65923,0.0,0.0,179.047,107.91,0.3744,0.225647,0.0,0,0.018547958,0.996415803,0.9449266145724977
HUNCIE_clean,23.8524,20.39274,23.77655,0.290995,1592.86,5473.82,0.0,0.0,0.8752,3.00761,0.0,1,0.00359685,0.36175217,0.35410105917875145
HURFIL_clean,5.53219,3.67395,5.49739,1.12953,1491.57,1320.52,0.0,0.0,0.5764,0.5103,0.0,1,0.009007218,0.719403677,0.8039044446587476
HURFOR_clean,7.08248,5.24445,7.08248,1.04737,1938.44,1850.78,0.0,0.0,0.6226,0.594444,0.0,1,0.007711861,0.61331602,0.6864847682212496
HUVNAP_clean,8.75886,7.98277,8.75886,1.18409,1179.49,996.114,8.956,7.56363,0.5472,0.462128,0.0,1,0.002035793,0.193302781,0.190077724395
HUWZIK_clean,3.61401,2.8363,3.59605,2.88862,0.0,0.0,166.024,57.4752,0.4202,0.145467,0.0,1,0.000621613,0.061773336,0.0613422982899997
HUXHEP_clean,4.54285,2.94307,4.53552,1.64054,0.0,0.0,705.969,430.327,0.4708,0.286978,0.0,1,0.005645968,0.46541006,0.46291688571625045
HUXHUF_clean,6.21028,4.81184,6.21028,1.07666,1642.42,1525.48,0.0,0.0,0.5898,0.547807,0.0,0,0.003857822,0.37628466,0.3675140756787501
HUYFAJ_clean,13.01175,6.7865,13.01175,0.928859,1613.49,1737.07,0.0,0.0,0.649,0.698706,0.0,1,0.003338442,0.326781891,0.33070867722875064
HUZYEI_clean,8.53699,6.27993,8.53699,0.711095,2228.2,3133.48,0.0,0.0,0.6894,0.969491,0.0,0,0.003681125,0.341904645,0.3611503974875008
HUZYIM_clean,8.39885,4.78933,7.86209,0.797668,1803.87,2261.43,0.0,0.0,0.6378,0.79958,0.0,0,0.005315204,0.486677959,0.47070429383624895
IBAPOS_clean,10.42394,6.6282,10.40124,0.688725,2224.76,3230.26,0.0,0.0,0.7214,1.04744,0.0,1,0.003045355,0.338665611,0.30647984627750013
IBAQAF_clean,10.29518,8.20784,10.21825,0.691719,2146.79,3103.55,0.0,0.0,0.7272,1.05129,0.0,1,0.003690115,0.344740055,0.36253406338250116
IBAQEJ_clean,10.47263,8.40011,10.41547,0.683981,2144.01,3134.6,0.0,0.0,0.734,1.07313,0.0,1,0.003433273,0.331381677,0.3441421704425004
IBIYUO_clean,5.20433,4.31707,5.18919,2.0196,573.799,284.115,0.0,0.0,0.4548,0.225193,0.0,0,0.002383218,0.195438583,0.21573467437374938
IBURAZ_clean,4.88805,3.48372,4.75798,1.89312,918.977,485.428,0.0,0.0,0.536,0.28313,0.0,0,0.014481547,1.047719348,0.9374526392937506
ic062019u-file003_clean,5.13093,3.75996,5.13093,1.59557,1238.43,776.17,0.0,0.0,0.515,0.322769,0.0,1,0.003198305,0.293242411,0.2955627390337508
ic1010083_si_002_clean,8.73889,4.47796,8.73889,1.29976,1302.13,1001.82,0.0,0.0,0.5268,0.405305,0.0,1,0.007418212,0.562948826,0.6485150915275014
ic200054b_si_002_clean,7.46774,3.60854,7.46774,1.4629,1076.81,736.077,203.521,139.122,0.5642,0.385672,0.0,0,0.026058337,1.557509389,1.7008423870412508
ic302758g_si_002_clean,5.94758,3.52279,5.92412,1.3042,626.355,480.261,150.217,115.179,0.4578,0.351021,0.0,0,0.012476813,0.856718271,0.8383122120737496
ic402614w_si_002_clean,9.2693,3.70616,9.2693,1.31599,1346.03,1022.83,0.0,0.0,0.551,0.418696,0.0,1,0.012096658,0.995588951,0.967789941422502
ic403175w_si_002_clean,5.88584,3.69969,5.83238,2.5678,470.928,183.398,0.0,0.0,0.2652,0.103279,0.0,1,0.005690164,0.322481813,0.4349941250474973
ic5005374_si_003_clean,21.713,8.12819,21.713,0.624448,1871.88,2997.65,0.0,0.0,0.8216,1.31572,0.0,1,0.004722498,0.46160316,0.4309767370824985
ic500905z_si_002_clean,7.3175,3.29202,7.0082,1.25131,0.0,0.0,1251.82,1000.41,0.5278,0.421798,0.0,1,0.005189565,0.45995208,0.44586751814125086
ic502478u_si_003_clean,6.55769,3.80885,6.25374,1.35422,531.365,392.376,0.404029,0.298347,0.4662,0.344256,0.0,1,0.00069634,0.06815021,0.07054523537999985
ic502643m_si_011_clean,13.64098,13.34789,13.63908,0.604316,2269.16,3754.93,0.0,0.0,0.793,1.31223,0.0,1,0.00400861,0.414703634,0.4025271763737478
ic502643m_si_012_clean,13.38503,12.66061,13.38102,0.629028,2341.28,3722.06,0.0,0.0,0.78,1.24001,0.0,1,0.004537046,0.452748704,0.42550398414625074
ic5b00096_si_002_clean,9.37546,3.5659,9.35215,1.28947,1921.15,1489.87,0.0,0.0,0.6402,0.496481,0.000155102,1,0.004496013,0.410978379,0.4281684773187505
ic5b00561_si_002_clean,5.89498,4.61733,5.89498,1.41475,549.49,388.401,68.7517,48.5964,0.4818,0.340555,0.0,1,0.010628742,0.545074914,0.7988957909250018
ic8008859_si_001_clean,6.51934,4.39103,6.27132,0.92999,1351.28,1453.01,0.0,0.0,0.5454,0.586458,0.0,1,0.003576265,0.343031536,0.33989416036375103
ICAREL_clean,16.21859,9.18486,11.94903,0.616739,2046.86,3318.84,0.0,0.0,0.7336,1.18948,0.0,1,0.00382234,0.370550138,0.3715331531012495
ICIKAH_clean,8.01757,3.70704,7.93302,1.68308,428.741,254.736,345.699,205.397,0.4804,0.285429,0.0,1,0.000719285,0.069685049,0.07069533593624958
ICITIY_clean,6.58704,5.40423,6.22319,1.47585,2062.64,1397.59,0.0,0.0,0.6524,0.44205,0.0,1,0.00360364,0.31872993,0.3467312164637512
ICIVEW_clean,9.81405,8.96526,9.81405,1.68894,1459.56,864.19,0.0,0.0,0.6214,0.367924,0.0,1,0.003948735,0.372605427,0.3639677577687495
IDAHAY_clean,4.0232,2.62289,4.02306,1.73943,0.0,0.0,116.829,67.1647,0.3786,0.217657,0.0,1,0.003153082,0.291236017,0.28928112094125036
IDUYOX_clean,9.73996,8.61519,9.73996,0.935578,2195.16,2346.31,0.0,0.0,0.7078,0.756538,0.0,1,0.003943712,0.388876133,0.38113545676624916
IFEPUG01_clean,6.97552,6.67002,6.97552,1.81968,554.5,304.724,0.0,0.0,0.3222,0.177064,0.0,1,0.00190591,0.1879774,0.17870858405749954
IFEPUG02_clean,7.03312,5.99915,7.03312,1.58114,529.815,335.085,0.0,0.0,0.3982,0.251844,0.0,0,0.002026071,0.196552637,0.18462384239375002
IFEPUG03_clean,6.99241,5.91522,6.99241,1.59971,524.86,328.098,0.0,0.0,0.393,0.24567,0.0,0,0.001955878,0.187968903,0.1830908362162501
IFEPUG04_clean,6.86283,5.99318,6.86283,1.62602,537.112,330.322,0.0,0.0,0.3814,0.23456,0.0,0,0.001988,0.188662502,0.18543556476125
IFEPUG05_clean,6.85642,6.11281,6.85642,1.65571,533.488,322.211,0.0,0.0,0.3698,0.223348,0.0,0,0.001727454,0.166736207,0.16187111915125027
IFEPUG06_clean,6.7419,6.18576,6.7419,1.68982,538.529,318.691,0.0,0.0,0.3576,0.21162,0.0,0,0.002040347,0.194763318,0.18532509742500003
IFEPUG07_clean,6.70506,6.18332,6.70506,1.72629,549.827,318.502,0.0,0.0,0.3412,0.197649,0.0,0,0.002157533,0.204546871,0.2038101957474998
IFEPUG08_clean,6.7666,6.32311,6.7666,1.76811,569.763,322.245,0.0,0.0,0.3312,0.187319,0.0,1,0.00219144,0.216806204,0.20754462923749994
IFEPUG09_clean,6.88857,6.56673,6.88857,1.78418,556.743,312.044,0.0,0.0,0.331,0.185519,0.0,1,0.001976273,0.188875799,0.1863242631062499
IFEPUG10_clean,6.80475,6.55642,6.80475,1.8372,603.527,328.504,0.0,0.0,0.3222,0.175376,0.0,1,0.002457594,0.240114598,0.22419192487249898
IFEQER_clean,7.19047,6.08402,7.19047,1.57527,553.109,351.12,0.0,0.0,0.394,0.250116,0.0,0,0.002139259,0.200051741,0.19850965903249995
IFEROC_clean,13.26851,5.93369,13.26851,1.30004,1827.02,1405.36,0.0,0.0,0.6474,0.497986,0.000153842,0,0.015237282,1.136198033,1.1839317627212564
IFESAP_clean,13.25919,6.23048,13.23228,1.38672,1903.24,1372.47,0.0,0.0,0.6632,0.47825,0.000144225,0,0.023928615,1.589188114,1.80290355682
IFUPAC_clean,5.45872,4.0869,5.45872,1.34142,1585.35,1181.84,0.0,0.0,0.5752,0.4288,0.0,1,0.006403797,0.557771453,0.5682891670224979
IGIZOP_clean,3.92192,3.09269,3.71054,1.98853,0.0,0.0,252.554,127.006,0.39,0.196125,0.0,1,0.010168833,0.659144219,0.7020897357212516
IGIZUV_clean,3.94742,3.03532,3.70082,1.99626,0.0,0.0,240.279,120.364,0.3898,0.195265,0.0,1,0.010113409,0.682766911,0.7011294303512517
IGORUS_clean,10.22764,5.8145,10.22764,0.798105,2273.51,2848.64,0.0,0.0,0.7076,0.8866,0.0,1,0.00411553,0.421270585,0.4069329843562472
IGOYIN_clean,6.64376,3.00967,6.64376,2.41457,0.0,0.0,1100.23,455.664,0.4968,0.205751,0.0,1,0.000547498,0.053233318,0.05842155545499968
IGUCEU_clean,4.52933,3.82475,4.49997,1.71915,529.35,307.913,0.0,0.0,0.4484,0.260826,0.0,0,0.00144927,0.131317577,0.13343633321125004
IJAPIU_clean,10.97896,4.58149,10.97895,0.821497,2292.36,2790.46,0.0,0.0,0.6958,0.84699,0.0,1,0.006831855,0.617845956,0.5934826822799985
IJAPOA_clean,11.3719,4.56274,10.28688,0.827364,2231.15,2696.69,0.0,0.0,0.6978,0.843401,0.0,1,0.006473178,0.574740284,0.5757478964274969
IJENIV_clean,10.00359,4.25651,10.00359,1.99634,628.149,314.65,0.0,0.0,0.4272,0.213991,0.0,1,0.002221837,0.178608498,0.21268430560999974
IJENOB_clean,8.38232,4.34669,8.38232,2.02817,669.551,330.125,42.8029,21.1042,0.431,0.212506,0.0,0,0.05195247,0.510578611,1.4540086458687547
IJEXUS_clean,21.63198,16.25392,21.63198,0.800283,1414.75,1767.81,0.0,0.0,0.7074,0.883938,0.0,1,0.001621241,0.147628482,0.15945952731375154
IKOTEH_clean,5.65107,4.60462,5.64755,1.07269,1502.82,1400.99,0.0,0.0,0.5482,0.511053,0.0,0,0.005687393,0.50817787,0.5128116562325008
ILEPEW_clean,5.27444,3.12918,5.0252,1.46505,0.0,0.0,1039.88,709.795,0.4956,0.338283,0.0,1,0.009478736,0.730318819,0.7688000481912518
ILITON_clean,10.85959,9.44525,10.85959,0.579291,2065.83,3566.14,0.0,0.0,0.7778,1.34268,0.0,1,0.003409792,0.343857027,0.34169965322125057
ILOWAI_clean,5.40585,4.42661,5.40585,1.07764,1110.36,1030.36,0.0,0.0,0.5072,0.470657,0.0,0,0.007861532,0.675438663,0.6705008034925014
IMUKUW_clean,12.16588,7.54473,12.16588,0.600216,2227.49,3711.14,0.0,0.0,0.759,1.26454,0.0,1,0.002909948,0.287970945,0.2939739928975007
IMULEH_clean,8.24491,4.53271,8.24491,0.809297,1780.75,2200.36,0.0,0.0,0.6282,0.776229,0.0,0,0.003379525,0.322291273,0.33362114100500034
IMUVES_clean,8.07179,5.61744,8.07179,1.74544,2211.17,1266.82,14.5672,8.34584,0.666,0.381565,0.0,1,0.015017234,1.090127967,1.151154381732507
INASAT_clean,7.1488,3.62291,7.09324,1.42758,1215.89,851.717,0.0,0.0,0.5508,0.385827,0.0,1,0.010696119,0.896273423,0.8428155008287532
INECIP_clean,9.29924,6.52394,9.29924,0.881325,1561.41,1771.66,0.320426,0.363573,0.6242,0.708252,0.0,0,0.006282568,0.541496396,0.5618215655937494
INEPEY_clean,6.95447,5.78801,6.95447,1.44957,1129.68,779.321,87.9996,60.7072,0.5158,0.355829,0.0,1,0.008124259,0.547930542,0.6562137740850003
INEXEG_clean,5.75488,3.93289,5.74773,1.23407,1432.27,1160.6,0.0,0.0,0.543,0.440007,0.0,0,0.01030718,0.856201206,0.8546168796762491
INIGOD_clean,8.69165,5.83007,8.69165,1.20862,1166.61,965.235,6.44371,5.33145,0.5344,0.442156,0.0,0,0.011816768,0.547861363,0.8837843072300002
INIROO_clean,8.17605,4.71571,8.17605,2.17241,1103.1,507.776,0.0,0.0,0.5056,0.232737,0.0,1,0.000898411,0.092105824,0.08994559481624954
INOFIB_clean,4.88732,2.96431,4.85244,1.54636,0.0,0.0,535.831,346.511,0.4026,0.260353,0.0,1,0.007186985,0.503046886,0.5704813707574989
IPEBAI_clean,5.23722,3.37327,5.23722,1.95599,430.123,219.9,0.0,0.0,0.3738,0.191105,0.0,1,0.107773413,1.488837206,2.5545455249287556
IPEBEM_clean,5.59642,3.8769,5.43503,1.50798,880.961,584.199,0.0,0.0,0.4824,0.319898,0.0,0,0.016395748,0.967306266,0.9979895984512521
IPIVOT_clean,6.19757,4.01106,6.19757,1.45575,826.006,567.408,0.0,0.0,0.474,0.325604,0.0,1,0.009988129,0.660107405,0.7954377337250019
IREGOD_clean,5.40281,4.28093,5.40281,1.18436,1608.89,1358.45,0.0,0.0,0.5606,0.473337,0.0,1,0.004808619,0.452272968,0.43285347227875137
ISIYUF02_clean,4.26222,2.90235,4.25895,2.04977,0.0,0.0,747.939,364.889,0.5086,0.248125,0.0,0,0.003139801,0.290693067,0.28675804649875053
ISIYUF03_clean,3.92286,2.40369,3.9016,2.32294,0.0,0.0,284.508,122.477,0.4466,0.192256,0.0,0,0.003035235,0.273096774,0.2842427582475002
ISIYUF05_clean,4.27677,2.98328,4.2676,2.15555,0.0,0.0,681.609,316.211,0.4902,0.227413,0.0,0,0.004399792,0.385859807,0.3939935476400024
ISIYUF_clean,4.28256,2.9134,4.28256,2.04442,0.0,0.0,746.205,364.995,0.4946,0.241926,0.0,0,0.003178929,0.291537664,0.28944520638750054
IVEKEA_clean,22.61279,7.45433,22.60405,0.58506,2033.02,3474.88,0.0,0.0,0.8178,1.3978,0.0,1,0.004254883,0.42142539,0.41203590775249777
IVIPEK_clean,4.80997,3.59117,4.76583,1.67501,953.977,569.536,0.0,0.0,0.5042,0.301014,0.0,1,0.007640469,0.591586084,0.6408510218262486
IVOLIQ_clean,4.90881,3.20512,4.90849,2.13544,0.0,0.0,292.304,136.882,0.3144,0.14723,0.0,0,0.033502158,0.838850951,0.9749419414062562
IWEVUD_clean,8.76153,5.94273,8.76153,2.07228,1706.46,823.467,0.0,0.0,0.6254,0.301793,0.0,1,0.00255349,0.243181369,0.2506839212487492
IWEWAK_clean,8.91997,5.7935,8.91997,2.21714,1660.09,748.751,0.0,0.0,0.615,0.277384,0.0,1,0.00314487,0.285033531,0.2954041658537502
IWEWEO_clean,8.41618,6.10368,8.41618,1.98293,1680.19,847.329,0.0,0.0,0.6294,0.317409,0.0,1,0.002348092,0.225770952,0.2201063267975
IWEWIS_clean,8.35434,5.33584,8.35252,2.50251,1589.74,635.259,0.0,0.0,0.5862,0.234245,0.0,1,0.003460708,0.314903646,0.32372873998624985
IWEWOY_clean,20.27537,19.97281,20.27537,0.872765,1162.79,1332.3,0.0,0.0,0.6926,0.79357,0.0,1,0.003664531,0.355275736,0.356888136890001
IXIKOR01_clean,5.26705,3.69374,5.26705,1.61953,806.553,498.016,0.0,0.0,0.4486,0.276994,0.0,1,0.012853521,0.823206987,0.8811634312799999
IYAFIX_clean,3.89557,3.10296,3.88978,2.1052,0.0,0.0,271.338,128.889,0.4776,0.226867,0.0,1,0.000730219,0.073325787,0.07001492907500001
IYIHUU_manual,11.83739,10.43961,11.83739,0.634446,2047.9,3227.86,0.0,0.0,0.7402,1.16669,0.0,1,0.003653774,0.355336107,0.3624489702187511
IYITOB_clean,9.11454,7.50033,9.11454,1.16801,1732.8,1483.56,0.0,0.0,0.654,0.559929,0.0,0,0.001761423,0.177182482,0.17840708102750008
IYOCUW_clean,8.90958,6.18498,8.8933,1.17412,1758.62,1497.81,0.0,0.0,0.6506,0.554116,0.0,0,0.002223396,0.207086032,0.21703325655249994
IYUHOB_clean,9.27375,6.04055,9.27375,0.954465,2228.79,2335.12,0.0,0.0,0.6788,0.711184,0.0,0,0.011034799,0.990009615,0.934954496985002
IZETUE_clean,6.43193,3.35619,6.40823,2.14315,729.038,340.171,49.3858,23.0435,0.4876,0.227515,0.0,1,0.001418797,0.136300671,0.13496714046750044
IZIHIK_clean,7.14331,5.40483,7.14331,1.44939,1285.98,887.257,42.2152,29.1262,0.5348,0.368983,0.0,1,0.003027849,0.283394389,0.28684765118249933
IZUSEC_clean,10.20962,3.68293,10.20962,1.00333,666.649,664.439,253.612,252.771,0.5956,0.593625,0.0,0,0.007617125,0.726609484,0.662095616610003
ja0660047si20060818_060256_clean,6.3909,4.01484,6.38663,0.926803,2000.77,2158.79,0.0,0.0,0.5998,0.647171,0.0,0,0.007734758,0.716491027,0.6869560740925003
ja0660047si20060818_060458_clean,6.58402,3.94503,6.58402,1.00815,1971.57,1955.64,0.0,0.0,0.578,0.57333,0.0,0,0.011294298,1.032834169,0.9214329666225022
ja0734952si20070516_030528_clean,12.93372,6.65576,12.93372,1.08034,1587.08,1469.06,0.0,0.0,0.6156,0.569821,0.0,1,0.00880848,0.624468073,0.7227437385299994
ja078060t-file002_clean,16.93112,9.01585,16.93112,0.615402,2165.98,3519.61,0.0,0.0,0.7858,1.27689,0.0,1,0.005381688,0.519024792,0.48389257974374883
ja101440z_si_001_clean,5.9006,5.23774,5.9006,1.30709,1576.97,1206.47,0.0,0.0,0.571,0.436847,0.0,1,0.006220572,0.550901731,0.5528152598287488
ja102862j_si_005_clean,16.33925,5.69725,16.33925,0.874313,1862.92,2130.72,0.0,0.0,0.7038,0.804975,0.000228751,0,0.005252785,0.492629931,0.463451992743748
ja111042f_si_002_clean,13.98436,10.86418,13.89482,0.502876,1948.39,3874.49,0.0,0.0,0.797,1.58488,0.0,1,0.00419622,0.397814497,0.4117653446237473
ja202154j_si_003_clean,11.58737,3.83412,11.58737,0.92986,1525.64,1640.72,0.0,0.0,0.645,0.693653,0.0,0,0.002502573,0.261050209,0.2519201978324993
ja4015666_si_002_clean,10.09928,9.13648,10.09928,0.711506,2224.92,3127.06,0.0,0.0,0.7638,1.0735,0.0,0,0.003241464,0.31525297,0.32098286790125125
ja4015666_si_003_clean,10.07647,9.04237,10.07647,0.718146,2256.82,3142.56,0.0,0.0,0.7528,1.04825,0.0,0,0.00329566,0.318107316,0.33291431698875046
ja4015666_si_005_clean,10.07782,8.97289,10.07782,0.723441,2224.38,3074.72,0.0,0.0,0.7496,1.03616,0.0,0,0.00319112,0.325800491,0.31344938737625133
ja403810k_si_003_clean,31.39938,26.2789,31.39936,0.252736,790.748,3128.75,0.0,0.0,0.9088,3.59585,0.0,1,0.002955593,0.292049938,0.28977507475874936
ja410368j_si_002_clean,11.55893,3.45239,11.55893,0.94881,1479.04,1558.83,0.0,0.0,0.6372,0.671578,0.0,0,0.002991991,0.302401108,0.2900688433224997
ja500330a_si_002_clean,7.59349,3.33849,7.50738,1.74698,1296.78,742.3,0.0,0.0,0.5292,0.302923,0.000228966,0,0.003797883,0.325413259,0.34130806519624834
ja501810r_si_002_clean,11.13191,5.72159,11.13191,0.767426,2419.7,3153.01,0.0,0.0,0.7292,0.950189,0.0,1,0.005683148,0.522376287,0.5225939631262493
ja507119n_si_002_clean,15.60995,11.91932,15.59956,1.42878,1384.15,968.765,14.3512,10.0444,0.6548,0.458293,0.000139979,0,0.005702038,0.307734728,0.510883571318749
ja507971r_si_004_clean,4.53044,3.58227,4.53044,1.46814,606.341,412.999,3.33265,2.26998,0.4518,0.307736,0.0,1,0.015168854,0.987913855,0.9562988838262493
ja508679h_si_001_clean,23.57179,3.8196,23.57179,0.804199,1699.2,2112.9,0.0,0.0,0.761,0.946283,0.000497389,1,0.127248579,1.999464859,3.4562620917637457
ja5109535_si_002_clean,17.4505,7.65306,17.4505,0.65071,2199.17,3379.65,0.0,0.0,0.7686,1.18117,0.0,0,0.007273882,0.685770473,0.6607012173587536
ja5111317_ja5111317_si_003_clean,31.61006,11.66371,31.57217,0.400393,1352.25,3377.31,0.0,0.0,0.8428,2.10493,0.0,0,0.004153045,0.42866663,0.40741842603749767
ja5b00450_si_003_clean,12.42484,5.66724,12.42477,1.53119,1012.59,661.307,307.834,201.043,0.5432,0.354757,0.000391852,1,0.008262223,0.592528257,0.6677881968700019
jacs.5b11034_ja5b11034_si_002_clean,10.09486,5.31829,9.68701,0.952575,2265.34,2378.12,0.0,0.0,0.7158,0.751437,0.0,1,0.009477707,0.81150642,0.8201643876150004
jacs.5b11079_ja5b11079_si_002_clean,14.16979,6.91811,12.94276,0.599196,2206.88,3683.06,0.0,0.0,0.7614,1.2707,0.0,1,0.005078916,0.473949994,0.46440622280874877
jacs.6b01663_ja6b01663_si_002_clean,24.65699,17.09587,24.65699,0.438285,1508.06,3440.83,0.0,0.0,0.8424,1.92204,0.000456324,1,0.003007537,0.303651386,0.29482146698124917
jacs.6b02030_ja6b02030_si_004_clean,6.78187,4.96364,6.78187,1.83949,1314.77,714.746,0.0,0.0,0.5076,0.275946,0.0,1,0.002089504,0.2112375,0.20314106868875004
jacs.6b03263_ja6b03263_si_002_clean,8.39984,6.11891,8.39804,1.5895,1924.37,1210.68,33.892,21.3224,0.5636,0.354576,0.0164832,0,0.284934777,1.140582932,2.869282063704993
jacs.6b04608_ja6b04608_si_002_clean,18.84439,11.02909,18.84439,0.389439,1879.81,4826.98,0.0,0.0,0.8376,2.15079,0.00051356,0,0.003216801,0.312869546,0.31850616287125094
jacs.6b06375_ja6b06375_si_001_clean,11.94073,6.91484,11.94073,1.08144,1866.76,1726.19,0.0,0.0,0.696,0.643589,0.0,1,0.009797178,0.86146655,0.8236389563937485
jacs.6b08724_ja6b08724_si_010_clean,27.737,26.1509,27.737,0.354749,1434.45,4043.56,0.0,0.0,0.8742,2.46428,0.0,1,0.003805061,0.36752169,0.36876320851374983
jacs.6b08724_ja6b08724_si_011_clean,28.29641,26.81159,28.29641,0.32286,1413.52,4378.13,0.0,0.0,0.8676,2.68723,0.0,1,0.003729712,0.372317078,0.36724992165250014
jacs.6b08724_ja6b08724_si_012_clean,28.6797,24.93616,28.6797,0.353838,1453.6,4108.09,0.0,0.0,0.8748,2.47232,0.0,1,0.002820872,0.302262579,0.28716969696374856
jacs.6b08724_ja6b08724_si_013_clean,28.04628,26.50518,28.04628,0.350938,1434.54,4087.73,0.0,0.0,0.8658,2.4671,0.0,1,0.003432309,0.344932919,0.34359267400000065
jacs.6b08724_ja6b08724_si_015_clean,27.74932,26.1862,27.74932,0.352885,1423.48,4033.82,0.0,0.0,0.8634,2.44669,0.0,1,0.003833517,0.369253481,0.37190902506999973
jacs.6b11027_ja6b11027_si_002_clean,7.96736,2.44517,7.94738,2.83689,0.0,0.0,1181.6,416.512,0.5406,0.190561,7.05e-05,1,0.008240078,0.637313587,0.6719444833724988
JADBEY_clean,5.1025,4.19518,4.95899,1.35732,1188.64,875.723,0.0,0.0,0.488,0.359531,0.0,0,0.004419347,0.394720749,0.4205990144125007
JADMIN_clean,4.66472,3.54882,4.41049,1.45894,240.443,164.807,147.508,101.107,0.4662,0.319547,0.0,1,0.007296238,0.51886465,0.603749043114998
JAJZAY_clean,11.43481,6.24659,11.43433,0.715716,2413.07,3371.55,0.0,0.0,0.7402,1.03421,0.0,1,0.005392978,0.518238433,0.4973328599674987
JALLIU_clean,13.72158,6.77108,13.72158,0.777101,2196.2,2826.14,0.0,0.0,0.7498,0.964868,0.000514734,0,0.001936809,0.189073007,0.19555817078000068
JEMBUZ_clean,3.63545,3.00577,3.62619,1.56485,0.0,0.0,129.494,82.7517,0.428,0.273508,0.0,1,0.002226349,0.212984079,0.2131558299862506
j.ica.2016.05.051_4_clean,4.05254,2.66988,3.98588,1.51148,0.0,0.0,111.922,74.0478,0.3764,0.249028,0.0,1,0.002642908,0.213916129,0.2390975045125007
JIVQOU_clean,5.16037,3.63851,4.20766,2.2732,284.489,125.149,281.748,123.944,0.4162,0.18309,0.0,1,0.033832029,1.255151073,1.3453888953025006
JIVSAJ01_clean,4.3833,3.67284,4.3833,2.70687,329.356,121.674,0.0,0.0,0.271,0.100116,0.0,1,0.128079597,1.048966463,1.0462587557775098
JIVSEN01_clean,4.34146,3.54842,4.34146,2.62724,302.71,115.22,0.0,0.0,0.276,0.105053,0.0,1,0.056852948,0.929957339,1.2171046069212543
JIVSIR01_clean,4.47156,3.773,4.47156,2.62598,349.939,133.261,0.0,0.0,0.2762,0.10518,0.0,1,0.083374186,1.017353437,1.3010397200837625
j.jssc.2015.08.048_mmc2_clean,5.63684,4.28173,5.63468,1.56134,1712.37,1096.73,0.0,0.0,0.5572,0.356872,0.0,0,0.042380722,2.474463961,1.9179267700250022
j.jssc.2015.08.048_mmc3_clean,4.34493,3.34423,4.32886,1.86519,607.903,325.921,0.0,0.0,0.388,0.208022,0.0,0,0.007790584,0.541257319,0.5998563073124961
j.jssc.2016.06.015_ZJU-10_clean,11.36875,4.57229,11.36875,0.827579,2351.53,2841.46,0.0,0.0,0.6996,0.845357,0.0,1,0.005665273,0.519793168,0.5235989293949996
JOBFEM_clean,5.21969,4.11862,5.19916,1.69686,1191.56,702.213,0.0,0.0,0.5022,0.295958,0.0,1,0.002358812,0.216727585,0.21598954026999992
JOBFIQ_clean,5.07849,4.37964,5.07849,1.64132,1199.79,730.99,0.0,0.0,0.503,0.30646,0.0,1,0.003057663,0.273558392,0.28530931266625
JOHQUT_clean,5.10814,3.94987,5.09674,1.90453,697.67,366.322,0.0,0.0,0.4102,0.215382,0.0,1,0.002982152,0.261115115,0.2752733419375002
JOQSIT_clean,5.78583,3.79733,5.78464,1.35269,1551.12,1146.69,0.0,0.0,0.5566,0.411475,0.0,1,0.002330279,0.216608347,0.22012288556750065
JOZWOM_clean,22.16597,8.69473,22.16597,0.48225,1899.59,3939.01,0.0,0.0,0.8054,1.67009,0.000414723,1,0.003800802,0.380244175,0.37069686017874937
JOZWUS_clean,21.40599,8.60608,20.3343,0.48265,1906.91,3950.91,0.0,0.0,0.8026,1.6629,0.000414379,1,0.003855885,0.381369055,0.3743004383899992
jp302979a_si_002_clean,10.98282,6.54194,10.97083,0.963718,2282.53,2368.46,0.0,0.0,0.7164,0.743371,0.0,1,0.003403532,0.334889369,0.3354620888137508
JUBXAH_clean,7.59569,2.73722,6.98093,1.93375,0.0,0.0,848.217,438.639,0.5002,0.258669,0.0,1,0.001298583,0.124188112,0.1239562591099994
JUKPAI_clean,7.08241,5.52674,6.9259,3.59589,1474.22,409.973,0.0,0.0,0.4916,0.136711,0.0,1,0.000484642,0.04706133,0.04877125261374986
JUSGUB_clean,10.14001,9.53522,10.14001,1.35238,706.669,522.536,374.012,276.558,0.5274,0.389979,0.0,0,0.011238438,0.757226308,0.8074427482887505
JUSHEM_clean,5.38617,2.58608,5.38616,1.21932,0.0,0.0,957.579,785.338,0.5288,0.433684,0.0,1,0.006798255,0.611262773,0.575157955511251
JUTCOS_clean,7.04726,4.27705,7.02404,1.31095,1329.11,1013.85,0.0,0.0,0.5362,0.409016,0.0,1,0.003841552,0.353350962,0.36071232377875034
JUYBEM_clean,5.13731,3.85682,5.13731,1.48243,1119.92,755.465,0.0,0.0,0.4988,0.336475,0.0,0,0.008444763,0.702622999,0.7060458747187481
JUZSEE_clean,4.48789,3.2957,4.48789,1.30528,0.0,0.0,585.198,448.33,0.502,0.384591,0.0,0,0.003892608,0.350461243,0.3497881936224993
KACGAZ_clean,9.02802,5.849,9.02802,1.98651,1697.99,854.763,0.0,0.0,0.6242,0.31422,0.0,1,0.002482703,0.238035766,0.2317150762962493
KACKIL_clean,8.90649,6.59853,8.90649,1.06181,2105.95,1983.36,0.0,0.0,0.6938,0.653414,0.0,1,0.005516304,0.466669244,0.5170368869462489
KAHZAW_clean,8.94072,4.22762,8.82545,1.16306,2118.43,1821.42,0.0,0.0,0.6882,0.591713,0.0,1,0.001630912,0.161961975,0.16118788377125054
KALFUA_clean,5.64692,4.66493,5.64692,1.02252,1561.82,1527.42,0.0,0.0,0.5924,0.579351,0.0,0,0.010297258,0.886829826,0.8859133592949999
KAPGEP_clean,5.28957,2.99305,5.18694,1.73364,0.0,0.0,375.25,216.452,0.428,0.246879,0.0,1,0.0027857,0.233760275,0.2566414218412494
KAVXAI_clean,9.40882,5.41413,9.40882,1.00634,2107.27,2094.0,0.0,0.0,0.6462,0.642132,0.0,0,0.010350291,0.926102046,0.8973349685125013
KELJAN_clean,6.72992,4.20356,6.59748,1.50078,1661.97,1107.4,0.0,0.0,0.603,0.401791,0.0,1,0.002862813,0.268115019,0.27855533550249917
KEQYOU_clean,4.18914,2.62132,4.18828,2.56405,0.0,0.0,255.099,99.4909,0.414,0.161463,0.0,1,0.004061983,0.302070363,0.3740680536725008
KEVBIY_clean,5.74361,3.76343,5.74351,1.17993,1562.06,1323.86,6.09913,5.16906,0.5462,0.462908,0.0,0,0.03371197,2.38827695,1.7918021825512467
KEVBOE_clean,5.94177,3.85345,5.94177,1.15836,1692.78,1461.35,3.23237,2.79047,0.5546,0.478779,0.0,0,0.030468308,2.275472206,1.7910001773512445
KEWJIG_clean,7.66764,4.96521,7.66764,1.12411,2024.36,1800.85,0.0,0.0,0.6074,0.540337,0.0,1,0.008233109,0.7235984,0.7285398339062473
KEXPIO_clean,4.2954,3.25347,4.27933,1.51566,0.0,0.0,371.181,244.897,0.4682,0.308908,0.0,1,0.007292837,0.569450669,0.5957633003799974
KIFDIM_clean,6.65854,3.7171,6.64815,1.05848,1659.61,1567.91,0.0,0.0,0.5926,0.559858,0.0,1,0.00373292,0.356090111,0.3611522099412512
KINMUR_clean,5.20086,4.2137,5.19994,1.27394,2724.76,2138.85,0.0,0.0,0.6356,0.498926,0.0,0,0.022945642,1.821983359,1.6633867078700013
KINSEH_clean,12.82711,11.45491,12.82711,0.634546,1877.87,2959.39,0.0,0.0,0.7536,1.18762,0.0,0,0.005967707,0.593335146,0.5522855034487477
KIVSUF_clean,3.82758,2.53052,3.81942,1.88051,0.0,0.0,106.707,56.7437,0.3802,0.20218,0.0,1,0.002088511,0.188601951,0.19584136461250054
KODPUP_clean,5.81016,4.22982,5.78263,1.55928,1439.88,923.424,0.0,0.0,0.5406,0.346698,0.0,1,0.00324624,0.300580685,0.3039339014200013
KOGSOQ_clean,6.70555,5.36137,6.69224,1.02667,1476.42,1438.07,0.0,0.0,0.596,0.580519,0.0,0,0.005182632,0.480328284,0.4700260856687494
KOHSOR_clean,4.94476,3.35592,4.94132,1.20321,456.11,379.079,0.0,0.0,0.4486,0.372837,0.0,0,0.003445076,0.307623579,0.32573278380499987
KOJZOZ_clean,9.94395,7.51619,9.94395,1.17869,2115.26,1794.59,0.0,0.0,0.694,0.58879,0.0,1,0.001626993,0.168277217,0.16076979655625084
KOKZIT_clean,4.85991,3.0312,4.699,1.86738,0.0,0.0,604.264,323.589,0.3296,0.176504,0.00128522,1,0.000565969,0.061688336,0.059055687486249446
KOMHEB_clean,6.83617,4.31178,6.83617,2.04431,589.974,288.593,3.15896,1.54524,0.4406,0.215525,0.0,1,0.007178302,0.523353132,0.5862579435374985
KOMHIE_clean,5.17794,2.50364,5.17794,1.71252,0.0,0.0,419.414,244.91,0.467,0.272698,0.0,1,0.041376247,1.237431641,1.2818982923574935
KOMHIF_clean,6.96433,4.30157,6.96433,2.10755,601.281,285.298,0.506718,0.24043,0.4434,0.210386,0.0,1,0.010633411,0.659640058,0.7663472474575024
KOMHOL_clean,7.12004,4.41244,7.12004,2.09673,622.975,297.118,3.20164,1.52697,0.448,0.213666,0.0,1,0.009812556,0.626638784,0.7353780687100017
KOMHUR_clean,7.07003,4.40954,7.07003,2.12522,623.999,293.616,2.22657,1.04769,0.4448,0.209296,0.0,1,0.010384286,0.654358254,0.7633474240400023
KOMJAZ_clean,7.10673,4.38637,7.09455,2.18628,640.766,293.085,6.57689,3.00825,0.4462,0.204091,0.0,1,0.010892151,0.674481549,0.7689665497125023
KOVGOT01_clean,9.14865,6.57962,8.64921,1.30232,2344.83,1800.5,0.233416,0.179231,0.6924,0.531667,0.0,1,0.001086553,0.105995312,0.10689638293875048
KOVGOT_clean,9.14342,6.58506,9.14342,1.30232,2351.43,1805.57,0.204239,0.156827,0.6926,0.53182,0.0,1,0.001078242,0.106644889,0.1049820854212504
KOZQIB_clean,28.54072,12.23604,28.54072,0.302864,1428.61,4716.99,0.0,0.0,0.8826,2.91418,0.0,1,0.003678541,0.371602521,0.3619236450050012
KUGFAU_clean,6.1404,4.28752,6.13565,2.43257,1183.17,486.384,94.0478,38.6618,0.538,0.221165,0.0,1,0.000627814,0.063195865,0.062366249778750014
KUKPUD_clean,9.04322,8.10629,9.04322,1.11678,1615.16,1446.26,0.0,0.0,0.65,0.582028,0.0,1,0.004689399,0.477926286,0.42955107805875004
KUKQAK_clean,4.64716,3.48929,4.64716,1.79907,353.643,196.57,0.0,0.0,0.3996,0.222114,0.0,1,0.004653121,0.374022697,0.3985208073662501
KULMAG_clean,10.24525,8.92291,10.23663,0.907947,1704.68,1877.51,60.6525,66.8018,0.6662,0.733743,0.0,1,0.011811047,0.628576678,0.9244294490837512
KULMIO_clean,10.57198,7.14585,10.53592,0.841409,2400.42,2852.86,0.0,0.0,0.7074,0.840732,0.0,1,0.007301716,0.605294965,0.6639744975337518
KUNLAH_clean,8.03251,7.13219,8.01517,1.36208,1523.74,1118.69,0.0,0.0,0.5688,0.417596,0.0,1,0.006564385,0.548340883,0.5949939776112503
KUSQUM_clean,5.20713,2.9962,5.18384,1.51733,0.0,0.0,850.053,560.228,0.4998,0.329393,0.00013181,1,0.012763025,0.858159611,0.8953469324687495
KUTBAE_clean,4.09675,2.82588,4.06135,1.88174,0.0,0.0,646.967,343.814,0.5102,0.271133,0.0,1,0.015367388,1.342484457,0.9554917931962489
KUXSAZ_clean,8.81598,3.44204,8.80847,1.03643,1657.94,1599.66,0.0,0.0,0.6052,0.583926,0.0,0,0.008157842,0.783274709,0.7041509298050004
KUZYUB_clean,17.79121,17.46158,17.79121,1.09527,1160.5,1059.55,0.0,0.0,0.6994,0.638563,0.0,1,0.003171652,0.317065539,0.3020142232950018
LABMOT_clean,9.27177,5.60554,9.27177,1.89573,1610.12,849.338,0.0,0.0,0.6208,0.327473,0.0,1,0.002512658,0.2355113,0.24817633294124913
LABNEK_clean,8.49814,5.18163,8.49814,2.2975,1653.13,719.534,0.0,0.0,0.6028,0.262372,0.0,1,0.003762268,0.334648207,0.3433977206237488
LABNOU_clean,5.45266,4.01713,5.34135,2.76868,411.295,148.553,0.0,0.0,0.398,0.143751,0.0,0,0.003362779,0.222816297,0.31334676581874943
LABNUA_clean,8.4808,6.77897,8.4808,1.71596,1723.81,1004.58,0.0,0.0,0.6358,0.370522,0.0,0,0.002150193,0.207489165,0.20766525254125068
LABPEM_clean,6.18341,5.05232,6.14574,2.50734,600.583,239.53,0.0,0.0,0.4104,0.163679,0.0,1,0.002284061,0.196720382,0.21607672579749967
LABQAJ_clean,8.83584,6.63857,8.83584,2.01738,1709.46,847.365,0.0,0.0,0.6386,0.316549,0.0,1,0.002569907,0.233213667,0.25121303259124944
LABQEN_clean,8.21095,6.13308,8.21095,2.19099,1641.41,749.165,0.0,0.0,0.6118,0.279235,0.0,1,0.00284945,0.264681457,0.27757755742374873
LACYEW_clean,9.98958,7.17562,9.98958,0.965678,2132.17,2207.96,0.0,0.0,0.6886,0.713074,0.0,1,0.003342314,0.328557867,0.33446847750125075
LACYOG_clean,9.45292,5.8367,9.45292,1.00526,2164.69,2153.37,0.0,0.0,0.6652,0.661721,0.0,1,0.006110186,0.573675848,0.5659481767762466
LACYUM_clean,8.19722,5.57863,8.19722,1.03476,2021.86,1953.94,156.073,150.83,0.648,0.626232,0.0,1,0.006656264,0.618509423,0.6033747230075005
LACZAT_clean,8.2988,5.7298,8.2988,0.945764,1995.72,2110.17,179.673,189.977,0.662,0.699963,0.0,1,0.004293924,0.440165354,0.42377910474624914
LACZIB_clean,9.35168,6.74694,9.35021,0.752382,2169.18,2883.09,0.0,0.0,0.6922,0.920012,0.0,1,0.003684437,0.352776898,0.36221402645625106
LAGVEX_clean,6.7023,3.90662,6.7023,1.13087,1228.85,1086.65,0.0,0.0,0.5372,0.475032,0.0,1,0.004066384,0.365705458,0.38983695258499845
LAGWIB_clean,7.33121,5.00581,7.33121,0.986502,2231.65,2262.19,0.0,0.0,0.6406,0.649365,0.0,1,0.002449395,0.240718441,0.23039249403624992
LAPLEW_clean,7.32906,3.64674,6.87705,1.26074,1983.78,1573.5,0.0,0.0,0.6366,0.50494,0.0,0,0.068988551,2.328463936,2.6202002243024705
LAPLUM_clean,6.92248,3.65357,6.92248,1.44322,1503.9,1042.05,0.0,0.0,0.5774,0.400079,0.0,0,0.130073478,3.1954016,2.7052653538187257
LAPMUN_clean,7.12401,3.80792,7.04881,1.44498,1729.19,1196.69,0.0,0.0,0.5812,0.402221,0.0,0,0.211888193,3.676510416,2.8626943288474784
LAPNAU_clean,7.18872,3.80895,6.97376,1.3878,1614.28,1163.19,0.0,0.0,0.602,0.433779,0.0,0,0.094482306,2.711356568,2.900019715279981
LAPNIC_clean,8.19793,4.3252,8.19793,1.23419,1927.14,1561.46,0.0,0.0,0.617,0.499922,0.0,0,0.047598807,2.251338122,2.107943151870003
LAPNOI_clean,7.4836,3.84372,6.34071,1.27296,1775.14,1394.5,0.0,0.0,0.6208,0.487683,0.0,0,0.053251792,2.171545345,2.200289142007503
LAPNUO_clean,7.53441,3.97302,7.25213,1.27166,1671.62,1314.52,0.0,0.0,0.5848,0.459871,0.0,0,0.038155722,1.922301949,2.0862839957325052
LAPZEK_clean,15.51079,7.93845,15.33563,0.599908,2098.95,3498.78,0.0,0.0,0.7678,1.27986,0.0,1,0.006522126,0.596837111,0.5867471309712481
LAQNOJ_clean,14.29494,6.44811,14.29494,0.699724,2201.6,3146.38,0.0,0.0,0.7396,1.05699,0.0,1,0.007541631,0.676371734,0.6754285496400043
LARPIF_clean,3.68463,2.98928,3.68463,1.62457,0.0,0.0,86.4733,53.2285,0.4148,0.25533,0.0,0,0.003151819,0.293165454,0.28900436248875044
LATBUG_clean,17.59724,12.77954,17.59724,0.373345,1754.11,4698.37,0.0,0.0,0.8458,2.26547,0.0,1,0.003736824,0.387907837,0.3690448476537498
LATCAN_clean,17.46459,13.36465,17.46459,0.380351,1759.4,4625.73,0.0,0.0,0.8424,2.21479,0.0,1,0.003783964,0.394160515,0.3694094652062498
LATCIS_clean,6.18491,5.22174,6.13,1.03702,2650.66,2556.04,0.0,0.0,0.747,0.720336,0.0,1,0.00114908,0.118208055,0.10884768390375012
LAVMAY_clean,4.2695,3.50942,4.2695,1.8291,885.681,484.216,0.0,0.0,0.4954,0.270843,0.0,1,0.006191931,0.531029671,0.5374247625637497
LAWGOI_clean,6.79778,4.16971,6.53453,1.58223,946.888,598.451,0.0,0.0,0.4988,0.315251,0.0,1,0.001162262,0.116437312,0.11003794980750037
LAWHEZ01_clean,7.31724,4.08974,7.31724,1.65797,902.036,544.061,0.0,0.0,0.4878,0.294215,0.0,1,0.001485205,0.148480293,0.14977384672500044
LAWHEZ_clean,7.31422,4.06957,7.31422,1.65797,900.714,543.263,0.0,0.0,0.4874,0.293974,0.0,1,0.001536095,0.152065408,0.1529448384950007
LAWHID_clean,7.12473,3.80895,6.25716,1.71371,841.749,491.186,0.0,0.0,0.4802,0.280211,0.0,1,0.001584856,0.151592629,0.1540111397737507
LAXCUK_clean,8.14792,4.96145,8.14665,0.864341,1801.28,2083.99,0.0118168,0.0136714,0.6332,0.732581,0.0,1,0.002544767,0.240178048,0.2572668107637497
LEDJOU_clean,3.62321,2.76367,3.6177,1.98029,0.0,0.0,105.723,53.3874,0.403,0.203505,0.0,0,0.001939463,0.172519163,0.18444923198874968
LEDJUA_clean,3.65716,3.07395,3.65716,1.86009,0.0,0.0,86.21,46.3471,0.4356,0.234182,0.0,0,0.000252768,0.028764414,0.02589581127874997
LEJCEK_clean,17.20124,11.68232,17.20124,0.334035,1916.36,5737.0,0.0,0.0,0.8616,2.57937,0.0,0,0.003555536,0.328275451,0.3521402655687504
LEJZOQ_clean,5.95247,4.56093,5.95247,1.11072,926.808,834.423,0.0,0.0,0.484,0.435754,0.0,1,0.003360712,0.311309713,0.3216417328575011
LELDOX_clean,18.13342,6.69424,12.87691,0.621417,2220.07,3572.59,0.0,0.0,0.7588,1.22108,0.0,1,0.003787971,0.38680021,0.37160349041999924
LENGES_clean,4.73185,4.27793,4.71422,2.22846,630.792,283.061,0.0,0.0,0.3702,0.166123,0.0,1,0.265713022,1.940783302,2.274066214768745
LEQBUG_clean,14.22812,6.68064,13.72074,0.73218,2183.07,2981.61,0.0,0.0,0.7302,0.997295,0.0,1,0.007806204,0.685821562,0.6825109024012532
LEQCAN_clean,13.67194,6.45338,13.67194,0.778071,2218.0,2850.64,0.0,0.0,0.719,0.92408,0.0,1,0.00818643,0.71179938,0.6964286719275015
LETREJ_clean,35.31492,34.29677,35.31423,0.67811,1025.72,1512.62,0.0,0.0,0.85,1.25348,0.0,1,0.002217874,0.210344648,0.21715045969625021
LEWZET_clean,5.98081,4.39548,5.97981,1.17803,1312.3,1113.97,0.0,0.0,0.5222,0.443281,0.0,0,0.01062519,0.9024805,0.8589358647737503
LEZJOQ_clean,6.98318,4.55304,6.95995,1.61528,389.786,241.312,156.551,96.9186,0.4644,0.287504,0.0,0,0.005346564,0.397076879,0.42939811084124957
LIBHAH_clean,22.24677,16.59083,22.24677,0.73178,1549.44,2117.36,0.0,0.0,0.788,1.07683,0.0,1,0.021162111,1.326418923,1.8209450389649988
LIDSAU_clean,5.52729,4.59222,5.52557,1.12251,2012.74,1793.07,0.0,0.0,0.5812,0.517767,0.0,1,0.010826229,0.961445327,0.9141891885075024
LIDSEY01_clean,5.12889,4.12015,5.11957,1.23861,1870.37,1510.06,0.0,0.0,0.573,0.462617,0.0,1,0.021436021,1.614574441,1.534402981010001
LIDSIC_clean,5.88988,4.79787,5.74819,0.995436,2128.35,2138.11,0.0,0.0,0.6234,0.626258,0.0,1,0.008554233,0.776265928,0.7629851009874942
LIGJIW_clean,7.07785,3.26999,7.07785,2.88824,0.0,0.0,778.552,269.56,0.4332,0.149988,0.0,1,0.003083349,0.257039118,0.2885251071375006
LIQGAU_clean,3.4101,2.48272,3.4101,4.60139,0.0,0.0,1.23212,0.267771,0.4912,0.10675,0.0,1,6.03e-05,0.006507736,0.00633942608625
LIQGEY_clean,3.44538,2.87198,3.34809,3.78784,0.0,0.0,13.5445,3.57577,0.3998,0.105548,0.0,1,0.00020037,0.019365442,0.020795301636250048
LIQTUC_clean,7.1903,6.51436,7.1903,1.03237,1471.99,1425.83,0.0808771,0.0783409,0.5754,0.557356,0.0,1,0.005611501,0.494053922,0.5096661371650008
LIRTUC_clean,5.83831,3.6143,5.8313,1.27726,1032.08,808.039,0.0,0.0,0.5346,0.418551,0.0,0,0.002011381,0.193074442,0.18938630085124988
LIXXEW_clean,5.51875,3.92568,5.51875,1.59427,997.327,625.569,0.0,0.0,0.497,0.311741,0.0,0,0.011492008,0.837730762,0.8249829236325023
LOCNIB_clean,5.61168,3.14368,5.61168,1.61136,0.0,0.0,733.512,455.213,0.48,0.297885,0.0,0,0.008802832,0.625630971,0.7122682289587486
LOCRUR_clean,5.043,4.16027,5.043,1.07174,1871.72,1746.44,0.0,0.0,0.587,0.547708,0.0,0,0.004404297,0.404744914,0.42671774632500137
LODCUC_clean,6.14463,4.24576,6.14463,1.44314,692.68,479.982,0.0,0.0,0.4588,0.317919,0.0,1,0.003095297,0.263861713,0.28679360270124976
LODTAB_clean,4.98387,4.62619,4.98387,1.23288,2036.05,1651.46,0.0,0.0,0.5874,0.476445,0.0,0,0.005602398,0.547741997,0.5169959858087494
LOFJAT_clean,11.75384,5.77917,10.9055,0.7403,2339.25,3159.86,0.0,0.0,0.728,0.983385,0.0,1,0.007084521,0.65043565,0.6300605077475006
LORNEL_clean,6.96325,5.60613,6.9631,1.05672,2615.87,2475.46,0.0,0.0,0.7412,0.701416,0.0,0,0.001219399,0.124194825,0.12898178126500123
LOSYAV_clean,4.55984,3.67657,4.54982,1.22852,1180.85,961.195,0.0,0.0,0.5162,0.42018,0.0,1,0.009059927,0.793580161,0.7944316596025008
LOXVUR_clean,4.57014,3.4563,4.57014,1.84158,481.399,261.405,0.0,0.0,0.3796,0.206127,0.0,0,0.004427516,0.366178486,0.4003880932862509
LOZSOK_clean,4.88564,3.63855,4.86025,1.66521,574.268,344.863,0.0,0.0,0.4628,0.277923,0.0,1,0.007961951,0.57714429,0.633177721489997
LOZSUQ_clean,4.85969,3.60906,4.8342,1.70782,552.609,323.577,0.0,0.0,0.459,0.268764,0.0,1,0.008449726,0.587666036,0.6890448886249978
LUCKAX_clean,4.03521,2.47334,4.03324,1.81814,0.0,0.0,327.564,180.165,0.4504,0.247726,0.0,1,0.008087611,0.53127373,0.5885809438699965
LUCKEB_clean,5.78614,2.5652,5.77583,1.8057,0.0,0.0,560.724,310.53,0.4424,0.245002,0.0,1,0.006108742,0.447268439,0.5101691069925023
LUCKIF_clean,5.92099,2.66663,5.91879,1.74858,0.0,0.0,575.639,329.204,0.4448,0.254378,0.0,1,0.005960752,0.444432326,0.48860190602375086
LUDKIG_clean,6.18711,4.06983,6.18711,1.75823,292.603,166.419,0.0,0.0,0.3538,0.201225,0.0,0,0.004459907,0.262713015,0.41132243835375015
LUDTUZ_clean,9.25303,6.21337,9.25303,1.86951,1728.91,924.79,0.0,0.0,0.6404,0.342549,0.0,1,0.002215475,0.21697281,0.21562996393000022
LUDVAH_clean,5.76222,3.92954,5.75675,1.87163,1115.45,595.979,0.0,0.0,0.5392,0.288092,0.0,1,0.002834711,0.263568223,0.27201314168624896
LUDVEL_clean,9.0257,6.44197,9.0257,1.37573,1743.29,1267.17,0.0,0.0,0.6582,0.478437,0.0,0,0.001632694,0.162735526,0.15992603416000115
LUDVOV_clean,8.59426,6.17353,8.59426,1.40472,1743.92,1241.48,0.0,0.0,0.6538,0.465432,0.0,0,0.001771647,0.178462775,0.17419701661250037
LUJJOQ_clean,3.74278,3.06211,3.73215,2.83058,0.0,0.0,30.2272,10.6788,0.3152,0.111355,0.0,0,0.008841201,0.312540476,0.6633622969187484
LUKLIN_clean,20.05813,9.81608,20.05813,0.466068,1922.41,4124.74,0.0,0.0,0.817,1.75296,0.0,1,0.003802578,0.372210742,0.3715298063849994
LULXOG_clean,4.25751,3.14352,4.25086,1.7004,0.0,0.0,243.377,143.129,0.407,0.239355,0.0,1,0.038417989,1.191828169,1.329859074018751
LURRIA_clean,22.37295,9.74126,15.85817,0.406542,1874.4,4610.6,0.0,0.0,0.8348,2.05341,0.0,1,0.003630136,0.396200036,0.36313338037750115
LURRUM_clean,8.4742,7.38349,8.24096,1.53799,1630.49,1060.14,0.0,0.0,0.5978,0.388689,0.0,0,0.535141614,5.645112245,3.0958479296487407
LUSQIB_clean,6.45531,3.17096,6.44954,1.11435,0.0,0.0,800.654,718.497,0.5472,0.491051,0.0,1,0.010131094,0.826393563,0.8303154996475015
LUSQOH_clean,6.74081,4.49063,6.72805,0.825462,1826.57,2212.78,1.64716,1.99544,0.6168,0.747218,0.0,1,0.003003871,0.287822246,0.294420685665
LUTZEH_clean,27.97153,12.56634,27.97011,0.560816,1424.55,2540.14,0.0,0.0,0.8216,1.46501,0.0,1,0.002005641,0.202470575,0.19680449362750158
LUWMUN_clean,10.57457,7.88389,10.57457,0.724012,2075.47,2866.63,0.0,0.0,0.7454,1.02954,0.0,1,0.003398975,0.333291465,0.33749497409875046
LUWNAU_clean,10.46973,7.87545,10.46973,0.738468,2086.61,2825.59,0.0,0.0,0.7458,1.00993,0.0,1,0.003410024,0.337966082,0.3385763252925005
LUYBIS_clean,8.64392,7.56813,8.64392,1.32804,1594.81,1200.87,0.0,0.0,0.5826,0.438691,0.0,1,0.010316846,0.753713222,0.8551221093424991
MAFFUW_clean,12.43799,9.17375,12.24576,0.861708,2209.58,2564.19,0.0,0.0,0.7434,0.862706,0.0,1,0.017726015,1.20437414,1.2546499697999953
MAJJUF_clean,9.38886,6.3118,6.70875,0.66218,2520.92,3807.0,0.0,0.0,0.7062,1.06648,0.0,1,0.002699234,0.284217814,0.27066806139250077
MAJKAM_clean,6.55321,5.18508,6.53172,1.09153,1978.37,1812.47,0.0,0.0,0.6024,0.551884,0.0,1,0.006714547,0.615671367,0.6103364197012505
MAQMEZ_clean,6.07852,4.93483,6.07852,1.10025,1440.15,1308.92,0.0,0.0,0.5372,0.488252,0.0,1,0.00826733,0.685233336,0.7206898658774967
MARKOF_clean,4.86139,3.18919,4.85615,1.26954,0.0,0.0,670.647,528.258,0.5384,0.424089,0.0,1,0.004733851,0.454543048,0.41138198965625195
MARLAS_clean,4.93645,3.31952,4.93645,1.2265,334.914,273.066,403.932,329.338,0.5396,0.439952,0.0,1,0.004603499,0.434559785,0.40894530013000185
MARLOJ_clean,3.97511,3.2689,3.9629,1.56371,0.0,0.0,401.738,256.913,0.504,0.32231,0.0,1,0.001312581,0.130119848,0.12454091688249949
MARLUP_clean,3.97179,3.26006,3.94773,1.58166,0.0,0.0,394.95,249.707,0.5022,0.317515,0.0,1,0.001351113,0.136511738,0.12715999453249924
MAVRAE_clean,14.86498,11.27751,14.86293,0.610418,2066.56,3385.48,11.8472,19.4083,0.781,1.27945,0.0,1,0.003763925,0.35002698,0.36973656991
MAZSOX_clean,5.55494,4.03435,5.33658,1.3131,1791.89,1364.62,0.0,0.0,0.6002,0.457085,0.0,1,0.006209642,0.551909758,0.5619305180399958
MECWOH_clean,16.37336,6.82627,16.37336,1.39042,1180.57,849.076,0.0,0.0,0.5268,0.378879,0.0,0,0.009338428,0.773134617,0.7748634341875035
MIMSIM_clean,10.75813,9.26028,10.75813,1.01792,1232.26,1210.56,0.0,0.0,0.595,0.584524,0.0,1,0.005744725,0.441061172,0.5225708363575001
MINCET_clean,9.524,7.71671,9.524,0.905671,2095.17,2313.39,0.0,0.0,0.6848,0.756124,0.0,1,0.003135366,0.304121445,0.30456804271750126
MIPHEA_clean,12.05615,8.64769,12.04135,0.749529,1624.67,2167.58,0.0,0.0,0.6532,0.871481,0.0,1,0.002222304,0.212337304,0.21607360211500026
MIXXOI_clean,4.08084,3.08846,4.08084,1.23048,0.0,0.0,245.777,199.741,0.4448,0.361486,0.0,0,0.001297566,0.123645973,0.12254928261625007
MIZKAI_clean,5.91069,4.25348,5.90509,1.31925,1786.7,1354.33,0.0,0.0,0.5938,0.450103,0.0,0,0.011171315,0.929522268,0.9004579099987512
MIZPUI_clean,11.48015,5.54799,11.48015,0.751265,2238.05,2979.04,0.0,0.0,0.6966,0.927235,0.0,1,0.005996182,0.537116565,0.564431256387497
MIZZOM_clean,5.03531,4.09966,5.03367,2.18659,1164.0,532.335,0.0,0.0,0.477,0.218148,0.0,0,1.830517323,4.751606907,2.883596095486257
MOBFIT_clean,4.33054,2.68321,4.33054,2.28405,0.0,0.0,86.5377,37.8878,0.3626,0.158753,0.0,1,0.000240265,0.022502239,0.021721621343750056
MOKVOZ_clean,13.24903,6.01162,13.24903,0.724616,2572.52,3550.19,0.0,0.0,0.738,1.01847,0.0,1,0.007169528,0.663810672,0.6419657540762516
MOXBOS_clean,8.77455,8.32709,8.77455,1.39055,1211.67,871.361,0.0,0.0,0.542,0.389775,0.0,1,0.001275682,0.121910452,0.12710233913750094
MOXPAR_clean,4.2596,3.69956,3.91407,1.28668,325.715,253.143,152.721,118.694,0.493,0.383155,0.0,1,0.021603122,1.079907573,1.1988060052099991
MOYMUJ_clean,7.15328,5.11485,7.15328,1.11361,1124.53,1009.81,0.0,0.0,0.5304,0.476289,0.0,1,0.005803922,0.513532842,0.5247126395850007
MOYTUR_clean,9.16292,7.2723,9.16292,1.43509,1044.0,727.482,0.0,0.0,0.5076,0.353707,0.0,1,0.003083948,0.291935665,0.29179705273874956
MOYZIK_clean,11.27166,9.72629,11.27166,0.630203,2036.29,3231.16,0.0,0.0,0.7776,1.23389,0.0,1,0.00507634,0.513025759,0.46573334371874964
MUFZIY_clean,5.11633,4.22096,4.9793,1.2975,1374.55,1059.38,0.0,0.0,0.5374,0.414181,0.0,1,0.010074648,0.817294746,0.8318363827675002
MUGXIX_clean,6.18311,3.84627,6.03204,1.11722,1799.74,1610.9,0.0,0.0,0.5848,0.523441,0.0,1,0.007050488,0.637836172,0.6282073555187508
MUHQAI_clean,3.31718,3.02376,3.30398,1.77339,0.0,0.0,0.0814209,0.0459126,0.3606,0.203339,0.0,1,5.14e-05,0.005373448,0.00466535593125001
MUKQUG_clean,11.37507,4.46993,11.2947,0.820023,2214.4,2700.41,0.0,0.0,0.683,0.832903,0.0,1,0.008078348,0.719527575,0.6897067491325015
MUKRAN_clean,10.80355,3.74031,10.80323,0.902018,2107.1,2335.99,0.0,0.0,0.6572,0.728588,0.0,1,0.008199334,0.663765758,0.7032055650487495
MULXUO_clean,5.63973,4.20214,5.63973,1.33333,1496.0,1122.0,0.0,0.0,0.5418,0.40635,0.0,1,0.004860404,0.447507384,0.4355463834687513
MUTCEL_clean,5.85951,3.93163,5.85747,0.998165,1648.55,1651.58,0.0,0.0,0.5924,0.593489,0.0,1,0.004327343,0.4076399,0.41973427670749963
MUVJAP_clean,5.84101,5.24434,5.82161,1.88151,1162.86,618.045,0.0,0.0,0.4892,0.260004,0.0,1,0.004152085,0.376727899,0.382766110056248
MUWRIH_clean,20.22673,4.13676,9.78956,1.11275,1836.17,1650.13,0.0,0.0,0.6732,0.60499,0.0,1,0.015464361,1.216761236,1.2408316633700018
MUWRON_clean,11.14697,5.73571,11.14697,0.774274,2356.29,3043.22,0.0,0.0,0.7288,0.941268,0.0,1,0.006300393,0.562224386,0.5636341183349972
MUZKEZ_clean,17.52243,13.2696,17.52243,0.353615,1734.78,4905.83,0.0,0.0,0.8448,2.38904,0.0,1,0.004377178,0.414202523,0.4261979469912477
NADKAG_clean,3.90524,2.81537,3.86593,1.7239,0.0,0.0,136.195,79.0039,0.4172,0.242009,0.0,0,0.002674953,0.215312947,0.23949043452374996
NAFGOR_clean,5.1287,2.47931,5.06938,1.24597,0.0,0.0,758.011,608.369,0.5474,0.439336,0.0,0,0.007325733,0.576454593,0.6243462636299999
NAHHOW_clean,11.20913,5.76802,11.20913,0.762768,2433.01,3189.71,0.0,0.0,0.7328,0.960711,0.0,1,0.005887962,0.554535949,0.5455282942287474
NANPUN_clean,6.54289,4.24913,6.41069,1.18041,2725.22,2308.7,0.0,0.0,0.7086,0.600298,0.0,1,0.001164708,0.115536694,0.11408686664375077
NASHAS_clean,3.99947,3.02384,3.98064,2.15519,0.0,0.0,205.986,95.5765,0.488,0.22643,0.0,1,0.000742514,0.069876102,0.07015717283375003
NATXOW_clean,6.27753,3.98136,5.70385,2.37062,1034.62,436.436,0.0,0.0,0.5084,0.214459,0.0,1,0.001079585,0.105445821,0.10549062213125066
NATXUC_clean,5.25875,2.72799,5.15698,2.7357,0.0,0.0,527.225,192.72,0.4114,0.150382,0.0,1,0.000840338,0.074395315,0.08508323064999958
NAWWOA_clean,6.12876,3.33724,6.12159,1.11504,1505.13,1349.85,0.0,0.0,0.5668,0.508325,0.0,1,0.011030196,0.898795774,0.8934266696124987
NAXKOO01_SL,3.31715,2.76647,3.31715,1.51374,0.0,0.0,0.0,0.0,0.3746,0.247467,0.0,0,6.35e-05,0.008229922,0.0065973102075000244
NAYHAY_clean,9.43032,7.54222,9.43032,1.04574,1938.97,1854.15,0.0,0.0,0.6636,0.634572,0.0,1,0.001914927,0.19231072,0.18856501123624958
NEBYOK_clean,5.47437,4.15922,5.45635,1.58777,611.158,384.916,0.0,0.0,0.467,0.294124,0.0,1,0.001941256,0.176582805,0.18357682551499988
NEDLOZ_clean,5.19157,3.5955,4.37454,1.44817,1020.62,704.764,0.0,0.0,0.4738,0.327171,0.0,0,0.038965929,1.842008382,1.5814521957887524
NEHMUJ_clean,4.41659,3.35369,4.41659,1.33273,474.416,355.973,0.0,0.0,0.4204,0.315443,0.0,0,0.005417134,0.423813556,0.4555487380049978
NENHEU_clean,9.96925,9.18698,9.96925,1.10683,1750.22,1581.3,0.0,0.0,0.6956,0.628464,0.0,1,0.011585533,1.035903188,0.9250722829012505
NICZAA_clean,5.31469,3.10349,5.31454,1.72513,0.0,0.0,747.069,433.051,0.4908,0.2845,0.0,0,0.131365442,1.915386018,2.4769361476225122
NIKCOB_clean,3.43305,2.58603,3.43305,1.58589,0.0,0.0,3.80632,2.40012,0.3914,0.246802,0.0,1,9.59e-05,0.00914391,0.0095553285375001
NIKHAS_clean,5.15286,4.051,5.1389,1.29378,835.081,645.456,0.0,0.0,0.4744,0.366676,0.0,0,0.005486077,0.486678252,0.4743895417662473
NIKKAU_clean,5.93093,3.07516,5.91426,1.37567,0.0,0.0,1101.24,800.518,0.4814,0.34994,0.0,1,0.005395708,0.466181809,0.44511984431250085
NIMQAC_clean,4.88726,4.1244,4.87966,1.793,775.011,432.243,0.0,0.0,0.4462,0.248857,0.0,1,0.00865139,0.639611789,0.686629557953748
NIRFIE_clean,4.91681,4.19541,4.74683,1.50398,326.541,217.118,372.303,247.545,0.4758,0.316361,0.0,1,0.008304536,0.538627338,0.662117273176247
NIXGIM_clean,5.89002,4.11735,5.89002,1.13414,748.182,659.694,115.507,101.845,0.4764,0.420056,0.0,0,0.006046769,0.508459651,0.5425693294762491
NIXKIQ_clean,10.7322,9.85354,10.72549,0.912018,1850.3,2028.8,0.0,0.0,0.6804,0.746038,0.0,1,0.00975784,0.886089739,0.8080553453099991
NOBWUY_clean,18.86887,5.20776,18.51864,1.04767,2167.65,2069.01,0.0,0.0,0.7276,0.694493,0.0,1,0.00718963,0.628651886,0.6475391789937517
NODKEX_clean,5.07245,4.30959,5.07245,1.09741,1894.95,1726.75,0.0,0.0,0.5778,0.526513,0.0,0,0.004851162,0.476063165,0.4453211550474996
NODKIB_clean,5.63153,3.9554,5.61978,1.17451,1015.77,864.844,0.0,0.0,0.5246,0.446654,0.0,0,0.007253834,0.589201359,0.6500874999412521
NOFRIK_clean,4.43188,3.71354,4.43188,2.7873,333.157,119.527,0.0,0.0,0.2724,0.0977288,0.0,1,0.092922253,0.986958313,0.9944382432862585
NOHQEI_clean,10.43188,7.39379,10.43163,0.730087,2047.09,2803.9,0.0,0.0,0.7394,1.01276,0.0,0,0.004627431,0.463608256,0.43089192858125086
NOMPOW_clean,10.08543,5.68643,10.01287,0.89499,1881.89,2102.69,0.0,0.0,0.632,0.706153,0.0,1,0.003468383,0.335257453,0.3396054961275
NOQGIL_clean,5.92124,2.51537,5.89499,1.37002,0.0,0.0,377.073,275.231,0.4512,0.329338,0.0,0,0.003496511,0.267028584,0.3188164542337482
NORPIV_clean,6.29764,3.5453,6.29184,1.24357,1408.14,1132.34,0.0,0.0,0.575,0.46238,0.0,1,0.01201613,0.997740702,0.9664583024387514
NUCPIM_clean,6.80799,4.4618,6.75728,1.08855,2111.95,1940.16,0.0,0.0,0.652,0.598964,0.0,1,0.009786683,0.88979683,0.8317046218087508
NUDLAB_clean,6.59183,6.26977,6.57302,1.22444,1079.67,881.768,0.0,0.0,0.531,0.433667,0.0,1,0.002863376,0.281848722,0.2784061389737488
NUDLEF_clean,8.75721,7.78778,8.74627,1.19678,1224.87,1023.47,99.9871,83.5467,0.567,0.473771,0.0,1,0.00255517,0.2537949,0.2486184346637496
NUMPAO_clean,7.21762,6.75917,7.21266,0.764555,2351.84,3076.09,0.0,0.0,0.7014,0.917396,0.0,1,0.003071008,0.28659062,0.3054180662537507
NUNZUT_clean,6.7597,5.63419,6.7597,1.12121,1275.46,1137.57,0.0,0.0,0.5448,0.485904,0.0,0,0.008944924,0.76169903,0.7599481479612504
NUSXEG_clean,23.63664,14.31993,19.5758,0.701228,1663.19,2371.82,0.0,0.0,0.827,1.17936,0.0,1,0.002096126,0.210414538,0.2045034484787517
NUVXUZ_clean,23.89274,9.6738,23.89274,0.500285,1776.43,3550.84,0.0,0.0,0.8514,1.70183,0.0,1,0.001828223,0.18061213,0.18177143950374908
NUZCIV_clean,7.57732,5.39606,7.57711,1.85198,785.332,424.05,0.0,0.0,0.38,0.205186,0.0,0,0.002976555,0.253526566,0.27916947099124934
OBENAL01_clean,3.10965,2.61865,3.10741,2.78674,0.0,0.0,0.0,0.0,0.312,0.111959,0.0,1,0.0,0.0,0.0001624197725000002
OBENAL02_clean,3.05845,2.54824,3.00787,2.83296,0.0,0.0,0.0,0.0,0.3082,0.108791,0.0,1,0.0,0.0,8.581120999999985e-05
OBENAL_clean,3.05568,2.65884,3.05568,2.79779,0.0,0.0,0.0,0.0,0.3206,0.11459,0.0,1,0.0,0.0,0.00011863091125000019
OBUBIW_clean,8.40991,7.43675,8.40991,1.51932,1162.57,765.188,0.0,0.0,0.5544,0.3649,0.0,1,0.00074173,0.075133297,0.07234163916499996
OCILEU_clean,4.58414,3.42916,4.57221,1.15745,652.399,563.652,0.0,0.0,0.5004,0.43233,0.0,1,0.006927598,0.577790478,0.5863612000124993
OCILIY_clean,8.53165,6.26258,8.17508,1.12456,1134.41,1008.76,0.0,0.0,0.5168,0.459558,0.0,1,0.002060475,0.192125051,0.20429555397000054
OCIMAR_clean,6.5145,4.27754,6.51296,1.03951,1260.58,1212.67,0.0,0.0,0.5148,0.495235,0.0,0,0.006958577,0.58134315,0.6109569232662513
OCIMEV_clean,6.59899,4.30563,6.58855,1.02176,1307.66,1279.81,0.0,0.0,0.5182,0.507164,0.0,0,0.006199543,0.558518926,0.5606072873837495
OCIMIZ_clean,6.97793,4.97983,6.96924,0.99263,1294.22,1303.83,0.0,0.0,0.5312,0.535144,0.0,0,0.004345929,0.411151914,0.42612614471625126
OCIMOF_clean,6.71274,4.68971,6.50439,1.02328,1271.58,1242.65,0.0,0.0,0.5194,0.507583,0.0,0,0.005553902,0.485505938,0.5055680250862502
OCIMUL_clean,6.68572,4.74391,6.68572,1.01595,1259.83,1240.05,0.0,0.0,0.5212,0.513019,0.0,0,0.005350259,0.495394198,0.47583998605249905
OCINAS_clean,7.37544,5.53142,7.37544,1.04306,1267.84,1215.49,0.0,0.0,0.5388,0.516555,0.0,0,0.008189838,0.604140825,0.6804650169687508
OCIZAD_clean,5.25446,4.2672,5.25048,1.11639,1457.42,1305.47,0.0,0.0,0.522,0.467577,0.0,1,0.004031108,0.368567,0.38027917676749967
OCUMUX_clean,5.1192,3.7079,5.1192,1.29581,1317.84,1017.0,0.689155,0.531833,0.5164,0.398515,0.0,1,0.002938114,0.277028239,0.2738667752337497
OCUPOS_clean,4.38921,3.97026,4.38921,1.66698,711.745,426.966,0.0,0.0,0.445,0.266949,0.0,1,0.009239195,0.724327482,0.7264212029875006
OCUREK_clean,4.93226,3.39584,4.93226,1.78543,887.96,497.336,0.0,0.0,0.483,0.270523,0.0,1,0.004362606,0.383073783,0.40758036915124957
OCURIO_clean,4.77028,3.1741,4.76358,1.89323,0.0,0.0,647.316,341.911,0.4576,0.241703,0.0,1,0.004102076,0.364247539,0.3774054657850014
OCUTAI_clean,4.9495,3.52882,4.91814,1.71859,1100.33,640.251,0.0,0.0,0.4958,0.288493,0.0,1,0.00446965,0.415042319,0.41808606065749887
ODELOZ_clean,3.06388,2.40854,3.06321,2.10107,0.0,0.0,0.0,0.0,0.3698,0.176006,0.0,1,0.000671185,0.05975694,0.06665384277875012
ODIXIK_clean,6.81688,4.29892,6.81439,1.49389,849.77,568.828,302.861,202.732,0.5408,0.362007,0.0,1,0.003755606,0.344228719,0.34386520407249876
OFAMUF_clean,5.59939,4.02992,5.59939,1.54548,471.321,304.968,0.0,0.0,0.3828,0.247691,0.0,1,0.00188863,0.170451782,0.17167998926499933
OFAPIW_clean,6.56046,3.36337,6.56046,1.19213,1096.47,919.755,0.0,0.0,0.4988,0.418411,0.0,0,0.005899384,0.539244787,0.5216767241424991
OFUFUR_clean,4.24304,2.87906,4.23821,3.49951,0.0,0.0,248.053,70.8821,0.4052,0.115788,0.0,1,0.000554162,0.050641565,0.058256841022499575
OGIJIY_clean,4.40711,3.40103,4.40711,1.69185,860.244,508.464,0.0,0.0,0.4674,0.276266,0.0,1,0.011345386,0.898337208,0.7796098683562535
OGOJAX_clean,15.34906,9.73806,15.34906,0.707076,1965.3,2779.47,0.0,0.0,0.723,1.02252,0.0,1,0.003392086,0.315599512,0.3368529149037505
OGUZIA_clean,4.34698,3.82009,4.34698,2.40082,539.728,224.81,0.0,0.0,0.402,0.167443,0.0,1,0.006807992,0.42788686,0.5546119471462481
OHAQAR_clean,11.81735,7.47362,11.8167,0.883951,1847.52,2090.07,63.5005,71.8371,0.6804,0.769726,0.000226257,1,0.007861026,0.650934537,0.6781104288012523
OHATAT_clean,4.42739,3.17116,4.42454,1.78842,0.0,0.0,652.143,364.648,0.4044,0.226122,0.0,1,0.006143002,0.478445763,0.5088909481400024
OJIFAP_clean,4.67693,3.73833,4.67693,1.13515,759.831,669.365,0.0,0.0,0.4686,0.412808,0.0,1,0.007017203,0.603871133,0.5950586760937498
OJIWEK_clean,5.59427,3.7203,5.58851,1.22195,1633.54,1336.83,0.0,0.0,0.5402,0.442081,0.0,0,0.012159445,0.986297442,0.9771107429200013
OJOSEN_clean,11.61043,10.79035,11.61043,0.843395,2130.49,2526.09,0.0,0.0,0.7798,0.924597,0.0,1,0.012226337,1.05676208,0.9923835857862495
OJOSIR_clean,9.97318,4.04646,9.96574,1.17933,2193.71,1860.13,0.0,0.0,0.651,0.552007,0.0,1,0.014415472,1.249652591,1.1195109761262512
OJUPEQ_clean,7.65722,5.34894,7.64941,1.35901,1262.34,928.863,1.71614,1.26278,0.5006,0.368355,0.00500363,1,0.005272447,0.457712332,0.4625474781424991
OKOQOW_clean,7.34514,3.37481,7.29312,2.39667,1233.31,514.592,0.0,0.0,0.5626,0.234742,0.0,1,0.00141199,0.131025312,0.13706878848500006
OKUJUB_clean,12.36826,9.63043,12.13477,0.706548,1840.0,2604.21,0.0,0.0,0.7328,1.03716,0.0,1,0.015523479,0.789091564,1.1937680668699984
OKUKEM_clean,14.01253,8.4589,14.01253,0.722439,1971.91,2729.52,24.4649,33.8644,0.7252,1.00382,0.0,1,0.011946703,0.789757222,0.9680511486137512
OLANIA_clean,6.60205,3.29163,6.59533,1.25218,0.0,0.0,1066.5,851.709,0.5194,0.414795,0.0,1,0.001611309,0.154361506,0.1547783545137505
OLODEA_clean,10.40329,4.10605,10.37784,1.07199,1355.57,1264.53,0.0,0.0,0.5958,0.555788,0.0,0,0.002874072,0.273578312,0.2824146869799989
OLOPOW_clean,4.49896,3.74228,4.49204,1.62805,549.028,337.23,0.0,0.0,0.4218,0.259083,0.0,0,0.035549066,1.166051127,1.4752612738100028
OMUMEQ_clean,6.91715,4.85787,6.80515,1.20639,1419.32,1176.5,0.0,0.0,0.5452,0.451927,0.0,1,0.005482845,0.457179538,0.4908294726149979
OMUMIU_clean,6.8237,5.05077,6.8237,1.16475,1401.88,1203.6,0.0,0.0,0.5646,0.484741,0.0,1,0.006091602,0.510176541,0.5616483015699988
ONAWAC_clean,3.80201,2.85699,3.80201,1.17977,0.0,0.0,153.168,129.828,0.5282,0.447715,0.0,1,0.001645894,0.154134429,0.16137634156374958
ONAWEG_clean,3.62774,2.65623,3.62246,1.23084,0.0,0.0,71.0203,57.7006,0.5072,0.412076,0.0,1,0.000656085,0.055829187,0.0684679246587496
ONEYIQ_clean,21.6608,8.8003,21.6608,0.662891,1404.88,2119.33,139.38,210.261,0.7188,1.08434,0.0,1,0.002307105,0.230869237,0.22383763226374934
ONODOM_clean,5.43775,3.24635,5.43775,1.30639,0.0,0.0,875.515,670.18,0.4778,0.365741,0.0,1,0.011892582,0.934014703,0.8531048989037525
ONUJUE_clean,9.03257,8.2459,9.03257,1.20375,1198.02,995.242,19.6744,16.3443,0.5232,0.434643,0.0,1,0.005434968,0.503897646,0.48214074120999806
OPAHIY_clean,10.04486,7.28733,8.32739,1.10725,1597.55,1442.8,0.0,0.0,0.6074,0.548566,0.0,1,0.006210326,0.507373136,0.562909114789998
OPOCEC_clean,5.45357,2.53442,5.44501,1.38114,0.0,0.0,404.814,293.102,0.417,0.301925,0.0,1,0.003926674,0.317966971,0.34346385978499894
OQEPEG_clean,4.87959,3.34342,4.87959,1.83419,761.801,415.334,0.0,0.0,0.4176,0.227676,0.0,1,0.050320382,1.648365777,1.4229078345562503
OQUFAJ01_clean,11.08356,10.07272,11.08356,1.04241,2157.14,2069.38,0.0,0.0,0.6704,0.643125,0.000575589,1,0.003014065,0.286327027,0.29939084705249996
OQUFAJ03_clean,11.0199,9.96279,11.0199,1.02397,2131.01,2081.12,2.80083,2.73525,0.6704,0.654704,0.000390635,1,0.002878358,0.273862506,0.28568694623500074
OQUFIR_clean,11.25706,10.64391,11.25706,1.25158,1683.65,1345.22,0.0,0.0,0.6192,0.494733,0.000319595,1,0.004537132,0.397184187,0.4224582516475003
OQUFUD_clean,11.44598,10.16481,11.44598,1.06553,1959.11,1838.62,0.0,0.0,0.6648,0.623915,0.0001877,1,0.006698651,0.553218411,0.6043235504325003
OQUGAK_clean,10.35091,9.30468,10.35091,1.4862,1312.48,883.115,0.0,0.0,0.5682,0.382318,0.000403715,1,0.0078538,0.565926009,0.6578223556087514
ORAWAH_clean,14.82674,6.56061,14.82548,0.863117,1932.93,2239.48,0.0,0.0,0.7068,0.818892,0.0,1,0.005871283,0.570470459,0.5401491154287468
OREZUI_clean,5.60376,4.80967,5.56456,1.82154,790.385,433.91,0.0,0.0,0.427,0.234417,0.0,1,0.030720002,1.206258989,1.3477649328037538
OSIMIN_clean,5.08705,2.51157,5.0779,1.87965,0.0,0.0,513.977,273.443,0.4398,0.23398,0.0,1,0.001776081,0.153313693,0.16356562386625054
OSOTIB_clean,11.1654,5.76413,11.16529,0.768695,2412.13,3137.96,0.0,0.0,0.7286,0.947841,0.0,1,0.005717548,0.534493455,0.523857047681249
OSUPID_clean,5.2769,2.58539,5.23398,1.84474,0.0,0.0,943.16,511.271,0.53,0.287304,0.0,1,0.18018641,2.177289802,2.495818759437509
OTOZAA_clean,6.85219,5.8161,6.82993,0.945875,2241.09,2369.33,0.0,0.0,0.6656,0.703687,0.0,0,0.012752873,1.008988846,1.0836346234737406
OVADAR_clean,5.1368,3.79878,5.1368,1.2109,986.179,814.421,0.0,0.0,0.4988,0.411926,0.0,1,0.01131141,0.902698869,0.839435755627502
OVEDAW_clean,14.39297,11.63509,13.75062,0.650011,1976.09,3040.09,0.0,0.0,0.8048,1.23813,0.0,1,0.002234596,0.228268068,0.21604649410250013
OVIQER_clean,5.15013,2.67504,5.1372,1.47939,0.0,0.0,512.548,346.459,0.4908,0.331758,0.0,1,0.128526354,1.638243312,2.481439915748765
OVIWOG_clean,6.17675,3.66385,6.16217,3.86628,1048.57,271.209,3.67271,0.949935,0.4996,0.12922,0.0,1,0.000594342,0.057395301,0.0613794922762499
OVUNIE_clean,17.87028,17.2642,17.87028,0.918444,1449.03,1577.71,0.0,0.0,0.7722,0.84077,0.0,1,0.01466233,1.295831102,1.1836052177399998
OVUVIL_clean,7.08548,5.40816,7.07157,1.2293,1842.78,1499.05,0.0,0.0,0.602,0.48971,0.0,1,0.010315003,0.91344005,0.8548524160724993
OWUJIB_clean,4.40092,2.42813,4.36795,1.36193,0.0,0.0,429.922,315.671,0.4664,0.342455,0.0,0,0.014100196,0.912830192,0.8336877924199996
OXAMEG_clean,5.69878,4.15176,5.69426,1.30487,1528.5,1171.39,0.0,0.0,0.5762,0.441578,0.0,1,0.004625535,0.429314545,0.4267530022062509
OXANOR_clean,6.07888,4.64465,6.07888,1.08032,1892.14,1751.47,0.0,0.0,0.5974,0.552986,0.0,1,0.006424872,0.592732354,0.5827400292949968
OXANUX_clean,5.94515,4.53193,5.92516,1.09636,1861.76,1698.12,0.0,0.0,0.586,0.534494,0.0,1,0.006618647,0.600215816,0.6071161803512483
OXAPAF_clean,5.78823,4.71087,5.78381,1.11325,1842.99,1655.5,0.0,0.0,0.5886,0.52872,0.0,1,0.006304248,0.571450347,0.5692261232187461
OYAJIJ02_clean,10.70872,8.94342,10.70872,1.40706,1892.43,1344.95,0.0,0.0,0.6626,0.47091,0.00014214,0,0.004155557,0.390150997,0.40148498759124857
OYAKAC02_clean,10.84931,8.93162,10.8375,1.42421,1898.38,1332.94,0.0,0.0,0.6618,0.464679,0.000140429,1,0.003850784,0.36625362,0.37363578806499986
OYOVOP_clean,6.07579,5.04225,6.06489,1.15877,1135.77,980.15,0.0,0.0,0.503,0.43408,0.0,1,0.002783161,0.255583173,0.26587137707999847
OZASOZ_clean,12.0686,4.7874,12.0686,0.713789,1872.2,2622.9,0.0,0.0,0.6712,0.940333,0.0,1,0.004515353,0.415202893,0.43037378521625025
OZUKOK_clean,3.16387,2.62769,3.1385,2.45915,0.0,0.0,0.0,0.0,0.3182,0.129394,0.0,0,3.44e-06,0.000674697,0.0003869815299999991
PACHUZ_clean,6.79007,4.6859,6.79007,1.67751,614.316,366.207,0.0,0.0,0.439,0.261697,0.0,1,0.001234651,0.116810414,0.11913919480875107
PACWOG_clean,6.59434,3.00655,6.5577,1.38494,0.0,0.0,993.59,717.423,0.4848,0.350051,0.0,1,0.015233764,1.004700589,0.9265301545649978
PAFNAO_clean,4.15703,3.0112,4.08682,1.70276,0.0,0.0,213.746,125.529,0.3864,0.226925,0.0,1,0.004362742,0.367344756,0.3905892078237524
PALTIH_clean,11.04439,8.71548,11.04439,0.72332,1810.35,2502.84,0.0,0.0,0.6956,0.961677,0.0,1,0.002469977,0.236162216,0.2316462988025
PAPNUR_clean,3.73346,2.92456,3.73346,1.5932,0.0,0.0,68.8519,43.2161,0.409,0.256716,0.0,1,0.002715864,0.221000193,0.24251099567750017
PAQMAY_clean,16.51036,13.08019,16.51036,0.865049,1760.16,2034.75,0.0,0.0,0.7388,0.854055,0.0,1,0.002524099,0.260028686,0.25681787126749944
PAQMOL_clean,5.73524,3.04497,5.73524,2.5108,0.0,0.0,797.305,317.55,0.4158,0.165604,0.0,1,0.001261684,0.121766544,0.11897397442624977
PAQTIM_clean,5.2151,3.68936,5.21444,1.57762,664.94,421.484,0.0,0.0,0.4366,0.276747,0.0,1,0.004460836,0.367493098,0.41777110401499895
PAQTOS_clean,5.12845,3.67184,5.12666,1.49187,656.885,440.311,0.0,0.0,0.4242,0.284342,0.0,1,0.004900851,0.398623375,0.4315289994625
PARSAF_clean,6.81897,3.63122,6.59432,1.17917,1741.83,1477.16,0.0,0.0,0.6012,0.509849,0.0,1,0.010090098,0.821890068,0.8417710444249981
PARSEJ_clean,7.10918,3.63338,7.10142,1.23949,1731.43,1396.89,0.0,0.0,0.5994,0.483586,0.0,1,0.009278011,0.766952563,0.8006733295674987
PATLON_clean,3.96425,3.04978,3.96425,2.41965,0.0,0.0,63.7256,26.3367,0.2736,0.113074,0.0,0,0.005170191,0.363052826,0.41187371901374953
PEJMUO_clean,13.35641,7.95242,13.35641,1.19591,2105.7,1760.75,0.0,0.0,0.7508,0.627806,0.0,1,0.001963212,0.198318467,0.19414749086375024
PEKDEQ_clean,6.37859,4.93188,6.37859,0.860942,2189.0,2542.56,0.0,0.0,0.6426,0.746392,0.0,1,0.004488762,0.431546833,0.43471355539749895
PEKVUY_clean,5.42809,3.78005,5.42809,2.82711,1122.0,396.872,0.0,0.0,0.4876,0.172473,0.0,1,0.004389175,0.3639992,0.41011118287249865
PEMGEV_clean,5.81147,5.44043,5.81147,1.41497,1048.95,741.327,0.0,0.0,0.4866,0.343895,0.0,1,0.007029142,0.582687861,0.5868152206925003
PENNIH_clean,6.3502,4.1996,4.94284,1.08381,1502.1,1385.95,0.0,0.0,0.547,0.504702,0.0,0,0.003929602,0.37418101,0.36968726846625083
PENYOX_clean,4.58191,3.69127,4.58191,2.05639,514.83,250.357,84.4264,41.0557,0.4242,0.206284,0.0,1,0.013588172,0.783739246,0.8829618931399982
PETXAP_clean,13.99523,6.27881,13.98885,1.13186,2079.02,1836.82,0.0,0.0,0.712,0.629056,0.00123691,0,0.003744517,0.360032065,0.3688206990799995
PEWDAY_clean,4.88885,2.88033,4.88885,1.46266,0.0,0.0,831.425,568.435,0.4794,0.32776,0.0,0,0.034689759,1.504537533,1.4304452930725
PIBPAS_clean,10.02705,9.63343,10.02705,0.905218,1687.34,1864.01,0.0,0.0,0.6458,0.71342,0.0,1,0.002326723,0.24031297,0.22309279610999988
PIDNEX_clean,15.32333,11.13291,15.32333,0.488773,1874.4,3834.91,0.0,0.0,0.8254,1.68872,0.0,0,0.003554037,0.341361458,0.35148122568375023
PIDNIB_clean,5.00704,2.62164,5.00704,1.27902,0.0,0.0,1145.26,895.422,0.5444,0.425638,0.000469108,1,0.0121374,0.999192553,0.8905439982850005
PIDNOH_clean,4.82649,4.03563,4.70621,1.58707,809.533,510.082,0.0,0.0,0.4494,0.283164,0.0,1,0.018876059,1.124924733,1.0611583375299998
PILJAX_clean,6.83681,4.60726,6.73853,1.38338,998.206,721.569,0.0,0.0,0.4758,0.34394,0.0,1,0.002435171,0.230928844,0.22721411810625028
PITPIT_clean,6.02264,3.21071,5.89147,1.31625,0.0,0.0,760.391,577.696,0.4748,0.360722,0.0,1,0.002687862,0.238741736,0.24304142485375
PITRIU_clean,5.1118,3.9203,5.10388,1.181,1357.88,1149.77,0.0,0.0,0.5244,0.44403,0.0,1,0.016479567,1.226780115,1.1840465822162571
PIVBEC_clean,13.77076,8.56536,13.77076,0.777047,2136.37,2749.35,0.0,0.0,0.75,0.965193,0.0,1,0.005759946,0.532259124,0.5378383681137475
PIVWAT_clean,3.93261,3.24889,3.93261,1.61403,0.0,0.0,217.243,134.597,0.384,0.237914,0.0,1,0.001859559,0.179459357,0.16854940853749958
PIWDAC_clean,5.23837,2.85558,5.23837,1.90037,0.0,0.0,934.219,491.6,0.4964,0.261213,0.0,1,0.003085572,0.274260622,0.28387789197625024
PIYGUB_clean,6.46307,2.69663,6.43832,2.2422,0.0,0.0,838.937,374.158,0.476,0.212291,0.0,1,0.000735751,0.06892061,0.06977721110624985
POBGAQ01_clean,13.29282,10.46232,13.28611,0.466279,1667.35,3575.87,0.0,0.0,0.769,1.64923,0.0,0,0.002936218,0.289654437,0.28998036561874896
POBGAQ_clean,12.10195,9.86984,11.94213,0.53152,1907.5,3588.78,0.0,0.0,0.7308,1.37493,0.0,0,0.00350759,0.3209771,0.34753110433125023
POBJIB_clean,4.44888,3.51511,4.44772,1.47992,991.094,669.692,0.0,0.0,0.5136,0.347045,0.0,1,0.025927939,1.754959337,1.576459955839999
PUBROU_clean,10.98616,5.10232,10.98616,0.916508,2445.22,2667.98,0.0,0.0,0.701,0.76486,0.0,0,0.010494708,0.890840524,0.8898924205525018
PUBRUA_clean,9.78996,3.96193,6.35977,1.16795,1064.75,911.641,212.761,182.165,0.5574,0.477245,0.0,1,0.010359107,0.799787295,0.8209431457774998
PUBSAH_clean,11.33641,4.82375,11.33641,0.84337,2328.1,2760.47,0.0,0.0,0.7052,0.836169,0.0,1,0.00544767,0.492337143,0.5022322945624986
PUBSEL_clean,11.39413,4.45603,11.39395,0.823222,2176.06,2643.34,0.0,0.0,0.6782,0.823836,0.0,1,0.007482674,0.647600907,0.6733345172800026
PUBSIP_clean,11.35974,4.90438,11.35974,0.939411,2072.64,2206.31,0.0,0.0,0.6858,0.730032,0.0,1,0.005175297,0.4572967,0.4726382506112497
PUBSOV_clean,12.29772,4.40701,12.29772,1.06558,1807.75,1696.49,0.0,0.0,0.6366,0.597423,0.0,1,0.016065107,1.181431059,1.1898832480712516
PUCKUV_clean,5.10039,3.48814,5.04421,1.9845,773.41,389.725,0.0,0.0,0.4536,0.228571,0.0,0,0.005158919,0.431126948,0.4406734412724977
PUMGIP_clean,5.7453,3.83462,5.73601,1.16695,456.507,391.195,576.227,493.787,0.5048,0.432579,0.0,1,0.00566017,0.503199725,0.4966330553962475
PUNDUY_clean,3.8489,2.44495,3.8387,2.15577,0.0,0.0,115.302,53.4854,0.3626,0.1682,0.0,0,0.0090493,0.493478054,0.67829160712375
PUNSOH_clean,6.39889,3.02802,6.34049,1.37262,0.0,0.0,1166.58,849.898,0.5418,0.39472,0.0,1,0.002630066,0.255678277,0.23876034646750116
PUPJER_clean,11.34986,4.2884,11.34946,1.04067,2155.08,2070.86,0.0,0.0,0.678,0.651506,0.0,1,0.007547682,0.663163944,0.6802663032012519
PURSEC_clean,12.4652,5.29951,12.4652,1.0348,1234.48,1192.96,15.4202,14.9017,0.5456,0.527252,0.0,1,0.002331048,0.219441883,0.22393307898124942
PUSJUK_clean,3.66116,2.91148,3.66116,1.58567,0.0,0.0,12.7151,8.01871,0.396,0.249736,0.0,1,0.003873596,0.232253753,0.3428606671549974
PUSSEC_clean,6.42822,3.88531,6.41292,2.06161,780.57,378.621,69.1973,33.5646,0.4744,0.230111,0.0,1,0.001290469,0.121640625,0.1222891917575008
PUWCAL_clean,3.61838,3.02566,3.61838,2.22691,0.0,0.0,58.2293,26.148,0.4988,0.223987,0.0,0,0.081658078,3.271832743,2.2961148186025055
PUWCIT_clean,9.4503,8.03208,9.44131,0.783125,2001.73,2556.08,0.0,0.0,0.6954,0.88798,0.0,1,0.003041737,0.30456646,0.3034459079050002
PUWZOX_clean,5.63365,4.16849,5.62629,1.59077,1356.24,852.569,0.0,0.0,0.5186,0.326006,0.0,1,0.028998568,1.523434754,1.5876681269874982
QADDEF_clean,4.64624,2.65471,4.61321,1.26263,0.0,0.0,414.215,328.056,0.443,0.350854,0.0,1,0.002691741,0.229960326,0.24382702576749987
QADKAH01_clean,4.67927,3.06429,4.67927,1.91141,0.0,0.0,599.882,313.842,0.4686,0.245159,0.0,1,0.003870715,0.335274877,0.3330298884062481
QAFDOQ_clean,12.30607,3.33357,12.30607,1.33776,1356.68,1014.14,0.0,0.0,0.6018,0.449855,0.0,1,0.011497548,0.970934678,0.8829591387412519
QAHDUA_clean,23.63634,22.83001,23.63634,0.425592,1765.68,4148.76,0.0,0.0,0.8564,2.01226,0.0,0,0.003137629,0.312523698,0.30177455077375065
QAJJOD_clean,12.20979,6.10496,12.20979,1.14685,1766.96,1540.71,0.0,0.0,0.6092,0.531194,0.000174391,0,0.017679329,1.288364799,1.2728879224962535
QAMHAQ_clean,7.11373,6.811,7.11373,1.26887,1254.11,988.366,0.0,0.0,0.5466,0.430777,0.0,0,0.015124442,1.067272311,1.1298771858975072
QAMLEY_clean,11.14892,6.14756,10.82233,0.696915,2278.27,3269.08,0.0,0.0,0.7598,1.09023,0.0,0,0.004386816,0.418192417,0.42598801105375
QAPPON_clean,4.75518,3.45443,4.66797,1.42132,625.227,439.891,255.697,179.901,0.5156,0.362761,0.0,1,0.005248338,0.462633281,0.4645965464637493
QARLON_clean,10.72668,6.5176,10.72668,1.5744,1777.58,1129.05,0.0,0.0,0.671,0.426194,0.0,0,0.002184584,0.215840229,0.2121836762500006
QARLUT_clean,9.16779,5.97884,9.11657,1.43869,1699.45,1181.25,0.0,0.0,0.6184,0.429835,0.0,1,0.00249934,0.240440742,0.24763479036624958
QARMAA_clean,9.15444,5.92309,9.15444,1.72576,1678.31,972.505,0.0,0.0,0.6136,0.355553,0.0,1,0.001911883,0.187969945,0.18685114827624968
QAVPOU_clean,8.34511,7.17292,8.34511,2.09717,1140.47,543.814,47.5156,22.657,0.5374,0.25625,0.0,1,0.060261658,1.581628628,2.911264991428748
QAXROW_clean,5.17222,2.79399,5.15762,2.57186,0.0,0.0,625.899,243.364,0.4082,0.158718,0.0,0,0.004786559,0.373057103,0.4018274221062515
QETQIP_clean,10.92795,8.79806,10.92452,1.06487,1392.02,1307.22,0.0,0.0,0.584,0.548421,0.0,0,0.002537476,0.243657209,0.2515450840624987
QEZLIS_clean,4.06584,2.81221,4.06584,1.7273,0.0,0.0,62.6085,36.2464,0.3344,0.193596,0.0,1,0.006531016,0.405780159,0.5287751580849993
QIKYOA_clean,6.61593,4.14269,6.59132,1.04069,1590.42,1528.23,5.00662,4.81084,0.6008,0.577307,0.0,1,0.00451634,0.431902009,0.43590851877625103
QILBUK_clean,12.94588,7.66866,12.94473,0.72242,1683.33,2330.13,0.0,0.0,0.6926,0.958722,0.0,1,0.004003628,0.382288218,0.3984512024174981
QINSUD01_clean,4.98635,2.71915,4.96637,1.21853,0.0,0.0,771.383,633.045,0.5596,0.459243,0.0,0,0.003291721,0.318936116,0.3148156329324996
QIRBUQ_clean,4.95164,2.41396,4.95164,1.67235,0.0,0.0,563.606,337.014,0.441,0.263701,0.0,1,0.017828404,1.064003477,0.9704397902887476
QISJEJ_clean,3.99458,3.16501,3.97662,1.27475,0.0,0.0,267.778,210.063,0.497,0.389881,0.0,0,0.00562101,0.565179432,0.47475728175874954
QITHEG_clean,10.46553,8.48033,10.45832,2.62244,1360.27,518.702,0.830001,0.316499,0.623,0.237565,0.0,1,0.007238942,0.450794171,0.6290143198112521
QIWHEL_clean,6.23289,3.57497,6.23289,1.40383,1318.74,939.391,0.0,0.0,0.5748,0.409452,0.0,1,0.005444472,0.456974835,0.48550353815874764
QIWQES_clean,6.44452,4.39633,6.26218,0.848839,2656.63,3129.72,0.0,0.0,0.6752,0.795439,0.0,1,0.004873889,0.470796107,0.4530687892824993
QIYDAF01_clean,22.00141,13.57926,22.00141,0.303251,1702.79,5615.12,0.0,0.0,0.8664,2.85704,0.0,1,0.003286806,0.330054424,0.33252211658000086
QOGPIM_clean,12.64784,4.86083,12.64784,0.990851,1164.4,1175.15,1.09776,1.1079,0.5774,0.582731,0.0,0,0.003766499,0.286990087,0.35622478670125013
QOGREK_clean,3.84381,3.01611,3.81782,1.2003,0.0,0.0,257.405,214.451,0.5638,0.469716,0.0,1,0.001830758,0.181632117,0.1753407693387492
QOPDAA_clean,6.0704,5.11699,6.02102,2.06645,1282.32,620.541,0.0,0.0,0.5444,0.263447,0.0,0,0.014117493,0.964377135,0.991909053208752
QOTHOY_clean,6.37058,3.75017,6.31599,1.47166,1046.29,710.962,0.0,0.0,0.4758,0.323309,0.0,1,0.008679541,0.666992846,0.7067104044762493
QOZPEC_clean,8.63857,6.23662,8.63857,1.28191,1608.67,1254.89,0.0,0.0,0.6008,0.468674,0.0,1,0.004752785,0.454555165,0.4344663883087496
QUHYIB01_clean,4.99733,2.62512,4.97025,2.25496,0.0,0.0,454.849,201.71,0.4198,0.186167,0.0,1,0.003148732,0.25926115,0.28829818990750034
QUJWEZ_clean,5.27878,4.2771,5.21408,1.80309,2172.0,1204.59,0.0,0.0,0.6078,0.337087,0.0,1,0.012629649,1.046620855,1.0127942613687524
QULMOA_clean,10.26658,2.52105,9.84819,1.94283,0.0,0.0,819.672,421.897,0.4704,0.242121,0.0,1,0.020516263,0.526803479,1.1322462993112472
QUQGEP_neutral,5.04832,3.46231,5.04832,1.78813,230.047,128.652,0.0,0.0,0.3434,0.192044,0.0,0,0.000327517,0.031613389,0.032862712117500185
QUQQOJ_clean,4.48385,3.90246,4.48385,1.73709,680.126,391.531,0.0,0.0,0.355,0.204365,0.0,0,0.005924529,0.463857353,0.48799162456374895
QUQZOS_clean,6.02265,4.01043,6.02265,1.66025,709.739,427.49,0.0,0.0,0.3766,0.226834,0.0,0,0.062812635,1.509404726,2.3327063319437493
QURNOI_clean,8.6911,2.73304,8.67929,1.66812,0.0,0.0,1431.52,858.159,0.5676,0.340263,0.0,1,0.017477093,1.203677772,1.0882406931912503
QURPIE_clean,9.68581,3.59523,9.58953,1.29548,1821.83,1406.29,0.0,0.0,0.6368,0.491554,0.0,1,0.004571256,0.411892177,0.4282026805125004
QURPOK_clean,8.43298,2.62306,8.42176,1.65492,0.0,0.0,1428.39,863.118,0.5956,0.359898,0.000120852,1,0.003462703,0.315301716,0.3160994952487483
QUSSAA_clean,4.78,3.54213,4.78,1.57799,239.569,151.819,1.50875,0.956125,0.405,0.256656,0.0,1,0.00230036,0.183872672,0.21469687405249982
QUSSOO_clean,4.55358,3.93395,4.55358,1.57579,234.822,149.019,76.9833,48.8538,0.4096,0.259933,0.0,1,0.005946775,0.390917751,0.48745076145249977
QUTDAM_clean,11.27758,5.77514,11.27758,0.754326,2377.38,3151.67,0.0,0.0,0.7286,0.965895,0.0,1,0.00533048,0.500706881,0.48396104725374994
QUYRAF_clean,16.06771,5.96668,16.06771,0.833152,1556.39,1868.07,60.1595,72.2071,0.6812,0.817618,0.0,1,0.006641872,0.534971315,0.5989557919362504
RAHPAT_clean,17.3936,6.5256,17.3936,0.714443,2314.93,3240.19,0.0,0.0,0.7448,1.04249,0.0,1,0.005137442,0.509125404,0.469844001873749
RANCEQ_clean,14.1625,12.23837,14.01017,0.445038,1622.66,3646.11,0.0,0.0,0.8192,1.84074,0.0,0,0.002834058,0.26765812,0.2888976764912481
RAQVAG_clean,3.78774,3.34792,3.78774,2.68569,335.181,124.802,0.0,0.0,0.403,0.150055,0.0,1,0.094637254,2.077235155,1.8937617306324952
RARYUF_clean,4.80621,2.41408,4.77482,1.69084,0.0,0.0,549.928,325.24,0.4626,0.273592,0.0,1,0.002356682,0.20469009,0.21822816678375012
RAXBOJ_clean,5.29579,3.70027,5.04153,2.43966,1096.49,449.444,0.0,0.0,0.4662,0.191092,0.0,1,0.000963482,0.092240982,0.08978196818874955
RAYSAM_clean,3.82312,2.5258,2.99344,1.85576,0.0,0.0,99.873,53.8179,0.3842,0.207031,0.0,0,0.0022603,0.188680256,0.21736802242750064
RAZXIA01_clean,4.8504,3.67082,4.8504,1.69205,830.274,490.692,0.0,0.0,0.422,0.249402,0.0,1,0.00066684,0.061038086,0.06930397724999994
RAZXIA03_clean,4.50692,3.38148,4.50092,1.75194,425.045,242.614,0.0761344,0.0434572,0.4034,0.230259,0.0,1,0.000312251,0.030547622,0.030883383732500217
RAZXIA04_clean,4.36297,3.24134,4.36297,1.80861,0.0,0.0,288.663,159.604,0.3896,0.215414,0.0,0,0.000256151,0.023939555,0.025843690720000062
REFHUH_clean,3.95622,3.05422,3.93949,1.44861,0.0,0.0,147.397,101.751,0.416,0.287173,0.0,0,0.001022651,0.095191526,0.10106854661250055
REHHET_clean,8.42834,7.30081,8.42834,1.12746,2081.49,1846.18,0.0,0.0,0.6604,0.585741,0.0,1,0.007039658,0.59139145,0.6215805203950016
REHHIX_clean,9.35675,7.76923,9.35675,1.01818,2023.43,1987.3,0.0,0.0,0.682,0.669824,0.0,1,0.00400808,0.390265472,0.39795666881874825
REHHUJ_clean,8.23485,7.33998,8.22968,1.08218,2034.99,1880.45,0.0,0.0,0.6656,0.615052,0.0,1,0.005153415,0.456125204,0.4725124884112504
REHJAR_clean,7.47268,5.99613,7.46032,1.21053,2117.1,1748.91,0.0,0.0,0.6424,0.530679,0.0,1,0.008575192,0.715634954,0.7463931342099984
REHRON_clean,8.99143,2.90121,8.62908,1.65729,0.0,0.0,1298.2,783.327,0.594,0.358417,0.0,1,0.001120301,0.120179984,0.10952570504250007
REHTUV_clean,6.13519,4.41504,6.13519,1.61426,911.95,564.934,0.0,0.0,0.4392,0.272075,0.0,0,0.12826239,2.169316481,2.6800183648100018
REJLOI_clean,6.4215,4.94372,6.4215,1.82045,781.409,429.241,62.0655,34.0935,0.4872,0.267627,0.0,0,0.178420693,2.259692939,2.759472364002504
REKZIR_clean,4.70593,3.52651,4.70593,1.57273,262.668,167.014,0.0,0.0,0.3982,0.25319,0.0,0,0.001027085,0.094930633,0.1000866442512506
RESDUQ_clean,9.24485,8.42275,9.24485,0.921133,2004.83,2176.48,0.0,0.0,0.7082,0.768836,0.0,1,0.003089412,0.295427244,0.30234155688250075
RESZIA_clean,7.48231,5.79274,7.48231,1.22218,1603.95,1312.37,0.0,0.0,0.5772,0.472271,0.0,0,0.007897915,0.683797939,0.6840501983712488
RETVIW_clean,4.7226,4.53264,4.7226,2.05578,528.256,256.961,0.0,0.0,0.3428,0.166749,0.0,0,0.003793567,0.309239446,0.3264523380299987
REXCEE_clean,8.85943,5.8482,8.85943,1.43313,1724.93,1203.62,0.0,0.0,0.6248,0.43597,0.0,0,0.002935767,0.273810526,0.27966734106124896
REXGAE_clean,16.86752,8.38436,16.86674,0.654639,2227.03,3401.91,0.0,0.0,0.7522,1.14903,0.0,0,0.006540966,0.630559869,0.595894787471249
RIRDIH_clean,8.39897,4.41455,7.24132,1.53561,1235.4,804.498,0.0,0.0,0.537,0.349697,0.0,1,0.003798914,0.337615728,0.3477271950174988
RITGEI_clean,7.34363,6.78558,7.34363,2.03979,1347.27,660.495,0.0,0.0,0.5606,0.274833,0.0,1,0.000882343,0.084690534,0.08897629776624953
RITGUY_clean,7.95322,7.17933,7.95063,2.27911,1239.6,543.896,0.0,0.0,0.5128,0.225,0.0,1,0.001014777,0.097170648,0.1003838312300006
RIWNAO_clean,9.73357,7.77994,9.73357,1.04203,1469.46,1410.19,0.0,0.0,0.5926,0.568698,0.0,1,0.002206462,0.216265446,0.21305934557999986
RIZXUT_clean,7.69583,4.84743,7.69583,0.922947,3031.84,3284.95,0.0,0.0,0.745,0.807197,0.0,1,0.003470251,0.355517735,0.340961860248751
ROBYOY_clean,6.03272,4.74397,6.03272,1.27285,1432.72,1125.6,0.0,0.0,0.533,0.418745,0.0,1,0.021852219,1.475101983,1.433732221003752
ROKRIU_clean,8.86041,5.19195,8.86041,1.64666,1704.6,1035.19,0.0,0.0,0.5902,0.358422,0.000121458,1,0.64028987,3.533792912,2.8642094234749877
ROKROA_clean,10.11106,5.54962,10.11106,1.34908,2005.9,1486.87,0.0,0.0,0.6572,0.487146,0.0,1,0.124308318,2.985980814,2.858097519817487
ROMMAJ_clean,10.96057,3.9466,10.96057,0.96925,2139.32,2207.19,0.0,0.0,0.6522,0.672892,0.0,1,0.008219227,0.669670677,0.7263720436062491
RONSOE_clean,5.16012,4.53444,5.16012,1.3403,741.014,552.871,0.0,0.0,0.4724,0.352458,0.0,1,0.006318952,0.490919661,0.5336170705750002
ROQDIM05_clean,4.88585,2.55591,4.88585,4.27175,0.0,0.0,602.192,140.971,0.4578,0.107169,0.0,1,1.404952086,1.405874449,1.9212964007850086
ROQDIM06_clean,4.92235,2.59377,4.92235,4.27027,0.0,0.0,622.388,145.749,0.4634,0.108518,0.0,1,1.40499892,1.409373311,1.8723233313300083
ROQFUA08_clean,5.11464,2.76099,5.11464,4.00929,0.0,0.0,736.599,183.723,0.4616,0.115133,0.0,1,1.397081869,1.882376355,1.8969024538774997
ROQMER04_clean,4.90072,2.60095,4.90072,4.33983,0.0,0.0,618.438,142.503,0.4612,0.106271,0.0,1,1.40878348,1.409508435,1.8684895823012595
RORTID_clean,6.7434,4.28476,6.6178,0.994128,2119.38,2131.9,0.0,0.0,0.6284,0.632112,0.0,1,0.004022383,0.391037981,0.3986588596812485
RORTOJ_clean,6.66057,4.41092,6.52091,0.981543,2083.85,2123.04,0.0,0.0,0.6188,0.630436,0.0,1,0.003773816,0.363257263,0.3668605309050006
RORTUP_clean,6.59655,4.47032,5.86846,1.00477,2073.35,2063.5,0.0,0.0,0.6322,0.629197,0.0,1,0.004505139,0.411352512,0.4337457264925007
RUBTAK04_clean,8.73929,3.8669,8.73929,1.62446,1658.83,1021.16,0.0,0.0,0.5686,0.350023,0.000123118,0,0.007743434,0.641912311,0.6612548225075006
RUBTAK05_clean,8.72137,3.8551,8.72137,1.62254,1653.9,1019.33,0.0,0.0,0.5676,0.349822,0.000123264,0,0.007911146,0.646133786,0.6666430483387502
RUBTAK06_clean,8.7342,3.8432,8.7342,1.62392,1647.74,1014.66,0.0,0.0,0.5664,0.348785,0.000123158,0,0.007944115,0.640484606,0.6666264186437503
RUBTAK07_clean,8.72079,3.85677,8.72079,1.62392,1649.19,1015.56,0.0,0.0,0.5662,0.348662,0.000123158,0,0.007957016,0.648182886,0.6663039279987503
RUBTAK08_clean,8.7506,3.87613,8.7506,1.62628,1652.91,1016.38,0.0,0.0,0.5644,0.347051,0.00012298,0,0.007671045,0.635622383,0.6615188856525003
RUBTAK09_clean,8.7392,3.86679,8.7392,1.61914,1660.3,1025.42,0.0,0.0,0.5678,0.35068,0.000123522,0,0.007842341,0.641691561,0.6650954425125007
RUDPOW_clean,5.41076,4.66977,5.39738,2.71783,1184.38,435.783,0.0,0.0,0.5036,0.185295,0.0,1,0.001257778,0.122549929,0.12492775874750033
RUDQEN_clean,4.79367,3.5446,4.79367,3.37018,418.876,124.289,0.0,0.0,0.3644,0.108125,0.0,1,0.000927967,0.082908483,0.08706596862375042
RUDQOX_clean,6.05488,4.57305,6.02316,2.85352,852.525,298.763,0.0,0.0,0.4552,0.159522,0.0,1,0.00055664,0.05640025,0.05921537748624975
RUFPUF_clean,20.40507,9.35997,20.29085,0.359492,1749.6,4866.88,0.0,0.0,0.8282,2.30381,0.0,1,0.002953329,0.279987002,0.2913735688274988
RUFZOJ_clean,11.51038,11.00419,11.51038,0.791669,2046.48,2585.02,0.0,0.0,0.7196,0.908965,0.0,1,0.003079339,0.299406982,0.30263100023000017
RUGXIB_clean,4.1399,2.84773,4.11772,2.00796,0.0,0.0,191.788,95.5137,0.4334,0.215841,0.0,1,0.000712701,0.074008106,0.0691249271087502
RUGXIC_clean,7.96505,6.50737,7.96505,1.04427,2057.36,1970.14,0.0,0.0,0.6846,0.655575,0.0,1,0.009388348,0.846473959,0.8223442979562495
RUGXUO_clean,7.5603,5.17762,7.55823,1.1142,1759.63,1579.27,0.0,0.0,0.6178,0.554477,0.0,1,0.007593817,0.672049991,0.681217394602501
RUHDII_clean,4.00153,3.18469,4.00153,2.15,0.0,0.0,81.2723,37.8011,0.3944,0.183442,0.0,0,0.001464422,0.127923485,0.13292282238124975
RUKHAI_clean,10.70068,6.53435,10.70068,0.843497,2555.98,3030.22,0.0,0.0,0.7072,0.838415,0.0,1,0.004610363,0.432283206,0.4313020200650005
RULMUI_clean,10.9139,7.22994,10.52372,0.830637,1922.02,2313.91,0.0,0.0,0.6682,0.804443,0.0,1,0.003894812,0.374236116,0.3808483210287493
RUSWEJ_clean,3.37273,2.67927,3.37273,1.78861,0.0,0.0,1.44454,0.807631,0.3966,0.221736,0.0,1,0.000385062,0.038208046,0.035808124771250116
RUVRUX_clean,6.28259,3.22959,6.14002,1.79397,0.0,0.0,1191.27,664.041,0.5846,0.32587,0.0,1,0.0004404,0.043523154,0.04201061684749995
RUYKAZ_clean,7.28414,3.24137,7.2788,1.08415,0.0,0.0,1220.32,1125.6,0.541,0.499009,0.0,1,0.004872361,0.424895233,0.42371667150500203
RUYNEG_clean,5.93601,4.57289,5.91825,1.49496,1669.78,1116.93,0.0,0.0,0.5372,0.35934,0.0,1,0.004028304,0.364344605,0.3799865003499974
SABFUX_clean,6.52911,4.84223,6.42802,0.711336,2529.9,3556.55,0.0,0.0,0.724,1.0178,0.0,0,0.002782256,0.255764684,0.2806374861362502
SAJHUJ_clean,6.4139,3.72776,6.34123,1.44908,755.301,521.226,133.822,92.3491,0.5074,0.350152,0.0,0,0.009675826,0.712399678,0.7611944924800013
SAJRAW11_clean,6.97897,5.6407,6.97897,1.04077,2621.69,2519.0,0.0,0.0,0.728,0.699485,0.0,0,0.001282526,0.12931294,0.1297643861037513
SAKNOJ_clean,15.48179,8.59456,15.48179,0.827341,1070.73,1294.18,649.279,784.778,0.7024,0.848985,0.0,1,0.004257769,0.408351779,0.40488905733249864
SALROO_clean,8.67978,6.03579,8.67978,1.44387,1169.53,809.996,0.0,0.0,0.528,0.365683,0.0,0,0.009383822,0.661371404,0.7753904523950033
SALRUU_clean,5.91203,3.84839,5.91203,1.89218,897.906,474.535,26.6841,14.1023,0.5394,0.285068,0.0,1,0.003524701,0.315852042,0.32015796336374885
SAMVIO_clean,7.6401,7.16451,7.6401,1.03687,1572.96,1517.02,0.0,0.0,0.6052,0.583678,0.0,0,0.003337337,0.331351572,0.32870879022500077
SAMXUC_clean,6.3742,4.86898,6.3742,2.004,589.067,293.946,0.0,0.0,0.4238,0.211477,0.0,0,0.002075701,0.180342057,0.1972128744799998
SAMYAJ_clean,6.24825,4.80314,6.24825,2.02087,581.897,287.944,0.0,0.0,0.4242,0.209909,0.0,0,0.002011833,0.16975334,0.18553871192624996
SAMYEN_clean,6.31967,4.81898,6.31967,2.05928,578.696,281.019,0.0,0.0,0.417,0.202498,0.0,0,0.00206194,0.175853636,0.1968073708987498
SAMYIR_clean,6.27824,4.76913,6.27824,2.08893,574.788,275.159,0.0,0.0,0.4126,0.197517,0.0,0,0.002060329,0.172758956,0.1964642482562498
SANHEX_clean,6.59961,4.84606,6.59961,1.58966,1288.07,810.28,0.0,0.0,0.5242,0.329756,0.0,1,0.009807192,0.798708093,0.7905069868525024
SAPHOI_clean,7.22635,3.6325,7.22635,1.12288,1450.11,1291.42,116.271,103.547,0.6152,0.547876,0.0,1,0.008420852,0.736674571,0.7009822505612524
SARPIL_clean,6.09702,4.59857,6.00864,0.925107,3214.55,3474.79,0.0,0.0,0.7256,0.784342,0.0,1,0.005693561,0.555827263,0.5203273977799996
SAWJAC_clean,4.04365,3.16605,4.04365,1.66149,0.0,0.0,310.471,186.863,0.4034,0.242794,0.0,1,0.00101402,0.096663493,0.10066881511875043
SEHMAU_clean,4.17005,3.3234,4.07766,1.81975,474.19,260.58,7.01416,3.85447,0.467,0.256629,0.0,1,0.000660467,0.068261628,0.06753673769124993
SEHMIC_clean,4.11143,3.27966,3.9951,1.86068,0.0,0.0,449.989,241.841,0.4658,0.250338,0.0,1,0.000863002,0.081009795,0.08628116324499943
SEHMUO_clean,5.30907,3.99675,5.30907,1.52316,1317.75,865.142,3.37005,2.21254,0.567,0.372253,0.0,1,0.000810367,0.080021756,0.08043141720250004
SEHNEZ_clean,5.25288,3.93402,5.25288,1.60089,1259.27,786.607,0.906546,0.566275,0.553,0.345433,0.0,1,0.001061538,0.099096755,0.10343208580500046
SEJHAR_clean,4.83978,2.60297,4.83978,2.73299,0.0,0.0,459.841,168.256,0.455,0.166484,0.0,1,0.000465463,0.043843404,0.04508891978374998
SENQAE_clean,3.72532,3.51549,3.72532,2.76591,299.271,108.2,0.0,0.0,0.4234,0.153078,0.0,1,0.080278613,1.935576341,1.8689972580975003
SENWEP_clean,5.93538,3.31524,5.93538,1.23957,1558.32,1257.15,0.0,0.0,0.6436,0.519213,0.0,1,0.003775415,0.344761603,0.363138305140001
SERWET_clean,5.26286,3.5348,5.17332,1.00337,1282.88,1278.58,0.0,0.0,0.555,0.553137,0.0,0,0.012211868,1.009298104,0.9940781959875005
SERWIX_clean,5.07507,4.00874,5.06633,0.83188,1576.83,1895.5,14.3781,17.2839,0.6032,0.725105,0.0,1,0.008002567,0.71089467,0.6873015055937499
SESLUZ_clean,5.3028,4.79056,5.23858,2.17471,1211.49,557.081,0.0,0.0,0.5374,0.247113,0.0,1,0.004553044,0.409653255,0.4255631269999994
SETSUH_clean,12.36294,8.82747,12.35258,0.624621,2037.67,3262.24,0.0,0.0,0.779,1.24716,0.0,1,0.004765556,0.445345678,0.4269666395800006
SETTAO_clean,13.88196,10.03543,13.88196,0.534109,2056.79,3850.88,0.0,0.0,0.786,1.47161,0.0,1,0.003792817,0.378380098,0.3720176596737494
SETXIA_clean,9.22567,2.93401,4.70696,1.31966,0.0,0.0,739.825,560.616,0.5214,0.395101,0.0,1,0.006286563,0.531402319,0.5300777049375005
SICCAK_clean,5.45447,3.14537,5.43364,1.27061,0.0,0.0,624.132,491.205,0.4498,0.354002,0.0,0,0.0065927,0.479080022,0.5549394459287498
SINLAE_clean,6.69716,5.18096,6.69716,1.19378,889.708,745.285,0.0,0.0,0.5462,0.457538,0.0,1,0.002565109,0.240242156,0.24433806978000053
SITFUY_clean,18.15702,9.20943,18.15702,1.0054,1849.34,1839.41,0.0,0.0,0.7562,0.752141,0.000198926,1,0.024824326,1.444102807,2.140952847093749
SIVGAH_clean,5.64759,3.74556,5.63124,1.14128,1695.81,1485.89,0.0,0.0,0.6038,0.529056,0.0,0,0.006057008,0.566538972,0.5701270681462448
SOHMOS_clean,6.80627,6.22783,6.7969,1.81758,632.629,348.061,0.0,0.0,0.4536,0.249562,0.0,0,0.001905773,0.175457973,0.17837464262624966
SOKXIB_clean,11.6126,7.16546,11.6126,0.857146,1980.64,2310.74,0.0,0.0,0.706,0.823663,0.0,1,0.010421675,0.8056274,0.8597692204025009
SOKXOH_clean,22.96741,14.74434,21.68942,0.423627,1862.02,4395.43,0.0,0.0,0.8094,1.91064,0.0,1,0.003584085,0.360020865,0.35735477718375125
SONTEV_clean,5.43437,4.24948,5.43437,1.4845,1179.06,794.252,0.0,0.0,0.5352,0.360526,0.0,0,0.008376995,0.690977103,0.7086132068562477
SOPLIU_clean,8.00418,6.00384,7.95536,0.793634,2093.66,2638.07,0.0,0.0,0.6836,0.861354,0.0,1,0.003883139,0.382487859,0.37864006326874944
SOVHIU_clean,5.10052,4.091,5.08809,1.5478,1061.11,685.56,0.0,0.0,0.4806,0.310506,0.0,1,0.030851236,1.607130845,1.4781834520599983
SROXAL01_clean,5.2745,3.39347,5.26737,2.11965,405.976,191.529,0.0,0.0,0.354,0.167008,0.0,1,0.006498431,0.445713961,0.5316639477949995
SUKKOZ_clean,4.90478,3.3887,4.90478,2.82716,468.927,165.865,0.0,0.0,0.3192,0.112905,0.0,1,0.003726139,0.300785816,0.3265957405849981
SUKKUG_clean,11.3345,4.2895,11.3345,1.1764,1829.28,1554.98,0.0,0.0,0.6228,0.529413,0.0,1,0.03814811,1.848642232,2.0313521461125004
SUKMAO_clean,11.30925,3.93846,11.30925,1.19101,1863.9,1564.96,0.0,0.0,0.623,0.523084,0.0,1,0.051132907,1.655431081,2.11620666108375
SUNLAP_clean,15.71173,14.36824,15.70209,0.304225,1659.94,5456.29,0.0,0.0,0.8758,2.87879,0.0,1,0.003557352,0.364603187,0.34863998862500034
SUPQAW_clean,12.03938,6.80096,12.03938,0.533609,2437.56,4568.06,0.0,0.0,0.7952,1.49023,0.0,1,0.003235433,0.350403415,0.32198211908375074
SURHEU01_clean,8.7439,3.85039,8.7439,1.61905,1664.15,1027.86,0.0,0.0,0.5698,0.351935,0.000123529,0,0.007931214,0.66043305,0.6700909042150003
SURHEU02_clean,8.70584,3.84457,8.70584,1.62392,1646.48,1013.89,0.0,0.0,0.566,0.348539,0.000123158,0,0.007911146,0.64144931,0.6666264186437503
SURHEU_clean,8.75392,3.85708,8.75392,1.61914,1667.04,1029.58,0.0,0.0,0.569,0.351421,0.000123522,0,0.00819425,0.661528914,0.6792952019462491
SURKUN01_clean,8.71483,3.85255,8.71483,1.61835,1671.59,1032.9,0.0,0.0,0.581,0.359009,0.000123583,0,0.007804355,0.627461819,0.6701751970262508
SURKUN_clean,8.75193,3.87567,8.75193,1.61914,1674.22,1034.02,0.0,0.0,0.5708,0.352533,0.000123522,0,0.007839474,0.640319044,0.6688408881050006
SURLEY_clean,8.70904,3.84622,8.70904,1.62137,1669.72,1029.82,0.0,0.0,0.5792,0.35723,0.000123353,0,0.007842341,0.642543023,0.6701790832075005
SUSMIE01_clean,3.95995,2.90462,3.90339,1.58671,0.0,0.0,237.138,149.453,0.4094,0.258018,0.0,0,0.002999537,0.238851351,0.2806966451174998
SUXGUP_clean,6.64864,4.01399,6.50779,2.47221,406.702,164.51,0.0,0.0,0.3784,0.153062,0.0,0,0.003847374,0.191307345,0.32701819784249964
SUXNIJ_clean,5.64724,4.5438,5.64724,1.44554,1962.92,1357.92,0.0,0.0,0.566,0.39155,0.0,1,0.002761204,0.265006614,0.25891355496749935
TACFIN01_clean,4.01428,3.59259,3.98738,2.27761,410.969,180.439,0.0,0.0,0.4656,0.204425,0.0,1,0.009772602,0.730132675,0.7194610791950008
TACFIN02_clean,3.87987,3.33199,3.86933,2.53869,336.946,132.725,0.0,0.0,0.4738,0.186632,0.0,1,0.026788586,1.421214539,1.4447265668412523
TACQUK_clean,5.31454,2.6763,5.24674,2.0922,0.0,0.0,739.329,353.374,0.3938,0.188223,0.0,1,0.016017395,1.01822754,0.9054040310499968
TADWOM_clean,9.57231,6.35673,9.57231,0.87901,1890.37,2150.57,0.0,0.0,0.6552,0.745384,0.0,1,0.005228118,0.484951263,0.4731251621700002
TAJTOQ01_clean,3.80682,2.74199,3.80429,1.36597,0.0,0.0,72.1377,52.8108,0.477,0.349204,0.0,0,0.00062689,0.065870201,0.06255903556624982
TAJTOQ_clean,3.86191,2.88549,3.68526,1.35217,0.0,0.0,85.3373,63.1113,0.4918,0.363711,0.0,0,0.001599862,0.153585469,0.15197995243000056
TAJVOS_clean,3.99913,2.61525,3.86002,1.36677,0.0,0.0,260.689,190.733,0.4684,0.342705,0.0,0,0.008478404,0.580819912,0.6525211082712478
TAJWAF01_clean,3.92572,2.70526,3.33304,1.34969,0.0,0.0,234.804,173.969,0.475,0.351933,0.0,0,0.003253914,0.273475318,0.30504937630375023
TAJWAF02_clean,3.91878,2.72585,3.34938,1.34969,0.0,0.0,222.537,164.88,0.479,0.354897,0.0,0,0.002177487,0.193627575,0.20747416772125088
TAJWAF_clean,3.82198,2.8007,3.72683,1.34969,0.0,0.0,71.5559,53.0167,0.483,0.357861,0.0,0,0.00082641,0.090028232,0.08244755677624944
TANNUT_clean,3.94901,2.80773,3.94901,1.47598,0.0,0.0,251.923,170.682,0.4472,0.302986,0.0,1,0.001672423,0.165436777,0.15792971090375008
TAPLED_clean,7.07448,3.50364,7.07448,0.974588,1203.79,1235.18,0.0,0.0,0.5756,0.590608,0.0,1,0.002926641,0.284604485,0.2803317531912497
TAQYER_clean,2.96446,2.56782,2.96446,2.38883,0.0,0.0,0.0,0.0,0.2572,0.107668,0.0,1,0.0,0.0,3.8330091249999846e-05
TATSAK_clean,6.11386,4.64051,6.10962,1.23527,1692.68,1370.29,0.0,0.0,0.5696,0.461113,0.0,1,0.005208403,0.471886584,0.4697741857037503
TATYOF_clean,3.21314,2.93055,3.19474,3.53826,0.0,0.0,0.0,0.0,0.1584,0.0447678,0.0,1,0.000644597,0.057314868,0.06402723032749971
TAVSER_clean,4.68059,3.40871,4.58275,1.83044,1021.31,557.959,0.0,0.0,0.4762,0.260156,0.0,0,0.014184939,1.002566609,0.8975215714950002
TAWSUI_clean,5.20958,3.98928,5.17642,1.56152,1730.86,1108.44,0.0,0.0,0.6298,0.403324,0.0,0,0.007498979,0.652022944,0.655681037738751
TAZLAJ_clean,11.18983,6.92715,11.18534,1.0698,2252.1,2105.17,0.0,0.0,0.7314,0.683682,0.0,1,0.003332625,0.30410788,0.33481191138750077
TAZLEN_clean,11.08754,7.14784,11.07704,1.04748,2269.71,2166.83,0.0,0.0,0.7294,0.696338,0.0,1,0.003412078,0.307515864,0.3366982171150009
TEPJAB_clean,6.67857,6.1782,6.67857,1.3299,1357.69,1020.89,0.0,0.0,0.5186,0.389953,0.0,1,0.020765256,1.557015301,1.3679464484037547
TEQLIM_clean,10.57747,9.21067,10.57747,0.779734,1974.44,2532.19,79.8475,102.404,0.7166,0.919031,0.0,1,0.004495219,0.399237168,0.4263227303925008
TEQPEM_SL,17.25569,8.09715,17.25569,0.556792,2001.58,3594.84,0.0,0.0,0.8118,1.45799,0.0,0,0.00280219,0.271118642,0.2854775268012486
TEQVOC_clean,5.38838,3.99776,5.38838,1.49315,564.33,377.946,0.0,0.0,0.462,0.309413,0.0,1,0.001228861,0.11560532,0.11969054587250089
TERFED_clean,4.51281,3.91001,4.51281,1.28172,1102.17,859.911,0.0,0.0,0.5092,0.397278,0.0,1,0.00681301,0.596079643,0.5889064369662481
TEVHEJ_clean,16.64004,7.73442,14.83466,0.917293,1753.18,1911.25,0.0,0.0,0.6898,0.751995,0.0,1,0.010087497,0.741679642,0.8383300544012503
TILBIB01_clean,11.44433,8.3457,11.44433,1.69878,1777.66,1046.43,0.0,0.0,0.675,0.397344,0.0,1,0.002224836,0.200644764,0.2161630404075003
TILBIB_clean,11.40513,8.26354,11.20664,1.70628,1782.34,1044.57,0.0,0.0,0.6732,0.394542,0.0,1,0.002193487,0.20373759,0.21323289419125044
TILBOH_clean,10.18314,7.628,10.13419,1.75002,1957.7,1118.67,0.0,0.0,0.655,0.374281,0.0,1,0.001714132,0.167130347,0.16779464177375075
TILPUA_clean,9.51386,5.3168,9.51386,1.88137,1648.5,876.221,0.0,0.0,0.494,0.262574,0.0,0,0.215815974,0.920860844,2.883505885882497
TILWEQ_clean,6.50092,5.08477,6.48929,1.07548,2661.96,2475.15,0.0,0.0,0.732,0.680628,0.0,1,0.001421021,0.134810922,0.13969951127375066
TIPZOJ_clean,4.94343,3.60013,4.89104,2.53459,858.107,338.559,0.0,0.0,0.4532,0.178806,0.0,1,0.000936918,0.08636684,0.0879092952325
TIRKEM_clean,5.36618,3.48834,5.34699,1.18994,1111.28,933.894,0.0,0.0,0.4996,0.419854,0.0,0,0.004858922,0.441230607,0.43283478892125027
TIVYAZ_clean,7.74101,6.53754,7.72929,0.889175,2037.11,2291.01,0.0,0.0,0.6704,0.753957,0.0,1,0.003035975,0.299744287,0.2969931001362507
TIZFUF_clean,6.30882,2.90552,4.25192,3.83648,0.0,0.0,523.458,136.442,0.3496,0.0911251,0.0,1,0.000446061,0.041629037,0.041739221772499925
TOFLIL_clean,6.43035,3.58774,6.40263,1.17796,1255.08,1065.47,0.0,0.0,0.5356,0.454684,0.0,1,0.004824706,0.431054291,0.4295861269087503
TOHDAX_clean,7.20792,4.54762,7.18428,2.94358,462.695,157.188,0.0,0.0,0.3644,0.123795,0.0,0,0.025321682,0.59055884,1.2223990551262494
TOHDEB_clean,7.22857,4.58038,7.22827,2.56605,434.366,169.274,0.0,0.0,0.3352,0.130629,0.0,0,0.083190217,0.803376165,1.9582272350775003
TOHDIF_clean,7.9584,4.37442,7.95588,1.6586,595.351,358.948,0.0,0.0,0.3912,0.235862,0.0,1,0.007454233,0.473593309,0.6021704320862483
TOHMIO_clean,6.54925,4.9068,5.95185,1.44483,1653.85,1144.67,0.0,0.0,0.552,0.382052,0.0,1,0.009879869,0.811952541,0.8296232332812487
TOKKOV_clean,5.02498,3.26586,4.31205,1.69711,0.0,0.0,791.116,466.154,0.5054,0.2978,0.0,1,0.0058293,0.46555328,0.4984540773000001
TOKLEM_clean,5.5043,4.02182,5.5043,1.55856,1342.35,861.273,0.0,0.0,0.542,0.347756,0.0,1,0.002500211,0.239953279,0.24101993698000004
TOKLIQ_clean,5.64394,4.10563,5.64394,1.54661,1056.48,683.092,202.279,130.789,0.5414,0.350055,0.0,1,0.003400576,0.315682029,0.3160355784737496
TORXEE_clean,7.86941,5.48239,7.69217,1.35028,2044.61,1514.21,0.0,0.0,0.6322,0.468199,0.0,0,0.044028232,2.836878493,2.1597578265237543
TOTVEF_clean,6.00697,5.10202,6.00697,2.05406,380.973,185.473,0.0,0.0,0.3726,0.181397,0.0,0,0.001337926,0.114808241,0.1242113772637507
TOVHET_clean,10.32872,5.24629,6.09815,0.967713,1426.09,1473.67,625.967,646.851,0.653,0.674787,0.0,1,0.004915489,0.472397463,0.4441132309274998
TOWMEZ_clean,6.5888,3.15491,4.54687,2.30648,0.0,0.0,860.288,372.987,0.4604,0.199611,0.0,1,0.038373721,1.407679188,1.490304827164998
TUJGAI_clean,5.32704,3.96008,5.26461,1.93315,914.908,473.272,0.0,0.0,0.4616,0.238781,0.0,1,0.030748297,1.426787561,1.441420505050001
TURBUE_clean,11.84396,5.52264,10.5666,3.09865,733.123,236.594,594.714,191.927,0.5488,0.177109,0.0,1,0.020189886,0.775141492,1.352862582625002
TUWFUN_clean,8.62108,7.43537,8.53874,2.06451,1144.69,554.462,53.991,26.152,0.5416,0.262339,0.0,1,0.064233874,1.537327234,2.7712351909174946
TUYJII_clean,4.15574,3.24372,4.15574,1.33393,0.0,0.0,487.196,365.234,0.4638,0.347695,0.0,0,0.004390898,0.41302023,0.3989620040800028
UBACUX_clean,7.27569,3.40268,7.27569,1.19506,1324.35,1108.19,0.0,0.0,0.5504,0.460564,0.0,1,0.003055652,0.278152053,0.29546744112875023
UBAVUR01_clean,6.67608,2.94158,6.66964,1.46416,0.0,0.0,522.953,357.17,0.4274,0.291909,0.0,0,0.002260231,0.190602227,0.2205231760787495
UBAVUR02_clean,6.46419,2.85378,6.4626,1.50574,0.0,0.0,511.449,339.666,0.4154,0.275877,0.0,0,0.002581938,0.222898539,0.2387022419537502
UBAVUR_clean,6.8894,3.08352,6.8894,1.41698,0.0,0.0,514.737,363.263,0.441,0.311225,0.0,0,0.001636148,0.150605665,0.14794618955250083
UCAJUF_clean,14.57882,8.27004,14.57002,0.828014,1665.84,2011.86,0.0,0.0,0.6674,0.806025,0.0,1,0.003020173,0.305548175,0.29672035300124966
UDANIY_clean,23.87987,23.45836,23.87987,0.417441,1745.24,4180.81,0.0,0.0,0.8514,2.03957,0.0,1,0.003445082,0.337778941,0.3476079524400005
UDAWOO_clean,8.94112,6.16372,8.94112,1.6159,1728.13,1069.45,0.0,0.0,0.6422,0.397425,0.0,0,0.00191191,0.192248038,0.18764028760624957
UDAWUU_clean,8.53116,5.01319,8.49212,1.36238,1877.05,1377.77,0.0,0.0,0.6418,0.471089,0.0,1,0.001797243,0.176391283,0.17780615769499972
UDAXAB_clean,8.17384,5.7358,8.17384,1.76672,1717.58,972.191,0.0,0.0,0.62,0.350934,0.0,0,0.00215767,0.212438497,0.21093215724500028
UDAXEF_clean,8.6836,5.82923,8.6836,1.53432,1708.5,1113.52,0.0,0.0,0.6396,0.416861,0.0,0,0.001810884,0.178811214,0.17682010954124977
UDAXIJ_clean,8.72676,6.05316,8.72663,1.82268,1705.94,935.952,0.0,0.0,0.6218,0.341145,0.0,0,0.002032742,0.203891667,0.1933329738
UDIQII_clean,5.3997,3.7276,5.38981,1.60552,1283.87,799.661,0.0,0.0,0.5344,0.332851,0.0,1,0.00223735,0.206872291,0.21489933753125018
UFEXOT_clean,5.24877,5.07012,5.24877,2.41392,1168.03,483.873,0.0,0.0,0.46,0.190561,0.0,1,0.002413701,0.21791402,0.21797120571624917
UGEMOK_clean,14.34298,9.58261,14.33743,0.489073,1953.45,3994.18,0.0,0.0,0.8062,1.64842,0.0,1,0.003713425,0.357686725,0.3653414340987509
UGOCAW_clean,17.45578,5.12425,17.45578,1.074,2102.62,1957.74,0.0,0.0,0.744,0.692734,0.0,1,0.006634071,0.589569887,0.6021909485524999
UHOHEG_clean,4.68817,3.47721,4.68817,1.82306,575.778,315.83,0.0,0.0,0.3866,0.212061,0.0,0,0.026144257,1.303447484,1.3128832325212514
UJEGUL_clean,6.0532,4.88486,6.0532,1.5961,1140.46,714.525,0.0,0.0,0.4812,0.301484,0.0,1,0.008807737,0.712220277,0.709907748557499
UJUMUJ_clean,6.08665,2.65681,6.07529,1.20223,0.0,0.0,785.668,653.51,0.479,0.398427,0.0,0,0.010702623,0.807319999,0.8399853664712517
UKAZAI_clean,4.01402,2.89555,3.95242,1.98445,0.0,0.0,282.41,142.312,0.534,0.269092,0.0,1,0.00122724,0.122677418,0.12357635036749906
UKIQUB_clean,13.62192,8.69235,13.61731,0.709108,2139.96,3017.82,0.0,0.0,0.7494,1.05682,0.0,1,0.005576768,0.551115131,0.5165448056012489
UKOLOV_clean,5.31372,3.9852,5.29181,1.76596,1661.67,940.942,0.0,0.0,0.5196,0.29423,0.0,0,0.01143862,0.883711542,0.8753036825250018
UKOZOL_clean,8.601,5.96975,8.59565,0.875503,1724.5,1969.72,0.0,0.0,0.6152,0.702682,0.0,1,0.004280039,0.390939352,0.4203132791387491
ULILEI_clean,7.22603,5.77359,6.90295,1.4654,978.051,667.43,0.0,0.0,0.4894,0.333971,0.0,1,0.003911799,0.364974364,0.3573360678337494
ULOJUC01_clean,8.43303,5.90044,8.43303,1.86665,1700.1,910.775,0.0,0.0,0.62,0.332146,0.0,1,0.002359786,0.219667269,0.22031073356625014
ULOJUC_clean,8.56178,5.86238,8.56178,1.55968,1711.24,1097.17,0.0,0.0,0.6422,0.411751,0.0,0,0.001984484,0.196860489,0.19416560724374998
ULOKEN_clean,8.69136,6.12819,8.69136,1.41245,1732.73,1226.76,0.0,0.0,0.648,0.458778,0.0,0,0.001700342,0.164878323,0.1686900220262506
ULOKOX_clean,8.64627,5.79102,8.63931,1.45123,1704.6,1174.59,0.0,0.0,0.6308,0.434666,0.0,0,0.001842951,0.1735135,0.17922487256499964
ULOKUD01_clean,8.86248,5.68435,8.86248,1.87819,1722.41,917.059,0.0,0.0,0.631,0.335961,0.0,1,0.002127842,0.207281133,0.2056810738000006
ULOKUD_clean,8.99985,5.9392,8.99985,1.59852,1738.06,1087.3,0.0,0.0,0.6478,0.40525,0.0,0,0.001835497,0.181726962,0.17696949258374978
ULOLAK_clean,8.32335,5.93961,8.32335,1.44582,1721.43,1190.63,0.0,0.0,0.6254,0.432557,0.0,1,0.001808213,0.180569005,0.17794675145124958
ULOLUE_clean,5.37294,2.6354,5.33746,2.15302,0.0,0.0,503.684,233.944,0.4862,0.225823,0.0,0,0.003774945,0.280663247,0.32202400756249877
UMEKAA_clean,7.47808,5.74079,7.45471,0.904552,2404.59,2658.32,0.0,0.0,0.691,0.763914,0.0,0,0.005341239,0.536184339,0.48940565546624903
UMIZIB_clean,6.17523,5.02799,6.17017,1.45638,1635.51,1123.0,0.0,0.0,0.5482,0.376414,0.0,1,0.00367702,0.330250289,0.3521806915000008
UMOYOM01_clean,8.8085,5.25892,8.77749,0.621878,2962.67,4764.07,0.0,0.0,0.7408,1.19123,0.0,1,0.004280828,0.446267364,0.42225212187874933
UMOYOM02_clean,8.68301,5.26839,8.68301,0.613738,2959.15,4821.52,0.0,0.0,0.7366,1.20019,0.0,1,0.004388147,0.432563348,0.4269249500749994
UMOYOM04_clean,9.1769,5.34749,9.1769,0.570426,2833.6,4967.52,0.0,0.0,0.7508,1.31621,0.0,1,0.003886152,0.388462225,0.37901335796499935
UMOYOM09_clean,9.17279,5.31913,9.17279,0.580043,2871.76,4950.95,0.0,0.0,0.7526,1.29749,0.0,1,0.003901452,0.399392411,0.3799189948687493
UMOYOM12_clean,10.19907,5.488,10.19907,0.599366,2923.9,4878.33,0.0,0.0,0.7518,1.25433,0.0,1,0.004679945,0.455919081,0.43417077748749994
UMOYOM14_clean,7.70148,5.09259,6.16713,0.70962,2883.03,4062.77,0.0,0.0,0.6922,0.975452,0.0,1,0.00571295,0.55153986,0.5213998551824981
UMOYOM15_clean,7.15478,5.03775,6.09393,0.736061,2757.31,3746.04,0.0,0.0,0.6812,0.925467,0.0,1,0.005777209,0.561148142,0.5374520761012477
UMOYOM18_clean,7.82903,4.99743,6.01083,0.808894,2359.81,2917.33,0.0,0.0,0.6612,0.817412,0.0,1,0.006313923,0.605910048,0.5659080955162472
UMOYOM19_clean,7.41035,4.98889,5.86977,0.810504,2182.71,2693.03,0.0,0.0,0.6598,0.814062,0.0,1,0.00567317,0.545979909,0.519838554552499
UMOYOM_clean,8.83339,5.23908,8.83268,0.625162,2968.14,4747.79,0.0,0.0,0.7388,1.18177,0.0,1,0.004474598,0.447504511,0.43192558720999924
UNABOB_clean,8.55635,7.67109,8.55635,1.32288,1496.81,1131.48,0.0,0.0,0.604,0.45658,0.0,1,0.001971947,0.187107171,0.18909929049749974
UNIFII_clean,17.37115,8.63776,17.37115,0.586277,2129.19,3631.71,0.0,0.0,0.7812,1.33248,0.0,0,0.006709719,0.64827103,0.6024545177937498
UQEGEE_clean,4.10542,2.4692,4.10542,2.10966,0.0,0.0,111.474,52.8396,0.3882,0.18401,0.0,1,0.001009604,0.085712383,0.1012810804887509
UQETOB_clean,15.46668,6.67243,15.45862,0.75459,2172.96,2879.66,0.0,0.0,0.7356,0.974835,0.0,1,0.004677479,0.432876202,0.43096582724874904
URONOG_clean,3.49032,2.52381,3.47798,2.73195,0.0,0.0,11.1868,4.0948,0.3908,0.143048,0.00622267,1,0.000341251,0.026511653,0.033219651246250016
USAHAZ_clean,10.72389,9.68617,10.71468,0.687876,2071.59,3011.58,0.0,0.0,0.7326,1.06502,0.0,0,0.003851963,0.379827738,0.3742768864612496
UTULEB_clean,5.58337,4.79072,5.5596,1.57279,1503.83,956.154,0.0,0.0,0.6132,0.38988,0.0,0,0.005966417,0.522245479,0.5309591671037497
UVUCEV_clean,5.657,3.96658,5.657,1.45056,765.054,527.42,0.0,0.0,0.4608,0.31767,0.0,1,0.003670038,0.319278242,0.3396801152774984
UVUCIZ_clean,4.78953,2.47955,4.77147,1.53042,0.0,0.0,185.01,120.888,0.4068,0.265809,0.0,1,0.001246152,0.10903508,0.11908485789374997
UVUDEW_clean,6.20906,3.77817,6.20895,1.42467,471.884,331.225,0.0,0.0,0.4216,0.295929,0.0,1,0.001002102,0.092992856,0.09781411838875055
UVUDOG_clean,4.49553,2.40597,4.49129,1.6021,0.0,0.0,276.482,172.575,0.3942,0.246052,0.0,1,0.003661911,0.294934435,0.33316983921749727
UVUFIC_clean,4.23935,2.61208,4.23876,1.67153,0.0,0.0,45.5574,27.2549,0.3376,0.201971,0.0,1,0.000786996,0.071528831,0.07135582680249974
UVUQOT_clean,8.66574,6.53488,8.66574,1.9155,1736.06,906.321,0.0,0.0,0.6452,0.336831,0.0,0,0.002436013,0.240135963,0.22757615530624975
UXACAY_clean,5.42504,4.97343,5.42504,1.96219,875.799,446.337,0.0,0.0,0.4652,0.237082,0.0,1,0.000642682,0.060971762,0.06684608483249993
UXOHOG_clean,14.79373,10.72281,14.79373,0.578516,2056.55,3554.86,0.0,0.0,0.7892,1.36418,0.0,1,0.006346116,0.569590149,0.5679099628962478
UYAMIS_clean,6.90627,5.76616,6.90627,1.36836,1464.89,1070.55,0.0,0.0,0.5788,0.422989,0.0,1,0.002967123,0.287537932,0.28117269114124865
UYAMOY_clean,5.8975,3.62321,5.8791,1.25938,1494.83,1186.95,0.0,0.0,0.5682,0.451174,0.0,1,0.006172809,0.548601609,0.5578752805249974
UZIZOU_clean,6.4384,3.86623,6.37186,1.38228,1474.71,1066.87,0.0,0.0,0.5338,0.386174,0.0,1,0.00783014,0.67719526,0.66752150029625
UZOBAO_clean,6.41483,3.88704,6.41321,1.3729,1454.01,1059.08,0.0,0.0,0.533,0.38823,0.0,1,0.007492209,0.653414858,0.6565398705812503
UZOBES_clean,6.46877,3.94639,6.41724,1.36015,1483.33,1090.57,0.0,0.0,0.5374,0.395104,0.0,1,0.007662121,0.650217676,0.6624912841787503
UZOBIW_clean,6.4074,3.81156,6.4074,1.40821,1465.13,1040.42,0.0,0.0,0.5334,0.378779,0.0,1,0.008123255,0.707757871,0.6817566726224978
UZUXOE_clean,8.87136,4.51511,8.65617,2.4433,911.525,373.071,0.0,0.0,0.488,0.19973,0.0,1,0.002788499,0.229612741,0.26136039145249884
VABJUE_clean,4.79651,3.85588,4.7473,1.80377,818.587,453.821,0.0,0.0,0.4692,0.260123,0.0,0,0.29312128,2.80945443,2.7106558819525035
VABKAN_clean,25.15545,13.83989,25.12929,0.397099,1646.09,4145.29,0.0,0.0,0.8436,2.12441,0.0,1,0.00474723,0.455493268,0.4292033023374978
VABKER_clean,25.48776,13.70158,25.4679,0.386827,1629.94,4213.63,0.0,0.0,0.8474,2.19064,0.0,1,0.005199597,0.469140773,0.45856428563124807
VABLUG_clean,5.29392,2.48742,5.28394,1.35636,0.0,0.0,500.433,368.954,0.4984,0.367455,0.0,0,0.025350769,1.324645237,1.298565956447495
VABMAN_clean,5.373,2.75634,5.373,1.31124,0.0,0.0,564.148,430.241,0.5152,0.392911,0.0,0,0.018526686,1.1203233,1.0584203561837477
VABMER_clean,5.34754,2.94256,5.34606,1.30927,0.0,0.0,609.813,465.764,0.5212,0.398083,0.0,0,0.019602955,1.14873608,1.2031441596487453
VAGTAB_clean,4.79025,4.06778,4.70403,1.65742,967.077,583.482,0.0,0.0,0.4498,0.271385,0.0,1,0.021065136,1.128060195,1.2337018261987533
VAJGAR_clean,7.48888,5.337,7.48888,1.26111,1441.77,1143.26,0.0,0.0,0.5468,0.433587,0.0,1,0.018468131,1.486562905,1.2315039443737572
VAJTEH_clean,4.91266,3.88473,4.86323,1.37089,793.53,578.842,0.0,0.0,0.4266,0.311184,0.0,1,0.003660519,0.332184416,0.3434568635249979
VAJVEJ_clean,4.35318,3.61073,4.35318,1.60792,480.24,298.672,0.0,0.0,0.4216,0.262203,0.0,0,0.009948231,0.723856637,0.7467859534175022
VAKLIF_clean,8.6135,7.01422,8.60784,0.699177,2542.49,3636.41,0.0,0.0,0.7356,1.05209,0.0,0,0.004563583,0.430359283,0.43537735835625035
VAKNAZ_clean,6.16822,4.1914,6.16041,0.853713,2759.78,3232.68,0.668484,0.783032,0.701,0.821119,0.0,1,0.00364734,0.362155443,0.3589829502137515
VAKNED_clean,8.20051,6.12785,8.18994,0.772329,2469.12,3196.98,0.0,0.0,0.7288,0.943639,0.0,1,0.004398144,0.422059012,0.42870827034249864
VAKPOP_clean,8.58438,6.5725,8.58438,1.56452,1729.18,1105.24,0.0,0.0,0.644,0.411627,0.0,1,0.001832408,0.180184024,0.17711629528874964
VAKPUV_clean,8.42025,5.07912,7.45236,1.93014,1149.16,595.375,0.0,0.0,0.5226,0.270757,0.0,0,0.002040499,0.187504599,0.18780248392624976
VAKQAC_clean,8.53696,6.0247,8.53696,1.65887,1708.25,1029.77,0.0,0.0,0.6212,0.374472,0.0,0,0.002052,0.199029667,0.20225321115625064
VAKRIK_ion_b,5.52648,3.3986,5.46537,1.00169,1599.65,1596.95,0.0,0.0,0.6008,0.599784,0.0,1,0.003836847,0.377928305,0.36554068146625135
VAMQIJ_clean,4.87015,2.66146,4.86051,1.82613,0.0,0.0,851.567,466.323,0.5082,0.278293,0.0,0,0.005612689,0.471569874,0.4640137756612502
VAMYEQ_clean,10.0339,6.95835,10.02217,0.642755,2514.17,3911.56,0.0,0.0,0.7686,1.19579,0.0,1,0.003091068,0.32190417,0.3068717621475002
VAMYUG_clean,10.04314,6.94027,10.02007,0.640476,2529.62,3949.59,0.0,0.0,0.7656,1.19536,0.0,1,0.003200897,0.323928839,0.31649924972750093
VAMZER_clean,7.00413,5.41811,7.00325,0.798549,2577.99,3228.34,0.0,0.0,0.7048,0.8826,0.0,0,0.005287515,0.508379482,0.48771039491749896
VARHON_clean,6.75056,3.96368,6.747,0.886506,2055.95,2319.17,0.0,0.0,0.618,0.697119,0.0,0,0.00485994,0.491408219,0.44807905430624984
VARJAB_clean,6.78948,3.75665,6.78948,0.974046,1905.16,1955.93,0.0,0.0,0.5918,0.607569,0.0,0,0.011314147,1.027624256,0.9124011359662528
VECVUW_clean,13.25433,10.77774,13.25433,1.80334,770.078,427.028,489.233,271.292,0.5684,0.315192,0.0,1,0.002593859,0.226377495,0.24734877816125028
VEHJID_clean,7.11762,5.60328,7.11536,1.12292,1992.96,1774.8,0.0,0.0,0.6602,0.587929,0.0,1,0.004642914,0.449215652,0.44135231403375025
VEJYUF_clean,4.73964,2.40796,4.73127,1.30054,0.0,0.0,615.813,473.506,0.5646,0.434128,0.0,0,0.010992895,0.75751743,0.859415335260001
VEJZIU_clean,12.34505,7.48961,12.34505,0.843457,1880.34,2229.33,0.0,0.0,0.7078,0.839165,0.0,0,0.002680531,0.264215012,0.27353264182375076
VEJZOA_clean,14.85921,2.46019,14.79334,1.30437,0.0,0.0,1091.18,836.554,0.5336,0.409087,0.0,0,0.020890379,0.758473015,1.4923211564775003
VEJZUG_clean,14.90829,2.46019,14.79334,1.23911,0.0,0.0,1157.04,933.768,0.5206,0.42014,0.0,0,0.009842302,0.527227934,0.7834357418150029
VELBAQ_clean,8.45052,7.3406,8.18626,0.767479,2121.67,2764.47,0.0,0.0,0.657,0.856049,0.0,1,0.003804971,0.372403442,0.3704264985674992
VELVOY_clean,11.39286,3.40894,11.39286,0.949095,1469.34,1548.15,0.0,0.0,0.625,0.658522,0.0,0,0.003040536,0.304606463,0.30031069201875094
VEYREX_clean,4.77741,3.91091,4.77741,1.11908,1335.34,1193.25,0.0,0.0,0.5556,0.496481,0.0,0,0.003461251,0.341677528,0.33271147557375175
VEYREY_clean,13.03513,6.48008,13.03513,0.965562,1553.99,1609.42,0.0,0.0,0.6024,0.623886,0.0,1,0.002527545,0.239658095,0.25606276798374933
VEYWED_clean,5.64769,4.42932,5.33986,1.77082,1386.33,782.879,0.0,0.0,0.534,0.301556,0.0,1,0.002063924,0.196910458,0.20300128970500037
VIDJID_clean,10.67429,9.81504,10.67429,0.700095,2177.13,3109.76,0.0,0.0,0.7556,1.07928,0.0,1,0.006627349,0.640211922,0.5958284956437493
VIDVUB_clean,8.75776,6.77107,8.75514,0.887092,2407.2,2713.58,0.0,0.0,0.7368,0.830579,0.0,1,0.003147553,0.308700563,0.30962812692500097
VIDWAI_clean,4.26915,3.21318,4.18386,1.57071,0.0,0.0,1087.21,692.178,0.5068,0.322657,0.0,0,0.007158654,0.604345561,0.5960244032337502
VIDWIQ_clean,4.24829,3.73039,4.24829,1.1789,1222.26,1036.79,0.0,0.0,0.5174,0.438885,0.0,1,0.011957875,0.983655388,0.945184066542504
VIGDIY_clean,4.82892,4.12995,4.82892,1.46465,383.946,262.141,174.084,118.857,0.4494,0.30683,0.0,1,0.001567317,0.145457147,0.14850191030625026
VIJNIN_clean,13.61846,3.80879,13.61846,1.36353,1619.99,1188.09,0.0,0.0,0.651,0.477438,0.0,1,0.020729007,1.509261281,1.5512854992587517
VINHIL_clean,8.69628,7.0658,8.26649,0.82143,2395.2,2915.89,0.0,0.0,0.7364,0.896485,0.0,0,0.001614202,0.160736303,0.15976713012000138
VIWQUP_clean,8.69583,7.55321,8.68271,1.40125,1379.91,984.771,0.0,0.0,0.582,0.415343,0.0,1,0.002413999,0.219255893,0.22558827085375086
VIWRAW_clean,18.47685,6.99909,18.46157,1.33324,1894.12,1420.69,0.0,0.0,0.773,0.579791,0.0,1,0.001203202,0.115233903,0.12666711782875106
VIXLEU_clean,7.8432,2.68543,7.82835,1.38214,0.0,0.0,732.164,529.734,0.4718,0.341356,0.0,1,0.001252467,0.119649336,0.12101724015624984
VIXPUP_clean,10.93218,6.45029,10.92123,0.719071,2360.22,3282.31,0.0,0.0,0.7418,1.03161,0.0,1,0.003650063,0.375645167,0.3606781108800013
VIZMUO_clean,4.00771,3.04686,4.00214,1.36244,0.0,0.0,272.216,199.8,0.493,0.36185,0.0,0,0.01694417,1.14969437,0.9309989300200014
VOLRAQ01_clean,16.89388,11.18221,11.76527,0.561351,1860.71,3314.7,0.0,0.0,0.8394,1.49532,0.0,1,0.002417037,0.226830592,0.22806199199499996
VOMMAN_clean,3.92951,2.72653,3.92951,1.60537,0.0,0.0,142.036,88.475,0.3778,0.235335,0.0,0,0.006255204,0.482358595,0.511661877103752
VONDIN_clean,5.00802,4.09464,4.99228,1.6638,876.956,527.08,0.0,0.0,0.4756,0.285852,0.0,0,0.020261204,1.129909813,1.1901785324675025
VONDOT_clean,5.04789,4.53537,5.04607,1.46717,1023.41,697.539,0.0,0.0,0.4992,0.340246,0.0,0,0.010352322,0.753144317,0.8116001724787529
VONROH_clean,4.19663,3.48452,4.18843,1.78125,717.81,402.982,0.0,0.0,0.4498,0.25252,0.0,0,0.001885784,0.187066529,0.17135963663499928
VONRUN_clean,4.1199,3.4264,4.1125,1.98175,599.261,302.39,0.0,0.0,0.3996,0.20164,0.0,0,0.004034398,0.360593669,0.37273151733374926
VONSAU_clean,4.0476,3.39943,4.03063,2.04384,527.682,258.181,0.0,0.0,0.3906,0.191111,0.0,0,0.00366708,0.332448548,0.3270645977362475
VONSEY_clean,4.00973,3.3725,3.99178,2.10535,462.644,219.747,0.0,0.0,0.3914,0.185907,0.0,0,0.003471171,0.311241426,0.3207069393774978
VOPPAT_clean,5.20242,2.9043,5.17141,1.45879,0.0,0.0,566.576,388.387,0.4798,0.328902,0.0,1,0.013473654,0.897314069,0.8677592586874977
VOQXIK_clean,7.63858,6.07404,7.63858,0.724945,2355.92,3249.79,0.0,0.0,0.6782,0.935519,0.0,1,0.006803711,0.647632798,0.5998180479887502
VORHER_clean,12.85349,6.70722,12.85349,1.05413,1269.54,1204.35,279.236,264.897,0.6238,0.591768,0.0,1,0.006857104,0.605275674,0.6016179912225013
VOSVEG_clean,10.99131,5.30484,10.99131,1.00093,1319.63,1318.4,0.0,0.0,0.5658,0.565276,0.0,1,0.005423929,0.480355492,0.4867620446824993
VOSWIL_clean,8.9893,8.47778,8.9893,1.37751,1084.84,787.534,0.0,0.0,0.5664,0.411177,0.0,1,0.001612885,0.159315172,0.15731510157250142
VOVQEE_clean,6.4704,5.01157,6.4704,1.74606,2352.07,1347.07,0.0,0.0,0.6902,0.39529,0.0,1,0.00143458,0.142740093,0.14103327818125
VOXTUZ_clean,5.52627,4.64994,5.48747,1.37374,1663.89,1211.21,0.0,0.0,0.5974,0.434871,0.0,0,0.017850565,1.471417302,1.2443717675450083
VOXVAH_clean,5.92871,5.26453,5.92106,1.32162,1764.11,1334.81,0.0,0.0,0.577,0.436585,0.0,0,0.010399425,0.914396895,0.8647177331012492
VOZVEN01_clean,8.60338,5.56407,8.60338,1.89729,1645.79,867.444,0.0,0.0,0.6124,0.322776,0.0,1,0.002264727,0.219452327,0.21968498689250016
VUHMOC_clean,8.86845,5.72272,8.82422,2.14431,1625.98,758.274,0.0,0.0,0.6078,0.283447,0.0,1,0.002740392,0.253159174,0.25723290052749864
VUHMUI_clean,8.87676,5.75079,8.87676,1.84427,1683.0,912.558,0.0,0.0,0.6152,0.333574,0.0,1,0.00224662,0.220709103,0.21706086914375014
VUHNAP_clean,8.71036,5.62501,8.71036,1.76558,1678.94,950.928,0.0,0.0,0.6156,0.348667,0.0,1,0.001967967,0.192086028,0.19177011673125008
VUHNIX_clean,8.81529,5.64931,8.81529,1.82588,1710.58,936.85,0.0,0.0,0.6332,0.346791,0.0,1,0.002318373,0.225943481,0.22012654840500026
VUHNUJ_clean,8.53907,5.66104,8.53907,1.93709,1673.65,863.999,0.0,0.0,0.6264,0.323371,0.0,1,0.00239925,0.229677902,0.22510455948625005
VUHPAR_clean,8.76081,5.85765,8.76081,2.08964,1711.86,819.211,0.0,0.0,0.6134,0.293543,0.0,1,0.002711346,0.25771176,0.25815925695499836
VUHPOF_clean,8.70109,5.79132,8.70109,2.14093,1695.48,791.937,0.0,0.0,0.6248,0.291836,0.0,1,0.002853141,0.263341625,0.2774355310049991
VUHPUL_clean,8.94728,5.6499,8.90286,2.41515,1584.72,656.158,0.0,0.0,0.5904,0.244456,0.0,1,0.003196842,0.290314219,0.3018207663137505
VUJBIM_clean,18.70668,6.62188,18.70668,0.560742,2180.91,3889.33,0.0,0.0,0.7898,1.40849,0.0,1,0.003657301,0.358710189,0.36481604066250123
VUJBOS_clean,20.8835,7.6595,20.8835,0.516112,2139.35,4145.12,0.0,0.0,0.8006,1.55121,0.0,1,0.003693906,0.367994466,0.3652151408612512
VUKSIF_clean,5.75842,4.01754,5.72554,1.25557,1414.52,1126.59,0.0,0.0,0.5766,0.459233,0.0,1,0.005778832,0.528285349,0.5260369066175007
VUKYOR_clean,9.86874,5.55667,9.86874,1.6882,1708.97,1012.3,0.0,0.0,0.6318,0.374245,0.0,1,0.002720887,0.26842533,0.2605340747224987
VUKYUX_clean,9.90621,6.20444,9.90621,1.16134,1765.64,1520.35,0.0,0.0,0.648,0.557977,0.0,1,0.003033174,0.300111462,0.2952557950762493
VUMBOW_clean,6.23579,5.49714,6.23579,1.58729,766.396,482.833,0.0,0.0,0.4186,0.26372,0.0,1,0.001810456,0.166223084,0.1673774907174996
VUMCIQ_clean,5.27039,2.8211,5.26987,1.09167,0.0,0.0,716.213,656.068,0.4768,0.436761,0.0,0,0.006188993,0.532420547,0.5363319336425003
VUPFIX_clean,4.24106,2.75577,4.22988,1.9377,0.0,0.0,169.701,87.5784,0.3344,0.172575,0.0,1,0.002197431,0.184800444,0.20512600206625067
VURNED01_clean,7.81638,7.00072,7.81337,0.9879,2007.6,2032.19,0.0,0.0,0.656,0.664035,0.0,0,0.006563191,0.646647009,0.6036349741124998
VURNED02_clean,7.87329,7.03486,7.87329,0.983717,2012.0,2045.3,0.0,0.0,0.6568,0.667672,0.0,0,0.00659286,0.635860234,0.6106249636412511
VURNED03_clean,7.94238,7.07129,7.94238,0.98092,2013.05,2052.21,0.0,0.0,0.6562,0.668964,0.0,0,0.006474184,0.636394275,0.586412772783748
VURNED04_clean,8.54647,7.42523,8.453,0.946025,2088.66,2207.83,0.0,0.0,0.6716,0.709918,0.0,1,0.006398952,0.634008045,0.5731660778437475
VURNED_clean,8.28196,7.22796,8.27719,0.968429,2084.34,2152.29,0.0,0.0,0.665,0.686679,0.0,0,0.006480542,0.645127536,0.586785577151248
VUWROW_clean,7.68342,6.19716,7.66529,1.06352,2246.75,2112.57,0.0,0.0,0.6738,0.633558,0.0,1,0.006421503,0.6120739,0.5779688858662468
WAFKIY_clean,7.94426,7.06157,7.92163,0.97672,2030.81,2079.21,0.0,0.0,0.6618,0.677574,0.0,1,0.006533522,0.654511394,0.5975373711324992
WAGPOM_clean,6.05183,3.6671,5.75896,1.42859,1292.17,904.505,0.0,0.0,0.5478,0.383455,0.0,1,0.003254231,0.305762804,0.30621151795500173
WAGQAY_clean,23.95302,15.31723,23.95302,0.391691,1362.13,3477.56,0.0,0.0,0.858,2.1905,0.0,1,0.003336514,0.336936674,0.33520181299250074
WAHDIT_clean,5.64465,5.55803,5.64465,1.60299,480.063,299.48,0.0,0.0,0.2714,0.169309,0.0,1,0.000883088,0.085847925,0.08794913763499966
WAHROP_clean,5.95888,4.93789,5.95575,1.04375,1513.2,1449.77,0.0,0.0,0.5402,0.517556,0.0,1,0.00756786,0.626882215,0.681471230022501
WAKTOS_clean,5.69222,4.43155,5.69222,2.83189,703.861,248.548,0.0,0.0,0.4318,0.152478,0.0,1,0.000475022,0.04711756,0.04830843951249984
WANBIY_clean,8.87322,5.80038,8.86083,3.31848,884.025,266.395,0.0,0.0,0.4252,0.128131,0.0,1,0.000257206,0.024572627,0.026052003337499904
WANHAX_clean,11.35423,3.67445,11.35423,1.10812,1929.78,1741.49,0.0,0.0,0.6346,0.572682,0.0,1,0.008561697,0.658975311,0.7291880774112487
WANHEB_clean,11.27878,4.48127,11.27878,0.837758,2209.49,2637.39,0.0,0.0,0.6896,0.82315,0.0,1,0.007256746,0.618058314,0.6616844666950017
WANHOL_clean,11.33875,4.69312,11.33857,0.842421,2322.16,2756.54,0.0,0.0,0.7046,0.836399,0.0,1,0.005608611,0.516412576,0.5213386577674995
WANHUR_clean,11.34841,4.3749,11.34841,0.826694,2186.19,2644.5,0.0,0.0,0.6798,0.822311,0.0,1,0.0083643,0.725250137,0.7274228562624994
WANKOO_clean,5.43736,3.9967,5.34183,2.07196,667.58,322.197,0.0,0.0,0.439,0.211877,0.0,1,0.000968371,0.088496627,0.08998607247499972
WANNEH_clean,4.79977,4.11571,4.78874,1.39327,642.346,461.037,0.0,0.0,0.4326,0.310494,0.0,0,0.013949808,0.874955742,0.9055920171150005
WANNIL_clean,4.60008,4.02922,4.60008,1.40928,601.135,426.556,0.0,0.0,0.4274,0.303276,0.0,0,0.012327008,0.810088551,0.8355195573875016
WAPTAL_clean,6.59501,4.67756,6.50224,3.15641,1845.41,584.655,0.0,0.0,0.5866,0.185844,0.0,1,0.000347886,0.035453854,0.03503714810125007
WAPTEP_clean,6.48524,4.68827,6.48524,3.20545,1822.68,568.619,0.0,0.0,0.5808,0.181191,0.0,1,0.000354111,0.036280184,0.03532013017125006
WAPTIT_clean,6.42774,4.61196,6.42774,3.24584,1787.43,550.682,0.0,0.0,0.5752,0.177211,0.0,1,0.000340061,0.035627323,0.03406125419875013
WARFAY01_clean,7.74959,5.31367,7.74959,1.27773,2063.4,1614.89,0.0,0.0,0.6292,0.492434,0.0,0,0.062372008,3.455430962,3.085529752382499
WARFAY03_clean,7.76759,5.31247,7.76517,1.0919,2081.65,1906.44,0.0,0.0,0.64,0.586133,0.0,0,0.013423187,1.183746027,1.1039910033874958
WARFAY04_clean,7.8465,5.35942,7.8465,1.08487,2078.82,1916.18,0.0,0.0,0.6412,0.591037,0.0,1,0.012952276,1.146022053,1.0983950650549916
WARFAY05_clean,7.95711,5.4342,7.9468,1.06291,2099.4,1975.14,0.0,0.0,0.6506,0.612092,0.0,1,0.010289182,0.962320539,0.8904431635700013
WARFAY06_clean,8.02332,5.50953,8.02332,1.05728,2113.47,1998.98,0.0,0.0,0.6526,0.617247,0.0,1,0.010185819,0.94778221,0.887791364715001
WARXUL_clean,10.57389,6.77159,10.57389,0.735554,2346.78,3190.5,0.0,0.0,0.7338,0.997616,0.0,1,0.005040021,0.470619142,0.47385638625749915
WASMUB01_clean,9.01624,7.94736,9.01599,1.23478,1409.74,1141.69,0.0,0.0,0.5354,0.4336,0.0,0,0.020589188,1.259692475,1.476484383722504
WASMUB02_clean,7.51016,6.67264,7.50984,1.25015,1421.32,1136.93,0.0,0.0,0.5328,0.42619,0.000319962,0,0.015360225,1.04558138,1.174098910523757
WAVQIV_ion_b,9.9978,7.95845,9.98195,0.747982,2000.14,2674.04,0.0,0.0,0.7406,0.990131,0.0,0,0.00171384,0.174150999,0.17221984365625062
WAVRES_clean,14.9385,4.22033,14.9385,1.02521,1957.71,1909.57,0.0,0.0,0.681,0.664253,0.0,1,0.007325642,0.640183651,0.6666204762150011
WAVRIW_clean,14.37017,4.23835,14.37017,0.932664,1895.07,2031.89,0.0,0.0,0.6684,0.716657,0.0,1,0.010509093,0.923905776,0.873216511677502
WAZQIZ_clean,5.13597,3.56044,4.95178,1.22527,1000.27,816.366,27.2269,22.2211,0.4862,0.396809,0.0,1,0.003303888,0.319191046,0.31759111930250067
WEBJIY_clean,16.85961,16.29058,16.85961,0.987245,2036.71,2063.02,0.0,0.0,0.69,0.698915,0.0,1,0.005399081,0.494922389,0.483830990381249
WEBJUK_clean,18.31229,16.60062,18.31229,0.879226,2151.59,2447.14,0.0,0.0,0.7156,0.813897,0.0,1,0.005017951,0.480507844,0.44537002771874706
WEBKAR_clean,6.58265,5.73847,6.58265,0.935373,2650.07,2833.17,0.0,0.0,0.714,0.763331,0.0,1,0.003010937,0.313177238,0.2995243128462501
WEBKEV_clean,7.20719,5.75568,7.20441,0.992079,2555.25,2575.65,0.0,0.0,0.7294,0.735224,0.0,1,0.004929317,0.465663047,0.4609483422987492
WELTIR_clean,7.31149,3.32333,7.29754,2.01999,741.779,367.219,0.0,0.0,0.4254,0.210595,0.0,1,0.002661077,0.24038499,0.23880053754875102
WETPES_clean,11.77316,5.55523,10.53677,0.739178,2326.74,3147.73,0.0,0.0,0.723,0.978114,0.0,1,0.007124571,0.618077106,0.6336145473975007
WEXSEZ_clean,10.86576,4.1334,10.86576,1.02008,1886.77,1849.62,0.0,0.0,0.6346,0.622107,0.0,1,0.006231179,0.564880951,0.5657161408524967
WIBDAO_clean,3.72663,3.02173,3.54928,1.66902,0.0,0.0,80.5176,48.2425,0.4496,0.26938,0.0,0,0.001202948,0.119369908,0.12101779576624985
WIDTAF_clean,4.24329,3.2471,4.13637,1.66166,0.0,0.0,338.094,203.468,0.4088,0.246019,0.0,1,0.017258928,0.915436075,0.9390978464149985
WIFGUP_clean,3.52324,2.85906,3.52324,2.30811,0.0,0.0,6.44525,2.79243,0.2936,0.127204,0.0,0,0.0,6.77e-05,0.00012147923000000017
WIKGII_clean,9.6009,5.08261,9.6009,1.17729,1491.03,1266.49,0.448003,0.380537,0.5982,0.508115,0.0,1,0.001431212,0.140998357,0.1399000758512506
WIKLOT_clean,7.19858,6.30301,7.18221,1.72847,1512.87,875.263,0.0,0.0,0.6126,0.354417,0.0,1,0.001653158,0.161148845,0.16492392180375112
WIKNOU_clean,4.88854,2.95227,4.87249,1.60541,0.0,0.0,285.679,177.948,0.3792,0.236201,0.0,0,0.000736419,0.069272655,0.06927020515874943
WILGOO_clean,5.37661,2.60861,5.0078,1.77447,0.0,0.0,970.489,546.917,0.5204,0.29327,0.0,1,0.001878407,0.182558712,0.1708138923087499
WILGUV_clean,6.22461,4.37106,6.22248,1.2255,851.111,694.5,13.3986,10.9332,0.5122,0.417951,0.0,1,0.003041124,0.283488033,0.2910253272637504
WILNEL02_clean,5.03723,2.76061,5.01256,1.14685,0.0,0.0,748.317,652.496,0.5192,0.452717,0.0,0,0.014352019,1.189460999,0.9259248495749982
WILNEL_clean,5.01402,2.72435,4.98959,1.14726,0.0,0.0,748.266,652.218,0.52,0.453252,0.0,0,0.014041376,1.187526687,0.9252604218949984
WIRMUH_clean,6.40693,3.94167,6.40005,1.39129,1423.49,1023.14,0.0,0.0,0.589,0.423347,0.0,1,0.004033923,0.370205632,0.39007266719624867
WIRNAO_clean,4.60036,4.13679,4.36405,1.42758,1221.11,855.37,0.0,0.0,0.5356,0.375181,0.0,1,0.006359362,0.554606004,0.5571330506687476
WISKOA_clean,4.58598,3.62744,4.58598,1.24484,886.096,711.817,0.0,0.0,0.4842,0.388967,0.0,0,0.008305767,0.636960574,0.6932267304487455
WIVFIS_clean,9.45936,2.89438,9.45936,1.51852,0.0,0.0,1474.94,971.303,0.6072,0.399864,0.0,1,0.000996758,0.097277316,0.0985609811525001
WODREO_clean,5.44215,4.30539,5.37431,1.11963,1253.26,1119.35,133.185,118.955,0.53,0.473371,0.0,1,0.010282645,0.796420795,0.828218929538749
WOJYEB_clean,6.51403,4.00435,6.51403,1.51618,604.916,398.973,382.944,252.571,0.4892,0.322653,0.0,1,0.014747724,0.938118207,0.9141357058999964
WOJYIF_clean,6.35968,3.81807,6.35968,1.60067,550.71,344.05,382.392,238.895,0.4772,0.298125,0.0,1,0.017675121,1.005897196,0.987568277504997
WOJYOL_clean,6.3232,3.79224,6.3232,1.61626,545.369,337.426,378.847,234.397,0.4738,0.293146,0.0,1,0.018247437,1.022927749,0.999317175531247
WOJYUR_clean,6.03938,3.6829,6.03792,1.63755,514.016,313.893,377.608,230.593,0.4758,0.290556,0.0,1,0.016190457,0.952825844,0.9427116334899972
WOLROF_clean,12.0686,6.65136,12.0686,0.914878,2088.61,2282.94,0.0,0.0,0.7304,0.798358,0.000218608,1,0.003105495,0.287294022,0.30177280332125067
WOMFEK_clean,4.34613,3.85784,4.34613,3.20792,1369.21,426.822,0.0,0.0,0.4858,0.151438,0.0,0,3.493082919,3.91025362,2.3135110664174863
WONBAD_clean,5.26924,4.23427,4.80256,1.90066,2151.09,1131.76,0.0,0.0,0.5702,0.300001,0.0,1,0.010876164,0.923231178,0.8976205427662542
WOPGOZ_clean,4.2355,3.12847,4.1934,1.56536,0.0,0.0,57.818,36.9359,0.3504,0.223846,0.0,1,0.000512411,0.044998451,0.051853966842499696
WOPSAX01_clean,6.41964,5.04801,6.41948,1.99281,578.901,290.494,0.0,0.0,0.4564,0.229023,0.0,0,0.001772727,0.157385156,0.16555523655750023
WOXROQ_clean,3.84162,3.01598,3.83854,2.55537,0.0,0.0,137.936,53.9789,0.3394,0.132818,0.0,0,0.005611605,0.39087741,0.4355761814662483
WOYWIS_clean,7.51192,4.80683,7.51192,1.08065,1227.66,1136.03,0.0,0.0,0.5226,0.483596,0.0,1,0.007617581,0.609496378,0.6685540226050022
WOYWOY_clean,5.91166,4.30758,5.61164,1.12104,1432.33,1277.68,0.0,0.0,0.5304,0.473134,0.0,1,0.013694185,0.913490071,1.0663345901250012
WOZGOH_clean,4.71679,2.61969,4.60687,1.74223,0.0,0.0,137.988,79.2018,0.374,0.214667,0.0,1,0.000328239,0.029162274,0.033184810123749964
WUDYUR_clean,8.69789,3.96625,8.10914,2.39854,773.688,322.567,52.0496,21.7006,0.482,0.200956,0.0,1,0.003726182,0.242482636,0.32789726589624907
WUDZIG_clean,8.72668,5.79378,8.72668,2.05451,1701.57,828.212,0.0,0.0,0.6134,0.298563,0.0,1,0.002554753,0.239204643,0.2520372132074992
WUDZOM_clean,9.28496,5.45388,9.18547,2.06825,1601.94,774.537,0.0,0.0,0.6036,0.291841,0.0,1,0.002558973,0.241257495,0.2491069744412497
WUGPUL_clean,11.44375,6.32835,11.44375,0.724468,2369.18,3270.23,0.0,0.0,0.743,1.02558,0.0,1,0.005710636,0.535021398,0.523155195806249
WUHHUC_clean,4.57477,3.11892,4.57477,1.36183,0.0,0.0,347.041,254.834,0.473,0.347327,0.0,0,0.007400804,0.60402687,0.6143456333287475
WUHJAK_clean,4.55812,3.15616,4.55812,1.37549,0.0,0.0,347.097,252.344,0.4734,0.344168,0.0,0,0.007442087,0.641258385,0.6134789177612475
WUJPIC_clean,6.8358,6.48385,6.8358,1.24403,1197.74,962.797,0.0,0.0,0.5018,0.403368,0.0,0,0.006172095,0.550468585,0.5479987869637493
WUTCET_clean,6.18745,5.18464,6.17096,1.11984,1387.44,1238.96,0.0,0.0,0.5566,0.497034,0.0,0,0.006062012,0.539672854,0.5654413255499982
WUXMAD_clean,3.83437,3.24506,3.8301,2.7164,0.0,0.0,191.908,70.648,0.3748,0.137977,0.0,0,0.002523439,0.205222027,0.23744736080125006
WUXMIL_clean,3.85586,3.1998,3.85586,2.71709,0.0,0.0,209.169,76.9827,0.368,0.135439,0.0,0,0.002705471,0.228482982,0.24190997587249977
WUXYIZ_clean,3.37355,2.98631,3.36114,1.70887,0.0,0.0,0.849339,0.497019,0.228,0.133422,0.0,1,0.000717842,0.073952752,0.06825334394874988
WUXYUL_clean,3.5191,2.61206,3.15401,1.60264,0.0,0.0,15.152,9.45438,0.2734,0.170593,0.0,1,0.000604756,0.058752747,0.06012497519624951
WUXZAS_clean,3.62559,3.28526,3.61372,1.5914,0.0,0.0,123.322,77.4927,0.2856,0.179465,0.0,1,0.002408568,0.230360957,0.2242311057212502
XACYAB_clean,7.43204,5.86087,7.43204,1.12122,1692.73,1509.71,0.0,0.0,0.5724,0.510514,0.0,1,0.017671103,1.374728196,1.2567810871025042
XADGIU_clean,4.22963,2.55446,4.21972,2.80971,0.0,0.0,215.88,76.8335,0.4548,0.161867,0.0,1,0.000609609,0.056952834,0.06121177326374978
XAKLIH_clean,6.02466,3.88519,6.02146,1.3674,1040.09,760.632,0.0,0.0,0.5138,0.375749,0.0,1,0.013589616,0.932525176,0.9566463674162516
XAKZEP_clean,11.84752,7.82774,11.74488,0.869535,1611.99,1853.86,0.0,0.0,0.6302,0.724755,0.0,1,0.004237607,0.374460832,0.4073641466149985
XAMDOF_clean,4.11625,3.21622,4.10285,1.19417,0.0,0.0,502.911,421.138,0.4922,0.412168,0.0,0,0.012055552,1.071443138,0.8569937765562511
XANMUX01_clean,7.00841,6.87174,7.00841,1.1901,1390.91,1168.73,0.0,0.0,0.6142,0.516091,0.0,0,0.002201566,0.223145652,0.21279407690125
XANMUX02_clean,7.02628,6.85841,7.02628,1.18485,1425.51,1203.11,0.0,0.0,0.615,0.519053,0.0,0,0.002301202,0.218608396,0.22125098588624975
XANMUX03_clean,7.92851,7.20939,7.92851,0.942982,1648.65,1748.33,0.0,0.0,0.6634,0.703513,0.0,1,0.002766758,0.276430306,0.27151258953874946
XANMUX04_clean,8.11715,7.85164,8.1162,1.15587,1357.98,1174.85,0.0,0.0,0.6136,0.530856,0.0,0,0.002533046,0.248010508,0.2520183119424988
XANMUX05_clean,7.96785,7.76541,7.96785,1.15351,1457.83,1263.82,0.0,0.0,0.6284,0.544772,0.0,0,0.002661423,0.255711199,0.2617532155874993
XANMUX06_clean,7.89402,7.78212,7.89402,1.16156,1545.11,1330.2,0.0,0.0,0.6286,0.541169,0.0,0,0.00328223,0.327834035,0.32424462956125116
XANMUX07_clean,8.08658,7.93125,8.08658,1.12874,1428.77,1265.81,0.0,0.0,0.627,0.555487,0.0,0,0.002454487,0.25467652,0.23045778639624967
XANMUX08_clean,7.80034,7.66637,7.80034,1.1623,1830.3,1574.73,0.0,0.0,0.6326,0.544267,0.0,0,0.00952479,0.842306817,0.8081709533874986
XANMUX_clean,7.22549,7.05144,7.22549,1.16648,1435.38,1230.52,0.0,0.0,0.6128,0.525341,0.0,0,0.002214978,0.222561251,0.21599102063624975
XANZAQ01_clean,7.80283,7.09635,7.80283,0.978047,1597.51,1633.37,0.0,0.0,0.6454,0.659886,0.0,1,0.002664285,0.269431196,0.26853286104374896
XANZAQ02_clean,7.78654,7.07621,7.78654,0.976673,1600.7,1638.93,0.0,0.0,0.6466,0.662043,0.0,1,0.002573728,0.260550245,0.25840149021499914
XANZAQ03_clean,8.31524,7.66858,8.31524,0.918646,1605.96,1748.18,3.17356,3.45461,0.6742,0.733906,0.0,1,0.002501811,0.254012029,0.2522482843487489
XANZAQ04_clean,8.34862,7.90874,8.34862,0.946048,1600.25,1691.51,0.0,0.0,0.6642,0.702079,0.0,1,0.003338697,0.341984112,0.33077601828125053
XANZAQ05_clean,8.47885,8.09304,8.47885,0.942478,1573.71,1669.76,0.0,0.0,0.6686,0.709407,0.0,1,0.003295802,0.33039757,0.3265202756512511
XANZAQ06_clean,8.35756,7.91059,8.35756,0.939122,1667.31,1775.39,0.0,0.0,0.6656,0.708747,0.0,1,0.00356509,0.351192339,0.34373555040875026
XANZAQ07_clean,8.40037,8.01066,8.40037,0.935791,1631.15,1743.07,0.0,0.0,0.6708,0.716827,0.0,1,0.003529344,0.339696354,0.34118553640500027
XANZAQ08_clean,8.39367,7.99618,8.39367,0.933711,1580.24,1692.42,0.0,0.0,0.662,0.708999,0.0,1,0.003055111,0.315784514,0.3010110653437509
XANZAQ_clean,8.11701,7.49064,8.11701,0.931625,1637.23,1757.39,0.0,0.0,0.6638,0.712518,0.0,1,0.00293119,0.28869841,0.28588629014750044
XEJBUL_clean,4.32813,2.43484,4.32813,1.4031,0.0,0.0,137.406,97.93,0.359,0.255862,0.0,1,0.001425959,0.133144423,0.13061721785750013
XEKJON_clean,6.22254,5.56439,6.21747,1.67319,360.472,215.439,737.24,440.618,0.5436,0.324888,0.0,1,0.07120176,2.402191345,2.6573612403037505
XEKJUT_clean,6.56629,6.19348,6.55947,1.65134,406.62,246.236,825.001,499.594,0.5444,0.329671,0.0,1,0.113787035,2.645562977,2.761681818652503
XEMHOM_clean,4.79162,4.0639,4.76831,2.00034,450.789,225.357,0.0,0.0,0.3928,0.196367,0.0,1,0.00137168,0.123830872,0.12527685508375014
XEVHAJ_clean,7.08125,4.36352,7.08125,2.15613,620.602,287.831,5.49694,2.54944,0.4444,0.20611,0.0,1,0.010569011,0.658643826,0.7642899329925025
XEVHEN_clean,7.0561,4.39865,7.0561,2.14212,620.087,289.474,2.73628,1.27737,0.4452,0.207832,0.0,1,0.010033663,0.651761749,0.7501933745750022
XIDMED_clean,11.48793,10.50283,11.48793,1.21119,1624.17,1340.97,0.0,0.0,0.653,0.53914,0.0,1,0.004256088,0.400400298,0.40399307681999985
XIFLUV_clean,4.05748,3.15918,4.05748,2.78649,0.0,0.0,96.3149,34.5649,0.2758,0.0989774,0.0,1,0.098130946,0.993813557,0.8772114449325066
XIGLOQ_clean,4.42386,2.76202,3.96285,1.79107,0.0,0.0,254.279,141.97,0.4716,0.263306,0.0,0,0.063898263,2.034412952,2.1535639475337582
XIJPAI_clean,4.67535,2.63099,3.47152,1.6563,0.0,0.0,120.593,72.8091,0.4438,0.267947,0.0,1,0.000262299,0.027470921,0.025736530923749914
XILDUT_clean,5.33112,3.97403,5.33043,1.32579,1407.65,1061.75,0.0,0.0,0.5238,0.395087,0.0,1,0.003084041,0.296050664,0.2880905930399998
XINXAV_clean,5.04481,3.01766,5.04481,1.31276,0.0,0.0,1107.07,843.312,0.5386,0.410281,0.0,1,0.003998785,0.356287094,0.3694960193412505
XISDIO_clean,6.55204,4.74257,6.53063,1.07527,2036.27,1893.72,0.0,0.0,0.5936,0.552046,0.0,1,0.007129751,0.663548939,0.6435881602550018
XISDOU_clean,6.57708,4.78728,6.57708,1.06399,2038.67,1916.06,0.0,0.0,0.598,0.562035,0.0,1,0.007065017,0.64649804,0.6255710330437513
XISDUA_clean,6.54816,4.77769,6.53027,1.05483,2022.76,1917.62,0.0,0.0,0.5918,0.561039,0.0,1,0.007037622,0.643661776,0.6243131055475017
XIVVEF_clean,7.94651,5.43115,7.90631,1.14535,2097.38,1831.21,0.0,0.0,0.648,0.565766,0.0,0,0.014116788,1.252763678,1.111986105311247
XIZJEW_clean,5.72446,3.86989,5.72446,1.71463,866.46,505.333,0.0,0.0,0.4918,0.286825,0.0,1,0.005851907,0.453162274,0.5079249575874996
XOBDUO_clean,5.3269,4.72459,5.3269,2.12953,807.052,378.982,0.0,0.0,0.4734,0.222303,0.0,1,0.000667672,0.064831327,0.06892617248624992
XOCQUD_clean,6.93402,4.62894,6.60917,2.15591,497.721,230.864,0.0,0.0,0.4174,0.193607,0.0,1,0.000697315,0.065441461,0.06784745575625034
XODNUB_clean,4.71915,3.55393,4.43069,2.13543,453.661,212.445,0.0,0.0,0.405,0.189657,0.0,1,0.001208732,0.107457257,0.11804981085250037
XOFGEG_clean,20.28017,4.1755,10.09474,0.997235,1823.44,1828.5,0.0,0.0,0.6744,0.67627,0.0,1,0.003789432,0.365014091,0.36732681537749995
XOMCUZ_clean,5.38174,3.9098,5.38174,1.47361,430.645,292.238,0.0,0.0,0.4026,0.273206,0.0,1,0.002121324,0.171075869,0.2004722424712502
XOMHEO_clean,6.80967,5.57312,6.80967,1.28307,2168.4,1690.01,0.0,0.0,0.6202,0.483373,0.0,1,0.011991119,0.97313703,0.985554729910001
XOMHIS_clean,8.65147,5.97828,8.65147,0.851979,2400.52,2817.58,0.0,0.0,0.7112,0.834762,0.0,1,0.006499103,0.616152338,0.5861116521112476
XOMNEU_clean,4.40246,3.57141,4.39113,1.21453,547.741,450.992,0.0,0.0,0.4748,0.390935,0.0,1,0.013375311,0.950188824,0.9050506502175014
XONLES_clean,15.50229,14.17026,15.50229,0.301134,1628.27,5407.15,0.0,0.0,0.8756,2.90768,0.0,1,0.003614524,0.369842341,0.35569258491375133
XOPJAO_clean,5.14318,3.48639,5.12605,1.24253,772.666,621.85,0.0,0.0,0.4474,0.360072,0.0,0,0.013359808,0.90686361,0.9134641149100008
XOPVOO_clean,4.09166,3.62442,4.09166,3.20829,862.369,268.794,0.0,0.0,0.381,0.118755,0.0,0,3.371133749,3.635629526,2.1988956135612328
XOSQOL_clean,4.34875,3.15485,4.32599,2.31956,0.0,0.0,384.595,165.805,0.4738,0.204263,0.0,1,0.006747445,0.53686851,0.5451422623099993
XUDPET_clean,10.18322,6.79896,10.18322,0.665226,2463.75,3703.63,0.0,0.0,0.7644,1.14908,0.0,1,0.005008442,0.464801391,0.46987106527999756
XUDPOD_clean,11.07776,6.90892,11.06925,0.552172,2378.06,4306.74,0.0,0.0,0.786,1.42347,0.0,1,0.003478746,0.339380126,0.34942967062375047
XUDVAV_clean,5.42467,3.9439,5.412,1.23408,1178.81,955.215,0.0,0.0,0.5312,0.430443,0.0,1,0.009822859,0.79860544,0.8132810647662501
XUFWAX_clean,9.60874,4.78534,9.60874,0.893517,2297.37,2571.16,0.0,0.0,0.6758,0.756337,0.0,1,0.009942248,0.767147044,0.862155645998751
XUFWEB_clean,9.5945,4.99884,9.5945,0.890162,2322.94,2609.57,0.0,0.0,0.6808,0.764805,0.0,1,0.009997211,0.77725011,0.8680036854750012
XUFWIF_clean,10.42496,6.51739,10.42496,0.851444,2291.0,2690.72,0.0,0.0,0.7078,0.831294,0.0,1,0.009085984,0.715608065,0.8145119643600002
XUFWOL_clean,8.86169,4.66441,8.08173,1.05576,1862.91,1764.52,0.0,0.0,0.6108,0.578541,0.0,1,0.013897062,1.108114224,1.0934482023562477
XUFYEE_clean,16.79092,3.56449,16.79092,0.69015,1946.61,2820.56,0.0,0.0,0.6888,0.998044,0.0,1,0.005906838,0.546455977,0.5503315803837462
XUGHAK_clean,5.29389,3.09331,5.29389,1.2574,0.0,0.0,918.908,730.803,0.4968,0.395102,0.0,1,0.009438227,0.739885645,0.7810180126137517
XUHCAG_clean,3.98653,3.34166,3.98653,1.64264,186.984,113.831,0.0,0.0,0.359,0.21855,0.0,1,0.003488074,0.246944702,0.3223319034462473
XULFOA_clean,4.83964,3.12189,4.83964,1.55306,0.0,0.0,312.947,201.503,0.4036,0.259874,0.0,1,0.031519496,1.007121658,1.1394387295749997
XUMNAW_clean,8.02798,7.30674,8.02798,0.898114,1523.34,1696.15,0.715304,0.796451,0.6172,0.687218,0.0,1,0.006287564,0.53083604,0.5601451783925
XUQWEL_clean,4.42998,2.64357,4.42998,2.55603,0.0,0.0,463.695,181.412,0.4248,0.166195,0.0,1,0.007390879,0.487658213,0.564780010323745
YABHIV_clean,17.95239,10.63646,17.95239,0.600011,2087.15,3478.52,0.0,0.0,0.8014,1.33564,0.0,1,0.00358359,0.357735565,0.35760566599500165
YAFJEX_clean,11.02926,6.06332,11.02908,0.831573,2433.8,2926.74,0.0,0.0,0.7192,0.864866,0.0,1,0.010553873,0.89483571,0.8835481208337519
YAGHAS_clean,6.63776,6.21846,6.62662,1.46892,366.493,249.498,251.846,171.449,0.4672,0.318056,0.0,1,0.004503267,0.396327162,0.41557981885250095
YAGHUM_clean,10.9533,4.13648,10.9533,0.807681,2413.25,2987.87,0.0,0.0,0.7156,0.885993,0.0,0,0.003656147,0.339985767,0.35830550686625107
YAHWAI_clean,8.53821,5.48688,8.53821,1.65002,1657.02,1004.24,0.0,0.0,0.6194,0.375389,0.0,1,0.002064129,0.205597794,0.20585451932500054
YAMYUJ_clean,11.40914,7.79047,11.40914,0.884889,1812.52,2048.3,0.0,0.0,0.6938,0.784053,0.0,1,0.007967604,0.6613766,0.6843784792537511
YAPTIT_clean,6.99254,5.10549,6.94978,0.718293,1959.91,2728.57,0.0,0.0,0.632,0.879864,0.0,1,0.005754391,0.562825887,0.5354242120937482
YAQZAT_ion_b,3.82212,2.95877,3.8032,2.64058,0.0,0.0,118.472,44.8659,0.4356,0.164964,0.0,0,0.0001091,0.011029594,0.011507402783750054
YARBIE_clean,4.91122,3.52707,4.65913,1.29542,529.055,408.404,0.0,0.0,0.4438,0.342591,0.0,0,0.01452986,0.846191271,0.9108049553125004
YARGOP_clean,8.11383,5.17636,8.11364,0.914073,1890.45,2068.16,0.0,0.0,0.6398,0.699944,0.0,0,0.00495111,0.46772192,0.4527858988337481
YARXEX_clean,15.39876,13.65401,15.39876,0.988783,1419.77,1435.87,0.0,0.0,0.712,0.720077,0.0,1,0.0015208,0.136520664,0.15248235792250095
YARZEZ01_clean,5.61977,4.05885,5.24298,1.02873,1985.67,1930.22,0.0,0.0,0.6746,0.655761,0.0,0,0.002541478,0.248010523,0.2554457111199993
YASVUM_clean,7.50043,5.49919,7.38492,0.881793,2738.41,3105.5,0.0,0.0,0.7254,0.822642,0.0,1,0.0069041,0.68128235,0.5904933683837491
YATVUN_clean,10.83921,9.14744,10.55157,0.903963,1890.69,2091.55,0.0,0.0,0.6694,0.740517,0.0,0,0.010598597,0.963280229,0.8854268421337512
YATWAU_clean,10.70688,9.04659,10.70688,0.923872,1892.37,2048.31,0.0,0.0,0.6612,0.715683,0.0,0,0.01088464,0.992954768,0.9119071802287525
YEFNIG_clean,7.00427,5.66417,7.00427,1.03301,2659.19,2574.21,0.0,0.0,0.7456,0.721774,0.0,0,0.001259443,0.128907552,0.12940143409625124
YEFPAA_clean,6.99143,5.65004,6.99143,1.03721,2660.09,2564.66,0.0,0.0,0.745,0.718274,0.0,0,0.001213278,0.128891683,0.12899279948625123
YEFPII_clean,6.51923,4.81055,6.51669,1.53593,2574.45,1676.15,0.0,0.0,0.6984,0.454708,0.0,0,0.107894023,5.0649232,2.95918997948374
YEGHEZ_clean,5.88391,4.37273,5.87003,1.21357,1253.26,1032.7,0.0,0.0,0.5114,0.4214,0.0,0,0.008886569,0.734141422,0.741685809665
YEGKIG_clean,4.90062,3.57012,4.88699,5.17652,619.506,119.676,0.0,0.0,0.3362,0.0649471,0.0,1,2.421371784,2.464503585,1.7242891185962508
YEYDAJ_clean,14.77804,3.65211,14.77045,0.94121,1671.89,1776.32,0.0,0.0,0.652,0.692726,0.000212493,0,0.011538126,0.848067415,0.9260748937687526
YIBMON_clean,4.14715,3.05856,4.14502,1.33992,0.0,0.0,721.864,538.738,0.5214,0.389129,0.0,1,0.008604224,0.651434605,0.7043937026399975
YIDSOT_clean,4.9292,4.14717,4.92841,1.4991,1150.12,767.207,0.0,0.0,0.5208,0.347408,0.0,1,0.005676839,0.496418129,0.4973177095737478
YINTEW_clean,6.69295,5.30296,6.37064,1.01854,1974.65,1938.7,0.0,0.0,0.6366,0.62501,0.0,0,0.008683597,0.745061268,0.7417948510899945
YIVTII_clean,5.43529,4.72957,5.43529,1.15103,1756.79,1526.28,0.0,0.0,0.5738,0.498512,0.0,1,0.011226116,0.965220065,0.8998192026312511
YIWBIR_clean,4.82964,4.23812,4.82964,1.13369,1456.59,1284.82,0.0,0.0,0.5224,0.460795,0.0,0,0.009211897,0.799963802,0.8014301737312484
YIWNEX_clean,6.05222,4.44321,5.98107,1.39413,1611.64,1156.02,0.0,0.0,0.6292,0.451321,0.0,1,0.000944132,0.095929578,0.09063223070999937
YIWNUN_clean,6.72761,5.04686,6.72761,1.27847,2081.66,1628.24,0.0,0.0,0.6874,0.537673,0.0,0,0.001041947,0.110891853,0.10407325995875027
YIWZOV_clean,5.42004,2.92374,5.41727,1.02919,0.0,0.0,760.753,739.174,0.549,0.533427,0.0,0,0.003775517,0.350259499,0.3403865640712501
YIXBIQ_clean,16.14545,8.60739,16.14545,1.16801,1743.0,1492.28,0.0,0.0,0.7494,0.641603,0.0,1,0.002356267,0.230971439,0.22236832012624944
YIZJEY_clean,6.38909,5.16549,5.85719,1.3913,1198.42,861.362,0.0,0.0,0.5582,0.401206,0.0,0,0.002864847,0.265573063,0.27526788324124835
YOCNIP_clean,6.24098,4.07873,6.24098,1.73801,306.791,176.518,6.61904,3.8084,0.3778,0.217375,0.0,0,0.004819422,0.30117204,0.4115216038162503
YOFMIQ_clean,4.81861,2.69037,4.81861,2.1217,0.0,0.0,275.633,129.911,0.4506,0.212376,0.0,1,0.003710142,0.285430243,0.3253397498799985
YOGKIQ_clean,6.91924,4.32242,6.91924,1.0538,1682.56,1596.67,112.281,106.549,0.5988,0.56823,0.0,1,0.015825474,1.229967723,1.1895289171562522
YORCIT_clean,17.04599,8.24613,17.00411,0.824323,1373.69,1666.44,0.0,0.0,0.6834,0.829044,0.0,0,0.001430697,0.136835328,0.14052232734750114
YORRII_clean,6.34779,5.30766,6.27636,1.13523,1975.78,1740.43,0.0,0.0,0.6154,0.542095,0.0,0,0.007826661,0.712206765,0.6914302018987493
YORSOP_clean,7.1763,6.3157,7.1763,1.1792,1484.59,1258.98,0.0,0.0,0.5876,0.498304,0.0,1,0.007227894,0.663187759,0.6671503493687504
YOSWUA_clean,3.85097,3.40591,3.84464,2.16633,195.409,90.2027,0.0,0.0,0.3408,0.157317,0.0,1,0.012843042,0.6314736,0.833241420595
YOYCEV_clean,5.85347,3.65099,5.85347,0.977585,1221.28,1249.28,38.9821,39.8759,0.5474,0.559951,0.0,1,0.005794466,0.527233054,0.5277936213912492
YOZBEW_clean,8.42176,6.43112,8.32646,0.767708,2167.11,2822.83,0.0,0.0,0.7092,0.923788,0.0,1,0.002714048,0.273201637,0.27035472163125074
YOZBIZ01_clean,8.46705,3.85629,8.46593,1.4767,1184.08,801.843,0.0,0.0,0.5176,0.350512,0.0,0,0.010120046,0.801232962,0.8023615462962526
YOZBIZ_clean,8.26642,3.87936,8.26616,1.4767,1152.52,780.471,0.0,0.0,0.5144,0.348345,0.0,1,0.010269588,0.800714752,0.8095289662000036
YOZBOF01_clean,8.1742,4.93831,8.1651,1.13095,1262.79,1116.57,0.0,0.0,0.5572,0.492684,0.0,0,0.006287574,0.556412238,0.5594366278812496
YOZCEW_clean,14.22468,12.71779,14.22468,1.07415,1394.66,1298.38,0.0,0.0,0.625,0.581853,0.0,1,0.003902651,0.351891243,0.3763523623600003
YUDDEH_clean,9.23238,6.19771,8.9716,0.865828,1917.28,2214.39,0.0,0.0,0.6654,0.768513,0.0,1,0.00531347,0.515512048,0.47344010302000045
ZACHET_clean,18.23633,8.4528,17.32252,0.540764,2067.08,3822.52,0.0,0.0,0.8084,1.49492,0.0,1,0.003094306,0.305517751,0.30075906411625014
ZADQUT_clean,10.25186,5.73513,10.25186,1.32367,2043.12,1543.53,0.0,0.0,0.659,0.497859,0.000151095,1,0.099620634,2.656870894,2.869006651009989
ZADRAA_clean,10.05232,5.81781,10.05232,1.33714,1945.37,1454.87,0.0,0.0,0.6546,0.489551,0.000149573,1,0.092949962,2.553441842,2.842385438868738
ZADREE_clean,10.34457,5.76157,10.34457,1.31114,2073.65,1581.56,0.0,0.0,0.6666,0.508413,0.000152539,1,0.096532726,2.73853416,2.8446838860074877
ZADROO_clean,10.31269,5.87037,10.31269,1.32035,2021.29,1530.88,0.0,0.0,0.6576,0.498051,0.000151475,1,0.094195022,2.6392817,2.8485814803224887
ZARLOV_clean,7.59087,4.25441,7.5897,1.05116,2258.39,2148.48,0.0,0.0,0.646,0.614561,0.0,1,0.00854675,0.786864023,0.7422499943999994
ZARTAP02_clean,3.51968,3.258,3.5001,1.37517,0.0,0.0,24.667,17.9374,0.4998,0.363446,0.0,0,0.000228818,0.021591274,0.021093926881250034
ZAXTAV_clean,5.36171,4.58528,5.11307,1.17092,1043.66,891.322,0.132673,0.113307,0.5204,0.444438,0.0,1,0.026815814,1.633261786,1.5712064068162461
ZAYJUG_clean,5.8588,4.03174,5.83071,4.41513,1366.0,309.392,0.800455,0.181298,0.489,0.110756,0.0,1,0.000284036,0.027185084,0.027067589044999906
ZEBMEA_clean,6.61101,4.67195,6.5886,1.53404,1279.24,833.903,0.0,0.0,0.5336,0.347839,0.0,1,0.002466293,0.235234199,0.22576915544500037
ZETMES_clean,4.19566,3.14594,4.16926,2.34488,0.0,0.0,454.802,193.955,0.4716,0.201119,0.0,1,0.002014673,0.183847041,0.18796602513749952
ZEVYAC_clean,4.82517,4.27859,4.81639,2.59066,1108.02,427.699,107.513,41.5001,0.5058,0.19524,0.0,1,0.020400667,0.785431052,1.1987784823712524
ZEXSOM_clean,10.33904,5.80354,10.2816,1.15853,1627.88,1405.12,5.62491,4.8552,0.626,0.540338,0.0,1,0.00394971,0.369668076,0.37738461258625
ZEZPIF_clean,4.9314,3.8688,4.91047,1.33575,1333.04,997.967,0.0,0.0,0.5954,0.445741,0.0,1,0.004437305,0.40964012,0.4220958896025002
ZIJVEV_clean,4.2681,2.52275,4.26269,1.58171,0.0,0.0,71.431,45.1607,0.3432,0.216981,0.0,1,0.00106336,0.093406314,0.10395683189500035
ZIKCAZ_clean,4.05524,2.68812,4.04601,1.71014,0.0,0.0,326.312,190.809,0.397,0.232144,0.0,0,0.012355144,0.637047444,0.77827407893375
ZILBUT_clean,15.80176,10.40707,15.80176,0.391248,1981.84,5065.43,0.0,0.0,0.8422,2.1526,0.0,0,0.003595337,0.355985592,0.35765153654250165
ZIQVAY_clean,8.56153,4.50798,8.56153,2.05613,1364.45,663.603,0.0,0.0,0.4994,0.242884,0.0,1,0.00524848,0.402495445,0.45520005684999915
ZISNEW_clean,10.937,5.73353,10.937,0.756384,2253.97,2979.93,0.0,0.0,0.706,0.933388,0.0,1,0.00899417,0.708086188,0.7996968435925007
ZISXEG_clean,5.13371,3.48538,5.13371,1.96189,431.041,219.707,0.0,0.0,0.3706,0.1889,0.0,1,0.10649141,1.550849509,2.444087708390003
ZISXOQ_clean,4.69222,3.05616,4.66804,2.0419,0.0,0.0,282.955,138.575,0.3536,0.173172,0.0,1,0.082764384,1.227970036,1.9906829920587668
ZIVCOY_clean,21.35428,13.61239,21.35428,0.516145,2019.82,3913.28,0.0,0.0,0.8142,1.57746,0.0,1,0.004323785,0.38785535,0.42505174814499824
ZIZTEJ_clean,4.9754,4.00901,4.96475,2.66219,1407.31,528.628,0.0,0.0,0.5208,0.195628,0.0,1,0.001488841,0.139879076,0.14898032953374998
ZODXAT_clean,19.81215,10.58176,19.81215,0.532706,1987.21,3730.41,0.0,0.0,0.811,1.52242,0.0,1,0.005082807,0.490615103,0.45966135834374855
ZOGBAA_clean,8.29052,7.70457,8.2843,0.849869,2437.69,2868.31,0.0,0.0,0.7226,0.850249,0.0,0,0.008211222,0.761766732,0.7061016336599991
ZOKGAJ_clean,17.39237,16.36156,17.39237,1.58893,759.382,477.921,47.2436,29.733,0.5304,0.33381,0.0,0,0.00197971,0.189547644,0.1878205039574998
ZOMSOL_clean,4.27205,2.56646,4.25666,1.55444,0.0,0.0,313.17,201.468,0.4614,0.296827,0.0,1,0.001680509,0.150971695,0.15947515182750002
ZOQSUV_clean,8.97796,7.21692,8.97057,1.99998,1715.15,857.582,0.0,0.0,0.633,0.316503,0.0,1,0.002177159,0.215891106,0.21101492114625017
ZOQTAC_clean,8.58967,6.28898,8.58967,2.14551,1675.17,780.777,0.0,0.0,0.6196,0.288789,0.0,1,0.002578777,0.241051689,0.25073989911999955
ZOQTIK_clean,8.17476,4.78997,8.17413,2.26836,1524.97,672.282,0.0,0.0,0.581,0.256133,0.0,1,0.002995339,0.280103536,0.28174715014624907
ZOYZUK_clean,5.26542,2.76938,5.24945,1.28262,0.0,0.0,1055.61,823.014,0.56,0.436607,0.0,1,0.001822741,0.173381316,0.17455871601749925
ZULNAX_clean,10.24528,4.96374,10.20458,1.32534,1711.83,1291.61,0.0,0.0,0.6276,0.47354,0.0,1,0.00538466,0.483110584,0.48525806667249904
ZUQBUK_clean,6.60273,3.87772,6.60273,0.987073,2004.83,2031.09,0.0,0.0,0.58,0.587596,0.0,0,0.012149563,1.11900354,1.0025818766012484
ZUSNOS_clean,13.06588,6.72307,12.14953,0.80175,2346.37,2926.56,0.0,0.0,0.7098,0.885314,0.0,1,0.006825818,0.633706242,0.5950598728487493
ZUTBAR05_clean,5.62882,2.78678,5.62882,2.68655,0.0,0.0,833.184,310.131,0.4814,0.179189,0.0,0,1.565737708,2.30454985,2.232739161099984
ZUWWAP_clean,5.07411,2.67704,5.07411,2.0862,0.0,0.0,528.592,253.376,0.464,0.222414,0.0,1,0.00526882,0.40406296,0.4182102077212511
ABAVIJ_clean,4.45543,2.4972,4.40652,1.52493,0.0,0.0,312.052,204.633,0.3792,0.248667,0.0,0,0.011057234,0.676754659,0.726252709715001
ABAYIO_clean,11.39486,4.3226,11.27409,0.949126,1428.73,1505.31,409.494,431.444,0.6636,0.69917,0.0,0,0.004872797,0.428306867,0.43520291626624946
ABAYOU_clean,11.27344,4.5108,11.27344,0.979267,1463.42,1494.4,419.062,427.935,0.6638,0.677854,0.0,0,0.005065193,0.43917402,0.4665832925562491
ABEFUL_clean,4.93969,3.32948,4.93889,1.55108,418.49,269.806,0.0,0.0,0.4118,0.265493,0.0,0,0.007060835,0.53649517,0.5617550201862486
ABESUX_clean,5.87931,4.42492,5.57015,3.74291,1747.69,466.934,0.0,0.0,0.5646,0.150845,0.0,1,0.001304381,0.125894623,0.12795416501625045
ABETAE_clean,5.88295,4.42033,5.88295,3.69928,1821.75,492.461,0.0,0.0,0.572,0.154625,0.0,1,0.001284919,0.125607119,0.12707725455000057
ABETIN_clean,9.47418,7.83744,9.45292,0.597233,2275.99,3810.89,0.0,0.0,0.7302,1.22264,0.0,0,0.003346392,0.337094094,0.3387399630800004
ABEXEM_clean,4.82084,4.14331,4.80387,1.76082,968.791,550.193,3.54724,2.01454,0.494,0.280551,0.0,1,0.002219596,0.207047167,0.21244067485375087
ABEXEN_clean,18.8079,13.71867,18.7996,0.674371,1650.25,2447.09,10.9626,16.2561,0.753,1.1166,0.0,0,0.005276047,0.497227791,0.4575703014899974
ABEXIQ_clean,4.80529,4.06893,4.80529,1.7876,954.695,534.065,11.1491,6.2369,0.4776,0.267174,0.0,1,0.002232746,0.206030256,0.21310594116500048
ABEXOW_clean,4.7727,4.04921,4.7549,1.81243,948.305,523.222,8.72645,4.81477,0.5026,0.277307,0.0,1,0.002183194,0.202124938,0.20639718955625055
ABEXUC_clean,4.74458,4.0168,4.72731,1.84813,905.952,490.198,6.39745,3.46157,0.4864,0.263185,0.0,1,0.00222834,0.2040607,0.21213338437000054
ABEYAJ_clean,4.73097,3.9715,4.71386,1.90641,913.695,479.276,5.68199,2.98047,0.4682,0.245593,0.0,1,0.00212687,0.197800791,0.19782954616625
ABEYEN_clean,4.70447,3.94356,4.68752,1.9293,894.021,463.392,4.63057,2.40013,0.4642,0.240606,0.0,1,0.002153925,0.199267743,0.20166690685250027
ABIXOZ_clean,6.22728,4.0515,6.20206,1.91751,1873.93,977.272,0.0,0.0,0.5866,0.305918,0.0,1,0.000964454,0.094829159,0.09043667408749949
ABIYIV_clean,4.33176,3.82431,4.32093,1.34661,564.007,418.836,0.0,0.0,0.4458,0.331055,0.0,0,0.002167422,0.203193664,0.20378991629625035
ABULOB_clean,4.86958,4.16445,4.86236,1.31921,1184.81,898.121,0.0,0.0,0.5364,0.406607,0.0,0,0.015723049,1.250051414,1.1330228204200081
ABUWOJ_clean,5.07969,4.03039,4.98773,1.15833,1745.23,1506.68,0.0,0.0,0.621,0.536118,0.0,1,0.005782077,0.547019023,0.5398562104137463
ACAJIY_clean,4.94766,3.4178,4.77873,1.0939,822.742,752.116,0.0,0.0,0.5292,0.483772,0.0,0,0.005487512,0.509422331,0.48947057747749684
ACAJIZ_clean,6.1865,5.74044,6.1865,1.30148,981.157,753.879,0.0,0.0,0.4824,0.370656,0.0,0,0.00202491,0.194706678,0.18830454587875
ACAJOF_clean,6.86398,6.10482,6.86398,1.21871,1121.27,920.046,0.0,0.0,0.513,0.420936,0.0,0,0.00189991,0.179610874,0.18053966095374957
ACAKUM_clean,4.47083,3.0099,4.47083,1.59028,0.0,0.0,599.344,376.88,0.4358,0.27404,0.0,1,0.002216793,0.202613877,0.21138928837125043
ACIBIY_clean,5.10081,3.73403,5.09695,1.73515,912.456,525.866,0.0,0.0,0.4594,0.264761,0.0,0,0.001966071,0.183350392,0.18728265326249996
ACIBOE_clean,8.25776,7.03071,8.25776,1.10094,2063.01,1873.86,0.0,0.0,0.6554,0.595309,0.0,1,0.00429996,0.403714893,0.42794928317874936
ACODON_clean,7.1439,4.65537,7.12384,1.14924,1729.7,1505.09,0.0,0.0,0.598,0.520346,0.0,0,0.004143846,0.394150203,0.39531505246874943
ACOGAB_clean,5.20085,3.89327,4.84433,1.15458,1432.82,1240.99,0.0,0.0,0.5566,0.482082,0.0,0,0.006340597,0.570935293,0.564733974567498
ACOGEF_clean,5.20115,3.94888,4.8971,1.25952,1433.77,1138.35,0.0,0.0,0.5544,0.440168,0.0,0,0.005800623,0.527335303,0.5273459478262492
ACOLEL_clean,4.00255,2.78217,3.89811,1.45481,0.0,0.0,32.9393,22.6416,0.354,0.24333,0.0,1,0.000404737,0.036355507,0.03920354735750021
ACOLIP_clean,4.91034,3.57647,4.78103,1.04949,1065.44,1015.2,0.0,0.0,0.5434,0.517777,0.0,0,0.006637223,0.598406708,0.6113592653175002
ACOLOV_clean,8.42183,5.53552,8.41851,0.863411,2226.99,2579.3,0.0,0.0,0.6794,0.786879,0.0,1,0.003316173,0.32458135,0.3316764081187504
acs.cgd.5b01686_WAHFUJ1434675_clean,5.00451,3.93435,5.00451,1.28464,1087.15,846.274,0.0,0.0,0.4874,0.379407,0.0,1,0.003422391,0.320728872,0.3255178440475004
acs.cgd.6b00463_OLOMUZ1451936_clean,10.32513,7.87202,10.32103,1.07611,1950.06,1812.15,0.0,0.0,0.6638,0.616853,0.0,1,0.001185962,0.114250803,0.1260005406425011
acs.chemmater.6b02817_cm6b02817_si_004_clean,10.39878,5.64581,7.91914,0.897688,1488.72,1658.39,589.747,656.962,0.6776,0.754828,0.0,1,0.004810706,0.44745468,0.43050932640249967
acs.chemrev.6b00346_cr6b00346_si_001_clean,9.19439,3.959,7.03116,0.906382,2290.66,2527.25,0.0,0.0,0.6912,0.762592,0.0,1,0.004260026,0.397621567,0.4075935166749985
acscombsci.5b00188_24205_clean,5.32506,4.91361,5.32498,1.2624,1666.29,1319.94,0.0,0.0,0.5558,0.440273,0.0,0,0.011782626,0.98443991,0.9080925711625011
acscombsci.5b00188_3001288_clean,29.41365,23.60037,29.35162,0.156124,881.282,5644.76,0.0,0.0,0.9382,6.00933,0.0,0,0.003387883,0.363253022,0.33340216997375066
acscombsci.5b00188_5020072_clean,14.46967,11.94118,14.45544,0.429595,1931.96,4497.16,0.0,0.0,0.8224,1.91436,0.0,0,0.00247148,0.262660686,0.23597573775499903
acscombsci.5b00188_5024922_clean,20.5205,15.85622,20.5205,0.295002,1403.53,4757.71,0.0,0.0,0.8866,3.00541,0.0,0,0.003050896,0.293855668,0.2983899949337505
acscombsci.5b00188_5036495_clean,10.8747,9.02496,10.86921,0.338372,2296.38,6786.58,0.0,0.0,0.8498,2.51144,0.0,0,0.002919524,0.300571899,0.2940917820574988
acscombsci.5b00188_5040209_clean,7.3732,5.53143,7.30173,1.04632,1848.9,1767.06,0.0,0.0,0.6162,0.588923,0.0,0,0.008421821,0.680886474,0.731131736667497
acscombsci.5b00188_8372_clean,5.7583,4.46842,5.7583,0.958855,3178.07,3314.45,0.0,0.0,0.7062,0.736503,0.0,0,0.003008271,0.293875915,0.29728957951249957
acs.inorgchem.5b02108_ic5b02108_si_002_clean,7.194,7.0599,7.194,1.21033,1596.38,1318.96,0.0,0.0,0.591,0.488296,0.0,0,0.008505524,0.791022032,0.7208342209137504
acs.inorgchem.5b02973_ic5b02973_si_002_clean,11.38761,10.4443,11.38761,1.02785,1047.76,1019.37,62.4425,60.7507,0.593,0.576933,0.0,0,0.007045582,0.520294456,0.6209435502687534
acs.inorgchem.6b00081_ic6b00081_si_001_clean,7.28268,5.80535,7.28268,1.16215,782.38,673.218,0.0,0.0,0.4952,0.426107,0.0,0,0.001559634,0.14878357,0.15315922200125048
acs.inorgchem.6b00433_ic6b00433_si_002_clean,5.96211,4.62167,5.8482,1.10398,1177.53,1066.62,0.0,0.0,0.5062,0.458523,0.0,1,0.003429487,0.325345183,0.32944447356500234
acs.inorgchem.6b00894_ic6b00894_si_002_clean,6.64699,4.59021,5.67003,1.10689,1216.8,1099.29,0.0,0.0,0.5272,0.476289,0.0,1,0.008135226,0.695983501,0.6829700520587509
acs.inorgchem.6b00894_ic6b00894_si_003_clean,5.39452,2.99444,5.35605,1.36061,0.0,0.0,496.94,365.232,0.4792,0.352194,0.0,0,0.00305473,0.259287187,0.2876810198375
acs.inorgchem.6b01569_ic6b01569_si_002_clean,6.29847,5.43889,6.29847,1.11326,868.696,780.315,0.0,0.0,0.5092,0.457394,0.0,1,0.001157182,0.113318155,0.1089759143337501
acs.inorgchem.6b01740_ic6b01740_si_002_clean,15.68052,8.0633,15.68052,0.473321,2336.0,4935.34,0.0,0.0,0.7938,1.67709,0.0,0,0.003740263,0.377745411,0.36902787455999986
acs.inorgchem.6b02407_ic6b02407_si_002_clean,6.36153,3.76503,6.36153,0.960789,1995.17,2076.59,0.0,0.0,0.6214,0.64676,0.0,1,0.009173348,0.876312416,0.8263702808049974
acs.inorgchem.6b02407_ic6b02407_si_003_clean,6.24791,4.32537,6.22758,1.12188,1617.2,1441.52,0.0,0.0,0.5614,0.500411,0.0,0,0.011050933,0.957368143,0.8965159268449991
acs.inorgchem.6b02413_ic6b02413_si_002_clean,13.37732,6.88163,13.37732,0.804279,2195.74,2730.07,0.0,0.0,0.74,0.920079,0.00124335,0,0.002528765,0.240497563,0.25646992910500005
acs.inorgchem.6b02514_ic6b02514_si_002_clean,6.09101,5.53211,6.09101,1.35156,1494.27,1105.59,0.0,0.0,0.6002,0.44408,0.0,1,0.001489396,0.146035566,0.1513992355000001
acs.inorgchem.6b02696_ic6b02696_si_002_clean,12.13124,5.0609,12.1281,0.908718,2183.39,2402.71,0.0,0.0,0.6878,0.75689,0.0,0,0.004772777,0.448567624,0.43372858487625066
acs.jchemed.6b00258_ed6b00258_si_005_clean,4.54949,3.31507,4.42404,1.46632,446.112,304.239,0.0,0.0,0.4476,0.305254,0.0,1,0.00144273,0.135294291,0.13416611639000034
acs.jpcc.6b08594_UiO66_Ce2Zr4_opt_clean,8.49751,4.07254,8.49751,1.27238,1692.83,1330.45,0.0,0.0,0.6072,0.477217,0.000157186,0,0.003339895,0.305007056,0.33083276920625077
acs.jpcc.6b08594_Zn2Cd6MOF5_opt_clean,14.70209,8.11021,14.70209,0.628556,2151.09,3422.27,0.0,0.0,0.8094,1.28771,0.0,0,0.001861531,0.18974123,0.18241856368999929
ACUBAB_clean,6.48174,4.30295,6.47204,2.30944,1238.98,536.484,0.0,0.0,0.5252,0.227414,0.0,1,0.004023413,0.335201078,0.38341988734624766
ACUFEK_clean,15.55627,9.00897,15.55627,0.559431,2205.12,3941.72,0.0,0.0,0.787,1.40679,0.0,1,0.003320055,0.334707763,0.3361849872487509
ACUJOZ_manual,11.50806,7.82539,10.51641,0.694288,2343.63,3375.59,0.0,0.0,0.739,1.0644,0.0,1,0.003209929,0.31929242,0.31870682691375096
ACUTOI_clean,5.192,4.5372,5.18708,1.71994,820.91,477.29,0.0,0.0,0.4076,0.236985,0.0,1,0.002861444,0.264475072,0.2718078011962499
ADABIS_clean,3.98906,3.05237,3.97803,1.65298,0.0,0.0,144.772,87.5821,0.4004,0.242229,0.0,1,0.001813681,0.166744912,0.16708413234874953
ADABUE_clean,4.54949,3.31506,4.54949,1.46632,439.176,299.509,0.0,0.0,0.4708,0.321075,0.0,1,0.00141998,0.132545332,0.13464662294875024
ADARAA_clean,12.29205,5.40077,12.29205,0.881935,2191.85,2485.27,7.83761,8.88684,0.6948,0.787813,0.0,1,0.003816705,0.381533571,0.3692685366224996
ADASEF_clean,21.62414,10.92309,17.5655,0.435607,1820.41,4179.02,0.0,0.0,0.8462,1.94258,0.0,1,0.00337851,0.321375404,0.3392629672537504
ADASIJ_clean,18.23438,6.60024,18.20695,0.629251,2196.94,3491.36,0.0,0.0,0.765,1.21573,0.0,1,0.003540521,0.361523247,0.3518359093287504
ADASOP_clean,18.07263,6.71346,18.07263,0.63164,2223.07,3519.51,0.0,0.0,0.7846,1.24216,0.0,1,0.004150923,0.411018527,0.4079189907599976
ADASUV_clean,17.16775,6.7332,17.16775,0.625693,2275.03,3636.01,0.0,0.0,0.7672,1.22616,0.0,1,0.003348924,0.341855753,0.33816639848250063
ADATAC_clean,26.33515,10.27637,16.37091,0.33727,1729.95,5129.28,0.0,0.0,0.871,2.5825,0.0,1,0.003605842,0.378108289,0.35738557376750163
ADATEG_manual,27.33782,13.33904,27.33782,0.238777,1473.42,6170.7,0.0,0.0,0.896,3.75246,0.0,1,0.003420299,0.354987358,0.3397524452287506
ADATIK_clean,24.55082,12.17426,18.62931,0.377577,1712.52,4535.57,0.0,0.0,0.8764,2.32112,0.0,1,0.003090314,0.310119019,0.2999820398462499
ADATOQ_clean,10.5421,9.07611,10.5421,0.632077,2324.74,3677.95,0.0,0.0,0.7278,1.15144,0.0,1,0.002869003,0.282643271,0.29434346890625074
ADATUW_clean,10.34629,8.86044,10.34629,0.640612,2322.12,3624.84,0.0,0.0,0.73,1.13953,0.0,1,0.002707246,0.27149949,0.27269622479750116
ADAVAE_clean,10.21446,8.80719,10.21446,0.655338,2331.18,3557.22,0.0,0.0,0.7302,1.11423,0.0,1,0.003003639,0.289748944,0.30281401691500004
ADAVEI_clean,10.15021,8.70819,10.15021,0.656268,2410.23,3672.63,0.0,0.0,0.719,1.09559,0.0,1,0.002987172,0.296368379,0.29842212908125043
ADAVIM_clean,10.34557,8.90065,10.34557,0.637582,2355.11,3693.81,0.0,0.0,0.727,1.14025,0.0,1,0.002782574,0.27640335,0.283555065775001
ADAXEK_clean,5.76724,4.10445,5.76724,1.26343,1305.6,1033.38,0.0,0.0,0.5042,0.399073,0.0,0,0.00686036,0.607773585,0.592637230823749
ADAXIO_clean,5.72682,5.00855,5.71823,1.28062,1140.41,890.52,0.0,0.0,0.4934,0.385283,0.0,0,0.004926846,0.448323317,0.44492941979750067
ADEGIA01_clean,4.82721,2.87092,4.67723,1.60142,0.0,0.0,683.245,426.648,0.4982,0.311098,0.0,1,0.004983372,0.42224564,0.42176862783125235
ADEGIA_clean,4.84442,2.87756,4.78086,1.59673,0.0,0.0,710.717,445.108,0.5002,0.313266,0.0,1,0.00537068,0.462575662,0.4375574426625011
ADIQEL_clean,4.43355,3.91364,4.43149,1.23763,785.544,634.715,0.0,0.0,0.4682,0.378303,0.0,0,0.020660632,1.496992571,1.2238491233787516
ADOCEC_clean,5.40135,3.83278,5.40061,1.53544,942.082,613.56,194.67,126.785,0.4904,0.319388,0.0,1,0.002741461,0.246611137,0.24591545380875066
ADODII_clean,5.97541,5.30365,5.62846,1.21661,1091.8,897.412,0.0,0.0,0.5394,0.443361,0.0,0,0.004825334,0.424561707,0.43459724794875043
ADODOO_clean,5.9443,5.31331,5.61744,1.28796,1054.79,818.961,0.0,0.0,0.5256,0.408086,0.0,0,0.005131431,0.444497285,0.45847453110249603
ADOGEH_clean,12.71447,5.05258,12.69973,1.01991,1997.13,1958.14,0.0,0.0,0.677,0.663783,0.0,1,0.010896708,0.698730014,0.9151777826800032
ADUROI_clean,25.68553,17.12424,25.68553,0.402567,1285.84,3194.1,0.0,0.0,0.8358,2.07617,0.0,1,0.002446646,0.242711308,0.23034028561249875
ADUWIH_clean,9.28386,6.55138,8.99777,0.722123,2053.82,2844.14,0.0,0.0,0.7098,0.982935,0.0,1,0.00364068,0.359126913,0.36129446424625106
ADUWON_clean,16.37935,5.99724,16.37935,0.521247,2391.39,4587.82,0.0,0.0,0.7844,1.50485,0.0,1,0.004271159,0.438185527,0.41141454224124857
AFEJOK_ion_b,5.99825,5.12689,5.98721,1.10129,1640.7,1489.79,0.0,0.0,0.5808,0.52738,0.0,1,0.004463806,0.410223809,0.4290249980212507
AFENEE_clean,4.49346,3.41581,4.45719,1.24906,796.3,637.522,0.0,0.0,0.4856,0.388774,0.0,1,0.003520382,0.345095835,0.32766987862374863
AFIPAH_clean,4.37538,3.90569,4.37538,1.83885,841.292,457.509,0.0,0.0,0.5032,0.273649,0.0,1,0.002999026,0.278376699,0.2806626610337501
AFITEP_clean,4.64022,4.09997,4.63375,1.06928,1521.04,1422.49,0.0,0.0,0.5262,0.492105,0.0,0,0.010021594,0.896578884,0.8368845475487493
AFITUF_clean,7.14066,5.08524,7.12439,1.32285,1391.46,1051.86,0.0,0.0,0.5322,0.402312,0.0,1,0.003354185,0.307693473,0.323229264437501
AFIXAO_clean,6.3306,4.52097,6.32879,1.12223,1320.24,1176.44,0.0,0.0,0.5702,0.508096,0.0,0,0.002699769,0.250637202,0.2565959049374994
AFIXES_clean,6.43864,4.7481,6.42659,1.12574,1304.99,1159.23,0.0,0.0,0.5758,0.511486,0.0,0,0.002701927,0.25101163,0.2570756560199994
AFOQUI_clean,4.25157,3.00568,4.24901,1.62091,0.0,0.0,313.788,193.588,0.479,0.295514,0.0,1,0.002011716,0.183012738,0.18842274907000023
AFOTOF_clean,8.7931,6.77287,8.7931,1.07439,1647.74,1533.66,0.0,0.0,0.6144,0.571859,0.0,0,0.004961465,0.442707033,0.4486068649399978
AFOTUL_clean,8.80212,6.81408,8.79682,1.05969,1683.28,1588.47,0.0,0.0,0.614,0.579417,0.0,0,0.004624113,0.441085753,0.43652612388625045
AFOVAT_clean,8.32882,6.54754,8.28902,1.04077,1670.63,1605.18,0.0,0.0,0.61,0.586104,0.0,0,0.004857553,0.447552115,0.4476176834774972
AFOVEX_clean,8.81515,6.86051,8.81515,1.02206,1673.56,1637.43,0.0,0.0,0.619,0.605638,0.0,0,0.004602266,0.449392202,0.43601735887625054
AFOVIB_clean,8.79334,6.74118,8.79334,1.0948,1657.47,1513.94,0.0,0.0,0.6104,0.557543,0.0,0,0.005184491,0.457475009,0.46712857009499836
AFOVOH_clean,8.78847,6.84598,8.77538,1.04816,1663.77,1587.32,0.0,0.0,0.6228,0.594182,0.0,0,0.004839264,0.455549442,0.4410257162087483
AFOYEB_clean,5.92566,5.81418,5.92369,1.68224,585.772,348.21,0.0,0.0,0.4054,0.240988,0.0,0,0.001588492,0.141752441,0.14532757020499976
AFOYIE_clean,9.08566,8.61929,9.08005,0.761887,2055.27,2697.6,0.0,0.0,0.71,0.931897,0.0,1,0.00268862,0.274074954,0.27189593642250115
AFOYOK_clean,7.73482,5.71785,7.72321,0.979448,1633.89,1668.18,0.0,0.0,0.588,0.600338,0.0,0,0.002553276,0.268519308,0.25704858060749897
AFUKET_clean,5.96671,4.7743,5.96671,0.9597,1662.19,1731.99,97.0966,101.174,0.5958,0.620819,0.0,1,0.007196023,0.578839585,0.6526740915050017
AFUKIX_clean,8.69504,5.47442,8.69504,0.784292,2017.86,2572.85,0.0,0.0,0.6382,0.813728,0.0,1,0.003878079,0.363356685,0.37760785267874974
AFUPEX_clean,5.43312,4.58891,5.43311,1.38641,2204.93,1590.39,0.0,0.0,0.6146,0.443303,0.0,1,0.003774606,0.372938056,0.3693659694749997
AGABIU_clean,12.57098,10.82742,12.57098,0.647122,1792.07,2769.29,2.83534,4.38145,0.7402,1.14383,0.0,1,0.001791236,0.181237859,0.18017229266999935
AGARUW_clean,6.77693,6.25183,6.7733,1.77195,1346.33,759.804,0.0,0.0,0.5056,0.285336,0.0,0,0.001827405,0.175479239,0.17039323883750032
AGESIP_clean,3.70848,3.05212,3.68041,2.26011,0.0,0.0,148.081,65.5195,0.4034,0.178487,0.0,1,0.001286954,0.124289514,0.12178811689999983
AGIMOU_clean,4.22721,3.03966,4.22721,1.67254,0.0,0.0,423.521,253.22,0.4144,0.247766,0.0,1,0.005230552,0.480100213,0.42075331851750086
AGIREP_clean,10.92956,6.85619,7.97786,0.99837,2250.02,2253.69,0.0,0.0,0.6896,0.690726,0.0,1,0.004216542,0.393825858,0.4082703281337478
AGOFEJ_clean,12.6138,8.71559,12.59801,0.583675,1959.85,3357.77,0.0,0.0,0.767,1.31409,0.0,1,0.002765967,0.280059998,0.27187195472125014
AGONEQ_clean,6.16099,5.90611,6.12795,1.08253,2263.15,2090.61,0.0,0.0,0.6752,0.623722,0.0,0,0.003528444,0.348798729,0.3442007197825002
AGOVOJ_clean,13.91201,9.20691,13.91201,0.616035,2114.14,3431.85,0.0,0.0,0.7722,1.2535,0.0,1,0.00290047,0.302536259,0.2908229284862502
AGUTUS_clean,3.68088,2.53188,3.63702,1.36197,0.0,0.0,107.604,79.006,0.493,0.361976,0.0,1,0.00020406,0.022697569,0.02016026784749999
AGUWUV_clean,4.50011,3.32227,4.47386,1.51212,696.602,460.678,0.0,0.0,0.4742,0.313599,0.0,1,0.002896113,0.277940129,0.2719985982100004
AHAMAY_clean,4.44036,3.90831,4.43859,2.24993,500.113,222.279,0.0,0.0,0.401,0.178228,0.0,1,0.00526353,0.37349495,0.41960572299374815
AHEBAS_clean,5.90829,3.09493,5.90829,1.26607,0.0,0.0,1004.82,793.652,0.5054,0.399188,0.0,1,0.006631044,0.562580025,0.5669829785600005
AHEQAH_clean,9.26829,6.21673,9.2669,0.759287,2415.98,3181.91,0.0,0.0,0.7146,0.941146,0.0,1,0.003869069,0.385735736,0.3756432217487488
AHINIP_clean,5.10577,2.92366,4.88107,1.25642,0.0,0.0,351.324,279.622,0.4582,0.364686,0.0,0,0.002216132,0.185520831,0.21576581463375
AHOBEG_clean,4.70788,2.91605,4.70235,1.32229,0.0,0.0,537.879,406.78,0.4632,0.350302,0.0,1,0.00488506,0.402546311,0.4140929070675028
AHOJUC_clean,3.58211,2.70033,3.58211,2.04926,0.0,0.0,102.403,49.9709,0.4232,0.206514,0.0,0,0.001007954,0.094843039,0.10221274379125077
AHOKAJ_clean,3.61285,2.77173,3.61285,2.08849,0.0,0.0,83.5648,40.0121,0.418,0.200145,0.0,0,0.001848164,0.172293986,0.1683059623349994
AHOKIR01_clean,4.30721,3.46839,4.30721,1.92701,892.53,463.167,0.0,0.0,0.4868,0.252619,0.0,1,0.006497774,0.557060945,0.5630783303637482
AHOKIR_clean,4.49939,3.47861,4.49939,1.88207,939.705,499.294,0.0,0.0,0.4884,0.259502,0.0,1,0.003441913,0.323188076,0.3226042852537487
AHOKOX_clean,4.49188,3.54288,4.49188,1.73966,1360.22,781.89,0.0,0.0,0.5116,0.29408,0.0,1,0.003741264,0.344648508,0.3467780326487484
AHUTIH01_clean,4.18118,3.24781,4.17968,2.06338,0.0,0.0,439.088,212.8,0.445,0.215665,0.0,1,0.001117872,0.10733457,0.10978236471374984
AHUTIH_clean,4.19485,3.26762,4.19316,2.04865,0.0,0.0,451.777,220.525,0.4392,0.214385,0.0,1,0.000986982,0.095244185,0.09348665691624981
AJAKON_clean,5.2765,4.32303,5.27104,1.36723,1066.44,780.005,8.76449,6.41042,0.5024,0.367459,0.0,1,0.003593361,0.326558858,0.3285854568874991
AJAMEF_clean,4.35747,2.40322,4.35747,1.29455,0.0,0.0,353.37,272.967,0.4204,0.324745,0.0,1,0.003834985,0.32946494,0.3432369253149986
AJAYIT_clean,7.12611,4.89301,7.12611,1.98392,840.751,423.782,0.0,0.0,0.4314,0.217448,0.0,0,0.00194831,0.174697777,0.18408903182374992
AJIGIL_clean,6.71352,5.54656,6.70452,1.08988,996.607,914.419,0.0,0.0,0.4838,0.443902,0.0,1,0.00153196,0.143832952,0.15288915804000058
AJINOY_clean,3.72125,2.71527,3.72125,1.44035,0.0,0.0,56.8028,39.4368,0.3726,0.258687,0.0,1,0.000521864,0.053066798,0.05150405098499971
AJOTEY_clean,5.91075,5.20074,5.90935,1.2556,1942.39,1546.98,0.0,0.0,0.6358,0.506371,0.0,1,0.003095249,0.300292459,0.2947756281537497
AJOVEB_clean,5.15455,4.85632,5.13093,1.95651,774.474,395.845,0.0,0.0,0.4138,0.211499,0.0,1,0.002435299,0.235410518,0.22151136344999903
AJOXAA_clean,6.60857,4.38157,6.58169,1.52914,1380.73,902.948,0.0,0.0,0.5468,0.357587,0.0,1,0.004433177,0.40868809,0.4262062333474995
AJUNOK_clean,4.97833,2.92387,4.97205,1.43764,0.0,0.0,659.441,458.698,0.4446,0.309258,0.0,0,0.004251695,0.351858385,0.3795246033225013
AKEDIF_clean,5.94406,5.31262,5.94406,0.925851,1673.96,1808.02,0.0,0.0,0.5828,0.629475,0.0,0,0.006762291,0.626691619,0.6153032980962501
AKOBAF_clean,4.84557,3.80044,4.84557,1.15061,997.702,867.108,0.0,0.0,0.498,0.432814,0.0,1,0.004647005,0.436671013,0.42634481800125
AKOHEO_clean,5.56086,3.46237,5.08522,2.37535,1051.21,442.55,0.0,0.0,0.4804,0.202244,0.0,1,0.00111953,0.110904618,0.10922285426000049
AKUHOD01_clean,3.30143,2.83606,3.30143,2.24008,0.0,0.0,0.0,0.0,0.4474,0.199725,0.0,1,6.6e-05,0.006310677,0.00712980919250005
AKUHOD_clean,3.31045,2.86205,3.31045,2.22877,0.0,0.0,0.0,0.0,0.431,0.19338,0.0,1,5.93e-05,0.007045804,0.006438675708750019
AKUKUO_clean,5.04792,4.38484,5.0448,1.30477,1062.64,814.426,0.0,0.0,0.5004,0.383515,0.0,0,0.004567802,0.426265694,0.430162005092501
ALAHUS_clean,7.1812,5.45466,7.18023,1.36604,1533.73,1122.76,0.0,0.0,0.5724,0.41902,0.0,1,0.002473622,0.245223799,0.2322378988087504
ALALUU01_clean,3.42308,2.87759,3.41148,2.03959,0.0,0.0,5.29274,2.595,0.4502,0.22073,0.0,1,0.000102758,0.009518676,0.009913513656250102
ALAMUW_clean,11.92678,5.98269,11.92678,0.64997,2447.93,3766.22,0.0,0.0,0.761,1.17082,0.0,1,0.00431374,0.430072385,0.42577409401375044
ALANAD_clean,8.58065,5.8094,8.54388,0.697286,2813.81,4035.37,0.0,0.0,0.7542,1.08162,0.0,1,0.004069409,0.408919695,0.4082423890699976
ALATAK_clean,3.53536,2.61301,3.53536,1.35214,0.0,0.0,36.3572,26.8886,0.45,0.332806,0.0,1,0.000491143,0.047366784,0.04936846378374979
ALEJAE_clean,19.86541,14.56862,19.86541,0.274675,1427.0,5195.22,0.0,0.0,0.8942,3.25548,0.0,1,0.003780203,0.367745378,0.3678011108562501
ALEJEI_clean,18.06508,7.13825,11.29555,0.600782,2223.57,3701.13,0.0,0.0,0.783,1.3033,0.0,1,0.003689462,0.365697358,0.365495453347501
ALEJIM_clean,18.20917,7.10984,11.84134,0.592075,2208.62,3730.3,0.0,0.0,0.783,1.32247,0.0,1,0.003884709,0.390376519,0.3809429864887494
ALEQIT_clean,5.78407,3.96262,5.7827,1.90553,677.8,355.702,0.0,0.0,0.434,0.227759,0.0,1,0.002539393,0.226381999,0.2387694405037502
ALIBUT_clean,13.10382,3.67767,13.10382,1.322,940.809,711.658,184.278,139.394,0.5642,0.426778,0.0,0,0.001840847,0.172204607,0.17552933399499934
ALICAA_clean,12.98786,3.46699,12.98786,1.43218,894.164,624.337,203.647,142.194,0.5692,0.397436,0.0,0,0.001637505,0.149465345,0.15828526614125082
ALIPEQ_clean,3.69694,2.83849,3.69275,1.68544,0.0,0.0,171.161,101.553,0.5374,0.318848,0.0,0,0.000399263,0.038111803,0.03885870704125017
ALIXAU_clean_h,6.17139,3.91412,6.17139,1.43262,670.443,467.985,13.6022,9.49467,0.4726,0.329886,0.0,1,0.003012659,0.287317959,0.28255494020750005
ALIXOJ_clean,7.8603,5.01976,7.84665,0.979833,2007.79,2049.12,0.0,0.0,0.6394,0.65256,0.0,1,0.003245605,0.316967713,0.31566926752250163
ALIXUP_clean,6.38387,5.75713,6.38387,1.33865,1367.26,1021.37,0.0,0.0,0.5492,0.410264,0.0,1,0.00081044,0.079855962,0.08100883714125005
ALOLES_ion_b,5.85254,4.25768,5.80032,2.20818,502.012,227.343,0.475191,0.215196,0.4238,0.191923,0.0,1,0.000505433,0.046736927,0.05235635419874964
ALOLIY_clean,6.86569,5.12412,6.86243,1.19169,992.554,832.898,0.0,0.0,0.537,0.450621,0.0,1,0.000695047,0.069272444,0.07110489397875003
ALONEV_clean,5.59976,4.84057,5.59976,1.49156,1651.89,1107.49,0.0,0.0,0.571,0.382821,0.0,1,0.000947605,0.092469242,0.0916293358899996
ALUJEX_clean,5.99288,4.42191,5.93648,1.43356,1311.29,914.712,0.0,0.0,0.5364,0.374173,0.0,1,0.0042226,0.392499382,0.3823098114624973
ALUJIB_clean,6.08943,4.42337,5.91878,1.4324,1320.62,921.959,0.0,0.0,0.5424,0.378664,0.0,1,0.004211715,0.387215548,0.3847147849049979
ALUJOH_clean,6.14197,4.45081,6.02384,1.41539,1356.59,958.46,0.0,0.0,0.5526,0.390423,0.0,1,0.003975532,0.361910342,0.36780971455500044
ALUJUN_clean,4.85152,2.67152,4.83941,1.33934,0.0,0.0,664.1,495.839,0.5002,0.373466,0.0,1,0.007168714,0.57371469,0.5965977444612495
ALUKAU_clean,4.78682,2.72791,4.78682,1.65289,0.0,0.0,650.746,393.703,0.4976,0.301049,0.0,1,0.005836991,0.466561635,0.4977709508612505
ALUKIC_clean,8.54387,6.77342,8.52787,0.56692,2883.21,5085.74,0.0,0.0,0.7934,1.39949,0.0,1,0.00325201,0.302609759,0.32226324742875045
ALUKUO_clean,8.54799,6.78315,8.52991,0.582411,2894.93,4970.58,0.0,0.0,0.7922,1.36021,0.0,1,0.002976719,0.296313182,0.298666000691248
ALULAV_clean,8.53005,6.74275,8.5229,0.590909,2900.24,4908.1,0.0,0.0,0.7924,1.34099,0.0,1,0.002945799,0.298477795,0.2971512199824981
ALULEZ_clean,18.75501,13.37911,18.68884,0.425946,1475.35,3463.71,0.0,0.0,0.8336,1.95706,0.0,0,0.002118544,0.221455561,0.20457523468250155
ALULID_clean,7.81513,5.26988,7.81513,0.929552,2122.82,2283.71,0.0,0.0,0.6652,0.715614,0.0,1,0.003312499,0.313975952,0.32893796532625097
ALURAB_clean,6.8318,3.73291,6.33433,1.05182,1255.59,1193.73,0.0,0.0,0.5338,0.507503,0.0,0,0.003615492,0.348571482,0.3416855272475006
ALUREF_clean,6.8305,3.71719,6.1852,1.05415,1260.09,1195.37,0.0,0.0,0.5302,0.502967,0.0,0,0.003657356,0.353794282,0.35162397092125075
ALURIJ_clean,6.87946,3.53974,6.12375,1.07753,1201.6,1115.15,0.0,0.0,0.5294,0.49131,0.0,0,0.003914058,0.370504151,0.3640821697250011
AMAFOK_clean,6.60314,5.66314,6.60314,1.49249,870.16,583.026,0.0,0.0,0.4392,0.294274,0.0,1,0.004907273,0.417849156,0.44083216614125037
AMAGAX_clean,6.93247,6.0951,6.93247,1.45916,960.382,658.174,0.0,0.0,0.4598,0.315113,0.0,1,0.004367107,0.377256156,0.4216814502174998
AMALND_clean,3.73865,2.65866,3.63953,1.87591,0.0,0.0,247.599,131.988,0.4986,0.265791,0.0,1,0.001060731,0.105295533,0.10752342368625
AMIKOX_clean,3.46941,2.69518,3.46727,1.4673,0.0,0.0,15.7447,10.7304,0.4072,0.277517,0.0,0,0.000352287,0.030678912,0.03463133523375002
AMILOY_clean,11.03089,9.17864,11.01877,1.00746,1259.05,1249.73,0.0,0.0,0.6048,0.60032,0.0,1,0.004760358,0.407934116,0.42273426620374993
AMIMAL_clean,11.07211,9.50667,11.06415,0.988926,1269.07,1283.28,0.0,0.0,0.6132,0.620066,0.0,1,0.004767806,0.411881222,0.4197829510712497
AMIMEP_clean,11.21563,10.87494,11.21563,0.985981,1260.64,1278.57,0.0,0.0,0.6026,0.611168,0.0,1,0.004839301,0.40325419,0.4259585192524994
AMIWID_clean,4.855,3.30529,4.84395,2.19335,0.0,0.0,638.272,291.003,0.4344,0.198053,0.0,1,0.007014937,0.501405434,0.5356385500924989
AMIWOJ_clean,4.90585,3.36795,4.88479,2.21508,656.085,296.19,0.0,0.0,0.4318,0.194937,0.0,1,0.00671908,0.484142277,0.5603588332724978
AMIWUP_clean,4.90473,3.38477,4.88556,2.24381,660.754,294.479,0.0,0.0,0.436,0.194313,0.0,1,0.007091461,0.508949837,0.5820624202624978
AMIXAW_clean,4.89298,3.37247,4.78022,2.28626,664.516,290.657,0.0,0.0,0.4276,0.18703,0.0,1,0.007250155,0.504862717,0.5873340922574964
AMIXEA_clean,4.88241,3.37465,4.70735,2.31747,652.197,281.426,0.0,0.0,0.4168,0.179851,0.0,1,0.007405035,0.517747679,0.5987382195087462
AMODUC_clean,8.56321,6.70069,8.56321,0.575734,2862.5,4971.91,0.0,0.0,0.7896,1.37147,0.000694765,1,0.003210088,0.318481618,0.3191528152562503
AMOFAK_clean,8.38842,6.72694,8.33928,0.577283,2917.64,5054.09,0.0,0.0,0.7804,1.35185,0.0,1,0.003168431,0.319059315,0.31263122130125026
AMOYOR_clean,4.82905,4.48972,4.82035,1.16972,759.125,648.979,0.0,0.0,0.4596,0.392914,0.0,0,0.004436285,0.38530638,0.4252514429037514
AMOZAE_clean,3.25002,2.76008,3.25002,2.17334,0.0,0.0,0.0,0.0,0.2818,0.129662,0.0,1,0.000929665,0.09047915,0.08878505844124952
AMUFAR_clean,4.38732,2.9867,4.29143,1.41757,0.0,0.0,601.613,424.399,0.4486,0.316458,0.0,1,0.003076459,0.265776496,0.28583155911125047
AMUFEV_clean,3.97307,3.18062,3.97307,1.5412,0.0,0.0,402.245,260.994,0.4268,0.276926,0.0,1,0.002143985,0.199055813,0.197784958941251
AMUFIZ_clean,3.98894,3.09876,3.95983,1.58987,0.0,0.0,285.405,179.515,0.4036,0.253857,0.0,1,0.001418136,0.134260936,0.1311938441287501
AMUFOF_clean,5.11388,4.36379,5.09892,1.34461,989.368,735.801,0.0,0.0,0.4928,0.366499,0.0,1,0.002516134,0.238449839,0.2411230430012504
AMUPOP_clean,4.74814,3.78436,4.74702,1.30283,544.632,418.038,0.0,0.0,0.4486,0.344328,0.0,1,0.00661458,0.508839724,0.5749805223174985
AMUWUB_clean,10.40349,8.69532,10.40349,0.914151,1431.03,1565.42,0.0,0.0,0.6498,0.710823,0.0,1,0.001610098,0.152596564,0.15934614693750165
AMUXAI_clean,8.64297,7.79614,8.57936,1.02442,1402.26,1368.83,0.421846,0.411789,0.5964,0.582182,0.0,1,0.001498051,0.136402156,0.15106528390875024
ANAWIX_clean,5.45667,5.01969,5.45432,1.52823,1486.52,972.705,0.0,0.0,0.5628,0.368269,0.0,1,0.003908701,0.364821496,0.3653768003712504
ANAWOD_clean,6.92762,6.10595,6.92762,1.43826,1562.19,1086.17,0.0,0.0,0.5924,0.411885,0.0,0,0.004522635,0.419488566,0.4417208256925017
ANEHEI_clean,6.80985,3.50032,6.5431,1.23995,1316.98,1062.12,0.0,0.0,0.5484,0.442274,0.0,1,0.004035008,0.369702826,0.38796288590374856
ANENEN_clean,6.01479,4.21811,6.00446,1.32355,832.511,628.996,0.0,0.0,0.48,0.36266,0.0,1,0.002858478,0.264652393,0.2732071075387491
ANENIR_clean,6.14773,4.26664,6.04871,1.32991,783.463,589.11,0.0,0.0,0.4684,0.352204,0.0,1,0.002965284,0.264128021,0.27541306412499894
ANEPIT_clean,3.45333,2.49152,3.2545,1.48465,0.0,0.0,1.18871,0.800668,0.394,0.265383,0.0,1,0.000212522,0.023123998,0.02024201901250011
ANIDIL_clean,5.09322,4.44244,5.09322,1.49981,585.282,390.237,0.0,0.0,0.4068,0.271234,0.0,0,0.001450658,0.138158811,0.13389557131375002
ANOMUM_clean,7.28969,4.98752,7.24267,0.833729,2493.01,2990.19,0.0,0.0,0.6952,0.833844,0.0,1,0.004921604,0.484550102,0.4610130047237487
ANONAT_manual,7.80429,5.88473,7.80429,0.800823,2311.14,2885.95,0.0,0.0,0.6928,0.86511,0.0,1,0.0045151,0.431576798,0.43462767357874904
ANUGEW_clean,14.4419,10.2051,14.4419,0.443469,2088.1,4708.57,0.0,0.0,0.8326,1.87747,0.0,1,0.003112089,0.31058858,0.3034006792237493
ANUGIA_clean,13.85309,6.75838,13.85309,0.567973,2306.32,4060.62,0.0,0.0,0.7948,1.39936,0.0,1,0.003519824,0.341350663,0.35050285231625056
ANUGOG_clean,11.39005,7.08849,11.39005,0.58467,2472.03,4228.07,0.0,0.0,0.7898,1.35085,0.0,1,0.003617884,0.369426677,0.35959654340375136
APACAX_clean,5.65344,4.07573,5.64183,1.00727,1776.16,1763.34,0.75218,0.746751,0.6264,0.621879,0.0,1,0.008522219,0.819239556,0.7416168928537447
APARAM_clean,12.00094,11.06312,12.00094,0.965457,1025.27,1061.95,99.7383,103.307,0.6016,0.623124,0.0,0,0.005956063,0.465786614,0.5359575839674996
APAYIB_clean,5.96805,4.21212,5.96805,1.10941,2139.9,1928.86,0.0,0.0,0.6164,0.555611,0.0,1,0.006393348,0.57764792,0.5763311134862464
APAYOH_clean,6.13125,4.32559,6.13125,1.11146,2186.88,1967.56,0.0,0.0,0.6078,0.546846,0.0,1,0.006215011,0.561694678,0.5691004909474964
APAYUN_clean,6.02417,4.10555,6.02138,1.04671,2066.79,1974.55,0.0,0.0,0.6206,0.592904,0.0,1,0.005578252,0.525865209,0.519340409687498
APAZAU_clean,6.57194,4.51844,6.57194,0.970314,2263.88,2333.14,0.0,0.0,0.6264,0.645564,0.0,1,0.005494126,0.535386436,0.5047250204800005
APAZEY_clean,6.61049,4.70522,6.61049,0.97171,2250.82,2316.35,0.0,0.0,0.6362,0.654722,0.0,1,0.005317606,0.513289207,0.481917246846252
APAZIC_clean,7.1095,4.86225,7.1095,0.893607,2183.36,2443.31,0.0,0.0,0.6554,0.733432,0.0,1,0.005067668,0.478958122,0.47904227740250094
APAZOI_clean,6.38612,4.28228,6.36726,1.14648,2047.77,1786.13,0.0,0.0,0.6026,0.525607,0.0,1,0.005368507,0.496037184,0.492128323205001
APEBED_clean,4.58202,3.62787,4.5574,1.65192,481.079,291.224,0.0,0.0,0.4828,0.292266,0.0,1,0.006903129,0.527603623,0.5643172543624982
APEBEE_clean,5.40727,4.06272,5.33928,1.31041,1192.91,910.333,0.0,0.0,0.513,0.391481,0.0,1,0.005727432,0.503196929,0.5001937728562482
APEBUU_clean,4.93858,3.80274,4.91529,1.49581,927.0,619.731,0.0,0.0,0.4876,0.325977,0.0,1,0.002995953,0.27072133,0.27639972391125034
APETAS_clean,3.70433,2.76055,3.70433,1.99384,0.0,0.0,131.934,66.1705,0.4318,0.216567,0.0,1,0.001621442,0.154897528,0.14522488376375015
APUPEH_clean,24.7893,14.09199,24.7893,0.298214,1535.12,5147.71,0.0,0.0,0.8874,2.97572,0.0,1,0.003126774,0.344653473,0.3005629233387508
AQAJEI_clean,6.90366,2.45763,6.89498,1.10723,0.0,0.0,1120.37,1011.87,0.5492,0.496013,0.0,1,0.00661631,0.587875339,0.588899385135002
AQALOU_clean,3.62112,2.83349,3.59255,2.24292,0.0,0.0,101.636,45.314,0.4706,0.209816,0.0,1,0.000187952,0.018122531,0.017835945451249946
AQEFUY_clean,8.95844,2.64235,8.90621,1.21964,0.0,0.0,1337.97,1097.02,0.631,0.517366,0.0,1,0.001335279,0.14414193,0.12806423405624984
AQEQES_clean,5.6853,5.37606,5.64875,1.07587,1742.46,1619.58,0.0,0.0,0.6052,0.56252,0.0,0,0.004842323,0.462665407,0.4454324529024983
AQEQIW_clean,6.30636,5.13016,6.19765,1.10057,1724.95,1567.33,0.0,0.0,0.6202,0.563526,0.0,0,0.00595124,0.556051345,0.5495373172437472
AQETIA_clean,3.53244,2.58932,3.52458,1.4454,0.0,0.0,34.785,24.0659,0.4616,0.319357,0.0,1,0.000246091,0.025744832,0.022825557204999954
AQETUM_clean,5.11237,2.99898,5.10768,1.43617,0.0,0.0,779.861,543.013,0.508,0.353718,0.0,1,0.000811184,0.08717524,0.08005507374249986
AQIQAU_clean,7.60741,6.30843,7.59214,0.861714,1966.86,2282.5,0.0,0.0,0.658,0.763595,0.0,1,0.003467485,0.346969488,0.34290986035124993
AQIXUV_clean,8.64919,5.459,8.64919,0.934501,1104.45,1181.86,0.0,0.0,0.5626,0.602032,0.0,1,0.001696124,0.163866406,0.16849039771500032
AQMAND01_clean,3.38568,2.86973,3.37428,2.08242,0.0,0.0,2.14095,1.02811,0.4646,0.223106,0.0,1,8.31e-05,0.007758667,0.007802723101250019
AQMAND_clean,3.37168,2.85465,3.37168,2.05911,0.0,0.0,2.13512,1.03691,0.4536,0.220289,0.0,1,7.24e-05,0.006343934,0.007640484427500021
AQODOA_clean,3.45952,3.20541,3.43624,1.86922,0.0,0.0,16.1822,8.6572,0.3508,0.187672,0.0,1,0.000577557,0.058200652,0.05895007036749934
AQOLEZ_clean,15.56875,9.80847,15.56875,0.777237,1278.3,1644.67,443.796,570.991,0.7198,0.926101,0.0,1,0.004563653,0.446876932,0.4263958145699992
AQOLID_clean,15.46142,7.44821,15.40352,1.15975,1222.53,1054.13,396.899,342.228,0.6494,0.559948,0.0,1,0.004149732,0.380527043,0.3991475561712492
AQOLUP_clean,15.5822,9.65924,15.5822,0.788284,1287.18,1632.89,417.804,530.017,0.712,0.903228,0.0,1,0.004628403,0.443607345,0.42627902888374936
AQOMAW_clean,15.65949,6.23259,15.65949,1.14479,1297.32,1133.23,389.885,340.573,0.648,0.566042,0.0,1,0.004000106,0.368472473,0.3900335653749994
AQOMEA01_clean,15.71951,9.72839,15.71951,0.76692,1281.45,1670.9,425.267,554.513,0.7184,0.936734,0.0,1,0.004374141,0.414658636,0.4223304496624988
AQOMEA_clean,15.83521,9.82464,15.8304,0.749306,1274.9,1701.44,431.482,575.842,0.7222,0.963826,0.0,1,0.003991714,0.398261809,0.3819010538062487
AQOSEG_clean,9.45829,3.34636,9.41904,1.01326,1393.26,1375.03,10.5845,10.446,0.6096,0.601624,0.0,1,0.002736783,0.273174026,0.25929045137499995
AQUCOF_clean,9.38154,5.59471,9.38154,1.04219,1955.75,1876.59,0.0,0.0,0.6824,0.654777,0.0,1,0.002272722,0.217552814,0.22215604287125004
AQUCOG_clean,11.41407,10.59979,11.41389,1.19971,1576.67,1314.22,0.0,0.0,0.6588,0.549134,0.0,1,0.002465788,0.24211538,0.23157841619875005
AQUCUM_clean,11.51533,10.7235,11.51515,1.1988,1578.94,1317.1,0.0,0.0,0.662,0.55222,0.0,1,0.00253178,0.248559424,0.2574491101887494
AQUDAS_clean,9.38408,5.62446,8.32943,1.03958,1962.23,1887.52,0.0,0.0,0.6752,0.649493,0.0,1,0.002285263,0.214283774,0.22245312422875
AQUDAT_clean,3.98099,3.46811,3.98099,1.656,229.295,138.463,0.0,0.0,0.3916,0.236474,0.0,1,0.002451313,0.226261616,0.22529116134124988
AQUDEX_clean,4.02336,3.48999,4.02336,1.64794,245.164,148.77,0.0,0.0,0.3954,0.239936,0.0,1,0.002549423,0.235766853,0.23872770095500062
AQUDIB_clean,11.3608,10.54479,11.3608,1.19943,1577.62,1315.3,0.0,0.0,0.659,0.549427,0.0,1,0.002486299,0.242077925,0.2367009051062497
AQUDOH_clean,4.03231,3.46877,4.03231,1.63524,245.521,150.143,0.0,0.0,0.397,0.242778,0.0,1,0.002594923,0.2264166,0.2391885755637506
ARADEE_clean,5.98273,5.3868,5.98273,1.18176,2613.25,2211.32,0.0,0.0,0.645,0.545797,0.0,1,0.004139908,0.399637642,0.3946223369737492
ARAFEF_clean,8.89536,8.62816,8.89536,0.837745,1861.72,2222.3,0.0,0.0,0.6918,0.825789,0.0,1,0.003497945,0.348292964,0.3440495921412498
ARAFIJ_clean,7.45121,6.98768,7.45121,0.945343,1746.6,1847.59,0.0,0.0,0.6538,0.691601,0.0,1,0.003847362,0.376182088,0.37311451080999936
ARAGOR_clean,6.01834,3.95176,6.01834,1.15627,1427.45,1234.53,0.0,0.0,0.5724,0.49504,0.0,1,0.004531236,0.417623455,0.4271569308262507
ARAHIM01_clean,3.591,2.5629,3.58805,1.81958,0.0,0.0,26.401,14.5094,0.4286,0.235548,0.0,0,2.3e-05,0.002590406,0.0026588955525000037
ARAHIM02_clean,3.63862,2.64947,3.63862,1.78903,0.0,0.0,42.0814,23.5219,0.4242,0.237111,0.0,0,3.81e-05,0.004122644,0.003017969098749994
ARAHIM_clean,3.63807,2.64887,3.63807,1.80218,0.0,0.0,41.7748,23.1802,0.4256,0.236159,0.0,0,2.79e-05,0.003837151,0.0029145996987499936
ARINOF_clean,4.65727,3.54074,4.65727,1.16089,773.093,665.951,0.0,0.0,0.4696,0.404519,0.0,0,0.003908272,0.352612505,0.3561884471149992
ARINUL_clean,4.74057,3.91438,4.73173,1.12547,612.424,544.15,0.0,0.0,0.4952,0.439995,0.0,0,0.003445398,0.331268835,0.3270473506525004
AROFAP_clean,6.18036,4.30595,6.18036,1.16997,1430.3,1222.5,0.0,0.0,0.575,0.491464,0.0,1,0.007351969,0.669949701,0.666282920417501
AROFET_clean,8.28593,5.15676,8.15353,0.856166,2227.42,2601.62,0.0,0.0,0.6884,0.804049,0.0,1,0.003485654,0.343798457,0.3417013792900006
ARUCOH01_clean,5.60074,2.40016,5.57079,1.16753,0.0,0.0,769.669,659.228,0.4938,0.422944,0.0,0,0.008027822,0.63113939,0.6466426192924993
ARUCUN_clean,5.23679,2.4383,5.23679,1.17134,0.0,0.0,773.334,660.216,0.4886,0.417131,0.0,0,0.009350785,0.740849945,0.7740704061525008
ARUDAU_clean,5.48855,2.55093,5.48855,1.14806,0.0,0.0,810.544,706.015,0.4956,0.431687,0.0,0,0.009418236,0.740191563,0.7786083419437511
ARUJED_clean,4.17005,2.86333,4.17005,1.28631,0.0,0.0,227.952,177.214,0.4372,0.339886,0.0,0,0.002039892,0.184605434,0.18816407689875006
ARUYES_clean,5.37817,4.58095,5.37264,1.47856,1357.43,918.075,0.0,0.0,0.5162,0.349122,0.0,1,0.005635536,0.509206489,0.4980337719487492
ARUYOB_clean,4.66265,3.34075,4.65902,1.72447,1173.38,680.429,0.0,0.0,0.5858,0.339698,0.0,1,0.006138245,0.522099949,0.5453855866224986
ARUYUH01_clean,4.94052,4.11721,4.9348,1.67517,1504.56,898.154,0.0,0.0,0.6094,0.363784,0.0,0,0.007438951,0.656403695,0.6517460360712513
ARUYUH_clean,4.6223,3.84632,4.60163,1.67938,1300.59,774.446,0.0,0.0,0.5928,0.352987,0.0,0,0.006136227,0.54458431,0.5476659048499991
ASACON_clean,6.42024,5.0837,6.41252,1.7783,988.209,555.703,0.0,0.0,0.4528,0.254625,0.0,1,0.003883924,0.336320296,0.3426049976574987
ASAHEJ_clean,7.58274,6.68199,7.16375,2.10294,1485.76,706.516,0.0,0.0,0.5748,0.273331,0.0,1,0.000705383,0.069048667,0.07153407572999987
ASAJOU_clean,4.47562,3.06398,4.09768,1.42516,0.0,0.0,693.425,486.56,0.4656,0.326701,0.0,1,0.007218942,0.591037344,0.6033165803974976
ASALAH_clean,4.30888,3.14561,4.30888,1.39086,0.0,0.0,405.157,291.3,0.508,0.365242,0.0,1,0.005038285,0.459058169,0.4409550774487514
ASALIP_clean,4.03121,2.56819,4.02424,1.49984,0.0,0.0,178.934,119.302,0.4626,0.308433,0.0,1,0.001060513,0.111850232,0.10387428768625
ASALOV_clean,4.69505,2.82604,4.69505,1.38922,0.0,0.0,474.971,341.899,0.467,0.336161,0.0,0,0.005197082,0.431550323,0.4313825150675016
ASAMUE_clean,5.18782,3.02669,5.1598,2.07087,0.0,0.0,742.415,358.504,0.465,0.224543,0.00115893,0,0.000909104,0.087188486,0.08744801152874981
ASECUY_clean,6.38635,5.15151,6.24805,1.43745,1124.79,782.485,0.0,0.0,0.5026,0.349646,0.0,1,0.002053903,0.195628869,0.20020321209625
ASEJOZ01_clean,4.14952,3.66327,4.14952,1.74866,569.673,325.777,0.0,0.0,0.506,0.289365,0.0,1,0.001440092,0.137737272,0.13594694580624947
ASEJOZ_clean,4.13262,3.6686,4.1292,1.75655,575.771,327.784,0.0,0.0,0.5006,0.28499,0.0,1,0.001427932,0.13559494,0.13560652175374938
ASINAT_clean,9.7655,7.73483,9.74652,0.727417,1863.77,2562.17,0.0,0.0,0.6748,0.927666,0.0,1,0.003781181,0.3647982,0.3684375033062498
ASINEX_clean,12.53569,7.27061,12.47881,0.659976,1848.81,2801.34,0.0,0.0,0.7014,1.06277,0.0,1,0.003428601,0.335953354,0.34275813914625003
ASINIB_clean,12.40052,7.22634,12.40052,0.666065,1847.56,2773.85,0.0,0.0,0.713,1.07047,0.0,1,0.003442238,0.332539315,0.3429901308700001
ASIQEA_clean,8.85063,6.25728,8.83155,0.902561,1517.6,1681.44,0.0,0.0,0.6232,0.69048,0.0,1,0.002830679,0.286044764,0.2844383523612499
ASIQIE_clean,9.00205,6.2555,8.99942,0.893575,1516.45,1697.06,0.0,0.0,0.6152,0.688471,0.0,1,0.002889157,0.290406824,0.28502649438999983
ASIRUR_clean,3.01302,2.45427,2.82445,1.66934,0.0,0.0,0.0,0.0,0.347,0.207866,0.0,1,0.000207938,0.016851327,0.020189309207500093
ASIVAB_clean,12.32132,7.27063,11.94622,0.538243,2328.12,4325.4,0.0,0.0,0.795,1.47703,0.0,1,0.003240494,0.313599308,0.32168065992375083
ASOHUL_clean,6.56282,6.27917,6.55848,1.03902,1614.33,1553.7,0.0,0.0,0.6152,0.592095,0.0,0,0.002659406,0.261491731,0.26532248862874896
ASOSUY_clean,9.00116,4.32918,8.7971,0.897328,2289.34,2551.28,0.0,0.0,0.6734,0.75045,0.0,1,0.004743353,0.44210741,0.4357287485612488
ASOVEL_clean,5.72633,5.3133,5.71091,1.03379,949.896,918.849,0.0,0.0,0.495,0.478821,0.0,1,0.003276192,0.327152697,0.3094497751625027
ASOYOY_clean,9.52144,5.9183,9.51707,0.828676,2119.74,2557.99,0.0,0.0,0.6796,0.820103,0.0,1,0.003830908,0.369319471,0.37224120755749934
ASUBIB_clean,6.13583,4.25508,6.12102,1.52116,1472.07,967.73,0.0,0.0,0.532,0.349733,0.0,1,0.004780552,0.44793525,0.42884135222624964
ASUJIJ_clean,4.5403,2.92723,3.73207,1.40519,0.0,0.0,582.623,414.621,0.4754,0.338317,0.0,0,0.006176484,0.517781849,0.5220973257300012
ASUKEE01_clean,4.79531,3.45398,4.78239,1.18884,601.717,506.139,0.156486,0.131629,0.504,0.423944,0.0,1,0.00503,0.439833128,0.46285798340499895
ASUKEE_clean,4.78914,3.45844,4.64139,1.18597,613.731,517.491,0.198684,0.167528,0.5058,0.426485,0.0,1,0.005209689,0.44851332,0.4629006886624982
ASUWUI_clean,7.16113,4.73321,7.10699,1.15085,1085.85,943.517,0.0,0.0,0.5382,0.467654,0.0,1,0.003386148,0.323773457,0.32241913862750216
ATAFIK_clean,6.40025,5.70377,6.3929,1.21508,2093.15,1722.65,0.0,0.0,0.6392,0.526057,0.0,1,0.004469529,0.428089034,0.4366442900162503
ATAYAX_clean,10.41989,5.8507,10.41891,0.781859,2402.26,3072.5,0.0,0.0,0.7182,0.91858,0.0,1,0.005111428,0.488389792,0.48394700538124824
ATAYEB_clean,10.54748,5.75428,10.54661,0.825883,2349.73,2845.11,0.0,0.0,0.7048,0.853389,0.0,1,0.004559705,0.453283067,0.4294797359974998
ATEXII_clean,4.45326,2.66514,4.20137,1.33819,0.0,0.0,410.206,306.538,0.4834,0.361234,0.0,1,0.003551326,0.323481254,0.32502486483624765
ATEYED_clean,7.47545,6.2198,7.47545,0.467817,3303.45,7061.42,0.0,0.0,0.7762,1.6592,0.0,1,0.003890374,0.375915194,0.3792533640162492
ATEYOP_clean,10.52737,8.16815,10.52737,0.722386,2397.76,3319.23,0.0,0.0,0.744,1.02992,0.0,1,0.004385573,0.444582015,0.4192849001550008
ATEYUV_clean,10.25531,8.1108,10.25531,0.751133,2430.54,3235.83,0.0,0.0,0.7324,0.975061,0.0,1,0.004812101,0.470521722,0.4325274974362503
ATEZAC_clean,10.53968,7.74023,10.53968,0.687634,2293.89,3335.91,0.0,0.0,0.7586,1.1032,0.0,1,0.003431698,0.35468438,0.34337265430000036
ATIBAG_clean,4.88713,3.88543,4.88713,1.64828,882.041,535.129,0.0,0.0,0.4606,0.279443,0.0,0,0.001737233,0.160762697,0.16603462369999972
ATIBIO_clean,4.28706,2.8859,4.28516,1.7314,0.0,0.0,323.094,186.609,0.396,0.228717,0.0,0,0.001024705,0.093525969,0.10111420175125047
ATIBOU01_clean,5.12784,4.01813,5.11026,1.59271,1003.99,630.367,0.0,0.0,0.4816,0.302377,0.0,0,0.001690928,0.165302176,0.16261198239125016
ATIBOU02_clean,5.13844,4.03284,5.13064,1.58929,1001.62,630.232,0.0,0.0,0.4764,0.299756,0.0,0,0.001679751,0.158964789,0.1627192764300001
ATIBOU_clean,4.75824,3.95303,4.75824,1.66268,883.495,531.369,0.0,0.0,0.4562,0.274376,0.0,0,0.001700508,0.163047606,0.16302394875625026
ATIBUA_clean,4.92972,3.79229,4.92858,1.6758,825.852,492.811,0.0,0.0,0.4524,0.269961,0.0,0,0.001644623,0.16318652,0.16047392153750004
ATICAH_clean,5.2478,3.97372,5.19698,1.59515,971.718,609.171,0.0,0.0,0.4788,0.30016,0.0,0,0.001647816,0.15704074,0.16221582461125014
ATICEL_clean,4.9438,3.91943,4.9438,1.60993,940.703,584.311,0.0,0.0,0.4708,0.292434,0.0,0,0.001588738,0.15375309,0.15385498588375074
ATIJUJ_manual,17.44029,16.95439,17.44029,0.753394,1262.36,1675.56,0.0,0.0,0.7098,0.942136,0.0,1,0.001078105,0.109079942,0.10517451343000017
ATIRUS_clean,4.46122,3.66446,4.46122,2.04969,327.839,159.946,0.0,0.0,0.4254,0.207544,0.0,1,0.000441237,0.043782723,0.04092844391874997
ATIXAE_clean,6.03489,5.11879,6.02804,1.08037,1988.86,1840.92,0.0,0.0,0.5946,0.550369,0.0,1,0.00353678,0.332067495,0.34185914943375045
ATIXUX_clean,4.75983,4.08689,4.75983,1.55048,933.775,602.248,10.5817,6.82478,0.5034,0.324673,0.0,0,0.006088269,0.526865739,0.5380408481437499
ATOGEV_clean,5.55487,4.3075,5.55487,1.61783,1414.83,874.522,0.0,0.0,0.6026,0.372475,0.0,0,0.005128154,0.470797219,0.46031634752499834
ATOWIQ_clean,9.54888,7.69493,9.54888,0.866747,1781.33,2055.19,0.0,0.0,0.6812,0.785928,0.0,1,0.003439975,0.336708783,0.3411892860887501
ATOWOW_clean,9.60606,7.73922,9.60387,0.865497,1776.39,2052.45,0.0,0.0,0.6816,0.787524,0.0,1,0.003432497,0.331192358,0.34113341295625005
ATULIM_clean,4.7399,4.20115,4.72096,1.75805,590.761,336.032,0.0,0.0,0.3948,0.224567,0.0,0,0.006350204,0.459331892,0.5225792429037509
ATUXIY_clean,5.42434,3.78722,5.41357,1.56042,1520.84,974.637,0.0,0.0,0.5342,0.342345,0.0,1,0.005463208,0.486176824,0.482812044187498
ATUXOE_clean,4.28881,2.66857,4.28881,1.71175,0.0,0.0,211.753,123.705,0.3874,0.226318,0.0,1,0.003041935,0.267940492,0.28658178046625005
ATUYAR_clean,4.18124,2.56035,4.16282,1.74967,0.0,0.0,180.134,102.953,0.378,0.21604,0.0,1,0.003319009,0.30425406,0.31139760571999875
AVAGIP_clean,4.84155,4.68679,4.83529,1.40449,799.444,569.206,0.0,0.0,0.4578,0.325955,0.0,1,0.001875676,0.181406582,0.17273775746749936
AVAGOV_clean,4.8139,4.57423,4.8139,1.40471,790.723,562.91,0.0,0.0,0.4598,0.327328,0.0,1,0.002147458,0.197194798,0.20070669762875082
AVAKAL_clean,26.25291,12.57512,26.25291,0.207415,1259.45,6072.13,0.0,0.0,0.913,4.40181,0.0,1,0.004101406,0.382944142,0.4072047360499973
AVAKEP_clean,25.17564,12.49369,25.17564,0.244994,1420.93,5799.87,0.0,0.0,0.8902,3.63356,0.0,1,0.003964867,0.380329273,0.38153726269874894
AVALEO_clean,3.5827,2.67831,3.53096,1.45932,0.0,0.0,13.0526,8.94432,0.4134,0.283282,0.0,0,4.84e-05,0.003264109,0.004725923972500014
AVAQIX01_clean,5.36267,3.61603,5.3498,1.32796,1049.23,790.108,0.0,0.0,0.535,0.402873,0.0,1,0.010125593,0.808351824,0.8233407304750004
AVAQIX_clean,5.44587,3.64311,5.44587,1.30707,1099.34,841.068,0.0,0.0,0.5528,0.42293,0.0,1,0.009645091,0.779026599,0.8060073810637504
AVEHAM_clean,4.51878,3.91316,4.51878,1.20992,526.263,434.955,0.0,0.0,0.4704,0.388785,0.0,0,0.00337413,0.303442587,0.32117355708750034
AVELOD_clean,8.08398,4.98141,8.08398,0.915242,1686.35,1842.51,0.0,0.0,0.6036,0.659498,0.0,1,0.002819755,0.274823377,0.28348111609125026
AVELUJ_clean,8.10638,4.88927,8.10638,0.902679,1696.47,1879.38,0.0,0.0,0.605,0.670227,0.0,1,0.002898526,0.288636219,0.2842133125237501
AVEMAQ_clean,7.89565,4.97897,7.87662,0.907269,1685.58,1857.86,0.0,0.0,0.6116,0.674111,0.0,1,0.002622224,0.261208204,0.2665619355849988
AVEQID_clean,7.54994,6.22752,7.22874,0.801255,2259.4,2819.83,0.0,0.0,0.702,0.876126,0.0,1,0.004308428,0.434991328,0.42939410201124767
AVESAW_clean,4.33245,2.46317,3.59191,2.03317,0.0,0.0,234.942,115.554,0.4518,0.222214,0.0,1,0.002122368,0.193524097,0.1965848116100008
AVESOL_clean,5.87217,4.28231,5.84929,0.954537,2386.36,2500.02,0.0,0.0,0.6616,0.693111,0.0,1,0.008900988,0.828135443,0.7934183156174981
AVETEC_clean,5.69318,3.49916,5.67679,1.19478,1755.51,1469.31,2.63176,2.20271,0.6268,0.524615,0.0,0,0.008244572,0.763918942,0.7256957555737462
AVIHIY_clean,6.88379,6.45442,6.88379,1.62124,1571.08,969.06,0.0,0.0,0.5722,0.35294,0.0,0,0.003583775,0.343247251,0.33134328024124976
AVIHOE_clean,6.82367,6.45553,6.82367,1.66276,1569.85,944.123,0.0,0.0,0.5622,0.338112,0.0,0,0.003661958,0.355501742,0.34429965716499966
AVILEY_clean,25.42698,10.76844,22.57889,0.654082,1604.18,2452.57,0.0,0.0,0.8422,1.28761,0.0,1,0.001851983,0.181415364,0.18226110448999905
AVIMOI_clean,5.73292,4.38571,5.54624,1.22616,1137.64,927.807,0.0,0.0,0.5176,0.422132,0.0,1,0.007710052,0.625536771,0.6603941299387504
AVIMUO_clean,5.70679,3.6399,5.68672,1.24095,795.076,640.701,0.0545715,0.0439757,0.4934,0.397599,0.0,1,0.00414202,0.359978139,0.37951681650124813
AVIPAX_clean,7.26399,5.25081,7.26386,0.96381,1855.66,1925.33,0.0,0.0,0.5882,0.610286,0.0,1,0.005988436,0.544089707,0.5631774313849969
AVIPOL_clean,6.57451,5.5873,6.57451,0.939158,1727.44,1839.35,0.0,0.0,0.604,0.64313,0.0,1,0.005321764,0.506652819,0.4740410481662503
AVITUU_clean,11.69294,6.93274,11.69294,0.710904,1782.6,2507.52,25.4741,35.8333,0.6994,0.983817,0.0,0,0.00472496,0.46039925,0.4321532317500017
AVIVAC_clean,11.84006,7.39815,11.84006,0.73653,1721.91,2337.87,62.4247,84.7552,0.713,0.968053,0.0,1,0.004214284,0.414953199,0.4096201828074989
AVIVEG_clean,11.84801,7.36492,11.84801,0.733043,1723.96,2351.79,66.007,90.0452,0.716,0.97675,0.0,1,0.004265811,0.417766886,0.4096619502099989
AVIVIK_clean,11.79938,6.70311,11.79938,0.734288,1705.89,2323.19,141.576,192.807,0.7142,0.972643,0.0,1,0.004339198,0.414447298,0.4228581312912503
AVIVOQ_clean,11.94166,7.13512,11.94166,0.709142,1885.38,2658.68,0.0,0.0,0.7218,1.01785,0.0,1,0.004345444,0.427425857,0.42359941850624994
AVIVUW_clean,12.04076,6.91892,12.04076,0.729779,1690.09,2315.89,127.81,175.136,0.7162,0.981393,0.0,1,0.004183056,0.409008857,0.4063178580099986
AVUDAX_clean,5.88567,3.71625,5.47513,0.998153,1603.89,1606.86,0.0,0.0,0.5746,0.575663,0.0,1,0.003175813,0.30678495,0.2997700938037516
AVUJIL_clean,3.40668,2.4007,3.40668,2.10552,0.0,0.0,2.97401,1.41248,0.3728,0.177058,0.0,1,2.72e-05,0.003440577,0.0028000279150000055
AVUPIR_SL,3.63524,3.03051,3.59369,1.50649,0.0,0.0,81.8282,54.317,0.4362,0.289547,0.0,0,0.000387339,0.036260776,0.03741939993125007
AWAGEL_clean,8.54501,7.28684,8.54501,0.99094,1266.94,1278.53,0.0,0.0,0.599,0.604476,0.0,1,0.002230275,0.229780204,0.2170981122812496
AWAGOV_clean,8.03493,4.40002,8.02722,1.14872,740.321,644.475,67.7082,58.9423,0.4848,0.422035,0.0,1,0.003244876,0.298529469,0.3085639839912517
AWAHAI_clean,12.74142,3.10347,12.74142,2.97237,0.0,0.0,1275.62,429.158,0.5854,0.196947,0.0,1,0.000498621,0.051121894,0.051813867391249685
AWAHEM_clean,7.6574,4.85724,7.65488,2.1582,1774.85,822.374,0.0,0.0,0.6144,0.284682,0.0,1,0.000958184,0.094722794,0.0915148404637496
AWAJIT_clean,5.17601,2.96369,5.14098,1.35864,0.0,0.0,482.657,355.251,0.4418,0.325179,0.0,1,0.007913928,0.515238806,0.6073451712337471
AWAKEQ_clean,5.66517,3.68033,5.65855,1.19573,631.039,527.745,0.0,0.0,0.5032,0.420832,0.0,1,0.002049812,0.188384613,0.1921139479437503
AWAREV_clean,4.9083,4.51433,4.9083,1.8749,727.007,387.757,0.0,0.0,0.456,0.243213,0.0,0,0.003187877,0.285139991,0.29266848256875055
AWARIZ_clean,4.91504,4.51953,4.91504,1.87821,723.101,384.994,0.0,0.0,0.4558,0.242678,0.0,0,0.003276952,0.282292104,0.3066256918500001
AWASAU_clean,4.69319,4.39635,4.67513,2.36864,953.131,402.396,0.0,0.0,0.479,0.202226,0.0,1,0.001476293,0.139575556,0.1367933038612499
AWASEY_clean,12.05091,7.26209,12.03698,1.15771,1906.22,1646.54,0.0,0.0,0.7186,0.620707,0.0,1,0.001124553,0.11184575,0.10956169672875009
AWASOI_clean,5.09655,4.11557,4.6794,2.36169,945.621,400.401,0.0,0.0,0.4824,0.204261,0.0,1,0.001459466,0.134641035,0.1349494851749998
AWAWUR_clean,9.42427,4.27216,9.42427,0.982453,1582.3,1610.56,0.0,0.0,0.6066,0.617434,0.0,1,0.004019719,0.368776641,0.3954903420412488
AWEGEP_clean,6.08144,3.63724,6.07038,2.1577,1410.66,653.78,0.0,0.0,0.573,0.265561,0.0,1,0.001045794,0.097071011,0.10507200305500072
AWEJIW_clean,10.88001,10.50387,10.88001,1.19375,1315.8,1102.24,0.0,0.0,0.6004,0.502953,0.0,1,0.003869798,0.350048714,0.36632150324125057
AWEVIJ_clean,10.6197,8.65931,10.61387,0.747212,1607.37,2151.16,0.0,0.0,0.6408,0.857588,0.0,1,0.004458383,0.428258769,0.4257701046937507
AWEZOS01_clean,5.84706,3.42755,5.84706,1.53516,287.064,186.993,30.7793,20.0495,0.4222,0.27502,0.0,1,0.001156116,0.088885501,0.10869519520250033
AWEZOS_clean,5.8274,3.41984,5.8274,1.53516,283.608,184.741,30.6343,19.9551,0.4216,0.274629,0.0,1,0.001127532,0.092107881,0.10872785512625022
AWIBAK_clean,5.84822,3.40416,5.84822,1.53516,287.757,187.444,30.381,19.7901,0.4208,0.274108,0.0,1,0.001080144,0.084956062,0.10437107068875033
AWIBAL_clean,4.9496,4.4506,4.9496,1.68807,1040.45,616.352,0.0,0.0,0.482,0.285533,0.0,1,0.005627854,0.485940208,0.48562033004749844
AWIBEO_clean,5.87793,3.52185,5.87695,1.56801,309.299,197.256,17.3334,11.0544,0.4132,0.263519,0.0,1,0.00073864,0.067338515,0.07082369140124962
AWIBIS_clean,5.87895,3.53481,5.87895,1.56101,324.784,208.06,18.8769,12.0927,0.4176,0.267519,0.0,1,0.000835113,0.071131871,0.08552348206124988
AWOFOI_clean,5.44554,4.19244,5.4181,1.31908,2093.99,1587.46,0.0,0.0,0.5974,0.452892,0.0,1,0.004401202,0.428036578,0.42032691824625085
AWUPAL_clean,18.42063,9.23563,18.42063,0.348553,1743.14,5001.08,0.0,0.0,0.8538,2.44956,0.0,1,0.003602812,0.358454418,0.3573924837625016
AXAFAG_clean,6.59817,6.13172,6.59498,2.82524,1689.3,597.93,0.0,0.0,0.606,0.214495,0.0,1,0.000889489,0.087974597,0.08812041462624957
AXAQAT_clean,3.7148,2.67421,3.70703,2.23963,0.0,0.0,62.5697,27.9375,0.4054,0.181012,0.0,1,0.00044799,0.043924965,0.04255573770000015
AXAWUT_clean,3.64914,2.50354,3.58636,1.84389,0.0,0.0,188.441,102.198,0.4882,0.264767,0.0,1,0.000952189,0.099009835,0.09041110756499929
AXIMUP_clean,8.06476,5.62993,7.88344,0.749362,2380.21,3176.31,0.0,0.0,0.7064,0.942669,0.0,1,0.003084648,0.310389922,0.3062300403687501
AXINAX01_clean,19.47488,13.27772,19.47462,0.402001,1509.07,3753.89,0.0,0.0,0.8346,2.07611,0.0,1,0.003687861,0.338669885,0.36205772947500114
AXINEA_clean,5.37744,3.53202,5.37744,1.38918,653.213,470.214,0.0,0.0,0.4478,0.322348,0.0,0,0.00364921,0.305786183,0.33850923617624845
AXINIF_clean,9.6188,8.65235,9.60052,0.750661,2213.56,2948.81,0.0,0.0,0.6692,0.891481,0.0,1,0.004792054,0.456267571,0.43120960305250045
AXIPEE01_clean,6.81111,4.3641,6.75959,1.50078,1988.24,1324.81,0.0,0.0,0.6082,0.405257,0.0,1,0.002133283,0.212872295,0.2079189648587509
AXIPEE02_clean,6.48792,4.04495,6.46524,1.63435,1656.81,1013.74,0.0,0.0,0.5904,0.361245,0.0,1,0.002281317,0.220690367,0.2197927201512507
AXIPEE03_clean,6.5428,4.0805,6.53621,1.61298,1706.94,1058.25,0.0,0.0,0.59,0.365782,0.0,1,0.002250257,0.220657984,0.2166765212275004
AXIPEE_clean,6.41608,3.94175,6.40902,1.68088,1551.99,923.32,0.0,0.0,0.574,0.341488,0.0,1,0.002256204,0.226502704,0.2170792511200005
AXOHIE_clean,5.69113,3.08506,5.69113,1.29178,0.0,0.0,572.793,443.412,0.4778,0.369876,0.0,0,0.002800736,0.242652317,0.2661286068199989
AXUBAW_manual,14.24572,5.52422,14.23389,0.741721,1799.0,2425.44,0.0,0.0,0.7126,0.960739,0.0,0,0.002484548,0.241174341,0.23565536441499962
AXUBOL_clean,7.85983,4.2994,7.19513,1.05112,1083.88,1031.17,529.841,504.074,0.6054,0.575959,0.0,0,0.005231187,0.484591767,0.4699443661962501
AXUHAD_clean,9.91084,4.94321,9.90364,0.792408,1603.43,2023.49,0.0,0.0,0.6302,0.795297,0.0,1,0.003010787,0.289528282,0.29695867949375027
AXUHEH_clean,7.21454,5.63203,7.19196,1.06453,1024.66,962.545,0.0,0.0,0.4958,0.465746,0.0,1,0.004198698,0.346124393,0.39570404905000023
AXUHIL_clean,5.52712,3.3542,5.48282,1.22986,853.186,693.728,0.0,0.0,0.5008,0.407202,0.0,1,0.003795586,0.328255373,0.348441548124999
AXUPEO_clean,6.09832,3.292,6.09832,1.66532,0.0,0.0,1029.44,618.162,0.4872,0.292556,0.0,1,0.003023179,0.268786458,0.28080985636125017
AYAWEE_clean,4.45454,3.05423,4.4425,1.38548,0.0,0.0,407.915,294.422,0.4026,0.290586,0.0,1,0.007036517,0.509909255,0.5451297825849991
AYOQEM_clean,12.16451,6.87343,12.16451,0.774775,2322.28,2997.35,0.0,0.0,0.7066,0.912006,0.0,1,0.003366856,0.336090195,0.33675647977875056
AYOXUJ_clean,6.31092,5.4451,6.31092,1.11362,828.348,743.833,0.0,0.0,0.4926,0.442341,0.0,1,0.0011021,0.114489312,0.10826005487
AYOYOE_clean,3.80039,2.40725,3.79679,1.3682,0.0,0.0,88.7649,64.8773,0.419,0.306242,0.0,1,0.000513265,0.047280124,0.05164083608874976
AYUJIP_clean,12.69936,7.89199,12.69936,1.08786,1666.19,1531.63,0.0,0.0,0.6204,0.570296,0.0,1,0.002881342,0.281010096,0.28484716904499907
AYUPOZ_clean,4.01743,3.16861,3.98996,1.82543,0.0,0.0,467.696,256.211,0.5504,0.301518,0.0,1,0.000379081,0.034690708,0.03534148380874993
AYUWUM_clean,4.54144,3.13863,4.54144,1.25983,0.0,0.0,541.986,430.206,0.4246,0.33703,0.0,1,0.006186932,0.432213146,0.5192452129275007
AZAFIS_clean,4.56554,4.01347,4.56554,1.5219,1198.03,787.192,0.0,0.0,0.5324,0.349826,0.0,1,0.005682412,0.489199611,0.4977063312412481
AZAVOO_clean,5.27678,3.99297,4.86471,1.01321,1059.99,1046.17,0.0,0.0,0.5368,0.529802,0.0,1,0.008927959,0.757399181,0.7771085710124983
AZAVUU_clean,5.48228,4.93668,5.47166,1.18498,1132.58,955.777,0.0,0.0,0.5306,0.44777,0.0,1,0.007336839,0.625349489,0.6531848115150009
AZAWAB_clean,5.65614,4.89759,5.3467,1.11309,1245.12,1118.62,0.0,0.0,0.5586,0.501848,0.0,1,0.006049437,0.525546267,0.5597526247237485
AZAWAZ_clean,3.88927,2.89659,3.85613,2.7922,0.0,0.0,321.497,115.141,0.4724,0.169186,0.0,1,0.00025318,0.027233832,0.026008133672499927
AZEBUE_clean,5.44142,4.51467,5.32983,1.81828,1092.81,601.015,0.0,0.0,0.5076,0.279165,0.0,1,0.005585878,0.459481222,0.48368733700499855
AZEWEH_clean,4.13891,3.52594,4.05476,2.44574,369.977,151.274,133.125,54.4315,0.4542,0.185711,0.0,1,0.003499878,0.276838884,0.3216545953687478
AZILEA_clean,4.19485,2.70328,3.77354,1.78477,0.0,0.0,157.26,88.1122,0.4734,0.265244,0.0,1,0.001163928,0.113617968,0.11414757590499952
AZILEC_clean,6.00977,3.33344,6.00977,1.22585,848.922,692.515,0.0,0.0,0.4804,0.39189,0.0,0,0.003377316,0.308365951,0.3202034692612503
AZIMIH_clean,4.50158,3.25724,4.48514,1.45246,0.0,0.0,974.247,670.754,0.5414,0.372746,0.0,1,0.010643063,0.843312401,0.8246054074950024
AZIVAI_clean,7.0547,5.80911,7.0547,0.682418,2610.44,3825.28,0.0,0.0,0.715,1.04774,0.0,1,0.004618016,0.445473322,0.437380193907499
AZIXUD_clean,5.99991,4.88169,5.99991,1.10463,1885.15,1706.59,0.0,0.0,0.6184,0.559825,0.0,1,0.004831566,0.45964484,0.4425471467262499
AZOBUN_clean,3.38723,2.56684,3.34896,1.71622,0.0,0.0,0.706085,0.41142,0.368,0.214425,0.0,1,5.39e-05,0.0050884,0.00489214349624997
BACGAQ_clean,5.16583,4.20229,5.16583,1.16624,909.575,779.923,0.0,0.0,0.5142,0.440905,0.0,0,0.004323002,0.385040955,0.4166445546150009
BACMOH10_clean,3.65898,3.18288,3.65898,1.51372,0.0,0.0,138.594,91.5585,0.437,0.288693,0.0,1,0.002071753,0.195714192,0.1970792958300006
BACMOH_clean,3.80267,3.23476,3.7954,1.46145,0.0,0.0,261.436,178.888,0.4694,0.321188,0.0,1,0.001361434,0.136461635,0.12768818645874982
BADHIA_clean,4.01973,3.00401,3.79822,1.23442,0.0,0.0,175.187,141.918,0.5186,0.420115,0.0,0,0.00115123,0.118264082,0.11293110440624972
BADHOG_clean,4.02045,2.99403,3.87478,1.24012,0.0,0.0,175.33,141.381,0.5174,0.417217,0.0,0,0.001243812,0.128434624,0.12481705694499944
BADHUM01_clean,3.74769,2.58193,3.73654,1.3573,0.0,0.0,40.8897,30.1258,0.4442,0.327269,0.0,0,0.000348858,0.033935798,0.03468741937749988
BADHUM_clean,4.02685,2.97037,3.56285,1.24704,0.0,0.0,171.297,137.363,0.5148,0.412818,0.0,0,0.001365912,0.130831007,0.12941839885999892
BADJAU_clean,4.09763,2.99488,3.66142,1.2661,0.0,0.0,152.398,120.368,0.5032,0.397442,0.0,0,0.000955333,0.101564982,0.09007195664749933
BADYAJ_clean,8.60576,7.13629,8.60576,0.984728,1990.18,2021.04,0.0,0.0,0.6528,0.662924,0.0,0,0.002768205,0.262869971,0.27154675210125
BAEDTA01_clean,5.34617,4.27166,5.33175,2.14248,360.006,168.032,116.013,54.1487,0.3902,0.182125,0.0,1,0.003383221,0.262583071,0.3130510580587495
BAFCAP_clean,5.02045,3.27172,4.77527,1.09251,0.0,0.0,729.312,667.559,0.5198,0.475787,0.0,1,0.008613151,0.661209347,0.7228740961999996
BAFHAU_clean,9.02635,7.37185,9.02635,0.858551,2348.05,2734.89,0.0,0.0,0.738,0.859588,0.0,0,0.001196792,0.120039102,0.12664804044625116
BAFKUR_clean,4.20949,2.7626,3.99865,1.34841,0.0,0.0,180.788,134.075,0.4148,0.307621,0.0,0,0.00293027,0.265741336,0.27235277515624895
BAHGUN01_clean,4.22559,3.22631,4.03111,1.51116,0.0,0.0,307.106,203.226,0.4102,0.271448,0.0,1,0.008764346,0.699712537,0.6405561979737491
BAHGUN02_clean,4.20642,3.207,4.1966,1.52235,0.0,0.0,303.905,199.629,0.3948,0.259336,0.0,1,0.008723729,0.698700109,0.6399749527112487
BAHGUN03_clean,4.25449,3.25933,4.23074,1.50254,0.0,0.0,321.562,214.012,0.4192,0.278993,0.0,1,0.008815494,0.710161755,0.6426941335887487
BAHGUN04_clean,4.27373,3.28764,4.25925,1.48559,0.0,0.0,336.973,226.827,0.424,0.285408,0.0,1,0.008203223,0.688356194,0.6014301243674962
BAHGUN_clean,4.27624,3.25563,4.26728,1.49375,0.0,0.0,335.921,224.883,0.429,0.287196,0.0,1,0.008892216,0.72558887,0.6615678121012492
BAKFAV_clean,5.07804,3.13825,4.96712,1.79842,0.0,0.0,881.921,490.386,0.5434,0.302154,0.0,0,0.006962665,0.542998538,0.5533027494975002
BAKGAX_clean,4.24107,3.05463,4.22099,1.71407,0.0,0.0,485.504,283.247,0.4492,0.262067,0.0,1,0.003020278,0.276466151,0.2820561151687501
BAKGIF_manual,7.54763,6.30914,7.54763,1.01674,1528.77,1503.6,0.0,0.0,0.6098,0.599757,0.0,0,0.002681302,0.254153142,0.26907471126499893
BAKJEE_clean,6.44764,5.41267,6.44764,0.918977,2207.44,2402.06,0.0,0.0,0.6406,0.69708,0.0,1,0.005000393,0.491527463,0.46899264569249943
BAKJII_clean,6.19215,5.21845,6.19129,0.959339,2059.17,2146.44,0.0,0.0,0.6236,0.650031,0.0,0,0.00648016,0.603038922,0.5887907164499978
BAKJOO_clean,7.70901,5.72948,7.70901,1.0049,1743.18,1734.69,0.0,0.0,0.6112,0.608223,0.0,1,0.004059933,0.39226946,0.400604965146248
BAKYOE_clean,7.11646,6.19226,7.11412,1.03097,1502.21,1457.08,0.0,0.0,0.5848,0.56723,0.0,0,0.005219775,0.480213072,0.47200223829250004
BALMUW01_clean,3.18622,2.60913,3.18622,3.38861,0.0,0.0,0.0,0.0,0.2368,0.0698811,0.0,0,0.000153237,0.017059186,0.01648232862
BALMUW_clean,3.22163,2.73038,3.21802,3.31599,0.0,0.0,0.0,0.0,0.2458,0.0741257,0.0,0,0.000212867,0.020280622,0.021223211802500058
BALPAH_clean,5.85023,3.45925,5.40262,1.81974,608.898,334.607,332.251,182.582,0.504,0.276963,0.0,1,0.001028452,0.096114935,0.10092237547000052
BALPIP_clean,5.91187,3.30294,5.87314,2.26869,0.0,0.0,801.363,353.228,0.4828,0.21281,0.0,1,0.000728613,0.067580546,0.06968029761749997
BAMKIM_clean,6.79615,5.75134,6.79615,1.10764,1482.92,1338.8,0.0,0.0,0.5666,0.511536,0.0,1,0.00192422,0.184676363,0.1849472065062492
BAMKOS_clean,6.76349,5.81846,6.76349,1.11335,1511.81,1357.89,0.0,0.0,0.5736,0.515203,0.0,1,0.002009139,0.199979786,0.19218604758375035
BANMAG_clean,8.68497,7.44113,8.68497,1.37401,1122.97,817.297,0.0,0.0,0.5786,0.421103,0.0,1,0.000723873,0.067810508,0.07222996560749992
BAPDAA_clean,12.36039,11.54677,12.35976,1.38142,1564.69,1132.67,0.0,0.0,0.6892,0.498906,0.0,1,0.002014102,0.196005239,0.19239159197750005
BAQWEY_clean,9.21635,3.18734,9.21635,1.58245,0.0,0.0,1491.77,942.698,0.6166,0.389649,0.0,1,0.000965239,0.097946314,0.08988228009874973
BAQWIC_clean,8.02487,5.97028,8.01109,1.63849,1438.26,877.793,0.0,0.0,0.5894,0.359721,0.0,1,0.000923496,0.090880631,0.09083852233374966
BAQWOI_clean,8.53121,2.80966,8.07183,1.7295,0.0,0.0,1091.04,630.841,0.5282,0.305405,0.0,1,0.000951294,0.093823036,0.08940272165499978
BARZAW_clean,7.73837,2.55685,7.73837,1.4812,0.0,0.0,474.604,320.418,0.3868,0.26114,0.0,1,0.001886241,0.168887579,0.17041867828499985
BARZIE_clean,7.74818,2.59314,7.74818,1.44336,0.0,0.0,484.289,335.528,0.3822,0.264798,0.0,0,0.001647349,0.154518059,0.1506518886912506
BARZOK_clean,7.65896,2.7399,7.6464,1.45609,0.0,0.0,478.144,328.376,0.3942,0.270726,0.0,0,0.001674221,0.151392193,0.15077742185000068
BARZUR_clean,5.4946,5.30289,5.4946,0.925783,1729.65,1868.31,0.0,0.0,0.6062,0.654797,0.0,1,0.007424466,0.664600316,0.671117951125001
BASJUB_clean,5.47244,4.59142,5.38091,1.03022,1558.36,1512.66,0.0,0.0,0.5602,0.54377,0.0,0,0.005163088,0.47598349,0.4679152893187487
BASSOF_clean,4.00711,2.89971,3.93988,2.37315,0.0,0.0,134.573,56.7065,0.3144,0.132482,0.0,1,0.000653875,0.060336673,0.06457332311124987
BASSUL_clean,4.06394,2.65439,4.06394,2.38455,0.0,0.0,124.01,52.0055,0.313,0.131262,0.0,1,0.000604166,0.060002193,0.060225926803749635
BASTAS_clean,4.07475,2.66663,3.75664,2.3203,0.0,0.0,126.008,54.3067,0.3218,0.138689,0.0,1,0.000607343,0.056741639,0.060220645923749636
BASTEW_clean,4.09539,2.76249,4.09539,2.27886,0.0,0.0,133.259,58.4764,0.3336,0.146389,0.0,1,0.000632958,0.058786573,0.06158418908624973
BASTIA_clean,4.02341,2.90131,3.96149,2.33951,0.0,0.0,138.393,59.1545,0.3156,0.1349,0.0,1,0.000646922,0.058328824,0.06435471299499984
BASTUM_clean,4.06234,2.73986,4.06234,2.35952,0.0,0.0,141.316,59.8916,0.3278,0.138926,0.0,1,0.000649821,0.059337868,0.06435025329999984
BAWRUO_clean,7.29901,5.68693,7.29887,2.71918,1447.8,532.44,20.7388,7.62687,0.5782,0.212638,0.0,1,0.001263388,0.122867908,0.12619181192250065
BAXFIR01_clean,4.08461,3.48945,4.06863,1.30493,544.936,417.597,0.0,0.0,0.4766,0.36523,0.0,0,0.004256595,0.404537573,0.38178667250750037
BAXFIR02_clean,4.03285,3.42273,4.0125,1.31623,519.268,394.513,0.0,0.0,0.474,0.360121,0.0,0,0.004403374,0.411604347,0.4058432189562513
BAXFUD_clean,4.14435,3.36776,4.138,1.24657,540.704,433.752,0.0,0.0,0.5082,0.407677,0.0,0,0.003515574,0.323496959,0.3278837701912484
BAXGAK_clean,4.01414,3.50024,4.01414,1.30644,545.181,417.302,0.0,0.0,0.4712,0.360674,0.0,0,0.004188193,0.40265082,0.3808901674575002
BAXREY_clean,6.69748,3.29424,6.69423,1.52944,0.0,0.0,667.0,436.106,0.4682,0.306124,0.0,0,0.000691765,0.068153508,0.06889865073499962
BAXSIE_clean,5.31376,5.06628,5.30265,1.49933,912.911,608.879,0.0,0.0,0.437,0.291463,0.0,1,0.004540532,0.387688541,0.42335814345749945
BAZDAJ_clean,3.95091,2.91907,3.91167,1.64501,0.0,0.0,134.822,81.9581,0.3838,0.233311,0.0,0,0.00131658,0.116928781,0.12275750812874973
BAZFUF01_clean,20.14565,8.54605,20.14565,0.342062,1831.33,5353.8,0.0,0.0,0.863,2.52293,0.0,1,0.003323877,0.318678507,0.3379943871200005
BAZFUF_clean,20.24597,8.58384,20.24597,0.340053,1825.41,5368.02,0.0,0.0,0.8648,2.54313,0.0,1,0.003204641,0.320231514,0.31530378907250095
BAZGAM_clean,42.79818,24.24061,42.79818,0.126526,810.47,6405.57,0.0,0.0,0.9392,7.42299,0.0,1,0.00496533,0.520058647,0.43938395486124676
BAZGEQ_clean,27.24034,13.9632,26.75245,0.334895,1602.49,4785.05,0.0,0.0,0.8624,2.57514,0.0,1,0.003559819,0.352573781,0.34862400954750045
BAZJET_clean,13.37019,12.10117,13.37019,0.621294,2143.77,3450.5,0.0,0.0,0.742,1.19428,0.0,1,0.004050372,0.385844728,0.407313543678747
BAZJIX_clean,8.75902,7.46421,8.75317,0.770453,2094.53,2718.57,0.0,0.0,0.676,0.877405,0.0,1,0.00423933,0.411466235,0.41049039910749796
BEDYEQ_clean,33.05863,31.49051,33.05863,0.462445,1416.09,3062.18,0.0,0.0,0.8292,1.79308,0.000432484,1,0.003553201,0.330214266,0.3476892383875003
BEFGEA_manual,9.2615,6.75088,8.75247,0.652591,2421.36,3710.38,0.0,0.0,0.722,1.10636,0.0,0,0.004579472,0.453727235,0.43340680383250046
BEFKUU_clean,6.95325,3.27391,6.95325,1.45391,0.0,0.0,1327.91,913.341,0.55,0.378291,0.0,0,0.00366211,0.342304792,0.33331142112624923
BEFLAB01_clean,5.80097,3.15558,5.80097,1.5641,0.0,0.0,788.891,504.373,0.5044,0.322486,0.0,0,0.003626955,0.343627585,0.32701593053999817
BEFLEF_clean,4.34381,2.9685,4.34381,1.5922,0.0,0.0,763.83,479.734,0.4908,0.308253,0.0,0,0.00474056,0.450256369,0.40534514986375164
BEFLIJ_clean,4.69454,3.18706,4.69454,1.535,0.0,0.0,1080.92,704.182,0.5108,0.332768,0.0,0,0.005695078,0.526170097,0.4705242056037499
BEFLUV_clean,5.75316,3.83896,5.75316,1.56773,551.699,351.91,132.515,84.5269,0.4868,0.310514,0.0,1,0.004339107,0.385860207,0.41027316260499963
BEFMAC_clean,5.39704,3.47321,5.39704,1.51705,1003.1,661.215,0.0,0.0,0.5144,0.339079,0.0,0,0.004813163,0.43630446,0.4251742454987498
BEFMOQ_clean,4.45554,2.56814,4.45554,1.79564,0.0,0.0,746.097,415.506,0.5014,0.279232,0.0,0,0.004177771,0.386034916,0.3781235664362513
BEFMUW_clean,4.18999,2.4622,4.18778,1.85664,0.0,0.0,625.207,336.742,0.4882,0.262949,0.0,0,0.003808054,0.341239433,0.33181055853749764
BEFNEH_clean,4.75378,3.33502,4.27579,2.16567,329.084,151.955,369.487,170.611,0.4974,0.229675,0.0,1,0.01094562,0.791356581,0.7626236843512509
BEFNIL_clean,4.39176,3.18799,4.39057,1.60065,0.0,0.0,456.339,285.096,0.4722,0.295005,0.0,1,0.005050903,0.471294204,0.4319564937500014
BEFNUX_clean,4.93001,3.0654,4.93001,2.16261,0.0,0.0,689.829,318.979,0.4734,0.218902,0.0,1,0.009512557,0.652291213,0.7367088291737497
BEFPAF_clean,7.12511,3.39187,7.11266,1.53211,1358.1,886.426,0.0,0.0,0.546,0.356372,0.0,0,0.003616495,0.337525318,0.3317008853599996
BEGBOG_clean,4.23611,2.57051,4.10647,0.976018,0.0,0.0,298.642,305.98,0.5066,0.519048,0.0,0,0.001892364,0.182027811,0.18034782455624923
BEJZAS_clean,4.75514,3.65279,4.718,1.35569,1756.76,1295.84,0.0,0.0,0.628,0.463233,0.0,0,0.004510021,0.416659963,0.4301187919000016
BEKYOG_clean,5.47883,4.56338,5.47883,2.08888,949.704,454.647,0.0,0.0,0.4514,0.216096,0.0,1,0.001115129,0.107977573,0.1092146093375004
BEKYUM_clean,3.421,2.64536,3.35996,4.16463,0.0,0.0,3.07869,0.739248,0.2532,0.0607977,0.0,1,0.000498633,0.047366284,0.05101331221749967
BEKZEX01_clean,3.65346,2.60027,3.65346,4.13281,0.0,0.0,43.1656,10.4446,0.2772,0.0670729,0.0,1,8.49e-05,0.009165887,0.00874109719250005
BELJIL_clean,7.21036,5.21436,7.21036,1.28754,867.89,674.07,0.0,0.0,0.459,0.356494,0.0,1,0.001565329,0.148173607,0.1521447129575007
BELTOD_clean,5.92256,4.27878,5.89247,1.03427,1509.77,1459.74,0.0802539,0.0775946,0.5748,0.555753,0.0,1,0.00486611,0.445828763,0.4393531960425008
BELTUJ_clean,5.64744,4.1969,5.5822,1.08566,1393.43,1283.49,0.0,0.0,0.5582,0.51416,0.0,1,0.005148284,0.46634166,0.4695724806237507
BELYIC_clean,4.0335,3.09731,4.0312,0.963294,0.0,0.0,412.294,428.004,0.5522,0.573241,0.0,1,0.001466743,0.149724805,0.1381914884724996
BENXUP_clean,4.10218,3.42336,4.09595,1.4733,653.043,443.252,0.0,0.0,0.4814,0.32675,0.0,1,0.004811915,0.424125405,0.4152900285025008
BENZOL_clean,5.62502,3.68781,5.62502,1.15041,1146.89,996.943,0.0,0.0,0.4858,0.422284,0.0,1,0.00546007,0.487072433,0.4818844465812475
BENZUR_clean,5.75474,3.70828,5.75474,1.24694,1151.54,923.496,0.0,0.0,0.5016,0.402265,0.0,1,0.004801895,0.425609596,0.4266536826237502
BEPBAB_clean,5.3188,3.97632,5.3188,1.04154,1135.05,1089.78,0.0,0.0,0.473,0.454133,0.0,1,0.006111439,0.526371512,0.5473648631162484
BEPLUF_clean,10.54661,10.45745,10.54661,0.882268,1351.9,1532.3,0.0,0.0,0.655,0.742405,0.0,1,0.001473465,0.151650457,0.14282239452000106
BEPMAM_clean,10.35764,10.23297,10.35764,0.893987,1370.16,1532.64,0.0,0.0,0.63,0.704708,0.0,1,0.001604061,0.14925998,0.15801474645875174
BEPMIU_clean,10.07029,9.95473,10.07029,1.02149,1143.41,1119.35,0.0,0.0,0.6036,0.590899,0.0,0,0.001120801,0.112484302,0.10918034465749982
BEPNER_clean,3.72227,2.61847,3.71687,1.16642,0.0,0.0,113.545,97.3442,0.4598,0.394197,0.0,1,0.000483739,0.049795257,0.04924666660749992
BEPNIV_clean,10.32219,10.19883,10.32219,0.893387,1335.35,1494.71,0.0,0.0,0.6494,0.726897,0.0,1,0.001490965,0.1492333,0.1527967352500009
BEPNOB_clean,10.36311,10.23127,10.36311,0.890303,1334.01,1498.37,0.0,0.0,0.6478,0.727618,0.0,1,0.001456755,0.145875066,0.14039009459125107
BEPNUH_clean,10.32563,10.2098,10.32563,1.16569,1103.61,946.742,0.0,0.0,0.6056,0.519521,0.0,0,0.001104234,0.111454904,0.10947646665374994
BEPPAP_clean,9.9082,9.78954,9.90791,1.03173,1157.48,1121.89,0.0,0.0,0.5902,0.57205,0.0,0,0.001066249,0.108551579,0.10483354574249992
BEPPIX_clean,9.77409,9.63706,9.77409,0.990438,1290.67,1303.13,0.0,0.0,0.592,0.597716,0.0,1,0.001400818,0.138978985,0.13862803983125088
BEPPOD_clean,10.03622,9.89092,10.03622,0.960732,1283.35,1335.81,0.0,0.0,0.613,0.638055,0.0,1,0.001365114,0.142012703,0.13322450115625117
BEPREV01_clean,6.64209,5.02845,6.632,0.808218,2539.09,3141.59,0.0,0.0,0.6368,0.787906,0.0,0,0.007563465,0.720416969,0.6796908852962512
BEPREV02_clean,7.19383,5.44633,7.19383,0.766283,2502.2,3265.37,0.0,0.0,0.6548,0.854514,0.0,0,0.006729971,0.629734055,0.6052257848537497
BEPREV03_clean,6.75186,5.16957,6.7451,0.798706,2519.19,3154.09,0.0,0.0,0.64,0.801296,0.0,0,0.007564977,0.698413338,0.6791188365925014
BEPREV_clean,6.75364,5.16047,6.74991,0.798706,2521.08,3156.46,0.0,0.0,0.6402,0.801547,0.0,0,0.007433373,0.689521729,0.6718790524387517
BEPRIZ_clean,10.21454,6.03558,10.21454,0.764371,2087.31,2730.76,0.0,0.0,0.673,0.880463,0.0,0,0.00417145,0.408187863,0.4064315782812477
BEPROF_clean,8.00306,5.96794,8.00133,0.730038,2383.55,3264.96,0.0,0.0,0.687,0.941046,0.0,0,0.005115095,0.493916809,0.48240346299124776
BEPVAV_clean,4.46396,3.25406,4.36439,1.36696,0.0,0.0,548.755,401.44,0.503,0.367969,0.0,1,0.001679254,0.154392885,0.1611209007125
BEPVEZ_clean,5.76875,4.44638,5.76422,1.26954,947.431,746.277,0.0,0.0,0.5084,0.400459,0.0,1,0.002042026,0.193677253,0.18988296868625013
BEPVID_clean,5.29029,4.21546,5.29029,1.30564,829.286,635.159,0.0,0.0,0.5122,0.392299,0.0,1,0.002230798,0.209225537,0.21555792055125045
BEPVOJ01_clean,5.12362,3.97858,5.12362,1.3287,794.481,597.937,0.0,0.0,0.5126,0.38579,0.0,1,0.00230959,0.214138545,0.21996595481625034
BEPVOJ_clean,4.87498,3.77095,4.87498,1.35072,712.934,527.818,0.0,0.0,0.5034,0.37269,0.0,1,0.002394948,0.210868678,0.22262087843500047
BEPWEA_clean,4.94352,3.50226,4.94123,1.37749,785.436,570.193,0.160637,0.116616,0.4914,0.356735,0.0,1,0.000849279,0.080325003,0.08742178990124955
BERFIP_clean,4.07847,2.71437,4.07847,1.95363,0.0,0.0,172.127,88.1061,0.3926,0.200959,0.0,1,0.00488912,0.361788484,0.396228856977502
BERGAI_clean,5.28761,2.67572,5.28761,1.49712,0.0,0.0,557.137,372.14,0.4878,0.325826,0.0,1,0.00934482,0.63898715,0.7598582886575004
BETDAH_clean,6.20265,4.35013,6.20265,1.16306,2339.54,2011.54,0.0,0.0,0.6178,0.531186,0.0,1,0.005167024,0.492464374,0.48401307458125353
BETDEL_clean,6.19335,4.27368,6.19335,1.1646,2251.25,1933.07,0.0,0.0,0.6174,0.530141,0.0,1,0.005136237,0.490473091,0.4806449472412532
BETDIP_clean,6.11094,3.88458,6.10684,1.1806,2108.93,1786.32,0.0,0.0,0.6132,0.519398,0.0,1,0.005312348,0.49903508,0.4795324288537537
BETDUB_clean,6.03659,3.7841,6.03659,1.16905,1945.06,1663.8,0.0,0.0,0.6102,0.521964,0.0,1,0.005043782,0.491085873,0.4798566678312532
BETFAJ_clean,6.19267,4.31969,6.19,1.11108,2308.45,2077.66,0.0,0.0,0.6196,0.557654,0.0,1,0.005400509,0.510185255,0.4973124669275013
BETFEN_clean,6.20622,4.32109,6.20622,1.07862,2315.47,2146.71,0.0,0.0,0.6288,0.582969,0.0,1,0.005446776,0.510787101,0.5018350194950002
BETFUD_clean,6.14614,4.2626,6.11668,1.06295,2329.37,2191.42,0.0,0.0,0.6258,0.58874,0.0,1,0.005139474,0.50016427,0.48296786932375363
BETGAK_clean,6.1095,4.21478,5.89063,1.06153,2331.97,2196.8,0.0,0.0,0.6284,0.591977,0.0,1,0.005589338,0.514304881,0.5196530930449988
BETGEO_clean,15.21578,5.06222,15.21578,1.31768,1287.77,977.304,381.116,289.233,0.6412,0.486614,0.0,1,0.003606752,0.324504161,0.33578772309875043
BETGIS_clean,14.00278,4.06192,14.00278,1.35807,1041.82,767.136,450.295,331.571,0.6224,0.458298,0.0,1,0.002540636,0.237611897,0.246326802225
BETGOY_clean,15.16495,5.42937,15.16495,1.28137,1222.88,954.353,401.433,313.284,0.472,0.368356,0.11956,1,0.002731741,0.261381357,0.25357354670624943
BETGUE_clean,15.53135,9.65919,15.53135,0.735216,1298.07,1765.57,466.651,634.712,0.7352,0.999978,0.0,1,0.003124144,0.31537279,0.29798987044875175
BETHEP_clean,15.93969,5.38602,15.93969,1.55026,1210.88,781.08,479.733,309.453,0.6876,0.443538,0.0,1,0.001861247,0.186655906,0.17677133723749938
BETHIT_clean,16.17666,10.50859,16.17666,0.819587,1287.14,1570.48,480.797,586.633,0.7656,0.934129,0.0,1,0.002501713,0.253321962,0.252417916306249
BETZOR_clean,7.75357,4.72091,7.64098,1.06732,1559.59,1461.22,0.0,0.0,0.5544,0.519432,0.0,1,0.005768758,0.502665214,0.5288580420962508
BEVQID_clean,3.1488,2.9781,3.14659,1.96583,0.0,0.0,0.0,0.0,0.4902,0.24936,0.0,1,5.83e-05,0.006119301,0.006477828202500027
BEVQUP_clean,2.87505,2.45444,2.87505,1.93784,0.0,0.0,0.0,0.0,0.4078,0.210441,0.0,1,6.69e-06,0.001053449,0.00043536037749999766
BEVWAB_clean,10.82145,10.4749,10.82145,1.13595,1606.82,1414.52,0.0,0.0,0.6172,0.543335,0.0,1,0.005120629,0.442012307,0.4643719955024991
BEWVOQ_clean,10.23635,8.28637,9.99929,0.717556,2413.7,3363.78,0.0,0.0,0.7708,1.0742,0.0,0,0.001648174,0.165421066,0.16846772164125073
BEWWEH_clean,9.01955,7.89385,9.01955,0.713962,2373.05,3323.78,0.0,0.0,0.7674,1.07485,0.0,0,0.001552007,0.154710041,0.15648035683250075
BEXPAX_clean,6.17717,5.82599,6.17717,0.749009,3226.03,4307.06,0.0,0.0,0.7082,0.945516,0.0,1,0.00672722,0.672940578,0.6009656271399995
BEXQIF_clean,8.04962,5.28644,8.01765,0.683962,2466.36,3605.99,0.0,0.0,0.7172,1.0486,0.0,0,0.002358383,0.237956768,0.22198982265624995
BEXQOL_clean,8.04915,5.31359,8.00625,0.699237,2471.17,3534.09,0.0,0.0,0.7174,1.02598,0.0,0,0.002119334,0.206294689,0.20877568265375057
BEXQUR_clean,8.07729,5.36514,8.07375,0.705667,2478.07,3511.67,0.0,0.0,0.72,1.02031,0.0,0,0.002101033,0.212784363,0.20782419195750054
BEXRAY_clean,8.11263,5.64009,8.11263,0.639388,2590.56,4051.63,0.0,0.0,0.7392,1.15611,0.0,0,0.002139415,0.205454816,0.2089897697012507
BEXREC_clean,8.13134,5.54983,8.13134,0.665352,2617.27,3933.67,0.0,0.0,0.7388,1.11039,0.0,0,0.002051459,0.214023369,0.20563441494625043
BEXRIG_clean,8.16514,5.60091,8.16514,0.67222,2617.75,3894.19,0.0,0.0,0.7394,1.09994,0.0,0,0.002175056,0.217624243,0.21154325169375038
BEXRUT_clean,6.49399,4.71424,6.45917,1.07075,1422.45,1328.47,0.0,0.0,0.585,0.546348,0.0,1,0.003103936,0.296066767,0.2928845096925005
BEXSAA_clean,6.21678,4.72062,6.15067,0.992771,1456.96,1467.57,0.0,0.0,0.5884,0.592684,0.0,1,0.003179533,0.300712692,0.29989194308250244
BEXSEE_clean,6.49176,4.26641,6.49176,1.04973,1376.89,1311.66,0.0,0.0,0.5628,0.536136,0.0,1,0.002833821,0.283185422,0.278810929917499
BEXSII_clean,6.27069,4.79422,6.26455,0.943025,2150.91,2280.86,0.0,0.0,0.668,0.708359,0.0,1,0.005236997,0.496985641,0.4781838411712519
BEXVEH_clean,9.97626,6.15688,9.95158,0.782835,2372.61,3030.79,0.0,0.0,0.7306,0.933274,0.0,1,0.003983874,0.38723856,0.3825131332124989
BEYKEX_clean,5.23694,3.82822,5.23519,1.91723,1689.31,881.121,0.0,0.0,0.5532,0.288542,0.0,1,0.001566543,0.15250311,0.1539047347912504
BEYSEF_clean,5.61731,4.74798,5.61731,1.17978,1409.15,1194.41,0.0,0.0,0.5534,0.469069,0.0,0,0.002291783,0.215214273,0.2201172464362499
BEZDUH_clean,4.24131,3.18993,4.21857,2.09417,0.0,0.0,482.308,230.31,0.4536,0.216601,0.0,1,0.000372682,0.035356877,0.035025982031249944
BIBBUL_clean,3.85878,3.31702,3.85878,1.32039,159.648,120.909,0.0,0.0,0.4268,0.323237,0.0,0,0.000497664,0.047575167,0.050245079179999805
BIBXIV_clean,18.4936,4.06846,18.4936,0.9977,1657.17,1660.99,0.0,0.0,0.7322,0.733888,0.0,0,0.003447347,0.328019139,0.33625359991125153
BIBXUH_clean,14.73899,5.12647,14.73899,0.739806,2068.95,2796.6,0.0,0.0,0.7088,0.958089,0.00108136,0,0.003102851,0.309488821,0.3023340329225002
BICPOT_clean,7.30922,6.53578,7.30892,1.59286,1232.22,773.59,12.3074,7.72661,0.5162,0.324071,0.0,0,0.003165223,0.30467224,0.2940671298350008
BICPUA_clean,13.79678,9.90606,13.29085,0.543859,2105.6,3871.6,0.0,0.0,0.815,1.49855,0.0,1,0.002889837,0.283738247,0.29073032091999934
BIDPOV_clean,11.29156,6.79888,11.29156,0.619303,2469.5,3987.54,0.0,0.0,0.7532,1.21621,0.0,1,0.005259312,0.515691785,0.4791167929999993
BIFGOO_clean,10.87246,9.01928,10.87246,1.75205,1220.8,696.781,0.0,0.0,0.5534,0.315858,0.0,1,0.000881029,0.085940584,0.08921693079374951
BIFKEI_clean,5.92703,4.3432,5.92703,1.02128,2025.04,1982.84,0.0,0.0,0.6088,0.596113,0.0,1,0.005071749,0.474625453,0.4784682370887529
BIGZUO_clean,21.72315,20.98793,21.52659,0.308304,1399.52,4539.4,0.0,0.0,0.9064,2.93995,0.0,1,0.002557939,0.245175403,0.2587626079949992
BIHBAX_clean,18.57439,17.55669,18.57439,0.321672,1460.76,4541.16,0.0,0.0,0.8984,2.79291,0.0,1,0.002452772,0.240676959,0.23124658079124888
BIHMUC_clean,4.80366,2.90368,4.80315,1.36548,0.0,0.0,630.363,461.643,0.434,0.317837,0.0,1,0.001689704,0.159410512,0.1550040994637502
BIJDUV_clean,8.61386,5.69718,8.42708,0.896671,1704.44,1900.85,0.0,0.0,0.6122,0.682747,0.0,1,0.002951758,0.291319862,0.2872874293537503
BIMDEF_clean,4.67684,3.43732,4.67684,1.38964,1289.29,927.79,0.0,0.0,0.5428,0.390606,0.0,1,0.005728375,0.518775088,0.5047206266862472
BIMDIL_clean,5.20728,3.51213,5.20728,1.39622,1478.14,1058.67,0.0,0.0,0.539,0.386042,0.0,1,0.006970241,0.623849139,0.5859081436224983
BINCUY_manual,13.3117,8.62623,13.3117,0.583969,2196.14,3760.71,0.0,0.0,0.7246,1.24082,0.0,0,0.003491974,0.342557183,0.34781838341125015
BINDAF_manual,13.14316,8.49712,13.14316,0.600599,2185.42,3638.73,0.0,0.0,0.7212,1.2008,0.0,0,0.003486815,0.351745383,0.3466885395812502
BINROH_clean,21.31368,10.23686,21.31368,0.503862,1906.53,3783.82,0.0,0.0,0.7964,1.58059,0.0,1,0.004148915,0.415098034,0.4083426112837472
BINRUN_clean,21.10286,10.09364,21.09225,0.511736,1907.73,3727.96,0.0,0.0,0.7778,1.51992,0.0,1,0.004451913,0.447828572,0.42809165119624837
BINSAU_clean,21.88013,9.52705,21.05522,0.471575,1883.78,3994.65,0.0,0.0,0.7874,1.66972,0.0,1,0.004004558,0.39890726,0.40002612492999773
BIPKIW_clean,12.38452,3.37218,12.38452,1.0068,912.256,906.096,240.625,239.0,0.5528,0.549067,0.0,1,0.003606646,0.343263375,0.3313526580912496
BIPLIX_clean,7.36646,5.75458,7.16866,1.07595,1632.15,1516.94,0.0,0.0,0.6014,0.558949,0.0,1,0.002206173,0.216793225,0.21373893970499971
BIPSUQ_clean,18.61448,16.92881,18.61448,0.43749,1960.32,4480.84,0.0,0.0,0.8374,1.9141,0.0,1,0.002872023,0.294435338,0.28898965238624846
BIQFOW_clean,5.88357,2.82771,5.87564,2.2446,0.0,0.0,958.605,427.072,0.5038,0.22445,0.0,1,0.031831093,1.441863608,1.4596361831324969
BIQHEQ_clean,4.74191,3.53352,4.74191,1.13318,1109.52,979.12,0.0,0.0,0.542,0.478299,0.0,1,0.007757876,0.65070666,0.6742228154912523
BIQRIE_clean,4.35931,2.83088,4.35931,2.0987,0.0,0.0,474.878,226.272,0.4284,0.204126,0.0,0,0.033433224,1.196761961,1.342883291738752
BIQVII_clean,5.22147,4.62031,5.22147,1.62242,863.635,532.315,0.0,0.0,0.4264,0.262818,0.0,1,0.002793422,0.244689955,0.25988734400374947
BIRLIZ_clean,4.9162,2.97273,4.90623,1.34988,0.0,0.0,674.416,499.612,0.4986,0.369366,0.0,1,0.003674369,0.338159149,0.33898292992374857
BIRMUM_clean,5.54904,4.6855,5.54904,1.2621,494.559,391.853,0.0,0.0,0.4238,0.335789,0.0,1,0.00158277,0.147106206,0.14667362465500028
BIRSEC_clean,6.48832,4.86094,6.48832,1.33798,1247.05,932.038,0.0,0.0,0.5134,0.383713,0.0,1,0.00320963,0.297589819,0.303335811428752
BIRSIG_clean,6.37536,4.74657,6.37536,1.3786,1214.29,880.813,0.0,0.0,0.4994,0.362252,0.0,1,0.003446447,0.323554001,0.325951665353751
BIWHAQ_clean,4.99325,2.94543,4.99325,2.38672,0.0,0.0,848.709,355.596,0.474,0.198599,0.0,1,0.011299329,0.750994904,0.8051222247224995
BIWSIK_ion_b,18.63687,3.90699,18.63687,0.676975,1941.67,2868.16,0.0,0.0,0.7214,1.06562,0.0,0,0.003336236,0.327366436,0.3344676886137504
BIWYAH10_clean,7.2461,5.52874,7.11386,0.722295,2876.07,3981.85,0.0,0.0,0.7574,1.0486,0.0,1,0.001490873,0.151798279,0.15330885340875022
BIXXIR_clean,6.61997,3.93876,6.61997,3.35504,1248.51,372.13,0.0,0.0,0.4698,0.140028,0.0,1,0.000662502,0.064524645,0.06596683771500013
BIXYEO_clean,6.67369,4.00375,6.66785,3.33858,1267.68,379.707,0.0,0.0,0.4688,0.140419,0.0,1,0.000671996,0.06477119,0.06753289085000024
BIYTAG_clean,8.33704,7.53322,8.33704,1.33737,1512.13,1130.67,0.0,0.0,0.5802,0.433835,0.0,1,0.001855559,0.183019353,0.17844357323499926
BIYTOU_clean,7.95789,5.70379,7.949,1.02105,1875.01,1836.36,0.0,0.0,0.6212,0.608393,0.0,1,0.003597809,0.340748292,0.34545090020625113
BIYVEM_clean,7.9618,7.16704,7.94594,1.42154,1501.18,1056.02,0.0,0.0,0.5718,0.402241,0.0,1,0.001778328,0.178833883,0.1728128387362503
BIYVIQ_clean,8.9412,8.20862,8.9412,1.41865,1440.37,1015.31,0.0,0.0,0.5976,0.421246,0.0,1,0.001770676,0.1654578,0.17374084933250025
BIZLUT_clean,8.11197,6.3971,8.1065,0.849879,2006.01,2360.34,0.0,0.0,0.6572,0.773287,0.0,0,0.0045053,0.410076022,0.43775201967875
BIZMAA_clean,8.82584,6.80117,8.82584,0.838203,2031.61,2423.76,0.0,0.0,0.6668,0.795512,0.0,0,0.004298774,0.410872685,0.4272761432712495
BIZMEE_clean,8.33004,6.47185,8.30636,0.855248,2017.93,2359.47,0.0,0.0,0.661,0.772875,0.0,0,0.004388414,0.412715204,0.4299369453662494
BIZMII_clean,8.09188,6.36998,8.09188,0.865187,2004.99,2317.41,0.0,0.0,0.6566,0.758911,0.0,0,0.004456563,0.421817794,0.43697816715124993
BOCKOT_clean,4.81526,3.42101,4.526,1.37869,1402.34,1017.16,0.0,0.0,0.5962,0.43244,0.0,1,0.002085793,0.206654421,0.2022282628150004
BOCTEU01_clean,3.96678,2.99779,3.96678,1.31889,0.0,0.0,525.218,398.229,0.5458,0.413834,0.0,0,0.000920819,0.087457303,0.08873771480874934
BOCTOE01_clean,4.25376,2.75131,4.21442,1.24701,0.0,0.0,672.927,539.633,0.565,0.453084,0.0,0,0.000896359,0.095214081,0.0875261738837495
BOCTOE02_clean,4.2866,2.77373,3.94569,1.23767,0.0,0.0,699.782,565.401,0.5698,0.46038,0.0,0,0.000975492,0.098645569,0.09070360846749927
BOCTOE03_clean,4.3221,2.79678,4.3221,1.22701,0.0,0.0,721.68,588.163,0.5734,0.467316,0.0,0,0.001044554,0.101482841,0.10386648338749971
BOCTOE04_clean,4.34246,2.69592,4.34246,1.22277,0.0,0.0,739.145,604.483,0.5642,0.461411,0.0,0,0.001020574,0.10858945,0.10095740016875018
BOCTOE05_clean,4.4068,2.72867,4.4068,1.19924,0.0,0.0,783.634,653.443,0.5716,0.476636,0.0,0,0.001162534,0.111942764,0.11091855798249949
BOFCEG_clean,4.76632,3.26539,4.75141,1.35043,0.0,0.0,985.455,729.736,0.5334,0.394986,0.0,0,0.010765405,0.881885525,0.8514549713250011
BOHGOU_clean,3.21949,2.72507,3.21949,1.45797,0.0,0.0,0.0,0.0,0.4566,0.313175,0.0,1,0.000216353,0.023401284,0.020985270342500032
BOHJOZ_auto,7.4485,3.57263,7.4485,1.57117,1415.9,901.179,0.0,0.0,0.557,0.354513,0.000254588,0,0.00267309,0.242853601,0.24929747596625024
BOJCIN_clean,5.54889,5.25047,5.54889,1.10605,695.341,628.668,98.2069,88.7903,0.5312,0.480266,0.0,0,0.002262875,0.20065222,0.22384420103749963
BOJYIK01_clean,4.80803,2.84792,4.80744,1.60323,0.0,0.0,695.034,433.52,0.501,0.312494,0.0,1,0.005370783,0.448596628,0.43480843009000153
BOJYIK_clean,4.83494,2.79192,4.83275,1.61681,0.0,0.0,703.479,435.104,0.5008,0.309746,0.0,1,0.005465067,0.456933084,0.4402591816575011
BOKQEZ_clean,7.07757,4.49353,7.07641,1.32957,1554.46,1169.14,0.0,0.0,0.5416,0.407349,0.0,1,0.002022066,0.196569904,0.19078767727250015
BOLPAU_clean,7.91374,5.10301,7.55666,0.900168,2008.9,2231.69,0.0,0.0,0.6468,0.718533,0.0,1,0.004694887,0.44207214,0.4377392745149992
BOLZIN_clean,18.71247,7.75585,17.49896,0.466942,1971.58,4222.32,0.0,0.0,0.8076,1.72955,0.0,0,0.003100495,0.312808224,0.3002376568074998
BOMCOX_clean,5.96735,4.28567,5.96735,1.1236,1334.13,1187.38,0.0,0.0,0.5368,0.477752,0.0,1,0.005146856,0.462069748,0.46980581073375105
BONNIC_clean,4.09843,3.03382,4.09843,1.41859,0.0,0.0,241.04,169.916,0.4484,0.316089,0.0,1,0.004845854,0.404210424,0.40647327672750266
BONWAD_clean,3.83514,2.72512,3.83347,1.91868,0.0,0.0,135.94,70.851,0.4494,0.234224,0.0,1,0.001147437,0.111495901,0.10991623894500004
BONWIL_clean,3.70731,2.93141,3.70731,1.7315,0.0,0.0,114.744,66.2687,0.3752,0.216691,0.0,0,0.000351883,0.034568932,0.03467020534624998
BOPHEV_clean,4.28122,3.31679,4.27688,1.35218,267.504,197.832,115.872,85.6927,0.496,0.366816,0.0,0,0.004170264,0.381755173,0.38267004610500094
BOPHIZ_clean,6.90751,5.24121,6.77761,1.23618,1521.62,1230.9,0.0,0.0,0.572,0.462715,0.0,1,0.004955382,0.473673173,0.45223581838250093
BOPWIO_clean,3.67778,2.91901,3.67248,1.97045,0.0,0.0,32.7909,16.6414,0.3624,0.183918,0.0,1,0.000449368,0.042470422,0.042515206538750204
BOQYUD_clean,3.46694,2.90192,3.46694,2.93039,0.0,0.0,4.4174,1.50744,0.2296,0.0783513,0.0,0,0.001989733,0.18261977,0.18729088485749945
BOTLED_clean,3.31756,2.88638,3.25402,2.91906,0.0,0.0,0.0,0.0,0.3234,0.110789,0.0,0,3.62e-06,0.000440533,0.0003728546987499996
BOVHEB_clean,5.76843,4.22597,5.76235,1.21128,1167.42,963.79,0.0,0.0,0.531,0.43838,0.0,1,0.013626033,1.009767399,1.047144798142503
BOWDIC_clean,7.01096,4.61744,6.88238,1.0069,1455.4,1445.42,181.324,180.081,0.5804,0.57642,0.0,1,0.005901801,0.522707105,0.535466976135001
BOWNUY_clean,15.52711,9.99848,15.50545,0.770284,1323.45,1718.13,449.917,584.092,0.7344,0.953414,0.0,1,0.003266682,0.317886111,0.31278368621750124
BOWQAG_SL,3.4835,2.72062,3.40675,1.47064,0.0,0.0,23.864,16.2269,0.3908,0.265734,0.0,0,0.000106132,0.011379017,0.010670541746250064
BOWRAH_clean,4.51959,4.0875,4.51959,2.30989,576.12,249.414,0.0,0.0,0.3594,0.155592,0.0,1,0.024079881,1.003361076,1.2400633285224976
BOWSUC_clean,4.03208,2.4874,3.9836,1.85619,0.0,0.0,522.814,281.66,0.4746,0.255685,0.0,1,0.004629712,0.425957984,0.3985329768462524
BOWZUK_clean,8.36121,7.81351,8.30025,0.894084,1398.32,1563.97,0.0,0.0,0.6136,0.686289,0.0,1,0.002841027,0.273643274,0.2850347896499999
BOXFOK_clean,18.0621,10.42327,18.0621,0.790526,1355.07,1714.14,197.917,250.36,0.69,0.872836,0.0,1,0.005944311,0.453172915,0.5427278865987494
BOXYEU_clean,4.56557,3.00587,4.55875,1.6954,0.0,0.0,614.821,362.641,0.4636,0.273446,0.0,0,0.004091566,0.361449476,0.37773671510500134
BOXYIY_clean,4.39053,3.85775,4.38747,1.58321,405.121,255.886,388.713,245.521,0.5092,0.321625,0.0,0,0.002949925,0.278227658,0.2734030485999994
BOYCEY_auto,12.37213,6.12785,11.76706,0.613909,2396.05,3902.93,0.0,0.0,0.7532,1.22689,0.0,1,0.004917764,0.456895355,0.44835701709125
BOYTEQ_clean,4.92609,4.59373,4.92609,1.2701,571.535,449.993,0.0,0.0,0.42,0.330683,0.0,0,0.004491895,0.370564879,0.42410669924750116
BOYYOF_clean,9.47252,6.48081,9.47252,1.142,1531.96,1341.47,0.0,0.0,0.5924,0.518737,0.0,1,0.001900599,0.179496573,0.18550888265874918
BOZFIH_clean,5.87158,4.75385,5.8575,1.05542,1850.88,1753.69,0.0,0.0,0.6,0.568494,0.0,1,0.006725127,0.605709382,0.6094155627662502
BOZFON_clean,6.15469,4.01567,6.15002,1.24414,1139.51,915.903,0.0,0.0,0.502,0.403491,0.0,1,0.004757298,0.424986572,0.42853218831999984
BUBTUP_clean,7.20698,3.66387,7.20698,1.23952,885.576,714.451,0.0,0.0,0.5112,0.412418,0.0,1,0.002829355,0.264591914,0.2773259460587494
BUBWOM_clean,4.29554,2.65043,4.27821,1.474,0.0,0.0,359.89,244.158,0.4206,0.285346,0.0,1,0.00233244,0.204997658,0.2197907981825004
BUCSEY_clean,4.71556,3.52125,4.69979,1.38457,757.197,546.884,0.91517,0.66098,0.4988,0.360257,0.0,1,0.004262718,0.390822084,0.38200823183500016
BUCVAY_clean,5.36914,3.4206,5.36914,1.22099,548.684,449.375,0.0,0.0,0.4634,0.379527,0.0,1,0.005103661,0.403737556,0.4594859881799993
BUCVIG_clean,5.34007,3.27818,5.34007,1.22513,0.0,0.0,516.671,421.727,0.4554,0.371716,0.0,1,0.00477495,0.38790932,0.4096832175437521
BUCWAZ_clean,8.06989,6.31772,7.96603,0.986571,2261.23,2292.01,0.0,0.0,0.6822,0.691486,0.0,1,0.00356652,0.333844163,0.34668783812500076
BUCYAA_clean,5.25072,2.62411,5.0866,1.7117,0.0,0.0,637.178,372.249,0.4806,0.280774,0.0,1,0.007911219,0.578965844,0.6125884572012471
BUDDIO_clean,3.29205,2.84666,3.26432,1.49438,0.0,0.0,0.0,0.0,0.2686,0.17974,0.0,1,9.86e-06,0.001161744,0.001007531853750003
BUGSAY_clean,4.67913,4.1432,4.67313,1.68326,1087.13,645.849,0.0,0.0,0.5314,0.315696,0.0,1,0.001374771,0.13150617,0.13117054867624983
BUGSEC_clean,4.72085,4.19082,4.71595,1.60879,1101.18,684.479,0.0,0.0,0.538,0.334413,0.0,1,0.001312916,0.128704945,0.12662993902500055
BUGSIG_clean,4.72751,4.18275,4.72118,1.638,1097.7,670.147,0.0,0.0,0.5356,0.326984,0.0,1,0.001358004,0.130310433,0.13017487957499996
BUGSOM_clean,4.69508,4.16375,4.68969,1.65941,1093.22,658.798,0.0,0.0,0.5332,0.321319,0.0,1,0.00131079,0.131106478,0.12640856976125062
BUJKEW01_clean,5.70821,3.15562,5.64922,1.01214,0.0,0.0,1291.03,1275.54,0.6474,0.639636,0.0,1,0.001542795,0.15580479,0.15102190018249984
BUKMUQ01_clean,5.90111,4.73838,5.90111,0.853512,2933.47,3436.94,0.0,0.0,0.7038,0.824593,0.0,1,0.004407459,0.427562696,0.42615364822499835
BUKRUW01_clean,10.63994,5.17607,10.63994,0.946218,2406.2,2542.96,0.0,0.0,0.7374,0.779313,0.0,1,0.002400559,0.230180724,0.22811289795125048
BUKRUW02_clean,10.18784,5.8011,10.17435,0.90051,2432.65,2701.41,0.0,0.0,0.7394,0.821091,0.0,1,0.002383339,0.225693028,0.22380984697375012
BUKRUW03_clean,10.56885,5.12331,10.56885,0.827757,2720.18,3286.2,0.0,0.0,0.764,0.922976,0.0,1,0.002149812,0.205720625,0.2095635329237504
BUKYAJ_clean,5.10209,3.53964,5.09477,0.92244,1064.13,1153.61,0.0,0.0,0.5144,0.557651,0.0,0,0.008768854,0.761162343,0.7141431164649997
BULBER_clean,7.8305,4.27284,7.79516,1.49467,1437.06,961.456,0.0,0.0,0.5544,0.370918,0.0,1,0.001978905,0.192608748,0.18982643467749988
BUNKUS_clean,39.11063,37.47642,39.11063,0.375289,1307.21,3483.2,0.0,0.0,0.8658,2.30702,0.0,1,0.003468772,0.320921523,0.34353053617000057
BUNLAZ_clean,38.39638,36.09316,38.39638,0.330751,1417.57,4285.91,0.0,0.0,0.8776,2.65335,0.0,1,0.003441641,0.338084016,0.34385664003125066
BUPDUM_clean,9.76326,3.29047,9.75377,1.32342,0.0,0.0,1650.82,1247.39,0.6388,0.482688,0.0,1,0.001553839,0.159209491,0.15092285866874994
BUPFAU_clean,9.60107,3.24041,9.56042,1.39183,0.0,0.0,1635.39,1174.99,0.6332,0.45494,0.0,1,0.001605537,0.159138645,0.15414320305375054
BUPFEY_clean,9.7736,3.34249,9.76424,1.41669,1646.6,1162.29,6.40448,4.52075,0.6362,0.449076,0.0,1,0.00151932,0.151237957,0.15218963726999996
BUPVEP_clean,8.00881,3.79594,6.88527,1.70124,1586.52,932.564,97.3647,57.2315,0.582,0.342103,0.00105805,0,0.001623505,0.159045398,0.16008558908375123
BUQWER_clean,5.03897,4.14527,5.03897,1.26322,872.21,690.465,0.0,0.0,0.5016,0.39708,0.0,1,0.008248354,0.682967611,0.6946922527599966
BURHUS_clean,4.43494,3.04101,4.43374,1.65159,0.0,0.0,585.517,354.517,0.5422,0.328289,0.0,0,0.002824785,0.279916395,0.2703372937999996
BURJOO_clean,5.25312,4.62411,5.25312,1.36621,795.034,581.927,0.0,0.0,0.4348,0.318253,0.0,0,0.002996653,0.274122023,0.2819557034624998
BURQIQ_clean,8.30102,5.43995,8.30102,0.998622,1908.3,1910.93,0.0,0.0,0.629,0.629868,0.0,1,0.004950722,0.448734511,0.45190942043249976
BUSGIG_clean,3.66162,3.28712,3.64153,2.2113,0.0,0.0,92.1728,41.6826,0.3462,0.156559,0.0,1,0.000570962,0.05707175,0.05899761288499948
BUSGOM_clean,3.72213,3.32278,3.72213,2.12051,125.848,59.3477,0.0,0.0,0.3518,0.165903,0.0,1,0.000743149,0.073520222,0.06839519565624996
BUSNAF_clean,7.07895,5.43293,7.07895,1.23597,749.429,606.348,0.0,0.0,0.4656,0.376708,0.0,0,0.001641249,0.157272401,0.16204356924250035
BUSQEM_clean,5.28773,3.7404,5.27624,0.951333,772.872,812.409,527.0,553.959,0.565,0.593903,0.0,0,0.012862135,0.990857416,0.9735962942212482
BUSQIQ_clean,4.44057,3.72721,4.4272,1.56982,999.031,636.398,0.0,0.0,0.4302,0.274044,0.0,0,0.008952244,0.709693006,0.7116190551324998
BUSQUC_clean,4.51085,2.54975,4.51085,1.36154,0.0,0.0,277.993,204.176,0.443,0.325368,0.0,0,0.004217302,0.327239606,0.3812306814050022
BUSRUE_clean,6.9387,5.51917,6.92321,1.06823,1491.74,1396.46,0.0,0.0,0.5618,0.525916,0.0,0,0.005526805,0.507842604,0.50772381930625
BUVHEH_clean,4.88072,3.66399,4.88072,1.23567,2100.31,1699.73,0.0,0.0,0.5996,0.485242,0.0,1,0.003818389,0.367347326,0.3657669171987502
BUVWOF02_clean,7.02744,5.38791,7.02744,1.22872,811.616,660.538,0.0,0.0,0.4574,0.372258,0.0,0,0.001471349,0.148130102,0.13980944536875062
BUVWOF03_clean,7.08217,5.70931,7.08217,1.19421,800.187,670.058,0.0,0.0,0.4798,0.401773,0.0,0,0.00183641,0.174363137,0.1711172233387507
BUVXOG_clean,6.82532,5.20998,6.82532,1.26745,776.672,612.785,0.0,0.0,0.469,0.370036,0.0,0,0.00154214,0.149151718,0.1522731459850005
BUVYEX_clean,7.01349,5.55881,7.01349,1.21167,786.339,648.971,0.0,0.0,0.4712,0.388885,0.0,0,0.00192594,0.183420259,0.18002736182249976
BUVYIB01_clean,10.81747,8.62628,10.81747,0.682989,2289.3,3351.88,0.0,0.0,0.7066,1.03457,0.0,0,0.005777125,0.556211411,0.5386994514449979
BUVYIB_clean,10.88811,8.55613,10.38381,0.702067,2220.12,3162.26,0.0,0.0,0.6958,0.991073,0.0,0,0.005871514,0.583475779,0.5403813950274979
BUWLUC_clean,5.18793,3.64341,5.18793,1.32106,1477.38,1118.33,1.23611,0.935694,0.6038,0.457058,0.0,1,0.001513166,0.150776183,0.15187380076374998
BUWMAJ_clean,5.16551,3.78381,5.16551,1.21126,1971.74,1627.85,16.6796,13.7705,0.662,0.54654,0.0,1,0.001662369,0.164370202,0.16692312621250008
BUWMEN_clean,5.23161,3.83405,5.2282,1.19035,2065.33,1735.06,0.0,0.0,0.6496,0.545721,0.0,1,0.001768744,0.184508455,0.1748359129449998
BUWMIR_clean,5.20646,3.81875,5.20646,1.17377,2092.97,1783.12,2.40975,2.053,0.6684,0.569448,0.0,1,0.001750792,0.172888155,0.1750546662899998
BUXNOZ_clean,11.48655,6.30332,11.4793,0.804674,2171.28,2698.33,0.0,0.0,0.7258,0.90198,0.0,1,0.003701275,0.360115378,0.3617394833225011
BUXTOF_clean,5.10112,3.76343,4.43149,1.37664,488.999,355.212,519.913,377.668,0.5386,0.391242,0.0,1,0.007465979,0.674576128,0.6397270357974988
BUXZAX_clean,33.37685,31.81617,33.36969,0.55548,1448.92,2608.41,0.0,0.0,0.8332,1.49996,0.000360049,1,0.002644457,0.258776551,0.2698714909650003
c4ce00408f_c4ce00408f2_clean,12.62762,5.23882,12.62762,1.04827,1808.67,1725.39,210.803,201.096,0.6818,0.650406,0.0,1,0.006127848,0.463442313,0.5633102504887466
c4dt03702b_c4dt03702b2_clean,8.83143,6.21194,8.83143,0.592358,2322.31,3920.45,0.0,0.0,0.7494,1.26511,0.0,0,0.002725832,0.293887078,0.27099283150500036
c5cc04223b_c5cc04223b2_clean,12.29704,9.67035,12.2571,0.522428,2226.93,4262.65,0.0,0.0,0.794,1.51983,0.0,1,0.002804349,0.29502346,0.28871476001374935
c5cc06190c_c5cc06190c2_clean,3.47605,3.16735,3.47507,1.6607,0.0,0.0,17.0654,10.276,0.4728,0.284699,0.0,0,0.000648245,0.063379902,0.06639269166874956
c5cc09432a_c5cc09432a2_clean,7.04652,4.99124,7.03394,1.10591,1252.19,1132.28,0.0,0.0,0.53,0.479244,0.0,1,0.003836171,0.357262096,0.3579385138450011
c5cc10203k_c5cc10203k2_clean,16.11055,7.03802,16.11055,0.497,2186.45,4399.29,0.0,0.0,0.7782,1.5658,0.0,1,0.004019773,0.404489395,0.40655763203374734
c5ce00010f_c5ce00010f2_clean,6.25876,3.82372,5.50534,1.19183,724.15,607.595,429.773,360.599,0.5406,0.453588,0.0,1,0.00201355,0.189472183,0.1898479711937503
c5ce00677e_c5ce00677e2_clean,4.08563,3.15599,4.07122,1.45756,0.0,0.0,343.608,235.742,0.47,0.322458,0.0,1,0.000840353,0.084510942,0.0858500610987495
c5ce00862j_c5ce00862j2_clean,7.29772,5.9904,7.16104,1.02623,1329.56,1295.58,0.0,0.0,0.5566,0.542374,0.0,0,0.004361725,0.410791404,0.42789050994375105
c5ce01948f_c5ce01948f2_clean,5.17559,4.77124,5.17559,1.89554,519.58,274.107,0.0,0.0,0.3868,0.204058,0.0,0,0.001054582,0.101143342,0.10417398660000035
c5ce02194d_c5ce02194d2_clean,6.92785,5.95944,6.79754,0.95198,1569.85,1649.04,0.0,0.0,0.5884,0.61808,0.0,1,0.004848848,0.455926918,0.4428975041624992
c5cp03920g_c5cp03920g2_clean,8.5781,4.08235,8.5781,1.22102,1656.3,1356.48,0.0,0.0,0.5914,0.484347,0.000163797,0,0.003528017,0.331718743,0.33628487198750023
c5dt00281h_c5dt00281h2_clean,3.74835,3.25092,3.50102,1.96839,0.0,0.0,109.562,55.6605,0.3844,0.195286,0.0,0,0.002075495,0.184880103,0.19445209006625028
c5dt02374b_c5dt02374b2_clean,5.11675,3.17335,5.09396,1.95395,0.0,0.0,690.372,353.321,0.4822,0.246782,0.0,1,0.004827813,0.373090563,0.4070204708550019
c5dt03091a_c5dt03091a2_clean,12.70758,7.22422,12.62907,0.840959,1997.99,2375.84,0.0,0.0,0.7324,0.87091,0.0,0,0.002005681,0.189673773,0.19517282250875087
c5gc02393a_c5gc02393a2_clean,5.4044,4.48945,5.38726,1.33709,1164.94,871.248,14.4818,10.8309,0.513,0.383669,0.0,1,0.004009147,0.36524364,0.37557348034124843
c5nj01930c_c5nj01930c2_clean,5.64911,4.27538,5.64911,1.35969,1108.37,815.17,0.0,0.0,0.4986,0.366702,0.0,1,0.004858495,0.427825396,0.4354363191237514
c5nj02634b_c5nj02634b2_clean,6.56089,5.15548,6.36711,0.972386,1739.81,1789.21,0.0,0.0,0.6012,0.618273,0.0,1,0.005521188,0.490916437,0.5147723731599991
c5sc03494a_c5sc03494a2_clean,6.21978,5.55178,6.21978,0.911359,2530.42,2776.54,0.0,0.0,0.701,0.769181,0.0,0,0.005961342,0.56713348,0.5512238193762473
c5ta04552e_c5ta04552e2_clean,6.07552,3.10239,6.07552,1.42683,0.0,0.0,897.934,629.319,0.4918,0.344679,0.0,1,0.007903129,0.655563313,0.6332755933974975
c5ta04989j_c5ta04989j2_clean,7.09855,5.91102,7.08643,1.4765,1374.61,930.993,0.0,0.0,0.5276,0.357332,0.0,1,0.003631378,0.351113151,0.34526860686249994
c6cc00862c_c6cc00862c2_clean,8.00553,6.19741,8.00553,0.932782,1633.12,1750.81,0.0,0.0,0.6212,0.665964,0.0,1,0.005247141,0.485826835,0.473942082030001
c6cc02494g_c6cc02494g1_clean,11.72847,10.48758,11.72847,1.03086,1570.44,1523.42,0.0,0.0,0.6508,0.631316,0.0,1,0.002231445,0.213064804,0.21699664516374992
c6cc02494g_c6cc02494g3_clean,11.9944,10.81728,11.9944,1.03032,1587.16,1540.45,0.0,0.0,0.6594,0.639995,0.0,1,0.002389506,0.23329141,0.22396270821999978
c6cc02494g_c6cc02494g4_clean,11.99779,10.81941,11.9905,1.02929,1587.08,1541.92,0.0,0.0,0.6598,0.641025,0.0,1,0.002313058,0.23288851,0.22256240419249942
c6cc02494g_c6cc02494g5_clean,11.54428,10.77033,11.54428,1.02257,1607.9,1572.4,0.0,0.0,0.664,0.649342,0.0,1,0.002224124,0.222317779,0.21688946689875008
c6cc02494g_c6cc02494g6_clean,11.73822,10.49789,11.73822,1.02922,1570.21,1525.64,0.0,0.0,0.6512,0.632715,0.0,1,0.002183924,0.211450106,0.21153247799375027
c6ce00126b_c6ce00126b2_clean,5.67441,4.44258,5.66536,1.13028,1138.37,1007.16,0.0,0.0,0.5446,0.481828,0.0,1,0.010958208,0.865337672,0.88247654782125
c6ce00141f_c6ce00141f2_clean,9.56221,8.33336,9.07575,0.705297,1946.55,2759.91,0.0,0.0,0.6886,0.976327,0.0,0,0.003728441,0.361290264,0.3678469423387496
c6ce00407e_c6ce00407e1_clean,15.77585,8.21654,15.76128,0.595584,2156.28,3620.44,0.0,0.0,0.7746,1.30057,0.0,1,0.003512747,0.341817959,0.3500276297525005
c6ce00407e_c6ce00407e2_clean,12.56279,7.41464,12.35901,0.699904,2125.04,3036.19,0.0,0.0,0.7334,1.04786,0.0,1,0.003296038,0.310869872,0.33201676314750067
c6ce00407e_c6ce00407e3_clean,12.83222,6.18664,12.83222,0.918215,2210.46,2407.34,0.0,0.0,0.7204,0.784565,0.0,1,0.005871595,0.500930007,0.539530406939997
c6ce00407e_c6ce00407e4_clean,54.27623,28.17362,54.19829,0.0636525,512.685,8054.44,0.0,0.0,0.9694,15.2296,0.0,0,0.008393828,0.820075806,0.6704479285737522
c6ce00407e_c6ce00407e5_clean,63.59368,29.48381,63.52961,0.0569197,473.468,8318.18,0.0,0.0,0.969,17.024,0.0,0,0.008915744,0.863300684,0.6962136511025018
c6ce00407e_c6ce00407e6_clean,30.12078,11.89205,30.05394,0.244057,1388.32,5688.54,0.0,0.0,0.9004,3.68931,0.0,0,0.003512322,0.336957311,0.34517699670625035
c6ce00407e_c6ce00407e7_clean,33.68342,15.87888,33.68342,0.207465,1336.6,6442.53,0.0,0.0,0.9124,4.39786,0.0,1,0.004379481,0.420453256,0.4271386834474964
c6ce00407e_c6ce00407e8_clean,6.42415,4.65473,6.4148,0.850252,2400.69,2823.5,0.0,0.0,0.6736,0.792235,0.0,1,0.004079938,0.412608448,0.4039204634787476
c6ce00407e_c6ce00407e9_clean,13.32178,10.04301,13.32178,0.313342,1952.24,6230.37,0.0,0.0,0.8528,2.72162,0.0,1,0.002748232,0.27176639,0.27387538646749987
c6cp03028a_c6cp03028a3_clean,4.4022,2.99782,4.40188,1.45754,0.0,0.0,725.781,497.949,0.498,0.341672,0.0,0,0.002963919,0.271873691,0.27425640603374934
c6dt03852b_c6dt03852b2_clean,13.14811,11.57992,13.14609,0.737977,1944.6,2635.04,0.0,0.0,0.7482,1.01385,0.000271011,1,0.003389477,0.322681982,0.33700076548000035
c6dt04165e_c6dt04165e2_clean,11.42803,10.46351,11.42803,1.35886,1522.4,1120.35,0.0,0.0,0.6814,0.501451,0.0,0,0.001758457,0.168509542,0.17380489044375
c6ra27069g_c6ra27069g2_clean,4.56243,2.89523,4.51965,1.35769,0.0,0.0,594.873,438.149,0.5184,0.381824,0.0,1,0.003293321,0.291809035,0.31450551037624985
c6ra28728j_c6ra28728j2_clean,5.10322,2.6955,5.10263,1.2961,0.0,0.0,522.834,403.391,0.4726,0.364633,0.0,1,0.004922901,0.387507825,0.42102011836250264
c6ta00429f_c6ta00429f2_clean,15.86893,5.53957,7.79231,0.722489,2062.25,2854.37,0.0,0.0,0.6916,0.957247,0.000276821,0,0.00324029,0.306362626,0.3183611323050009
CABDER_clean,4.31505,2.58033,4.31114,1.57311,0.0,0.0,154.044,97.9238,0.3826,0.243213,0.0,0,0.002882045,0.200289654,0.2720948851012492
CABJOH_clean,4.53725,3.92462,4.47478,1.06179,1786.16,1682.21,0.0,0.0,0.5552,0.522889,0.0,1,0.009391455,0.855680313,0.809541185733748
CACBUG_clean,4.28617,3.67636,4.28617,1.29935,625.637,481.501,0.0,0.0,0.4628,0.356178,0.0,1,0.001469999,0.142024906,0.13848264422500006
CADPII_clean,5.83331,5.05627,5.83331,2.03698,286.725,140.76,0.0,0.0,0.351,0.172314,0.0,1,0.00223485,0.17226265,0.2119854519075003
CADQAB_clean,6.63883,4.78268,6.63883,1.11548,2206.23,1977.84,0.0,0.0,0.6348,0.569083,0.0,1,0.004088234,0.37651977,0.4007247328499987
CADQOP_clean,6.71582,4.81933,6.71582,1.09675,2218.01,2022.35,0.0,0.0,0.6388,0.58245,0.0,1,0.003450768,0.336710138,0.3398064128275006
CADZIT_clean,4.17501,3.53659,4.16494,1.26214,543.593,430.693,0.0,0.0,0.4638,0.367472,0.0,0,0.002474685,0.243939685,0.23439356010249981
CAFRUX_clean,5.34223,3.18242,3.89892,1.16094,0.0,0.0,517.192,445.494,0.5436,0.468242,0.0,1,0.006335041,0.554688363,0.5467371239625001
CAGSAG_clean,9.02799,5.29308,7.06322,0.961699,2031.62,2112.53,9.03866,9.39864,0.6624,0.688781,0.0,1,0.004810663,0.447974056,0.43405624253749986
CAHLEE_clean,3.76094,3.11934,3.76094,2.51493,0.0,0.0,42.2926,16.8166,0.3834,0.15245,0.0,1,6.65e-05,0.006329319,0.007430995183749983
CAHNEF_clean,4.2178,3.08502,4.13445,2.33657,0.0,0.0,220.937,94.5562,0.3872,0.165713,0.0,1,0.002225953,0.198472124,0.21082821514500036
CAHQOS_clean,5.19236,3.17969,5.19236,1.93707,0.0,0.0,772.568,398.833,0.4076,0.210421,0.0,0,0.006265784,0.488306259,0.4986097876012509
CAHVAJ_clean,4.89479,3.36066,4.89479,1.77807,1031.73,580.253,0.0,0.0,0.4962,0.279066,0.0,1,0.007245066,0.617666397,0.6209134341087507
CAJBUN_clean,4.98227,2.94215,4.98227,1.57401,0.0,0.0,346.026,219.838,0.4058,0.257813,0.0,1,0.000824661,0.078614335,0.08083084540124959
CAJHUS04_clean,2.93193,2.42694,2.93193,1.63879,0.0,0.0,0.0,0.0,0.425,0.259338,0.0,0,0.0,2.78e-05,6.860522499999993e-06
CAJHUS_clean,2.92677,2.42135,2.92677,1.64088,0.0,0.0,0.0,0.0,0.4236,0.258154,0.0,0,0.0,1.47e-05,8.383582500000018e-06
CAJLEH_clean,4.88777,2.54359,4.5866,1.557,0.0,0.0,466.026,299.31,0.4856,0.311882,0.0,1,0.002871105,0.259621862,0.27150736807124976
CAJQEL_clean,13.93661,8.23046,13.93661,0.705662,2053.08,2909.44,0.0,0.0,0.7554,1.07048,0.0,1,0.005510208,0.49741767,0.5119612146749991
CAJQIP_clean,13.27741,7.61293,13.27741,0.545408,2173.64,3985.35,0.0,0.0,0.787,1.44296,0.0,1,0.004189361,0.416546911,0.4099100583512481
CAJWIV_ion_b,6.19996,3.79741,6.11559,1.07892,1261.13,1168.88,0.0,0.0,0.546,0.50606,0.0,1,0.005838937,0.512825657,0.5303123046512496
CAKFEB_clean,3.65255,2.91792,3.64481,1.9175,0.0,0.0,43.5525,22.7131,0.3714,0.193689,0.0,1,0.000669496,0.060520449,0.06654331776124998
CAKFIF_clean,3.64019,2.90518,3.64019,1.93567,0.0,0.0,39.2952,20.3006,0.3638,0.187946,0.0,1,0.000614191,0.053554201,0.06038765085624963
CAKXET_clean,4.14523,2.82776,4.14337,1.94405,0.0,0.0,240.056,123.483,0.473,0.243307,0.0,1,0.001661617,0.169617843,0.15876288407624994
CAKXIX_clean,4.13408,2.81759,4.08547,1.95983,0.0,0.0,236.274,120.559,0.4734,0.241552,0.0,1,0.001622636,0.162171524,0.15199501916250052
CAKXOD_clean,4.11875,2.79775,4.11072,2.00641,0.0,0.0,229.103,114.185,0.4716,0.235046,0.0,1,0.001726881,0.161654816,0.16475913445250004
CAKXUJ_clean,4.10044,2.79077,4.09036,2.02431,0.0,0.0,225.078,111.187,0.4698,0.232079,0.0,1,0.001652717,0.162223132,0.15856208433499994
CAKYAQ_clean,4.08997,2.78322,4.0162,2.04806,0.0,0.0,223.636,109.194,0.4694,0.229193,0.0,1,0.001729121,0.163520007,0.16468485705124997
CAKYEU_clean,4.05316,2.75795,3.99799,2.07535,0.0,0.0,214.801,103.501,0.4688,0.22589,0.0,1,0.001579036,0.156985567,0.14826997523375024
CAKYIY_clean,4.02936,2.74274,3.98579,2.10272,0.0,0.0,209.338,99.5556,0.4686,0.222854,0.0,1,0.001602416,0.161360928,0.14945743248000037
CAMROA_clean,7.19069,4.56478,7.19069,1.30979,1422.32,1085.91,0.0,0.0,0.5454,0.416401,0.0,1,0.005766523,0.538684017,0.5210089369962511
CANRIU_clean,6.98874,4.43531,6.97328,0.861557,1846.01,2142.64,0.0,0.0,0.6044,0.70152,0.0,1,0.004853133,0.45785744,0.44594605264749854
CANROA_clean,6.93935,4.21694,6.93935,0.944373,1810.25,1916.88,0.0,0.0,0.5966,0.631742,0.0,1,0.003987562,0.391470413,0.37761548228125036
CANRUG_clean,6.57321,4.9271,6.57235,0.884567,1797.13,2031.65,0.0,0.0,0.588,0.664732,0.0,1,0.005047107,0.481776817,0.47320496878250085
CANYIB_clean,8.93125,8.46949,8.93125,1.07172,1754.82,1637.38,0.0,0.0,0.614,0.572909,0.0,1,0.003187569,0.303946664,0.30693222856000096
CANZOH_clean,4.29669,2.47537,4.2966,1.78397,0.0,0.0,547.931,307.142,0.4554,0.255274,0.0,1,0.005522954,0.472302451,0.45213372695250037
CAPLOX_clean,6.59085,5.37966,6.59085,1.11008,2109.4,1900.22,0.0,0.0,0.6376,0.574371,0.0,1,0.004466552,0.433304916,0.4355147791437507
CARGEI_clean,4.10808,3.65886,4.09677,3.44333,235.863,68.4985,0.0,0.0,0.3342,0.0970573,0.0,1,8.97e-05,0.009639884,0.008635355316250032
CASTEW_clean,6.08438,5.45003,6.05599,1.74666,1447.28,828.595,0.0,0.0,0.5044,0.288779,0.0,0,0.009506639,0.798367593,0.7805781841825015
CATART03_clean,3.52552,2.45245,3.51752,1.33329,0.0,0.0,50.5338,37.9015,0.483,0.362261,0.0,1,0.00021961,0.022678896,0.020626290790000047
CAVMIW_clean,3.81852,3.11161,3.81852,1.55605,0.0,0.0,399.247,256.577,0.5216,0.335208,0.0,0,0.001002453,0.102835283,0.09912253321750006
CAVMOD_clean,10.28847,9.36955,10.28847,0.959454,1312.84,1368.32,0.0,0.0,0.585,0.609722,0.0,1,0.003544985,0.32714111,0.3373816080599999
CAVNOE_clean,5.24143,4.75286,5.24143,1.73091,867.69,501.29,0.0,0.0,0.4214,0.243455,0.0,0,0.004853952,0.408458473,0.42991898919499993
CAVPEW_manual,20.25907,7.7782,20.25907,0.40269,1930.55,4794.14,0.0,0.0,0.8198,2.03581,0.0,0,0.00300948,0.316547561,0.2965872046237486
CAVPIA_manual,19.92035,7.75151,19.86628,0.416148,1969.69,4733.15,0.0,0.0,0.8146,1.95748,0.0,0,0.003159427,0.309148767,0.3055696419512507
CAVPUM_manual,20.42812,7.78019,20.42812,0.407456,1942.56,4767.53,0.0,0.0,0.8202,2.01298,0.0,1,0.003354784,0.320664024,0.33981259641250056
CAVRAU_clean,8.06449,6.42877,8.06449,0.994088,1841.55,1852.5,0.0,0.0,0.6396,0.643404,0.0,1,0.006798861,0.564366605,0.6089186687562517
CAVREY_clean,7.18071,5.30054,7.16429,1.02665,1966.55,1915.49,0.0,0.0,0.6398,0.62319,0.0,1,0.006824372,0.555372221,0.6082182126675011
CAVSUP_clean,6.03054,5.46806,6.0217,1.37834,1107.72,803.663,0.0,0.0,0.5324,0.386261,0.0,0,0.001890817,0.166959948,0.17585240603000024
CAVTAW_clean,4.19891,3.25121,4.19891,1.54626,0.0,0.0,362.73,234.586,0.4694,0.303572,0.0,1,0.000870771,0.082942999,0.08645913626499956
CAVVUS_clean,8.70352,6.17686,8.67533,1.10684,1589.76,1436.3,0.0,0.0,0.6378,0.576233,0.0,1,0.004338204,0.408121962,0.42456761696374995
CAWDOU02_clean,6.97816,4.93144,6.97816,0.905214,1990.01,2198.39,0.0,0.0,0.6108,0.674758,0.0,1,0.004512681,0.434956927,0.4369475711724998
CAWGAJ_clean,5.29963,2.95239,5.07866,2.00611,0.0,0.0,1005.84,501.388,0.5308,0.264591,0.0,1,0.001516946,0.144118649,0.14582069852624968
CAWVIH_SL,6.49654,4.73872,6.48371,1.24069,901.093,726.283,0.0,0.0,0.4956,0.399454,0.0,0,0.004645903,0.426663807,0.43686251995500036
CAWZUX_clean,4.75634,3.15287,4.48882,1.43304,0.0,0.0,332.848,232.267,0.4286,0.299084,0.0,1,0.000975546,0.090673277,0.08973027213999987
CAXPIC_clean,3.2013,2.42141,3.2013,1.88836,0.0,0.0,0.0,0.0,0.329,0.174225,0.0,1,0.000116176,0.012513054,0.00988473607375009
CAXTAY_clean,10.46003,5.71128,10.46003,0.724219,2006.33,2770.34,0.0,0.0,0.6846,0.945294,0.0,0,0.001646203,0.158058908,0.16862207049250055
CAXTEC_clean,10.87616,5.2726,10.87615,0.837152,1928.01,2303.05,0.0,0.0,0.6672,0.796988,0.0,0,0.001893241,0.187772334,0.1853975234824992
CAXVOO_clean,11.60689,10.81841,11.60689,1.12075,1577.05,1407.14,0.0,0.0,0.6396,0.57069,0.0,1,0.002794234,0.277230506,0.2775093925137489
CAXVUU_clean,11.30625,10.52946,11.30625,1.14718,1579.61,1376.96,0.0,0.0,0.6282,0.547605,0.0,1,0.002868723,0.277097879,0.28512033242124857
CAXWAB_clean,11.47981,10.7455,11.47981,1.14506,1582.63,1382.13,0.0,0.0,0.6306,0.550713,0.0,1,0.002901425,0.286270887,0.28503364031124867
CAXWEF_clean,11.4766,10.80771,11.4766,1.14451,1589.9,1389.16,0.0,0.0,0.6324,0.552552,0.0,1,0.002774249,0.28611646,0.2706226607199996
CAXWIJ_clean,11.51419,10.74209,11.51419,1.143,1585.27,1386.93,0.0,0.0,0.6362,0.556603,0.0,1,0.002939578,0.286510705,0.2855643092637488
CAXXEG_clean,6.07325,3.85926,6.03932,1.21319,1423.03,1172.97,0.0,0.0,0.5422,0.446922,0.0,0,0.003564853,0.321598792,0.3350461179050003
CAXZOS_clean,9.21896,5.54947,8.26542,0.933786,1488.97,1594.55,0.0,0.0,0.591,0.632907,0.0,0,0.005259763,0.485921067,0.47126333813624904
CAXZUY_clean,9.32301,5.43687,8.01925,0.950981,1467.16,1542.78,0.0,0.0,0.579,0.608845,0.0,0,0.005318327,0.521201211,0.4693138259887489
CAYCAI_clean,6.80768,3.74439,6.80768,1.98488,984.427,495.962,6.49147,3.27046,0.4704,0.236991,0.0,1,0.000524348,0.050306946,0.05274199742374964
CAYDEN_clean,5.0519,4.88565,5.0519,1.50882,682.819,452.551,0.0,0.0,0.463,0.306862,0.0,0,0.001429897,0.134167544,0.13569169967000008
CAYDIR_clean,5.11017,4.94322,5.11017,1.49623,706.715,472.33,0.0,0.0,0.4642,0.310247,0.0,0,0.001426064,0.131265582,0.13525187192250013
CAYDUD_clean,5.16273,4.98367,5.16273,1.48699,695.762,467.899,0.0,0.0,0.4646,0.312443,0.0,0,0.001369839,0.133354842,0.12740474294000045
CAYKEU_clean,6.90917,5.51195,6.89676,1.65926,1248.25,752.294,0.0,0.0,0.5378,0.32412,0.0,1,0.002721811,0.260940636,0.24963035684374998
CAYMIZ_clean,5.09274,4.35949,5.06741,1.47774,1017.51,688.557,0.0,0.0,0.4866,0.329286,0.0,0,0.004250639,0.37886536,0.38241032898124927
CAYQAV_clean,5.97925,4.27197,5.97925,1.3965,1570.86,1124.85,0.0,0.0,0.5832,0.417615,0.0,1,0.001835092,0.176356071,0.17664214116874938
CAYSIE_clean,7.01369,4.99057,7.01369,1.16777,715.513,612.717,0.0,0.0,0.471,0.403332,0.0,0,0.000943596,0.09350853,0.09113100355249934
CAYSOK_clean,7.10061,5.08651,7.10061,1.15597,734.4,635.313,0.0,0.0,0.476,0.411777,0.0,0,0.001013317,0.104270325,0.09984319879000032
CAYSOL_clean,4.10454,3.06683,4.10454,1.54161,0.0,0.0,527.293,342.04,0.5286,0.342888,0.0,0,0.001813232,0.175640534,0.1695540014012497
CAYYEG_clean,7.23384,5.22809,7.23384,1.1195,757.877,676.976,0.0,0.0,0.4822,0.430726,0.0,0,0.00096627,0.0928581,0.09141016075749933
CAZFOA_clean,3.89004,2.95907,3.88208,1.31123,0.0,0.0,220.491,168.155,0.4452,0.339528,0.0,1,0.001411947,0.146253999,0.13285833981375006
CAZGIT_clean,5.03658,3.98397,5.03257,1.74975,597.309,341.369,0.0,0.0,0.4322,0.247007,0.0,1,0.003306584,0.283245103,0.3127971540537497
CAZGOZ_clean,8.02063,3.18,8.00699,0.905364,0.0,0.0,1541.81,1702.97,0.6102,0.673983,0.0,0,0.005070171,0.497958922,0.44936122755125096
CDLGLU10_clean,3.40131,2.76994,3.35047,1.87407,0.0,0.0,10.2159,5.45116,0.4344,0.231795,0.0,1,9.3e-05,0.007973872,0.008963928626250074
CDLGLU11_clean,3.39379,2.72562,3.37746,1.87407,0.0,0.0,9.5878,5.11603,0.433,0.231048,0.0,1,8.63e-05,0.008270499,0.008213670171250059
CDLGLU12_clean,3.40713,2.85499,3.3244,1.88548,0.0,0.0,14.1978,7.53009,0.4614,0.244713,0.0,1,9.44e-05,0.009149593,0.0091088648687501
CEBDOD_clean,5.66465,5.15984,5.65666,2.39766,855.034,356.611,0.0,0.0,0.4118,0.171751,0.0,1,0.001559957,0.150504171,0.14525105212249986
CECVAI_clean,8.49795,6.03194,7.93874,0.769652,2649.07,3441.9,0.0,0.0,0.7384,0.959394,0.0,1,0.002770305,0.268253232,0.2716256978925008
CECVIQ_clean,3.94859,3.20856,3.91188,2.17243,0.0,0.0,365.523,168.255,0.3928,0.180811,0.0,1,0.003096833,0.267098821,0.2852456581350006
CECVOW_clean,3.93864,3.18862,3.90249,2.19817,0.0,0.0,339.655,154.517,0.3882,0.176601,0.0,1,0.003077038,0.26171537,0.2851765064225005
CEDFIC_clean,5.4924,4.94828,5.32905,1.21421,1932.36,1591.46,0.0,0.0,0.6236,0.513586,0.0,1,0.004512431,0.419076537,0.43338272936750066
CEFDAU_clean,3.96523,3.28269,3.94655,1.24666,0.0,0.0,668.819,536.487,0.5592,0.448558,0.0,0,0.002914887,0.266361472,0.2738449134999995
CEFLEF_clean,7.24143,3.11475,7.24031,1.54193,0.0,0.0,662.829,429.869,0.5026,0.325954,0.0,1,0.00215168,0.204205498,0.2079741507724992
CEGDUO_clean,4.82541,3.97638,4.82307,1.91831,724.949,377.909,0.0,0.0,0.4724,0.246258,0.0,1,0.001368021,0.131157265,0.12700325379875005
CEGFAW_clean,4.76954,3.53933,4.76954,1.84478,851.951,461.818,0.0,0.0,0.4894,0.265289,0.0,1,0.001269714,0.122805816,0.1210972940100004
CEGWER_clean,4.43901,3.87534,4.42525,1.46079,690.461,472.661,0.0,0.0,0.4246,0.290664,0.0,1,0.005652911,0.459371281,0.47956281545999774
CEHLAD_clean,10.21413,5.8901,10.08749,0.853623,2217.93,2598.26,0.0,0.0,0.735,0.861036,0.0,1,0.003466194,0.340466233,0.34315040506375033
CEHTEP_clean,5.13273,3.12604,5.12998,1.98211,0.0,0.0,1064.68,537.145,0.5982,0.301799,0.0,1,0.000371437,0.037790399,0.03512025473999997
CEHWIX_clean,3.77572,3.29583,3.77572,1.55337,0.0,0.0,294.827,189.798,0.4734,0.304757,0.0,1,0.002873862,0.276681929,0.27159796585249973
CEHWOD_clean,3.34215,2.46178,3.34215,1.63561,0.0,0.0,0.0,0.0,0.4412,0.269746,0.0,1,0.000150246,0.016372062,0.016640040152499952
CEJBEA_clean,7.33038,5.85474,7.33038,1.57516,776.239,492.799,0.0,0.0,0.4492,0.285177,0.0,0,0.001090225,0.103200401,0.10674520315875025
CEJVET_clean,4.42499,2.59175,4.27098,2.52725,0.0,0.0,498.986,197.442,0.4372,0.172994,0.0,1,0.006719687,0.469802747,0.5356235256312492
CEJZAU_clean,7.19009,4.36372,6.93205,1.03983,1483.83,1427.0,0.0,0.0,0.5552,0.533934,0.0,0,0.005246942,0.514188089,0.4697907148924994
CEKHIL_clean,8.90548,6.79186,8.80947,0.613586,2659.69,4334.67,0.0,0.0,0.7608,1.23992,0.0,1,0.003615259,0.375007516,0.3571651145625011
CEKROB_clean,5.35179,3.54558,5.35179,1.20403,773.46,642.39,0.0,0.0,0.4936,0.409955,0.0,0,0.00305429,0.281536635,0.2908322916675005
CEKRUH_clean,5.36221,3.36123,5.36221,1.38131,729.546,528.155,0.0,0.0,0.4924,0.356473,0.0,0,0.002945756,0.25909588,0.2750186508399998
CELKEL_clean,5.6698,2.68133,5.64737,1.35478,0.0,0.0,585.158,431.922,0.4322,0.319019,0.0,1,0.004565439,0.362505566,0.40623817654375194
CELZEA_clean,5.3255,4.52273,5.32364,1.62985,1218.16,747.41,0.0,0.0,0.5184,0.318067,0.0,1,0.002551572,0.245503139,0.2426350812925005
CELZIE_SL,5.90423,2.6714,5.70028,1.31183,0.0,0.0,474.014,361.337,0.4338,0.330682,0.0,0,0.00408237,0.311255309,0.3790912151112501
CEMYUQ_clean,6.77494,3.84893,6.77491,1.21968,1760.79,1443.65,0.0,0.0,0.6118,0.501606,0.0,1,0.007434274,0.685439636,0.6701127674350018
CENJIQ_clean,8.5056,4.03981,8.49212,1.2776,1268.59,992.946,62.8816,49.2184,0.584,0.457106,0.0,1,0.002286036,0.216582088,0.22387524855749963
CENKAJ_clean,8.21931,4.12189,8.21931,1.27633,1215.32,952.199,71.8847,56.3212,0.5908,0.462888,0.0,1,0.001924874,0.191987355,0.18354718035999898
CENPUI_clean,6.19698,4.05893,5.0808,0.999903,1127.63,1127.74,0.0,0.0,0.537,0.537052,0.0,1,0.012141669,0.948256393,0.9736980634137499
CERMIV_clean,6.14808,3.15163,6.14808,1.69595,0.0,0.0,836.43,493.192,0.5152,0.303782,0.0,0,0.002367458,0.208949267,0.22139135057749948
CESYEF01_clean,3.18076,2.7668,3.18076,2.28452,0.0,0.0,0.0,0.0,0.3324,0.145501,0.0,1,1.13e-06,0.000143814,0.00014812391625000068
CESYEF_clean,3.28814,2.88315,3.28814,2.2285,0.0,0.0,0.0,0.0,0.3564,0.159928,0.0,1,1.36e-05,0.000815324,0.0014510957599999973
CETFOX_clean,5.89862,5.05783,5.89274,1.36113,1575.61,1157.57,0.0,0.0,0.5628,0.413479,0.0,1,0.002015853,0.198591818,0.19259102045125018
CETFUD_clean,4.78644,4.1075,4.78644,1.42835,1079.17,755.535,0.0,0.0,0.4914,0.344034,0.0,1,0.004138736,0.370831804,0.38035002476874874
CETGOY_clean,10.22503,9.4107,10.22503,0.619603,1948.44,3144.66,0.0,0.0,0.6924,1.11749,0.0,1,0.002836495,0.279367847,0.2893132898324997
CETHEQ_clean,9.71439,7.35018,9.71439,1.06464,1786.46,1678.0,0.0,0.0,0.68,0.638714,0.0,1,0.001396015,0.142740873,0.13846487783500083
CETJAN_clean_h,5.90298,3.79569,5.88477,1.04758,1099.93,1049.97,0.0,0.0,0.521,0.497338,0.0,0,0.002954962,0.273157385,0.277589455089999
CETNUL_clean,4.58077,3.60286,4.56313,1.13657,1013.54,891.755,16.0108,14.0869,0.5734,0.504499,0.0,0,0.005298458,0.466462787,0.4680303963912483
CETVAA_clean,4.44677,3.28831,4.44677,1.2883,0.0,0.0,359.567,279.103,0.422,0.327564,0.0,0,0.006810072,0.489714469,0.5487970955249998
CEXHET_clean,5.56032,3.64308,4.81937,1.07672,1426.07,1324.45,4.06218,3.77273,0.5636,0.523441,0.0,1,0.003871208,0.382610279,0.36487000031000094
CEXHOD_clean,6.20263,3.99405,6.1987,0.988457,1905.85,1928.11,0.0,0.0,0.5896,0.596485,0.0,1,0.003307954,0.31053482,0.3258448794362516
CEXJOF_clean,6.33683,4.40395,6.33247,1.02087,1398.78,1370.18,127.063,124.465,0.5504,0.539146,0.0,1,0.004646963,0.410166018,0.43408418133125104
CEYPUT01_clean,5.3037,3.76464,5.15402,1.22825,976.383,794.936,0.0,0.0,0.5114,0.416364,0.0,0,0.013065252,0.977066086,0.9690282839850011
CEYPUT_clean,5.36995,3.83237,5.24339,1.20669,1059.79,878.268,0.0,0.0,0.5054,0.418833,0.0,0,0.013034097,0.953484854,1.0140862411425031
CEZFIY_clean,5.34194,3.72114,5.30915,1.18992,1017.05,854.72,0.0,0.0,0.4786,0.40221,0.0,0,0.004278725,0.382014218,0.3912649907312499
CEZNAY_clean,5.01935,2.93554,4.97839,2.11441,0.0,0.0,484.842,229.304,0.4766,0.225406,0.0,1,0.00127922,0.117979152,0.1201876957524996
cg034025wsi20030214_115651_clean,4.98405,3.48688,4.91647,1.80625,1199.75,664.222,0.0,0.0,0.5452,0.30184,0.0,1,0.002284273,0.212003163,0.21631178865999995
cg060732osi20070605_042406_clean,6.23351,5.51273,6.19042,0.921282,2509.58,2724.01,0.0,0.0,0.696,0.755469,0.0,0,0.006367646,0.611320682,0.5759560886649976
cg0702636-file001_clean,4.28619,2.95991,4.28619,1.71071,0.0,0.0,554.044,323.869,0.4834,0.282573,0.0,0,0.006172764,0.521558472,0.5206724156262524
cg0702636-file002_clean,4.27325,2.94575,4.26862,1.71371,0.0,0.0,573.164,334.457,0.4894,0.285579,0.0,0,0.00621393,0.507049552,0.5206541829425025
cg100226u_si_003_clean,6.75144,3.25309,6.74261,1.00875,0.0,0.0,1005.92,997.202,0.5428,0.538094,0.0,0,0.003151057,0.299509042,0.2963950669162513
cg100226u_si_004_clean,6.77697,3.31842,6.74253,0.991173,0.0,0.0,1085.89,1095.56,0.5504,0.555302,0.0,0,0.003469643,0.320173631,0.32142800572625035
cg200332y_si_002_clean,5.21581,3.97485,5.21581,1.32224,2143.79,1621.34,0.0,0.0,0.6406,0.484482,0.0,0,0.007808794,0.709456869,0.6799567255487499
cg200606r_si_001_clean,4.89412,3.61697,4.88387,1.24739,1030.7,826.282,0.0,0.0,0.5586,0.447815,0.0,1,0.015124859,1.169289348,1.0974551109112538
cg200615s_si_002_clean,4.28794,2.8499,4.28081,1.75938,0.0,0.0,254.471,144.637,0.3014,0.171311,0.0,1,0.00196013,0.171965445,0.1864580556862499
cg300302n_si_004_clean,4.26728,3.40774,4.26728,1.22723,425.532,346.741,0.0,0.0,0.4466,0.363908,0.0,0,0.001501867,0.133082109,0.1469080774850002
cg300827e_si_003_clean,6.49481,4.26763,6.39496,1.12226,1820.26,1621.96,0.0,0.0,0.6138,0.546932,0.0,0,0.005012296,0.454252513,0.46398078245999935
cg301577a_si_002_clean,13.79617,7.99146,13.47475,0.563648,2128.96,3777.11,0.0,0.0,0.7834,1.38987,0.0,1,0.00509548,0.46645274,0.4596307166899986
cg301725z_si_002_clean,4.41795,2.98056,4.41698,1.14076,0.0,0.0,1041.38,912.881,0.5478,0.480205,0.0,0,0.003871644,0.37504468,0.3481687943200004
cg301725z_si_003_clean,4.61209,3.22613,4.60561,1.078,0.0,0.0,1404.62,1302.99,0.5694,0.528201,0.0,0,0.004062444,0.403110127,0.3835589120725016
cg301725z_si_004_clean,4.69664,4.11195,4.68637,1.09749,1702.36,1551.13,0.0,0.0,0.5844,0.532487,0.0,0,0.007490877,0.689780748,0.680403645891251
cg400449c_si_001_clean,12.65792,7.41339,12.43712,0.667569,2346.54,3515.05,0.0,0.0,0.7554,1.13157,0.0,1,0.004293217,0.403332636,0.4191191045362508
cg401858s_si_002_clean,5.76822,4.62513,5.72988,1.11065,1442.06,1298.4,0.0,0.0,0.5672,0.510693,0.0,1,0.003715216,0.345583391,0.35708031808000096
cg401887b_si_003_clean,8.26997,6.53639,8.26997,0.770939,2356.88,3057.16,0.0,0.0,0.7266,0.942487,0.0,1,0.004588908,0.440445242,0.4320675440624995
cg401887b_si_004_clean,8.20931,6.61957,8.1877,0.786825,2323.24,2952.68,0.0,0.0,0.7066,0.898039,0.0,1,0.004399233,0.422929755,0.42633232730999915
cg500033b_si_002_clean,6.04182,4.78062,6.04182,1.0885,1374.83,1263.05,0.0,0.0,0.5536,0.508589,0.0,1,0.004852715,0.438149135,0.4381237877037515
cg500033b_si_003_clean,4.83661,3.74279,4.83563,1.15821,667.849,576.623,201.392,173.883,0.5058,0.436709,0.0,0,0.008400429,0.613518477,0.6883290263949984
cg500091k_si_002_clean,7.03754,5.53828,7.03754,0.930114,2289.08,2461.07,0.0,0.0,0.6592,0.70873,0.0,1,0.003652443,0.352069733,0.3571651568325016
cg500121f_si_004_clean,4.92521,3.49647,4.87249,1.18083,1031.61,873.629,0.0,0.0,0.5556,0.470517,0.0,0,0.007264734,0.654832807,0.6574846294412537
cg500149s_si_002_clean,5.58191,4.61814,5.576,1.28231,662.205,516.417,0.0,0.0,0.4432,0.345627,0.0,0,0.001599184,0.158179078,0.1495243849175006
cg500175k_si_001_auto,20.37708,9.90922,20.37708,0.51525,1882.27,3653.11,0.0,0.0,0.821,1.5934,0.0,1,0.003279727,0.337403564,0.3335800291950007
cg500192d_si_003_clean,11.24994,9.49767,11.24883,0.554498,2069.35,3731.94,0.0,0.0,0.7928,1.42976,0.0,0,0.003140099,0.314364354,0.30678013600500026
cg500975j_si_002_clean,5.01183,3.05048,5.01183,1.07407,0.0,0.0,930.847,866.657,0.499,0.46459,0.0,0,0.011305347,0.899128417,0.8638605760325025
cg501012e_si_002_clean,10.40468,5.07098,10.12255,0.834367,2007.02,2405.44,0.0,0.0,0.668,0.800607,0.0,1,0.004834015,0.453334014,0.4394339311712498
cg5010616_si_003_clean,4.68057,3.6532,4.67686,1.10074,1075.03,976.65,11.638,10.5729,0.4874,0.442795,0.0,1,0.004043649,0.37265073,0.3792650110437494
cg5010616_si_007_clean,4.62764,3.59212,4.62764,1.09202,987.897,904.65,4.23835,3.8812,0.4894,0.44816,0.0,1,0.003476272,0.35259397,0.3290247516000004
cg501141m_si_002_clean,7.16379,4.82619,7.11311,0.994067,1469.53,1478.3,195.255,196.42,0.5926,0.596137,0.0,1,0.006030134,0.535416123,0.5597204100387497
cg501231v_si_001_clean,17.06774,7.18297,17.06774,0.779609,1749.67,2244.29,0.0,0.0,0.6902,0.885316,0.0,0,0.003503673,0.354875855,0.3444825898200002
cg5012617_si_002_clean,6.32079,5.69332,6.32079,1.49326,566.795,379.568,60.4946,40.5117,0.4478,0.29988,0.0,1,0.001648139,0.155799357,0.15934306930625047
cg501279y_si_002_clean,6.41301,4.86183,6.41301,1.15346,875.131,758.698,0.0,0.0,0.4984,0.43209,0.0,0,0.007019055,0.589788179,0.604546988356251
cg501560z_si_002_clean,9.02632,7.52711,9.02632,0.738263,2435.69,3299.23,0.0,0.0,0.7636,1.03432,0.0,0,0.001564642,0.156138856,0.1564948950700008
cg501560z_si_003_clean,10.58889,8.21137,10.57587,0.621509,2301.94,3703.79,0.0,0.0,0.8104,1.30392,0.0,1,0.001604653,0.150736314,0.15866621659375146
cg501730q_si_002_clean,15.26084,10.84338,15.26084,0.834696,1931.13,2313.57,0.0,0.0,0.7224,0.865465,0.0,1,0.003733193,0.36726601,0.36893481451124976
cg5b00056_si_004_clean,9.90635,2.42974,9.90635,0.988653,0.0,0.0,1109.21,1121.94,0.5456,0.551862,0.0,0,0.002709937,0.257198797,0.24817044742875097
cg8002564_si_006_clean,5.14176,2.45295,5.13213,1.27729,0.0,0.0,660.858,517.392,0.5124,0.401163,0.0,0,0.012047671,0.964419984,0.8792946832412509
cg8002564_si_008_clean,4.98348,3.3006,4.98348,1.38404,0.0,0.0,812.956,587.38,0.4888,0.35317,0.0,0,0.004138104,0.380021066,0.38167034521875115
cg800424t_si_002_clean,11.07723,9.2554,11.07723,0.942046,1274.04,1352.42,0.0,0.0,0.6274,0.665997,0.0,1,0.00269969,0.256496686,0.26899855677124984
cg801164f_si_001_clean,5.00808,3.18752,4.35611,1.43341,0.0,0.0,692.391,483.038,0.4768,0.332634,0.0,1,0.003897031,0.332926698,0.34635129451999874
cg8013317_si_003_clean,5.86482,4.33377,5.84465,0.919505,1402.89,1525.7,0.0,0.0,0.564,0.613373,0.0,1,0.007735923,0.683534264,0.6833415409575008
cg900153m_si_001_clean,16.94263,7.25585,10.11151,0.592421,2320.63,3917.2,0.0,0.0,0.7834,1.32237,0.0,1,0.003395129,0.340404351,0.34050566274375066
cg900349c_si_002_clean,6.40104,2.85131,6.40104,1.46941,0.0,0.0,1014.19,690.2,0.5798,0.39458,0.0,0,0.002585766,0.245928476,0.2398430630525008
cg900505v_si_002_clean,4.23464,2.81157,4.23464,2.3603,0.0,0.0,48.0216,20.3456,0.3418,0.144812,0.0,0,0.001419821,0.125468378,0.1314134944699998
cg900505v_si_004_clean,4.31103,2.79095,4.31103,2.33143,0.0,0.0,50.8886,21.8272,0.3494,0.149865,0.0,0,0.001627085,0.134164206,0.14404798655500003
cg901128k_si_004_clean,5.1054,4.19275,5.1054,1.86722,389.052,208.359,0.0,0.0,0.4158,0.222684,0.0,0,0.001109272,0.104924418,0.10900803686125028
cg901312t_si_002_clean,15.54833,7.92817,14.85181,0.630454,2258.1,3581.71,0.0,0.0,0.764,1.21183,0.0,1,0.003581324,0.361196106,0.35530836372625146
CICSOW01_clean,5.13947,2.94666,5.13947,1.29178,0.0,0.0,545.966,422.648,0.4904,0.379632,0.0,0,0.015129903,1.17178053,0.9288005715299987
CICSOW02_clean,5.15159,2.94877,5.15159,1.24924,0.0,0.0,607.472,486.274,0.504,0.403446,0.0,0,0.013695703,1.057108436,0.9153379676874985
CICSOW_clean,5.06427,2.53963,5.06427,1.32985,0.0,0.0,524.043,394.061,0.4898,0.368311,0.0,0,0.018987679,1.36517998,1.0714929984474963
CICYIX_clean,3.23853,2.71886,3.23794,2.0565,0.0,0.0,0.0,0.0,0.409,0.198882,0.0,1,7.92e-05,0.006939752,0.007678144096250066
CIDKUX_clean,9.17673,8.30352,9.17673,1.04661,1668.34,1594.05,0.0,0.0,0.6532,0.624113,0.0,1,0.003609944,0.343999473,0.3466395563287514
CIFDOM_clean,5.56405,4.03207,5.56103,0.979977,1797.6,1834.33,0.0,0.0,0.591,0.603075,0.0,1,0.00467587,0.455740798,0.43322492271000007
CIFDUS_clean,6.0819,4.13005,6.0819,0.982136,1846.77,1880.36,0.0,0.0,0.6008,0.611728,0.0,1,0.004510718,0.443043006,0.4319462124425003
CIFJAE_clean,5.80851,5.16856,5.80851,1.17303,1403.54,1196.51,0.0,0.0,0.544,0.463755,0.0,1,0.006082572,0.552260757,0.5611227832087478
CIFLUA_clean,9.37773,7.98095,9.37773,0.746179,1903.8,2551.39,0.0,0.0,0.6868,0.920422,0.0,1,0.004011259,0.394092916,0.4005635970437477
CIFMAH_clean,10.24439,9.01949,10.24042,0.733938,2150.52,2930.12,0.0,0.0,0.6824,0.929779,0.0,1,0.004764142,0.440660343,0.42642017938375043
CIFMEL_clean,8.24371,5.76486,8.24371,0.761139,2746.38,3608.25,0.0,0.0,0.7488,0.983788,0.0,1,0.002371261,0.229522413,0.22239725245749997
CIFMIP_clean,7.90061,6.44934,7.90061,1.08801,1993.5,1832.24,0.0,0.0,0.6246,0.574075,0.0,1,0.003364195,0.333922476,0.3332626766237503
CIGDUT_clean,5.04549,3.73361,5.01118,1.73625,237.061,136.536,547.429,315.294,0.5092,0.293276,0.0,1,0.004028903,0.364074971,0.37889163687749994
CIGFAB_clean,5.06435,3.71465,5.06435,1.72692,240.436,139.228,509.807,295.211,0.5158,0.298682,0.0,1,0.003710529,0.348578978,0.3330830016199983
CIGFEF_clean,5.08065,3.70225,5.00391,1.56415,1026.35,656.171,0.0,0.0,0.547,0.349712,0.0,1,0.004361899,0.398909457,0.4135486656262489
CIGYAU_clean,3.87967,2.66619,3.85574,1.59429,0.0,0.0,30.6322,19.2137,0.4078,0.255788,0.0,0,0.001621123,0.133206541,0.14348977227875034
CIJVOH01_clean,5.72943,4.43683,5.71847,1.42641,2600.15,1822.87,0.0,0.0,0.6914,0.484714,0.0,1,0.001965202,0.190239111,0.1944434674087505
CIJVOH_clean,5.67314,4.40026,5.67231,1.44318,2399.39,1662.57,0.0,0.0,0.687,0.476032,0.0,1,0.001860447,0.184840741,0.17887654002749914
CILDAD_clean,3.07453,2.50478,3.07453,2.20473,0.0,0.0,0.0,0.0,0.314,0.142421,0.0,1,9.65e-07,5.88e-05,0.0001098122250000002
CIPCUB_clean,4.79005,3.99723,4.76699,1.72886,1140.31,659.571,0.0,0.0,0.5,0.289207,0.0,1,0.004949598,0.412840414,0.4426532931925001
CIRTUU_clean,15.60203,7.15132,15.60203,0.583758,2414.48,4136.1,0.0,0.0,0.7788,1.33412,0.0,1,0.004791769,0.452282404,0.4318086168187506
CISLUN_clean,5.76312,4.73452,5.67518,0.963118,2174.12,2257.37,0.0,0.0,0.655,0.680083,0.0,1,0.004049323,0.390912436,0.392629145087499
CISMEY01_clean,3.61022,2.45677,3.61022,2.04136,0.0,0.0,27.1251,13.2877,0.3964,0.194184,0.0,1,0.000337347,0.031882984,0.03319320267124999
CISMEY_clean,3.5654,2.49326,3.56399,2.04138,0.0,0.0,32.4486,15.8954,0.4016,0.196729,0.0,1,0.000599261,0.055465331,0.06027424426874951
CISMIC_clean,3.36457,2.53093,3.3313,1.67673,0.0,0.0,0.279828,0.166889,0.3638,0.21697,0.0,1,0.000382843,0.033663993,0.03562538604500005
CISXEJ_clean,8.40281,5.25443,8.32688,0.998279,1037.93,1039.71,82.5858,82.7282,0.5322,0.533117,0.0,1,0.005561143,0.456919022,0.505177725443749
CITXUZ_clean,5.80705,2.7632,5.52538,1.22731,0.0,0.0,741.921,604.508,0.5388,0.439007,0.0,1,0.004833228,0.396147542,0.41601169593375253
CITZIP_manual,6.91567,6.30981,6.88477,1.43035,1426.63,997.402,0.0,0.0,0.5266,0.368162,0.0,0,0.002845356,0.280551095,0.27740713555624796
CIVTEH_clean,5.3881,4.01709,5.3881,1.06088,1244.8,1173.37,0.0,0.0,0.5492,0.517684,0.0,1,0.004004823,0.374104392,0.3751680204112495
CIWREG_clean,8.13471,7.32788,8.13207,1.23149,2046.97,1662.19,0.793114,0.644029,0.6562,0.532851,0.0,0,0.002591806,0.252504563,0.25703531311374955
CIWRIK_clean,8.18288,7.41537,8.15939,1.23146,2070.3,1681.17,0.299565,0.243259,0.6662,0.540982,0.0,0,0.002751119,0.256137831,0.26842634174624996
CIWROQ_clean,8.21788,7.67164,8.21788,1.21042,2075.04,1714.31,0.0,0.0,0.6722,0.555343,0.0,0,0.002774161,0.258950833,0.26923071676999993
CIWRUW_clean,8.32352,7.79985,8.25756,1.23467,2023.32,1638.75,0.0,0.0,0.6682,0.541198,0.0,0,0.002562182,0.247330168,0.2554806361087494
CIWSAD_clean,8.30771,7.62763,8.30771,1.22175,2054.23,1681.39,0.0,0.0,0.6672,0.546104,0.0,0,0.002582589,0.247380859,0.2557443142187496
CIWYUD_clean,7.106,4.57125,7.10384,1.41213,1333.92,944.617,0.0,0.0,0.5334,0.377728,0.0,1,0.003361819,0.323779074,0.32263427170875114
CIWZEP_clean,6.72158,5.37996,6.72158,1.16391,939.134,806.877,0.0,0.0,0.5184,0.445394,0.0,0,0.00173077,0.164349808,0.17542393806874979
CIWZIT_clean,6.79559,5.48299,6.79559,1.25271,971.679,775.661,0.13923,0.111143,0.5152,0.411268,0.0,0,0.001549161,0.146387592,0.15368462159375057
CIXBUH_clean,8.16009,7.52386,8.14429,1.22695,2058.62,1677.84,0.0,0.0,0.6684,0.544765,0.0,0,0.002635255,0.255982468,0.2661668620849998
CIXCAO_clean,8.41278,7.79803,8.41278,1.20596,2061.81,1709.68,0.0,0.0,0.6754,0.560051,0.0,0,0.002574031,0.250554619,0.25562423092124953
CIYZUG_clean,4.43409,3.66305,4.43409,1.41147,330.488,234.144,0.0,0.0,0.4122,0.292036,0.0,1,0.001110159,0.097678752,0.1085681077375003
CIZLEE_clean,3.35055,2.73009,3.34297,2.78994,0.0,0.0,0.315034,0.112918,0.3162,0.113336,0.0,1,5.27e-05,0.004814463,0.004662870418750006
CIZMIJ_clean,6.80411,4.91458,6.62402,0.777083,2425.06,3120.72,0.0,0.0,0.6814,0.876869,0.0,1,0.005816416,0.567490767,0.5381067771537483
CIZPOS_clean,10.90949,3.96313,10.90949,0.997777,2106.31,2111.0,0.0,0.0,0.6492,0.650646,0.0,1,0.008618192,0.685750426,0.7441383114437494
CIZTIP_clean,4.63961,2.62732,4.59415,1.51301,0.0,0.0,514.848,340.281,0.5044,0.333376,0.0,1,0.003595093,0.326107318,0.3243766534999974
cm0623918si20061006_115210_clean,4.82645,2.47967,4.81484,1.26993,0.0,0.0,918.721,723.443,0.5416,0.426481,0.0,1,0.009746053,0.763626769,0.7843481039175023
cm1008587_si_003_clean,6.03686,5.8505,6.03686,1.12119,1527.32,1362.24,0.0,0.0,0.5816,0.518737,0.0,0,0.004786597,0.450488708,0.43699993892250094
cm202876r_si_002_clean,4.47913,3.53194,4.47073,1.51151,750.121,496.273,0.0,0.0,0.4498,0.297584,0.0,1,0.009987184,0.739704643,0.7703594440137532
cm301726k_si_004_clean,7.25727,6.70407,7.25727,1.2275,1056.33,860.551,0.0,0.0,0.4792,0.390387,0.0,1,0.004350157,0.385308602,0.4230332975175003
cm303749m_si_001_clean,11.62501,8.78986,11.62501,0.556141,2268.15,4078.37,0.0,0.0,0.7584,1.36368,0.0,1,0.003941352,0.387718091,0.381975872641249
cm303749m_si_002_clean,11.94079,10.66908,11.94079,0.51806,2178.92,4205.92,0.0,0.0,0.7776,1.50099,0.0,1,0.003670615,0.366754793,0.3646587701975011
cm500700z_si_002_clean,6.28804,4.63482,6.27649,0.925761,2471.95,2670.19,0.0,0.0,0.6686,0.722217,0.0,1,0.006390188,0.613779278,0.5731034904637474
cm500700z_si_003_clean,7.09965,5.06719,7.09965,1.05656,1959.47,1854.58,0.0,0.0,0.6212,0.587946,0.0,0,0.004547213,0.437420954,0.4444125526212524
cm501138g_si_002_clean,13.2781,6.68961,13.2781,0.886331,2090.67,2358.79,0.0,0.0,0.7192,0.811435,0.0,1,0.004884816,0.429218014,0.43463968319124985
cm501138g_si_005_clean,13.193,6.5701,13.193,0.888496,2142.98,2411.92,0.0,0.0,0.7196,0.809908,0.0,1,0.005119887,0.448736613,0.4616692375424985
cm501138g_si_006_clean,13.20287,6.64275,13.20287,0.881027,2105.19,2389.47,0.0,0.0,0.7198,0.817001,0.0,1,0.00487965,0.432341093,0.43484262625749986
cm501138g_si_008_clean,13.18132,6.60546,13.18132,0.885001,2136.53,2414.16,0.0,0.0,0.72,0.813558,0.0,1,0.005068223,0.444600922,0.46165318844499853
cm501138g_si_010_clean,13.19966,6.69993,13.19966,0.880672,2105.24,2390.49,0.0,0.0,0.7198,0.81733,0.0,1,0.004946813,0.428835702,0.438382091574999
cm501138g_si_011_clean,13.25601,6.66924,13.25601,0.875822,2120.67,2421.34,0.0,0.0,0.7216,0.823911,0.0,1,0.005008809,0.429732069,0.44630415527499695
cm501138g_si_012_clean,13.22876,6.69209,13.22876,0.883303,2102.85,2380.67,0.0,0.0,0.72,0.815122,0.0,1,0.004959729,0.429158601,0.4401429738649986
cm503311x_alf100K_clean,7.0434,6.64625,7.0434,0.965639,1593.91,1650.63,0.0,0.0,0.608,0.629635,0.0,0,0.002952165,0.288794573,0.2870568117862499
cm503311x_alf11K_clean,7.06313,6.65574,7.06313,0.967105,1569.67,1623.06,0.0,0.0,0.6028,0.623304,0.0,0,0.003079553,0.285654358,0.29740886060625177
cm503311x_alf125K_clean,7.14687,6.82418,7.14687,0.9646,1570.17,1627.8,0.0,0.0,0.6102,0.632594,0.0,0,0.00300676,0.287233565,0.2936127750487505
cm503311x_alf150K_clean,7.24848,7.00179,7.24848,0.962828,1577.69,1638.6,0.0,0.0,0.6114,0.635005,0.0,0,0.003079553,0.281586032,0.29774818334500186
cm503311x_alf175K_clean,7.34601,7.12573,7.34601,0.962415,1571.81,1633.19,0.0,0.0,0.6104,0.634238,0.0,0,0.002885438,0.284271289,0.2851249406249996
cm503311x_alf200K_clean,7.35028,7.12879,7.35028,0.963076,1569.66,1629.84,0.0,0.0,0.6114,0.634841,0.0,0,0.002842976,0.289006886,0.2847506729712494
cm503311x_alf225K_clean,7.37407,7.1534,7.3737,0.963767,1557.96,1616.53,0.0,0.0,0.6114,0.634385,0.0,0,0.002861174,0.283165238,0.2852167071762495
cm503311x_alf250K_clean,7.38381,7.16186,7.38381,0.96386,1556.21,1614.56,0.0,0.0,0.6126,0.635569,0.0,0,0.002940033,0.285106388,0.2856928759887498
cm503311x_alf275K_clean,7.36182,7.1382,7.36181,0.964358,1561.39,1619.1,0.0,0.0,0.612,0.634619,0.0,0,0.003024959,0.289611473,0.29492601996375056
cm503311x_alf290K_clean,7.33152,7.10769,7.33152,0.964679,1559.29,1616.38,0.0,0.0,0.6126,0.63503,0.0,0,0.003109884,0.295119486,0.29896555385500173
cm503311x_alf300K_clean,7.31824,7.09159,7.31824,0.964626,1573.17,1630.86,0.0,0.0,0.6112,0.633614,0.0,0,0.00298654,0.284416875,0.2892105034937499
cm503311x_alf325K_clean,7.35887,7.1334,7.35887,0.964937,1562.46,1619.23,0.0,0.0,0.6116,0.633824,0.0,0,0.002871284,0.283452366,0.2852035273062495
cm503311x_alf350K_clean,7.39937,7.12527,7.39534,0.965163,1550.6,1606.57,0.0,0.0,0.6104,0.632432,0.0,0,0.002685257,0.278429641,0.2726276312524988
cm503311x_alf375K_clean,7.39622,7.0927,7.39622,0.96527,1537.67,1593.0,0.0,0.0,0.6086,0.630497,0.0,0,0.002715588,0.274923439,0.27221568837499877
cm503311x_alf40K_clean,7.05984,6.6215,7.05984,0.967154,1574.94,1628.43,0.0,0.0,0.6042,0.62472,0.0,0,0.002899593,0.286758387,0.28504917857874956
cm503311x_alf425K_clean,7.36621,7.1125,7.36621,0.965299,1563.1,1619.29,0.0,0.0,0.6096,0.631514,0.0,0,0.00284702,0.277180026,0.2846908732162494
cm503311x_alf450K_clean,7.38286,7.11841,7.37883,0.965482,1551.09,1606.55,0.0,0.0,0.6096,0.631395,0.0,0,0.002879372,0.276933338,0.2851530472362495
cm503311x_alf475K_clean,7.39406,7.16617,7.39402,0.965634,1544.09,1599.05,0.0,0.0,0.61,0.63171,0.0,0,0.002954188,0.281705331,0.2870178429162499
cm503311x_alf500K_clean,7.43156,7.13669,7.43156,0.965551,1537.41,1592.26,0.0,0.0,0.6112,0.633006,0.0,0,0.002780293,0.276573416,0.27379543528999867
cm503311x_alf70K_clean,7.062,6.64337,7.062,0.967007,1580.84,1634.77,0.0,0.0,0.6034,0.623987,0.0,0,0.002903637,0.292533308,0.2850609625987495
cm503311x_aloh150K_clean,7.13232,6.79915,7.13232,0.950095,1594.31,1678.06,0.0,0.0,0.6096,0.64162,0.0,0,0.003135294,0.300596307,0.29920087577375254
cm503311x_aloh175K_clean,7.12797,6.78403,7.12797,0.949982,1591.61,1675.41,0.0,0.0,0.6094,0.641486,0.0,0,0.002884963,0.300897936,0.28540010226999957
cm503311x_aloh200K_clean,7.15467,6.82431,7.15467,0.949754,1589.94,1674.05,0.0,0.0,0.609,0.641219,0.0,0,0.003047063,0.299307718,0.2984259909750018
cm503311x_aloh225K_clean,7.13993,6.81973,7.13993,0.949535,1597.17,1682.06,0.0,0.0,0.609,0.641367,0.0,0,0.00306553,0.299484181,0.2979932590850019
cm503311x_aloh250K_clean,7.13817,6.81007,7.13817,0.949354,1600.74,1686.14,0.0,0.0,0.6102,0.642753,0.0,0,0.003059374,0.301858222,0.29811234076500187
cm503311x_aloh275K_clean,7.13108,6.79826,7.13108,0.949161,1601.41,1687.19,0.0,0.0,0.6114,0.644148,0.0,0,0.003026544,0.30348127,0.29458594390125087
cm503311x_aloh300K_clean,7.16075,6.82592,7.16075,0.948967,1591.48,1677.07,0.0,0.0,0.6092,0.641961,0.0,0,0.003143502,0.297854977,0.3007013215387533
cm503311x_aloh325K_clean,7.17072,6.86808,7.17072,0.948742,1590.12,1676.03,0.0,0.0,0.6094,0.642324,0.0,0,0.003051166,0.299363119,0.2984229332100018
cm503311x_aloh350K_clean,7.17066,6.85243,7.17066,0.948507,1596.68,1683.36,0.0,0.0,0.6094,0.642483,0.0,0,0.003110671,0.300725577,0.29806466533750225
cm503311x_aloh375K_clean,7.15773,6.843,7.15773,0.948289,1598.4,1685.56,0.0,0.0,0.6106,0.643896,0.0,0,0.002952675,0.299882248,0.28729270962125
cm503311x_aloh400K_clean,7.13585,6.82109,7.13585,0.948063,1604.12,1692.0,0.0,0.0,0.6108,0.644261,0.0,0,0.003108619,0.299441091,0.29889374980000205
cm503311x_aloh450K_clean,7.14422,6.83019,7.14422,0.947615,1603.14,1691.76,0.0,0.0,0.6106,0.644355,0.0,0,0.003042959,0.302406078,0.2992312399950016
cm503311x_aloh475K_clean,7.15171,6.83611,7.15171,0.947452,1603.8,1692.75,0.0,0.0,0.6108,0.644676,0.0,0,0.003057322,0.303813677,0.2993133101700017
cm503311x_aloh500K_clean,7.13372,6.81979,7.13372,0.947313,1605.9,1695.22,0.0,0.0,0.6114,0.645405,0.0,0,0.003186591,0.304029126,0.305515951678753
cm503311x_F-mil-53-Al-lp-mono_clean,7.00775,6.5216,7.00775,0.971998,1645.39,1692.79,0.0,0.0,0.6046,0.622018,0.0,0,0.00380284,0.380482296,0.36545906713750015
cm503311x_F-mil-53-Al-lp-ortho_clean,7.02034,6.52714,7.01966,0.96948,1649.91,1701.85,0.0,0.0,0.609,0.628172,0.0,0,0.003908612,0.374407007,0.3770991978862497
cm503311x_OH-mil-53-Al-lp-ortho_clean,7.10725,6.52666,7.10725,0.948868,1614.15,1701.13,0.0,0.0,0.6014,0.633808,0.0,0,0.003956019,0.376492548,0.3778453091062495
cm504350q_si_002_clean,5.76264,4.30885,5.7542,1.44577,991.836,686.024,142.148,98.3197,0.5294,0.366171,0.0,1,0.003856988,0.324970141,0.35181055639374953
cm901983a_si_001_clean,27.79726,11.16103,27.79599,0.630774,1349.52,2139.47,28.0221,44.4249,0.749,1.18743,0.0,1,0.008766541,0.547257118,0.6628451390362524
COBWEV_clean,5.55668,4.21092,5.49797,1.63609,377.557,230.768,91.8579,56.1447,0.4574,0.279569,0.0,1,0.000751391,0.072756501,0.07140849423249977
COCMAJ_clean,8.89284,8.27815,8.8249,0.8398,2517.0,2997.14,0.0,0.0,0.7562,0.900452,0.0,1,0.002654426,0.247816466,0.270431443765001
COCMOY_clean,15.71318,6.14739,15.71318,0.538882,2078.74,3857.5,0.0,0.0,0.7762,1.44039,0.0,1,0.002946934,0.288923316,0.2900088435949997
COCMUE_clean,10.55498,6.2941,10.55218,0.575823,2408.0,4181.84,0.0,0.0,0.7504,1.30318,0.0,1,0.003122829,0.298138275,0.30830423483
COCNAL_clean,10.84171,6.54754,10.84171,0.653951,2390.98,3656.2,0.0,0.0,0.7696,1.17685,0.0,1,0.002584564,0.267237411,0.25715517906125196
COCNEP_clean,10.13832,6.56369,10.13026,0.615207,2370.03,3852.42,0.0,0.0,0.7534,1.22463,0.0,1,0.003052201,0.300855309,0.30755044736750003
CODDAA_clean,3.54497,2.69613,3.54497,2.0049,0.0,0.0,19.5438,9.74799,0.2354,0.117412,0.0,1,0.000135717,0.012294529,0.011859165901250053
CODFEH_clean,3.78989,3.49285,3.78989,1.48867,302.667,203.313,0.0,0.0,0.4624,0.310612,0.0,1,0.001359109,0.126276004,0.1267626824937501
CODFUX_clean,4.76662,3.36159,4.76662,1.50711,1268.41,841.619,0.0,0.0,0.5474,0.363213,0.0,0,0.014684909,1.191045247,1.1091283634837554
CODGAE_clean,6.89729,3.09833,6.89729,1.45089,0.0,0.0,1358.22,936.134,0.558,0.384592,0.0,0,0.00376967,0.347851105,0.3351874694074993
CODKOX_clean,3.29786,2.69845,3.29021,1.95495,0.0,0.0,0.0,0.0,0.3566,0.182408,0.0,1,0.00015303,0.015520421,0.016784784094999953
CODMUF_clean,4.26772,3.45383,4.24866,1.74897,903.437,516.555,0.0,0.0,0.5768,0.329795,0.0,1,0.005197781,0.439602464,0.45834074387124835
CODNAM_clean,4.57469,3.97634,4.52445,1.63521,1494.85,914.162,0.0,0.0,0.5962,0.364602,0.0,0,0.007568114,0.669676653,0.6590670048925003
CODQOD_clean,3.34514,2.77705,3.3318,1.82964,0.0,0.0,0.47502,0.259625,0.368,0.201132,0.0,0,0.000174935,0.017258459,0.01777441242624996
CODQUJ_clean,3.31151,2.69287,3.29637,1.90776,0.0,0.0,0.0,0.0,0.3496,0.183252,0.0,0,0.000153055,0.01604829,0.01675562051374996
CODROD_clean,4.34102,3.83565,4.34102,1.88869,770.385,407.893,0.0,0.0,0.4956,0.262404,0.0,1,0.00305298,0.285379143,0.2857975126262505
CODRUJ_clean,4.3292,3.79384,4.32865,1.92319,755.058,392.607,0.0,0.0,0.4878,0.253641,0.0,1,0.00303401,0.290518066,0.2815299395525005
CODSAR_clean,3.32217,2.8446,3.31303,1.97364,0.0,0.0,0.0,0.0,0.3516,0.178148,0.0,1,0.000248228,0.022262695,0.025497791249999936
CODSOF_clean,4.21568,3.17481,4.20333,1.43721,0.0,0.0,244.606,170.194,0.4032,0.280543,0.0,1,0.002757868,0.237841311,0.24400173536374992
CODSUL_clean,6.55692,3.55923,6.55642,1.27214,782.617,615.2,0.966661,0.759873,0.4932,0.387695,0.0,1,0.002306559,0.205895724,0.22258609820500022
COGKEP_clean,6.6623,2.85406,6.6623,2.12981,0.0,0.0,1246.71,585.361,0.5492,0.257864,0.0,0,0.006809254,0.542441862,0.5549995755812513
COGNAO_clean,5.98836,4.70156,5.95362,1.13574,1753.04,1543.53,0.0,0.0,0.578,0.508922,0.0,1,0.005349642,0.490876397,0.4815965933100007
COJGEO_clean,6.41217,5.04769,5.92617,0.978354,2161.34,2209.16,0.0,0.0,0.6438,0.658044,0.0,1,0.005986644,0.560582445,0.563330914946247
COJHIT_clean,10.09171,9.35609,10.09171,0.716453,1773.43,2475.29,0.0,0.0,0.707,0.986805,0.0,0,0.003130813,0.317713732,0.3044262784062512
COKFAK_clean,5.25617,3.49649,5.25539,1.05876,800.714,756.272,0.071455,0.0674891,0.4738,0.447503,0.0,1,0.004503152,0.406030809,0.42083173356125003
COKJIX_clean,4.62241,2.97326,4.62241,1.91707,0.0,0.0,349.185,182.145,0.4094,0.213555,0.0,0,0.006239967,0.445571319,0.4995080756225017
COKJOD_clean,4.64796,3.00023,4.64796,1.87623,0.0,0.0,336.609,179.407,0.4112,0.219163,0.0,0,0.006690513,0.45317506,0.5397196805950001
COKMEW_clean,11.49614,10.90273,11.4945,1.13639,1559.35,1372.2,0.0,0.0,0.646,0.568466,0.0,1,0.003128524,0.299068406,0.3002708562100002
COKMIA_clean,11.457,10.75448,11.457,1.17248,1560.69,1331.1,0.0,0.0,0.6422,0.547727,0.0,1,0.002382749,0.239456511,0.22392007403874994
COKMOG_clean,11.40307,10.64671,11.37943,1.32388,1550.85,1171.45,0.0,0.0,0.6382,0.482069,0.0,1,0.002220041,0.223775302,0.2167166065350002
COKMUM_clean,11.78987,10.95857,11.78969,1.07449,1572.51,1463.5,0.0,0.0,0.6544,0.609034,0.0,1,0.002343949,0.228403616,0.22248241914999944
COKNAT_clean,11.6018,10.75702,11.60156,1.22798,1610.43,1311.45,0.0,0.0,0.6686,0.544469,0.0,1,0.003003344,0.292799094,0.2948108492549988
COKPEZ_clean,11.53314,10.69952,11.53296,0.910755,1588.72,1744.4,0.0,0.0,0.66,0.724674,0.0,1,0.003929044,0.372542744,0.37911553734999903
COKPID_clean,11.40668,10.82581,11.40502,1.13771,1560.01,1371.18,0.0,0.0,0.6426,0.564817,0.0,1,0.003073112,0.299777865,0.2989336837724995
COKPOJ_clean,11.55541,10.79186,11.54889,1.17423,1558.36,1327.14,0.0,0.0,0.6464,0.550488,0.0,1,0.002541243,0.247683051,0.2577793303849993
COKPUP_clean,11.57951,10.81874,11.57907,1.23248,1594.31,1293.59,0.0,0.0,0.671,0.544433,0.0,1,0.003100805,0.298601455,0.2993316011749997
COKQAW_clean,11.31709,10.61593,11.31663,1.308,1523.61,1164.84,0.0,0.0,0.6476,0.495108,0.0,1,0.00196688,0.196037046,0.18940515643374983
COKQEA_clean,11.43729,10.88858,11.43526,1.1695,1547.4,1323.13,0.0,0.0,0.6482,0.554254,0.0,1,0.002417476,0.241977275,0.22858308725500034
COKQIE_clean,11.52097,11.05538,11.51936,1.12778,1536.06,1362.02,0.0,0.0,0.646,0.572806,0.0,1,0.00292686,0.299157429,0.28441123330999885
COKQOK_clean,11.69077,10.88298,11.69034,1.22651,1596.45,1301.62,0.0,0.0,0.6696,0.545941,0.0,1,0.003117049,0.293424897,0.2999484802162499
COKROL_clean,5.12764,4.65835,5.12764,1.20027,1190.29,991.679,0.0,0.0,0.5368,0.447232,0.0,1,0.012797427,0.974534533,1.0400959115312525
COKRUR_clean,8.84098,5.5446,8.84098,0.885689,1897.06,2141.9,0.0,0.0,0.6258,0.706568,0.0,1,0.006485788,0.568691289,0.5799671296387475
COLPEA_clean,3.57677,2.55585,3.57461,1.62155,0.0,0.0,20.3469,12.5479,0.384,0.236811,0.0,1,0.001469434,0.144850362,0.13289069118749977
COMDOY_clean,6.1206,5.53928,6.10847,1.22694,1491.89,1215.95,0.0,0.0,0.5716,0.465876,0.0,0,0.007881675,0.66988754,0.6807230527712498
COMGUH_clean,4.79077,2.48027,4.79077,1.95837,0.0,0.0,153.038,78.1456,0.338,0.172592,0.0,1,0.000446168,0.044694984,0.04193001684250006
COMZAH_clean,5.00277,3.2825,4.99658,1.18624,0.0,0.0,514.906,434.065,0.4896,0.412732,0.0,0,0.003989212,0.315366224,0.35406116129125004
COPXOV_clean,5.47401,3.72166,5.47401,1.25742,393.122,312.642,0.0,0.0,0.4288,0.341015,0.0,0,0.004229493,0.318090992,0.3820304320749999
COQGAS_clean,7.55288,6.66056,7.53462,1.14065,1084.94,951.161,0.0,0.0,0.5048,0.442555,0.0,0,0.003138211,0.303327308,0.296985812340001
COQHUN_clean,7.65838,4.8543,7.65838,0.97068,1543.72,1590.34,0.0,0.0,0.5742,0.591544,0.0,1,0.006201493,0.533324806,0.5623462669799992
COQJAV_clean,5.18341,3.01877,5.17786,1.13784,0.0,0.0,585.688,514.738,0.481,0.422732,0.0,0,0.004998855,0.424596954,0.4346246751187513
COQLAX_clean,6.51206,3.51527,6.51206,1.25751,617.251,490.851,2.6328,2.09366,0.4496,0.357531,0.0,1,0.002523977,0.230964539,0.23972119995500074
COQNIF_clean,8.23055,5.78857,8.23055,1.332,1912.43,1435.75,0.0,0.0,0.608,0.456455,0.0,0,0.003162759,0.315901553,0.3037017272487505
COQTEJ_clean,7.76168,6.6264,7.46116,0.69781,2656.93,3807.52,0.0,0.0,0.7034,1.00801,0.0,1,0.005424993,0.5487622,0.5025370569487483
CORZIU_clean,12.15536,11.69752,12.13047,0.719622,2150.19,2987.95,0.0,0.0,0.7504,1.04277,0.0,1,0.00439273,0.427585833,0.4185899286687496
COSMII_clean,8.75515,7.45633,8.75515,0.883978,2550.25,2884.97,0.0,0.0,0.6928,0.78373,0.0,1,0.00645123,0.627117329,0.5785485443999976
COSWEO_clean,4.02506,2.80664,4.00417,2.12137,0.0,0.0,199.472,94.0295,0.3622,0.170738,0.0,0,0.000909499,0.089470464,0.0879152030124995
COTVOY_clean,5.88006,4.17812,5.70456,1.30534,1614.08,1236.52,0.0,0.0,0.5814,0.445402,0.0,1,0.004342661,0.402013915,0.41641834749500084
COTVUE_clean,5.96406,4.24876,5.86955,1.32545,1637.27,1235.25,0.0,0.0,0.5874,0.443169,0.0,1,0.004008976,0.37404771,0.3802677623562496
COTXEQ_clean,5.14726,4.24065,5.13338,1.08125,1135.23,1049.92,0.0,0.0,0.5266,0.487029,0.0,0,0.006669493,0.596387015,0.6134149712137493
COTXOA_clean,5.06649,4.15335,5.05658,1.08454,1114.76,1027.86,0.0,0.0,0.52,0.479465,0.0,0,0.006662497,0.599706894,0.612121667969999
COTYIV_clean,9.63817,7.84231,9.63817,0.968257,1898.84,1961.09,0.0,0.0,0.697,0.71985,0.0,1,0.002323465,0.228034935,0.22270312044624993
COVJAA_clean,5.12761,2.91468,5.12761,1.37547,0.0,0.0,557.941,405.636,0.4836,0.351589,0.0,0,0.001088367,0.103558548,0.10687608951249994
COVPAG_clean,5.03463,4.22302,4.98223,1.34292,669.782,498.75,0.0,0.0,0.3872,0.288327,0.0,1,0.004877974,0.435812312,0.4274395278200009
COVYIX_clean,3.85413,2.46791,3.84591,1.88268,0.0,0.0,77.932,41.3943,0.3758,0.199609,0.0,1,0.000433205,0.040164078,0.04210214534375022
COWBEX_clean,5.58641,4.95411,5.5297,1.71799,525.99,306.165,0.0,0.0,0.4268,0.24843,0.0,1,0.001544739,0.13192431,0.14507704983374997
COWMEH_clean,6.75649,5.53249,6.75411,1.20645,2145.39,1778.27,0.0,0.0,0.6618,0.548553,0.0,1,0.002129489,0.217123869,0.21046412053750052
COWMIL_clean,6.74228,5.52931,6.73491,1.23822,2114.95,1708.06,0.0,0.0,0.6464,0.522042,0.0,1,0.002158115,0.219334319,0.21279788098500038
COWMOR_clean,6.72492,5.5633,6.71793,1.24692,2127.23,1705.98,0.0,0.0,0.644,0.516471,0.0,1,0.002122999,0.218082942,0.21050070520000053
COWMUX_clean,6.71015,5.5309,6.7037,1.25989,2128.6,1689.51,0.0,0.0,0.6534,0.518616,0.0,1,0.002159128,0.215065871,0.2130146832262504
COWRAJ_clean,5.49804,2.79689,5.49636,1.26041,0.0,0.0,828.33,657.193,0.497,0.394317,0.0,1,0.010217108,0.83189917,0.8334815127175026
COWREN_clean,4.42408,2.83784,4.41645,1.30789,0.0,0.0,672.497,514.183,0.4756,0.363638,0.0,1,0.010733341,0.803872924,0.8220155842862524
COWRIR_clean,5.34448,2.88567,5.14751,1.26041,0.0,0.0,798.428,633.469,0.5054,0.400982,0.0,1,0.010770624,0.832769596,0.8577134784450027
COWROX_clean,5.56201,3.05282,5.54571,1.26041,0.0,0.0,909.838,721.861,0.5102,0.40479,0.0,1,0.011969432,0.93172426,0.8848048538987514
COWXOC_clean,5.83443,2.91199,5.76943,1.28374,0.0,0.0,783.736,610.511,0.5028,0.391668,0.0,1,0.002252914,0.20176781,0.22012893294875
COXCUP_clean,3.9076,3.17345,3.89241,1.94492,0.0,0.0,157.272,80.8632,0.4104,0.211012,0.0,1,0.000860983,0.078743295,0.08608673876874937
COXHED_clean,8.70899,8.38156,8.70899,0.6876,2308.5,3357.33,0.0,0.0,0.7964,1.15823,0.0,0,0.001521901,0.147616236,0.1546508587112505
COXHIH_clean,8.57279,8.24745,8.57279,0.705939,2310.51,3272.96,0.0,0.0,0.7916,1.12134,0.0,0,0.001347675,0.148014878,0.1319647228750015
COXQUB_clean,3.99789,2.84337,3.99789,1.72439,0.0,0.0,180.013,104.392,0.4276,0.247972,0.0,1,0.00121118,0.11130412,0.12114010017124953
COXXIX_clean,5.00194,3.89763,4.98595,1.444,837.163,579.754,22.0465,15.2677,0.5136,0.355679,0.0,1,0.000894576,0.08912164,0.08786068033249958
COYCEZ_clean,6.30223,4.25857,6.12676,1.16488,1753.9,1505.65,0.0,0.0,0.5836,0.500994,0.0,1,0.00299852,0.292951477,0.28870804701624925
COYCID_clean,9.57313,6.95581,9.57313,0.931123,1860.71,1998.35,0.0,0.0,0.6788,0.729012,0.0,1,0.001954439,0.201528114,0.19173436257500015
COYTEQ_clean,3.8382,3.37897,3.83551,1.78776,534.075,298.739,0.0,0.0,0.4242,0.23728,0.0,1,0.007705433,0.611740756,0.6049624676974957
COYTOA_clean,3.78783,3.21747,3.75482,1.88149,0.0,0.0,432.136,229.678,0.4058,0.21568,0.0,1,0.007295385,0.587195972,0.5697070679374974
COYTUG01_clean,4.85681,2.85255,4.8488,1.889,0.0,0.0,527.995,279.511,0.4624,0.244786,0.0,1,0.003388489,0.284313301,0.31308999174999896
COYTUG_clean,4.86988,2.93224,4.86988,1.889,0.0,0.0,540.061,285.899,0.4644,0.245845,0.0,1,0.003360201,0.287502921,0.31325130805749896
COYVAO01_clean,4.95313,3.25769,4.87224,1.92367,0.0,0.0,696.976,362.315,0.4696,0.244116,0.0,1,0.004166064,0.337768098,0.3774363016987508
COYVAO_clean,5.01094,3.28007,4.99906,1.92367,0.0,0.0,707.779,367.931,0.4702,0.244428,0.0,1,0.004244236,0.340085221,0.3778803419825011
COYVES01_clean,4.8567,3.01821,4.85503,1.94391,0.0,0.0,528.668,271.961,0.4598,0.236534,0.0,1,0.00348005,0.286308411,0.3184892637412483
COYVES_clean,4.87211,3.06175,4.87211,1.94391,0.0,0.0,538.788,277.167,0.462,0.237665,0.0,1,0.00348005,0.293695069,0.3184879242312483
COZMUA_clean,10.13386,5.37207,10.11324,0.637133,2279.97,3578.48,0.0,0.0,0.7374,1.15737,0.0,1,0.003576023,0.35037968,0.3503455737450015
CSCNCA01_clean,5.91282,3.29453,5.91282,1.08284,0.0,0.0,1444.09,1333.61,0.634,0.585496,0.0,0,0.001053527,0.100829051,0.10445412199999957
CSMNOX_clean,3.04782,2.46427,3.04689,2.49603,0.0,0.0,0.0,0.0,0.34,0.136216,0.0,1,3.72e-06,0.000600428,0.0003575426462499989
CUBHOY_clean,7.59167,4.35736,7.59084,1.4363,1409.0,980.994,0.0,0.0,0.55,0.382928,0.0,1,0.00212067,0.198754971,0.20681600016750046
CUBKUF_clean,4.27887,2.64972,4.27887,1.17113,0.0,0.0,506.681,432.644,0.5516,0.471,0.0,1,0.003255684,0.299007997,0.3062896610400014
CUCSAU_clean,5.5757,4.21323,5.5757,0.840322,1200.85,1429.04,0.0,0.0,0.5078,0.604292,0.0,1,0.002680197,0.260065469,0.25744223057625004
CUCTAX_clean,4.38086,4.0721,4.38086,1.35437,330.655,244.139,49.7338,36.721,0.4262,0.314685,0.0,0,0.005318817,0.431675171,0.4281217817274996
CUFDUD_clean,6.88574,5.43307,6.8031,0.934938,2543.4,2720.39,0.0,0.0,0.6874,0.735236,0.0,0,0.006513294,0.622889016,0.594301535691248
CUFFAL_clean,6.84864,5.58095,6.83586,0.914088,2542.3,2781.24,0.0,0.0,0.6982,0.763822,0.0,0,0.00597866,0.585034825,0.5629065431324971
CUFFEP_clean,6.24407,5.54414,6.24407,0.899727,2546.22,2829.99,0.0,0.0,0.6998,0.777791,0.0,0,0.005300642,0.502442452,0.4854974385324995
CUFGIV_clean,7.21934,5.21879,7.21721,0.929294,2597.37,2794.99,0.0,0.0,0.6854,0.737549,0.0,1,0.004023798,0.389179402,0.4048717728399972
CUFGUH_clean,4.02229,3.4972,4.01473,2.06043,171.814,83.3874,0.0,0.0,0.4234,0.205491,0.0,1,0.000186654,0.017211032,0.018094328544999993
CUFJUK_clean,2.82889,2.43599,2.82838,1.82101,0.0,0.0,0.0,0.0,0.327,0.179571,0.0,1,2.31e-05,0.002472307,0.002468526659999989
CUGFAN01_clean,3.73487,3.03529,3.73487,1.4361,0.0,0.0,102.9,71.6524,0.4126,0.287307,0.0,0,0.000221646,0.022418442,0.021139733128749977
CUGFAN_clean,4.06955,2.91623,4.06955,1.39045,0.0,0.0,175.567,126.266,0.441,0.317163,0.0,0,0.00045938,0.046073813,0.04430330688499992
CUGFOB_clean,3.89377,3.09606,3.89377,1.51199,0.0,0.0,222.235,146.982,0.4492,0.297092,0.0,0,0.000432124,0.044087853,0.042260947947500134
CUGFUH_clean,3.69814,3.03442,3.63499,1.37036,0.0,0.0,102.491,74.7912,0.4238,0.309262,0.0,0,0.000249829,0.022310098,0.025859210827500013
CUGLTM02_clean,3.14136,2.56936,3.14136,1.68079,0.0,0.0,0.0,0.0,0.4326,0.25738,0.0,1,1.66e-06,0.000324492,9.749209249999991e-05
CUGLTM_clean,3.17988,2.69075,3.17961,1.66914,0.0,0.0,0.0,0.0,0.4158,0.24911,0.0,1,1.66e-06,0.000482578,0.00010599644750000005
CUGVUW_clean,6.46234,4.56978,6.46234,1.32198,676.004,511.358,0.0,0.0,0.4376,0.331019,0.0,0,0.001693987,0.153207753,0.1582833069000002
CUGVUX_clean,3.87347,2.97215,3.87139,1.65115,0.0,0.0,96.4912,58.4387,0.3956,0.23959,0.0,1,0.001058465,0.101348049,0.10383980138875039
CUGXAF_clean,8.60996,4.08035,8.60996,0.892149,1793.87,2010.73,0.236744,0.265364,0.6424,0.720059,0.0,1,0.006187897,0.564598469,0.5631919219987472
CUGYOU_clean,7.99005,7.97638,7.99005,2.26964,839.546,369.902,0.0,0.0,0.496,0.218537,0.0,1,0.000346023,0.035795442,0.034119917345000084
CUGYUA_clean,4.81001,4.60953,4.81001,2.60117,548.977,211.05,0.0,0.0,0.4254,0.163542,0.0,1,0.000255788,0.023894203,0.02616063571874986
CUIMDZ01_clean_h,4.5789,3.79593,4.57845,1.66764,167.634,100.522,0.0,0.0,0.381,0.228466,0.0,1,0.000638174,0.060651139,0.06526659094499998
CUKVUA_clean,3.40788,2.5606,3.37732,1.30151,0.0,0.0,2.30388,1.77017,0.4416,0.339299,0.0,1,0.00048414,0.050612501,0.048987416667499825
CUKXAJ_clean,4.51336,3.32184,4.46882,1.85702,824.44,443.958,2.19908,1.18419,0.4912,0.264509,0.0,0,0.006405068,0.522431003,0.5421024076187504
CUKXIR_clean,4.25316,3.64523,4.25225,1.37123,1248.02,910.151,0.0,0.0,0.5164,0.376597,0.0,1,0.004824191,0.447675558,0.4212297869462507
CUKXOW_clean,4.70734,4.27142,4.70734,1.65503,1163.02,702.72,14.5035,8.7633,0.5338,0.322532,0.0,1,0.002764916,0.257990509,0.24899002976124993
CUKXUC_clean,4.71812,4.30637,4.71207,1.61022,1190.26,739.19,16.3088,10.1283,0.5368,0.33337,0.0,1,0.002768001,0.261717232,0.24904795138749994
CUKYAJ_clean,4.71891,4.29348,4.71891,1.65805,1181.97,712.869,13.2923,8.01679,0.5418,0.326769,0.0,1,0.002745254,0.255275355,0.24828541952500005
CUKZOY_clean,4.8322,4.10064,4.8322,1.27011,1172.94,923.5,0.0,0.0,0.5356,0.421697,0.0,1,0.003914663,0.370778359,0.3623554115937504
CUMDEU_clean,5.19472,4.72553,5.19472,1.64523,654.329,397.714,0.0,0.0,0.462,0.280812,0.0,0,0.000581323,0.060496129,0.06154352305374996
CUMDIY_clean,5.05781,4.25829,5.05781,2.01174,699.865,347.89,0.0,0.0,0.3956,0.196645,0.0,0,0.004032221,0.315822099,0.37230060465749804
CUMJEB_clean,5.10711,4.11246,5.10711,2.00854,711.044,354.01,0.0,0.0,0.4216,0.209904,0.0,0,0.00163555,0.149788544,0.14786174601624996
CUMKIG03_clean,4.60058,2.85609,4.60058,1.12174,0.0,0.0,535.167,477.088,0.4576,0.407939,0.0,0,0.003173381,0.285979379,0.29623676177500086
CUMKIG_clean,4.5976,2.83069,4.5976,1.11134,0.0,0.0,566.869,510.076,0.457,0.411214,0.0,0,0.003203894,0.287941203,0.30400336885000123
CUMLUT_clean,5.66406,3.97439,5.65405,1.2172,2284.73,1877.03,0.0,0.0,0.6392,0.525138,0.0,1,0.005733276,0.532846923,0.5300666579512473
CUMQOQ_clean,7.03622,3.75437,6.89995,0.977205,1831.45,1874.17,0.0,0.0,0.6154,0.629756,0.0,1,0.003131429,0.307913032,0.3000288433112512
CUNFOH01_clean,8.64942,5.76711,8.00067,1.65261,1750.49,1059.23,0.0,0.0,0.639,0.38666,0.0,1,0.00071853,0.067156506,0.07205984761374996
CUNFOH_clean,9.05758,5.6508,9.05758,1.63668,1779.69,1087.38,0.0,0.0,0.6298,0.384804,0.0,1,0.000644516,0.066033025,0.06778029210000018
CUNQOT_clean,4.94603,4.45617,4.94603,1.56048,1158.67,742.507,0.0,0.0,0.5224,0.334768,0.0,1,0.003380897,0.31260119,0.31855171793125014
CUNQUZ_clean,5.05516,4.50865,5.05476,1.94091,1202.57,619.589,0.0,0.0,0.5384,0.277396,0.0,1,0.003159662,0.276394517,0.28967174467625045
CUNWEO_clean,7.09668,6.48549,7.07965,1.23144,1193.32,969.043,0.0,0.0,0.53,0.430389,0.0,0,0.002996514,0.292071367,0.2887074133087497
CUPHUS_clean,7.45968,5.41366,5.85768,0.680928,2377.88,3492.12,0.0,0.0,0.7016,1.03036,0.0,1,0.004651156,0.443451772,0.43568696095874876
CUQKOQ_clean,5.93389,5.13786,5.93375,1.75724,1823.79,1037.87,0.0,0.0,0.6128,0.348728,0.0,1,0.003047425,0.2854352,0.28938309846499916
CUQRIR_clean,5.69204,4.57463,5.69204,1.10643,1361.29,1230.35,0.0,0.0,0.5686,0.513906,0.0,0,0.004818671,0.466620968,0.4340516346925012
CUQROX_clean,5.44132,4.56825,5.41816,1.11997,1366.06,1219.73,0.0,0.0,0.5636,0.503227,0.0,0,0.004693338,0.450388928,0.43366703872875134
CUQSAK_clean,18.30047,4.50008,17.86541,0.672661,1852.6,2754.14,0.138515,0.205922,0.7088,1.05373,0.0,1,0.003211246,0.306109718,0.31749817014000115
CUQTAL_clean,8.5131,5.3048,8.50413,0.597247,2569.07,4301.52,0.0,0.0,0.7222,1.20921,0.0,1,0.004763274,0.470333584,0.4367714428274991
CUQXUI_clean,8.23055,4.00763,8.23055,0.791399,1552.16,1961.29,0.863838,1.09153,0.6424,0.811727,0.0,1,0.002564071,0.250134165,0.25850532595999953
CURBOH_clean,9.52504,4.72038,9.52504,1.26402,1793.73,1419.06,0.0,0.0,0.654,0.517396,0.0,0,0.00170834,0.170839967,0.16937108202000029
CURQEN_clean,5.22355,3.40082,5.03486,1.27256,737.628,579.643,0.0,0.0,0.5026,0.394953,0.0,1,0.008164568,0.551848934,0.6709795268312476
CURYOE01_clean,11.02009,9.16908,10.48925,1.0226,1239.44,1212.05,0.0,0.0,0.5864,0.57344,0.0,0,0.002795171,0.269308175,0.27343412605624856
CURZEV_clean,5.59049,4.15781,5.59049,1.21714,1921.05,1578.33,0.0,0.0,0.5986,0.491808,0.0,1,0.004854185,0.430808584,0.44498018813375145
CUSYAR_clean,28.01343,12.17996,27.60124,0.247232,1408.41,5696.7,0.0,0.0,0.9076,3.67105,0.0,0,0.003490617,0.354124355,0.34477061865750036
CUSYIA_clean,5.815,4.76876,5.815,0.737304,2684.86,3641.46,0.0,0.0,0.6944,0.941809,0.0,0,0.00530495,0.510804229,0.4870117906674995
CUSZEX_clean,4.67101,3.44264,4.47333,0.835534,2247.71,2690.15,0.0,0.0,0.666,0.797095,0.0,0,0.004894483,0.495282338,0.44171442524749954
CUSZIB_clean,5.49146,4.83933,5.49049,0.750845,2776.04,3697.22,0.0,0.0,0.7042,0.937877,0.0,0,0.00578934,0.551307563,0.539118875758748
CUTBEA_clean,7.42434,5.85197,7.17817,1.04694,2086.66,1993.1,0.0,0.0,0.646,0.617036,0.0,1,0.002755077,0.273503078,0.2660056713812498
CUTBIE_clean,7.59116,5.99994,7.59116,0.996691,2065.1,2071.96,0.0,0.0,0.6486,0.650753,0.0,1,0.002849347,0.269503574,0.2841818302825008
CUTBOK_clean,7.33815,5.8072,7.33815,1.06996,2094.35,1957.42,0.0,0.0,0.6432,0.601145,0.0,1,0.002725122,0.277843953,0.26609216074249975
CUTGEE_clean,4.83098,3.31633,4.739,1.21088,628.681,519.193,646.899,534.238,0.6358,0.525072,0.0,0,0.002480918,0.249324849,0.2341579557337495
CUTGEF_clean,4.94868,3.68158,4.94702,1.57089,1320.93,840.881,0.0,0.0,0.546,0.347574,0.0,1,0.011895405,0.906619893,0.886162069856252
CUTGII_clean,4.82643,3.30602,4.82551,1.21415,0.0,0.0,1254.42,1033.17,0.6356,0.523495,0.0,0,0.002641659,0.243897709,0.245203283218751
CUVGIK_clean,6.25146,5.06086,6.0647,1.02515,1494.68,1458.01,0.0,0.0,0.5362,0.523046,0.0,0,0.007158738,0.655126617,0.645345008510003
CUVGOQ_clean,5.59653,4.5385,5.59247,1.00212,1543.11,1539.84,0.0,0.0,0.5404,0.539255,0.0,0,0.007941267,0.724155438,0.68780173546
CUVHEH_clean,12.77883,12.02741,12.74392,1.65471,1447.16,874.57,0.0,0.0,0.651,0.393423,0.0,1,0.001689734,0.158405077,0.16471369181000078
CUVHIL01_clean,12.86501,12.02225,12.84969,1.66038,1437.07,865.505,0.0,0.0,0.642,0.386658,0.0,1,0.00183211,0.166724783,0.17596348283999955
CUVHIL02_clean_h,12.81562,12.03113,12.80804,1.65786,1432.65,864.159,0.0,0.0,0.6442,0.388573,0.0,1,0.00178396,0.167632617,0.17289849898250012
CUVHIL_clean_h,12.87614,12.03249,12.87614,1.65921,1433.06,863.702,0.0,0.0,0.643,0.387534,0.0,1,0.001866914,0.170736373,0.17789932184249913
CUVTUJ_clean,11.49174,10.88335,11.49174,1.17569,1542.4,1311.91,0.0,0.0,0.635,0.540109,0.0,1,0.002519873,0.241722616,0.25417746098249916
CUVXAT_clean,6.50652,4.77619,6.38844,1.06179,1622.41,1527.99,0.0,0.0,0.5708,0.537581,0.0,0,0.003875706,0.373086097,0.3715054304587502
CUWNIT_clean,7.16308,4.76212,7.16308,1.01279,1797.12,1774.42,0.0,0.0,0.5942,0.586695,0.0,1,0.003649992,0.357815343,0.35710326137625126
CUWNOZ_clean,5.62994,3.54616,5.59519,1.08751,1437.05,1321.41,0.0,0.0,0.5562,0.511443,0.0,0,0.00703877,0.600214087,0.6266423141000008
CUWTUL_clean,6.09533,3.90326,6.09533,1.40599,1180.08,839.321,0.0,0.0,0.5142,0.365721,0.0,1,0.007066438,0.601379754,0.5957735362162495
CUWVAT_clean,6.58776,4.88581,6.58776,1.3301,1313.65,987.633,75.7547,56.9541,0.5658,0.425382,0.0,1,0.00510781,0.449335139,0.46512507584374946
CUWVEX_clean,4.57028,3.39691,4.56838,1.52621,899.509,589.372,0.0,0.0,0.4664,0.305593,0.0,1,0.007575976,0.608189674,0.6347452566399983
CUWVIB_clean,5.59458,3.68098,5.59458,1.45813,1146.31,786.151,0.0,0.0,0.4962,0.340299,0.0,1,0.007036794,0.589756127,0.5821444020999996
CUWWEY_clean,6.3126,4.22285,6.24291,1.35207,1327.35,981.718,0.0,0.0,0.5216,0.38578,0.0,0,0.003976686,0.369571851,0.36711758171000036
CUWXID_clean,6.81153,5.91204,6.80774,1.05332,2229.66,2116.79,0.0,0.0,0.6498,0.616908,0.0,1,0.003759173,0.370866721,0.3683477366199995
CUWXOJ_clean,5.20089,3.52692,5.18895,1.36291,1137.88,834.888,0.0,0.0,0.5102,0.374345,0.0,1,0.008890003,0.700836676,0.7338065676537506
CUWXUP_clean,5.81508,3.73125,5.78204,1.39886,1150.61,822.535,0.0,0.0,0.5122,0.366154,0.0,1,0.008171097,0.677571763,0.6711675840712487
CUWYAW_clean,6.66043,3.94178,6.66043,1.12925,2112.73,1870.91,0.0,0.0,0.6192,0.548327,0.0,1,0.004642623,0.453811919,0.4402729923587508
CUWYUQ_clean,5.63933,3.37729,5.63933,1.34331,1233.85,918.52,0.0,0.0,0.5224,0.388891,0.0,1,0.006808353,0.564489782,0.5890110047449985
CUWZAX_clean,6.33115,4.3932,6.33115,1.11728,2292.11,2051.51,0.0,0.0,0.638,0.571029,0.0,1,0.005041253,0.481098648,0.48194974249625316
CUWZIF_clean,6.90107,4.04842,6.50474,1.24221,1455.33,1171.56,0.0,0.0,0.5514,0.443886,0.0,1,0.006775705,0.577487876,0.6045508775899991
CUXFIL_clean,5.39541,4.09689,5.37407,1.23338,1385.07,1122.99,0.0,0.0,0.496,0.402148,0.0,1,0.006006263,0.546460938,0.5499410954774985
CUXJAI_clean,5.59834,5.04687,5.59211,1.08566,2410.48,2220.29,0.0,0.0,0.6696,0.616766,0.0,1,0.002929438,0.268506394,0.2864043347575007
CUXJEM_clean,5.2963,3.43417,5.2963,1.4085,970.687,689.164,0.0,0.0,0.509,0.361378,0.0,1,0.006157002,0.531855298,0.5420522657174979
CUXLEO_clean,4.56916,3.40748,4.56916,1.05387,1849.74,1755.19,0.0,0.0,0.6276,0.59552,0.0,0,0.004020147,0.385198151,0.38810385064875064
CUYHIO_clean,3.56239,3.14648,3.55286,1.31327,0.0,0.0,48.1467,36.6618,0.4416,0.336261,0.0,1,0.000393646,0.038541768,0.03814869403250014
CUYQIX_clean,3.73047,3.14077,3.73047,1.30964,0.0,0.0,163.669,124.973,0.4612,0.352159,0.0,1,0.000673117,0.067593566,0.0691774418524997
CUYRUK_clean,3.95948,2.85981,3.95948,1.97065,0.0,0.0,62.4838,31.7073,0.3884,0.197093,0.0,0,0.00065906,0.059312911,0.0645601449312499
CUYVOI_clean,4.52428,2.63151,4.52359,1.42517,0.0,0.0,335.952,235.727,0.4404,0.309015,0.0,0,0.002755441,0.240300559,0.2439733552549993
CUYWUP_clean,7.47672,4.58604,7.47672,0.942864,1947.64,2065.66,0.0,0.0,0.6222,0.659904,0.0,1,0.007450237,0.67689557,0.6735897276787509
CUYYAX_clean,5.04944,3.83367,4.87007,1.16048,1383.0,1191.75,0.0,0.0,0.5718,0.492727,0.0,1,0.006114003,0.543336309,0.5625950881612473
CUYYEB_clean,5.05464,3.82141,5.04976,1.16139,1360.51,1171.44,0.0,0.0,0.5758,0.495783,0.0,1,0.006284842,0.545367275,0.562292141656248
CUZBUW_clean,5.25875,3.37222,5.23544,1.11182,1160.53,1043.81,0.0,0.0,0.5538,0.4981,0.0,1,0.00464305,0.428960318,0.42294343785000016
DABFET_clean,5.96972,3.38004,5.9641,1.19742,687.371,574.042,24.994,20.8731,0.4676,0.390505,0.0,1,0.004633607,0.42108382,0.42214436348124984
DABFIX_clean,5.93116,3.4012,5.93116,1.19033,685.642,576.011,28.078,23.5885,0.47,0.394849,0.0,1,0.004804805,0.428043904,0.4227795891612505
DABGIZ_clean,6.29922,3.2036,6.29922,2.1252,0.0,0.0,632.441,297.592,0.4588,0.215886,0.0,1,0.000550742,0.053908387,0.0586368992174997
DABMUR_clean,5.77537,4.11633,5.61896,0.856547,2860.27,3339.3,0.0,0.0,0.6996,0.816768,0.0,1,0.004144339,0.414537404,0.3965139971999989
DACFAR_clean,7.28891,6.40353,7.28891,0.848239,1646.33,1940.88,0.0,0.0,0.624,0.735642,0.0,1,0.007445091,0.613406081,0.6729877276462508
DACXOV_clean,5.17401,3.25603,5.17401,1.44948,0.0,0.0,688.239,474.818,0.4494,0.310042,0.0,0,0.006809926,0.521802709,0.5431921520862492
DACXUB_clean,5.15965,3.22682,5.15642,1.48041,0.0,0.0,696.375,470.394,0.4504,0.304241,0.0,0,0.007294615,0.544231101,0.5912909911962485
DACYUE_clean,6.8959,6.15645,6.8959,0.724543,2828.29,3903.55,0.0,0.0,0.6932,0.956741,0.0,1,0.005971518,0.557340743,0.5509171253324971
DACZUF_clean,5.17797,3.83142,5.17477,1.30054,1151.53,885.425,0.0,0.0,0.514,0.395219,0.0,1,0.005688028,0.516158987,0.5011876696712475
DADLEC_clean,6.0526,4.95704,6.0412,1.09523,933.141,852.004,0.0,0.0,0.4902,0.447577,0.0,1,0.00299423,0.259567927,0.28096913579999927
DADLIG_clean,8.09916,4.69208,7.74628,1.04866,1110.94,1059.38,0.0,0.0,0.5094,0.485762,0.0,1,0.002773075,0.260708395,0.2570180969574994
DADLOM_clean,18.71129,17.36648,18.69765,0.589373,1296.58,2199.93,0.0,0.0,0.7274,1.23419,0.0,1,0.00374597,0.352893196,0.3636678696950002
DADNII_clean,4.74177,3.59689,4.70677,1.8394,1364.57,741.854,0.0,0.0,0.5562,0.302381,0.0,0,0.001851428,0.17705247,0.1758151441124992
DADNOO_clean,4.73082,3.55854,4.7198,1.89726,1369.77,721.97,0.0,0.0,0.558,0.294108,0.0,0,0.001876066,0.18676856,0.17647024309624912
DADPAC_clean,4.72724,3.56217,4.71894,1.83384,1319.23,719.379,0.0,0.0,0.5554,0.302862,0.0,0,0.001690143,0.168593807,0.16553958181625025
DADPEG_clean,4.6964,3.56133,4.68951,1.91805,1368.69,713.581,0.0,0.0,0.56,0.291963,0.0,0,0.001890611,0.18786177,0.1779616820637489
DAFHEZ_clean,5.14518,3.33208,5.05201,1.25164,924.226,738.411,0.0,0.0,0.5078,0.405707,0.0,0,0.005022939,0.444180032,0.45624682951499834
DAFHID_clean,5.13503,3.30856,5.1173,1.28807,0.0,0.0,865.179,671.684,0.5112,0.396872,0.0,0,0.005463945,0.484548183,0.453366568528749
DAFHOJ_clean,4.95203,2.99413,4.9108,1.27494,0.0,0.0,874.516,685.928,0.4914,0.38543,0.0,0,0.005031133,0.439989922,0.44173712800250153
DAFJOM_clean,8.83929,3.81491,8.83929,0.983115,1714.88,1744.33,0.0,0.0,0.601,0.611322,0.0,0,0.008903637,0.81261158,0.7651141149612495
DAFSEL_clean,3.65039,3.25709,3.65039,1.69217,0.0,0.0,152.39,90.0561,0.4294,0.253757,0.0,1,0.000678863,0.071240385,0.06869098616499984
DAFSOV_clean,3.83746,3.40945,3.83746,1.6077,380.608,236.741,0.0,0.0,0.4436,0.275923,0.0,1,0.00173382,0.172798972,0.16397264107125
DAFYAN_clean,9.66168,8.17907,9.66128,0.727331,2334.02,3209.02,0.0,0.0,0.7244,0.99597,0.0,1,0.004073699,0.412685681,0.40781253548999713
DAFYER_clean,7.75718,2.92029,7.75718,1.30703,0.0,0.0,1228.65,940.03,0.5122,0.391881,0.0,0,0.015669038,1.23103964,1.0118183216099992
DAFYOB_clean,10.04293,8.51588,10.03567,0.702304,2308.4,3286.89,0.0,0.0,0.7318,1.042,0.0,1,0.004158568,0.406889012,0.40751732887374736
DAGDIZ_clean,6.53637,3.58733,6.4961,1.65009,1230.44,745.682,0.0,0.0,0.5248,0.318042,0.0,1,0.002673866,0.256520591,0.24224728936000126
DAGDUL_clean,5.27377,3.53794,5.26479,1.49897,1060.75,707.651,0.047289,0.0315476,0.5304,0.353842,0.0,1,0.003738762,0.335229896,0.3446268042387484
DAGJED_clean,5.20512,3.82408,5.11079,1.13589,1063.56,936.32,0.0,0.0,0.5332,0.469412,0.0,1,0.004790521,0.441176958,0.4278129542087504
DAHNOQ_clean,4.37827,3.40648,4.37827,1.74065,715.841,411.25,0.0,0.0,0.5478,0.314711,0.0,0,0.001084682,0.101651155,0.10480769015250026
DAHNUW_clean,5.84798,3.71152,5.7374,1.67689,1727.89,1030.41,0.0,0.0,0.5894,0.351484,0.0,1,0.001867252,0.180749797,0.17873468967749895
DAHPAE_clean,5.00613,3.59286,5.00613,1.85953,1943.24,1045.01,0.0,0.0,0.5872,0.315779,0.0,0,0.002269385,0.214750075,0.2173806003687501
DAHWAM_clean,3.62654,2.93078,3.62219,1.84912,0.0,0.0,54.4776,29.4613,0.372,0.201176,0.0,1,0.000686215,0.066717793,0.06762268390124992
DAJHOM_manual,4.92614,3.38466,4.92614,1.3012,724.817,557.039,0.0,0.0,0.4294,0.330004,0.0,0,0.005432744,0.462080702,0.46081800438499754
DAJHUS_clean,4.35025,3.20726,4.35025,1.31102,0.0,0.0,412.975,315.002,0.4456,0.339887,0.0,0,0.003296,0.279435501,0.3141934053712499
DAKVIW_clean,10.56447,5.75649,10.52532,0.937929,2177.49,2321.59,0.0,0.0,0.7172,0.764663,0.0,1,0.00469775,0.421288376,0.4302151612387498
DAKVOC_clean,10.83342,6.67267,9.96393,0.814427,2128.52,2613.52,0.0,0.0,0.7096,0.871288,0.0,1,0.006678072,0.559558116,0.5952116980362491
DAKVUI_clean,10.79495,6.61419,10.65384,0.825495,2120.6,2568.89,0.0,0.0,0.704,0.852822,0.0,1,0.005899643,0.506286203,0.5473692403199972
DAKZUN_clean,8.9514,8.55667,8.9514,1.07791,1424.0,1321.08,0.0,0.0,0.6034,0.559789,0.0,1,0.001943523,0.184963702,0.18791277847124987
DALSAN_clean,3.95914,2.93827,3.92876,1.5874,0.0,0.0,248.795,156.731,0.5068,0.319265,0.0,0,0.000948379,0.093253056,0.08974023887124942
DALSER_clean,4.08249,3.08769,4.08249,1.53283,0.0,0.0,554.74,361.906,0.5406,0.352681,0.0,0,0.001891433,0.182587953,0.17481190516874953
DALSUH_clean,5.91398,4.13588,5.88727,1.34754,1386.92,1029.23,0.0,0.0,0.5694,0.422549,0.0,1,0.00421866,0.392301423,0.3827564731124984
DALTAO_clean,5.94592,4.16513,5.91791,1.30338,1417.2,1087.33,0.0,0.0,0.5806,0.445458,0.0,1,0.004191181,0.384370899,0.3829782808774991
DALVAQ_clean,4.44925,3.63681,4.42486,1.58343,818.36,516.827,0.0,0.0,0.5166,0.326254,0.0,1,0.003896712,0.355488573,0.3565045795562486
DALVIY_clean,8.33476,5.09032,8.29465,1.08397,2205.78,2034.91,0.0,0.0,0.6634,0.612008,0.0,1,0.003277725,0.31479899,0.3220670796387507
DAMDUT_clean,8.31671,7.58192,8.27853,1.19599,2079.9,1739.06,0.0,0.0,0.676,0.565222,0.0,0,0.002654346,0.257189168,0.26629547152125
DAMYOI_clean,10.02859,8.74362,10.02158,0.833317,2083.55,2500.31,0.0,0.0,0.7206,0.864737,0.0,1,0.003477308,0.339273138,0.3445112495512504
DAMYUO_clean,10.07569,8.829,10.07569,0.816116,2083.89,2553.43,0.0,0.0,0.7258,0.889335,0.0,1,0.003207231,0.329808209,0.3166998159700011
DAMZEZ_clean,5.14628,4.13045,5.14063,1.48117,701.768,473.794,0.0,0.0,0.4344,0.293282,0.0,0,0.004034547,0.322891362,0.37610279124249824
DANFUW_clean,4.81728,3.69845,4.80154,1.21376,550.063,453.189,0.0,0.0,0.4588,0.377999,0.0,1,0.002403156,0.218740847,0.2264899686412503
DANROC_clean,8.97986,3.15204,8.31008,1.18504,0.0,0.0,1028.7,868.073,0.5074,0.428171,0.0,1,0.00204279,0.195828255,0.18990306307375002
DANVAQ_clean,5.88569,2.76546,5.88569,1.5186,0.0,0.0,1050.31,691.629,0.552,0.363492,0.0,1,0.003640589,0.322932237,0.3316466591787494
DANVEU_clean,6.53986,2.5799,6.53986,1.43425,0.0,0.0,1232.2,859.128,0.5716,0.398536,0.0,1,0.003203718,0.290715166,0.30238766954500024
DAPBED_clean,11.8768,6.79638,11.8768,0.823875,2185.0,2652.11,0.0,0.0,0.7074,0.858625,0.0,1,0.006021504,0.5308196,0.5646946273049968
DAPBIH_neutral,11.12385,5.1267,11.12385,0.988754,1494.17,1511.16,320.813,324.462,0.6592,0.666697,0.0,0,0.004907903,0.437576625,0.441899838454999
DAPHOU_clean,10.96282,6.06241,10.06318,0.785626,2401.47,3056.76,0.0,0.0,0.737,0.938106,0.0,1,0.00395152,0.401425704,0.38203027366874875
DAPVUM_clean,4.84835,2.52067,4.83828,1.14608,0.0,0.0,527.648,460.396,0.4812,0.419867,0.0,1,0.002399654,0.214783154,0.2294861774362498
DAPWAT_clean,5.11113,2.83337,5.11113,1.11433,0.0,0.0,613.734,550.763,0.497,0.446007,0.0,1,0.002027167,0.185587545,0.19010649118125023
DAPXEZ_clean,4.82667,3.282,4.45515,2.24459,0.0,0.0,841.514,374.908,0.4866,0.216788,0.0,1,0.011359472,0.726054389,0.8041045323399999
DAPXID_ion_b,14.13138,12.09179,14.13138,0.764894,1790.29,2340.57,0.0191816,0.0250774,0.7044,0.920911,0.0,1,0.001830604,0.179019842,0.18086493934749895
DAPYAW_clean,10.03517,4.39114,9.81197,1.07113,1518.35,1417.52,0.0,0.0,0.6004,0.560529,0.0,1,0.003114583,0.281561823,0.29898128101375027
DARBUU_clean,5.36181,3.52881,5.36181,1.3326,1639.41,1230.24,0.0,0.0,0.6492,0.487169,0.0,1,0.000731301,0.068869653,0.07232105975000006
DARJOX_clean,4.96663,3.20989,4.95574,1.92117,0.0,0.0,871.941,453.859,0.487,0.253491,0.0,0,0.006986738,0.569569245,0.5483253415699998
DARJUD_clean,4.94517,3.22924,4.94517,1.77645,0.0,0.0,850.176,478.58,0.4734,0.266486,0.0,0,0.007941543,0.642758067,0.6272041888562471
DARSEV_SL,9.02256,7.15114,9.02256,0.917569,1768.62,1927.51,0.0,0.0,0.6346,0.69161,0.0,0,0.003609068,0.333022766,0.34842189221250147
DARVAW_clean,3.74235,3.26644,3.73494,1.50511,0.0,0.0,390.576,259.5,0.4942,0.328348,0.0,0,0.001521703,0.156004964,0.14866231876750016
DATHAJ_clean,5.55335,3.71297,5.5372,1.88262,726.028,385.647,0.0,0.0,0.4308,0.22883,0.0,1,0.001254015,0.117218159,0.1196226113075007
DATPIY_clean,5.0065,3.44702,5.0065,2.43277,611.699,251.441,0.0,0.0,0.401,0.164832,0.0,1,0.00175824,0.15253913,0.16215560882749996
DAWBIO_clean,5.36745,4.59869,5.35848,1.40464,933.9,664.867,0.0,0.0,0.4578,0.325919,0.0,0,0.004811087,0.40995935,0.4298963283350005
DAWBOU_clean,5.38914,4.65491,5.38091,1.40413,956.091,680.914,0.0,0.0,0.473,0.336864,0.0,0,0.004819616,0.424330213,0.43053927244000034
DAWBUA_clean,5.52672,4.41246,5.51306,1.33702,1014.57,758.83,0.0,0.0,0.4726,0.353472,0.0,0,0.005079235,0.437410079,0.45608627426124826
DAWCAH_clean,5.49841,4.3714,5.48581,1.35332,991.393,732.566,0.0,0.0,0.483,0.356901,0.0,0,0.00530721,0.457952109,0.4556779297137472
DAWCIP_clean,7.07962,5.54367,6.68431,0.995326,1963.72,1972.94,0.0,0.0,0.6428,0.645818,0.0,1,0.005509829,0.495237784,0.5118135600299992
DAWCOV_clean,6.44243,4.38111,6.43204,0.976829,1852.41,1896.35,0.0,0.0,0.5892,0.603176,0.0,1,0.006324381,0.59750431,0.5694800912212473
DAWDAI_clean,5.05189,3.47503,5.00056,1.41655,729.858,515.235,3.30907,2.336,0.487,0.343792,0.0,0,0.004199962,0.364972225,0.3823023964500002
DAWVOO_clean,9.25061,2.89055,9.24615,1.21002,0.0,0.0,1262.62,1043.46,0.5904,0.487925,0.0,1,0.001997132,0.18599032,0.19064564483374988
DAWWAB_clean,9.11595,5.71973,9.11595,1.61188,1283.24,796.112,0.0,0.0,0.5532,0.343202,0.0,1,0.001510602,0.149290578,0.15249691010000058
DAWWEF_clean,7.03379,5.33899,6.88955,1.07778,2082.97,1932.65,0.0,0.0,0.6328,0.587134,0.0,1,0.002316619,0.234820373,0.22176605521875
DAWWIJ_clean,4.1516,2.7932,4.1516,1.4601,0.0,0.0,478.537,327.743,0.4694,0.321486,0.0,1,0.002178394,0.211761618,0.20595879826125096
DAXHIV01_clean,7.67683,6.96811,7.64287,0.883035,2122.43,2403.56,0.0,0.0,0.652,0.738362,0.0,1,0.003971212,0.401258501,0.38247135678374894
DAXHIV_clean,7.62222,6.92477,7.62222,0.882059,2131.41,2416.4,0.0,0.0,0.65,0.736913,0.0,1,0.00380514,0.392732747,0.3709040478074992
DAXHUH01_clean,7.57949,6.81104,7.57786,0.890235,2156.64,2422.55,0.0,0.0,0.6646,0.746545,0.0,1,0.004166348,0.407872344,0.40503317122749694
DAXHUH_clean,7.50015,6.78537,7.50015,0.876532,2176.78,2483.4,0.0,0.0,0.6518,0.743612,0.0,1,0.00394215,0.393947153,0.3813583791387489
DAXJET01_clean,3.49947,3.24056,3.47991,1.38026,0.0,0.0,19.4899,14.1204,0.493,0.357179,0.0,0,0.000214806,0.021148758,0.02076740933875003
DAXKIY_clean,4.43594,2.97843,4.43594,1.44788,0.0,0.0,544.339,375.956,0.5204,0.359422,0.0,0,0.003461439,0.301242195,0.32200238144124876
DEBGIA_clean,4.22344,3.46939,4.21901,1.31115,709.801,541.36,0.0,0.0,0.5062,0.386075,0.0,1,0.003477033,0.310535628,0.32860203514124914
DEBWAK_clean,9.51714,7.06696,9.49794,1.05415,1137.31,1078.89,0.0,0.0,0.5474,0.519279,0.0,1,0.002174901,0.211711885,0.21236701761125
DEFKUU_clean,5.40643,4.54366,5.40121,1.71115,1533.38,896.109,0.0,0.0,0.5346,0.312421,0.0,1,0.002958426,0.279641023,0.2746299606449996
DEFRIR_clean,4.8082,3.42715,4.52912,1.36761,1390.79,1016.96,0.0,0.0,0.6218,0.454663,0.0,1,0.00210984,0.203937164,0.2029110301012505
DEGJIK_clean,4.49857,3.8442,4.48892,1.5866,672.4,423.8,0.0,0.0,0.4622,0.291315,0.0,1,0.004982396,0.419472127,0.44125136403124965
DEHBIC_clean,3.96623,2.99426,3.96623,2.2133,0.0,0.0,215.519,97.3744,0.4014,0.181358,0.0,1,0.00098851,0.089977488,0.09363748586249983
DEHFUR_clean,6.21611,2.98199,6.18949,1.12779,0.0,0.0,1253.28,1111.27,0.5634,0.499559,0.0,0,0.002912051,0.268535781,0.27491679372499966
DEJCEB_clean,4.6846,2.81125,4.66897,1.28345,0.0,0.0,1029.79,802.358,0.5306,0.413415,0.0,1,0.009899346,0.812967122,0.8129808668475026
DEJCIF_clean,5.07924,4.58071,5.07255,1.37299,1275.41,928.928,0.0,0.0,0.5384,0.392137,0.0,1,0.006886,0.604824505,0.5855081926337501
DEJJIN_clean,9.02838,5.92782,8.88373,1.15645,1730.76,1496.61,0.0,0.0,0.6316,0.546154,0.0,1,0.00194001,0.192408958,0.19214764833374992
DEJRUH_clean,4.98345,3.78027,4.98096,1.03045,1372.42,1331.87,0.0,0.0,0.5442,0.52812,0.0,1,0.004160233,0.409417742,0.38263315163749945
DEKHEH_clean,5.43686,4.14383,5.43686,1.07065,1502.42,1403.28,0.0,0.0,0.5314,0.496335,0.0,0,0.004775917,0.45050689,0.43329098347875117
DEKHUX_clean,6.73498,5.41814,6.73498,1.052,1333.52,1267.6,0.0,0.0,0.5288,0.50266,0.0,0,0.005284084,0.472943963,0.46772228334374893
DEKPEP_clean,5.20865,2.56388,5.19823,1.966,0.0,0.0,770.387,391.856,0.45,0.228892,0.0,1,0.030389873,1.293908016,1.3562655784099917
DELGEI_manual,11.23796,5.9406,11.23796,0.599562,2425.76,4045.89,0.0,0.0,0.7354,1.22656,0.0,1,0.002745532,0.275963335,0.270227559441251
DEPJIR01_clean,3.85665,2.67886,3.83849,1.58611,0.0,0.0,192.05,121.083,0.492,0.310193,0.0,0,0.002873583,0.281408426,0.27247264368124957
DEPJIR_clean,3.91385,2.51929,3.91385,1.55458,0.0,0.0,185.349,119.228,0.4794,0.308379,0.0,0,0.002216134,0.212398972,0.21388680428750068
DEPXAY_clean,5.29628,3.94728,5.28006,1.07008,2144.58,2004.14,0.0,0.0,0.6404,0.598462,0.0,1,0.00561759,0.549485013,0.523924439067497
DEPXIG_clean,5.45833,4.42032,5.43874,1.21453,1418.68,1168.08,0.0,0.0,0.5298,0.436217,0.0,1,0.005609175,0.520366506,0.5056796736762489
DEPXOM_clean,5.87443,4.69467,5.85064,1.07984,2256.84,2089.97,0.0,0.0,0.6052,0.560452,0.0,1,0.003860504,0.37338777,0.37114844888374987
DEPXUS_clean,7.67266,3.27382,7.64984,1.3385,0.0,0.0,1488.34,1111.95,0.5644,0.421668,0.0,0,0.003609839,0.338421752,0.32508796957874897
DEPYAZ_clean,7.56588,3.32229,7.55065,1.30165,1523.11,1170.14,0.0,0.0,0.5644,0.433604,0.0,0,0.003812652,0.354636119,0.36124925081875037
DEPYED_clean,7.62003,3.27067,7.60213,1.31053,0.0,0.0,1511.74,1153.53,0.583,0.44486,0.0,1,0.003412862,0.322004393,0.32102310861749994
DEQFOU_clean,4.43033,3.99236,4.42996,1.33979,549.564,410.186,188.414,140.63,0.5546,0.413945,0.0,1,0.002244972,0.222918618,0.21705510552125074
DEQVIF_clean,6.28134,5.12336,6.25197,1.10154,1366.18,1240.24,0.0,0.0,0.5242,0.475878,0.0,0,0.004280356,0.407024673,0.4169206803125009
DEWQUS_clean,6.85928,3.77665,6.81852,1.76082,1527.11,867.274,0.0,0.0,0.5524,0.313718,0.0,1,0.001752464,0.168417893,0.17174462040250013
DEWRIH_clean,5.32446,3.88819,5.25315,2.34041,1006.15,429.901,0.0,0.0,0.4786,0.204494,0.0,1,0.001002015,0.096838727,0.09867090366125061
DEXDER_clean,4.18684,3.37878,4.18101,2.41925,594.803,245.863,0.0,0.0,0.3846,0.158975,0.0,1,0.001239733,0.114033881,0.12000476443125016
DEXZIR_clean,4.19955,3.09402,4.11824,2.25751,0.0,0.0,172.477,76.4015,0.419,0.185603,0.0,1,0.000469723,0.045757568,0.046275854542499946
DEYJIC_clean,5.18714,3.79158,5.1767,1.26241,1435.68,1137.26,0.0,0.0,0.5344,0.423318,0.0,1,0.004245885,0.379856415,0.3826654246837503
DEYJOI_clean,5.20142,3.64055,5.19254,1.24367,1493.92,1201.22,0.0,0.0,0.5352,0.430338,0.0,1,0.004263177,0.382930774,0.38248191291249994
DEYLUQ_clean,7.28064,4.66536,7.28064,1.6199,977.704,603.558,0.0,0.0,0.4976,0.307179,0.0,1,0.002249093,0.213230793,0.2163821169237503
DEYNIG_clean,4.67091,3.76726,4.63755,2.4194,389.97,161.184,0.0,0.0,0.4246,0.175498,0.0,1,0.001019229,0.090599354,0.10054084467750082
DEYXIQ_clean,4.50777,3.32439,4.40337,1.3149,808.565,614.927,0.0,0.0,0.498,0.378737,0.0,1,0.008657218,0.735085385,0.7016808120849984
DEZCER_clean,4.88214,3.3147,4.85946,0.940405,1038.64,1104.46,20.1438,21.4203,0.5742,0.610588,0.0,1,0.006128237,0.542493454,0.5571946516162486
DEZKAW_clean,8.13146,3.74741,8.1255,0.911325,1740.68,1910.06,27.7822,30.4855,0.6372,0.699202,0.0,1,0.002395524,0.240720828,0.2291261981462497
DEZKEA_clean,3.53736,2.42193,3.23174,1.44138,0.0,0.0,23.6253,16.3907,0.4284,0.297215,0.0,1,0.000277912,0.024708736,0.026366870334999883
DIBJEF_clean,5.60649,4.70814,5.13464,1.76959,946.581,534.916,0.0,0.0,0.4236,0.239378,0.000565104,1,0.003258869,0.27517576,0.30296192483250056
DIBJIJ_clean,6.10817,4.16928,5.9554,1.53541,899.273,585.691,0.0598489,0.0389792,0.5054,0.329164,0.0,1,0.002687336,0.24122084,0.24674387944250054
DIBPAH_clean,5.70136,3.62358,5.70136,1.16448,1493.52,1282.56,0.0,0.0,0.5674,0.487255,0.0,1,0.006953945,0.577806798,0.6061952824737487
DIBPIP_clean,4.52354,3.33216,4.52179,1.2135,781.868,644.307,0.0,0.0,0.4988,0.411042,0.0,1,0.00531,0.464627284,0.45951442459249847
DIBQEM_clean,16.82847,3.4822,16.82847,0.80886,1885.97,2331.64,0.0,0.0,0.6836,0.84514,0.0,1,0.004017836,0.382659553,0.4008273660149977
DIBQIQ_clean,8.63632,7.63034,8.63632,0.777557,2368.36,3045.9,0.0,0.0,0.6702,0.86193,0.0,1,0.005262151,0.504091151,0.48138061487124906
DIBQOW_clean,9.37426,8.42221,9.36118,0.760114,2220.47,2921.23,0.0,0.0,0.6854,0.901706,0.0,1,0.005057953,0.472228842,0.47428150450249906
DIBQUC_clean,9.44546,8.47192,9.44155,0.754531,2221.93,2944.78,0.0,0.0,0.6746,0.894065,0.0,1,0.004827311,0.467178234,0.4322278952112503
DIBWUH_clean,4.03722,2.63218,4.03037,1.44455,0.0,0.0,359.694,249.001,0.5128,0.35499,0.0,1,0.001032067,0.09373083,0.10086200136750043
DIBWUI_clean,4.22892,2.97772,4.03584,1.83857,0.0,0.0,320.028,174.063,0.4298,0.233768,0.0,1,0.002941553,0.263243615,0.27177455597874883
DIBXAO_clean,4.19953,2.61614,4.19942,1.38221,0.0,0.0,332.95,240.883,0.4844,0.350454,0.0,1,0.000873248,0.085529778,0.08683190655124946
DIBXAP_clean,4.23133,3.02233,4.23051,1.86992,0.0,0.0,329.271,176.088,0.4274,0.228566,0.0,1,0.003095085,0.262373101,0.2852766549775001
DIBXIX_clean,4.25156,2.97546,4.25116,1.80404,0.0,0.0,374.373,207.519,0.432,0.239463,0.0,1,0.003459167,0.30143328,0.31918716086124815
DICKEH_clean,12.83987,7.4101,12.68863,0.522471,2354.64,4506.73,0.0,0.0,0.796,1.52353,0.0,1,0.004011921,0.381251502,0.40204163286999817
DICVAO_clean,6.28011,3.53464,6.28011,1.12464,1454.75,1293.53,0.0,0.0,0.5698,0.506652,0.0,1,0.005356181,0.495773478,0.4812101094899993
DICVES_clean,6.33441,3.59662,6.33441,1.11373,1441.4,1294.21,0.0,0.0,0.581,0.521669,0.0,1,0.005406695,0.487504317,0.48881379482624854
DICVIW_clean,6.26495,3.45129,6.22166,1.15151,1468.87,1275.6,0.0,0.0,0.5682,0.493438,0.0,1,0.005602801,0.508707498,0.5114203056849977
DIDBAV_clean,9.28847,5.74363,7.91915,0.92545,1489.11,1609.07,0.0,0.0,0.5874,0.634718,0.0,0,0.005229736,0.488728676,0.47102160089999906
DIDBEZ_clean,9.17575,5.94989,7.9915,0.929043,1495.06,1609.25,0.0,0.0,0.5892,0.634201,0.0,0,0.005317814,0.496289602,0.4698272063962491
DIDDOK_clean,9.60031,8.17399,9.60031,0.525842,2599.96,4944.37,0.0,0.0,0.7878,1.49817,0.0,1,0.003649477,0.367082874,0.3634436868025008
DIHVIB01_clean,13.18363,6.64307,13.17065,0.881735,2096.71,2377.93,0.0,0.0,0.7124,0.807952,0.0,1,0.004235789,0.383412854,0.41047895878249774
DIHVIB_clean,13.27896,6.89092,13.26587,0.883073,2036.2,2305.8,0.0,0.0,0.7186,0.813749,0.0,1,0.004391426,0.382296915,0.4251464428524997
DIKJUD_clean,5.51513,4.27188,5.50941,1.06812,1036.17,970.09,0.0,0.0,0.5198,0.486651,0.0,1,0.00656085,0.581906833,0.6000291987312479
DIKPOD_clean,5.23747,3.3006,5.22183,1.73149,0.0,0.0,1142.03,659.563,0.554,0.319956,0.0,1,0.001599151,0.149609013,0.15304677225625024
DILXED_clean,3.9388,2.92219,3.9388,1.6613,0.0,0.0,40.2924,24.2536,0.4176,0.25137,0.0,1,8.46e-05,0.009060297,0.008677668285000046
DIMDAG_clean,6.94351,2.98336,6.93711,1.4978,0.0,0.0,912.387,609.149,0.5042,0.336626,0.0,1,0.004046213,0.356569739,0.38374665549875003
DIMJUG_clean,6.00113,3.19524,5.94268,1.89184,0.0,0.0,640.147,338.373,0.4348,0.229829,0.0,1,0.002916269,0.239963454,0.27133076074624907
DIMKER_clean,6.00256,3.22793,5.9849,1.87611,0.0,0.0,635.194,338.569,0.45,0.239858,0.0,1,0.002531871,0.218542437,0.23710129301625024
DIMKIV_clean,5.84277,3.12491,5.72616,1.91931,0.0,0.0,587.601,306.153,0.4424,0.2305,0.0,1,0.003065877,0.257477788,0.2846178423050007
DIMKUH_clean,5.90586,3.16452,5.8879,1.93325,0.0,0.0,613.109,317.139,0.4382,0.226665,0.0,1,0.00284319,0.247733942,0.27117750872124896
DIMQOH_clean,4.68881,3.14713,4.68677,1.39728,0.0,0.0,708.935,507.369,0.5622,0.402354,0.0,1,0.001796294,0.173637144,0.17361956209374949
DIPMAS_clean,5.87796,4.78268,5.87796,1.71391,1532.86,894.368,0.0,0.0,0.5492,0.320438,0.0,1,0.001006998,0.103193755,0.09963292272750046
DIRBIP_clean,4.8713,2.89563,4.84395,2.47822,0.0,0.0,661.907,267.089,0.4242,0.171171,0.0,1,0.163545853,1.908178131,1.9291608942862581
DIRPIF_clean,8.33531,6.07292,8.1953,0.867063,1783.84,2057.33,0.0,0.0,0.6398,0.737893,0.0,1,0.004481623,0.433295088,0.4331751606737501
DISSUU_clean,5.80103,3.27505,5.80103,1.8659,0.0,0.0,868.433,465.423,0.5386,0.288654,0.0,0,0.003497791,0.322029351,0.3157153471312476
DITJIB_clean,20.3631,9.01147,20.3631,0.521418,1774.76,3403.71,0.0,0.0,0.8332,1.59795,0.0,1,0.002222438,0.222223637,0.21548399417250036
DITJOH_clean,19.43102,8.59079,19.40135,0.448746,1849.48,4121.45,0.0,0.0,0.824,1.83623,0.000445686,1,0.00253694,0.2730695,0.2556391974574987
DITSIK_clean,4.54299,3.27099,4.54088,1.9661,0.0,0.0,578.836,294.408,0.4972,0.252886,0.0,1,0.001887826,0.179301089,0.1710124436287495
DITTEH_clean,5.93254,5.15214,5.88831,1.0803,2344.41,2170.15,0.0,0.0,0.6392,0.59169,0.0,1,0.004423065,0.4219448,0.42648407620374984
DITXOU_clean,5.00365,3.53364,4.98221,1.08104,1844.81,1706.51,0.0,0.0,0.6206,0.574076,0.0,1,0.005343791,0.524292326,0.4832505856437501
DITYAH_clean,3.66891,2.48435,3.47136,1.11612,0.0,0.0,21.2828,19.0687,0.4374,0.391895,0.0,1,0.000342086,0.034108781,0.033415533494999934
DITYEM_clean,4.09318,3.46859,4.09318,1.84238,155.54,84.4234,0.0,0.0,0.347,0.188344,0.0,1,0.000806223,0.077928915,0.07672433568875002
DITYOW_clean,4.93354,4.81445,4.92328,1.42734,510.614,357.738,113.486,79.5089,0.4866,0.340914,0.0,1,0.002749992,0.249666437,0.2478769978637501
DIVGIA_clean,5.63742,3.98335,5.62763,1.20442,696.106,577.961,65.1595,54.1004,0.5032,0.417795,0.0,1,0.001808535,0.171792484,0.1703199892137498
DIVMUR_clean,3.94175,3.3555,3.94175,2.26692,427.505,188.584,199.673,88.081,0.5082,0.224181,0.0,0,0.001303718,0.129591902,0.12418715807124973
DIVNAY_clean,3.95256,3.3686,3.95256,1.85165,443.784,239.67,204.789,110.599,0.5106,0.275755,0.0,0,0.001819167,0.18109224,0.1674793707712495
DIVNIH_clean,3.98267,3.31275,3.98267,2.37912,325.436,136.788,0.0,0.0,0.4552,0.191331,0.0,0,0.000646126,0.055633712,0.0648677280574999
DIVPUU_clean,5.28515,5.1054,5.28515,1.34186,1223.75,911.977,0.0,0.0,0.5794,0.431788,0.0,1,0.005014315,0.455070538,0.45555712172874985
DIVQAB_clean,4.62233,2.55902,4.60937,1.44249,0.0,0.0,590.708,409.505,0.5376,0.372688,0.0,1,0.003631249,0.344541339,0.33529200378624824
DIVSUY_clean,6.25148,4.17859,6.25148,1.23081,1945.11,1580.35,0.0,0.0,0.5978,0.485697,0.0,1,0.0057388,0.500053506,0.5289625077024984
DIWMON_clean,9.50738,3.99435,9.49132,0.925424,1888.23,2040.4,0.0,0.0,0.6264,0.676879,0.0,1,0.004138832,0.388310043,0.40006271070749855
DIWNAA_clean,6.5178,6.18035,6.5178,0.652513,3119.09,4780.12,0.0,0.0,0.7074,1.08412,0.0,1,0.009204137,0.85229604,0.8173564812787488
DIXKOL_clean,7.1658,4.7152,7.1658,1.41392,1322.21,935.139,0.0,0.0,0.5174,0.365933,0.0,1,0.003392079,0.313130624,0.32193197412625113
DIXNUV01_clean,4.04469,3.22401,4.04255,1.3069,0.0,0.0,406.844,311.305,0.4948,0.378606,0.0,0,0.001544425,0.156779509,0.15009585660250008
DIYKAZ_clean,4.37543,3.51099,4.3605,1.7281,376.515,217.879,0.0,0.0,0.374,0.216423,0.0,0,0.005848274,0.43463618,0.48273664575375
DIYKED_clean,4.3222,3.9714,4.30868,1.64821,471.45,286.037,0.0806433,0.0489277,0.4054,0.245963,0.0,0,0.000755082,0.075699083,0.07035823614249966
DIYTEM_clean,5.54342,3.85621,5.5369,1.27196,1497.59,1177.39,0.0,0.0,0.5676,0.446239,0.0,1,0.004272004,0.404394946,0.39097303844875037
DIYWIT_clean,4.4733,2.49109,4.4733,1.50339,0.0,0.0,260.15,173.043,0.474,0.315288,0.0,1,0.001798739,0.168895415,0.16926676275749963
DIZQOT_clean,3.46252,2.72478,3.46252,1.59075,0.0,0.0,7.70406,4.84305,0.4054,0.254849,0.0,1,0.000100209,0.011985834,0.009892873373750095
DOCKOW_clean,6.92307,5.14701,6.92307,1.38513,740.657,534.72,0.0,0.0,0.4578,0.330511,0.0,1,0.001487337,0.14048274,0.14845124851875047
DODHUA_clean,3.82979,2.64299,3.82979,1.56359,0.0,0.0,113.925,72.861,0.423,0.27053,0.0,1,0.003310477,0.268715094,0.31353594101374904
DODMIT_clean,7.01246,4.52059,7.01246,1.55856,1353.3,868.3,0.0,0.0,0.5366,0.344293,0.0,1,0.004441985,0.398545288,0.4287009714274996
DOGMET_clean,4.99101,3.50509,4.98216,1.8068,621.631,344.051,0.0,0.0,0.4322,0.239208,0.0,0,0.002563102,0.227237008,0.23875239298375042
DOGZIJ_clean,5.26678,3.36062,5.26678,1.20751,825.332,683.499,0.0,0.0,0.5016,0.4154,0.0,1,0.004516306,0.379091356,0.42046088133375004
DOHNUL_clean,5.10735,4.25399,5.10735,1.35619,773.026,569.999,0.0,0.0,0.4762,0.351131,0.0,1,0.002838416,0.256965359,0.2724404708199999
DOHXUV_clean,8.51584,2.58569,8.51584,1.30052,0.0,0.0,1131.0,869.655,0.5412,0.416142,0.0,1,0.001825828,0.172105932,0.1707002545075004
DOHYIJ01_clean,3.73118,3.32777,3.7182,2.12494,111.385,52.4183,0.0,0.0,0.3552,0.167158,0.0,1,0.000739554,0.070186333,0.06830853802874998
DOJXIK_clean,4.88148,2.92609,4.85107,1.62065,0.0,0.0,398.823,246.089,0.4386,0.270633,0.0,0,0.012124712,0.778700567,0.7909926946437491
DOJXOQ_clean,4.85133,2.87156,4.8303,1.65314,0.0,0.0,390.873,236.443,0.4226,0.255634,0.0,0,0.013334144,0.822606251,0.8298887057712478
DOJXUW_clean,4.83603,2.86879,4.81583,1.66873,0.0,0.0,388.077,232.558,0.4402,0.263793,0.0,0,0.012918314,0.810696592,0.8325771017287481
DOJYAD_clean,4.74618,2.74064,4.72708,1.79401,0.0,0.0,361.117,201.29,0.4276,0.238348,0.0,0,0.015549398,0.893355946,0.9010054886349983
DOKDEN_clean,15.14217,13.44364,15.14217,0.712137,1836.8,2579.28,0.0,0.0,0.7026,0.986608,0.0,0,0.004184783,0.415230621,0.40846728530124765
DOKHIV_clean,4.6785,3.79643,4.6785,1.49483,851.868,569.877,0.0,0.0,0.5076,0.339571,0.0,1,0.003578096,0.314309138,0.3278975207874979
DOKHOB_clean,5.82793,2.9646,5.54976,1.30527,0.0,0.0,553.795,424.277,0.4814,0.368814,0.0,1,0.003128433,0.2778875,0.28854087685625013
DOKHUH_clean,4.38063,2.80978,4.37199,1.29806,0.0,0.0,462.924,356.628,0.5106,0.393356,0.0,1,0.002537312,0.236206445,0.24001213140375013
DOLPIF_clean,3.98128,3.36573,3.89185,1.62328,567.67,349.705,0.0,0.0,0.4742,0.292124,0.0,0,0.00561404,0.483448122,0.4808238819274976
DOLRAZ_clean,5.60421,4.00046,5.58702,1.12972,1092.67,967.204,0.0,0.0,0.499,0.441701,0.0,1,0.008921809,0.747084905,0.7555488237037495
DOLXOR02_clean,6.63462,5.37244,6.6246,1.07895,2591.9,2402.25,0.0,0.0,0.7454,0.690858,0.0,1,0.00070348,0.072138944,0.07199531148375005
DOMCUE_clean,18.25013,13.54682,18.2492,0.68587,1384.82,2019.07,0.0,0.0,0.7758,1.13112,0.0,1,0.001445733,0.141343515,0.14067704272250114
DOMDAL_clean,18.43381,14.45488,18.43381,0.66329,1341.32,2022.22,0.0,0.0,0.7914,1.19314,0.0,0,0.00147063,0.149710113,0.14281272311750098
DOMFUI_clean,8.13637,5.96872,8.13476,1.18044,720.043,609.981,519.992,440.508,0.5282,0.447462,0.0,1,0.004757889,0.4559293,0.43160387040625003
DOMGET_clean,8.23499,5.7551,8.23499,1.19438,753.876,631.188,519.762,435.174,0.5322,0.445589,0.0,1,0.004972085,0.458119631,0.4492403485787502
DOMKEX_clean,5.79906,5.20244,5.74892,1.1266,1080.97,959.499,0.0,0.0,0.4364,0.387361,0.0,1,0.002866352,0.273870406,0.27500225800874867
DONKIC_clean,6.48379,4.41641,6.4829,1.03451,1661.2,1605.79,0.0954102,0.0922278,0.5846,0.565101,0.0,1,0.003777307,0.358650371,0.36194881202875095
DONKOI_clean,7.04655,4.39343,7.04655,1.0337,1721.47,1665.34,0.466736,0.451519,0.6006,0.581018,0.0,1,0.003648724,0.355344193,0.3569709370450015
DONKUO_clean,5.4573,3.6514,5.4573,1.13,941.26,832.97,0.0,0.0,0.5158,0.456458,0.0,1,0.005205979,0.45950728,0.4654828813362492
DONNAW_clean,6.49774,6.1972,6.46918,1.18453,1598.35,1349.36,0.0,0.0,0.5994,0.506024,0.0,0,0.00729307,0.660548968,0.6704236430175022
DONNEA_clean,5.83858,5.56044,5.83858,1.23493,1480.59,1198.93,0.0,0.0,0.573,0.463996,0.0,0,0.007501295,0.661407334,0.6666578622975008
DONNIE_clean,7.12052,6.90641,7.12052,1.14518,1600.5,1397.6,0.0,0.0,0.6142,0.536335,0.0,0,0.006555924,0.607497849,0.6092531298912507
DONXUB_clean,5.08195,4.10328,5.08195,1.44854,506.69,349.793,246.756,170.348,0.4778,0.329849,0.0,1,0.015347786,1.016063582,0.9353445684099981
DOPHOH_clean,12.12577,5.64086,12.12577,0.985409,1409.44,1430.31,390.474,396.256,0.664,0.673832,0.0,1,0.002538028,0.252576024,0.25471908608124944
DOPHUN_clean,12.13355,5.61514,12.13355,0.984545,1406.36,1428.44,392.743,398.909,0.6676,0.67808,0.0,1,0.002449345,0.25529353,0.23260048460124916
DOPJAV_clean,7.55824,6.21149,7.55824,1.32954,1214.76,913.669,0.0,0.0,0.54,0.406156,0.0,1,0.001688148,0.166656806,0.1647462343025011
DOQGUM_clean,3.55189,3.16205,3.53134,2.28414,0.0,0.0,88.3528,38.681,0.398,0.174245,0.0,1,0.002504226,0.237049217,0.23607490694000016
DOQHAT_clean,3.53593,3.14855,3.51917,2.30755,0.0,0.0,78.4604,34.0017,0.3962,0.171698,0.0,1,0.002462404,0.236265463,0.22645302244374987
DOQHEX_clean,3.53605,3.13269,3.51284,2.33091,0.0,0.0,67.6316,29.0151,0.3926,0.168432,0.0,1,0.002512995,0.229250116,0.2367426662450002
DOQHIB_clean,3.51583,3.11145,3.49331,2.37147,0.0,0.0,53.0867,22.3856,0.3918,0.165214,0.0,1,0.002416527,0.236544746,0.22379216159624996
DOQHOH_clean,3.49564,3.07044,3.47367,2.4422,0.0,0.0,43.4735,17.801,0.3886,0.159119,0.0,1,0.002207567,0.216123302,0.20693717053875008
DOQHUN_clean,3.4932,3.06352,3.47156,2.45905,0.0,0.0,38.0853,15.4878,0.388,0.157785,0.0,1,0.002296697,0.210386357,0.2172314713812503
DOQRUW_clean,4.54932,2.42106,4.46139,1.1842,0.0,0.0,787.126,664.691,0.4878,0.411924,0.0,1,0.00844087,0.685465934,0.7079288447687481
DOQRUY_clean,4.87761,2.69307,4.44858,1.36131,0.0,0.0,508.568,373.586,0.4348,0.319397,0.0,1,0.005200864,0.456794268,0.4289208001987521
DORFAS_clean,6.89012,5.94748,6.89012,1.02954,1487.46,1444.77,0.0,0.0,0.5948,0.577731,0.0,0,0.004567597,0.447209714,0.44178295728500133
DORFOG_clean,3.83387,3.5005,3.83387,1.28492,358.59,279.076,0.0,0.0,0.476,0.370451,0.0,1,0.003230714,0.30396518,0.30662655771625097
DORFUM_clean,5.31241,3.65877,4.34235,1.179,656.388,556.733,287.867,244.163,0.4348,0.368788,0.0,1,0.008390861,0.635460139,0.6676547368512484
DORYUG_clean,4.30528,3.70581,4.14603,1.35136,548.483,405.876,0.0,0.0,0.4236,0.313463,0.0,0,0.014913244,0.929391847,0.9495722816825001
DOTFID_clean,9.22988,5.76129,9.20339,0.797235,1784.74,2238.66,0.0,0.0,0.64,0.802774,0.0,1,0.003744945,0.377908479,0.3664956256162501
DOTTEM_clean,6.58677,6.27426,6.58677,1.16648,1563.6,1340.44,0.0,0.0,0.6108,0.523628,0.0,0,0.006757145,0.620959698,0.6203576751650027
DOTWAL_clean,6.26428,3.24941,6.26428,1.63156,0.0,0.0,906.035,555.319,0.529,0.32423,0.0,0,0.00223007,0.2054585,0.21659775405499943
DOTYES_clean,5.96032,3.45239,5.95027,3.11213,1072.19,344.518,4.81821,1.5482,0.4928,0.158348,0.0,1,0.000414186,0.040197342,0.04104857204499982
DOWQIP_clean,3.86725,2.73898,3.86356,2.64572,0.0,0.0,307.638,116.278,0.4508,0.170388,0.0,1,0.005973239,0.502342204,0.48212650549375047
DOYBAV_clean,6.11281,4.48624,6.11281,1.17289,1293.73,1103.03,0.0,0.0,0.5656,0.482229,0.0,1,0.003347185,0.310210684,0.3241989148562523
DOYBEA_clean,5.83429,5.37899,5.82078,1.0599,1634.79,1542.4,0.0,0.0,0.5844,0.551373,0.0,0,0.003908865,0.362759912,0.37332064809625015
DOYBUQ01_clean,4.47276,3.50575,4.44835,1.90606,879.044,461.183,0.0,0.0,0.519,0.272289,0.0,1,0.00473152,0.420814416,0.41758288433749946
DOYBUQ_clean,4.65105,3.76809,4.64879,1.78136,1057.62,593.716,0.0,0.0,0.5468,0.306956,0.0,1,0.003991715,0.364339636,0.36132083046124847
DOYHOQ_clean,6.82504,4.15814,6.82504,0.987346,2244.54,2273.31,0.0,0.0,0.6424,0.650633,0.0,1,0.006218389,0.594798311,0.5661453531274969
DOYHUW_clean,6.87938,5.20644,6.87938,0.976254,2294.91,2350.74,0.0,0.0,0.6516,0.667449,0.0,1,0.009049977,0.791135189,0.81789931586125
DOYLEI_clean,6.40369,4.15529,6.40369,1.15157,1694.44,1471.42,0.0,0.0,0.6046,0.525024,0.0,1,0.001769912,0.160423599,0.1780962562187496
DOYSIT_clean,5.27709,3.01376,5.27709,0.836624,0.0,0.0,1038.77,1241.62,0.559,0.668162,0.0,1,0.001226238,0.121100527,0.12463479679249936
DOZCEC_clean,19.11403,11.74027,19.11403,0.458248,1880.45,4103.57,0.0,0.0,0.8106,1.76891,0.0,1,0.003027786,0.293794444,0.2968086622874986
DOZKIO_clean,6.44925,4.72277,6.43616,1.05766,2120.44,2004.84,0.0,0.0,0.6376,0.602839,0.0,1,0.006710007,0.659002554,0.6073673765650001
DUBBEI_clean,4.93494,3.49142,4.86694,2.00135,1263.38,631.266,0.0,0.0,0.5166,0.258126,0.0,0,0.003317405,0.3104257,0.31456647935250004
DUBJUH_clean,7.25048,6.08004,7.24863,1.09392,1335.78,1221.09,0.0,0.0,0.5476,0.500583,0.0,0,0.004329143,0.42043784,0.42704064370250117
DUBKAO_clean,7.17371,5.8712,7.17371,1.10727,1329.12,1200.36,0.0,0.0,0.5452,0.492383,0.0,0,0.004355247,0.421145085,0.42752038239125134
DUCHEP_clean,3.58736,2.63519,3.53963,2.22163,0.0,0.0,7.66668,3.45092,0.3826,0.172216,0.0,1,0.00019158,0.017555604,0.02017400917250004
DUDKEU_clean,5.16942,3.66649,5.16942,1.65561,855.86,516.946,0.0,0.0,0.4144,0.250301,0.0,1,0.001340987,0.130038526,0.12442519379250026
DUDKOE_clean,10.92488,6.00637,10.24342,0.779781,2417.09,3099.71,0.0,0.0,0.7388,0.947446,0.0,1,0.00388065,0.386892417,0.3785374774412492
DUDKUK_clean,8.84791,6.66406,8.84791,0.84398,2430.67,2880.0,0.0,0.0,0.75,0.888646,0.0,1,0.002558064,0.25676975,0.2576534424662512
DUDZOT_clean,3.86828,3.15476,3.86828,2.41651,0.0,0.0,300.315,124.276,0.3424,0.141692,0.0,0,0.001478048,0.132862375,0.13717809843374995
DUFGOB_clean,8.44616,7.81761,8.44616,1.12069,1457.55,1300.59,0.0,0.0,0.5722,0.51058,0.0,1,0.001270455,0.120552764,0.12837323953250107
DUFKAS_clean,18.33861,11.31425,18.33733,0.529585,1559.27,2944.33,0.0,0.0,0.811,1.53139,0.0,1,0.00253628,0.24183299,0.25988380113249904
DUFXOT_clean,3.61116,2.86179,3.61116,1.61653,0.0,0.0,70.9973,43.9195,0.4366,0.270084,0.0,1,0.001206741,0.120310354,0.12159472360749966
DUFZOU_clean,7.15398,3.0854,7.15398,1.54167,0.0,0.0,621.227,402.958,0.4962,0.321859,0.0,1,0.001436306,0.139012493,0.1358614089975009
DUFZUA_clean,7.17076,3.11961,7.17076,1.55098,0.0,0.0,644.052,415.254,0.4962,0.319927,0.0,1,0.001523604,0.152654677,0.14828893767375012
DUGBAJ_clean,7.13057,3.05086,7.13049,1.57177,0.0,0.0,614.88,391.202,0.4934,0.313914,0.0,1,0.001443931,0.143619582,0.13587223624375086
DUGMOJ_clean,13.15947,6.68014,13.15947,1.04413,1452.16,1390.78,0.0,0.0,0.5972,0.571957,0.0,1,0.003905916,0.363882764,0.37557813943375024
DUHXIP_clean,5.38027,3.4809,5.34205,1.27884,677.396,529.696,4.06005,3.17479,0.4624,0.361578,0.0,1,0.005828842,0.451925602,0.5050434205074992
DUJQUW_clean,3.54476,2.7385,3.54476,1.38313,0.0,0.0,85.6584,61.931,0.5238,0.378707,0.0,0,0.000224679,0.024645585,0.02105367494874994
DUJRAD_clean,6.16228,5.32315,6.13437,1.37535,1593.73,1158.79,0.0,0.0,0.5806,0.422148,0.0,1,0.004234744,0.398548408,0.394855111252501
DUKDOD01_clean,4.08448,2.81231,4.06407,1.98165,0.0,0.0,204.268,103.08,0.44,0.222037,0.0,1,0.00058996,0.058471087,0.06075153173374972
DUKMON_clean,4.06904,2.70917,4.03702,1.26122,0.0,0.0,159.333,126.332,0.4276,0.339037,0.0,0,0.000930332,0.077944958,0.08875890662124958
DUKNII_clean,5.28968,3.60886,5.25875,1.23201,362.386,294.143,41.4473,33.6421,0.4702,0.381654,0.0,1,0.003122212,0.265908726,0.2902982378650005
DUKYOZ_clean,3.62512,2.51378,3.62512,1.40689,0.0,0.0,14.6778,10.4328,0.4248,0.301943,0.0,0,3.28e-05,0.003766217,0.003065906930000007
DULCAQ_clean,4.51289,2.5409,4.49704,1.21527,0.0,0.0,459.718,378.286,0.4586,0.377366,0.0,1,0.001458233,0.138928711,0.13388901869125003
DUMXEQ01_clean,4.78039,3.84263,4.78039,1.76597,828.843,469.341,0.0,0.0,0.4496,0.254591,0.0,0,0.005521365,0.451173579,0.4763370503099981
DUMXEQ_clean,4.75958,3.82785,4.75554,1.76954,805.711,455.323,0.0,0.0,0.4502,0.254417,0.0,0,0.005323034,0.445886606,0.4488781834849986
DUMXIU_clean,4.39406,3.66786,4.39093,1.82931,560.452,306.373,0.0,0.0,0.4366,0.238669,0.0,0,0.003827924,0.341187329,0.33246679653499783
DUNJON_clean,5.13321,3.70024,5.11248,2.82249,688.218,243.833,0.0,0.0,0.4132,0.146395,0.0,1,0.000418062,0.040961047,0.0405860127212498
DUNXUH01_clean,5.08043,3.95835,5.08043,1.20337,1874.89,1558.04,0.0,0.0,0.6064,0.503919,0.0,1,0.008620758,0.78517315,0.7371231578774968
DUNXUH02_clean,5.05926,3.9622,4.49661,1.21011,1835.42,1516.73,0.0,0.0,0.6046,0.499624,0.0,1,0.008647764,0.781908484,0.7336465463224972
DUNXUH03_clean,4.97891,3.78832,4.59863,1.23681,1734.27,1402.21,0.0,0.0,0.5936,0.479945,0.0,1,0.008470728,0.74791305,0.7385090818762496
DUNXUH05_clean,5.01407,3.87283,4.97867,1.22609,1774.32,1447.13,0.0,0.0,0.5944,0.484792,0.0,1,0.008395712,0.759034818,0.7384813602549992
DUNXUH06_clean,5.04935,3.8892,5.03687,1.21647,1807.28,1485.67,0.0,0.0,0.6062,0.498328,0.0,1,0.00862676,0.777290542,0.736535078048748
DUNXUH12_clean,4.98043,3.76476,4.96686,1.23681,1716.03,1387.47,0.0,0.0,0.593,0.47946,0.0,1,0.008416717,0.754023796,0.73910798667
DUNXUH13_clean,4.99037,3.79418,4.86577,1.23241,1722.87,1397.97,0.0,0.0,0.5938,0.481821,0.0,1,0.0083342,0.748556681,0.7327417455412488
DUNXUH14_clean,5.00423,3.8343,4.58368,1.22609,1739.06,1418.37,0.0,0.0,0.5986,0.488218,0.0,1,0.008575749,0.757024408,0.7384732034087493
DUNXUH15_clean,5.0496,3.92518,5.02742,1.21011,1811.64,1497.09,0.0,0.0,0.6042,0.499293,0.0,1,0.008658266,0.775292134,0.7356532528799979
DUNXUH21_clean,5.07683,3.95879,4.81355,1.20337,1860.11,1545.75,0.0,0.0,0.6076,0.504916,0.0,1,0.00877379,0.783435795,0.7335782140487468
DUNXUH_clean,5.0284,3.9124,4.82782,1.21944,1796.23,1472.99,0.0,0.0,0.602,0.493667,0.0,1,0.008772289,0.777169017,0.7337039832737479
DUPJAB_clean,9.76192,5.55983,9.75209,1.11305,1740.01,1563.28,62.6529,56.2895,0.67,0.60195,0.0,1,0.003420367,0.302396934,0.3338464137350007
DUPKAC_clean,11.8886,6.57125,10.69212,0.647287,2123.23,3280.21,0.0,0.0,0.7376,1.13953,0.0,1,0.004004264,0.382860282,0.3994516562199979
DUPVER_clean,9.93002,6.46763,9.91751,0.795967,2168.14,2723.91,0.0,0.0,0.7348,0.923153,0.0,1,0.003575847,0.345161575,0.3518403865862514
DUQCAU01_clean,4.78062,2.43363,4.78062,2.19756,0.0,0.0,597.185,271.749,0.4676,0.212781,0.0,1,0.001639831,0.147823993,0.1582961897137499
DUQCAU_clean,4.76205,2.42556,4.76205,2.20289,0.0,0.0,590.95,268.261,0.4744,0.215353,0.0,1,0.001716162,0.150266565,0.1613026645050003
DUQSEO_clean,3.77576,3.47286,3.77576,1.73065,285.313,164.859,0.0,0.0,0.4436,0.25632,0.0,1,0.000361117,0.03584971,0.034982562098749975
DUQYEU01_clean,4.86217,4.34562,4.86217,1.66926,2251.32,1348.69,0.0,0.0,0.6184,0.370463,0.0,1,0.002137462,0.220784868,0.2070652236875015
DUQYEU_clean,4.86021,4.34715,4.86021,1.66839,2272.53,1362.11,0.0,0.0,0.6004,0.359868,0.0,1,0.002197633,0.218259026,0.2096497581375014
DURDAX_clean,8.5072,5.95019,7.5941,0.701061,2581.34,3682.05,0.0,0.0,0.7402,1.05583,0.0,1,0.004273128,0.419231523,0.4155372261149981
DURDIF_clean,6.93958,6.05366,6.90375,0.735097,2642.04,3594.14,0.0,0.0,0.7204,0.980006,0.0,1,0.004486883,0.445925133,0.435938301521249
DUTKAG_clean,6.82996,5.62808,6.81318,0.906851,2249.11,2480.13,0.0,0.0,0.6722,0.741246,0.0,1,0.00390681,0.381791401,0.3794828418899997
DUWBEE_clean,7.4726,6.03228,7.03921,0.972318,2397.88,2466.15,0.0,0.0,0.7166,0.737002,0.0,1,0.002848319,0.306732349,0.28834721571250105
DUWFAE_clean,3.76592,2.87653,3.75105,1.62651,0.0,0.0,73.6792,45.2988,0.4074,0.250474,0.0,1,0.000693383,0.072031002,0.0691704372674997
DUWFOS_clean,4.7722,3.99598,4.7722,1.5688,655.828,418.043,0.0,0.0,0.462,0.294492,0.0,0,0.003158068,0.279245019,0.29040928949625067
DUWGEJ_clean,6.48283,5.44672,6.47851,1.23973,1910.17,1540.8,0.0,0.0,0.6142,0.495432,0.0,1,0.003858518,0.351685626,0.37176774167999993
DUWRAQ_clean,4.19127,3.03146,4.19127,1.6581,0.0,0.0,385.632,232.574,0.4316,0.260298,0.0,1,0.005061133,0.417955813,0.42455237247875105
DUWRIY_clean,4.48859,3.17824,4.47475,1.30596,0.0,0.0,636.381,487.29,0.5372,0.411346,0.0,0,0.00413061,0.390835303,0.38365907511375186
DUWROE_clean,4.35263,3.47485,4.33203,1.3646,1032.9,756.92,0.0,0.0,0.5148,0.377252,0.0,0,0.005877737,0.53299688,0.5205841476787486
DUWRUK_clean,4.54182,3.68421,4.38679,1.45633,495.592,340.302,181.958,124.943,0.4774,0.32781,0.0,0,0.006192462,0.53193923,0.5324117837237504
DUWSAR_clean,5.89224,4.25071,5.89224,0.915526,2178.46,2379.46,0.816322,0.891643,0.6566,0.717184,0.0,1,0.002592573,0.257886274,0.2578944651624997
DUWTAS_clean,4.17157,2.88326,4.1334,1.46995,0.0,0.0,438.029,297.988,0.4944,0.336337,0.0,1,0.004458792,0.401313494,0.3995741119987526
DUXKEN_clean,5.19652,2.66706,3.97094,1.45864,0.0,0.0,298.057,204.339,0.4356,0.298635,0.0,1,0.001317998,0.127650573,0.12189979274875001
DUXKUD_clean,7.67361,6.90082,7.6375,1.23834,1391.29,1123.51,0.0,0.0,0.5864,0.473535,0.0,1,0.001732781,0.159436599,0.17269823308750035
DUXMAL_clean,4.53313,3.88732,4.40894,1.15892,1217.93,1050.91,0.0,0.0,0.5062,0.436785,0.0,1,0.011067404,0.932512077,0.8675033221400041
DUXSIA_clean,5.54138,2.66658,5.53739,1.39417,0.0,0.0,321.054,230.284,0.4256,0.305272,0.0,1,0.002246011,0.177781319,0.21723731536250024
DUYJIS_clean,6.08213,4.77192,5.96456,1.01187,1589.69,1571.04,0.0,0.0,0.5968,0.589801,0.0,0,0.00760726,0.662348191,0.6826597518324998
DUYRAR_clean,5.40502,3.6653,5.2509,3.43473,596.999,173.813,136.893,39.8556,0.4634,0.134916,0.0,1,0.00041697,0.039833654,0.04105192476249986
DUYRIZ_clean,5.27957,3.6902,5.27957,3.398,604.136,177.792,174.249,51.28,0.4708,0.138552,0.0,1,0.000455084,0.042487633,0.04342849662999993
DUYROF_clean,5.30567,3.77956,5.29101,3.36341,632.283,187.989,184.756,54.9313,0.4688,0.139383,0.0,1,0.000440538,0.042230393,0.040949191081249815
DUYVEA_clean,4.52649,3.62009,4.52649,1.39154,383.437,275.549,0.0,0.0,0.4574,0.328701,0.0,1,0.000900466,0.088834834,0.08780442815374992
DUZPUL_clean,7.06957,4.91595,7.06648,0.920284,2531.68,2750.98,0.0,0.0,0.6946,0.754767,0.0,1,0.005390304,0.508737548,0.5018381689412501
DUZWOM_clean,5.41107,3.63654,5.41022,1.51085,1084.42,717.756,0.0,0.0,0.4906,0.324718,0.0,0,0.001897462,0.169382612,0.17948583203624968
EBAMUS_clean,12.94449,5.39251,12.9279,1.04643,2056.89,1965.62,0.0,0.0,0.6866,0.656136,0.0,1,0.006827738,0.490114235,0.6029251868037504
EBANAY_clean,3.59235,3.16505,3.56701,1.92053,0.0,0.0,125.929,65.5703,0.3826,0.199216,0.0,1,0.000949366,0.089163678,0.08993498341874923
EBATUY_clean,5.89375,3.67074,5.89375,1.25605,1195.64,951.909,0.0,0.0,0.5408,0.430557,0.0,0,0.004605984,0.414322531,0.4258794109875005
EBATUZ_clean,12.21806,7.03158,12.21806,0.59675,2360.49,3955.57,0.0,0.0,0.7812,1.30909,0.0,1,0.005067802,0.475952245,0.46995688113874917
EBAVAH_auto,14.10999,7.45371,14.02692,0.571355,2267.46,3968.58,0.0,0.0,0.776,1.35818,0.0,1,0.003785248,0.370436298,0.37213857092749925
EBAVIP_clean,4.98159,3.61041,4.97646,1.20745,1001.48,829.422,0.0,0.0,0.4772,0.395214,0.0,1,0.007863433,0.675981912,0.660776421746249
EBAVOV_clean,5.06494,3.47701,5.06494,1.20126,1010.26,841.002,0.0,0.0,0.4938,0.411069,0.0,1,0.007818416,0.652353831,0.663030882334999
EBAVUB_clean,5.15491,3.70129,5.14806,1.1957,1007.34,842.47,0.0,0.0,0.4888,0.408797,0.0,1,0.007803457,0.665676985,0.663199623927499
EBAWIQ_clean,5.06109,3.33924,5.05032,1.15876,460.949,397.795,6.08576,5.25196,0.497,0.428907,0.0,1,0.004013013,0.355813998,0.3733193368387496
EBEGEZ_clean,4.40653,2.98866,4.35059,2.66103,0.0,0.0,199.207,74.8608,0.3016,0.11334,0.0,1,0.000779556,0.074778407,0.06817559705999975
EBEGID_clean,4.48274,2.95187,4.48274,2.57758,0.0,0.0,203.653,79.0093,0.3084,0.119647,0.0,1,0.000756078,0.071943679,0.0677029206962498
EBELUU_clean,5.06354,4.01259,5.06354,1.09045,1520.09,1394.01,0.0,0.0,0.5732,0.525654,0.0,1,0.00621033,0.578609563,0.5631164565699975
EBEMEE_clean,4.82351,3.61774,4.82351,1.61026,574.177,356.574,0.0,0.0,0.414,0.257101,0.0,0,0.001891072,0.16611916,0.1734775237699992
EBEMII_clean,4.74887,3.57779,4.74887,1.57979,558.843,353.745,0.0,0.0,0.4136,0.261807,0.0,0,0.002336296,0.20504843,0.21503014562124964
EBEWIT_clean,6.98757,6.64177,6.98757,1.55436,1566.68,1007.93,0.0,0.0,0.573,0.368642,0.0,0,0.003354353,0.334920737,0.32219526890625055
EBEXAM_clean,7.13111,6.78821,7.13111,1.50724,1561.7,1036.13,0.0,0.0,0.5636,0.373929,0.0,0,0.003224753,0.304312263,0.3080204037112512
EBEXEQ01_clean,7.07406,6.73356,7.07173,1.61064,1512.67,939.176,0.0,0.0,0.556,0.345204,0.0,1,0.003556377,0.339601584,0.3280097060699994
EBEXEQ_clean,7.05454,6.70514,7.05454,1.61812,1500.38,927.234,0.0,0.0,0.5486,0.339035,0.0,1,0.003746965,0.349498832,0.3516547534624997
EBEZUI_ion_b,4.71709,3.35366,4.70455,1.37981,581.461,421.405,0.464558,0.336682,0.5038,0.365121,0.0,1,0.000992654,0.097718994,0.09697505192250044
EBIDOK_ion_b,10.15108,7.28168,10.14731,0.88059,1949.39,2213.74,0.147124,0.167074,0.6452,0.732691,0.0,1,0.003827684,0.364462972,0.37287287437999955
EBIHII_clean,6.77782,5.19916,6.76838,1.13174,1870.74,1652.98,0.0,0.0,0.589,0.520437,0.0,1,0.004656833,0.441754892,0.4416850034124997
EBIJAC_clean,5.69411,4.34501,5.6755,1.35778,616.318,453.917,180.508,132.944,0.4634,0.341293,0.0,0,0.002915815,0.255953879,0.27134967687374867
EBIMEJ_clean,4.76005,3.76742,4.75297,1.25917,1007.84,800.402,0.0,0.0,0.5458,0.433462,0.0,1,0.00552644,0.491560856,0.500203937651247
EBINUA01_clean,4.20924,3.08891,4.20924,1.01288,0.0,0.0,344.835,340.45,0.5696,0.562358,0.0,1,0.001745068,0.164107288,0.17771252715874947
EBINUA02_clean,4.09342,2.9968,4.09342,1.0337,0.0,0.0,279.757,270.636,0.55,0.532068,0.0,1,0.001593929,0.148927175,0.1515182406337503
EBINUA_clean,4.14048,3.02919,4.14048,1.02004,0.0,0.0,302.486,296.544,0.5614,0.550372,0.0,1,0.001449767,0.148438882,0.1360052480399996
EBIPIQ_clean,3.95804,2.76217,3.3799,1.63961,0.0,0.0,87.1673,53.1633,0.4018,0.245058,0.0,1,0.001522899,0.145842998,0.14122944349249994
EBIPOX_clean,5.78746,4.90776,5.77533,1.02316,2423.56,2368.7,0.0,0.0,0.6678,0.652682,0.0,1,0.003209355,0.313195012,0.3135269738512512
EBISEQ_clean,4.75207,3.13437,4.75207,1.32667,0.0,0.0,532.329,401.253,0.4718,0.355628,0.0,0,0.00518957,0.414885417,0.43798164562875086
EBITAL01_clean,4.54626,2.56486,4.54626,1.50398,0.0,0.0,492.922,327.744,0.4826,0.320881,0.0,0,0.016646756,1.103038258,0.9296801921924999
EBITAL_clean,4.48474,2.51846,4.48474,1.51495,0.0,0.0,476.219,314.347,0.456,0.301001,0.0,0,0.016476626,1.092278012,0.9161828763525004
EBIZUN_clean,10.22426,8.07829,10.22419,0.790487,2342.19,2962.97,0.0,0.0,0.7238,0.915638,0.0,1,0.003859881,0.36911171,0.3739239837799996
EBOBIJ_clean,6.08923,4.67292,6.06736,0.939565,1692.1,1800.94,0.0,0.0,0.6024,0.641148,0.0,0,0.007840866,0.701013705,0.6894708778674989
EBOCOQ_clean,5.90692,5.38954,5.89965,0.987787,1345.25,1361.88,0.0,0.0,0.583,0.590208,0.0,1,0.005693839,0.527397448,0.5116634265575012
EBOJOV_clean,5.22472,4.63991,5.22472,2.49061,907.874,364.519,0.0,0.0,0.4464,0.179234,0.0,1,0.000423968,0.041042036,0.04111992328124986
EBOTOF_clean,3.86531,2.43085,3.86531,1.67322,0.0,0.0,131.625,78.6654,0.4368,0.261053,0.0,1,0.002865832,0.266001384,0.2722598291874996
EBUFUE_clean,7.02539,3.39477,7.02539,1.10917,848.24,764.75,0.0,0.0,0.503,0.453491,0.0,1,0.002750057,0.254027621,0.24827411919125114
EBUQEX_clean,6.34635,3.93297,6.34076,0.890694,1572.67,1765.66,0.0,0.0,0.5872,0.659261,0.0,1,0.008937554,0.772076592,0.7884728433649967
EBUQIB_clean,6.03622,4.38011,5.42071,1.1026,1157.92,1050.17,0.0,0.0,0.4992,0.452746,0.0,1,0.005728184,0.502106632,0.5043803114762491
EBUREA_clean,5.12157,4.43835,5.12005,1.31199,1365.8,1041.01,0.0,0.0,0.4802,0.36601,0.0,1,0.003520781,0.334742627,0.3287657787074998
ECAFOG_clean,9.52896,9.26877,9.52862,1.12614,1174.7,1043.12,0.0,0.0,0.5574,0.494964,0.0,0,0.001765966,0.174671659,0.1777795706612498
ECAHEX_clean,6.93055,5.1748,6.93055,1.20906,867.96,717.883,0.0,0.0,0.4824,0.398989,0.0,0,0.002341806,0.21809229,0.2221911579762501
ECAHOH_clean,6.87089,4.98271,6.87089,1.21823,856.833,703.343,0.0,0.0,0.4828,0.396313,0.0,0,0.002230803,0.207536261,0.21683275016500025
ECASAD_clean,4.09039,3.62411,4.09039,1.61904,470.381,290.531,0.0,0.0,0.4766,0.294372,0.0,0,0.001180218,0.115733892,0.11929535819624998
ECASOS_clean,3.2446,2.88357,3.2446,1.86913,0.0,0.0,0.0,0.0,0.3366,0.180084,0.0,1,0.00016512,0.015600457,0.017632472186249946
ECEBEW_clean,4.33858,3.12787,4.29836,1.31533,0.0,0.0,591.165,449.444,0.5308,0.40355,0.0,0,0.001184115,0.113240543,0.12161550163374947
ECEDAU_clean,5.16051,3.4158,5.15302,1.53177,706.487,461.221,0.0,0.0,0.4352,0.284115,0.0,1,0.007395222,0.573197821,0.6117293049737483
ECEDEY_clean,6.39219,4.6444,6.38001,1.02837,1438.77,1399.08,0.0,0.0,0.541,0.526076,0.0,1,0.003975537,0.368347823,0.3721067638112509
ECEZAO01_clean,4.88805,4.01037,4.88805,1.43329,945.622,659.759,0.0,0.0,0.4914,0.342849,0.0,1,0.003794846,0.345754436,0.3490853712162476
ECIWIW_clean,5.91503,4.28149,5.90688,1.32412,773.007,583.789,0.0,0.0,0.4832,0.364921,0.0,1,0.001961931,0.176931079,0.18638857560875013
ECIWOC_clean,5.05411,4.785,5.05411,1.40153,572.024,408.141,0.0,0.0,0.4148,0.295961,0.0,1,0.006937632,0.530932958,0.5633831339512507
ECIWUJ_clean,3.25413,2.62453,3.25413,1.49231,0.0,0.0,0.0,0.0,0.425,0.284793,0.0,1,5.76e-05,0.003782447,0.006051240753750012
ECIYEU01_clean,3.69874,2.93854,3.69874,2.06631,0.0,0.0,203.748,98.6047,0.3756,0.181773,0.0,1,0.004313703,0.376365995,0.3901623291000022
ECIYEU02_clean,3.67353,2.8076,3.67353,2.07083,0.0,0.0,189.745,91.6275,0.3706,0.178962,0.0,0,0.004431002,0.395994978,0.3951516556162523
ECODEG_clean,5.33632,3.54871,5.31165,1.34842,1018.67,755.456,0.0,0.0,0.5336,0.395722,0.0,1,0.010793038,0.826930747,0.8419209444300015
ECODIK_clean,4.79857,4.01377,4.75701,1.19981,1900.99,1584.41,0.0,0.0,0.5936,0.494745,0.0,1,0.005818493,0.539409248,0.5384176119112469
ECODOQ_clean,4.25807,3.05825,4.25807,2.18839,0.0,0.0,458.705,209.608,0.464,0.212028,0.0,0,0.050013865,2.175954694,1.505403122667503
ECOGEI_clean,4.77299,3.85637,4.77299,0.998724,1292.16,1293.81,0.0,0.0,0.5602,0.560915,0.0,1,0.006494812,0.569218698,0.5821470582787485
ECOKAJ_clean,18.9972,17.57546,18.98876,0.325331,1156.9,3556.08,0.0,0.0,0.873,2.68342,0.0,1,0.002505801,0.262969881,0.25100614830124895
ECOLEP_clean,11.63969,10.91793,11.63255,0.407232,1818.5,4465.52,0.0,0.0,0.8666,2.12803,0.0,1,0.002258748,0.225796122,0.2215539334962499
ECOLOX_clean,5.75377,5.01577,5.75377,3.73963,1778.59,475.605,0.0,0.0,0.5632,0.150603,0.0,1,0.001272976,0.125061305,0.12650435189250053
ECORIX_clean,3.90772,3.03659,3.90772,1.56578,0.0,0.0,428.835,273.879,0.457,0.291867,0.0,1,0.004429281,0.398085139,0.39798426763500283
ECOROD_clean,4.00683,3.00159,4.00105,1.54054,0.0,0.0,404.217,262.386,0.4398,0.285484,0.0,1,0.004603586,0.421157404,0.3965964921587528
ECUCIP_clean,3.79378,2.644,3.79378,1.89349,0.0,0.0,91.5387,48.3439,0.402,0.212306,0.0,1,0.001892077,0.168280637,0.17334651130999923
ECUCOV_clean,3.75468,2.59179,3.75468,1.95569,0.0,0.0,77.8954,39.8302,0.3958,0.202384,0.0,1,0.00182067,0.16567927,0.16704445479999946
ECUCUB_clean,3.57107,2.8656,3.55704,2.08541,0.0,0.0,36.7032,17.6,0.3934,0.188644,0.0,1,0.000331569,0.031293835,0.03334855877625005
ECUDAI_clean,4.88875,3.08033,4.88875,1.47319,0.0,0.0,715.262,485.518,0.5178,0.351481,0.0,1,0.003950272,0.348506482,0.35055574324374944
ECUDEM_clean,4.87095,3.12705,4.87095,1.50996,0.0,0.0,725.93,480.761,0.5134,0.340009,0.0,1,0.004212936,0.366893851,0.3816918317150021
ECUDOX_clean,6.82408,6.14054,6.82408,2.34011,1768.65,755.799,0.0,0.0,0.6164,0.263406,0.0,1,0.001496448,0.137139051,0.15004447014625005
ECUGEQ_clean,6.02953,4.07384,5.91743,2.29908,1875.55,815.783,0.0,0.0,0.6102,0.26541,0.0,1,0.001188794,0.116001518,0.1232081683187504
ECUTON_clean,3.86672,2.51427,3.85141,1.4678,0.0,0.0,82.6338,56.2978,0.409,0.278649,0.0,0,0.000998352,0.101812762,0.0984590347637505
EDABOC_clean,5.13779,3.12592,5.1315,1.69765,0.0,0.0,651.072,383.513,0.4246,0.25011,0.0,0,0.006116165,0.458260821,0.5120277610537516
EDADET_clean,4.03192,3.23199,4.01396,2.14016,0.0,0.0,378.477,176.845,0.3784,0.176809,0.0,1,0.003112751,0.271282848,0.2853018525525006
EDADIX_clean,4.63332,3.88728,4.61559,1.24361,944.143,759.198,93.0933,74.8575,0.5198,0.417978,0.0,1,0.008558196,0.727417273,0.6915666082549988
EDAGAT_clean,4.66461,3.62215,4.66149,1.84563,725.213,392.936,0.0,0.0,0.435,0.235692,0.0,0,0.001869341,0.180197919,0.17092892161749912
EDAGEX_clean,4.90414,3.69066,4.90414,1.79444,798.923,445.222,0.0,0.0,0.4496,0.250552,0.0,0,0.002178567,0.190063625,0.20467682990625044
EDAPIK_clean_h,7.09885,6.53196,7.09077,0.672755,2256.65,3354.34,0.591427,0.879112,0.6938,1.03128,0.0,1,0.003748552,0.359666612,0.3689714373937496
EDAVOV_clean,5.43148,4.91725,5.43148,1.632,451.699,276.776,0.0,0.0,0.4036,0.247304,0.0,1,0.000946302,0.088208006,0.09065745594874963
EDECOG_clean,6.30911,4.65211,6.30565,1.66761,3310.63,1985.26,0.0,0.0,0.756,0.453344,0.0,1,0.000561431,0.055377082,0.06122770407749998
EDIKEH_clean,4.16677,2.6775,4.16677,1.65442,0.0,0.0,300.688,181.749,0.43,0.25991,0.0,1,0.005109237,0.389166204,0.42137914282375083
EDIKIL_clean,4.99635,3.98785,4.76329,1.3412,2179.84,1625.29,0.0,0.0,0.601,0.448105,0.0,0,0.002824496,0.275042407,0.28138167688375015
EDOMAM_clean,8.29315,6.04438,8.28681,0.809806,2146.39,2650.49,0.0,0.0,0.6716,0.829334,0.0,0,0.004214683,0.412040494,0.4102500797362474
EDOYOL_clean,5.01736,3.38311,4.48446,1.95196,330.09,169.107,310.576,159.11,0.4952,0.253693,0.0,1,0.003422034,0.313631881,0.31801752651624837
EDUSIF_clean,15.05124,7.91583,15.05124,0.593338,2225.74,3751.22,0.0,0.0,0.8098,1.36482,0.0,0,0.002581236,0.251739476,0.25558925712000014
EDUSUR_clean,14.97276,6.60675,14.97057,0.720686,2039.23,2829.56,0.0,0.0,0.7584,1.05233,0.0,0,0.002375899,0.242857227,0.2229713597887499
EDUTIG_clean,15.04959,5.6073,15.03522,0.712902,1939.67,2720.81,0.0,0.0,0.7442,1.0439,0.0,0,0.003231435,0.319716395,0.31879005605000077
EDUVOO_clean,20.93415,10.62864,20.9324,0.373403,1788.47,4789.64,0.0,0.0,0.862,2.3085,0.0,0,0.003340015,0.34968129,0.3383712018725007
EFAYEQ_clean_h,11.33412,8.20992,11.33412,0.445208,2301.41,5169.29,0.0,0.0,0.8028,1.8032,0.0,1,0.002771056,0.278827361,0.27220597074875025
EFAYIU_clean,11.56522,8.64377,10.65601,0.433579,2251.34,5192.46,0.0,0.0,0.8194,1.88985,0.0,1,0.003179383,0.29723495,0.31234671879125053
EFEGOM_clean,6.13983,5.63757,6.13983,1.11988,1513.16,1351.17,0.0,0.0,0.5868,0.523983,0.0,0,0.004779718,0.45501536,0.4383834059825009
EFESEP_clean,10.28948,6.13196,9.71774,0.910166,1438.69,1580.69,202.393,222.369,0.6216,0.682952,0.0,1,0.006211171,0.534310609,0.5578390405849997
EFESOZ_clean,10.40168,6.18945,10.40168,0.9137,1441.31,1577.44,199.174,217.986,0.6294,0.688847,0.0,1,0.006710832,0.554825154,0.6019518867550017
EFILUA_clean,5.24567,3.1446,5.24567,2.5004,0.0,0.0,561.393,224.521,0.432,0.172772,0.0,0,0.082320224,1.546750464,1.856678049171256
EFIMOV_clean,6.67559,6.34874,6.67559,1.77157,892.601,503.846,0.0,0.0,0.3714,0.209644,0.0,0,0.004461553,0.387459693,0.4271032874825004
EFIMUB_clean,4.12343,2.61688,4.12343,1.65057,0.0,0.0,358.361,217.114,0.4346,0.263303,0.0,0,0.024120404,1.814830466,1.2816966322400014
EFOGOX_clean,6.79171,3.24561,6.78538,1.02093,0.0,0.0,1073.48,1051.47,0.5534,0.542056,0.0,0,0.002827663,0.269344998,0.27743001656999955
EFOSUO_clean,5.23309,4.44144,5.224,2.23497,2650.04,1185.72,0.0,0.0,0.6472,0.289579,0.0,1,0.000699425,0.067127669,0.07110661263749996
EFOTAV_clean,5.43531,4.50362,5.41958,2.18747,2824.93,1291.41,0.0,0.0,0.6522,0.298153,0.0,1,0.000627005,0.065968949,0.06332547157250021
EFOTEZ_clean,5.06643,4.39448,5.0661,2.67676,2557.25,955.354,0.0,0.0,0.6308,0.235658,0.0,1,0.000458305,0.045371447,0.04393434537375005
EFOTID_clean,5.17106,4.13348,5.16647,3.01069,2149.74,714.036,0.0,0.0,0.6124,0.203408,0.0,1,0.000425715,0.044377661,0.04133144658999987
EGAFOJ_clean,5.4475,3.328,5.4475,1.44245,989.435,685.939,0.0,0.0,0.5174,0.358695,0.0,1,0.003693132,0.340560644,0.3438235241637488
EGAFUP_clean,5.41211,3.36037,5.40599,1.46602,984.603,671.619,0.0,0.0,0.5112,0.3487,0.0,1,0.003535955,0.331540229,0.3248189115712487
EGAGAW_clean,5.3614,3.39372,5.3614,1.50716,1002.63,665.247,0.0,0.0,0.512,0.339712,0.0,1,0.00375976,0.338861441,0.34461317875249814
EGAGEA_clean,5.34124,3.39236,5.33988,1.52814,999.384,653.988,0.0,0.0,0.5156,0.337404,0.0,1,0.003510411,0.336739204,0.3225363722737486
EGATAI_clean,7.25975,4.31318,7.25513,0.959509,2426.34,2528.73,0.0,0.0,0.7032,0.732875,0.0,1,0.003125282,0.298183943,0.30645402321125087
EGATEM_clean,10.25144,8.68741,10.25144,0.847968,1429.66,1685.99,106.489,125.581,0.6438,0.759227,0.0,1,0.005981426,0.511852689,0.5545324582912494
EGATIQ_clean,10.61507,9.35673,10.60597,0.815931,1600.87,1962.02,0.0,0.0,0.6556,0.803499,0.0,1,0.005793343,0.492508508,0.5366233172512487
EGATOW_clean,5.96917,5.11285,5.74626,1.20816,2033.24,1682.93,0.0,0.0,0.6202,0.513343,0.0,1,0.004268643,0.406707488,0.395046352085
EGEJIK_manual,10.26084,8.70015,10.25879,0.680562,2082.85,3060.48,75.8285,111.42,0.7408,1.08851,0.0,0,0.003596853,0.346086722,0.3529286663387515
EGELUY01_manual,7.46224,7.0558,7.4593,0.947391,1658.83,1750.95,0.0,0.0,0.6114,0.645351,0.0,0,0.00434478,0.400788946,0.4308302288699995
EGELUY_SL,7.32559,6.86607,7.31942,0.950432,1658.89,1745.4,0.0,0.0,0.6086,0.640341,0.0,0,0.004070478,0.406092781,0.4018480004224984
EGIFUV_clean,9.74551,8.51622,9.74551,1.04544,1332.95,1275.02,6.1078,5.84232,0.6136,0.58693,0.0,1,0.006109828,0.327088876,0.5610152070687499
EGOXII_clean,5.25614,3.66279,5.25614,1.73248,965.076,557.05,0.0,0.0,0.56,0.323237,0.0,1,0.005722682,0.478083315,0.4938273007312479
EGOZAB_clean,7.0311,5.28936,7.0311,1.03834,1885.29,1815.68,0.0,0.0,0.6226,0.599612,0.0,1,0.004243539,0.3998934,0.4063285190949996
EGUNAX_clean,3.81467,3.01234,3.81432,1.4477,0.0,0.0,208.192,143.809,0.442,0.305312,0.0,1,0.006869819,0.581525097,0.5450413900362497
EHAFEA_clean,5.41079,3.41231,5.40089,2.22058,1080.51,486.589,0.0,0.0,0.5328,0.239937,0.0,1,0.002085551,0.196668761,0.20120940880000024
EHAFIE_clean,5.56485,3.57227,5.56485,2.06302,1265.0,613.179,0.0,0.0,0.5486,0.265921,0.0,1,0.001863874,0.179774696,0.17054839492749987
EHAFOK_clean,5.56183,3.59241,5.55524,2.07064,1253.24,605.245,0.0,0.0,0.547,0.26417,0.0,1,0.001835672,0.17902308,0.1695085458025001
EHAFUQ_clean,5.5462,3.57781,5.45874,2.0894,1245.04,595.885,0.0,0.0,0.5448,0.260744,0.0,1,0.001771653,0.175233049,0.16685501583000048
EHAGAX_clean,5.47293,3.47311,5.47293,2.13433,1158.89,542.974,0.0,0.0,0.5398,0.252913,0.0,1,0.001784526,0.172538788,0.16719960123750036
EHAGEB_clean,5.47507,3.4761,5.45313,2.1363,1116.62,522.688,1.415,0.662358,0.5378,0.251743,0.0,1,0.001822142,0.172872032,0.16864096833000022
EHAGIF_clean,5.44616,3.48144,5.44616,2.1778,1155.98,530.802,0.0,0.0,0.5374,0.246762,0.0,1,0.001817555,0.180784297,0.16859311796375023
EHAGOL_clean,5.39044,3.4677,5.39044,2.17273,1093.47,503.269,0.185996,0.0856051,0.5364,0.246879,0.0,1,0.001779855,0.173205948,0.16647203728125046
EHALOP_manual,7.57594,7.11735,7.57594,0.939011,1706.06,1816.86,0.0,0.0,0.618,0.658139,0.0,0,0.004142558,0.404527058,0.40226322859374825
EHEKUY_clean,6.18029,3.5251,6.17561,1.28701,834.589,648.47,1.25956,0.978668,0.5024,0.390361,0.0,0,0.004036998,0.353134086,0.3861661077349984
EHIHOU_clean,3.45946,2.71305,3.45946,2.01588,0.0,0.0,6.84654,3.3963,0.3746,0.185824,0.0,1,0.000139763,0.013523011,0.013574494537499983
EHIPOC_clean,4.96443,3.71594,4.96443,1.51785,665.78,438.633,0.0,0.0,0.4902,0.322956,0.0,1,0.000619282,0.061477244,0.06295422682375047
EHODOV_SL,6.30224,4.66761,6.30224,1.13784,1442.21,1267.5,266.504,234.219,0.5974,0.525029,0.0,0,0.005840484,0.526216231,0.5298860886000009
EHUCOA_clean,5.17903,3.25891,5.16911,0.982476,0.0,0.0,1140.41,1160.75,0.5726,0.582813,0.0,1,0.005607463,0.499419511,0.48647796351499906
EJAXIW_clean,6.39565,4.30182,6.34251,0.942507,1857.91,1971.24,0.0,0.0,0.5942,0.630446,0.0,1,0.004916713,0.454438559,0.4502706048974997
EJEFOP_clean,4.0642,2.84987,4.04303,1.60769,0.0,0.0,182.958,113.802,0.4082,0.253905,0.0,1,0.001334936,0.12370131,0.12476637813124954
EJEGOQ_clean,13.1275,3.17537,13.1275,2.99053,0.0,0.0,1263.59,422.531,0.585,0.195618,0.0,1,0.000559549,0.052430954,0.05983697288499968
EJETAQ_clean,12.53345,9.36877,12.53345,0.673241,1975.18,2933.84,0.0,0.0,0.7674,1.13986,0.0,1,0.002203806,0.226059038,0.21118353856875086
EJIDUW01_clean,4.24244,3.3869,4.24244,1.5584,593.906,381.101,0.0,0.0,0.4886,0.313527,0.0,1,0.001854006,0.188006064,0.16984868931374958
EJIDUW02_clean,4.29785,3.46947,4.29785,1.53852,788.843,512.727,0.0,0.0,0.4966,0.322777,0.0,1,0.002330875,0.211219436,0.2188703538350001
EJONOH_clean,4.44167,3.60442,4.4347,1.47939,700.956,473.814,0.0,0.0,0.4646,0.314048,0.0,1,0.002594224,0.247788799,0.24053822812750097
EJOQOL_clean,7.54682,4.16239,7.5307,1.29085,1431.56,1109.01,0.0,0.0,0.5368,0.415851,0.0,1,0.002882368,0.260491692,0.27843131830999907
EJOQUR_clean,11.95194,5.10518,11.95194,0.926552,1894.67,2044.86,37.9561,40.9649,0.6978,0.753115,0.0,1,0.003736835,0.35260994,0.36563039280124987
EJORAY_clean,4.91477,3.6019,4.91477,1.33891,1478.66,1104.38,0.0,0.0,0.5598,0.418102,0.0,1,0.004700764,0.435147203,0.42348451298875006
EJOZOU_clean,6.49751,6.10381,6.49751,1.26256,795.165,629.804,0.0342194,0.0271032,0.4812,0.38113,0.0,1,0.002293579,0.216421037,0.22214500843250037
EJUVOU_clean,3.96956,2.94299,3.96779,2.67544,0.0,0.0,211.326,78.9873,0.4486,0.167673,0.0,1,0.005257482,0.466522664,0.4162983690362499
EKARUE_clean,4.2283,3.20781,4.2283,1.5527,0.0,0.0,271.668,174.965,0.3886,0.250274,0.0,1,0.0009769,0.09238959,0.09042509785749965
EKEQIV_clean,5.23981,3.45461,5.21199,2.0444,792.887,387.835,0.0,0.0,0.4572,0.223636,0.0,1,0.001266416,0.11671822,0.11896928611875075
EKETOF_clean,4.41106,3.42867,4.41106,1.63804,321.449,196.241,0.0,0.0,0.4172,0.254695,0.0,0,0.004668133,0.372290051,0.3995326506600007
EKETUL_clean,4.43428,3.43441,4.41751,1.64611,319.015,193.799,0.0,0.0,0.4126,0.250651,0.0,0,0.004126206,0.358290451,0.37899218420999925
EKEVAT_clean,4.38581,3.45093,4.3809,1.70718,319.337,187.056,0.0,0.0,0.4042,0.236765,0.0,0,0.004702576,0.374946266,0.3992995195787505
EKIDEH_clean,5.83216,5.4959,5.8074,2.41757,833.936,344.948,0.748002,0.309402,0.4456,0.184317,0.0,1,0.01583484,1.06442908,0.9812522034487486
EKIDIL_clean,5.81547,5.58073,5.8139,2.56508,834.555,325.352,0.0,0.0,0.4098,0.159761,0.0,1,0.012991763,0.838044557,0.8835169962949982
EKIGIQ_clean,4.47438,2.65851,4.47438,1.56622,0.0,0.0,508.669,324.775,0.4564,0.291402,0.0,0,0.008040679,0.603219589,0.5966198528962462
EKIGOW_clean,4.32383,2.60267,4.32383,1.4151,0.0,0.0,430.118,303.95,0.4256,0.300757,0.0,0,0.009408066,0.713101904,0.6965762364037498
EKIJEP01_clean,2.89097,2.48262,2.88724,1.77491,0.0,0.0,0.0,0.0,0.3306,0.186263,0.0,1,3.13e-05,0.004579001,0.002910935607500004
EKIJEP_clean,2.86618,2.45455,2.86107,1.79721,0.0,0.0,0.0,0.0,0.3328,0.185176,0.0,1,3.26e-05,0.004004077,0.0029299395100000013
EKOKIA_clean,6.37814,3.95219,6.37814,1.40385,1452.65,1034.76,0.0,0.0,0.5578,0.397337,0.0,1,0.003150639,0.289291958,0.29199954992500043
EKOPEA_clean,5.53957,5.19564,5.53023,1.2074,1563.35,1294.8,0.0,0.0,0.5696,0.471756,0.0,1,0.005645828,0.510053555,0.510679143245
EKOPIE_clean,6.61542,5.14354,6.60525,1.21526,2002.74,1648.0,0.0,0.0,0.6146,0.505737,0.0,1,0.004582637,0.44358518,0.4383785448125006
EKOPOK_clean,7.61675,7.30447,7.61675,1.24495,1308.01,1050.65,0.0,0.0,0.569,0.457046,0.0,1,0.005192905,0.457522787,0.46377948983374984
EKOPUQ_clean,11.06416,8.02745,11.06416,0.972371,1585.84,1630.9,0.0,0.0,0.6092,0.62651,0.0,0,0.002874659,0.274481781,0.28560708808249935
EKUPEG_clean,12.15079,8.26476,12.15067,0.865202,1608.01,1858.54,0.0,0.0,0.685,0.791723,0.0,1,0.001313188,0.130651414,0.1301300908462514
ELAZEX_clean,3.63212,2.66568,3.42222,1.98591,0.0,0.0,17.7543,8.94016,0.359,0.180774,0.0,1,0.000506958,0.04530671,0.0517514466162496
ELELEN_clean,7.0748,4.1882,7.0748,0.915782,1244.35,1358.78,0.0,0.0,0.592,0.646442,0.0,1,0.002731333,0.265850317,0.2607712432487494
ELEREU_clean,15.53932,10.30838,15.53932,0.773652,1743.51,2253.61,0.0,0.0,0.7078,0.914882,0.0,1,0.010060439,0.831208142,0.8095726120300003
ELERIX01_clean,3.89315,3.2874,3.87417,2.45669,0.0,0.0,78.3989,31.9125,0.3868,0.157448,0.0,1,0.000121063,0.012287207,0.011558290608750044
ELERIX_clean,3.74206,3.05944,3.74206,2.48309,0.0,0.0,39.57,15.9358,0.3754,0.151183,0.0,1,6.68e-05,0.006227227,0.007382130517499983
ELERIY_clean,13.06874,6.51652,13.06768,0.765708,2243.35,2929.77,0.0,0.0,0.7112,0.928814,0.0,1,0.004487693,0.432698578,0.4289582078375004
ELIJOZ_clean,5.0309,3.85268,5.0309,1.48251,1155.21,779.228,0.0,0.0,0.5,0.337266,0.0,1,0.004715218,0.446579946,0.424539688134999
ELIJUF_clean,4.98722,3.63869,4.98647,1.36019,1078.5,792.905,0.0,0.0,0.4826,0.354803,0.0,1,0.005784677,0.521619355,0.5136386248349987
ELIKAM_clean,5.04335,3.82798,5.04275,1.49693,1142.39,763.156,0.0,0.0,0.4918,0.328538,0.0,1,0.005031771,0.454453005,0.4598341892575001
ELIKEQ_clean,4.99766,3.80728,4.99701,1.51189,1166.85,771.784,0.0,0.0,0.4966,0.328463,0.0,1,0.004701159,0.445596915,0.42491794180374887
ELIKIU_clean,4.97124,3.7531,4.97064,1.54816,1122.94,725.337,0.0,0.0,0.505,0.326193,0.0,1,0.004836317,0.431848687,0.4311567491449997
ELIKUG_clean,4.95561,3.7268,4.95492,1.57969,1129.17,714.803,0.0,0.0,0.4908,0.310694,0.0,1,0.004691858,0.425269205,0.4261297943437485
ELILAN_clean,4.95628,3.69174,4.9556,1.61177,1116.59,692.775,0.0,0.0,0.4992,0.309722,0.0,1,0.004612966,0.409422896,0.4232927279237483
ELILER_clean,4.98078,3.65658,4.98016,1.63697,1110.94,678.659,0.0,0.0,0.487,0.297501,0.0,1,0.004592695,0.4046618,0.42072489436499844
ELILIV_clean,4.97952,3.62473,4.97952,1.64354,1091.64,664.203,0.0,0.0,0.4882,0.297042,0.0,1,0.004490224,0.403271678,0.4199288420437488
ELIYUU_clean,4.2995,2.47938,4.19104,1.72564,0.0,0.0,537.684,311.585,0.5014,0.290558,0.0,0,0.009483573,0.692791954,0.7068970890124997
ELOGUJ_clean,5.2439,3.95274,4.46811,3.13806,963.536,307.048,0.0,0.0,0.4846,0.154427,6.37e-05,1,0.001007554,0.094820782,0.09976429872125074
ELOHOE_clean,5.56549,4.27537,5.53003,1.15001,1036.4,901.217,0.0,0.0,0.5212,0.453215,0.0,1,0.00687038,0.579898949,0.6017740909862481
ELOXIN_clean,3.6055,3.27755,3.6055,1.63379,0.0,0.0,111.368,68.1654,0.4212,0.257806,0.0,1,0.000349035,0.035234234,0.034697488459999974
ELOZEK_clean,5.94525,5.24436,5.94525,2.80091,275.157,98.2384,0.0,0.0,0.3674,0.131171,0.0,1,0.000101526,0.008385141,0.010761821535000002
ELUJAY_clean,4.49095,3.64747,4.47832,1.68009,831.421,494.867,0.0,0.0,0.4708,0.280223,0.0,1,0.002913236,0.268498472,0.2715829398925003
ELUJEC_clean,4.38047,3.64592,4.38047,1.73198,794.119,458.504,0.0,0.0,0.4624,0.266978,0.0,1,0.002929258,0.265713314,0.27184593282000014
ELUQIM01_clean,2.91764,2.42991,2.91764,1.76133,0.0,0.0,0.0,0.0,0.4386,0.249016,0.0,0,0.0,1.4e-05,7.933597499999957e-06
ELUQIM13_clean,2.90949,2.42675,2.90949,1.76113,0.0,0.0,0.0,0.0,0.4392,0.249385,0.0,0,1.56e-06,2.03e-05,4.351056624999984e-05
ELUZES_clean,5.83115,4.20879,5.08027,1.7311,2004.82,1158.12,0.0,0.0,0.6554,0.378603,0.0,1,0.000584727,0.055059938,0.062113437066250145
EMAGAB_clean,7.29475,4.84283,7.29475,1.35618,833.24,614.402,0.0,0.0,0.4816,0.355115,0.0,0,0.002242071,0.215385492,0.21751545976625017
EMAMOW_clean,6.67757,5.81943,6.67757,1.11834,959.829,858.263,0.0,0.0,0.5032,0.449953,0.0,1,0.00130137,0.127120053,0.12801510390250093
EMAMUC_clean,5.84513,5.03009,5.84513,1.22272,803.232,656.921,0.0,0.0,0.473,0.386841,0.0,1,0.001068907,0.101563806,0.10437657904250028
EMANAH_clean,3.45596,2.77101,3.27422,1.80411,0.0,0.0,35.8076,19.8479,0.5156,0.285793,0.0,0,0.000532707,0.053062428,0.053963686983749516
EMAPAK_clean,11.21755,3.61918,11.21755,0.925375,1521.72,1644.44,0.0,0.0,0.637,0.688369,0.0,0,0.001874169,0.192835781,0.1822043900012488
EMEGEJ_clean,5.14373,2.62137,3.92725,1.25561,0.0,0.0,470.556,374.761,0.501,0.399008,0.0,1,0.005374857,0.436640704,0.443015620035001
EMEJUD_clean,4.83142,2.9809,4.74291,1.07213,0.0,0.0,472.678,440.876,0.4722,0.44043,0.0,0,0.002710417,0.243360126,0.24470480748375043
EMICUZ_clean,4.0744,2.53854,4.0744,1.64268,0.0,0.0,112.034,68.2021,0.3952,0.240582,0.0,1,0.001401823,0.12818127,0.1315357956649997
EMIFOW_clean,7.56186,4.84974,7.24948,1.40224,2851.33,2033.41,0.0,0.0,0.6898,0.491927,0.0,1,0.003950295,0.371402597,0.38214820118374937
EMIGOX_clean,6.95421,5.10297,6.95421,1.53443,2307.47,1503.8,0.0,0.0,0.6448,0.420222,0.0,1,0.005182576,0.469523066,0.4774298509787516
EMIYEF_clean,4.02053,2.70329,3.99652,1.99702,0.0,0.0,133.156,66.6774,0.4216,0.211115,0.0,1,0.001615695,0.145961398,0.14357355870000008
EMIYUW_clean,10.6209,7.98188,10.6209,0.698012,2320.47,3324.4,0.0,0.0,0.7472,1.07047,0.000573056,1,0.003710943,0.356769128,0.3612646328862514
EMIZAD_clean,35.58882,34.51057,35.58779,0.382184,1428.23,3737.01,0.0,0.0,0.8516,2.22824,0.000523308,1,0.003285372,0.328221891,0.32975345130125094
EMODOZ_clean,4.35663,2.6689,4.35584,1.98236,0.0,0.0,825.892,416.62,0.5606,0.282794,0.0,0,0.008043393,0.661900712,0.6162655391862466
EMOFIX_clean,4.4277,3.35987,4.4277,1.27156,415.552,326.804,0.156671,0.123211,0.4494,0.353423,0.0,0,0.001929433,0.177614212,0.18069809859374963
EMOHIZ_clean,4.57808,3.51835,4.56928,1.23803,572.381,462.333,0.0,0.0,0.4556,0.368005,0.0,1,0.002133148,0.19037747,0.20051372035250042
EMOSOP_clean,3.77415,2.42916,3.76668,1.72177,0.0,0.0,72.3236,42.0054,0.4154,0.241264,0.0,1,0.001198537,0.11257843,0.11967931344124945
EMUBIZ_clean,10.77303,6.68088,10.77303,1.37229,1702.91,1240.92,117.774,85.8232,0.672,0.489692,0.000145742,1,0.002794929,0.233144781,0.273558503492499
EMUBOF_clean,9.89745,6.63764,9.89048,1.19874,1975.94,1648.35,0.0,0.0,0.6738,0.562089,0.0,1,0.004079029,0.352312557,0.40264177865499773
EMUTUD_clean,4.92374,3.19899,4.92374,1.60094,0.0,0.0,1124.99,702.707,0.5354,0.334428,0.0,0,0.007248388,0.582982939,0.6129518193412501
EMUVAL_clean,4.91536,3.20327,4.9116,1.59615,0.0,0.0,1110.5,695.735,0.5334,0.33418,0.0,0,0.007094387,0.573786584,0.5955487024525009
EMUYAM_clean,4.21039,3.17028,4.21039,1.86364,0.0,0.0,54.771,29.3893,0.3862,0.207229,0.0,1,0.000623521,0.059051197,0.06099516024499974
ENAFOP_ion_b,11.60166,8.24635,11.58519,1.18111,1100.84,932.042,0.0,0.0,0.5386,0.456012,0.0,1,0.000847284,0.081629017,0.08944459179624938
ENANIS_clean,4.58864,4.1598,4.58113,1.33735,718.625,537.349,0.0,0.0,0.4534,0.339028,0.0,1,0.009450342,0.732936693,0.7710768835862511
ENERIY_clean,5.50898,2.89112,5.48295,1.77823,0.0,0.0,615.059,345.882,0.415,0.233378,0.0,1,0.00126997,0.126185148,0.11906706938874959
ENESUN_clean,8.35126,5.49783,8.35126,0.626692,2424.85,3869.29,2.07427,3.30987,0.7316,1.1674,0.0,1,0.003693002,0.360244044,0.3595838677662507
ENIHUG01_clean,13.78566,6.83219,13.78098,0.585033,2323.11,3970.91,0.0,0.0,0.7686,1.31377,0.0,1,0.003361801,0.338764435,0.3401610612650006
ENIHUG_clean,13.82069,6.83124,13.8201,0.581484,2340.51,4025.06,0.0,0.0,0.7906,1.35962,0.0,1,0.003403022,0.337077809,0.3404913170925006
ENISOK_clean,6.962,4.5443,6.96157,1.14432,1841.89,1609.59,0.0,0.0,0.6018,0.525903,0.0,1,0.002475385,0.252707089,0.23433268440249994
ENISUQ_clean,6.6554,4.37963,6.6554,0.992256,1823.18,1837.41,0.0,0.0,0.5804,0.58493,0.0,1,0.002797014,0.278804452,0.2750228872437494
ENITAX_clean,10.08149,7.22011,10.08149,0.573061,2335.96,4076.29,0.0,0.0,0.7798,1.36076,0.0,1,0.003151001,0.317031814,0.30940515662375057
ENITEB_clean,7.9765,5.25239,7.9026,0.909449,2139.04,2352.02,0.0,0.0,0.6632,0.729233,0.0,1,0.003276718,0.321133765,0.32162612871250135
ENITIF_clean,6.04006,4.14792,6.02363,0.993739,1774.39,1785.57,0.0,0.0,0.6108,0.614648,0.0,1,0.004165833,0.388713733,0.3943538908262495
ENITOL_clean,9.0167,5.78838,9.01452,1.0207,1622.24,1589.34,0.0,0.0,0.589,0.577054,0.0,1,0.003597023,0.342853085,0.3423812318125011
ENIXUV_clean,6.81302,4.75487,6.75625,1.04896,1506.97,1436.63,0.0,0.0,0.539,0.513843,0.0,0,0.003955921,0.373697634,0.3727277563650002
ENOSAD_clean,5.57968,5.07062,5.57968,1.63787,1052.89,642.84,0.0,0.0,0.4624,0.282318,0.0,0,0.003008724,0.275541678,0.28233739494624976
ENOVAG_clean,10.23983,9.51593,10.22611,1.29505,1477.19,1140.64,0.0,0.0,0.5948,0.459286,0.0,1,0.001620656,0.155087263,0.15733997146375145
ENUCOG_clean,4.91468,3.25846,4.91468,1.86086,0.0,0.0,509.281,273.68,0.4838,0.259987,0.0,1,0.000909812,0.087884864,0.08758696914999983
EPAGEJ_clean,5.19961,3.47948,5.18752,1.66805,743.29,445.603,0.0,0.0,0.4886,0.292916,0.0,1,0.001272591,0.117540083,0.12145948772500054
EPAVAU_clean,5.39915,3.19554,5.39394,1.64446,0.0,0.0,782.223,475.67,0.5138,0.312442,0.0,1,0.001210498,0.117307201,0.1232462493174992
EPECEJ_clean,7.92371,4.89913,7.91993,0.908491,1989.28,2189.65,0.0,0.0,0.6342,0.69808,0.0,1,0.005877902,0.526676899,0.5436296771224978
EPECIN_clean,7.47499,2.63162,7.47499,1.05634,0.0,0.0,1446.28,1369.14,0.5854,0.554178,0.0,1,0.006564653,0.552049318,0.5786626021962519
EPEWAY_clean,5.86305,5.34538,5.70782,1.27095,1126.31,886.195,0.0,0.0,0.506,0.398129,0.0,0,0.004375924,0.4012304,0.41839563437875044
EPEWEC_clean,5.88152,5.35243,5.87056,1.27191,1143.58,899.1,0.0,0.0,0.5064,0.398141,0.0,0,0.004320888,0.405596214,0.41800552406874997
EPEXUU_clean,8.78791,3.92519,8.78786,1.21365,1182.3,974.168,0.0,0.0,0.5234,0.431261,0.0,1,0.004262943,0.354718443,0.39398191198124893
EPEYAB_clean,8.46111,3.62498,8.46069,1.24571,1153.47,925.96,0.0,0.0,0.5226,0.419521,0.0,1,0.005155209,0.420152919,0.4654151441324992
EPISOM_clean,12.63938,6.49016,12.62405,0.677616,2253.72,3325.96,0.0,0.0,0.7494,1.10594,0.0,1,0.005383751,0.507018009,0.4914618517287487
EPONAA_clean,9.18286,8.73453,9.17503,0.495184,2583.42,5217.09,0.0,0.0,0.8544,1.72542,0.0,1,0.00121325,0.12222954,0.12868130485750126
EPONEE_clean,9.19024,8.74095,9.18226,0.492814,2582.15,5239.6,0.0,0.0,0.8536,1.73209,0.0,1,0.001154156,0.122778277,0.10942882313125021
EPOPEG_clean,5.47224,4.77054,5.47224,0.955888,1699.64,1778.08,0.0,0.0,0.613,0.641289,0.0,0,0.004179404,0.408339521,0.39123437534749994
EPOTAF_clean,7.63453,6.61136,7.601,0.575241,2982.7,5185.13,0.0,0.0,0.779,1.35421,0.0,1,0.003785678,0.345071313,0.37101546133624913
EPUJIJ_clean,3.7032,2.62655,3.64037,1.85806,0.0,0.0,213.188,114.737,0.487,0.262102,0.0,1,0.001162226,0.112791402,0.1145941743324995
EPUXET_clean,4.89022,3.26125,4.88787,1.25583,0.0,0.0,624.27,497.099,0.4632,0.368841,0.0,0,0.002723165,0.241838005,0.24431248931500005
EQAMUG_clean,4.23795,3.61938,4.23534,1.81883,688.208,378.378,0.0,0.0,0.424,0.233116,0.0,0,0.002203292,0.222198132,0.20446934334875025
EQERAU_clean,8.66462,5.10134,8.65703,0.830188,1832.92,2207.84,0.0,0.0,0.646,0.778137,0.0,1,0.005064708,0.472829883,0.47395887424249955
EQEREY_clean,6.76077,5.17427,6.21591,1.08432,1568.49,1446.52,0.0,0.0,0.5588,0.515345,0.0,0,0.006184982,0.57883198,0.566421006657498
EQERIC_clean,5.65308,5.10575,5.50654,1.08357,1441.7,1330.51,0.0,0.0,0.5522,0.509612,0.0,0,0.009091165,0.79374089,0.8141247692562475
EQEROJ_clean,4.01825,2.96034,3.93901,1.42386,0.0,0.0,378.51,265.834,0.474,0.332899,0.0,1,0.004057985,0.372935691,0.3791055189587517
EQETAX_clean,6.01885,5.05908,5.99018,0.890782,1989.22,2233.11,0.0,0.0,0.6458,0.724981,0.0,1,0.007920222,0.704908983,0.6898866354762494
EQOCES01_clean,5.48857,3.12659,5.4881,1.09166,0.0,0.0,1077.1,986.664,0.5846,0.535517,0.0,0,0.003838026,0.33224722,0.34692252582875044
EQOCES_clean,5.59526,2.46849,5.58953,1.15614,0.0,0.0,883.473,764.156,0.5398,0.466897,0.0,0,0.004492871,0.393871447,0.4120601987925023
EQOCIW_clean,5.70211,2.46041,5.70211,1.17639,0.0,0.0,865.536,735.758,0.5452,0.463453,0.0,0,0.004737005,0.396818587,0.41396122071250224
EQOXIT_clean,7.68652,6.98261,7.68519,1.19569,1340.21,1120.87,0.0,0.0,0.551,0.460823,0.0,1,0.002572085,0.240004865,0.24940987362124936
EQUBIC_clean,4.62524,4.02529,4.62419,2.01313,877.337,435.807,0.0,0.0,0.4672,0.232076,9.93e-05,0,0.002796994,0.262929851,0.26066115107374954
EQUBOI_clean,4.70314,4.11847,4.7011,1.94101,957.405,493.252,0.0,0.0,0.4856,0.250179,0.000103039,0,0.002925928,0.259332427,0.27129640140875
EQUBUO_clean,4.678,4.09417,4.67712,1.98147,941.234,475.017,0.0,0.0,0.4712,0.237803,0.000100935,0,0.002786541,0.264783979,0.25957544476749955
EQUCOI_clean,4.45934,3.16039,4.34903,1.67389,0.0,0.0,539.466,322.282,0.4922,0.294045,0.0,1,0.003498585,0.335578558,0.3206683693274976
EQUNEL_clean,11.53586,5.50716,8.36401,1.01632,2227.68,2191.92,0.0,0.0,0.6942,0.683055,0.0,1,0.00562869,0.528918711,0.5219196256499997
EQUNIP_clean,12.19685,4.3543,12.19496,0.882362,2411.33,2732.81,0.0,0.0,0.7004,0.793779,0.0,1,0.006014262,0.561801285,0.5644319562887469
ERAHOV_clean,8.72809,7.46409,8.72809,0.942162,2285.98,2426.31,0.0,0.0,0.718,0.762077,0.0,1,0.001846249,0.190735144,0.18266827334749966
ERALUG_clean,10.3431,8.94026,10.3375,1.11121,2058.72,1852.68,0.0,0.0,0.6522,0.586926,0.000719933,1,0.002838497,0.271013782,0.2855082108437501
ERAMAN_clean,12.01377,10.18099,12.01377,0.963545,2126.75,2207.22,0.0,0.0,0.6966,0.722955,0.0,1,0.003181522,0.308351537,0.30891366106250107
ERAMER_clean,12.83976,11.91501,12.83976,0.685959,2103.01,3065.8,0.0,0.0,0.7502,1.09365,0.000291563,1,0.002819978,0.278175104,0.28928746446624964
EREFEN01_SL,5.00416,3.86566,5.00416,1.13683,1255.14,1104.07,0.0,0.0,0.5352,0.470783,0.0,0,0.008596453,0.728380999,0.708566338081249
EREGOY_clean,7.33047,5.25494,7.19533,0.879553,2401.32,2730.16,0.0,0.0,0.685,0.778805,0.0,1,0.003968944,0.377633685,0.38126887568124923
ERELIX_clean,5.64254,3.51162,5.62378,1.23268,1079.22,875.507,0.0,0.0,0.5468,0.443586,0.0,1,0.004372965,0.380105123,0.40987826329499966
ERIGER_clean,7.45113,4.52945,7.45095,1.32558,1000.06,754.431,0.0,0.0,0.5014,0.378249,0.0,1,0.001648896,0.162148684,0.1630255281200005
ERIJUM_clean,9.00258,2.71737,9.00139,1.21845,0.0,0.0,1335.11,1095.75,0.6326,0.519185,0.0,1,0.00149627,0.146567213,0.1479407848824998
ERIRIG_auto,11.67849,9.57613,11.66558,0.426775,2035.73,4770.02,0.0,0.0,0.8318,1.94903,0.0,0,0.00284624,0.297859266,0.2899920723149984
ERIWAF_clean,10.65116,5.48487,10.46238,0.840538,2241.03,2666.18,0.0,0.0,0.709,0.843508,0.0,1,0.005107798,0.474381344,0.47797589093374904
EROCIZ_clean,5.34059,3.74867,5.34025,1.39658,907.085,649.503,0.0,0.0,0.4828,0.345701,0.0,1,0.00743026,0.373511581,0.63384343121375
ERUFUS_clean,4.3604,3.42673,4.35329,1.50899,684.051,453.317,0.0,0.0,0.4548,0.301394,0.0,0,0.003563609,0.358633652,0.3263915779699977
ERULEK_clean,8.92635,6.96534,8.92635,0.799593,1925.59,2408.22,0.0,0.0,0.6678,0.835175,0.0,1,0.003188188,0.324941708,0.31149831875875145
ERUNIQ_clean,5.45734,2.87384,5.43835,1.36807,0.0,0.0,776.452,567.554,0.4976,0.363724,0.0,1,0.004571899,0.38254935,0.40890779443125164
ERUNOW_clean,9.74436,7.85759,9.7385,0.884315,1769.89,2001.42,0.0,0.0,0.6546,0.740234,0.0,1,0.003300079,0.320116921,0.3291277798550006
ERUVEU_clean,3.34466,3.01377,3.34466,2.21788,0.0,0.0,0.325326,0.146684,0.3556,0.160334,0.0,0,1.52e-05,0.00258135,0.0016104679749999948
ESANET_clean,7.69209,6.08736,7.69209,1.80232,1148.27,637.106,0.0,0.0,0.5264,0.292069,0.0,1,0.001122937,0.112355922,0.1096118699350005
ESARAT_clean,4.65638,2.73042,4.28273,1.24022,0.0,0.0,877.4,707.453,0.5198,0.419118,0.0,1,0.017664851,1.190138079,1.0698403634462479
ESAROH_clean,4.75347,3.71612,4.73943,1.3675,535.723,391.753,0.0,0.0,0.4534,0.331553,0.0,1,0.005541816,0.434590374,0.4826404197887477
ESARUN_clean,6.08793,3.97207,6.06402,1.14221,1213.02,1061.99,0.0,0.0,0.5254,0.459984,0.0,1,0.00581875,0.525608482,0.5263962302187501
ESASAU_clean,5.00328,3.89627,5.00219,1.37708,632.788,459.514,0.0,0.0,0.4448,0.323002,0.0,1,0.004621444,0.384513468,0.4194556090987495
ESASEY_clean,5.5251,4.77538,5.51126,1.28472,744.013,579.127,0.0,0.0,0.486,0.378294,0.0,1,0.004741685,0.40421204,0.42756256816250043
ESEDIQ_clean,5.39674,3.78301,5.31113,0.83454,2154.55,2581.72,0.0,0.0,0.6546,0.784384,0.0,0,0.006293161,0.602137192,0.5682445550562463
ESEQUO_clean,5.9241,3.78187,5.9241,1.17049,1289.9,1102.02,0.0,0.0,0.5438,0.464593,0.0,1,0.00373069,0.339267499,0.3534436201375007
ESEVIH_clean,6.88268,6.30555,6.87572,1.51625,1264.35,833.868,0.0,0.0,0.5472,0.36089,0.0,1,0.003602412,0.349747932,0.32905305208375
ESIDOB_clean,5.0954,4.12899,5.0954,1.32897,1274.07,958.69,0.0,0.0,0.5378,0.404673,0.0,0,0.0104583,0.850951234,0.8524474770062518
ESIFET_clean,8.81259,5.05152,8.81259,1.42533,1454.27,1020.3,0.0,0.0,0.5856,0.410852,0.0,0,0.003320778,0.320341599,0.32285373625625063
ESIGES02_clean,5.25592,4.31073,5.18518,1.28541,1797.52,1398.4,0.0,0.0,0.597,0.464442,0.0,0,0.006052429,0.548719324,0.5646570923187467
ESIGES_clean,5.24833,4.2623,5.18742,1.29046,1800.98,1395.62,0.0,0.0,0.6108,0.473321,0.0,0,0.006300602,0.559242078,0.5630936616562472
ESIWAF_clean,5.69105,3.39715,5.67851,1.65491,1181.64,714.02,0.0,0.0,0.5042,0.304669,0.0,0,0.004437524,0.40467029,0.4205436541799999
ESUMOU_clean,3.43054,2.73995,3.40309,1.59759,0.0,0.0,16.065,10.0558,0.4346,0.272034,0.0,1,0.000164876,0.015670603,0.017647024356249978
ESURER01_clean,6.75428,5.6916,6.72807,1.40497,1349.29,960.372,0.0,0.0,0.5342,0.380221,0.0,0,0.004123284,0.382717622,0.39439018085249833
ESURER02_clean,6.73405,5.67186,6.7278,1.40899,1346.64,955.749,0.0,0.0,0.5328,0.378145,0.0,0,0.004103742,0.387311208,0.3941873421724984
ESURER03_clean,6.73192,5.66128,6.64205,1.40989,1345.84,954.57,0.0,0.0,0.5322,0.377477,0.0,0,0.004270498,0.382016729,0.3983971085512493
ESURER04_clean,6.9676,6.06182,6.9676,1.36538,1434.64,1050.72,0.0,0.0,0.5472,0.400767,0.0,0,0.003972162,0.381124328,0.37103556469875065
ESURER_clean,6.78739,5.78928,6.78739,1.3933,1363.04,978.277,0.0,0.0,0.5382,0.386276,0.0,0,0.004168881,0.381812194,0.39428229972249873
ESUSAO01_clean,6.3973,4.82556,6.3973,1.43147,1333.03,931.231,0.0,0.0,0.5244,0.366336,0.0,1,0.004106348,0.389456879,0.3910648745912485
ESUSAO_clean,6.44994,4.84687,6.44994,1.43017,1343.92,939.69,0.0,0.0,0.5242,0.366529,0.0,1,0.004142826,0.396106245,0.39131632128624866
ESUSIW_clean,6.7467,5.80608,6.7467,1.39203,1364.88,980.494,0.0,0.0,0.5394,0.387491,0.0,1,0.004003429,0.36764842,0.3854793283774996
ESUSOC01_clean,7.22634,6.19526,7.22634,1.36351,1450.27,1063.63,0.0,0.0,0.544,0.398969,0.0,1,0.003948278,0.38509345,0.3690702245950008
ESUSOC02_clean,7.24893,6.31165,7.23441,1.36801,1456.76,1064.88,0.0,0.0,0.538,0.393273,0.0,0,0.0038649,0.369680749,0.3641831081200002
ESUSOC_clean,7.05543,5.76553,7.05417,1.36444,1437.77,1053.75,0.0,0.0,0.5426,0.397672,0.0,1,0.004134141,0.380639696,0.3942884920499988
ESUTAP_clean,7.12445,6.33134,7.12445,1.37347,1444.41,1051.64,0.0,0.0,0.5478,0.398843,0.0,1,0.004178001,0.395413168,0.3951108365374995
ESUTIX_clean,7.33038,6.15605,7.3245,1.35339,1467.91,1084.62,0.0,0.0,0.5522,0.408012,0.0,1,0.003824297,0.370954864,0.36244441635000046
ESUVAR01_clean,5.82794,3.93449,5.82794,1.54928,1195.21,771.464,0.0,0.0,0.4896,0.316018,0.0,1,0.004879328,0.436021545,0.43386303382000013
ESUVAR02_clean,5.46597,3.26987,5.44772,1.66256,0.0,0.0,882.3,530.689,0.4556,0.274036,0.0,1,0.004903647,0.413334146,0.41536256555375217
ESUVAR_clean,6.28796,4.55194,6.20677,1.47064,1312.34,892.358,0.0,0.0,0.5172,0.351684,0.0,1,0.004648303,0.417338009,0.4316534584949996
ESUVOF_clean,6.88083,5.87111,6.87535,1.38485,1391.22,1004.61,0.0,0.0,0.5404,0.390224,0.0,0,0.004092017,0.390744021,0.39478016318374876
ETAXIH_clean,5.15292,2.63845,3.55486,1.63541,0.0,0.0,195.596,119.601,0.4496,0.274916,0.0,1,0.000477927,0.047595002,0.04906734667499994
ETAXUT_clean,12.89356,7.93773,12.89356,0.721487,1897.63,2630.17,77.994,108.102,0.7242,1.00376,0.0,1,0.004960329,0.444748178,0.4378623277387488
ETECIR_clean,4.32284,3.50203,4.32284,1.44521,1297.96,898.111,0.0,0.0,0.6006,0.41558,0.0,0,0.004609279,0.422981989,0.4226325548262509
ETECOX_clean,10.32812,8.91862,10.31469,1.07802,2014.96,1869.13,0.0,0.0,0.7346,0.681437,0.0,1,0.0023547,0.234541133,0.22278407460124983
ETEJIX01_clean,6.69684,4.77946,6.69684,1.08358,2483.86,2292.26,0.0,0.0,0.649,0.598939,0.0,1,0.003407656,0.336203371,0.33450114436000083
ETEJIX_clean,6.81796,5.05367,6.81796,1.05868,2313.65,2185.42,0.0,0.0,0.6546,0.61832,0.0,1,0.003576678,0.341507425,0.34460990277500203
ETEJOD01_clean,6.6678,4.96877,6.6678,1.10092,2405.28,2184.79,0.0,0.0,0.6552,0.595139,0.0,1,0.003596415,0.356497057,0.3468621145037519
ETEJOD_clean,6.80678,5.11467,6.80678,1.12771,2231.39,1978.7,0.0,0.0,0.6388,0.56646,0.0,1,0.004217955,0.388137455,0.40714720753374956
ETEJUJ_clean,6.80904,5.16362,6.80904,1.11208,2257.09,2029.61,0.0,0.0,0.6478,0.582511,0.0,1,0.003545092,0.351943043,0.34337112783000007
ETEKAQ01_manual,5.81491,4.70834,5.54365,1.17141,2276.97,1943.78,0.0,0.0,0.6496,0.554545,0.0,1,0.002580317,0.259541301,0.2541392063199999
ETEKAQ_clean,6.79458,5.19238,6.79458,1.13284,2254.4,1990.05,0.0,0.0,0.6454,0.569721,0.0,1,0.003499221,0.34579731,0.34057921918875017
ETEKEU_clean,6.74215,5.18388,6.74215,1.16256,2288.23,1968.27,0.0,0.0,0.6442,0.554124,0.0,1,0.003531693,0.338271979,0.3421090952450003
ETEMIB_clean,4.60123,3.2805,4.59562,1.37796,0.0,0.0,644.968,468.059,0.48,0.34834,0.0,1,0.00287622,0.254450799,0.27183641065624964
ETEPID_clean,6.17672,3.95395,5.87594,1.10537,1278.33,1156.47,289.636,262.025,0.5518,0.499197,0.0,1,0.017140248,0.950625417,1.1631868736062527
ETEQUQ_clean,5.92538,4.00393,5.92538,2.21544,1336.48,603.256,0.0,0.0,0.5274,0.238056,0.0,1,0.001043506,0.102160993,0.10494987820875075
ETESIG_clean,5.84738,4.10522,5.84738,1.34804,1113.36,825.908,0.0,0.0,0.511,0.379069,0.0,1,0.005324134,0.46359722,0.46233444289374925
ETEXEI01_clean,5.81183,4.79897,5.70377,1.51395,1510.72,997.869,0.0,0.0,0.6306,0.416527,0.0,0,0.003772621,0.362269796,0.3567101483562496
ETEXEI_clean,5.78427,4.68209,5.77551,1.52654,1503.21,984.721,0.0,0.0,0.622,0.407458,0.0,0,0.004017491,0.370140634,0.3827479839512483
ETICIV_clean,4.88964,3.07888,4.88964,1.37961,0.0,0.0,605.775,439.09,0.4466,0.323714,0.0,0,0.004068742,0.332538083,0.3803925059162511
ETIXEM_clean,4.4488,2.61999,4.44653,1.32726,0.0,0.0,213.081,160.542,0.421,0.317194,0.0,1,0.007562437,0.442029402,0.5738509511687465
ETIXIQ_clean,6.68041,4.65647,6.65888,0.848377,2297.1,2707.64,0.0,0.0,0.6174,0.727742,0.0,0,0.005870406,0.565197853,0.5396367095237485
ETUWEW_clean,4.93842,4.37104,4.93842,1.56386,2303.31,1472.84,0.0,0.0,0.6098,0.389934,0.0,0,0.00214316,0.213930199,0.20940878343125172
ETUWIA_clean,4.84869,4.31374,4.84869,1.3172,2256.73,1713.27,0.0,0.0,0.6028,0.457637,0.0,1,0.003416166,0.331448459,0.33424548506125085
ETUWOG_clean,4.3132,2.63619,4.3126,1.49933,0.0,0.0,372.979,248.764,0.434,0.289462,0.0,1,0.003820518,0.330795107,0.33904352322249814
ETUXEW_clean,4.30967,3.74181,4.30967,1.76757,1105.02,625.163,0.0,0.0,0.5662,0.320327,0.0,0,0.005997982,0.511709433,0.5407533852487497
EVADIQ_clean,7.6272,6.3767,7.6272,1.10873,1926.39,1737.47,0.0,0.0,0.6356,0.573266,0.0,1,0.003725941,0.363298395,0.3678447903412496
EVAKIV_clean,13.34989,4.00312,13.34989,0.730238,1776.02,2432.11,0.0,0.0,0.6852,0.938325,0.0,0,0.0047436,0.447166246,0.43590378702000093
EVEGIV_clean,6.17269,4.02251,6.17269,1.31229,854.868,651.434,42.1748,32.1384,0.5236,0.398999,0.0,1,0.003059517,0.246044417,0.28925216512499974
EVEGUH_clean,6.67679,5.04188,6.67679,1.28811,935.874,726.551,97.6899,75.84,0.5222,0.405402,0.0,1,0.00328074,0.303203468,0.31625529148875103
EVIMUT_clean,5.27695,4.27032,5.27695,0.98944,1543.01,1559.48,0.0,0.0,0.5212,0.526762,0.0,1,0.002815966,0.276307239,0.27799337737999946
EVOHOM_clean,3.57984,2.65551,3.56552,2.14715,0.0,0.0,65.0688,30.3047,0.4596,0.214051,0.0,1,0.000507084,0.044674494,0.05091205136749971
EVOMOR01_clean,4.57986,2.42195,4.57882,1.19416,0.0,0.0,734.004,614.662,0.4746,0.397435,0.0,1,0.009132243,0.697909011,0.7630011437512504
EVOMOR_clean,4.59198,2.45336,4.59107,1.1881,0.0,0.0,744.353,626.505,0.4764,0.400975,0.0,1,0.00888392,0.696477969,0.7309680419937495
EVUBAY_clean,3.66168,2.57868,3.60972,1.89892,0.0,0.0,69.6416,36.6743,0.42,0.221178,0.0,1,0.000495367,0.047421302,0.04939415599374986
EVUDAA_clean,8.8715,5.37575,8.86492,1.06655,1848.87,1733.49,0.0,0.0,0.6318,0.592375,0.0,1,0.005747206,0.508919194,0.5334420891374978
EVUMUE_clean,4.29359,2.53108,4.29105,2.1373,0.0,0.0,414.331,193.858,0.4272,0.199879,0.0,1,0.002310044,0.207135394,0.21780658310250042
EVUNAL_clean,4.3435,2.60006,4.3435,2.17687,0.0,0.0,431.427,198.187,0.4248,0.195142,0.0,1,0.002500278,0.211666097,0.2359727194400002
EVUNEP_clean,4.38284,2.63137,4.38284,2.21084,0.0,0.0,440.491,199.241,0.4236,0.191601,0.0,1,0.002363805,0.210716302,0.2180742298112502
EVUNIT_clean_h,4.36696,2.62968,4.34031,2.21558,0.0,0.0,435.63,196.622,0.4286,0.193448,0.0,1,0.002267674,0.202737263,0.21753484131000048
EVUNOY_clean,4.88935,2.54565,4.88803,1.50967,0.0,0.0,737.972,488.831,0.5364,0.35531,0.0,1,0.001923182,0.182084501,0.1809602900399998
EVUPOC_clean,6.33794,4.33255,6.21155,1.43397,1521.86,1061.29,0.0,0.0,0.5584,0.389408,0.0,1,0.004265871,0.393757874,0.3928689988674992
EVUQOC_clean,5.3745,3.92262,5.34265,1.5074,1102.05,731.093,0.0,0.0,0.4832,0.320551,0.0,1,0.00600552,0.516282625,0.5317702999487497
EVUQUI_clean,4.83999,3.93851,4.82956,1.53551,1049.12,683.243,0.0,0.0,0.4838,0.315075,0.0,1,0.004703213,0.435784105,0.42525802813249947
EVURAP_clean,4.91998,4.00691,4.90722,1.50366,1094.53,727.909,0.0,0.0,0.4888,0.325073,0.0,1,0.005048501,0.446235211,0.4600247099362509
EWASIG01_clean,6.54739,5.55468,6.37809,0.995743,2287.2,2296.98,0.0,0.0,0.6682,0.671057,0.0,1,0.003857226,0.373260204,0.3715088243087497
EWASIG_clean,6.45735,5.55117,6.42218,0.997683,2278.25,2283.54,0.0,0.0,0.6672,0.66875,0.0,1,0.003883894,0.386528586,0.3780028815337498
EWESAC_clean,4.96455,3.52189,4.96455,1.2876,515.857,400.635,170.93,132.751,0.4632,0.35974,0.0,0,0.007220108,0.561428535,0.6209316092037499
EWETUW_clean,5.62021,4.24917,5.57976,1.31411,662.316,504.004,418.644,318.576,0.5412,0.411838,0.0,1,0.009225414,0.756998346,0.7717170125224984
EWIDUK_SL,11.37588,3.1863,11.37588,0.917269,0.0,0.0,1387.89,1513.06,0.6436,0.701648,0.0,0,0.001893748,0.187452534,0.18207876369499887
EWILON_clean,7.32231,3.25878,7.31405,1.45934,0.0,0.0,1209.87,829.056,0.5252,0.359889,0.000548194,0,0.006085989,0.497431506,0.5239460791075014
EWIPIL_clean,5.07501,3.95522,5.05284,1.20337,1849.05,1536.56,0.0,0.0,0.602,0.500263,0.0,1,0.008806796,0.783176242,0.7344103240862472
EWUCOP_clean,4.517,3.6203,4.517,1.14036,1567.35,1374.43,0.0,0.0,0.607,0.532288,0.0,0,0.00575379,0.54350375,0.5323578446737472
EWUGEK_clean,4.25922,3.99552,4.25922,1.59647,254.293,159.284,0.0,0.0,0.3716,0.232763,0.0,0,0.00179461,0.157525697,0.16820183424499927
EWUKAK_clean,8.06678,6.82094,8.05126,1.11278,1981.43,1780.62,0.0,0.0,0.6252,0.561838,0.0,1,0.003971878,0.378748594,0.3810817587524997
EWUKEO_clean,6.02152,4.9088,6.0177,1.04306,2495.54,2392.52,0.0,0.0,0.6576,0.630455,0.0,1,0.004704041,0.455862753,0.4386306388774994
EWUKIS_clean,6.09706,5.36823,6.07492,1.05799,2424.88,2291.97,0.0,0.0,0.6762,0.639136,0.0,1,0.004694243,0.460037721,0.43754934807124923
EWUSOF_clean,11.18858,8.47337,10.82571,0.877,1675.84,1910.87,0.0,0.0,0.721,0.822121,0.0,1,0.001358061,0.130025237,0.13273870693500156
EWUSUL_clean,11.25293,8.38573,11.25293,0.979503,1671.61,1706.59,0.0,0.0,0.7086,0.723428,0.0,1,0.001204573,0.114657773,0.12787846375750117
EWUTEW_clean,7.55965,4.88065,7.45386,1.29422,1660.56,1283.06,0.0,0.0,0.5852,0.452164,0.0,1,0.003071001,0.289631629,0.29550214209749937
EXALAR_clean,8.27068,4.14256,8.27068,0.819136,1552.0,1894.68,19.4699,23.7688,0.6382,0.779114,0.0,1,0.002428242,0.245019707,0.2328229353224993
EXALIZ_clean,8.54083,3.87619,8.54083,1.52305,1283.51,842.727,0.0,0.0,0.5696,0.373988,0.0,1,0.001118526,0.107671466,0.1088973361487502
EXAPEA_clean,5.23017,3.49325,5.23017,1.44837,343.252,236.992,0.0,0.0,0.4076,0.281419,0.0,0,0.003625046,0.291358835,0.325763333036248
EXAXAE01_clean,10.9668,6.77359,10.9668,1.34773,1718.01,1274.74,128.947,95.6773,0.6772,0.502475,0.0,1,0.002607275,0.231071886,0.2606157936949995
EXAXAE_clean,10.76753,6.65722,10.58024,1.36537,1690.78,1238.34,127.443,93.34,0.6754,0.494666,0.0,1,0.002694267,0.237001013,0.26511466903374936
EXEMUR_clean,6.22751,4.77221,6.20611,1.4177,461.655,325.637,178.147,125.659,0.4768,0.33632,0.0,0,0.001443048,0.140698032,0.1373339844662508
EXENAX_clean,4.98437,3.71955,4.67631,1.89432,1307.11,690.013,0.0,0.0,0.588,0.310402,0.0,1,0.001630438,0.157855524,0.1590725717987508
EXEQAA_clean,7.25351,7.13068,7.2425,1.02495,1673.9,1633.14,0.0,0.0,0.6088,0.593978,0.0,0,0.004858044,0.464321983,0.44832975762749777
EXEQII_SL,7.24683,7.11371,7.24683,1.02502,1683.52,1642.43,0.0,0.0,0.597,0.58243,0.0,0,0.004837989,0.464652641,0.44674659112999826
EXEWIO_clean,7.06551,3.91163,7.06551,1.10612,1247.35,1127.68,0.0,0.0,0.5336,0.482408,0.0,1,0.008480375,0.681540444,0.6996318000087521
EXEXAH_clean,9.58473,9.08126,9.58473,0.865744,1381.13,1595.31,0.0,0.0,0.6118,0.706675,0.0,0,0.002008356,0.203854162,0.1913052268162502
EXIDEV_clean,4.20107,2.85974,4.18974,1.30704,0.0,0.0,425.494,325.54,0.4396,0.336333,0.0,1,0.005057788,0.392498497,0.4345318885537514
EXIDOF_clean,5.61373,5.00672,5.60841,1.03591,1864.27,1799.64,0.0,0.0,0.6158,0.594451,0.0,0,0.005950664,0.56005508,0.5521173360262462
EXOFIH_clean,4.43208,4.25139,4.42906,1.35435,1660.17,1225.81,0.0,0.0,0.5858,0.432533,0.0,0,0.014604423,1.181977812,1.1021399377050058
EXOTOB_clean,13.28738,7.77882,13.22247,0.710367,1789.01,2518.43,0.0,0.0,0.7024,0.988785,0.0,1,0.001857844,0.191922924,0.1819277788012492
EXOTUH_SL,6.05951,4.4083,6.05951,0.950557,1966.63,2068.92,0.0,0.0,0.6264,0.658982,0.0,0,0.00523482,0.48987624,0.4753189418875018
EXOZIB_clean,8.81916,5.67239,8.81916,0.860889,2066.43,2400.34,0.0,0.0,0.7104,0.825193,0.0,1,0.00248856,0.259521222,0.2362119981687499
EXUHEM_clean,5.5848,3.98697,5.5848,1.1948,1036.21,867.268,0.0,0.0,0.5148,0.430868,0.0,0,0.00443375,0.387180158,0.42436206434875134
EXUHUC_clean,6.22107,4.0898,6.22107,1.22274,852.187,696.948,9.45855,7.73552,0.5232,0.427891,0.0,1,0.00137161,0.129205886,0.1327016822062505
EYACOX_clean,8.14361,5.87215,7.68514,0.961963,2469.42,2567.06,0.0,0.0,0.6732,0.699819,0.0,1,0.00378836,0.356625879,0.3693713873449991
EYINOR_clean,8.12774,5.83469,8.12774,0.997324,2427.09,2433.6,0.0,0.0,0.6904,0.692252,0.0,1,0.003913733,0.376405337,0.37991093669374926
EYIYES_clean,8.23387,5.84668,8.15455,0.958955,2430.13,2534.15,0.0,0.0,0.6902,0.719741,0.0,1,0.003396872,0.326438187,0.3346023911862506
EYOCIG_clean,8.27418,5.89212,8.06359,0.922433,2431.08,2635.51,0.0,0.0,0.694,0.752358,0.0,1,0.003461528,0.327835788,0.3412627838225007
EYOCOM_clean,8.18337,5.84697,8.18337,0.974997,2429.97,2492.29,0.0,0.0,0.6902,0.7079,0.0,1,0.003324155,0.328015225,0.3335179009550005
EYULOA_clean,4.93073,3.99192,4.90572,1.26506,819.807,648.04,0.0,0.0,0.5008,0.395872,0.0,0,0.007700362,0.59888659,0.6514794578587485
EYUWAW_clean_h,6.01873,4.52997,6.01625,1.02499,1441.95,1406.78,0.0,0.0,0.5778,0.563711,0.0,1,0.004393366,0.41268748,0.4192507616875006
EZABAJ_clean,3.88346,2.63935,3.80883,1.64895,0.0,0.0,324.185,196.601,0.4958,0.300676,0.0,1,0.000254983,0.026777864,0.025771520801249934
EZABEN_clean,5.22809,3.75233,5.19001,1.80933,1456.46,804.973,0.0,0.0,0.5686,0.314261,0.0,1,0.003122515,0.290806354,0.2871689790987501
EZEQEH_clean,4.87284,4.37059,4.87284,1.23337,902.039,731.365,0.0,0.0,0.4534,0.367612,0.0,0,0.006445159,0.541739928,0.5522723488612503
EZEQIL_clean,5.30026,4.78345,5.30026,1.17129,1076.67,919.215,0.0,0.0,0.476,0.406389,0.0,0,0.006574209,0.554965777,0.5913368103399993
EZEQOR_clean,5.6482,4.90134,5.6482,1.14412,1130.85,988.403,0.0,0.0,0.4858,0.424607,0.0,0,0.006493092,0.561895798,0.5724369489274984
EZEQUX_clean,5.58794,4.86495,5.58794,1.14902,1119.33,974.163,0.0,0.0,0.4862,0.423145,0.0,0,0.006767785,0.584223406,0.6004522735637474
EZESAF_clean,5.1372,4.14128,5.1327,1.2462,687.896,551.996,0.0,0.0,0.4534,0.363827,0.0,1,0.006236237,0.510476706,0.5339033433087502
EZIPEK_clean,8.58626,4.2007,8.58626,1.51602,1671.68,1102.68,0.0,0.0,0.5836,0.384955,0.000527697,0,0.003916878,0.358721,0.3688151263200004
EZITUE_clean,5.18743,4.58908,5.18743,1.41786,514.897,363.149,0.0,0.0,0.4536,0.319918,0.0,1,0.003011487,0.261612559,0.2830898892449999
EZIVAM_clean,4.86841,4.201,4.86841,1.36805,410.17,299.821,0.0,0.0,0.4216,0.308176,0.0,1,0.003372369,0.284267204,0.3191832606374996
EZOBUR02_clean,5.4535,4.4976,5.43411,1.36504,878.599,643.645,0.0,0.0,0.4944,0.362188,0.0,1,0.003148117,0.275013099,0.29091536574375065
EZOBUR_clean,6.22091,4.91314,6.06649,1.26527,1070.0,845.668,0.0,0.0,0.5366,0.4241,0.0,1,0.002730006,0.249645126,0.25255349395999976
EZOFEF_clean,11.22482,4.58247,11.22482,1.02492,1340.94,1308.34,253.285,247.127,0.6156,0.600633,0.0,0,0.009033908,0.749665772,0.7691110182300008
EZOFOP_clean,16.09732,3.03368,16.09732,0.822613,0.0,0.0,1664.63,2023.58,0.655,0.796243,0.0,1,0.006059186,0.540774296,0.5471698309499999
EZUCOS_SL,6.20322,3.17591,6.17692,1.33573,0.0,0.0,1021.03,764.4,0.5296,0.396488,0.0,0,0.005006076,0.433720894,0.4371808542337508
EZULAO_clean,5.09593,4.42786,5.07986,1.44576,1054.74,729.539,0.0,0.0,0.5038,0.348468,0.0,1,0.004465394,0.409995425,0.42234870973999994
FABCUI_clean,5.29132,3.67742,5.0134,1.09277,1448.77,1325.78,0.0139318,0.0127491,0.5368,0.49123,0.0,1,0.003153937,0.307930189,0.2932888696550008
FABFOF_ion_b,4.12242,2.8928,4.12242,1.19882,0.0,0.0,342.79,285.939,0.5322,0.443936,0.0,0,0.000632024,0.057326551,0.06405558106499977
FABGOG_clean,4.61157,3.28798,4.61157,1.54791,0.0,0.0,231.819,149.763,0.4312,0.278569,0.0,1,0.001577342,0.143652888,0.14354297183750023
FABGUM_clean,4.49645,4.20268,4.49184,1.20151,964.988,803.144,198.183,164.944,0.618,0.514351,0.0,0,0.002218511,0.215991104,0.21604427622000003
FAFCEW_clean,4.10181,2.96369,4.08476,1.99314,0.0,0.0,315.628,158.357,0.3398,0.170485,0.0,1,0.001524572,0.149732432,0.13968075362
FAFDEX_clean,4.84612,4.0465,4.84612,1.4121,763.799,540.896,0.0,0.0,0.426,0.301679,0.0,1,0.004216544,0.391711998,0.380785122735
FAFGAU_clean,4.21105,3.27208,4.20718,1.88279,0.0,0.0,384.116,204.014,0.4222,0.224241,0.0,1,0.001771359,0.169897403,0.16256483535375
FAFJIH_SL,3.61922,2.55624,3.29431,1.47217,0.0,0.0,34.9259,23.7241,0.405,0.275104,0.0,1,0.000327134,0.031352284,0.03247844924375003
FAFMAC_clean,6.81612,5.39086,6.79864,1.26269,1165.02,922.651,0.0,0.0,0.5508,0.436212,0.0,1,0.001807997,0.174268701,0.1745556170425002
FAFQEJ01_clean,6.37389,4.22376,5.90055,1.46265,2225.33,1521.44,0.0,0.0,0.6474,0.442621,0.0,1,0.001191053,0.120163454,0.12454213760750088
FAGMAE_clean,5.46748,4.37557,5.46748,1.06062,1170.19,1103.31,0.885384,0.834777,0.5442,0.513094,0.0,1,0.002791845,0.261785355,0.2649528014812489
FAGMEI_clean,4.74677,3.86448,4.45761,1.13696,582.955,512.733,152.586,134.206,0.5114,0.449797,0.0,1,0.004405549,0.397432563,0.4115878021050012
FAGMOS_clean,4.83565,3.90897,4.83387,1.11657,661.618,592.547,152.346,136.441,0.5228,0.468221,0.0,1,0.004545444,0.399697345,0.4229939249000009
FAGQAI_clean,13.61199,8.61498,13.60121,0.481098,2019.32,4197.32,0.0,0.0,0.7864,1.63459,0.0,1,0.002921317,0.286390192,0.29108277161499907
FAGREM_clean,7.38233,6.89343,7.38233,1.46524,1454.62,992.751,0.0,0.0,0.557,0.380143,0.0,1,0.002782148,0.27233497,0.26853509116999796
FAGVUH_clean,4.16104,2.76047,4.11026,2.07941,0.0,0.0,160.798,77.3285,0.3106,0.149369,0.0,1,0.000791768,0.078502315,0.07136883814999981
FAGXIX_clean,5.2216,3.54475,5.2216,1.24357,1161.81,934.26,0.0,0.0,0.5266,0.42346,0.0,1,0.012913168,1.008034392,1.0489178271425035
FAGXOD_clean,5.20792,3.21624,5.1915,1.1246,0.0,0.0,906.48,806.049,0.5338,0.474659,0.0,1,0.007282407,0.604504159,0.6470041187075012
FAHBIC_clean,3.99775,2.8263,3.97551,2.13778,0.0,0.0,314.759,147.236,0.4432,0.207318,0.0,0,0.001748733,0.171034702,0.1644857751037498
FAHGAY_clean,5.42928,5.0549,5.42928,0.789805,2259.65,2861.02,0.0,0.0,0.6494,0.822229,0.0,0,0.00620005,0.608089461,0.567914989674997
FAHPOV_clean,15.83326,12.70856,15.77354,0.465056,1930.74,4151.64,0.0,0.0,0.8222,1.76796,0.0,1,0.003318185,0.330473964,0.3353460030000007
FAHQIQ_clean,9.85392,4.35513,9.85392,0.853176,2077.29,2434.78,0.0,0.0,0.6662,0.780847,0.0,0,0.007464152,0.654796568,0.6738390045025011
FAHQIR_clean,5.4668,3.66161,5.45525,1.24631,646.137,518.44,0.0,0.0,0.4704,0.377434,0.0,1,0.006017131,0.464891554,0.5341043719549987
FAHTUE_clean,7.2202,3.1424,7.21695,1.52875,0.0,0.0,657.808,430.292,0.5,0.327065,0.0,1,0.001907225,0.19430002,0.17924512883374968
FAHVAM_clean,7.31415,3.20421,7.31256,1.51627,0.0,0.0,689.197,454.535,0.5072,0.334506,0.0,1,0.00210697,0.198817396,0.20170557828999994
FAJYAS_clean,8.56248,6.70705,8.55013,0.843378,1917.39,2273.46,0.0,0.0,0.6388,0.75743,0.0,1,0.002950615,0.285114196,0.28822600004000043
FAJZOI_clean,5.7048,3.67896,5.62232,1.15456,806.025,698.125,0.0,0.0,0.4918,0.425964,0.0,0,0.011697212,0.885292249,0.8393964147200011
FAKLIO_clean,9.35143,8.40739,9.35026,0.753404,1654.42,2195.93,0.0,0.0,0.6524,0.865937,0.0,0,0.003655317,0.34707052,0.3590988166125007
FAKLOU_clean,9.12795,8.03305,9.12795,0.879649,1631.51,1854.72,0.0,0.0,0.6538,0.743251,0.0,0,0.003193362,0.311326214,0.31266633948500183
FAKLUA_clean,9.01677,8.0299,9.01677,0.819291,1611.05,1966.39,0.0,0.0,0.6454,0.787754,0.0,0,0.004195055,0.41295134,0.4069210054074988
FAKMAH_clean,8.51474,7.6757,8.51474,0.756909,1726.74,2281.31,0.0,0.0,0.6586,0.870118,0.0,0,0.004041099,0.390352443,0.4036961728549979
FAKNIR_clean,7.731,5.84497,7.731,0.960238,2118.84,2206.58,0.0,0.0,0.6484,0.675249,0.0,1,0.004139455,0.384476131,0.4036005219462475
FALBAX_manual,16.15249,9.49143,16.1486,0.447193,2181.58,4878.38,0.0,0.0,0.8038,1.79743,0.0,0,0.003416248,0.348858749,0.34154094995625056
FALDAA_clean,6.52279,5.33991,6.32184,1.08899,1435.02,1317.76,0.0,0.0,0.579,0.531688,0.0,1,0.003868822,0.35924152,0.3677700574975006
FALLOT_clean,5.47116,3.44168,5.42276,1.84097,1146.35,622.691,0.0,0.0,0.5828,0.316572,0.0,1,0.001661733,0.156952912,0.1644329287750001
FALPOY_clean,5.64075,4.31698,5.64026,1.89914,1788.53,941.762,0.0,0.0,0.5702,0.300242,0.0,1,0.015878547,1.18221765,1.1534893179125079
FALQEQ_clean,5.00067,3.16185,5.00067,1.96255,0.0,0.0,163.799,83.4619,0.3282,0.167231,0.0,0,0.001806261,0.151655661,0.1663492152724997
FALQIU_clean,5.0787,3.13693,5.0787,1.97765,0.0,0.0,185.39,93.7424,0.3432,0.173539,0.0,0,0.002274116,0.175919468,0.21727095311375005
FALQOA_clean,5.0567,3.07042,5.0567,2.00441,0.0,0.0,182.509,91.0533,0.3308,0.165036,0.0,0,0.002453399,0.192915837,0.22529391027124934
FALVOF_clean,6.65756,4.5203,6.48608,1.39374,1687.85,1211.03,0.0,0.0,0.5882,0.422031,0.0,1,0.001522911,0.149274501,0.15350443256249988
FALVUL01_clean,5.55283,3.37884,5.54115,1.5825,1195.6,755.513,0.0,0.0,0.5352,0.338198,0.0,1,0.002042635,0.194798666,0.1890666754175
FALVUL_clean,5.46026,3.31892,5.46026,1.59699,570.041,356.947,572.098,358.235,0.5318,0.333001,0.0,1,0.001976159,0.189081706,0.18698437904624993
FALZAU_clean,4.31067,3.32473,4.31067,2.34278,762.014,325.261,0.0,0.0,0.4444,0.189689,0.0,1,0.043056428,1.75774899,1.567861017287496
FALZEY_clean,10.41764,2.52325,10.41764,0.906439,0.0,0.0,1775.9,1959.21,0.685,0.755705,0.0,0,0.002394055,0.233057682,0.23289463580249894
FALZIC_clean,10.73348,2.62145,10.73348,0.967049,0.0,0.0,1784.75,1845.56,0.6978,0.721577,0.0,0,0.002847518,0.295930562,0.28120561740125005
FALZOI_clean,10.25755,2.58045,10.25755,0.961037,0.0,0.0,1775.13,1847.1,0.6626,0.689464,0.0,0,0.00243598,0.229982722,0.23525895184499895
FAMHAE01_clean,3.42491,3.34261,3.42491,1.96785,28.0371,14.2476,0.0,0.0,0.3204,0.162817,0.0,1,0.000440031,0.043874513,0.041884121676250136
FAMHAE_clean,3.46791,3.38791,3.46791,1.92062,52.3709,27.2677,0.0,0.0,0.3406,0.177339,0.0,1,0.000545836,0.047433323,0.05738951260999943
FAMPUH_clean,14.29727,6.50644,14.29727,0.67257,2359.31,3507.91,0.0,0.0,0.7568,1.12524,0.0,1,0.004620535,0.452072471,0.42960304961624957
FAMQAO_clean,14.19972,6.54893,14.18609,0.666736,2302.24,3453.0,0.0,0.0,0.7576,1.13628,0.0,1,0.004574762,0.43771499,0.4310944012237489
FAMQES_clean,13.92314,6.55268,13.92314,0.674226,2354.83,3492.63,0.0,0.0,0.7532,1.11713,0.0,1,0.004740054,0.456535343,0.43162146584624933
FANCIJ_clean,8.52966,7.16955,8.46063,1.09037,1242.28,1139.32,72.6595,66.6376,0.5784,0.530463,0.0,0,0.004417624,0.4186882,0.42637685487625043
FANCOP_clean,8.31522,6.68432,8.30333,1.04032,1268.68,1219.51,89.2086,85.7514,0.5834,0.560791,0.0,0,0.006031031,0.53480696,0.5546667018999999
FANDEG_clean,8.58478,6.98003,8.57286,1.05217,1307.67,1242.83,85.7897,81.5358,0.5892,0.559985,0.0,0,0.005666982,0.492502676,0.5119225629200004
FAPXEC_clean,7.23633,7.07944,7.22228,1.10849,1601.62,1444.86,0.0,0.0,0.5964,0.538029,0.0,0,0.005004195,0.488251635,0.4585431957624984
FAPXIG_clean,7.25163,7.0872,7.25163,1.12925,1578.62,1397.94,0.0,0.0,0.5966,0.528317,0.0,0,0.005207242,0.500246147,0.4666592652637487
FAPXOM_clean,7.22558,7.07954,7.22145,1.12985,1598.05,1414.39,0.0,0.0,0.5978,0.529098,0.0,0,0.005143849,0.510599502,0.4664099982987488
FAQGEL_clean,5.35554,3.64691,5.34801,1.44151,1313.99,911.54,0.0,0.0,0.536,0.371832,0.0,1,0.00535221,0.470867885,0.46962732507624844
FAQGIO_clean,3.98232,3.06016,3.97183,1.52573,0.0,0.0,301.837,197.832,0.5374,0.352226,0.0,0,0.000518385,0.047320396,0.05277895056374962
FAQGIP_clean,5.30496,3.71196,5.30496,1.22203,1264.33,1034.61,0.0,0.0,0.5172,0.423229,0.0,1,0.005747963,0.529400807,0.5155735357937493
FAQLUH_clean,7.25665,7.09719,7.24714,1.10687,1602.27,1447.57,0.0,0.0,0.5958,0.538276,0.0,0,0.004769764,0.486150775,0.4438193071537509
FAQVEA_clean,4.28187,3.21093,4.24486,1.46606,0.0,0.0,320.863,218.861,0.4562,0.311175,0.0,1,0.003256007,0.294448761,0.3037258746112499
FAQYUR_clean,4.28517,3.37183,4.28155,1.84396,419.281,227.381,0.0,0.0,0.4388,0.237966,0.0,1,0.001939402,0.177274038,0.1846716558149996
FARBIL_clean,6.5257,5.85477,6.5257,1.16183,1319.81,1135.97,0.0,0.0,0.544,0.468226,0.0,0,0.00460552,0.420523823,0.43685931511250126
FARFIO_clean,9.12316,6.55123,9.12316,1.31137,1730.77,1319.82,0.0,0.0,0.6458,0.492464,0.0,0,0.001572068,0.15632006,0.15424422623500067
FARFOU_clean,8.96134,6.03917,8.96134,1.3138,1736.65,1321.85,0.0,0.0,0.6496,0.494443,0.0,0,0.001566143,0.163135647,0.1540528644787506
FARFUA_clean,8.43305,5.99885,8.43305,1.37514,1658.2,1205.84,0.0,0.0,0.6292,0.457553,0.0,0,0.00173204,0.161954621,0.17339970341750036
FARHIR_ion_b,6.8791,5.35126,6.8791,1.62906,838.805,514.901,0.0,0.0,0.3778,0.231913,0.0,1,0.00452491,0.36617151,0.4267153165424994
FARHOX_ion_b,6.26684,3.62781,6.26416,1.63231,1189.76,728.882,0.0,0.0,0.5338,0.327022,0.0,1,0.004415104,0.38215278,0.4188046638912488
FARYAA_clean,5.49967,2.6024,5.49967,3.31353,0.0,0.0,371.864,112.226,0.3964,0.119631,0.0,1,0.000178888,0.017965374,0.01669112502999998
FARYEE_clean,4.22731,2.91955,4.22731,3.21105,0.0,0.0,616.689,192.052,0.471,0.146681,0.0,1,0.000166746,0.016721464,0.01656295265749999
FASFOX_clean,5.05037,3.3454,5.04992,1.48453,443.629,298.835,0.216133,0.14559,0.4282,0.288442,0.0,0,0.007052742,0.546438221,0.5617059291149991
FASFUD_clean,4.95441,3.30157,4.95349,1.52894,0.0,0.0,401.97,262.907,0.3986,0.260703,0.0,0,0.007139991,0.532111755,0.5634260608487489
FASGAK_clean,4.97958,3.34492,4.9783,1.52455,441.077,289.316,0.0,0.0,0.4214,0.27641,0.0,0,0.006830689,0.527242852,0.5578221160812498
FASHAK_clean,5.67537,4.91896,5.66915,1.31877,1672.64,1268.34,0.0,0.0,0.5816,0.441018,0.0,1,0.002175397,0.210498024,0.21215904487375098
FASHOX_clean,5.79545,4.39914,5.79038,3.73156,1762.91,472.433,0.0,0.0,0.572,0.153287,0.0,1,0.001273861,0.121374407,0.1266555105787505
FASHUD_SL,4.32022,2.90284,4.32022,1.72886,0.0,0.0,573.562,331.758,0.5168,0.298926,0.0,1,0.002792645,0.258704273,0.2578498589999996
FASJAL_clean,3.28609,2.75862,3.28291,1.63609,0.0,0.0,0.0,0.0,0.4658,0.284704,0.0,1,4.18e-05,0.00369987,0.0035686051150000194
FASQUN_clean,5.13227,3.03904,4.82617,1.52422,0.0,0.0,474.078,311.03,0.4742,0.31111,0.0,1,0.007987836,0.531829195,0.6179453467137466
FASVIH_clean,7.36263,6.76595,7.35007,1.28937,1714.12,1329.42,0.0,0.0,0.6144,0.476511,0.0,1,0.002599332,0.255166124,0.25775947323999926
FATKAO_clean,4.65609,3.80909,4.65088,1.95034,1014.02,519.916,0.0,0.0,0.465,0.238419,0.0,1,0.001538849,0.142652313,0.15078712154000035
FATKES_clean,4.81739,3.70783,4.8165,1.82727,1025.9,561.439,0.0,0.0,0.4878,0.266955,0.0,1,0.001554132,0.147205065,0.15200648400250036
FATKIV_clean,14.84172,10.48506,14.13115,0.799535,924.965,1156.88,197.216,246.664,0.6364,0.795963,0.0,1,0.002867913,0.255620131,0.28342884067874907
FATKIW_clean,4.92999,3.7145,4.92517,1.89194,1016.62,537.341,0.0,0.0,0.477,0.252122,0.0,1,0.001597776,0.155389443,0.15415973415375073
FATKOC_clean,4.67985,3.79401,4.65705,1.90793,1011.46,530.135,0.0,0.0,0.4774,0.250219,0.0,1,0.00157455,0.148062064,0.15226040497375046
FATKUI_clean,4.71614,3.90797,4.71614,1.76449,1087.25,616.182,0.0,0.0,0.4914,0.278494,0.0,1,0.001551611,0.14670217,0.1530965417937505
FATQID_clean,11.53016,8.55287,11.53016,0.606791,2204.88,3633.67,0.0,0.0,0.8008,1.31973,0.0,1,0.002695964,0.266661651,0.2713249307687507
FATVOM_clean,4.53669,4.03212,4.53669,1.59797,796.91,498.701,0.0,0.0,0.4212,0.263584,0.0,1,0.004770831,0.404006864,0.4193259587524999
FAVGAN_clean,5.57142,4.50196,5.49969,1.52705,956.016,626.056,0.0,0.0,0.4838,0.316821,0.0,1,0.001847287,0.171897259,0.17030448071624957
FAVGER_clean,5.35311,4.52327,5.34725,1.54964,901.531,581.768,0.0,0.0,0.481,0.310395,0.0,0,0.001699467,0.160459068,0.16294046546125038
FAVGIV_clean,4.89361,4.27611,4.89361,1.63035,784.518,481.195,0.0,0.0,0.4718,0.289385,0.0,1,0.001786283,0.17095762,0.16722384779874946
FAVGOB_clean,4.8913,4.26213,4.88425,1.63875,774.721,472.75,0.0,0.0,0.4632,0.282654,0.0,1,0.001818871,0.169869964,0.16838602237749925
FAVGUH_clean,4.86763,4.2119,4.84866,1.64912,773.676,469.146,0.0,0.0,0.4688,0.284274,0.0,1,0.001806411,0.168010431,0.16830353024499925
FAVHAO_clean,4.95666,4.40143,4.92219,1.63957,784.566,478.52,0.0,0.0,0.4652,0.283733,0.0,1,0.001820619,0.175829755,0.1682284054187493
FAVHES_clean,4.81694,4.18094,4.81252,1.69685,756.814,446.011,0.0,0.0,0.4616,0.272033,0.0,1,0.001796255,0.169962465,0.16845536438499933
FAVHIW_clean,4.93663,4.37848,4.91876,1.68898,774.259,458.419,0.0,0.0,0.459,0.271762,0.0,1,0.001925201,0.180278184,0.18042023777124946
FAVKAP_clean,6.87609,5.10388,6.87609,1.0919,2445.17,2239.37,0.0,0.0,0.6468,0.592361,0.0,1,0.003388991,0.340470655,0.33305880588125064
FAVKET_clean,5.17349,2.49626,5.17113,1.33524,0.0,0.0,637.097,477.141,0.5082,0.380606,0.0,1,0.003728532,0.332206355,0.33920540324374826
FAVZEJ_clean,3.48904,2.76185,3.48414,1.69508,0.0,0.0,100.539,59.3125,0.5156,0.304174,0.0,1,0.000256423,0.023417134,0.0257797132837499
FAWCEN01_SL,11.33232,3.33749,11.33232,0.937501,1430.55,1525.92,0.0,0.0,0.6446,0.687573,0.0,0,0.001964941,0.194919717,0.19039184280625013
FAWCEN02_SL,11.41573,3.43573,11.41573,0.924186,1463.4,1583.45,0.0,0.0,0.6478,0.700941,0.0,0,0.002019862,0.198377687,0.19241651656500014
FAWCEN03_SL,11.36441,3.15216,11.36441,0.921497,0.0,0.0,1382.61,1500.39,0.6438,0.698646,0.0,0,0.001897816,0.182481192,0.18435499595999924
FAWCEN_SL,11.32428,3.25365,11.32428,0.947772,0.0,0.0,1407.21,1484.75,0.6384,0.67358,0.0,0,0.001940532,0.198499733,0.18735250841624942
FAYPAY_clean,12.90794,5.24047,12.8925,0.673936,2011.51,2984.72,0.0,0.0,0.742,1.10099,0.0,1,0.00338042,0.325809527,0.3352743542775003
FAYPEC_clean,11.32938,4.75784,11.28719,0.745804,1782.19,2389.63,0.0,0.0,0.6898,0.924908,0.0,1,0.003144614,0.314753803,0.306615086952501
FAYPIG_clean,11.51198,6.01308,11.45567,0.74228,1782.59,2401.5,0.0,0.0,0.7098,0.956244,0.0,1,0.003185538,0.304305502,0.3107332671787512
FAYPOM_clean,8.33734,7.34032,8.33734,0.888945,1770.92,1992.16,0.0,0.0,0.637,0.71658,0.0,0,0.003090747,0.303497592,0.30152792377875154
FAYQAZ_clean,13.25092,5.37829,12.95797,0.797039,1583.25,1986.41,0.0,0.0,0.6806,0.85391,0.0,1,0.002647173,0.264157437,0.2697201116562502
FAYQED_clean,12.559,10.1499,12.53561,0.533674,1990.43,3729.68,0.0,0.0,0.7818,1.46494,0.0,1,0.004442297,0.422631838,0.42440434245125047
FAYQUT_clean,11.36736,8.26719,11.16554,0.777904,1704.81,2191.54,0.0,0.0,0.681,0.875429,0.0,1,0.003864113,0.364137205,0.3747672775474994
FAZFET_clean,6.57316,4.4573,6.55727,1.65256,1476.29,893.337,1.47172,0.89057,0.5356,0.324103,0.0,1,0.001507286,0.13361633,0.1524663527312504
FAZPED_clean,7.63868,5.99081,7.63868,1.64589,749.747,455.527,0.0,0.0,0.4048,0.245946,0.0,1,0.001735811,0.164825189,0.16220030044250044
FAZZEM_clean,5.74693,4.41081,5.68235,2.16525,873.054,403.211,0.0,0.0,0.4638,0.214201,0.0,1,0.000817941,0.078138552,0.08117436135499992
FEBPUY_clean,5.08924,4.38524,5.07804,1.23823,1158.3,935.44,0.0,0.0,0.5392,0.435459,0.0,1,0.005068487,0.455123412,0.4655318958012515
FEBXIV_clean,17.28638,15.74639,17.27933,0.293688,1491.04,5076.95,0.0,0.0,0.8788,2.99229,0.0,1,0.003737124,0.359187913,0.36747363541875006
FECCIZ_clean,4.99663,3.47947,4.98801,1.68897,855.07,506.267,0.0,0.0,0.478,0.283012,0.0,0,0.006013251,0.542521232,0.5357609563024996
FECKAA_clean,5.54178,3.96898,5.52138,0.97764,1036.11,1059.8,74.179,75.8756,0.5832,0.596539,0.0,1,0.006488468,0.571277748,0.5748826119924997
FECWOB01_clean,4.17085,3.04516,4.16284,1.57834,0.0,0.0,480.944,304.714,0.4434,0.280927,0.0,1,0.00466497,0.39871754,0.39894379291000237
FECXAO_clean,5.79137,4.59346,5.79018,0.989543,1846.09,1865.6,0.0,0.0,0.6174,0.623924,0.0,0,0.006487849,0.599319775,0.5888674852099973
FECXES_clean,10.76463,6.58995,10.58338,0.833076,2133.05,2560.44,0.0,0.0,0.7044,0.845541,0.0,1,0.006425125,0.528475799,0.5746509379862471
FECXUI_clean,10.09798,5.67724,10.08611,0.924829,2051.69,2218.46,0.0,0.0,0.69,0.746084,0.0,1,0.004262819,0.399821512,0.409005875169998
FECYIX_clean,3.45236,3.37759,3.45236,1.94101,51.4562,26.51,0.0,0.0,0.3204,0.165069,0.0,1,0.00051716,0.048534882,0.05270459517374946
FECYUJ_clean,9.54146,5.39642,9.54146,0.925869,2090.23,2257.59,1.94532,2.10107,0.6792,0.733581,0.0,1,0.004579724,0.429869119,0.43075885136500003
FECZAQ_manual,8.47974,5.36674,8.47974,0.984083,2012.57,2045.13,0.0,0.0,0.6646,0.67535,0.0,0,0.003385112,0.322935589,0.33315354867125047
FEDBEX_clean,5.54956,5.03901,5.54956,1.56747,1415.29,902.91,0.0,0.0,0.5562,0.354839,0.0,0,0.001566719,0.148241641,0.15536191674750113
FEDKAB_clean,4.59818,2.54781,4.59818,1.24639,0.0,0.0,240.202,192.718,0.4684,0.375806,0.0,0,0.009506882,0.681247791,0.7240827871125001
FEFCUQ_clean,8.87571,6.35025,8.74283,0.77796,2120.63,2725.88,0.0,0.0,0.673,0.865083,0.0,0,0.004336745,0.403199227,0.42788150490124965
FEFDAX_clean,7.78612,6.37885,7.6796,0.828568,2134.58,2576.23,0.0,0.0,0.6746,0.814176,0.0,0,0.004051198,0.394902713,0.4045592313199973
FEFDEB_manual,13.10906,11.59751,13.10906,0.53928,2135.2,3959.36,0.0,0.0,0.77,1.42783,0.0,0,0.003075696,0.283089343,0.30378082456499944
FEFVES_clean,4.77641,3.28141,4.37104,1.17598,0.0,0.0,684.029,581.665,0.4808,0.408849,0.0,1,0.007801136,0.621677036,0.6524751952074981
FEFZOF_clean,4.86334,3.89341,4.85268,1.78217,1115.48,625.914,0.0,0.0,0.5442,0.305359,0.0,1,0.002430182,0.236938,0.22289866055374963
FEGNIQ_clean,7.13681,4.81158,7.13681,1.15152,1310.71,1138.24,0.0,0.0,0.528,0.458524,0.0,0,0.003045798,0.297300723,0.29458963349125034
FEHCIG_manual,7.75569,7.04294,7.74271,0.956692,1636.76,1710.86,0.0,0.0,0.6308,0.659355,0.0,0,0.003520287,0.352481339,0.3377235656012499
FEJDEE_clean,4.71312,2.87829,4.7021,1.83643,0.0,0.0,738.757,402.279,0.5676,0.309078,0.0,1,0.006988396,0.565003586,0.5556090980737499
FEJDII01_clean,5.11637,4.26776,5.11637,1.65956,1220.45,735.403,0.0,0.0,0.5874,0.353949,0.0,0,0.004664649,0.43544841,0.43465824109874984
FEJDII_clean,5.18964,4.3206,5.16791,1.64976,1282.11,777.148,0.0,0.0,0.607,0.367932,0.0,0,0.004910192,0.433900142,0.44566501335124964
FEJKEM_clean,3.45598,3.08881,3.42976,2.13204,0.0,0.0,3.50827,1.6455,0.388,0.181985,0.0,1,0.000679335,0.068318117,0.06688353324875015
FELVEZ_clean,5.91981,2.53239,5.91945,1.71455,0.0,0.0,347.949,202.939,0.4716,0.275058,0.0,0,0.002000119,0.167331525,0.1876819085362499
FELVID_clean,5.92915,2.52991,5.92434,1.72651,0.0,0.0,348.339,201.758,0.4714,0.273036,0.0,0,0.002042595,0.167000886,0.18712170041124995
FELVOJ_clean,5.97797,2.59168,5.9681,1.64095,0.0,0.0,384.013,234.018,0.481,0.293122,0.0,0,0.00187657,0.157708895,0.17044903133999978
FELVUP_clean,5.92764,2.53049,5.92011,1.71856,0.0,0.0,346.525,201.638,0.4718,0.274533,0.0,0,0.00201932,0.16546989,0.18689349652874993
FELWAW_clean,5.88664,2.50203,5.88664,1.77742,0.0,0.0,328.165,184.63,0.4664,0.262403,0.0,0,0.002290352,0.187512321,0.21933853547624996
FELWEA_clean,5.96729,2.56291,5.95827,1.67801,0.0,0.0,371.443,221.359,0.4772,0.284385,0.0,0,0.001884812,0.160298288,0.17086640633749975
FELWIE_clean,5.9068,2.50992,5.90182,1.74553,0.0,0.0,337.286,193.229,0.4696,0.269031,0.0,0,0.002146662,0.169888387,0.2007785039362502
FELWOK_clean,5.91185,2.52303,5.90749,1.75413,0.0,0.0,352.993,201.236,0.47,0.26794,0.0,0,0.002483513,0.198749029,0.22854715124874925
FELWUQ_clean,5.93988,2.54332,5.93225,1.4981,0.0,0.0,355.689,237.427,0.4724,0.315333,0.0,0,0.002446989,0.203289031,0.2287790030274995
FENROG_clean,5.38209,4.56613,5.38209,1.67781,1972.59,1175.69,0.0,0.0,0.6206,0.369888,0.0,1,0.001213244,0.121521671,0.12804602635000045
FEPQEW_clean,4.04938,2.86699,4.04938,1.89878,0.0,0.0,319.323,168.173,0.4636,0.244157,0.0,1,0.001342927,0.139401817,0.1248967921724997
FEQSIF_clean,9.23636,5.60978,9.22645,0.773392,2340.66,3026.49,0.0,0.0,0.7012,0.906656,0.0,1,0.005940506,0.495552967,0.5504689910924973
FERHAN_clean,10.23981,6.40536,10.23981,0.784123,1831.24,2335.4,115.057,146.734,0.6978,0.889911,0.0,1,0.005391202,0.458180537,0.4887111823649992
FERVEF_clean,4.50859,3.42442,4.50859,2.0439,895.257,438.014,0.0,0.0,0.5236,0.256177,0.0,1,0.002111703,0.206777355,0.19879912631500024
FERVIJ_clean,4.83126,3.6773,4.83126,1.86686,1302.53,697.711,13.494,7.22817,0.5356,0.286899,0.0,1,0.002354706,0.223301002,0.21763931345124987
FERVOP_clean,4.39579,3.11713,4.39579,1.60689,0.0,0.0,597.914,372.093,0.5146,0.320245,0.0,1,0.001872086,0.183129025,0.17167709928249958
FERVUV_clean,4.63344,3.59285,4.63329,1.52979,1125.91,735.991,2.57897,1.68584,0.5188,0.339132,0.0,1,0.003023407,0.289518381,0.28228032406999976
FERWAC_clean,4.92077,3.87767,4.92014,1.42345,1457.89,1024.2,0.0,0.0,0.5614,0.394393,0.0,1,0.003641092,0.335556156,0.35148065383874993
FESBEM_clean,5.39035,3.27064,5.39035,1.4948,0.0,0.0,912.791,610.644,0.452,0.302382,0.0,1,0.00750951,0.605355768,0.6051855444087473
FESTUT_clean,4.58957,3.56818,4.49102,1.91412,810.164,423.257,0.0,0.0,0.5446,0.284517,0.0,0,0.00773663,0.591105001,0.6371822016812486
FEVDER_clean,4.11995,2.58697,4.1181,1.24075,0.0,0.0,160.143,129.069,0.4438,0.357687,0.0,0,0.002285012,0.201152789,0.22373051215750034
FEVDIV_clean,4.11804,2.53303,4.1151,1.25075,0.0,0.0,152.282,121.753,0.4392,0.35115,0.0,0,0.002149133,0.196270335,0.20032258431750102
FEVNOK_clean,3.32277,2.91766,3.31986,1.77104,0.0,0.0,0.0,0.0,0.3754,0.211966,0.0,1,2.58e-06,0.000616726,0.0001423874974999996
FEVSAC_clean,4.70494,3.78141,4.69575,1.30344,385.722,295.926,85.5055,65.5998,0.4704,0.36089,0.0,1,0.001573295,0.148743878,0.15209239744125033
FEWGUL_clean,4.38967,3.93713,4.357,1.63655,694.151,424.154,0.0,0.0,0.3828,0.233906,0.0,0,0.004766004,0.377235059,0.41788401711750006
FEWQIJ_manual,5.32147,5.14959,5.31527,2.34625,1158.3,493.681,0.0,0.0,0.4776,0.203559,0.0,1,0.002365432,0.211958566,0.2137212598037493
FEWQOP_clean,5.35536,5.19712,5.35116,2.28568,1163.85,509.19,0.0,0.0,0.467,0.204315,0.0,1,0.002265068,0.213704421,0.21384034050249975
FEWWOV_clean,6.50134,3.77167,6.50134,0.923858,1579.47,1709.64,0.0,0.0,0.5876,0.636029,0.0,0,0.007769322,0.68455614,0.6873001240949997
FEWWUB_clean,13.46293,4.10343,6.99036,0.839472,1304.99,1554.54,374.213,445.771,0.6142,0.731651,0.0,0,0.006190908,0.532460729,0.5570149452487495
FEYDET_clean,5.39172,4.60807,5.33792,1.74589,895.254,512.778,0.0,0.0,0.456,0.261185,0.0,0,0.008837393,0.651140442,0.7020787772637479
FEYJOJ_clean,6.25646,4.72399,6.2395,0.913381,2517.97,2756.76,0.0586414,0.0642026,0.6538,0.715802,0.0,1,0.004672571,0.460454657,0.44002748842999834
FEYQIK_clean,5.731,4.17822,5.71686,1.30044,1433.54,1102.35,0.0,0.0,0.5822,0.447694,0.0,1,0.002829538,0.265239554,0.2752770636024991
FEZQEI_clean,5.828,5.10591,5.828,1.19338,806.933,676.177,0.0,0.0,0.487,0.408086,0.0,0,0.001657436,0.161347572,0.16373348200124976
FEZREJ_clean,6.80795,5.29768,6.78405,1.3201,2032.7,1539.8,0.0,0.0,0.6256,0.473902,0.0,1,0.003715869,0.365769864,0.36571846608374975
FEZTIP_clean,5.60935,4.76331,5.55768,1.11089,1381.78,1243.85,0.0,0.0,0.563,0.5068,0.0,1,0.004863441,0.450778771,0.4373058190675018
FIBFUS_clean,4.79715,2.55839,4.79715,1.14652,0.0,0.0,357.433,311.754,0.4606,0.401737,0.0,0,0.001486102,0.138950499,0.14609620390249986
FIBHIJ_clean,5.3367,3.42361,5.26159,1.29192,845.674,654.588,0.0,0.0,0.5226,0.404515,0.0,1,0.002391665,0.213156928,0.2250820823575001
FIBKEI_clean,12.33456,6.95883,12.32864,0.708252,2274.88,3211.97,0.0,0.0,0.7362,1.03946,0.0,1,0.004341085,0.430401495,0.4241736530962492
FIDRIV_clean,15.99327,15.90265,15.99327,0.698397,1517.46,2172.77,0.0,0.0,0.7102,1.0169,0.0,1,0.001916258,0.191387899,0.18590711437375007
FIFGAE_clean,7.43152,6.20566,7.41957,0.862729,2447.09,2836.45,0.0,0.0,0.7008,0.812306,0.0,1,0.003986223,0.412482921,0.38201234518749905
FIFGEI_clean,16.15291,14.69313,16.15291,0.412792,1738.34,4211.18,0.0,0.0,0.8636,2.09209,0.0,1,0.003436931,0.341958773,0.3458709844500005
FIFGIM_clean,12.64493,7.03976,9.83966,0.68535,2218.22,3236.63,0.0,0.0,0.7642,1.11505,0.0,1,0.003882958,0.383195101,0.38042596070374934
FIFMIS01_clean,4.81383,4.49281,4.81367,1.28928,625.276,484.979,115.997,89.97,0.4752,0.368577,0.0,1,0.005723183,0.499061548,0.4898606149062485
FIFMIS_clean,4.83064,4.51142,4.83037,1.28879,636.461,493.845,117.284,91.0034,0.48,0.372443,0.0,1,0.005813519,0.503908815,0.5112692533099995
FIFMOX_clean,6.04512,4.24356,6.04078,0.977861,1901.41,1944.46,0.0,0.0,0.5916,0.604994,0.0,1,0.003525715,0.337241389,0.3407728696975004
FIFMOY_clean,4.8407,4.42587,4.8407,1.29544,593.069,457.813,123.778,95.5491,0.468,0.361267,0.0,1,0.005694596,0.496788284,0.4881661479674983
FIFMUD_clean,5.99897,3.96607,5.98731,0.985465,1849.24,1876.51,1.01814,1.03316,0.5914,0.600123,0.0,1,0.003216741,0.321680448,0.3122042353487524
FIFNUE01_clean,4.79076,3.93215,4.75885,1.01704,1531.07,1505.43,0.0,0.0,0.567,0.557502,0.0,1,0.00269625,0.276739368,0.2609894998862496
FIFNUE_clean,4.8017,3.95118,4.74576,1.02025,1565.01,1533.95,0.0,0.0,0.5802,0.568687,0.0,1,0.00299524,0.285911957,0.28490122389499906
FIFPAM_clean,4.72449,3.84654,4.62424,1.03535,1611.82,1556.78,0.0,0.0,0.5846,0.564637,0.0,1,0.002578498,0.243399472,0.25274545703374957
FIFPOA_clean,3.89915,2.75639,3.89915,2.70136,0.0,0.0,276.011,102.175,0.421,0.155847,0.0,0,0.000682153,0.066093973,0.06650831567499992
FIGFOR_clean,3.72046,3.29782,3.71836,2.20004,0.0,0.0,190.236,86.4697,0.4298,0.19536,0.0,0,0.012766325,0.880777277,0.8109692643937501
FIGQUJ_clean,4.99341,2.87726,4.98836,1.49096,0.0,0.0,441.532,296.14,0.4284,0.287333,0.0,0,0.002031831,0.174514843,0.18734113512500003
FIGXAU_clean,3.75003,2.82695,3.75003,2.0438,0.0,0.0,212.904,104.171,0.5098,0.249437,0.0,1,0.000436636,0.044100207,0.04224488265125016
FIGXEY_clean,3.78573,2.86081,3.75848,1.96913,0.0,0.0,246.707,125.287,0.519,0.263568,0.0,1,0.000471851,0.048552203,0.046770870911249894
FIHFAF_clean,6.24558,4.36754,6.24558,1.21214,1512.33,1247.65,0.0,0.0,0.5622,0.463807,0.0,1,0.004371438,0.403303082,0.42192787931875053
FIHLOZ_clean,5.07016,2.95224,4.52103,1.48692,0.0,0.0,476.789,320.655,0.4118,0.276948,0.0,1,0.007435489,0.559875714,0.5853226079849977
FIHRIZ_clean,6.70189,5.92513,6.34809,1.0601,1583.25,1493.5,0.0,0.0,0.594,0.560326,0.0,0,0.005224064,0.492398247,0.4724228818174999
FIHXUR_clean,3.32747,2.94879,3.32514,1.45811,0.0,0.0,0.161724,0.110914,0.3912,0.268293,0.0,1,1.56e-05,0.001284423,0.0016521327262500004
FIJCUX01_clean,7.34002,6.13056,7.33722,1.22326,1581.46,1292.83,0.0,0.0,0.608,0.497033,0.0,1,0.003489809,0.358133481,0.33534971676750047
FIJDEI_clean,4.05285,3.32057,3.95169,1.80622,167.541,92.7577,0.0,0.0,0.406,0.224778,0.0,1,0.00168982,0.161039207,0.15332250122124982
FIJDIM01_clean,5.82926,5.08135,5.82926,1.24507,1266.69,1017.36,0.0,0.0,0.5318,0.427125,0.0,1,0.005134328,0.463549186,0.4642140030862504
FIJDIM02_clean,5.85717,5.09946,5.85717,1.24136,1271.74,1024.47,0.0,0.0,0.5328,0.429205,0.0,1,0.005147008,0.464411482,0.4649486804675004
FIJDIM03_clean,5.87678,5.11703,5.87678,1.23925,1279.62,1032.57,0.0,0.0,0.5332,0.430259,0.0,1,0.005196323,0.454169598,0.46550941844125016
FIJDIM04_clean,5.91316,5.13983,5.91316,1.23456,1288.47,1043.66,0.0,0.0,0.5342,0.432705,0.0,1,0.004927207,0.455939278,0.44487568698250185
FIJDIM05_clean,5.94737,5.16221,5.94737,1.2314,1299.48,1055.29,0.0,0.0,0.534,0.433654,0.0,1,0.004966659,0.457603285,0.4495336143725018
FIJDIM06_clean,5.98426,5.17875,5.98426,1.22798,1308.75,1065.77,0.0,0.0,0.5354,0.436,0.0,1,0.004932843,0.456043543,0.44502919234250193
FIJDIM07_clean,6.01552,5.19329,6.01552,1.22701,1316.88,1073.24,0.0,0.0,0.5354,0.436345,0.0,1,0.005031472,0.455805425,0.465411989642501
FIJDIM08_clean,6.03525,5.21694,6.03525,1.22274,1324.94,1083.58,0.0,0.0,0.5378,0.43983,0.0,1,0.004938479,0.449794711,0.44686783115125195
FIJDIM09_clean,6.04424,5.23566,6.03957,1.22037,1336.43,1095.1,0.0,0.0,0.5392,0.441833,0.0,1,0.00500611,0.449274797,0.4575198949775005
FIJDIM10_clean,5.79441,4.98095,5.78067,1.23638,1249.85,1010.9,0.0,0.0,0.5298,0.428511,0.0,1,0.004694725,0.42678323,0.4288384543012507
FIJDIM11_clean,5.83014,5.0814,5.83014,1.23386,1262.75,1023.41,0.0,0.0,0.5344,0.433111,0.0,1,0.004691908,0.443737501,0.4291563538212506
FIJDIM12_clean,5.8948,5.11958,5.8948,1.23559,1318.02,1066.71,0.0,0.0,0.5368,0.434449,0.0,1,0.005083604,0.457298945,0.465623062025001
FIJDIM_clean,5.85157,5.09863,5.85157,1.24567,1280.47,1027.93,0.0,0.0,0.5282,0.424028,0.0,1,0.004931434,0.457927351,0.44472511776500206
FIJDOS_clean,11.71715,10.90932,11.71715,1.21946,1612.88,1322.61,0.0,0.0,0.6614,0.54237,0.0,1,0.002869121,0.285597224,0.2855926012937487
FIJDUY_clean,5.11347,3.64709,5.11347,1.4525,1805.45,1242.99,0.0,0.0,0.5992,0.412529,0.0,1,0.002379494,0.233927309,0.22034410278000036
FIJFEK_manual,6.92559,6.57184,6.92559,1.58281,1548.76,978.488,0.0,0.0,0.5618,0.354939,0.0,0,0.003631184,0.349472086,0.3443369510699999
FIJFUA_clean,6.58892,4.46794,6.58892,1.28412,1352.77,1053.46,0.0,0.0,0.5288,0.4118,0.0,1,0.003521703,0.334308132,0.33130767753999985
FIJGEK_clean,4.71012,3.29398,4.64671,1.95767,0.0,0.0,624.76,319.134,0.4102,0.209534,0.0,0,0.007194803,0.565111093,0.5675896483537486
FIJXUR_clean,7.39108,4.72102,7.39108,1.5002,1093.27,728.749,0.0,0.0,0.506,0.337289,0.0,1,0.000686084,0.069330734,0.07072553766874999
FIJYED_clean,4.73259,3.98746,4.61177,1.90177,745.293,391.895,0.0,0.0,0.4318,0.227052,0.0,0,0.006548008,0.521299576,0.5623909354849991
FIJZEE_clean,7.37726,6.47542,7.37726,1.82096,874.8,480.405,0.0,0.0,0.4718,0.259093,0.0,0,0.001905126,0.178857077,0.1786718637599996
FIKTOK_clean,3.77425,2.77068,3.73727,1.91065,0.0,0.0,57.4779,30.0829,0.3544,0.185487,0.0,1,0.001167052,0.109480872,0.11890776061249958
FILYEG_clean,7.61133,5.3287,7.60971,1.06942,1916.91,1792.48,0.0,0.0,0.6258,0.585176,0.0,1,0.002454386,0.24658717,0.23087270538375004
FIMNIA_clean,8.67616,3.56541,8.61027,1.50156,1522.94,1014.24,0.0,0.0,0.6126,0.407975,0.0,1,0.001038882,0.101590793,0.10053007798625047
FIMXUW_clean,4.96245,3.57593,4.95367,2.04735,760.785,371.594,0.0,0.0,0.4152,0.202798,0.0,1,0.001376756,0.132126231,0.1314320486487498
FIMYUX_clean,8.65094,5.25908,8.63733,1.14098,1847.33,1619.08,0.0,0.0,0.6182,0.541817,0.0,1,0.002817118,0.264115145,0.28310931654
FIMZAE_clean,8.7496,5.24839,8.73677,1.17241,1659.79,1415.71,0.0,0.0,0.6,0.511765,0.0,1,0.002739026,0.259322555,0.26397308130624947
FINQOK_clean,8.7337,4.60012,8.08289,1.3997,1628.14,1163.2,0.0,0.0,0.614,0.438665,0.0,1,0.001139548,0.116110501,0.10924286006500013
FINQUQ_clean,8.681,4.51126,8.681,1.41696,1585.78,1119.14,0.0,0.0,0.6192,0.436992,0.0,1,0.001115243,0.113457476,0.10877967449500016
FIPJAR_clean,5.38201,3.65359,5.35586,1.48851,1135.66,762.952,0.0,0.0,0.5586,0.375274,0.0,1,0.003864906,0.344607573,0.35298643089624965
FIPKOG01_clean,6.5379,4.8064,6.53406,1.09146,1614.42,1479.13,0.0,0.0,0.5916,0.542026,0.0,0,0.004813252,0.446099704,0.44412117298750076
FIPKOG_clean,6.55849,4.8515,6.50444,1.08595,1635.33,1505.9,0.0,0.0,0.5862,0.539805,0.0,0,0.004639864,0.445554109,0.4443491493650011
FIPKUM_clean,6.35636,4.74684,6.35358,1.04617,1413.94,1351.54,0.0,0.0,0.5724,0.547139,0.0,0,0.005229316,0.496484025,0.46956672940374944
FIPWOS_clean,5.20561,3.82141,5.20561,1.29023,881.425,683.154,0.0,0.0,0.5118,0.396674,0.0,0,0.008745125,0.72714196,0.7094952595862482
FIPXAF_clean,4.65881,3.97386,4.65881,1.34738,766.026,568.53,0.0,0.0,0.4744,0.35209,0.0,0,0.011737943,0.897858923,0.8182574855962534
FIPXEJ_clean,4.43579,3.68809,4.4295,1.35731,462.184,340.514,181.053,133.391,0.4954,0.364986,0.0,0,0.004769087,0.420152641,0.42017697341375077
FIQYOU_clean,4.72303,3.65899,4.72303,1.75011,750.863,429.037,0.0,0.0,0.4464,0.255069,0.0,0,0.003573457,0.321934861,0.32265198943124784
FIQYUA_clean,4.6258,3.62649,4.60025,1.85684,696.0,374.831,0.0,0.0,0.4364,0.235023,0.0,0,0.00200453,0.193301951,0.1871538617812497
FIQZAH_clean,4.65627,3.68934,4.65627,1.93416,700.399,362.121,0.0,0.0,0.45,0.23266,0.0,0,0.004105631,0.353866108,0.3767649352874986
FIQZEM_clean,3.85646,2.55878,3.85646,1.56978,0.0,0.0,576.783,367.43,0.4844,0.308579,0.0,1,0.008231634,0.668445173,0.668424102611247
FIRMUQ_clean,6.37918,5.90394,6.37918,0.804259,2580.98,3209.14,0.0,0.0,0.675,0.839282,0.0,1,0.004378746,0.43364687,0.42982087688999876
FIRNAX01_clean,7.03668,6.10812,7.03668,0.718413,2358.57,3283.03,0.0,0.0,0.7048,0.981051,0.0,1,0.003995573,0.396743567,0.38762773658374855
FIRNAX_clean,6.70534,6.02432,6.70378,0.728308,2391.07,3283.04,0.0,0.0,0.6994,0.960308,0.0,1,0.003942071,0.39809569,0.37979959259124924
FIRNIF_clean,6.7853,6.06191,6.78493,0.71467,2582.63,3613.74,0.0,0.0,0.693,0.969679,0.0,1,0.004090416,0.40344825,0.4067357363224972
FIRNOL_clean,6.1215,5.54396,6.11958,0.794887,2656.05,3341.42,0.0,0.0,0.6666,0.838609,0.0,1,0.00520112,0.502013597,0.4891775573437496
FIRNUR_clean,6.62054,6.03585,6.61701,0.714161,2609.57,3654.03,0.0,0.0,0.6944,0.97233,0.0,1,0.00468151,0.46775782,0.4393939096074994
FIRPAZ_clean,7.15818,6.15135,7.14286,0.673811,2389.65,3546.47,0.0,0.0,0.7144,1.06024,0.0,1,0.00391644,0.403699582,0.37983907024874924
FIRZOX_clean,8.47321,7.4886,8.47321,1.47389,1193.71,809.905,0.0,0.0,0.5488,0.372348,0.0,1,0.000763588,0.073782112,0.07279281766625002
FITGEW_clean,9.86717,4.17287,8.68985,1.08823,1175.78,1080.45,0.0,0.0,0.5382,0.494564,0.0,1,0.001682303,0.165490871,0.16783768318500036
FITJAU_clean,4.86338,3.20957,4.86338,1.94295,0.0,0.0,641.219,330.023,0.5016,0.258163,0.0,1,0.000951877,0.089877139,0.08911070232999961
FITJEY_clean,4.80471,3.18217,4.68088,2.06357,0.0,0.0,598.581,290.07,0.4946,0.239682,0.0,1,0.000977676,0.092811992,0.09088260967374985
FIVNAZ_clean,4.57167,3.52743,4.40749,2.12433,1354.32,637.526,0.0,0.0,0.5842,0.275004,0.0,1,0.000769909,0.080840423,0.07218315488000025
FIVQIL_clean,5.48757,2.79423,5.48757,1.74521,0.0,0.0,929.215,532.438,0.5046,0.289134,0.0,1,0.004353451,0.376572932,0.3973020061650017
FIVYEP01_clean,5.69673,4.73568,5.69673,2.0333,1245.18,612.394,0.0,0.0,0.4572,0.224856,0.0,1,0.001556939,0.147275481,0.1517298444775006
FIVYEP_clean,5.69894,4.7333,5.69894,2.0333,1248.63,614.092,0.0,0.0,0.458,0.22525,0.0,1,0.001537952,0.148795632,0.1513115163200005
FIVYUF_clean,4.68091,3.50866,4.67789,1.41648,465.948,328.948,0.0,0.0,0.4326,0.305405,0.0,0,0.003383459,0.305137019,0.31874030799249964
FIXVUE_clean,10.80219,6.73703,10.80219,1.60539,1740.78,1084.34,0.0,0.0,0.6236,0.388442,0.0,1,0.000465302,0.048735961,0.045470764867500166
FIYDOH_clean,4.62011,3.85906,4.62011,1.58881,555.753,349.792,0.0,0.0,0.3874,0.24383,0.0,1,0.00194376,0.178570261,0.18442725854374975
FIZPOV_clean,6.69877,5.40684,6.69877,0.878608,2365.02,2691.78,0.0,0.0,0.6734,0.766439,0.0,1,0.006626757,0.62795738,0.5977451343674988
FOBNAN_clean,8.70901,6.58612,8.70709,0.867344,2020.64,2329.69,0.0,0.0,0.6644,0.766017,0.0,1,0.003842915,0.370829676,0.3737700365524995
FOCREW_clean,4.67486,3.02955,4.45442,1.35506,0.0,0.0,583.974,430.957,0.4642,0.342568,0.0,1,0.010408521,0.73162532,0.807112358738752
FOCZAA_clean,4.86095,4.4492,4.8459,1.39709,775.702,555.227,0.0,0.0,0.452,0.32353,0.0,0,0.008034648,0.63284957,0.6361555007099976
FODCEI_clean,4.06765,2.57487,4.06765,1.45796,0.0,0.0,83.7538,57.4458,0.387,0.265439,0.0,0,0.000807774,0.071287546,0.07740041993749981
FODZUU_clean,4.75652,2.79292,4.70786,1.95871,0.0,0.0,583.829,298.067,0.406,0.207279,0.0,1,0.011856505,0.865137172,0.7776801745662509
FOFCOU_clean,4.8597,4.4269,4.8597,1.38069,783.577,567.528,0.0,0.0,0.4546,0.329257,0.0,0,0.007700889,0.631103482,0.6309086860962487
FOFHAK_clean,4.16875,3.58203,4.16875,2.15496,1011.75,469.5,0.0,0.0,0.4808,0.223114,0.0,1,0.015395549,1.111018442,0.9808197007962507
FOFHUE_clean,3.94915,2.57347,3.89578,2.17815,0.0,0.0,332.611,152.704,0.3928,0.180337,0.0,0,0.017645497,1.137372363,0.9103288809412485
FOFMOE_clean,4.64077,3.05558,4.2956,1.48886,0.0,0.0,295.829,198.695,0.4538,0.304798,0.0,1,0.000930945,0.089386514,0.08770201325375002
FOGFAK_clean,4.72078,2.4207,4.72078,1.63273,0.0,0.0,500.472,306.524,0.4416,0.270466,0.0,1,0.008100413,0.574547846,0.5923875216212469
FOHCAH_clean,3.51375,2.9479,3.51375,1.20977,0.0,0.0,66.4228,54.9052,0.4604,0.380567,0.0,1,0.002949273,0.312754959,0.27596980913624963
FOHCIP_clean,4.96285,4.14038,4.9303,1.87592,1245.59,663.988,0.0,0.0,0.5966,0.318031,0.0,1,0.00240819,0.220352936,0.2207455842412498
FOHQUO_clean,4.34506,3.45753,4.34017,1.59314,531.012,333.311,0.0,0.0,0.4696,0.294764,0.0,1,0.000864266,0.08809035,0.08680426881624986
FOHRUR_clean,3.40105,2.44841,3.40105,1.38468,0.0,0.0,4.51118,3.25791,0.386,0.278764,0.0,1,9e-05,0.006208159,0.00815081752000007
FOHSAW01_clean,4.19352,3.30187,4.19352,1.65632,0.0,0.0,479.983,289.79,0.473,0.285573,0.0,1,0.000871975,0.083845287,0.08645540805999959
FOJKIA_clean,5.14315,4.1527,5.13924,1.07093,1386.95,1295.08,0.0,0.0,0.5272,0.492281,0.0,0,0.008347731,0.763850888,0.7197141669724978
FOJLOH_clean,7.23927,6.67302,7.23927,0.822249,1870.22,2274.52,0.0,0.0,0.6338,0.770813,0.0,1,0.004579207,0.433890902,0.43556780405125034
FOJPEB_clean,5.80387,3.28015,5.80387,1.42172,0.0,0.0,773.979,544.396,0.4586,0.322567,0.0,0,0.003724794,0.341396903,0.33338730574999864
FOJVUX_clean,3.90292,2.68796,3.90292,1.38007,0.0,0.0,115.7,83.8365,0.4328,0.313607,0.0,1,0.002629899,0.232112045,0.24030652072000067
FOKGET_clean,4.20139,2.77875,4.20113,1.86651,0.0,0.0,488.17,261.541,0.4828,0.258664,0.0,1,0.00052661,0.049082546,0.052396496611249704
FOKWIN_clean,4.14624,3.73304,4.14504,1.37748,413.35,300.078,0.0,0.0,0.4306,0.312601,0.0,0,0.00303284,0.270413321,0.2843556729637504
FOKYEL_clean,8.8968,8.56106,8.8968,1.19075,983.087,825.606,363.949,305.648,0.581,0.48793,0.0,1,0.005170871,0.450617025,0.46514149646749936
FOKYIP_clean,5.79638,3.84056,5.66635,1.22762,1981.83,1614.37,0.0,0.0,0.5912,0.481583,0.0,1,0.005734925,0.518989608,0.5301535608162476
FOKYUB_clean,5.01467,2.92937,4.81674,1.24234,0.0,0.0,643.317,517.825,0.56,0.450761,0.0,1,0.000954114,0.091831461,0.0891859434112496
FOKZIQ_clean,4.91993,2.81148,4.91989,1.88372,0.0,0.0,492.882,261.653,0.4808,0.255239,0.0,1,0.003399767,0.282730273,0.31353399690124883
FOLLEZ_clean,4.11323,3.75301,4.10779,1.67795,655.16,390.454,0.0,0.0,0.4424,0.263656,0.0,1,0.009700418,0.748076455,0.7032600433937511
FOMWOV_clean,7.41662,4.5384,7.41662,0.990309,1837.3,1855.28,0.0,0.0,0.6302,0.636367,0.0,0,0.004596415,0.436043617,0.44076280365000126
FONKEA_clean,4.68396,3.93383,4.68242,1.69201,643.159,380.115,0.0,0.0,0.4636,0.273994,0.0,1,0.0029256,0.254687685,0.2717475059600002
FONPUV_clean,5.63348,5.082,5.6238,1.54253,959.017,621.718,0.0,0.0,0.4556,0.29536,0.0,1,0.003181275,0.277321956,0.29174597247125045
FONQIJ_clean,4.70842,3.66843,4.69527,1.05376,821.167,779.27,0.0,0.0,0.51,0.483979,0.0,1,0.004964012,0.438681828,0.4457627634500006
FOPBAP_clean,5.87537,3.57797,5.87537,1.84319,650.747,353.054,0.0,0.0,0.4432,0.240452,0.0,1,0.001884367,0.176123189,0.1704637677399995
FOQPAE_clean,6.29792,5.29972,6.23782,1.24637,1399.4,1122.77,0.0,0.0,0.5656,0.453796,0.0,1,0.003793807,0.342680748,0.36072774446625033
FOQTAH_clean,4.13249,2.70699,4.13249,1.33116,0.0,0.0,474.826,356.701,0.4578,0.34391,0.0,0,0.003981532,0.374922715,0.34539677014999903
FOQTEL_clean,4.19018,2.78003,4.19018,1.40023,0.0,0.0,554.095,395.718,0.4784,0.341659,0.0,0,0.003234914,0.29589799,0.3033674048675003
FORKUU_clean,13.26482,11.33443,13.26482,0.597503,2329.13,3898.11,0.0,0.0,0.7474,1.25087,0.0,0,0.006475143,0.600468177,0.5829827327662481
FORPIM_clean,9.59156,4.26108,9.59156,1.02718,2184.13,2126.33,0.0,0.0,0.709,0.690238,0.0,1,0.001762902,0.163644047,0.17821625871375016
FORPOS_clean,9.45347,4.25355,9.45336,1.03837,2182.11,2101.49,0.0,0.0,0.7034,0.677411,0.0,1,0.001602333,0.160107885,0.15730846956000064
FORPUY_clean,9.42246,3.59342,9.42246,1.13071,1908.86,1688.19,0.0,0.0,0.6696,0.592195,0.0,1,0.001713547,0.163249916,0.1721280194812498
FORQAF_clean,9.35233,4.33657,9.35233,1.04043,2153.98,2070.28,0.0,0.0,0.6962,0.669144,0.0,1,0.00161055,0.154407719,0.15789726215375072
FORQEJ_clean,9.63063,4.26523,9.63063,1.03635,2192.11,2115.22,0.0,0.0,0.6976,0.67313,0.0,1,0.00169704,0.161382585,0.16882589213000038
FORQIN_clean,9.58088,4.20865,9.58088,1.06074,2156.73,2033.24,0.0,0.0,0.7006,0.660485,0.0,1,0.001628975,0.156581146,0.16123182706000072
FORTIR_clean,7.46367,6.87207,7.46367,0.921652,1895.01,2056.1,0.0,0.0,0.6264,0.679649,0.0,1,0.002718634,0.272588587,0.26989160816124946
FORTUD_clean,17.46562,10.38181,17.46523,0.786041,1513.55,1925.54,116.509,148.223,0.691,0.879089,0.0,1,0.002380363,0.226998901,0.22590756068249937
FOSTUE_clean,13.09568,7.43748,13.09568,0.582855,2174.14,3730.15,0.0,0.0,0.7556,1.29638,0.0,0,0.004591955,0.449010943,0.42918945689125104
FOTNIN_clean,33.62157,29.92948,33.55545,0.240324,765.124,3183.71,0.0,0.0,0.9206,3.83066,0.0,1,0.003761092,0.376262183,0.3597790331162499
FOVPEN_clean,6.90856,3.45436,6.49799,1.14952,1115.5,970.402,0.0,0.0,0.525,0.45671,0.0,1,0.002150604,0.215133404,0.20791543087000058
FOVPOX_clean,5.86564,3.51663,5.02799,1.32713,811.807,611.702,0.0,0.0,0.504,0.379767,0.0,1,0.002430544,0.231805777,0.22695860267499987
FOVPUD_clean,5.92888,3.43151,5.75387,1.33896,878.863,656.376,0.0,0.0,0.4994,0.372975,0.0,1,0.002456387,0.232617597,0.2273926878512499
FOWTOC_clean,5.29743,3.61946,5.29013,1.16444,1132.68,972.722,0.0,0.0,0.4982,0.427845,0.0,0,0.00390596,0.369941243,0.35976654866875046
FOXHUX_clean,5.2601,3.59083,5.25053,1.14964,1141.44,992.863,0.0,0.0,0.4984,0.433527,0.0,0,0.00382165,0.36422641,0.3517872843487498
FOXNIQ_clean,5.68172,4.34787,5.68172,1.93205,592.227,306.527,51.4334,26.6211,0.4372,0.226288,0.0,1,0.001485207,0.135964999,0.14402558798499987
FUBDAI_clean,8.13737,7.41793,8.13713,1.22976,2049.34,1666.45,0.0,0.0,0.6726,0.546935,0.0,0,0.002656321,0.248052345,0.2660831665562499
FUBDEM_clean,8.59245,7.9025,8.57984,1.19129,2067.73,1735.7,0.0,0.0,0.6832,0.573495,0.0,0,0.002658296,0.251681005,0.26634154882374994
FUBDIQ_clean,8.11684,7.23133,8.11684,1.24691,2021.29,1621.04,0.0,0.0,0.6644,0.532838,0.0,0,0.002559548,0.251105633,0.25585810269499937
FUBNOH_clean,4.81179,3.53828,4.81179,1.32608,706.882,533.061,0.0,0.0,0.4668,0.352014,0.0,0,0.011497126,0.841858238,0.8219946601975028
FUDGES_clean,7.76038,5.54861,7.76038,0.846504,2469.98,2917.86,0.0,0.0,0.7118,0.84087,0.0,1,0.003897732,0.389434097,0.3794128426137493
FUDHAP_clean,7.29309,6.51816,7.28407,0.803706,2501.45,3112.39,0.0,0.0,0.7112,0.8849,0.0,1,0.004098016,0.39793769,0.4067921724537472
FUDHET_clean,7.05179,4.74765,7.05179,0.905742,2494.35,2753.93,0.0,0.0,0.6642,0.733321,0.0,1,0.004909128,0.464952697,0.4607100822349989
FUFQUT_clean,4.65517,2.94795,4.65517,1.09701,0.0,0.0,764.151,696.578,0.5106,0.465448,0.0,1,0.003771047,0.351012783,0.34383838418500007
FUFREE_clean,3.74304,3.09275,3.73558,1.50896,0.0,0.0,133.38,88.392,0.4258,0.28218,0.0,1,0.000667805,0.060490797,0.06880040996249985
FUFTUX_clean,4.85449,2.47395,4.78049,1.36469,0.0,0.0,208.082,152.475,0.3826,0.280356,0.0,0,0.003539941,0.266743369,0.3229835545849971
FUHMOM_clean,5.53443,4.01054,5.50524,1.19557,1378.79,1153.25,0.0,0.0,0.5554,0.464549,0.0,1,0.00833425,0.716525256,0.7128993174849998
FUHNED_clean,6.48528,4.12203,6.4155,1.3617,1522.72,1118.25,0.0,0.0,0.5858,0.430197,0.0,1,0.005988066,0.548336862,0.5475295869999995
FUHNIH_clean,5.52821,3.42388,5.52134,1.16361,1148.32,986.858,0.0,0.0,0.5352,0.459948,0.0,1,0.006740036,0.614067154,0.6065368081912478
FUJKUS_clean,3.57511,2.62043,3.55919,1.64364,0.0,0.0,20.732,12.6135,0.341,0.207467,0.0,1,0.000545863,0.052255928,0.057231391296249365
FULQOT_clean,5.67142,3.50634,5.66877,1.72182,1110.34,644.862,0.0,0.0,0.4972,0.288764,0.0,1,0.004811558,0.414709563,0.4225133144687494
FULQUZ_clean,5.87633,5.25314,5.79727,1.51981,1332.09,876.486,0.0,0.0,0.5216,0.3432,0.0,1,0.004183503,0.382954778,0.38574549441124895
FUMHEC_clean,4.19047,2.89967,4.19047,1.27669,0.0,0.0,305.001,238.9,0.4284,0.335555,0.0,0,0.000879,0.096495721,0.08636317482999961
FUMHOL_clean,4.68606,3.56586,4.60097,1.64124,1221.33,744.153,0.0,0.0,0.5528,0.336819,0.0,1,0.000551617,0.054496498,0.05992426563750003
FUMJAA_clean,6.69521,5.2041,6.68616,1.12957,2214.41,1960.41,0.0,0.0,0.6298,0.557558,0.0,1,0.004113412,0.392614211,0.4013314357699988
FUNBAS_clean,6.30412,4.59254,6.30412,1.11042,1258.26,1133.14,0.0,0.0,0.5296,0.476938,0.0,0,0.005206446,0.47022405,0.46667943982374915
FUNCAT_clean,9.48772,8.77545,9.48772,0.930198,1473.55,1584.13,0.0,0.0,0.6084,0.654055,0.0,0,0.004424143,0.395349319,0.4250613739562498
FUNCEX_clean,13.21557,12.47689,13.21557,0.543761,1970.91,3624.58,0.0,0.0,0.7842,1.44218,0.0,1,0.003389403,0.352949612,0.33997829785625044
FUNGAY_clean,5.61963,3.40645,5.61963,1.09956,890.548,809.916,0.30381,0.276303,0.5202,0.4731,0.0,1,0.003355614,0.313336063,0.3206065097050012
FUQJUX_clean,12.69722,8.47633,12.65144,0.718278,2115.98,2945.9,0.0,0.0,0.7464,1.03915,0.0,1,0.002200733,0.215358127,0.21172380819000075
FURFIJ01_clean,4.13712,3.42264,4.1139,1.63785,320.686,195.797,0.0,0.0,0.4366,0.266569,0.0,1,0.003531478,0.320633069,0.3243539145187468
FURFIJ_clean,4.1371,3.42264,4.11394,1.63785,321.866,196.518,0.0,0.0,0.4366,0.266569,0.0,1,0.003500548,0.320129092,0.32317089314624703
FURFOP_clean,4.93892,3.56519,4.93892,1.22098,496.28,406.459,457.279,374.517,0.5202,0.42605,0.0,0,0.007509819,0.614808822,0.6496706530049988
FURQOZ01_ion_b,9.28425,8.43309,9.28425,1.37609,1096.56,796.865,0.0,0.0,0.5274,0.383259,0.0,1,0.000932605,0.092780473,0.09131058243624954
FURQUF_ion_b,8.81158,7.98715,8.81158,1.41389,1094.82,774.331,0.0,0.0,0.5082,0.359435,0.0,1,0.001021751,0.094355958,0.09990282347250051
FURRAM_clean,10.403,9.40744,10.403,1.04916,1635.25,1558.63,0.0,0.0,0.6366,0.606772,0.0,1,0.001281594,0.130439609,0.12944491436750133
FURREQ_clean,10.33776,9.35961,10.33776,1.05489,1621.43,1537.05,0.0,0.0,0.6312,0.598353,0.0,1,0.001267327,0.13613426,0.12890519488500116
FURRIU_clean,11.05152,9.97547,11.05152,0.995058,1664.82,1673.09,0.0,0.0,0.6552,0.658454,0.0,1,0.001476567,0.143655004,0.14210886105750103
FURROA_clean,11.58923,10.47029,11.58875,1.00075,1596.28,1595.09,0.0,0.0,0.6602,0.659706,0.0,1,0.001426635,0.142354389,0.1391430310937511
FURRUG01_ion_b,7.84736,6.96591,7.84736,1.57752,739.057,468.494,0.0,0.0,0.4582,0.290456,0.0,1,0.000317401,0.032306194,0.03163499421125024
FURRUG_ion_b,8.32809,6.43068,8.32781,1.55213,780.748,503.018,0.0,0.0,0.4718,0.30397,0.0,1,0.000579867,0.062692724,0.061553597233750014
FURSES_clean,5.13622,4.08548,4.9972,1.59979,1236.67,773.017,0.0,0.0,0.4932,0.30829,0.0,1,0.003649475,0.339208669,0.34385031737124827
FUSGOR_clean,5.22313,4.14656,5.21824,1.4906,1212.59,813.493,0.0,0.0,0.5048,0.338655,0.0,1,0.003783961,0.345814255,0.34731984255874804
FUSMEM_clean,10.20459,9.2057,10.20459,1.06882,1617.37,1513.23,0.0,0.0,0.6304,0.589811,0.0,1,0.001360059,0.134757558,0.1333502807137512
FUSMIQ_clean,10.44819,9.48819,10.44819,1.0407,1643.53,1579.26,0.0,0.0,0.6404,0.615354,0.0,1,0.001445657,0.136105728,0.139810752953751
FUSMOW_clean,10.54817,9.56428,10.54817,1.03431,1651.72,1596.94,0.0,0.0,0.643,0.621671,0.0,1,0.001383836,0.139439298,0.13837039117125097
FUSMUC_clean,10.39839,9.40181,10.39839,1.04415,1643.14,1573.66,0.0,0.0,0.6396,0.612553,0.0,1,0.001329148,0.138205259,0.13014294874125137
FUSNEN_clean,10.85037,9.87705,10.85037,0.997622,1665.26,1669.23,0.0,0.0,0.6604,0.661974,0.0,1,0.001381458,0.147485519,0.13834202700750106
FUSNIR_clean,11.70294,10.66498,11.70294,1.01253,1536.34,1517.33,0.0,0.0,0.6416,0.633661,0.0,1,0.001393347,0.138547651,0.13829412645625103
FUSQUH_clean,6.74859,4.59542,6.74676,1.05193,1186.33,1127.76,0.0,0.0,0.5202,0.49452,0.0,0,0.004063596,0.372268408,0.3913735644587484
FUTCAZ_clean,6.78768,5.03504,6.78768,0.817663,2795.18,3418.5,0.0,0.0,0.708,0.865883,0.0,1,0.002299409,0.236150488,0.22099392350874986
FUTDII_clean,10.10622,8.60837,10.10622,0.871632,1521.24,1745.28,0.0,0.0,0.6404,0.734713,0.0,1,0.003148143,0.297560539,0.3041733719837518
FUTJOV_clean,4.40992,3.0983,4.40285,1.64403,0.0,0.0,528.691,321.582,0.5636,0.342816,0.0,1,0.000238738,0.024323944,0.02152833728749998
FUTKEL_manual,6.71846,5.39444,6.71589,0.983709,1614.06,1640.79,0.0,0.0,0.5708,0.580253,0.0,1,0.003812893,0.356392441,0.36474882623000043
FUTTIZ_clean,12.85599,4.31062,12.85599,0.737111,2140.97,2904.54,0.0,0.0,0.7318,0.992795,0.0,1,0.003110434,0.295980312,0.3036720201537501
FUTYEA_clean,5.60643,4.51803,5.59058,1.0369,2090.75,2016.34,0.0,0.0,0.6318,0.609316,0.0,1,0.006627818,0.621891184,0.605612455826249
FUTYOK_clean,6.0154,4.82285,5.99433,1.02626,1867.85,1820.05,0.0,0.0,0.6442,0.627713,0.0,0,0.005300216,0.52403849,0.47169751535250065
FUTYUQ_clean,7.46662,4.79581,7.42523,1.0101,2335.64,2312.29,0.0,0.0,0.6514,0.644887,0.0,1,0.005550133,0.526481786,0.5169135211012494
FUTZAX_clean,6.70042,6.11185,6.67865,0.956816,2069.71,2163.12,0.0,0.0,0.6692,0.699403,0.0,1,0.004428738,0.431756121,0.43190401627124997
FUTZEB_clean,5.24587,4.08263,5.23555,1.0782,1939.66,1798.98,0.0,0.0,0.611,0.566685,0.0,1,0.007080758,0.673205176,0.6346660421012509
FUTZOK_clean,4.72075,4.28777,4.72075,1.63519,1202.62,735.465,19.983,12.2206,0.5424,0.331705,0.0,1,0.002647214,0.256565083,0.24420572253125059
FUTZOL_clean,9.30232,6.36524,9.14367,0.891296,2041.5,2290.48,0.0,0.0,0.6794,0.762261,0.0,1,0.003966608,0.371073478,0.3818783203737491
FUVBAB_clean,5.41797,4.41204,5.39267,1.02127,2112.61,2068.61,0.0,0.0,0.6324,0.619229,0.0,1,0.00605193,0.601052161,0.5693913673449965
FUVDEH06_clean,6.60161,5.99656,6.60161,1.76662,404.855,229.169,0.0,0.0,0.3004,0.170042,0.0,1,0.000670439,0.064661383,0.06710748735625027
FUVDEH07_clean,6.60769,6.00286,6.60769,1.79524,402.026,223.94,0.0,0.0,0.2898,0.161427,0.0,1,0.000673983,0.064640116,0.06708528761125027
FUVDEH08_clean,6.59075,5.99281,6.59075,1.83217,393.9,214.991,0.0,0.0,0.278,0.151733,0.0,1,0.000684111,0.063661295,0.06739624021125025
FUVFUZ_clean,6.56118,5.97328,6.56118,1.8467,394.83,213.803,0.0,0.0,0.2718,0.147181,0.0,1,0.000697277,0.064199064,0.06751465510625018
FUVGAG01_clean,6.51649,5.95918,6.51649,1.88251,388.784,206.525,0.0,0.0,0.2612,0.138751,0.0,1,0.000671958,0.06217357,0.06697687246625024
FUVGAG_clean,6.54806,5.98797,6.54806,1.86856,393.33,210.499,0.0,0.0,0.2642,0.141392,0.0,1,0.000708417,0.064501876,0.06833970693125008
FUWFIO_clean,7.45171,4.92598,7.05573,1.06861,2012.96,1883.72,0.0,0.0,0.6538,0.611823,0.0,1,0.003161378,0.299050804,0.30441004901625146
FUWFOU_clean,7.24376,3.01418,6.99271,1.30015,0.0,0.0,1216.5,935.663,0.5528,0.425183,0.0,0,0.003190414,0.295878203,0.29828762012750054
FUWXOL_SL,4.76594,4.4337,4.74254,1.49774,1245.43,831.539,0.0,0.0,0.5154,0.344119,0.0,0,0.017805103,1.225427611,1.1555717831100072
FUWYAY_clean,4.00169,3.86741,4.00169,1.98354,581.815,293.322,0.0,0.0,0.4022,0.202769,0.0,1,0.002159974,0.197471743,0.2013680499650002
FUXCOS_clean,4.8198,4.16045,4.8198,1.4521,612.494,421.799,0.0,0.0,0.4284,0.295021,0.0,0,0.003246156,0.288464443,0.3040690648800004
FUXXIH_clean,10.16266,8.68185,10.16266,0.899748,1582.07,1758.35,0.0,0.0,0.6434,0.715089,0.0,1,0.002331104,0.223298117,0.22269840848749972
FUYCEJ_clean,4.90132,3.779,4.87424,0.834486,2400.21,2876.28,0.217355,0.260466,0.6646,0.796418,0.0,0,0.00808556,0.759449427,0.694204333833749
FUYCIN_clean,11.38543,11.12419,11.3774,0.437316,1877.39,4292.99,0.0,0.0,0.832,1.90251,0.0,0,0.003225063,0.323856467,0.320020479863751
FUYKER_clean,6.42799,4.66248,6.41167,1.2058,1179.26,977.987,0.0,0.0,0.5038,0.417814,0.0,1,0.005102295,0.462137275,0.4633429557337508
FUYYAA_clean,4.5706,2.50265,4.56535,1.84953,0.0,0.0,555.507,300.351,0.4074,0.220272,0.0,1,0.002114579,0.186863723,0.19568441367625047
FUZKAN_clean,5.06549,3.23595,5.05633,1.24948,0.0,0.0,587.605,470.28,0.477,0.38176,0.0,0,0.003614036,0.315868001,0.32699929236499775
FUZPUN_clean,4.74703,3.54387,4.71052,1.02013,1169.51,1146.44,0.0,0.0,0.5838,0.572282,0.0,0,0.005961925,0.532383949,0.5378637813037482
GACBOE_clean,6.66763,4.36115,6.66763,1.04515,2329.85,2229.2,0.0,0.0,0.6722,0.64316,0.0,1,0.00527412,0.492660012,0.48542873063125247
GACPUX_clean,5.9525,3.77259,5.85811,1.02185,1638.86,1603.82,0.0,0.0,0.614,0.600871,0.0,1,0.00494889,0.476260735,0.44886178976875085
GACQAE_clean,8.56972,8.26373,8.56972,0.874357,2020.35,2310.67,0.0,0.0,0.694,0.793726,0.0,1,0.003858467,0.394110621,0.37501708575374954
GACVIS_clean,7.02111,6.32962,7.02111,1.11473,2097.73,1881.83,0.0,0.0,0.6286,0.563903,0.0,1,0.004306539,0.413404825,0.4303968056937498
GADDOH_clean,8.41895,4.83802,8.38301,1.2132,1718.46,1416.47,0.0,0.0,0.6166,0.508243,0.0,1,0.002669529,0.255826825,0.26221634145624945
GADFAV_clean,5.86066,4.67676,5.86066,1.79494,889.419,495.515,0.0,0.0,0.4512,0.251373,0.0,1,0.004321597,0.3640818,0.4113289575799985
GADHIF_clean,7.77769,3.11048,7.77769,0.999796,0.0,0.0,1268.25,1268.51,0.5618,0.561915,0.0,1,0.004549055,0.440724663,0.4155911653650018
GADMAA_clean,8.30223,7.00364,8.30223,1.50475,1042.04,692.502,0.0,0.0,0.5772,0.383584,0.0,1,0.000717806,0.075705363,0.07218563830374998
GADNUX_clean,15.43787,6.70397,14.77017,0.729552,2339.56,3206.84,0.0,0.0,0.7494,1.02721,0.0,1,0.004542231,0.426755644,0.42942155174749913
GADRAH_clean,6.6659,5.14076,6.6659,1.16041,1633.36,1407.57,0.0,0.0,0.5642,0.486207,0.0,1,0.00373144,0.356009878,0.36147619543000026
GAFBEX_clean,3.39789,2.57832,3.39682,1.90961,0.0,0.0,10.7989,5.65504,0.5018,0.262776,0.0,1,0.000373576,0.039815871,0.03481743223249996
GAFRUD_clean,10.59453,5.69918,10.59344,0.768776,2454.62,3192.89,0.0,0.0,0.7144,0.929269,0.0,1,0.004416035,0.438825279,0.4272473953612497
GAGQAI_clean,15.6839,9.81587,15.64212,0.743275,1280.66,1723.0,458.409,616.743,0.721,0.970032,0.0,1,0.003926356,0.379942902,0.3735614759787494
GAGSUF_clean,13.27563,13.09101,13.27563,1.53244,1385.3,903.983,0.0,0.0,0.652,0.425465,0.0,1,0.001607655,0.154608275,0.1563292988687515
GAGTAM_clean,5.81126,3.29675,5.81126,1.65427,0.0,0.0,1337.82,808.707,0.5618,0.339606,0.0,1,0.004251401,0.374459131,0.38349037482375103
GAGTEQ_clean,5.67831,3.39362,5.66081,1.64794,1405.83,853.08,0.0,0.0,0.5604,0.34006,0.0,0,0.004368482,0.389366864,0.41321092404249987
GAGXAP_clean,5.16363,2.84619,5.16363,1.46138,0.0,0.0,455.429,311.643,0.487,0.333247,0.0,1,0.002982022,0.240339221,0.2747563402962495
GAGZEV_clean,28.66522,11.53771,28.66522,0.279149,1594.77,5712.98,0.0,0.0,0.8816,3.15817,0.0,1,0.003852667,0.383138064,0.37317046409499954
GAHWIX_clean,10.08038,7.17794,10.08038,0.589363,2617.83,4441.79,0.0,0.0,0.7728,1.31125,0.0,1,0.004032348,0.390711166,0.40661245089999815
GAHXUL_clean,5.28974,3.50395,5.28106,1.05699,1056.2,999.25,0.0,0.0,0.5634,0.533021,0.0,1,0.003338138,0.335085608,0.32135761573750143
GAJTOC_clean,4.47391,2.97124,4.46858,1.60963,0.0,0.0,468.056,290.786,0.4426,0.274971,0.0,1,0.00201444,0.179540789,0.18809228969000003
GAJTUI_clean,4.48784,3.0106,4.231,1.61335,0.0,0.0,477.83,296.173,0.4412,0.273469,0.0,1,0.001993268,0.181373929,0.18858790871375014
GAJVAQ_clean,4.41782,2.95293,4.41208,1.65256,0.0,0.0,434.878,263.155,0.4614,0.279204,0.0,1,0.001966764,0.177984901,0.18792664798375014
GAJYUN_clean,4.85568,4.28663,4.65881,1.5312,1091.56,712.879,0.0,0.0,0.5342,0.348877,0.0,1,0.001370554,0.133721,0.13211110625124997
GAJZAU_clean,4.80108,4.30234,4.80108,1.51624,1143.74,754.324,0.0,0.0,0.5456,0.359838,0.0,1,0.001381397,0.131775097,0.13727102419249962
GAJZEY_clean,4.80464,4.28777,4.80464,1.53408,1142.39,744.678,0.0,0.0,0.5448,0.355132,0.0,1,0.001358868,0.133068024,0.13083431560750006
GAJZIC_clean,4.74189,4.18269,4.74189,1.58149,1144.61,723.756,0.0,0.0,0.5442,0.344106,0.0,1,0.001391677,0.135379688,0.1373921568462496
GAJZOI_clean,4.76043,4.22431,4.76043,1.6231,1140.51,702.673,0.0,0.0,0.5414,0.333559,0.0,1,0.001414128,0.137322188,0.13804000278874967
GAJZUO_clean,4.67022,4.137,4.66388,1.35819,1115.52,821.33,0.0,0.0,0.5302,0.390373,0.0,1,0.001952695,0.187359858,0.18672255386125003
GAKBAX_clean,4.75047,4.21764,4.75047,1.60269,1138.62,710.445,0.0,0.0,0.5414,0.337808,0.0,1,0.001439822,0.140314966,0.13926865204874972
GALCAZ_clean,7.51924,6.97754,7.50411,1.17363,1179.25,1004.78,0.0,0.0,0.5068,0.431822,0.0,1,0.003414355,0.318276213,0.32477797458250107
GALHOS_ion_b,10.40242,4.28813,10.40242,0.962357,1197.69,1244.54,67.8044,70.4566,0.5764,0.598946,0.0,0,0.004528601,0.372934397,0.4301171703262504
GALJAG_clean,7.13587,6.98688,7.13339,0.8258,2198.4,2662.15,0.0,0.0,0.6726,0.814482,0.0,0,0.005153725,0.496962633,0.47298059841249845
GAMFEI_clean,7.53059,4.20216,7.34521,1.13363,1510.82,1332.73,0.0,0.0,0.5782,0.510042,0.0,1,0.003064706,0.288474182,0.2978253790425
GAMSOD_clean,4.58378,3.14009,4.58378,1.46841,0.0,0.0,716.037,487.628,0.4784,0.325795,0.0,1,0.003811341,0.344246065,0.33993836868124816
GAMTAQ_clean,4.9696,3.15514,4.71289,1.41721,0.0,0.0,787.133,555.409,0.5194,0.366494,0.0,1,0.004054631,0.354454582,0.3784736198550012
GAMTEU_clean,4.96917,3.20315,4.96917,1.42337,0.0,0.0,741.895,521.226,0.5212,0.366174,0.0,1,0.003945703,0.340015413,0.34962446636624933
GAMTIY_clean,4.94228,3.13094,4.94228,1.44018,0.0,0.0,724.278,502.908,0.5186,0.360094,0.0,1,0.004042722,0.349678524,0.37792813698000105
GAMTOE_clean,3.76788,2.77728,3.76788,1.82545,0.0,0.0,78.4239,42.9614,0.4068,0.222849,0.0,1,0.000985297,0.096927232,0.09369720157500007
GAMTUK_clean,3.76828,2.72919,3.76828,1.81146,0.0,0.0,68.654,37.8997,0.4046,0.223355,0.0,1,0.000859778,0.080977286,0.08675208330374945
GAMVAS_clean,3.72131,2.69973,3.70726,1.82538,0.0,0.0,52.4368,28.7265,0.3938,0.215736,0.0,1,0.000710873,0.066083934,0.06909213319749986
GAMXAV_clean,12.82817,4.31562,12.82817,0.868866,1783.25,2052.39,0.0,0.0,0.6754,0.777335,0.0,1,0.004253735,0.404721706,0.4073337254249988
GAPDEH_clean,4.06996,3.18947,4.05011,1.59955,0.0,0.0,291.616,182.312,0.3496,0.218561,0.0,1,0.003123002,0.289167369,0.28683153417000035
GAPDUX_clean,4.39272,3.14854,4.18817,1.64307,0.0,0.0,465.773,283.478,0.4746,0.28885,0.0,1,0.002554201,0.232654515,0.23858705647125045
GAPNOD_clean,6.6565,4.84778,6.65444,1.74449,1900.25,1089.29,0.0,0.0,0.644,0.369162,0.0,1,0.001735954,0.175694941,0.17175824562750028
GAQKOB_clean,4.0449,2.86519,4.0449,1.34541,0.0,0.0,376.339,279.721,0.449,0.333727,0.0,0,0.001562246,0.153834241,0.1464167985075002
GAQYIH_clean,20.25844,8.96976,15.7736,0.559917,2127.26,3799.24,0.0,0.0,0.8486,1.51558,0.0,1,0.001477475,0.143841315,0.14986192602750073
GARLAP_clean,5.58892,4.38006,5.58663,1.1363,1527.33,1344.12,0.0,0.0,0.5756,0.506555,0.0,1,0.006494771,0.598856057,0.5862734985512481
GARLET_clean,5.53835,4.38226,5.51111,1.15379,1524.15,1321.0,0.0,0.0,0.573,0.496625,0.0,1,0.0066627,0.610806156,0.6131413942349984
GARLIX_clean,5.51894,4.34952,5.51894,1.16479,1506.37,1293.26,0.0,0.0,0.5712,0.49039,0.0,1,0.00704556,0.610329621,0.6243836884687475
GARLUJ_clean,5.47258,4.30508,5.46713,1.19194,1490.51,1250.49,0.0,0.0,0.5688,0.477205,0.0,1,0.007081707,0.632411603,0.631846520313746
GARMAQ_clean,5.4678,4.29561,5.44556,1.2061,1479.57,1226.74,0.0,0.0,0.5666,0.469779,0.0,1,0.007028212,0.635176781,0.6193718535499976
GARPAR_clean,4.88792,3.20385,4.88792,1.2842,0.0,0.0,895.178,697.072,0.5266,0.410062,0.0,1,0.004934594,0.441282155,0.4257165502325023
GARQAU_clean,7.22233,4.73121,7.22233,1.05141,1110.85,1056.54,0.0,0.0,0.5324,0.50637,0.0,0,0.005902512,0.542956392,0.5281862296562503
GARSUQ_clean,4.38052,3.88796,4.36788,1.61033,1121.78,696.613,0.0,0.0,0.4852,0.301304,0.0,1,0.004758036,0.410732809,0.4221256261062497
GARTAX_clean,4.45838,3.94557,4.41836,1.61624,1125.98,696.667,0.0,0.0,0.4868,0.301193,0.0,1,0.005345942,0.468681602,0.4582162318362487
GARTEB_clean,4.30272,3.79858,4.29463,1.63832,1104.37,674.089,0.0,0.0,0.4846,0.295792,0.0,1,0.004030026,0.37281709,0.3790446405749987
GARTIF_clean,4.43647,3.87557,4.43647,1.65372,1132.95,685.091,0.0,0.0,0.471,0.284812,0.0,1,0.004934955,0.430910357,0.4374445364637501
GARTUR_clean,11.12255,10.84777,11.12255,1.34756,1641.0,1217.75,0.0,0.0,0.6774,0.502685,0.0,1,0.002304789,0.217027702,0.22168721959125
GASSEB_clean,5.64924,4.02494,5.64854,0.918331,1776.39,1934.36,0.0,0.0,0.633,0.689294,0.0,1,0.003892232,0.373793306,0.37487317797375086
GASSUR_clean,7.13166,6.36797,7.11779,1.0643,1692.45,1590.2,0.0,0.0,0.616,0.578785,0.0,1,0.005225329,0.516065308,0.4740507934287511
GATHAL_clean,3.98213,3.00882,3.94649,1.23575,0.0,0.0,161.377,130.59,0.4966,0.401862,0.0,0,0.001032261,0.102347676,0.10065296891125035
GAVYAG_clean,5.30344,3.91416,5.17667,1.18769,1076.26,906.183,0.0,0.0,0.5266,0.443383,0.0,1,0.011723573,1.007715482,0.8733604678837511
GAWJEV_clean,4.86365,3.38284,4.68994,1.47981,769.11,519.734,0.0,0.0,0.5,0.337881,0.0,1,0.00275428,0.240866885,0.2460974308687506
GAWKAS_clean,4.05499,3.17479,3.92137,2.32581,0.0,0.0,75.1533,32.3127,0.3806,0.163642,0.0,1,0.000144252,0.015055344,0.014552310709999926
GAWKEW_clean,5.75147,3.14287,5.66213,3.75396,0.0,0.0,728.361,194.025,0.474,0.126267,0.0,1,0.000389421,0.037174439,0.03818624408874994
GAWLIB_clean,7.30469,6.9637,7.3003,1.77656,565.048,318.057,10.6196,5.97759,0.4542,0.255662,0.0,1,0.000587334,0.058838605,0.06105891720249974
GAWMAU_clean,3.78954,2.70818,3.78954,1.56228,0.0,0.0,151.632,97.0584,0.4554,0.291497,0.0,1,0.000570795,0.054372369,0.06076595670374967
GAWMOI_clean,4.49519,2.62342,4.3428,1.8682,0.0,0.0,326.777,174.916,0.4266,0.228348,0.0,1,0.00159656,0.152595111,0.14244188177625006
GAWMOJ_clean,9.85959,7.82076,9.85959,0.707147,2014.24,2848.41,0.0,0.0,0.7242,1.02411,0.0,1,0.003115099,0.309365941,0.30390531306500046
GAXDIS10_clean,5.63603,3.80534,5.63603,1.31969,1996.73,1513.03,0.0,0.0,0.6636,0.502846,0.0,1,0.001120806,0.110945041,0.10850486749375023
GAXGOD_clean,5.08632,3.052,5.08632,1.30836,0.0,0.0,405.215,309.713,0.4256,0.325293,0.0,0,0.005515374,0.416778912,0.4576688657599998
GAXKOH_clean,9.78617,8.86105,9.78617,0.959935,1692.37,1763.0,0.0,0.0,0.6186,0.644419,0.0,1,0.002559054,0.259197011,0.2593177283549994
GAXQIH_clean,5.17093,4.52481,5.06299,1.36553,783.142,573.505,0.0,0.0,0.4372,0.320168,0.0,0,0.002625241,0.256765681,0.24424825869375053
GAXVUY_clean,6.10604,3.07582,5.9657,1.07253,0.0,0.0,1413.31,1317.74,0.5886,0.548796,0.0,1,0.005615218,0.51650637,0.4863620141137496
GAXWAF_clean,6.35613,3.00777,6.26079,1.16133,0.0,0.0,1417.7,1220.75,0.5912,0.509071,0.0,1,0.005289979,0.476160862,0.45047378077375194
GAXWEJ_clean,4.40485,2.71207,4.39684,1.56723,0.0,0.0,539.867,344.471,0.4694,0.299509,0.0,1,0.009036989,0.641822658,0.7312825826124998
GAYFUJ_clean,5.68191,5.17685,5.68191,1.29989,1899.11,1460.97,0.0,0.0,0.6252,0.480962,0.0,1,0.004308071,0.411757328,0.42252282162000043
GAYGAQ_clean_h,5.42545,4.61164,5.42545,1.32331,1222.55,923.858,0.0,0.0,0.5596,0.42288,0.0,1,0.006991238,0.614841654,0.5944685253649993
GAYPED_clean,9.58074,6.82289,7.89267,0.900136,2106.29,2339.97,0.0,0.0,0.6514,0.723668,0.0,1,0.004593135,0.460095923,0.43172724164124987
GAYTEH_ion_b,7.25944,3.65684,7.23718,1.37181,1135.72,827.897,0.0,0.0,0.497,0.362294,0.0,1,0.001733021,0.163760819,0.1691180545562508
GEBCAT_clean,7.82822,4.28279,7.82194,1.50818,1191.52,790.035,0.0,0.0,0.4616,0.306064,0.0,1,0.001050847,0.103691322,0.10379640450250043
GEDDAW_clean,10.55388,8.11262,10.55388,0.996818,2113.88,2120.63,0.0,0.0,0.7028,0.705043,0.0,1,0.001750568,0.174773862,0.17807372385750006
GEDDEA_clean,10.13591,3.81582,10.13591,1.29721,1601.1,1234.26,0.0,0.0,0.591,0.455593,0.0,1,0.002854503,0.261390376,0.27960181096874953
GEDLIM_clean,7.1997,3.30533,7.07142,1.13684,0.0,0.0,981.551,863.405,0.523,0.460048,0.0,0,0.006751711,0.552748966,0.594016667081251
GEDQIR_clean,6.54643,4.98654,6.54643,1.05474,2262.59,2145.17,0.0,0.0,0.6334,0.600529,0.0,1,0.004365542,0.427427389,0.4293246072674998
GEDQOX_clean,6.45005,4.67913,6.43264,1.07947,2326.66,2155.37,0.0,0.0,0.632,0.585473,0.0,1,0.005124966,0.497082771,0.4827526682587528
GEDRAK_clean,5.77362,3.92842,5.19693,1.15636,2398.21,2073.93,0.0,0.0,0.6018,0.520425,0.0,1,0.00599288,0.554219117,0.5681979518887451
GEDREO_clean,5.54518,3.28289,5.54518,1.31295,0.0,0.0,1181.14,899.609,0.5332,0.406109,0.0,1,0.006051743,0.525874492,0.5318689583662501
GEDROY_clean,5.0096,3.45081,4.98262,1.23925,1556.79,1256.24,20.5089,16.5495,0.5694,0.459473,0.0,1,0.004087443,0.396876233,0.38289009169625027
GEDRUE_clean,6.04452,4.23776,6.03554,1.11864,2304.55,2060.12,0.0,0.0,0.6118,0.546912,0.0,1,0.005826326,0.535414586,0.5413462981599975
GEDSAL_clean,5.44628,3.82645,5.44628,1.17011,2237.72,1912.41,0.0,0.0,0.5966,0.509868,0.0,1,0.006138041,0.570736972,0.5687956709687455
GEDSEP_clean,4.82283,3.73359,4.81042,1.38544,1023.08,738.448,0.0,0.0,0.5156,0.372155,0.0,1,0.009172736,0.762601622,0.7876180039062516
GEDSOZ_clean,6.10424,4.23086,6.10424,1.10708,2330.43,2105.02,0.0,0.0,0.618,0.558223,0.0,1,0.005665884,0.531969673,0.5226041139637492
GEDSUF_clean,6.8646,4.02613,6.8646,1.20789,1460.83,1209.4,0.0,0.0,0.5606,0.464115,0.0,1,0.006711807,0.57569854,0.6093815760025
GEDTAM_clean,6.16288,4.28316,6.16288,1.08963,2317.05,2126.45,0.0,0.0,0.629,0.577258,0.0,1,0.00563838,0.510773033,0.5228123462099991
GEFFUT_clean,5.01317,3.07239,4.97334,1.13405,0.0,0.0,768.603,677.751,0.5182,0.456947,0.0,1,0.005434806,0.445095042,0.45941268403749946
GEFYUN_clean,6.73786,6.27962,6.66229,1.04811,1399.46,1335.23,0.0,0.0,0.5478,0.522657,0.0,0,0.00187408,0.196736237,0.17931211821124976
GEFZAU_clean,6.43441,5.83045,6.43102,0.991134,1373.29,1385.58,0.0,0.0,0.5466,0.55149,0.0,0,0.001966062,0.188325315,0.19032726169000028
GEGBEB_clean,4.72277,3.21984,4.36436,1.22883,0.0,0.0,690.277,561.734,0.5214,0.424305,0.0,1,0.005215187,0.446581908,0.4465774845887509
GEGBOL_clean,4.71731,3.22624,4.44524,1.22917,0.0,0.0,689.784,561.178,0.522,0.424676,0.0,1,0.005214649,0.451185743,0.4460948383037509
GEGDED_clean,10.73095,6.57358,10.72652,0.838883,2111.23,2516.71,0.0,0.0,0.6964,0.830152,0.0,1,0.006202497,0.515908347,0.563721207878747
GEGGEG01_clean,4.4734,3.53731,4.46972,1.51151,780.594,516.434,0.0,0.0,0.4522,0.299171,0.0,1,0.010049572,0.74184195,0.7754569265525035
GEGGIK01_clean,4.44976,3.51616,4.44506,1.53378,754.006,491.601,0.0,0.0,0.45,0.293393,0.0,1,0.010299126,0.767994786,0.7784140262962549
GEGGIK_clean,4.4635,3.52722,4.4561,1.51854,764.891,503.702,0.0,0.0,0.4512,0.297128,0.0,1,0.010053597,0.74330506,0.7712180960237535
GEGGUW_clean,4.63719,3.51738,4.44195,1.53214,779.383,508.688,0.0,0.0,0.4588,0.29945,0.0,1,0.010415245,0.771641248,0.7855467829687547
GEGHAD_clean,4.65392,3.51526,4.65392,1.53055,804.048,525.333,0.0,0.0,0.4664,0.304727,0.0,1,0.010176909,0.768307797,0.7959812226150039
GEGSIW_clean,7.85146,2.85269,7.84347,1.08118,0.0,0.0,1176.8,1088.44,0.5288,0.489093,0.0,1,0.00501011,0.481892802,0.440710615162502
GEGWAS_clean,5.44742,3.17954,5.44742,1.34706,0.0,0.0,902.139,669.712,0.5032,0.373555,0.0,1,0.001719935,0.16811331,0.1637995222775004
GEHSAN_clean,4.21897,2.65292,4.13931,1.49275,0.0,0.0,232.374,155.668,0.35,0.234466,0.0,1,0.002034076,0.191364382,0.18775350784750017
GEJJEL01_clean,4.95342,3.83497,4.95342,1.99384,910.263,456.538,0.0,0.0,0.4388,0.220078,0.0,1,0.001159132,0.110256925,0.10943215421875019
GEKVEZ_clean,4.60932,3.49419,4.2137,1.75988,1163.32,661.023,0.0,0.0,0.526,0.298883,0.0,1,0.000671664,0.065574303,0.07023035197375002
GELJAJ_clean,4.01632,2.59819,4.00607,1.41565,0.0,0.0,230.354,162.72,0.4348,0.307138,0.0,1,0.003455956,0.318356232,0.32381300826999815
GELVEZ01_clean,3.8103,2.63566,3.8103,1.43691,0.0,0.0,133.683,93.0351,0.4852,0.33767,0.0,0,0.001060152,0.101908844,0.10578488045875002
GELVEZ02_clean,3.82815,2.55625,3.82815,1.43716,0.0,0.0,155.352,108.097,0.4794,0.333575,0.0,0,0.001312347,0.116087401,0.12418325115499948
GELVEZ_clean,3.84426,2.61776,3.84187,1.42688,0.0,0.0,240.041,168.228,0.4886,0.342426,0.0,0,0.001653276,0.153513407,0.16007603031124995
GELVID01_clean,3.57252,2.40588,3.57252,1.58898,0.0,0.0,38.225,24.0563,0.4574,0.287858,0.0,0,0.000586748,0.058841328,0.06087269112374967
GELVID_clean,3.61966,2.43534,3.61901,1.57413,0.0,0.0,69.6565,44.2507,0.4652,0.295528,0.0,0,0.00106097,0.111078771,0.10702918082249994
GEPDEM_clean,4.09249,3.45067,4.09249,1.44433,525.305,363.701,0.0,0.0,0.487,0.33718,0.0,1,0.002207147,0.219310194,0.21062493240375083
GERNOI_clean,6.93892,3.80818,6.45255,1.05982,1273.96,1202.05,0.0,0.0,0.5412,0.510651,0.0,0,0.003791378,0.366236559,0.35610454609625036
GERPUP_clean,8.51519,7.38328,8.51519,1.47529,1095.68,742.686,1.06498,0.721878,0.5678,0.384873,0.0,1,0.000632886,0.063314588,0.06456934177375008
GERWEH_clean,9.16485,6.64251,9.16485,1.11428,1571.66,1410.47,39.9079,35.815,0.625,0.560902,0.0,1,0.004525187,0.405183964,0.4307013585975006
GESDUF_clean,7.63383,7.44692,7.63383,1.05439,936.707,888.384,0.0,0.0,0.5408,0.512901,0.0,1,0.00099318,0.104701263,0.09819439929499993
GESFAN_clean,7.57798,7.34904,7.57798,1.05603,938.983,889.166,0.0,0.0,0.5286,0.500556,0.0,1,0.001036176,0.102969942,0.1009960418212502
GESNOI_clean,6.41874,3.48818,6.41739,1.68473,668.393,396.736,0.0,0.0,0.4826,0.286455,0.0,1,0.002603401,0.24699181,0.23918531787125144
GETXAG01_clean,3.334,2.6262,3.17422,1.56139,0.0,0.0,0.156206,0.100043,0.3642,0.233254,0.0,1,6.95e-05,0.006598629,0.007348495271250072
GETXAG_clean,3.33124,2.61042,3.22772,1.54101,0.0,0.0,0.0,0.0,0.3762,0.244126,0.0,1,5e-05,0.004818954,0.004672371577500004
GEVKID_clean,4.59038,3.02065,4.5824,1.67391,0.0,0.0,411.718,245.961,0.4722,0.282093,0.0,1,0.003502027,0.305531586,0.31997692782124765
GEVXAI_clean,3.71553,2.68712,3.70664,2.06408,0.0,0.0,101.112,48.9867,0.415,0.201058,0.0,1,0.000876179,0.088025977,0.08667939811999929
GEVXIQ_clean,5.46888,4.61181,5.39982,1.67855,1326.24,790.111,0.0,0.0,0.5498,0.327545,0.0,1,0.001135789,0.112557258,0.10887716292875022
GEVYEN_clean,3.46357,2.43005,3.46238,1.41407,0.0,0.0,19.7228,13.9475,0.4294,0.303662,0.0,0,0.000858411,0.084978733,0.08741326520374937
GEWXAJ_clean,4.82967,4.48576,4.82967,1.6967,607.999,358.342,0.0,0.0,0.4016,0.236695,0.0,1,0.003735058,0.308786798,0.3317751602687477
GEZRAG_clean,7.97174,5.12774,7.97032,1.15353,2068.35,1793.06,0.0,0.0,0.6172,0.535054,0.0,1,0.002195499,0.2052551,0.21382872809374984
GEZYOB_clean,5.97203,4.53159,5.97203,1.47469,1908.41,1294.11,0.0,0.0,0.5414,0.367128,0.0,0,0.002144141,0.208944331,0.20720863550000082
GIDKOU_clean,4.78674,3.41448,4.67256,1.74547,701.395,401.837,0.0,0.0,0.4798,0.274883,0.0,1,0.012108607,0.819894612,0.8252318825550017
GIFFAE_clean,5.12876,3.25577,5.12146,1.85543,0.0,0.0,1249.04,673.178,0.5526,0.297828,0.0,1,0.001829484,0.177892643,0.1713304893387497
GIFFEI_clean,5.10703,3.23803,5.10703,1.88143,0.0,0.0,1227.08,652.207,0.5504,0.292543,0.0,1,0.001783623,0.177919819,0.1667418865975003
GIFKEL_clean,4.63167,4.31957,4.63167,1.28045,1230.74,961.183,0.0,0.0,0.5428,0.423914,0.0,1,0.004186048,0.391448687,0.3812867320824999
GIGWID01_clean,3.32151,2.73215,3.30755,1.85399,0.0,0.0,0.0,0.0,0.365,0.196873,0.0,0,0.000157181,0.015136259,0.017117810431249967
GIHPAQ_clean,6.0679,3.20702,4.88779,1.37065,0.0,0.0,933.937,681.382,0.517,0.377193,0.0,1,0.00367099,0.30222972,0.33676608020124915
GIHPEU_clean,6.0987,3.28751,5.1885,1.35116,0.0,0.0,968.845,717.047,0.5136,0.380118,0.0,1,0.003507377,0.293324699,0.32231496508874846
GIKMOD01_clean,3.91444,2.48549,3.90014,1.91817,0.0,0.0,255.59,133.247,0.4382,0.228447,0.0,1,0.004281153,0.395467988,0.38525095255500214
GIKMOD02_clean,3.9282,2.51015,3.91483,1.90638,0.0,0.0,273.912,143.682,0.4464,0.234161,0.0,1,0.004459141,0.400554133,0.39661201168875243
GIKMOD03_clean,3.92289,2.50215,3.90677,1.90802,0.0,0.0,270.608,141.827,0.4446,0.233017,0.0,1,0.004496896,0.394711539,0.3964025355862524
GIKMOD04_clean,3.94077,2.529,3.93907,1.90165,0.0,0.0,280.025,147.253,0.4478,0.23548,0.0,1,0.004606116,0.399855665,0.3965775431862525
GIKMOD05_clean,3.93179,2.53368,3.92903,1.89878,0.0,0.0,279.622,147.264,0.4476,0.235731,0.0,1,0.004499593,0.400558178,0.3975254995100025
GIKMOD06_clean,3.96173,2.5601,3.95762,1.89221,0.0,0.0,282.311,149.196,0.4508,0.23824,0.0,1,0.004870402,0.422767588,0.40111476129125245
GIKMOD08_clean,3.94198,2.56651,3.93891,1.89919,0.0,0.0,277.543,146.137,0.4462,0.234942,0.0,1,0.004696459,0.412449671,0.39777542692000223
GIKMOD09_clean,3.94339,2.58011,3.77982,1.89876,0.0,0.0,276.112,145.417,0.445,0.234364,0.0,1,0.004794892,0.403052709,0.3974034935487525
GIKMOD10_clean,3.94696,2.59885,3.94696,1.88932,0.0,0.0,273.768,144.903,0.4478,0.237017,0.0,1,0.00480433,0.414236294,0.3983780943025025
GIKMOD11_clean,3.92028,2.61268,3.92028,1.90006,0.0,0.0,276.148,145.336,0.4504,0.237045,0.0,1,0.004471277,0.394725023,0.3968196520775025
GIKMOD12_clean,3.92332,2.57144,3.92332,1.90524,0.0,0.0,263.515,138.31,0.445,0.233566,0.0,1,0.004473974,0.396175896,0.39563698436375255
GIKMOD_clean,3.93708,2.55442,3.90897,1.91107,0.0,0.0,266.752,139.583,0.4446,0.232645,0.0,1,0.005013732,0.434599675,0.41135412352500117
GIKQIC_clean,3.78387,3.47181,3.77533,1.63861,422.447,257.809,0.0,0.0,0.4372,0.266812,0.0,1,0.002180698,0.210930775,0.2032546315712507
GIMHAM_clean,4.751,2.4657,4.73888,1.44617,0.0,0.0,418.952,289.697,0.4792,0.331357,0.0,1,0.005405484,0.45963911,0.4370648240400016
GIMSUS_clean,4.94182,3.17204,4.94182,1.63504,0.0,0.0,541.618,331.257,0.4382,0.268006,0.0,0,0.008239773,0.532381254,0.6679712014349974
GIMVAA_clean,3.80885,2.6465,3.67034,1.67581,0.0,0.0,281.031,167.699,0.4886,0.29156,0.0,1,0.000161696,0.015874238,0.01679123407624999
GINLIA_clean,6.39385,4.60431,6.39349,0.877136,2189.88,2496.63,0.0,0.0,0.6554,0.747205,0.0,1,0.006941002,0.657517323,0.5953112556062492
GIQXEK_clean,5.02308,3.9389,5.02308,1.70666,1611.03,943.967,0.0,0.0,0.591,0.34629,0.0,1,0.002333927,0.228555474,0.21811392724125045
GIQXIO_clean,4.89641,3.86855,4.89641,1.80531,1632.56,904.31,0.0,0.0,0.5842,0.323601,0.0,1,0.00263097,0.246611827,0.25270041879249966
GIQXOU_clean,4.81089,3.81392,4.81089,1.85808,1583.35,852.141,0.0,0.0,0.5814,0.312903,0.0,1,0.00272253,0.261519079,0.25437389248999936
GIQXUA_clean,4.89316,3.86869,4.89316,1.79298,1637.93,913.522,0.0,0.0,0.5838,0.325603,0.0,1,0.002548987,0.248094135,0.24844878799499973
GIQYAH_clean,4.79715,3.78414,4.66858,1.84797,1560.79,844.598,0.0,0.0,0.5808,0.31429,0.0,1,0.002676714,0.257292339,0.2535023575199995
GIQYEL_clean,5.04966,3.95603,5.04926,1.69109,1647.45,974.192,0.0,0.0,0.5932,0.35078,0.0,1,0.002473806,0.228531542,0.22989799639249964
GIQYIP_clean,4.93593,3.90727,4.93593,1.7362,1686.39,971.31,0.0,0.0,0.5894,0.339477,0.0,1,0.002506207,0.245965557,0.2441776279174995
GIQYOV_clean,4.65103,4.01588,4.65103,1.69435,1544.77,911.715,0.0,0.0,0.5744,0.339009,0.0,1,0.001771892,0.170231123,0.17258469567749984
GIQYUB_clean,4.85877,3.85756,4.85723,1.80735,1636.84,905.654,0.0,0.0,0.586,0.324231,0.0,1,0.002483503,0.251979357,0.22921594022874928
GIQZIQ_clean,5.34637,3.18473,5.34637,1.01767,0.0,0.0,1111.08,1091.79,0.5606,0.550866,0.0,1,0.006814015,0.622377778,0.5920495218187525
GIRDUI_clean,4.42025,3.76528,4.4179,1.33231,513.764,385.618,0.0,0.0,0.4442,0.333405,0.0,1,0.00274985,0.261042273,0.2464150188637505
GIRFUJ_clean,3.37043,2.61511,3.30641,2.01794,0.0,0.0,2.87555,1.425,0.3948,0.195645,0.0,1,5.37e-05,0.007258559,0.004823087369999989
GIRGUL_clean,4.00306,3.26113,3.99382,1.40352,0.0,0.0,187.669,133.713,0.416,0.296397,0.0,1,0.001474882,0.145712005,0.13346582488125008
GIRHEW_clean,4.31665,3.3107,4.31,1.50699,538.634,357.423,0.0,0.0,0.4636,0.307632,0.0,1,0.007396214,0.605719987,0.6174431733749972
GIRXUC_clean,9.02646,6.62876,9.00319,0.768463,2450.96,3189.43,0.0,0.0,0.7778,1.01215,0.0,1,0.002325711,0.24437535,0.22179954221249987
GIRYAJ_clean,11.11776,6.67504,11.11673,0.856122,2399.62,2802.89,0.0,0.0,0.7336,0.856887,0.0,1,0.00301441,0.291088542,0.3016940154450001
GIRYEN_clean,4.46145,3.72288,4.46145,1.49644,287.06,191.829,0.0,0.0,0.4038,0.269841,0.0,1,0.004249309,0.318120228,0.37903786113375015
GIRYIR_clean,4.09649,3.3872,4.09649,1.53911,183.262,119.07,0.0,0.0,0.391,0.254043,0.0,1,0.003073288,0.250772769,0.2865634866250007
GIRYOX_clean,3.97688,3.23059,3.95261,1.5554,0.0,0.0,132.377,85.1079,0.383,0.246239,0.0,1,0.002368497,0.203408307,0.21890507153125033
GIRYUD_clean,4.50395,3.69554,4.50367,1.50379,303.721,201.971,0.0,0.0,0.4016,0.267059,0.0,1,0.004444703,0.325634676,0.3996750590212505
GIRZAK_clean,4.21373,3.61145,4.21373,1.53199,237.412,154.969,0.0,0.0,0.4018,0.262273,0.0,1,0.003420149,0.266862279,0.3201907613274983
GISMAY_clean,7.56113,5.5145,7.12706,1.15475,978.763,847.594,187.52,162.389,0.5516,0.477677,0.0,1,0.004054996,0.361108162,0.3922475587112498
GISMIG_clean,4.0304,2.93362,4.0304,1.49375,0.0,0.0,163.882,109.711,0.4292,0.28733,0.0,0,0.000984301,0.092512392,0.09144015101124965
GISNED_clean,16.88394,10.60987,16.88394,0.446812,2036.44,4557.7,0.0,0.0,0.8226,1.84104,0.0,0,0.003127331,0.309439504,0.3022519574075003
GISWEM_clean,4.22229,3.34094,4.22229,1.34736,254.596,188.959,0.0,0.0,0.4264,0.316472,0.0,1,0.004662196,0.364989615,0.40207496223625155
GISZUD_clean,6.49431,5.39638,6.48428,1.08851,2690.71,2471.91,0.0,0.0,0.726,0.666964,0.0,1,0.001353577,0.133896996,0.1317596459500013
GISZUF_clean,5.98913,5.07662,5.983,1.31215,1025.01,781.164,0.0,0.0,0.5226,0.398277,0.0,1,0.002941843,0.279942033,0.27562487223374865
GITPIK_clean,6.71051,5.85889,6.69498,1.05932,1949.1,1839.96,0.0,0.0,0.6024,0.568668,0.0,1,0.004670653,0.436366175,0.4427047069612493
GITTOT01_manual,11.40059,3.10208,11.40059,0.902033,0.0,0.0,1407.83,1560.73,0.627,0.695097,0.0,0,0.001698452,0.160600146,0.16656864609499983
GITTOT_manual,11.41369,3.07343,11.41369,0.903406,0.0,0.0,1406.08,1556.42,0.6252,0.692048,0.0,0,0.001739838,0.163567816,0.17666146991749943
GITTUZ_clean,10.85901,8.03964,10.85901,1.03314,1392.4,1347.74,0.0,0.0,0.6084,0.588883,0.0,0,0.0030576,0.287667247,0.29802892088625066
GITVEL01_clean,15.27666,13.37931,15.27666,0.777112,1815.11,2335.71,0.0,0.0,0.723,0.930368,0.0,0,0.002483997,0.25159909,0.23709589730749936
GITVEL_clean,15.24588,13.37948,15.24588,0.777112,1827.71,2351.93,0.0,0.0,0.724,0.931654,0.0,0,0.002515663,0.249425886,0.2561873080874992
GITWIQ_clean,5.04878,3.9878,4.84113,1.55276,984.517,634.043,0.0,0.0,0.443,0.285298,0.0,0,0.003836509,0.350174288,0.3441567818012474
GITZAM_clean,3.82434,2.6197,3.81833,1.41655,0.0,0.0,60.354,42.6062,0.4108,0.289999,0.0,0,0.000277107,0.022328244,0.026478460484999928
GIVHIC_clean,5.68256,4.14915,5.67478,1.01525,1315.17,1295.41,0.0,0.0,0.5352,0.527158,0.0,0,0.009401586,0.849997734,0.8161696031174971
GIVNIK_clean,7.21449,5.67473,7.21449,0.867445,2262.97,2608.78,0.0,0.0,0.6652,0.76685,0.0,1,0.002698088,0.268719498,0.2688393238050005
GIVNOQ_clean,7.18513,5.72761,7.17339,0.897407,2341.84,2609.57,0.0,0.0,0.648,0.72208,0.0,1,0.003305583,0.312891488,0.3283809210087508
GIWCAR_ion_b,6.05356,4.17814,6.05356,1.07197,1658.11,1546.78,2.02848,1.89228,0.5834,0.544229,0.0,1,0.003973573,0.367226006,0.37399351814125126
GIWCIZ_ion_b,5.12494,3.68789,4.86231,1.25758,738.946,587.595,101.966,81.0816,0.492,0.391229,0.0,1,0.004840106,0.425830156,0.4317320443750011
GIWCOF_ion_b,6.18603,4.18536,6.1755,1.09485,1872.24,1710.03,0.0,0.0,0.5864,0.535596,0.0,1,0.004023241,0.379868053,0.392557577595
GIWNUV_clean,4.42847,3.33732,4.42542,1.47072,837.059,569.148,21.587,14.6778,0.547,0.371926,0.0,1,0.003891939,0.370144215,0.3574028611662493
GIXGOK_clean,17.36935,5.40179,17.36935,1.04037,1505.92,1447.48,0.0,0.0,0.6542,0.628815,0.0,0,0.001834437,0.171812519,0.1806061287799988
GIXMUX_clean,5.54225,2.5429,5.4983,1.29032,0.0,0.0,696.021,539.418,0.4618,0.357897,0.0,1,0.004730846,0.390014642,0.40999025616500195
GIXNAE_clean,7.22845,6.88703,7.22003,0.852646,2024.04,2373.83,0.0,0.0,0.6572,0.770777,0.0,0,0.003158482,0.314911489,0.3058883903750026
GIYSEN_clean,5.42608,5.04414,5.4195,1.45199,958.497,660.129,0.0,0.0,0.4968,0.342152,0.0,0,0.00340126,0.295454128,0.31820135789000004
GIYSIR_clean,5.35034,4.96809,5.33586,1.46578,931.664,635.609,0.0,0.0,0.4966,0.338795,0.0,0,0.003312857,0.296276724,0.3147993262725005
GIYSOX_clean,5.41931,4.91867,5.41931,1.46994,924.604,629.008,0.0,0.0,0.4898,0.333211,0.0,0,0.003198983,0.292186221,0.29726088720500093
GIYSUD_clean,5.72746,4.12193,5.64984,1.21514,2074.82,1707.48,0.0,0.0,0.605,0.497886,0.0,1,0.003975274,0.370420794,0.3759553946062512
GIYTAK_clean,5.85565,4.3241,5.81433,1.11314,2290.27,2057.49,0.0,0.0,0.6456,0.579983,0.0,1,0.003791492,0.359600326,0.36692350252625067
GIYTIS_SL,6.15959,5.08946,6.15959,0.966844,2140.02,2213.41,0.0,0.0,0.6424,0.66443,0.0,1,0.004352915,0.408455649,0.42661867560124905
GIZJOP_clean,5.3179,2.78115,5.29436,1.18697,0.0,0.0,761.964,641.941,0.5948,0.501109,0.0,0,0.006105608,0.496353229,0.5468065952687501
GIZVER_clean,3.86175,3.03502,3.84974,1.5862,0.0,0.0,134.988,85.1019,0.4274,0.26945,0.0,1,0.002286342,0.215974129,0.2193496815837504
GIZXET_clean,4.75858,3.81827,4.66708,0.984908,1381.16,1402.32,0.0,0.0,0.5818,0.590715,0.0,0,0.010166289,0.871348846,0.8547490967412498
GOBGAG_clean,17.26438,5.3381,17.26438,1.05121,1516.89,1443.0,0.0,0.0,0.6532,0.621382,0.0,0,0.001874379,0.174942536,0.18179427463499845
GOBSUM_clean,5.27749,3.98975,5.17779,1.10089,1767.3,1605.34,0.0,0.0,0.5602,0.508863,0.0,1,0.004847575,0.455997393,0.43938412322375037
GOBXAY_clean,4.92403,2.59503,4.70441,1.66682,0.0,0.0,560.082,336.018,0.4608,0.276454,0.0,1,0.00435717,0.364591399,0.39649809464500224
GOGSIF_clean,8.22407,5.82511,8.22407,0.843093,1913.32,2269.41,1.31012,1.55395,0.6484,0.769073,0.0,1,0.002693265,0.267676959,0.2694192322437499
GOGWAB_clean,4.95936,4.07145,4.95936,1.0628,2097.01,1973.11,0.0,0.0,0.6348,0.597292,0.0,1,0.009789531,0.886678629,0.8459701000712507
GOGWEF_clean,4.59875,4.17002,4.59043,0.999501,2126.38,2127.44,0.0,0.0,0.617,0.617308,0.0,1,0.008087585,0.754056554,0.6951858982812495
GOJDOZ_clean,4.79892,4.35574,4.79892,2.78878,865.091,310.204,296.77,106.416,0.5306,0.190263,0.0,1,0.001270999,0.124460042,0.12375477088124995
GOJRED_manual,7.79089,2.85498,7.79089,1.25142,0.0,0.0,591.863,472.955,0.453,0.36199,0.0,1,0.118518111,0.974108776,2.435498445397508
GOKBUE_clean,6.09249,4.54759,6.09249,1.63047,1317.37,807.969,0.0,0.0,0.5592,0.342968,0.0,1,0.00124936,0.127870609,0.1268568906150008
GOLQII_clean,3.73015,3.36962,3.7227,2.16778,133.498,61.5829,0.0,0.0,0.3658,0.168744,0.0,1,0.000967326,0.098592372,0.09068357673499952
GOLYOX_clean,5.22433,3.12115,5.21621,1.32627,0.0,0.0,503.51,379.642,0.449,0.338542,0.0,1,0.004994845,0.380444202,0.4294625135962519
GOLYUD_clean,5.23544,3.22982,5.01332,1.30229,0.0,0.0,525.595,403.593,0.46,0.353224,0.0,1,0.004706922,0.365060821,0.40982954221500223
GOMPOO_clean,4.82449,2.89173,4.65807,1.92377,0.0,0.0,618.38,321.441,0.4062,0.211147,0.0,0,0.011087225,0.819493556,0.7938169853187499
GOMRAC_clean,5.39247,3.37051,5.39247,1.96258,860.027,438.212,0.0,0.0,0.4662,0.237544,0.0,0,0.006252022,0.487050919,0.5278832269150011
GOMREG_clean,5.38381,3.63961,5.38381,1.86675,886.646,474.968,0.0,0.0,0.4612,0.247061,0.0,0,0.004575962,0.389446092,0.42112031706874975
GONNAA_clean,7.09205,5.80307,7.09205,0.944258,2774.42,2938.2,0.0,0.0,0.7154,0.757632,0.0,1,0.002729494,0.258322264,0.2687011919862505
GONTAG_clean,3.69316,3.31113,3.69316,1.23517,630.32,510.311,0.0,0.0,0.5362,0.434111,0.0,1,0.002321688,0.22844952,0.2226975502350003
GOPTIQ_clean,6.68622,4.50914,6.67956,0.770633,1838.89,2386.21,0.0,0.0,0.6402,0.830746,0.0,1,0.004876823,0.470323474,0.4438066166699993
GOQTIR_clean,4.31911,3.00422,4.31353,1.28361,0.0,0.0,1060.36,826.075,0.5868,0.457147,0.0,1,0.003773782,0.376448053,0.34514684566875004
GOQXAN_clean,6.22843,5.8492,6.22773,1.32869,1398.1,1052.24,0.0,0.0,0.556,0.418457,0.0,1,0.003752758,0.371754641,0.356995032375
GORQAF_clean,6.72825,5.09275,6.72825,1.1538,2875.75,2492.42,0.0,0.0,0.7648,0.662854,0.0,0,0.001041275,0.095825111,0.10474195684500001
GOSBOH_clean,10.37122,8.95436,10.37122,0.787001,1611.54,2047.69,0.0,0.0,0.6654,0.845489,0.0,1,0.002057194,0.205233198,0.20191187973125058
GOSDEZ_clean,8.09273,5.75735,7.88104,0.987164,1834.02,1857.87,0.0,0.0,0.6214,0.62948,0.0,1,0.003254126,0.314718912,0.3156388364262515
GOSDID_clean,7.82021,4.59261,7.82021,1.06883,1472.28,1377.47,0.0,0.0,0.5676,0.531048,0.0,1,0.004698598,0.424785372,0.43660827210875
GOSKEG_clean,7.10002,5.21425,6.59335,0.943193,1754.71,1860.4,1.38955,1.47324,0.6182,0.655433,0.0,1,0.006879872,0.628156242,0.5997935412437507
GOSRIP_clean,4.372,2.69453,4.26367,1.80918,0.0,0.0,629.086,347.719,0.5122,0.283112,0.0,1,0.001790227,0.179006986,0.16754402285249995
GOTDIE_clean,4.73101,4.56435,4.72097,1.48128,186.327,125.788,8.43694,5.69572,0.3958,0.267202,0.0,0,0.000855678,0.077012519,0.08706923954749975
GOVHOQ_clean,5.0786,4.57892,5.0786,2.10255,403.599,191.957,0.0,0.0,0.3698,0.175882,0.0,0,0.000573016,0.054783382,0.059791346187499615
GOVWOF_clean,15.42527,11.20267,15.42527,0.794433,1878.77,2364.92,0.0,0.0,0.6966,0.876851,0.0,1,0.00515963,0.48975146,0.4591514449862481
GOVXIA_clean,6.67259,5.28318,6.67068,1.1406,1107.96,971.384,0.0,0.0,0.4988,0.437316,0.0,1,0.003560485,0.331811032,0.33080560626750016
GOWHOR_clean,4.39236,3.16475,4.39236,1.17121,0.0,0.0,592.203,505.633,0.4694,0.400782,0.0,1,0.008702127,0.70399661,0.7143507081812486
GOXGAD_clean,4.36902,3.10948,4.36902,1.76306,0.0,0.0,443.44,251.518,0.4778,0.271007,0.0,1,0.002624663,0.24867337,0.23834966262250062
GOXMEN_clean,5.02477,2.84713,3.58468,1.34483,0.0,0.0,265.483,197.411,0.4038,0.300261,0.0,0,0.00423659,0.323075426,0.3807249347512521
GOYPAN_clean,3.85595,2.62604,3.83887,1.53512,0.0,0.0,185.167,120.621,0.4784,0.311637,0.0,0,0.001443137,0.14013066,0.13370170641749976
GOYPER_clean,3.86862,2.68927,3.85387,1.4708,0.0,0.0,194.38,132.159,0.4886,0.3322,0.0,0,0.002638304,0.260252184,0.24014770626625065
GOYXAV_clean,3.94211,3.09375,3.92173,2.22519,0.0,0.0,157.828,70.9278,0.3586,0.161155,0.0,1,0.001307838,0.119700141,0.1222379485412499
GOYXID_clean,3.92669,3.05098,3.92204,2.25635,0.0,0.0,137.765,61.0567,0.3626,0.160702,0.0,1,0.001147443,0.105490347,0.10929422037625064
GOYXOJ_clean,3.91618,3.05762,3.90895,2.26908,0.0,0.0,136.448,60.1336,0.3556,0.156715,0.0,1,0.001110618,0.098904113,0.1090549960100008
GOYXUP_clean,3.94982,3.14371,3.94779,2.2788,0.0,0.0,164.729,72.2876,0.3554,0.155959,0.0,1,0.001189311,0.111847046,0.11873780313749974
GOYYAW_clean,3.94364,3.0863,3.93984,2.31343,0.0,0.0,142.46,61.5795,0.3504,0.151463,0.0,1,0.001000884,0.102155562,0.09968011354625056
GOYYEA_clean,3.89793,3.03628,3.89557,2.03428,0.0,0.0,127.286,62.5706,0.3474,0.170773,0.0,1,0.001169668,0.113602164,0.11774165558499992
GOYYIE_clean,3.88784,3.0249,3.88595,2.39828,0.0,0.0,113.123,47.1685,0.347,0.144687,0.0,1,0.001054474,0.099529426,0.10505901741375084
GOZNAM_clean,6.30239,4.60575,6.30081,0.99242,2117.8,2133.98,0.0,0.0,0.6346,0.639447,0.0,1,0.002414746,0.238199795,0.22734069124500064
GOZNEQ_clean,6.09971,4.27883,6.09943,0.947205,2272.9,2399.59,0.0,0.0,0.644,0.679895,0.0,1,0.002714188,0.260212375,0.26667715659499985
GUANZS_clean,5.10287,4.04623,5.10287,1.31647,2066.97,1570.09,0.0,0.0,0.6518,0.495113,0.0,0,0.002914939,0.287179464,0.2803047121087502
GUBBAG_clean,6.17269,4.47662,6.08707,1.25773,1864.63,1482.53,0.0,0.0,0.6658,0.529365,0.0,1,0.000906628,0.089241626,0.08945684693499943
GUBKUL_clean,8.78437,8.58193,8.78437,1.65394,1300.1,786.066,0.0,0.0,0.597,0.360957,0.0,1,0.002200011,0.213007715,0.21302644158500025
GUBSED_clean,4.28713,3.01795,4.27044,1.39474,0.0,0.0,612.968,439.485,0.4958,0.355478,0.0,1,0.003070291,0.280578635,0.2866836182637508
GUBVUU_clean,6.86464,4.18996,6.61474,0.930991,1654.01,1776.62,0.0,0.0,0.6014,0.645979,0.0,1,0.004991115,0.467704456,0.45997956086749947
GUBZAF_clean,8.48171,3.92126,8.48171,0.891092,1361.54,1527.95,0.0,0.0,0.6076,0.68186,0.0,1,0.002121339,0.212022816,0.2071456116637501
GUCJAQ_clean,5.76197,4.68972,5.75144,1.29019,1221.31,946.616,0.0,0.0,0.4888,0.37886,0.0,0,0.004969157,0.414508072,0.44879701640500064
GUDJOG_clean,7.68451,4.9879,7.6811,1.00363,1922.96,1916.01,0.0,0.0,0.6122,0.609987,0.0,1,0.004384247,0.407634394,0.4285705515787502
GUFBOA_clean,5.81423,4.04124,5.79708,1.35939,665.654,489.672,0.0,0.0,0.4506,0.331473,0.0,1,0.004494008,0.386631432,0.42108424078249973
GUFBUG_clean,6.13698,5.34529,5.96708,1.2615,1111.92,881.432,0.0,0.0,0.517,0.40983,0.0,0,0.007654147,0.621770538,0.6556577699612511
GUFREF_clean,4.21553,3.44252,4.2138,1.21319,638.089,525.958,0.0,0.0,0.4724,0.389386,0.0,0,0.003483895,0.31223432,0.3275615325149991
GUFXEM_clean,6.06791,4.72083,6.0579,1.2094,1573.94,1301.42,0.0,0.0,0.5582,0.461552,0.0,1,0.005056668,0.467825385,0.46853383098750095
GUGNON_clean,5.28957,4.33779,5.28957,0.956875,1608.61,1681.11,0.0,0.0,0.5938,0.620562,0.0,1,0.00506987,0.484075893,0.4724095343487509
GUGXOX_clean,4.94456,2.83228,4.87818,1.55755,0.0,0.0,677.377,434.899,0.463,0.297262,0.0,0,0.023071331,1.299298443,1.323307720682496
GUHGOH_clean,4.13291,2.769,4.13291,2.19053,0.0,0.0,108.815,49.6751,0.4008,0.182969,0.0,1,0.001099204,0.099180463,0.10787528478375051
GUHMIH_clean,13.3149,6.32995,13.3149,0.498432,2835.47,5688.77,0.0,0.0,0.778,1.5609,0.0,1,0.003365776,0.35290301,0.3404243887900001
GUHNUU_clean,8.22186,5.12827,8.22186,0.946932,1929.01,2037.11,0.0,0.0,0.6218,0.656647,0.0,1,0.00396092,0.381169514,0.3797593448662496
GUHPAC_clean,8.2386,5.1093,8.2386,0.972915,1925.54,1979.14,0.0,0.0,0.6264,0.643838,0.0,1,0.003963135,0.390850728,0.37964136235749957
GUHPEG_clean,5.72092,4.53231,5.72092,1.21796,1067.45,876.424,0.0,0.0,0.5332,0.437781,0.0,1,0.003898798,0.35808351,0.3592229719625007
GUJGAU_clean,4.66296,2.95254,4.66296,1.64426,0.0,0.0,636.356,387.016,0.4316,0.262488,0.0,0,0.001900872,0.173954488,0.1790712695999996
GUJGEY_clean,4.66121,2.89757,4.66121,1.69984,0.0,0.0,615.816,362.279,0.438,0.257672,0.0,0,0.001851153,0.166946759,0.1690416892712496
GUJREK01_clean,6.68707,6.10275,6.68707,1.23624,984.626,796.47,83.5539,67.5873,0.5306,0.429206,0.0,1,0.002471402,0.240672966,0.23604982976124933
GUJREK_clean,6.69718,6.09535,6.69718,1.23624,986.103,797.665,80.349,64.9948,0.5296,0.428397,0.0,1,0.002508873,0.231472062,0.24359653148625007
GUJTOV_clean,3.55107,2.61724,3.54598,2.22754,0.0,0.0,26.5958,11.9395,0.3816,0.17131,0.0,1,0.000102888,0.00833178,0.010901632048750092
GUJVIR_clean,3.94229,2.80491,3.94229,1.50557,0.0,0.0,250.959,166.687,0.455,0.302211,0.0,1,0.001662008,0.148507192,0.15866993528499992
GUJVOX_clean,3.98106,2.74095,3.93078,1.347,0.0,0.0,298.006,221.237,0.4424,0.328434,0.0,1,0.002249435,0.196374177,0.21701872424625082
GUKFEY_clean,5.44718,4.31032,5.44265,0.953017,1818.67,1908.33,0.0,0.0,0.6068,0.636715,0.0,1,0.00639435,0.613380578,0.5759379704337468
GUKNIK_clean,4.13183,3.25092,4.13183,1.88296,0.0,0.0,308.45,163.811,0.4424,0.234949,0.0,0,0.001003187,0.09150657,0.09935865478125008
GUKXIU_clean,4.00797,2.85782,3.79346,2.8046,0.0,0.0,211.355,75.3601,0.3234,0.115311,0.0,1,0.002034978,0.183925459,0.18710742022499946
GUKYUI_clean,4.85912,4.51007,4.85912,1.20599,627.214,520.082,14.592,12.0996,0.4608,0.382092,0.0,0,0.001627815,0.145788769,0.1571800875550006
GUKZAO_clean,6.06489,4.97271,6.06019,1.23962,1992.38,1607.25,0.0,0.0,0.6032,0.486602,0.0,1,0.004547854,0.429406988,0.4352091621249999
GULBAR_clean,4.47722,3.75995,4.47722,1.44705,840.737,581.002,0.0,0.0,0.4724,0.326458,0.0,1,0.008486515,0.681205382,0.6947559478037479
GULCAS_clean,4.32787,3.5712,4.32787,1.83607,854.103,465.181,0.0,0.0,0.4892,0.266439,0.0,1,0.007893559,0.652435833,0.635554553282497
GULPIN_clean,4.25802,3.49743,4.22359,1.39734,591.978,423.648,0.0,0.0,0.4574,0.327337,0.0,1,0.004302214,0.362731416,0.40340610724500076
GULVUF_clean,16.10036,15.32514,16.09835,0.674334,1617.68,2398.93,0.0,0.0,0.7312,1.08433,0.0,0,0.00326028,0.307456644,0.3160550572212513
GULWAM_clean,8.69308,7.48414,8.68762,0.756867,2252.53,2976.13,0.0,0.0,0.7044,0.930679,0.0,0,0.003782061,0.358866496,0.3692011232449996
GULWEQ_clean,15.98104,7.52003,15.97479,0.734572,1758.78,2394.29,252.635,343.921,0.7614,1.03652,0.0,1,0.002982643,0.297829209,0.290097608845
GULWIU_clean,11.05938,6.30446,11.02908,0.918977,2242.53,2440.24,0.0,0.0,0.738,0.803067,0.0,1,0.002464604,0.250296339,0.2309269530512499
GULWOA_clean,7.6136,7.16835,7.6136,1.27683,1846.33,1446.03,0.0,0.0,0.6334,0.496073,0.0,1,0.001483615,0.155471479,0.15052723772125
GUMBIA_clean,4.76441,3.35731,4.72961,1.17543,1025.21,872.202,0.0,0.0,0.5114,0.435076,0.0,1,0.004094019,0.381013207,0.3807696900912494
GUMDEZ_clean,5.27869,4.82624,5.26972,1.35338,1171.24,865.416,0.0,0.0,0.5066,0.374323,0.0,0,0.019578181,1.297622797,1.2372008174000058
GUNFAW01_neutral,9.61074,7.33598,9.61074,0.662989,2371.82,3577.46,0.0,0.0,0.7958,1.20032,0.0,0,0.001516208,0.154333095,0.15354789249500034
GUNZIA_clean,5.83475,4.30482,5.82509,1.2153,836.856,688.601,251.586,207.016,0.5296,0.435778,0.0,0,0.005965348,0.493095799,0.5229222697799997
GUPBEZ02_clean,23.87093,10.84779,23.87093,0.911245,1630.75,1789.58,0.0,0.0,0.8024,0.880553,0.0,1,0.000927923,0.090020602,0.09123623460499947
GUPBUP_SL,12.69031,3.67391,12.69031,0.919646,1552.86,1688.54,0.0,0.0,0.6966,0.757465,0.0,0,0.001165822,0.12207999,0.1254621325150011
GUPCAW_clean,13.64672,8.62891,13.57643,0.814725,1868.84,2293.83,0.829839,1.01855,0.7426,0.911474,0.0,0,0.00132084,0.14094152,0.13043724458625144
GUPDEB_clean,20.68684,7.65386,20.68684,0.945467,1548.81,1638.15,1.11326,1.17747,0.7196,0.761105,0.0,0,0.001457827,0.141808443,0.14074975671250112
GUPJEG01_clean,3.68475,3.35645,3.68475,1.55092,183.564,118.358,0.0,0.0,0.3852,0.248368,0.0,0,0.000621844,0.062339499,0.061725725074999786
GUPJEG_clean,3.71266,3.38841,3.71266,1.53595,205.964,134.096,0.0,0.0,0.3906,0.254306,0.0,0,0.000770403,0.081729715,0.07027032038624982
GUPNUC01_clean,4.3857,2.67312,4.3857,1.55126,0.0,0.0,727.902,469.232,0.5808,0.374405,0.0,0,0.000864882,0.094443932,0.0868750014112497
GUPNUC_clean,4.32964,2.70763,4.32964,1.56915,0.0,0.0,668.521,426.041,0.566,0.360706,0.0,0,0.000892546,0.086649804,0.0867513143974996
GUPREQ_clean,6.00262,3.86824,5.65571,1.31,1012.28,772.734,0.0,0.0,0.4954,0.378168,0.0,1,0.00361633,0.34218683,0.3322840240962492
GUQTOB_clean,3.95311,3.16468,3.95311,2.71398,0.0,0.0,353.909,130.402,0.4128,0.152101,0.0,1,0.003004244,0.239789866,0.28116608322125
GUQWOG_clean,7.33297,4.64507,7.06229,0.957966,1896.24,1979.44,0.0,0.0,0.6126,0.63948,0.0,0,0.004692413,0.449630621,0.44222085330125077
GURPIT_clean,9.17432,7.72525,9.0966,0.709696,2365.23,3332.74,0.0,0.0,0.7732,1.08948,0.0,0,0.001671452,0.158468027,0.1685978011762509
GURPUF_clean,9.46604,8.41122,9.46604,0.69659,2357.29,3384.04,0.0,0.0,0.789,1.13266,0.0,0,0.001606759,0.158496349,0.15878874906375137
GURZID01_clean,3.82163,2.93079,3.80757,2.09127,0.0,0.0,221.816,106.068,0.466,0.222831,0.0,1,0.001872566,0.181928311,0.17075854986374936
GURZID_clean,3.81217,2.93929,3.79549,2.0912,0.0,0.0,224.558,107.383,0.4508,0.21557,0.0,1,0.001950772,0.189491664,0.18583114576374984
GUSCIH_clean,4.84675,2.56071,4.84412,1.85945,0.0,0.0,558.01,300.094,0.4368,0.234908,0.0,1,0.001801139,0.164415117,0.16721518672374977
GUSJOU_clean,6.46175,4.9377,6.46175,1.4824,1450.9,978.754,0.0,0.0,0.5424,0.365894,0.0,1,0.003381285,0.310181285,0.32178649967500106
GUSMAJ_clean,4.67375,3.80751,4.66389,1.32281,575.521,435.074,0.0,0.0,0.4708,0.355908,0.0,0,0.006031933,0.476756066,0.5350804696950002
GUSNEN_SL,3.06406,2.5329,3.06406,1.52909,0.0,0.0,0.0,0.0,0.4272,0.279381,0.0,0,0.0,5.36e-05,4.170197625000022e-05
GUTYIE_clean,5.62453,4.16158,5.60554,1.07616,1629.52,1514.21,0.0,0.0,0.6326,0.587833,0.0,0,0.006847007,0.621875929,0.6149339660425001
GUVBEF_clean,3.9698,2.59137,3.9698,3.15458,0.0,0.0,318.868,101.081,0.4814,0.152604,0.0,0,0.001492283,0.147207247,0.1444634250887499
GUVBOQ_clean,8.83128,4.93156,8.81323,1.43518,1000.0,696.779,0.0,0.0,0.4548,0.316894,0.0,1,0.003165642,0.262406007,0.29648551977750026
GUVCOP_clean,5.74545,3.94509,5.74323,1.37815,1848.48,1341.28,0.0,0.0,0.614,0.445526,0.0,1,0.001879419,0.187944102,0.1805438035662488
GUVKUE_clean,8.21847,7.49363,8.20971,1.22679,2052.71,1673.24,0.0,0.0,0.664,0.54125,0.0,0,0.002587856,0.246453944,0.25598320937999963
GUVLAL_clean,8.46005,7.97124,8.46005,1.21092,2060.95,1701.98,0.0,0.0,0.6704,0.55363,0.0,1,0.002616822,0.253020028,0.26292771798249953
GUVZII_clean,11.49557,10.72535,11.49539,1.14498,1547.17,1351.26,0.0,0.0,0.6402,0.559135,0.0,1,0.002848738,0.278663958,0.2847730788612483
GUWDUY_clean,6.18049,4.11372,6.17321,0.97822,1677.34,1714.69,0.0,0.0,0.6008,0.614177,0.0,0,0.004723397,0.435924491,0.4401453659025002
GUXJUF_clean,4.84037,3.9654,4.82716,1.41449,886.753,626.908,0.0,0.0,0.4542,0.321106,0.0,1,0.001396101,0.137533215,0.1337121249237501
GUXLIU_clean,3.7664,2.40014,3.56743,1.89462,0.0,0.0,69.0152,36.427,0.3566,0.188218,0.0,1,0.000523412,0.060376038,0.0515385308187497
GUXPOF_clean,5.62972,5.12114,5.55282,1.20445,928.209,770.649,0.0,0.0,0.499,0.414297,0.0,1,0.00187341,0.186141081,0.1737169785737497
GUXQAR_clean,3.675,2.97127,3.675,1.76327,0.0,0.0,126.316,71.6376,0.4066,0.230595,0.0,0,0.000760331,0.077470858,0.06960111300749972
GUXSEY_clean,6.24254,3.72061,6.24254,1.49869,1194.16,796.807,0.0,0.0,0.5316,0.354711,0.0,0,0.008248015,0.704171978,0.698270639551247
GUXSIC_clean,6.13867,3.70141,6.13867,1.60239,1120.27,699.126,0.0,0.0,0.517,0.322643,0.0,0,0.0083415,0.717127125,0.7033214717812477
GUXZIJ_clean,5.81008,4.95296,5.55484,2.37336,1506.6,634.795,0.0,0.0,0.5624,0.236964,0.0,1,0.002683396,0.251477929,0.24937782339374948
GUXZUV_clean,6.58785,4.88173,6.58785,1.68165,1430.07,850.397,0.0,0.0,0.5722,0.340261,0.0,1,0.004290192,0.399128574,0.4170567979437497
GUYBAE_clean,5.86532,5.19351,5.73822,2.36156,1533.32,649.284,0.0,0.0,0.5552,0.235099,0.0,1,0.002656668,0.243969354,0.24813542949249967
HABKOM_clean,4.47332,3.10499,4.47332,2.17725,0.0,0.0,568.639,261.173,0.4806,0.220737,0.0,1,0.017905299,1.068020373,0.9678450056749962
HABQUY_clean,25.71531,12.0883,18.82078,0.289452,1646.58,5688.62,0.0,0.0,0.8738,3.01881,0.0,1,0.003597671,0.376103482,0.35441719176625147
HABRAF_manual,24.30948,9.03515,24.30948,0.38234,1867.98,4885.64,0.0,0.0,0.8462,2.21321,0.0,1,0.003570917,0.368716412,0.3575020868700012
HABREJ_clean,7.22153,5.5004,7.20678,0.929467,1805.81,1942.84,0.0,0.0,0.6346,0.682757,0.0,1,0.006112628,0.554561458,0.5680102596712466
HABRIN_clean,3.86703,2.43469,3.54029,1.47217,0.0,0.0,78.6104,53.3977,0.4136,0.280946,0.0,1,0.000569598,0.054125956,0.06061167672249962
HABZEQ_clean,4.22175,2.48697,3.94808,1.65675,0.0,0.0,462.98,279.451,0.4186,0.252664,0.0,1,0.003567559,0.301253692,0.32234798642249674
HADDOI_clean,5.28646,3.07017,5.25316,1.66255,0.0,0.0,167.089,100.502,0.3946,0.237347,0.0,1,0.004255761,0.233054028,0.3788242455537509
HADLOQ01_clean,10.03253,9.59417,10.02623,0.699735,1785.38,2551.51,0.0,0.0,0.7038,1.00581,0.0,0,0.003441648,0.337577863,0.3420547679399999
HADPOU_clean,4.62887,4.08311,4.62887,1.93861,903.412,466.011,0.0,0.0,0.5016,0.258742,0.0,1,0.004995364,0.446249221,0.44620421063374954
HADQUA_clean,4.81461,3.51016,4.81159,1.02272,1546.56,1512.21,0.0,0.0,0.5746,0.561836,0.0,0,0.017945462,1.284327835,1.298150555268754
HADXIW_clean,4.67426,4.35266,4.67426,2.30119,853.786,371.02,0.0,0.0,0.5434,0.236139,0.0,1,0.000872447,0.081504002,0.08657858331749964
HADYAP_clean,3.99663,3.23619,3.99663,2.35836,0.0,0.0,347.857,147.499,0.5064,0.214725,0.0,1,0.001612235,0.152669631,0.15168974529625018
HAFGUQ_clean,5.00398,3.75819,5.00288,1.4388,1552.49,1079.02,0.0,0.0,0.603,0.4191,0.0,0,0.007958813,0.705154782,0.6706603713587498
HAFSOZ_clean,6.82545,2.91099,6.82258,1.28721,0.0,0.0,1087.16,844.587,0.5828,0.452762,0.0,1,0.006689591,0.594397198,0.5807422980237525
HAFTOZ_clean,15.37241,7.5238,15.37241,0.554007,2040.18,3682.59,0.0,0.0,0.7832,1.4137,0.0,0,0.002684544,0.265399062,0.27140193199375007
HAFVOB_clean,5.59823,4.10574,5.59823,0.989877,1624.62,1641.23,0.0,0.0,0.559,0.564717,0.0,1,0.006286402,0.567157038,0.5651443739362477
HAFVUH_SL,7.26111,7.14037,7.26111,0.948615,1661.34,1751.34,0.0,0.0,0.5896,0.621538,0.0,0,0.006044303,0.586190946,0.5654037486037482
HAFWIW_clean,5.35067,4.98225,5.35067,1.31519,1804.28,1371.88,0.0,0.0,0.6304,0.479324,0.0,1,0.001992506,0.209577957,0.19490602594875062
HAHCUR_clean,7.19827,5.98763,7.19827,1.10603,1324.83,1197.82,0.0,0.0,0.546,0.493657,0.0,0,0.004386856,0.423398983,0.4275180429762514
HAHPOW_clean,9.6196,8.46967,9.6196,1.47235,624.294,424.013,93.3885,63.4283,0.498,0.338235,0.0,1,0.00087837,0.087808382,0.08891475464499955
HAJDII_clean,7.11031,6.37447,7.11031,1.26291,989.015,783.122,12.4903,9.89007,0.5394,0.427108,0.0,0,0.001825724,0.172829362,0.17183914004125106
HAJJAE_clean,3.57551,3.00678,3.55793,1.7228,0.0,0.0,19.8424,11.5176,0.3962,0.229975,0.0,1,3.73e-05,0.003045003,0.003083534697500005
HAJLEK_clean,5.87742,3.45437,5.87742,1.36069,369.973,271.901,0.0,0.0,0.367,0.269716,0.0,0,0.002644544,0.220841189,0.23984681376375022
HAJLIO_clean,5.88281,3.51824,5.88281,1.36262,373.489,274.096,0.0,0.0,0.3676,0.269774,0.0,0,0.002719959,0.216408478,0.2435750790362494
HAJLOU_clean,5.886,3.5289,5.886,1.35798,373.139,274.776,0.0,0.0,0.3686,0.271433,0.0,0,0.002602647,0.216560983,0.23966108629625046
HAJLUA_clean,5.93833,3.59787,5.73261,1.34629,399.566,296.791,0.0,0.0,0.3782,0.28092,0.0,0,0.0024669,0.211290331,0.22578976923374955
HAJMAH_clean,5.98029,3.63688,5.98029,1.32826,401.891,302.571,0.0,0.0,0.3816,0.287294,0.0,0,0.002312719,0.200304916,0.2194870011975
HAJMEL_clean,5.95786,3.62462,5.74689,1.33025,394.105,296.264,0.0,0.0,0.3816,0.286863,0.0,0,0.002316142,0.198214323,0.21884692324999985
HAJMIQ_clean,13.26244,6.64572,13.26244,0.873197,2121.07,2429.08,0.0,0.0,0.7212,0.825931,0.0,1,0.004698826,0.411186688,0.4312777906300013
HAJPEQ_clean,6.11767,3.57208,6.10936,1.00677,852.908,847.173,0.0,0.0,0.5204,0.516901,0.0,1,0.008046135,0.613044682,0.6785355992600016
HAJRES_clean,5.28648,3.63417,5.2773,0.904106,536.331,593.217,509.7,563.762,0.5196,0.574711,0.0,0,0.010704951,0.771603662,0.8759072800000007
HAJYEZ_clean,5.05238,3.74879,4.99149,1.49581,731.65,489.133,0.0,0.0,0.4222,0.282255,0.0,1,0.008049167,0.612106611,0.6207382345137468
HAKCAZ_clean,7.25791,5.03113,6.91895,1.17911,1594.01,1351.88,0.0,0.0,0.5908,0.501055,0.0,1,0.005294247,0.491728361,0.47411737751750066
HAKCIG_clean,5.39588,2.97433,5.39588,1.38697,0.0,0.0,441.553,318.358,0.4434,0.31969,0.0,1,0.003931749,0.335332712,0.343726465149999
HAKSAQ_clean,8.06664,3.9387,8.06075,1.15948,1831.32,1579.42,0.0,0.0,0.63,0.543345,0.0,0,0.007359862,0.66509055,0.6690066501950014
HAKSEU_clean,8.08706,3.61748,7.36025,1.26635,1637.77,1293.3,0.0,0.0,0.6148,0.485489,0.0,1,0.006077786,0.565062644,0.562299211906247
HAKSIY_clean,8.0725,3.53077,8.06497,1.03469,1587.07,1533.85,0.0,0.0,0.6072,0.58684,0.0,1,0.005868652,0.552903617,0.5349455025312481
HAKSOE_clean,8.12438,3.16932,7.7661,1.38913,0.0,0.0,1364.11,981.992,0.6104,0.439413,0.0,1,0.007472275,0.64808225,0.6372142183650013
HAKTAR_clean,8.14226,3.27028,7.02069,1.26185,0.0,0.0,1433.18,1135.78,0.6064,0.480565,0.0,1,0.006181702,0.559710656,0.5414214813075006
HAKTOF_clean,8.10985,2.73318,7.84132,1.46538,0.0,0.0,1193.47,814.443,0.561,0.382837,0.0,1,0.008379043,0.729395044,0.6986831755062507
HAKVAT_clean,8.08223,2.59257,7.22049,1.47894,0.0,0.0,1117.41,755.551,0.5516,0.37297,0.0,1,0.00753222,0.677533759,0.6249833082774993
HAKVOH_clean,9.12551,3.7795,9.11836,1.17123,1785.15,1524.17,0.0,0.0,0.6208,0.530041,0.0,1,0.003612066,0.352436361,0.34456365384750176
HAKVUN_clean,8.02196,4.1722,8.01469,1.33184,2031.27,1525.15,0.0,0.0,0.6558,0.4924,0.0,1,0.006040517,0.580412835,0.5630429595324972
HAKWAU_clean,7.77196,4.02298,7.7515,0.967928,1840.06,1901.03,0.0,0.0,0.6374,0.65852,0.0,1,0.004974329,0.497158426,0.45398481108500044
HAKWUM_clean,3.50559,2.63697,3.50084,2.2254,0.0,0.0,37.2732,16.749,0.4224,0.189809,0.0,1,0.000664943,0.066881749,0.06658602788874995
HALQUJ_clean,5.83271,4.11171,5.82021,0.775057,2252.16,2905.8,0.0,0.0,0.6658,0.859034,0.0,0,0.004544412,0.453210244,0.43565054945375026
HALVAU_clean,7.2529,4.09487,7.24788,1.02599,1723.2,1679.54,0.0,0.0,0.6096,0.594156,0.0,1,0.003838808,0.371737077,0.36840446258000076
HAMJOW_clean,5.97637,5.66826,5.96867,0.916107,2203.56,2405.35,0.0,0.0,0.6442,0.703193,0.0,1,0.006855073,0.64055402,0.6028012276550004
HAMLIT_clean,7.60143,4.74827,7.04866,1.03116,1778.09,1724.35,0.0,0.0,0.6042,0.58594,0.0,1,0.006610563,0.583860451,0.6057958482262493
HAMREU_clean,7.3712,5.08597,7.3712,1.79786,881.924,490.542,0.0,0.0,0.4552,0.25319,0.0,0,0.001902086,0.177521427,0.17856998434874968
HAMRIY_clean,7.12952,5.0191,7.12952,1.96935,853.811,433.551,0.0,0.0,0.434,0.220378,0.0,0,0.001916998,0.179751503,0.1789106292112497
HANKUE_clean,11.04769,6.93986,11.04769,1.01875,2416.33,2371.86,7.87226,7.72737,0.7184,0.705177,0.0,1,0.003865332,0.364445232,0.37560524044874904
HANWAW_clean,11.32674,4.96034,11.30095,0.840493,2065.42,2457.39,0.0,0.0,0.7018,0.834987,0.0,1,0.005230639,0.471644859,0.4746058132712501
HAOAER_clean,3.29121,2.51821,3.29121,2.53304,0.0,0.0,0.0,0.0,0.3904,0.154123,0.0,1,3.61e-05,0.003417139,0.0030425153749999933
HAPBAE_clean,7.19899,4.51752,7.19899,1.177,1685.21,1431.79,101.434,86.1807,0.6014,0.510961,0.0,1,0.002328004,0.219478514,0.22412793713499973
HAPBEI_clean,7.40345,4.51665,7.18933,1.1831,1645.32,1390.68,107.302,90.6958,0.5974,0.504945,0.0,1,0.002278902,0.216449242,0.22442666626249955
HAPBIM_clean,7.3635,4.07388,7.35928,1.22764,1566.0,1275.62,0.0,0.0,0.6092,0.496238,0.0,1,0.00165812,0.16127178,0.1669489300350001
HAPGIR_clean,6.12679,5.53694,6.11946,1.24903,1460.77,1169.52,0.0,0.0,0.5518,0.441784,0.0,1,0.003810388,0.35609908,0.36148423310125066
HAPHUD_clean,8.47502,6.8337,8.46296,0.827108,1882.02,2275.42,0.0,0.0,0.6618,0.800137,0.0,1,0.003472054,0.343003192,0.34375415235249973
HAPNEU_clean,7.1275,4.47989,7.11656,1.12613,1773.48,1574.85,0.0,0.0,0.6,0.5328,0.0,1,0.00242145,0.235880125,0.22793394495500055
HAPNOE_clean,5.80604,3.7042,5.80604,1.49141,1358.54,910.909,0.0,0.0,0.535,0.358721,0.0,1,0.002302844,0.216999948,0.2180527736612502
HAPNUK_clean,5.80307,3.70444,5.7954,1.49676,1370.95,915.947,0.0,0.0,0.5352,0.357572,0.0,1,0.002333821,0.218299469,0.21813925017125016
HAPPAS_clean,5.66478,3.61524,5.6614,1.54511,1255.98,812.875,0.0,0.0,0.5282,0.341853,0.0,1,0.00237921,0.225983637,0.21848569833874998
HAPVAX_clean,4.77798,4.3693,4.77798,2.75276,1214.15,441.064,0.0,0.0,0.4816,0.174951,0.0,1,0.001759581,0.159913691,0.16674625831999942
HAPVEB_clean,4.76596,4.34263,4.75951,2.7741,1216.03,438.349,0.0,0.0,0.4794,0.172813,0.0,1,0.001719926,0.161173545,0.16419407276124967
HAQJIV_clean,10.92187,6.16089,10.13253,0.730979,2352.02,3217.63,0.0,0.0,0.744,1.01781,0.0,1,0.004896155,0.463424555,0.44992099724875056
HAQKES_clean,7.18365,5.84135,6.93817,1.26274,1917.74,1518.71,0.0,0.0,0.6256,0.495429,0.00158385,1,0.001686556,0.15720376,0.1670979470600005
HAQRID_clean,8.35999,7.36684,8.31122,1.01133,1835.07,1814.52,0.0,0.0,0.6542,0.646874,0.0,1,0.004185215,0.417717364,0.40383138499124827
HARGUC_clean,4.73532,2.44593,4.73193,2.24701,0.0,0.0,469.409,208.904,0.3996,0.177837,0.0,1,0.001454229,0.132708495,0.13024257113999996
HARNAR_clean,4.02535,2.83611,3.96371,1.73333,0.0,0.0,362.398,209.076,0.4452,0.256846,0.0,1,0.00078314,0.076895819,0.07259177543374992
HASMIZ_clean,9.9371,5.9051,9.93469,0.740129,2096.9,2833.15,0.0,0.0,0.687,0.928217,0.0,0,0.002998858,0.303278286,0.29693318105374994
HASNIB_clean,5.40755,4.36097,5.2762,1.74872,1493.17,853.86,0.0,0.0,0.5666,0.324008,0.0,1,0.001835606,0.170663707,0.17529846803374938
HASNOH_clean,5.38898,4.39397,5.38845,1.86317,1402.69,752.852,0.0,0.0,0.5556,0.298201,0.0,1,0.002133476,0.202999716,0.2041130767775007
HASNUN_clean,5.53374,4.52225,5.53374,1.71424,1549.27,903.767,0.0,0.0,0.5698,0.332393,0.0,1,0.001632355,0.161268136,0.1593521600837512
HASTAY_clean,6.39369,3.9398,5.95965,1.27695,1466.95,1148.79,0.116669,0.0913651,0.5758,0.450916,0.0,1,0.005426641,0.48427155,0.48507532816249765
HATZOS02_clean,4.8576,4.0805,4.8576,1.31729,1109.65,842.374,1.31609,0.999089,0.544,0.41297,0.0,1,0.002158974,0.211075393,0.2069213982737509
HATZOS_clean,4.85832,4.07746,4.85832,1.31771,1115.31,846.4,1.47769,1.12141,0.531,0.402973,0.0,1,0.002094776,0.210939863,0.20216857305375083
HAVVUX_clean,8.34589,6.74867,8.34589,2.21863,955.771,430.794,0.0,0.0,0.5032,0.226807,0.0,1,0.001035054,0.105531317,0.10159102141750076
HAVYOU_clean,4.22473,3.06148,4.20673,3.9686,0.0,0.0,392.911,99.0048,0.435,0.10961,0.0,1,0.000339592,0.033006108,0.03366627449749988
HAVZIP_clean,12.95456,9.6087,12.76631,0.416845,1954.8,4689.52,0.0,0.0,0.815,1.95516,0.0,1,0.003122969,0.300365682,0.30447408713749924
HAWREE_clean,5.95677,4.26157,5.93982,1.29463,1394.9,1077.46,0.0,0.0,0.5154,0.398107,0.0,0,0.004408566,0.400749012,0.41944097778625045
HAWVAE_clean,5.43472,3.75459,5.43472,1.57273,1218.49,774.765,0.0,0.0,0.5248,0.333688,0.0,0,0.006406552,0.544350384,0.5521545438174997
HAWVEI_clean,5.44774,3.7649,5.44192,1.50867,1222.23,810.136,0.0,0.0,0.526,0.348652,0.0,0,0.005985287,0.523708274,0.5354188731162492
HAWVIM_clean,5.41474,3.72498,5.39995,1.55868,1201.98,771.152,0.0,0.0,0.522,0.334898,0.0,0,0.00660234,0.543759109,0.5793792617137502
HAWVOS_clean,5.41179,3.71334,5.38603,1.62695,1198.02,736.358,0.0,0.0,0.519,0.319002,0.0,0,0.006599039,0.551530794,0.5780114623862501
HAWVUY_clean,5.4288,3.7248,5.42521,1.58725,1209.7,762.135,0.0,0.0,0.523,0.3295,0.0,0,0.006447678,0.549599529,0.5510486394324998
HAWWAF_clean,5.36818,3.69998,5.3038,1.61776,1179.03,728.804,0.0,0.0,0.5186,0.320567,0.0,0,0.006759574,0.56878622,0.5783559988
HAWWEK_clean,6.09263,4.09444,6.07646,0.818977,2614.48,3192.37,0.0,0.0,0.6796,0.829816,0.0,0,0.003336075,0.337546504,0.3343587784087505
HAWWIN_clean,6.94632,6.00048,6.94632,1.03663,2578.05,2486.94,0.0,0.0,0.6936,0.669088,0.0,1,0.002901123,0.281368543,0.2894118975200006
HAWWOT_clean,7.05521,6.39517,7.05449,1.0177,2567.24,2522.59,0.0,0.0,0.6952,0.683108,0.0,1,0.002730316,0.26699853,0.26794780617250036
HAWWUZ_clean,6.85987,6.20916,6.70163,1.02767,2542.94,2474.47,0.0,0.0,0.6868,0.668309,0.0,1,0.002872438,0.271606426,0.28907946204250073
HAWZEM_clean,4.83947,3.74089,4.83947,1.28408,1060.99,826.263,0.0,0.0,0.5012,0.390319,0.0,1,0.014726087,1.085390399,1.0667114175787555
HAXJEX_clean,3.71072,3.23507,3.71072,1.69059,0.0,0.0,80.3189,47.5093,0.3872,0.229032,0.0,1,0.00046592,0.050047433,0.04548783235124996
HAXMUP_clean,8.05193,5.7692,8.05193,1.0871,1247.11,1147.19,0.0,0.0,0.6042,0.555788,0.0,1,0.000829846,0.079018393,0.08373711997999983
HAYLIE_clean,7.09546,5.16312,7.09546,0.822497,1782.71,2167.43,0.0,0.0,0.6384,0.776173,0.0,1,0.003177844,0.31814316,0.30713539091875225
HAYTEI_clean,5.26687,3.18226,4.90891,1.3765,0.0,0.0,840.478,610.59,0.5176,0.376026,0.0,1,0.001709627,0.168475556,0.16340257113250015
HAZGOF01_clean_h,3.88897,3.02184,3.62207,1.23879,0.0,0.0,101.083,81.5986,0.4936,0.398455,0.0,0,0.000678036,0.068918169,0.06914451238624962
HAZGOF02_clean_h,3.85223,2.95905,3.61217,1.23872,0.0,0.0,98.4661,79.4901,0.494,0.398798,0.0,0,0.000556383,0.059225293,0.0599974231649996
HAZGOF03_clean_h,3.92084,2.99139,3.73553,1.23924,0.0,0.0,115.847,93.4824,0.4872,0.393145,0.0,0,0.000747808,0.07914417,0.07088284378249968
HAZGOF04_clean_h,3.91146,2.97152,3.79366,1.242,0.0,0.0,96.9514,78.061,0.4792,0.385831,0.0,0,0.000595742,0.057275268,0.06232281519874971
HAZGOF05_clean_h,3.91448,2.96952,3.80678,1.24333,0.0,0.0,96.0817,77.2775,0.4826,0.38815,0.0,0,0.000606476,0.058203766,0.06233968404749972
HAZGOF06_clean_h,3.90842,2.98497,3.80382,1.24473,0.0,0.0,93.5276,75.1387,0.4794,0.385143,0.0,0,0.000590375,0.060035716,0.061791521511249614
HAZGOF07_clean_h,3.8697,2.98231,3.76224,1.24619,0.0,0.0,91.9242,73.764,0.4808,0.385815,0.0,0,0.000651201,0.058151885,0.06705575752749952
HAZGOF08_clean_h,3.9069,2.98365,3.78989,1.2477,0.0,0.0,101.411,81.2783,0.4828,0.386951,0.0,0,0.000570695,0.062772907,0.061376558464999544
HAZGOF_clean,3.97321,3.0014,3.78574,1.2409,0.0,0.0,152.145,122.608,0.4992,0.402288,0.0,0,0.001000059,0.104594677,0.09811349650250017
HAZNED_clean,4.86872,2.92753,4.86872,2.00125,0.0,0.0,500.778,250.233,0.4086,0.204172,0.0,0,0.006780408,0.459031795,0.53484605061375
HAZNIH_clean,4.8647,2.92988,4.8647,2.00197,0.0,0.0,487.689,243.605,0.4286,0.21409,0.0,0,0.006769462,0.46479325,0.5360853049837498
HAZNON_clean,4.92903,2.60838,4.91802,2.01241,0.0,0.0,441.991,219.633,0.4286,0.212979,0.0,0,0.00639233,0.427209675,0.5026112505175017
HAZWIP_clean,6.08536,5.42004,6.08536,0.76282,3171.25,4157.27,0.0,0.0,0.7336,0.961695,0.0,1,0.003076155,0.304199744,0.3029301246137501
HEBJAB_clean,4.69189,4.1551,4.68505,1.19151,652.957,548.006,0.0,0.0,0.4618,0.387574,0.0,1,0.0015651,0.152231374,0.15233692010875044
HEBKEG_clean,5.17721,3.88044,5.16559,1.56809,1108.64,706.999,0.0,0.0,0.4678,0.298324,0.0,0,0.00438699,0.398607594,0.41633737732374976
HEBNIN_clean,5.00989,4.14842,5.00989,2.07402,1561.26,752.77,0.0,0.0,0.5908,0.284857,0.0,1,0.001468947,0.136695161,0.14087452037249923
HEBNOT_clean,6.16705,5.25559,6.16705,2.0588,1791.16,870.001,0.0,0.0,0.601,0.291917,0.0,1,0.001311896,0.127862496,0.12838583956125066
HEBTAL_clean,4.70614,3.03297,4.70614,1.23596,0.0,0.0,810.622,655.866,0.5042,0.407943,0.0,1,0.00540653,0.488551936,0.45169722070374957
HEBTEP_clean,4.72106,3.05363,4.71798,1.2672,0.0,0.0,844.114,666.124,0.524,0.413509,0.0,1,0.006976541,0.599170296,0.5700928127875
HEDBEZ_clean,5.55376,3.62598,5.46848,2.06178,1285.48,623.479,0.0,0.0,0.5464,0.265014,0.0,1,0.001901024,0.179026387,0.17951649710749937
HEDBID_clean,5.55564,3.58661,5.41937,2.08307,1276.82,612.952,0.0,0.0,0.5458,0.262017,0.0,1,0.001940684,0.177493834,0.18459880157999964
HEDBOJ_clean,6.12669,4.55303,6.11551,2.25914,1566.11,693.232,0.0,0.0,0.5588,0.247351,0.0,1,0.000988368,0.096983497,0.09352469001999981
HEDBUP_clean,6.082,4.53553,6.07141,2.27942,1559.62,684.218,0.0,0.0,0.5574,0.244536,0.0,1,0.000976146,0.096750103,0.09109500014499963
HEDCAW_clean,8.17736,6.62352,8.16605,0.938004,1961.34,2090.97,0.0,0.0,0.6256,0.666948,0.0,1,0.003671198,0.348507978,0.360893830761251
HEDCEA_clean,4.75561,2.92557,4.72634,1.27525,0.0,0.0,489.429,383.789,0.4862,0.381257,0.0,0,0.006509901,0.476818936,0.5600284099874998
HEDCIE_clean,6.94357,6.25435,6.88861,1.02856,1661.58,1615.44,0.0,0.0,0.5918,0.575367,0.0,1,0.003718964,0.363332714,0.35896610044250093
HEDGUS_clean,3.49905,2.94252,3.48387,1.74568,0.0,0.0,16.2872,9.33004,0.3924,0.224784,0.0,1,1.55e-05,0.00152057,0.0016494758199999966
HEDTER_clean,4.77494,2.7809,4.77083,1.08402,0.0,0.0,388.468,358.36,0.4938,0.455528,0.0,1,0.004706068,0.361928674,0.40929399604625255
HEFDED_clean,6.92505,4.2277,6.91906,1.17857,874.958,742.388,0.0119262,0.0101192,0.491,0.416606,0.0,0,0.000876779,0.085060315,0.08793663122999906
HEFDIH_clean,4.92199,2.61069,4.92199,1.41969,0.0,0.0,196.276,138.252,0.3854,0.271467,0.0,0,0.000276089,0.027208935,0.026434532162500014
HEFDON_clean,9.34267,6.30544,9.30322,1.26616,1290.92,1019.56,0.0,0.0,0.564,0.445443,0.0,1,0.00354426,0.341238502,0.33137811618624974
HEFFEF_clean,9.54316,8.35297,9.54316,1.17123,1191.49,1017.3,0.0,0.0,0.5608,0.478813,0.0,1,0.003307999,0.304963908,0.3205531667775013
HEFVAR_clean,4.22955,3.7824,4.22684,1.70241,256.239,150.515,0.0,0.0,0.3872,0.227442,0.0,1,0.001167985,0.101652181,0.11690409372375006
HEGCEB_clean,5.1693,4.46656,5.1693,1.06371,1875.59,1763.26,0.0,0.0,0.6372,0.599038,0.0,1,0.001285015,0.130368156,0.1288991929587509
HEGJUZ_clean,6.22529,4.73915,6.22421,1.09032,1314.16,1205.3,0.0,0.0,0.551,0.505357,0.0,1,0.005939582,0.525412041,0.5410363286349995
HEGNEN_clean,5.92457,4.79042,5.92457,1.92239,717.079,373.015,0.0,0.0,0.4062,0.2113,0.0,0,0.00200497,0.175332391,0.18534527933875
HEGNIR_clean,6.01675,4.74609,6.01675,1.93131,685.918,355.156,0.0,0.0,0.4034,0.208873,0.0,0,0.001906134,0.172659467,0.17827538503624957
HEGNOX_clean,6.0763,4.7602,6.0763,1.95362,711.305,364.096,0.0,0.0,0.416,0.212938,0.0,0,0.002254051,0.188375985,0.2134285255000002
HEGNUD_clean,5.94961,4.80382,5.94961,1.93345,716.335,370.496,0.0,0.0,0.4134,0.213815,0.0,0,0.001905103,0.1753137,0.17809790897374955
HEGPAL_clean,5.89979,4.82106,5.89979,1.93984,705.302,363.588,0.0,0.0,0.4094,0.211048,0.0,0,0.001912935,0.169686034,0.17854079560999964
HEHCOO_clean,9.66574,7.84648,9.66574,0.868335,1891.17,2177.92,0.0,0.0,0.6642,0.764912,0.0,0,0.001459618,0.145296965,0.14098097385875097
HEKTAU_clean,4.87289,4.04271,4.86475,1.11842,1707.65,1526.84,0.0,0.0,0.5666,0.506605,0.0,1,0.006492798,0.61333294,0.5860812554412466
HEKTUO01_clean,4.57129,3.26866,4.56789,1.60287,0.0,0.0,892.701,556.939,0.5048,0.314935,0.0,1,0.005385502,0.473705178,0.43795157267000073
HEKTUO_clean,4.58935,3.27438,4.58347,1.60368,0.0,0.0,903.598,563.451,0.4922,0.306918,0.0,1,0.005397798,0.486625619,0.4373618400475008
HELDEJ_SL,5.22361,3.40377,5.22361,1.39671,578.501,414.189,0.0,0.0,0.4356,0.311876,0.0,1,0.004397203,0.349079263,0.40622866692999987
HELDOT_clean,9.05788,8.40599,9.04804,0.706681,2105.01,2978.73,0.0,0.0,0.7028,0.994508,0.0,1,0.003041313,0.302879795,0.3040291035099996
HEMTEZ_clean,6.9282,3.87493,6.90819,1.74491,1526.38,874.763,0.0,0.0,0.561,0.321507,0.0,1,0.001707002,0.167250176,0.1671510954812508
HEMVEB_clean,3.85278,3.12246,3.85278,2.06476,0.0,0.0,287.72,139.348,0.4484,0.217168,0.0,1,0.002621574,0.241836843,0.23818667187250067
HENYUV_clean,4.33819,2.97954,4.33146,1.54934,0.0,0.0,402.823,259.996,0.5022,0.324138,0.0,0,0.003424504,0.301005701,0.3199297822712484
HETZOW_clean,5.51262,3.86354,5.23725,1.5527,956.041,615.728,190.025,122.384,0.5024,0.323565,0.0,1,0.002888757,0.264928118,0.2710875903424993
HEWFUL_ion_b,5.58258,4.94247,5.58258,1.66592,467.165,280.425,0.0,0.0,0.3124,0.187524,0.0,1,0.000961123,0.087252209,0.09080938184124963
HEXNOO_clean,4.16458,2.90509,4.16458,1.28372,0.0,0.0,255.477,199.013,0.4958,0.38622,0.0,1,0.002075045,0.201251883,0.2004744452450011
HEXNUU_clean,4.28224,3.27652,4.27318,1.26191,0.0,0.0,523.495,414.844,0.4904,0.388618,0.0,1,0.005074241,0.432859888,0.4398574034037514
HEXVEM_clean,28.43131,15.91754,28.43131,0.251734,1350.35,5364.2,0.0,0.0,0.895,3.55533,0.0,1,0.003693417,0.348606689,0.3616124030987511
HEYBIX_clean,4.40932,2.40949,4.39576,2.22615,0.0,0.0,413.981,185.963,0.4832,0.217057,0.0,0,0.007063148,0.59322374,0.549589938073749
HEZKIH_clean,4.70607,3.39261,4.63006,1.27975,633.137,494.734,308.603,241.142,0.5262,0.411173,0.0,1,0.005182236,0.461665845,0.46239754920124865
HEZNUW_clean,4.54858,3.11044,4.54858,2.01309,0.0,0.0,782.082,388.498,0.5116,0.254136,0.0,0,0.004719353,0.414498453,0.40481125579000155
HEZPIL01_clean,4.55228,3.8726,4.49338,1.6515,1184.67,717.327,0.0,0.0,0.5308,0.321405,0.0,1,0.003569152,0.338463932,0.32763714921249837
HEZSEK_clean,3.90111,2.5161,3.90111,1.87367,0.0,0.0,145.063,77.4216,0.4276,0.228215,0.0,0,0.000861517,0.080515068,0.08676730369874931
HGCNCO_clean,5.31956,3.48582,5.3054,1.56034,1406.04,901.106,0.0,0.0,0.6028,0.386325,0.0,1,0.001483523,0.14837136,0.15149677109374982
HIBGEF_clean,4.68206,3.60956,4.68206,1.41956,703.501,495.576,0.0,0.0,0.4404,0.310237,0.0,0,0.003289816,0.315287871,0.3154492441212503
HIBGIJ_clean,4.81263,3.80435,4.77754,1.65937,798.009,480.911,0.0,0.0,0.4498,0.271067,0.0,0,0.00166538,0.150941264,0.1607814146062502
HIBQUE_clean,4.31416,3.2305,4.29449,2.25483,0.0,0.0,574.755,254.899,0.449,0.199128,0.0,0,0.018865049,1.104924735,0.9963173269749964
HICVUM_clean,5.70734,4.18424,5.69729,1.38731,1533.97,1105.72,0.0,0.0,0.5594,0.403228,0.0,1,0.0064889,0.55576459,0.5714678381774985
HICWIB_clean,4.25341,2.82589,4.16377,2.34752,0.0,0.0,155.058,66.0516,0.2668,0.113652,0.0,1,0.001214352,0.109218304,0.12072072470624963
HICZAW_clean,4.79099,4.0094,4.67667,1.66988,586.788,351.395,42.4437,25.4172,0.4496,0.26924,0.0,0,0.006257706,0.49034828,0.5265884841662504
HICZEA_clean,4.83695,4.09471,4.83695,1.59649,796.791,499.09,0.0,0.0,0.4516,0.282871,0.0,0,0.007156554,0.559162548,0.6011026669050004
HIDBIH_clean,4.85757,3.15246,4.85757,1.56083,0.0,0.0,465.191,298.041,0.449,0.287667,0.0,1,0.003917108,0.310631445,0.34419964373249795
HIDBON_clean,3.58323,2.82343,3.58192,1.63128,0.0,0.0,43.2502,26.5131,0.4262,0.261267,0.0,1,0.000602566,0.062750767,0.06147053841749976
HIDCUU_clean,4.77714,4.04915,4.77714,1.67198,561.972,336.111,24.6403,14.7372,0.4404,0.2634,0.0,0,0.006602084,0.496688744,0.5674849728962489
HIDMEO_clean,3.70259,2.55733,3.41609,1.52219,0.0,0.0,31.0035,20.3676,0.3908,0.256735,0.0,1,0.00083242,0.085453278,0.08336011449124946
HIFGIO_SL,12.5848,12.05657,12.5848,0.73279,1666.47,2274.15,0.0,0.0,0.7016,0.957436,0.0,0,0.004097012,0.380956776,0.405981743631248
HIFTOG01_clean,15.08334,7.94194,15.08334,0.584242,2219.37,3798.71,0.0,0.0,0.8024,1.3734,0.0,0,0.002536592,0.246828634,0.2542165424299996
HIFTOG02_clean,7.88297,4.15104,7.88297,1.15793,1890.02,1632.24,0.0,0.0,0.6168,0.532675,0.0,0,0.005511506,0.485893268,0.5156299650874985
HIFTOG_clean,7.95891,4.14066,7.95891,1.16582,1897.92,1627.97,0.0,0.0,0.6126,0.525468,0.0,0,0.005462804,0.501494322,0.49900514727999856
HIFTUM_clean,6.30533,4.49793,6.29978,1.16773,1014.53,868.802,0.0,0.0,0.5164,0.442225,0.0,1,0.001207856,0.118745477,0.1261043899225009
HIFVOI_clean,9.00136,6.57223,9.00136,0.85431,2140.93,2506.03,0.0,0.0,0.7094,0.830378,0.0,0,0.003748714,0.354078275,0.36827183289499965
HIFVUO01_clean,11.71277,3.2993,11.70939,0.83399,0.0,0.0,1688.38,2024.46,0.712,0.853727,0.0,0,0.002173899,0.221456958,0.2137185736099995
HIFWAV_clean,6.82644,4.81311,6.7091,1.14185,1358.99,1190.16,0.0,0.0,0.5914,0.517932,0.0,0,0.003962087,0.351198584,0.3743364637512503
HIGRIA_clean,11.33189,6.86002,11.33189,0.649596,2356.83,3628.15,0.0,0.0,0.774,1.19151,0.0,1,0.003099901,0.314006223,0.30654406275500007
HIHFOV_clean,4.86314,3.46095,4.86114,1.09882,730.753,665.036,0.0,0.0,0.4806,0.437379,0.0,0,0.009341799,0.745141402,0.7858765966062493
HIHFUB_clean,7.23376,3.90094,7.22167,1.02876,1762.4,1713.12,0.0,0.0,0.6028,0.585946,0.0,1,0.003339266,0.32515595,0.3292971039787513
HIHGAI_clean,10.55614,5.67197,10.5437,1.00791,1714.99,1701.54,0.0538795,0.0534569,0.6458,0.640735,0.0,1,0.003253343,0.305780548,0.31597133165125124
HIHGIQ_clean,7.45404,4.653,7.45404,0.903111,1947.01,2155.89,0.0,0.0,0.6178,0.68408,0.0,0,0.006288518,0.587085241,0.5671473708799968
HIHGUC_clean,8.04408,6.54623,8.01999,0.696864,2211.4,3173.36,0.0,0.0,0.7326,1.05128,0.0,0,0.003570065,0.345516082,0.35252844562375074
HIJMEU_clean,4.0291,2.66376,4.0291,2.3098,0.0,0.0,367.977,159.311,0.4622,0.200104,0.0,0,0.001771063,0.177076578,0.1656704963487497
HIJSOK_clean,4.65728,3.47175,4.65433,1.22153,961.191,786.878,69.3358,56.7617,0.5406,0.442561,0.0,1,0.003227775,0.304002287,0.3067405120225021
HILJUJ_clean,4.42922,3.63352,4.42922,1.96256,310.567,158.245,0.0,0.0,0.4212,0.214617,0.0,1,0.000480656,0.044942768,0.048944580718749894
HIMSAY_clean,5.16871,3.64786,5.16485,0.985668,753.397,764.352,500.835,508.117,0.5382,0.546026,0.0,0,0.014297468,1.078203221,0.9717712089874988
HIQNAY_clean,6.18436,4.94333,5.98081,1.31558,928.05,705.433,194.939,148.177,0.529,0.402105,0.0,1,0.005586092,0.467591332,0.4956709488424974
HIQNIG_clean,5.17097,2.43229,5.17097,1.11758,0.0,0.0,676.965,605.742,0.5298,0.47406,0.0,1,0.0083418,0.621253195,0.7124824757037489
HIQNUS_clean,4.05433,3.10309,3.94052,1.22935,0.0,0.0,463.862,377.322,0.4834,0.393215,0.0,0,0.01058568,0.87765789,0.8036493789025029
HIQWOV_clean,6.76103,5.10334,6.76103,1.07696,1941.39,1802.66,0.0,0.0,0.6212,0.57681,0.0,0,0.003832273,0.37049795,0.3692315868287503
HISGAT_clean,5.66636,4.82954,5.66636,1.37462,738.511,537.249,0.0,0.0,0.318,0.231337,0.0,1,0.003854681,0.336959109,0.3404048921687488
HISGIB_clean,6.02888,4.81928,6.02888,1.46684,832.757,567.721,0.0,0.0,0.4806,0.327643,0.0,1,0.003011724,0.278884325,0.2826021236387495
HISJAW_clean,5.83638,2.63959,5.83638,1.49458,0.0,0.0,474.325,317.364,0.4386,0.29346,0.000133817,1,0.001161031,0.110194307,0.1094202089124998
HISJIE_clean,6.27871,5.58535,6.27871,1.41351,623.69,441.235,0.0,0.0,0.4354,0.308027,0.0,1,0.001437168,0.137349067,0.1358973378325009
HISSIN_clean,6.52902,4.63625,6.52902,1.20846,1900.2,1572.41,0.0,0.0,0.613,0.507257,0.0,1,0.004502474,0.413997044,0.43635620968125066
HITXUE_clean,7.01987,3.4579,7.00671,1.45948,1435.62,983.658,0.0,0.0,0.5396,0.369722,0.0,0,0.003635853,0.346205116,0.34698756050249996
HIWKEE_clean,5.33619,3.90302,5.22967,1.1804,712.798,603.863,412.05,349.077,0.5362,0.454254,0.0,1,0.001942529,0.183405775,0.18592205634374998
HIWLEG_clean,4.25056,2.77423,4.25056,1.56942,0.0,0.0,954.959,608.478,0.6002,0.382433,0.0,0,0.003590625,0.330212496,0.3243639228712476
HIWLIK_clean,4.58174,3.69427,4.58174,1.68973,1137.53,673.202,0.0,0.0,0.5902,0.349287,0.0,1,0.005244535,0.458798564,0.4652380571649995
HIWLOO_clean_h,4.60619,2.63453,4.60572,1.98702,0.0,0.0,420.546,211.647,0.3744,0.188423,0.0,1,0.006987475,0.481902049,0.5221390660262493
HIWLOQ_clean,5.62306,3.85048,5.61686,1.5787,1548.3,980.742,0.0,0.0,0.6176,0.391207,0.0,1,0.004509923,0.407050156,0.42842093885875016
HIWLUW_clean,5.19394,3.96476,5.19394,1.59085,1442.83,906.957,0.0,0.0,0.6148,0.386461,0.0,0,0.00560545,0.495577242,0.5022155139137479
HIWXER01_SL,3.29206,2.75859,3.27164,2.53339,0.0,0.0,0.0,0.0,0.382,0.150786,0.0,1,1.05e-05,0.00111323,0.001024896197500003
HIWXER_clean,3.22971,2.67895,3.21272,2.54951,0.0,0.0,0.0,0.0,0.3726,0.146146,0.0,1,4.49e-06,0.000737908,0.00040779623249999905
HIXDOH01_manual,5.14922,2.8443,5.14922,1.85173,0.0,0.0,728.616,393.479,0.504,0.272178,0.0,1,0.001303207,0.133278639,0.12373237707999904
HIYBUN_clean,10.15365,9.81645,10.15365,1.11827,1552.73,1388.51,0.0,0.0,0.6486,0.580004,0.0,0,0.001324689,0.133139933,0.12987471212250135
HIYLUY_clean,4.38669,2.77336,4.37293,2.0742,0.0,0.0,337.592,162.758,0.334,0.161026,0.0,1,0.001335988,0.128191815,0.12276876838874992
HIYMAF_clean,4.37654,2.76711,4.36181,2.0627,0.0,0.0,338.32,164.019,0.3356,0.1627,0.0,1,0.001242582,0.132402523,0.11879469976749998
HIYMEJ_clean,4.30008,2.73025,4.29155,2.14723,0.0,0.0,295.871,137.792,0.327,0.152289,0.0,1,0.001787905,0.172248757,0.16391636634249973
HIYYEU_clean,4.58192,3.82938,4.58192,1.15929,890.249,767.928,0.0,0.0,0.475,0.409735,0.0,0,0.00107697,0.102438396,0.1040610228212501
HIYZEV01_clean,6.77675,3.19057,6.77675,1.21604,0.0,0.0,1286.78,1058.17,0.5364,0.441104,0.0,1,0.003876107,0.358446936,0.3482207703487505
HIZQEN01_clean,5.09985,3.87591,5.09025,1.50728,1179.77,782.72,0.0,0.0,0.547,0.362907,0.0,1,0.004471387,0.407668444,0.42145484206874934
HIZQEN_clean,5.11247,3.90242,5.06469,1.50181,1156.11,769.817,0.0,0.0,0.5508,0.366759,0.0,1,0.004552377,0.400808801,0.4231469097387492
HIZQUD_clean,6.30539,5.26051,6.30539,1.49546,1378.73,921.943,0.0,0.0,0.5664,0.378747,0.0,1,0.004207839,0.380177694,0.3960302172675003
HOBBEF_clean,4.87135,2.51608,4.87135,1.31374,0.0,0.0,477.552,363.505,0.4796,0.365064,0.0,0,0.004791975,0.427560228,0.4123952396275021
HOBGAH_clean,4.98965,4.17051,4.98965,1.41285,672.875,476.256,0.0,0.0,0.4416,0.312561,0.0,0,0.001867088,0.172915051,0.17232392452499956
HOBGEL_clean,4.92633,4.45881,4.92633,1.33002,1110.7,835.1,0.0,0.0,0.469,0.352627,0.0,0,0.007818248,0.660698081,0.6532404551049996
HOBGIP_clean,4.56618,4.05009,4.56618,1.4926,751.203,503.284,0.0,0.0,0.4242,0.284201,0.0,0,0.005354689,0.439163166,0.45375820348499835
HOBGOV_clean,4.53296,4.00605,4.52467,1.46371,719.363,491.465,0.0,0.0,0.4314,0.29473,0.0,0,0.005558204,0.463533705,0.4768426291287479
HOCDIO_clean,4.392,3.33165,4.391,1.54597,653.392,422.642,0.0,0.0,0.5142,0.332606,0.0,0,0.002933885,0.282225316,0.27222313251249974
HOCDOU_clean,5.08767,3.82439,5.07588,1.48605,1252.4,842.773,0.0,0.0,0.5402,0.363514,0.0,1,0.002227103,0.214322683,0.21456396187875068
HODWUS_clean,5.21835,2.57022,5.21835,1.43695,0.0,0.0,642.056,446.819,0.5376,0.374126,0.0,0,0.001998432,0.165656043,0.18973181002249986
HOFJIX_clean,9.75671,8.56589,9.45457,1.06294,1335.32,1256.25,0.0,0.0,0.5826,0.548103,0.0,1,0.002435087,0.239968488,0.22878975130249976
HOFSOL_clean,6.47441,4.48765,6.46774,0.782233,2543.82,3252.0,0.0,0.0,0.7104,0.90817,0.0,0,0.003740377,0.342034956,0.36646301731875
HOFSUS_clean,4.7504,3.70252,4.74887,1.26142,1014.67,804.388,0.0,0.0,0.555,0.439981,0.0,1,0.004529161,0.422379842,0.4230484084075004
HOGJIX_clean,10.87652,5.94063,10.87549,0.784217,2419.27,3084.95,0.0,0.0,0.7452,0.950247,0.0,1,0.004058898,0.390352144,0.407844969269997
HOGJOD_clean,4.75742,3.71555,4.75742,1.43501,995.445,693.686,0.0,0.0,0.5006,0.348848,0.0,0,0.004618391,0.403420853,0.42570362073625
HOGJUK_clean,4.62158,3.54405,4.62158,1.37822,778.037,564.523,55.153,40.0175,0.5524,0.400807,0.0,0,0.001286286,0.125901005,0.1264150167837509
HOGLEV01_clean,9.50106,5.60478,9.50106,0.851383,2390.76,2808.08,0.0,0.0,0.7012,0.823601,0.0,1,0.005895596,0.522461243,0.5471333121324973
HOGLEV_clean,14.03402,9.0463,14.02308,0.76193,2112.49,2772.55,0.0,0.0,0.7494,0.983555,0.0,1,0.004399965,0.433770974,0.4252012503649976
HOGPUQ_clean,4.22,2.79243,4.20103,2.08874,0.0,0.0,384.053,183.868,0.4226,0.202322,0.0,0,0.003483443,0.288890488,0.31732843130874805
HOGQAX_clean,4.15914,2.78539,4.15149,2.15217,0.0,0.0,351.748,163.439,0.4168,0.193665,0.0,0,0.004760282,0.372246872,0.396346946937502
HOGQEB_clean,4.25977,2.7511,4.24098,1.95779,0.0,0.0,383.076,195.667,0.4288,0.219022,0.0,0,0.003349804,0.276382653,0.3122696270287487
HOGQIF_clean,4.41978,2.89426,4.41978,1.80256,0.0,0.0,260.638,144.593,0.3736,0.207261,0.0,1,0.002561873,0.202836883,0.23813194836500023
HOGSIG_clean,5.41082,3.95109,5.41082,1.19816,1084.16,904.86,0.0,0.0,0.5322,0.444182,0.0,1,0.002577193,0.257327016,0.2454958577300008
HOGTOM_clean,7.72626,5.11822,7.71236,1.77252,921.698,519.992,0.0,0.0,0.4714,0.265948,0.0,0,0.001003741,0.100326603,0.09942127126000042
HOHJAR_clean,4.71677,2.5435,4.70681,1.3991,0.0,0.0,496.819,355.098,0.429,0.306625,0.0,0,0.005689946,0.440225416,0.4602555032962505
HOHMEX_manual,18.78417,14.89456,18.78417,0.315898,1578.36,4996.42,0.0,0.0,0.8756,2.77178,0.0,0,0.00319469,0.32256271,0.30965026904125115
HOJHUL_clean,3.66751,2.53931,3.56003,1.38384,0.0,0.0,60.9091,44.0144,0.3956,0.28587,0.0,1,0.001013572,0.100606247,0.101762903158751
HOJLEY_clean,3.63337,2.83052,3.60118,1.41101,0.0,0.0,104.836,74.2986,0.4062,0.28788,0.0,0,0.000682108,0.069620553,0.06838210457624953
HOJLID_clean,8.3495,5.13588,8.1646,0.608298,3093.18,5084.98,0.0,0.0,0.7326,1.20434,0.0,0,0.00600887,0.586972028,0.5658979361012473
HOJLUP_clean,6.04405,4.68216,6.04405,0.897215,1739.4,1938.66,0.0,0.0,0.5916,0.659373,0.0,1,0.005226051,0.479210288,0.47445571224375127
HOJNIF_clean,4.00485,3.015,3.81492,1.23402,0.0,0.0,162.531,131.709,0.5098,0.413123,0.0,0,0.001062674,0.104089727,0.10559669837999977
HOJNOL_clean,4.02107,3.0193,3.9963,1.23229,0.0,0.0,175.851,142.703,0.5114,0.415,0.0,0,0.001113661,0.105992343,0.10858527760375
HOJNUR01_clean,3.94518,2.94764,3.79329,1.27312,0.0,0.0,129.373,101.619,0.5026,0.394779,0.0,0,0.000955333,0.096715414,0.09001732831749937
HOJNUR_clean,3.99147,3.01058,3.92256,1.23168,0.0,0.0,174.273,141.492,0.5124,0.416016,0.0,0,0.001064016,0.110711314,0.10370084707999984
HOJPAZ_clean,4.0071,3.01444,3.78054,1.23576,0.0,0.0,174.773,141.43,0.511,0.413512,0.0,0,0.00114318,0.110539569,0.11297709113624968
HOJPED_clean,4.0032,2.99806,3.85144,1.24562,0.0,0.0,164.437,132.012,0.51,0.409434,0.0,0,0.001137813,0.112283857,0.10946156294374994
HOJPIH_clean,3.96758,2.99779,3.82887,1.25057,0.0,0.0,157.089,125.614,0.508,0.406216,0.0,0,0.001064016,0.105120199,0.10360933930624991
HOKGUJ_clean,9.34177,3.71993,9.34177,1.22332,1337.41,1093.26,0.0,0.0,0.5774,0.471995,0.0,1,0.00245411,0.245897804,0.2291035324174998
HOKLIE_clean,5.61648,4.05301,5.61199,1.31362,1114.73,848.591,0.0,0.0,0.4902,0.373167,0.0,1,0.006219826,0.53108385,0.5417686344162486
HOLQIK_clean,12.10808,3.4458,10.16044,0.913109,1657.88,1815.64,0.0,0.0,0.663,0.726091,0.0,1,0.004335263,0.401050373,0.42168416728375
HOMRIL_clean,8.32537,4.10495,8.32349,0.82756,1557.76,1882.35,17.9805,21.7271,0.651,0.78665,0.0,1,0.00241124,0.243158509,0.23072130016499973
HOMXIR_manual,23.70226,22.8547,23.70226,0.394433,1769.36,4485.82,0.0,0.0,0.844,2.13978,0.0,0,0.003062448,0.301310622,0.29967222195500015
HOPHUP_clean,3.25324,2.56793,3.24951,2.04282,0.0,0.0,0.0,0.0,0.3728,0.182493,0.0,1,0.002927874,0.273416499,0.27291062172499986
HOPYEQ01_clean,3.95957,3.14732,3.74628,2.23316,0.0,0.0,330.905,148.178,0.4938,0.221121,0.0,0,0.004961088,0.416264831,0.41178434851000145
HOPYEQ_clean,4.00073,3.18451,3.73972,2.2255,0.0,0.0,323.535,145.376,0.494,0.221973,0.0,0,0.005091648,0.416052799,0.4209073047537503
HOQMIL01_clean,5.56977,4.83187,5.56337,1.16042,1122.88,967.652,0.0,0.0,0.4848,0.417781,0.0,0,0.006275549,0.553957338,0.5503311070274985
HOQMIL02_clean,5.63983,4.88733,5.62365,1.14617,1146.47,1000.26,0.0,0.0,0.486,0.424021,0.0,0,0.006227616,0.55203264,0.5510062336349987
HOQMIL03_clean,5.60791,4.87769,5.56878,1.15397,1143.32,990.77,0.0,0.0,0.4896,0.424274,0.0,0,0.006489405,0.565992234,0.5714718270237483
HOQMIL04_clean,5.70711,4.91694,5.69105,1.1407,1134.98,994.985,0.0,0.0,0.4988,0.437277,0.0,0,0.005973202,0.525323864,0.5295471346074989
HOQMIL_clean,5.74994,5.00317,5.74994,1.13423,1163.97,1026.22,0.0,0.0,0.491,0.432891,0.0,0,0.006349293,0.553306554,0.5555496382687491
HOQMUX_clean,4.86191,4.39042,4.86191,1.23808,888.924,717.986,0.0,0.0,0.4546,0.367182,0.0,0,0.006371416,0.532593923,0.5432513575362498
HOQNEI_clean,5.27742,4.83558,5.27742,1.18109,1071.17,906.928,0.0,0.0,0.4762,0.403186,0.0,0,0.006314265,0.555382426,0.5443698661774989
HORCOH_clean,3.95095,2.55379,3.93627,2.39765,0.0,0.0,139.528,58.1938,0.4084,0.170333,0.0,1,0.002375933,0.229490698,0.2189869978350001
HORCUN_clean,3.98209,2.58122,3.9756,2.3306,0.0,0.0,152.173,65.2935,0.4122,0.176864,0.0,1,0.001530039,0.13897673,0.14116977323249982
HORHAY_clean,4.10114,3.04525,4.10114,1.17808,0.0,0.0,503.221,427.153,0.503,0.426966,0.0,0,0.002737259,0.251764709,0.24545490850000018
HORHEC_clean,4.20448,2.97275,4.20432,1.17114,0.0,0.0,478.626,408.684,0.498,0.425226,0.0,0,0.002776865,0.274625072,0.24619692175000027
HORHIG_clean,4.11455,2.92172,4.11455,1.18923,0.0,0.0,434.266,365.164,0.4984,0.419093,0.0,0,0.002257578,0.232887013,0.21874618193875026
HOTFED_clean,3.57317,2.85069,3.56693,1.63129,0.0,0.0,46.2023,28.3226,0.4352,0.266783,0.0,1,0.000127813,0.013303726,0.011820268023750023
HOTWUJ_clean,4.28095,3.36803,4.27939,1.98384,592.121,298.472,0.0,0.0,0.48,0.241955,0.0,1,0.003933831,0.349574396,0.34114790420749763
HOVGIK_clean,5.93161,4.23353,5.92922,1.12874,1308.17,1158.97,0.0,0.0,0.541,0.479296,0.0,0,0.006801305,0.592358795,0.6193977380387493
HOVJIN_clean,3.66657,2.56403,3.64598,2.32634,0.0,0.0,96.8261,41.6217,0.349,0.150021,0.0,1,0.000984469,0.08925963,0.09418240722749982
HOVQAM_clean,8.83543,4.89469,8.82746,0.624336,3070.63,4918.23,0.0,0.0,0.7,1.12119,0.0,0,0.006366093,0.599962167,0.5723218840424977
HOWJEK_clean,3.99229,3.40619,3.99097,1.96697,432.183,219.72,0.0,0.0,0.4482,0.227863,0.0,1,0.002812897,0.256464792,0.26715020013250035
HOWPEQ_clean,5.50159,4.45937,5.49668,1.2167,2188.23,1798.5,0.0,0.0,0.652,0.535877,0.0,1,0.002137557,0.211811711,0.21008189427750082
HOWPIU_clean,3.80474,2.59826,3.80474,1.86654,0.0,0.0,110.607,59.2579,0.4776,0.255875,0.0,1,0.000270041,0.024421093,0.02641693798499993
HOWPOZ_clean,7.21513,5.98736,7.21361,1.27988,1504.5,1175.5,0.0,0.0,0.585,0.457073,0.0,1,0.003133518,0.297033914,0.2956940408475003
HOWPUF_clean,7.93406,5.48339,7.91016,0.971712,2041.64,2101.08,0.0,0.0,0.6486,0.667482,0.0,1,0.003594362,0.355558123,0.34657469417125186
HOWQAM_clean,6.8261,5.31039,6.2759,1.01498,2208.17,2175.58,0.0,0.0,0.6538,0.644149,0.0,1,0.004665341,0.430009109,0.4385733651849991
HOWQEQ_clean,5.03956,3.43426,5.01641,1.51423,609.631,402.601,6.8807,4.54403,0.48,0.316993,0.0,1,0.00576589,0.441971003,0.508739349947499
HOWQOA_clean,8.78202,2.88546,8.77484,1.01806,0.0,0.0,1613.93,1585.3,0.6166,0.605663,0.0,1,0.004874011,0.468414439,0.4230647619062514
HOWROC_clean,4.43944,3.11973,4.42273,1.97188,0.0,0.0,380.75,193.09,0.4154,0.210662,0.0,1,0.001520435,0.147042867,0.14079902910749995
HOWSAP_clean,6.71751,4.61596,6.71751,1.15559,1670.87,1445.9,0.0,0.0,0.5844,0.505717,0.0,1,0.003642107,0.344188206,0.3566233985212509
HOWSIX_clean,7.29706,4.00765,6.07294,1.2292,1638.5,1332.99,0.0,0.0,0.575,0.467785,0.0,1,0.005572075,0.5131111,0.5121114907562486
HOXGEH_clean,7.22422,5.56347,7.22422,1.76045,532.184,302.3,0.0,0.0,0.428,0.24312,0.0,1,0.000688513,0.069262295,0.06974315783125
HOXKIP_clean,5.63987,3.43131,5.63987,1.70238,1080.26,634.558,0.0,0.0,0.5028,0.295352,0.0,1,0.004634281,0.409903001,0.4213084472562488
HOXKUB_clean,6.32021,4.20706,6.31633,1.716,1292.29,753.082,0.0,0.0,0.5408,0.315151,0.0,1,0.005331755,0.466622226,0.459903209987499
HOXSAQ_clean,4.18162,2.9595,4.18162,2.0699,0.0,0.0,302.226,146.01,0.329,0.158945,0.0,1,0.001444065,0.140236794,0.13123041948124994
HOXSIY_clean,4.90036,3.04579,4.90036,1.3744,0.0,0.0,801.214,582.957,0.4926,0.358412,0.0,1,0.00784816,0.617735968,0.6402853933762473
HOXSUK_clean,6.8634,6.5073,6.8549,1.07828,1271.94,1179.6,0.0,0.0,0.553,0.512854,0.0,1,0.005184323,0.451238671,0.4680331349262503
HOYREU_clean,6.42466,5.8923,6.42466,1.33156,1407.54,1057.05,0.0,0.0,0.5312,0.398929,0.0,1,0.003668989,0.357447547,0.35214406000250015
HOYRIY_clean,6.33252,5.73011,6.33252,1.22757,1418.96,1155.91,0.0,0.0,0.5282,0.430281,0.0,1,0.004803297,0.446899873,0.4343819455400012
HOYROE_clean,6.155,5.22739,6.12328,1.60811,1166.91,725.638,0.0,0.0,0.4436,0.275852,0.0,1,0.003319778,0.321567945,0.31368204083000045
HOYTUL_clean,5.4823,3.49814,5.47353,1.38751,591.329,426.179,114.439,82.4776,0.4482,0.323024,0.0,1,0.001519935,0.142468062,0.14793368061375034
HOZBUV_clean,7.91812,7.59324,7.91812,1.47122,1126.87,765.945,0.0,0.0,0.5294,0.359837,0.0,1,0.001151898,0.108490122,0.10939221615375029
HOZDIL_clean,4.45764,2.70708,3.66651,1.7208,0.0,0.0,207.17,120.392,0.383,0.22257,0.0,1,0.003681631,0.334391836,0.3288153525174976
HOZFEJ_clean,8.96888,8.2985,8.96888,1.10337,952.541,863.301,0.0,0.0,0.4856,0.440106,0.0,0,0.001292644,0.120531141,0.12441451227375094
HOZTOG_clean,8.69843,6.41352,8.68476,1.38534,1756.27,1267.75,0.0,0.0,0.642,0.463424,0.0,0,0.001288639,0.130579209,0.12873892466750114
HOZXEB_clean,5.47734,4.35167,5.29891,2.01178,1095.39,544.49,0.870043,0.432475,0.5328,0.264841,0.0,1,0.002733046,0.231264783,0.24532881561624983
HUCBEN_manual,5.37435,4.22886,5.37435,1.12816,1186.89,1052.06,0.0,0.0,0.5522,0.48947,0.0,0,0.008311442,0.723566039,0.7043462410687489
HUCFAO_clean,5.18257,3.1685,4.9152,1.24354,0.0,0.0,1008.37,810.885,0.5162,0.415105,0.0,0,0.004692903,0.422116596,0.4141496619137519
HUCWOT_clean,6.74016,3.64875,6.72751,1.24419,1425.52,1145.74,0.0,0.0,0.5586,0.448968,0.0,0,0.003645433,0.339018174,0.35396392459625053
HUCWUZ_clean,6.73347,3.6531,6.72302,1.2549,1424.07,1134.81,0.0,0.0,0.5568,0.443702,0.0,0,0.003734993,0.340775099,0.3574218922987506
HUCXAG_clean,6.73203,3.67524,6.71149,1.26793,1413.13,1114.52,0.0,0.0,0.5564,0.438826,0.0,0,0.003649439,0.336849961,0.35372480983625043
HUCXEK_clean,6.73085,3.71981,6.7271,1.26713,1437.51,1134.46,0.0,0.0,0.5568,0.439419,0.0,0,0.003566178,0.334494167,0.33505844453124994
HUCXIO_clean,6.71014,3.72796,6.70426,1.27761,1431.04,1120.09,0.0,0.0,0.554,0.433623,0.0,0,0.003504885,0.329417661,0.3317504463862507
HUCXOU_clean,6.73345,3.74488,6.72117,1.28647,1439.37,1118.85,0.0,0.0,0.5556,0.43188,0.0,0,0.00355184,0.331753444,0.33365640014000014
HUCXUA_clean,6.72319,3.76747,6.7027,1.29306,1441.14,1114.52,0.0,0.0,0.5554,0.429523,0.0,0,0.003433078,0.33496173,0.3302261184237513
HUDMAW_clean,5.85435,3.49017,5.85435,1.41425,459.28,324.752,4.50371,3.18452,0.4168,0.294714,0.0,0,0.002726019,0.234378839,0.24321881622499944
HUDWUA_clean,5.86312,3.92573,5.85006,1.18848,1521.84,1280.49,0.0,0.0,0.5574,0.469003,0.0,1,0.005771318,0.521438473,0.5301726847050002
HUFHEX_clean,11.02675,7.87011,11.02675,0.803859,2205.78,2743.99,0.0,0.0,0.7232,0.89966,0.0,1,0.001976298,0.190961921,0.19649059134125096
HUFHIB_clean,9.90019,7.46213,9.90004,0.9042,1987.19,2197.73,0.0,0.0,0.6998,0.773944,0.0,1,0.002192029,0.222299173,0.21276073991875008
HUFHOH_clean,11.37997,7.84586,11.37913,0.791329,2050.25,2590.9,0.0,0.0,0.7294,0.921741,0.0,1,0.001869672,0.187517658,0.18373415383874941
HUFHUN_clean,11.46361,8.17134,11.46361,0.780594,2181.16,2794.23,0.0,0.0,0.7478,0.957988,0.0,1,0.001936623,0.189174078,0.19396874898000063
HUFJAV_clean,10.82518,7.21362,10.82516,0.846584,2017.74,2383.39,0.0,0.0,0.7126,0.841735,0.0,1,0.001693615,0.18185409,0.16898873360250058
HUFJEZ_clean,8.97021,6.86873,8.96999,1.02124,1801.67,1764.2,0.0,0.0,0.6662,0.652342,0.0,1,0.002168885,0.213702981,0.21256210559000008
HUFJID_clean,5.47986,2.72127,5.47807,1.28008,0.0,0.0,1249.17,975.853,0.5712,0.446222,0.0,1,0.00412642,0.401211216,0.3802533862887511
HUFKUQ_clean,12.94916,9.87431,12.94916,0.591794,2246.92,3796.8,0.0,0.0,0.7696,1.30045,0.0,1,0.002999777,0.301147524,0.30166331383624906
HUFLUR_clean,4.58854,4.14721,4.58854,1.14854,1287.04,1120.59,0.0,0.0,0.5678,0.494365,0.0,1,0.001787945,0.173960213,0.17848667651124955
HUFMUS_clean,4.79853,3.61328,4.79853,1.52895,747.86,489.132,0.0,0.0,0.4994,0.326629,0.0,1,0.001365217,0.132193149,0.13084357691874998
HUFYIS_clean,4.3139,3.55368,4.30056,2.21162,511.056,231.077,0.0,0.0,0.5152,0.232951,0.0,1,0.001548924,0.155368897,0.15016833420874995
HUHBET_clean,5.15548,4.03539,5.14476,1.3667,952.931,697.251,1.82887,1.33817,0.456,0.333651,0.0,1,0.000851922,0.084813261,0.08732617179749944
HUHJAW_clean,3.68144,2.51889,3.68144,2.11306,0.0,0.0,39.0435,18.4772,0.4036,0.191002,0.0,1,0.000320385,0.031659968,0.031098758091250144
HUHJOL_clean,5.1326,3.26277,5.12759,1.44588,0.0,0.0,454.384,314.261,0.4232,0.292693,0.0,1,0.000895538,0.082250185,0.08627279884124997
HUHNIJ_clean,6.23729,5.3405,6.23046,1.03071,1170.03,1135.17,0.0,0.0,0.5464,0.530122,0.0,1,0.002223088,0.214191861,0.21655253200000005
HUJGEA_clean,12.53944,4.7914,12.4029,0.822662,2143.27,2605.28,0.0,0.0,0.7056,0.857703,0.0,1,0.005945895,0.55535502,0.551195755968747
HUJVOX_clean,5.27825,3.53087,5.19969,0.862596,1941.73,2251.03,0.0,0.0,0.6554,0.7598,0.0,1,0.004489864,0.424371056,0.42737565812125006
HULCOI_clean,19.48655,7.36184,19.24065,0.593799,2227.14,3750.66,0.0,0.0,0.7806,1.31459,0.0,1,0.003770059,0.360838767,0.37112200468624956
HULRIR_clean,9.43814,4.59805,9.43814,1.24517,1642.64,1319.2,2.40063,1.92795,0.6318,0.5074,0.0,1,0.003163328,0.301921268,0.30516805777125044
HULTEP_clean,7.49376,5.16023,7.49376,0.72122,2310.7,3203.88,0.0,0.0,0.6912,0.958376,0.0,0,0.005069143,0.490945424,0.4812839830012484
HUMWIX_clean,14.98566,9.18322,14.98566,0.727734,1500.13,2061.37,168.676,231.782,0.6626,0.910497,0.0,1,0.004118088,0.386772738,0.40503795506249785
HUNBEX_clean,5.69296,3.2343,5.69177,1.34872,0.0,0.0,1003.43,743.985,0.5212,0.386441,0.0,1,0.00173969,0.172498438,0.1676806769837505
HUNCUQ_clean,4.96862,3.07482,4.94534,1.29845,0.0,0.0,839.193,646.306,0.5152,0.396782,0.0,1,0.011470954,0.84224723,0.8582374156287534
HUNFIH_clean,3.59922,2.57162,3.58262,1.51078,0.0,0.0,21.2072,14.0373,0.393,0.260131,0.0,1,0.000528369,0.049828591,0.05170955510249963
HUNFON_clean,3.70002,2.61591,3.69516,1.50686,0.0,0.0,36.1411,23.9844,0.4134,0.274346,0.0,1,0.000283023,0.027412566,0.02666109088874989
HUQGOR_clean,10.27351,7.23414,10.27351,0.702938,1802.86,2564.75,0.0,0.0,0.6908,0.982733,0.0,1,0.003664347,0.374613821,0.36106848196250124
HUQGUX_clean,10.2361,7.27261,10.14502,0.69251,1823.51,2633.19,0.0,0.0,0.6952,1.00388,0.0,1,0.00357831,0.341260247,0.3512144978750014
HUQHAE_clean,10.11008,7.63969,10.07674,0.70182,1853.59,2641.12,0.0,0.0,0.6866,0.978314,0.0,1,0.003731437,0.369159727,0.3681886817737498
HUQHEI_clean,10.39855,7.33583,10.39855,0.70723,1815.66,2567.28,0.0,0.0,0.6916,0.9779,0.0,1,0.003711021,0.357326175,0.36145725988125116
HUQHIM_clean,10.2269,8.71112,10.19864,0.711062,1763.31,2479.82,0.0,0.0,0.6842,0.962223,0.0,1,0.003887069,0.362141638,0.37883221951874907
HUQHOS_clean,9.73841,7.14116,9.73841,0.752041,1815.26,2413.78,0.0,0.0,0.677,0.900216,0.0,1,0.003635319,0.366553254,0.36065698409000096
HUQHUY_clean,12.11698,9.08074,12.11414,0.619951,1818.86,2933.88,0.0,0.0,0.7208,1.16267,0.0,1,0.003752912,0.352071727,0.36779644220999996
HURFEH_clean,7.40163,5.27423,7.39913,1.02718,1852.44,1803.42,0.0,0.0,0.6308,0.61411,0.0,1,0.006947129,0.572131701,0.6019383557337507
HURFUX_clean,6.75247,5.05596,6.75247,1.0343,1910.3,1846.94,0.0,0.0,0.6324,0.611426,0.0,1,0.007126396,0.589237962,0.6419561286525014
HURGAE_clean,5.60961,3.61361,5.60331,1.138,1484.11,1304.14,0.0,0.0,0.5708,0.501583,0.0,1,0.009970923,0.77961118,0.8390032807862465
HURGEH_clean,7.76009,5.17265,7.74555,1.0195,2020.5,1981.85,0.0,0.0,0.6252,0.613242,0.0,1,0.003069598,0.290983405,0.30020222199125013
HURGUX01_clean,4.95927,3.84058,4.95343,1.32588,650.018,490.253,0.0,0.0,0.4448,0.335474,0.0,1,0.006171347,0.495929907,0.5334467675974998
HURGUX_clean,4.97475,3.84254,4.97057,1.32525,657.853,496.398,0.0,0.0,0.4546,0.343029,0.0,1,0.006068949,0.506345392,0.5332890292837498
HURNOX_clean,3.19637,2.49372,3.19637,1.60341,0.0,0.0,0.0,0.0,0.3948,0.246226,0.0,1,3.4e-05,0.003944494,0.00308781400500001
HURQUG_clean,6.31098,3.21738,6.31098,1.67305,0.0,0.0,879.917,525.936,0.5212,0.311527,0.0,0,0.002425358,0.226995018,0.22831482857374916
HUSJUC_clean,5.68783,4.95516,5.68491,1.59918,1031.7,645.145,0.0,0.0,0.4382,0.274015,0.0,0,0.00421748,0.375491116,0.38251026887999956
HUSQES_clean,3.88653,3.23031,3.88589,1.4047,0.0,0.0,565.177,402.347,0.5278,0.375738,0.0,1,0.002078243,0.208838874,0.2005899307687509
HUTTIA_clean,4.93965,2.94896,4.93965,1.29015,0.0,0.0,649.167,503.17,0.4978,0.385845,0.0,1,0.008279774,0.537682389,0.6983334115649975
HUVHIR_clean,6.43752,3.3852,6.43752,1.55619,990.748,636.65,0.0,0.0,0.5272,0.338777,0.0,1,0.003014265,0.283819264,0.28305553728749966
HUVHOX_clean,5.48842,3.66587,5.4468,1.48531,1066.45,718.001,0.0,0.0,0.5288,0.356021,0.0,1,0.008936583,0.733324919,0.7635695544462509
HUWDEJ_clean,4.9355,3.41269,4.9355,1.26902,576.242,454.085,0.0,0.0,0.4542,0.357915,0.0,0,0.005054129,0.419179574,0.4574489517837491
HUWHOY_clean,6.08119,4.05672,5.74775,0.950744,2154.5,2266.13,0.0,0.0,0.64,0.673157,0.0,1,0.006668007,0.616150037,0.6032271545674992
HUWLUI_clean,8.75473,4.69687,8.74085,1.19037,1892.69,1590.0,0.0,0.0,0.6324,0.531265,0.0,0,0.002732588,0.262386377,0.2667925989099997
HUWPIA_clean,6.29862,4.63989,6.29862,1.01225,1229.62,1214.75,0.0,0.0,0.5338,0.527343,0.0,0,0.006366078,0.560725254,0.5712335941024996
HUWSUN_clean,6.32885,4.07784,6.32149,0.837909,1976.96,2359.4,0.0,0.0,0.6126,0.731105,0.0,0,0.006188226,0.603380038,0.5683058816699964
HUXDOT_clean,4.56892,2.97523,4.55488,1.62038,0.0,0.0,450.335,277.92,0.514,0.31721,0.0,1,0.002526847,0.243779925,0.23859052624375043
HUXHEP01_clean,4.36937,2.99196,4.36937,1.58994,0.0,0.0,616.016,387.446,0.4758,0.299257,0.0,1,0.004105092,0.362264365,0.3797295617087517
HUXWAY_clean,8.32795,7.15006,8.32795,1.52785,1060.51,694.117,0.0,0.0,0.5724,0.374644,0.0,1,0.000667797,0.064849988,0.07068210437500003
HUYJOA_clean,6.60468,3.67142,6.60468,0.952542,1431.54,1502.86,0.0,0.0,0.5926,0.622125,0.0,1,0.004443766,0.427102893,0.4255508267587501
HUYJUG_clean,9.25957,5.86045,9.25957,0.936428,1023.97,1093.48,181.933,194.284,0.5896,0.629627,0.0,1,0.002969783,0.296868137,0.28356719011499953
HUYKAN_clean,9.77773,6.64666,9.77773,0.912205,1093.16,1198.37,132.875,145.663,0.5876,0.644153,0.0,1,0.003063608,0.297474604,0.29779216538000086
HUYKER_clean,10.78123,7.93542,10.78123,0.823199,1422.11,1727.54,11.597,14.0878,0.6292,0.764335,0.0,0,0.002095901,0.198599817,0.20403166220250035
HUYKIV_clean,13.89985,13.68041,13.89985,0.580343,1228.9,2117.55,17.6299,30.3783,0.7586,1.30716,0.0,1,0.002760526,0.250772938,0.2713171621725
HUYKOB_clean,12.11737,9.13356,12.10852,0.81232,1278.02,1573.3,19.6901,24.2393,0.6314,0.77728,0.0,0,0.003344708,0.307255485,0.3304447020550004
HUYKUH_clean,11.74767,8.70516,11.74078,0.798853,1389.42,1739.27,15.3936,19.2696,0.6548,0.819675,0.0,0,0.002357492,0.218120716,0.22438940605249924
HUYXOP_clean,4.3173,2.49159,4.27072,1.39923,0.0,0.0,256.804,183.533,0.381,0.272293,0.0,1,0.001775034,0.156802665,0.16366151284999994
HUYXUV_clean,4.39084,2.57482,4.3814,1.3826,0.0,0.0,294.846,213.254,0.3916,0.283234,0.0,1,0.001760124,0.15448333,0.16395407417499996
HUZFEO_clean,5.36799,3.75589,5.36799,1.02114,1113.68,1090.63,0.0,0.0,0.58,0.567992,0.0,0,0.009114204,0.784069611,0.8149931375674988
HUZKUJ_clean,4.64239,2.96796,4.64239,2.22111,0.0,0.0,692.798,311.916,0.4698,0.211516,0.0,1,0.016869565,1.018224375,0.9175972670062468
HUZLIY_clean,5.13042,3.32571,5.12351,2.29627,857.325,373.355,0.0,0.0,0.4596,0.200151,0.0,0,0.02270516,1.044503372,1.270258845242502
HUZSOL_clean,9.96894,8.00393,9.95333,0.905605,1288.39,1422.68,0.0,0.0,0.602,0.664749,0.0,1,0.003818018,0.344593246,0.3634426877075002
HUZSUR_clean,9.15011,7.4108,9.12328,0.889985,1539.75,1730.09,0.0,0.0,0.5804,0.652146,0.0,1,0.003971105,0.359884227,0.3785458449674995
HUZXAD_clean,11.46912,7.77199,11.4651,0.64457,2049.85,3180.18,0.0,0.0,0.7146,1.10865,0.0,1,0.003501071,0.349009203,0.34618213251000024
HUZXEH_clean,10.51647,6.32242,10.51647,0.652816,2155.36,3301.64,0.0,0.0,0.7166,1.09771,0.0,0,0.00387574,0.377466035,0.3788222003537493
HUZXIL_clean,10.514,7.06946,10.514,0.669354,2073.02,3097.05,0.0,0.0,0.7026,1.04967,0.0,1,0.004177468,0.389525377,0.4081707156824976
HUZXOR_clean,11.426,7.94889,11.41586,0.669497,1905.96,2846.85,0.0,0.0,0.7086,1.05841,0.0,1,0.003791969,0.37076911,0.36960470725749967
HUZXUX_clean,9.29118,6.23555,9.29118,0.722566,1940.52,2685.59,0.0,0.0,0.6812,0.942751,0.0,1,0.003982035,0.377979147,0.382348052924999
HUZYAE_clean,9.33073,8.38879,9.32654,0.70416,2028.32,2880.48,0.0,0.0,0.6852,0.973074,0.0,0,0.005359261,0.502958463,0.480952056323749
IBABOF01_clean,5.88201,4.55805,5.8327,1.10239,1625.66,1474.66,0.0,0.0,0.5558,0.504176,0.0,0,0.005220316,0.477167417,0.4709225559362498
IBABOF_clean,5.93645,4.5492,5.93645,1.10165,1649.71,1497.5,0.0,0.0,0.558,0.506515,0.0,0,0.005366869,0.481099077,0.48294132756749925
IBABUL_clean,6.15206,4.47904,5.79334,1.09763,1721.78,1568.64,0.0,0.0,0.559,0.50928,0.0,0,0.005442672,0.496349423,0.49195946695374865
IBACAS_clean,6.00206,4.65234,5.82846,1.09941,1650.0,1500.81,0.0,0.0,0.5576,0.507182,0.0,0,0.005461623,0.501255155,0.4908671878912485
IBAPEJ_clean,4.15044,3.18801,4.13489,2.08307,0.0,0.0,366.213,175.804,0.3928,0.188568,0.0,1,0.003192348,0.267463224,0.29509952203875023
IBARUA_clean,7.1268,5.0269,7.1268,1.98004,834.649,421.532,0.0,0.0,0.4306,0.217471,0.0,0,0.001943016,0.175651814,0.1836993621324999
IBASAH_clean,7.16916,5.08713,7.16916,1.9547,862.063,441.02,0.0,0.0,0.4422,0.226224,0.0,0,0.001841551,0.172773163,0.16750536809499988
IBASEL_clean,7.42906,5.13218,7.42906,1.77226,891.565,503.068,0.0,0.0,0.4602,0.259669,0.0,0,0.001838246,0.175270802,0.16791379727249983
IBASOV_clean,7.32486,5.10994,7.32486,1.82355,868.952,476.517,0.0,0.0,0.451,0.24732,0.0,0,0.001876533,0.174997103,0.17092782137249973
IBASUB_clean,7.25865,5.07987,7.25865,1.86882,874.187,467.775,0.0,0.0,0.4444,0.237797,0.0,0,0.001855268,0.174453903,0.16875073807249985
IBATEM_clean,7.23101,5.08834,7.23101,1.90327,884.824,464.897,0.0,0.0,0.4492,0.236015,0.0,0,0.001760219,0.171230455,0.16495780351000064
IBEYOE_clean,6.06432,4.11134,6.06432,2.34842,1354.27,576.674,0.0,0.0,0.5366,0.228494,0.0,1,0.00103901,0.104434029,0.10475226885875082
IBICAZ_clean,9.97802,9.8426,9.97802,1.0723,1065.95,994.074,0.0,0.0,0.5548,0.517392,0.0,0,0.001300488,0.127704769,0.1287709013212512
IBICED_clean,10.07018,9.94208,10.07018,1.22593,1035.72,844.843,0.0,0.0,0.5562,0.453697,0.0,0,0.001120765,0.113329271,0.10927406816500002
IBICIH_clean,9.99905,9.84285,9.99905,1.06849,1087.54,1017.83,0.0,0.0,0.5632,0.527098,0.0,0,0.001235126,0.126785186,0.12817305918625124
IBICON_clean,10.09823,9.93982,10.09823,1.22363,1026.52,838.914,0.0,0.0,0.5488,0.448503,0.0,0,0.001124705,0.113285937,0.10924760505999995
IBITEU_clean,4.8738,3.28439,4.86704,1.11711,0.0,0.0,1159.34,1037.8,0.54,0.483392,0.0,0,0.007414446,0.646749754,0.6576439950487517
IBITUK_clean,5.114,4.10664,5.114,1.17728,905.001,768.724,0.0,0.0,0.527,0.447643,0.0,1,0.002424133,0.226390836,0.22916376677624953
IBIYOI_ion_b,5.57969,4.82285,5.52558,1.97565,709.524,359.134,0.0,0.0,0.437,0.221193,0.0,1,0.00211159,0.188123684,0.19874419457999992
IBOTAU_clean,6.67508,2.91396,6.67504,2.08909,0.0,0.0,1291.36,618.143,0.5638,0.269878,0.0,0,0.006822209,0.555231605,0.5546984723812516
IBOTEY_clean,8.07557,7.19713,7.70521,0.981503,1333.18,1358.3,51.1851,52.1497,0.584,0.595006,0.0,0,0.00326354,0.302437947,0.31149520812375203
IBOTIC_clean,6.31717,4.2524,6.31717,0.893807,2347.07,2625.93,0.0,0.0,0.6358,0.711339,0.0,0,0.005095181,0.497221707,0.48046045974375007
IBOTOI_clean,9.5634,6.50142,9.5634,0.680526,2284.07,3356.33,0.0,0.0,0.7158,1.05183,0.0,0,0.002712705,0.265466539,0.27193785635000095
IBOZIK_clean,6.1387,4.49344,6.1387,0.940059,2165.41,2303.48,0.0,0.0,0.6574,0.699317,0.0,1,0.00369518,0.353419876,0.3600725917050012
IBUBAL_clean,8.56175,6.50064,8.56175,1.3766,1598.36,1161.09,0.0,0.0,0.5934,0.431061,0.0,1,0.001812702,0.185979311,0.1777536983399996
IBUBIT_clean,11.26336,10.79912,11.26336,0.878987,1904.31,2166.48,0.0,0.0,0.7036,0.800467,0.0,1,0.001990545,0.201722506,0.19381665755625074
IBUDOZ_clean,5.08668,4.25333,5.08214,1.48919,879.713,590.733,0.0,0.0,0.5098,0.342334,0.0,1,0.004673884,0.411667417,0.42521349333624947
IBUYAH_clean,4.28353,4.03476,4.28353,1.49492,252.024,168.587,0.0,0.0,0.3994,0.267172,0.0,1,0.001032899,0.095648325,0.10001943795750069
ic025743v_s1_clean,5.43084,3.59671,5.41371,0.985749,2031.66,2061.03,0.0,0.0,0.67,0.679686,0.0,1,0.00118397,0.118871564,0.12548615258250082
ic034943jsi20030807_040506_clean,5.2265,4.77382,5.2265,1.35803,835.979,615.584,0.0,0.0,0.4602,0.338874,0.0,1,0.004175421,0.367327078,0.3798535135074995
ic048812_clean,5.39588,2.97433,5.39588,1.38697,0.0,0.0,433.909,312.847,0.4434,0.31969,0.0,1,0.003971308,0.332444887,0.345868444483749
ic049498msi20040906_121120_clean,7.04878,2.5813,7.04878,1.41435,0.0,0.0,1289.81,911.946,0.584,0.412911,0.0,1,0.003013407,0.272816715,0.2903430417825
ic050064gsi20050115_040515_clean,7.09944,5.34059,6.92965,0.893388,2231.12,2497.37,0.0,0.0,0.6764,0.757118,0.0,1,0.004405775,0.430407643,0.4295062597074983
ic051143vsi20050711_050730_clean,3.71503,3.07357,3.71503,1.38283,0.0,0.0,158.217,114.416,0.44,0.318189,0.0,0,0.002144638,0.204200686,0.19762007111000113
ic051810ksi20060220_094504_clean,6.9462,5.87305,6.9462,1.26346,2180.21,1725.6,0.0,0.0,0.6444,0.51003,0.0,1,0.003555878,0.343868409,0.34499317409999997
ic0520162si20051122_054836_clean,6.8306,5.22442,6.80585,1.96079,794.081,404.98,10.1093,5.15573,0.4932,0.251531,0.0,1,0.001269649,0.118087973,0.12370716071125075
ic0520162si20051122_054857_clean,4.22657,2.78898,4.22657,2.15998,0.0,0.0,97.2432,45.0204,0.4316,0.199817,0.0,0,0.000172742,0.01747576,0.017431129714999938
ic060030osi20060309_091447_clean,7.66338,4.13517,7.08387,1.45852,1622.05,1112.12,0.0,0.0,0.6038,0.41398,0.0,1,0.002738493,0.252490946,0.260974680024999
ic060608urom20060410_101638_clean,4.58785,3.57723,4.32835,1.52818,688.664,450.644,0.0,0.0,0.5224,0.341845,0.0,0,0.008307829,0.646889945,0.6852594004824959
ic060771psi20060614_113937_clean,5.26056,3.44551,5.26056,1.3794,1193.29,865.074,0.0,0.0,0.5622,0.407567,0.0,1,0.00415175,0.393650764,0.3806823914212483
ic070274o-file006_clean,9.5696,5.43482,9.51118,0.6688,2216.08,3313.52,0.0,0.0,0.6986,1.04456,0.0,0,0.003685363,0.366726171,0.3592993589612511
ic100188w_si_002_clean,7.49679,5.33186,7.49523,1.88994,791.307,418.693,0.0,0.0,0.3762,0.199054,0.0,0,0.00319003,0.276662614,0.2957470196062507
ic101789u_si_002_clean,5.93071,5.35547,5.91488,0.866561,2600.04,3000.42,0.0,0.0,0.6794,0.784019,0.0,0,0.006737066,0.653983316,0.6067791296437486
ic101935f_si_002_auto,13.52781,8.78691,13.51433,0.408029,2079.05,5095.35,0.0,0.0,0.8498,2.08269,0.0,0,0.002938019,0.285937027,0.2918330772074988
ic102347b_si_001_clean,7.286,6.24859,7.286,0.867522,2138.17,2464.68,0.0,0.0,0.647,0.745803,0.0,1,0.004199544,0.408350973,0.4086265446049975
ic200463k_si_002_clean,4.19154,2.64482,4.16139,1.41408,0.0,0.0,676.206,478.196,0.519,0.367024,0.0,1,0.003023252,0.276280967,0.2846901473399999
ic2017598_si_001_clean_h,14.86745,7.89388,14.86745,0.609156,2262.99,3714.96,0.0,0.0,0.7982,1.31034,0.0,0,0.002662407,0.250205345,0.2691255273100004
ic202626c_si_002_clean,4.17676,3.4851,4.17082,1.22883,636.577,518.037,0.0,0.0,0.5146,0.418774,0.0,0,0.003987263,0.374244067,0.36011948518624964
ic202769e_si_002_clean,5.53082,4.05182,5.47464,1.47192,707.209,480.467,0.0,0.0,0.4518,0.306946,0.0,0,0.003433551,0.287915032,0.3211257556374995
ic300665a_si_002_clean,6.76851,6.40962,6.75925,1.06856,1310.99,1226.88,0.0,0.0,0.5662,0.529874,0.0,1,0.003943381,0.34328202,0.37056796321000074
ic3019502_si_002_clean,8.03478,4.99407,8.03478,0.817121,2079.34,2544.72,0.0,0.0,0.6862,0.839778,0.0,1,0.004760394,0.476060402,0.43681104151124933
ic400607w_si_001_clean,8.03748,6.22623,7.97705,1.08776,1912.85,1758.52,0.0,0.0,0.6308,0.579905,0.0,0,0.002760176,0.262850358,0.2684517400137493
ic400777c_si_002_clean,6.92734,4.01933,6.90734,1.34581,1520.73,1129.98,0.0,0.0,0.5638,0.418931,0.0,1,0.00887669,0.70878518,0.7256315748875014
ic400853r_si_002_clean,4.77814,2.58469,4.74882,1.25312,0.0,0.0,661.31,527.733,0.4506,0.359584,0.0,1,0.010645603,0.798584751,0.8208481558562518
ic401157n_si_002_clean,8.07184,5.576,8.06069,0.920261,2034.27,2210.53,0.0,0.0,0.6426,0.69828,0.0,0,0.003640875,0.369680994,0.3586364415450008
ic401157n_si_003_clean,8.36266,5.62116,8.35172,0.801466,2331.72,2909.32,0.0,0.0,0.6656,0.830478,0.0,1,0.00644958,0.620635182,0.5778773004899975
ic401474f_si_002_clean,4.13244,2.9785,4.13079,1.54415,0.0,0.0,250.069,161.946,0.318,0.205939,0.0,1,0.001794346,0.16921621,0.16771414246374952
ic402058f_si_002_clean,5.68988,4.36716,5.68491,1.37492,565.476,411.28,350.976,255.27,0.5054,0.367586,0.0,1,0.006238617,0.523297709,0.5326154636375003
ic402058f_si_003_clean,5.34889,4.37091,5.2699,1.32744,1070.91,806.748,0.0,0.0,0.5284,0.398059,0.0,1,0.00805828,0.675850654,0.6577565628487495
ic402058f_si_004_clean,5.82311,4.37702,5.76138,1.28628,1179.38,916.891,0.0,0.0,0.5444,0.423237,0.0,1,0.006746652,0.583007899,0.596279018029998
ic402058f_si_005_clean,5.71457,4.11763,5.69455,1.40487,535.949,381.495,295.743,210.514,0.4902,0.34893,0.0,1,0.006634421,0.517567527,0.5700612537737499
ic402280p_si_002_clean,4.83974,2.7849,4.76646,1.84667,0.0,0.0,304.448,164.863,0.438,0.237183,0.0,1,0.000629889,0.061697859,0.062203358021249926
ic402692p_si_002_clean,7.57252,6.20483,7.53216,1.12902,2001.22,1772.53,0.0,0.0,0.6518,0.577314,0.0,0,0.005477283,0.508251904,0.4986339142899991
ic402692p_si_003_clean,5.22305,3.60975,4.94835,1.24721,1324.38,1061.87,0.0,0.0,0.5356,0.429439,0.0,1,0.007975976,0.68677375,0.6664581125362501
ic402692p_si_004_clean,14.06271,4.49755,14.06271,0.931261,2158.03,2317.32,0.0,0.0,0.6974,0.748877,0.0,1,0.004013368,0.383795362,0.39757041470249826
ic402692p_si_005_clean,8.36657,7.12488,8.36657,1.09017,2068.01,1896.96,0.0,0.0,0.651,0.597155,0.0,1,0.00401895,0.410075875,0.40155031741249764
ic403134c_si_002_clean,5.082,3.77684,5.05347,1.04512,1065.89,1019.88,0.0,0.0,0.4842,0.463297,0.0,0,0.012388328,0.983085404,0.9426550403512515
ic500323r_si_001_clean,5.40217,4.39968,5.38357,1.7244,1051.83,609.969,0.0,0.0,0.4942,0.286592,0.0,1,0.001572141,0.144985318,0.153453279935001
ic500323r_si_002_clean,5.13222,4.08543,5.13222,1.68431,1029.92,611.476,0.0,0.0,0.4906,0.291276,0.0,1,0.001833131,0.178327594,0.16813938977999954
ic5008457_si_002_clean,5.97545,4.80817,5.79843,0.950435,2209.73,2324.97,0.0,0.0,0.6536,0.687685,0.0,1,0.00398628,0.383453923,0.38021841451750027
ic5011133_si_002_clean,5.81331,3.76182,5.80948,1.18896,1513.31,1272.8,0.0419839,0.0353114,0.5602,0.471167,0.0,1,0.004835141,0.467334561,0.43498744927375105
ic5011133_si_003_clean,6.22091,5.02145,6.15779,1.0165,1852.81,1822.74,0.0,0.0,0.6262,0.616036,0.0,0,0.004299003,0.41695634,0.42951467777750096
ic5011133_si_004_clean,5.76939,3.85425,5.57935,1.03783,2096.3,2019.88,0.0,0.0,0.6036,0.581597,0.0,1,0.003521038,0.342038083,0.3402769647000007
ic501477u_si_002_clean,8.32761,5.8376,8.32761,0.662866,2535.19,3824.58,0.0,0.0,0.725,1.09373,0.0,0,0.003333732,0.341596827,0.33650568660875
ic501801f_si_002_clean,7.62911,3.95603,7.62911,0.921866,1772.69,1922.93,0.0,0.0,0.5984,0.649118,0.0,1,0.002625174,0.270457765,0.2629270754974986
ic501801f_si_003_clean,7.15079,6.5153,7.14534,0.88298,1302.1,1474.67,43.0565,48.7627,0.5668,0.641917,0.0,1,0.002208089,0.208259291,0.21556222574999948
ic501849g_si_002_clean,6.90703,4.72819,6.90703,1.13022,1690.08,1495.36,0.0,0.0,0.5888,0.520963,0.0,1,0.003436147,0.330956348,0.335213185818751
ic501898x_si_004_clean,4.62157,2.70851,4.56085,1.40882,0.0,0.0,776.799,551.383,0.489,0.347099,0.0,0,0.004857369,0.424204,0.41521965660125254
ic501898x_si_005_clean,4.55913,2.84233,4.53369,1.386,0.0,0.0,789.001,569.263,0.4746,0.342423,0.0,0,0.004710257,0.405933837,0.4094185579037524
ic502042h_si_002_clean,5.71865,2.46941,5.71865,2.4306,0.0,0.0,345.412,142.11,0.3694,0.151979,0.0,1,0.001341532,0.12587894,0.12516437027375002
ic5021302_si_002_clean,7.40462,5.14931,5.97305,1.03321,929.837,899.95,920.441,890.857,0.6068,0.587296,0.0,0,0.004632074,0.46099937,0.4373626986999999
ic502254c_si_002_clean,12.68207,7.60887,12.68207,0.711281,1866.25,2623.79,0.0,0.0,0.7144,1.00439,0.0,1,0.002728492,0.264697613,0.27081415740375075
ic502369y_si_002_clean,4.42298,2.76409,4.42132,1.42404,0.0,0.0,244.519,171.708,0.4014,0.281875,0.0,1,0.002143145,0.194208042,0.19786322742125112
ic502643m_si_003_clean,9.70753,8.64872,9.70205,0.819549,2343.2,2859.13,0.0,0.0,0.7048,0.859985,0.0,1,0.003971551,0.392454726,0.3817288963049991
ic502643m_si_006_clean,9.0043,8.36575,9.0043,0.810849,2358.37,2908.52,0.0,0.0,0.7174,0.884751,0.0,1,0.004136779,0.399786336,0.40669927165749753
ic502643m_si_007_clean,13.1918,11.62964,13.1918,0.690929,2270.17,3285.68,0.0,0.0,0.7542,1.09157,0.0,1,0.003783135,0.354206844,0.37007830760624955
ic502643m_si_008_clean,9.64298,8.71131,9.6207,0.809539,2189.42,2704.52,0.0,0.0,0.7184,0.887419,0.0,1,0.004769856,0.465890578,0.4289712360875007
ic502643m_si_009_clean,12.65736,11.14997,12.63796,0.678305,2348.61,3462.47,0.0,0.0,0.757,1.11602,0.0,1,0.003575342,0.367456733,0.3526892331937511
ic502643m_si_010_clean,12.46942,12.09962,12.4634,0.660845,2360.76,3572.33,0.0,0.0,0.7614,1.15216,0.0,1,0.003574663,0.356414905,0.3526021563350013
ic502725y_si_003_clean,3.45477,2.6706,3.27871,2.12455,0.0,0.0,8.20873,3.86374,0.392,0.184509,0.0,0,8.65e-05,0.009536907,0.008271148911250057
ic502725y_si_004_clean,9.62394,4.35849,9.62394,1.57097,2049.09,1304.34,0.0,0.0,0.6364,0.405099,0.000509239,0,0.001940629,0.190152825,0.1917019824174999
ic502730y_si_002_clean,6.89356,6.68644,6.89356,1.03024,1630.4,1582.54,0.0,0.0,0.626,0.607627,0.0,0,0.003555052,0.35339705,0.3386879261825001
ic5028256_si_002_clean,11.37946,3.3255,11.37946,0.933117,1429.44,1531.9,0.0,0.0,0.6478,0.694232,0.0,0,0.00202393,0.198540415,0.19233727543625015
ic502921j_si_002_clean,10.79969,7.20507,10.77322,1.03513,1844.88,1782.26,0.0,0.0,0.6792,0.656147,0.0,1,0.002809863,0.284645662,0.28187719038125025
ic502921j_si_003_clean,7.7085,4.09601,7.43001,1.34893,1247.81,925.035,50.2931,37.2837,0.56,0.415144,0.0,1,0.002789882,0.269281595,0.2660713004112488
ic5029383_si_002_clean,13.89608,6.70448,13.87452,0.615292,2325.45,3779.43,0.0,0.0,0.7826,1.27192,0.0,1,0.003497781,0.365552725,0.34803469024250044
ic5b00096_auto,12.59507,5.60823,12.59507,0.755193,2269.89,3005.71,0.0,0.0,0.7192,0.952339,0.000264833,0,0.002819023,0.277236077,0.2895619870462502
ic5b00130_si_002_clean,5.93683,5.18128,5.93683,1.3408,561.854,419.044,0.0,0.0,0.4314,0.321748,0.0,0,0.002872797,0.254449776,0.2738673040462483
ic5b00194_si_002_clean,8.53834,6.535,8.52358,0.823713,2522.95,3062.9,0.0,0.0,0.705,0.85588,0.0,1,0.006393317,0.597232781,0.5706972200637473
ic5b00217_si_002_clean,5.79194,2.40259,5.79194,2.06746,0.0,0.0,283.597,137.172,0.4442,0.214853,0.0,0,0.003261778,0.221594577,0.30102044456624966
ic5b01023_si_002_clean,12.81278,3.94057,12.81278,0.929822,1555.72,1673.14,0.0,0.0,0.6134,0.659696,0.0,1,0.006963217,0.611418844,0.5984416508175001
ic700893w-file001_clean,4.64861,4.20723,4.64861,1.96566,477.402,242.871,0.0,0.0,0.3902,0.198508,0.0,1,0.001498018,0.138114489,0.14161991645499986
ic7014034-file001_clean,6.72718,4.71693,5.67099,0.945137,1965.67,2079.78,0.0,0.0,0.6212,0.657259,0.0,1,0.005753814,0.534389158,0.5361482654762484
ic7025158-file001_clean,6.29254,4.20047,6.29254,1.82522,2184.33,1196.75,0.0,0.0,0.6642,0.363901,0.0,1,0.000408786,0.042714625,0.041136906057499895
ic800131r-file003_clean,12.9498,9.58722,12.94902,0.417413,1982.69,4749.95,0.0,0.0,0.8202,1.96496,0.0,1,0.002719856,0.296788631,0.2738914261600002
ic8004536-file004_clean,6.6968,4.95321,6.255,1.67243,1875.63,1121.5,0.0,0.0,0.609,0.364141,0.000119587,1,0.000871997,0.088124011,0.08895203976749964
ic801404p_si_001_clean,4.72729,2.45697,4.71675,1.21516,0.0,0.0,717.117,590.14,0.469,0.385956,0.0,1,0.008908079,0.696304717,0.7453298590337505
ic9002115_si_001_clean,5.30738,5.07102,5.30738,1.24196,982.107,790.77,0.0,0.0,0.4718,0.379883,0.0,0,0.005980123,0.516105411,0.5324387652337493
ICAGOK_clean,8.74413,5.00268,8.74413,0.838204,1937.33,2311.28,0.0,0.0,0.645,0.769503,0.0,1,0.003670425,0.354846663,0.3584811931237511
ICAQIO_clean,20.39112,7.95732,20.39112,0.40349,1914.78,4745.53,0.0,0.0,0.8268,2.04912,0.0,0,0.003389779,0.336885015,0.3399403080687506
ICAQOU_clean,20.29966,7.90669,20.29476,0.413296,1915.83,4635.5,0.0,0.0,0.824,1.99373,0.0,0,0.003430752,0.331490261,0.3473716241937506
ICAROV_clean,20.33339,7.92146,20.31568,0.406521,1928.4,4743.67,0.0,0.0,0.8236,2.02597,0.0,0,0.003455101,0.338247463,0.3486266466987506
ICAWUF_clean,8.09105,7.71087,8.06629,1.03438,1360.39,1315.18,0.0,0.0,0.5716,0.552602,0.0,1,0.002504643,0.24467013,0.2466647944487487
ICEGED_clean,7.44329,6.41787,7.44329,0.943252,2339.38,2480.12,0.0,0.0,0.7078,0.750383,0.0,1,0.002904013,0.288172372,0.2892507906825012
ICIKEL_clean,9.47336,2.84595,7.72453,1.63129,0.0,0.0,835.273,512.034,0.5032,0.308468,0.0,1,0.000748562,0.072736892,0.07126256685499954
ICIKIP_clean,8.78331,3.31361,8.75077,1.65443,831.129,502.365,0.0,0.0,0.5062,0.305966,0.0,0,0.000810424,0.07597752,0.08037126333624998
ICISAP_clean,8.79152,6.71431,8.77922,0.851648,2192.52,2574.44,0.0,0.0,0.6926,0.813247,0.0,1,0.004260428,0.421949459,0.4098255202662475
ICIVAS_clean,5.79063,4.60472,5.70801,1.33492,507.517,380.187,462.251,346.277,0.4564,0.341894,0.0,1,0.003152229,0.295603252,0.28981686562125025
ICIZAV_clean,3.84281,3.18904,3.84281,1.93678,0.0,0.0,199.333,102.919,0.3884,0.200539,0.0,1,0.000433221,0.040419389,0.04200276711125021
ICIZOL_clean,4.66454,3.07422,4.31426,1.23139,0.0,0.0,613.128,497.913,0.5064,0.411241,0.0,1,0.005125732,0.449295157,0.4437238875887512
ICODIP01_clean,12.6239,9.97272,12.61095,0.806244,1575.25,1953.81,0.0,0.0,0.686,0.850859,0.0,0,0.002836786,0.284283323,0.28664909600624955
ICODIP_clean,12.5506,9.93166,12.1307,0.813948,1593.28,1957.47,0.0,0.0,0.685,0.841577,0.0,0,0.002825791,0.29594713,0.28684011685124944
ICORAV_ion_b,4.97918,4.38997,4.82512,1.76091,1048.99,595.709,0.0,0.0,0.479,0.272019,0.0,1,0.00106095,0.107553047,0.10434068135250062
ICOWON_clean,5.79599,4.2449,5.79493,1.26187,1474.68,1168.65,0.0,0.0,0.5752,0.45583,0.0,1,0.002759443,0.259739696,0.257199173387499
ICOYIK_clean,4.99706,3.19605,4.99329,1.57134,0.0,0.0,680.908,433.329,0.479,0.304835,0.0,1,0.007059486,0.493326416,0.5619622710362486
IDAGOL_clean,3.78397,3.22953,3.77207,1.49127,0.0,0.0,192.213,128.892,0.436,0.292369,0.0,1,0.000351547,0.039090084,0.03482272798249985
IDAGUR_clean,4.21795,3.2565,4.15153,1.38333,0.0,0.0,506.98,366.493,0.4348,0.314315,0.0,1,0.001048075,0.10777274,0.10390832087624986
IDAZEU_clean,2.74134,2.45619,2.73825,2.24514,0.0,0.0,0.0,0.0,0.317,0.141194,0.0,1,0.000168054,0.01667462,0.01739962409999997
IDEYOF_clean,10.03153,6.17304,10.03153,0.42881,2478.11,5779.04,0.0,0.0,0.8074,1.88288,0.0,1,0.003208696,0.329960931,0.3193373327975007
IDIWIB_clean,6.62997,6.29787,6.59524,1.04722,1606.71,1534.25,0.0,0.0,0.612,0.584403,0.0,0,0.003893354,0.37526052,0.37430189537999986
IDIXAU_clean,9.41711,9.09464,9.41711,0.965845,1677.36,1736.68,0.0,0.0,0.6676,0.691208,0.0,0,0.003330985,0.335296998,0.33257104414750055
IDORAW_clean,10.66058,7.94571,10.64148,0.758358,1989.66,2623.65,0.0,0.0,0.7566,0.997682,0.0,1,0.002416183,0.229548791,0.2277669632987504
IDORIE_clean,8.97123,2.82772,8.97123,1.1689,0.0,0.0,1216.24,1040.5,0.5708,0.488322,0.0,1,0.001982283,0.195574291,0.19075574473499987
IDUDES_clean,4.4794,2.97646,4.4794,1.27416,0.0,0.0,657.369,515.924,0.5018,0.393829,0.0,0,0.009914163,0.75593438,0.8095955198375031
IDUDIW_clean,4.41225,3.49442,4.39662,1.09369,1435.22,1312.27,0.0,0.0,0.577,0.527571,0.0,0,0.006079792,0.551960346,0.5659080436099976
IDUTUW_clean,4.95983,4.34552,4.92681,3.2621,618.922,189.731,0.0,0.0,0.4194,0.128567,0.0,1,0.000527963,0.04928082,0.05231091149374964
IFAGON_clean,7.26408,5.9349,7.24141,0.928559,1699.23,1829.96,0.0,0.0,0.6226,0.670501,0.0,1,0.004163246,0.405323067,0.40173930172624844
IFAHEC_clean,8.64157,7.39543,8.63925,1.95986,1143.21,583.31,50.6979,25.8681,0.5464,0.278795,0.0,1,0.029711769,1.225317394,1.8254257108187477
IFAQUC_clean,5.27583,2.42759,5.26585,1.8277,0.0,0.0,667.481,365.202,0.4514,0.246977,0.0,1,0.001178417,0.113929472,0.11537304749624944
IFASOZ_clean,9.64796,7.3234,9.64796,0.745691,1847.95,2478.17,0.0,0.0,0.6678,0.895545,0.0,1,0.002056362,0.2036185,0.2014490314012508
IFEHUY_clean,11.31643,10.12794,11.31643,1.037,1594.72,1537.82,0.0,0.0,0.6458,0.622755,0.0,1,0.002301695,0.224053639,0.22275296882249943
IFENOY01_SL,7.2447,5.77835,7.2447,1.33475,547.742,410.371,0.0,0.0,0.456,0.341638,0.0,0,0.000625492,0.060851654,0.0631636900262501
IFENOY02_SL,7.2725,5.76,7.2725,1.32744,548.221,412.992,0.0,0.0,0.4566,0.343971,0.0,0,0.000635354,0.06278589,0.06432970527249995
IFENOY03_SL,7.28997,5.75367,7.27102,1.31871,593.793,450.282,0.0,0.0,0.4674,0.354437,0.0,0,0.000743829,0.073872176,0.07118927919499977
IFENOY_clean,7.29661,5.78947,7.29661,1.34939,546.821,405.234,0.0,0.0,0.4514,0.33452,0.0,0,0.00058182,0.057838304,0.06162865221249996
IFEPIT_clean,3.789,2.50502,3.76043,5.18017,0.0,0.0,119.534,23.0752,0.395,0.0762523,0.0,1,8.84e-05,0.008631328,0.009003195075000059
IFEPUG_SL,8.50919,8.20364,8.50919,1.3525,636.298,470.459,0.0,0.0,0.441,0.326062,0.0,0,0.001582044,0.15428314,0.1484823243425005
IFEQAN_SL,8.46927,8.16692,8.46927,1.35259,651.783,481.879,0.0,0.0,0.4438,0.328112,0.0,0,0.001576409,0.155191089,0.1484809889900005
IFEQIV_SL,8.23002,7.90173,8.23002,1.32672,694.39,523.389,0.0,0.0,0.4528,0.341293,0.0,0,0.001028399,0.111298162,0.10007855388875049
IFOSIG_clean,4.26001,3.61738,4.26001,1.58988,662.885,416.939,121.875,76.6569,0.5738,0.360907,0.0,0,0.001012357,0.099848408,0.09954447945625049
IFUNUU_clean,5.50748,4.0974,5.50748,1.36844,1548.79,1131.79,0.0,0.0,0.5726,0.418432,0.0,1,0.006571325,0.546569746,0.5937362325674984
IFUXOW_clean,5.75578,2.87381,5.73819,1.23287,0.0,0.0,1395.4,1131.83,0.5806,0.470935,0.0,1,0.001288838,0.131234178,0.12562933652749933
IGAGAA_clean,6.32999,3.64698,6.28248,1.49391,1433.42,959.509,0.0,0.0,0.5336,0.357182,0.0,1,0.005651216,0.475084996,0.5019159282899982
IGAGUU_clean,16.24786,12.96845,16.24786,0.632439,2294.44,3627.92,0.0,0.0,0.7656,1.21055,0.0,1,0.002913718,0.298997494,0.29333753828375103
IGAHAB_clean,8.07676,5.90613,8.07676,1.09695,1250.92,1140.36,257.39,234.642,0.6018,0.548613,0.0,1,0.005898741,0.460128044,0.5290683422574999
IGAHED01_clean,4.38198,3.29154,4.3617,1.52002,0.0,0.0,781.79,514.328,0.4836,0.318153,0.0,1,0.005319513,0.468290365,0.43073323731500146
IGAHED02_clean,4.36233,3.27623,4.3458,1.53655,0.0,0.0,775.479,504.688,0.4808,0.312908,0.0,1,0.005499547,0.497466161,0.45884350046875033
IGAHED_clean,4.3843,3.29295,4.35823,1.5227,0.0,0.0,797.082,523.465,0.4958,0.325605,0.0,1,0.005543707,0.489789214,0.46386987697250015
IGETUL_clean,7.73199,5.01492,7.73199,1.17458,1427.74,1215.53,0.0,0.0,0.5802,0.493962,0.0,1,0.007519398,0.644258684,0.6741856748175004
IGEXOH_clean,5.20725,4.43194,5.19154,1.26433,2211.95,1749.5,0.0,0.0,0.6598,0.521856,0.0,0,0.004316854,0.422623774,0.42573794785625013
IGITOJ_clean,9.86619,7.72074,9.86533,2.03715,1524.44,748.321,0.0,0.0,0.6278,0.308175,0.0,0,0.000519272,0.051324405,0.053129416467499586
IGIZAA_clean,4.5862,3.48961,4.56741,3.31108,485.403,146.6,0.0,0.0,0.374,0.112954,0.0,1,0.000195265,0.020803021,0.02112817911625008
IGIZEF_clean,4.69926,3.5008,4.58086,1.87274,282.887,151.055,108.889,58.1444,0.4116,0.219785,0.0,1,0.005365518,0.418108129,0.4160959075137485
IGOJEV_clean,6.84915,5.33678,6.8307,1.1268,1367.78,1213.86,0.0,0.0,0.5334,0.473376,0.0,0,0.004251208,0.400121931,0.39798567073250046
IGUCET_clean,4.78088,3.21252,3.94517,2.07477,0.0,0.0,538.613,259.601,0.533,0.256896,0.0,0,0.007702189,0.629893413,0.6150869802049965
IGUCIY_clean,4.91096,3.9591,4.91096,1.65468,587.51,355.059,0.0,0.0,0.4326,0.26144,0.0,0,0.001923475,0.172292247,0.1797381623037494
IGUTEK_clean,6.65766,3.11444,6.65761,1.49885,0.0,0.0,1310.11,874.081,0.5442,0.363079,0.0,0,0.002216791,0.210801782,0.21962792056749883
IGUTUB_clean,5.90315,3.38592,5.90315,1.32404,833.844,629.77,0.0,0.0,0.479,0.36177,0.0,0,0.005750786,0.478334779,0.5042356689849988
IGUVIR01_clean,6.10337,3.92459,6.10337,1.30886,926.034,707.513,0.0,0.0,0.4778,0.365051,0.0,0,0.00569551,0.494465232,0.49365112438999764
IGUVIR_clean,5.80337,3.48765,5.78397,1.34417,868.475,646.107,0.0,0.0,0.4594,0.341773,0.0,0,0.006080397,0.496844162,0.5358958991612489
IHAJEH_clean,6.78044,6.29448,6.78044,1.39086,1751.0,1258.94,0.0,0.0,0.6318,0.454253,0.0,0,0.001621676,0.162797372,0.15898471771125128
IHAJIL_clean,5.45406,4.34442,5.40178,1.56119,1403.37,898.914,0.0,0.0,0.5862,0.375483,0.0,0,0.005305894,0.475460867,0.4603978015224988
IHAZOH_clean,7.81797,3.00994,7.81797,1.26641,0.0,0.0,1121.44,885.526,0.5218,0.412032,0.0,1,0.005915894,0.45696636,0.5070770052787502
IHECAB_clean,3.25025,2.44634,3.24283,1.75673,0.0,0.0,0.0,0.0,0.466,0.265265,0.0,0,3.52e-05,0.003675779,0.0031494827212500175
IHERIY_clean,5.24257,3.36629,5.24257,1.3571,624.106,459.88,0.0,0.0,0.4274,0.314935,0.0,1,0.003575327,0.305941229,0.3265445257862482
IHILUI_clean,4.87031,3.7868,4.87031,2.14625,806.195,375.629,0.0,0.0,0.4228,0.196995,0.0,1,0.001162086,0.108905993,0.1099810301562502
IHIMAP01_clean,5.07944,3.8505,5.07201,1.90767,927.816,486.36,0.0,0.0,0.4506,0.236204,0.0,1,0.001287298,0.115711701,0.11950498486750086
IHIMAP_clean,4.88033,3.6251,4.88017,1.94507,780.03,401.03,0.0,0.0,0.4326,0.222409,0.0,1,0.001189156,0.108542612,0.11638739738500035
IHIWIF_clean,4.71706,2.56403,4.71398,2.06811,0.0,0.0,525.432,254.063,0.4502,0.217686,0.0,1,0.001452388,0.13441337,0.13143000382249992
IHOTEG_clean,3.67392,2.49387,3.66502,1.28481,0.0,0.0,122.883,95.6433,0.4476,0.348379,0.0,0,0.000134378,0.011542417,0.012397070559999996
IHUROS_clean,3.95608,2.55182,3.80486,2.07596,0.0,0.0,344.158,165.782,0.3964,0.190948,0.0,1,0.008693448,0.688934584,0.638515370861247
IHUTIQ_clean,4.64256,3.74008,4.5445,1.27422,518.012,406.533,0.0,0.0,0.439,0.344525,0.0,0,0.00145107,0.140636376,0.13467668666250032
IJANAJ_clean,4.15369,3.00882,3.95692,1.41576,0.0,0.0,379.295,267.908,0.456,0.322088,0.0,1,0.001545169,0.154346332,0.14717604428000006
IJANEN_clean,4.00127,2.88482,3.98564,1.41537,0.0,0.0,342.685,242.117,0.4544,0.321047,0.0,1,0.002058888,0.201766466,0.19568699959875102
IJASES01_clean,4.87181,2.91751,4.86886,1.63283,0.0,0.0,720.506,441.263,0.5018,0.30732,0.0,1,0.005237939,0.434146677,0.43275123590125153
IJASES_clean,4.86915,2.9173,4.86915,1.63283,0.0,0.0,718.371,439.955,0.5002,0.30634,0.0,1,0.005373446,0.431516833,0.43741749319125106
IJASIW_clean,4.37434,3.3575,4.37434,1.59147,425.39,267.294,17.0209,10.6951,0.4356,0.27371,0.0,0,0.004950644,0.400950686,0.41611345788000054
IJASOC_clean,6.30976,5.8805,6.27431,1.0194,1983.73,1945.99,0.0,0.0,0.653,0.640576,0.0,1,0.004002165,0.361112884,0.39484400688374843
IJATIW_clean,4.31047,2.4209,4.31047,1.96204,0.0,0.0,167.312,85.2747,0.372,0.189598,0.0,1,0.001271289,0.106705134,0.12075790960874974
IJENER_clean,6.00155,2.57734,5.99773,1.64534,0.0,0.0,966.647,587.506,0.5052,0.307049,0.0,0,0.00578481,0.478604792,0.4985024633575007
IJEVEA_clean,6.16235,3.65442,6.15987,1.71122,898.254,524.922,0.0,0.0,0.4748,0.277464,0.0,1,0.004651323,0.400972847,0.4236465416074985
IJEVIE_clean,6.39858,3.56516,6.38456,1.47483,1314.49,891.28,0.423263,0.286991,0.5748,0.389739,0.0,1,0.005405279,0.476594594,0.4783555200487482
IJEXIF01_clean,6.79743,4.32524,6.79743,1.08441,2203.63,2032.1,0.0,0.0,0.6682,0.616187,0.0,1,0.006315071,0.598992953,0.5675387813424966
IJEXIF_clean,6.7342,4.37179,6.7342,1.07253,2222.65,2072.34,0.0,0.0,0.6664,0.621333,0.0,1,0.005799606,0.579348003,0.5386569086599985
IJEXUR_clean,5.05755,2.858,5.05755,1.47624,0.0,0.0,568.715,385.245,0.4738,0.32095,0.0,1,0.0019332,0.180898224,0.18477573820750012
IJEYON_clean,4.12084,3.31963,4.1204,1.28925,475.404,368.745,0.0,0.0,0.499,0.387048,0.0,0,0.002254102,0.221978414,0.2168810437262506
IJIGOX_clean,6.16574,5.62335,6.16574,2.01565,1416.67,702.835,0.0,0.0,0.5266,0.261256,0.0,0,0.009788191,0.732836113,0.7760721255175013
IJISEZ_clean,4.28008,2.64423,4.27704,1.77695,0.0,0.0,132.412,74.5166,0.3384,0.190439,0.0,1,0.002072227,0.191489403,0.19539268083875036
IJODES_clean,4.9358,3.10102,4.89748,1.44251,0.0,0.0,573.112,397.301,0.4568,0.316669,0.0,1,0.008500518,0.628987468,0.6973878505012481
IJUJEE_clean,5.7329,3.14927,5.59608,2.00759,0.0,0.0,597.221,297.481,0.4248,0.211597,0.0,1,0.003219498,0.259030065,0.29861962987750057
IJUTEM_clean,7.42822,3.46008,7.42822,1.4496,1196.69,825.529,190.636,131.509,0.5614,0.38728,0.0,0,0.004074319,0.365254669,0.39220142953999826
IKAYAU_clean,4.59122,3.56678,4.59122,1.61867,325.484,201.081,0.0,0.0,0.3984,0.246128,0.0,1,0.000792494,0.076342384,0.07529467511875025
IKEBUV01_clean,4.90885,3.89845,4.88149,1.28693,1923.5,1494.65,0.0,0.0,0.6236,0.484565,0.0,1,0.003352875,0.326774766,0.33165329468625077
IKEBUV_clean,4.87862,3.88747,4.8574,1.29691,1916.47,1477.73,0.0,0.0,0.6176,0.47621,0.0,1,0.003297832,0.332151632,0.32624644991000074
IKETAU_clean,5.60593,4.335,5.59414,1.55077,1730.4,1115.83,0.0,0.0,0.5626,0.362788,0.0,1,0.002977392,0.282653105,0.2765460811249989
IKETEY_clean,5.5138,4.26379,5.5027,1.61573,1676.6,1037.67,0.0,0.0,0.5562,0.34424,0.0,1,0.003103997,0.292171763,0.28644926229499945
IKETIB_clean,13.18345,6.57771,10.98623,0.873765,2179.56,2494.44,0.0,0.0,0.722,0.826309,0.0,1,0.003989589,0.353094311,0.38466541617874894
IKETIC_clean,5.48661,4.24072,5.47557,1.63135,1674.67,1026.56,0.0,0.0,0.5538,0.339473,0.0,1,0.002984423,0.291031063,0.27654833882624963
IKETOH_manual,13.20001,6.4144,13.20001,0.879595,2120.61,2410.89,0.0,0.0,0.713,0.810601,0.0,1,0.004675578,0.416596538,0.43100666358250167
IKETOI_clean,5.47175,4.23311,5.43757,1.66186,1666.92,1003.04,0.0,0.0,0.5532,0.33288,0.0,1,0.003079085,0.296123017,0.2864463144087498
IKETUN_clean,13.22557,6.52759,13.22557,0.869317,2182.06,2510.09,0.0,0.0,0.7238,0.832608,0.0,1,0.003797155,0.344610889,0.3703344436187495
IKETUO_clean,5.44662,4.20794,5.39592,1.67888,1662.67,990.343,0.0,0.0,0.552,0.328791,0.0,1,0.003102761,0.291954591,0.28646249440875
IKEVAW_clean,5.40684,4.19271,5.39701,1.71304,1637.64,955.985,0.0,0.0,0.5474,0.319548,0.0,1,0.003155004,0.299269155,0.29084682110625065
IKEZED_clean,3.77546,2.72734,3.77546,2.1116,0.0,0.0,165.302,78.2831,0.337,0.159595,0.0,1,0.004115362,0.348952006,0.37417213692125095
IKOKEA_clean,6.08904,3.3904,6.07977,1.63594,1155.87,706.549,0.0,0.0,0.5166,0.315782,0.0,0,0.00394627,0.355152113,0.35339229817874895
IKOPEF_clean,7.2534,4.34633,7.2534,1.24385,1606.2,1291.31,0.0,0.0,0.5726,0.460344,0.0,1,0.004317248,0.386138837,0.4244176691762506
IKOPIJ_clean,5.93474,4.94123,5.93474,1.12209,2241.63,1997.73,0.0,0.0,0.5918,0.527408,0.0,1,0.003309674,0.316382725,0.32748025707625117
IKOQII_clean,4.83665,3.16343,4.83665,1.17628,0.0,0.0,470.334,399.848,0.5636,0.479137,0.0,0,0.001835022,0.166353043,0.17577956646874932
IKOSOQ_clean,5.18747,4.15785,5.187,1.04558,711.454,680.438,252.551,241.541,0.5228,0.500009,0.0,1,0.005264023,0.465950452,0.4692210105787498
IKOTUZ_clean,16.05073,15.64664,16.05073,1.00283,1515.79,1511.5,0.0,0.0,0.658,0.656142,0.0,1,0.003791298,0.346171808,0.36754066241000005
IKOVAH_clean,16.06628,15.68836,16.05839,1.01053,1521.53,1505.68,0.0,0.0,0.6416,0.634917,0.0,1,0.003753918,0.351447331,0.3662102401725004
IKOVEL_clean,15.9244,15.48384,15.9244,0.975432,1532.92,1571.53,0.0,0.0,0.643,0.659195,0.0,1,0.003811278,0.345172807,0.36835627413375016
IKUBUL01_clean,4.97225,4.13588,4.96966,1.70618,1252.65,734.185,0.0,0.0,0.581,0.340527,0.0,0,0.008395561,0.678072718,0.7078843236174976
IKUBUL_clean,5.00176,4.50394,4.98274,1.67146,1332.86,797.421,0.0,0.0,0.5778,0.345685,0.0,0,0.007415742,0.63905556,0.6429218098325022
IKUMAE_clean,4.60449,3.27789,4.37551,1.23132,0.0,0.0,778.395,632.162,0.5064,0.411266,0.0,0,0.002393024,0.210629685,0.2275679984674999
IKUTIT_clean,6.70756,4.84545,6.68635,1.15517,2264.75,1960.54,0.0,0.0,0.6434,0.556977,0.0,1,0.004210088,0.397735926,0.40532770479624963
IKUTOZ_clean,6.60931,5.74465,6.60446,1.16881,1703.33,1457.32,0.0,0.0,0.5968,0.510603,0.0,1,0.002936139,0.29031534,0.2824329352949998
IKUTUF_clean,8.78737,4.08662,8.78737,1.10967,2075.01,1869.94,0.0,0.0,0.6536,0.589005,0.0,1,0.004336225,0.38371962,0.4259939201449996
ILASIZ_clean,4.54164,2.63088,4.54164,1.12333,0.0,0.0,551.64,491.074,0.4768,0.424451,0.0,0,0.001825356,0.180072636,0.17874420452249914
ILASUL_clean,3.73407,2.40766,3.67145,1.38454,0.0,0.0,126.435,91.3191,0.4974,0.359253,0.0,0,0.000117857,0.011917419,0.011562126934999995
ILAXEA_clean,5.56403,2.86394,5.56403,1.04262,0.0,0.0,763.485,732.278,0.5288,0.507186,0.0,1,0.004738333,0.435222811,0.4117230232212519
ILECIN_clean,4.56784,2.62927,4.39537,1.14451,0.0,0.0,561.319,490.444,0.5344,0.466924,0.0,0,0.004719475,0.447693516,0.41018543945125235
ILEHUD_clean,5.02137,3.75623,4.99615,1.79998,1015.1,563.953,0.0,0.0,0.5264,0.292448,0.0,1,0.007252558,0.581255445,0.6254524531975008
ILENOC_clean,4.95574,3.57203,4.9334,2.30558,814.836,353.419,0.0,0.0,0.4958,0.215043,0.0,1,0.015564776,1.043383599,1.0017444469099999
ILIFOY_clean,5.51379,4.36093,5.51127,1.7785,832.969,468.356,0.0,0.0,0.4352,0.244701,0.0,0,0.004168609,0.346479068,0.3775923430662475
ILIFUE_clean,5.46839,4.30835,5.46382,1.80799,845.912,467.873,0.0,0.0,0.4296,0.237611,0.0,0,0.00434171,0.368664829,0.4131463710399998
ILIGAL_clean,5.39984,4.21783,5.39803,1.8431,801.718,434.983,0.0,0.0,0.424,0.230047,0.0,0,0.004565865,0.388499307,0.4231125488312498
ILIGEP_clean,5.40466,4.22337,5.40056,1.85928,816.766,439.291,0.0,0.0,0.4238,0.227938,0.0,0,0.004712527,0.385369063,0.4237730921499996
ILIMOH_clean,7.40414,5.70962,7.40414,1.17288,870.384,742.093,0.0,0.0,0.5052,0.430735,0.0,0,0.00146762,0.145614615,0.14146004739750043
ILIMUN_clean,6.19427,4.05594,6.18143,1.18958,950.094,798.68,0.0,0.0,0.473,0.397619,0.0,0,0.003633395,0.334201979,0.3410332283474991
ILINIC_clean,4.81641,3.7003,4.81641,3.15291,1757.15,557.309,0.0,0.0,0.577,0.183005,0.0,1,0.000511912,0.050520092,0.05301613972999964
ILIQEB_clean,4.39949,3.02292,4.39949,1.4504,0.0,0.0,557.364,384.284,0.4682,0.322808,0.0,1,0.002100407,0.19863253,0.1981345858975011
ILIQIF_clean,4.113,2.87127,4.113,1.45442,0.0,0.0,475.045,326.621,0.477,0.327965,0.0,1,0.001648301,0.154785837,0.1598210091100001
ILITUT_manual,12.63372,9.84913,12.63125,0.49196,2089.33,4246.95,0.0,0.0,0.786,1.59769,0.0,1,0.003300197,0.311595856,0.3346673965562506
ILOJEZ_clean,4.06811,3.10596,4.05147,1.3886,0.0,0.0,273.889,197.241,0.4204,0.30275,0.0,0,0.001878512,0.184815574,0.17242614957499958
ILOJOJ_clean,6.13171,4.84213,6.13171,1.27844,834.445,652.704,0.0,0.0,0.4692,0.367009,0.0,1,0.003224229,0.295333553,0.3052529267862516
ILOSOS_clean,8.86399,3.09735,8.84245,1.09578,0.0,0.0,1114.02,1016.64,0.5824,0.531492,0.0,1,0.002013005,0.196419645,0.19053878608124988
ILOTOT_clean,4.12508,3.17559,4.11568,1.43009,0.0,0.0,259.474,181.44,0.393,0.274808,0.0,0,0.001807329,0.171694965,0.16825764486749967
ILUFIF_clean,7.09777,3.09218,7.09763,1.56986,0.0,0.0,598.426,381.198,0.4914,0.313022,0.0,1,0.001707618,0.165031491,0.16187278545500094
ILUFOL_clean,7.10624,3.06586,7.10592,1.59676,0.0,0.0,603.154,377.736,0.4902,0.306997,0.0,1,0.001839855,0.175468862,0.16787571561500003
ILUFUR_clean,7.14136,3.0815,7.14136,1.56508,0.0,0.0,607.447,388.125,0.49,0.313083,0.0,1,0.001868347,0.173593587,0.1705732200449998
ILUGAY_clean,7.03145,2.93792,7.03145,1.64866,0.0,0.0,576.551,349.708,0.4854,0.29442,0.0,1,0.001793586,0.182034564,0.1674276970237502
ILUGOM_clean,7.1541,3.07068,7.15163,1.58406,0.0,0.0,621.794,392.533,0.4944,0.31211,0.0,1,0.001437577,0.139302647,0.1356797570825008
ILUHIH_clean,7.15166,3.05989,7.14256,1.58432,0.0,0.0,629.702,397.458,0.494,0.311806,0.0,1,0.00148828,0.143079245,0.1473318430899999
ILUHON_clean,7.0969,3.0903,7.07606,1.53277,0.0,0.0,600.316,391.655,0.4938,0.322163,0.0,1,0.001494856,0.140525133,0.14675149629750017
ILUHUT_clean,7.11344,3.21073,7.11344,1.51847,0.0,0.0,602.235,396.607,0.4872,0.32085,0.0,1,0.001707798,0.170536866,0.16218375028250104
ILUJAB_clean,7.14322,3.19958,7.14322,1.49429,0.0,0.0,615.271,411.748,0.483,0.323231,0.0,1,0.001484406,0.138088777,0.14642561404250015
ILUJEF_clean,7.09364,3.13122,7.09329,1.56537,0.0,0.0,583.793,372.943,0.4864,0.310726,0.0,1,0.001785124,0.168905657,0.16665607160375032
ILUJIJ_clean,7.16071,3.15378,7.16071,1.52527,0.0,0.0,614.248,402.714,0.4956,0.324926,0.0,1,0.001433741,0.140932133,0.13687672003000087
IMACND_clean,4.34425,3.82182,4.33967,1.80066,838.501,465.663,0.0,0.0,0.5398,0.299779,0.0,1,0.000909058,0.09348695,0.08878601720499966
IMAGAG_clean,5.63215,4.41962,5.58123,0.709614,2844.3,4008.23,0.0,0.0,0.7052,0.99378,0.0,1,0.004742407,0.451899583,0.4376581686724989
IMAXUR_clean,9.35814,4.03338,9.35814,0.94009,1810.27,1925.64,0.0,0.0,0.6284,0.668447,0.0,1,0.004394069,0.42741771,0.4234961815412508
IMEDOV_clean,8.12382,4.26401,8.12382,1.06775,893.804,837.087,12.2034,11.4291,0.5044,0.472393,0.0,1,0.001898243,0.180719784,0.18263402347749932
IMIDZB10_clean,11.74145,3.30578,11.74145,0.83399,0.0,0.0,1687.04,2022.86,0.7112,0.852768,0.0,0,0.002187819,0.220559094,0.21377417941124957
IMIQIF_clean,8.80197,2.82578,8.79134,2.51135,0.0,0.0,830.359,330.643,0.519,0.206662,0.0,1,0.000409894,0.043104519,0.04116346223375011
IMISIH_clean,5.27982,3.88793,5.27982,1.92173,1036.22,539.212,0.0,0.0,0.5212,0.271214,0.0,1,0.003139206,0.282195943,0.2876501509375003
IMUTUG_ion_b,8.41076,5.98943,8.40503,1.06348,2136.59,2009.05,13.7433,12.9229,0.6802,0.639596,0.0,1,0.006936929,0.537774393,0.5988488693549998
INAMUG_clean,5.65697,3.6533,5.65697,1.24473,444.163,356.836,0.0,0.0,0.424,0.340637,0.0,1,0.001305388,0.12157459,0.12164879530500086
INARUM_clean,4.27147,3.60968,4.26595,1.49233,736.38,493.444,0.0,0.0,0.5148,0.344964,0.0,1,0.003861443,0.344616158,0.3522255529774983
INEBOT01_clean,5.94146,2.41019,5.93612,1.16256,0.0,0.0,1080.53,929.438,0.4958,0.426471,0.0,1,0.003320259,0.309649258,0.3134280924474998
INESIE_clean,4.15862,2.63435,4.09466,1.47296,0.0,0.0,121.669,82.602,0.4302,0.292066,0.0,0,0.001028612,0.09602609,0.10094339011500052
INEXIK_clean,4.80408,2.43656,4.80408,1.39274,0.0,0.0,418.117,300.211,0.4782,0.343352,0.0,1,0.004806546,0.398739823,0.4087855322137526
INEXOQ_clean,4.63892,2.80813,4.6249,1.2696,0.0,0.0,659.821,519.708,0.5062,0.398708,0.0,1,0.005323518,0.460124024,0.4396040942512517
INIDAL_clean,4.50397,3.74534,4.50292,2.3554,849.004,360.45,0.0,0.0,0.4596,0.195126,0.0,0,0.058416588,2.079936144,2.094588171431252
INIGET_clean,5.272,3.4615,5.24671,1.60135,599.11,374.128,0.0,0.0,0.458,0.286009,0.0,1,0.002452409,0.222594756,0.22364404428499937
INIQUR_clean,6.2915,4.5306,6.2915,1.16326,1032.52,887.604,0.0,0.0,0.5158,0.443408,0.0,1,0.001303356,0.116023824,0.12813754268875097
INIRAY01_clean,6.20577,4.3891,6.20321,1.19479,1004.19,840.475,0.0,0.0,0.5078,0.42501,0.0,1,0.0010888,0.110950498,0.10680208732125022
INIRAY_clean,6.42335,4.78031,6.35158,1.15007,1090.31,948.038,0.0,0.0,0.529,0.459971,0.0,1,0.001193091,0.114280168,0.12392917279625065
INIXOT_clean,3.98278,3.32513,3.98278,1.84127,266.343,144.652,0.0,0.0,0.4098,0.222564,0.0,1,0.018169639,1.274091714,1.0107171947687477
INOMIJ_clean,7.95221,7.58337,7.95221,0.978026,1630.8,1667.44,0.0,0.0,0.607,0.620638,0.0,1,0.00380906,0.389430766,0.3678041253950001
INOMOP01_clean,5.44312,5.07173,5.44201,1.06786,1357.09,1270.86,0.0,0.0,0.5604,0.52479,0.0,1,0.004041388,0.383969514,0.38192998420499996
INOMOP_clean,5.26106,4.80157,5.24412,1.1048,1287.23,1165.13,0.0,0.0,0.553,0.500544,0.0,1,0.004094903,0.391838229,0.3814229248212492
INOVEN_clean,6.5916,4.86656,6.58623,1.1112,2296.52,2066.7,0.0,0.0,0.6394,0.575413,0.0,1,0.004462584,0.430793917,0.4368554675687506
INURIS_clean,5.07769,3.09799,4.57779,1.27509,0.0,0.0,768.669,602.833,0.4786,0.375345,0.0,1,0.001516908,0.146694031,0.14757531601874965
IPICOA_clean,5.44441,4.81551,5.37454,1.57966,1489.86,943.154,0.0,0.0,0.6242,0.395149,0.0,0,0.005642786,0.514819423,0.5031927092112494
IPIDUH_clean,5.17469,3.85894,5.16774,1.5676,1161.37,740.859,0.0,0.0,0.5352,0.341413,0.0,1,0.003124526,0.27520011,0.2868377190737501
IPIFAP_clean,7.07203,5.90208,7.07203,1.44306,1593.23,1104.06,0.0,0.0,0.6048,0.419109,0.0,1,0.00144413,0.138076956,0.14122063454250053
IPIHIA_clean,4.19682,3.6848,4.18995,1.35995,968.941,712.483,0.0,0.0,0.4832,0.355307,0.0,1,0.002698279,0.2476791,0.246447478825001
IPIJEY_clean,5.9118,5.17695,5.9118,1.3358,1030.18,771.213,0.0,0.0,0.4974,0.372363,0.0,1,0.003799148,0.338565281,0.3485971991974987
IPIMEA_clean,5.12695,2.42803,5.10312,2.71833,0.0,0.0,365.213,134.352,0.3434,0.126328,0.0,0,0.004260337,0.297895135,0.37606243212375035
IPOWOA_clean,4.16556,2.83702,4.16556,1.73574,0.0,0.0,154.555,89.043,0.4626,0.266515,0.0,1,0.001193562,0.102316451,0.11868021233249967
IQABEJ_clean,5.1026,4.0827,5.09122,1.64165,725.772,442.098,0.0,0.0,0.4456,0.271434,0.0,1,0.001737688,0.167091101,0.16370861958624983
IQECIS_clean,8.1309,7.21043,8.08032,0.715898,2174.72,3037.76,0.0,0.0,0.7158,0.999863,0.0,0,0.002927962,0.289854237,0.2915638408512508
IQEKOG_clean,6.56789,4.70003,6.53165,0.994726,2095.71,2106.82,0.0,0.0,0.6568,0.660283,0.0,1,0.005446321,0.513645337,0.4963961413362506
IQEKUM_clean,5.23045,4.40009,5.21843,1.19945,1749.75,1458.79,0.0,0.0,0.58,0.483556,0.0,1,0.007609322,0.676790122,0.6768249329900007
IQEWOQ_clean,5.16976,4.01341,5.16976,1.5881,979.709,616.905,0.0,0.0,0.4814,0.303129,0.0,0,0.001662187,0.162665989,0.1624177601262501
IQIDES_clean,4.41091,3.06466,4.32573,1.33382,0.0,0.0,619.188,464.22,0.518,0.388357,0.0,0,0.015728303,1.336140134,0.9818235081625002
IQIJIC_clean,5.3134,3.06743,5.3134,1.16441,0.0,0.0,711.318,610.883,0.4852,0.416692,0.0,1,0.005022208,0.428988719,0.4404171038637517
IQILIF_clean,7.54585,4.55729,7.31598,0.9871,1707.16,1729.47,0.0,0.0,0.5864,0.594063,0.0,1,0.006065257,0.562363825,0.5661389698187468
IQINAZ_clean,4.8626,3.30446,4.80624,1.37034,0.0,0.0,825.677,602.536,0.498,0.363414,0.0,1,0.0126775,0.92302689,0.8742959571550009
IQIPAZ_clean,5.68593,3.36787,5.68593,1.52427,553.312,363.001,0.0,0.0,0.404,0.265044,0.0,1,0.00176233,0.159799911,0.1625722063837503
IQOHON_clean,4.86653,2.58263,4.85136,1.13469,0.0,0.0,692.541,610.335,0.487,0.429193,0.0,1,0.007756028,0.627381681,0.644221891838749
IQOHUT_clean,6.95469,5.55862,6.9488,0.866054,1696.91,1959.36,0.0,0.0,0.6176,0.71312,0.0,1,0.003385018,0.340012647,0.33113742068250035
IQOJAB_clean,5.87643,3.82611,5.87109,1.02895,1467.53,1426.23,25.3077,24.5957,0.5682,0.552213,0.0,1,0.008547637,0.732117293,0.731077929978747
IQOJEF_clean,6.3031,3.72946,5.90938,1.09859,1022.71,930.932,0.0,0.0,0.506,0.460592,0.0,1,0.00560973,0.500661341,0.5047757356237476
IQOKEG_clean,7.17756,4.14343,7.15508,0.93657,1757.51,1876.54,0.0,0.0,0.5934,0.633589,0.0,0,0.002948971,0.29485639,0.2865788857149996
IQOKIK_clean,6.46497,4.73774,6.45982,0.941841,1852.78,1967.19,0.0,0.0,0.5902,0.626645,0.0,1,0.003779447,0.363986811,0.36546458742500015
IQOZUJ_clean,5.11734,2.51243,5.11734,1.22225,0.0,0.0,756.507,618.946,0.5322,0.435427,0.0,0,0.003971384,0.35000111,0.3494561536237505
IQUCOO_clean,6.46968,5.45118,6.44712,1.037,1366.21,1317.47,0.0,0.0,0.5412,0.521892,0.0,1,0.005462505,0.500811417,0.48991108301124925
IQUNAJ_clean,2.82798,2.51847,2.81825,1.72662,0.0,0.0,0.0,0.0,0.3226,0.186839,0.0,1,0.000178583,0.019540096,0.017632709868749846
IRAHUF_clean,4.40761,3.65968,4.40667,2.37748,766.685,322.478,0.0,0.0,0.4662,0.19609,0.0,0,0.054851569,1.946117736,1.7889164582412511
IRAJAN_clean,4.02837,3.06742,4.02095,2.4407,0.0,0.0,569.779,233.449,0.4384,0.179621,0.0,0,0.061498184,1.79666352,1.6852958715000015
IRAJER_clean,5.44662,5.0231,5.44662,2.01995,992.271,491.236,0.0,0.0,0.4872,0.241195,0.0,0,0.042414044,1.485867414,1.5517533034087574
IRAJIV_clean,4.96691,3.06537,4.95435,2.02237,0.0,0.0,749.812,370.759,0.4866,0.240609,0.0,1,0.034435284,1.260185992,1.4087095070924947
IRAYOQ_clean,5.78238,3.66955,5.46102,1.63677,1152.51,704.133,59.8933,36.5923,0.516,0.315255,0.0,1,0.00334602,0.319535225,0.3164148403899999
IREKUN_clean,3.17079,2.49551,3.12807,1.84984,0.0,0.0,0.0,0.0,0.3658,0.197747,0.0,1,1.32e-06,8.69e-05,0.00011688493000000019
IRELAU_clean,6.04901,3.48029,6.04818,1.13995,1676.5,1470.68,0.0,0.0,0.5904,0.517916,0.0,1,0.009904199,0.81562614,0.8463733970849961
IRIPOO_clean,4.25581,2.40478,4.24389,2.08235,0.0,0.0,380.623,182.786,0.4312,0.207074,0.0,1,0.01075327,0.778397206,0.7257990711725018
IRISAD_clean,3.55041,3.37764,3.54765,2.02637,457.974,226.007,0.0,0.0,0.5816,0.287016,0.0,0,0.001545741,0.155912404,0.15015308019250015
IROHAZ_clean,4.52679,2.88571,4.51817,4.4706,0.0,0.0,254.201,56.8605,0.364,0.0814208,4.47e-05,1,0.000105613,0.010870796,0.01154556415500007
IROHED_clean,4.42592,2.46143,4.40275,4.16308,0.0,0.0,208.102,49.9875,0.3228,0.0775388,0.000144124,1,0.000120512,0.012849859,0.011719595101250065
IROROY_clean,4.85913,3.35138,4.70737,1.53051,561.658,366.975,6.11842,3.99764,0.4798,0.313491,0.0,1,0.005537407,0.440145339,0.4827116510349978
IRORUE_clean,3.12621,2.63407,3.12621,1.50285,0.0,0.0,0.0,0.0,0.3762,0.250324,0.0,1,0.000164041,0.016020209,0.01778904390124998
IROVAO_clean,6.12408,5.59581,6.1197,2.89163,1515.71,524.173,0.0,0.0,0.544,0.188129,0.0,1,0.00141993,0.143479994,0.1383673853299998
IROVES_clean,4.99754,4.47196,4.99754,2.88324,1161.14,402.721,0.0,0.0,0.4772,0.165508,0.0,1,0.001035394,0.101527765,0.10119399384750084
ISACIP_clean,4.48211,3.32925,4.47549,1.75937,523.766,297.7,0.0,0.0,0.3988,0.226672,0.0,0,0.007674004,0.499231961,0.6026747523149962
ISENUQ_clean,5.97954,4.24278,5.90822,1.30449,1185.84,909.047,0.0,0.0,0.4938,0.37854,0.0,1,0.004087306,0.36238758,0.3805305702574964
ISIKIF_clean,3.99631,2.43847,3.97194,1.34984,0.0,0.0,138.865,102.875,0.4852,0.35945,0.0,1,0.001349952,0.127891451,0.12680975559624916
ISIMAZ_clean,3.00707,2.46824,2.89927,1.43344,0.0,0.0,0.0,0.0,0.376,0.262306,0.0,0,0.0,0.0,4.841939999999976e-06
ISIMUT_clean,3.68458,2.4703,3.67738,1.44668,0.0,0.0,93.0001,64.2851,0.3916,0.270688,0.0,0,0.002222591,0.199103536,0.21339927027625083
ISISUZ_clean,4.03532,3.34055,4.03532,1.5525,313.217,201.75,0.0,0.0,0.3956,0.254815,0.0,1,0.003657228,0.334119634,0.3369813897174959
ISIYOZ01_clean,3.99213,2.80137,3.95177,2.22064,0.0,0.0,308.316,138.841,0.4398,0.198051,0.0,0,0.001507786,0.154220833,0.14102361587625
ISIYOZ_clean,3.93319,2.81019,3.93319,2.23336,0.0,0.0,279.739,125.255,0.4342,0.194416,0.0,0,0.001415565,0.134758317,0.13119668765249984
ISIYUF01_clean,4.37623,2.85891,4.37588,1.97852,0.0,0.0,687.21,347.335,0.4892,0.247255,0.0,0,0.002121848,0.197632486,0.1971404551762509
ISUCUV_clean,5.63872,3.87203,5.63872,1.06793,1382.56,1294.62,0.0,0.0,0.5686,0.532434,0.0,1,0.006026663,0.561660986,0.5616326192149973
ISUFOS_clean,5.17226,2.80007,5.14681,1.15654,0.0,0.0,596.173,515.482,0.4764,0.41192,0.0,0,0.002980661,0.272731416,0.27797591652249964
ISUGIN_clean,6.04571,2.89186,6.04571,2.18598,0.0,0.0,339.886,155.485,0.424,0.193964,0.0,0,0.00060209,0.055825625,0.06087759109624973
ISUGOT_clean,6.0411,2.94156,6.03863,2.13035,0.0,0.0,341.624,160.36,0.4272,0.20053,0.0,0,0.000533521,0.052708789,0.055217740218749665
ISUXAW_clean,3.24875,2.51298,3.10957,2.25578,0.0,0.0,0.0,0.0,0.3864,0.171294,0.0,1,0.000185508,0.015307768,0.017684750311249928
ITANUM_clean,4.25255,2.57562,4.25253,1.65172,0.0,0.0,615.836,372.845,0.5848,0.354055,0.0,0,0.000441762,0.04395405,0.042203957343750036
ITAPAU_clean,4.795,4.07473,4.77797,1.13588,2690.44,2368.6,0.0,0.0,0.6968,0.613446,0.0,1,0.000814693,0.08440983,0.08170457112874992
ITAPIC_clean,5.53493,4.56275,5.50447,0.932577,3320.52,3560.59,0.0,0.0,0.7606,0.815589,0.0,1,0.0010257,0.098247193,0.10055266453375039
ITETEH_clean,3.58044,2.59038,3.57962,1.56255,0.0,0.0,120.037,76.8214,0.4642,0.297079,0.0,0,0.003424767,0.331503062,0.32128625489124785
ITIBET_clean,4.61324,2.8532,4.58144,2.48592,0.0,0.0,350.794,141.112,0.424,0.17056,0.0,1,0.002710472,0.234018578,0.24100179731999957
ITIBOD_clean,4.51038,3.48306,4.50833,2.426,458.262,188.896,79.7243,32.8625,0.4254,0.17535,0.0,1,0.003828663,0.323821907,0.32994345920874835
ITIPAE_clean,5.03819,3.84363,5.03819,1.81693,898.58,494.56,0.0,0.0,0.4852,0.267044,0.0,0,0.003700578,0.326563734,0.33499187207499775
ITIPOS_clean,9.85225,8.07125,9.85225,1.06602,1798.13,1686.76,17.9557,16.8436,0.664,0.622875,0.0,1,0.001845883,0.172834055,0.18246290819749914
ITIWEO_clean,5.00227,4.2399,4.99534,1.10398,955.442,865.452,106.221,96.2163,0.515,0.466494,0.0,0,0.008028579,0.703756583,0.6662624095625012
ITIXAM_clean,4.7164,3.15961,4.70077,1.26249,0.0,0.0,634.783,502.801,0.4728,0.374497,0.0,1,0.011440076,0.7541871,0.8422452999037524
ITONAI_clean,5.09225,2.61139,5.0857,1.70543,0.0,0.0,1138.65,667.661,0.5116,0.299983,0.000234545,1,0.001913579,0.184796747,0.18061394309624984
ITOSEQ_clean,5.53585,3.92423,5.52778,1.23909,1879.29,1516.67,0.0,0.0,0.6304,0.508762,0.0,0,0.007009821,0.614933409,0.6148061675712507
IVARUT_clean,3.98401,2.98662,3.98401,1.2765,0.0,0.0,182.786,143.194,0.4532,0.355034,0.0,0,0.001972053,0.184189715,0.18812748403125001
IVEHEW_manual,8.08882,6.64746,8.02924,0.857961,1988.29,2317.45,0.0,0.0,0.6604,0.769732,0.0,0,0.00311699,0.321107009,0.3029779868487513
IVEQAC_clean,4.74809,3.58509,4.40546,1.51827,638.51,420.551,0.0,0.0,0.4406,0.290199,0.0,0,0.003697332,0.326812307,0.3387675575187474
IVEQEG_clean,4.62536,3.17511,4.62536,1.52175,0.0,0.0,530.049,348.315,0.4134,0.27166,0.0,0,0.006036815,0.489965236,0.5081270361087517
IVETOT_clean,10.10291,7.15637,9.84044,0.681717,1733.15,2542.34,0.0,0.0,0.6842,1.00364,0.0,1,0.002870824,0.285633403,0.2884288884937505
IVIKAA_clean,3.54836,2.91961,3.54836,1.51762,0.0,0.0,45.6578,30.0852,0.4486,0.295595,0.0,1,0.000257161,0.026727961,0.025951776379999885
IVILEG_clean,14.1452,13.26623,14.13413,0.718024,1541.13,2146.34,0.0,0.0,0.7232,1.00721,0.0,1,0.003057246,0.288536071,0.3011486969262507
IVIXIW_clean,3.69588,3.20784,3.69588,1.83643,0.0,0.0,96.2341,52.4027,0.328,0.178607,0.0,1,0.000237673,0.024871178,0.02144696260249996
IVOCON_clean,5.24294,3.86797,5.24294,1.46762,1975.27,1345.9,0.0,0.0,0.64,0.436082,0.0,0,0.006100236,0.577384515,0.5595648294674975
IVOGUX_clean,5.27459,4.52668,5.27459,1.48634,1223.66,823.275,0.0,0.0,0.5418,0.36452,0.0,1,0.005267003,0.460860003,0.462071409853749
IVUVIG_clean,6.23822,4.28609,6.22408,1.47829,1492.88,1009.86,0.0,0.0,0.5414,0.366233,0.0,1,0.004498461,0.404572703,0.4295040318037501
IWAXUZ_clean,9.16743,4.27442,9.16743,1.02656,1732.45,1687.62,0.0,0.0,0.6018,0.586228,0.0,1,0.002182705,0.214968012,0.21300754233999963
IWAYAG_clean,7.52525,4.29732,7.52525,1.3181,1385.19,1050.9,0.0,0.0,0.4828,0.366286,0.0,1,0.001532051,0.144395189,0.15420768288000047
IWAYEK_clean,9.36738,4.35185,9.36738,1.20213,1638.24,1362.78,0.0,0.0,0.576,0.479148,0.0,1,0.001371564,0.134421631,0.13338557392625086
IWAYIO_clean,9.10068,4.24338,9.10068,1.22219,1678.76,1373.57,0.0,0.0,0.5934,0.485524,0.0,1,0.002146071,0.212675066,0.2088368626387503
IWAYOU_clean,9.03723,4.17928,9.03723,1.25701,1700.75,1353.01,0.0,0.0,0.594,0.47255,0.0,1,0.001348261,0.139333057,0.131449398088751
IWAYUA_clean,9.10772,4.29795,9.10772,1.27221,1742.4,1369.58,0.0,0.0,0.6022,0.473349,0.0,1,0.001544377,0.151798052,0.15409296014499999
IWAZEL_clean,9.02688,4.19715,9.02563,1.29051,1705.91,1321.89,0.0,0.0,0.6062,0.469736,0.0,1,0.002052425,0.203676777,0.20346587322375037
IWAZIP_clean,9.36232,4.34831,9.36232,1.51484,1601.89,1057.47,0.0,0.0,0.5888,0.388687,0.0,1,0.001178644,0.11287441,0.12361939937250081
IWELIG01_clean,4.6866,4.49829,4.6866,1.86798,511.71,273.938,140.313,75.1146,0.3994,0.213814,0.0,0,0.018014453,1.074219762,1.0140362407749972
IWELIG_clean,4.69268,4.51959,4.68546,1.86097,534.218,287.064,156.241,83.9569,0.4064,0.218381,0.0,0,0.017503817,1.079715982,0.9828261398762467
IWEVAJ_clean,13.76426,6.67603,13.76426,0.642349,2372.68,3693.76,0.0,0.0,0.7784,1.2118,0.0,1,0.002536738,0.258049635,0.2551436735662507
IWOKOW_clean,5.75,3.20036,5.75,1.15763,0.0,0.0,453.889,392.086,0.4452,0.384579,0.0,0,0.003525071,0.286018606,0.3221097134324984
IWOKUC_clean,6.55692,5.28768,6.53155,0.964561,1220.6,1265.44,0.0,0.0,0.5288,0.548229,0.0,0,0.003282751,0.30768393,0.3192318724712526
IWOSAP_clean,4.764,3.76645,4.764,2.24785,751.282,334.223,0.0,0.0,0.4204,0.187023,0.0,1,0.001084561,0.104830683,0.10541582389375073
IWOSUJ01_clean,5.00717,3.11982,4.90374,1.37206,0.0,0.0,586.133,427.192,0.461,0.335992,0.0,0,0.019581029,1.355416952,1.0956488582487456
IWOTAQ_clean,5.03988,3.11819,5.03988,1.34559,0.0,0.0,604.473,449.225,0.4676,0.347506,0.0,0,0.017142287,1.225594882,0.9407953901049992
IXAKAU_clean,6.35523,5.9549,6.33797,0.780645,2644.49,3387.58,0.0,0.0,0.7136,0.914116,0.0,1,0.004202619,0.404606754,0.4095588951662477
IXAMAW_clean,4.41975,3.25525,4.41975,1.96428,0.0,0.0,484.393,246.601,0.4794,0.244059,0.0,1,0.012671764,1.028016778,0.8001086065337489
IXAMEA_clean,4.43443,3.24991,4.43165,1.95953,0.0,0.0,498.604,254.451,0.4838,0.246896,0.0,1,0.013080035,1.058301004,0.831292320311248
IXAMIE_clean,4.4157,3.22714,4.41208,1.97381,0.0,0.0,464.497,235.33,0.474,0.240145,0.0,1,0.013281101,1.032190049,0.8173601512649978
IXAZEO_clean,4.95392,4.38313,4.95392,1.49539,968.887,647.917,0.0,0.0,0.4732,0.31644,0.0,1,0.00103499,0.102539879,0.10028080241625066
IXEBEU_clean,4.63531,3.53624,4.63082,1.05655,1090.22,1031.87,0.0,0.0,0.503,0.476077,0.0,1,0.004024843,0.376163501,0.37861790551874963
IXECET_clean,8.30942,3.60945,8.30942,1.54442,1337.53,866.043,0.0,0.0,0.5456,0.353273,0.0,0,0.003621497,0.337883603,0.3316722896999995
IXEJIG_clean,11.25458,10.39011,10.80502,0.837465,1965.46,2346.92,0.0,0.0,0.6976,0.83299,0.000955264,1,0.00283355,0.273119427,0.28626236005875
IXEJOL_clean,5.47758,4.11939,5.46905,1.8094,1349.53,745.844,0.0,0.0,0.534,0.295125,0.000331601,1,0.002922866,0.272618208,0.27207121358749903
IXEJOM_clean,15.02825,14.15107,15.02825,0.818993,2120.95,2589.7,0.0,0.0,0.749,0.914537,0.000244202,1,0.002787917,0.262866926,0.2801840319037505
IXELAA_clean,3.39213,2.59213,3.39023,2.71889,0.0,0.0,0.797169,0.293196,0.3534,0.129979,0.0,1,8.65e-06,0.00095783,0.0008402449800000055
IXEQIL_clean,4.46131,3.00612,4.46131,1.93071,0.0,0.0,214.702,111.204,0.3764,0.194954,0.0,1,0.003489102,0.276488092,0.3184178924112481
IXIPAG_clean,7.26036,3.75863,5.90499,3.37203,985.803,292.347,369.675,109.63,0.5588,0.165716,0.0,1,0.000448523,0.046902665,0.04175072429499985
IXIPEK_clean,7.04096,3.63154,5.75307,3.49876,924.617,264.27,341.824,97.6986,0.5428,0.155141,0.0,1,0.000502826,0.048867812,0.05207722869249964
IXIPIO_clean,7.45471,4.20487,6.02758,3.27069,1181.85,361.346,334.28,102.205,0.5696,0.174153,0.0,1,0.000465819,0.045094029,0.04491680631499996
IXISAJ_clean,5.70852,4.41794,5.70852,1.67395,1266.62,756.664,0.0,0.0,0.5296,0.316377,0.0,0,0.007733516,0.579450739,0.6448992576450009
IXISOX_clean,5.5699,4.33438,5.5699,1.93342,1150.89,595.258,0.0,0.0,0.516,0.266884,0.0,0,0.006412697,0.494410663,0.5475667943450009
IXISOZ02_clean,4.74076,3.59919,4.72141,1.46415,983.567,671.767,0.0,0.0,0.4992,0.340949,0.0,0,0.004726168,0.426144314,0.4244921199725004
IXISUD_clean,7.1533,3.82815,7.1533,2.06709,831.561,402.286,84.7168,40.9836,0.496,0.239951,0.0,0,0.002708416,0.236248705,0.24336507462250057
IXITIU02_clean,5.21189,2.95542,5.14494,1.61278,0.0,0.0,945.963,586.54,0.5036,0.312255,0.0,0,0.005315245,0.440397564,0.43079712703750095
IXITOA02_clean,5.87166,2.682,5.66811,1.61112,0.0,0.0,853.166,529.548,0.493,0.305998,0.0,0,0.003178626,0.286561062,0.2902965464274998
IXODUV_clean,6.94577,6.48704,6.94195,1.01181,1784.75,1763.93,0.0,0.0,0.629,0.621659,0.0,0,0.003985323,0.387420263,0.3797589196574993
IXOFEH_clean,7.08623,6.6722,7.07786,1.02717,1639.04,1595.68,0.0,0.0,0.6198,0.603404,0.0,0,0.003756302,0.369713528,0.3651933229187505
IXOFIL_clean,7.14051,6.67398,7.10365,1.01557,1692.36,1666.42,0.0,0.0,0.624,0.614435,0.0,0,0.003644497,0.380656034,0.36009273779625106
IXOFOR_clean,6.58573,6.10481,6.58573,1.02216,1741.26,1703.51,0.0,0.0,0.611,0.597752,0.0,0,0.003905977,0.399121964,0.3767218988037497
IXOFUX01_clean,6.87071,6.41176,6.84188,1.00146,1800.87,1798.25,0.0,0.0,0.6308,0.629881,0.0,0,0.003850074,0.382217704,0.37169014033625
IXOFUX_clean,7.08508,6.6128,7.06755,1.00152,1792.17,1789.44,0.0,0.0,0.6318,0.63084,0.0,0,0.003866304,0.378154838,0.3738145771874995
IXUHUE_clean,4.06107,2.8241,4.06045,2.03817,0.0,0.0,221.814,108.83,0.4134,0.202829,0.0,1,0.000993669,0.091735517,0.09880333348125037
IXUQOJ_clean,5.21271,3.78909,5.02943,1.47771,847.063,573.227,0.228953,0.154938,0.4794,0.324421,0.0,1,0.003674647,0.330224048,0.342057571731248
IXUQUO_clean,6.17038,3.88626,6.17038,1.0897,1053.12,966.424,109.804,100.765,0.5652,0.518674,0.0,1,0.008904833,0.675191092,0.7372120411287492
IXURID_clean,5.42414,4.17526,5.42124,1.15055,1597.74,1388.68,0.0,0.0,0.5668,0.492633,0.0,1,0.007547494,0.684131495,0.6789217101237519
IXUWII_clean,7.47721,5.13969,7.4691,0.925259,1534.87,1658.86,0.0,0.0,0.5898,0.637443,0.0,0,0.00572898,0.556839674,0.5142366265975008
IXUWOO_clean,6.5953,3.20621,6.55588,1.07583,0.0,0.0,1101.94,1024.27,0.5128,0.476656,0.0,0,0.007738035,0.663243927,0.6617713113700002
IYAHAT_clean,4.67222,2.76111,4.64679,1.76693,0.0,0.0,426.285,241.257,0.4528,0.256264,0.0,1,0.001743593,0.158458983,0.1655033597837501
IYAHEX_clean,4.68868,2.76608,4.68696,1.74815,0.0,0.0,438.334,250.741,0.461,0.263707,0.0,1,0.001801597,0.161711709,0.16774825794124965
IYAJID_clean,7.03999,4.83767,7.03999,1.19258,1520.7,1275.13,0.0,0.0,0.565,0.473761,0.0,0,0.005619132,0.504787222,0.5095461941925004
IYAJOJ_clean,6.96485,4.61788,6.92434,1.17533,1527.18,1299.36,0.0,0.0,0.552,0.469655,0.0,1,0.005248297,0.506890446,0.4724542940087506
IYAJUP_clean,6.42992,4.57524,6.40815,1.20914,1470.44,1216.1,0.0,0.0,0.515,0.425922,0.0,1,0.005582447,0.494067175,0.5026860903812492
IYAKAW_clean,7.04175,4.93619,7.01576,1.16871,1555.91,1331.31,0.0,0.0,0.5758,0.492679,0.0,0,0.005374265,0.517926875,0.48411042813124877
IYASOS_clean,5.79357,5.23786,5.68144,1.42202,1531.27,1076.83,0.0,0.0,0.5756,0.404777,0.0,1,0.00512608,0.48160639,0.4649874717324993
IYAYUE_clean,6.14666,4.14311,6.14666,1.13268,1552.87,1370.97,0.0,0.0,0.598,0.527951,0.0,1,0.005068602,0.476333846,0.4733444566612519
IYAZAL_clean,4.69205,2.56888,4.67084,1.54282,0.0,0.0,1010.17,654.752,0.5144,0.333415,0.0,1,0.006693262,0.569470174,0.5519128527987504
IYEHAX_clean,8.64445,5.92674,8.64445,0.762449,2402.32,3150.79,0.0,0.0,0.7046,0.924127,0.0,1,0.004716407,0.449199142,0.43462860489249977
IYEPUZ_clean,9.24057,8.58239,9.23056,0.696077,2043.12,2935.2,0.0,0.0,0.7082,1.01742,0.0,1,0.003297273,0.345299506,0.3319012673000003
IYEQUA_clean,4.07083,3.14703,4.06592,1.31059,0.0,0.0,276.61,211.058,0.4676,0.356786,0.0,0,0.001948042,0.17814881,0.18603850745124995
IYESUC_clean,9.19521,5.52341,9.19263,0.879294,1974.29,2245.31,0.0,0.0,0.637,0.724444,0.0,1,0.005474167,0.523306231,0.4995353116374992
IYEXOZ_clean,5.1071,3.62688,5.0939,2.43583,1067.8,438.373,0.0,0.0,0.4574,0.18778,0.0,1,0.000959408,0.091614757,0.08965403027749963
IYICUP_clean,7.48898,5.2438,6.05899,1.02061,1910.86,1872.27,0.0,0.0,0.6306,0.617866,0.0,0,0.004830831,0.455528054,0.4431391970624996
IYIGEC_clean,3.41912,3.17525,3.41889,2.16371,0.0,0.0,2.70506,1.25019,0.3414,0.157784,0.0,1,3.63e-05,0.002561065,0.002815124875000007
IYOBAA_clean,7.42959,4.86526,7.42403,1.59483,1008.69,632.478,0.0,0.0,0.5194,0.325678,0.0,1,0.001142701,0.115279176,0.10909288420625021
IYOCIK_clean,8.71773,6.01818,8.7094,1.33605,1729.76,1294.69,0.0,0.0,0.6404,0.479325,0.0,0,0.001749815,0.164527994,0.1743832544412504
IYOCOQ_clean,8.6676,5.83377,8.6676,1.34426,1726.36,1284.24,0.0,0.0,0.6354,0.472675,0.0,0,0.001633292,0.164630692,0.16026917173875102
IYOQAQ_clean,5.30249,4.25008,5.30179,1.48751,1231.76,828.073,0.0,0.0,0.5432,0.365175,0.0,1,0.006184489,0.528392366,0.5428377769562495
IYOQIY_clean,4.09007,2.93632,4.07808,1.58112,0.0,0.0,539.304,341.089,0.522,0.330145,0.0,1,0.002975413,0.281198095,0.2758223529487497
IYOSUM_clean,6.18145,3.97754,6.17448,0.943184,2480.99,2630.44,0.0,0.0,0.6618,0.701666,0.0,1,0.005979188,0.558330318,0.5628687105499963
IYOTAT_clean,6.12724,4.05651,6.12724,0.946965,2470.71,2609.08,0.0,0.0,0.6612,0.698231,0.000211201,1,0.006067286,0.585150403,0.5686692366612464
IYOVIC_clean,5.24908,4.57848,5.22659,1.96351,1130.31,575.658,0.0,0.0,0.4956,0.252406,0.0,0,0.005402553,0.446698863,0.46040084716624796
IYOVOI_clean,4.90778,3.0823,4.90381,1.55739,0.0,0.0,1124.1,721.784,0.4976,0.319508,0.0,0,0.007375547,0.619458526,0.6080928401912487
IYOVUO_clean,4.91638,3.15658,4.90706,1.59623,0.0,0.0,1116.43,699.42,0.5128,0.321257,0.0,0,0.007677336,0.64049044,0.6258381710174975
IYOWID_manual,20.51668,7.7477,20.51668,0.405068,1929.7,4763.89,0.0,0.0,0.822,2.02929,0.0,0,0.003205896,0.330559075,0.315214900505001
IYUCEM_clean,9.38043,8.88789,9.38043,1.09901,1267.7,1153.49,0.0,0.0,0.5774,0.525384,0.0,1,0.001760302,0.179732936,0.1776585882362499
IYUCIQ_clean,9.96651,8.62113,9.96126,0.918137,1921.78,2093.13,0.0,0.0,0.6824,0.743244,0.0,0,0.002357522,0.231095483,0.22283973437124985
IYUHEQ_clean,4.01864,3.26623,4.01864,1.71048,0.0,0.0,201.668,117.901,0.3728,0.217951,0.0,0,0.002603552,0.234288177,0.23933468539125055
IYUHIU_ion_b,5.10381,2.43991,4.64354,1.36105,0.0,0.0,372.736,273.86,0.4658,0.342237,0.0,0,0.004659548,0.362991586,0.40935675178250236
IYUHOA_clean,7.25841,4.65632,7.2501,1.15015,1882.43,1636.69,0.0,0.0,0.5978,0.519759,0.0,0,0.007440267,0.669901337,0.6745817228750013
IYUHUG_ion_b,9.1569,7.01562,9.1569,0.894019,1922.0,2149.85,0.0,0.0,0.6824,0.763294,0.0,0,0.002287239,0.225846253,0.22265890378624995
IYUJAO_clean,6.23359,4.26512,6.23359,1.39701,1111.0,795.271,29.8587,21.3733,0.5102,0.365209,0.0,1,0.004573014,0.406628887,0.42976761583124945
IYUQEZ_clean,14.23268,4.75487,14.22709,0.637403,1240.77,1946.61,289.582,454.315,0.6812,1.06871,0.0,1,0.002735781,0.27125635,0.2654599612687499
IYUQID_clean,15.09176,9.842,15.04915,0.561619,1319.58,2349.59,286.013,509.264,0.7206,1.28308,0.0,1,0.00280947,0.273787737,0.28424697495999907
IYUROK_clean,3.26536,2.6804,3.22367,1.70914,0.0,0.0,0.0,0.0,0.3972,0.232397,0.0,1,2.05e-05,0.002242283,0.002663409816250008
IZEBAR_clean,6.51824,4.42782,6.29573,1.10634,2352.12,2126.04,0.0,0.0,0.625,0.564928,0.0,1,0.004603214,0.460846491,0.4377054118375003
IZEBEV_clean,3.9737,3.59297,3.9737,1.83936,288.006,156.579,0.0,0.0,0.4124,0.224208,0.0,1,0.001282799,0.118785398,0.12106070527625012
IZEHAX_clean,4.457,3.14826,4.45124,2.09667,0.0,0.0,614.142,292.913,0.4582,0.218537,0.0,1,0.006108733,0.518161364,0.5124910471125027
IZENEI_clean,10.5915,5.77104,6.52601,1.2271,1126.31,917.867,613.387,499.868,0.6526,0.531824,0.0,0,0.005677802,0.51959766,0.5089616692037489
IZENIM_clean,10.57534,5.75707,6.51584,1.38426,1059.32,765.262,606.777,438.341,0.6424,0.464076,0.0,0,0.005344538,0.481697252,0.4669577579024972
IZENUY_clean,10.28405,5.66029,7.85884,0.907624,1488.62,1640.12,573.454,631.819,0.6758,0.744581,0.0,1,0.004730928,0.448900514,0.43177640167374953
IZEPAF_clean,24.1004,7.53546,24.1004,0.570649,1958.05,3431.26,0.0,0.0,0.7816,1.36967,0.0,1,0.002722026,0.298237488,0.27001149989124995
IZEPEJ_clean,23.87439,6.75259,21.66541,0.54542,1808.89,3316.52,0.0,0.0,0.7792,1.42862,0.0,1,0.003184583,0.303704277,0.30856755334250097
IZEQUB_clean,6.84955,5.26119,6.84595,0.91964,1931.75,2100.55,0.9049,0.983971,0.6246,0.679179,0.0,1,0.006787135,0.611497209,0.6069433450550015
IZERAI_clean,21.81992,21.11699,21.81992,0.624269,1355.09,2170.68,0.0,0.0,0.7802,1.24978,0.0,1,0.007755547,0.62411419,0.6683176259250039
IZEVAM_clean,6.17073,2.80655,6.17073,1.67496,0.0,0.0,807.555,482.134,0.551,0.328963,0.0,1,0.001595735,0.150748951,0.15245800359375028
IZEWAN_clean,9.04728,8.48639,9.03641,0.87931,1735.67,1973.9,0.0,0.0,0.6642,0.755365,0.0,1,0.006833881,0.605083814,0.5997741939850001
IZIGUV_clean,8.5642,7.08912,8.42042,0.715311,2209.59,3088.99,0.0,0.0,0.7258,1.01466,0.0,1,0.004728489,0.4689147,0.4326900645287497
IZIHAC_clean,7.3243,5.53893,7.31909,1.3207,1515.57,1147.55,0.0,0.0,0.5694,0.431134,0.0,1,0.002479362,0.243148006,0.23218757362250003
IZIHEG_clean,7.25076,5.4614,7.24597,1.35223,1495.67,1106.08,0.0,0.0,0.5682,0.420196,0.0,1,0.002531295,0.250278686,0.2479464712725
IZIHOQ_clean,7.0561,5.32108,7.05322,1.40869,1409.46,1000.55,0.0,0.0,0.555,0.393983,0.0,1,0.002484318,0.242950201,0.23088144633000016
IZIKEJ_clean,4.49968,2.59304,4.49407,1.02496,0.0,0.0,547.617,534.283,0.491,0.479044,0.0,0,0.001668007,0.17248107,0.1643049178537494
IZIKOT02_clean,4.48146,2.72753,4.41012,0.99754,0.0,0.0,755.919,757.783,0.5098,0.511057,0.0,0,0.002063018,0.215788677,0.19952466768750068
IZISEQ_clean,4.08842,3.70736,4.08842,1.02254,520.647,509.17,0.0,0.0,0.4678,0.457489,0.0,1,0.001829426,0.185040825,0.17752471366624925
IZOTUM_clean,4.06158,2.56836,4.0353,1.53842,0.0,0.0,244.755,159.095,0.4804,0.312269,0.0,0,0.000905705,0.088744596,0.0884784178962496
IZOWAW_clean,18.94727,10.51321,18.93676,1.00603,1791.25,1780.51,0.0981256,0.0975376,0.7888,0.784073,0.0,1,0.000816037,0.084318109,0.08259092051374992
IZOWEA_clean,9.72623,7.72143,9.71631,1.42425,2106.67,1479.15,0.0,0.0,0.696,0.488679,0.0,1,0.000717617,0.069657271,0.07223724348124998
IZUMUM_clean,5.57902,4.64149,5.57902,1.29431,1246.48,963.048,0.0,0.0,0.5324,0.411338,0.0,0,0.001990337,0.188789821,0.19017096126999986
IZUVUV_clean,10.56188,10.34053,10.56188,0.902736,1518.51,1682.12,0.0,0.0,0.6572,0.728009,0.0,1,0.00161934,0.153966737,0.15950193061375165
ja039022msi20031007_110612_clean,4.94587,4.56356,4.94587,1.87531,744.519,397.011,0.0,0.0,0.4438,0.236654,0.0,0,0.003422483,0.281461575,0.31844121726874913
ja073612tsi20070723_060520_clean,5.85008,3.03352,5.73386,1.20892,0.0,0.0,1478.57,1223.04,0.6042,0.499784,0.0,1,0.001421768,0.1439389,0.13691506663125005
ja073612tsi20070723_060623_clean,5.95276,3.14545,5.75208,1.20748,0.0,0.0,1499.48,1241.83,0.594,0.491935,0.0,1,0.001401218,0.142973074,0.13715682597750012
ja074366osi20070816_031204_clean,15.02646,7.9821,15.02646,0.595037,2203.3,3702.8,0.0,0.0,0.8104,1.36193,0.0,0,0.00234584,0.261484046,0.22162678102249955
ja0752540-file002_clean,8.14433,7.67619,8.14433,1.22499,2017.42,1646.89,0.0,0.0,0.654,0.533883,0.0,0,0.002525974,0.244444751,0.25458333123999927
ja076167asi20070815_063752_clean,6.41846,5.04294,5.80487,0.848014,2489.2,2935.33,0.0,0.0,0.6344,0.748101,0.0,1,0.003626907,0.347483875,0.3555069799012516
ja106851d_si_001_clean,4.73011,2.94949,4.70899,1.2762,0.0,0.0,477.149,373.882,0.4834,0.37878,0.0,0,0.006077297,0.465639003,0.53205204388625
ja109659k_si_002_clean,11.09415,6.65734,11.09415,1.14966,1274.48,1108.58,493.769,429.493,0.6432,0.559472,0.0,1,0.004498494,0.426085078,0.42395769589875054
ja110042b_si_003_clean,18.775,6.41603,18.72266,0.610707,2220.68,3636.25,0.0,0.0,0.7614,1.24675,0.0,1,0.003770321,0.371301174,0.37015980512499963
ja202303b_si_002_clean,5.59986,2.95061,5.58775,1.10274,0.0,0.0,254.38,230.68,0.434,0.393564,0.0,1,0.001924976,0.170849021,0.18224051806999977
ja203898s_si_004_clean,9.14668,4.74188,9.0851,0.980647,1250.92,1275.61,461.53,470.638,0.6076,0.619591,0.0,0,0.006092464,0.59983077,0.5544647129762496
ja203898s_si_006_clean,10.52527,2.42261,10.52527,0.910674,0.0,0.0,1491.39,1637.68,0.6202,0.681034,0.0,0,0.004419382,0.433773533,0.4122152408362518
ja205976v_si_004_clean,8.87098,7.69354,8.87098,1.40672,1456.52,1035.4,0.0,0.0,0.5566,0.395672,0.0,0,0.001676645,0.178334348,0.16588976534625072
ja205976v_si_006_clean,11.60788,10.85998,11.60788,1.12671,1551.48,1377.0,0.0,0.0,0.6348,0.563411,0.0,1,0.00288689,0.295750934,0.2848919585849985
ja206917z_si_001_clean,5.82674,4.72231,5.76849,1.30832,751.163,574.141,0.193696,0.148049,0.5654,0.432156,0.0,0,0.001077987,0.105169643,0.10380913395875012
ja302110d_si_001_clean,8.24333,6.47099,8.10297,0.864634,1943.01,2247.2,0.0,0.0,0.666,0.770268,0.0,1,0.002908777,0.289288026,0.28644134785250075
ja302340b_si_002_clean,8.31134,7.66102,8.31134,1.03479,1409.77,1362.37,116.194,112.287,0.5924,0.572482,0.0,1,0.004092138,0.377952536,0.3990584299087495
ja302380x_si_003_clean,6.15862,4.38483,5.85392,1.07794,1748.54,1622.12,0.0,0.0,0.6004,0.556988,0.0,1,0.005419769,0.5150632,0.4901023207962498
ja305196u_si_002_clean,2.92298,2.44439,2.92298,1.76481,0.0,0.0,0.0,0.0,0.44,0.249318,0.0,0,0.0,9.35e-06,7.325322499999977e-06
ja305196u_si_003_clean,2.89924,2.42534,2.89924,1.77399,0.0,0.0,0.0,0.0,0.437,0.246337,0.0,0,0.0,1.09e-05,9.582859999999981e-06
ja3082523_si_004_clean,15.27185,8.36501,15.01039,0.495502,2200.94,4441.83,0.0,0.0,0.774,1.56205,0.0,0,0.003119064,0.314548566,0.3045899994125002
ja308995t_si_002_clean,6.91507,6.43648,6.89159,1.15816,1047.86,904.763,0.0,0.0,0.5248,0.453131,0.0,0,0.004305856,0.383787372,0.42596024578625125
ja4012707_si_003_clean,5.77734,4.61223,5.7686,1.06481,2227.7,2092.11,0.0,0.0,0.671,0.630159,0.0,0,0.004907376,0.471531175,0.4559593262837498
ja4012707_si_004_clean,6.17779,4.90836,6.17779,0.978371,2446.9,2500.99,0.0,0.0,0.6772,0.692171,0.0,0,0.003573934,0.351820143,0.34635064156500156
ja4012707_si_005_manual,4.21154,3.07955,4.20571,1.28541,0.0,0.0,1016.19,790.553,0.601,0.467554,0.0,0,0.001299019,0.127425674,0.12486535228124933
ja403810k_si_002_clean,24.11444,19.56277,24.11444,0.396669,1099.67,2772.25,0.0,0.0,0.86,2.16806,0.0,1,0.00251039,0.256983631,0.2527440195437489
ja4050828_auto,29.28345,28.74884,29.27587,0.488759,1535.79,3142.23,0.0,0.0,0.8256,1.68918,0.0,0,0.003448072,0.318998395,0.34379498196125047
ja406030p_si_004_clean,12.47571,8.72571,12.47571,0.678618,1920.17,2829.53,0.0,0.0,0.7566,1.11491,0.0,1,0.005072879,0.457482212,0.4595043642649987
ja406030p_si_005_manual,11.30323,7.62193,11.30323,0.677748,2157.76,3183.72,0.0,0.0,0.75,1.10661,0.0,1,0.005116971,0.461570901,0.46531583387624975
ja406030p_si_006_manual,12.36076,7.19983,11.84038,0.687816,2106.83,3063.07,0.0,0.0,0.751,1.09186,0.0,1,0.004814321,0.442514402,0.4266557470425007
ja406030p_si_008_manual,11.82924,9.14708,11.82924,0.688549,2055.52,2985.28,0.0,0.0,0.7528,1.09331,0.0,1,0.004981572,0.457900839,0.43898563585749906
ja406844r_si_002_clean,11.4181,8.43938,10.92264,0.695103,2221.97,3196.61,0.0,0.0,0.7474,1.07524,0.0,0,0.005010306,0.455469,0.45828918628499843
ja407778a_si_003_clean,5.65215,4.4572,5.65215,0.864214,1953.72,2260.69,0.0,0.0,0.6454,0.746806,0.0,1,0.004508458,0.443375804,0.43163994227124985
ja408959g_si_002_clean,31.07244,30.38497,31.07244,0.440944,1502.5,3407.47,0.0,0.0,0.8264,1.87416,0.000453572,0,0.002855039,0.287352171,0.2869245812724981
ja408959g_si_003_clean,17.33749,14.32817,17.33749,0.750299,1914.17,2551.21,1.3371,1.78209,0.7272,0.969213,0.00026656,0,0.002651168,0.248941045,0.27381985469750036
ja411887c_si_002_clean,11.91912,9.14993,11.89973,0.619221,2306.85,3725.41,0.0,0.0,0.7606,1.22832,0.0,1,0.003790058,0.367891965,0.3696373146987495
ja500330a_si_005_clean,6.34772,3.79741,5.91821,1.34881,2067.47,1532.8,0.0,0.0,0.5966,0.442315,0.000444835,1,0.002700544,0.262002533,0.25744585658125
ja500330a_si_006_auto,12.20585,6.15217,12.20585,0.793444,2143.73,2701.8,0.0,0.0,0.7068,0.8908,0.000252066,0,0.002537695,0.24924678,0.25691577812125016
ja500330a_si_007_auto,19.46238,14.48757,19.44715,0.798895,1320.38,1652.76,18.6426,23.3354,0.7758,0.971091,0.000500691,0,0.004970368,0.272785071,0.4391832998049972
ja500330a_si_009_auto,10.23354,4.21372,10.21937,1.02655,1874.68,1826.19,0.0,0.0,0.6604,0.643319,0.0,0,0.002760833,0.26967199,0.2693678224325001
ja500618z_si_002_clean,4.31215,2.49505,4.31215,1.36609,0.0,0.0,371.075,271.632,0.5104,0.37362,0.0,0,0.002113593,0.21396495,0.2002584528837508
ja500618z_si_003_clean,4.3202,2.49791,4.3202,1.36433,0.0,0.0,345.802,253.459,0.5102,0.373956,0.0,0,0.002269851,0.210789078,0.22167782200000036
ja500618z_si_004_clean,4.32521,2.50108,4.32521,1.36267,0.0,0.0,373.997,274.458,0.5108,0.374852,0.0,0,0.002195834,0.21591132,0.20868319799000085
ja500618z_si_005_clean,4.33476,2.50886,4.33476,1.3607,0.0,0.0,373.884,274.772,0.5124,0.37657,0.0,0,0.002275333,0.220541486,0.22155769693625033
ja500618z_si_006_clean,4.33884,2.51231,4.33884,1.35907,0.0,0.0,378.966,278.842,0.5134,0.377758,0.0,0,0.002201317,0.221568128,0.20897343643000071
ja500618z_si_007_clean,4.34605,2.51694,4.34605,1.35802,0.0,0.0,404.232,297.662,0.5142,0.378638,0.0,0,0.002180756,0.216943444,0.20712104596250086
ja500618z_si_008_clean,4.35249,2.5247,4.35249,1.35611,0.0,0.0,402.766,297.001,0.5146,0.379467,0.0,0,0.002169791,0.224176537,0.20685285460375077
ja506357n_si_002_clean,4.6846,4.2919,4.67468,1.31892,765.522,580.418,0.0,0.0,0.4712,0.357263,0.0,1,0.008782535,0.689169264,0.7034416301987482
ja507269n_si_002_clean,27.33946,23.18439,27.33946,0.358752,1494.97,4167.13,0.0,0.0,0.865,2.41113,0.0,1,0.003228271,0.321481023,0.3150058463987514
ja507269n_si_003_clean,27.20941,25.54914,27.20941,0.339031,1450.85,4279.41,0.0,0.0,0.869,2.56319,0.0,1,0.003558424,0.366767799,0.34854511902500035
ja507947d_si_001_auto,17.5271,9.15991,17.51275,0.493165,2044.36,4145.4,0.0,0.0,0.8062,1.63475,0.000405544,0,0.002963471,0.299703428,0.28988780449249923
ja5103103_si_002_auto,16.95031,14.45168,16.94349,0.50204,1609.85,3206.61,0.0,0.0,0.8216,1.63652,0.0,1,0.002174353,0.226412474,0.2101003814225011
ja510525s_si_002_clean,11.55111,8.31224,11.55111,1.02928,1660.34,1613.11,402.375,390.929,0.6934,0.673676,0.000194311,1,0.003185234,0.311409877,0.3072091407537509
ja510525s_si_003-1_clean,10.94267,8.40951,10.74622,0.792307,2099.13,2649.38,0.0,0.0,0.6954,0.87769,0.000252427,1,0.00370891,0.37450629,0.3625919491812511
ja5111317_ja5111317_si_002_auto,21.37941,8.74134,21.37941,0.420413,1892.53,4501.6,0.0,0.0,0.8218,1.95474,0.000475722,1,0.003119856,0.306963189,0.30087108218249975
ja512137t_si_002_clean,8.83209,4.60356,8.83209,0.894333,2156.88,2411.72,0.0,0.0,0.6544,0.731719,0.0,0,0.006079108,0.578136038,0.5673997054737466
ja512311a_si_003_auto,11.88887,9.00529,11.09267,0.491487,2207.95,4492.38,0.0,0.0,0.8056,1.63911,0.0,0,0.002864855,0.303067818,0.29244107935874886
ja512311a_si_007_auto,11.3746,9.04299,10.93292,0.509598,2105.05,4130.81,0.0,0.0,0.8058,1.58125,0.0,0,0.001938898,0.189035786,0.1959583691300006
ja512437u_si_002_clean,5.46454,4.64589,5.42464,1.16038,1353.66,1166.57,0.0,0.0,0.522,0.449854,0.0,1,0.005403179,0.484597053,0.4822983503412487
ja512437u_si_003_clean,5.66684,4.62581,5.62433,1.17377,1371.36,1168.34,0.0,0.0,0.5236,0.446085,0.0,1,0.005403902,0.482404198,0.4829050424574989
ja512437u_si_004_clean,5.66299,4.65074,5.65798,1.30634,1428.94,1093.85,0.0,0.0,0.5386,0.412296,0.0,1,0.005205058,0.474742682,0.46341068391624857
ja512762r_si_002_auto,13.2428,11.09142,13.2428,0.709182,2154.21,3037.6,0.0,0.0,0.7414,1.04543,0.0,0,0.00207342,0.204585161,0.2055319015775017
ja512973b_si_002_auto,17.75046,8.47189,17.75013,0.458587,2258.74,4925.43,0.0,0.0,0.7852,1.71222,0.000436122,0,0.0032597,0.329953227,0.3211892136762512
ja512973b_si_003_auto,21.33814,8.58252,20.92518,0.403686,1883.32,4665.31,0.0,0.0,0.8204,2.03227,0.000495434,0,0.003121241,0.324224872,0.30178130899624983
ja512973b_si_004_auto,23.13451,12.211,23.13368,0.298536,1643.34,5504.68,0.0,0.0,0.864,2.89413,0.0,0,0.003108478,0.312261647,0.30035817387749997
ja512973b_si_005_auto,25.24149,10.49588,25.24149,0.291153,1600.36,5496.62,0.0,0.0,0.8684,2.98262,0.000686924,0,0.002970989,0.329756204,0.2911565826249984
ja5131269_si_003_clean,10.97224,8.95533,10.97224,0.663582,2332.5,3515.02,0.0,0.0,0.7592,1.14409,0.0,0,0.004631476,0.434777053,0.4281748454537508
ja5b00365_si_002_clean,21.77625,7.63115,21.77625,0.452533,2037.74,4502.96,0.0,0.0,0.826,1.82528,0.0,0,0.003481911,0.334782352,0.3496188136887507
ja5b02556_si_002_clean,4.73869,3.95041,4.3237,1.15657,768.798,664.724,0.0,0.0,0.4702,0.406548,0.0,0,0.009379587,0.73773276,0.7686867679774998
ja5b02777_si_002_clean,3.7991,2.89148,3.7991,1.4852,0.0,0.0,236.94,159.535,0.4766,0.3209,0.0,1,0.00139138,0.142915179,0.1324282050437496
ja5b02777_si_003_clean,3.88,2.93704,3.88,1.46057,0.0,0.0,339.57,232.492,0.4984,0.341238,0.0,1,0.001966565,0.186960355,0.18832233791500028
ja5b02777_si_004_clean,3.88001,2.63849,3.88001,1.4294,0.0,0.0,281.03,196.606,0.5078,0.355253,0.0,1,0.000919359,0.092988536,0.08882675053499968
ja5b02777_si_005_clean,3.98118,2.69809,3.98118,1.40941,0.0,0.0,378.826,268.784,0.5272,0.374058,0.0,1,0.001185939,0.113968033,0.1213392830712491
ja5b02777_si_006_clean,3.70012,2.88428,3.69529,1.48055,0.0,0.0,189.684,128.118,0.4896,0.330689,0.0,1,0.001090623,0.113669871,0.11076217721499981
ja5b02777_si_007_clean,3.83564,2.70894,3.82162,1.41439,0.0,0.0,317.43,224.428,0.523,0.36977,0.0,1,0.000869802,0.090105714,0.08701323644499948
ja5b02777_si_008_clean,3.88093,2.68807,3.88057,1.41135,0.0,0.0,345.81,245.021,0.5278,0.373968,0.0,1,0.001071446,0.114132082,0.10379052932749998
ja5b02897_si_003_clean,11.87679,10.79351,11.87679,1.06888,1595.23,1492.43,0.0,0.0,0.6484,0.606614,0.0,1,0.00305793,0.312015715,0.29942810708249995
ja5b02999_si_002_clean,17.68621,16.73879,17.68621,0.597274,1774.03,2970.22,0.0,0.0,0.8228,1.37759,0.0,1,0.002315577,0.227003396,0.22173485015499936
ja5b02999_si_003_clean,14.70244,11.79351,14.69456,0.775127,1933.94,2495.0,0.0,0.0,0.7872,1.01557,0.0,1,0.002151665,0.214735962,0.20514473666750155
ja5b02999_si_004_clean,14.69185,13.06998,14.68941,0.678878,1913.08,2818.01,0.0,0.0,0.7962,1.17282,0.0,1,0.002518071,0.245195238,0.2532762236637493
ja5b02999_si_006_clean,15.81495,13.61984,15.81495,0.591093,1861.23,3148.79,0.0,0.0,0.7794,1.31858,0.0,1,0.002628318,0.249487204,0.27004683965625026
ja5b02999_si_007_clean,19.24151,15.81933,18.17294,0.414726,1795.61,4329.62,0.0,0.0,0.8236,1.98589,0.0,1,0.003286698,0.339006192,0.33311744714875074
ja808995d_si_002_clean,17.63143,10.03888,17.62334,0.751788,1337.16,1778.64,192.928,256.625,0.6832,0.908766,0.0,1,0.006730329,0.522286677,0.599789984677501
ja809985t_si_002_clean,22.77836,8.92569,22.41884,0.406231,1793.65,4415.34,0.0,0.0,0.8602,2.11751,0.0,0,0.0031698,0.319217799,0.3072706041075008
ja903726m_si_002_clean,12.24865,4.72993,12.24865,0.820334,2060.46,2511.73,0.0,0.0,0.6832,0.832831,0.0,0,0.002217423,0.223914299,0.2160203354912505
ja905009e_si_002_clean,7.4254,5.9743,7.38064,1.40157,2795.33,1994.43,0.066678,0.0475737,0.7066,0.504148,0.0,1,0.00105191,0.10117455,0.10428302072375044
ja907023c_si_001_clean,9.61179,5.4202,9.50068,0.666698,1801.22,2701.7,393.55,590.296,0.69,1.03495,0.0,0,0.00377667,0.3718579,0.36422240255874977
ja907023c_si_002_clean,9.7447,5.39631,9.52834,0.66078,1783.63,2699.29,403.357,610.425,0.6912,1.04604,0.0,0,0.003671415,0.368562398,0.35512176215000096
ja907023c_si_003_clean,9.71412,5.38216,9.47423,0.667627,1783.85,2671.92,384.965,576.618,0.6968,1.0437,0.0,0,0.003917011,0.378531604,0.3772453235324988
ja907023c_si_004_clean,9.71962,5.45923,9.49261,0.665822,1776.52,2668.16,388.062,582.832,0.695,1.04382,0.0,0,0.003859371,0.373133497,0.37045570304999964
ja994186h_clean,4.72373,3.33378,4.72373,2.86546,1104.11,385.316,4.09757,1.42999,0.5458,0.190475,0.0,1,0.000374565,0.03755981,0.03520889519500004
JABMEF_clean,4.29453,3.62408,4.28019,1.76637,1054.03,596.719,0.0,0.0,0.558,0.315902,0.0,0,0.006308119,0.5616277,0.5424987604462499
jacs.5b12516_ja5b12516_si_002_clean,8.05832,6.63779,8.05832,1.47307,1756.87,1192.66,0.0,0.0,0.6028,0.409213,0.000135771,1,0.001055166,0.107337503,0.10443178975875042
jacs.5b12516_ja5b12516_si_003_clean,8.53606,6.74383,8.51304,1.39796,1816.6,1299.47,0.0,0.0,0.6282,0.44937,0.0,1,0.00108814,0.106400311,0.10698929950750041
jacs.5b12516_ja5b12516_si_004_clean,8.49651,6.78307,8.47146,1.40015,1810.97,1293.41,0.0,0.0,0.6308,0.450522,0.0,1,0.001019994,0.10601708,0.10028284085000047
jacs.5b13491_ja5b13491_si_002_clean,10.00499,6.00632,8.35178,0.770104,1492.72,1938.34,566.054,735.036,0.688,0.893386,0.0,1,0.00483419,0.458452018,0.4367877223937498
jacs.6b01345_ja6b01345_si_001_clean,20.28746,11.03087,20.28746,0.706861,1313.51,1858.23,15.0052,21.228,0.6976,0.986898,0.0,1,0.010364543,0.630961793,0.8059681435750018
jacs.6b01663_ja6b01663_si_003_clean,27.62636,19.6462,27.62636,0.319125,1432.79,4489.74,0.0,0.0,0.874,2.73874,0.0,1,0.002795395,0.29376479,0.28030795832624905
jacs.6b02030_ja6b02030_si_002_clean,9.27827,8.57062,9.27827,1.61278,1536.21,952.52,0.0,0.0,0.6184,0.383437,0.0,1,0.002344026,0.234423093,0.22058735521875017
jacs.6b02030_ja6b02030_si_003_clean,9.33807,8.65245,9.33807,1.33968,1588.12,1185.45,0.0,0.0,0.6278,0.468619,0.0,1,0.00345282,0.332339487,0.33664692493750087
jacs.6b06759_ja6b06759_si_002_clean,14.81093,8.19624,14.81093,0.576281,2199.59,3816.87,0.0,0.0,0.7704,1.33685,0.000347053,0,0.003381576,0.331748943,0.34056352009375046
jacs.6b06759_ja6b06759_si_003_clean,15.38405,7.99425,15.37857,0.667947,2168.98,3247.23,0.0,0.0,0.7722,1.15608,0.000299425,0,0.002298254,0.229670819,0.22146374118249973
jacs.6b06759_ja6b06759_si_004_clean,15.4905,7.85668,15.48477,0.558595,2165.23,3876.2,0.0,0.0,0.7746,1.38669,0.000358041,0,0.002666515,0.272716654,0.26897506012125016
jacs.6b08724_ja6b08724_si_009_clean,28.38912,26.8915,28.38912,0.324235,1424.57,4393.62,0.0,0.0,0.8668,2.67337,0.0,1,0.003758682,0.359011943,0.36755596617750014
jacs.6b08724_ja6b08724_si_014_clean,28.056,26.5894,28.056,0.284192,1417.0,4986.05,0.0,0.0,0.8798,3.09579,0.0,1,0.004575345,0.426393563,0.4282545028487472
jacs.6b08724_ja6b08724_si_016_clean,28.19813,26.70296,28.19813,0.327356,1415.91,4325.28,0.0,0.0,0.8786,2.68393,0.0,1,0.003546139,0.361230237,0.3487223836775004
jacs.6b09113_ja6b09113_si_002_clean,13.34579,11.70118,13.34579,0.574767,1929.82,3357.56,0.0,0.0,0.7742,1.34698,0.000347967,1,0.002829256,0.267873266,0.2895228936149983
jacs.6b09155_ja6b09155_si_009_clean,8.83227,8.6768,8.83227,0.846692,1685.24,1990.38,0.0,0.0,0.6728,0.794622,0.0,0,0.003051463,0.294443499,0.3032617813050011
JADBIC_clean,6.8732,4.88929,6.87248,1.16013,1658.2,1429.33,0.0,0.0,0.5776,0.497877,0.0,1,0.00342488,0.338544413,0.33292924950125136
JADJOQ_clean,5.63389,5.12978,5.62594,1.03186,2420.1,2345.38,0.0,0.0,0.6734,0.65261,0.0,1,0.003778699,0.36864252,0.36729927106624993
JADMAF_clean,5.40649,3.68585,5.39971,1.18993,400.217,336.338,47.5494,39.9599,0.4748,0.399016,0.0,1,0.002731201,0.234171889,0.24594606539000158
JAFPIQ_clean,7.18163,6.66781,7.16788,1.29779,1736.11,1337.74,0.0,0.0,0.6626,0.51056,0.0,1,0.001054787,0.103356855,0.10452672654375048
JAHNEM01_clean,3.45766,2.62894,3.45766,1.73727,0.0,0.0,2.67063,1.53726,0.335,0.192831,0.0,0,9.57e-05,0.009610242,0.009646338741250088
JAHNEM02_clean,3.46248,2.64816,3.46248,1.73087,0.0,0.0,2.82803,1.63388,0.3364,0.194353,0.0,0,8.45e-05,0.009731375,0.007990646853750063
JAHNEM03_clean,3.46,2.65644,3.46,1.725,0.0,0.0,3.32218,1.9259,0.3384,0.196174,0.0,0,9.98e-05,0.010253571,0.009668756480000089
JAHNEM_clean,3.4986,2.66157,3.4824,1.71463,0.0,0.0,3.89606,2.27224,0.3386,0.197477,0.0,0,0.000119097,0.0117316,0.009954687356250082
JAHXUM_clean,7.72066,3.25313,7.71275,1.33561,0.0,0.0,1473.1,1102.94,0.5822,0.435905,0.0,1,0.003194464,0.31535664,0.3025624236425005
JAJKUD_clean,5.4506,2.86562,5.4506,1.414,0.0,0.0,812.904,574.897,0.5,0.353607,0.0,0,0.004011968,0.353723473,0.37075822158125005
JAJLAK_clean,5.43455,2.85461,4.90096,1.44974,0.0,0.0,800.127,551.911,0.504,0.347649,0.0,0,0.004225791,0.37222038,0.38044530442500146
JAJLEO_clean,5.44394,2.82962,5.44394,1.47647,0.0,0.0,800.898,542.441,0.4786,0.324151,0.0,0,0.004555841,0.39579033,0.408066037601252
JAKBIJ_clean,5.97609,4.07891,5.95911,0.794839,2068.46,2602.36,0.0,0.0,0.6772,0.851997,0.0,0,0.002343512,0.224304785,0.22130235375375
JAKBOP01_clean,5.57699,4.27379,5.57277,0.833702,1977.55,2372.01,0.0,0.0,0.6608,0.792609,0.0,0,0.002118491,0.21712881,0.20702618570625048
JAKBOP_clean,5.76914,4.18918,5.68942,0.806983,2029.2,2514.56,0.0,0.0,0.6692,0.829261,0.0,0,0.002244722,0.230490118,0.21708742589500002
JAKBUV_clean,5.57167,3.71325,5.56165,0.804799,1950.58,2423.69,0.0,0.0,0.669,0.831263,0.0,0,0.002058119,0.200224792,0.20368443014375034
JAKPET_clean,3.70033,2.62618,3.70033,1.84906,0.0,0.0,73.4393,39.7172,0.399,0.215786,0.0,1,0.000567437,0.05867119,0.05968209998374949
JALCAD_clean,10.23917,5.38907,7.72274,0.840589,1476.7,1756.74,567.482,675.1,0.661,0.786353,0.0,1,0.004755,0.470184174,0.4318633844124995
JALLEQ_clean,20.72686,7.8738,20.45456,0.987929,1836.17,1858.6,0.0,0.0,0.7646,0.773942,0.000202444,1,0.00113484,0.111275049,0.10966225026249997
JALLOA_clean,21.13684,18.33831,21.13684,0.755302,1118.2,1480.46,7.09089,9.38816,0.8308,1.09996,0.00158877,1,0.001130276,0.119339485,0.1092415252924999
JALPAQ_clean,3.97561,2.90565,3.97561,1.6608,0.0,0.0,84.2654,50.738,0.3694,0.222423,0.0,1,0.001095945,0.092113238,0.10667973402750049
JASNAT_clean,4.78374,3.98828,4.76573,1.2488,1042.64,834.91,0.0,0.0,0.5318,0.425847,0.0,0,0.007799674,0.695010812,0.6578847240762493
JASNEX_clean,3.25557,2.72372,3.23347,1.49567,0.0,0.0,0.0,0.0,0.4068,0.271985,0.0,1,4.08e-05,0.003582163,0.0035072061312500192
JAVNIE_clean,7.27986,4.97275,7.26799,0.939534,2385.4,2538.91,0.0,0.0,0.669,0.712055,0.0,1,0.003570462,0.351823487,0.3456484202825021
JAVSUV_clean,5.63959,3.43313,5.63872,1.69188,1126.3,665.708,0.0,0.0,0.4934,0.291628,0.0,0,0.004414179,0.392054,0.4153963600324998
JAVTEG_clean,6.01685,3.69212,6.01685,1.47606,1556.57,1054.55,0.0,0.0,0.549,0.371936,0.0,0,0.003934516,0.373746828,0.3629957785187506
JAVWUY_clean,5.48014,3.89264,5.47915,1.114,1459.0,1309.69,0.0,0.0,0.5932,0.532494,0.0,1,0.004333155,0.406897918,0.41571778307125085
JEBCOJ_clean,7.20433,5.04936,7.20433,1.89362,858.504,453.367,0.0,0.0,0.4412,0.232993,0.0,0,0.001899829,0.178893722,0.17844374085874956
JEBDOK_clean,4.22365,3.03737,4.22365,2.73764,0.0,0.0,161.496,58.9908,0.3576,0.130623,0.0,0,0.00618598,0.465087787,0.5025745453412501
JEDJUY_clean,5.0551,4.14906,5.0551,1.66961,1339.59,802.333,0.0,0.0,0.4474,0.267966,0.0,1,0.003669171,0.352091729,0.3400279576312481
JEDKEJ_clean,11.82785,6.92938,11.82019,0.805938,1577.17,1956.93,0.028495,0.0353563,0.6606,0.819666,0.0,0,0.001395696,0.137285379,0.13909883794875114
JEJKEP_clean,5.0932,2.80032,5.05783,1.42573,0.0,0.0,734.907,515.458,0.455,0.319134,0.0,0,0.005166452,0.470369892,0.42949772501875216
JEJKIT_clean,5.10722,2.78845,5.05499,1.44221,0.0,0.0,723.272,501.504,0.45,0.312022,0.0,0,0.005376085,0.456660104,0.43121253276250193
JELPAS_clean,6.6136,5.51475,6.6136,2.20984,1180.92,534.391,0.0,0.0,0.4712,0.213228,0.0,1,0.00312484,0.290647255,0.2880955397975003
JEMNAR_clean,5.06331,3.17172,5.03446,1.44958,0.0,0.0,731.507,504.636,0.4528,0.312367,0.0,0,0.005368553,0.457951753,0.4344181717087512
JEMQEY_clean,3.332,2.60657,3.33001,1.7505,0.0,0.0,0.0,0.0,0.3544,0.202457,0.0,0,2.82e-05,0.003060351,0.0030044219837500065
JENKET_SL,12.8466,11.09496,12.83423,0.704786,1452.89,2061.46,0.0,0.0,0.6858,0.973062,0.0,1,0.003080723,0.285108426,0.3007158997725007
JENKIX_SL,9.92059,7.48583,9.85803,1.01231,1221.66,1206.81,0.0,0.0,0.5698,0.56287,0.0,1,0.003057539,0.283638723,0.2963604567212503
JETNOL_clean,4.94372,2.40668,4.91037,1.51285,0.0,0.0,832.644,550.382,0.5318,0.351523,0.0,0,0.001179734,0.106597512,0.12106664478749922
JETZAK_clean,6.92889,6.03574,6.92889,0.751805,1979.79,2633.39,0.0,0.0,0.6492,0.863522,0.0,1,0.005346934,0.50475582,0.4822672401475005
JEXSOV_clean,4.38918,2.97255,4.38033,2.78283,0.0,0.0,425.072,152.748,0.3706,0.133174,0.0,1,0.000817967,0.076172079,0.0800345715287493
JEXWUF01_clean,2.93282,2.44741,2.93282,1.70181,0.0,0.0,0.0,0.0,0.421,0.247384,0.0,0,0.0,9.67e-06,6.406797499999984e-06
JEXWUF_clean,2.92483,2.43914,2.92483,1.70815,0.0,0.0,0.0,0.0,0.4206,0.246232,0.0,0,0.0,9.67e-06,7.064372499999973e-06
JEXXAM05_clean,2.93825,2.47536,2.93825,1.73788,0.0,0.0,0.0,0.0,0.4224,0.243055,0.0,0,0.0,1.94e-05,7.376192499999975e-06
JEXXAM06_clean,2.91294,2.44855,2.91294,1.74387,0.0,0.0,0.0,0.0,0.4192,0.240385,0.0,0,0.0,8.06e-06,6.968829999999978e-06
JEXXAM07_clean,2.94146,2.4794,2.94146,1.73778,0.0,0.0,0.0,0.0,0.4222,0.242954,0.0,0,0.0,2.1e-05,7.376192499999975e-06
JEXXAM_clean,2.94337,2.48293,2.94337,1.74491,0.0,0.0,0.0,0.0,0.4284,0.245513,0.0,0,0.0,2.58e-05,7.915322499999976e-06
JEYXOB_clean,4.25762,2.77868,4.15332,2.00793,0.0,0.0,498.807,248.419,0.42,0.209171,0.0,0,0.007105371,0.529669916,0.5444783585599979
j.ica.2016.05.002_2_clean,7.92311,7.02117,7.40406,1.04215,1506.32,1445.4,0.0,0.0,0.5762,0.552895,0.0,1,0.002813886,0.280895625,0.28006328518749873
j.ica.2016.08.030_3_clean,5.42105,4.17711,5.42004,0.867442,2120.17,2444.17,0.0,0.0,0.6348,0.731807,0.0,1,0.004953691,0.477483096,0.45228993909749976
JILWIL_clean,8.24655,3.54646,8.24655,1.48902,1339.88,899.835,0.0,0.0,0.545,0.366011,0.0,0,0.003675713,0.346859494,0.34601374685624947
JILWOR_clean,10.37997,3.63188,10.37997,1.43849,1318.22,916.388,0.0,0.0,0.5592,0.38874,0.0,0,0.003112327,0.296547635,0.2939479458212497
JILXOS_clean,4.50507,4.05314,4.50324,1.57483,481.643,305.838,0.0,0.0,0.4424,0.280919,0.0,1,0.003444454,0.300176816,0.3226610017049987
j.inoche.2014.12.007_INC05825-mmc2_clean,5.53363,2.96045,4.54126,1.53062,0.0,0.0,251.591,164.372,0.4336,0.283283,0.0,1,0.001091196,0.09734112,0.10658794073625005
j.inoche.2015.01.025_INC05862-mmc1_clean,5.32737,2.69056,5.32598,1.50699,0.0,0.0,553.825,367.505,0.4944,0.328072,0.0,1,0.009897571,0.662996461,0.8014277930525019
j.inoche.2015.03.028_inc05925-mmc2_clean,5.98483,4.5721,5.97294,0.945356,2162.97,2287.99,0.0,0.0,0.6338,0.670435,0.0,0,0.007208622,0.672443965,0.6630586410075012
j.inoche.2015.03.054_CIFs_clean,12.69533,7.85866,12.69533,0.704617,2272.11,3224.61,0.0,0.0,0.79,1.12118,0.0,1,0.002551352,0.249837522,0.25505022982000053
j.inoche.2015.05.017_inc05998-mmc2_clean,4.9133,2.71797,4.44189,1.45487,0.0,0.0,361.134,248.224,0.4356,0.299408,0.0,0,0.00804873,0.455128268,0.5876455964087464
j.inoche.2015.06.004_1_clean,4.49265,3.05894,4.49265,1.41453,0.0,0.0,702.521,496.647,0.481,0.340043,0.0,0,0.003786843,0.335190438,0.3380586252299981
j.inoche.2015.06.036_inc06102-mmc1_clean,4.53773,3.33225,4.53773,1.95892,255.13,130.241,118.212,60.3457,0.3582,0.182856,0.0,0,0.004768595,0.326357846,0.39964760946125083
j.inoche.2015.06.036_inc06102-mmc2_clean,4.4873,3.3179,4.4873,1.95445,281.618,144.09,120.739,61.7763,0.3762,0.192484,0.0,1,0.004251902,0.309204279,0.37757170947500107
j.inoche.2015.06.036_inc06102-mmc3_clean,4.50589,3.34598,4.50589,1.9208,295.09,153.629,144.568,75.2642,0.3866,0.20127,0.0,1,0.004138043,0.319579802,0.3770553471037507
j.inoche.2015.12.019_1_clean,6.46265,4.53541,6.46076,1.0284,1784.75,1735.46,0.0,0.0,0.5772,0.561258,0.0,0,0.006162831,0.592992192,0.5711869634549972
JIQVAH_clean,4.60365,3.31132,4.19274,1.67874,257.448,153.358,482.223,287.253,0.5524,0.329056,0.0,0,0.001492331,0.140909018,0.1492277987387498
JISVAJ_clean,8.23303,6.49522,8.23303,0.862534,2413.26,2797.87,0.0,0.0,0.71,0.823156,0.0,1,0.002848336,0.268555861,0.289828639727501
JITPOS_SL,5.87095,4.85353,5.87048,1.43918,1047.46,727.817,0.0,0.0,0.485,0.336998,0.0,1,0.002211419,0.213101884,0.21435175875625095
JITQEI_clean,4.74821,3.43684,4.74019,0.96574,1149.8,1190.59,1.38371,1.4328,0.5672,0.587322,0.0,1,0.003214857,0.319288602,0.30789491256875295
JIVFUQ_clean,6.2294,5.27198,6.22457,1.14554,1736.51,1515.89,0.0,0.0,0.6318,0.55153,0.0,0,0.004785631,0.451625719,0.4432561666899996
JIVHIG_clean,5.86134,3.79303,5.86134,0.999234,920.272,920.978,0.0,0.0,0.4348,0.435133,0.0,1,0.003497566,0.32199499,0.32609309692374994
JIVSEN_clean,4.65844,4.22522,4.64209,1.94999,466.538,239.251,0.0,0.0,0.392,0.201026,0.0,1,0.001494589,0.140786247,0.14162478747124985
JIVSIQ_clean,3.85875,2.47948,3.85875,2.17114,0.0,0.0,146.744,67.5887,0.4546,0.209384,0.0,0,0.0013489,0.12901083,0.12573173698374962
JIWKUW_clean,5.76283,3.39969,5.26559,1.43838,780.386,542.546,0.116548,0.0810275,0.4746,0.329955,0.0,1,0.001207981,0.126144887,0.12110493068750068
JIXWUJ01_clean,4.91458,3.91959,4.91458,1.63925,888.533,542.037,0.0,0.0,0.4672,0.285009,0.0,0,0.001569577,0.160583864,0.1529095936450007
JIXWUJ02_clean,4.89442,3.8959,4.88243,1.64878,881.814,534.829,0.0,0.0,0.4588,0.278267,0.0,0,0.001644623,0.15898874,0.1615277192612501
JIXWUJ_clean,4.9428,3.96901,4.93448,1.63196,890.669,545.765,0.0,0.0,0.469,0.287384,0.0,0,0.001727653,0.15968012,0.16603954759624964
JIYXUL_clean,6.59669,5.39005,6.562,2.75496,1188.02,431.228,0.0,0.0,0.4754,0.172562,0.0,1,0.000220091,0.021036322,0.02149941916875001
JIZJAF_clean,10.25461,9.82723,10.24056,1.07189,1137.99,1061.67,0.0,0.0,0.5772,0.538489,0.0,0,0.001588941,0.160458062,0.15360941759750138
JIZJEJ_clean,10.34811,9.92334,10.34811,1.06947,1137.02,1063.16,0.0,0.0,0.5768,0.53933,0.0,0,0.001526385,0.157607559,0.1519221218300008
JIZJOT_clean,10.25508,9.65715,10.24861,1.06872,1112.51,1040.98,4.63217,4.33432,0.5712,0.534472,0.0,0,0.001538896,0.157457423,0.152376305100001
JIZJUZ_clean,10.30863,9.86894,10.26273,1.07331,1114.06,1037.97,0.0,0.0,0.5706,0.531626,0.0,0,0.001632731,0.159951352,0.1594693420437512
JIZWEW_clean,6.00475,5.39741,6.00471,1.02738,1409.26,1371.7,0.0,0.0,0.5578,0.542934,0.0,0,0.00301218,0.291155543,0.2888966741024998
JIZWIA_clean,5.73459,5.3907,5.73388,1.0417,1399.8,1343.76,0.0,0.0,0.5588,0.536429,0.0,0,0.003371262,0.304529788,0.3254702306337519
JIZWOG_clean,5.77811,5.24857,5.77811,1.0286,1416.31,1376.93,0.0,0.0,0.5656,0.549873,0.0,0,0.003255672,0.316643144,0.307630742185003
j.jssc.2014.11.015_mmc2_clean,5.22329,3.73672,5.11659,0.962226,1097.58,1140.67,0.0,0.0,0.5588,0.580737,0.0,0,0.010657572,0.866610268,0.8808810250362513
j.jssc.2015.05.012_mmc6_clean,5.19284,3.47327,4.97212,1.17487,1114.95,948.996,0.0,0.0,0.5544,0.471883,0.0,1,0.004266843,0.386640181,0.38197952276500025
j.jssc.2016.09.008_mmc7_clean,4.60903,3.05023,4.59626,1.65034,0.0,0.0,425.221,257.656,0.4642,0.281275,0.0,1,0.004228616,0.375205048,0.3806281477287521
j.jssc.2016.09.008_mmc8_clean,4.48976,3.77657,4.48976,1.63203,829.111,508.026,0.0,0.0,0.4792,0.293623,0.0,1,0.00255899,0.254788226,0.2398992132850009
JOBKUI_clean,3.30341,2.44078,3.30341,1.52683,0.0,0.0,0.0,0.0,0.3878,0.25399,0.0,1,2.05e-05,0.001900742,0.0027087763962500063
JOCLOD_clean,4.31246,3.2182,4.31088,1.02037,0.0,0.0,382.137,374.509,0.5332,0.522557,0.0,1,0.004340725,0.385920515,0.39843013304625247
JOCPIB_clean,3.51546,2.58872,3.05106,1.77469,0.0,0.0,3.35811,1.89222,0.3916,0.220658,0.0,1,7.19e-06,0.000747936,0.0004939388287500006
JOCWIJ_clean,13.89765,5.51402,13.89722,0.824207,1875.6,2275.65,13.4154,16.2767,0.735,0.891766,0.0,1,0.001792034,0.169404572,0.1810555833874992
JODFOZ_clean,4.69106,3.19319,4.60847,1.20474,0.0,0.0,437.037,362.766,0.4432,0.367882,0.0,0,0.005245934,0.42539826,0.4364924063625009
JODGEP_clean,4.14327,2.84829,4.0524,2.16342,0.0,0.0,247.583,114.441,0.4784,0.221132,0.0,1,0.000696611,0.0686497,0.06846690440375004
JOFGOC_clean,5.75292,4.66172,5.55476,1.28873,519.931,403.445,222.923,172.979,0.4708,0.365321,0.0,1,0.002697467,0.219325411,0.2468401761075004
JOFKIA01_clean,6.88318,5.09054,6.88318,1.58969,1147.61,721.91,0.0,0.0,0.53,0.333399,0.0,1,0.001815585,0.16880458,0.17056252768250058
JOFKIA_clean,6.957,5.13094,6.957,1.57886,1125.97,713.155,0.0,0.0,0.5264,0.333406,0.0,1,0.001666347,0.167309751,0.16354417472250102
JOGHEU_clean,4.6871,3.79057,4.64785,1.04241,1656.32,1588.93,0.0,0.0,0.5686,0.545465,0.0,1,0.002515037,0.257251214,0.24828612528124946
JOGHIY_clean,4.7279,3.83843,4.69154,1.03019,1565.61,1519.72,0.0,0.0,0.5608,0.544364,0.0,1,0.002839071,0.271838066,0.27891957492499986
JOGSAA_clean,12.97631,9.4474,12.86758,0.420776,1989.54,4728.27,0.0,0.0,0.8226,1.95496,0.0,1,0.003129917,0.29768161,0.3046124674699993
JOHFIW_manual,6.80122,6.39579,6.80122,1.29813,1554.38,1197.39,0.0,0.0,0.5754,0.443252,0.0,0,0.005041374,0.468866553,0.46168361675374797
JOJKUQ_clean,18.63152,8.76045,18.62188,0.609363,1817.58,2982.76,0.0,0.0,0.7992,1.31153,0.0,0,0.003013804,0.292186954,0.29728273700749885
JOJLOK_clean,3.68436,2.87211,3.37819,2.10414,0.0,0.0,30.0716,14.2916,0.4164,0.197895,0.0,1,0.001394707,0.123098113,0.13101204069624964
JOJMEB_clean,3.19651,2.47174,3.18559,2.19844,0.0,0.0,0.0,0.0,0.4,0.181947,0.0,0,7.48e-05,0.008731624,0.007880297721250065
JOKWOV_clean,5.03424,2.86104,5.03424,1.95756,0.0,0.0,791.27,404.213,0.5492,0.280553,0.0,1,0.006940816,0.512642004,0.5507728960850006
JOKXAI10_clean,4.67354,3.99704,4.67354,1.55632,737.434,473.833,0.0,0.0,0.5056,0.32487,0.0,1,0.000833713,0.081888163,0.08383713026999985
JOKXAI_clean,4.68166,4.00596,4.68147,1.55341,734.6,472.896,0.0,0.0,0.502,0.323161,0.0,1,0.000879775,0.082655087,0.08733178819374951
JOKXEM10_clean,4.65592,3.94576,4.65486,1.57353,726.043,461.41,0.0,0.0,0.5,0.317757,0.0,1,0.000836017,0.081732321,0.08673872411749964
JOKXEM_clean,4.6554,3.9457,4.65434,1.57353,726.052,461.416,0.0,0.0,0.5004,0.318011,0.0,1,0.000853673,0.081952649,0.08728219909999956
JOKXOW10_clean,4.65545,3.95436,4.6545,1.5749,721.126,457.885,0.0,0.0,0.5016,0.318495,0.0,1,0.000878623,0.082558358,0.08732102495374951
JOKXOW_clean,4.65344,3.95436,4.65249,1.5749,718.186,456.019,0.0,0.0,0.5018,0.318622,0.0,1,0.000840623,0.081483973,0.0869447585649996
JOKXUC10_clean,4.62045,3.87167,4.62045,1.57557,703.325,446.394,0.0,0.0,0.499,0.31671,0.0,1,0.000887452,0.082813231,0.08732309825499952
JOKXUC_clean,4.54485,3.93734,4.54439,1.57557,692.186,439.324,0.0,0.0,0.4938,0.31341,0.0,1,0.000796097,0.077971398,0.07581340416000074
JOKYAJ10_clean,3.9112,2.82319,3.90945,1.58033,0.0,0.0,177.905,112.575,0.493,0.311961,0.0,1,0.000178778,0.01879432,0.01676335336749998
JOKYAJ_clean,4.98975,3.80682,4.92018,1.55283,739.05,475.936,0.0,0.0,0.512,0.32972,0.0,1,0.000849835,0.081136208,0.08723356316124957
JOKYEN_clean,5.04569,3.84468,4.80961,1.54631,723.173,467.677,0.0,0.0,0.5112,0.330594,0.0,1,0.000795713,0.081771857,0.07605335253250078
JOKYIR10_clean,5.00078,3.76275,4.99703,1.55706,710.679,456.424,0.0,0.0,0.5092,0.327027,0.0,1,0.00084638,0.080843718,0.08712793605749955
JOKYIR_clean,5.00078,3.76275,4.99703,1.55706,710.679,456.424,0.0,0.0,0.5092,0.327027,0.0,1,0.000779591,0.079415811,0.07293981195000047
JOKYOX10_clean,4.99892,3.69875,4.99892,1.57161,677.229,430.914,0.0,0.0,0.5068,0.322472,0.0,1,0.000812986,0.078236636,0.08032745529500016
JOKYOX_clean,4.99892,3.69875,4.99892,1.57161,690.001,439.041,0.0,0.0,0.5096,0.324253,0.0,1,0.000847532,0.080936992,0.08720073768624954
JOLYEQ_clean,10.48054,10.40031,10.48054,1.12044,787.1,702.494,0.0,0.0,0.5464,0.487667,0.0,0,0.000885424,0.084641838,0.08956536292499924
JONKEE_clean,8.42508,3.57402,8.42508,1.22571,1377.6,1123.92,1.48432,1.21099,0.6092,0.497019,0.0,1,0.002137086,0.206895649,0.2069466276412504
JOPWUI_clean,5.51252,3.28798,5.50625,1.46937,0.0,0.0,714.647,486.362,0.4756,0.323676,0.0,1,0.003295324,0.281923741,0.3108442229599993
JOQSOZ_clean,6.10079,4.1274,6.09895,1.15948,1782.04,1536.94,0.0,0.0,0.5942,0.512473,0.0,1,0.002472991,0.236584593,0.23428487192374983
JORBAV_clean,5.6025,5.15328,5.59565,1.72417,1077.57,624.98,31.7982,18.4426,0.5402,0.31331,0.0,1,0.000785047,0.077951171,0.07333787884000041
JORLEJ_clean,9.51377,6.43314,9.51377,0.798695,1989.75,2491.25,0.0,0.0,0.6678,0.836114,0.0,1,0.003440453,0.331359416,0.3430271161037499
JORRAL_clean,6.90146,4.37137,6.90002,0.999683,1472.23,1472.69,0.0,0.0,0.5752,0.575382,0.0,1,0.006345643,0.575101783,0.5670943858724999
JORSEQ_clean,4.96868,3.55075,4.83089,1.43147,797.865,557.376,0.0,0.0,0.4912,0.343145,0.0,1,0.008147787,0.637907887,0.6611245732812475
JORVET_clean,10.62231,4.72909,10.62231,0.840025,2012.33,2395.56,0.0,0.0,0.6632,0.789501,0.0,1,0.005264682,0.502489773,0.47599904084500017
JOSNAG01_clean,4.34391,3.48794,4.33354,1.48639,790.023,531.506,0.0,0.0,0.5002,0.336521,0.0,1,0.002090117,0.196582471,0.20030370304125064
JOSNAG_clean,4.31831,3.47722,4.26587,1.49368,756.727,506.618,0.0,0.0,0.503,0.336751,0.0,1,0.001944909,0.193184015,0.18535121318374984
JOVDON_clean,4.04514,3.19789,3.9601,1.86328,0.0,0.0,226.36,121.485,0.4824,0.258899,0.0,0,0.000229506,0.023515346,0.021173224937499926
JOVWOI_clean,4.43266,3.14601,4.43262,2.07269,0.0,0.0,514.599,248.275,0.399,0.192503,0.0,1,0.012141647,0.799999302,0.776771005555
JOVXEZ_clean,4.48882,3.73021,4.48882,1.13994,1278.34,1121.41,0.0,0.0,0.558,0.4895,0.0,1,0.003828478,0.364254831,0.3576130453362511
JOVYAW_clean,4.37224,3.52862,4.37224,1.32069,1193.38,903.605,0.0,0.0,0.5232,0.396155,0.0,1,0.006385565,0.568666395,0.5571525712187474
JOWFOQ_clean,6.87554,6.2746,6.85501,1.0117,2308.98,2282.27,0.0,0.0,0.7136,0.705344,0.0,1,0.001356848,0.133889322,0.13198575024125142
JOXPIX_clean,5.23239,4.07998,5.23239,2.19565,717.149,326.623,0.211459,0.0963082,0.4132,0.188191,0.0,1,0.000781492,0.077896218,0.06983149952500016
JOYKUF_clean,15.8468,15.75155,15.8468,0.656923,1385.91,2109.7,0.0,0.0,0.7706,1.17304,0.0,1,0.002650276,0.267625834,0.2693454793937504
jp102463p_si_002_clean,7.50467,7.0978,7.502,1.02131,1655.17,1620.62,0.0,0.0,0.6276,0.614502,0.0,0,0.003721882,0.363700854,0.3651896094887503
jp102463p_si_004_clean,7.69309,7.15133,7.69309,1.0015,1823.95,1821.21,0.0,0.0,0.6478,0.646828,0.0,0,0.004121595,0.405534326,0.40364131750874827
jp2064408_si_002_clean,12.93309,6.73336,12.93309,0.876804,2105.23,2401.03,0.0,0.0,0.7182,0.819111,0.0,1,0.005618203,0.500647159,0.5188467090574985
jp209895d_si_002_clean,5.49532,3.6076,5.46456,1.0177,1748.28,1717.87,0.0,0.0,0.5898,0.57954,0.0,1,0.008090996,0.712775407,0.6952894506962511
JUBXIP_clean,6.53259,2.94652,6.51537,2.10663,0.0,0.0,744.771,353.537,0.478,0.226903,0.0,1,0.001002054,0.09960335,0.09976081887000034
JUCGUL_clean,6.1601,4.88151,6.1601,0.959179,1807.63,1884.57,0.0,0.0,0.5894,0.614484,0.0,1,0.006706136,0.610347203,0.6089949169612499
JUCXEK_clean,7.06758,6.25925,7.06758,2.58085,1392.56,539.574,0.0,0.0,0.5948,0.230467,0.0,1,0.000547484,0.054120365,0.05919727643374978
JUFBIX_clean,5.04128,2.68626,4.5732,1.55778,0.0,0.0,185.336,118.974,0.373,0.239444,0.0,0,0.008074193,0.42255377,0.5742971205999958
JUFREJ_clean,6.336,6.00289,6.33424,2.30777,537.799,233.038,0.0,0.0,0.3782,0.163881,0.0,1,0.000641555,0.059736718,0.06433477129625012
JUFZER_clean,4.28524,2.88788,4.28524,1.87804,0.0,0.0,282.887,150.628,0.4414,0.235032,0.0,1,0.002340938,0.211269986,0.21789840598500057
JUGLAA_clean,4.55135,3.34716,4.55135,1.4234,344.591,242.09,115.328,81.0227,0.4036,0.283546,0.0,0,0.00903613,0.483451164,0.7068970794000002
JUGQIN_clean,6.60597,5.16054,6.59079,1.12408,2425.27,2157.56,0.0,0.0,0.675,0.600491,0.0,1,0.002826547,0.273003117,0.2878475813837508
JUGQOT_clean,6.35365,5.03774,6.35365,1.16137,2402.86,2068.99,0.0,0.0,0.662,0.570019,0.0,1,0.00278406,0.277849175,0.2766974838137504
JUJMOS_clean,10.00436,3.46125,9.10166,1.00404,871.243,867.739,634.245,631.694,0.6146,0.612128,0.0,0,0.004180516,0.392870603,0.3950597770337497
JUJTAL_clean,5.88047,3.45324,5.88047,1.10464,953.649,863.311,0.0,0.0,0.5102,0.461869,0.0,1,0.008032662,0.699841395,0.6754397655862509
JUJZEV_clean,4.10763,3.18777,4.0924,1.57643,0.0,0.0,241.65,153.29,0.392,0.248663,0.0,1,0.000674045,0.068053683,0.06780941111624988
JUKKIL_clean,4.32221,3.34804,4.31656,1.94869,613.017,314.58,0.0,0.0,0.4824,0.247551,0.0,1,0.003320266,0.310225819,0.31433764928749924
JUKNUA_clean,5.93325,3.47434,5.93325,3.50199,1020.83,291.501,0.0,0.0,0.457,0.130497,0.0,1,0.000275942,0.027461535,0.026673981027499908
JUMCOL_clean,7.85155,7.4129,7.84422,0.988066,1824.14,1846.18,0.0,0.0,0.6392,0.646921,0.0,0,0.003786958,0.381833598,0.3687897437062495
JUMCUR_clean,6.66565,6.12054,6.47961,1.03261,1670.88,1618.12,0.0,0.0,0.6176,0.598098,0.0,0,0.004153031,0.389854736,0.3998041335924992
JUMDAY_clean,6.08117,5.71486,6.04254,1.0654,1666.94,1564.61,0.0,0.0,0.599,0.562229,0.0,0,0.004371232,0.428074162,0.42725858965000113
JUMDEC_clean,6.63074,6.11727,6.62182,1.03639,1700.67,1640.96,0.0,0.0,0.617,0.595335,0.0,0,0.00426664,0.407913118,0.40544322607499983
JUNBOL_clean,4.23505,3.57437,4.22469,1.56146,719.857,461.015,0.0,0.0,0.4554,0.29165,0.0,0,0.002636216,0.252425911,0.2409342619337511
JUNBUR_clean,6.68812,5.2162,6.6842,1.12906,2243.68,1987.2,0.0,0.0,0.6588,0.583492,0.0,1,0.003990256,0.392525829,0.3827301833049991
JUPBUT_clean,4.59351,3.07746,4.59253,1.47358,0.0,0.0,875.017,593.804,0.4954,0.336188,0.0,1,0.002324095,0.222079961,0.2194776509275002
JUPNAL_clean,3.64386,3.28199,3.63941,1.47701,0.0,0.0,251.735,170.435,0.4578,0.30995,0.0,1,0.00055715,0.057099392,0.059828216732499634
JUQTOG_clean,7.0124,3.08649,6.99734,1.28641,0.0,0.0,1319.65,1025.84,0.5754,0.447292,0.0,0,0.003327899,0.312037527,0.31741080167625
JUQVAU_clean,7.11924,4.2578,6.73222,1.25075,1718.51,1373.98,0.35167,0.281167,0.5804,0.464042,0.0,1,0.003668856,0.352200884,0.35839399846000064
JURKIS_clean,7.21804,4.89996,7.21804,1.05199,1093.71,1039.66,0.0,0.0,0.5258,0.499814,0.0,1,0.001835201,0.173053741,0.17726770684125026
JUSBAC_clean,5.9515,3.58022,5.94467,1.69538,782.353,461.462,0.0,0.0,0.4474,0.263894,0.0,1,0.004366116,0.354709302,0.40786763477624854
JUSHAI_clean,5.25447,2.58009,5.24959,1.27396,0.0,0.0,933.269,732.572,0.5224,0.41006,0.0,1,0.006929935,0.592337024,0.5593301791299998
JUSHIQ_clean,5.24488,2.56323,5.22808,1.28702,0.0,0.0,957.721,744.137,0.5274,0.409783,0.0,1,0.007091137,0.61015983,0.5934844914149997
JUSKAL_clean,5.98148,5.50358,5.98148,1.39089,683.78,491.614,0.0,0.0,0.4456,0.320371,0.0,1,0.001730926,0.15701389,0.1657548731012503
JUTCIM_clean,15.74073,14.87864,15.74073,0.734143,2013.05,2742.03,0.0,0.0,0.7486,1.01969,0.0,1,0.00509142,0.500438769,0.4591469121924985
JUTCUW_SL,6.94384,5.61196,6.94384,1.08226,2751.52,2542.38,0.0,0.0,0.7548,0.697429,0.0,0,0.001052299,0.110246768,0.10443540407874981
JUVROJ_clean,5.07744,3.63748,5.07744,1.35621,1447.17,1067.07,0.0,0.0,0.563,0.415127,0.0,0,0.004809147,0.450654772,0.4281199574412502
JUVWUU_clean,4.05171,2.54227,4.0376,1.22912,0.0,0.0,628.083,511.004,0.4874,0.396545,0.0,1,0.015593331,1.104122761,0.9612736625174998
JUWBIO_clean,4.41179,2.90753,4.38337,1.58511,0.0,0.0,657.862,415.026,0.5318,0.335497,0.0,0,0.008153991,0.641625306,0.6461293170987469
JUXFAL_clean,5.68774,4.91257,5.68774,1.89851,1234.68,650.342,0.0,0.0,0.4776,0.251566,0.0,0,0.002743687,0.255683654,0.24701120171874918
JUXFOZ_clean,6.56163,5.01898,6.56163,0.789798,2685.32,3400.01,0.0,0.0,0.699,0.885037,0.0,1,0.005352989,0.508457898,0.497171264022499
JUXZOT_clean,4.54071,3.29336,4.45814,0.966027,0.0,0.0,2012.32,2083.09,0.6394,0.661886,0.0,1,0.004593901,0.440623886,0.41054488757875207
JUYJIY_clean,8.93591,6.40725,8.93528,0.861374,1865.56,2165.8,0.0,0.0,0.6744,0.782935,0.0,0,0.003545601,0.363320882,0.3462960269699996
JUYROM_clean,6.54798,4.58648,6.32354,0.991599,1825.87,1841.34,0.0,0.0,0.6014,0.606495,0.0,0,0.006054016,0.57452124,0.5720779230487462
jz4002345_si_002_clean,8.57756,4.11023,8.57756,1.21659,1656.78,1361.82,0.0,0.0,0.594,0.488251,0.000328789,0,0.003542206,0.32523694,0.3365644156237503
jz4002345_si_003_clean,8.23229,4.10889,8.23229,1.21659,1653.43,1359.07,0.0,0.0,0.5956,0.489565,0.000164394,0,0.003505482,0.326135011,0.33495981878750064
jz4002345_si_004_clean,8.12994,4.03809,8.12994,1.2166,1662.07,1366.16,0.0,0.0,0.5922,0.486767,0.000164393,0,0.003413672,0.323971628,0.330058669335001
jz4002345_si_005_clean,8.17701,3.85924,8.17701,1.11826,1495.8,1337.62,0.0,0.0,0.578,0.516876,0.00017885,0,0.004938557,0.43353247,0.4510882340887491
jz4002345_si_006_clean,8.7001,4.17817,8.7001,1.56011,1731.24,1109.69,0.0,0.0,0.5976,0.383051,0.000256393,0,0.002594134,0.240782071,0.25212378820124975
KABNIL_clean,4.822,3.60721,4.822,1.40695,1317.06,936.108,0.0,0.0,0.5446,0.387078,0.0,1,0.005423879,0.493924775,0.47847013243249775
KABXAO_clean,5.19371,4.3754,5.19371,2.94656,1970.95,668.897,0.0,0.0,0.5852,0.198604,0.0,1,0.000391705,0.038308662,0.03808848771249987
KABXES_clean,5.52619,4.96961,5.37117,1.18279,1951.27,1649.71,0.0,0.0,0.6294,0.53213,0.0,1,0.004525515,0.41804297,0.43348058689875074
KABXIW_clean,5.62028,4.9456,5.38973,1.141,1960.49,1718.22,0.0,0.0,0.6228,0.545837,0.0,1,0.004378309,0.408989929,0.4238156015825003
KABXOC_clean,5.507,4.94994,5.35679,1.19591,1938.76,1621.16,0.0,0.0,0.616,0.51509,0.0,1,0.004685969,0.422640976,0.43728403252500014
KACZEV_clean,9.80506,5.54909,9.77983,0.780304,2624.36,3363.25,0.0,0.0,0.7202,0.922973,0.0,1,0.005593985,0.513741044,0.5199911696524991
KACZIZ_clean,8.95718,5.39384,8.83819,0.804507,2612.7,3247.58,0.0,0.0,0.7218,0.897196,0.0,1,0.00562666,0.525426471,0.5217479169237498
KADLOT_clean,9.00309,8.54299,8.9671,0.97843,1897.63,1939.47,0.0,0.0,0.6736,0.68845,0.0,1,0.003355562,0.33080431,0.33393593520250037
KADLUZ_clean,14.27976,9.75466,14.27887,0.875377,1931.83,2206.85,0.0,0.0,0.6958,0.794857,0.0,1,0.00379174,0.358424826,0.3704661729524995
KAFTUI_clean,5.18489,3.11952,5.15884,1.51856,0.0,0.0,476.848,314.012,0.4642,0.305683,0.0,1,0.007504469,0.50491533,0.6087376705074972
KAFYAT_clean,3.68992,2.80806,3.653,1.63276,0.0,0.0,145.824,89.3116,0.4492,0.275117,0.0,1,0.001201145,0.117473197,0.1202129087224994
KAGVUL_clean,6.24779,5.74251,6.24779,3.24848,1430.81,440.455,0.0,0.0,0.5524,0.170049,0.0,1,0.001426669,0.13196612,0.13824863069999985
KAGWEW_clean,10.78843,9.81151,10.76706,1.6648,1720.66,1033.55,0.0,0.0,0.7082,0.425396,0.0,1,0.000853731,0.086027107,0.08955904102499945
KAHKUB01_clean,4.31258,2.65379,4.3124,0.999225,0.0,0.0,692.575,693.112,0.5222,0.522605,0.0,0,0.002122352,0.210407487,0.20084946640500093
KAHKUB02_clean,4.30319,2.61293,4.30314,1.00701,0.0,0.0,629.172,624.79,0.5064,0.502873,0.0,0,0.002072561,0.198362151,0.19987562604250084
KAHKUB_clean,4.39885,2.69675,4.39711,0.991264,0.0,0.0,733.27,739.732,0.5264,0.531039,0.0,0,0.002155547,0.213409485,0.20603694689000068
KAHMOW_clean,5.20373,4.91346,5.20373,1.50927,221.957,147.062,328.828,217.872,0.4508,0.298686,0.0,1,0.009145734,0.5276806,0.7221137980724996
KAHNOX_clean,6.67271,5.40663,6.66794,1.08519,2578.11,2375.72,0.0,0.0,0.741,0.682828,0.0,1,0.000811933,0.072399818,0.08089012945000004
KAHPUE_clean,5.5467,4.52994,5.5467,1.10879,1597.49,1440.76,0.0,0.0,0.5904,0.532473,0.0,1,0.001947285,0.199875297,0.19094875752625012
KAHYEY_clean,3.89651,3.5765,3.89651,1.95338,467.631,239.396,0.0,0.0,0.401,0.205285,0.0,1,0.001723866,0.169388769,0.15739230300999968
KAHYID_clean,8.93039,4.11514,8.89727,1.11173,2249.06,2023.03,0.0,0.0,0.7014,0.630911,0.0,1,0.001585013,0.158474643,0.15632945072750018
KAHYOJ_clean,8.86827,4.20402,8.86827,1.11868,2254.43,2015.26,0.0,0.0,0.7004,0.626094,0.0,1,0.001707025,0.158509821,0.17197071406625014
KAHYUP_clean,8.96058,4.23716,8.87271,1.11708,2278.94,2040.08,0.0,0.0,0.7126,0.637912,0.0,1,0.001490468,0.152461713,0.1512105884674995
KAJZIH_clean,8.4847,6.59254,8.46458,1.73964,1004.17,577.227,0.0,0.0,0.4824,0.277298,0.0,1,0.001870088,0.184574852,0.17113002567999963
KAKBUW_clean,8.93435,3.48006,8.93366,0.947498,1239.02,1307.68,0.0,0.0,0.5736,0.605384,0.0,1,0.003863756,0.341864969,0.3655113717512504
KAKCAD_clean,9.06904,5.14285,6.93826,0.88724,1840.24,2074.12,0.0,0.0,0.6138,0.691809,0.0,1,0.003946902,0.381317406,0.3782661147362494
KAKCEH02_clean,9.05571,8.66764,9.05571,1.03977,1417.11,1362.9,0.0,0.0,0.5874,0.564931,0.0,0,0.002451244,0.239127878,0.23036812770749948
KAKCEH_clean,9.06296,8.67891,9.0551,1.03141,1421.05,1377.78,0.0,0.0,0.5742,0.556714,0.0,1,0.002565826,0.247355981,0.2513331032912489
KALFEK_clean,6.54196,4.56831,6.52391,0.938074,1723.71,1837.5,0.0,0.0,0.6008,0.640461,0.0,0,0.006347547,0.597335523,0.5714588078874973
KALFOU_clean,6.46523,4.80891,6.4631,0.94279,1718.26,1822.53,0.0,0.0,0.5936,0.629621,0.0,0,0.006651968,0.631642595,0.6142187013162502
KALGAH_clean,6.33471,4.78818,6.33036,0.937811,1809.34,1929.33,0.0,0.0,0.5982,0.637868,0.0,0,0.006660635,0.60554277,0.6133943462824998
KALGEL_clean,6.46285,4.62415,6.46285,0.930333,1709.53,1837.55,0.0,0.0,0.6066,0.652024,0.0,0,0.006020484,0.574250503,0.5675221790399965
KANDAG_clean,4.72415,2.9462,4.67451,1.37776,0.0,0.0,457.755,332.245,0.4626,0.335762,0.0,1,0.004512447,0.355772889,0.40625443069375244
KANDIO_clean,6.34814,4.18035,6.34814,1.16715,1258.72,1078.45,0.0,0.0,0.5426,0.464892,0.0,1,0.006021051,0.540911139,0.5573249103524992
KANMIX_clean,9.77148,3.95127,9.76981,1.08328,1654.63,1527.42,0.0,0.0,0.6392,0.590057,0.0,1,0.004792638,0.436164962,0.43250153172624983
KAPGUE_clean,3.49415,2.51542,3.49415,1.87985,0.0,0.0,13.3533,7.10339,0.467,0.248425,0.0,1,5.6e-05,0.005359913,0.005833258375000002
KAPHAL_clean,3.48074,2.48494,3.48074,1.90381,0.0,0.0,14.8842,7.81813,0.4648,0.244142,0.0,1,5.07e-05,0.005232391,0.004699505166250003
KAPHOB_clean,4.89405,3.15092,4.20437,1.04092,0.0,0.0,1133.0,1088.46,0.5528,0.531068,0.0,1,0.006087437,0.548958936,0.5481870048087498
KAPHOZ_ion_b,3.65331,2.50372,3.59503,1.35029,0.0,0.0,29.8301,22.0916,0.3486,0.258166,0.0,1,0.002698593,0.245921145,0.24252377806750008
KAPHUH_clean,4.86022,3.00344,4.85982,1.05926,0.0,0.0,1072.39,1012.39,0.5428,0.512433,0.0,1,0.006330224,0.568004878,0.5493451608025004
KARLUM_clean,12.53415,7.4934,12.53415,0.637007,2138.43,3357.0,0.0,0.0,0.7386,1.15949,0.0,0,0.003508783,0.350142095,0.3460574944612502
KARNAU_clean,15.53234,10.48172,15.53234,0.459782,1976.67,4299.13,0.0,0.0,0.8028,1.74604,0.0,0,0.004193257,0.406280533,0.4113506178149976
KARNID_clean,13.04357,6.77607,13.04357,0.899644,2279.39,2533.66,0.0,0.0,0.69,0.76697,0.0,1,0.004805388,0.471090655,0.4305527416250011
KARTAA_clean,6.20188,4.23592,5.30961,1.89212,1747.42,923.525,0.0,0.0,0.5718,0.3022,0.0,0,0.002552235,0.23854992,0.2485578573074995
KASHUK_clean,6.39294,3.33878,6.39294,3.31408,1018.99,307.473,0.0,0.0,0.4924,0.148578,0.0,1,0.001215124,0.105462602,0.12112558189750068
KASPOL_clean,4.03994,2.92862,4.03247,1.66595,0.0,0.0,166.892,100.178,0.4152,0.249227,0.0,1,0.009757885,0.785511863,0.6671190459875005
KASRAZ_clean,6.01546,4.14091,6.00986,0.986437,2302.7,2334.36,0.0,0.0,0.6452,0.654071,0.0,1,0.004739345,0.463420251,0.4361990661825
KASRED_clean,7.65199,6.36839,7.38295,0.889824,2356.91,2648.74,0.0,0.0,0.6808,0.765095,0.0,1,0.00456794,0.428652198,0.43413261280499954
KATDAM_clean,6.25403,6.06717,6.25403,1.40557,375.411,267.088,0.0,0.0,0.4372,0.311048,0.0,0,0.000486649,0.050319058,0.049540491391249795
KAVGAQ_clean,5.26252,4.91537,5.26252,1.15534,1485.59,1285.85,0.0,0.0,0.5246,0.454067,0.0,0,0.007496953,0.617901111,0.672809551496251
KAVJEX01_clean,9.52843,6.46475,9.52268,1.03139,1993.36,1932.71,0.0,0.0,0.6454,0.62576,0.0,0,0.00156418,0.153282295,0.1545392795550003
KAVJEX_clean,8.73636,5.24821,8.73636,1.1563,1804.89,1560.92,0.0,0.0,0.605,0.523221,0.0,0,0.001907686,0.181061629,0.18958526575749968
KAVKIC_clean,5.02071,3.4738,5.02071,2.5731,618.391,240.329,0.0,0.0,0.3932,0.152812,0.0,1,0.001924828,0.160292959,0.17960361798874938
KAVLID_clean,3.80536,2.41604,3.77177,1.35746,0.0,0.0,130.925,96.4485,0.4054,0.298645,0.0,0,0.001659868,0.145105739,0.15249612576874993
KAVTEI_clean,5.69693,3.84932,5.6869,1.19116,1393.16,1169.59,0.886343,0.744103,0.5548,0.465766,0.0,0,0.004151005,0.397735275,0.38212590662624846
KAVTUY_clean,5.22962,4.08985,5.19903,2.0701,676.869,326.975,0.0,0.0,0.424,0.204821,0.0,1,0.00160728,0.147519798,0.147659438155
KAWBOB_clean,7.62136,6.38807,7.35051,1.08418,1533.97,1414.86,0.0,0.0,0.5764,0.531645,0.0,1,0.002733557,0.276417547,0.264037406386249
KAWHEY_clean,18.21481,15.58526,18.21481,0.462868,1507.18,3256.18,0.0,0.0,0.8126,1.75558,0.0,1,0.002902188,0.281791437,0.2883059485962491
KAXFUM_clean,3.88937,3.01162,3.88937,1.95297,0.0,0.0,90.4635,46.3211,0.3548,0.181672,0.0,1,0.000897193,0.085138732,0.08779103517749959
KAXQIL_clean,5.12409,3.76819,5.12409,1.55224,467.005,300.859,0.0,0.0,0.3454,0.222517,0.0,0,0.014478642,0.773019718,0.8900799755362471
KAXZUG_clean,4.51369,2.59156,4.48614,1.60849,0.0,0.0,178.403,110.913,0.3612,0.224558,0.0,0,0.001894521,0.154602914,0.17873481131124944
KAYBIX_clean,5.6946,5.49039,5.6894,1.21439,1338.7,1102.37,0.0,0.0,0.5044,0.415354,0.0,1,0.008504675,0.728514336,0.7127339392637491
KAYBUJ_clean,5.49315,5.23582,5.46639,1.19412,1383.3,1158.42,0.0,0.0,0.511,0.427931,0.0,1,0.007625371,0.684664899,0.6653718055649996
KAYCIY_clean,5.92381,4.85823,5.92381,0.977102,1893.89,1938.27,0.0,0.0,0.5954,0.609353,0.0,1,0.00507982,0.483747186,0.4749905677275017
KEBFII_clean,5.16866,4.1674,5.16866,1.42464,1443.53,1013.26,0.0,0.0,0.5604,0.393361,0.0,1,0.001928661,0.185493096,0.18334904578374928
KECRAL10_clean,7.14324,5.71599,7.14324,1.04513,2666.2,2551.06,0.0,0.0,0.762,0.729094,0.0,1,0.001100071,0.10486571,0.10815074918000002
KECRAL11_clean,6.17897,5.38709,6.17897,1.29095,2368.45,1834.65,0.0,0.0,0.7162,0.554784,0.0,0,0.002196166,0.220785786,0.21231335289250072
KECRAL12_clean,6.84524,5.44973,6.84445,1.04937,2682.68,2556.47,0.0,0.0,0.7656,0.729579,0.0,1,0.001073269,0.106019936,0.10471119602874998
KECRAL_clean,7.14304,5.71829,7.14304,1.04514,2648.0,2533.63,0.0,0.0,0.759,0.726219,0.0,1,0.001062593,0.106531653,0.10444448026124999
KEDJAG01_clean,5.62745,4.42901,5.626,1.06272,3032.17,2853.21,0.0,0.0,0.6922,0.651347,0.0,0,0.002015295,0.206233195,0.19841342212500074
KEDJAG02_clean,5.64435,4.47405,5.63077,1.05807,3043.38,2876.34,0.0,0.0,0.6944,0.656287,0.0,0,0.002135134,0.209930233,0.20920844462125057
KEDJAG04_clean,5.58759,4.3837,5.56019,1.07026,3013.15,2815.34,0.0,0.0,0.6894,0.644141,0.0,0,0.002001314,0.208326385,0.19884113846875068
KEDJAG06_clean,5.60157,4.39581,5.5618,1.06802,3018.73,2826.48,0.0,0.0,0.6908,0.646807,0.0,0,0.002219022,0.207205889,0.21553746744875021
KEDJAG08_clean,5.61357,4.40385,5.61357,1.06606,3021.96,2834.71,0.0,0.0,0.6918,0.648934,0.0,0,0.002133137,0.210837016,0.20921731268000054
KEDJAG10_clean,5.6275,4.42824,5.62604,1.06272,3031.79,2852.86,0.0,0.0,0.692,0.651159,0.0,0,0.002121153,0.208887632,0.20917795699125047
KEDJAG12_clean,5.63489,4.44582,5.40576,1.06079,3035.28,2861.33,0.0,0.0,0.6926,0.652908,0.0,0,0.002079209,0.211735809,0.20808357639125036
KEDJAG14_clean,5.64072,4.46761,5.621,1.05911,3041.81,2872.03,0.0,0.0,0.6942,0.655454,0.0,0,0.002133137,0.211144603,0.20920844462125057
KEDJAG16_clean,5.644,4.47445,5.6433,1.05807,3043.8,2876.74,0.0,0.0,0.6942,0.656098,0.0,0,0.002103177,0.210521439,0.2082937900350004
KEDJAG18_clean,5.65854,4.50803,5.65314,1.0548,3060.96,2901.94,0.0,0.0,0.6954,0.659272,0.0,0,0.001961368,0.209013463,0.1961278877325003
KEDJAG20_clean,5.67593,4.5303,5.67504,1.05131,3067.91,2918.19,0.0,0.0,0.6962,0.662224,0.0,0,0.002151113,0.212604643,0.20965173351500052
KEDJAG22_clean,5.70452,4.56197,5.70452,1.04697,3123.81,2983.66,0.0,0.0,0.6974,0.666112,0.0,0,0.002159102,0.211863638,0.21112136142375043
KEDJAG24_clean,5.73555,4.60029,5.7012,1.03985,3093.95,2975.36,0.0,0.0,0.6996,0.672786,0.0,0,0.002003311,0.211142606,0.19835122971250077
KEDJAG26_clean,5.76062,4.63585,5.58828,1.03565,3107.22,3000.25,0.0,0.0,0.7004,0.676287,0.0,0,0.002109169,0.211673892,0.2086386508800004
KEDJAG28_clean,5.787,4.68615,5.787,1.03012,3120.56,3029.31,0.0,0.0,0.7,0.67953,0.0,0,0.002191059,0.21449211,0.21181120901250036
KEDJAG_clean,5.61338,4.40406,5.55816,1.06606,3021.98,2834.73,0.0,0.0,0.6918,0.648934,0.0,0,0.001995322,0.209087364,0.1988608605812507
KEDNOY_clean,4.98967,3.63243,4.9802,1.21306,941.075,775.788,0.0,0.0,0.514,0.423723,0.0,1,0.007578336,0.659364531,0.6590138107649993
KEDQAN_clean,6.47084,4.69781,6.47084,1.24227,903.446,727.254,0.0,0.0,0.4856,0.390897,0.0,0,0.004514036,0.414014235,0.4353070536825009
KEFBEE_clean,11.08232,7.03865,11.08232,0.706119,2334.22,3305.7,0.0,0.0,0.7482,1.05959,0.0,1,0.003707141,0.377019709,0.36190415315375146
KEFBII_clean,11.60551,5.69321,11.58639,0.756483,2453.14,3242.83,0.0,0.0,0.7332,0.969223,0.0,1,0.004644753,0.461006376,0.4337953092337494
KEFBOO_clean,11.98728,8.05488,11.98728,0.72084,2302.73,3194.5,0.0,0.0,0.7462,1.03518,0.0,1,0.003832733,0.382424513,0.37231594140124963
KEFFEI01_clean,3.96931,2.79019,3.96931,2.17482,0.0,0.0,235.891,108.464,0.421,0.193579,0.0,0,0.001067302,0.104396739,0.10534135853875011
KEFFEI_clean,3.97348,2.77516,3.93937,2.17773,0.0,0.0,215.534,98.9719,0.4156,0.190841,0.0,0,0.001073688,0.104446911,0.10536225641750006
KEFWAV_clean,4.19377,3.55017,4.10153,1.43831,578.428,402.157,0.568123,0.394992,0.4896,0.340399,0.0,1,0.003644677,0.349634159,0.34544667461374795
KEFWID_clean,5.1885,3.70567,5.1885,1.78935,815.911,455.982,0.0,0.0,0.4748,0.265348,0.0,1,0.003008626,0.271813395,0.28117999170625035
KEGYAX_clean,4.05397,3.78362,4.05397,2.49857,460.926,184.476,0.0,0.0,0.3628,0.145203,0.0,1,0.001065345,0.099553047,0.10481554325250077
KEGZOL01_clean,6.43501,4.94371,6.43501,0.973544,2580.97,2651.11,0.0,0.0,0.724,0.743675,0.0,0,0.001952982,0.195784909,0.19535797507375033
KEGZOL02_clean,5.90632,4.48545,5.90632,0.991222,2611.36,2634.48,0.0,0.0,0.7042,0.710436,0.0,0,0.001956955,0.192761065,0.19562560411625043
KEGZOL03_clean,6.38762,4.90333,6.38762,0.985223,2558.92,2597.3,0.0,0.0,0.7104,0.721055,0.0,0,0.001927154,0.198365705,0.19116929233624994
KEGZOL04_clean,6.38911,4.90295,6.38911,0.984664,2559.58,2599.45,0.0,0.0,0.7106,0.721667,0.0,0,0.002052319,0.196204114,0.2052241049925004
KEGZOL_clean,6.39792,4.91247,6.39792,0.989226,2580.25,2608.35,0.0,0.0,0.72,0.727842,0.0,0,0.002034439,0.201465045,0.19818937971875075
KEHDOS_clean,4.08176,3.30481,3.94024,1.47581,0.0,0.0,332.473,225.282,0.451,0.305596,0.0,1,0.002062392,0.198496983,0.197360031916251
KEHFUA_clean,4.97412,3.92327,4.96359,1.11198,578.781,520.497,332.856,299.337,0.5476,0.492456,0.0,1,0.004247871,0.391303036,0.38467798817000115
KEHGEL_clean,4.37358,2.8186,4.37358,1.34455,0.0,0.0,410.065,304.983,0.4886,0.363393,0.0,1,0.002825286,0.254144595,0.2712962766837496
KEHGIP_clean,4.93159,3.98659,4.92634,1.07028,1453.04,1357.62,0.0,0.0,0.5542,0.517807,0.0,1,0.008680954,0.794874141,0.7239448363849974
KEJBIL_clean,4.30596,3.10505,4.30596,1.5807,0.0,0.0,551.301,348.77,0.551,0.34858,0.0,1,0.001758087,0.171824834,0.16958693140999997
KEJBOQ_clean_h,5.17871,3.9347,5.17066,1.30921,1037.24,792.266,0.0,0.0,0.5384,0.411242,0.0,1,0.010030661,0.838987111,0.8188175411837506
KEJHIQ_clean_h,5.28754,3.98518,5.28525,1.29873,1052.26,810.224,0.0,0.0,0.5454,0.41995,0.0,1,0.009367598,0.783779041,0.7952524974124994
KEJQAR01_clean,10.46853,2.57415,10.46853,0.973418,0.0,0.0,1798.92,1848.05,0.6868,0.705555,0.0,0,0.002043414,0.197426811,0.19068193248624993
KEJQAR_clean,10.40713,2.61296,10.40713,0.968939,0.0,0.0,1814.26,1872.42,0.6902,0.712326,0.0,0,0.002025331,0.200898806,0.1900954244162499
KEJXUU_clean,4.67999,2.84616,4.6789,1.89646,0.0,0.0,433.736,228.708,0.3692,0.194679,0.0,1,0.001099038,0.100169806,0.10771259379750012
KEPPIF_clean,7.58494,5.23607,7.09943,1.25981,2380.78,1889.8,0.0,0.0,0.6804,0.540084,0.0,1,0.002154864,0.211468184,0.21259981054625038
KEQDER_clean,13.61666,6.49901,13.37179,0.543402,2314.06,4258.46,0.0,0.0,0.7794,1.4343,0.0,1,0.004459096,0.434719793,0.4275652484550008
KESBOA_clean,6.05718,4.26017,6.04665,0.970091,1926.33,1985.72,0.0,0.0,0.5956,0.613963,0.0,1,0.003563833,0.351613851,0.3433483588337504
KESBUG_clean,6.02545,4.0393,5.99647,0.986984,1894.92,1919.91,0.0,0.0,0.59,0.597781,0.0,1,0.003496995,0.3156716,0.3385413321975009
KESGAS_clean,5.62194,5.11595,5.6016,1.12689,1067.74,947.506,0.0,0.0,0.5322,0.472273,0.0,1,0.004305966,0.393095128,0.41496681954250086
KESHAT_clean,4.71415,3.88542,4.71415,1.78814,1095.1,612.422,0.0,0.0,0.4878,0.272797,0.0,1,0.001564851,0.149389671,0.15298020651875055
KETHEY01_clean,5.27207,3.57986,5.2523,1.48689,974.284,655.251,0.0,0.0,0.4998,0.336139,0.0,1,0.007243718,0.604897575,0.6211556996450011
KETHEY02_clean,5.25403,3.55446,5.25403,1.49143,984.672,660.22,0.0,0.0,0.4862,0.325996,0.0,1,0.007684115,0.614652586,0.6385534622687498
KETHEY_clean,5.2876,3.58603,5.2765,1.48195,986.779,665.865,0.0,0.0,0.491,0.33132,0.0,1,0.007430776,0.602156509,0.6320328972462506
KETSEI_clean,4.16945,3.27186,4.16351,2.05802,0.0,0.0,348.099,169.143,0.4232,0.205635,0.0,1,0.001892792,0.172652594,0.17311475416249916
KEVPEH_clean,3.35631,2.62128,3.35577,1.32583,0.0,0.0,2.05525,1.55016,0.4334,0.326889,0.0,1,8.53e-05,0.007868152,0.00810441676625008
KEVVIS_clean,6.50043,5.82364,6.50043,1.16086,1001.29,862.542,0.0,0.0,0.5192,0.447255,0.0,1,0.002694002,0.253828474,0.25258163901625
KEVWUF_clean,9.52723,4.19884,9.52723,1.04193,2188.13,2100.07,0.0,0.0,0.7092,0.680658,0.0,1,0.001626701,0.161405728,0.16133051806875076
KEWBUL_clean,5.54329,4.14541,5.54329,1.48949,971.772,652.421,0.0,0.0,0.4996,0.335418,0.0,1,0.002862523,0.257948661,0.27223939237749906
KEWNUX_clean,10.50155,5.22557,10.50155,1.81291,2313.92,1276.36,0.0,0.0,0.6966,0.384245,0.0,1,0.000728445,0.068681979,0.07206304333374995
KEWZET_clean,6.38285,4.89652,6.37584,1.09177,1385.23,1268.79,0.0,0.0,0.5274,0.483068,0.0,1,0.003717537,0.357001856,0.3566161493900008
KEXFAU_clean,4.63469,3.96609,4.63178,0.913347,1885.16,2064.02,0.0,0.0,0.6022,0.659333,0.0,1,0.004718573,0.459618562,0.4325448522887498
KEXFIC10_clean,4.89247,3.74563,4.89153,1.59304,659.951,414.272,0.0,0.0,0.4988,0.313112,0.0,1,0.00078151,0.074761679,0.0730331951062504
KEXFIC_clean,4.90739,3.75202,4.9029,1.59304,664.487,417.119,0.0,0.0,0.5,0.313865,0.0,1,0.000752338,0.073425895,0.07223381645625007
KEXKAB_clean,4.09177,3.26764,4.07647,1.48331,0.0,0.0,376.446,253.788,0.4724,0.318477,0.0,1,0.004844104,0.451987538,0.40680661219500286
KEXPOU_clean,4.06064,2.7409,3.99156,1.33962,0.0,0.0,510.908,381.381,0.4994,0.372791,0.0,1,0.004752393,0.40944921,0.4057842638950025
KEYFUR_clean,5.43827,4.92439,5.43827,1.64151,456.158,277.889,0.0,0.0,0.4004,0.243921,0.0,1,0.000983808,0.090235053,0.09219769512749991
KEYMUY_clean,6.53351,5.26079,6.50691,1.20658,1362.71,1129.4,0.0,0.0,0.5562,0.460973,0.0,1,0.004892757,0.451735108,0.4416448475125014
KEYROX_clean,11.21887,3.60068,11.21229,0.939946,1552.8,1652.01,0.0,0.0,0.65,0.691529,0.0,0,0.001925075,0.184746436,0.18632186690999897
KEYYET_clean,4.99758,4.16066,4.97856,2.73182,2341.44,857.098,0.0,0.0,0.6236,0.228273,0.0,1,0.000461407,0.044494386,0.044086079757500035
KIBDEF_clean,4.31904,3.92279,4.31686,2.00589,798.722,398.188,0.0,0.0,0.4762,0.2374,0.0,1,0.003644637,0.318669259,0.3324260221887475
KIBDIJ_clean,4.30909,3.88512,4.30289,2.07432,740.264,356.871,0.0,0.0,0.4854,0.234004,0.0,0,0.00337483,0.312165994,0.3156188273949997
KICXEB_clean,5.19321,4.51034,5.19321,3.50049,366.788,104.782,3.53238,1.00911,0.3962,0.113184,0.0,1,0.00030072,0.031480747,0.029716789096250227
KIDDIM_clean,5.26498,3.54235,5.26498,1.46293,1254.88,857.787,0.054983,0.0375841,0.5414,0.370079,0.0,1,0.005935169,0.511947191,0.5278021738537477
KIDDOS_clean,5.1988,3.52628,5.1988,1.34479,1175.14,873.846,0.0,0.0,0.5262,0.391287,0.0,1,0.008437148,0.708856287,0.7117690939399999
KIDVIE_clean,6.06928,4.27938,6.0515,1.59401,1653.86,1037.55,0.0,0.0,0.5994,0.376033,0.0,1,0.001569946,0.153399013,0.15649990029125002
KIDXUR_clean,4.23852,2.6256,4.23852,1.40108,0.0,0.0,515.784,368.134,0.4964,0.354298,0.0,1,0.003244879,0.30395241,0.30390417311250045
KIFKAM_clean,4.32056,3.04859,4.3059,1.22885,0.0,0.0,513.614,417.963,0.4718,0.383936,0.0,1,0.007901958,0.658834966,0.6421936851012465
KIFKEQ_clean,5.10059,4.42412,5.07747,0.933293,1534.27,1643.94,0.0,0.0,0.5798,0.621241,0.0,1,0.008212051,0.73958686,0.7046530126687485
KIFWUT_clean,5.20547,3.53873,4.99626,1.38567,317.914,229.429,0.0,0.0,0.4078,0.294297,0.0,1,0.002225441,0.178562241,0.21339726289750025
KIFXOO_clean,4.97615,3.02702,4.85033,1.17931,0.0,0.0,637.701,540.742,0.4912,0.416515,0.0,1,0.003872812,0.346198482,0.34800848087124997
KIGCEK_clean,10.39364,10.27787,10.39364,0.990795,1293.94,1305.96,0.0,0.0,0.603,0.608602,0.0,1,0.001714422,0.173121241,0.17080645195250024
KIHTOL01_clean,3.32214,2.70973,3.3076,1.86683,0.0,0.0,0.110773,0.0593375,0.3658,0.195947,0.0,0,0.000135496,0.014802688,0.011014760542500073
KIHTOL_clean,3.42127,2.72486,3.41659,1.85521,0.0,0.0,5.86364,3.16063,0.37,0.199438,0.0,0,0.000331695,0.034176476,0.03328115457750005
KIJPUQ_clean,4.83597,4.0538,4.82906,1.04226,1795.93,1723.11,0.0,0.0,0.619,0.593902,0.0,1,0.004655558,0.452047197,0.43384448131000114
KIJRUS_clean,12.14192,7.10734,11.60914,0.697914,2309.15,3308.64,0.0,0.0,0.7064,1.01216,0.0,1,0.005437982,0.516045355,0.49645306066249867
KIKDAL_clean,6.22689,3.75929,6.04304,1.41993,422.344,297.441,0.0,0.0,0.4098,0.288607,0.0,0,0.001451067,0.140573312,0.1346944566037509
KIKDIT_clean,5.07008,3.27077,4.57242,1.13676,0.0,0.0,559.504,492.193,0.5196,0.45709,0.0,1,0.003380313,0.300123322,0.3198622484875004
KIKFIV_clean,6.97244,5.06027,6.95895,1.05179,1573.15,1495.68,0.0,0.0,0.5538,0.52653,0.0,1,0.00333857,0.307716357,0.3246761712087519
KILJEV_clean,3.8471,3.18487,3.8471,1.95946,0.0,0.0,152.458,77.8064,0.3714,0.189542,0.0,1,0.000331703,0.034322425,0.03337743223499995
KINDIW_clean,4.37637,3.36633,4.37637,1.59147,434.713,273.153,24.8126,15.591,0.4372,0.274715,0.0,0,0.004693285,0.4100643,0.40381222253500065
KINDOC_clean,6.25246,5.98089,6.23061,1.0194,1977.32,1939.7,0.0,0.0,0.6526,0.640183,0.0,1,0.004091185,0.387705584,0.40158541482624827
KINFAQ_clean,7.6173,5.59807,7.60335,1.3531,1646.54,1216.86,0.0,0.0,0.602,0.444903,0.0,1,0.003710555,0.362530284,0.3594106545850002
KINFEU_clean,7.75525,5.37339,7.72099,1.46024,1528.12,1046.49,0.0,0.0,0.5768,0.395004,0.0,1,0.004343759,0.394017306,0.42362172073125004
KINLAW_clean,3.28119,2.51891,3.25832,1.42585,0.0,0.0,0.0,0.0,0.3926,0.275344,0.0,0,2.34e-05,0.002344412,0.0028988227137500067
KINNIG_clean,5.23856,4.20025,5.23856,0.934994,2808.15,3003.39,0.0,0.0,0.672,0.718721,0.0,0,0.005597337,0.553388096,0.5220453118237495
KINPUU_clean,5.05147,4.16271,5.05147,1.13092,540.779,478.177,0.321066,0.283899,0.472,0.41736,0.0,1,0.00291814,0.258729087,0.27280610521125026
KINQAB_clean,5.083,4.08701,5.083,1.12522,554.857,493.112,3.99845,3.5535,0.4816,0.428007,0.0,1,0.002718687,0.252694316,0.24752395223500132
KINRIK_clean,9.88966,4.92572,9.88966,1.29557,1990.08,1536.07,0.0,0.0,0.6774,0.52286,0.0,1,0.000929996,0.093782657,0.0914553885999995
KINROQ_clean,9.89689,4.84005,9.89689,1.30206,1987.71,1526.59,0.0,0.0,0.6598,0.506735,0.0,1,0.000952778,0.094431841,0.09211861228624948
KIPJIE_clean,6.98996,5.50834,6.97989,1.65051,1046.06,633.782,0.0,0.0,0.4498,0.272521,0.0,0,0.001533746,0.151640939,0.1514852586700009
KIPJUQ_clean,7.29399,6.9774,7.2828,1.83817,548.504,298.397,9.18351,4.99601,0.453,0.246441,0.0,1,0.000550442,0.05706417,0.05884250567999967
KIPKAX_clean,7.3989,7.10265,7.38802,1.86184,543.943,292.153,8.42327,4.52417,0.4534,0.243523,0.0,1,0.00079051,0.078128591,0.07389286572875
KIPKEB_clean,7.31365,7.00422,7.30257,1.55565,545.263,350.505,9.24741,5.9444,0.4558,0.292997,0.0,1,0.00078986,0.07732397,0.07405794167875007
KIQKOK_clean,4.0118,2.90391,3.99777,2.14473,0.0,0.0,217.004,101.18,0.4132,0.192658,0.0,1,0.000888325,0.08627619,0.08588396294749932
KIRFIA_clean,5.7578,4.65199,5.7578,1.02515,3140.54,3063.5,0.0,0.0,0.6918,0.674829,0.0,0,0.002122485,0.209654603,0.20920891681625048
KIRKAZ_clean,3.20036,2.41012,3.20036,1.34284,0.0,0.0,0.0,0.0,0.3952,0.294301,0.0,0,9.04e-06,0.000675779,0.0008461467625000023
KIRTOW_clean,4.82875,2.55725,4.7934,1.70187,0.0,0.0,518.263,304.525,0.443,0.260301,0.0,1,0.006721013,0.517455573,0.5355598668650007
KIRTUC_clean,4.85053,4.15268,4.83508,1.33238,1171.73,879.427,0.0,0.0,0.5362,0.402437,0.0,0,0.016857918,1.309330339,1.1234481563687573
KISPOS_ion_b,7.37355,2.51949,7.36788,1.4321,0.0,0.0,581.793,406.252,0.451,0.314922,0.0,1,0.001039049,0.093093152,0.10407108881875
KITCAT_clean,5.17369,2.93741,5.17369,1.40432,0.0,0.0,1088.84,775.345,0.5802,0.413153,0.0,1,0.000433687,0.042474217,0.04144630875624995
KITVEQ_clean,6.53651,4.25527,6.53589,1.13006,897.316,794.041,0.0,0.0,0.4944,0.437498,0.0,0,0.003255652,0.308115145,0.3076084393925027
KIVDUQ_clean,6.26762,4.30044,6.26762,1.44826,1375.59,949.827,0.0,0.0,0.529,0.365266,0.0,1,0.00182644,0.174639986,0.17267644158000026
KIVFAY_clean,6.23242,4.28797,6.23242,1.46353,1355.07,925.895,0.0,0.0,0.5256,0.359132,0.0,1,0.001839682,0.171922201,0.17218452597000017
KIVFEC_clean,6.2609,4.2583,5.97896,1.47095,1347.56,916.116,0.0,0.0,0.5236,0.355961,0.0,1,0.00180063,0.170099497,0.17159672858750014
KIVVOC_clean,4.30313,2.8769,4.24716,1.27743,0.0,0.0,542.603,424.761,0.562,0.439946,0.0,1,0.007290311,0.580380641,0.6290953880087499
KIXKOS_ion_b,8.14141,2.84709,8.12807,1.42721,0.0,0.0,964.191,675.577,0.4674,0.327492,0.0,1,0.001589649,0.156616814,0.15032373129000043
KIXXOG01_clean,3.82331,2.6999,3.8166,1.18001,0.0,0.0,536.087,454.306,0.489,0.414402,0.0,1,0.007502397,0.663895773,0.6327719385374974
KIXXOG_clean,3.83742,2.67446,3.83742,1.17163,0.0,0.0,569.53,486.1,0.497,0.424195,0.0,1,0.008030908,0.670842619,0.6432727584487479
KIYBIF_clean,4.0985,3.15807,4.06139,1.35327,0.0,0.0,214.116,158.221,0.4506,0.33297,0.0,1,0.000946795,0.093490475,0.08944143677999954
KIYJAF_clean,4.42735,3.01997,4.40418,1.42645,0.0,0.0,169.046,118.508,0.388,0.272003,0.0,1,0.000955012,0.081613793,0.08896252770999974
KIYMAI01_clean,3.96338,2.94053,3.95389,1.3163,0.0,0.0,708.711,538.412,0.5024,0.381676,0.0,1,0.011106621,0.888301849,0.8348640815737528
KIYMAI_clean,3.94719,2.95812,3.9422,1.32079,0.0,0.0,688.618,521.369,0.5008,0.379167,0.0,1,0.011433834,0.870404512,0.8396356193450037
KIYMEM01_clean,4.08262,3.10639,4.06575,1.48391,0.0,0.0,715.022,481.85,0.5052,0.340452,0.0,1,0.011879857,0.873237296,0.8310725515325017
KIYMEM_clean,4.0581,3.10709,4.03438,1.48822,0.0,0.0,694.265,466.507,0.5046,0.339063,0.0,1,0.011904306,0.879700649,0.8313793557900017
KIYMIP_clean,4.02824,2.46103,4.02824,1.34717,0.0,0.0,129.376,96.0353,0.4668,0.346505,0.0,1,0.000624315,0.055431841,0.06270118474874989
KIYMIQ_clean,7.09051,6.95471,7.08404,1.0379,1177.89,1134.87,0.0,0.0,0.482,0.464398,0.0,1,0.005331385,0.490793768,0.4630492081374994
KIYQEQ_clean,5.83028,3.92148,5.83028,1.25472,1762.89,1405.01,0.0,0.0,0.5742,0.457633,0.0,1,0.006118626,0.572263224,0.5679280657487447
KIYQIU_clean,5.86454,4.0944,5.8642,1.28277,1638.51,1277.32,0.0,0.0,0.564,0.439672,0.0,1,0.006626252,0.623989862,0.6030720329674988
KIYQOA_clean,4.76031,3.94678,4.76031,1.3892,1043.7,751.292,0.0,0.0,0.5312,0.382377,0.0,1,0.007850881,0.667195313,0.6561505732899988
KIYTOD_clean,14.38752,6.75209,13.57035,0.794229,1901.95,2394.72,0.0,0.0,0.7144,0.899489,0.0,1,0.003372261,0.335891911,0.3370108580962504
KIYXUN_clean,17.29009,12.6482,17.27598,0.96734,1415.77,1463.57,0.0532371,0.0550346,0.6946,0.718052,0.0,1,0.001111441,0.111004481,0.10907670320124993
KOBFIR_clean,7.61968,5.81939,7.61968,0.929894,1834.94,1973.28,0.0,0.0,0.6418,0.690186,0.0,0,0.004301308,0.414190494,0.43193696710249974
KOBPIB_clean,4.11167,2.92426,4.09819,1.66152,0.0,0.0,272.998,164.306,0.4386,0.263975,0.0,1,0.002149828,0.188113703,0.1982158626012513
KOBPUN_clean,3.94132,2.74553,3.92764,1.76982,0.0,0.0,175.121,98.9482,0.4484,0.253359,0.0,1,0.001674622,0.147386515,0.15723106234000006
KOBRAV01_clean,6.38674,3.78902,6.38674,1.36238,822.472,603.704,0.0,0.0,0.4712,0.345866,0.0,1,0.002199015,0.211465387,0.21174048492250055
KOBRAV_clean,6.35889,3.80128,6.35889,1.36336,826.663,606.343,0.0,0.0,0.4722,0.34635,0.0,1,0.00226088,0.216221483,0.22067449534125033
KOCCUC_clean,9.17407,6.81795,9.17407,1.04186,1636.71,1570.96,6.29699,6.044,0.6142,0.589525,0.0,1,0.002723483,0.264811368,0.2679251545624992
KOCWEF_clean,8.13442,3.87575,8.10204,1.046,828.231,791.809,624.804,597.328,0.5872,0.561377,0.0,1,0.003473416,0.344008583,0.32498853371749964
KODSUT_clean,3.62473,2.79121,3.62136,1.2745,0.0,0.0,100.992,79.241,0.531,0.416636,0.0,1,0.000287776,0.030092228,0.02697644268499997
KOFPEB01_clean,7.3154,5.12362,7.3154,1.77872,899.08,505.464,0.0,0.0,0.461,0.259175,0.0,0,0.001935636,0.177395685,0.1839738787499999
KOFPEB02_clean,7.34058,5.07386,7.34058,1.77151,892.32,503.707,0.0,0.0,0.46,0.259666,0.0,0,0.001901328,0.17886761,0.17866909977999965
KOFPEB03_clean,7.32397,5.11399,7.32397,1.7716,886.883,500.612,0.0,0.0,0.461,0.260217,0.0,0,0.001876981,0.178572118,0.17095461964499972
KOFPEB04_clean,7.23942,4.91036,7.23942,1.7997,891.039,495.105,0.0,0.0,0.4576,0.254265,0.0,0,0.00203524,0.194004085,0.18712496919499988
KOFPEB_clean,7.31754,5.12695,7.31754,1.78125,881.099,494.651,0.0,0.0,0.4574,0.256786,0.0,0,0.001883621,0.180355029,0.1712680824174997
KOFVOS_clean,5.23992,4.30833,5.23699,1.25499,1442.74,1149.6,0.0,0.0,0.543,0.432672,0.0,1,0.005391197,0.483152203,0.47848512457624837
KOGJOG_clean,4.59413,3.10287,4.5748,2.00575,0.0,0.0,681.872,339.959,0.4802,0.239412,0.0,1,0.001980138,0.185998065,0.18877811967125
KOGYIP_clean,5.27845,4.86254,5.27845,1.3895,794.839,572.034,0.0,0.0,0.4714,0.33926,0.0,1,0.001483823,0.144419437,0.1486916823900004
KOHDIW_clean,6.97684,4.55031,6.84951,0.806536,2130.46,2641.49,0.0,0.0,0.6532,0.809883,0.0,1,0.003744879,0.373656333,0.3672361342950004
KOHKIC_clean,9.61717,7.1473,9.61717,0.879264,1566.05,1781.09,99.4285,113.081,0.6478,0.736752,0.0,1,0.003717856,0.357188466,0.3617902521425006
KOHKOI_clean,9.75224,7.03631,9.74499,0.882485,1556.94,1764.27,99.8155,113.107,0.639,0.724092,0.0,1,0.003666288,0.359963693,0.358923804515001
KOHLIE_clean,6.85522,4.84816,6.83832,0.971676,1685.5,1734.63,0.0,0.0,0.5992,0.616666,0.0,1,0.003341001,0.321644446,0.32928672021125105
KOJTOU_clean,6.48228,4.55814,6.48011,1.0623,1935.66,1822.14,0.0,0.0,0.6082,0.57253,0.0,1,0.003593055,0.354076881,0.3461795571762513
KOJZEP_manual,15.61444,13.71841,15.61444,0.514247,2543.27,4945.62,0.0,0.0,0.7936,1.54323,0.0,1,0.003761007,0.364264076,0.3704824031112493
KOJZIT_clean,16.19567,14.7503,16.19567,0.506406,2424.91,4788.47,0.0,0.0,0.7912,1.56238,0.0,1,0.004131357,0.412346033,0.4088024799099979
KOJZUF_clean,5.27662,4.93416,5.27372,1.16508,1131.52,971.191,0.0,0.0,0.5138,0.440998,0.0,1,0.003712683,0.352083677,0.34846722311625006
KOKDEU_clean,4.24386,2.61295,4.22346,1.55501,0.0,0.0,115.696,74.4025,0.4252,0.273439,0.0,1,0.000987709,0.091635833,0.09365229646499998
KOKKOL_clean,5.52004,3.68761,5.13882,1.35428,964.882,712.469,2.40449,1.77548,0.5008,0.369791,0.0,1,0.007025706,0.557152877,0.5891581532162496
KOKSIO_clean,4.16651,3.04137,4.16031,1.2445,0.0,0.0,560.413,450.313,0.5102,0.409965,0.0,1,0.003469251,0.3227928,0.3261538824212486
KOLTUC_clean,5.79654,2.40592,5.79654,2.01942,0.0,0.0,304.078,150.577,0.4498,0.222737,0.0,0,0.00235997,0.175032416,0.21826003488999965
KOLWEO_clean,4.80101,2.59235,4.79049,1.20113,0.0,0.0,622.783,518.5,0.4602,0.383141,0.0,0,0.009266755,0.677850482,0.7643540065137501
KOLYUH_clean,6.17756,3.26072,6.15317,0.999417,0.0,0.0,999.475,1000.06,0.5466,0.546919,0.0,1,0.00556476,0.5319511,0.48312834802874943
KOMCOG_clean,8.14869,7.69355,8.14119,0.987789,1275.19,1290.95,0.0,0.0,0.5856,0.592839,0.0,0,0.00321332,0.307330582,0.31136226894125196
KOMDAT_clean,8.28379,7.41139,8.23195,0.998413,1202.66,1204.57,0.0,0.0,0.5776,0.578518,0.0,0,0.002831319,0.257589662,0.2819139347199989
KOMFUO_clean,3.64964,2.52754,3.64964,1.36006,0.0,0.0,99.2495,72.9743,0.4898,0.360131,0.0,1,0.000187515,0.019069984,0.017418529561249955
KOMGEZ_clean,4.91912,2.50867,4.7142,1.40903,0.0,0.0,438.964,311.537,0.491,0.348467,0.0,0,0.009638759,0.762262637,0.7450210681812502
KOMGID_clean,4.92265,3.16718,4.92265,1.29294,0.0,0.0,858.12,663.695,0.5374,0.415641,0.0,1,0.003645196,0.34190829,0.3405644448962496
KOMGUP_clean,4.68805,3.52352,4.66923,1.59631,799.407,500.784,0.0,0.0,0.5144,0.322243,0.0,0,0.005299223,0.47145767,0.45465704396124834
KOMHAW_clean,4.30719,2.83423,4.30719,1.67254,0.0,0.0,377.967,225.983,0.4924,0.294402,0.0,1,0.004575491,0.384593955,0.40021642435000215
KOMJED_clean,5.84055,2.44234,5.84055,1.97108,0.0,0.0,314.606,159.611,0.4454,0.225967,0.0,0,0.002079062,0.160016145,0.19700367250375003
KOMJIH_clean,5.81301,2.41893,5.813,1.99486,0.0,0.0,304.575,152.68,0.4528,0.226983,0.0,0,0.00225801,0.169602449,0.21503609557750006
KOMJON_clean,5.80364,2.40624,5.80364,2.00612,0.0,0.0,300.999,150.04,0.4514,0.225011,0.0,0,0.002240694,0.167869998,0.21442981772625
KOMVIT_clean,5.90535,4.58324,5.82203,1.08467,916.631,845.08,0.0,0.0,0.4426,0.408051,0.0,1,0.001935567,0.187278777,0.1857578992875001
KONCIA_clean,4.36737,3.44948,4.36567,1.89084,688.357,364.048,0.0,0.0,0.4706,0.248884,0.0,0,0.003454751,0.322532543,0.32159122064374857
KONFEA_clean,4.38049,3.3323,4.38049,2.13644,498.626,233.391,0.0,0.0,0.406,0.190036,0.0,1,0.004125566,0.355889968,0.3762738021199996
KONFIE_clean,4.23932,3.28223,4.21233,2.20818,0.0,0.0,372.512,168.696,0.377,0.170729,0.0,1,0.003840688,0.315180488,0.33043388769999843
KONSAJ_clean,18.94329,3.74567,18.94329,1.10475,1183.2,1071.01,0.0,0.0,0.647,0.585652,0.0,1,0.001040799,0.103910203,0.1044047917862502
KONYOB_clean,4.69642,3.80022,4.68366,1.36629,635.393,465.049,0.0,0.0,0.4666,0.341508,0.0,1,0.001095178,0.110434688,0.10673581222875045
KOPXOE_clean,4.05075,3.0061,3.40988,1.30924,0.0,0.0,84.8013,64.7712,0.432,0.329961,0.0,1,0.000412308,0.041764048,0.04128548448750016
KOQLUZ_clean,5.1448,3.57576,5.11859,3.8283,1063.95,277.916,0.0,0.0,0.4726,0.123449,5.22e-05,1,0.000483888,0.045703949,0.048892609441249874
KORMOV_clean,4.2954,2.55888,4.28192,1.70306,0.0,0.0,225.136,132.195,0.369,0.216669,0.0,1,0.003449033,0.276789209,0.3182602171524977
KORNAI_clean,6.27152,3.95758,6.27152,1.38102,999.488,723.73,0.0,0.0,0.4722,0.34192,0.0,1,0.002316786,0.228778202,0.2212573514237505
KOSJAF_clean,10.99192,9.84925,10.99026,1.18883,1563.88,1315.47,0.0,0.0,0.6324,0.53195,0.0,1,0.002475352,0.235258207,0.23618015995499964
KOSJEJ_clean,11.06598,9.80954,11.06598,1.1867,1573.29,1325.77,0.0,0.0,0.637,0.536783,0.0,1,0.002359599,0.242454537,0.2228539157474999
KOSJIN_clean,11.01144,9.80964,11.01144,1.18637,1561.55,1316.25,0.0,0.0,0.6378,0.537607,0.0,1,0.002391654,0.235603687,0.22651254375375054
KOSJOT_clean,11.15761,9.87899,11.15761,1.18127,1568.08,1327.45,0.0,0.0,0.6374,0.539589,0.0,1,0.002420147,0.237626709,0.2286556477150004
KOSJUZ_clean,11.10045,9.86004,11.10045,1.1813,1571.58,1330.38,0.0,0.0,0.6394,0.541269,0.0,1,0.002382749,0.239726307,0.22396966413875002
KOSKAG_clean,11.20025,9.92421,11.20025,1.17831,1553.45,1318.38,0.0,0.0,0.64,0.543152,0.0,1,0.002466448,0.239281099,0.2317055986399999
KOSKEK_clean,11.20845,9.89743,11.20845,1.17889,1581.37,1341.4,0.0,0.0,0.6412,0.543901,0.0,1,0.002466448,0.238602604,0.23168691425374996
KOSKIO01_clean,11.01399,9.78872,11.01003,1.18277,1548.2,1308.96,0.0,0.0,0.6322,0.534508,0.0,1,0.002293708,0.222384593,0.2225278140787498
KOSKIO_clean,11.01742,9.84741,11.01742,1.18828,1532.31,1289.52,0.0,0.0,0.6324,0.5322,0.0,1,0.002486037,0.235101494,0.23684295547124964
KOSKUA_clean,11.38797,10.70957,11.38797,1.17105,1531.31,1307.64,0.0,0.0,0.6356,0.542761,0.0,1,0.002407681,0.246019757,0.22818909239500013
KOSLAH_clean,11.4975,10.81891,11.4975,1.16812,1568.04,1342.37,0.0,0.0,0.638,0.546177,0.0,1,0.00238453,0.236173553,0.22388074476499994
KOSLEL_clean,10.95857,9.85075,10.95857,1.20305,1607.72,1336.37,0.0,0.0,0.652,0.541956,0.0,1,0.002427441,0.240824966,0.23056671915500027
KOSLIP_clean,11.047,9.74411,11.047,1.19777,1578.73,1318.05,0.0,0.0,0.6514,0.543843,0.0,1,0.002402471,0.238911194,0.22842683394375046
KOSLOV_clean,11.06557,9.9584,11.06504,1.19415,1597.55,1337.81,0.0,0.0,0.6546,0.54817,0.0,1,0.002534455,0.247425964,0.2575593221074994
KOSLUB_clean,10.96072,9.79504,10.96072,1.20031,1612.87,1343.71,0.0,0.0,0.6478,0.539695,0.0,1,0.002404255,0.240387991,0.22843952643750054
KOSMAI_clean,11.0184,9.87166,11.0184,1.18797,1537.56,1294.27,0.0,0.0,0.6322,0.532166,0.0,1,0.002373845,0.23275258,0.22395103578125006
KOTSIX_clean,5.60667,4.32453,5.60667,1.2413,1001.47,806.796,0.0,0.0,0.493,0.397165,0.0,1,0.001796022,0.168577847,0.17075862416000018
KOVJAI01_clean,4.82969,3.81832,4.82273,1.56913,1845.61,1176.2,0.0,0.0,0.5908,0.376513,0.0,1,0.002944665,0.281044114,0.27692419814250024
KOXFUA_clean,4.69443,3.97759,4.69443,1.13804,1028.96,904.147,0.0,0.0,0.5206,0.457451,0.0,0,0.003647355,0.343196099,0.3471185725287492
KOXGAH_clean,5.583,3.66466,5.55273,1.2752,1155.67,906.265,0.0,0.0,0.5562,0.436166,0.0,1,0.003811858,0.338479189,0.35423605990000034
KOXGIP_clean,6.17141,3.90334,6.16279,1.0195,1425.23,1397.97,0.0,0.0,0.5534,0.542815,0.0,0,0.003077403,0.297682942,0.29189558397625076
KOZNIY_clean,6.57194,5.24744,6.52017,1.04618,2076.22,1984.58,0.0,0.0,0.6344,0.606399,0.0,1,0.003169373,0.297770462,0.3037621099550017
KOZQEX_clean,22.4236,6.86083,22.4236,0.430914,1919.0,4453.33,0.0,0.0,0.8428,1.95584,0.0,1,0.003274511,0.324480691,0.32423037076750094
KOZSID_clean,5.70928,3.86868,5.70928,1.21403,346.494,285.408,0.0,0.0,0.432,0.35584,0.0,0,0.000399832,0.0417844,0.03842155187874983
KPACCE10_clean,3.44973,2.6299,3.42939,1.69789,0.0,0.0,5.71037,3.36321,0.3312,0.195065,0.0,1,4.21e-05,0.004436505,0.0042389980025000175
KUCDES_clean,14.56646,4.11545,14.56646,0.750237,763.373,1017.51,570.594,760.551,0.617,0.822407,0.0,0,0.002919776,0.273444328,0.2822045066474995
KUCDIW_clean,15.32957,4.28733,15.14716,0.82417,1410.27,1711.14,0.0,0.0,0.6424,0.779451,0.0,0,0.002451073,0.228660964,0.23092274629624915
KUCDOD_clean,4.90891,3.62196,4.90891,1.35907,1386.6,1020.26,0.0,0.0,0.5556,0.40881,0.0,1,0.004954509,0.455384029,0.4445479654362508
KUDLUR_clean,7.15013,5.00794,7.15013,1.94765,848.423,435.613,0.0,0.0,0.4292,0.220368,0.0,0,0.001890024,0.177917164,0.17288500167499962
KUDMAY_clean,7.16272,5.01285,7.16272,1.93261,861.664,445.855,0.0,0.0,0.439,0.227154,0.0,0,0.001924051,0.178790915,0.17915299902249968
KUDWAJ_clean,7.33926,6.28305,7.32227,0.91185,1922.64,2108.5,0.0,0.0,0.6474,0.709985,0.0,1,0.003099356,0.297898116,0.30140902511750095
KUDYUE_clean,4.19276,2.45528,4.19194,1.83138,0.0,0.0,515.042,281.231,0.5498,0.30021,0.0,0,0.006837012,0.627457771,0.5525703848137509
KUFBEU_clean,5.14306,4.53772,5.14306,2.05503,811.697,394.98,0.0,0.0,0.4976,0.242137,0.0,1,0.001238001,0.111763561,0.12312964313250044
KUFTAI_clean,6.13135,4.37055,6.10622,0.966131,1917.87,1985.1,0.0,0.0,0.596,0.616894,0.0,1,0.006455188,0.606114196,0.5849674889087477
KUFVAK_clean,6.38663,4.81205,6.34996,0.850503,2611.85,3070.95,0.0,0.0,0.6758,0.794589,0.0,1,0.004471547,0.433849919,0.43655163428874866
KUFVEO_clean,4.96195,3.39873,4.94972,1.1582,1396.85,1206.05,0.0,0.0,0.5244,0.452772,0.0,1,0.006985775,0.614802162,0.603499936799999
KUFVIS_clean,5.06056,3.06967,5.03691,1.19799,0.0,0.0,1123.03,937.421,0.5062,0.42254,0.0,1,0.005789512,0.504372611,0.5079344536899997
KUGCOF_clean,4.38737,3.36364,4.3863,2.84923,690.124,242.214,0.0,0.0,0.4418,0.155059,0.0,1,0.004984528,0.411495501,0.41333544595
KUGQIN_clean,3.46967,2.51861,3.46442,1.89987,0.0,0.0,17.9945,9.4714,0.414,0.217909,0.0,1,9.61e-05,0.010741939,0.010447707142500078
KUGZIW_clean,10.78109,9.76034,10.78096,0.954298,1397.44,1464.37,0.0,0.0,0.6244,0.654303,0.0,1,0.003092913,0.30082918,0.2981056042037509
KUHNEI_clean,4.79446,3.77144,4.77823,1.53468,1318.31,859.009,0.0,0.0,0.5006,0.326191,0.0,1,0.006827727,0.594884126,0.5786337653274988
KUHNIM_clean,3.71339,2.52792,3.69441,1.78395,0.0,0.0,74.3518,41.6782,0.465,0.260657,0.0,1,0.000165095,0.016255196,0.017525843518749952
KUHVOZ01_clean,6.83757,2.55142,6.83757,1.51806,0.0,0.0,1204.47,793.426,0.583,0.384042,0.0,1,0.002929679,0.273079379,0.27645828440124953
KUHVOZ_clean,6.78369,2.54027,6.78344,1.5092,0.0,0.0,1191.7,789.625,0.585,0.387623,0.0,1,0.002905312,0.266032654,0.27664002901749946
KUJFUS_clean,4.92573,2.7522,4.92165,1.01198,0.0,0.0,882.944,872.49,0.5382,0.531828,0.0,0,0.002054946,0.211730033,0.19862788084750035
KUJMEJ_clean,4.61683,4.05372,4.60817,1.34015,2066.31,1541.85,0.0,0.0,0.6314,0.47114,0.0,1,0.004217669,0.411804884,0.39213190822000116
KUJMIN_clean,6.57892,5.89807,6.49701,1.10785,2422.79,2186.93,0.0,0.0,0.699,0.630954,0.0,1,0.00362423,0.342944479,0.3530335263850016
KUJNEJ_clean,12.51834,7.61249,12.51295,0.637007,2148.52,3372.84,0.0,0.0,0.739,1.16011,0.0,0,0.003589169,0.354921542,0.3533187642700015
KUJNOT_clean,8.23736,6.10049,8.23736,1.05875,1568.61,1481.57,0.0,0.0,0.6114,0.577473,0.0,1,0.003822705,0.3688378,0.36658642848250045
KUJNUZ_clean,8.0106,6.50203,7.98579,1.08206,1519.03,1403.83,0.0,0.0,0.6028,0.557085,0.0,1,0.00393651,0.372993331,0.37529307171750015
KUJPAH_clean,10.82391,6.6625,10.80154,0.808261,1985.69,2456.74,0.0,0.0,0.6988,0.864572,0.0,1,0.003662671,0.33290973,0.3618583937237511
KUJTUG_clean,6.64483,3.87362,6.64483,1.33823,656.021,490.215,0.0,0.0,0.462,0.345232,0.0,0,0.003978195,0.328650891,0.35256785030749876
KUKHAB_clean,5.58283,2.96304,5.58283,1.19026,0.0,0.0,687.325,577.458,0.4882,0.410163,0.0,1,0.004070888,0.360048811,0.37953749253875074
KUKMUA_clean,7.32298,5.66775,7.31573,1.18063,2218.14,1878.78,0.0,0.0,0.6574,0.556822,0.0,1,0.003756965,0.360470404,0.36898325908999874
KUKPOX_clean,5.10165,4.15013,5.10165,1.44975,1410.84,973.163,0.0,0.0,0.5516,0.38048,0.0,1,0.003849005,0.358353229,0.3575226920875001
KUKZOH_clean,7.44729,5.70388,7.44729,0.883784,2165.19,2449.91,57.8203,65.4236,0.6614,0.748373,0.0,1,0.005369418,0.47412843,0.4902409454975011
KULLAG_clean,8.67819,7.37101,8.67819,0.808147,1895.46,2345.44,0.0,0.0,0.644,0.796885,0.0,1,0.003021783,0.284470072,0.2975344781812501
KULLEK_clean,9.57077,7.08727,9.56435,0.806267,1675.18,2077.7,0.0,0.0,0.6472,0.802712,0.0,1,0.002154795,0.216238289,0.21088657862250015
KULMEK_clean,13.21045,7.45311,13.20856,0.659951,2268.86,3437.92,0.0,0.0,0.7544,1.14311,0.0,0,0.002792782,0.276510731,0.2829243711312504
KULMIP_clean,3.31897,2.75107,3.31628,2.07709,0.0,0.0,0.0,0.0,0.408,0.196428,0.0,1,0.000260492,0.025253246,0.025889307842499848
KULRIT_clean,5.77631,3.79148,5.77631,1.4748,1923.58,1304.31,0.0,0.0,0.5954,0.403717,0.000135612,1,0.003705961,0.367155759,0.3579831624000001
KULZEY_clean,5.33789,3.67614,4.8281,1.21787,366.738,301.132,43.558,35.7659,0.4728,0.38822,0.0,1,0.003123726,0.260795767,0.29062725363125064
KUMBOL_clean,4.47768,2.59849,4.47768,1.68551,0.0,0.0,259.12,153.734,0.3906,0.23174,0.0,0,0.007371638,0.4029041,0.5551842732562475
KUMBUR_clean,4.48795,2.5884,4.48059,1.68967,0.0,0.0,254.383,150.552,0.3854,0.228092,0.0,0,0.007050784,0.398922185,0.5328261108487484
KUMGIK_clean,4.46757,3.79797,4.46575,1.34004,1684.26,1256.87,0.0,0.0,0.5592,0.417301,0.0,0,0.007687575,0.693590711,0.666240094779999
KUMGOQ_clean,5.8077,3.86323,5.63808,1.72243,1551.26,900.621,0.0,0.0,0.5892,0.342074,0.0,1,0.001076281,0.11115646,0.10425746588250039
KUMJIN_clean,4.49028,2.59719,4.40464,1.66957,0.0,0.0,254.23,152.272,0.386,0.231197,0.0,0,0.007065204,0.389484365,0.5332657103262483
KUNLEL_clean,4.42814,3.33271,4.3665,1.44273,471.865,327.064,0.0,0.0,0.4994,0.346149,0.0,1,0.002975869,0.255967609,0.2760983148237499
KUNMUD_clean,4.95062,4.13329,4.94762,1.10605,938.168,848.212,43.6274,39.4442,0.5178,0.468151,0.0,0,0.006302172,0.574041677,0.5541940489574986
KUNRAO_clean,5.17272,3.17773,5.17272,1.2255,0.0,0.0,1092.63,891.578,0.57,0.465115,0.0,1,0.010440344,0.834450925,0.8406650666187521
KUNSUJ_clean,17.88791,6.52688,17.88791,0.635531,1938.63,3050.41,0.0,0.0,0.7634,1.2012,0.0,1,0.004298563,0.40526032,0.427654737894998
KUNWEW_clean,5.28786,3.80654,5.2803,1.47108,725.981,493.502,0.0,0.0,0.4468,0.303722,0.0,1,0.002136682,0.193548893,0.20167407690500036
KUQWIE_clean,4.08788,3.51453,4.08434,2.15741,347.669,161.151,0.0,0.0,0.4,0.185408,0.0,1,0.002738427,0.223303248,0.2432438851137502
KUQXIE_clean,4.66467,3.81788,4.64797,2.25323,873.463,387.649,0.0,0.0,0.4358,0.193411,0.0,1,0.00306199,0.274397218,0.2849189866600004
KUSZED_clean,6.91176,5.48765,6.90468,1.05966,2714.41,2561.59,0.0,0.0,0.7606,0.717779,0.0,1,0.001131748,0.110389343,0.10878458225999994
KUTDAG_clean,8.09572,7.27616,7.85826,1.05444,1387.54,1315.9,115.306,109.353,0.5816,0.551571,0.0,1,0.004051491,0.380099621,0.3965914132137498
KUTHOY_clean,4.49501,3.222,4.48771,1.83269,0.0,0.0,656.861,358.413,0.4182,0.228189,0.0,1,0.00591332,0.460913573,0.4838653822275007
KUTRIC_clean,5.38558,2.57788,5.38558,1.34985,0.0,0.0,774.152,573.51,0.5166,0.382709,0.0,1,0.003573867,0.319832085,0.32418111851249753
KUTRUO_clean,6.83473,3.59668,6.83473,1.18846,813.826,684.776,8.77654,7.38483,0.5106,0.429633,0.0,0,0.002049775,0.196111792,0.19213612758874996
KUVJIW_clean,5.68037,4.76623,5.68037,2.51192,1254.16,499.284,0.0,0.0,0.5368,0.213701,0.0,1,0.002181494,0.199107243,0.2078593993937505
KUVMIZ_clean,15.75075,11.00764,15.73688,0.361001,1774.59,4915.74,0.0,0.0,0.8214,2.27534,0.0,1,0.002796489,0.292662911,0.2817664974924992
KUVMUL_clean,6.75392,4.07419,6.69615,0.89776,1801.49,2006.65,0.0,0.0,0.591,0.658305,0.0,1,0.002898082,0.29368547,0.28416349041249994
KUVYAD_clean,7.7679,4.64075,7.76059,0.97417,2004.06,2057.19,0.0,0.0,0.6464,0.663539,0.0,1,0.003299945,0.336839767,0.3276032244712509
KUXLUL_clean,5.74302,5.27685,5.74302,1.21834,2265.85,1859.79,0.0,0.0,0.629,0.516277,0.0,1,0.004448881,0.419701036,0.43079323026500016
KUXREC_clean,9.08968,8.2956,9.08968,0.720728,2297.66,3187.98,0.0,0.0,0.7352,1.02008,0.0,1,0.003680384,0.337837049,0.3603800156700013
KUXVIJ_clean,4.0859,2.79794,4.06826,1.96099,0.0,0.0,203.003,103.521,0.4398,0.224274,0.0,1,0.000555059,0.057587694,0.059174945759999646
KUYLOH_clean,4.21519,2.71358,4.21519,1.58742,0.0,0.0,215.704,135.884,0.4418,0.278314,0.0,1,0.00456729,0.373039564,0.3974967850750023
KUYPIF_clean,5.29478,4.2566,5.29396,1.44591,1143.68,790.98,0.0,0.0,0.5108,0.353273,0.0,1,0.014440768,1.025592359,0.9975123767337528
KUZPEC_clean,5.17179,3.98335,5.17179,1.18882,918.246,772.405,0.0,0.0,0.4884,0.410829,0.0,0,0.003765667,0.344143075,0.34752203941124854
KUZZAI_clean,6.29773,3.71971,6.29294,1.09675,1370.58,1249.67,0.0,0.0,0.5312,0.48434,0.0,1,0.005424022,0.498623883,0.4887329946362481
la304204k_si_003_clean,7.26398,5.93484,7.26398,0.928582,1704.47,1835.57,0.0,0.0,0.6226,0.670485,0.0,1,0.004285292,0.404188542,0.42190853776124976
la4012839_si_002_auto,13.36908,6.74856,13.36908,0.867921,2110.92,2432.16,0.0,0.0,0.7182,0.827495,0.0,1,0.005234271,0.45843513,0.4617889234749986
LABGAY_clean,4.46512,3.23821,4.458,1.46407,0.0,0.0,379.195,259.001,0.4312,0.294522,0.0,1,0.004155355,0.328322089,0.38163737941375253
LABJUV_clean,5.11712,3.55603,5.11324,2.35598,595.818,252.896,0.0,0.0,0.4426,0.187862,0.0,1,0.000695118,0.065303749,0.06785376554500026
LABKIL_clean,4.11202,2.70664,4.10571,1.72145,0.0,0.0,71.4111,41.483,0.39,0.226553,0.0,0,0.002578883,0.199802606,0.2391145976612502
LABNAG_clean,10.27364,5.56329,10.24469,1.27911,1762.02,1377.54,0.0,0.0,0.6464,0.505353,0.0,0,0.001675033,0.164635186,0.1667977713712503
LABNIO_clean,10.05627,4.99033,10.05627,1.27605,1802.46,1412.53,0.0,0.0,0.6588,0.51628,0.0,0,0.001870287,0.183171617,0.18108915237124926
LABPOV_clean,5.38943,3.83465,5.38943,1.71242,444.245,259.426,0.0,0.0,0.4352,0.254144,0.0,1,0.000568708,0.052744,0.06118676605124997
LABPUB_clean,5.35903,3.85156,5.35903,1.74047,449.583,258.311,0.0,0.0,0.4336,0.249128,0.0,1,0.000514163,0.051585442,0.052857385079999625
LABQAI_clean,5.3891,3.9099,5.3891,1.74433,460.911,264.234,0.0,0.0,0.4348,0.249265,0.0,1,0.000494429,0.051564249,0.050044429482499805
LABRUE_clean,7.57658,5.24596,7.57658,1.02746,1360.51,1324.14,0.363733,0.354011,0.5524,0.537636,0.0,1,0.003852849,0.363113451,0.3652106411662507
LACBID_clean,10.30601,6.64118,10.28692,0.805914,2114.88,2624.2,0.0,0.0,0.7002,0.868827,0.0,1,0.002763887,0.280679094,0.2714937860175011
LACGAZ_clean,4.56845,2.51115,4.55012,1.18182,0.0,0.0,494.316,418.266,0.487,0.412076,0.0,1,0.006631292,0.559696492,0.5687515444325001
LACJAC_clean,4.56325,3.36486,4.5467,1.59158,616.143,387.126,0.0,0.0,0.461,0.289649,0.0,1,0.005122591,0.410812486,0.4537937834749987
LACNUB_clean,10.94579,5.16973,10.93074,0.864094,1771.17,2049.74,0.852229,0.986269,0.6286,0.727467,0.0,1,0.004617564,0.430067479,0.4300137132262507
LACQIS_clean,6.42465,5.40382,6.41795,0.966783,2295.27,2374.13,0.0,0.0,0.6476,0.669851,0.0,1,0.003381902,0.337955547,0.33242143078500086
LACZEX_clean,9.30565,6.85906,9.27959,0.706361,2166.56,3067.21,0.0,0.0,0.6788,0.960982,0.0,1,0.003961173,0.369179033,0.38290551017874885
LADHEF_clean,6.83841,4.27158,6.82898,1.16057,1697.89,1462.98,0.0,0.0,0.622,0.535943,0.0,1,0.003875432,0.371353509,0.37227974250500145
LADHIJ_clean,6.31369,5.23329,6.31062,1.05952,1841.47,1738.01,0.0,0.0,0.633,0.597438,0.0,1,0.0048855,0.476202265,0.44596224511874993
LADKEJ_clean,5.28453,4.80173,5.27514,1.43501,1453.93,1013.18,0.0,0.0,0.553,0.385362,0.0,0,0.004351669,0.389539543,0.41793083894875094
LADQEP_clean,6.40577,5.56715,6.25288,1.14819,702.645,611.957,670.065,583.581,0.5642,0.49138,0.0,1,0.004171199,0.388330333,0.3919523493562501
LADQIT_clean,6.45056,5.56339,6.34518,1.15416,710.115,615.268,669.203,579.82,0.57,0.493867,0.0,1,0.004044057,0.379196476,0.3903319866224997
LADQOZ_clean,6.39416,5.57332,6.29797,1.14467,684.064,597.606,672.069,587.128,0.5646,0.493241,0.0,1,0.00419626,0.38672508,0.3944492329537511
LADQUF_clean,6.36601,5.5234,6.1979,1.16657,696.584,597.122,678.849,581.92,0.5602,0.480212,0.0,1,0.004300883,0.383134574,0.41856228190625133
LADWAR_clean,4.69523,3.00887,4.68206,1.73156,0.0,0.0,542.302,313.187,0.4102,0.236896,0.0,1,0.001254844,0.124367671,0.11760246300624976
LAFFEG02_clean,5.85231,3.84033,5.85188,1.01925,1457.17,1429.65,0.0,0.0,0.5954,0.584153,0.0,1,0.004898738,0.445733043,0.44669948103375196
LAFFEG_clean,5.85396,3.83342,5.85396,1.02444,1451.46,1416.84,0.0,0.0,0.5924,0.578269,0.0,1,0.004909793,0.450096426,0.44723644092750187
LAFQOA_clean,12.74838,4.90662,12.74647,0.732143,1873.63,2559.11,0.0,0.0,0.6698,0.914849,0.0,0,0.005907995,0.557020926,0.5494240019237473
LAFQUG_clean,12.86913,4.98724,12.65799,0.728838,1735.49,2381.17,147.1,201.828,0.6744,0.925308,0.0,0,0.006066481,0.563400857,0.5654312349374975
LAFRAN01_clean,12.94102,4.77109,12.91248,0.722993,1886.42,2609.17,0.0,0.0,0.6828,0.944407,0.0,0,0.00569448,0.530871224,0.5213843271749988
LAFRAN_manual,12.74626,5.01226,12.74368,0.72706,1886.16,2594.23,0.0,0.0,0.6866,0.944351,0.0,0,0.00584284,0.564504974,0.5396831916462476
LAFRER_manual,13.05445,5.12975,13.05445,0.705732,1930.45,2735.39,0.0,0.0,0.696,0.986211,0.0,0,0.005707247,0.526820593,0.523205643656249
LAFRIV_manual,12.37219,5.304,12.36122,0.722154,1902.53,2634.52,0.0,0.0,0.6808,0.942735,0.0,0,0.006156289,0.573341433,0.5660736138862473
LAFROB_manual,12.50276,5.7361,12.50276,0.712849,1639.29,2299.63,251.853,353.304,0.6904,0.968508,0.0,0,0.006196791,0.566399759,0.559452184169999
LAGBUS_clean,7.74875,6.13477,7.74875,1.18661,1504.44,1267.85,0.0,0.0,0.5684,0.479013,0.0,1,0.002485933,0.240880093,0.23368934751124967
LAGDII_ion_b,7.42765,5.89687,7.42765,1.85675,752.998,405.546,104.015,56.0201,0.501,0.269826,0.0,1,0.001483773,0.134037989,0.1476879570212503
LAGHIL_clean,4.99697,4.10291,4.99697,1.2735,911.527,715.766,0.0,0.0,0.5088,0.399529,0.0,1,0.009626339,0.741659658,0.7949736229562508
LAGMUD_clean,4.81496,3.82583,4.65063,1.13347,1702.63,1502.14,0.0,0.0,0.5906,0.521054,0.0,1,0.006374953,0.588452106,0.5739197099224956
LAGNAK_clean,5.49382,4.32281,5.47087,1.02346,1865.76,1823.0,0.0,0.0,0.633,0.618491,0.0,1,0.004424057,0.426403396,0.42595855410250055
LAGNEO_clean,5.27906,4.62985,5.27848,1.04928,1875.68,1787.59,0.0,0.0,0.62,0.590882,0.0,1,0.004878621,0.481673714,0.4439620066525005
LAGNIS_clean,5.10607,4.02699,5.08197,1.11842,1698.05,1518.26,0.0,0.0,0.5914,0.528783,0.0,1,0.004922144,0.472330968,0.4481580666087509
LAGNOY_clean,7.14061,4.94756,7.14061,1.20532,1458.34,1209.92,0.0,0.0,0.5588,0.463613,0.0,1,0.005701397,0.546498863,0.51097982518375
LAGNUE_clean,5.28866,4.84747,5.2531,1.29946,1308.25,1006.77,0.0,0.0,0.533,0.410171,0.0,1,0.006779087,0.599678738,0.5934272759624984
LAGPAM_clean,5.52911,4.43587,5.49964,1.29684,1347.35,1038.95,0.0,0.0,0.5314,0.409766,0.0,1,0.005338712,0.492416077,0.4620481722037486
LAGQER_clean,4.88781,3.95017,4.78327,1.29203,1761.41,1363.29,0.0,0.0,0.6026,0.466399,0.0,1,0.004326787,0.419952856,0.41886803094625114
LAGQOB_clean,4.89671,3.9272,4.87864,1.32887,1753.02,1319.17,0.0,0.0,0.599,0.450758,0.0,1,0.004519175,0.422321381,0.42966956129000083
LAGRES_clean,4.0512,2.45744,4.0512,1.67891,0.0,0.0,490.355,292.068,0.489,0.291261,0.0,1,0.002895815,0.268805156,0.27284674657124985
LAGRIW_clean,4.07301,2.55369,4.07301,1.71115,0.0,0.0,485.116,283.502,0.4892,0.285889,0.0,1,0.003657669,0.32505542,0.3343264830024974
LAGTIY_clean,8.49333,5.93464,8.49333,1.13024,2517.32,2227.25,0.0,0.0,0.7308,0.646591,0.0,1,0.001980132,0.190138786,0.1967753994712506
LAGVOG_clean,7.38705,6.71212,7.38296,0.935187,2320.11,2480.9,0.0,0.0,0.6728,0.719428,0.0,1,0.00287101,0.290324995,0.2889783171125013
LAGWUN_clean,7.27418,6.60927,7.27418,1.47237,1426.73,969.005,0.0,0.0,0.5734,0.38944,0.0,1,0.002756225,0.267861491,0.2566224937699993
LAHTUM_clean,7.00326,4.86289,7.00219,1.1818,1642.93,1390.19,0.0,0.0,0.5612,0.474868,0.0,1,0.004704878,0.448428888,0.4386454138175004
LAHVAU_clean,7.77112,5.22128,7.77112,1.02459,1747.86,1705.92,54.8522,53.5358,0.6324,0.617222,0.0,1,0.004572009,0.424326812,0.43674865139999997
LAHYOL_clean,4.91604,3.64149,4.71388,1.41984,853.074,600.823,0.0,0.0,0.4516,0.318063,0.0,1,0.007420622,0.59719243,0.6258609430924984
LAJJAK_clean,5.2622,3.52522,5.24789,1.1695,1542.33,1318.79,0.0,0.0,0.5992,0.512354,0.0,0,0.005604885,0.527703353,0.5147458390362472
LAJTIC_clean,3.75555,3.44484,3.75041,1.857,465.817,250.843,0.0,0.0,0.5076,0.273344,0.0,1,0.00020184,0.019975767,0.02058282669499997
LAKFIN_clean,8.38907,7.72449,8.38907,1.20127,2069.83,1723.03,0.0,0.0,0.6742,0.561239,0.0,0,0.00255494,0.246513851,0.25556217383374935
LALFEL_clean,6.13469,4.34629,6.1328,1.17934,2824.52,2395.0,0.0,0.0,0.6914,0.58626,0.0,1,0.002124814,0.206128431,0.20979909780750072
LALFUB_clean,4.98066,4.11701,4.97309,1.72073,1391.23,808.509,0.0,0.0,0.5092,0.29592,0.0,0,0.002708491,0.256723401,0.2515981239899995
LALPIZ_clean,4.79448,3.30829,4.79412,1.45261,0.0,0.0,490.589,337.73,0.4296,0.295744,0.0,1,0.001421463,0.13878285,0.1313725396125004
LALPOF_clean,4.90625,3.37464,4.90625,1.54127,556.066,360.783,0.0,0.0,0.4324,0.280547,0.0,1,0.001395467,0.128514152,0.13196502157750012
LAMFEK_clean,4.48925,3.88031,4.48925,1.58556,679.109,428.309,0.0,0.0,0.4966,0.313202,0.0,1,0.00082834,0.078900306,0.08245203189374989
LAMFOU_clean,4.69194,4.00507,4.69151,1.56242,721.999,462.102,0.0,0.0,0.5042,0.322704,0.0,1,0.000800319,0.081463245,0.07740658208375066
LAMHAI_clean,5.00396,3.88434,5.00066,1.56799,698.006,445.161,0.0,0.0,0.506,0.322707,0.0,1,0.00082335,0.077505409,0.0815710680525
LANCOU_clean,3.28583,2.47262,3.08344,2.17094,0.0,0.0,0.0,0.0,0.3858,0.177711,0.0,1,0.000132507,0.012787812,0.010786225236250056
LAPLEW01_clean,5.51479,4.08174,5.5069,1.06599,2203.59,2067.17,0.0,0.0,0.6184,0.580117,0.0,0,0.014024757,1.107935774,1.1079016277799985
LAPZIO_clean,15.30437,8.24294,15.30437,0.552463,2030.06,3674.57,0.0,0.0,0.7882,1.4267,0.0,1,0.006745201,0.596098163,0.5967474865699995
LAQNID_clean,13.51443,6.53331,13.51443,0.653619,2236.32,3421.44,0.0,0.0,0.7516,1.1499,0.0,1,0.005392121,0.479911427,0.49013872844874906
LAQZOV_clean,6.50752,5.08332,6.49522,1.09349,2330.32,2131.09,0.0,0.0,0.645,0.589856,0.0,1,0.003271384,0.323407264,0.32034859851875147
LARNEA_clean,4.57019,3.30547,4.02594,1.70236,0.0,0.0,854.913,502.194,0.4874,0.286309,0.0,1,0.004585235,0.392776519,0.4022267307337519
LARNIE_clean,4.62596,4.14329,4.62016,1.44887,799.885,552.077,0.0,0.0,0.4668,0.322183,0.0,0,0.004614082,0.427041691,0.4247649448762508
LARPEC_clean,7.01725,4.86799,6.99499,1.23133,2027.11,1646.27,0.0,0.0,0.6304,0.511965,0.0,1,0.004549855,0.428272928,0.4384897054787502
LARVIM_clean,10.82294,9.52295,10.82294,1.0693,1503.49,1406.04,81.7206,76.4241,0.6418,0.600203,0.0,1,0.002537659,0.253057195,0.2572797866224994
LARXUA_clean,21.8367,11.13953,21.8367,0.43704,1909.12,4368.3,0.0,0.0,0.8068,1.84605,0.0,1,0.003423538,0.33588144,0.34534840495125047
LARZEL_SL_part,4.03256,3.23022,4.03256,2.14268,0.0,0.0,87.4273,40.8029,0.3868,0.180522,0.0,0,0.001379643,0.133969558,0.13073674547499972
LASDEQ_clean,13.8531,8.72821,13.84085,0.762381,2268.77,2975.9,0.0,0.0,0.7444,0.976415,0.0,1,0.004051245,0.392052863,0.4071672927612468
LASMAV_neutral,8.35947,4.46891,5.6634,1.04829,1752.03,1671.32,0.0,0.0,0.5968,0.569309,0.0,1,0.003785968,0.368126676,0.36455283818500095
LASQON_clean,4.44401,2.68849,4.42876,1.31049,0.0,0.0,545.647,416.369,0.4552,0.347351,0.0,1,0.004404336,0.368849518,0.39849989298750255
LASRAB_clean,10.22208,8.47748,10.22208,0.840267,2115.15,2517.24,0.0,0.0,0.7808,0.929228,0.0,1,0.001332651,0.12710648,0.13132343142750158
LASREF_clean,11.04017,10.09881,11.0096,0.804882,1997.85,2482.17,0.0,0.0,0.781,0.970328,0.0,1,0.001398164,0.139667993,0.13930676732500114
LASRIJ_clean,11.13693,10.31061,11.1274,0.748964,1958.48,2614.92,0.0,0.0,0.808,1.07882,0.0,1,0.001360935,0.143762891,0.13389739747375143
LASWEJ_clean,7.10977,4.83707,7.10977,1.05149,1683.85,1601.39,0.0,0.0,0.578,0.549695,0.0,1,0.00545213,0.508207849,0.4939096708637496
LASWIN_clean,4.48241,3.82945,4.48241,1.26627,817.741,645.786,0.0,0.0,0.4948,0.390753,0.0,1,0.00950711,0.80773691,0.7810267992362521
LASYOU_clean,10.05429,4.94116,10.05429,0.926612,2320.72,2504.52,0.0,0.0,0.6828,0.736878,0.0,1,0.004687095,0.450086362,0.43345442421124963
LATCEO_clean,5.87388,4.8832,5.87388,1.09727,2738.31,2495.57,0.0,0.0,0.732,0.667111,0.0,1,0.001316573,0.130518312,0.13016437517000112
LATPIG_clean,6.7326,6.29437,6.73188,1.53602,1420.36,924.703,0.0,0.0,0.5822,0.379031,0.0,0,0.002740466,0.254728238,0.2561947805799991
LATYOX_clean,8.43825,7.66991,8.43825,0.899517,1548.12,1721.06,0.0,0.0,0.606,0.673695,0.0,0,0.002424491,0.243660293,0.2308703536724999
LAVCOD_clean,3.77854,3.49065,3.77854,2.38895,513.1,214.781,0.0,0.0,0.4702,0.196823,0.0,1,0.004770559,0.432129779,0.4022111402312504
LAVCUJ_clean,4.43208,3.98772,4.43094,2.2011,1075.88,488.794,0.0,0.0,0.5356,0.243333,0.0,1,0.000309283,0.02892105,0.030532453657500205
LAVDOE_clean,6.06535,4.45301,6.06535,1.35673,1212.79,893.908,0.0,0.0,0.533,0.392855,0.0,1,0.003651447,0.34024084,0.3479015917174997
LAVSUY_clean,6.88683,6.50841,6.88683,1.28067,1607.28,1255.03,0.0,0.0,0.5652,0.441333,0.0,0,0.004938154,0.464458576,0.4499167409562498
LAVTAF_clean,6.94207,6.59487,6.94207,1.57026,1544.58,983.644,0.0,0.0,0.5696,0.362742,0.0,0,0.00354012,0.338775839,0.3282318690274996
LAVTEJ_clean,6.93182,6.57314,6.93182,1.58977,1549.61,974.742,0.0,0.0,0.5672,0.356782,0.0,0,0.003658073,0.336281533,0.34749542070124984
LAVTIN_clean,6.87869,6.48693,6.87869,1.63046,1549.18,950.153,0.0,0.0,0.5698,0.349473,0.0,0,0.003704313,0.342176863,0.3475216915949998
LAVTOT_clean,6.86565,6.50199,6.86565,1.63118,1543.92,946.504,0.0,0.0,0.5648,0.346252,0.0,0,0.003440912,0.344198747,0.32519788112000014
LAVTUZ_clean,6.84748,6.45021,6.84748,1.66996,1548.02,926.977,0.0,0.0,0.5682,0.340247,0.0,0,0.004552242,0.416581315,0.4384040390762508
LAVZOA_clean,4.97897,3.76472,4.96668,2.4043,872.519,362.9,0.0,0.0,0.4822,0.200558,0.0,1,0.002323723,0.202104236,0.21476958317749972
LAVZUG_clean,9.32038,5.88413,9.23158,1.53681,2188.0,1423.72,0.0,0.0,0.709,0.461344,0.0,1,0.001524506,0.153007535,0.15362172184749995
LAWFOF_clean,15.10116,7.95608,15.10116,0.589497,2232.85,3787.72,0.0,0.0,0.8124,1.37812,0.0,0,0.002503109,0.250362614,0.24723361372624922
LAWFUL_clean,15.1002,7.9585,15.1002,0.589907,2229.21,3778.92,0.0,0.0,0.8122,1.37683,0.0,0,0.002506153,0.248872112,0.24731750665624921
LAWGAS_clean,15.0923,7.9386,15.0599,0.589907,2234.12,3787.24,0.0,0.0,0.812,1.37649,0.0,0,0.002434113,0.248544385,0.22935175227874943
LAWGEW_clean,15.06244,7.93691,15.06244,0.591684,2230.24,3769.3,0.0,0.0,0.803,1.35714,0.0,0,0.002646172,0.250229696,0.2694600418725003
LAWGIA_clean,15.0745,7.93652,15.0745,0.590588,2230.11,3776.08,0.0,0.0,0.8028,1.35932,0.0,0,0.00256906,0.250355511,0.2550787043087499
LAWGOG_clean,15.0805,7.93827,15.0805,0.589428,2230.89,3784.84,0.0,0.0,0.8032,1.36268,0.0,0,0.002504123,0.250006476,0.24731750665624921
LAWGUM_clean,15.09972,7.93483,15.09787,0.58881,2231.62,3790.06,0.0,0.0,0.8032,1.36411,0.0,0,0.002422952,0.249296231,0.22935175227874943
LAWHOJ_clean,10.27348,3.66364,10.27348,1.54552,1337.51,865.414,0.0,0.0,0.5444,0.352244,0.0,1,0.002570524,0.251471372,0.24521421166000054
LAWHUP_clean,10.46029,3.75562,10.46029,1.55256,1336.79,861.022,0.0,0.0,0.5416,0.348844,0.0,0,0.002613072,0.256500343,0.24853395461125036
LAXGOH02_clean,3.40347,2.58739,3.39621,2.05767,0.0,0.0,12.54,6.09426,0.4678,0.227345,0.0,1,0.000320205,0.031348021,0.03126206334750012
LAXGOH03_clean,3.45581,2.63965,3.44857,2.00531,0.0,0.0,23.6484,11.7929,0.4998,0.249239,0.0,1,0.000381043,0.035118962,0.03565799678375002
LAXJAX_clean,12.82983,5.12034,12.75758,0.7175,1929.2,2688.78,0.0,0.0,0.678,0.944947,0.0,0,0.006196791,0.560815779,0.5662732201712473
LAXMIJ_clean,4.1003,3.36093,4.09702,1.76873,147.607,83.4538,0.0,0.0,0.4108,0.232257,0.0,1,0.001622736,0.153296916,0.14570347022625021
LAYGAV_clean,6.45802,4.57521,6.44061,1.03521,1472.0,1421.94,0.0,0.0,0.5658,0.546558,0.0,0,0.005112087,0.456215227,0.468124866726249
LAZGOK_manual,4.94973,3.64755,4.74405,1.28266,1115.13,869.385,0.0,0.0,0.5616,0.43784,0.0,1,0.001024616,0.100805107,0.09951899886500062
LAZHUR_clean,4.17585,2.56022,4.17135,1.27794,0.0,0.0,419.19,328.021,0.4438,0.347278,0.0,1,0.005092654,0.397918237,0.43309489863625167
LAZJAZ_SL,5.50863,3.38524,5.50863,1.27617,503.423,394.478,0.0,0.0,0.464,0.363587,0.0,1,0.004876914,0.38224614,0.42593863015250116
LAZJIH_clean,5.57744,4.95549,5.57327,1.06968,1869.94,1748.13,0.0,0.0,0.6238,0.583165,0.0,0,0.007264628,0.689441426,0.6640063742200017
LAZKUU_clean,6.24874,4.05552,6.23411,0.996458,1522.19,1527.6,0.0,0.0,0.5832,0.585273,0.0,0,0.004280718,0.408817931,0.41682442320000085
LAZLEF_clean,4.78618,3.28934,3.84091,1.51146,0.0,0.0,609.74,403.41,0.4594,0.303944,0.0,0,0.002926984,0.26123839,0.27161952401874934
LAZPIN_clean,3.19967,2.64386,3.16748,2.05355,0.0,0.0,0.0,0.0,0.3448,0.167905,0.0,1,4.14e-05,0.003620277,0.0033926763999999952
LAZPUZ_clean,3.17075,2.61683,3.13808,2.08895,0.0,0.0,0.0,0.0,0.3168,0.151655,0.0,1,2.41e-05,0.002715467,0.0026470949912500057
LAZXOB_clean,9.34691,6.36719,9.34691,1.04439,1784.83,1708.97,0.0,0.0,0.6322,0.605329,0.0,1,0.002975029,0.288718555,0.2887229124724998
LECFAC_clean,9.81867,4.43769,9.81443,0.838672,2179.96,2599.3,0.0,0.0,0.7164,0.854207,0.0,1,0.00481541,0.451563029,0.43307810958125054
LECFEG_clean,9.36969,4.36946,9.36969,0.882661,2218.78,2513.74,0.0,0.0,0.708,0.80212,0.0,1,0.004787267,0.427017068,0.4343707669074999
LECGAD_clean,4.13407,3.39901,4.11483,1.17335,649.425,553.478,2.24313,1.91173,0.5284,0.450334,0.0,1,0.003889492,0.353336506,0.35863339247625015
LECGEH_clean,4.6023,3.38182,4.58013,1.08823,903.939,830.653,0.0,0.0,0.5422,0.498241,0.0,1,0.004331978,0.400459718,0.4075896677100003
LECGIL_clean,10.08545,7.23049,10.05263,0.936646,2086.42,2227.54,0.0,0.0,0.727,0.776173,0.0,1,0.001424575,0.138921298,0.14019232218750105
LECHUX_clean,4.66634,2.72011,4.62729,2.83999,0.0,0.0,341.431,120.222,0.483,0.170071,0.0,1,0.000413887,0.038903482,0.040943232665000176
LEDCAA_clean,3.75474,2.61308,3.30325,1.68459,0.0,0.0,78.1632,46.399,0.46,0.273064,0.0,1,0.00072509,0.066153013,0.0708247956337496
LEDHEJ_clean,5.17343,4.21878,5.16848,1.58915,678.436,426.917,0.0,0.0,0.4584,0.288456,0.0,1,0.005144335,0.404266495,0.45451113504124907
LEDHIN_clean,5.14094,4.21977,5.13595,1.60723,671.365,417.716,0.0,0.0,0.4556,0.28347,0.0,1,0.005226213,0.412028425,0.45352807023499897
LEDLAJ_clean,6.91296,3.51033,6.91296,1.15045,885.224,769.461,0.0,0.0,0.496,0.431137,0.0,1,0.003309691,0.30545283,0.31759895008250166
LEDLEN_clean,8.11845,6.60905,8.11698,0.914085,1985.25,2171.84,0.0,0.0,0.6552,0.716782,0.0,1,0.003063851,0.302436824,0.3021250959562507
LEDPIU_clean,4.54615,3.26956,4.38676,1.31264,0.0,0.0,520.868,396.808,0.4608,0.351047,0.0,1,0.001164882,0.11086582,0.11200542056
LEDWUN_clean,4.69438,2.59736,4.58003,1.25104,0.0,0.0,506.862,405.153,0.512,0.40926,0.0,1,0.003290649,0.29548037,0.31497464191374963
LEGGEK_clean,4.38053,3.59011,4.38053,1.51154,471.927,312.216,0.0,0.0,0.4872,0.32232,0.0,1,0.009334493,0.754147782,0.7678602858662527
LEGGIO_clean,5.18429,3.8135,5.15632,1.17196,1806.33,1541.29,0.0,0.0,0.5938,0.506672,0.0,1,0.005896487,0.535972129,0.549081504448746
LEGGOU_clean,4.37373,2.43151,4.358,1.63905,0.0,0.0,226.057,137.919,0.4444,0.271133,0.0,1,0.002524919,0.211754431,0.23803859980500042
LEHTID_clean,3.27563,2.46144,3.09224,2.22281,0.0,0.0,0.0,0.0,0.386,0.173654,0.0,1,0.000103874,0.011795691,0.009941594472500094
LEHXUT_clean,24.94881,9.11981,13.96328,0.407171,1936.47,4755.92,0.0,0.0,0.8288,2.03551,0.0,1,0.003674451,0.369164318,0.36488258580625105
LEJBUX_clean,6.30676,4.81909,6.30369,1.04776,2668.26,2546.63,0.0,0.0,0.7428,0.70894,0.0,1,0.001272427,0.118494784,0.12920835123750118
LEJCAE_clean,5.15076,4.65327,5.14771,1.13486,3020.72,2661.76,0.0,0.0,0.7162,0.631093,0.0,1,0.001361692,0.132058144,0.13334536695000024
LEJKIW_clean,6.1081,4.29761,6.1081,1.82473,1754.35,961.429,0.0,0.0,0.562,0.307991,0.0,1,0.006099994,0.515962002,0.5514119700199982
LEJRIC_clean,11.60038,10.84699,11.60038,1.19087,1547.76,1299.69,0.0,0.0,0.637,0.534904,0.0,1,0.002587962,0.245626341,0.25853085692999966
LELDUD_clean,16.5482,9.24625,16.5482,0.458126,1992.46,4349.15,0.0,0.0,0.829,1.80955,0.0,1,0.003041415,0.330315945,0.30099325737374966
LELMIA01_clean,5.7573,4.86083,5.74121,1.47804,1284.35,868.952,0.0,0.0,0.5138,0.347622,0.0,1,0.006110351,0.537646242,0.5394645873924994
LELMIA_clean,5.90205,5.05463,5.89889,1.44105,1311.25,909.93,0.0,0.0,0.5386,0.373756,0.0,1,0.005667432,0.506367063,0.5010697484812487
LELROL_clean,9.52458,5.89518,9.49645,0.725604,2342.81,3228.77,0.0,0.0,0.6884,0.948726,0.0,1,0.003706247,0.353842873,0.35945324741750134
LELRUR_clean,7.75367,5.31169,7.43322,1.04806,1544.2,1473.39,0.0,0.0,0.5926,0.565427,0.0,1,0.002920126,0.280611073,0.2830834800462496
LEMHAM_clean,3.9751,3.37818,3.9751,2.10772,426.208,202.213,0.0,0.0,0.4398,0.208662,0.0,1,0.003138359,0.309360006,0.2869933255900008
LEMNOH_clean,4.05561,3.09524,4.05434,1.19418,0.0,0.0,699.34,585.624,0.4786,0.400777,0.0,0,0.006284436,0.531072448,0.5385288976650009
LEMVOP_clean,5.28106,3.76828,5.22671,1.49221,559.092,374.674,165.129,110.661,0.47,0.314969,0.0,0,0.002139807,0.198178275,0.2008570203800002
LENGAO_clean,9.03703,6.62918,8.94738,0.968421,1920.56,1983.18,0.0,0.0,0.6764,0.698457,0.0,1,0.003263678,0.299070253,0.31882200389250126
LENKIA_clean,11.49386,10.72802,11.47361,1.31034,1534.89,1171.37,0.0,0.0,0.6288,0.479875,0.0,1,0.002310849,0.227170659,0.22180439880375016
LENRUS_clean,2.97648,2.55417,2.97202,2.12654,0.0,0.0,0.0,0.0,0.3162,0.148692,0.0,1,0.0,0.0,2.830042624999991e-05
LEPLAV_clean,5.24767,2.93049,5.24767,1.69706,0.0,0.0,535.21,315.375,0.446,0.262807,0.0,1,0.002980889,0.247763414,0.2745628904574994
LEPLEZ_clean,3.3571,2.85638,3.34545,2.15638,0.0,0.0,0.0,0.0,0.4592,0.21295,0.0,1,7.44e-05,0.00755585,0.00775395528375005
LEQQAA_clean,5.52925,4.85253,5.5277,0.807375,2409.06,2983.81,0.0,0.0,0.6688,0.828364,0.0,1,0.004522852,0.443801556,0.43261847934374914
LEQQEE_clean,5.49128,3.18412,4.97136,1.13313,0.0,0.0,833.069,735.192,0.5202,0.459082,0.0,1,0.005121529,0.427254364,0.44712333692375156
LEQQII_clean,8.74289,7.28376,8.74289,0.770513,1869.68,2426.54,0.0,0.0,0.6812,0.884086,0.0,1,0.002632868,0.262889122,0.2690493206850007
LEQVIN_clean,4.74953,2.67924,4.74953,1.90009,0.0,0.0,835.262,439.591,0.4584,0.241252,0.0,0,0.031493042,1.674649153,1.3837588898424966
LEQVUZ_clean,9.63173,5.48027,9.50266,0.666563,1780.56,2671.25,394.567,591.942,0.7036,1.05556,0.0,0,0.003727801,0.368638834,0.36313109323249976
LERNAY01_clean,4.95966,2.45623,4.95966,1.77018,0.0,0.0,520.315,293.933,0.414,0.233874,0.0,0,0.003786987,0.319181209,0.32461116122874856
LERNAY02_clean,4.88849,2.41889,4.88849,1.7848,0.0,0.0,502.47,281.527,0.389,0.217951,0.0,0,0.003663457,0.30748959,0.3245457603099981
LERNAY_clean,4.9699,2.47635,4.9699,1.76673,0.0,0.0,524.821,297.059,0.4138,0.234218,0.0,0,0.003940463,0.318734507,0.3322749812899988
LERNEC01_clean,4.91469,2.64138,4.91469,1.77237,0.0,0.0,534.292,301.456,0.4094,0.23099,0.0,0,0.003884313,0.325801885,0.33045173079874884
LERNEC_clean,5.00175,2.66132,4.996,1.75601,0.0,0.0,553.55,315.231,0.4158,0.236786,0.0,0,0.003886808,0.332219174,0.33144467170124875
LESWAI_clean,5.70322,4.2936,5.70044,1.41973,1194.97,841.693,0.0,0.0,0.5074,0.357393,0.0,0,0.005868048,0.497828841,0.5137946020799995
LETDEU_clean,8.60977,8.56919,8.60977,1.61724,1284.5,794.25,0.0,0.0,0.6168,0.38139,0.0,1,0.000405505,0.038792676,0.03929788254249994
LETDUK_clean,7.09435,6.39708,7.09435,1.10433,2376.79,2152.25,0.0,0.0,0.6948,0.62916,0.0,1,0.001822472,0.170770216,0.18151132324374944
LETPOR01_ion_b,4.39857,2.80187,4.39857,1.65616,0.0,0.0,144.372,87.173,0.4574,0.276181,0.0,0,8.45e-05,0.008576286,0.008744803367500054
LETPOR_clean,11.06769,10.6456,11.06769,1.31092,1583.35,1207.82,0.0,0.0,0.6774,0.516738,0.0,1,0.002010791,0.193219288,0.19279580812875013
LETPUX01_clean,17.65528,16.43472,17.65528,1.06966,1485.27,1388.55,0.0,0.0,0.7452,0.696673,0.0,1,0.002260266,0.208545445,0.221855843973749
LETPUX_clean,17.65528,16.43472,17.65528,1.06966,1482.59,1386.05,0.0,0.0,0.7454,0.69686,0.0,1,0.00220282,0.215385898,0.21207644569625056
LETQEI_clean,25.68935,25.43895,25.68935,0.814849,1230.83,1510.5,0.0,0.0,0.8076,0.991104,0.0,1,0.002249084,0.210692048,0.21764193067999965
LETRAF_clean,26.75898,26.49317,26.74189,0.733819,1149.99,1567.13,0.0,0.0,0.828,1.12834,0.0,1,0.001949014,0.183003642,0.1906743171325014
LETVUB_clean,4.95946,3.1555,4.94348,1.17728,0.0,0.0,390.778,331.934,0.4856,0.412478,0.0,0,0.00560411,0.464742068,0.4761223361599991
LEVBAQ_clean,5.71097,4.52955,5.6806,2.00382,1507.28,752.202,0.0,0.0,0.5374,0.268188,0.0,1,0.008399642,0.718068276,0.7140452025974977
LEVDIB_clean,12.81022,4.05785,12.67653,0.771367,2135.54,2768.51,0.0,0.0,0.6982,0.905146,0.0,1,0.004956562,0.45830845,0.4445749972562496
LEVLEF_clean,20.18098,6.8654,20.18098,0.883011,1005.98,1139.26,176.505,199.889,0.6154,0.696933,0.0,1,0.008153531,0.608361287,0.661399736412504
LEVNOQ01_clean,5.76478,3.88293,5.76079,0.975082,1366.72,1401.64,0.0,0.0,0.5706,0.585182,0.0,1,0.007481828,0.683451543,0.6717964113262518
LEVNOQ_clean,5.91307,3.93225,5.91307,0.947393,1555.93,1642.33,0.0,0.0,0.5826,0.614951,0.0,1,0.007217809,0.663991803,0.6702448551175002
LEVPAF_clean,9.99333,8.10197,9.99333,0.81142,1805.64,2225.28,0.0,0.0,0.6764,0.833601,0.0,1,0.00287454,0.276079679,0.2872061321400008
LEVYOC_clean,4.43687,3.53475,4.41654,1.7513,543.427,310.299,0.0,0.0,0.4316,0.246445,0.0,1,0.004726518,0.403143687,0.40864268779500024
LEWMUX_clean,9.4187,3.8157,9.4187,1.15388,1572.68,1362.95,0.0,0.0,0.5946,0.515306,0.0,1,0.005593764,0.462618613,0.5167364762237486
LEWTUD01_clean,4.80914,2.51443,4.80914,1.78485,0.0,0.0,480.389,269.148,0.4072,0.228142,0.0,0,0.003276648,0.288439862,0.3047234791024995
LEWTUD_clean,4.18981,2.52265,4.18981,1.76176,0.0,0.0,452.274,256.718,0.4146,0.235333,0.0,0,0.002641532,0.237076594,0.2381976729312503
LEWVAL_clean,4.94043,2.4341,4.94043,1.77956,0.0,0.0,508.289,285.627,0.4128,0.231968,0.0,0,0.003784491,0.312118822,0.32486692860624844
LEYLUX_clean,4.23143,2.99907,4.23143,1.52164,0.0,0.0,507.849,333.751,0.489,0.321364,0.0,1,0.000841668,0.082886505,0.08597987839249954
LEYPAI_clean,5.73576,4.86589,5.73576,1.67394,1567.04,936.138,0.0,0.0,0.5778,0.345174,0.0,1,0.001514851,0.147353418,0.15302188694625002
LEYQUD_clean,9.49015,4.11988,9.48875,1.0718,2134.49,1991.5,0.0,0.0,0.699,0.652175,0.0,1,0.001555735,0.158139406,0.15473639303124972
LEYRAK_clean,9.5213,4.16248,9.5213,1.04525,2148.73,2055.7,0.0,0.0,0.7006,0.670268,0.0,1,0.001584416,0.161932907,0.1561937545562503
LEYREO_clean,9.51379,4.14819,9.5125,1.05388,2143.29,2033.7,0.0,0.0,0.7,0.66421,0.0,1,0.001564997,0.159399945,0.15480924438624982
LEYYET_clean,3.65656,2.56389,3.62036,2.09413,0.0,0.0,150.679,71.953,0.3794,0.181173,0.0,0,0.004717708,0.398840367,0.3970045385662519
LEZLAF_clean,5.67349,3.43363,5.66285,1.39295,953.777,684.72,0.0,0.0,0.529,0.379771,0.0,1,0.002006559,0.189291572,0.18944166270875015
LEZMIN_clean,4.88856,4.07448,4.86623,1.80949,1151.84,636.557,0.0,0.0,0.5686,0.314232,0.0,0,0.005728558,0.494213972,0.4941568463162481
LEZWUK_clean,6.90304,3.45469,6.90294,3.02612,1351.11,446.482,2.10866,0.696819,0.5404,0.178579,0.0,1,0.00045279,0.045220785,0.04372335543749997
LEZXAR_clean,6.92017,3.56103,6.91993,3.0017,1355.71,451.646,4.12818,1.37528,0.5278,0.175834,0.0,1,0.000547109,0.052252824,0.05879024171749972
LIBQIY_clean,9.48211,4.09783,9.48211,1.10251,2123.81,1926.34,0.0,0.0,0.703,0.637636,0.0,1,0.001636945,0.15571527,0.16103910339625055
LIBZIG_clean,5.90138,4.68963,5.90138,1.54375,1825.0,1182.18,0.0,0.0,0.5888,0.381408,0.0,1,0.002485896,0.228159485,0.23068918262875052
LICKAL_clean,4.46919,3.89223,4.46919,1.80004,671.763,373.194,1.29095,0.717177,0.4414,0.245217,0.0,1,0.003598188,0.302587943,0.3230453713124976
LICSUM_clean,3.55956,2.75719,3.47205,1.39208,0.0,0.0,38.9767,27.999,0.423,0.303863,0.0,1,0.000426321,0.043035325,0.041623707567500084
LIDWIG_clean,6.16997,4.49229,6.14357,1.15777,1073.38,927.108,0.0,0.0,0.4856,0.419428,0.0,0,0.004949109,0.442162062,0.4467085863825004
LIDZOP_clean,5.56488,4.14994,5.56158,1.64984,557.624,337.986,0.0,0.0,0.3922,0.23772,0.0,0,0.010168627,0.603661746,0.7559750294200009
LIDZUV_clean,5.12552,3.77339,4.88815,1.54716,456.013,294.742,0.0,0.0,0.3458,0.223506,0.0,0,0.014651067,0.769614581,0.9336665659724969
LIFQIC_clean,6.18404,2.40576,5.14695,1.87526,0.0,0.0,683.461,364.462,0.5046,0.269082,0.0,1,0.003347319,0.269273792,0.3103791996262486
LIFSAW_clean,5.78145,3.73909,5.7809,1.26392,1211.1,958.208,0.0,0.0,0.5322,0.421072,0.0,0,0.004244183,0.375847663,0.38353425937374885
LIFSEA_clean,5.51731,3.61848,5.51731,1.29733,1177.02,907.264,0.0,0.0,0.5102,0.393268,0.0,0,0.005220446,0.45125807,0.4600743661324975
LIFWOO_clean,4.98366,4.55513,4.98366,1.07707,1107.59,1028.34,0.0,0.0,0.5242,0.486692,0.0,0,0.007232117,0.630135155,0.6557753376062534
LIGHAM_clean,5.55777,4.9763,5.55645,1.04913,1135.92,1082.72,0.164681,0.156969,0.531,0.506133,0.0,1,0.003085429,0.300194607,0.28960891376375036
LIHRIE_clean,3.80682,2.47647,3.8057,2.08632,0.0,0.0,115.02,55.1305,0.5182,0.24838,0.0,1,0.0,1.06e-05,7.877305750000027e-05
LIHSIF_clean,4.51896,2.5942,4.51896,1.93607,0.0,0.0,481.798,248.853,0.471,0.243276,0.0,1,0.001012304,0.093213019,0.10081928470625046
LIJNOJ01_clean,4.91078,3.67872,4.91078,1.2863,552.942,429.872,0.0,0.0,0.425,0.330406,0.0,0,0.005450858,0.440892892,0.4651439482512476
LIJNOJ_clean,4.87208,3.58717,4.87208,1.2994,528.572,406.782,0.0,0.0,0.416,0.320148,0.0,0,0.005450858,0.427541838,0.46187595836749756
LIJXEI_clean,4.61965,3.1286,4.59276,1.62266,0.0,0.0,407.47,251.113,0.4082,0.251563,0.0,0,0.00142451,0.12735508,0.13063767184625028
LIKDOA_clean,18.48324,9.41931,18.48324,0.536397,1957.94,3650.16,0.0,0.0,0.8154,1.52014,0.0,1,0.003006945,0.307702551,0.29677651023124857
LIKFOB_clean,4.37966,3.37801,4.37966,1.5872,928.456,584.966,0.0,0.0,0.5234,0.329764,0.0,1,0.008587403,0.693002099,0.7005786313462491
LIKGUJ_clean,13.55589,7.04166,13.55589,1.03126,1881.99,1824.95,0.0,0.0,0.6824,0.661717,0.0,1,0.0079099,0.597006388,0.6872365629137512
LIPQIL_clean,11.64628,2.646,11.64628,0.906314,0.0,0.0,1527.33,1685.21,0.6752,0.744996,0.0,1,0.00254932,0.255765185,0.2483095709125005
LIPQOR_clean,9.96385,4.33568,9.96385,0.897942,1931.52,2151.05,198.042,220.551,0.6648,0.74036,0.0,1,0.003579975,0.340070507,0.3458423207700021
LIPRAE_clean,11.56984,2.6307,10.76126,0.908142,0.0,0.0,1499.86,1651.57,0.6714,0.739311,0.0,1,0.002620773,0.248342487,0.25085536688375076
LIQCUK_clean,7.72615,5.77662,7.72615,1.17897,1310.88,1111.88,0.0,0.0,0.5728,0.485847,0.0,1,0.002690231,0.269409685,0.2574855874899991
LIQDAS_clean,12.80393,5.86346,12.80393,0.732254,1996.94,2727.12,0.0,0.0,0.725,0.990093,0.0,1,0.002834264,0.281949357,0.28835856405999993
LIQFEY_clean,5.32747,3.70757,5.32747,1.44986,1251.71,863.334,0.0,0.0,0.5234,0.361001,0.0,0,0.005416145,0.492167838,0.47489057582624716
LIQJEC_clean,8.59986,6.07561,8.59986,1.33584,1720.59,1288.03,0.0,0.0,0.6236,0.466823,0.0,0,0.001635267,0.164184351,0.16052644002250094
LIRFIB_clean,9.16234,8.82724,9.16234,0.554774,2252.81,4060.77,0.0,0.0,0.8042,1.4496,0.0,0,0.001700558,0.166004881,0.17175421756250084
LIRNOR_clean,5.98787,3.62357,5.98787,1.13373,1270.63,1120.75,0.0,0.0,0.5214,0.459897,0.0,0,0.004857464,0.445937415,0.43455409555625024
LIRTEM_SL,4.39792,3.07921,4.36846,1.56232,0.0,0.0,442.667,283.339,0.4678,0.299426,0.0,0,0.002292176,0.202827439,0.2188574334037503
LISZOE_clean,3.55328,3.00782,3.55082,1.53551,0.0,0.0,33.6507,21.9151,0.4,0.2605,0.0,1,0.003465047,0.314141851,0.32428778980874773
LITCIC_clean,7.20254,4.1628,7.20254,0.886931,1974.54,2226.26,0.0,0.0,0.6382,0.71956,0.0,1,0.004472132,0.455544541,0.434351608431251
LITCOI_clean,7.36237,3.74541,7.3233,1.05285,1772.71,1683.72,0.106276,0.100941,0.6258,0.594384,0.0,1,0.00564993,0.518801519,0.5254183042312472
LITCUO_clean,5.34738,3.24586,5.34067,1.05342,0.0,0.0,1060.75,1006.96,0.5662,0.537486,0.0,1,0.005083366,0.455383186,0.44785379435125167
LITDAV_clean,6.01025,4.24331,5.99992,1.01002,1613.71,1597.7,0.0,0.0,0.5946,0.588704,0.0,1,0.006256776,0.555604443,0.5653672354324989
LITHUR_clean,5.86756,4.66068,5.8615,1.85218,2577.81,1391.77,0.0,0.0,0.691,0.373074,0.0,0,0.000593723,0.058714261,0.06271755420500014
LIVKUW_clean,4.3311,3.139,4.32983,2.05682,0.0,0.0,425.578,206.91,0.4698,0.228411,0.0,1,0.005352945,0.49449238,0.4207207998600007
LIVLUZ_clean,5.91163,5.00426,5.91034,1.15595,1292.96,1118.53,0.0,0.0,0.5702,0.493275,0.0,0,0.00594484,0.521736065,0.538554420195
LIVREP_clean,4.23694,3.14306,4.16749,1.35093,0.0,0.0,334.25,247.422,0.4768,0.352942,0.0,1,0.009585852,0.83585407,0.7069308141312501
LIVTIT_clean,5.03218,4.49412,5.03218,0.873833,1850.2,2117.34,0.0,0.0,0.6576,0.752547,0.0,1,0.004426471,0.423435301,0.4265308067887495
LIVWAQ_clean,5.90832,4.03567,5.90832,1.60342,1467.86,915.456,0.0,0.0,0.615,0.383556,0.0,0,0.005120081,0.453547975,0.4617450143137487
LIWFIG_clean,4.34442,2.54064,4.34442,1.99047,0.0,0.0,514.749,258.607,0.4374,0.219747,0.0,1,0.012403641,0.853952804,0.7844936900174992
LIWFOM_clean,5.43362,4.03441,5.43362,2.15039,700.892,325.936,0.0,0.0,0.4398,0.204521,0.0,1,0.001196801,0.115585609,0.1168136991300004
LIWFUS_clean,3.67914,2.67797,3.2816,1.83207,0.0,0.0,59.4389,32.4436,0.4238,0.231323,0.0,1,0.004117328,0.364236368,0.3746043945425007
LIWVIY_clean,5.89138,4.8352,5.89138,1.26516,1787.77,1413.07,0.0,0.0,0.6376,0.503967,0.0,1,0.002465875,0.233431592,0.22940380353750037
LIWXIZ_clean,4.12479,3.66059,4.10123,1.63001,136.604,83.8054,0.0,0.0,0.3614,0.221716,0.0,1,0.000607721,0.053694528,0.061003564459999854
LIWXOG_clean,5.30986,3.68842,5.30986,1.40965,1545.05,1096.05,0.0,0.0,0.589,0.417834,0.0,1,0.00296053,0.291376209,0.2776951578712498
LIXDAZ_clean,4.90227,2.42114,4.85767,1.78613,0.0,0.0,298.711,167.239,0.3702,0.207264,0.0,0,0.002797975,0.221826617,0.2591505130349991
LIXMIQ_clean,4.31411,2.60375,4.31411,1.77037,0.0,0.0,255.594,144.373,0.3774,0.213176,0.0,0,0.002391926,0.197642727,0.22252803765500018
LIXNIP_clean,3.14018,2.49516,3.12973,1.75208,0.0,0.0,0.0,0.0,0.3388,0.19337,0.0,1,0.000107792,0.010457062,0.0097156437025001
LIXWAR01_clean,5.58762,3.9288,5.58762,1.07311,1360.46,1267.78,0.0,0.0,0.5636,0.525205,0.0,1,0.005326157,0.489806869,0.47267589739125077
LIXWAR_clean,5.63611,3.90043,5.63611,1.06263,1387.85,1306.06,0.0,0.0,0.5696,0.536029,0.0,1,0.00528831,0.483943968,0.47297622178375165
LIXWEV_clean,5.08233,3.24401,5.02865,1.80159,0.0,0.0,867.395,481.461,0.498,0.276423,0.0,1,0.007864782,0.579219542,0.6290746838512472
LIXXAS_clean,6.60705,5.3683,6.60705,1.11648,2145.98,1922.1,0.0,0.0,0.6524,0.584335,0.0,1,0.003728736,0.366941897,0.3676424759649997
LOBHAM_clean,7.0104,5.91491,7.0104,1.01758,1770.03,1739.45,0.0,0.0,0.6232,0.612433,0.0,0,0.003673422,0.347194359,0.35867959020500095
LOCZIO_clean,7.2178,3.83248,7.2178,1.09612,1264.7,1153.8,0.0,0.0,0.5608,0.511625,0.0,1,0.004630659,0.430991553,0.4330490025937505
LODKIA_clean,6.01281,4.49425,5.60772,1.02042,1998.25,1958.27,0.0,0.0,0.6138,0.601518,0.0,1,0.00567964,0.526618874,0.5206218971574996
LODPOK_clean,6.03379,4.847,6.02677,1.05247,1500.99,1426.17,0.0,0.0,0.5354,0.50871,0.0,1,0.007712432,0.652126299,0.6855744233837504
LODPUQ_clean,6.04771,4.78066,6.04165,1.07351,1496.3,1393.84,0.0,0.0,0.5402,0.50321,0.0,1,0.008423639,0.707485142,0.7334319073699963
LODPUR_clean,3.98082,2.60457,3.98082,1.35933,0.0,0.0,169.07,124.378,0.4234,0.311477,0.0,0,0.004354836,0.355015381,0.39575970182125275
LOFCUF_clean,4.92056,3.12506,4.85331,1.58715,0.0,0.0,491.214,309.495,0.451,0.284158,0.0,1,0.002215308,0.191015053,0.21229555417499987
LOFVIN_clean,6.31143,3.36538,6.30575,1.23786,664.218,536.584,0.819265,0.661837,0.4796,0.387442,0.0,1,0.002287277,0.210841203,0.2229881889512499
LOFVUY01_clean,8.11285,4.66596,8.11285,1.07811,1882.69,1746.29,0.0,0.0,0.6276,0.582131,0.0,1,0.002789882,0.264909997,0.27552879928874996
LOFVUY_clean,8.04365,4.63845,8.04358,1.07811,1889.15,1752.28,0.0,0.0,0.626,0.580647,0.0,1,0.00272332,0.264854887,0.2656625165962498
LOFZUB_clean,8.36948,3.5655,8.36948,1.45872,1389.79,952.749,0.0,0.0,0.549,0.376358,0.0,0,0.003503459,0.335840896,0.3279048041025
LOGBAK_clean,8.33905,3.64261,8.33905,1.46617,1378.61,940.283,0.0,0.0,0.5464,0.372672,0.0,0,0.003584603,0.332792986,0.3316130292012499
LOGBEO_clean,8.32475,3.5444,8.32475,1.47637,1351.58,915.479,0.0,0.0,0.5444,0.368742,0.0,0,0.003517695,0.343168121,0.32769174668000006
LOGXEM_clean,11.7072,8.5205,11.7072,1.40177,1826.91,1303.29,0.0,0.0,0.6678,0.476399,0.0,0,0.000715859,0.065684691,0.07138432787499986
LOJFOF_clean,5.76837,5.02994,5.76476,1.16037,1095.67,944.242,0.0,0.0,0.472,0.406768,0.0,1,0.004861137,0.431071471,0.43565784516125183
LOJFUL_clean,11.50657,8.6404,11.49116,0.609882,1949.87,3197.13,64.2093,105.281,0.7292,1.19564,0.0,1,0.005265593,0.483451376,0.4677000613075002
LOJLAZ01_clean,6.41625,5.33783,6.41625,1.67137,1436.49,859.47,0.0,0.0,0.5874,0.351448,0.0,1,0.002036976,0.203038354,0.18986829112249992
LOJLAZ_clean,6.04161,4.90341,6.00485,1.78682,1392.9,779.539,0.0,0.0,0.5636,0.31542,0.0,1,0.00247074,0.246634908,0.22874887836124963
LOJNAA_clean,4.81582,2.75514,4.78314,1.60964,0.0,0.0,427.026,265.292,0.4538,0.281926,0.0,1,0.001963569,0.179920353,0.1865174277737501
LOKPEG_clean,4.37004,2.49075,4.37004,2.25824,0.0,0.0,414.023,183.338,0.4752,0.210429,0.0,0,0.070790853,2.335151518,2.304960576317507
LOLQIM_clean,4.98566,2.73336,4.98566,1.79928,0.0,0.0,762.52,423.793,0.516,0.286782,0.0,1,0.010267019,0.744401249,0.8200033268900008
LOLREL_clean,8.50343,6.96426,8.50343,1.36486,1470.9,1077.7,0.0,0.0,0.5994,0.439167,0.0,1,0.002304569,0.218270192,0.22101151092875015
LOLVAJ_clean,4.04776,3.6459,4.03742,2.02495,342.226,169.005,0.0,0.0,0.431,0.212845,0.0,0,0.000811467,0.075004606,0.07964169671624972
LOMLOQ_clean,6.7486,3.80235,6.29526,1.47019,2203.5,1498.78,0.0,0.0,0.646,0.439399,0.0,0,0.004556875,0.431179022,0.4390406790737512
LOMLUW_clean,5.44799,3.79422,5.44799,1.50469,1945.11,1292.7,0.0,0.0,0.6428,0.427199,0.0,0,0.005564444,0.519560196,0.5111477232662478
LOMMEH_clean,5.50313,2.7686,5.50313,1.67175,0.0,0.0,169.951,101.66,0.4066,0.243218,0.0,0,0.001000454,0.079468576,0.09840494995750035
LOMMIL_clean,5.4461,2.68608,5.4461,1.51016,0.0,0.0,162.546,107.635,0.4028,0.266727,0.0,0,0.001111994,0.099413091,0.10867195933374983
LOMMOR_clean,5.44276,2.69196,5.4088,1.50886,0.0,0.0,168.651,111.773,0.408,0.270402,0.0,0,0.001251514,0.099492221,0.12013596258500005
LONVAN_clean,10.90817,9.80221,10.908,1.08454,1586.63,1462.95,0.0,0.0,0.6414,0.591401,0.0,1,0.002277576,0.222537494,0.22241769658999977
LONVIV_clean,10.81251,9.68892,10.81235,1.16864,1579.98,1351.99,0.0,0.0,0.6292,0.538405,0.0,1,0.00255318,0.251152165,0.2577205557162494
LONWIW_clean,6.32722,5.3124,6.00348,0.832586,2332.25,2801.21,0.0,0.0,0.6626,0.795834,0.0,1,0.004278467,0.420716943,0.4127684644237479
LOQLEJ_manual,14.69858,14.40453,14.61633,0.993806,1433.78,1442.72,0.0,0.0,0.6928,0.697118,0.0,0,0.005197058,0.486277785,0.4559773613312473
LOQLIN_SL,14.25248,13.92666,14.25248,0.952578,1304.34,1369.28,0.0,0.0,0.6736,0.707133,0.0,0,0.006601543,0.578921576,0.6101188819137519
LOQSEQ_clean,4.56007,2.72619,4.52807,1.27817,0.0,0.0,348.284,272.485,0.4612,0.360827,0.0,0,0.007911834,0.540339373,0.6093704146887462
LOQSOA_clean,4.80314,3.14023,4.78401,1.30488,0.0,0.0,372.6,285.543,0.4468,0.342406,0.0,0,0.008458117,0.554836759,0.6706179617862479
LOQSUG_clean,4.66198,2.98032,4.6614,1.33143,0.0,0.0,361.474,271.494,0.4544,0.341288,0.0,0,0.009707967,0.60419055,0.7392060599337507
LORKEK_clean,4.14947,2.50032,4.14617,1.84844,0.0,0.0,466.557,252.405,0.4506,0.243773,0.0,1,0.003029046,0.262503294,0.2836352404912501
LORMOW_clean,5.15517,3.73399,5.14768,1.63871,712.948,435.067,0.0,0.0,0.4168,0.254347,0.0,1,0.002971585,0.26095091,0.2740582384862503
LORROB_clean,6.37003,3.61495,6.36168,1.37197,938.703,684.2,0.0,0.0,0.4942,0.360212,0.0,1,0.002440973,0.230833849,0.22789357217875036
LORRUH_clean,6.15081,3.36993,6.15081,1.38382,906.777,655.273,0.0,0.0,0.48,0.346867,0.0,1,0.002438378,0.231638581,0.2271513787862501
LOSBOM_clean,6.43284,5.09662,6.26908,0.76383,2342.39,3066.64,0.0,0.0,0.6748,0.883443,0.0,1,0.00773226,0.767161943,0.6839472855037515
LOSXIC_clean,6.03462,5.83771,6.03429,1.10745,2163.31,1953.42,0.0,0.0,0.6146,0.554971,0.0,0,0.01147593,0.865909713,0.9336601210387522
LOTDIJ_clean,5.46612,4.37573,5.12432,0.961023,1171.92,1219.45,0.0,0.0,0.527,0.548374,0.0,0,0.006710392,0.593198642,0.6121190901362489
LOVLEP_clean,10.42908,4.04603,10.42903,1.5407,1428.2,926.981,0.0,0.0,0.5884,0.381905,0.0,1,0.001078085,0.104678434,0.10448728136125039
LOXKAM_clean,14.55985,13.78223,14.55985,0.784824,1498.1,1908.83,0.0,0.0,0.661,0.842227,0.0,1,0.004368355,0.419250518,0.4232049001462484
LOXWAY_clean,5.69577,5.32518,5.69577,1.3733,890.048,648.107,0.0,0.0,0.4566,0.332483,0.0,0,0.002678953,0.248564608,0.2488141374124998
LOXWEC_clean,7.26238,6.47995,7.26238,1.2744,1043.86,819.095,0.0,0.0,0.5004,0.392655,0.0,0,0.001707274,0.162940659,0.1655874706937505
LOZSAW02_clean,4.27216,2.64931,4.20411,1.02738,0.0,0.0,627.135,610.42,0.5042,0.490762,0.0,0,0.001569861,0.142228153,0.14957563260374973
LOZSAW_clean,4.38663,2.68416,4.38663,1.01242,0.0,0.0,716.85,708.055,0.523,0.516583,0.0,0,0.001604701,0.15285443,0.15317772317125025
LUBMAW_clean,13.15917,12.3614,13.15917,0.992617,1200.54,1209.47,0.0,0.0,0.628,0.632671,0.0,1,0.001625437,0.163948152,0.15974379890750134
LUBNAZ_clean,8.26904,7.02568,8.25431,1.05459,2068.88,1961.78,0.0,0.0,0.642,0.608768,0.0,1,0.003270127,0.326763153,0.31756406316500096
LUCDAO_clean,8.53408,6.05824,8.194,0.856034,2292.36,2677.89,0.0,0.0,0.7178,0.838519,0.0,1,0.002923201,0.291764449,0.2900057440937512
LUCDES_clean,8.51481,6.04534,8.51481,0.866707,2299.09,2652.67,0.0,0.0,0.7194,0.830038,0.0,1,0.002871184,0.282685332,0.28954721399625116
LUCDIW_clean,8.52461,6.17272,8.52461,0.822543,2288.73,2782.5,0.0,0.0,0.7208,0.876306,0.0,1,0.00303841,0.293318923,0.3070682741250006
LUDCUK_clean,6.13722,3.87042,6.049,1.49949,788.964,526.155,0.0,0.0,0.4632,0.308905,0.0,1,0.009917456,0.657289309,0.7896621960850017
LUDKOM_clean,6.72845,4.30181,6.72845,1.47246,871.523,591.883,0.0,0.0,0.4702,0.31933,0.0,1,0.011239505,0.751535721,0.8035481672575022
LUDKUS_clean,6.94763,4.22525,6.94763,1.5606,819.909,525.382,0.0,0.0,0.4464,0.286044,0.0,1,0.016381735,0.943453917,0.9932133483087501
LUDLAZ_clean,6.64156,4.20343,6.64156,1.63514,826.484,505.451,0.0,0.0,0.421,0.25747,0.0,1,0.024123085,1.164487837,1.355462564698752
LUDLED_clean,13.17739,6.65728,13.17739,0.881906,2096.4,2377.12,0.0,0.0,0.7118,0.807115,0.0,1,0.004944875,0.418962096,0.4380112141049991
LUDLIH_clean,13.23241,6.67449,13.22045,0.876399,2107.58,2404.81,0.0,0.0,0.7124,0.812871,0.0,1,0.004937126,0.420612756,0.43860203613624954
LUDRUZ_clean,5.22878,2.45714,5.21569,1.1124,0.0,0.0,399.819,359.42,0.51,0.458468,0.0,0,0.003780161,0.330301185,0.34119648606374886
LUDVIP_clean,6.92788,4.09866,6.92788,1.5951,1191.16,746.758,0.0,0.0,0.5576,0.34957,0.0,1,0.002110574,0.192640234,0.2049569266762504
LUDVUB_clean,5.40241,3.13712,5.16406,1.85106,0.0,0.0,613.784,331.585,0.489,0.264172,0.0,0,0.002651384,0.222131653,0.23794398054250035
LUFBUL_clean,4.96727,4.63026,4.96727,1.29284,870.275,673.148,0.0,0.0,0.4736,0.366324,0.0,1,0.00868781,0.676869295,0.7104059223224978
LUFCAS_clean,4.96103,4.24915,4.96103,1.44232,901.376,624.947,0.0,0.0,0.4662,0.323228,0.0,0,0.004114552,0.366562785,0.3800170977949985
LUFNAC01_clean,7.70412,5.87256,7.69288,1.02639,1471.97,1434.12,0.0,0.0,0.566,0.551448,0.0,1,0.005710534,0.539553666,0.5133951637962503
LUFNAC02_clean,7.66591,5.85542,7.65462,1.02962,1488.42,1445.6,0.0,0.0,0.5648,0.548553,0.0,1,0.005776737,0.540136679,0.5296052826037508
LUFNAC03_clean,7.68055,5.84066,7.66172,1.02599,1463.18,1426.13,0.0,0.0,0.565,0.55069,0.0,1,0.005680636,0.536879923,0.5120010870850006
LUFNAC04_clean,7.6755,5.87796,7.66911,1.02659,1461.4,1423.54,0.0,0.0,0.5658,0.551143,0.0,1,0.005817313,0.546438768,0.5308598880800006
LUFNAC05_clean,7.61946,5.80686,7.57494,1.03101,1474.3,1429.95,0.0,0.0,0.564,0.547035,0.0,1,0.005836533,0.544642747,0.5309200789225008
LUFNAC_clean,7.52412,5.6534,7.51131,1.03145,1483.45,1438.22,0.0,0.0,0.562,0.544864,0.0,1,0.005930499,0.559213793,0.5425130190337494
LUFNEG_clean,4.76594,3.97544,4.75053,1.17247,1466.56,1250.83,0.0,0.0,0.5002,0.426622,0.0,1,0.011279854,0.934125642,0.8772767347437518
LUFQUZ01_clean,4.13433,3.66293,4.13433,1.49707,741.631,495.388,0.0,0.0,0.4688,0.313145,0.0,1,0.009267354,0.784917072,0.7399519753450011
LUFQUZ02_clean,4.33985,4.02318,4.33985,1.29652,936.621,722.414,0.0,0.0,0.5262,0.405857,0.0,1,0.006449903,0.600897632,0.5626082972524981
LUFQUZ_clean,4.20915,3.71253,4.20915,1.48805,761.664,511.852,0.0,0.0,0.4716,0.316924,0.0,1,0.009804271,0.825435225,0.7483267624887519
LUJBAV_clean,4.98599,3.44797,4.98599,1.46601,380.372,259.461,0.0,0.0,0.3928,0.267938,0.0,1,0.00321966,0.250488316,0.30386062545875037
LUJPUC_clean,7.07474,4.6808,7.07474,1.16372,1382.44,1187.95,0.0,0.0,0.5842,0.50201,0.0,1,0.001517615,0.156020705,0.15156665594999996
LUJSOA_clean,4.74098,3.40425,4.68235,1.23774,661.744,534.639,0.0,0.0,0.5006,0.404447,0.0,1,0.000439602,0.048184438,0.04101646731999985
LUKREO_clean,4.04002,3.66815,4.04002,1.33832,308.401,230.438,0.0,0.0,0.4326,0.323241,0.0,1,0.002723689,0.262440156,0.24542295809625053
LUKRIS_clean,5.16354,4.10534,5.03617,1.38895,415.25,298.967,0.0,0.0,0.404,0.290867,0.0,1,0.001899063,0.164315679,0.1792871197274996
LUKRUE_clean_h,3.99432,3.21394,3.8514,1.36623,0.0,0.0,113.182,82.843,0.4088,0.299218,0.0,1,0.000629853,0.06204673,0.06215578330749974
LULHUW_clean,4.08097,3.25892,4.06963,1.25703,0.0,0.0,690.806,549.555,0.5334,0.424334,0.0,1,0.002606431,0.251409011,0.24111181704000081
LULJAE_clean,4.24556,3.3625,4.2354,1.23171,864.034,701.491,0.0,0.0,0.5204,0.422502,0.0,1,0.003250188,0.323949107,0.3074202278312516
LULVOF_clean,5.17234,3.93529,5.17234,1.20763,463.383,383.712,171.595,142.093,0.474,0.392504,0.0,0,0.007641443,0.531183294,0.6389033887662482
LULWUL_clean,3.64523,3.2818,3.64523,1.41495,0.0,0.0,243.003,171.739,0.3778,0.267005,0.0,1,0.003884717,0.360496291,0.3471573801024984
LULXEW_clean,3.97553,2.95293,3.94955,1.41342,0.0,0.0,208.526,147.532,0.3786,0.26786,0.0,1,0.002454603,0.219737425,0.22834137773250032
LUMDEC_clean,7.82073,4.889,7.82073,1.29296,1273.82,985.194,0.0,0.0,0.5548,0.429093,0.0,0,0.001614453,0.161718046,0.15833875951125126
LUMLIQ_clean,4.75675,3.55253,4.75675,2.1629,785.103,362.986,0.0,0.0,0.4638,0.214434,0.0,1,0.00885851,0.6353038,0.7025779995249986
LUMMAJ_clean,3.60227,2.93149,3.60227,1.61896,0.0,0.0,69.6794,43.0396,0.4432,0.273756,0.0,1,0.000196792,0.021973719,0.020519764056249952
LUMYID_clean,5.94433,4.56717,5.90149,1.30513,1995.48,1528.95,0.0,0.0,0.6194,0.474589,0.0,1,0.003994562,0.382403462,0.37969776377500153
LUMYOJ_clean,5.98976,4.51852,5.98976,1.3118,1973.17,1504.17,0.0,0.0,0.6186,0.471565,0.0,1,0.004090355,0.391216405,0.38727202431749963
LUMYUP_clean,6.15923,4.54415,6.13245,1.2924,1996.56,1544.85,0.0,0.0,0.6166,0.477097,0.0,1,0.003949859,0.367937145,0.37862005254000225
LUMZAW_clean,5.8494,4.60336,5.8494,1.30478,1964.07,1505.29,0.0,0.0,0.6278,0.481155,0.0,1,0.003943073,0.378599688,0.3780934829325012
LUMZEA_clean,5.68133,2.7509,5.67971,1.82686,0.0,0.0,694.97,380.419,0.4732,0.259024,0.0,1,0.001615364,0.142859699,0.15113101977375062
LUMZUO_clean,5.98461,4.76477,5.96493,1.86922,2708.01,1448.74,0.0,0.0,0.6802,0.363895,0.0,1,0.000553741,0.052978998,0.06032465711999995
LUNBAX_clean,5.92168,4.6498,5.91414,1.91328,2588.47,1352.9,0.0,0.0,0.676,0.353321,0.0,1,0.000528917,0.05214659,0.053312593331249596
LUNBEB_clean,5.83182,4.56735,5.65089,1.97905,2446.69,1236.29,0.0,0.0,0.6622,0.334605,0.0,1,0.000513712,0.052653058,0.053186946379999614
LUNBIF_clean,8.36527,6.6245,8.36354,1.86674,2385.2,1277.73,8.72646,4.67469,0.7178,0.38452,0.0,1,0.00055674,0.060261994,0.05995586013374983
LUNWEW_clean,5.21025,3.12517,5.06871,1.32697,0.0,0.0,1025.22,772.605,0.5554,0.418548,0.0,1,0.005018013,0.448961115,0.43724915219625177
LUPHIN_clean,5.12922,2.56897,5.0176,2.12269,0.0,0.0,732.567,345.112,0.4752,0.223867,0.0,1,0.015798206,0.900323962,0.9390227568712477
LUPTAS_clean,4.91554,3.81154,4.8497,1.42961,733.471,513.055,0.0,0.0,0.4568,0.319527,0.0,1,0.005112573,0.438545689,0.45674868418874953
LUPYAX_clean,7.54991,6.34934,7.53102,1.01424,2199.81,2168.93,0.0,0.0,0.6806,0.671046,0.0,1,0.003606419,0.357314331,0.34988788441125207
LUQGAG_clean,6.95292,4.98162,6.95292,1.09152,1536.81,1407.96,0.0,0.0,0.5428,0.497289,0.0,0,0.004505466,0.42068106,0.4399790019575018
LURLOB_clean,7.37662,6.99185,7.37662,1.00469,1747.18,1739.02,0.0,0.0,0.6396,0.636613,0.0,0,0.003949264,0.381730439,0.379719480451249
LUSHIR_clean,5.64907,5.07129,5.64636,1.2313,1163.45,944.9,0.0,0.0,0.5004,0.406401,0.0,0,0.004840382,0.440318083,0.43776310114375083
LUSHOX01_clean,5.25442,4.88912,5.25442,1.20931,1317.3,1089.3,0.0,0.0,0.5332,0.440913,0.0,1,0.004958205,0.453187538,0.44856261740875214
LUSHOX02_clean,5.40311,4.9355,5.40311,1.1935,1329.97,1114.34,0.0,0.0,0.5516,0.462169,0.0,1,0.00488846,0.458160009,0.4365903614850022
LUSHOX03_clean,5.24171,4.88245,5.22892,1.21123,1320.66,1090.34,0.0,0.0,0.5276,0.435589,0.0,1,0.004886875,0.450954127,0.4366720114937523
LUSHOX04_clean,5.42751,4.95925,5.42646,1.17969,1336.79,1133.18,0.0,0.0,0.5422,0.459613,0.0,1,0.004644354,0.436008182,0.4288862780425011
LUSHOX_clean,5.30336,4.92542,5.30336,1.19355,1298.68,1088.08,0.0,0.0,0.5398,0.452264,0.0,1,0.004774333,0.442664033,0.42892259037000086
LUSHUD_clean,5.21289,4.69215,5.21289,1.27198,1075.64,845.64,0.0,0.0,0.4926,0.38727,0.0,0,0.005418449,0.482465187,0.46946810502749725
LUSJEP_clean,6.10412,5.49511,6.10412,1.18923,1245.03,1046.92,0.0,0.0,0.5248,0.441293,0.0,0,0.005068061,0.458946311,0.46270168738374934
LUSJIT_clean,6.09975,5.42401,6.09669,1.18953,1257.58,1057.21,0.0,0.0,0.5236,0.440174,0.0,0,0.00459792,0.434099803,0.4331947742137512
LUSJOZ_clean,6.14785,5.47386,6.14779,1.1794,1250.19,1060.02,0.0,0.0,0.5326,0.451584,0.0,0,0.004912826,0.438473001,0.4468964958275003
LUSYEF_clean,11.6475,5.80016,11.64729,0.734641,2294.6,3123.44,0.0,0.0,0.7226,0.98361,0.0,1,0.004954311,0.486773621,0.45332660346624953
LUSZIJ01_clean,3.93885,2.57303,3.93885,1.89412,0.0,0.0,271.031,143.091,0.4496,0.237366,0.0,1,0.004839389,0.412588556,0.4006364914712524
LUSZIJ_clean,3.91613,2.57418,3.91613,1.90524,0.0,0.0,264.197,138.668,0.4448,0.233461,0.0,1,0.004456445,0.394195104,0.3953393124575026
LUSZOP01_clean,3.94583,2.56857,3.94583,1.89964,0.0,0.0,270.458,142.374,0.4472,0.235414,0.0,1,0.004908157,0.413843911,0.40623615768000204
LUSZOP_clean,3.94831,2.56404,3.94831,1.90006,0.0,0.0,273.135,143.75,0.4458,0.234624,0.0,1,0.004809724,0.406078506,0.39811484200000247
LUSZUV_clean,3.94192,2.56912,3.94192,1.89964,0.0,0.0,272.075,143.225,0.4468,0.235203,0.0,1,0.004910854,0.419648751,0.40625738355875207
LUTBEI_clean,3.92652,2.55814,3.92652,1.91248,0.0,0.0,260.586,136.255,0.4446,0.232473,0.0,1,0.004701852,0.412347193,0.39592943718875234
LUTBUY_clean,3.93905,2.5829,3.93905,1.89014,0.0,0.0,277.344,146.732,0.4498,0.237972,0.0,1,0.004504987,0.400140176,0.3974887533650025
LUTCAF_clean,3.90986,2.5592,3.90789,1.91836,0.0,0.0,261.138,136.125,0.4454,0.232177,0.0,1,0.004580497,0.392982897,0.39556230204500237
LUTCEJ_clean,3.9269,2.58728,3.9269,1.89949,0.0,0.0,275.756,145.174,0.4496,0.236695,0.0,1,0.004402509,0.404182663,0.3913142820462523
LUTDAG_clean,3.89478,2.54566,3.89055,1.92866,0.0,0.0,261.649,135.664,0.4434,0.229901,0.0,1,0.004682975,0.424814451,0.39579855296625227
LUTSEA_clean,4.56432,3.41314,4.56432,1.75016,669.342,382.447,0.0,0.0,0.5022,0.286946,0.0,1,0.000746248,0.072877855,0.0716949463462499
LUVWUU_clean,5.95531,3.72974,5.95531,1.11029,1552.29,1398.09,0.0,0.0,0.5716,0.514821,0.0,1,0.002891309,0.280541923,0.2785900576524996
LUWMEX_clean,5.64862,4.46205,5.64805,1.16543,1755.8,1506.57,0.0,0.0,0.5904,0.506596,0.0,1,0.005522706,0.486564924,0.5155998836012491
LUWMIB_clean,6.46125,4.54999,6.46125,1.13178,2301.96,2033.92,0.0,0.0,0.6152,0.543567,0.0,1,0.005212901,0.48141762,0.48496255751375345
LUWMOH_clean,6.36296,4.2806,6.36272,1.20693,1999.45,1656.65,0.0,0.0,0.5984,0.495805,0.0,1,0.005501684,0.490113555,0.5143246689212491
LUWYUY_clean,3.68471,2.93207,3.68471,1.50679,0.0,0.0,132.008,87.6087,0.4254,0.282323,0.0,0,0.000606296,0.058081336,0.06169639447749977
LUXDUE_clean,13.68943,4.23916,13.68943,1.04302,1835.8,1760.08,13.4841,12.9279,0.692,0.663456,0.0,1,0.003007959,0.282319522,0.2949390281262492
LUXFOA_clean,13.73946,4.3179,13.73946,0.952497,1834.04,1925.51,15.1519,15.9076,0.6722,0.705724,0.0,1,0.002272397,0.22119053,0.22476737888499962
LUXFUG_clean,13.71044,4.29007,13.71044,1.01438,1788.77,1763.41,11.1798,11.0213,0.6608,0.651434,0.0,1,0.00224989,0.216021093,0.22041240079749969
LUYBOY_clean,7.89316,7.4198,7.87816,1.34135,1580.28,1178.13,0.0,0.0,0.5778,0.43076,0.0,1,0.002530304,0.239286394,0.2508462359962495
LUYHAP_clean,12.05622,6.74493,12.05603,0.618537,2287.3,3697.93,0.0,0.0,0.7716,1.24746,0.0,1,0.003386692,0.344058791,0.3389489029037505
LUYSEF_clean,4.81614,3.46612,4.554,1.34495,1416.38,1053.11,0.0,0.0,0.6156,0.457711,0.0,1,0.002164144,0.213579338,0.20836126560500087
LUYSOP_clean,15.21554,13.85225,15.21554,0.826153,1716.72,2077.96,0.0,0.0,0.7048,0.853111,0.0,0,0.005920579,0.568234539,0.5497091523612476
LUYVAD_clean,5.03526,2.48388,4.99834,2.01094,0.0,0.0,463.564,230.522,0.4026,0.200205,0.0,0,0.010188808,0.657076651,0.7391364339950012
LUZBOY_clean,6.14636,4.66385,6.14509,0.864953,1863.69,2154.67,0.0,0.0,0.6302,0.728594,0.0,0,0.003569894,0.342731994,0.3469727010800001
LUZJAT_clean,8.19723,7.01697,8.18474,1.37403,1823.93,1327.44,0.0,0.0,0.6136,0.44657,0.0,1,0.00452249,0.423419092,0.4345591166337502
MABCUQ_clean,5.37255,3.56877,5.37255,1.53414,1466.89,956.165,0.0,0.0,0.6184,0.403092,0.0,1,0.001539249,0.14809239,0.15505800238625006
MABJUV01_clean,4.71712,3.63905,4.71712,1.54053,563.034,365.48,0.0,0.0,0.4068,0.264064,0.0,0,0.002650131,0.236394487,0.23997778274125056
MABJUV_clean,4.72309,3.67608,4.72309,1.52978,599.848,392.114,0.0,0.0,0.4106,0.268405,0.0,0,0.002601575,0.232329845,0.2400413819612509
MABKEG_clean,4.96705,4.29241,4.96705,1.47907,598.033,404.332,0.0,0.0,0.4092,0.276661,0.0,0,0.002972055,0.260763218,0.27441358949124955
MABKIK01_clean,5.51433,5.20447,5.51433,1.39065,845.278,607.831,0.0,0.0,0.4446,0.319707,0.0,0,0.00242163,0.222226136,0.22449624283125008
MABKIK_clean,4.95272,4.26488,4.95272,1.45304,582.257,400.715,0.0,0.0,0.4264,0.293453,0.0,0,0.002798604,0.250197598,0.2655815408437492
MABLAD_clean,5.34449,3.90767,5.34449,1.19766,953.889,796.46,0.0,0.0,0.4728,0.394769,0.0,0,0.007848417,0.6400349,0.6590448464712472
MACHIJ_clean,13.29616,4.97277,13.29616,0.983012,1612.04,1639.9,0.0,0.0,0.67,0.681578,0.0,1,0.002024996,0.202877348,0.19470117001875017
MACKAE_clean,9.52684,4.31294,9.52684,2.70363,1850.45,684.433,0.0,0.0,0.6186,0.228804,0.0,1,0.000761863,0.077591895,0.07133712384125009
MADVUJ_clean,5.32382,4.69426,5.32382,1.65668,675.478,407.729,0.0,0.0,0.418,0.252311,0.0,0,0.003076309,0.260377903,0.28575592355375046
MADWAQ_clean,5.18677,4.51055,5.17631,1.52314,635.031,416.921,0.0,0.0,0.412,0.270493,0.0,0,0.00338641,0.302334791,0.31637873437124925
MAFDII_SL,6.17503,4.57934,6.17321,1.14403,1406.65,1229.55,266.817,233.224,0.5936,0.518866,0.0,0,0.005901108,0.519889413,0.5342016457037505
MAFJIO_clean,10.24604,5.19927,9.76441,0.774705,2445.7,3156.94,0.0,0.0,0.7196,0.92887,0.0,1,0.00393648,0.39247275,0.3801871183224991
MAFLUD_clean,5.38373,3.98212,5.36788,1.15006,1774.93,1543.34,0.0,0.0,0.592,0.514756,0.0,1,0.005334185,0.509634382,0.475650511762501
MAFMAK01_clean,5.76423,4.1915,5.74643,1.09839,2062.25,1877.52,0.0,0.0,0.6384,0.581215,0.0,0,0.004867418,0.471176528,0.44757402225000115
MAFZOK_clean,4.49041,2.53181,4.48098,2.00933,0.0,0.0,449.885,223.898,0.4406,0.219277,0.0,1,0.003597039,0.293611369,0.3189326864937475
MAGBAZ_clean,7.74379,4.25931,7.73545,0.9596,2206.02,2298.89,0.0,0.0,0.666,0.694039,0.0,0,0.004051649,0.393328364,0.4011165060287479
MAGBON_clean,6.77313,5.2032,6.75742,1.14435,2195.85,1918.86,0.0,0.0,0.6464,0.564863,0.0,0,0.006222353,0.585983959,0.5693215110312466
MAGBUT01_clean,6.04955,2.40297,6.04955,0.778645,0.0,0.0,1053.37,1352.82,0.6282,0.806786,0.0,0,0.002843774,0.262746501,0.27978028840624986
MAGCUU_clean,5.53566,2.64045,5.53455,0.933009,0.0,0.0,800.732,858.226,0.5044,0.540617,0.0,0,0.004745815,0.397388732,0.41337062495250215
MAGDAB_clean,5.47778,2.50093,5.47778,0.943046,0.0,0.0,774.929,821.73,0.524,0.555646,0.0,0,0.004740533,0.412516182,0.41338690493125213
MAGNEQ01_clean,5.36278,4.15643,5.36278,1.09674,2370.15,2161.08,0.0,0.0,0.672,0.612723,0.0,1,0.001862933,0.199776966,0.182438506614999
MAGNEQ_clean,5.32617,4.14354,5.3111,1.10004,2360.03,2145.41,0.0,0.0,0.6692,0.608342,0.0,1,0.001912672,0.196627614,0.19029920762874952
magnetochemistry3010001_PF290NdNO3_clean,4.34003,2.40222,4.34003,1.82734,0.0,0.0,312.851,171.206,0.435,0.23805,0.0,1,0.002039896,0.190440312,0.18813377260249997
magnetochemistry3010001_PF362NdCl_clean,4.20828,3.26143,4.18379,1.82277,0.0,0.0,338.278,185.584,0.445,0.244133,0.0,1,0.002479442,0.229433882,0.22949379887999985
MAGVOG01_clean,3.75071,3.05593,3.74757,1.79514,0.0,0.0,194.02,108.081,0.526,0.293013,0.0,1,0.000107908,0.011769457,0.011498072266249994
MAGVOG02_clean,3.76101,3.0537,3.76101,1.78918,0.0,0.0,198.6,111.001,0.533,0.297902,0.0,1,0.000138917,0.012330498,0.01392487619999991
MAGVOG03_clean,3.66626,3.00986,3.66626,1.80948,0.0,0.0,139.44,77.0607,0.5256,0.29047,0.0,1,5.79e-05,0.00753953,0.006542237938750011
MAGVOG07_clean,3.42382,3.00605,3.42382,1.90636,0.0,0.0,7.36165,3.86163,0.5032,0.263958,0.0,1,3.72e-06,0.000654892,0.00044218938875000257
MAGVOG08_clean,3.57665,2.93929,3.57665,1.92425,0.0,0.0,24.007,12.476,0.5074,0.263688,0.0,1,1.3e-05,0.001800954,0.0014033864537500002
MAGVOG09_clean,3.36299,2.86661,3.36299,1.95801,0.0,0.0,0.997068,0.509226,0.4944,0.252501,0.0,1,0.0,6.05e-05,7.861125625000044e-05
MAGVOG10_clean,3.24911,2.82176,3.24911,1.98165,0.0,0.0,0.0,0.0,0.4906,0.247572,0.0,1,0.0,2.95e-05,7.482341500000036e-05
MAGVOG12_clean,3.24962,2.80058,3.24962,2.02971,0.0,0.0,0.0,0.0,0.4778,0.235404,0.0,1,0.0,1.71e-05,7.784597750000039e-05
MAGVOG13_clean,3.1603,2.64187,3.13218,2.0515,0.0,0.0,0.0,0.0,0.4744,0.231245,0.0,1,0.0,4.65e-06,9.055166625000003e-05
MAGVOG14_clean,3.23099,2.81571,3.19639,2.06375,0.0,0.0,0.0,0.0,0.476,0.230648,0.0,1,0.0,1.94e-05,8.697011375000016e-05
MAGVOG16_clean,3.75593,3.07694,3.75593,1.78283,0.0,0.0,198.818,111.518,0.535,0.300085,0.0,1,0.000137263,0.012886164,0.012925199503749953
MAGVOG17_clean,3.77611,3.07376,3.77611,1.78243,0.0,0.0,216.02,121.194,0.5342,0.299702,0.0,1,0.000130648,0.014005765,0.01238619024749997
MAGVOG18_clean,3.79122,3.07658,3.79122,1.78066,0.0,0.0,226.838,127.39,0.536,0.301013,0.0,1,0.000130648,0.015075753,0.01238619024749997
MAGVOG19_clean,3.8036,3.08426,3.8036,1.77767,0.0,0.0,234.303,131.804,0.536,0.301518,0.0,1,0.000160416,0.015742222,0.016660164824999987
MAGVOG21_clean,3.83389,3.09337,3.83389,1.7741,0.0,0.0,254.608,143.514,0.5378,0.30314,0.0,1,0.0001753,0.018461017,0.01686526467750003
MAGVOG23_clean,3.54406,2.98963,3.54406,1.81212,0.0,0.0,70.7465,39.0406,0.5232,0.288722,0.0,1,2.98e-05,0.002705565,0.002749720854999997
MAGVOG26_clean,3.57311,3.00888,3.57311,1.80569,0.0,0.0,79.3838,43.9631,0.5252,0.290858,0.0,1,3.8e-05,0.00362506,0.003115749055000001
MAGVOG27_clean,3.59124,3.01562,3.59124,1.80241,0.0,0.0,93.3129,51.7713,0.5262,0.291943,0.0,1,3.31e-05,0.00429649,0.0030601682912499996
MAGVOG28_clean,3.62042,3.02827,3.62042,1.80007,0.0,0.0,107.553,59.7491,0.5278,0.29321,0.0,1,4.13e-05,0.005295367,0.003621177520000017
MAGVOG29_clean,3.632,3.03778,3.632,1.79915,0.0,0.0,114.827,63.8229,0.5284,0.293695,0.0,1,5.46e-05,0.005817957,0.005338518816250006
MAGVOG30_clean,3.65061,3.03835,3.65061,1.79585,0.0,0.0,125.436,69.8477,0.5292,0.294679,0.0,1,8.1e-05,0.006780451,0.008374048305000036
MAGVOG31_clean,3.66117,3.04425,3.66117,1.79247,0.0,0.0,133.111,74.261,0.5302,0.295793,0.0,1,7.61e-05,0.007208777,0.008395218152500036
MAGVOG32_clean,3.68832,3.05964,3.68832,1.79194,0.0,0.0,152.08,84.8688,0.5312,0.296439,0.0,1,8.43e-05,0.008940272,0.00879474458875004
MAGVOG33_clean,3.71052,3.06345,3.71052,1.78767,0.0,0.0,164.762,92.1656,0.532,0.297593,0.0,1,9.59e-05,0.009912688,0.01120075573624998
MAGVOG34_clean,3.72938,3.07015,3.72938,1.78345,0.0,0.0,180.72,101.332,0.533,0.298858,0.0,1,0.000112456,0.010727996,0.01151582015999999
MAGVOG35_clean,3.73829,3.07384,3.73829,1.78309,0.0,0.0,182.955,102.606,0.5344,0.299705,0.0,1,0.000110803,0.011498652,0.01148929677249999
MAGVOG_clean,3.64024,2.80137,3.64024,1.78872,0.0,0.0,95.6406,53.4687,0.5274,0.294848,0.0,1,3.8e-05,0.002819675,0.003087267657499998
MAHCEG_clean,18.51843,7.97271,18.51843,0.531149,2149.05,4046.05,0.0,0.0,0.8144,1.53328,0.0,1,0.002942371,0.30712419,0.29025068241499985
MAHCIK_clean,18.77734,7.81499,18.77734,0.539574,2171.35,4024.19,0.0,0.0,0.8044,1.49081,0.0,1,0.003095245,0.313159317,0.3029811206387503
MAHCOQ_clean,18.83938,7.96401,18.83938,0.527426,2147.45,4071.57,0.0,0.0,0.8002,1.51718,0.0,1,0.002980164,0.314370527,0.2925884785262495
MAHTAR01_clean,5.34764,4.14932,5.34428,1.34276,985.458,733.903,0.0,0.0,0.4968,0.369983,0.0,1,0.00539358,0.460703044,0.46970117110124776
MAHTAR_clean,5.34824,4.13773,5.34698,1.34089,993.502,740.929,0.0,0.0,0.4942,0.368562,0.0,1,0.00531045,0.458579709,0.4572531690187491
MAJHOW_clean,5.19955,3.2085,5.19438,1.20736,0.0,0.0,833.151,690.059,0.493,0.408328,0.0,1,0.003591867,0.323527845,0.32703619949374835
MAJHUC_clean,5.75252,3.69157,5.65377,1.18631,467.138,393.774,0.0,0.0,0.4432,0.373595,0.0,1,0.001120087,0.112471283,0.10900979415000021
MAKFIQ_clean,8.56724,6.92833,8.56724,1.27671,1511.52,1183.92,0.0,0.0,0.5678,0.444738,0.0,0,0.002770515,0.265852366,0.2619514622762488
MAKFOW_clean,8.33236,6.80185,8.33236,1.32055,1504.03,1138.94,0.0,0.0,0.578,0.437696,0.0,0,0.002902598,0.284037906,0.28014812127624844
MAKGAJ_clean,8.49976,6.89727,8.49976,1.31953,1515.96,1148.87,0.0,0.0,0.5704,0.432276,0.0,0,0.002696103,0.272209736,0.26054689696124894
MAKGEN_clean,4.0111,2.43637,4.00403,1.80108,0.0,0.0,165.608,91.9493,0.3776,0.209653,0.0,1,0.001556843,0.140094856,0.14047619085374985
MAKGOX_clean,3.98698,2.54284,3.97868,1.8507,0.0,0.0,182.768,98.7559,0.3786,0.204571,0.0,1,0.001758385,0.152987961,0.1626574766774999
MAKGUD_clean,3.78705,2.51476,3.78705,1.84426,0.0,0.0,126.218,68.4384,0.384,0.208214,0.0,1,0.001259722,0.116637271,0.1215024561462496
MAKHAJ_clean,5.36353,4.34017,5.23294,1.65348,1412.13,854.037,0.0,0.0,0.5972,0.361179,0.0,0,0.006610159,0.560738701,0.5929179857662515
MAKHAK_clean,3.80555,2.45764,3.79698,1.85069,0.0,0.0,137.738,74.4251,0.3892,0.2103,0.0,1,0.001262861,0.112767864,0.12148400873874962
MAKRAU_clean,7.29081,6.46944,7.28567,1.08372,1133.62,1046.04,0.0,0.0,0.4976,0.459157,0.0,1,0.003057732,0.299185371,0.2935532528475005
MAKRIC_clean,4.96992,3.99417,4.90348,1.09301,509.103,465.783,515.606,471.733,0.491,0.44922,0.0,1,0.009046014,0.737216207,0.7797922927449988
MAKSUO_clean,3.81372,2.87742,3.81309,1.78039,0.0,0.0,63.8206,35.8464,0.3796,0.213212,0.0,1,0.000548479,0.056588322,0.05768185698874952
MAKXAZ_clean,5.08726,4.83873,5.06957,1.27292,905.072,711.021,0.0,0.0,0.4628,0.363574,0.0,0,0.006157725,0.507439249,0.5365027833187501
MALFUD_clean,7.43512,5.15007,7.43277,0.84804,2258.38,2663.06,0.0,0.0,0.6712,0.791472,0.0,1,0.002554522,0.263798602,0.25798669436750016
MALROJ_clean,16.84369,16.76415,16.84369,0.692416,1360.98,1965.54,0.0,0.0,0.7588,1.09587,0.0,1,0.002768038,0.278330575,0.2722557028262502
MALRUM_clean,5.9367,4.07723,5.9367,0.815854,1158.61,1420.12,12.5333,15.3622,0.5888,0.721698,0.0,0,0.002480882,0.237918053,0.23536011227124884
MALRUP_clean,16.92414,16.84411,16.92414,0.675419,1334.6,1975.96,0.0,0.0,0.764,1.13115,0.0,1,0.003249236,0.310997064,0.3127531532775017
MALSAW_clean,16.91027,16.82951,16.91027,0.672455,1349.27,2006.49,0.0,0.0,0.7654,1.13822,0.0,1,0.002961191,0.307241567,0.28959182670250067
MALSEA_clean,16.90358,16.82254,16.90358,0.671459,1350.93,2011.93,0.0,0.0,0.767,1.14229,0.0,1,0.003133582,0.307243749,0.29867933006375225
MALSIE_clean,16.8944,16.81333,16.8944,0.672143,1349.09,2007.15,0.0,0.0,0.767,1.14113,0.0,1,0.003059388,0.306593466,0.2968326450875022
MALSOK_clean,16.92569,16.84467,16.92569,0.669653,1353.12,2020.63,0.0,0.0,0.7686,1.14776,0.0,1,0.00311176,0.307605988,0.29751397738375235
MALWOM_clean,4.33227,3.16942,4.27766,1.77992,0.0,0.0,715.294,401.869,0.5544,0.311475,0.0,0,0.008361419,0.674898499,0.698266414143747
MALWUU_clean,4.24807,2.98977,4.2372,1.95493,0.0,0.0,486.984,249.105,0.4672,0.238985,0.0,0,0.005706351,0.454928709,0.45846510591749995
MANDUD_clean,8.1447,5.93208,8.1447,0.901348,2323.1,2577.36,0.0,0.0,0.6668,0.739781,0.0,1,0.003909062,0.369513621,0.37940188127499946
MANLAP_ion_b,4.72532,3.67633,4.72532,0.949147,1391.99,1466.57,0.0,0.0,0.5776,0.608546,0.0,0,0.003044111,0.303006462,0.29384670559875053
MANLOD_manual,8.55642,5.36069,8.35991,0.706783,1873.58,2650.85,92.9946,131.574,0.6674,0.944278,0.0,0,0.002867054,0.291073791,0.2875394607250002
MAPCIP_clean,9.53742,5.44759,9.32696,1.58248,1828.68,1155.58,0.0,0.0,0.6098,0.385344,0.0,0,0.003305282,0.328885312,0.32374692578500047
MAPCUE_clean,5.3952,3.72256,5.3952,1.47049,1163.8,791.435,0.0,0.0,0.504,0.342742,0.0,0,0.004753257,0.419980948,0.42896961659499916
MAPFIS_clean,5.59771,4.30891,5.54289,1.06696,1494.67,1400.87,0.0,0.0,0.5474,0.513047,0.0,1,0.005189463,0.508502293,0.4700050497450005
MAPFOY_clean,4.52682,3.38698,4.51576,1.24538,538.295,432.235,0.0,0.0,0.433,0.347686,0.0,1,0.011734592,0.841288035,0.803340379840003
MAPHAP_clean,4.44624,2.68084,4.43788,1.52115,0.0,0.0,517.818,340.412,0.5052,0.332117,0.0,1,0.0058964,0.46857763,0.49997392275875074
MAPLEX_clean,5.48812,3.7418,5.48733,1.43983,1166.77,810.351,0.0,0.0,0.499,0.346569,0.0,0,0.004744372,0.426327485,0.4291776403524995
MAQBEO_clean,9.00352,4.63709,9.00352,0.93614,1838.21,1963.61,22.2471,23.7647,0.63,0.672976,0.0,1,0.005837894,0.543524457,0.5386494403799973
MAQBIS_clean,11.35798,8.5918,11.35555,0.674777,2143.5,3176.61,0.0,0.0,0.7262,1.07621,0.0,1,0.005731038,0.533286391,0.5297997436299985
MAQJEW_clean,3.08024,2.67956,3.08024,2.0036,0.0,0.0,0.0,0.0,0.3686,0.183969,0.0,0,0.0,1.31e-05,7.975054374999989e-05
MAQRAA_clean,6.97366,6.05295,6.96579,1.20561,1541.67,1278.75,0.0,0.0,0.5886,0.488218,0.0,1,0.004056322,0.384145267,0.3953042214724998
MARJAQ_clean,10.63499,10.4191,10.6339,1.83144,1181.22,644.965,1.00954,0.551229,0.5826,0.31811,0.0,1,0.009419876,0.786624484,0.7704790114837526
MARLID_clean,4.13872,3.05951,4.13872,1.62151,0.0,0.0,215.675,133.009,0.4692,0.28936,0.0,1,0.000525049,0.047639039,0.05248247075374967
MARNOL_clean,5.81104,3.45148,5.7898,1.22228,1232.48,1008.35,0.0,0.0,0.5482,0.448508,0.0,1,0.004343209,0.398370088,0.4097879738187498
MARNUR_clean,3.87551,3.35146,3.87331,1.60434,204.709,127.597,0.0,0.0,0.4222,0.263162,0.0,0,0.002601553,0.228288832,0.23947050766625064
MARPOL_clean,5.59699,4.85089,5.59699,1.22385,769.975,629.142,0.0,0.0,0.4788,0.391224,0.0,0,0.001167518,0.110542625,0.11858723826000044
MARXEK_clean,6.80849,6.42208,6.80849,1.6895,1568.88,928.61,0.0,0.0,0.5668,0.335485,0.0,0,0.003904033,0.37176277,0.3619969052312495
MASMIC_clean,9.31006,7.53558,9.30278,0.580679,2625.75,4521.86,0.0,0.0,0.7606,1.30985,0.0,1,0.003195086,0.330194029,0.3171440659775006
MASZOX_clean,6.20608,3.81259,6.16409,1.48643,1158.39,779.31,0.0,0.0,0.5192,0.349294,0.0,1,0.002503096,0.233480536,0.23915670629875074
MASZUD_clean,6.16395,3.77069,6.1156,1.46962,1165.3,792.926,0.0,0.0,0.5354,0.364312,0.0,1,0.002332983,0.221232376,0.2189908852725001
MATBAM_clean,7.54049,4.88112,7.54049,1.17286,1649.01,1405.98,0.0,0.0,0.5866,0.500147,0.0,1,0.003443348,0.319043484,0.3342046684737512
MATBEQ_clean,6.25491,3.91181,5.95608,1.39707,1185.59,848.625,0.0,0.0,0.547,0.391533,0.0,1,0.00294777,0.266559361,0.27622939737624874
MATFIY_clean,8.97967,4.54894,7.97865,1.40065,1635.25,1167.49,0.0,0.0,0.6194,0.442222,0.0,1,0.001333056,0.120908942,0.13133527616875096
MATHEV_clean,3.84188,2.65767,3.81662,2.1752,0.0,0.0,377.192,173.406,0.3942,0.181225,0.0,0,0.002727123,0.237955976,0.24177269317999925
MATPOP_clean,9.20624,4.84305,9.20624,1.16023,1655.06,1426.49,0.0,0.0,0.6112,0.526791,0.0,1,0.003309462,0.303551397,0.32510523717000134
MATPUV_clean,8.96945,4.59437,8.96945,1.16708,1604.04,1374.41,0.0,0.0,0.584,0.500396,0.0,1,0.003122099,0.298832452,0.3006026601762502
MATTOR_clean,5.58364,3.90943,5.58364,1.24007,952.192,767.854,70.05,56.4887,0.5222,0.421105,0.0,1,0.008768143,0.725437443,0.6971439600274998
MATTUX_clean,6.25712,5.16476,6.25712,1.06941,1603.09,1499.04,0.0,0.0,0.5648,0.528144,0.0,1,0.006553385,0.581301918,0.6047654231812492
MATVIN_clean,3.96403,2.68633,3.96403,1.62281,0.0,0.0,287.453,177.133,0.4138,0.25499,0.0,1,0.007145457,0.486605928,0.5556646023149981
MATWUC_clean,6.79171,5.36307,6.77355,0.962581,2073.83,2154.45,0.0,0.0,0.6394,0.664256,0.0,1,0.007547939,0.690002178,0.6817913501362508
MATXAJ_clean,12.50004,9.04853,12.40632,0.6224,2078.93,3340.18,0.0,0.0,0.775,1.24518,0.0,1,0.003962961,0.384103727,0.3831090944399992
MAVFEV_clean,4.93313,4.38082,4.93313,1.57553,2293.93,1455.98,0.0,0.0,0.6088,0.38641,0.0,0,0.002159536,0.213832203,0.21108570404250165
MAVNUU_manual,7.52328,6.25675,7.49475,1.00896,1346.7,1334.73,0.0,0.0,0.5494,0.544519,0.0,1,0.006018126,0.546248182,0.560642438609999
MAWFEY_clean,8.76979,6.5651,8.76979,1.23234,2527.32,2050.83,0.36923,0.299617,0.7208,0.584904,0.0,1,0.001137002,0.11474177,0.10929861988875014
MAWFIC_clean,9.46149,6.72598,9.46149,1.3222,2511.12,1899.19,0.278339,0.210512,0.7294,0.551655,0.0,1,0.0007395,0.079045357,0.0723629179837498
MAWTUC_clean,5.33465,4.95075,5.33465,1.06578,1588.39,1490.35,0.0,0.0,0.586,0.549831,0.0,1,0.005496392,0.515763726,0.4966599609099996
MAWVAK_clean,5.70954,5.40047,5.70954,0.993165,1765.23,1777.38,0.0,0.0,0.616,0.620239,0.0,1,0.004820699,0.443644398,0.43387786017875024
MAXHAW_clean,3.31853,2.42737,3.31853,2.28935,0.0,0.0,0.0,0.0,0.4238,0.185118,0.0,0,2.95e-05,0.002581998,0.0028031653250000016
MAXHIE_clean,3.27821,2.44968,3.27008,2.35511,0.0,0.0,0.0,0.0,0.3996,0.169674,0.0,0,1.42e-05,0.001474335,0.0014565853487499975
MAXHOJ01_clean,7.81574,7.80243,7.81574,2.30216,801.005,347.937,0.0,0.0,0.4866,0.211367,0.0,1,0.000330114,0.03390889,0.033922663815000094
MAXHOJ02_clean,7.99097,7.97883,7.99097,2.29999,841.343,365.803,0.0,0.0,0.4922,0.214001,0.0,1,0.000381818,0.035497147,0.03615139838250001
MAXHOJ_clean,7.21423,7.14904,7.21308,2.35131,802.226,341.182,0.0,0.0,0.4652,0.197847,0.0,1,0.000344034,0.034835594,0.034046096498750095
MAXHOK_clean,3.23312,2.40826,3.22421,2.39875,0.0,0.0,0.0,0.0,0.3968,0.16542,0.0,0,3.01e-06,0.000753146,0.00021907397874999885
MAXHUQ_clean,3.15616,2.50445,3.06128,2.56143,0.0,0.0,0.0,0.0,0.3892,0.151946,0.0,0,0.0,3.05e-05,0.0001390534087500003
MAXJIG_clean,3.07682,2.44902,3.07401,2.67778,0.0,0.0,0.0,0.0,0.3876,0.144747,0.0,0,9.59e-07,0.000102652,0.0001588298375000002
MAXJOM_clean,3.0386,2.42304,3.03581,2.73009,0.0,0.0,0.0,0.0,0.3846,0.140874,0.0,0,9.5e-07,3.99e-05,0.0001299342387500003
MAYFUN_clean,4.35216,2.72561,4.31622,1.75285,0.0,0.0,838.213,478.201,0.4836,0.275894,0.0,0,0.006454268,0.531970802,0.5300347052325016
MAYGAU_clean,4.36117,2.74007,4.30735,1.7533,0.0,0.0,854.122,487.15,0.4854,0.276849,0.0,0,0.00661685,0.547642036,0.5466626688849998
MAYJOM_clean,6.51956,6.14293,6.51763,1.25239,1627.1,1299.19,0.0,0.0,0.6236,0.497928,0.0,0,0.004778196,0.454071161,0.44157639077375066
MAYKOO_clean,12.58218,11.50288,12.56968,0.603307,2027.92,3361.34,0.0,0.0,0.7608,1.26105,0.0,1,0.003267479,0.326154389,0.3204971873125006
MAYPIM_clean,4.30951,2.65055,3.86026,2.0289,0.0,0.0,234.683,115.67,0.3812,0.187886,0.0,1,0.009230181,0.594446911,0.6650422452199991
MAYYAN_clean,4.73791,2.96698,4.59269,1.77725,0.0,0.0,586.024,329.736,0.5108,0.28741,0.0,0,0.000453871,0.043827368,0.04394212513999998
MAZJAY_clean,5.84732,2.9425,5.84732,1.86705,0.0,0.0,707.249,378.806,0.4848,0.259661,0.0,0,0.002365585,0.213914745,0.21926533204499957
MAZJEC_clean,5.75047,2.93376,5.6386,1.90857,0.0,0.0,684.75,358.776,0.4812,0.252125,0.0,0,0.002347973,0.206838192,0.21812116923874952
MAZSUD_clean,5.33307,3.93087,5.33307,1.15662,1798.05,1554.58,0.0,0.0,0.618,0.534316,0.0,0,0.005744183,0.54510871,0.5362298522287462
MAZTIR_clean,3.47163,3.22908,3.47014,2.20438,0.0,0.0,115.527,52.4079,0.4022,0.182455,0.0,1,0.003931852,0.341906187,0.3383426546849986
MAZYER_clean,4.43636,3.24332,4.39078,1.94597,0.0,0.0,377.647,194.066,0.3434,0.176467,0.0,0,0.002586559,0.234313624,0.2383943326037501
MEBMEM01_clean,4.99521,4.76904,4.99521,2.65468,694.411,261.58,0.0,0.0,0.4228,0.159266,0.0,1,0.000261008,0.025656383,0.02601819367124989
MECLEL_clean,6.5631,2.8574,6.52958,1.72824,0.0,0.0,1055.34,610.644,0.4884,0.2826,0.0,0,0.004199882,0.373174059,0.38638566175125016
MECVUM_clean,10.76139,2.6588,10.76139,1.14587,0.0,0.0,1790.65,1562.7,0.693,0.604779,0.0,0,0.002479961,0.240075896,0.2371163173162492
MECWEX_manual,11.42301,3.1317,11.42301,0.921103,0.0,0.0,1390.12,1509.19,0.6422,0.697207,0.0,0,0.00177577,0.184159325,0.1774798352837495
MECWIB_clean,7.68734,5.08903,7.68734,1.09108,1654.78,1516.65,0.0,0.0,0.567,0.51967,0.0,0,0.004369919,0.401718798,0.4313375203187504
MEFJOY_clean,13.35543,4.52002,13.28243,0.978068,2208.16,2257.67,0.0,0.0,0.6982,0.713857,0.0,1,0.004808974,0.450551768,0.4320683739425008
MEFJUE_clean,13.6466,4.52582,13.6466,0.969419,2198.16,2267.5,0.0,0.0,0.6876,0.709291,0.0,1,0.004412164,0.428232188,0.4262737731000001
MEFYUT_clean,5.77585,4.33422,5.56399,1.19211,1979.16,1660.22,0.0,0.0,0.6036,0.506331,0.0,1,0.004545714,0.438810111,0.43463157360750015
MEFZUU_manual,9.38956,5.60914,9.2442,0.843227,2246.05,2663.63,0.0,0.0,0.685,0.812356,0.0,1,0.00292128,0.279902985,0.2890157560287514
MEGBAD_clean,9.5163,5.76215,9.5163,0.851407,2206.78,2591.93,0.0,0.0,0.6808,0.799618,0.0,1,0.003257307,0.312151823,0.32101695708125105
MEGBEH_manual,9.9497,6.81571,9.9489,0.994874,2116.8,2127.71,0.0,0.0,0.683,0.686519,0.0,1,0.002511029,0.247473989,0.25219459716749965
MEGFIN_clean,12.26016,8.11803,12.26013,0.845073,1643.38,1944.66,0.0,0.0,0.644,0.762064,0.0,1,0.003864996,0.378922006,0.37435792404374935
MEHMET_clean,21.82341,9.06966,13.94061,0.408796,1899.79,4647.28,0.0,0.0,0.8328,2.0372,0.0,1,0.003176516,0.343501572,0.30930622580875045
MEHPAQ_clean,3.09554,2.64049,3.09554,1.68847,0.0,0.0,0.0,0.0,0.4046,0.239626,0.0,1,0.0,0.000161414,7.914659625000001e-05
MEJMOE_clean,13.36085,7.20564,12.38159,0.61631,2232.14,3621.79,0.0,0.0,0.8056,1.30713,0.0,0,0.002611675,0.249958788,0.26713294551875033
MEJQEZ_clean,4.70786,3.58668,4.69647,1.26931,973.305,766.801,0.0,0.0,0.5298,0.417393,0.0,0,0.009418191,0.746226438,0.79326645548625
MEJQID_clean,4.95338,3.66569,4.91383,1.21757,1152.17,946.288,0.0,0.0,0.5426,0.445643,0.0,0,0.00888866,0.716255346,0.7367452103712491
MEJQOJ_clean,5.07328,3.68023,5.06179,1.21005,1189.89,983.336,0.0,0.0,0.5496,0.454196,0.0,0,0.00894048,0.724884909,0.7710506901112503
MEJZEI_clean,5.32267,3.53615,5.32267,1.67671,498.537,297.33,52.5885,31.3641,0.4392,0.261941,0.0,1,0.001705811,0.160912323,0.1585243806100003
MEJZIM_clean,5.3333,3.56234,5.2261,1.69384,503.361,297.172,49.7521,29.3724,0.4348,0.256695,0.0,1,0.001725017,0.161986498,0.15850305225125022
MEJZOS_clean,5.26465,3.41703,5.25331,1.72957,398.344,230.313,32.6666,18.8871,0.43,0.248616,0.0,1,0.001595539,0.144360911,0.14488336104375008
MEJZUY_clean,5.25291,3.40149,5.01155,1.7873,394.206,220.559,29.004,16.2278,0.4246,0.237565,0.0,1,0.001589191,0.146191169,0.14498637737249995
MEKBAH_clean,5.23285,3.40673,4.67793,1.83571,402.852,219.453,27.5563,15.0113,0.421,0.229339,0.0,1,0.001708869,0.14532095,0.1561632245225001
MEKDUC_clean,4.94918,3.68888,4.93711,1.45476,795.928,547.119,0.0,0.0,0.4866,0.334488,0.0,0,0.006085355,0.504526009,0.5377197218249996
MEMGAN_clean,4.41097,3.81053,4.41097,1.23944,1320.34,1065.27,0.0,0.0,0.561,0.452623,0.0,1,0.00897655,0.770065481,0.78311593831125
MEQHUL01_clean,6.0116,4.19513,6.00621,2.27118,1170.18,515.23,0.0,0.0,0.5276,0.232302,0.0,1,0.000636904,0.068347288,0.06690511232999996
MEQHUL_clean,6.03972,4.19838,6.03396,2.27118,1173.84,516.843,0.0,0.0,0.5134,0.22605,0.0,1,0.00071598,0.068964423,0.07075102939999985
MESGIB_clean,4.81709,3.08862,4.81396,1.24405,0.0,0.0,956.502,768.859,0.5698,0.458018,0.0,1,0.00224135,0.217249188,0.21821833318625
METYIU_clean,7.46107,4.86322,7.46107,1.31027,1231.65,939.995,0.0,0.0,0.5398,0.411977,0.0,0,0.001559897,0.165823888,0.15441488279625085
MEWNEH_clean,5.42515,3.64983,5.42515,2.53736,330.635,130.307,105.197,41.4594,0.4166,0.164187,0.0,1,0.001645209,0.149856934,0.15296688799624966
MEXDAU01_clean,4.5761,2.91188,4.55805,1.87887,0.0,0.0,615.485,327.583,0.534,0.284214,0.0,0,0.010908862,0.866018809,0.8314961805574993
MEXDEY_clean,5.3901,4.95385,5.37594,2.70285,794.745,294.04,0.0,0.0,0.4526,0.167453,0.0,1,0.002625516,0.234017745,0.2409234253850002
MEXJAC_clean,6.51326,4.65771,6.51326,1.72938,2369.14,1369.94,0.0,0.0,0.6388,0.369382,0.0,1,0.001589762,0.15681475,0.15662630625125057
MEYLIN_clean,4.35255,2.41172,4.34035,1.60882,0.0,0.0,805.25,500.521,0.5864,0.36449,0.0,0,0.000587747,0.056600122,0.0614920728187499
MIBMER_clean,8.80758,7.78405,8.80758,0.713822,2198.53,3079.94,0.0,0.0,0.7072,0.990723,0.0,1,0.003174531,0.314235328,0.312473870308751
MICDEJ_clean,5.47717,4.50209,5.38717,1.18044,1256.75,1064.65,0.0,0.0,0.5258,0.445429,0.0,1,0.004868433,0.443603516,0.43624856044625226
MICNAO_clean,5.38514,2.95181,5.38514,1.04908,0.0,0.0,1084.24,1033.52,0.5686,0.542,0.0,1,0.006173563,0.549059024,0.5469089393275006
MICNES_clean,5.22596,3.22734,5.21195,0.972071,0.0,0.0,1275.14,1311.77,0.6024,0.619708,0.0,1,0.005989898,0.547316886,0.5402054227299997
MICNIW_clean,4.82166,2.7709,4.81279,1.07613,0.0,0.0,970.532,901.869,0.5538,0.51462,0.0,1,0.00610251,0.528274694,0.5478405631962496
MICNOC_clean,4.78165,2.89559,4.76167,1.0648,0.0,0.0,900.042,845.267,0.5808,0.545454,0.0,1,0.004990688,0.453871973,0.4392856291025016
MICNUI_clean,4.66842,2.87558,4.66061,1.0826,0.0,0.0,930.579,859.578,0.5484,0.506558,0.0,1,0.005943423,0.521174761,0.5202639942099997
MICPAQ_clean,4.95326,2.99216,4.94124,1.03819,0.0,0.0,1079.99,1040.26,0.568,0.547107,0.0,1,0.006038161,0.541330562,0.5458230725462501
MICPEU_clean,5.12907,2.95204,5.12235,1.0587,0.0,0.0,1035.09,977.702,0.5792,0.547087,0.0,1,0.006635184,0.578950197,0.5910580579087538
MIDRAT_clean,4.2048,3.33834,4.2048,1.26356,437.101,345.929,0.0,0.0,0.4452,0.352339,0.0,0,0.006285585,0.557858596,0.5325118194899998
MIDSEZ_clean,4.5902,2.92525,4.4978,1.17183,0.0,0.0,627.09,535.137,0.4914,0.419344,0.0,0,0.001941524,0.193342493,0.18668247813124983
MIDSUP01_clean,10.88215,9.55664,10.87435,0.67542,1854.05,2745.03,0.0,0.0,0.7122,1.05446,0.0,0,0.002710612,0.276469782,0.27688066326500105
MIDSUP_clean,10.07574,8.87881,10.05297,0.69045,1869.43,2707.55,0.0,0.0,0.7086,1.02629,0.0,0,0.002804819,0.268507359,0.28560635678625007
MIFGEP01_clean,5.99775,4.93271,5.97758,1.0207,1831.3,1794.17,0.0,0.0,0.5916,0.579605,0.0,1,0.005513361,0.507253464,0.5105624896449998
MIFGEP_clean,5.99664,4.9389,5.9821,1.0207,1811.65,1774.92,0.0,0.0,0.5912,0.579213,0.0,1,0.005427794,0.51839998,0.48986351646749954
MIFKUJ_clean,6.05079,4.58023,5.97678,0.91647,1939.38,2116.14,0.0,0.0,0.5864,0.639846,0.0,1,0.005926288,0.557608052,0.5512322349199978
MIFLIY_clean,9.88279,8.82764,9.86175,0.758162,1549.91,2044.3,0.0,0.0,0.642,0.846785,0.0,1,0.003894497,0.376614434,0.37853136827749934
MIFNUM_clean,6.11585,5.67624,6.11585,1.55309,529.015,340.62,76.1683,49.0429,0.441,0.283949,0.0,1,0.001627939,0.15845834,0.15066844331875082
MIFPUO_clean,6.70296,5.88092,6.70296,1.13456,971.753,856.498,0.0,0.0,0.5046,0.444752,0.0,0,0.006525403,0.546033651,0.5931311390974998
MIFQEY_clean,4.54729,2.89601,4.5316,1.6579,0.0,0.0,244.268,147.336,0.4522,0.272755,0.0,1,0.000995998,0.096005269,0.09828718971875038
MIFQOJ_clean,7.14805,6.39591,7.14805,1.06573,1037.76,973.749,0.0,0.0,0.5254,0.492994,0.0,0,0.005446331,0.477559641,0.4870525970499977
MIFROK_clean,6.3068,5.74769,6.3068,1.44498,561.702,388.727,79.3873,54.9401,0.4722,0.326787,0.0,1,0.001774552,0.168871259,0.16773993289875022
MIFSAX_clean,6.24449,5.77613,6.24449,1.46696,557.647,380.138,84.3149,57.4759,0.4544,0.309756,0.0,1,0.001847081,0.174783845,0.17015881086624976
MIFSUR_clean,6.18293,5.67653,6.18293,1.48492,554.322,373.301,73.2038,49.2981,0.4504,0.303316,0.0,1,0.001752263,0.163310254,0.16695432798999998
MIFTEC_clean,6.21252,5.76844,6.21252,1.49343,549.45,367.91,94.3906,63.2038,0.457,0.306006,0.0,1,0.001960355,0.177929669,0.1850552948800001
MIFTIG_clean,6.1695,5.71241,6.1695,1.51351,547.592,361.803,81.859,54.0857,0.4488,0.29653,0.0,1,0.001797634,0.167921494,0.16903775161124968
MIFTUS_clean,6.04963,5.68051,6.04963,1.61833,495.105,305.936,63.5383,39.2616,0.4414,0.27275,0.0,1,0.00179123,0.161726056,0.16708191758124977
MIFVEE_clean,6.09339,5.6432,6.09339,1.54719,534.667,345.572,82.6577,53.4242,0.4374,0.282705,0.0,1,0.001714004,0.164985637,0.15957953391625038
MIGVON_clean,4.84375,2.49428,4.83711,1.10257,0.0,0.0,570.341,517.283,0.5138,0.466002,0.0,0,0.006055766,0.503993781,0.5455129995687497
MIHBAG_clean,4.75314,2.85432,4.75267,1.28353,0.0,0.0,893.71,696.292,0.4942,0.385033,0.0,0,0.003320339,0.293438442,0.3148238601349995
MIHHAN_SL,15.25766,2.90995,15.21158,1.02947,0.0,0.0,1298.97,1261.79,0.6158,0.598174,0.0,0,0.005432757,0.441343283,0.46236082684999924
MIHHER_clean,15.91854,2.85919,15.8633,1.00757,0.0,0.0,1338.82,1328.76,0.605,0.600454,0.0,0,0.004616903,0.387383414,0.41706622513500136
MIHHIV_clean,15.29838,2.91098,15.29838,1.00756,0.0,0.0,1281.4,1271.78,0.6084,0.603834,0.0,0,0.010071134,0.705821449,0.8425866090337522
MIHHOA_clean,4.98547,3.21821,4.97786,1.3146,0.0,0.0,432.547,329.033,0.4352,0.331052,0.0,0,0.007558609,0.504680568,0.6033353504774971
MIHHUG_clean,5.15935,3.29973,5.1188,1.30475,0.0,0.0,470.195,360.372,0.4334,0.332171,0.0,0,0.007609698,0.513976215,0.5949425917187472
MIHLAR_clean,5.77868,4.92206,5.77868,1.33529,705.816,528.586,0.0,0.0,0.4442,0.332662,0.0,0,0.001824016,0.16800197,0.17003382799250003
MIHLEV_clean,5.70252,3.69982,5.70252,1.38172,844.284,611.037,0.0,0.0,0.4754,0.344063,0.0,1,0.0028285,0.256584338,0.2718855437362491
MIHLIZ_clean,5.21862,3.52165,5.21802,1.34387,724.016,538.756,0.0,0.0,0.4324,0.321758,0.0,1,0.00214766,0.208990037,0.2026574190975006
MIHLOF_clean,5.26092,3.78569,5.21082,1.36197,739.196,542.742,0.0,0.0,0.4512,0.331286,0.0,1,0.002233881,0.210691776,0.21433759123375026
MIHLUL_clean,4.76281,3.28084,4.75473,1.42077,0.0,0.0,465.486,327.629,0.4832,0.340097,0.0,1,0.005362099,0.402976821,0.43769969560375155
MIHMEW_clean,5.92563,3.03678,5.91912,1.47186,0.0,0.0,1150.73,781.822,0.5146,0.349626,0.0,1,0.004947238,0.442521089,0.42391863417000253
MIJFIU_clean,7.7548,2.75421,7.7548,1.00618,0.0,0.0,848.287,843.073,0.5282,0.524954,0.0,1,0.002207524,0.218159393,0.2172194855599991
MIJHOD_clean,4.18455,3.46938,4.126,1.22946,1127.43,917.014,0.0,0.0,0.5064,0.411887,0.0,1,0.006568213,0.5932837,0.5855604017699972
MIJMAU_clean,6.68967,5.56749,6.68967,1.09709,1295.9,1181.22,0.0,0.0,0.5546,0.50552,0.0,0,0.001541726,0.147312116,0.1540365987250004
MIJYEK_clean,5.3671,3.22254,5.3671,2.49312,0.0,0.0,656.728,263.416,0.4186,0.167902,0.0,1,0.001284815,0.121824778,0.1183907213637501
MIKDUH_clean,5.90493,5.239,5.89411,2.24827,1626.7,723.534,0.0,0.0,0.5828,0.259221,0.0,1,0.001854617,0.179202628,0.17514697298124937
MIKJAR_clean,5.99502,4.85131,5.99502,1.96036,716.905,365.7,0.0,0.0,0.4012,0.204656,0.0,0,0.002220513,0.193716894,0.21170062244625004
MILQIJ_clean,4.63559,4.00457,4.63559,1.27465,706.955,554.628,0.0,0.0,0.4642,0.364179,0.0,0,0.005650916,0.490788409,0.48808556441124806
MILROQ_clean,19.71713,10.83562,19.26567,0.59986,1609.68,2683.42,0.0,0.0,0.7756,1.29297,0.0,1,0.002159361,0.206180206,0.20889713659625123
MIMDAP_clean,4.29213,2.89437,4.27689,1.96346,0.0,0.0,327.4,166.746,0.4194,0.213602,0.0,1,0.000862811,0.080343384,0.0855397858462496
MIMFOF_clean,5.18488,4.28306,5.18488,1.821,982.945,539.783,0.0,0.0,0.4352,0.23899,0.0,0,0.004618996,0.40475989,0.42623299262125
MIMKIE_clean,5.77879,3.6694,5.74168,1.1744,1435.84,1222.62,0.0,0.0,0.5446,0.463725,0.0,1,0.004385092,0.417561412,0.4108402650087503
MIMSOS_clean,11.1144,9.75442,11.1107,0.986032,1267.43,1285.39,0.0,0.0,0.613,0.621683,0.0,1,0.00475589,0.400075652,0.4205595237512496
MIMSUY_clean,11.16343,10.81199,11.16343,0.974993,1274.86,1307.56,0.0,0.0,0.613,0.628722,0.0,1,0.004404374,0.386010551,0.4136169535137498
MIMVEJ_clean,4.71676,4.28533,4.60921,1.30405,891.701,683.791,0.0,0.0,0.494,0.378819,0.0,0,0.029379506,1.858250703,1.4691146010737512
MINCER_clean,3.80785,3.14835,3.79792,1.98033,0.0,0.0,241.065,121.73,0.4108,0.20744,0.0,0,0.001822823,0.189519546,0.16694829107124945
MINCIX_clean,10.4943,7.36608,10.44985,0.729721,2144.38,2938.63,0.0,0.0,0.7612,1.04314,0.0,1,0.003277035,0.316421549,0.32420324002750084
MINCUJ_clean,12.01283,7.57315,11.94291,0.692877,2023.51,2920.44,0.0,0.0,0.7558,1.09081,0.0,1,0.002879513,0.290164911,0.29123868622499965
MINVOU01_clean,6.55615,6.26734,6.55615,1.05162,1586.57,1508.69,0.0,0.0,0.6118,0.581771,0.0,0,0.002893734,0.274667233,0.2846270298712493
MINVOU_clean,6.55346,6.27139,6.55346,1.05162,1583.28,1505.56,0.0,0.0,0.6148,0.584624,0.0,0,0.00285537,0.275275575,0.28433244317374934
MINVUA01_SL,6.89591,6.55778,6.89591,1.0419,1703.36,1634.86,0.0,0.0,0.5962,0.572226,0.0,0,0.003841033,0.362197424,0.36867761492500023
MIQLII_clean,6.49396,4.19114,6.49396,1.29248,1977.91,1530.32,0.0,0.0,0.6424,0.497028,0.0,0,0.004267474,0.403564376,0.40308449904500016
MIRLAB_clean,3.58512,3.47285,3.58424,2.09979,267.635,127.458,11.6012,5.52495,0.4148,0.197544,0.0,0,0.000410253,0.03847395,0.04123208809000019
MIRLUU_clean,3.74254,2.70714,3.74254,2.02116,0.0,0.0,102.121,50.526,0.4222,0.20889,0.0,1,0.000842449,0.085609341,0.08630470685624936
MISQIQ01_clean,4.23793,4.07504,4.23793,2.08281,569.533,273.444,0.0,0.0,0.3922,0.188303,0.0,0,0.003477472,0.314190754,0.3203023113549985
MISQIQ02_clean,4.23621,4.07274,4.23621,2.08336,549.107,263.568,0.0,0.0,0.3918,0.188062,0.0,0,0.003637139,0.319901051,0.32587087810374804
MISQIQ03_clean,4.25302,4.08852,4.25302,2.07032,582.277,281.249,0.0,0.0,0.3888,0.187797,0.0,0,0.003576793,0.30899969,0.3211397908137477
MISQIQ04_clean,4.23963,4.07761,4.23963,2.08195,575.722,276.53,0.0,0.0,0.3888,0.186748,0.0,0,0.003559192,0.316211108,0.3204434865924978
MISQIQ05_clean,4.23899,4.07961,4.23899,2.08153,552.922,265.632,0.0,0.0,0.3806,0.182846,0.0,0,0.003550391,0.31414298,0.32047985288249775
MISQIQ06_clean,4.2381,4.07519,4.2381,2.08503,537.998,258.029,0.0,0.0,0.3768,0.180717,0.0,0,0.003648454,0.318668974,0.32647699622374815
MISQIQ07_clean,4.23855,4.07782,4.23855,2.08216,622.195,298.822,0.0,0.0,0.3756,0.18039,0.0,0,0.003567992,0.314478658,0.32109266465749775
MISQIQ_clean,4.24107,4.07806,4.24107,2.08195,577.159,277.221,0.0,0.0,0.3898,0.187228,0.0,0,0.00371383,0.325813759,0.3269723800212483
MITGIF_clean,4.17303,3.10283,4.17303,2.28088,0.0,0.0,183.279,80.3542,0.4418,0.193697,0.0,1,0.001690782,0.165882572,0.1552444959174998
MITGOL_clean,4.76638,3.82621,4.60043,2.19605,897.1,408.507,0.0,0.0,0.447,0.203547,9.11e-05,1,0.001942669,0.180022355,0.18526462120249945
MITGUR01_clean,3.70587,2.68143,3.6977,2.08145,0.0,0.0,96.462,46.3437,0.4106,0.197267,0.0,1,0.000825607,0.079807005,0.08175727321999927
MITGUR_clean,3.70985,2.69818,3.70985,2.07542,0.0,0.0,120.602,58.1097,0.4172,0.20102,0.0,1,0.001111586,0.10690074,0.11365873667874983
MITSAK_clean,6.11636,4.97088,6.11301,1.14225,2249.13,1969.04,0.0,0.0,0.6532,0.571855,0.0,1,0.004442583,0.441167756,0.4322536092749998
MITSUE_clean,6.56785,5.33808,6.55603,1.09158,2281.03,2089.65,0.0,0.0,0.6788,0.621849,0.0,0,0.003883762,0.376301107,0.3776057941862495
MIVFEE_clean,15.2363,7.95854,15.22375,1.38989,1237.47,890.338,457.865,329.426,0.6876,0.494716,0.0,1,0.002252038,0.214088969,0.21919752555249983
MIVFOO_clean,15.59545,7.18908,15.59545,1.05942,1203.53,1136.02,437.579,413.035,0.6586,0.621658,0.0,1,0.002359455,0.236965979,0.22356747336374927
MIVNUB_clean,3.84269,3.06229,3.84269,2.32973,0.0,0.0,96.5125,41.4265,0.3776,0.162079,0.0,1,0.000480948,0.049640326,0.0488840121462499
MIVPAJ_clean,3.25847,2.54977,3.25847,2.21132,0.0,0.0,0.0,0.0,0.3764,0.170215,0.0,1,2.42e-05,0.002433821,0.0027274925087500002
MIVPEN_clean,3.19171,2.49759,3.18864,2.33166,0.0,0.0,0.0,0.0,0.374,0.160401,0.0,1,9.64e-06,0.000852793,0.000959115661250002
MIVWAR_clean,5.82094,2.89057,5.82094,1.07961,0.0,0.0,844.633,782.353,0.5288,0.489809,0.0,1,0.009367151,0.725243115,0.7870549537262502
MIVWEU_manual,7.38717,5.36421,7.32631,1.56979,973.592,620.206,117.309,74.7292,0.55,0.350366,0.0,1,0.001474444,0.142426987,0.14237840476875044
MIXBAY_clean,11.02015,7.37075,10.14135,0.640306,2311.05,3609.3,0.0,0.0,0.7544,1.17819,0.0,1,0.003482155,0.358583493,0.3455888349925005
MIXBEC_clean,12.4058,6.44619,12.40529,0.643237,2322.53,3610.7,0.0,0.0,0.758,1.17841,0.0,1,0.004615661,0.436128171,0.42898980041750057
MIXBIG_auto,10.49302,6.38821,9.82708,0.743714,2384.9,3206.74,0.0,0.0,0.733,0.985594,0.0,1,0.00360597,0.358763318,0.3528121627775013
MIXKUB_clean,4.55803,2.95053,4.55803,1.47185,0.0,0.0,542.71,368.727,0.4692,0.318783,0.0,0,0.001139711,0.111731586,0.10982800440874974
MIXPIU_clean,4.25709,2.52093,4.21292,1.67822,0.0,0.0,114.1,67.9888,0.4264,0.254079,0.0,1,0.001300183,0.124118006,0.12175580829749981
MIXYID_clean,6.97459,5.00942,6.97459,0.914112,2019.19,2208.91,0.0,0.0,0.6354,0.695101,0.0,0,0.007875219,0.722608615,0.6895518888674992
MIXZOK_clean,13.18784,9.81049,13.17941,0.452893,2109.4,4657.62,0.0,0.0,0.8114,1.79159,0.0,1,0.003732792,0.357294358,0.3706769527262497
MIYGIL_clean,3.31102,2.62928,3.31102,2.60868,0.0,0.0,0.0,0.0,0.4634,0.177638,0.0,0,0.000131716,0.012772329,0.010716545706250066
MIYWIB_clean,7.04459,5.28876,6.99806,2.24046,1871.0,835.095,0.0,0.0,0.6028,0.269052,0.0,1,0.000604654,0.060816052,0.06266372044625008
MIZKOW_clean,3.8316,3.43471,3.8316,1.99445,193.651,97.0949,0.0,0.0,0.3706,0.185815,0.0,1,0.001064707,0.098692356,0.10481449813125057
MOBBIO_clean,5.66644,4.51564,5.66644,0.981281,2678.54,2729.64,0.0,0.0,0.6804,0.693379,0.0,0,0.002237289,0.218970764,0.21699429973250017
MOBBOU_clean,3.5054,2.64498,3.50522,2.12114,0.0,0.0,32.6297,15.3831,0.447,0.210736,0.0,1,0.000207213,0.01973122,0.020635867052500007
MOCHES_clean,3.64396,2.54706,3.52582,2.57318,0.0,0.0,168.016,65.2949,0.437,0.169829,0.0,1,0.000340934,0.035903094,0.0336728903712499
MOCHIW_clean,3.62374,2.54535,3.62374,2.63111,0.0,0.0,152.166,57.8337,0.4314,0.163962,0.0,1,0.000322723,0.0327651,0.031577849716250134
MOCHOC_clean,3.5426,2.53709,3.49403,2.80672,0.0,0.0,92.5616,32.9785,0.4208,0.149926,0.0,1,0.000239171,0.022030861,0.02137641633125005
MOCHUI_clean,3.53747,2.52275,3.53073,2.87531,0.0,0.0,88.7707,30.8734,0.419,0.145723,0.0,1,0.000191117,0.021194414,0.019774352833750092
MOCJAQ_clean,3.4728,2.46916,3.4728,3.05096,0.0,0.0,46.5484,15.257,0.407,0.133401,0.0,1,0.000154887,0.014232325,0.01681598665749996
MOCJIY_clean,3.43251,2.42738,3.43251,3.20113,0.0,0.0,23.3305,7.28822,0.4008,0.125206,0.0,1,0.000218835,0.023938891,0.020818258183750077
MOCKAR_clean,10.84435,6.73283,10.55041,0.748614,2330.25,3112.76,0.0,0.0,0.7394,0.987692,0.0,1,0.003776863,0.39809611,0.3685986044062499
MOCKEV_clean,10.91306,6.61562,10.91306,0.767829,2301.91,2997.95,0.0,0.0,0.734,0.955943,0.0,1,0.003306878,0.339180031,0.3323595120787508
MODDEP_clean,3.3093,2.69903,3.29378,1.96959,0.0,0.0,0.0,0.0,0.3568,0.181154,0.0,1,0.000170217,0.015985786,0.01765236527749995
MODJOG_clean,5.59367,4.45075,5.58718,1.92976,2690.17,1394.04,0.0,0.0,0.6586,0.341285,0.0,1,0.001973809,0.19915868,0.1945012222975004
MODMIB_clean,4.79205,3.60409,4.64994,1.39523,1791.62,1284.1,0.0,0.0,0.6494,0.465443,0.0,0,0.000824691,0.086720663,0.08186647326624998
MODNOI_ion_b,4.69367,3.76314,4.57829,1.59692,967.946,606.132,0.0371682,0.0232749,0.536,0.335646,0.0,1,0.000887779,0.086011964,0.08747431425249953
MODNUO_ion_b,4.66372,3.69734,4.59177,1.60534,930.362,579.543,0.167447,0.104306,0.5352,0.333388,0.0,1,0.000893448,0.084639478,0.0877504859962496
MOFBIU_clean,4.73204,4.05435,4.73204,1.35155,598.778,443.031,0.0,0.0,0.4396,0.325256,0.0,1,0.0031692,0.285328594,0.2930871069975006
MOFKUO_clean,10.06674,5.89372,10.02896,0.775285,1690.92,2181.03,0.0,0.0,0.666,0.859039,0.0,1,0.002191895,0.214948324,0.2126383669675002
MOFLAV_clean,10.54329,3.57347,9.99148,0.796722,1428.62,1793.12,0.0,0.0,0.6376,0.800279,0.0,1,0.001811209,0.179822249,0.18079905026374934
MOFPEE_clean,4.20774,2.77932,4.01934,2.03133,0.0,0.0,682.969,336.218,0.53,0.260913,0.0,1,0.005350764,0.476130111,0.42945169368000125
MOFPUU_clean,3.40172,2.56203,3.39437,1.70153,0.0,0.0,1.1603,0.681915,0.3692,0.216981,0.0,1,5.64e-05,0.006335633,0.005874746523749993
MOGMIE_clean,4.37886,2.72877,4.37886,1.80616,0.0,0.0,176.203,97.5566,0.4044,0.2239,0.0,1,0.001126784,0.089853265,0.10964828351999972
MOGNAY_clean,5.98746,4.8264,5.9716,1.48355,1468.56,989.896,0.0,0.0,0.5258,0.35442,0.0,0,0.00307688,0.29227546,0.2878135168137496
MOGVAG_clean,3.88706,2.64725,3.88706,2.02904,0.0,0.0,104.366,51.436,0.3922,0.193293,0.0,1,0.002306176,0.166048398,0.21800823969375047
MOGXUB_clean,4.66693,3.601,4.66693,2.8376,304.361,107.26,28.0112,9.87147,0.401,0.141317,0.0,1,0.001183429,0.112939941,0.11563070846125019
MOGYAI_clean,4.73161,3.28293,4.72081,3.10553,0.0,0.0,260.828,83.9883,0.3714,0.119593,0.0,1,0.000893942,0.079443822,0.08534649730249991
MOHSEJ_clean,4.90247,2.49368,4.50196,1.58419,0.0,0.0,543.448,343.045,0.48,0.302994,0.0,1,0.00193756,0.171942794,0.18506490286000002
MOJJUR_clean,4.35468,3.08683,4.35468,1.31606,0.0,0.0,385.999,293.298,0.4966,0.377337,0.0,1,0.001254775,0.115698274,0.12291262967124948
MOJNAC_clean,4.66481,4.27217,4.66481,1.62429,1132.96,697.513,6.84199,4.21231,0.5378,0.331099,0.0,1,0.002817431,0.265884232,0.27065659328875014
MOLKAB_clean,6.21836,5.45282,6.15162,1.19004,1495.35,1256.55,0.0,0.0,0.585,0.491579,0.0,1,0.004433454,0.411079305,0.4294296244187511
MOLQEL_clean,7.00282,4.91398,6.98169,0.922936,2510.46,2720.08,0.0,0.0,0.6774,0.733962,0.0,1,0.005274065,0.506016186,0.48955961026375044
MOLRIP_clean,5.54234,3.55384,5.35331,2.01055,805.607,400.69,0.0,0.0,0.4136,0.205715,0.0,1,0.001126563,0.103963471,0.10929624759000028
MOMJIJ_clean,3.85408,2.93694,3.8532,2.00226,0.0,0.0,221.261,110.506,0.3842,0.191884,0.0,0,0.001370984,0.119873496,0.12636265841999958
MOMRIR_clean,4.41914,3.78485,4.34144,1.40491,222.323,158.247,290.552,206.812,0.4588,0.326569,0.0,1,0.006666429,0.512950302,0.5553227660237497
MOMSIS_clean,6.17338,4.21228,5.94323,1.84008,1775.64,964.98,0.0,0.0,0.577,0.313573,0.0,0,0.002597317,0.237418909,0.25008231064749975
MONFEC_clean,3.52925,2.90143,3.44461,1.57395,0.0,0.0,20.9662,13.3208,0.4052,0.257442,0.0,1,0.000733858,0.076149099,0.07064981304874961
MONQIR_clean,4.53055,3.13355,4.52008,1.258,0.0,0.0,663.463,527.393,0.4724,0.375515,0.0,1,0.009414392,0.816275381,0.7639089218162504
MONWET_clean,4.50901,2.85404,4.4895,1.71598,0.0,0.0,402.303,234.446,0.511,0.29779,0.0,1,0.001428122,0.141905976,0.13359856883249954
MOPKEJ_clean,5.75785,3.52998,5.75785,1.74643,1130.27,647.188,0.0,0.0,0.4994,0.285955,0.0,0,0.004952287,0.437863206,0.4412330080149999
MOPQIT_clean,5.0132,3.85656,5.0132,1.33687,942.288,704.846,0.0,0.0,0.476,0.356055,0.0,0,0.003293865,0.305843569,0.31638436375000056
MOQNUB_clean,4.13558,3.42781,4.13558,1.61589,456.737,282.654,0.0,0.0,0.4966,0.307323,0.0,0,0.007752916,0.680378954,0.6286009177774968
MOQSIV_clean,3.87036,2.48387,3.87036,1.44252,0.0,0.0,32.9193,22.8208,0.4068,0.282007,0.0,0,0.000353165,0.036036979,0.03436469484374996
MORFEG_clean,4.79928,3.48721,4.69113,1.33806,713.958,533.579,0.0,0.0,0.4706,0.351704,0.0,1,0.005235403,0.453584804,0.45850030205249803
MORZID_clean,4.19947,3.9712,4.19947,1.83218,696.283,380.03,0.0,0.0,0.4348,0.237313,0.0,0,0.006932535,0.572780263,0.562365785344999
MOSBIG_clean,7.9749,7.17885,7.94814,1.43251,1497.34,1045.25,0.0,0.0,0.5716,0.399019,0.0,1,0.001818137,0.181418767,0.17607154414374968
MOSDUT_clean,5.00847,4.17233,5.00847,1.12183,1419.6,1265.43,13.3609,11.9099,0.5596,0.498828,0.0,1,0.004073706,0.372532142,0.3825122394275003
MOSGIM_clean,3.50118,2.73921,3.50118,1.58114,0.0,0.0,14.1678,8.9605,0.413,0.261204,0.0,1,0.000143099,0.017318402,0.013731663892499977
MOTKAI_clean,4.11966,2.62537,4.11701,1.52981,0.0,0.0,312.627,204.356,0.463,0.302651,0.0,1,0.001771383,0.171651666,0.16753539518999985
MOTMAK_clean,5.72133,5.32598,5.72133,0.997473,1372.13,1375.6,0.0,0.0,0.5098,0.511092,0.0,1,0.00795641,0.720100592,0.6760489729187513
MOTVOI_clean,9.87335,7.01536,9.87051,1.00037,1639.71,1639.11,0.0,0.0,0.6506,0.650361,0.0,1,0.004146592,0.384039892,0.4021570378974983
MOVFOU_clean,4.47157,3.38291,4.46552,1.26057,474.819,376.67,0.0,0.0,0.4076,0.323345,0.0,1,0.003683758,0.322646937,0.34191125389624794
MOVGUB_clean,4.79892,3.66567,4.79892,1.29583,1695.99,1308.8,0.0,0.0,0.5686,0.438791,0.0,1,0.00489609,0.461200596,0.44168210156500054
MOVKOZ_clean,5.21247,3.83096,5.21247,1.25573,2044.79,1628.37,0.0,0.0,0.592,0.47144,0.0,1,0.005713192,0.529113635,0.5221600417487472
MOWQIZ_clean,5.23784,2.88423,4.69397,1.93325,0.0,0.0,670.633,346.894,0.5288,0.273529,0.0,1,0.001186209,0.114529207,0.1197487110949991
MOXKAN_clean,5.24035,3.78554,5.21637,1.49263,550.2,368.611,159.888,107.118,0.4678,0.313407,0.0,0,0.002314736,0.201400179,0.21992424711749986
MOXNIY_clean,5.20828,4.58005,5.18499,1.11938,1150.31,1027.63,0.0,0.0,0.506,0.452034,0.0,0,0.003526561,0.330538664,0.32914228561000025
MOXNUJ_clean,7.33692,7.13556,7.33692,0.746109,2128.73,2853.11,0.0,0.0,0.7,0.9382,0.0,1,0.002186938,0.222276721,0.21181552476375023
MOXNUK_clean,5.04646,4.16361,5.04099,1.19416,1034.92,866.655,0.0,0.0,0.4922,0.412174,0.0,0,0.003748727,0.351051666,0.34873513076124857
MOXPUL_clean,12.29446,11.95813,12.29446,0.744524,1605.86,2156.89,0.0,0.0,0.6934,0.931333,0.0,0,0.002897465,0.2809806,0.2885029279037499
MOYNIY_clean,4.76569,4.12526,4.76569,1.26221,800.094,633.883,4.17361,3.30659,0.4918,0.389634,0.0,1,0.004268389,0.378283976,0.3834988821537506
MOYYEF_clean,7.68803,7.36383,7.68803,0.950247,1850.19,1947.06,0.0,0.0,0.627,0.659828,0.0,1,0.003612166,0.342799077,0.34855782494875165
MOYYIJ_clean,12.42053,9.37645,12.42053,0.730593,2207.0,3020.84,0.0,0.0,0.7162,0.980299,0.0,1,0.004396326,0.423772168,0.4218644370837497
MOZFIR_clean,3.96385,2.95905,3.96385,2.33134,0.0,0.0,107.578,46.1445,0.351,0.150557,0.0,0,0.000656959,0.065020046,0.06449300919874983
MUBQIJ_clean,7.7972,3.97712,7.7972,1.1623,1447.09,1245.01,77.4656,66.6483,0.573,0.492986,0.0,1,0.008036654,0.663588465,0.6783114949425011
MUBZUG_auto,18.63539,7.90997,18.63539,0.469492,1954.88,4163.83,0.0,0.0,0.8032,1.71078,0.000425992,0,0.002944429,0.29779728,0.2894990851274982
MUDKOM_clean,4.21184,2.84223,4.19491,1.77875,0.0,0.0,356.466,200.402,0.4678,0.262993,0.0,1,0.010461926,0.770677303,0.7232859364987518
MUDLIH_manual,9.95261,2.53081,9.95261,1.99952,0.0,0.0,782.616,391.402,0.4938,0.246959,0.0,0,0.001167124,0.104904669,0.1188232911337495
MUDLON_clean,10.7008,8.31199,10.7008,0.628411,1977.63,3147.04,0.0,0.0,0.7012,1.11583,0.0,1,0.005536577,0.514721425,0.5174079347487491
MUDTAH_clean,18.89368,6.63386,18.89368,0.562193,2169.18,3858.42,0.0,0.0,0.7916,1.40806,0.0,1,0.003760355,0.380660832,0.37078402980124964
MUDTEL_clean,19.09514,6.59272,18.85083,0.559282,2154.91,3853.0,0.0,0.0,0.789,1.41074,0.0,1,0.003502395,0.347834631,0.3505175434187504
MUFJAZ01_clean,3.39058,2.67319,3.38356,2.13517,0.0,0.0,0.930625,0.435856,0.42,0.196706,0.0,1,0.00013056,0.011469197,0.010804367875000059
MUFJAZ_clean,3.29918,2.44779,3.29653,2.13534,0.0,0.0,0.0,0.0,0.4254,0.199218,0.0,1,0.000360435,0.036507711,0.03459493167000002
MUFJED_clean,3.41421,2.67066,3.41218,2.29009,0.0,0.0,5.31095,2.3191,0.421,0.183836,0.0,1,0.000220861,0.022488147,0.021182176713750004
MUFXUI_clean,6.32175,3.7026,6.31403,1.91517,995.288,519.687,0.0,0.0,0.5032,0.262744,0.0,1,0.001858108,0.17894636,0.16873719300249942
MUFYAP_clean,6.26363,3.70776,6.26313,1.90371,978.115,513.793,0.0,0.0,0.5022,0.2638,0.0,1,0.001816705,0.179973342,0.1675241086724994
MUGFOK_clean,5.96918,4.1656,5.96918,1.0315,1325.72,1285.24,0.0,0.0,0.5408,0.524287,0.0,0,0.003033104,0.287726202,0.2885261960849997
MUGHED_clean,6.89695,5.88693,6.88053,1.44086,1384.56,960.922,0.0,0.0,0.5716,0.396706,0.0,0,0.005393642,0.48502429,0.4755785897687479
MUGQAI_clean,4.49067,3.71104,4.4722,1.86928,279.265,149.397,0.0,0.0,0.3624,0.193872,0.0,1,0.005761826,0.419035821,0.4678709176687491
MUHNAG_clean,5.2054,3.59701,5.17347,1.40338,910.102,648.507,0.0,0.0,0.4596,0.327495,0.0,0,0.007894264,0.619697087,0.6359078108837488
MUHNUA_clean,6.00569,3.96893,5.96297,1.13245,277.836,245.342,598.929,528.881,0.5278,0.466071,0.0,1,0.004027821,0.374718993,0.3801333904175
MUHPAI_clean,5.12215,3.79398,5.11629,1.52223,483.947,317.921,0.0,0.0,0.445,0.292335,0.0,1,0.003483763,0.297291622,0.32114103458499854
MUHPOV_clean,4.89496,3.08305,4.877,2.10953,0.0,0.0,681.316,322.971,0.4862,0.230478,0.0,0,0.014920852,0.843914576,0.9038303916474956
MUJPUE_clean,6.48776,3.37947,6.26169,1.39952,638.17,455.993,39.2954,28.0779,0.4824,0.34469,0.0,0,0.003378352,0.295005523,0.3175261714137502
MUKRIU_clean,4.8773,2.90645,4.87181,1.76476,0.0,0.0,423.932,240.22,0.38,0.215326,0.0,1,0.001790739,0.163882222,0.16605014457499975
MULQOA_clean,5.82935,5.12372,5.78502,1.29204,2093.52,1620.33,0.0,0.0,0.6306,0.488067,0.0,1,0.003868651,0.361345856,0.37439468550625
MULSER_clean,6.43873,5.71769,6.32596,3.20394,1423.73,444.368,0.0,0.0,0.5564,0.173661,0.0,1,0.001348814,0.127575035,0.13033139553125042
MULXOH_clean,5.40379,4.11586,5.39113,1.20876,1724.57,1426.72,0.0,0.0,0.5842,0.483303,0.0,1,0.003467379,0.33379689,0.3363393170012511
MUMYAW_clean,5.93329,4.12111,5.93329,1.25624,296.676,236.162,0.0,0.0,0.4254,0.338629,0.0,0,0.000362745,0.037552697,0.03498288907125003
MUNDAC_clean,10.7777,6.68804,10.76442,1.37281,1712.63,1247.54,119.227,86.849,0.6828,0.497375,0.0,1,0.002724092,0.239374652,0.2642707377799995
MUNDEG_clean,13.44844,12.65122,13.43461,0.869875,2175.3,2500.7,0.0,0.0,0.7658,0.880357,0.0,1,0.002071155,0.209096477,0.2056106069837515
MUNDOQ_clean,14.169,13.34985,14.06749,0.845802,2182.1,2579.91,0.0,0.0,0.7752,0.916526,0.0,1,0.00206029,0.204516854,0.20518453119375146
MUNLUE_clean,8.36355,6.76783,8.36355,1.33052,1528.86,1149.07,0.0,0.0,0.5564,0.418184,0.0,0,0.002921153,0.282262861,0.27917863159874884
MUNNUF_clean,7.33223,5.00492,7.33223,0.937356,1880.0,2005.64,0.0,0.0,0.6136,0.654607,0.0,1,0.005285912,0.493793218,0.4754323269412514
MUNPAN_clean,7.42883,6.43303,7.42883,0.851362,1993.43,2341.47,0.0,0.0,0.6496,0.763013,0.0,0,0.003951217,0.386092553,0.38186677233499905
MUNPER_clean,7.09681,5.52234,7.09517,0.917986,1955.18,2129.86,0.0,0.0,0.6202,0.675609,0.0,0,0.004551442,0.441535286,0.4408797511500015
MUPQAQ_clean,6.98761,3.18126,6.98761,1.58684,0.0,0.0,859.497,541.641,0.4958,0.312445,0.0,1,0.00113632,0.116472032,0.10992162197125004
MUPTAU_clean,4.1653,3.49014,4.1653,1.2541,633.589,505.216,0.0,0.0,0.52,0.414641,0.0,0,0.004004337,0.374806739,0.3731919023924993
MUPYIG_clean,3.46744,2.40351,3.45357,2.41255,0.0,0.0,13.3204,5.5213,0.3978,0.164888,0.0,1,0.000493549,0.049029273,0.049468658708749794
MUQSAU_clean,6.10574,5.26029,6.08367,1.19181,1276.39,1070.97,0.0,0.0,0.5272,0.442354,0.0,1,0.002833708,0.27804069,0.2766138504799989
MURBEI_clean,7.16636,5.68293,7.16636,0.873364,2436.63,2789.93,0.0,0.0,0.6948,0.795545,0.0,0,0.006584924,0.642398511,0.6025422774462492
MURCAD_clean,4.60111,3.76823,4.60111,1.18753,1551.89,1306.82,0.0,0.0,0.5832,0.491102,0.0,1,0.004501701,0.43366117,0.42525725706250106
MURCIL_clean,8.29917,7.10888,8.29917,1.5444,1055.62,683.511,0.0,0.0,0.5688,0.368297,0.0,1,0.000673704,0.06615358,0.07068572553875004
MURCOR_clean,8.10583,6.88134,8.10583,1.58436,1015.28,640.812,0.0,0.0,0.5632,0.355475,0.0,1,0.000691837,0.067698508,0.07105457768625005
MURNIX_clean,3.37757,2.5632,3.17641,2.3483,0.0,0.0,1.34532,0.572892,0.3688,0.15705,0.0,1,0.000179046,0.015142155,0.017622150122499965
MURTUO_clean,5.36071,4.16389,5.36071,1.95193,861.496,441.357,0.0,0.0,0.5124,0.26251,0.0,1,0.001082473,0.10425539,0.10518375387000053
MUSCAG_clean,5.66812,5.1578,5.66812,1.35058,1261.14,933.776,0.0,0.0,0.5436,0.402493,0.0,1,0.002828478,0.272817217,0.2745588793062484
MUSCIN_clean,9.38658,7.66741,9.38512,0.993168,1809.71,1822.16,0.0,0.0,0.6586,0.663131,0.0,1,0.003394825,0.337737059,0.33387949898500047
MUSSIE_clean,8.74352,7.39002,8.74352,1.23265,727.688,590.344,539.668,437.811,0.5772,0.468259,0.0,0,0.008968864,0.757794753,0.7855697921737514
MUTDEM_clean,7.7486,3.51419,7.7486,0.965915,1652.66,1710.98,19.3,19.9811,0.6184,0.640222,0.0,1,0.00285205,0.294466553,0.2840195524337499
MUTDIQ_clean,8.28155,3.70267,8.27208,0.907108,1694.67,1868.21,61.3387,67.62,0.6404,0.70598,0.0,1,0.00281386,0.269910408,0.2804764407725004
MUTNAQ_clean,4.57844,2.9184,4.56708,1.44096,0.0,0.0,465.48,323.035,0.471,0.326866,0.0,0,0.005734171,0.491357023,0.47825784646000047
MUTVUT_clean,4.81469,3.76296,4.81469,1.36731,413.706,302.568,0.0,0.0,0.4354,0.318435,0.0,0,0.002057584,0.180073468,0.19446820985000002
MUVGOA_clean,5.03839,3.5374,4.60238,0.993755,720.941,725.471,502.862,506.022,0.5306,0.533934,0.0,0,0.013021498,0.979400225,0.9434926260599983
MUVGUG_clean,5.3049,3.8372,5.3049,0.980252,740.547,755.465,511.645,521.952,0.5644,0.57577,0.0,0,0.01500738,1.109344582,1.0649218529349995
MUVHAN_clean,5.19525,3.68882,5.00213,0.984437,787.185,799.629,502.322,510.263,0.5542,0.562961,0.0,0,0.014105659,1.047626262,0.9907173606437493
MUVHER_clean,5.24679,3.7317,5.24381,0.97664,759.504,777.67,505.736,517.833,0.5526,0.565818,0.0,0,0.014883917,1.118487466,1.0618622382749994
MUVJIX_clean,5.57567,4.9751,5.5219,1.4259,1132.91,794.523,0.0,0.0,0.4782,0.335368,0.0,1,0.003357765,0.318141716,0.31940111092500034
MUVLUM_clean,8.4023,7.67137,8.36811,1.09338,1571.87,1437.62,0.0,0.0,0.597,0.546011,0.0,1,0.003238005,0.324281841,0.3128887112750011
MUVMOG_clean,4.22005,3.96612,4.21245,1.88412,1523.37,808.528,0.0,0.0,0.519,0.27546,0.0,1,0.026424182,1.873228156,1.6594523072337477
MUVNAT_clean,5.6328,3.44137,5.05356,2.33052,1152.05,494.331,0.0,0.0,0.4892,0.209911,0.0,1,0.00101971,0.106143277,0.10050862159750076
MUVNEX_clean,5.38689,3.95895,5.38689,2.21744,1372.1,618.775,0.0,0.0,0.5208,0.234865,0.0,1,0.000859168,0.086736816,0.08705878474749955
MUVROM_clean,6.53947,4.17251,6.17765,1.42791,635.748,445.228,276.909,193.926,0.462,0.323549,0.0,1,0.007932673,0.59849373,0.6239318624912477
MUWQEB_clean,15.66484,9.57746,15.5128,0.72296,1280.06,1770.59,458.981,634.865,0.7258,1.00393,0.0,1,0.003603101,0.368618319,0.3458563337175006
MUXHIW01_clean,3.39894,2.68407,3.39894,1.99057,0.0,0.0,6.84708,3.43975,0.4092,0.205569,0.0,1,7.78e-05,0.009836948,0.007793763541250026
MUXHUI01_clean,3.32627,2.62136,3.32559,2.07313,0.0,0.0,0.0,0.0,0.3974,0.191691,0.0,1,5.45e-05,0.005214982,0.004923973923749983
MUXHUI02_clean,3.33088,2.62615,3.31006,2.07134,0.0,0.0,0.0,0.0,0.3926,0.189539,0.0,1,4.72e-05,0.005222352,0.004553248548750013
MUXJAQ01_clean,3.26988,2.57434,3.26988,2.16393,0.0,0.0,0.0,0.0,0.3844,0.177639,0.0,1,2.74e-05,0.002525718,0.002857376680000005
MUXJAQ02_clean,3.29246,2.59697,3.29246,2.14641,0.0,0.0,0.0,0.0,0.3932,0.183189,0.0,1,3.03e-05,0.003572932,0.0027417035250000017
MUZGAQ_clean,8.01686,3.8968,7.05023,1.88749,1060.89,562.066,12.103,6.41222,0.5204,0.27571,0.000105961,1,0.000999056,0.095105127,0.09780941122875042
MUZKAV_clean,17.45826,13.87931,17.45826,0.40339,1714.83,4251.06,45.6222,113.097,0.8208,2.03476,0.0,1,0.005594554,0.549461891,0.5177164516712489
MUZRIJ_clean,5.19878,3.19685,5.19878,1.16465,0.0,0.0,884.193,759.193,0.5568,0.478084,0.0,1,0.004267458,0.377691316,0.383538062246252
MUZVUA_clean,6.29282,4.92678,6.2328,1.05196,1843.91,1752.83,0.0,0.0,0.6012,0.571503,0.0,1,0.003900276,0.367783343,0.3753748992450003
NABCIE_clean,3.55623,2.59798,3.54882,1.29401,0.0,0.0,14.812,11.4466,0.4134,0.319473,0.0,0,0.000917776,0.087666272,0.08913933157124936
NABMUA01_clean,6.23732,6.06718,6.23732,1.12213,1424.12,1269.12,0.0,0.0,0.5374,0.47891,0.0,1,0.010119234,0.877963325,0.8428964755574943
NABNUA_clean,4.40845,2.88021,4.35445,1.43562,0.0,0.0,313.389,218.296,0.451,0.31415,0.0,1,0.002119876,0.181710854,0.1982540496687513
NABSEP_clean,5.22579,2.57258,5.12621,2.04547,0.0,0.0,765.831,374.403,0.4834,0.236327,0.0,1,0.012142924,0.773821426,0.8360063403787487
NACVUI_clean,4.77526,3.80831,4.76074,1.15827,1072.88,926.279,0.0,0.0,0.5544,0.478644,0.0,0,0.006502339,0.579824364,0.5978129503949983
NACYAU_clean,9.59326,6.44061,9.30682,0.587991,2547.85,4333.14,0.0,0.0,0.7478,1.27179,0.0,1,0.004201713,0.408268345,0.4096733679287491
NACYOG_clean,5.74941,4.06197,5.74941,1.46194,999.211,683.482,0.0,0.0,0.4946,0.338317,0.0,1,0.003746326,0.344387012,0.3454066875899982
NACYUM_clean,5.55428,3.97006,5.53082,1.38654,927.307,668.791,0.0,0.0,0.4542,0.327578,0.0,1,0.004111199,0.37154597,0.3787403556637481
NADKEK_clean,5.31129,3.4955,5.31129,1.49762,283.2,189.1,22.2509,14.8575,0.4336,0.289526,0.0,0,0.000231947,0.022909841,0.02138144239625004
NADNEM_clean,6.17658,3.63409,6.12044,1.11816,999.382,893.777,0.0,0.0,0.5212,0.466125,0.0,0,0.008058425,0.645867989,0.6774990549862513
NADZEZ_clean,4.52715,3.99796,4.52715,1.63451,828.325,506.772,0.0,0.0,0.4522,0.276657,0.0,0,0.012533058,0.901788977,0.8339844999025003
NADZID_clean,5.01289,4.70268,4.9859,1.56754,1059.53,675.918,0.0,0.0,0.4664,0.297536,0.0,0,0.011858607,0.879845276,0.826899050717501
NAFRUI_clean,10.69455,2.61902,10.69455,1.2256,0.0,0.0,1797.49,1466.61,0.6948,0.566904,0.0,0,0.004967354,0.488857264,0.43087446121625134
NAFSOF_clean,10.41333,8.31604,10.41316,0.437831,2285.29,5219.56,0.0,0.0,0.8158,1.86328,0.0,1,0.003310495,0.337818935,0.3352485851325007
NAGBUU_clean,4.53887,4.18445,4.52808,1.74664,609.414,348.906,0.0,0.0,0.3514,0.201186,0.0,1,0.002232251,0.19818832,0.20948579533250036
NAGCAB_clean,7.89572,6.99253,7.70374,1.77084,1845.07,1041.92,0.0,0.0,0.6216,0.35102,0.0,1,0.000757835,0.074179275,0.07254515335125011
NAGQET_clean,6.32737,4.10631,6.32737,1.16822,1034.31,885.371,0.0,0.0,0.4844,0.414648,0.0,0,0.004362136,0.38161858,0.4236673230912507
NAGQOD_clean,7.52321,5.78841,7.52321,1.16388,884.56,760.01,0.0,0.0,0.503,0.432176,0.0,0,0.001521183,0.146125566,0.15177425700625036
NAHDIM_clean,9.95042,3.2912,9.94964,0.879702,0.0,0.0,1238.92,1408.34,0.5938,0.675001,0.0,1,0.00650327,0.491853495,0.5753861339725013
NAHFIO_clean,5.2589,3.87482,5.25696,1.10135,1180.95,1072.27,0.0,0.0,0.523,0.474873,0.0,0,0.002475776,0.239258653,0.23211058014499922
NAHFOU_clean,5.06142,2.85562,5.04798,1.28207,0.0,0.0,629.169,490.745,0.5082,0.39639,0.0,0,0.004819868,0.413765886,0.41401340288875205
NAHGUB_clean,4.04117,2.88043,3.98198,1.42843,0.0,0.0,451.191,315.864,0.5046,0.353254,0.0,1,0.004041803,0.377505008,0.3774457814512513
NAHHAI_clean,6.03251,4.99461,5.9659,1.6794,1408.86,838.909,0.0,0.0,0.5636,0.335597,0.0,1,0.003204671,0.309480264,0.300702580680001
NAHNES_clean,12.52913,11.45257,12.52913,0.578749,2093.33,3616.99,0.0,0.0,0.7668,1.32493,0.0,1,0.003305534,0.322094541,0.3350730785275007
NAJGAH_clean,3.37262,2.70314,3.37262,1.80964,0.0,0.0,0.968361,0.535113,0.3474,0.191972,0.0,0,5.34e-05,0.005082389,0.004854662118749995
NAJQUN_clean,5.34756,3.50411,5.30221,1.22931,1132.44,921.195,0.0,0.0,0.5072,0.412588,0.0,1,0.005391505,0.475853739,0.4756807286737479
NAJSUP_clean,6.289,4.7993,6.289,1.17213,2075.39,1770.61,0.0,0.0,0.6006,0.512401,0.0,1,0.006391503,0.570991952,0.5752343306049962
NAJTAW_clean,6.34991,4.99732,6.34991,1.15815,2148.84,1855.41,0.0,0.0,0.6062,0.523422,0.0,1,0.00555333,0.528368435,0.515048799062499
NAJTEA_clean,5.94588,4.33133,5.94588,1.22585,1966.72,1604.37,0.0,0.0,0.5868,0.478688,0.0,1,0.006651695,0.578963708,0.6092521015762492
NAKLIW_clean,5.07535,4.01579,4.60929,1.15907,1720.4,1484.3,0.0,0.0,0.6208,0.535603,0.0,1,0.005992263,0.550334398,0.5655649852799953
NAKNUK_clean,4.24436,2.58254,3.23509,1.42531,0.0,0.0,170.717,119.776,0.4138,0.290323,0.0,1,0.001125656,0.103644951,0.11379623957374953
NALWOO_clean,9.16164,8.79623,9.14564,1.02635,1440.32,1403.34,0.0,0.0,0.5862,0.571148,0.0,1,0.002501404,0.249742827,0.24779688251249862
NALYEG_clean,13.12266,12.88152,13.12266,1.5741,1371.05,871.007,0.0,0.0,0.6462,0.41052,0.0,1,0.001586275,0.151426816,0.15520606916625126
NAMDUD_clean,16.03482,3.9849,16.03053,0.771409,1799.33,2332.52,0.0,0.0,0.674,0.873726,0.0,1,0.005311646,0.497711872,0.46584609710249886
NAMZIL_clean,4.91078,3.33595,4.90938,3.82995,876.425,228.835,0.0,0.0,0.503,0.131333,0.0,1,0.000374947,0.038778376,0.03541164663999999
NANMEW_clean,7.12435,3.30498,7.12435,1.38608,0.0,0.0,641.638,462.916,0.5032,0.363038,0.0,1,0.002065712,0.199156361,0.20253862596625016
NANNAU_clean,4.84074,2.72589,4.80971,1.30022,0.0,0.0,360.763,277.464,0.4114,0.316409,0.0,0,0.006816496,0.458511706,0.5419075750650001
NANNEY_clean,4.84708,2.74228,4.48751,1.29059,0.0,0.0,356.384,276.14,0.4166,0.322798,0.0,0,0.006513687,0.451495225,0.5345962619962508
NANTII_clean,10.0936,8.00204,10.0936,0.620421,2302.26,3710.81,0.0,0.0,0.7974,1.28526,0.0,1,0.001923874,0.187981514,0.19207182437125042
NANYUX03_clean,5.54429,4.75767,5.52159,1.04137,1912.89,1836.9,0.0,0.0,0.6486,0.622835,0.0,0,0.005448011,0.527702774,0.49342386849249903
NANZOS_clean,4.989,3.27825,4.989,2.52073,0.0,0.0,542.589,215.251,0.3912,0.155193,0.0,1,0.001816394,0.15594173,0.1661104486387498
NAPNEA_clean,6.09623,3.46864,4.58597,0.972297,496.247,510.387,355.216,365.337,0.5562,0.572048,0.0,0,0.002844034,0.248056141,0.27438746058874935
NAPZOV_clean,5.15523,4.10902,5.14793,1.47553,1007.23,682.626,0.0,0.0,0.5412,0.366783,0.0,1,0.005325685,0.46673862,0.46210614535749883
NAQLAT_clean,6.1178,3.53855,6.08833,1.24225,1087.35,875.308,0.0,0.0,0.5306,0.427128,0.0,1,0.010799416,0.86538969,0.858501531817501
NAQQED_clean,8.84631,4.18602,8.84631,1.16199,2235.29,1923.68,0.0,0.0,0.7052,0.606892,0.0,1,0.001559986,0.157254524,0.15479903237374965
NAQQIH_clean,8.86151,4.15241,8.85959,0.875522,2235.36,2553.18,0.0,0.0,0.7024,0.802264,0.0,1,0.002379036,0.226946512,0.2239610449925001
NAQQON_clean,9.07609,4.33235,9.07609,1.01182,2282.57,2255.9,0.0,0.0,0.7134,0.705063,0.0,1,0.001623717,0.167447043,0.16149062439750098
NAQQUT_clean,9.01357,4.32605,9.01322,1.00423,2256.36,2246.85,0.0,0.0,0.7102,0.707207,0.0,1,0.001665248,0.169110071,0.1687869710112505
NAQRAA_clean,8.82176,4.19423,8.82039,1.0822,2240.28,2070.12,0.0,0.0,0.7116,0.657551,0.0,1,0.001651803,0.164017624,0.16871596929000027
NAQREE_clean,8.85655,4.22407,8.85397,1.08196,2247.94,2077.65,0.0,0.0,0.7126,0.658619,0.0,1,0.001541223,0.164389704,0.15442460166749963
NARMUR_clean,3.85567,3.41897,3.84405,2.08835,240.166,115.003,0.0,0.0,0.399,0.19106,0.0,1,0.000884915,0.081812262,0.08664566260874962
NARNAY_clean,3.7797,3.35693,3.7797,2.18462,172.349,78.8921,0.0,0.0,0.3916,0.179253,0.0,1,0.000704317,0.065494618,0.06803607576000012
NARNEC_clean,3.76052,3.36439,3.74345,2.2104,164.392,74.3722,0.0,0.0,0.389,0.175986,0.0,1,0.000655255,0.064351657,0.06499088682125001
NARNIG_clean,3.7044,3.30001,3.70047,2.34187,0.0,0.0,105.53,45.0623,0.3758,0.16047,0.0,1,0.000586132,0.053716404,0.05947788444874953
NARNOM_clean,3.67086,3.25949,3.67086,2.36402,0.0,0.0,90.9169,38.4586,0.3802,0.160828,0.0,1,0.000522908,0.049385158,0.051279001741249684
NARPAA_clean,3.73505,3.32608,3.73505,2.26396,71.4119,31.5429,70.7362,31.2445,0.387,0.17094,0.0,1,0.000638917,0.061121475,0.06374562526999983
NARPEE_clean,3.71114,3.3033,3.71114,2.29389,0.0,0.0,124.814,54.4113,0.3832,0.167052,0.0,1,0.000564135,0.057458395,0.05858795833249948
NARPOO_clean,4.62788,3.52973,4.62788,1.93637,626.775,323.686,0.0,0.0,0.4208,0.217314,0.0,1,0.002806055,0.247696673,0.2658298725512502
NARPUU_clean,4.57962,3.51552,4.57962,1.96606,599.01,304.676,0.0,0.0,0.431,0.219221,0.0,1,0.002792539,0.24905119,0.25808337104875007
NARTUX_clean,5.01316,2.44331,5.01316,1.39973,0.0,0.0,251.627,179.768,0.3986,0.284768,0.0,1,0.000853625,0.084879499,0.08622526872624978
NARVUA_clean,3.82973,3.39571,3.81953,2.12438,217.788,102.519,0.0,0.0,0.3964,0.186595,0.0,1,0.000850493,0.078681557,0.08656086749499972
NASMEB_clean,3.41738,2.56917,3.40476,1.67335,0.0,0.0,0.981018,0.586259,0.3726,0.222667,0.0,1,7.3e-05,0.006842782,0.007703944181250044
NASMIF_clean,3.41553,2.56004,3.40254,1.70025,0.0,0.0,0.901227,0.530055,0.3878,0.228084,0.0,1,7.25e-05,0.006177596,0.007661481541250047
NASRIL_clean,7.12232,4.94837,7.12232,0.851796,2450.87,2877.3,0.0,0.0,0.6816,0.800191,0.0,1,0.005088163,0.495686662,0.4872449598637489
NASROR_clean,13.45228,4.98216,13.45228,0.776126,1903.68,2452.8,0.0,0.0,0.7,0.901915,0.0,1,0.005356524,0.512685663,0.47759366999999897
NATFAS_clean,6.53453,3.93626,6.37422,1.34798,1587.17,1177.44,0.0,0.0,0.564,0.418403,0.0,0,0.007369827,0.64709776,0.6530043538200008
NATHOH_ion_b,5.49353,3.97352,5.49353,2.17321,1195.36,550.044,0.0,0.0,0.4624,0.212773,0.0,1,0.001086994,0.104341198,0.10747528794875068
NATHUO_clean,7.56745,6.68911,7.56745,1.07613,1712.53,1591.37,0.0,0.0,0.6018,0.559224,0.0,1,0.003216956,0.301107346,0.3140220641925014
NATKIF_clean,17.00981,12.93858,16.43746,0.345463,1901.41,5503.94,0.0,0.0,0.8556,2.47668,0.0,1,0.004055315,0.397373663,0.4078445744137469
NATKOL_clean,7.96067,5.75072,7.91611,0.695846,2746.18,3946.53,0.0,0.0,0.699,1.00453,0.0,1,0.004280756,0.417658101,0.42394375184999866
NATXIR_clean,3.61932,3.17484,3.57853,2.29999,0.0,0.0,134.125,58.3156,0.4196,0.182435,0.0,1,0.000762316,0.073857847,0.06855982227624996
NAVCAO_clean,5.32066,2.64099,5.30974,1.93236,0.0,0.0,586.019,303.266,0.45,0.232876,0.0,1,0.007998565,0.576243863,0.5918359479224969
NAVFUM_clean,3.89875,2.74655,3.88187,2.06017,0.0,0.0,421.459,204.575,0.4038,0.196003,0.0,0,0.006100144,0.480476567,0.5009354398212517
NAVJAW01_clean,11.39615,10.64646,11.39615,1.17113,1550.28,1323.75,0.0,0.0,0.633,0.540502,0.0,1,0.002202886,0.221271575,0.21305525459499985
NAVJAW_clean,11.35149,10.97665,11.35149,1.17524,1535.17,1306.26,0.0,0.0,0.6334,0.538952,0.0,1,0.002348914,0.244520299,0.22244199823499958
NAVLIG_clean,4.05904,3.742,4.05904,1.16225,487.528,419.471,0.0,0.0,0.474,0.407831,0.0,0,0.005041744,0.472485512,0.45939925938374804
NAWDUN_clean,7.40097,5.49968,7.39892,0.842634,2070.76,2457.48,0.0,0.0,0.6368,0.755726,0.0,1,0.005669316,0.524975798,0.5202447941662488
NAWHOL_clean,4.98803,2.84048,4.98788,1.64979,0.0,0.0,666.862,404.209,0.4934,0.299068,0.0,1,0.002023751,0.190728366,0.18848287782250023
NAWKII_clean,5.87047,3.9227,5.87047,0.947947,1478.21,1559.38,0.0,0.0,0.5784,0.610161,0.0,1,0.007274107,0.648548643,0.6684165699837505
NAWWUG_clean,5.71546,4.10727,5.46236,1.11201,1652.38,1485.94,0.0,0.0,0.5826,0.523916,0.0,1,0.005932615,0.523928774,0.5460746262637475
NAWXER_clean,9.09863,5.59872,6.09599,0.664973,2891.83,4348.79,0.0,0.0,0.734,1.1038,0.0,1,0.004434645,0.446995849,0.4301823236462492
NAXKOO02_clean,3.34841,2.90732,3.26505,1.4681,0.0,0.0,0.773912,0.527152,0.4106,0.279681,0.0,0,0.000224581,0.020238182,0.021100373082500054
NAXKOO_clean,7.154,7.00039,7.154,1.18269,1555.75,1315.44,0.0,0.0,0.5548,0.469101,0.0,0,0.006197945,0.58974881,0.5626024981037492
NAXLII_clean,5.86925,5.28522,5.86925,1.2305,998.395,811.372,0.0,0.0,0.5042,0.409751,0.0,1,0.002445096,0.237958232,0.22972844339750043
NAYGUR_clean,7.6924,7.0244,7.6924,0.745846,2238.41,3001.16,0.0,0.0,0.7254,0.972586,0.0,1,0.002507374,0.247296523,0.2499618967012497
NAYMOQ_clean,4.042,3.49537,4.03529,1.20973,330.783,273.436,0.0,0.0,0.4026,0.332802,0.0,1,0.000821839,0.078747547,0.08134260136124981
NAYNIK_clean,5.90297,3.81726,5.80437,1.72086,950.582,552.388,0.0,0.0,0.5262,0.305777,0.0,0,0.000367999,0.037499552,0.035310162935000056
NAYXOC_clean,8.15867,4.39162,7.93074,1.10978,1802.12,1623.85,0.0,0.0,0.6112,0.550741,0.0,1,0.00379438,0.348863148,0.3662984014350007
NAYZOE_clean,15.82314,6.52553,15.81665,0.498918,2302.42,4614.84,0.0,0.0,0.813,1.62953,0.0,1,0.003035884,0.303909433,0.29979466262624965
NAYZUK_SL,9.49894,7.59757,9.49894,1.33539,970.819,726.992,135.046,101.128,0.563,0.421599,0.0,0,0.00330677,0.313650881,0.3189014880012503
NAZZEV_clean,9.68562,8.04863,9.67315,1.02009,1679.74,1646.65,0.0,0.0,0.6478,0.635039,0.0,1,0.003574314,0.352891226,0.34612349522500113
nchem.2258-s3_clean,11.60468,9.32321,11.60031,0.548188,2435.64,4443.09,11.1166,20.2788,0.7802,1.42324,0.0,1,0.005243368,0.500092401,0.47669329982999903
ncomms11831_ncomms11831-s2_clean,4.88753,3.53737,4.88616,1.57042,403.532,256.959,0.0,0.0,0.3336,0.212428,0.0,0,0.015278249,0.788347376,0.963152871443748
ncomms7350-s2_clean,6.32642,5.9567,6.32642,1.52435,1274.9,836.355,0.0,0.0,0.531,0.348344,0.0,1,0.001949806,0.176757952,0.18517527132749997
NDAIAH_clean,6.63827,3.41985,6.40814,1.54439,1188.39,769.486,0.0,0.0,0.551,0.356774,0.0,1,0.001527074,0.151281091,0.1534100580937504
NEBNOZ_clean,6.01321,5.05928,6.00094,1.13873,1248.11,1096.06,0.0,0.0,0.5186,0.45542,0.0,1,0.004096586,0.375828858,0.38630521144124946
NECZAY_clean,4.68391,2.82081,4.55068,1.48371,0.0,0.0,545.372,367.574,0.4714,0.317717,0.0,0,0.017112113,1.125230263,0.9367379617424996
NEDJAJ_clean,5.22097,2.98806,5.20032,1.83663,0.0,0.0,745.323,405.809,0.4994,0.27191,0.0,1,0.000843423,0.08241493,0.08569369944749983
NEDMEP_clean,4.8267,2.86336,4.82007,1.68825,0.0,0.0,899.075,532.547,0.585,0.346512,0.0,0,0.007095863,0.585106009,0.5983544198675019
NEDVUP_clean,7.10231,5.27516,7.10043,0.883179,2108.77,2387.7,0.0,0.0,0.6378,0.722164,0.0,1,0.003416853,0.341291495,0.3346291637675008
NEDWAW_clean,8.21752,5.99671,8.17631,0.756185,2155.93,2851.06,0.0,0.0,0.6702,0.886291,0.0,0,0.00341454,0.328773157,0.3376545446262498
NEDWEA_clean,7.23193,5.49922,7.23193,0.857312,2138.95,2494.95,0.0,0.0,0.6398,0.746286,0.0,1,0.003409269,0.338292694,0.33450040457750063
NEDWIE_clean,8.99031,6.43493,8.98641,0.682799,2139.49,3133.41,0.0,0.0,0.724,1.06034,0.0,1,0.002691277,0.277111347,0.26976255726875076
NEDXOL_clean,5.99531,3.70069,5.99531,1.19863,1096.35,914.669,0.0,0.0,0.5274,0.440003,0.0,0,0.006343448,0.526501756,0.5538380037199988
NEFTUP_clean,3.8504,2.4016,3.8504,1.4053,0.0,0.0,77.2239,54.9518,0.3802,0.270547,0.0,0,0.000876341,0.091381806,0.0869615895474995
NEFZOO_clean,4.9876,4.51456,4.96943,1.17458,1752.87,1492.33,0.0,0.0,0.5624,0.478808,0.0,1,0.01681988,1.428153639,1.229962662145006
NEGMUI_clean,6.43529,3.57476,6.40936,1.70833,1135.33,664.583,0.0,0.0,0.5116,0.299474,0.0,1,0.000869504,0.086512085,0.08753528371999958
NEGZUW_clean,6.52732,5.75532,6.52732,1.40591,2132.81,1517.03,0.0,0.0,0.6336,0.450668,0.0,1,0.001622692,0.15243623,0.16005537159375124
NEHGEO_clean,5.2858,4.45812,5.28563,1.33637,1775.08,1328.28,0.0,0.0,0.5648,0.422636,0.0,1,0.005836768,0.519871411,0.5301772163049995
NEHGIS_clean,5.25791,4.32138,5.25791,1.34435,1760.82,1309.79,0.0,0.0,0.5618,0.417897,0.0,1,0.006150588,0.545361788,0.5591856854024974
NEHMET_clean,4.71483,3.76667,4.71105,1.33401,1622.86,1216.53,0.0,0.0,0.597,0.447522,0.0,0,0.006361915,0.572492482,0.567340584241248
NEHZIK_clean,7.34019,4.77821,7.34019,1.20148,1239.75,1031.85,0.0,0.0,0.5382,0.447947,0.0,1,0.002268017,0.206937025,0.22098802210625001
NEJRUR_clean,4.68942,3.81829,4.68942,1.2394,1057.89,853.554,15.7348,12.6955,0.5034,0.406165,0.0,0,0.005977947,0.536227746,0.542125196957498
NEJSAY_clean,4.50943,3.7344,4.50943,1.24034,1046.3,843.559,44.3105,35.7246,0.5234,0.421982,0.0,0,0.006044949,0.504962765,0.5487849148574986
NEJSEC_clean,5.81645,3.98304,5.23805,1.24255,1038.8,836.024,5.34967,4.30539,0.5324,0.428473,0.0,0,0.006544625,0.558914758,0.5910734093087485
NEJSOM_clean,5.41485,4.53855,5.40953,1.12052,1544.19,1378.11,0.0,0.0,0.5672,0.506195,0.0,0,0.006805628,0.627823563,0.6180290593862477
NEKBEL_clean,4.90746,3.89074,4.89557,1.60125,914.813,571.31,2.67246,1.66898,0.5046,0.315128,0.0,1,0.000684415,0.063392757,0.07056107180625001
NEKMUN_clean,5.69957,3.6274,5.51939,1.30616,1011.9,774.717,0.0,0.0,0.4788,0.366572,0.0,0,0.009816917,0.760018193,0.7877380912112512
NEKREB_clean,7.13295,5.12512,7.13295,1.3542,1081.87,798.902,136.454,100.763,0.5622,0.415152,0.0,1,0.003562335,0.309735335,0.3289502806487496
NELVAC_clean,4.82648,4.29457,4.79942,1.65303,931.318,563.4,0.0,0.0,0.5062,0.306225,0.0,0,0.011131941,0.768007295,0.8204187721762523
NELVEG_clean,4.88877,3.9894,4.88281,1.93052,846.514,438.489,0.0,0.0,0.4838,0.250606,0.0,0,0.012121303,0.794810639,0.8374973727700001
NELWIL_clean,3.58332,2.90369,3.50223,1.68506,0.0,0.0,51.1153,30.3344,0.4086,0.242484,0.0,1,4.89e-05,0.003771168,0.004733381748750014
NENFAN_clean,7.3527,6.48023,7.3527,2.08229,1229.05,590.24,0.0,0.0,0.526,0.252607,0.0,0,0.019798212,1.367013379,1.3958407772537553
NEPWIQ_clean,4.3412,3.92268,4.32302,2.14557,765.165,356.625,0.0,0.0,0.4758,0.221759,0.0,1,0.0034917,0.316142957,0.3214560707474983
NERMON_clean,5.21245,4.69214,4.9752,1.84917,802.953,434.223,0.0,0.0,0.4356,0.235565,0.0,1,0.000588317,0.05665609,0.06168297199874999
NERTAH_clean,4.54882,3.46995,4.4502,1.3343,589.598,441.88,43.1614,32.3477,0.4772,0.357642,0.0,1,0.003270932,0.289342711,0.3063217505900008
NERVAJ_clean,12.53445,5.46518,12.53445,1.01277,1389.34,1371.82,0.0,0.0,0.569,0.561827,0.0,1,0.002131291,0.216543543,0.2066117457600006
NERVEL_clean,4.91794,2.50642,4.91794,1.41245,0.0,0.0,518.734,367.258,0.4352,0.308117,0.0,0,0.005554472,0.432424204,0.45564884425625046
NERVEN_clean,12.25139,5.76203,12.25139,1.08035,1360.26,1259.1,0.0,0.0,0.5706,0.528164,0.0,1,0.001777191,0.181180068,0.1769199469012493
NERVOV_clean,5.20555,2.77559,5.20555,1.37844,0.0,0.0,616.859,447.505,0.4452,0.322974,0.0,0,0.005824409,0.465730274,0.49143511904875026
NETFEY_clean,5.99191,3.34732,5.84787,1.56583,1062.01,678.245,0.0,0.0,0.5366,0.342695,0.0,1,0.000774687,0.077361808,0.07284462427250042
NETHOJ_clean_h,4.97649,4.04567,4.52041,1.68332,1607.37,954.88,0.0,0.0,0.565,0.335646,0.0,1,0.002430478,0.234430934,0.22444605252375008
NETRIN_clean,5.56191,3.11695,5.55591,1.85142,0.0,0.0,827.385,446.893,0.4814,0.260017,0.0,0,0.008042036,0.599931134,0.6267850425137472
NETYIV01_clean,8.07265,7.09602,8.06746,0.782971,2020.36,2580.37,0.0,0.0,0.686,0.87615,0.0,1,0.0028116,0.286656438,0.2844568154937505
NETYIV_clean,8.05298,7.05859,8.05298,0.781018,1992.35,2550.96,0.0,0.0,0.686,0.878341,0.0,1,0.002714275,0.275444449,0.27175561706875073
NEVJEF_clean,6.93106,3.47964,6.92655,1.61189,1003.29,622.432,0.0,0.0,0.4932,0.305976,0.0,1,0.002191321,0.216005033,0.21129626997625045
NEVJOP_clean,5.38691,3.04693,5.37271,1.49125,0.0,0.0,826.233,554.055,0.458,0.307125,0.0,1,0.003433315,0.31381038,0.31808407705624814
NEVPOU_clean,6.31655,5.18077,6.31594,1.2374,1037.41,838.376,200.543,162.068,0.5652,0.456764,0.0,1,0.003232256,0.30624878,0.30785795236250213
NEVVAM01_clean,6.94552,5.78544,6.80825,1.42342,1408.53,989.544,0.0,0.0,0.5446,0.3826,0.0,0,0.003369402,0.313958962,0.32304596429125093
NEVVAM02_clean,6.83817,5.86962,6.83673,1.42399,1416.84,994.976,0.0,0.0,0.5302,0.372334,0.0,0,0.003258586,0.311449988,0.3065883890700015
NEVVAM_clean,6.98127,5.93133,6.98127,1.4203,1415.91,996.914,0.0,0.0,0.523,0.368233,0.0,0,0.00333389,0.318814324,0.32220137437750085
NEVVEQ_clean,4.80581,3.79614,4.80581,1.56913,728.185,464.069,0.0,0.0,0.453,0.288695,0.0,0,0.011288846,0.808187586,0.8002278187237516
NEXVET_clean,15.05129,7.94511,15.02301,0.572296,2220.51,3880.01,0.0,0.0,0.8096,1.41465,0.0,0,0.002339171,0.222222283,0.22170203065499955
NEXVUI_clean,9.07531,8.9508,9.07531,1.35917,693.606,510.314,30.665,22.5615,0.5322,0.391561,0.0,1,0.001398164,0.133376455,0.13764010213000064
NEXXEV_clean,10.14339,9.60102,10.14163,0.701942,1675.6,2387.1,0.0,0.0,0.6396,0.911186,0.0,1,0.004817694,0.450280543,0.4262510790900007
NEXXIZ_clean,9.73301,9.22346,9.73301,0.709285,1668.91,2352.94,0.0,0.0,0.6328,0.892166,0.0,1,0.004612437,0.456658976,0.42713712912375074
NEYJIM_clean,8.63602,2.71972,8.63602,1.95132,0.0,0.0,802.829,411.428,0.494,0.253162,0.0,1,0.000603255,0.056038035,0.06173370871499986
NEYVEU_clean,20.18169,6.42425,20.08436,0.514184,2007.78,3904.79,0.0,0.0,0.7952,1.54653,0.0,0,0.003445162,0.338726895,0.3487372563475006
NEYYIZ_clean,5.77965,3.26538,5.77965,0.966711,0.0,0.0,1318.69,1364.09,0.6446,0.666797,0.0,0,0.00120642,0.111253163,0.12449554131749979
NEYYUN_clean,4.68454,4.06012,4.68454,1.064,2087.99,1962.4,0.0,0.0,0.6166,0.579512,0.0,1,0.011538231,1.057918727,0.9410897868475044
NEYZAU_clean,4.66904,4.09054,4.65339,0.942406,2112.21,2241.29,0.0,0.0,0.6186,0.656405,0.0,1,0.013914936,1.261487562,1.1035983652462482
NEZBOK_clean,4.10684,2.45206,4.09161,1.77885,0.0,0.0,515.863,289.998,0.4652,0.261517,0.0,0,0.00389978,0.349902776,0.3374875659512481
NEZWOG01_clean,6.15081,4.94067,6.15081,1.68632,1580.27,937.116,0.0,0.0,0.5538,0.328408,0.0,1,0.001113089,0.11507637,0.1085183038375003
NEZWOG_clean,6.42146,5.18119,6.41863,1.71364,1489.36,869.12,0.0,0.0,0.552,0.322122,0.0,1,0.001366188,0.132741331,0.1332598580425002
NIBHOW_clean,27.51057,14.88459,27.48878,0.279595,1425.71,5099.19,0.0,0.0,0.8844,3.16315,0.0,1,0.003413742,0.330506459,0.3377100979437506
NIBHUC_clean,18.86769,11.8721,18.86769,0.449382,1927.35,4288.89,0.0,0.0,0.8286,1.84387,0.0,1,0.003056345,0.307936692,0.3008380657699994
NIBJAK_clean,32.00355,17.55175,32.00033,0.223433,1188.94,5321.22,0.0,0.0,0.9102,4.0737,0.0,1,0.003995222,0.366321861,0.3850735927899987
NIBXUT_clean,6.21117,5.18074,6.19848,1.9388,1406.45,725.426,0.0,0.0,0.5234,0.269961,0.0,1,0.001517955,0.150597272,0.15021904302750025
NICCAE_clean,4.49529,2.75227,4.4354,1.75349,0.0,0.0,580.072,330.811,0.455,0.259483,0.0,1,0.003469345,0.307749291,0.31824531775374765
NICJUG_clean,4.89962,3.36041,4.89962,1.72542,148.084,85.8247,0.0,0.0,0.4514,0.261617,0.0,1,0.000162274,0.015488543,0.017586275225000038
NIFTIH_clean,4.90975,3.65701,4.90975,1.37616,1012.21,735.536,0.0,0.0,0.5236,0.380479,0.0,1,0.005909409,0.530034214,0.523663418217498
NIGBOW_clean,11.80846,11.56903,11.80846,0.664854,1743.47,2622.33,0.0,0.0,0.7086,1.0658,0.0,0,0.003117346,0.318132056,0.3036674753275004
NIGDEO_clean,13.9402,7.42068,13.92619,0.633535,2119.03,3344.77,0.0,0.0,0.7538,1.18983,0.0,1,0.004299792,0.420307723,0.4264123413024981
NIGDIS_clean,14.03164,7.36423,14.03164,0.622681,2210.2,3549.5,0.0,0.0,0.7674,1.23241,0.0,1,0.004370076,0.429937466,0.42500777350624913
NIGFIT_clean,7.4378,4.64365,7.4378,1.2326,2395.77,1943.66,0.0,0.0,0.659,0.53464,0.0,1,0.0030421,0.295610478,0.3062059029124989
NIGFOZ_clean,7.49823,4.6446,7.49513,1.19407,2411.1,2019.23,0.0,0.0,0.6618,0.554241,0.0,1,0.002980455,0.300320193,0.29344573940749963
NIGGAM_clean,7.44488,4.63983,7.44488,1.22204,2431.75,1989.92,0.0,0.0,0.6646,0.543847,0.0,1,0.003081673,0.302017039,0.30652251237374883
NIGGEQ_clean,7.37601,4.62938,6.94846,1.24921,2427.77,1943.44,0.0,0.0,0.6582,0.526892,0.0,1,0.003161509,0.30418077,0.3077925208425001
NIGLUK_clean,5.06191,2.80356,5.05782,1.26749,0.0,0.0,439.885,347.052,0.4414,0.348248,0.0,0,0.014898907,0.981619728,0.8941765990449986
NIGNUO_clean,16.88905,3.72632,16.88905,0.773731,1979.77,2558.73,0.0,0.0,0.6948,0.897987,0.0,1,0.004056464,0.391018279,0.4023257863512477
NIGPEA_clean,10.42385,9.24875,10.42385,0.730648,2142.0,2931.64,0.0,0.0,0.6842,0.936428,0.0,1,0.004623113,0.435646462,0.4260553761412503
NIHBAI01_clean,4.75768,3.68765,4.75768,1.76453,773.951,438.616,0.0,0.0,0.4424,0.250719,0.0,0,0.003744831,0.340733595,0.33448870002124736
NIHBAI02_clean,4.7992,3.7527,4.7992,1.74298,825.866,473.823,0.0,0.0,0.449,0.257604,0.0,0,0.003665491,0.345295624,0.33367102688249745
NIHBAI_clean,4.7247,3.65018,4.71583,1.7748,745.205,419.881,0.0,0.0,0.4386,0.247126,0.0,0,0.003741657,0.340394021,0.3326535923612476
NIHBEM01_clean,4.87963,3.68372,4.87963,1.74048,783.372,450.089,0.0,0.0,0.4496,0.258319,0.0,0,0.003598846,0.329927536,0.3235118145512479
NIHBEM02_clean,5.01891,3.78432,5.01891,1.70287,870.252,511.052,0.0,0.0,0.4636,0.272247,0.0,0,0.003757525,0.333226478,0.3357994164974973
NIHBEM_clean,4.82471,3.66332,4.81898,1.76393,749.866,425.111,0.0,0.0,0.4434,0.25137,0.0,0,0.003886056,0.336931639,0.3421051391387477
NIHBIQ01_clean,5.30133,3.89271,5.30133,1.65496,952.5,575.542,0.0,0.0,0.4798,0.289916,0.0,0,0.00356711,0.304449992,0.32106197074999815
NIHBIQ02_clean,5.38184,3.95166,5.35574,1.6285,1006.66,618.147,0.0,0.0,0.4894,0.300521,0.0,0,0.003440167,0.308850168,0.3202968485112491
NIHBIQ_clean,5.25122,3.88968,5.21988,1.66955,927.396,555.476,0.0,0.0,0.4762,0.285226,0.0,0,0.003613127,0.318382032,0.3222565527699983
NIHVUX_clean,7.06296,5.57011,7.05951,3.18911,938.163,294.177,124.289,38.973,0.4932,0.154651,0.0,1,0.000513217,0.052909077,0.05178021190874969
NIJSAC_clean,3.99361,3.37969,3.99361,1.5613,209.634,134.269,0.0,0.0,0.3722,0.238391,0.0,1,0.000918183,0.090249697,0.08889254119749974
NIJTOR_clean,5.13346,3.60858,4.57199,1.35089,285.546,211.376,191.611,141.84,0.4084,0.302318,0.0,1,0.005092954,0.396571033,0.43024410432375043
NIJZIP01_clean,8.50827,7.36867,8.50827,1.45663,1110.96,762.692,3.7965,2.60636,0.5674,0.38953,0.0,1,0.000657011,0.064038131,0.06885326310124999
NIJZIP_clean,9.04941,7.56212,9.04941,1.42787,1214.86,850.82,0.0,0.0,0.5802,0.406339,0.0,1,0.00064637,0.066467576,0.06852774667750013
NIJZOV_clean,8.62609,7.08161,8.6236,1.5406,1133.11,735.501,0.0,0.0,0.5798,0.376347,0.0,1,0.000594366,0.059310918,0.06276629661625018
NIKDAM_clean,7.96983,7.14498,7.96983,0.958363,1366.23,1425.59,0.0,0.0,0.6056,0.631911,0.0,1,0.002450929,0.223949583,0.23022844430374953
NIKDEQ_clean,3.61567,2.64277,3.60667,1.39315,0.0,0.0,66.439,47.6896,0.4256,0.305494,0.0,0,7.12e-05,0.00712337,0.007700839543750052
NIKDIU_clean,3.57373,2.52089,3.56154,1.39956,0.0,0.0,56.6035,40.4438,0.422,0.301523,0.0,1,5.95e-05,0.007163508,0.006507302040000009
NIKJIB_clean,7.23675,3.61132,7.23452,1.15081,1184.22,1029.04,0.0,0.0,0.5324,0.462633,0.0,1,0.002976231,0.287594753,0.2826590179074992
NIKJOH_clean,5.92614,3.00956,5.92202,1.25543,0.0,0.0,1126.53,897.324,0.4956,0.394764,0.0,1,0.005424994,0.511938645,0.44900209677125014
NIKJUN_clean,5.97101,2.84267,5.9634,1.37868,0.0,0.0,1106.78,802.784,0.4894,0.354977,0.0,1,0.005403278,0.484029667,0.44401340429375125
NIKKIC_clean,5.94413,4.27315,5.93398,1.24613,1177.42,944.864,0.0,0.0,0.498,0.399638,0.0,1,0.004380429,0.399647626,0.41424632886374946
NIKYOW01_clean,4.61161,3.58405,4.59865,1.78633,690.02,386.278,0.0,0.0,0.436,0.244076,0.0,0,0.003675012,0.319138932,0.3288739875987479
NIKYOW02_clean,4.72463,3.68194,4.72463,1.75151,766.584,437.671,0.0,0.0,0.4498,0.256808,0.0,0,0.003565523,0.328859625,0.3220053262874979
NIKYOW_clean,4.56807,3.54686,4.56807,1.80221,654.259,363.032,0.0,0.0,0.4324,0.239928,0.0,0,0.003487771,0.314614986,0.3193612353824985
NIKYUC01_clean,4.94759,3.68791,4.94354,1.71164,846.153,494.351,0.0,0.0,0.4572,0.267112,0.0,0,0.003633755,0.327171277,0.3326705171512475
NIKYUC02_clean,5.06856,3.78234,5.06856,1.67303,915.135,546.992,0.0,0.0,0.4718,0.282003,0.0,0,0.003490944,0.315051354,0.3201928885849985
NIKYUC_clean,4.9018,3.64376,4.89963,1.7317,810.432,467.997,0.0,0.0,0.4504,0.260091,0.0,0,0.003682946,0.332368023,0.33381198870999745
NIKZAJ01_clean,4.60883,3.61545,4.57384,1.79637,691.539,384.965,0.0,0.0,0.4298,0.23926,0.0,0,0.003706748,0.329318208,0.32796743818749813
NIKZAJ02_clean,4.67382,3.68928,4.66396,1.76633,754.073,426.914,0.0,0.0,0.4402,0.249217,0.0,0,0.003717855,0.334203943,0.33197246580499756
NIKZAJ_clean,4.56098,3.58427,4.53545,1.81346,655.548,361.491,0.0,0.0,0.426,0.234911,0.0,0,0.003665491,0.323869161,0.3254846965912484
NIKZEN01_clean,4.86464,3.71164,4.85271,1.72603,830.972,481.435,0.0,0.0,0.4544,0.263263,0.0,0,0.003765459,0.335205209,0.3353499131587473
NIKZEN02_clean,4.94738,3.78699,4.94738,1.70037,871.961,512.806,0.0,0.0,0.4662,0.274175,0.0,0,0.003711508,0.326152556,0.33513425177624734
NIKZEN_clean,4.82301,3.70763,4.82301,1.74152,807.966,463.944,0.0,0.0,0.4514,0.259199,0.0,0,0.003800369,0.340854191,0.3355576175924972
NIMPEG01_clean,8.44,5.51406,8.10508,0.6075,2688.56,4425.61,0.0,0.0,0.7444,1.22535,0.0,1,0.004298751,0.41876752,0.42769880980374914
NIMPEG_clean,5.8871,5.25211,5.8871,0.735505,2646.72,3598.51,0.0,0.0,0.6844,0.930517,0.0,1,0.004501611,0.454624035,0.4334717093799986
NIMPOQ_clean,9.48433,7.47639,9.46555,0.558554,2612.29,4676.87,0.0,0.0,0.765,1.36961,0.0,1,0.0042705,0.407540143,0.41072532331499956
NIMTAE_clean,4.79937,4.4136,4.79752,1.0571,1265.99,1197.61,0.0,0.0,0.5494,0.519725,0.0,0,0.005304145,0.494774184,0.46712659783749877
NIMVEL_clean,3.05226,2.43205,3.04682,2.1389,0.0,0.0,0.0,0.0,0.3222,0.150638,0.0,1,0.0,4.16e-05,5.970093499999996e-05
NIMVIP_clean,3.06384,2.47616,3.06108,2.18009,0.0,0.0,0.0,0.0,0.3174,0.14559,0.0,1,9.71e-07,4.08e-05,0.00010680045500000017
NIMWUD_clean,4.74884,3.19761,4.72938,1.70114,0.0,0.0,559.822,329.086,0.4342,0.25524,0.0,0,0.008316054,0.575247201,0.6790623289387474
NIMXAK_clean,11.51604,3.85375,11.50661,0.98882,1692.19,1711.32,0.0,0.0,0.6486,0.655933,0.0,0,0.003354492,0.32352463,0.330533888973751
NIMXIS_clean,10.63837,6.01154,10.63837,1.05177,1918.06,1823.65,0.0,0.0,0.667,0.634168,0.0,1,0.001826472,0.187938389,0.1816697677449992
NINHOH_clean,6.49972,5.39746,6.49972,1.04902,2642.26,2518.78,0.0,0.0,0.76,0.724483,0.0,1,0.001040422,0.103790448,0.10407233305000008
NINVAI_clean,11.85606,6.40748,11.85606,0.818223,2181.06,2665.61,0.0,0.0,0.7028,0.858935,0.0,1,0.005744869,0.495004141,0.5332538108812477
NIRDEX_clean,3.13727,2.97363,3.12661,2.08403,0.0,0.0,0.0,0.0,0.492,0.236081,0.0,1,3.04e-05,0.002829756,0.002606194723750001
NIRGAY_clean,8.4539,5.80719,8.43976,0.806367,1866.49,2314.69,0.0,0.0,0.644,0.798644,0.0,1,0.003283804,0.333270019,0.33024032345125
NIRKAB_clean,6.92969,3.36489,6.92969,1.45312,1377.63,948.051,0.0,0.0,0.547,0.376432,0.0,0,0.001552062,0.14526631,0.15515979436250069
NIRMUW01_clean,4.27461,3.01125,4.27461,1.9734,0.0,0.0,400.717,203.06,0.3848,0.194994,0.0,1,0.007172574,0.519909108,0.5572998939174973
NIRMUW_clean,4.28887,3.01391,4.28887,1.9678,0.0,0.0,453.774,230.6,0.3832,0.194735,0.0,1,0.007042411,0.544879939,0.5371072146949983
NIRNAD_clean,4.25391,3.23786,4.23073,1.77484,0.0,0.0,431.68,243.221,0.3624,0.204187,0.0,1,0.009108464,0.696166982,0.6695002465600003
NISBEX_clean,4.31898,3.41744,4.31844,1.44504,366.268,253.467,91.9485,63.6306,0.472,0.326636,0.0,1,0.001686464,0.169672579,0.16109638873375012
NISCOJ_clean,4.58385,2.97979,4.55532,1.18763,0.0,0.0,570.578,480.435,0.48,0.404167,0.0,1,0.005512861,0.448377801,0.46952636420499955
NISPOV_clean,4.71107,2.81394,4.69976,1.97219,0.0,0.0,427.339,216.682,0.4068,0.206268,0.0,1,0.008955522,0.547051979,0.6904258768612493
NITADY_clean,3.77402,2.52706,3.76654,1.93204,0.0,0.0,103.687,53.6672,0.4868,0.251962,0.0,1,0.000485966,0.046398816,0.04960571568374996
NIVNUC_clean,5.02349,3.15608,4.44899,1.74877,0.0,0.0,914.58,522.985,0.5046,0.288546,0.0,1,0.001418536,0.131135662,0.13304215566499938
NIVWIY_clean,4.39358,2.64193,4.39358,3.03193,0.0,0.0,321.105,105.908,0.4102,0.135293,0.0,0,0.001166176,0.120629446,0.11610636114624993
NIVZOJ_clean,9.94924,7.55081,9.94924,0.836734,2096.15,2505.16,0.0,0.0,0.7358,0.879372,0.0,1,0.001147271,0.11907641,0.10951676456750015
NIWPIU_clean,2.95059,2.46707,2.95059,1.40092,0.0,0.0,0.0,0.0,0.4312,0.307798,0.0,0,3.92e-06,3.33e-05,0.0003874842512499994
NIWZIE09_clean,2.94829,2.40622,2.94829,1.41143,0.0,0.0,0.0,0.0,0.4258,0.30168,0.0,0,0.0,3.92e-05,6.790744999999981e-06
NIWZIE10_clean,2.94277,2.42438,2.94277,1.41137,0.0,0.0,0.0,0.0,0.4276,0.302967,0.0,0,0.0,3.78e-05,6.224997499999978e-06
NIWZIE11_clean,2.93405,2.44869,2.93405,1.41106,0.0,0.0,0.0,0.0,0.4344,0.307854,0.0,0,0.0,2.94e-05,4.328359999999977e-06
NIWZIE12_clean,2.93723,2.45252,2.93723,1.41019,0.0,0.0,0.0,0.0,0.4346,0.308186,0.0,0,0.0,3.92e-05,4.328359999999977e-06
NIWZIE13_clean,2.937,2.45268,2.937,1.41077,0.0,0.0,0.0,0.0,0.4344,0.307917,0.0,0,0.0,2.94e-05,4.328359999999977e-06
NIWZIE14_clean,2.94138,2.45698,2.94138,1.40904,0.0,0.0,0.0,0.0,0.4354,0.309005,0.0,0,0.0,3.73e-05,4.000184999999978e-06
NIWZIE15_clean,2.94235,2.46148,2.94235,1.40723,0.0,0.0,0.0,0.0,0.4362,0.309972,0.0,0,0.0,3.33e-05,4.000184999999978e-06
NIWZIE16_clean,2.94952,2.46551,2.94952,1.40557,0.0,0.0,0.0,0.0,0.4372,0.311048,0.0,0,0.0,3.92e-05,4.068772499999975e-06
NIWZIE17_clean,2.95696,2.47171,2.95696,1.40189,0.0,0.0,0.0,0.0,0.4388,0.313007,0.0,0,0.0,2.35e-05,5.2209474999999706e-06
NIWZIE18_clean,2.95153,2.47294,2.95153,1.40313,0.0,0.0,0.0,0.0,0.4366,0.311162,0.0,0,0.0,5.29e-05,4.827872499999973e-06
NIXPOA_clean,5.73914,2.56703,5.73254,1.56162,0.0,0.0,737.384,472.192,0.4824,0.30891,0.0,1,0.002467163,0.220337697,0.22697087197499952
NIYJAI_clean,5.86863,4.46882,5.70658,1.13108,1072.3,948.033,0.0,0.0,0.5246,0.463806,0.0,0,0.003941554,0.355848071,0.3602805119912501
NIYZIG_clean,9.1257,4.85174,9.11367,0.956862,1879.49,1964.22,0.0,0.0,0.637,0.665718,0.0,1,0.004702478,0.436947679,0.4322725838300003
NIZNAN_clean,5.62761,3.49058,5.62761,1.17342,1545.25,1316.88,0.0,0.0,0.567,0.483203,0.0,1,0.006243413,0.54521591,0.5626293959837473
NIZZAY_clean,8.39896,7.78516,8.38426,1.2112,2073.27,1711.74,0.0,0.0,0.6754,0.557627,0.0,0,0.002750461,0.25775664,0.26892739086374995
NIZZEC_clean,8.3208,7.63206,8.31922,1.20763,2065.46,1710.34,0.0,0.0,0.6766,0.560269,0.0,0,0.002610897,0.250700108,0.2648476680912493
NIZZIG_clean,8.38921,7.68868,8.37589,1.19762,2072.68,1730.66,0.0,0.0,0.6836,0.570798,0.0,0,0.002593123,0.255014737,0.2571665891512495
NIZZOM_clean,8.52507,7.77175,8.50752,1.1812,2086.39,1766.33,0.0,0.0,0.685,0.579917,0.0,0,0.002670146,0.25540578,0.26621342193375
NOBVOR_clean,5.28259,5.11208,5.27848,1.1717,1472.77,1256.95,0.0,0.0,0.5292,0.451653,0.0,0,0.007240581,0.628716644,0.6605765048700004
NOCKOG_clean,5.62673,5.01808,5.62673,1.04593,1347.49,1288.32,0.0,0.0,0.553,0.528716,0.0,1,0.007039524,0.623998536,0.6234977668737509
NOCKUM_clean,6.00758,5.1022,6.00758,1.07326,1338.2,1246.86,0.0,0.0,0.5502,0.512645,0.0,1,0.004339571,0.416343377,0.4175436137275008
NOCLOH01_clean,5.48382,4.82541,5.46744,1.30816,1237.43,945.928,0.0,0.0,0.5374,0.410806,0.0,1,0.005254341,0.495726931,0.4631681594099987
NOCLOH02_clean,5.50015,4.83636,5.44966,1.30452,1262.04,967.436,0.0,0.0,0.5462,0.418699,0.0,1,0.005579864,0.496357746,0.49901899929124804
NOCLOH03_clean,5.53774,4.87922,5.44835,1.29563,1278.59,986.85,0.0,0.0,0.5392,0.416168,0.0,1,0.005188133,0.489027048,0.4626371534824996
NOCLOH_clean,5.4394,4.78188,5.37771,1.31451,1235.22,939.686,0.0,0.0,0.5324,0.405018,0.0,1,0.005603772,0.494003683,0.4999445967312483
NOCLUN_clean,6.26764,5.77209,6.22951,1.07441,1685.14,1568.43,0.0,0.0,0.6158,0.57315,0.0,1,0.003267365,0.326238296,0.3123914237275023
NOCYUB_clean,4.54438,4.10807,4.54438,1.72564,433.752,251.357,0.0,0.0,0.3964,0.229712,0.0,1,0.001462581,0.136939063,0.13324172749749988
NOCZAI_clean,4.42954,4.04745,4.42954,1.74484,414.324,237.458,0.705302,0.404222,0.3944,0.226039,0.0,1,0.001241786,0.122899665,0.11867393685750059
NODKAT_clean,4.87174,3.58316,4.87174,1.20089,870.838,725.159,0.0,0.0,0.5258,0.437841,0.0,0,0.00707416,0.590462816,0.6212939656387519
NODKOH_clean,5.43236,4.66054,5.43106,1.05473,1385.41,1313.52,0.0,0.0,0.5884,0.557866,0.0,0,0.005178952,0.477959762,0.4684907688187498
NODKUN_clean,8.11946,6.79716,8.07056,0.764763,2379.51,3111.44,0.0,0.0,0.6852,0.895963,0.0,0,0.006038361,0.574553548,0.5661310316737472
NOFDUI_clean,4.93531,4.06199,4.92703,1.21153,1000.68,825.958,0.0,0.0,0.4872,0.402135,0.0,0,0.003884384,0.354063971,0.3584775783224995
NOFHOG_clean,6.65675,5.09348,6.63927,0.822826,2730.97,3319.01,0.0,0.0,0.6932,0.842462,0.0,1,0.004645556,0.460472404,0.44047282677499894
NOFQAB_clean,21.07333,4.609,21.07333,0.947534,1218.66,1286.14,157.272,165.98,0.655,0.691268,0.0,0,0.005838446,0.464548434,0.5298216894112496
NOFQII_clean,6.19412,3.25534,6.19412,1.72407,0.0,0.0,887.547,514.797,0.5158,0.299175,0.0,0,0.00248218,0.225531615,0.22971971845374925
NOFQIK_clean,4.9549,4.61383,4.95259,1.45912,792.567,543.181,0.0,0.0,0.5256,0.360216,0.0,1,0.001529546,0.15104742,0.15332086530125055
NOFQOQ_clean,5.26068,4.9317,5.26068,1.52336,805.604,528.834,0.0,0.0,0.5044,0.331111,0.0,1,0.002309368,0.221573428,0.2178399060899998
NOGDAP_clean,6.90613,3.48821,6.90608,1.43733,1400.84,974.616,0.0,0.0,0.5538,0.385299,0.0,0,0.003812694,0.338989406,0.3554985276149999
NOHFOG_clean,5.40858,4.54107,5.33613,1.66638,1542.3,925.536,0.0,0.0,0.5474,0.328496,0.0,1,0.0034192,0.297038545,0.3197833330525001
NOHHID_clean,3.94586,2.86576,3.94586,1.69888,0.0,0.0,60.508,35.6164,0.3866,0.227562,0.0,1,0.001575226,0.128845706,0.14148846774375004
NOHKIG_clean,4.45859,3.20693,4.44592,1.98307,0.0,0.0,535.542,270.057,0.3892,0.196261,0.0,1,0.001640229,0.162863617,0.15192200350499988
NOHKOM_clean,4.47987,3.22897,4.46706,1.95435,0.0,0.0,556.611,284.807,0.3942,0.201704,0.0,1,0.001749217,0.163319009,0.1626826398312501
NOHKUS_clean,4.5036,3.24475,4.49023,1.91526,0.0,0.0,583.982,304.91,0.3962,0.206865,0.0,1,0.001668428,0.162045361,0.15238101817749997
NOHLAZ_clean,4.58304,3.41283,4.57147,1.83959,742.915,403.849,0.0,0.0,0.415,0.225594,0.0,1,0.001709952,0.161142382,0.15730416292124977
NOHLED_clean,4.02474,3.01362,3.77521,2.02092,0.0,0.0,133.099,65.8606,0.3242,0.160422,0.0,1,0.000772887,0.075698554,0.06865263627999989
NOHSIM01_clean,4.97938,3.79602,4.89937,1.44217,1518.59,1052.99,0.0,0.0,0.5942,0.412019,0.0,0,0.005856576,0.532135394,0.5270337388849984
NOHSIM_clean,4.94525,3.77888,4.76061,1.43422,1498.07,1044.52,0.0,0.0,0.608,0.423923,0.0,0,0.004026314,0.38921983,0.3815887220612496
NOHSUA_clean,8.36544,4.75817,8.32279,0.872139,1620.2,1857.73,0.0,0.0,0.5908,0.677415,0.0,1,0.004104994,0.384251702,0.39916169176499805
NOJBOF_clean,3.44679,2.44133,3.34009,1.61963,0.0,0.0,4.25882,2.62949,0.4076,0.251662,0.0,1,0.000102086,0.009320976,0.009898573292500096
NOJMOP_clean,3.37427,2.42599,3.37427,1.68621,0.0,0.0,0.493,0.292371,0.4162,0.246825,0.0,1,5.62e-06,0.000488505,0.00047010844750000093
NOKJON_clean,7.47331,5.41094,7.47331,2.39941,2004.26,835.312,0.0,0.0,0.6598,0.274984,0.0,1,0.001105315,0.101757693,0.10914796235750059
NOKLIJ_clean,11.48526,10.66621,11.48526,1.19832,1550.1,1293.56,0.0,0.0,0.646,0.539086,0.0,1,0.002532672,0.245788646,0.25749129970874934
NOKPEJ_clean,4.49218,3.71025,4.45459,1.6407,696.202,424.332,0.828968,0.505252,0.5208,0.317425,0.0,1,0.00124736,0.114453087,0.12440068260375044
NOLQUA_clean,4.41855,2.40361,4.33448,1.16203,0.0,0.0,151.853,130.679,0.4324,0.372106,0.0,0,0.001797003,0.167505809,0.17600043091249937
NOLRIR_clean,4.87159,3.04039,4.86501,1.41589,0.0,0.0,1099.18,776.318,0.5238,0.369944,0.0,1,0.009034954,0.736014279,0.7687112277887512
NOMKUX_clean,8.6673,3.18545,8.64817,1.0495,0.0,0.0,1585.89,1511.09,0.6718,0.640112,0.0,1,0.001491683,0.145871965,0.14853925538374976
NOMQAJ01_clean,4.90223,3.68918,4.90223,1.31657,708.381,538.05,0.0,0.0,0.45,0.341797,0.0,0,0.011491001,0.81810663,0.8185771650062523
NOPJOT_clean,6.1592,4.69936,6.14418,1.00061,2117.03,2115.74,0.0,0.0,0.6142,0.613825,0.0,1,0.004794534,0.464991979,0.4361846494325002
NOPJUZ_clean,3.58481,2.58089,3.54259,1.31182,0.0,0.0,38.1388,29.0732,0.414,0.315593,0.0,1,0.00039307,0.04712075,0.037872178431250146
NOQKOV_clean,5.57218,4.25994,5.56937,1.06467,1684.1,1581.8,0.0,0.0,0.536,0.503441,0.0,0,0.005817909,0.520623983,0.5364919681887486
NOQNOY_clean,5.31837,2.93234,4.66391,1.34891,0.0,0.0,739.909,548.525,0.49,0.363257,0.0,1,0.001420406,0.134669942,0.13393396604874971
NOQPAM_clean,3.67254,2.67734,3.22252,2.07701,0.0,0.0,34.0309,16.3845,0.3774,0.181703,0.0,1,0.000607111,0.058019921,0.060132854717499525
NORBUT_clean,5.08002,3.51252,5.07961,1.76418,163.887,92.8971,0.0,0.0,0.4354,0.246801,0.0,1,0.000686144,0.065392435,0.06940837630749998
NORGOS_clean,4.94677,3.43492,4.94677,1.7289,141.415,81.7948,0.0,0.0,0.4202,0.243045,0.0,1,0.000335011,0.033985519,0.03342697121250007
NORJEL_clean,5.31637,3.35897,5.31637,1.32593,596.751,450.061,0.0,0.0,0.4528,0.341496,0.0,1,0.004249076,0.366448381,0.38054086264875026
NOSHEK_clean,5.7194,3.87373,5.09672,1.68613,1874.51,1111.72,0.0,0.0,0.614,0.364148,0.0,1,0.003169412,0.296314663,0.29518679608375037
NOSHIO_clean,5.46118,3.24444,5.46118,1.79774,0.0,0.0,1325.4,737.259,0.5886,0.327411,0.0,1,0.003173893,0.285557779,0.29024897144999995
NOSTUM01_clean,6.02005,5.48184,6.00511,0.946326,1720.55,1818.13,0.0,0.0,0.6136,0.648402,0.0,1,0.005946691,0.558941664,0.5492400119149968
NOSTUM_clean,5.81524,5.30062,5.7997,0.959933,1717.62,1789.31,0.0,0.0,0.6084,0.633794,0.0,1,0.006209763,0.575508907,0.5664505726949965
NOWGIR_clean,9.36325,6.59726,9.2981,1.43951,1651.33,1147.14,0.0,0.0,0.634,0.440427,0.0,1,0.001429743,0.137188975,0.14021564643750056
NUBBAP_clean,14.05418,6.66438,11.10621,0.762781,2298.42,3013.21,0.0,0.0,0.7708,1.01051,0.0,1,0.00283324,0.283900511,0.29208700638500035
NUBPIL_clean,11.57277,9.78079,11.57277,0.608967,2225.04,3653.8,0.0,0.0,0.7688,1.26247,0.0,1,0.003574799,0.328876219,0.3565332387437513
NUCBIY_clean,5.06822,3.86536,5.06061,1.18684,700.396,590.137,0.0,0.0,0.4806,0.404942,0.0,0,0.004208236,0.376631567,0.38239729404500006
NUCCEV_clean,6.52615,3.99784,6.52615,1.00465,1502.03,1495.08,0.0,0.0,0.556,0.553427,0.0,1,0.006141371,0.550293151,0.5649819419974986
NUCPEI_clean,6.7664,4.45805,6.7664,1.03972,2105.55,2025.11,0.0,0.0,0.6338,0.609585,0.0,1,0.009174907,0.85517832,0.8219328039937502
NUCREJ_clean,4.13308,3.35735,4.13308,1.63646,223.934,136.841,0.0,0.0,0.4364,0.266673,0.0,1,0.000776913,0.071234452,0.07183869981250002
NUCYAN_clean,4.98599,4.20846,4.98599,1.48214,662.288,446.845,0.0,0.0,0.4874,0.328848,0.0,1,0.002034124,0.204426266,0.18867363158625017
NUCYER_clean,4.96656,4.20041,4.96656,1.49997,657.943,438.637,0.0,0.0,0.4852,0.323473,0.0,1,0.002037594,0.200131944,0.1885297917662502
NUCYIV_clean,4.97799,4.21601,4.96375,1.53207,652.698,426.025,0.0,0.0,0.477,0.311344,0.0,1,0.002247322,0.204399589,0.21518272323750057
NUDLAA_clean,10.10107,9.89769,10.10107,1.02317,1506.84,1472.72,0.0,0.0,0.6112,0.597362,0.0,1,0.006484206,0.580826392,0.5830875241737491
NUDLIJ_clean,6.93743,5.78938,6.89446,1.14165,1419.26,1243.17,0.0,0.0,0.5428,0.475454,0.0,0,0.004830207,0.444674498,0.4418512291287502
NUDMAC_clean,6.47898,5.73918,6.47898,1.16985,1365.51,1167.25,0.0,0.0,0.54,0.461596,0.0,0,0.004996218,0.454997367,0.45679194170374904
NUDMEG_clean,6.29424,5.40754,6.23822,1.19809,1344.33,1122.06,0.0,0.0,0.5334,0.445207,0.0,0,0.005021636,0.45342622,0.46132019464124874
NUDMOQ_clean,6.59897,5.83765,6.59897,1.15867,1384.65,1195.03,0.0,0.0,0.5454,0.470712,0.0,0,0.00462448,0.443189136,0.43715278720125134
NUDMUW_clean,6.32198,5.70328,6.32198,1.18747,1340.68,1129.02,0.0,0.0,0.5322,0.448181,0.0,0,0.004985097,0.453871034,0.4520989396650003
NUDNEH_clean,6.40452,5.65537,6.40452,1.17792,1346.46,1143.08,0.0,0.0,0.5262,0.44672,0.0,0,0.004653075,0.446849323,0.4383745741137512
NUFBEX_clean,8.49623,5.29107,8.49623,1.23125,1460.16,1185.92,0.0,0.0,0.5628,0.457098,0.0,1,0.001766379,0.177958927,0.17350882388875033
NUFBUN_clean,7.53238,5.74054,7.52156,1.07363,1972.83,1837.54,0.0,0.0,0.6478,0.603375,0.0,1,0.003676221,0.355910582,0.3603014067062507
NUFCAU_clean,9.94144,7.33631,9.94144,0.845072,2116.0,2503.93,0.0,0.0,0.7364,0.871405,0.0,1,0.002464751,0.25651748,0.23094618730499994
NUGRIR_clean,8.70402,6.3995,8.695,1.28478,1827.49,1422.42,0.0,0.0,0.645,0.502033,0.0,0,0.001574039,0.150436878,0.15464660518125042
NUGROX_clean,7.91316,6.30977,7.91316,1.24187,1907.41,1535.92,0.0,0.0,0.6464,0.520505,0.0,0,0.001730573,0.168498962,0.17379139552375034
NUHNUA_clean,5.91571,3.87698,4.38862,0.866172,1483.02,1712.15,0.0,0.0,0.5628,0.649756,0.0,1,0.004580096,0.44608633,0.42502404730375004
NUHPAI_clean,5.92167,3.93075,4.42412,0.871868,1496.53,1716.46,0.0,0.0,0.5834,0.669138,0.0,1,0.0049939,0.463433902,0.457977584419999
NUHQAK_clean,6.11993,4.14765,6.11993,1.236,1832.14,1482.32,0.0,0.0,0.5934,0.480098,0.0,1,0.005578424,0.496648525,0.5167307748987485
NUHQIS_clean,6.54623,4.66095,6.54623,1.20529,1894.68,1571.97,0.0,0.0,0.5972,0.495483,0.0,1,0.004480749,0.412536277,0.43699308591000074
NUHQOY_clean,6.53062,4.6635,6.53062,1.21249,1899.32,1566.47,0.0,0.0,0.5942,0.490068,0.0,1,0.004531429,0.41463288,0.43818020399125046
NUHQUE_clean,6.55171,4.68685,6.54808,1.21067,1893.64,1564.13,0.0,0.0,0.5964,0.492619,0.0,1,0.004393935,0.41009059,0.4280739735962507
NUHRAL_clean,6.51247,4.65457,6.51247,1.22333,1897.36,1550.98,0.0,0.0,0.5928,0.484579,0.0,1,0.004549072,0.417209316,0.4380506061750004
NUHZAS_clean,4.59282,3.63902,4.53366,1.44559,429.681,297.236,0.0,0.0,0.4222,0.292061,0.0,1,0.005818064,0.432313871,0.4959749365787494
NUJCEA_clean,4.83502,3.79811,4.83328,1.60555,436.405,271.811,21.0341,13.1009,0.487,0.303323,0.0,1,0.000434514,0.043549628,0.04128226227749996
NUJCIE_clean,5.03148,3.82553,5.03043,1.58392,461.015,291.061,23.0849,14.5746,0.4906,0.309739,0.0,1,0.000483646,0.045134912,0.04949912821874987
NULMAJ_clean,5.03229,4.40705,5.03229,0.892035,1713.32,1920.69,0.0,0.0,0.6184,0.693246,0.0,0,0.001882359,0.181058759,0.1835504412237489
NUNCEG_clean,6.32724,4.08141,6.24551,0.841857,1844.22,2190.65,0.0,0.0,0.5678,0.674462,0.0,1,0.003406599,0.344140768,0.3331973979137508
NUNNUH_clean,6.00836,4.32228,5.9546,0.799722,2197.7,2748.08,0.0,0.0,0.6854,0.857048,0.0,1,0.004216881,0.413298205,0.40152406902749843
NUNPAP_clean,6.01151,4.33549,6.00656,0.794607,2195.03,2762.41,0.0,0.0,0.6796,0.855265,0.0,1,0.004041027,0.387829968,0.39835005323124817
NUNSIA_clean,4.82032,4.25115,4.82032,1.27602,836.789,655.783,0.0,0.0,0.4866,0.381343,0.0,0,0.002971933,0.274245787,0.27586143113249945
NUNSOG_clean,4.99291,4.35876,4.99291,1.27773,873.941,683.982,0.0,0.0,0.4864,0.380677,0.0,0,0.003109214,0.286706239,0.2884015419887501
NUNTOH_clean,4.10262,3.17813,4.10101,1.65303,0.0,0.0,763.584,461.93,0.5398,0.326552,0.0,1,0.003164351,0.310266073,0.2895936711637503
NUNWIE_clean,3.87406,3.12024,3.87278,2.1028,0.0,0.0,292.086,138.903,0.463,0.220183,0.0,1,0.002370612,0.233582402,0.21852206406250038
NURMUJ_clean,4.39424,3.64857,4.38802,1.20073,1518.88,1264.97,0.0,0.0,0.6332,0.527347,0.0,1,0.003585639,0.362468088,0.3416555465487512
NUSSEA_clean,4.72535,2.81491,4.72535,1.61885,0.0,0.0,553.204,341.727,0.4966,0.306761,0.0,1,0.001486284,0.132995894,0.1465402548712496
NUTQAV_clean,10.89201,6.87272,10.20477,0.722737,2294.74,3175.06,0.0,0.0,0.7432,1.02831,0.0,1,0.003443648,0.334828171,0.34480311728250046
NUTYEI_clean,13.08518,12.35732,13.03987,0.787627,1749.9,2221.74,0.0,0.0,0.7456,0.946641,0.0,0,0.002792033,0.272407015,0.28225456522500003
NUTYIM_clean,13.08434,12.35689,13.08434,0.80193,1745.22,2176.28,0.0,0.0,0.7446,0.92851,0.0,0,0.002587725,0.269525961,0.26250338130625056
NUVBIQ_clean,4.60795,3.59775,4.60795,2.15646,840.114,389.58,0.0,0.0,0.4404,0.204223,0.0,1,0.002356095,0.210566965,0.21417674851499963
NUVWEH_clean,5.84014,3.85397,5.84014,1.503,1203.66,800.838,0.0,0.0,0.5116,0.340385,0.0,1,0.001675884,0.160737795,0.16422933966750058
NUVXOT_clean,9.16707,5.75569,9.14121,0.884237,2287.82,2587.34,0.0,0.0,0.7176,0.811547,0.0,1,0.002984208,0.286849823,0.2937775600087509
NUVYIN_clean,5.06465,3.39913,5.06465,1.17756,679.421,576.975,0.0,0.0,0.5034,0.427496,0.0,1,0.004250272,0.377602127,0.38116253048250043
NUVYOT_clean,4.99931,3.59386,4.8252,1.15218,688.171,597.279,170.523,148.001,0.5094,0.44212,0.0,1,0.004698161,0.422611592,0.4216210939725009
NUWBOX_clean,5.68496,3.45366,5.08673,2.30898,1203.77,521.344,0.0,0.0,0.4886,0.211609,0.0,1,0.001076997,0.10505923,0.10507916285625069
NUWPOM_clean,8.32687,8.01604,8.32687,1.25431,1381.61,1101.49,0.0,0.0,0.5552,0.442633,0.0,1,0.001067956,0.10625981,0.10413001043625035
NUWVIM_clean,4.95462,3.8636,4.94993,1.17037,724.517,619.05,9.52012,8.13429,0.4914,0.419868,0.0,0,0.005539557,0.489012411,0.4951593032637471
NUXMAU_clean,3.85797,2.8476,3.85421,2.10391,0.0,0.0,244.23,116.084,0.4602,0.218736,0.0,1,0.002012256,0.191967443,0.18826850782499993
NUXWAG_clean,4.2499,3.21404,4.2499,1.30911,0.0,0.0,776.358,593.045,0.5648,0.43144,0.0,1,0.000952558,0.093890385,0.0900038164587492
NUYNAY_clean,6.39583,3.24521,6.39583,1.29195,0.0,0.0,893.046,691.237,0.5078,0.393048,0.0,1,0.002614906,0.26519087,0.23999341083375078
NUYNEC_clean,8.26029,6.82395,8.26029,1.01384,1779.3,1755.01,0.0,0.0,0.6224,0.613905,0.0,1,0.002461514,0.236452948,0.23126929730625018
NUYQUU_clean,3.95153,3.47099,3.94298,2.33033,494.395,212.157,0.0,0.0,0.4774,0.204864,0.0,0,0.005030687,0.433571449,0.4232020831624982
NUYWEK_clean,4.35086,2.44352,3.59257,1.43836,0.0,0.0,253.219,176.048,0.4526,0.314665,0.0,0,0.001442355,0.1276238,0.13326679061750007
NUYWOU_clean,4.72881,2.51071,4.72472,1.29459,0.0,0.0,425.874,328.964,0.4644,0.358723,0.0,0,0.01193975,0.738572767,0.8357208616750001
OBAFEF_clean,4.96935,4.01792,4.92296,2.37845,904.645,380.351,0.0,0.0,0.4776,0.200803,0.0,1,0.00111084,0.107437075,0.10932006000125044
OBAFIJ_clean,5.23118,4.64394,5.22975,2.3889,967.64,405.056,0.0,0.0,0.4836,0.202436,0.0,1,0.001386426,0.136066404,0.1329499727637497
OBAFOP_clean,5.00648,4.01028,4.65887,2.41546,964.282,399.213,0.0,0.0,0.4784,0.198058,0.0,1,0.001373476,0.129412693,0.12730067240125012
OBAHIL_clean,8.44223,7.37969,8.44223,0.972998,1553.57,1596.68,0.0,0.0,0.603,0.619734,0.0,0,0.004896144,0.460820928,0.44366224637499807
OBAHOR_clean,8.04827,7.09842,8.046,0.982079,1580.94,1609.79,0.0,0.0,0.5956,0.606469,0.0,0,0.005484177,0.508866276,0.4941114390237489
OBAHUX_clean,8.31415,7.49178,8.31031,0.960232,1571.77,1636.87,0.0,0.0,0.605,0.630056,0.0,0,0.004752231,0.448148829,0.4367809464324987
OBAJAF_clean,9.08651,7.73882,9.08617,0.939446,1595.74,1698.6,0.0,0.0,0.6188,0.658686,0.0,1,0.00488067,0.438412249,0.4340618017537499
OBEDEE_clean,5.83756,4.97252,5.83756,0.932431,2005.16,2150.46,0.0,0.0,0.6298,0.675439,0.0,1,0.003343533,0.342254655,0.33172784344750084
OBENUF_clean,3.75075,3.1918,3.74801,2.04759,0.0,0.0,149.506,73.0156,0.4128,0.201603,0.0,1,0.000448548,0.043660205,0.04233949226625012
OBIBAF_clean,6.94508,5.04977,5.92375,0.848313,1610.41,1898.37,0.0,0.0,0.6028,0.710587,0.0,1,0.00477624,0.466754793,0.4365603648049987
OBIBEJ_clean,8.27924,5.80407,6.33414,0.828843,1754.26,2116.52,0.0,0.0,0.601,0.725107,0.0,1,0.003866141,0.369620432,0.3724771186112497
OBIBOT_clean,6.67176,5.057,6.67176,1.21046,1489.16,1230.24,0.0,0.0,0.5556,0.458998,0.0,1,0.004128822,0.388130251,0.39207308628124965
OBOGUK_clean,8.65239,7.8304,8.65239,0.77452,2430.14,3137.61,0.0,0.0,0.7298,0.942262,0.0,1,0.003445348,0.331230061,0.34418438007000013
OBUBOC_manual,8.45577,7.46863,8.45577,1.46042,1170.56,801.525,0.571901,0.391601,0.5536,0.37907,0.0,1,0.000654151,0.071437693,0.06884537963999998
OBUFEX_clean,5.14759,4.35938,5.14759,1.09987,1567.25,1424.95,0.0,0.0,0.565,0.513698,0.0,0,0.004514942,0.418702919,0.43494840167250204
OBUFIB_SL,4.69226,3.94966,4.47162,1.56841,881.672,562.145,0.0,0.0,0.426,0.271613,0.0,0,0.002815234,0.257744104,0.27013570794374997
OBUREL_clean,8.37405,3.25275,8.3739,1.32291,0.0,0.0,1027.27,776.523,0.5,0.377954,0.0,1,0.007459401,0.499740243,0.6328108005174993
OCACUR_clean,5.50745,4.89061,5.44518,1.25128,1937.07,1548.08,0.0,0.0,0.5884,0.47024,0.0,1,0.004685806,0.454024983,0.4368900168800002
OCAQOY_clean,4.53686,3.80641,4.53372,1.60935,541.33,336.366,0.0,0.0,0.3906,0.242707,0.0,1,0.002038609,0.182359432,0.18690168819999986
OCAWAT_clean,5.70065,4.00684,5.61058,1.58378,1148.22,724.987,0.0,0.0,0.5174,0.326687,0.0,1,0.003128558,0.284027983,0.2867761672162499
OCINIA_clean,5.60901,3.32165,5.60901,1.53578,1179.07,767.736,0.0,0.0,0.5314,0.346013,0.0,1,0.005426021,0.466438503,0.4737101018712477
OCIVIH_clean,7.04534,3.22991,7.04534,1.52336,0.0,0.0,602.852,395.739,0.4844,0.317981,0.0,1,0.001795488,0.169054762,0.1682845486937501
OCOKUP_clean,5.00304,3.71484,4.99284,1.15999,792.721,683.386,0.0,0.0,0.474,0.408624,0.0,1,0.005022053,0.420249514,0.46008899036249995
OCUGEZ01_clean,5.7662,4.18465,5.76016,1.3013,1459.07,1121.24,0.0,0.0,0.5724,0.439868,0.0,1,0.002803408,0.255098548,0.2721286222949988
OCUGEZ_clean,5.71674,4.14737,5.66007,1.32226,1442.09,1090.62,0.0,0.0,0.5748,0.43471,0.0,1,0.002764873,0.265678282,0.2554724074437495
OCUMIL_clean,5.22769,3.7877,5.2092,1.25606,1523.79,1213.15,0.0455347,0.036252,0.5456,0.434374,0.0,1,0.002744324,0.264505516,0.25575429217000006
OCUMOR_clean,5.32208,3.84167,5.31587,1.29298,1290.04,997.724,16.7653,12.9664,0.525,0.406038,0.0,1,0.003334054,0.317772777,0.3221668984137511
OCUNAC_manual,36.1506,14.04664,36.1506,0.427517,1422.73,3327.89,0.0,0.0,0.8368,1.95735,0.0,1,0.003410096,0.331287344,0.3372668369937506
OCUNAE_clean,5.43724,3.65933,5.43724,1.22157,1397.41,1143.94,27.2256,22.2874,0.5506,0.450731,0.0,1,0.002795805,0.266269724,0.26398368111125
OCUPUY_clean,4.6531,4.04819,4.6531,1.52024,995.727,654.982,0.0,0.0,0.479,0.315083,0.0,1,0.0079308,0.683996545,0.6412050277774982
OCUQIN_clean,5.33125,3.14528,5.07457,1.48509,0.0,0.0,1059.52,713.44,0.5218,0.35136,0.0,1,0.004350701,0.386399103,0.398773667081252
OCUQOT_clean,5.08411,3.37974,5.08411,1.51,1121.68,742.832,0.0,0.0,0.5036,0.333509,0.0,1,0.004868409,0.432030838,0.4280634143637503
OCUQUZ_clean,5.37996,3.33175,5.36407,1.48088,1172.69,791.887,0.0,0.0,0.5182,0.349928,0.0,1,0.004659366,0.422458969,0.4213603008849993
OCURAG_clean,5.43063,3.42226,5.42822,1.47361,1201.66,815.454,0.0,0.0,0.519,0.352197,0.0,1,0.004290275,0.401136613,0.4030448862812491
OCUSIP_clean,5.39686,4.96775,5.37929,1.58503,1157.95,730.556,0.0,0.0,0.5014,0.316334,0.0,1,0.003046025,0.292169621,0.28565506741624985
OCUSOV_clean,4.91031,3.4317,4.90721,1.52702,1101.56,721.382,0.0,0.0,0.5004,0.327698,0.0,1,0.005244032,0.462701322,0.4579495835074987
OCUSUB_clean,5.00781,3.40979,5.00781,1.50787,1123.4,745.023,0.0,0.0,0.5152,0.341674,0.0,1,0.004462795,0.407477415,0.4168351989074992
OCUTEM_clean,5.16189,3.4562,5.16189,1.4963,1173.27,784.115,0.0,0.0,0.5098,0.340707,0.0,1,0.004927202,0.438880253,0.43845610241875066
OCUVUF_clean,7.8514,5.72034,7.7546,3.13958,1789.03,569.831,0.0,0.0,0.5542,0.176521,0.0,1,0.000280842,0.029413425,0.026937894083749792
ODAGEI_clean,7.62962,3.29107,7.62962,1.34136,0.0,0.0,632.034,471.19,0.4724,0.35218,0.0,0,0.001245251,0.123902471,0.12112747637250026
ODAJAG_clean,4.17677,3.25151,4.17557,2.09663,0.0,0.0,435.792,207.853,0.4414,0.210528,0.0,1,0.00111502,0.103628121,0.10974525618749986
ODEKAL_clean,3.74631,2.82242,3.73986,2.76034,0.0,0.0,105.347,38.1646,0.3514,0.127303,0.0,1,0.034826115,1.169959379,1.161702318269998
ODERIZ_clean,5.75405,4.36229,5.74596,1.52699,807.66,528.922,146.001,95.6134,0.5294,0.346694,0.0,1,0.004025452,0.343050862,0.3782481342212477
ODEZAB_clean,11.63192,4.40592,11.61962,0.799101,2103.64,2632.5,6.44431,8.06445,0.6938,0.868225,0.0,1,0.006159194,0.583729111,0.5633676402674977
ODIMAQ_clean,8.52073,7.26741,8.52073,1.44329,1085.87,752.358,0.0,0.0,0.5848,0.405186,0.0,1,0.000702852,0.072775097,0.07205326651874992
ODIVUU_clean,8.59093,6.84892,8.59093,1.01269,1735.08,1713.33,0.0,0.0,0.6294,0.621511,0.0,1,0.004957647,0.47845988,0.4450059388387495
ODIXEG_clean,10.36031,7.47097,10.26209,0.552173,2299.01,4163.57,0.0,0.0,0.7816,1.4155,0.0,1,0.003480229,0.323619993,0.34842398045125056
ODODES_clean,6.13875,4.52515,6.13614,0.993468,1787.67,1799.42,0.0,0.0,0.5926,0.596497,0.0,1,0.004248067,0.410554998,0.39908034102750034
ODODIW_clean,7.22618,4.59373,7.22618,0.965963,1948.86,2017.54,0.0,0.0,0.634,0.65634,0.0,1,0.004073046,0.393464848,0.4008964441062482
ODODOC_clean,7.00262,4.84122,6.9907,1.05423,1743.61,1653.92,0.0,0.0,0.6044,0.57331,0.0,0,0.002760853,0.279000673,0.2666121940962494
ODODUI_clean,11.00214,7.6444,10.86092,0.618366,2208.53,3571.55,0.0,0.0,0.7646,1.23648,0.0,1,0.003126498,0.303870182,0.3076663163637506
ODOMIF_clean,4.61212,3.63133,4.60194,1.07759,1653.01,1533.99,0.0,0.0,0.5582,0.51801,0.0,0,0.009220625,0.843567952,0.8116968963012485
ODONEB_clean,4.03145,3.0708,4.03145,1.29598,0.0,0.0,114.331,88.2201,0.4328,0.333957,0.0,1,0.000515358,0.048704623,0.052050483994999695
ODONIF_clean,3.90059,3.2084,3.90059,1.28373,0.0,0.0,130.191,101.417,0.4252,0.331223,0.0,1,0.00055848,0.050381536,0.06032755720499959
ODOXEK_clean,5.23174,4.24381,5.21951,1.86723,267.21,143.105,283.845,152.014,0.425,0.22761,0.0,0,0.006988381,0.51096789,0.5444068725974998
ODUNEH_clean,6.66002,5.04848,6.62254,0.964914,2093.57,2169.69,0.0,0.0,0.6352,0.658297,0.0,1,0.004560046,0.439832099,0.43516111832875026
OFAWEZ_clean,10.66695,9.07717,10.66695,0.975199,2204.12,2260.18,0.0,0.0,0.7702,0.789787,0.0,1,0.001757393,0.166372648,0.1781660275275
OFEHAK_clean,6.57238,4.30728,6.57238,1.26099,1569.04,1244.3,0.0,0.0,0.577,0.457578,0.0,1,0.003871035,0.364486303,0.3682466291225006
OFEREX_clean,6.99117,6.70761,6.99117,1.56791,1544.85,985.293,0.0,0.0,0.5694,0.363159,0.0,1,0.003850491,0.360213312,0.35960573643749955
OFERUN02_clean_h,11.42938,3.12691,11.42938,0.92153,0.0,0.0,1377.79,1495.11,0.6302,0.683863,0.0,0,0.001944001,0.187118733,0.18746643498124949
OFERUN06_clean,11.42842,3.43062,11.4146,0.893311,1495.78,1674.42,0.0,0.0,0.6708,0.750915,0.0,0,0.001512888,0.154212196,0.1535071427487506
OFERUN_clean,11.51766,3.43919,11.48105,0.924676,1442.14,1559.62,0.0,0.0,0.6416,0.693865,0.0,0,0.0019446,0.191370211,0.18897425137499962
OFESAU_clean,7.18693,4.9999,7.18693,1.91678,854.706,445.907,0.0,0.0,0.4402,0.229656,0.0,0,0.002017208,0.181750907,0.18652993684499986
OFESEY_clean,7.30457,5.07688,7.30457,1.8342,871.652,475.221,0.0,0.0,0.451,0.245883,0.0,0,0.002036751,0.182510916,0.1866913696374999
OFESIC_clean,7.36476,5.0904,7.36476,1.82236,878.112,481.855,0.0,0.0,0.4554,0.249896,0.0,0,0.00180636,0.173876781,0.16747048648875
OFEZEF_clean,10.35242,2.52202,10.35242,0.969164,0.0,0.0,1787.1,1843.96,0.6844,0.706176,0.0,0,0.001980123,0.196066041,0.19090355058874992
OFEZIJ_clean,10.43495,2.49468,10.43495,0.979239,0.0,0.0,1762.61,1799.97,0.683,0.69748,0.0,0,0.001930394,0.192813306,0.18482160434124928
OFOCUI_clean,11.39371,7.77962,11.39371,0.789274,2336.11,2959.83,0.0,0.0,0.7236,0.916792,0.0,1,0.003580647,0.354227623,0.34995511534500195
OFODET_clean,6.29959,4.57313,6.27845,1.15382,1340.43,1161.73,0.0,0.0,0.519,0.449811,0.0,1,0.0040162,0.38371598,0.3873676341112489
OFUCAV_clean,4.37268,3.46007,4.37113,1.87575,696.078,371.093,0.0,0.0,0.4774,0.254512,0.0,1,0.003557553,0.32538988,0.3235780798962475
OFUCEZ_clean,5.30083,4.49138,5.29823,1.50666,1791.35,1188.95,0.0,0.0,0.5642,0.374471,0.0,1,0.002475294,0.230587728,0.2294725772862499
OFUDUQ_clean,3.67442,3.07956,3.67442,1.56733,0.0,0.0,94.2383,60.1265,0.3866,0.246661,0.0,1,0.000154259,0.01408636,0.016795329469999946
OFUSEP_clean,4.18909,2.4539,4.18909,1.98367,0.0,0.0,305.157,153.834,0.4674,0.235623,0.0,1,0.001252998,0.113466065,0.12134022668124947
OFUYUL_SL,6.56154,4.20373,6.56131,1.08955,1752.35,1608.33,0.0,0.0,0.6302,0.578404,0.0,0,0.005751602,0.544633026,0.5353668923974979
OGAGAF_clean,4.92581,3.9125,4.92581,1.40546,832.759,592.516,0.0,0.0,0.5084,0.361731,0.0,0,0.003224846,0.292421568,0.3051154106300009
OGAGEJ_clean,5.64492,5.21899,5.64485,1.05864,1853.73,1751.06,0.0,0.0,0.6242,0.589626,0.0,0,0.003811311,0.3698051,0.3677540049212501
OGAGIN_clean,5.17696,3.68155,5.09885,1.45357,798.238,549.157,0.0,0.0,0.4912,0.337926,0.0,0,0.003836871,0.335756062,0.3495930086737477
OGAQES_clean,3.50911,2.82622,3.50911,2.25652,0.0,0.0,12.2372,5.42306,0.343,0.152004,0.0,0,3.49e-05,0.002933431,0.0028137390300000016
OGAXUR_clean,6.21326,5.95602,6.21326,1.24359,1052.97,846.718,0.0,0.0,0.4942,0.397397,0.0,1,0.004599793,0.418640776,0.4310690228775
OGEBAF01_clean,14.74547,10.54801,14.74547,0.504959,2054.21,4068.08,0.0,0.0,0.8166,1.61716,0.0,1,0.003309601,0.318950837,0.33529195146000057
OGECOU_clean,6.21029,5.96321,6.17894,1.2702,1037.22,816.577,0.0,0.0,0.4898,0.385607,0.0,1,0.005315986,0.446312111,0.4577717955124986
OGESOJ_clean,3.54128,3.39333,3.54122,2.02459,475.23,234.729,0.0,0.0,0.5794,0.286182,0.0,0,0.0016242,0.157017149,0.15598689780500063
OGIBOV_clean,4.29925,3.68277,4.29768,2.42877,736.158,303.099,0.0,0.0,0.457,0.188161,0.0,0,0.09548959,2.03454491,2.337819977464995
OGIBUD_clean,6.49659,4.27127,6.49659,1.11792,1777.29,1589.82,0.0,0.0,0.603,0.539397,0.0,0,0.0058544,0.562874142,0.5421219006612477
OGIKAR_clean,10.46212,5.43474,8.12198,0.950984,1724.97,1813.88,0.0,0.0,0.622,0.654059,0.0,1,0.004410931,0.415517456,0.42701026046499974
OGIYAF_clean,4.13453,2.65637,4.13022,1.53002,0.0,0.0,255.467,166.969,0.4814,0.314636,0.0,0,0.00230365,0.219729557,0.2208476033200003
OGIYUZ_clean,9.8373,8.87116,9.8373,1.07364,1299.27,1210.15,0.0,0.0,0.577,0.537422,0.0,0,0.004834913,0.413997368,0.43443659600124923
OGOWAJ_clean,7.34237,6.24854,7.34237,0.908904,1684.85,1853.71,0.0,0.0,0.611,0.672238,0.0,0,0.004566457,0.426383974,0.4418351296749995
OGUJIL_clean,4.11991,3.42248,4.10899,1.27165,539.273,424.075,0.0,0.0,0.4916,0.386586,0.0,0,0.002935672,0.288749849,0.27385107688625
OGUPIQ_clean,5.83455,3.53797,5.83455,1.63754,706.847,431.65,0.0,0.0,0.4298,0.262466,0.0,1,0.004238622,0.368897623,0.37898622841374857
OHAKEO_clean,5.91842,4.8868,5.91143,1.15127,1254.68,1089.81,0.0,0.0,0.543,0.471652,0.0,0,0.006959255,0.583986818,0.6127693888012504
OHAKIS_clean,5.22451,4.43244,5.1107,1.2284,1098.1,893.932,0.0,0.0,0.5162,0.420223,0.0,0,0.009950965,0.799723737,0.8181043962387505
OHAQEU_clean,4.72292,3.34073,4.72292,1.44091,823.28,571.362,0.0,0.0,0.4978,0.345477,0.0,1,0.001044856,0.097925413,0.10318440489375048
OHAZAZ_clean,4.53803,2.66232,4.52105,1.45257,0.0,0.0,1156.66,796.289,0.5452,0.375335,0.0,1,0.004959216,0.459638798,0.42440274830375274
OHEGAJ_clean,4.72341,2.80937,4.71665,2.20772,0.0,0.0,546.683,247.623,0.5162,0.233816,0.0,1,0.004292871,0.374100988,0.3917714717275025
OHEMIX_clean,4.92196,3.64144,4.8529,1.34136,1406.83,1048.81,0.0,0.0,0.5778,0.430757,0.0,1,0.001971536,0.194530321,0.18973315037125013
OHIHET_clean,4.30684,3.71246,4.30684,1.30435,366.699,281.135,0.0,0.0,0.4222,0.323685,0.0,0,0.004152816,0.36356789,0.38075127974624934
OHIHOD_clean,4.35456,3.00054,4.34805,1.72131,0.0,0.0,329.846,191.625,0.4356,0.253063,0.0,0,0.008306434,0.600365434,0.6375094088499974
OHIHUJ_clean,4.46285,3.10178,4.45704,1.59089,0.0,0.0,389.736,244.981,0.4484,0.281855,0.0,1,0.008668366,0.628259589,0.6541179107999986
OHOMIH_clean,4.60907,4.30122,4.60907,1.97594,752.524,380.843,0.0,0.0,0.396,0.200411,0.0,1,0.004357195,0.36642608,0.4073667220287499
OHUMEL_clean,14.09837,12.86508,14.09837,0.808879,1803.58,2229.73,0.123257,0.15238,0.8014,0.990754,0.0,1,0.001174246,0.118293893,0.12538169186375125
OHUMIP_clean,9.16435,7.10723,9.14384,1.34842,2424.04,1797.69,0.180229,0.133659,0.714,0.529508,0.0,1,0.000932955,0.096779415,0.09149766870624947
OJAKOA_clean,4.13561,3.37132,4.13004,1.73474,271.294,156.388,0.0,0.0,0.3788,0.218361,0.0,1,0.001412941,0.137006971,0.1319107182649998
OJAZOP_clean,4.82674,3.80884,4.82333,2.14546,1510.62,704.1,0.00634264,0.00295631,0.5202,0.242465,0.0,1,0.001426916,0.133766871,0.13681534394874928
OJICUG_clean,8.60682,7.88912,8.60682,0.689805,2294.5,3326.3,0.0,0.0,0.734,1.06407,0.0,1,0.003206559,0.314450069,0.3189442343637509
OJIDAN_clean,19.79872,19.3368,19.78262,0.704653,1186.45,1683.74,21.5807,30.626,0.6956,0.987152,0.0,1,0.002420447,0.240898663,0.23027940710124908
OJIWAG_clean,5.38643,4.20657,5.38643,1.10966,1491.09,1343.75,0.0,0.0,0.561,0.505563,0.0,1,0.006687606,0.607019291,0.6134990892549989
OJIWIO_clean,4.64307,3.99735,4.61496,1.33375,842.543,631.712,0.0,0.0,0.4524,0.339195,0.0,1,0.004690563,0.420001244,0.4236194532337503
OJONOQ_clean,6.43933,5.37715,5.61608,1.49915,1863.16,1242.81,0.0,0.0,0.6578,0.438781,0.0,1,0.000896225,0.087951887,0.08970184398624953
OJORUC_clean,8.31671,3.81807,7.2234,0.868373,1910.02,2199.54,0.0,0.0,0.6578,0.757508,0.0,1,0.007147443,0.668222632,0.6412178441812507
OJOZOE_clean,4.69826,2.59583,4.69808,2.03205,0.0,0.0,442.113,217.57,0.4204,0.206885,0.0,1,0.001708865,0.156700577,0.15544684759999985
OKABAE_clean,14.07417,9.53484,14.07417,0.650845,2097.18,3222.24,0.0,0.0,0.77,1.18308,0.0,1,0.003345307,0.328535466,0.33779059582375054
OKABEI_clean,13.86987,9.42284,13.86987,0.653017,2127.67,3258.22,0.0,0.0,0.7686,1.177,0.0,1,0.003649008,0.35128786,0.3636537234775012
OKAYAC_clean,4.90891,3.57241,4.90749,1.56645,415.712,265.385,0.0,0.0,0.3406,0.217434,0.0,0,0.01491525,0.781305184,0.9427205548187473
OKAYEG_clean,4.8581,3.49488,4.85158,1.57533,393.933,250.064,0.0,0.0,0.3384,0.214812,0.0,0,0.015729982,0.785524046,0.9650639201462476
OKAYIK_clean,4.91102,3.55113,4.79222,1.56666,396.357,252.995,0.0,0.0,0.3392,0.216512,0.0,0,0.01466115,0.767454733,0.9399209601499977
OKAYOQ_clean,4.43848,3.73339,4.16809,1.19153,558.623,468.829,0.0,0.0,0.4514,0.378841,0.0,0,0.00804796,0.653465475,0.645676281163745
OKAYUW_clean,4.44294,3.73093,4.20318,1.19551,569.391,476.274,0.0,0.0,0.4482,0.374902,0.0,0,0.0085997,0.681357465,0.685942827758747
OKAZAD_clean,4.45701,3.77862,4.21772,1.1891,589.131,495.442,0.0,0.0,0.453,0.38096,0.0,0,0.008762662,0.694887908,0.6874921383987477
OKECIQ01_clean,10.61291,2.63145,10.61291,0.969302,0.0,0.0,1809.4,1866.71,0.6824,0.704011,0.0,0,0.001903269,0.194275794,0.18463615264499927
OKECIQ_clean,10.61084,2.63327,10.61084,0.969302,0.0,0.0,1776.12,1832.37,0.683,0.70463,0.0,0,0.002004987,0.192105796,0.19049866082624992
OKELIB_clean,3.36289,2.46714,3.35921,1.53923,0.0,0.0,1.02754,0.667566,0.4462,0.289884,0.0,1,5.75e-05,0.005827052,0.006068858341250012
OKELOH_clean,4.42328,3.40802,4.39617,0.903668,1931.69,2137.61,0.0,0.0,0.6342,0.701806,0.0,1,0.004941975,0.472104523,0.4439156935400007
OKILEA_clean,6.35409,4.27067,6.35409,1.16036,1077.85,928.894,0.0,0.0,0.549,0.473129,0.0,1,0.001678296,0.162848245,0.16800650856375005
OKILIE_clean,3.62365,2.83679,3.54493,1.37609,0.0,0.0,69.3979,50.4311,0.4472,0.324978,0.0,1,0.002515434,0.245615623,0.23913484469375038
OKILUR_clean,4.29955,2.47824,4.26253,1.68326,0.0,0.0,263.798,156.718,0.4736,0.281359,0.0,1,0.002086539,0.179277397,0.198601751853751
OKIMAY_clean,4.37317,3.27288,4.28606,1.26301,0.0,0.0,605.421,479.347,0.5054,0.400155,0.0,1,0.004514301,0.408804802,0.40612767770250274
OKINIG_clean,4.1071,3.0438,4.0968,1.28813,0.0,0.0,314.244,243.955,0.387,0.300437,0.0,1,0.004268763,0.371437734,0.3819521103437529
OKIPOO_clean,5.15858,2.8039,5.14896,1.3218,0.0,0.0,376.304,284.69,0.4252,0.321682,0.0,1,0.005002341,0.367957541,0.4246814545425023
OKIPUU_clean,4.91214,2.87904,4.91214,1.38188,0.0,0.0,357.44,258.662,0.459,0.332156,0.0,0,0.003394348,0.280636358,0.316419502266249
OKIQAB_clean,5.10514,2.82759,4.82525,1.34977,0.0,0.0,320.958,237.788,0.4304,0.31887,0.0,1,0.00520584,0.361960127,0.4290961592725019
OKIQEG_clean,5.32479,3.99481,5.32479,1.53026,921.294,602.05,0.0,0.0,0.486,0.317592,0.0,0,0.004136256,0.378756635,0.3815628262687487
OKITAE_clean,4.44244,4.08974,4.44244,2.43122,732.513,301.295,0.0,0.0,0.4692,0.19299,0.0,1,0.002698414,0.231331124,0.244001876355
OKIVUA_clean,5.10253,4.2044,5.09658,1.08974,982.283,901.395,83.5631,76.6819,0.5216,0.478648,0.0,0,0.007091037,0.625630984,0.6287109881175018
OKIWUB02_clean,5.03837,4.11286,5.03612,1.09856,959.969,873.844,73.9627,67.327,0.5172,0.470799,0.0,0,0.006653751,0.594606385,0.6075833754774993
OKIYAJ01_clean,5.18521,4.2274,5.17492,1.07871,1159.33,1074.74,0.0,0.0,0.5252,0.486877,0.0,0,0.007047309,0.625106241,0.6219607371200009
OKOSUE_clean,8.8545,8.04507,8.8545,0.943263,2011.47,2132.46,0.0,0.0,0.6862,0.727475,0.0,1,0.003164606,0.313054673,0.30882313470250133
OKUKOW_clean,10.73228,5.84434,10.36712,0.736536,2434.56,3305.42,0.0,0.0,0.7384,1.00253,0.0,1,0.004233103,0.42234265,0.41070766134124786
OKUSUK_clean,24.78598,13.19796,24.78598,0.313235,1548.59,4943.87,0.0,0.0,0.8766,2.79854,0.0,1,0.003633989,0.355264262,0.36170396262750126
OKUTAR_clean,10.98199,6.35591,10.98199,0.660572,2299.33,3480.81,0.0,0.0,0.7416,1.12266,0.0,1,0.003870583,0.395682085,0.37517342173624924
OKUTEV_clean,23.06458,12.98274,23.06458,0.330655,1597.33,4830.79,0.0,0.0,0.865,2.61602,0.0,1,0.003721715,0.358797233,0.36717127809125005
OLAGIR_clean,5.85131,3.81671,5.85131,1.37856,1640.47,1189.99,0.0,0.0,0.6336,0.459611,0.0,0,0.005716689,0.524705265,0.5161709249737477
OLANAS_clean,8.02314,6.05017,8.02314,1.20795,1391.88,1152.26,0.0,0.0,0.562,0.46525,0.0,1,0.001937087,0.193514627,0.1871553796162498
OLAQOI_clean,9.42311,9.23332,9.42311,1.32858,853.13,642.139,2.75819,2.07605,0.5142,0.387031,0.0,1,0.000561031,0.057339944,0.061307546106249916
OLAWUU_clean,5.70617,3.38454,5.70617,1.82501,608.324,333.327,125.668,68.8591,0.4924,0.269807,0.0,1,0.001004633,0.098630479,0.09986868187000049
OLEKUL_clean,5.61758,3.34547,5.51958,1.30116,678.37,521.356,132.84,102.093,0.4586,0.352454,0.0,1,0.005104523,0.436811679,0.4569643468824989
OLEKUM_manual,6.88265,5.7276,6.86806,1.02354,1835.21,1793.0,0.0,0.0,0.6172,0.603003,0.0,1,0.003431329,0.338982017,0.33671288979500025
OLELAS_clean,5.59164,3.3526,5.59164,1.39125,675.926,485.841,136.837,98.3557,0.4626,0.332507,0.0,1,0.004493428,0.394918685,0.41562208743625007
OLICIX_clean,16.1602,9.89287,16.13331,0.719139,1270.58,1766.81,424.686,590.547,0.722,1.00398,0.0,1,0.004796755,0.46275496,0.42671262351374906
OLOGEC_clean,13.04043,10.53518,13.0319,0.526318,2030.14,3857.25,0.0,0.0,0.8106,1.54013,0.0,1,0.003328403,0.326749153,0.33931314478750046
OLOKEF_clean,4.36483,3.3129,4.3161,1.5482,868.847,561.197,0.0,0.0,0.512,0.330706,0.0,1,0.006110459,0.518303972,0.5348353324599987
OLOPEM_clean,4.92877,3.82035,4.91547,1.17415,717.6,611.164,177.099,150.831,0.512,0.436059,0.0,0,0.009405728,0.69210308,0.7562936598537483
OLOYOF_clean,10.67083,6.6024,10.66881,0.812728,2368.58,2914.35,0.0,0.0,0.7332,0.902146,0.0,1,0.004496387,0.430629135,0.42750200484000006
OLUCAZ_clean,5.7945,5.1746,5.79081,1.16161,989.952,852.226,0.0,0.0,0.5026,0.432676,0.0,1,0.002164808,0.210807038,0.21190827151000072
OLUROC_clean,5.45136,3.48672,5.44746,1.49162,882.297,591.504,0.0,0.0,0.5148,0.345129,0.0,0,0.015762466,1.161065821,1.0284078134350032
om701262m-file004_clean,7.38904,5.39567,7.38902,1.09901,1620.41,1474.43,0.0,0.0,0.5644,0.513555,0.0,1,0.003171744,0.308073016,0.3036581030512514
OMAMEU_clean,5.49135,3.67927,5.48307,2.05035,939.573,458.25,0.0,0.0,0.5336,0.260248,0.0,1,0.006881491,0.551574586,0.5674802837637495
OMAWOP_clean,4.76352,2.69721,4.74704,1.59687,0.0,0.0,517.164,323.862,0.4862,0.304471,0.0,1,0.006049448,0.502780324,0.5198158918762514
OMAXEG_clean,4.68283,2.83779,4.6809,1.53721,0.0,0.0,517.769,336.823,0.506,0.329167,0.0,1,0.007108181,0.589759685,0.5878836866524996
OMEWUZ_clean,3.83699,3.19632,3.83358,1.93619,0.0,0.0,85.5863,44.2034,0.3824,0.197501,0.0,1,0.000425263,0.041779769,0.042076114418750254
OMICOD_clean,4.47127,3.21063,4.47127,1.07552,0.0,0.0,807.39,750.696,0.5438,0.505615,0.0,0,0.005691135,0.498525506,0.48864429537249926
OMIMEE_clean,16.54568,6.7257,16.54568,0.768319,2276.49,2962.95,0.0,0.0,0.7618,0.991516,0.0,1,0.002673797,0.266559902,0.2683628033062508
OMIPAD_clean,5.24341,3.62169,5.16602,1.1791,539.772,457.781,0.0,0.0,0.4566,0.387243,0.0,0,0.009075245,0.619341693,0.7667587690124994
OMIPEH_clean,21.73136,7.72557,21.69935,0.65885,2065.52,3135.04,0.0,0.0,0.8104,1.23002,0.0,1,0.00264879,0.272142062,0.26769200053000053
OMITUB_clean,21.96656,7.7864,21.95556,0.652675,2053.5,3146.28,0.0,0.0,0.8126,1.24503,0.0,1,0.00278345,0.270593473,0.27943181085124985
OMOVET_clean,6.41327,4.65956,6.41327,1.12783,2048.27,1816.12,0.0,0.0,0.6196,0.549375,0.0,1,0.006124069,0.568154074,0.5697230603362459
OMUSAS_clean,18.71438,16.17316,18.71102,0.318003,1216.14,3824.31,0.0,0.0,0.8696,2.73457,0.0,1,0.002324599,0.228484641,0.22106342825249883
ONALEV_clean,4.3195,3.1355,4.30795,2.23926,0.0,0.0,383.848,171.417,0.456,0.203639,0.0,1,0.003914085,0.342902302,0.33659565390374857
ONAWEG01_clean,3.83089,2.67443,3.83089,1.09266,0.0,0.0,114.331,104.636,0.5304,0.485423,0.0,1,0.000442952,0.045905397,0.04200026851875
ONAWEG02_clean,3.86153,2.67486,3.86153,1.09883,0.0,0.0,124.106,112.944,0.5234,0.476325,0.0,1,0.000517359,0.05178817,0.05246481574624964
ONEJUN_clean,5.6787,4.73551,5.6787,3.33073,1808.25,542.898,0.0,0.0,0.5352,0.160685,0.0,1,0.000361406,0.034469438,0.035271540931250074
ONEYOW_clean,8.70869,7.89064,8.69934,0.794155,1863.49,2346.5,0.0,0.0,0.6608,0.83208,0.0,1,0.003032815,0.296811687,0.2983391868000003
ONIXOZ_clean,9.95246,9.1911,9.95246,0.909707,2025.76,2226.82,8.4669,9.30728,0.6802,0.747713,0.0,1,0.005067281,0.495576756,0.46881651374124905
ONUKAL_clean,5.66391,3.7745,5.54501,1.39723,1126.09,805.946,11.0536,7.91109,0.5124,0.366727,0.0,1,0.010939896,0.834167065,0.8445965796212522
ONUQOE_clean,5.78941,4.64204,5.78941,1.32315,1185.02,895.611,0.0,0.0,0.5286,0.399503,0.0,0,0.005828586,0.505291191,0.5174256198724997
OPAGIX_clean,11.70127,10.88776,11.68193,0.905898,1551.84,1713.04,0.0,0.0,0.6624,0.731208,0.0,1,0.003831762,0.375593962,0.3707318187212499
OPAMOI_clean,4.34496,3.46478,4.34496,1.66467,999.374,600.345,0.0,0.0,0.5336,0.320544,0.0,1,0.003271323,0.313542768,0.30713069076499994
OPAPEB_clean,4.83812,3.32695,4.83799,1.58153,509.553,322.189,0.0,0.0,0.4302,0.272015,0.00012646,1,0.001307374,0.124888849,0.1204006830650008
OPAPIF_clean,4.8101,3.29545,4.80966,1.59017,0.0,0.0,482.765,303.594,0.4282,0.26928,0.000125773,1,0.001295312,0.122843532,0.11885720176250032
OPAPOL_clean,4.79997,3.29458,4.79997,1.61076,0.0,0.0,484.37,300.708,0.4276,0.265464,0.000124165,1,0.001302103,0.120374157,0.11900501158375043
OPAPUR_clean,4.77617,3.28559,4.77565,1.62215,0.0,0.0,467.624,288.275,0.4266,0.262985,0.0,1,0.001271251,0.115679967,0.11799107679625015
OPEGIA_clean,5.19146,3.15179,5.19146,2.50635,0.0,0.0,492.643,196.558,0.3978,0.158717,0.0,0,0.053414032,0.989047324,1.1945277675549975
OPENIH_clean,3.75861,3.18264,3.75697,1.85018,0.0,0.0,124.531,67.3076,0.3276,0.177064,0.0,1,0.000614996,0.060727598,0.06029337830374961
OPENUT_clean,7.63636,6.82671,7.63251,1.41267,1546.48,1094.72,0.0,0.0,0.5554,0.393156,0.0,1,0.002052527,0.198953851,0.2015526353487503
OPIFUQ_clean,17.9991,10.13495,17.99088,0.790446,1197.42,1514.86,384.276,486.151,0.722,0.913408,0.0,1,0.004930038,0.463105112,0.4355983415837486
OPINIL_clean,4.65675,3.54009,4.3607,1.69641,1183.53,697.671,0.0,0.0,0.533,0.314194,0.0,1,0.000536621,0.053247155,0.05776644517499986
OPIPUZ_clean,4.1797,3.40347,4.03039,1.43766,625.591,435.146,0.0,0.0,0.4234,0.294507,0.0,0,0.003416978,0.312779228,0.32167169570624937
OPIWEQ_clean,4.3926,3.70955,4.3926,1.4951,548.278,366.717,0.0,0.0,0.4282,0.286403,0.0,0,0.006724095,0.543150467,0.5667810685299987
OPIXUI_clean,8.41938,5.49258,8.39031,1.03412,1914.8,1851.63,0.0,0.0,0.6428,0.621591,0.0,1,0.00246684,0.2378133,0.23100671076375012
OPIYAP_clean,5.9608,4.59988,5.87453,1.18841,1751.48,1473.8,0.0,0.0,0.5816,0.489391,0.0,1,0.00425649,0.394728738,0.387721390755
OPOBIF_clean,6.22483,5.35278,6.22483,1.6905,347.831,205.756,0.0,0.0,0.3994,0.236261,0.0,1,0.001338728,0.117661784,0.12473273801875072
OPOCUS_clean,4.34659,2.75234,4.34029,1.69214,0.0,0.0,491.187,290.275,0.5046,0.298202,0.0,1,0.003328551,0.306281521,0.3139313662674988
OPOYUO_clean,4.84132,2.47853,4.65626,1.18198,0.0,0.0,784.602,663.804,0.484,0.409483,0.0,1,0.004294433,0.372021301,0.39585451829375207
OPOZEZ_clean,7.29162,6.03013,7.28839,1.13101,1136.3,1004.68,0.0,0.0,0.5256,0.464718,0.0,0,0.002671884,0.243074048,0.25194372974249996
OPUCUY_clean,5.02954,2.85543,5.02932,1.76603,0.0,0.0,381.076,215.781,0.4752,0.269078,0.0,1,0.00126533,0.111501946,0.12040284157124954
OPUDAF_clean,5.06478,2.98934,5.05223,1.75277,0.0,0.0,435.878,248.679,0.4742,0.270542,0.0,1,0.001519549,0.135874813,0.1456044445137498
OPUDIN_clean,3.99092,3.26195,3.99092,2.44532,0.0,0.0,354.675,145.042,0.3924,0.16047,0.0,1,0.005146376,0.36404966,0.4120974653699999
OPUDOT_clean,4.54754,3.94914,4.54754,2.40444,540.357,224.733,0.0,0.0,0.4012,0.166858,0.0,1,0.00697556,0.438838346,0.5494899699112478
OPURIB01_clean,3.56695,2.50996,3.5651,1.91274,0.0,0.0,19.1207,9.9965,0.3346,0.174932,0.0,0,0.000366435,0.034245792,0.03456092073500008
OPURIB_clean,3.58911,2.51731,3.5644,1.91056,0.0,0.0,22.9708,12.0231,0.3416,0.178796,0.0,0,0.000484733,0.041196514,0.04921693583999984
OQANIE_clean,7.73235,4.1602,7.73235,1.08482,1352.95,1247.16,189.787,174.948,0.5938,0.547371,0.0,1,0.0089028,0.636332756,0.7235218976250009
OQEPUW_clean,5.11656,4.82152,5.08524,1.96915,768.393,390.215,0.0,0.0,0.4116,0.209024,0.0,1,0.002514792,0.227279977,0.23736170775374993
OQEROS_clean,5.47906,4.59982,5.42309,1.16864,1289.46,1103.39,0.0,0.0,0.5586,0.477993,0.0,1,0.007249696,0.642493672,0.6559439412387518
OQERUY_clean,5.44049,4.47163,5.40893,1.18349,1270.62,1073.62,0.0,0.0,0.5504,0.465066,0.0,1,0.007571397,0.643525192,0.666139997917502
OQESAF_clean,5.40051,4.82483,5.39518,1.19788,1160.82,969.063,0.0,0.0,0.5318,0.443952,0.0,1,0.007374226,0.654533605,0.6501743774912504
OQESEJ_clean,5.44129,4.56082,5.37025,1.17091,1266.4,1081.56,0.0,0.0,0.5586,0.477065,0.0,1,0.007029694,0.62704578,0.6210127926012483
OQETEK_clean,9.22928,8.86311,9.22928,0.986231,2193.64,2224.27,0.0,0.0,0.7092,0.719101,0.0,1,0.003513693,0.332982356,0.3440675870462508
OQIQEM_clean,5.45055,4.49489,5.37157,1.84745,1087.67,588.74,0.0,0.0,0.4966,0.268803,0.0,1,0.005847504,0.468968068,0.5061355184825003
OQIQIQ_clean,5.6202,4.58328,5.56734,1.81543,1128.03,621.358,0.0,0.0,0.505,0.278171,0.0,1,0.005656179,0.470931118,0.4852147849074984
OQIQOW_clean,5.63723,4.61311,5.63723,1.46954,1129.77,768.793,0.0,0.0,0.507,0.345006,0.0,1,0.007587291,0.6254891,0.6409945909100007
OQIZUL_clean,13.227,6.74608,13.21397,0.868865,2105.53,2423.31,0.0,0.0,0.7146,0.822452,0.0,1,0.004901607,0.41470435,0.43811645067125043
OQOBUT_clean,6.63313,3.25109,6.36597,1.10898,0.0,0.0,931.502,839.965,0.548,0.494149,0.0,0,0.003315091,0.300874339,0.31366106276625094
OQOJUB_clean,5.19109,4.86993,5.18739,1.04071,742.936,713.872,0.0,0.0,0.4654,0.447194,0.0,0,0.003383312,0.301325103,0.3205999409950006
OQOXAV_clean,3.71327,3.16058,3.69497,2.01729,0.0,0.0,166.501,82.5373,0.4418,0.219007,0.0,1,0.002549951,0.243096191,0.23809084685375054
OQUCOU_clean,8.09828,4.42359,8.09828,0.85933,2801.31,3259.88,0.0,0.0,0.697,0.811097,0.0,1,0.003098811,0.304105757,0.3069286556300003
OQUFAJ02_clean,10.4008,8.96418,10.4008,1.23779,2032.69,1642.19,0.0386359,0.0312135,0.6356,0.513494,0.000323156,1,0.00380892,0.360834753,0.3724393100037491
OQUFAJ04_clean,10.98593,10.0178,10.98593,1.04962,2124.9,2024.45,7.18544,6.84576,0.6738,0.641947,0.000381091,1,0.002814496,0.278120742,0.2845515744725002
OQUFAJ_clean,11.24927,10.05552,11.24927,1.02086,2177.77,2133.26,0.0,0.0,0.6808,0.666886,0.000195912,1,0.002759757,0.269292942,0.2725496411075008
OQUFOX_clean,11.5339,10.83209,11.5339,1.11588,1914.53,1715.71,0.0,0.0,0.6464,0.579272,0.00035846,1,0.003128827,0.318903071,0.30283060862125005
OQUGUE_clean,11.61723,9.4131,11.61627,1.01509,1836.93,1809.63,0.0,0.0,0.664,0.654132,0.000394056,1,0.003660589,0.336734241,0.3608821056000007
OQUWUU_clean,7.2326,3.56865,7.1357,2.62668,817.31,311.158,0.924344,0.351906,0.4758,0.181141,0.0,1,0.000582789,0.055744314,0.06053233246499976
OQUXAB_clean,5.25424,3.9856,4.37611,3.15937,963.013,304.812,0.0,0.0,0.479,0.151613,6.33e-05,1,0.001041649,0.100450163,0.10455734890750083
OQUXEF_clean,5.15601,3.95885,4.51563,3.15796,940.396,297.786,0.0,0.0,0.4776,0.151237,0.0,1,0.001087691,0.098668271,0.10730570753625081
OQUXIJ_clean,5.10257,3.94634,4.56846,3.16115,912.504,288.662,0.0,0.0,0.4752,0.150325,0.0,1,0.001065292,0.09901166,0.10487870852625072
OQUZIL_clean,5.18347,3.94031,4.38977,3.26699,933.452,285.723,0.0,0.0,0.4852,0.148516,6.12e-05,1,0.001048076,0.100622639,0.10466699047000072
ORAGEU_clean,5.42971,4.14733,5.42971,3.26052,599.199,183.774,0.0,0.0,0.4338,0.133046,0.0,1,0.000185617,0.018689437,0.01752807306124997
ORAGOF_clean,11.1071,8.37381,11.01802,1.02581,1703.75,1660.88,0.0,0.0,0.6588,0.642222,0.0,1,0.001886537,0.189559392,0.18355953856249888
ORAJAT_clean,5.30148,2.50249,5.27169,2.86291,0.0,0.0,336.056,117.383,0.3974,0.13881,0.0,1,0.000199291,0.019995898,0.020404659671250096
ORAJEX_clean,5.3491,2.57763,5.31549,2.90633,0.0,0.0,330.015,113.55,0.392,0.134878,0.0,1,0.000225492,0.021686021,0.02152217748750005
ORAJOH_clean,5.2665,2.51784,5.24522,2.93169,0.0,0.0,320.49,109.319,0.391,0.13337,0.0,1,0.000227224,0.022376855,0.021022464496250084
ORAKAU_clean,5.3897,2.58883,5.35585,2.86374,0.0,0.0,335.272,117.075,0.3974,0.13877,0.0,1,0.000214046,0.021123338,0.02126262587375005
ORAKIC_clean,4.41839,2.57327,4.38083,3.02707,0.0,0.0,205.119,67.7615,0.3488,0.115227,0.0,1,0.000222763,0.020961339,0.021567154392500062
ORAKUO_clean,5.30011,2.5056,5.28021,2.91365,0.0,0.0,320.301,109.931,0.391,0.134196,0.0,1,0.000285121,0.026209921,0.026590645608750022
ORANAY_clean,7.13721,3.26584,7.12854,1.39249,0.0,0.0,639.236,459.059,0.5092,0.365676,0.0,1,0.00206044,0.208699825,0.20214802964875012
ORAQUU_clean,8.39177,4.98086,8.38728,0.858283,1785.46,2080.27,0.0,0.0,0.5764,0.671573,0.0,1,0.005394651,0.484639631,0.48870066328749956
OREZAO_clean,5.17632,3.04183,4.93907,1.44189,0.0,0.0,414.568,287.517,0.5022,0.348293,0.0,1,0.001866631,0.161531637,0.17237648805499972
ORIBAU_clean,6.79191,5.8597,6.78824,0.948194,2192.57,2312.36,0.0,0.0,0.6432,0.678343,0.0,0,0.004327007,0.422595388,0.43046520412624933
ORIVOC_clean,11.63735,10.86073,11.63667,1.22977,1588.45,1291.67,0.0,0.0,0.669,0.544005,0.0,1,0.00255109,0.250450492,0.2578243253499995
ORIVUI_clean,11.75163,10.98212,11.75156,1.19791,1581.46,1320.18,0.0,0.0,0.6576,0.548955,0.0,1,0.002560317,0.252563542,0.2580732384837495
ORIWAP_clean,11.38312,11.03917,11.38312,1.17282,1538.11,1311.46,0.0,0.0,0.6442,0.549274,0.0,1,0.00246912,0.242124193,0.23170619600999987
ORIWET_clean,11.42805,11.05994,11.42805,1.09099,1549.25,1420.05,0.0,0.0,0.6484,0.594324,0.0,1,0.002158443,0.215898216,0.21054044413374995
OROKEN_clean,5.0644,3.74541,5.02547,1.65088,1835.83,1112.03,0.0,0.0,0.5786,0.350479,0.0,1,0.00158402,0.153875313,0.15715748919000003
OROLUD_clean,4.90586,4.18695,4.898,1.66342,1280.2,769.617,0.0,0.0,0.5884,0.353728,0.0,0,0.00498621,0.44388568,0.4484778014062497
OROMAK_clean,4.47726,3.37817,4.47726,1.77377,1093.9,616.711,0.0,0.0,0.5632,0.317516,0.0,0,0.004866465,0.428493818,0.42887863542999993
ORUHAM_clean,2.87609,2.41776,2.86704,1.83376,0.0,0.0,0.0,0.0,0.3338,0.18203,0.0,1,0.0,0.0,2.439989249999997e-05
ORUKET_clean,11.72853,7.7572,11.72853,0.760878,1856.28,2439.65,0.0,0.0,0.6772,0.890024,0.0,1,0.00350445,0.345055467,0.34455851805374993
ORUKOD_clean,4.98278,3.59875,4.86135,1.67769,666.045,397.001,0.0,0.0,0.4328,0.257974,0.0,1,0.00468751,0.364386653,0.4171668310449996
ORULEU_clean,5.09262,3.5697,5.08241,1.45149,909.467,626.575,0.0,0.0,0.458,0.315538,0.0,1,0.006245272,0.534953959,0.5320980657337498
OSAVEK_clean,5.46185,5.06196,5.40742,0.991485,1397.48,1409.49,0.0,0.0,0.5638,0.568642,0.0,1,0.004009682,0.37952814,0.38272898937374983
OSAVUA_clean,5.76863,5.59566,5.76863,0.884314,1778.32,2010.97,0.0,0.0,0.631,0.713547,0.0,1,0.004195621,0.393503347,0.3982137172337489
OSAWEL_clean,5.275,4.57502,5.23103,1.20581,1256.21,1041.8,0.0,0.0,0.5198,0.43108,0.0,1,0.009001326,0.758698016,0.7917465814900008
OSAXAI_clean,4.39347,3.53304,4.39347,1.30634,641.01,490.691,0.0,0.0,0.4368,0.334369,0.0,0,0.006947027,0.545550031,0.5696919524712503
OSIKIL_clean,8.13936,7.62995,8.13936,1.21532,2049.41,1686.32,0.0,0.0,0.6656,0.547676,0.0,0,0.002571398,0.249307103,0.2555767399049994
OSIKUX_clean_h,7.70472,6.98844,7.7017,1.09814,1952.99,1778.44,0.770215,0.701379,0.6478,0.589904,0.0,1,0.002839078,0.280841196,0.28529502921749994
OSIWUJ_clean,4.71118,4.05137,4.70087,1.96063,444.374,226.648,0.0,0.0,0.4546,0.231864,0.0,1,0.001490033,0.141794843,0.1454135356087501
OSIXEU_clean,4.48519,3.90629,4.42091,1.97236,391.928,198.71,0.0,0.0,0.4512,0.228762,0.0,1,0.001496842,0.139472979,0.14539129539500004
OSOMIT_clean,4.61762,2.46616,4.61012,1.56011,0.0,0.0,291.623,186.925,0.42,0.269212,0.0,1,0.0021464,0.176214924,0.19776563272625083
OSOTUN_clean,6.5088,4.06646,6.48701,1.06518,1477.94,1387.5,25.9444,24.3569,0.587,0.551081,0.0,1,0.009088583,0.772470367,0.8136985072074969
OSUGUG_clean,5.24214,3.30982,5.22706,0.971684,0.0,0.0,1204.26,1239.35,0.5744,0.591138,0.0,1,0.00967491,0.809900054,0.8056174901512521
OSURAX_clean,4.65997,2.48818,4.55272,1.44949,0.0,0.0,294.808,203.387,0.4446,0.306728,0.0,1,0.001631943,0.144732416,0.14748810687875044
OSUVIJ_clean,5.66016,4.49241,5.58709,1.27175,1400.18,1100.98,0.0,0.0,0.5626,0.442381,0.0,1,0.002664123,0.247903607,0.2517979316049999
OSUVOP_clean,3.59403,2.65646,3.56493,1.73023,0.0,0.0,53.0322,30.6504,0.4692,0.271178,0.0,1,0.00027069,0.028970499,0.026460170948749827
OSUWEF_clean,5.4068,4.18826,5.4054,1.41887,599.478,422.503,0.0,0.0,0.4032,0.28417,0.0,1,0.012016655,0.798691721,0.8168401564750012
OTABES_clean,7.63161,5.91717,6.56997,0.849248,2347.96,2764.75,0.0,0.0,0.6812,0.802122,0.0,0,0.00717834,0.662397494,0.6468384767050013
OTAQAD_clean,7.25379,5.92825,6.48374,0.846977,2257.66,2665.55,0.0,0.0,0.6554,0.773811,0.0,0,0.008055412,0.719514864,0.6929999714599989
OTATOT_clean,5.58723,4.86765,5.58723,1.11303,1703.16,1530.2,0.0,0.0,0.5774,0.518764,0.0,0,0.00197963,0.190928238,0.1964926590562505
OTAVAH_clean,5.59343,4.88116,5.59343,1.10464,1681.99,1522.66,0.0,0.0,0.5666,0.512927,0.0,0,0.001882458,0.193012213,0.183534302331249
OTAVOV_clean,5.7034,4.97261,5.54406,1.0469,1728.96,1651.5,0.0,0.0,0.5858,0.559554,0.0,0,0.002018139,0.197005467,0.19606261912625036
OTAVUB_clean,5.619,4.89691,5.42117,1.09458,1697.03,1550.39,0.0,0.0,0.5796,0.529517,0.0,0,0.002021179,0.193870367,0.19618232995625043
OTAWIR_clean,8.76686,5.54904,8.76285,0.758956,2118.77,2791.7,0.0,0.0,0.6858,0.90361,0.0,1,0.006556456,0.64941989,0.5910729448012484
OTAXOX_clean,5.66244,2.97964,5.65648,1.37084,0.0,0.0,751.62,548.291,0.462,0.33702,0.0,0,0.002614645,0.238857347,0.23950507430000076
OTECAT_clean,10.77761,8.01894,10.77717,0.584808,2035.46,3480.57,0.0,0.0,0.7422,1.26913,0.0,1,0.003369527,0.331106012,0.3392283064637504
OTEGUR_clean,7.28809,7.1769,7.28809,1.35972,1613.99,1187.0,0.0,0.0,0.5986,0.440239,0.0,0,0.007446966,0.699022388,0.6570794726987514
OTEHAY_clean,7.22049,7.09442,7.20844,1.32207,1634.16,1236.06,0.0,0.0,0.6156,0.465632,0.0,0,0.006276149,0.613503241,0.56005312382125
OTIBUQ_clean,7.49622,5.20769,7.4368,0.82052,1944.83,2370.25,0.0,0.0,0.6366,0.775849,0.0,0,0.014186118,1.033037356,1.0984077872999953
OTIJAE_clean,7.04903,4.97186,7.04895,1.01719,2261.56,2223.34,0.0,0.0,0.6676,0.65632,0.0,0,0.00203737,0.200734557,0.1981744643775005
OTIPAK_clean,5.73499,5.10341,5.72616,1.20537,1243.12,1031.31,0.0,0.0,0.5414,0.449155,0.0,0,0.009746598,0.779902285,0.8142860285949987
OTIPEO_clean,5.44422,3.64653,5.43023,1.30852,1112.97,850.554,0.0,0.0,0.552,0.421851,0.0,1,0.009767773,0.79113262,0.805986971711251
OTIQAL_clean,5.97222,5.38811,5.95841,1.10964,1272.64,1146.9,0.0,0.0,0.5134,0.462673,0.0,0,0.006036565,0.53479261,0.5565767010424989
OTIQEP_clean,4.58851,2.58962,4.12659,1.40946,0.0,0.0,451.065,320.027,0.4198,0.297844,0.0,0,0.010454303,0.645374836,0.7604975609962494
OTODEI_clean,4.84074,4.45864,4.84074,1.17554,1203.72,1023.97,0.0,0.0,0.5354,0.45545,0.0,1,0.002225774,0.215950654,0.2138621364337504
OTODOS_clean,5.33134,5.0692,5.30094,1.13572,1496.22,1317.43,0.0,0.0,0.5556,0.489207,0.0,1,0.002756654,0.270154181,0.2583101548812498
OTOLIU_clean,6.25402,4.56727,6.25402,0.748874,3565.69,4761.4,0.0,0.0,0.7372,0.984411,0.0,0,0.00417456,0.402744245,0.4037021777849986
OTOROF_clean,4.62368,2.47599,4.62368,1.1397,0.0,0.0,729.881,640.417,0.5668,0.497326,0.0,1,0.001242459,0.125373886,0.12407363621124913
OTOVAW_clean,4.51109,3.41338,4.48101,1.61175,574.481,356.434,0.0,0.0,0.423,0.262448,0.0,0,0.006347358,0.492676039,0.5292221084187498
OTOXIF_clean,4.04239,2.68801,3.71038,1.57055,0.0,0.0,111.027,70.6935,0.431,0.274427,0.0,1,0.000680708,0.063916897,0.06934168113249972
OTUDEO_clean,11.1719,10.22736,11.1719,0.861706,1688.22,1959.16,0.0,0.0,0.6512,0.75571,0.0,1,0.003028068,0.287009842,0.2971959660412498
OTUDIS_clean,11.15528,10.21239,11.15528,0.865137,1694.91,1959.13,0.0,0.0,0.6454,0.746009,0.0,1,0.003134316,0.290292905,0.3035738992000009
OTUXUX_clean,4.86145,3.74941,4.84403,1.24376,901.8,725.062,0.0,0.0,0.4716,0.379174,0.0,0,0.014688441,1.045335286,0.981075835578751
OTUYEJ_clean,6.23847,3.92545,6.16497,1.66734,1557.5,934.127,0.0,0.0,0.5496,0.329627,0.000239904,1,0.001566204,0.155043218,0.1559635231025003
OVEHUT_clean,6.55703,4.29128,6.55703,1.17548,2147.07,1826.55,0.0,0.0,0.6548,0.557051,0.0,1,0.004269892,0.412424947,0.40487514120374946
OVEJIJ_clean,6.31656,4.24661,6.2524,1.60097,1225.59,765.53,134.792,84.1937,0.5422,0.33867,0.0,1,0.003234894,0.314025166,0.3024272776012514
OVEXOD_clean,5.7329,3.62145,5.72476,1.46061,416.232,284.972,0.0,0.0,0.379,0.259481,0.0,1,0.00151688,0.13735262,0.14209084130000002
OVICUS_clean,5.87924,5.2518,5.87924,1.52853,828.26,541.866,0.0,0.0,0.4388,0.287073,0.0,1,0.006573444,0.506831447,0.559642884761251
OVIDON_clean,4.40281,2.81637,4.39884,1.53474,0.0,0.0,310.072,202.036,0.4368,0.284609,0.0,1,0.00071373,0.06645893,0.07015447350499965
OVIZID_clean,5.3844,4.07127,5.3844,1.26325,906.56,717.64,0.0,0.0,0.4818,0.381397,0.0,1,0.003722321,0.345074364,0.34659535781624845
OVIZOJ_clean,4.42185,2.43004,4.41873,1.44542,0.0,0.0,413.713,286.224,0.4712,0.325996,0.0,1,0.00251758,0.223825408,0.23820744160750038
OVIZUP_clean,4.04292,2.94858,4.03909,1.39082,0.0,0.0,155.154,111.556,0.4402,0.316505,0.0,1,0.001682254,0.168747659,0.1557015200712501
OVUCOY_clean,6.51812,4.71987,6.51261,2.41124,1158.77,480.568,0.0,0.0,0.5524,0.229094,0.0,1,0.001515889,0.14470583,0.14940367307750027
OVUDAL_clean,7.09169,4.92914,7.08099,2.29972,1368.63,595.127,0.0,0.0,0.5708,0.248204,0.0,1,0.001280874,0.132387931,0.12692797247750073
OWAVIS_clean,9.58182,5.9765,9.29598,0.840674,2344.57,2788.91,0.0,0.0,0.7226,0.859548,0.0,1,0.003448269,0.334537037,0.3420638731250002
OWAVOY_clean,8.02011,4.26959,8.02011,1.00925,2055.28,2036.44,0.0,0.0,0.642,0.636114,0.0,1,0.005911456,0.546083903,0.5501520811362471
OWETIU_clean,6.92899,4.15657,6.92674,3.31737,1014.79,305.901,78.2458,23.5867,0.4912,0.148069,0.0,1,0.000378311,0.038202029,0.035569962632499987
OWEYOF_clean,6.37079,4.45129,6.36918,1.04803,1419.15,1354.11,0.0,0.0,0.5498,0.524602,0.0,0,0.011251524,0.957543929,0.9043649141675005
OWIHEJ_clean,7.35052,7.17386,7.35052,1.33314,1629.69,1222.45,0.0,0.0,0.6108,0.458167,0.0,0,0.00677591,0.650605628,0.621344327175006
OWIHIN_clean,7.33344,7.17038,7.33344,1.33826,1633.23,1220.41,0.0,0.0,0.6104,0.456115,0.0,0,0.006790037,0.653830233,0.6208936611300059
OWIHOT_clean,7.42387,7.28396,7.42387,1.32488,1634.57,1233.75,0.0,0.0,0.6134,0.462986,0.0,0,0.006920717,0.65963311,0.6120462398650052
OWIHUZ_clean,7.37728,7.20219,7.37728,1.32559,1638.53,1236.07,0.0,0.0,0.613,0.462436,0.0,0,0.006537508,0.645309576,0.6115945036937545
OWIJEL_clean,7.46814,7.33893,7.46814,1.32685,1640.34,1236.26,0.0,0.0,0.612,0.461241,0.0,0,0.00681476,0.635051234,0.620891783103756
OWIJIP_clean,7.46558,7.33479,7.46558,1.3287,1650.48,1242.18,0.0,0.0,0.6126,0.461053,0.0,0,0.007056694,0.645454383,0.6255653949912541
OWIJOV_clean,7.41619,7.28781,7.41619,1.32565,1655.33,1248.7,0.0,0.0,0.6148,0.463773,0.0,0,0.00683242,0.652507545,0.6195385148312558
OWIKAI_clean,3.60224,2.65234,3.60224,2.2573,0.0,0.0,24.348,10.7864,0.3168,0.140345,0.0,0,0.000803243,0.074201901,0.07575522626374984
OWILAJ_clean,8.92733,6.71409,8.92733,0.968913,1708.71,1763.53,0.0,0.0,0.6184,0.638241,0.000412834,1,0.003068535,0.289820885,0.2999984572075008
OWIYUP_clean,8.24396,6.91953,8.2349,0.925347,1653.05,1786.41,0.0,0.0,0.6152,0.664832,0.0,1,0.004810364,0.417366635,0.43291634207624996
OWIZAW_clean,14.23644,11.75665,14.23644,0.378656,1891.92,4996.41,0.0,0.0,0.8398,2.21785,0.0,1,0.003486532,0.341677114,0.3486453948575003
OWUHOF_clean,4.75469,2.59555,4.52762,1.27968,0.0,0.0,664.475,519.25,0.4754,0.371499,0.0,1,0.01083979,0.792159379,0.8332575171800017
OWUWOU_clean,5.606,4.2786,5.606,1.14741,1253.9,1092.81,0.0,0.0,0.529,0.461039,0.0,1,0.003579201,0.337074801,0.33543317923125066
OWUWUA_clean,5.57616,4.37097,5.56477,1.14473,1062.1,927.816,0.0,0.0,0.5102,0.445693,0.0,1,0.004537612,0.403397235,0.4265803787450006
OXALAB_clean,7.26534,5.19998,7.26225,0.828762,2095.62,2528.62,0.0,0.0,0.6488,0.782855,0.0,0,0.003822262,0.385605622,0.36985372992374954
OXALEF_clean,7.18754,5.18545,7.18754,0.839237,2049.14,2441.67,0.0,0.0,0.6438,0.767126,0.0,0,0.004074065,0.401788557,0.4061011283974978
OXALIJ_ion_b,7.03961,4.95922,7.03961,0.942672,1903.34,2019.09,0.0,0.0,0.627,0.66513,0.0,0,0.003011323,0.275220594,0.2953902105600005
OXALOP_clean,5.88824,4.43891,5.88824,1.02509,1694.61,1653.14,0.780383,0.761286,0.599,0.584341,0.0,1,0.006101035,0.570202405,0.5668541885124977
OXALUV_SL,9.15018,6.54946,9.15011,0.800859,2321.96,2899.33,0.0,0.0,0.7128,0.890045,0.0,0,0.004320917,0.420621535,0.4251010511025002
OXAMIK_clean,3.62257,2.90945,3.62257,2.00313,0.0,0.0,50.0596,24.9906,0.3456,0.17253,0.0,1,0.000683826,0.065657671,0.06675999297749997
OXAZIX_clean,3.78624,2.69047,3.74913,1.71887,0.0,0.0,361.086,210.071,0.5042,0.293332,0.0,1,0.000929468,0.097642324,0.08885277015874946
OXEVOE_clean,5.9996,4.29075,5.9996,1.32095,787.004,595.785,77.213,58.4525,0.5,0.378515,0.0,1,0.004269287,0.387609937,0.384602344507498
OXITOF_clean,6.28705,5.508,6.2848,1.24834,1230.37,985.608,0.0,0.0,0.5144,0.412068,0.0,1,0.001875521,0.179670462,0.17401035662750025
OXOLAP_SL,19.10077,13.85784,19.10077,0.601751,1192.03,1980.93,80.0846,133.086,0.7556,1.25567,0.000332363,0,0.007996065,0.522034398,0.6608345548312545
OXOZUY_clean,8.19821,4.66417,8.1974,0.956716,1690.02,1766.48,0.0,0.0,0.6112,0.638852,0.0,1,0.006546171,0.574650425,0.5976555268987487
OXUNEB_clean,5.40371,3.22299,5.26849,2.40788,0.0,0.0,791.837,328.852,0.4718,0.19594,0.0,1,0.001305386,0.124748393,0.12089504421249984
OXUPUT_clean,9.06209,8.39643,9.06209,1.93215,1090.05,564.166,13.9927,7.24204,0.573,0.296561,0.0,1,0.001906367,0.181291842,0.18150033240249921
OYEBIE_clean,4.32919,3.1465,4.32311,1.30552,0.0,0.0,460.007,352.354,0.4408,0.337642,0.0,0,0.004830346,0.441360685,0.40734443981250235
OYEJOS_clean,9.55583,4.63693,9.55583,0.834794,1714.96,2054.35,0.0,0.0,0.6424,0.769531,0.0,1,0.002514142,0.248085459,0.2530260832887496
OYERER_clean,14.32515,11.45272,14.00664,0.462369,2190.15,4736.81,0.0,0.0,0.8394,1.81543,0.0,1,0.002242667,0.22434948,0.21743174160624995
OYERIV_clean,14.68028,11.95217,14.68028,0.792697,1463.31,1845.99,123.823,156.204,0.696,0.878015,0.0,1,0.006129311,0.490184853,0.5604463861099995
OYEROB_clean,9.45168,7.14174,9.44893,0.790347,2325.92,2942.91,0.982216,1.24277,0.7298,0.923392,0.0,1,0.002775205,0.274979122,0.2721555503937509
OYERUH_clean,7.57942,6.42809,7.56103,1.08661,1656.01,1524.01,185.649,170.851,0.6376,0.586778,0.0,1,0.006712024,0.50118359,0.6075631697987518
OYEWEW_clean,9.10111,6.40889,9.10064,0.579676,2406.76,4151.9,0.0,0.0,0.7488,1.29176,0.0,1,0.003930805,0.388299187,0.381291943198749
OYEWIA_clean,10.37041,7.95909,10.26711,0.677921,2034.96,3001.77,0.0,0.0,0.7108,1.0485,0.0,1,0.00393074,0.378682719,0.3813795153824992
OYIVEY_clean,8.41834,4.77784,8.41834,1.02358,1872.15,1829.01,0.0951624,0.0929698,0.626,0.611576,0.0,1,0.003936799,0.369327093,0.3780396206349995
OYIVIC_clean,5.5413,4.80567,5.5333,1.19582,1382.4,1156.02,0.0,0.0,0.5784,0.483684,0.0,1,0.003921936,0.360634993,0.3715052148537512
OYIVOI_clean,5.54513,4.92009,5.54513,1.34386,1289.96,959.889,0.0,0.0,0.5594,0.416262,0.0,1,0.003696181,0.330179504,0.35034238716500005
OYOSAX_clean,5.10436,4.21189,5.06572,1.19023,1067.87,897.196,0.0,0.0,0.5162,0.433699,0.0,1,0.005062946,0.45428905,0.46382085642000087
OZAVES_clean,5.64539,5.08904,5.62805,1.07782,1464.13,1358.41,0.0,0.0,0.5738,0.532369,0.0,1,0.004546314,0.430190287,0.4291670976387513
OZAVOC_clean,6.46772,5.63481,6.46128,1.35316,1406.83,1039.66,0.0,0.0,0.5486,0.40542,0.0,1,0.004786442,0.454293293,0.4335004996700003
OZAVUI_clean,5.43678,4.75451,5.43678,1.24526,1365.54,1096.59,0.0,0.0,0.5928,0.476044,0.0,1,0.003641963,0.340011945,0.3550858903425005
OZUKOL_clean,11.66314,11.04095,11.6623,1.07501,1570.69,1461.09,0.0,0.0,0.6578,0.611902,0.0,1,0.002331384,0.233629524,0.22263539239999944
OZUKUR01_clean,12.00308,11.20848,12.00308,1.04914,1577.91,1504.01,0.0,0.0,0.6712,0.639764,0.0,1,0.002190561,0.210151296,0.21096441163750076
OZUKUR_clean,11.77684,11.08852,11.77544,1.07383,1569.26,1461.37,0.0,0.0,0.6592,0.613879,0.0,1,0.002297115,0.229953683,0.2225341767749994
OZULAY_clean,11.76704,10.98127,11.76502,1.07223,1568.4,1462.75,0.0,0.0,0.6546,0.610504,0.0,1,0.002315392,0.226806715,0.22252405876374945
OZULUS_clean,11.30509,10.53212,11.30463,1.32172,1536.26,1162.31,0.0,0.0,0.6386,0.483157,0.0,1,0.002176799,0.221598503,0.2117663580000001
OZUMAZ01_clean,11.42001,10.68224,11.42001,1.32181,1528.59,1156.43,0.0,0.0,0.6378,0.482518,0.0,1,0.002220041,0.219784936,0.2166614870725001
OZUMAZ_clean,11.32593,10.60044,11.32547,1.32216,1533.89,1160.14,0.0,0.0,0.6396,0.483754,0.0,1,0.002190637,0.217230202,0.2117921729775001
OZUMIH_clean,11.34307,10.585,11.34288,1.32207,1537.23,1162.75,0.0,0.0,0.6412,0.484999,0.0,1,0.002297877,0.22823614,0.22167143664625005
PABXAT_clean,5.69047,3.03362,5.69047,1.8026,0.0,0.0,881.273,488.89,0.4952,0.274714,0.0,0,0.003106297,0.274316927,0.2843328900375004
PACGIM_clean,5.65368,4.16479,5.64778,1.04531,2243.67,2146.41,0.0,0.0,0.631,0.603646,0.0,0,0.005223273,0.481790836,0.4792435632800023
PACYIE_clean,3.32223,2.42639,3.32223,1.60981,0.0,0.0,0.0,0.0,0.4314,0.267982,0.0,1,3.23e-06,0.000268472,0.00041474822750000066
PACZOK_clean,14.42262,6.94223,14.41025,1.08844,2172.35,1995.84,0.0,0.0,0.7086,0.651024,0.0,1,0.001278922,0.125484355,0.12917668662625137
PACZUQ_clean,6.93068,4.23947,6.93068,1.54491,905.644,586.213,0.0,0.0,0.4772,0.308886,0.0,0,0.000539396,0.052532791,0.05948205896624988
PAFMUH_clean,4.1569,3.45207,4.13312,1.53558,373.555,243.267,0.0,0.0,0.4318,0.281197,0.0,1,0.003333911,0.285106849,0.31837768197624905
PAGFUZ_clean,4.29972,3.05124,4.28072,1.79683,0.0,0.0,742.99,413.501,0.5608,0.312106,0.0,1,0.005383956,0.474927896,0.44056638483000043
PAHPOG_clean,7.73062,5.40152,7.60787,0.954052,1660.24,1740.2,0.0,0.0,0.5924,0.620931,0.0,1,0.004592198,0.453101583,0.4362865227537492
PAJSAX_clean,11.72543,11.19673,11.71838,0.847503,1673.18,1974.24,0.0,0.0,0.6882,0.812032,0.0,0,0.003065963,0.27911052,0.30217233105625085
PAKFAL_clean,4.75354,4.10738,4.75354,2.43205,513.87,211.291,0.0,0.0,0.3964,0.16299,0.0,1,0.000575184,0.053306297,0.060019162776249725
PAKFEP_clean,4.86901,4.27875,4.86901,1.90484,508.538,266.971,0.0,0.0,0.3924,0.206001,0.0,1,0.000687864,0.065592869,0.06832459854625009
PAKXIK_clean,5.56128,3.90775,5.56038,1.25158,1486.65,1187.82,19.61,15.6682,0.5744,0.458939,0.0,1,0.003448926,0.337771635,0.33531694849875143
PALTON_clean,12.85281,10.88454,12.85281,0.723595,1862.94,2574.56,0.0,0.0,0.677,0.935606,0.0,1,0.006538085,0.600823499,0.5909924570412487
PAMGIV_clean,4.35287,3.39585,4.35042,1.32875,833.514,627.293,0.0,0.0,0.533,0.401129,0.0,1,0.004313613,0.388473914,0.4054655614375007
PAMHES01_clean,4.30772,3.04279,4.18826,1.41764,0.0,0.0,706.03,498.033,0.5362,0.378235,0.0,1,0.004447272,0.40738041,0.4018397868862523
PAMHES_clean,4.34401,3.08533,4.22396,1.42106,0.0,0.0,719.827,506.543,0.5426,0.381828,0.0,1,0.00511653,0.456112628,0.4410369151000013
PAMHIW_clean,9.2687,4.50421,9.2687,0.952087,1296.4,1361.64,427.264,448.766,0.6164,0.64742,0.0,0,0.00616037,0.568278564,0.5567167435499997
PAMTII_clean,12.14001,5.49468,12.1397,0.953828,2043.58,2142.5,0.0,0.0,0.7082,0.742482,0.0,1,0.004578582,0.388418541,0.4277319098800003
PAMTOO_clean,12.35154,5.62136,12.35154,0.923606,1995.9,2160.98,0.0,0.0,0.7096,0.768293,0.0,1,0.004245592,0.382390133,0.40930015900499805
PAMTUU_clean,12.40087,5.62514,12.40087,0.908425,2011.92,2214.73,0.0,0.0,0.6952,0.76528,0.0,1,0.004299791,0.371809512,0.4249337530887495
PAMVEG_clean,4.06328,3.71255,4.05877,1.30742,297.768,227.753,0.0,0.0,0.4276,0.327056,0.0,1,0.000861412,0.081898252,0.08692938842249966
PANRUS01_clean,6.92222,3.22016,6.92222,1.49083,0.0,0.0,1352.99,907.541,0.5502,0.369057,0.0,0,0.003908866,0.356168675,0.3460906919737497
PANYEL_clean,4.84206,2.81047,4.84206,1.39263,0.0,0.0,445.377,319.811,0.455,0.326721,0.0,1,0.00794605,0.586731027,0.601419604773747
PAPKOJ_clean,3.52611,2.91876,3.52611,1.71693,0.0,0.0,17.8276,10.3834,0.3536,0.205948,0.0,1,0.000348945,0.035047864,0.034607350413750175
PAPKUP_clean,3.54754,2.97096,3.54754,1.72388,0.0,0.0,28.8222,16.7194,0.3386,0.196417,0.0,1,0.000434478,0.042869755,0.042155934781250265
PAPPAZ_clean,3.89479,2.49138,3.89479,1.21711,0.0,0.0,104.905,86.1921,0.4426,0.36365,0.0,1,0.002592496,0.241427518,0.24103471704875112
PAPPED_clean,3.63331,2.44359,3.63331,1.17812,0.0,0.0,66.0073,56.0277,0.4532,0.384681,0.0,1,0.00063497,0.060809134,0.06432041900999971
PAPPIH_clean,3.83347,2.61175,3.83347,1.15257,0.0,0.0,145.715,126.426,0.4648,0.403272,0.0,1,0.001600878,0.155219209,0.1511724519975005
PAPROO_clean,7.19025,5.05276,7.19025,1.91608,861.592,449.664,0.0,0.0,0.4326,0.225774,0.0,0,0.001907964,0.173582892,0.17862817844999962
PAPRUU_clean,7.39284,4.83476,7.39284,1.80811,810.66,448.345,0.0,0.0,0.438,0.242241,0.0,0,0.001770244,0.166426472,0.16437984713625045
PAPVAF_clean,10.09597,6.84011,9.58875,0.817097,2396.15,2932.52,0.0,0.0,0.7324,0.896344,0.0,1,0.002902326,0.298564988,0.2915723311887513
PAPVEJ_clean,4.81247,3.05568,4.78767,1.46668,0.0,0.0,513.987,350.443,0.4398,0.299861,0.0,1,0.011217099,0.694445236,0.8101930187075008
PAPVIN_clean,4.8231,3.07966,4.81833,1.46172,0.0,0.0,533.123,364.722,0.4442,0.303888,0.0,1,0.011121335,0.688902426,0.8109016881837509
PAPXUB_clean,4.14867,3.74838,4.12901,1.41027,380.17,269.572,0.0,0.0,0.4056,0.287604,0.0,0,0.005181046,0.421317315,0.4264418684687496
PAQJUM_clean,6.1772,2.70883,6.17711,1.68004,0.0,0.0,979.734,583.161,0.5026,0.299159,0.0,0,0.00462256,0.386996707,0.4112048371312518
PAQMEB_clean,5.66983,3.45515,5.06855,2.32316,1166.36,502.057,0.0,0.0,0.4938,0.212555,0.0,1,0.001076116,0.105001942,0.10512935051750075
PAQPIG_clean,4.06633,2.85613,4.06633,1.99384,0.0,0.0,218.017,109.345,0.4346,0.217971,0.0,1,0.001712626,0.164972231,0.15751597204874998
PAQVEK_clean,5.27989,4.58936,5.26433,1.11804,1118.78,1000.66,0.0,0.0,0.502,0.449,0.0,1,0.008000954,0.689760473,0.6681793066912509
PARHAS_clean,6.90619,6.37667,6.76731,0.69817,2236.54,3203.43,0.0,0.0,0.6838,0.979418,0.0,1,0.002247853,0.227101029,0.21743542141750005
PARHEW_clean,7.38605,6.67234,7.38605,0.632325,2400.53,3796.35,0.0,0.0,0.7148,1.13043,0.0,1,0.002468397,0.2417969,0.23117881208499977
PARKUQ01_clean,6.67552,5.18428,6.65544,1.17133,2054.42,1753.92,0.0,0.0,0.6446,0.550316,0.0,0,0.003972869,0.38462718,0.37985585526375
PARMIG_clean,4.62483,4.28304,4.62483,1.33462,793.109,594.261,0.0,0.0,0.4652,0.348565,0.0,0,0.043667438,2.324402097,1.566545881765001
PARNIH_clean,8.32489,6.77668,8.32489,0.861017,1951.67,2266.71,0.0,0.0,0.6712,0.779544,0.0,1,0.002686937,0.254789195,0.27121815033250046
PARNON_clean,7.81335,6.23608,7.8124,0.973393,1971.82,2025.72,0.0,0.0,0.6118,0.628523,0.0,1,0.00354436,0.34654586,0.3440330684850001
PARPII_clean,2.91901,2.58681,2.91901,1.43708,0.0,0.0,0.0,0.0,0.389,0.270689,0.0,0,4.98e-06,0.000400725,0.0004762242962499995
PARVUB_clean,4.97222,2.54199,3.47454,1.3463,0.0,0.0,114.285,84.8882,0.4032,0.299488,0.0,1,0.001178346,0.094875087,0.11831205348874954
PASKAX_clean,4.53301,2.83696,4.53301,1.51238,0.0,0.0,226.279,149.618,0.399,0.263822,0.0,0,0.001918953,0.162577319,0.17981289666749956
PASMUT_clean,5.21671,3.87145,5.2007,1.45236,1664.76,1146.24,0.0,0.0,0.5822,0.400864,0.0,1,0.00275897,0.267461396,0.25826568515374954
PASNAA01_clean,4.83008,3.80459,4.83008,1.46381,1335.98,912.674,0.0,0.0,0.51,0.348405,0.0,1,0.003103754,0.287031292,0.28647492587249984
PASNAA_clean,4.89594,3.826,4.89193,1.4497,1354.61,934.408,0.0,0.0,0.5164,0.356212,0.0,1,0.0029421,0.280878099,0.27336307466499965
PASNEE_clean,4.1572,2.83674,4.15664,1.74103,0.0,0.0,147.202,84.5488,0.4688,0.269265,0.0,1,0.001128982,0.104502833,0.10924104106750017
PATNAB_clean,9.14224,6.89364,9.14224,1.35956,1803.58,1326.59,0.0,0.0,0.6728,0.494866,0.0,1,0.001265696,0.118966054,0.12819875007125106
PATWOY_clean,7.80785,6.68696,7.80785,0.911859,1500.87,1645.94,0.0,0.0,0.5982,0.656023,0.0,1,0.005399732,0.507304985,0.4857166928412493
PAVLOO_clean,4.63098,4.29599,4.63098,1.36764,915.445,669.362,13.6565,9.98545,0.5494,0.401715,0.0,1,0.013692259,1.022677346,0.9585512655537518
PAVMAB_clean,4.70831,4.3739,4.70531,1.34518,952.077,707.768,16.532,12.2898,0.553,0.411097,0.0,1,0.012408957,0.96989424,0.883921149973752
PAXWOB_clean,4.51056,3.21115,4.50626,1.76504,0.0,0.0,722.496,409.338,0.5848,0.331324,0.0,0,0.007649849,0.66446525,0.6283330833387484
PEBCAA_clean,4.95801,3.02326,4.89301,1.87387,0.0,0.0,946.103,504.893,0.5454,0.291056,0.0,1,0.008772443,0.65646825,0.7134342262349989
PEBNEP_clean,4.70974,3.99855,4.70974,1.47945,319.51,215.966,0.0,0.0,0.4064,0.274697,0.0,1,0.002579267,0.218646868,0.24059430856750044
PEBYEA_clean,4.66548,2.44078,4.65998,2.24951,0.0,0.0,283.587,126.066,0.282,0.125361,0.0,1,0.002162784,0.196297931,0.20202296935625041
PECBOQ_clean,4.1758,2.83331,4.16444,1.8403,0.0,0.0,250.614,136.181,0.435,0.236374,0.0,1,0.000758743,0.073273362,0.07032648700249985
PECLEP_clean,5.39206,3.58035,5.25926,1.26009,1193.65,947.27,0.0,0.0,0.492,0.390447,0.0,0,0.007553753,0.641664271,0.6549143453337506
PECMOB_clean,3.3577,2.52439,3.32189,1.71914,0.0,0.0,0.0,0.0,0.364,0.211733,0.0,1,6.43e-05,0.004418767,0.006468128647500007
PEDGUA_clean,4.42907,3.13119,3.94665,1.93076,0.0,0.0,439.082,227.414,0.4794,0.248296,0.0,1,0.000981199,0.092487677,0.09091912268999963
PEDMER_clean,4.87431,3.86596,4.87431,1.94999,1030.99,528.717,0.0,0.0,0.5166,0.264924,0.0,1,0.004072921,0.363113085,0.37847218403624844
PEDMOB_clean,6.13543,5.59613,6.13543,1.47554,899.4,609.538,0.0,0.0,0.4724,0.320153,0.0,1,0.002066629,0.198141451,0.2016629259962503
PEDRIA_clean,15.09269,7.93434,15.07573,0.589901,2245.43,3806.46,0.0,0.0,0.8114,1.37549,0.0,0,0.002381352,0.2418975,0.22289296869374972
PEFJUF_clean,6.61682,6.0615,6.61682,1.19245,2068.35,1734.53,0.0,0.0,0.6212,0.520944,0.0,0,0.002709349,0.267764331,0.2656064233599996
PEFRID01_clean,6.55951,5.47634,6.55951,1.31717,1348.3,1023.64,0.0,0.0,0.552,0.419081,0.0,1,0.005173375,0.453416643,0.4643400252137493
PEFRID_clean,9.83364,8.16227,9.74315,1.01836,1671.9,1641.77,0.0,0.0,0.6476,0.635927,0.0,1,0.003486097,0.341038194,0.3384031370000008
PEFRUP01_clean,6.70842,5.60789,6.69161,1.32053,1380.71,1045.57,0.0,0.0,0.5546,0.419982,0.0,1,0.004922836,0.437232842,0.446872976930001
PEFRUP_clean,9.50189,8.00757,9.50189,1.0519,1670.24,1587.83,0.0,0.0,0.6432,0.611463,0.0,1,0.003498515,0.341335606,0.3383847178300004
PEFSEA_clean,4.38811,2.87938,4.38811,1.28358,0.0,0.0,503.068,391.926,0.5232,0.407611,0.0,1,0.002770157,0.254993176,0.24563139727624958
PEFTAX_clean,4.53798,2.87105,4.42771,1.28344,0.0,0.0,549.949,428.498,0.4986,0.388489,0.0,1,0.002984029,0.275023343,0.2777985675874995
PEGBAG_clean,4.42914,3.59275,4.42914,1.43063,530.361,370.719,0.0,0.0,0.4708,0.329086,0.0,1,0.001672961,0.155851266,0.16139024952750006
PEGBUA_clean,4.24178,3.44241,4.23659,1.42808,542.261,379.715,0.0,0.0,0.474,0.331915,0.0,1,0.00208689,0.198426974,0.19968887709750058
PEGCAH_clean,4.41751,3.55963,4.41517,1.40923,648.294,460.035,0.0,0.0,0.4816,0.341747,0.0,1,0.003019666,0.276734197,0.2829902749125002
PEGCEL_clean,4.60881,3.89017,4.60881,1.36646,760.056,556.224,0.0,0.0,0.4938,0.361373,0.0,1,0.003311428,0.295816588,0.3170591834887507
PEGCIP_clean,5.4738,4.63859,5.45736,1.20371,1399.17,1162.38,0.0,0.0,0.5244,0.435652,0.0,1,0.006299566,0.557521845,0.5523696458099985
PEGPOI_clean,4.98627,3.51233,4.9807,1.99017,618.984,311.02,0.0,0.0,0.3962,0.199078,0.0,1,0.003234243,0.26790703,0.3021121581125002
PEGPUO_clean,5.11559,3.11785,5.00704,2.27408,0.0,0.0,541.628,238.175,0.4044,0.177831,0.0,1,0.001593166,0.141064947,0.1417673806
PEGQAV_clean,5.14547,3.15291,5.14547,2.3247,0.0,0.0,536.15,230.632,0.4248,0.182733,0.0,1,0.001724673,0.14320743,0.15646082191000016
PEGQID_clean,5.05756,3.46018,5.04486,2.49056,625.358,251.092,0.0,0.0,0.3982,0.159884,0.0,1,0.001831499,0.155873757,0.1661845507974996
PEGQOJ_clean,5.06893,3.45218,5.06893,2.53315,611.744,241.495,0.0,0.0,0.3936,0.15538,0.0,1,0.001864245,0.161697265,0.16757586935499968
PEGQUP_clean,4.99244,3.49069,4.98026,2.64253,618.757,234.153,0.0,0.0,0.3906,0.147813,0.0,1,0.0019572,0.166733907,0.18484601281749985
PEHQID_neutral,5.14211,3.77935,5.14211,1.46568,1144.37,780.78,0.0,0.0,0.5232,0.356968,0.0,0,0.002399515,0.235799684,0.2219928164425
PEHTON_clean,5.79765,4.80371,5.79765,1.25943,995.966,790.809,0.0,0.0,0.488,0.387478,0.0,1,0.001337038,0.130591996,0.12703566693250085
PEJFEQ_clean,3.45673,2.75252,3.45167,2.56138,0.0,0.0,24.1937,9.44557,0.378,0.147577,0.0,0,0.014864533,0.893087577,0.8943573354074998
PEJFIU_clean,4.46047,2.9683,4.46047,2.50933,0.0,0.0,416.308,165.904,0.4016,0.160043,0.0,0,0.101273311,1.376561212,1.7794247171550162
PEJFOA_clean,4.64383,3.88697,4.63782,2.21077,775.822,350.929,123.298,55.7717,0.4612,0.208615,0.0,1,0.046053499,1.496045735,1.5765163126712496
PEJMOI_clean,7.77261,4.72411,7.77261,1.78918,1087.16,607.629,0.0,0.0,0.4986,0.278675,0.0,1,0.001730789,0.165505322,0.16584833694750065
PEJNUP_clean,9.7414,9.14394,9.67281,0.771129,2269.17,2942.66,0.0,0.0,0.7412,0.961188,0.0,0,0.003575098,0.355868746,0.3519235706275012
PEJRED_clean,4.11493,2.97482,3.99412,1.36173,0.0,0.0,184.048,135.157,0.4058,0.298003,0.0,1,0.00117516,0.108885699,0.11830461734624974
PEKCUF_clean,8.20333,5.43297,8.20152,0.769862,2179.49,2831.01,0.0,0.0,0.6652,0.864051,0.0,1,0.003695565,0.365748869,0.35915838614000095
PEKKAS_clean,3.45164,2.93856,3.45164,1.79576,0.0,0.0,95.3082,53.0741,0.526,0.292913,0.0,0,0.001568644,0.155716012,0.15004721925000006
PEKWAF_clean,4.37236,3.14456,4.34705,3.10112,0.0,0.0,523.237,168.725,0.4638,0.149559,0.0,1,0.002759801,0.234703608,0.24290352436499976
PEKZIP_clean,4.53518,4.08657,4.53518,1.41548,619.125,437.397,0.0,0.0,0.4398,0.310708,0.0,1,0.003000547,0.269120731,0.2815427281700001
PELGOE_clean,4.61976,3.65124,4.60921,1.18989,1005.69,845.196,0.0,0.0,0.5078,0.426764,0.0,1,0.005183842,0.472438603,0.4639890950837486
PELNEA01_clean,3.35506,2.80911,3.34217,1.81592,0.0,0.0,0.435848,0.240014,0.3634,0.200119,0.0,0,0.000177573,0.01794475,0.01770988817624994
PELQII_clean,9.06577,7.1819,8.76719,0.671525,2063.21,3072.43,0.0,0.0,0.712,1.06027,0.0,1,0.004024942,0.383809091,0.40569582298499723
PELRAB_clean,3.40218,2.89523,3.40218,1.26815,0.0,0.0,8.29508,6.5411,0.4354,0.343336,0.0,1,1.23e-05,0.001925052,0.0013938711725000003
PELRIJ_clean,21.55746,10.38341,21.54289,0.51708,1832.88,3544.68,0.0,0.0,0.8016,1.55024,0.0,1,0.003684836,0.358556293,0.36364421480125114
PELXIP_clean,5.04305,3.66818,5.03506,1.84132,581.447,315.776,13.9718,7.58794,0.4556,0.247431,0.0,1,0.003257864,0.283589253,0.30290674369625015
PEMREG_clean,9.06566,7.46673,9.06566,0.753022,2058.76,2734.0,0.0,0.0,0.7058,0.93729,0.0,1,0.002749862,0.279638763,0.2713678529050011
PEMRIK_clean,6.31603,3.45605,6.31603,1.18528,1197.81,1010.57,0.0,0.0,0.5532,0.466723,0.0,1,0.006992468,0.625154118,0.6104661782224998
PENNAZ_clean,8.96214,8.00387,8.96214,0.962495,1990.53,2068.1,0.0,0.0,0.7004,0.727692,0.0,1,0.003161837,0.304251056,0.3071795693562513
PENNON_clean,7.9329,6.23525,7.71711,0.684898,2586.98,3777.17,0.0,0.0,0.7318,1.06848,0.0,1,0.003139989,0.324643618,0.3092386975437508
PENNUT_clean,5.51848,4.07497,5.51848,1.34514,1276.26,948.789,0.0,0.0,0.5072,0.377061,0.0,1,0.003470376,0.324940024,0.3277063739737509
PENXUC_clean,4.25463,3.37336,4.2474,1.90703,551.499,289.192,0.0,0.0,0.3944,0.206813,0.0,1,0.004400758,0.375923097,0.39592196947000086
PENYIR_clean,5.70014,3.65365,5.70014,1.6367,929.089,567.66,64.7109,39.5375,0.5088,0.31087,0.0,1,0.003541002,0.309436391,0.32107874325624836
PENZIS_clean,5.20436,4.63461,5.20306,1.48152,1841.93,1243.27,0.0,0.0,0.653,0.440764,0.0,0,0.003100909,0.301924348,0.2911379093037493
PENZUE_clean,3.89114,3.09221,3.89114,1.63624,0.0,0.0,101.898,62.2762,0.4122,0.25192,0.0,0,0.000136321,0.014749306,0.012707712799999955
PEPBAO_clean,5.10254,3.95909,5.10254,1.42412,833.906,585.559,0.0,0.0,0.4934,0.34646,0.0,0,0.003466248,0.312649634,0.3237454173437497
PEPFAT_clean,10.91726,6.85852,7.70966,1.0029,2251.01,2244.49,0.0,0.0,0.6862,0.684214,0.0,1,0.004335626,0.398888139,0.4249325053249992
PEPKOL_clean,4.51864,3.40095,4.50908,1.52523,488.244,320.112,0.0,0.0,0.42,0.275368,0.0,0,0.005997491,0.481293678,0.5242592677375001
PEPKUR_clean,4.38796,3.85266,4.37809,1.51141,576.087,381.159,0.0,0.0,0.4116,0.272329,0.0,0,0.00729825,0.564350935,0.5944798659724968
PEPLAY_clean,6.74837,6.3776,6.72825,1.05651,1615.67,1529.25,0.0,0.0,0.6178,0.584755,0.0,0,0.003900567,0.386917139,0.37516159078374967
PEPLEC_clean,7.22831,6.81306,7.22831,1.03011,1642.0,1594.0,0.0,0.0,0.618,0.599935,0.0,0,0.003716629,0.361468779,0.3616389444987508
PEPLIG_clean,6.77242,6.39006,6.75097,1.04905,1614.89,1539.38,0.0,0.0,0.6148,0.586054,0.0,0,0.003655316,0.366689371,0.3575736169362512
PEPLOM_clean,5.48105,5.23227,5.47438,1.20095,1296.27,1079.37,0.0,0.0,0.5572,0.463966,0.0,0,0.004932062,0.453284485,0.4468230479950007
PEQRUZ_clean,5.68699,4.77458,5.65626,1.19715,1015.07,847.906,0.0,0.0,0.4752,0.396942,0.0,1,0.012577881,0.952326645,0.8897334350337505
PEQTIQ_clean,4.57424,3.31563,4.52691,1.69437,254.265,150.064,251.06,148.173,0.433,0.255552,0.0,1,0.004034235,0.324432396,0.37560408513000054
PEQWAK_clean,5.99001,5.4678,5.99001,1.06078,1335.71,1259.17,0.0,0.0,0.5666,0.534134,0.0,1,0.004428142,0.419500653,0.41998785672500055
PERSEM_clean,3.43852,2.43542,3.42208,2.30868,0.0,0.0,20.2157,8.75641,0.4476,0.193877,0.0,1,1.46e-05,0.001089116,0.001440668211249998
PESTUD_clean,4.29451,3.77014,4.29451,1.52203,554.299,364.183,0.0,0.0,0.4078,0.267931,0.0,0,0.007448741,0.577181202,0.6026769050587464
PETNOS_clean,4.14513,2.83276,4.14154,2.28542,0.0,0.0,407.946,178.499,0.4244,0.185699,0.0,0,0.028856402,1.075414762,1.3303787115487509
PETVER_clean,5.06313,3.04753,4.83261,1.59184,0.0,0.0,1140.88,716.705,0.5476,0.344005,0.0,1,0.002051826,0.189208049,0.19773028220500044
PETWOC_clean,9.15829,4.1058,9.15829,1.69456,1870.12,1103.6,0.0,0.0,0.6222,0.367174,0.000472098,0,0.001989702,0.193944603,0.19405212151375
PEVBUP_clean,4.52358,2.93609,4.4331,1.89752,0.0,0.0,125.289,66.0278,0.3488,0.183818,0.0,1,0.000400169,0.035272623,0.03821775241625019
PEVFON_clean,11.13773,3.47627,11.13633,0.923906,1490.46,1613.21,0.0,0.0,0.6306,0.682537,0.0,0,0.002075545,0.20112652,0.20541140295875018
PEVJOQ_clean,2.98563,2.46263,2.98563,1.53361,0.0,0.0,0.0,0.0,0.3724,0.242825,0.0,0,0.0,1.32e-06,5.714438749999974e-06
PEVLEJ_clean,3.99247,3.35272,3.91043,2.12809,287.194,134.954,0.0,0.0,0.3742,0.175838,0.0,1,0.002607676,0.250968448,0.23911310714000078
PEVLIN_clean,4.23888,3.58587,4.23888,1.92889,451.698,234.175,0.0,0.0,0.4172,0.21629,0.0,1,0.002017532,0.192769752,0.18726324367874977
PEVQIQ_clean,5.14826,2.63102,5.01738,2.04042,0.0,0.0,757.406,371.202,0.4606,0.225738,0.0,1,0.011644775,0.771114094,0.8046708562324997
PEVQOY_clean_h,14.80942,7.88362,14.80084,0.613708,2232.3,3637.4,0.0,0.0,0.8108,1.32115,0.0,0,0.002681685,0.261522602,0.27180747835875024
PEVXAQ_clean,4.99995,3.63805,4.93929,1.21492,686.301,564.895,0.0,0.0,0.4752,0.391137,0.0,1,0.00258535,0.238509685,0.24142169019875148
PEVYUM_clean,4.01364,3.19633,4.01364,1.38412,0.0,0.0,473.665,342.214,0.43,0.310666,0.0,0,0.000917771,0.085996679,0.08812192539124948
PEVZAT_clean,3.95096,3.16385,3.95096,1.39135,0.0,0.0,388.835,279.466,0.4324,0.310778,0.0,0,0.000596636,0.064438353,0.061841395916249764
PEWFII_clean,4.2167,2.74504,4.09989,2.1516,0.0,0.0,768.518,357.184,0.518,0.240751,0.0,1,0.003800798,0.332017528,0.3296201298412484
PEWGEF_clean,9.8037,7.11476,9.8037,1.04146,1816.14,1743.84,0.0,0.0,0.6896,0.662146,0.0,1,0.001431639,0.146924466,0.13972056214500075
PEWKOT_clean,5.45411,3.32069,4.75757,1.65307,436.668,264.155,126.937,76.7882,0.457,0.276455,0.0,0,0.010921904,0.563158103,0.772645157216251
PEWLUA_clean,17.77125,7.51947,12.45937,0.588936,2255.4,3829.62,0.0,0.0,0.7974,1.35397,0.0,1,0.003627653,0.355032809,0.3645466583787513
PEWXUL01_clean,5.54275,4.60824,5.54275,1.0598,1055.66,996.092,0.0,0.0,0.5124,0.483488,0.0,0,0.005306789,0.500622092,0.4644672116699992
PEWXUL_clean,5.34544,4.38509,5.34544,1.05997,1077.55,1016.58,0.0,0.0,0.5136,0.48454,0.0,0,0.006436013,0.585661657,0.5766771398474987
PEXBIF01_clean,3.97196,3.02301,3.97134,1.51778,0.0,0.0,117.622,77.4958,0.4204,0.276983,0.0,0,0.000901905,0.080069079,0.08816323752624959
PEXBIF_clean,4.0229,3.2242,4.01415,1.47447,0.0,0.0,192.346,130.451,0.437,0.296377,0.0,0,0.000957578,0.092222892,0.08973359447124941
PEXFAA_clean,6.38992,4.78581,6.38785,0.722856,2527.72,3496.86,0.0,0.0,0.6962,0.963124,0.0,1,0.003835461,0.367975922,0.3712717196712495
PEXTUI_clean,5.13294,4.08127,4.81094,1.41697,1690.94,1193.35,0.0,0.0,0.6078,0.428944,0.0,1,0.004506691,0.415196858,0.42826234805625085
PEYPAM_SL,6.47723,4.9888,6.46954,1.38224,1403.34,1015.27,0.0,0.0,0.5238,0.378951,0.0,0,0.010639122,0.835082019,0.8515366306025013
PEYPIU_clean,4.73554,3.50341,4.73554,1.41341,845.394,598.124,0.0,0.0,0.4704,0.332812,0.0,0,0.011794425,0.826655123,0.8153069182575026
PEYSIW_clean,5.69089,4.7197,5.69089,1.0552,1032.59,978.576,0.0,0.0,0.5102,0.483511,0.0,0,0.005216676,0.463406986,0.46564741204124926
PEYVEV_clean,8.8911,6.60199,8.13016,1.41868,1212.67,854.793,531.685,374.776,0.6316,0.445204,0.0,1,0.007839816,0.694583827,0.6617912100537516
PEZCII_clean,12.50562,10.18861,12.50562,0.9535,1419.23,1488.44,0.0,0.0,0.6362,0.667226,0.0,1,0.001773462,0.183227662,0.17693683664624943
PIBGAK_clean,6.08784,5.5601,6.06673,1.08232,1652.36,1526.68,0.0,0.0,0.6232,0.575798,0.0,1,0.002864601,0.271794884,0.28286886200750005
PIBNUK01_clean,15.37191,14.18335,15.35887,0.42304,1389.84,3285.35,0.0,0.0,0.8366,1.97759,0.0,1,0.002436298,0.232904538,0.23005736644124897
PIBNUK_clean,15.38411,14.18619,15.38378,0.422713,1393.02,3295.43,0.0,0.0,0.8378,1.98196,0.0,1,0.002325623,0.234296708,0.2213455862362488
PIBPAS01_clean,10.22467,9.87308,10.22467,0.904434,1674.99,1851.98,0.0,0.0,0.6484,0.716913,0.0,1,0.002392226,0.237100591,0.2271148191750005
PICTIG_clean,7.17773,5.19524,7.1746,0.956819,2131.67,2227.87,0.0,0.0,0.65,0.679334,0.0,1,0.003813923,0.366314978,0.37004972420499954
PIDMEV01_clean,7.72003,4.28453,7.71744,1.05835,1674.28,1581.97,0.0,0.0,0.5974,0.564462,0.0,1,0.004949955,0.488830683,0.45450037920499986
PIDMEV_clean,7.7619,4.42953,7.71379,1.03258,1688.46,1635.19,0.0,0.0,0.5902,0.57158,0.0,1,0.004839711,0.475352252,0.4456952005987484
PIGHIX_clean,4.27166,3.21122,4.2697,1.25505,0.0,0.0,770.951,614.279,0.4778,0.380702,0.0,1,0.005391431,0.454393115,0.44617618340500004
PIGXAF_clean,4.48463,2.94053,4.48463,2.16298,0.0,0.0,459.955,212.649,0.4888,0.225984,0.0,0,0.002406792,0.239106533,0.2232007964337498
PIGXUZ_clean,4.56718,3.56694,4.54309,1.41248,518.542,367.114,0.0,0.0,0.408,0.288854,0.0,0,0.004076102,0.331992503,0.3794247232574993
PIHWAG_clean,8.27361,7.69473,8.27361,1.26901,1392.1,1096.99,0.0,0.0,0.5476,0.431516,0.0,0,0.00276597,0.263493378,0.26007043569499905
PIHWOU_clean,4.6487,3.54073,4.5523,1.74456,1048.04,600.749,0.0,0.0,0.5644,0.32352,0.0,0,0.011543799,0.900252167,0.840593112567503
PIJDIX_clean,5.30724,3.52085,5.26545,1.71921,1128.44,656.369,0.0,0.0,0.5814,0.338178,0.0,1,0.005925329,0.48502931,0.5217205107324987
PIJJEZ_clean,14.75395,5.96588,14.75395,0.935418,1803.08,1927.56,0.0,0.0,0.656,0.70129,0.0,0,0.008239018,0.669386725,0.7122950085474984
PIJJOI_clean,6.12931,4.00789,6.08289,1.09199,859.144,786.767,2.75763,2.52532,0.5414,0.495791,0.0,0,0.005750927,0.510630176,0.5179547408362496
PIJROR_clean,8.28575,7.67913,8.28575,1.27602,1385.29,1085.63,0.0,0.0,0.5522,0.432752,0.0,0,0.002705931,0.263315891,0.2586856308224991
PIKBUH_clean,4.01814,2.84803,3.96196,1.97564,0.0,0.0,178.624,90.4136,0.3264,0.165213,0.0,1,0.000439184,0.037912996,0.042194322598750195
PIQFIG_clean,9.19593,7.79711,9.19593,0.691873,2332.15,3370.77,0.0,0.0,0.7756,1.12101,0.0,0,0.001528586,0.156516208,0.15530417356875056
PIQMOT_clean,6.47127,5.32823,6.30186,1.23035,1074.68,873.471,0.0,0.0,0.4866,0.395496,0.0,0,0.005095998,0.449194506,0.4593204654662481
PIQMUZ_clean,5.76653,4.2611,5.71921,1.16552,750.166,643.631,0.0,0.0,0.4826,0.414063,0.0,1,0.002956407,0.267472859,0.2760939949662488
PIRYOF_clean,4.12606,2.47899,4.12445,1.28091,0.0,0.0,163.532,127.669,0.4818,0.376139,0.0,0,0.006823023,0.600469764,0.5629790184212496
PITPEP_clean,11.41966,9.93708,11.41966,0.952882,1649.81,1731.39,0.565272,0.593223,0.622,0.652757,0.0,1,0.002462181,0.247493984,0.23261984811500003
PIWRAQ_clean,5.23847,2.90153,5.2383,1.79232,0.0,0.0,802.887,447.959,0.4986,0.278186,0.0,1,0.002688839,0.237993879,0.24131447375375017
PIWSEV_clean,8.52736,7.61097,8.52736,0.846818,2044.34,2414.14,0.0,0.0,0.6702,0.791433,0.0,1,0.003905085,0.376943294,0.38097225174374943
PIYZAZ_clean,7.00061,5.66568,7.00061,1.03548,2663.91,2572.62,0.0,0.0,0.7414,0.715993,0.0,0,0.001300018,0.128144294,0.12996438453000134
PIYZED01_clean,6.96517,5.63588,6.96517,1.04478,2626.41,2513.83,0.0,0.0,0.7254,0.694307,0.0,0,0.001400824,0.128953717,0.13967553808875077
PIYZED02_clean,6.95041,5.62583,6.95041,1.04842,2625.12,2503.87,0.0,0.0,0.7248,0.691323,0.0,0,0.001298395,0.130262211,0.12990687340750132
PIYZED03_clean,6.91935,5.60013,6.91935,1.05779,2618.81,2475.74,0.0,0.0,0.7212,0.681798,0.0,0,0.001304166,0.131779891,0.1301534705050013
PIYZED_clean,7.00442,5.67284,7.00442,1.03221,2628.22,2546.21,0.0,0.0,0.7278,0.705091,0.0,0,0.001246459,0.128349242,0.12934833449250127
PIZHEN_clean,4.08535,2.81479,3.91567,3.34285,0.0,0.0,152.591,45.647,0.422,0.12624,0.0,1,0.000148794,0.014659546,0.01604644694499995
PIZHOX_clean,6.00527,4.8111,5.6775,0.960875,2065.34,2149.44,0.0,0.0,0.6412,0.667309,0.0,1,0.003988705,0.385512531,0.3797816771275004
PIZNOB_clean_h,5.81424,4.85489,5.81424,1.50508,1940.53,1289.33,0.0,0.0,0.5884,0.390944,0.0,1,0.002070119,0.214167068,0.2054683439475007
PIZPAP_clean_h,5.02301,4.09369,4.55915,1.6437,1625.99,989.228,0.0,0.0,0.5662,0.344467,0.0,1,0.002381557,0.234201012,0.21870360286250054
PIZPET_clean_h,5.00612,4.07229,4.54032,1.30745,1650.65,1262.5,0.0,0.0,0.5638,0.431222,0.0,1,0.003637453,0.349205991,0.35638475859250063
PIZPIX02_clean,4.8742,3.92497,4.87073,1.75108,1636.83,934.755,0.0,0.0,0.5514,0.314892,0.0,1,0.002720052,0.25293713,0.25534343580374935
PIZPIX_clean_h,4.99576,3.97323,4.53163,1.71361,1574.79,918.993,0.0,0.0,0.5616,0.32773,0.0,1,0.002394477,0.234767275,0.22086540788625048
PIZPOD_clean_h,4.95479,3.97477,4.74982,1.78246,1546.28,867.502,0.0,0.0,0.5566,0.312266,0.0,1,0.002783637,0.263084144,0.26522925928374963
PIZQUM_clean,5.38703,4.44024,5.38703,1.21672,1189.38,977.523,0.0,0.0,0.5254,0.431815,0.0,1,0.006363304,0.537944962,0.5536289038737487
PIZRAT_clean,5.69309,4.64481,5.67801,1.18335,1207.09,1020.06,0.0,0.0,0.5368,0.453627,0.0,1,0.004758516,0.435661081,0.4289417966712509
PIZRUN_clean,5.3818,4.43333,5.37307,1.2127,1196.95,987.011,0.0,0.0,0.5248,0.432754,0.0,1,0.006251602,0.533996288,0.547713239573749
PIZSAU_clean,5.7096,4.51588,5.7096,1.18019,1218.01,1032.05,0.0,0.0,0.5404,0.457893,0.0,1,0.00453024,0.425562797,0.4269094423850007
POBMOJ01_clean,16.09028,3.85233,16.09028,1.0369,1784.32,1720.83,0.0,0.0,0.67,0.64616,0.0,1,0.004095336,0.394227692,0.4003202421474987
POBNEA_clean,12.6133,10.84896,12.6133,0.646582,1753.98,2712.69,2.26513,3.50323,0.7374,1.14046,0.0,1,0.00191223,0.182318395,0.1907008395087503
POBVIN_clean,9.76079,6.4479,9.73092,0.869183,2049.78,2358.28,0.0,0.0,0.696,0.800752,0.0,1,0.003622009,0.360120201,0.3547248201375016
POCPAZ_clean,6.39676,5.12111,6.38825,0.921688,1695.17,1839.2,6.74347,7.31643,0.6078,0.659442,0.0,1,0.00412901,0.375828315,0.40003984929999964
PODKOK_clean,18.51885,8.56409,12.59731,0.489414,2180.69,4455.72,0.0,0.0,0.8128,1.66076,0.0,1,0.003605115,0.360811925,0.3599419786650017
PODKUQ_clean,22.31857,8.92625,14.18285,0.425765,2028.03,4763.26,0.0,0.0,0.8332,1.95695,0.0,1,0.003870352,0.377368529,0.37730188394249914
PODVIP_clean,4.42056,3.62761,4.42056,2.28386,243.746,106.725,0.0,0.0,0.3946,0.172778,0.0,1,0.001509166,0.124026576,0.1412263641599999
PODVUB_clean,4.5439,3.06862,4.52301,2.27214,0.0,0.0,256.937,113.082,0.3852,0.169532,0.0,1,0.002134748,0.178520565,0.1952242057675003
PODXEN_clean,5.34783,4.01094,5.34783,1.28087,710.366,554.597,0.0,0.0,0.4518,0.352729,0.0,1,0.003324593,0.285809148,0.3180949213487503
POFGUO_clean,5.1465,3.74676,5.14199,0.93374,1597.91,1711.3,0.0,0.0,0.5678,0.608092,0.0,0,0.00737779,0.670714245,0.6716974023987504
POFSIN01_clean,6.99195,5.64457,6.99195,1.04057,2621.47,2519.27,0.0,0.0,0.7274,0.699041,0.0,0,0.001289739,0.129960695,0.1299713912087513
POFSIN02_clean,6.98557,5.64932,6.97231,1.04143,2630.55,2525.91,0.0,0.0,0.7252,0.69635,0.0,0,0.001307051,0.129842397,0.1301847201987513
POFSIN04_clean,6.97392,5.62462,6.97392,1.04699,2616.52,2499.1,0.0,0.0,0.7262,0.69361,0.0,0,0.001291182,0.130868129,0.1299713912087513
POFSIN_clean,6.96628,5.64795,6.96628,1.04283,2632.71,2524.58,0.0,0.0,0.7246,0.694838,0.0,0,0.001328691,0.131889533,0.13038089405500128
POHCOG_clean,6.03433,4.98914,5.98921,1.54389,1290.39,835.809,0.0,0.0,0.5212,0.33759,0.0,1,0.002792972,0.264138785,0.2647217863712473
POHLOP_clean,4.01562,2.88489,3.90861,1.79796,0.0,0.0,382.778,212.895,0.4742,0.263743,0.0,1,0.002268087,0.219135612,0.2182913875187507
POHLUV_clean,3.97953,2.87417,3.95488,1.85031,0.0,0.0,370.645,200.315,0.4316,0.233259,0.0,1,0.002250238,0.208282701,0.21355680937250068
POHMAC_clean,4.00725,2.89849,3.88651,1.82892,0.0,0.0,380.101,207.828,0.4682,0.255998,0.0,1,0.002265457,0.216471792,0.21792637551500063
POHWIU_clean,15.94965,10.39364,15.94872,0.460887,1949.35,4229.57,0.0,0.0,0.8104,1.75835,0.0,1,0.003177222,0.326971591,0.3081166719950009
POJTUE_clean,2.98206,2.71894,2.98206,1.58829,0.0,0.0,0.0,0.0,0.425,0.267584,0.0,0,3.97e-06,0.000443667,0.0004310451175000007
POKGEC_clean,4.44927,3.87743,4.29992,1.20216,336.435,279.858,237.315,197.407,0.504,0.419245,0.0,1,0.002131929,0.199948281,0.20135278183125088
POKSAL_clean,5.16886,3.80347,5.16886,2.04384,546.746,267.509,0.0,0.0,0.4218,0.206376,0.0,1,0.001458739,0.134048068,0.13302471761749982
POKSEP_clean,5.24976,3.94365,5.24501,1.70126,572.314,336.407,0.0,0.0,0.4264,0.250638,0.0,1,0.001327669,0.130658977,0.12024070028250061
POKSIT_clean,5.21903,3.84136,5.20793,2.02039,562.699,278.51,0.0,0.0,0.4168,0.206297,0.0,1,0.001110298,0.105605004,0.10918305615750047
POKSOZ_clean,5.23291,4.00143,5.18374,1.95789,573.341,292.837,0.0,0.0,0.4166,0.21278,0.0,1,0.001078958,0.102601426,0.10514934994625053
POKSUF_clean,3.99213,3.01057,3.99185,2.03856,0.0,0.0,204.745,100.436,0.37,0.181501,0.0,1,0.000648103,0.061089327,0.06390699851250001
POKTAM_clean,4.02027,2.97364,4.00657,1.96699,0.0,0.0,216.454,110.044,0.3824,0.194409,0.0,1,0.000658594,0.061697397,0.06410105659750004
POKTIU_clean,5.25513,3.88718,5.24992,2.03578,584.018,286.877,0.0,0.0,0.4004,0.196682,0.0,1,0.00115431,0.106210416,0.10920015024750042
POKTOA_clean,4.03898,2.9855,4.00238,1.93222,0.0,0.0,228.532,118.274,0.3822,0.197803,0.0,1,0.000630559,0.061624873,0.06078058896374973
POKTUG_clean,4.00604,3.07895,4.00604,2.12797,0.0,0.0,268.425,126.141,0.3582,0.168329,0.0,0,0.000587845,0.057029814,0.05943528614374949
POKVAO_clean,5.22916,3.84535,5.22916,1.97617,548.634,277.625,0.0,0.0,0.4172,0.211116,0.0,1,0.001228717,0.108118277,0.11812262813750057
POKVES_clean,3.98493,3.00906,3.98493,2.05587,0.0,0.0,198.119,96.3678,0.3688,0.179389,0.0,1,0.000604099,0.061937091,0.06017461454124962
POKVIW_clean,4.98572,2.78493,4.62911,2.07779,0.0,0.0,351.112,168.984,0.393,0.189144,0.0,1,0.000990022,0.094211445,0.09589519451375011
POKVOC_clean,4.95633,2.87904,4.95047,2.04103,0.0,0.0,365.069,178.865,0.402,0.196959,0.0,1,0.00096577,0.093423358,0.08895645357624972
POKVUI_clean,4.03047,2.98599,4.0072,1.9449,0.0,0.0,225.384,115.885,0.3806,0.195691,0.0,1,0.000629045,0.060125417,0.06072065315374974
POLBAT_clean,4.56307,2.807,4.55215,2.50493,0.0,0.0,554.41,221.328,0.4158,0.165993,0.0,0,0.160769926,1.874701912,1.8852611611212566
POLBEX_clean,8.55331,7.31354,8.46863,1.98623,1149.15,578.559,46.9518,23.6386,0.5414,0.272577,0.0,1,0.039771448,1.423851097,1.9959306061025015
POLBIB_clean,4.50015,3.80804,4.49155,1.64999,1209.33,732.928,0.0,0.0,0.534,0.323637,0.0,1,0.003025499,0.290065708,0.28231385639999984
POLBOH_clean,4.29177,3.07519,4.29174,1.60977,0.0,0.0,552.062,342.945,0.5444,0.338186,0.0,1,0.001654476,0.157666022,0.16066996971624994
POLDOK_clean,5.06326,4.95206,5.06326,1.44271,500.914,347.204,76.3428,52.9162,0.4724,0.327439,0.0,1,0.00357963,0.31279617,0.326176746538748
POLDUQ_clean,5.0902,4.98067,5.0902,1.44184,520.517,361.01,59.0453,40.9514,0.471,0.326666,0.0,1,0.003370131,0.284514617,0.31813642288124955
POLNAG_clean,4.3281,3.57802,4.3281,1.44142,721.593,500.611,0.441141,0.306046,0.4992,0.346324,0.0,1,0.002333218,0.22246263,0.22027790187875046
POLYEW_clean,5.14291,3.60228,5.14291,1.21883,774.169,635.173,0.0,0.0,0.4678,0.38381,0.0,1,0.00895034,0.672571401,0.7524759067662501
POMMAH_clean,14.83525,11.96507,14.83525,1.26278,1468.55,1162.95,199.616,158.076,0.7018,0.555756,0.00015838,1,0.003543247,0.307925674,0.33901145986250003
POMSER_clean,7.01968,3.83495,7.01968,1.10319,1326.02,1201.98,0.0,0.0,0.5236,0.474622,0.0,1,0.004395686,0.403197508,0.4213610443675004
POMSOB_clean,5.67937,4.56222,5.67937,1.11643,1180.95,1057.79,0.0,0.0,0.5376,0.481534,0.0,1,0.004559497,0.421346505,0.4266165919750006
PONPOX_clean,4.5617,3.77666,4.56065,2.3716,853.999,360.095,0.0,0.0,0.4606,0.194215,0.0,0,0.064034283,2.114261935,2.352886766282498
PONSOC_clean,7.4772,6.20805,7.45867,0.784087,1906.95,2432.06,0.0,0.0,0.6546,0.834856,0.0,1,0.003985208,0.380078452,0.3814004722099992
POQKAI_clean,3.6073,2.68378,3.6073,2.51254,0.0,0.0,60.5773,24.11,0.4162,0.165649,0.0,0,0.0109897,0.757896235,0.7575841187937539
POQQES_clean,5.18137,2.55499,5.18137,1.94527,0.0,0.0,677.014,348.03,0.4478,0.230199,0.0,1,0.017903083,1.018450599,0.9884675648699971
PORGAE_clean,5.87412,3.87625,5.87412,2.28472,891.425,390.167,0.0,0.0,0.4496,0.196785,0.0,0,0.018430407,0.968928365,1.0575957963887486
PORLAL_clean,9.41867,8.86897,9.41275,1.10001,1269.94,1154.48,0.0,0.0,0.5682,0.516538,0.0,1,0.001735451,0.17475054,0.17700678937374995
PORLEP_clean,7.93943,4.67024,7.92199,1.76214,638.871,362.555,235.766,133.795,0.4966,0.281817,0.0,1,0.001883434,0.169131718,0.17111644940624934
PORVID_clean,7.37109,6.82741,7.37109,1.40599,1511.82,1075.27,0.0,0.0,0.5614,0.399292,0.0,1,0.003484396,0.340940569,0.33059386475250035
PORVUO_clean,4.67797,3.97904,4.67797,1.06036,1507.72,1421.89,0.0,0.0,0.5284,0.498321,0.0,0,0.010054489,0.879550011,0.839161156569999
POSFIO_clean,6.80619,3.42889,6.79194,1.15852,1000.28,863.415,0.0,0.0,0.5272,0.455065,0.0,1,0.004435664,0.398294741,0.4223660398962494
POSFOU_clean,4.73608,3.35906,4.73077,1.31618,562.105,427.072,0.0,0.0,0.5096,0.38718,0.0,1,0.002986003,0.264862585,0.2779333477049998
POSGAH_clean,6.19197,4.53531,6.16887,1.09324,1845.26,1687.87,0.0,0.0,0.5814,0.531812,0.0,0,0.00575872,0.551465353,0.5368481307474994
POSGEL_clean,4.66008,2.93509,4.66008,1.39498,0.0,0.0,373.044,267.419,0.4768,0.341797,0.0,0,0.003947002,0.320298661,0.34705596628749896
POTNET_clean,4.90891,3.62196,4.89268,1.35117,1395.4,1032.74,0.298007,0.220556,0.5558,0.411349,0.0,1,0.004618183,0.414954177,0.42046910609125016
POTREX_clean,14.70007,10.79864,14.70007,0.483438,2025.11,4188.97,0.0,0.0,0.7802,1.61386,0.0,1,0.003733909,0.369384987,0.37069527875874964
POVXII_clean,4.522,2.81232,4.46146,1.57551,0.0,0.0,327.166,207.657,0.4076,0.25871,0.0,0,0.00102333,0.102816227,0.10089666032625048
POVZOR_clean,4.34256,2.5631,3.88058,3.6469,0.0,0.0,298.48,81.8448,0.4088,0.112095,0.0,1,0.000435338,0.037429447,0.0415430245125
POVZUX_clean,4.32954,2.6263,3.90024,3.64122,0.0,0.0,307.357,84.4105,0.408,0.11205,0.0,1,0.000414988,0.040815255,0.04101266326250004
POWBEK_clean,4.32659,2.63192,3.87894,3.57839,0.0,0.0,295.137,82.4777,0.4096,0.114465,0.0,1,0.000455868,0.042517696,0.04415266990375
POWBIO_clean,4.33651,2.60201,3.89904,3.66064,0.0,0.0,298.369,81.5072,0.396,0.108178,0.0,1,0.000428904,0.0412914,0.041538414187500046
POXHIU_clean,3.69182,3.28243,3.69182,2.32077,0.0,0.0,87.5383,37.7196,0.3524,0.151846,0.0,1,0.000872904,0.079811938,0.08622496557124944
POXHUG_clean,3.71237,3.33062,3.70654,2.23161,50.2961,22.5381,54.4654,24.4064,0.3578,0.160333,0.0,1,0.000942163,0.084849467,0.09040220087624927
POYPAW_clean,7.97392,4.92371,7.96142,0.954107,1622.71,1700.76,0.0,0.0,0.5818,0.609785,0.0,0,0.0077232,0.683613862,0.6873411253537488
PRIMIN_clean,6.53424,3.39148,6.51827,1.54942,1163.07,750.653,0.0,0.0,0.5456,0.352133,0.0,1,0.001711759,0.156438922,0.1658221854550007
PUDSIR01_clean,6.99715,5.84689,6.98056,1.03177,2165.84,2099.14,0.0,0.0,0.6538,0.633665,0.0,1,0.004026576,0.392374325,0.4015469869737476
PUDSIR_clean,6.84685,5.37896,6.83632,1.0569,2169.92,2053.1,0.0,0.0,0.647,0.61217,0.0,1,0.004302758,0.40118375,0.4290894588487491
PUDSOX_clean,7.03254,5.77219,7.03254,1.04422,2164.07,2072.42,0.0,0.0,0.654,0.626304,0.0,1,0.003794682,0.388416244,0.36932257929249934
PUDSUD_clean,7.08521,6.02588,7.08155,0.996555,2169.83,2177.33,0.0,0.0,0.6624,0.66469,0.0,1,0.004201528,0.386608563,0.40709385983499813
PUFNUB_clean,4.95108,3.29964,4.95034,1.53377,0.0,0.0,393.158,256.335,0.3948,0.257405,0.0,0,0.006912222,0.534999407,0.5335030016787506
PUFRIR_clean,5.81593,4.39318,5.8122,0.99503,2005.1,2015.11,0.0,0.0,0.6314,0.634554,0.0,1,0.003126309,0.311576907,0.29798166547750077
PUFXIZ_clean,4.99812,2.62764,4.99812,1.37474,0.0,0.0,756.157,550.036,0.5084,0.369815,0.0,1,0.006297633,0.513274649,0.5282666219137501
PUFXUL_clean,4.50657,3.0834,4.38751,1.24643,0.0,0.0,500.349,401.426,0.512,0.410774,0.0,1,0.006425287,0.552771104,0.5459848334499998
PUGFOO_clean,5.53782,2.93974,5.53782,1.24874,0.0,0.0,867.644,694.817,0.4948,0.39624,0.0,1,0.010740402,0.853088401,0.8516708690862529
PUGGOP_clean,8.14998,6.76772,8.12163,0.920168,2113.5,2296.86,0.0,0.0,0.6298,0.68444,0.0,1,0.007094501,0.579226234,0.6366242552187514
PUGHAC_clean,5.49626,2.91318,5.43273,1.24413,0.0,0.0,858.166,689.775,0.4944,0.397388,0.0,1,0.009959561,0.804169629,0.8224861537112527
PUGHIK_clean,5.58453,2.94571,4.54434,1.24413,0.0,0.0,889.639,715.072,0.4992,0.401246,0.0,1,0.011094855,0.872620765,0.8572142096537536
PUGHUW_clean,4.59881,3.19101,4.38746,1.29152,0.0,0.0,680.912,527.217,0.4696,0.363602,0.0,1,0.011261766,0.846554301,0.829738828556252
PUGJEI_clean,5.57469,3.0166,4.38527,1.24413,0.0,0.0,871.625,700.592,0.5014,0.403014,0.0,1,0.010955662,0.84016846,0.8496601918337536
PUGPEO_clean,9.53093,8.66388,9.24995,1.0567,1899.67,1797.75,0.0,0.0,0.6656,0.629888,0.0,1,0.003342177,0.310935046,0.3335037226587504
PUGSER_clean,9.40538,8.82837,9.39896,0.800645,2377.49,2969.47,0.0,0.0,0.7256,0.906269,0.0,1,0.00367021,0.35736223,0.36067239913750093
PUGSOB_clean,9.50607,8.86576,9.50607,0.864037,2169.58,2510.98,0.0,0.0,0.6944,0.803669,0.0,1,0.005183914,0.472708301,0.4711307964274994
PUGSUH_clean,9.30915,8.71365,9.30507,0.821567,2358.23,2870.4,0.0,0.0,0.708,0.861767,0.0,1,0.004074027,0.402307963,0.40743298157624713
PUJJEL_clean,9.07645,8.51256,9.07645,1.13917,1399.12,1228.2,0.0,0.0,0.572,0.502121,0.0,0,0.002304888,0.21960834,0.2216820392187498
PUJQEQ_clean,7.62791,6.18953,7.62791,0.66886,2115.6,3163.0,0.0,0.0,0.6814,1.01875,0.0,1,0.00339791,0.331212141,0.33659130254250025
PUKSUL_clean,6.59798,4.14111,6.57182,1.5702,2804.07,1785.8,0.0,0.0,0.6962,0.443383,0.0,1,0.000749047,0.073923917,0.07242048939375008
PUKVAU_clean,6.34308,4.86227,6.34308,1.0986,1347.83,1226.86,0.0,0.0,0.5706,0.519389,0.0,1,0.002122102,0.204379736,0.20690527188250019
PULDOQ_clean,4.36629,2.48463,4.34126,3.35219,0.0,0.0,194.568,58.0419,0.4262,0.127141,0.0,1,0.00011871,0.012034242,0.011723306106250053
PULHOT_clean,5.02589,2.8012,5.01307,1.81033,0.0,0.0,869.819,480.476,0.5112,0.28238,0.0,0,0.014201328,0.954019809,0.9025692378787474
PULMIU_clean,7.09135,4.01215,7.09135,1.0722,1770.87,1651.63,0.0,0.0,0.6158,0.574336,0.0,1,0.005176931,0.478045119,0.4759826812650016
PUMDIM_clean,7.80071,4.22996,5.62381,1.22507,393.72,321.387,874.299,713.674,0.564,0.460383,0.0,1,0.006323791,0.567770316,0.5416281472687503
PUMGIP01_clean,5.45506,3.48614,5.2674,1.17898,397.642,337.276,548.508,465.24,0.493,0.418158,0.0,1,0.005737605,0.488445458,0.4984984322349988
PUMNIV_clean,5.71977,3.98662,5.71104,1.66821,1567.24,939.473,0.0,0.0,0.6384,0.382685,0.0,1,0.001637454,0.15605241,0.1597973138237505
PUMNOB_clean,5.46311,3.57221,5.46311,1.50782,1496.51,992.504,0.0,0.0,0.6142,0.407344,0.0,1,0.001486063,0.145563757,0.1520150129412499
PUMZAZ_clean,4.67286,2.50368,4.4625,2.0734,0.0,0.0,294.26,141.922,0.4596,0.221665,0.0,1,0.000417923,0.042146455,0.041570874951250184
PUNCIL_clean,4.82248,2.76984,4.36575,1.26608,0.0,0.0,624.21,493.025,0.4982,0.393498,0.0,1,0.006390406,0.533498303,0.5382954845350003
PUNSIB_clean,5.01625,3.57988,5.00209,1.32619,942.101,710.383,0.0,0.0,0.5344,0.402959,0.0,0,0.002092864,0.201821154,0.20360023315375064
PUPHUE_clean,7.11215,6.70655,7.11215,0.937093,954.53,1018.61,0.0,0.0,0.5324,0.56814,0.0,1,0.003325926,0.301804484,0.32036627711875115
PUPNAQ_clean,3.58947,2.69874,3.57729,1.43868,0.0,0.0,28.5625,19.8532,0.3892,0.270525,0.0,0,0.000511275,0.048112623,0.05175342869874961
PUPXII01_clean,3.82607,3.19147,3.81562,1.47931,0.0,0.0,175.848,118.871,0.418,0.282564,0.0,1,0.000633514,0.066872085,0.06335914302124986
PUPXII_clean,3.89064,2.97043,3.89064,1.45541,0.0,0.0,162.553,111.688,0.422,0.289952,0.0,1,0.00061713,0.064909649,0.06229575691249992
PUPYAA_clean,3.97311,3.16979,3.8941,2.0967,0.0,0.0,499.749,238.351,0.455,0.217008,0.0,0,0.007376359,0.637056845,0.5822074264937471
PUQDOW_clean,5.15222,4.10448,5.15222,1.41779,682.397,481.312,0.0,0.0,0.4322,0.304841,0.0,0,0.00340876,0.295025492,0.3185063274774996
PUQHEP_clean,4.23931,2.86998,4.23931,1.4551,0.0,0.0,447.524,307.555,0.4094,0.281355,0.0,0,0.000972306,0.092071653,0.0898224959937494
PUQHIT_SL,4.11931,2.80454,4.11931,1.49316,0.0,0.0,395.833,265.098,0.431,0.28865,0.0,0,0.000785224,0.082885974,0.07205652651999983
PUQXUV_clean,5.37589,5.08075,5.29758,1.50363,233.241,155.118,324.657,215.915,0.4578,0.304462,0.0,1,0.009577816,0.539446259,0.7302548053112496
PUQYAC_clean,5.36415,5.07421,5.36415,1.50028,235.559,157.01,320.725,213.777,0.4614,0.307543,0.0,1,0.009617823,0.538462072,0.7314465178487497
PURJES_clean,6.1741,5.21501,6.1741,1.07844,1412.21,1309.49,0.0,0.0,0.5678,0.526503,0.0,1,0.009906661,0.83034564,0.8457555041024962
PURJIW_clean,8.03037,6.16762,8.02661,0.894418,1849.84,2068.21,0.0,0.0,0.6498,0.726506,0.0,1,0.004161874,0.388557848,0.40485034964499733
PURNEX_clean,5.09479,3.51841,5.0825,3.89183,1036.85,266.417,0.0,0.0,0.4494,0.115473,0.0,1,0.000511184,0.049517949,0.05238694322124966
PURNIB_clean,4.73361,3.41508,4.65301,3.6233,403.306,111.309,0.0,0.0,0.3372,0.0930644,5.52e-05,1,0.000454118,0.04233066,0.04301587736124996
PURRIE_clean,4.99199,2.94614,4.97757,1.35446,0.0,0.0,208.739,154.113,0.3844,0.283804,0.0,1,0.003581196,0.248830243,0.3258385901874977
PURSOK_clean,4.44828,3.48673,4.44828,1.3532,940.252,694.837,0.0,0.0,0.521,0.385014,0.0,1,0.004237837,0.394542419,0.3821228079825002
PUSRUR_clean,5.04529,3.12069,5.04149,2.23299,0.0,0.0,552.213,247.297,0.4624,0.207077,0.0,1,0.000661286,0.064404871,0.06623383772375002
PUTYEI_clean,6.07481,4.74641,6.03797,1.15301,1967.9,1706.74,0.0,0.0,0.6112,0.530089,0.0,0,0.005559074,0.517872833,0.5150553690212493
PUVJOG_clean,5.99071,5.7142,5.99071,1.16612,1343.68,1152.27,0.0,0.0,0.5688,0.487772,0.0,0,0.003208172,0.295032548,0.30552372290875274
PUWCOZ_clean,4.22554,3.14505,4.18276,1.36589,0.0,0.0,639.964,468.533,0.5142,0.376458,0.0,1,0.003756776,0.353223073,0.3426058646512488
PUWDAM_clean,9.00542,5.91155,9.00542,0.805702,2374.94,2947.67,0.0,0.0,0.7118,0.883453,0.0,0,0.007728922,0.692751161,0.6822370099875009
PUWDIU_clean,8.22754,6.95777,8.22754,1.0931,2055.27,1880.23,0.0,0.0,0.6384,0.584028,0.0,1,0.00418897,0.392478628,0.40419569687874846
PUWDOA_clean,10.50578,8.82117,10.50578,0.768678,1898.43,2469.74,0.0,0.0,0.689,0.896344,0.0,1,0.004930638,0.464954588,0.4397166723499999
PUWVAG_clean,4.80954,3.64569,4.72725,1.26832,891.081,702.566,0.0,0.0,0.4874,0.384287,0.0,1,0.010856138,0.853305151,0.8336033682162541
PUWXAH_clean,4.52797,3.58309,4.52797,1.5745,738.046,468.749,0.0,0.0,0.4104,0.260654,0.0,0,0.001793864,0.172035927,0.16794005847499924
PUWYAI_clean,3.94407,2.70576,3.76015,1.53108,0.0,0.0,95.6349,62.4623,0.4062,0.265302,0.0,1,0.000898941,0.08964111,0.0881627421174996
PUYHOI_clean,8.13748,6.87673,8.13748,1.50852,1009.54,669.222,0.0,0.0,0.5634,0.373478,0.0,1,0.00063165,0.068050997,0.06332757573625024
PUYZUF_clean,5.69776,3.92558,5.6607,1.26995,1498.86,1180.25,0.0,0.0,0.59,0.464585,0.0,0,0.006588343,0.56458141,0.6111551645912502
PUZJOL_clean,4.83061,4.03981,4.83061,1.24259,1148.92,924.616,0.0,0.0,0.519,0.417676,0.0,0,0.008540554,0.737264816,0.7118004967087476
PUZKOM_clean,5.73239,3.68789,5.71092,1.28608,1004.7,781.21,0.0,0.0,0.5098,0.396397,0.0,1,0.007402324,0.601686409,0.6448462592737502
PUZKUS_clean,5.50979,4.91819,5.49321,1.14051,1329.3,1165.53,0.0,0.0,0.5506,0.482765,0.0,1,0.008224863,0.701907954,0.6993998151512484
PUZLAZ_clean,6.70975,6.33216,6.70975,1.05033,2275.23,2166.2,0.0,0.0,0.6682,0.636179,0.0,0,0.006637685,0.615560593,0.6098935953987504
PUZLUS_clean,15.09144,8.39804,15.08737,0.46153,2323.48,5034.3,0.0,0.0,0.8014,1.7364,0.0,0,0.003798374,0.36947774,0.3703210478212497
PUZMAZ_manual,16.4214,9.23775,16.40927,0.447552,2179.79,4870.46,0.0,0.0,0.7972,1.78124,0.0,0,0.003484925,0.345961982,0.34936394852000063
PUZTOV_clean,7.33778,6.60028,7.33778,1.18441,1668.47,1408.69,0.0,0.0,0.6108,0.5157,0.0,1,0.004012159,0.384200639,0.39313063942625
PYDCUT_clean,5.31645,4.73242,5.31645,1.56466,1273.49,813.911,0.0,0.0,0.5466,0.349342,0.0,0,0.003828594,0.356281995,0.35099414131499956
QABKIQ_clean,4.42544,3.2199,4.41887,0.950962,0.0,0.0,952.778,1001.91,0.6176,0.649448,0.0,0,0.002614031,0.26633413,0.2494103554750002
QACRES_clean,4.20061,2.43417,4.19964,2.51339,0.0,0.0,513.123,204.156,0.436,0.173471,0.0,0,0.065897793,1.531274809,1.7959516892287541
QADBII_clean,4.90485,4.23271,4.90165,1.42586,539.675,378.491,0.0,0.0,0.4884,0.34253,0.0,0,0.00376216,0.31842084,0.3435570732399978
QADKAH_clean,4.77033,3.53305,4.75355,1.52919,937.023,612.757,0.0,0.0,0.5082,0.332332,0.0,1,0.004027001,0.372646645,0.3783696317237491
QADVUN_clean,3.777,2.91711,3.76909,2.40911,0.0,0.0,119.573,49.6338,0.4546,0.1887,0.0,1,0.001934821,0.182140093,0.18478617567999941
QADWEA_clean,4.644,4.03482,4.644,1.80951,763.808,422.108,0.0,0.0,0.4542,0.251007,0.0,0,0.005114875,0.435711748,0.4484133256862486
QADWEY_clean,5.10125,3.39709,4.70821,1.83379,898.197,489.805,0.0,0.0,0.5456,0.297527,0.0,0,0.014164433,1.093380886,0.935423024978751
QADWIE_clean,4.58512,3.92708,4.57664,1.84741,722.607,391.146,0.0,0.0,0.4522,0.244775,0.0,0,0.005073297,0.431662937,0.4490042103224986
QADWOK_clean,4.58729,3.99418,4.55638,1.86546,733.177,393.026,0.0,0.0,0.4474,0.239833,0.0,0,0.005250126,0.437602543,0.4472606933499985
QADWUQ_clean,4.54229,3.95239,4.49763,1.89145,716.655,378.892,0.0,0.0,0.4464,0.236009,0.0,0,0.004889109,0.43027011,0.4257827248312497
QAGDIO_clean,12.81046,10.08472,12.79582,0.728225,1959.77,2691.16,0.0,0.0,0.7164,0.983763,0.0,1,0.003686192,0.369851424,0.36236872724875113
QAGQEW_clean,16.48295,9.14033,16.48295,0.959417,1239.84,1292.29,398.029,414.866,0.701,0.730652,0.0,1,0.00469905,0.431712283,0.42440608403624913
QAGTOH_clean,4.99286,4.09874,4.71178,1.12214,865.652,771.429,0.0,0.0,0.4996,0.44522,0.0,0,0.006110615,0.519890641,0.5536330531462481
QAHMUJ_clean,3.54119,3.22591,3.52141,2.39047,0.0,0.0,279.023,116.723,0.4056,0.169674,0.0,1,0.003232673,0.285971733,0.30162599033625004
QAJJOB01_clean,5.38986,2.70044,5.35071,2.55901,0.0,0.0,869.841,339.913,0.4802,0.187651,0.0,1,0.040896123,1.434058474,1.3949988175074928
QAJJOB_clean,5.4172,2.71161,4.91153,2.53284,0.0,0.0,892.976,352.559,0.5096,0.201197,0.0,1,0.037931202,1.394465492,1.5288654005424962
QAJJUH_clean,5.38025,2.87226,4.98648,2.55792,0.0,0.0,839.543,328.213,0.4872,0.190467,0.0,1,0.040163008,1.419284932,1.4223760279812458
QAJMUM_clean,3.72002,2.56286,3.71227,3.27557,0.0,0.0,47.3589,14.4582,0.3828,0.116865,6.11e-05,1,0.000222573,0.022960742,0.021462240585000045
QAKFIU_clean,4.13083,3.23981,4.1125,1.40052,0.0,0.0,329.572,235.322,0.4314,0.308029,0.0,1,0.003172112,0.280873052,0.2929775116025003
QALGUH_SL,7.81866,7.32218,7.81866,0.998911,1796.0,1797.96,0.0,0.0,0.6356,0.636293,0.0,0,0.003699832,0.36244408,0.36137545648625086
QALHAO_clean,7.68357,4.14824,7.68357,1.41986,1680.89,1183.84,0.0,0.0,0.6244,0.439761,0.0,1,0.002187337,0.201410185,0.21299891107375038
QALHES_clean,7.67318,4.16213,7.67318,1.424,1678.65,1178.83,0.0,0.0,0.625,0.438904,0.0,1,0.002149699,0.207367096,0.2090654765450007
QALHIX_clean,10.92504,5.92348,10.86207,0.740473,2226.36,3006.67,0.00873198,0.0117924,0.7394,0.998552,0.0,1,0.003445237,0.343074534,0.3438748236512501
QALNEW_clean,3.78403,2.74105,3.77784,2.0029,0.0,0.0,190.282,95.0031,0.5092,0.254231,0.0,1,0.000501484,0.049974029,0.05150363971999978
QALNIA_clean,3.89192,2.83449,3.88804,1.54295,0.0,0.0,282.247,182.927,0.5164,0.334684,0.0,1,0.001534843,0.14980107,0.14988867044874993
QALWUV_clean,7.07527,5.39947,6.79315,0.842522,2364.13,2806.02,0.0,0.0,0.7084,0.840809,0.0,0,0.001607161,0.155552888,0.16016294286375132
QAMVEH01_clean,5.82556,4.59087,5.81673,0.990751,1901.06,1918.81,0.0,0.0,0.6228,0.628614,0.0,1,0.006445246,0.607031398,0.5829749595074973
QANSUV_clean,6.55458,2.45482,6.54804,1.51592,0.0,0.0,921.117,607.627,0.502,0.331151,0.0,1,0.011117185,0.666660901,0.8367550170512525
QAPPUT_clean,4.5669,2.41753,4.5669,1.44355,0.0,0.0,610.639,423.011,0.49,0.33944,0.0,1,0.003976662,0.359699351,0.3477290166849994
QAPQEE_clean,4.84641,3.70884,4.84641,1.26705,1206.55,952.253,0.0,0.0,0.5406,0.426661,0.0,1,0.003329351,0.310476115,0.3230873710450011
QAQHOG_clean,4.07536,3.5864,4.07536,2.36311,463.12,195.979,0.0,0.0,0.3764,0.159282,0.0,1,0.009038787,0.590135958,0.6933715937100002
QAQMON_clean,13.97996,12.87565,13.97503,0.607595,2338.25,3848.36,0.0,0.0,0.7644,1.25807,0.0,1,0.00405855,0.408298431,0.4087999773212476
QAQNOO_clean,9.00524,7.79992,9.00524,0.836247,1935.23,2314.19,0.0,0.0,0.674,0.805982,0.0,1,0.002057047,0.207953292,0.2026593480887504
QAQRUW_clean,6.65732,4.64818,6.52021,0.851853,2010.6,2360.27,0.0,0.0,0.621,0.728999,0.0,1,0.005767646,0.547631332,0.5371436147074984
QAQSAD_clean,5.24683,3.85843,5.23776,1.22144,1138.43,932.039,0.0,0.0,0.537,0.439646,0.0,1,0.004757971,0.420465561,0.42715547170250007
QARCET_clean,5.6311,3.58556,5.5035,1.43101,772.342,539.717,0.0,0.0,0.4414,0.308453,0.0,0,0.004947458,0.414183849,0.4372644594612499
QARTAG_clean,4.89851,3.02862,4.89691,1.58683,0.0,0.0,223.917,141.11,0.3876,0.244261,0.0,1,0.000940262,0.0853145,0.08763880176374989
QARTEK_clean,4.66531,2.87899,4.65441,1.51683,0.0,0.0,346.074,228.157,0.449,0.296013,0.0,0,0.001244783,0.115033248,0.1193004975500002
QASSUZ_clean,8.20384,7.94678,8.20384,1.22317,850.148,695.037,0.0,0.0,0.3894,0.318353,0.0,1,0.000227096,0.024713855,0.021325187450000047
QASTUC_clean,5.31945,2.41936,5.11717,1.12599,0.0,0.0,910.521,808.641,0.5052,0.448672,0.0,0,0.005820854,0.497789546,0.5120381746724999
QATDEU_clean,4.76499,2.42862,4.73142,1.11655,0.0,0.0,753.544,674.887,0.4974,0.44548,0.0,0,0.010709152,0.822329671,0.8527571560962524
QATHOK_clean,9.29834,6.48945,9.29621,1.21668,1222.78,1005.01,0.0,0.0,0.5554,0.456489,0.0,0,0.001833388,0.176322319,0.17572575114875033
QATKOO_clean,5.44759,3.80722,5.43097,1.23164,1414.07,1148.12,0.0581087,0.0471799,0.5662,0.459712,0.0,0,0.007555179,0.652599921,0.6707979705625009
QATLEE_clean,5.57595,4.31452,5.57595,1.46536,813.962,555.469,0.0,0.0,0.467,0.318693,0.0,1,0.011098407,0.759760046,0.8106518814287519
QATPOR_clean,4.01523,3.48616,4.00077,2.44828,405.938,165.805,0.0,0.0,0.3718,0.151862,0.0,1,0.009122871,0.585732316,0.6972620716187506
QATRAG_clean,4.21344,3.21676,4.21344,2.09858,0.0,0.0,421.339,200.774,0.4292,0.20452,0.0,1,0.001379079,0.123685316,0.12977089380124995
QATVUE_clean,6.38161,3.71559,6.38161,1.03389,1164.63,1126.45,0.0,0.0,0.5572,0.538935,0.0,0,0.01221201,1.017335388,0.9755265597237508
QATXIU_clean,7.14794,6.36836,7.14653,1.22477,1332.85,1088.25,75.8051,61.8933,0.5956,0.486296,0.0,0,0.002236308,0.225851503,0.21883299568124964
QAVBUL_clean,12.14778,9.97355,12.14778,1.03126,1437.46,1393.89,0.0,0.0,0.626,0.607023,0.0,1,0.001890549,0.184981652,0.18285595051624856
QAVDEW_clean,3.85858,2.94555,3.83538,1.58066,0.0,0.0,436.874,276.387,0.5158,0.326318,0.0,1,0.001431304,0.139497057,0.13555032956499946
QAVPIO_clean,5.30738,4.3707,5.28519,1.74559,1115.19,638.858,0.0,0.0,0.453,0.25951,0.0,0,0.003344823,0.309721986,0.3158158409974999
QAVWAN_clean,6.3577,4.74176,6.3577,1.14455,1283.39,1121.31,0.0,0.0,0.5318,0.464638,0.0,1,0.006538998,0.579093619,0.6041093123874983
QAVYUJ_clean,3.50302,2.63434,3.50302,1.82611,0.0,0.0,30.2388,16.5591,0.42,0.229997,0.0,1,0.000168258,0.015420517,0.017953269809999985
QAVZAQ_clean,3.43267,2.65506,3.42481,1.88078,0.0,0.0,9.62933,5.11986,0.4054,0.215549,0.0,1,0.000115103,0.01100979,0.010058950832500097
QAWDID_clean,8.86764,6.4582,8.76206,0.663333,2493.74,3759.41,0.0,0.0,0.781,1.17739,0.0,1,0.002664379,0.25621114,0.2681362563775011
QAWPIO_clean,5.34571,3.76875,5.30515,1.53902,932.084,605.634,189.024,122.821,0.49,0.318384,0.0,1,0.002630599,0.245600708,0.2410381692537517
QAWREM_clean,4.54212,3.52572,4.54212,1.85502,694.124,374.186,0.0,0.0,0.4334,0.233636,0.0,1,0.005671596,0.446258985,0.4693058107187477
QAWRIQ_clean,4.49398,3.4919,4.49398,1.89418,683.645,360.919,0.0,0.0,0.429,0.226483,0.0,1,0.006710538,0.475668903,0.5666918945137475
QAWROW_clean,4.27254,3.36056,4.26795,2.10801,536.142,254.335,0.0,0.0,0.385,0.182637,0.0,1,0.010125752,0.636621011,0.7242504110037526
QAXQUB_clean,4.92382,2.63814,4.92363,1.88048,0.0,0.0,477.179,253.753,0.4532,0.241002,0.0,1,0.008753814,0.670578564,0.6623633317874977
QAYTEP_clean,5.86758,3.1571,5.86751,0.851653,0.0,0.0,1473.6,1730.28,0.6134,0.720246,0.0,0,0.00240842,0.225302844,0.23304012038499877
QEBGAH_clean,5.50168,5.08562,5.49191,1.08026,1235.17,1143.4,0.0,0.0,0.5322,0.492658,0.0,0,0.008494271,0.718789898,0.7130475939812491
QEBGEL_clean,6.08453,4.84553,6.08453,1.01993,1460.11,1431.58,0.0,0.0,0.5522,0.54141,0.0,0,0.005700657,0.52975962,0.5129431585837511
QEBKUF_SL,9.81772,5.95471,9.68668,0.686123,2457.39,3581.56,0.0,0.0,0.7136,1.04005,0.0,0,0.004617097,0.449851056,0.43547693574250035
QEFNAQ_clean,6.2895,4.867,6.2895,1.2915,870.104,673.714,94.8179,73.4166,0.5222,0.404335,0.0,1,0.006080713,0.49851991,0.5393933468724992
QEFWUV_clean,32.36037,28.26773,32.35632,0.473548,1565.06,3304.96,0.0,0.0,0.826,1.74428,0.000422344,1,0.00306209,0.313854178,0.2984968690437505
QEGHEP_clean,5.21452,3.49325,5.21452,1.29869,492.691,379.376,29.3469,22.5974,0.4466,0.343886,0.0,0,0.001703948,0.159639817,0.1623283457350001
QEJYIP_clean,5.79435,3.44834,5.51643,1.42081,1141.45,803.374,0.0,0.0,0.5468,0.38485,0.0,0,0.006137781,0.546660038,0.5518086235574977
QEKLID01_clean,5.1388,3.13884,4.865,1.58675,0.0,0.0,1002.67,631.903,0.4998,0.314984,0.0,1,0.004790699,0.422084125,0.4082213673787517
QEKLID_clean,5.12126,3.15373,5.07214,1.59211,0.0,0.0,997.398,626.461,0.5014,0.314927,0.0,1,0.004921341,0.429340106,0.4195996226025024
QEKLUP_clean,3.93153,2.9035,3.93153,3.73244,0.0,0.0,162.402,43.511,0.3682,0.0986487,0.0,1,0.00033564,0.030852469,0.03320632273000001
QEQZUH_clean,7.20474,5.54936,7.20474,2.98733,1121.05,375.269,0.0,0.0,0.4558,0.152577,0.0,0,0.010664479,0.704754416,0.767042081000002
QERCEV_clean,3.81997,3.10912,3.81361,2.51107,0.0,0.0,143.305,57.0696,0.4082,0.16256,0.0,0,0.00089597,0.080019149,0.08604655418249947
QERWAL_clean,6.23685,3.59052,6.23393,0.96089,1663.57,1731.28,0.0,0.0,0.5974,0.621716,0.0,0,0.005539312,0.507978876,0.5129482538624988
QERZUI01_clean,4.40066,3.54145,4.40066,1.45403,577.348,397.068,0.0,0.0,0.4282,0.294492,0.0,1,0.011174316,0.86684287,0.7842409912325039
QERZUI_clean,4.32153,3.30941,4.30984,1.48187,0.0,0.0,394.866,266.465,0.4232,0.285586,0.0,1,0.009241225,0.767563258,0.6906459504524998
QESLOQ_clean,6.6747,4.69389,6.6747,2.0556,1217.11,592.095,0.0,0.0,0.5328,0.259195,0.0,1,0.004748217,0.427007521,0.4320833391674991
QESRAI_clean,4.40312,2.93764,4.394,1.97389,0.0,0.0,899.912,455.908,0.564,0.28573,0.0,0,0.008957887,0.713582193,0.7499376086475
QESYOD_clean,7.06657,4.49673,7.06657,1.70049,1062.54,624.842,0.0,0.0,0.5092,0.299443,0.0,0,0.001251428,0.121220031,0.12573622012875083
QETCUO_clean,6.89128,4.79138,6.89128,1.23174,1603.73,1302.0,0.0,0.0,0.5742,0.46617,0.0,1,0.003438425,0.335316695,0.33351641749250116
QETHUT_clean,5.64185,3.41958,5.64104,1.68813,1127.74,668.04,0.0,0.0,0.4972,0.294527,0.0,0,0.004336025,0.386593369,0.41090234866749964
QETSOY_clean,3.67394,2.65431,3.67394,2.15075,0.0,0.0,74.9033,34.8265,0.4068,0.189143,0.0,0,0.000771816,0.072180997,0.06886451258624984
QEVKOS_clean,4.71244,3.94029,4.71244,1.86641,753.543,403.738,0.0,0.0,0.4654,0.249355,0.0,0,0.002639474,0.234534975,0.24222311342375047
QEWDON_clean,6.85219,4.97206,6.85219,1.41693,1021.65,721.035,55.4121,39.1073,0.5212,0.367839,0.0,1,0.011801096,0.797843645,0.8142302789187515
QEYWUN_clean,3.16999,2.47229,3.16349,1.72892,0.0,0.0,0.0,0.0,0.381,0.220369,0.0,0,1.39e-05,0.000566754,0.0013249460862500013
QEZYUR_clean,4.41553,3.16132,4.41553,2.09685,0.0,0.0,757.214,361.121,0.528,0.251807,0.0,0,0.003783219,0.337625486,0.3272540669174985
QEZZAY_clean,4.42079,3.15597,4.42079,2.11715,0.0,0.0,758.055,358.055,0.5212,0.24618,0.0,0,0.003802567,0.346068823,0.3272555616399985
QEZZEC_clean,4.41457,3.13321,4.41457,2.18001,0.0,0.0,724.76,332.456,0.522,0.239448,0.0,0,0.003927516,0.353413229,0.33713607897749903
QEZZIF_clean,4.67652,3.32799,4.66846,1.77196,648.098,365.751,86.4631,48.7951,0.4884,0.275627,0.0,1,0.001425574,0.134066365,0.13368764536749983
QEZZOL_clean,6.25588,3.45747,6.04611,1.73068,941.451,543.977,0.0,0.0,0.483,0.279081,0.0,1,0.001425574,0.135532328,0.13602310117750036
QIDDAI01_clean_h,4.98799,3.16299,4.9827,1.04634,0.0,0.0,1002.96,958.541,0.5504,0.526022,0.0,1,0.006590573,0.571908164,0.5925383652100029
QIDDAI02_clean,5.0417,3.16561,5.0417,1.0417,0.0,0.0,1098.19,1054.23,0.5814,0.558125,0.0,1,0.006620884,0.600612858,0.5903961282250035
QIDDAI_clean_h,5.06102,3.07469,5.02911,1.04837,0.0,0.0,942.424,898.94,0.5614,0.535497,0.0,1,0.006108352,0.539917887,0.5483296919649997
QIFLEY_clean,6.51106,2.83161,6.38655,1.16361,0.0,0.0,1045.83,898.781,0.559,0.4804,0.0,1,0.005290877,0.465633973,0.4479468360462521
QIGBIR_clean,5.14127,4.23557,5.11201,2.30609,2556.32,1108.51,0.0,0.0,0.6426,0.278653,0.0,1,0.000716577,0.067346835,0.07125556897374999
QIHXIQ_clean,9.72743,8.74819,9.72743,0.867164,1773.91,2045.64,0.0,0.0,0.6572,0.757873,0.0,1,0.002266757,0.215956165,0.22227668681499996
QIJLAW_clean,8.05446,5.26641,8.05325,0.671267,2454.25,3656.15,0.0,0.0,0.7174,1.06873,0.0,0,0.001930516,0.197073126,0.19251026361875034
QINSUD_clean,5.06379,2.7309,5.05324,1.20418,0.0,0.0,815.494,677.217,0.5666,0.470526,0.0,0,0.002659125,0.263845467,0.2416490438237508
QIPROY_clean,5.10002,3.64368,4.72082,0.794412,2326.28,2928.3,0.0,0.0,0.6568,0.826775,0.0,1,0.005147887,0.494776692,0.48295333070374985
QIQTAN_clean,5.97055,4.70307,5.97055,1.22492,943.091,769.92,0.0,0.0,0.5008,0.408843,0.0,1,0.003271518,0.303099832,0.3104204916187523
QIQVIX_clean,4.47714,2.47883,4.47703,1.7293,0.0,0.0,384.846,222.544,0.4628,0.267623,0.0,1,0.002295411,0.209566148,0.21844052793625046
QIQZIB_clean,8.62906,4.33786,8.62906,1.28033,1914.7,1495.48,0.0,0.0,0.6336,0.494873,0.0,1,0.003252416,0.315894071,0.31532708096000056
QIRWAR_clean,5.03603,3.89356,5.03603,1.34872,1809.31,1341.5,0.0,0.0,0.6038,0.447684,0.0,1,0.00506673,0.460074755,0.4691391199724994
QIRYAS_clean,6.80431,4.28089,6.76896,1.43909,1279.9,889.381,0.0,0.0,0.5066,0.352029,0.0,1,0.003667608,0.342426679,0.3462068197687493
QISKIN_clean,4.53693,3.39137,4.51316,1.50984,313.749,207.803,0.0,0.0,0.3292,0.218037,0.0,1,0.003237249,0.282264381,0.3031777210262503
QISNAJ_clean,6.86275,5.39635,6.82883,1.05954,2863.52,2702.61,0.0,0.0,0.7298,0.688789,0.0,1,0.002068211,0.208967326,0.2081207288475004
QISNEN_clean,6.73584,5.39558,6.7159,1.14249,2865.04,2507.71,0.0,0.0,0.739,0.646833,0.0,1,0.001915055,0.194387226,0.19104579639250002
QISNIR_clean,6.57248,5.45743,6.53468,1.21872,2929.79,2404.0,0.0,0.0,0.7294,0.598499,0.0,1,0.001770767,0.175022624,0.17428138590375017
QISRIV_clean,4.70587,2.5965,4.70195,1.749,0.0,0.0,206.61,118.131,0.429,0.245283,0.0,0,0.000443511,0.042968157,0.04175164688875003
QISVAQ_clean,5.30487,2.64369,5.2651,1.38354,0.0,0.0,759.704,549.101,0.4892,0.353585,0.0,1,0.005802578,0.463795484,0.4996257471725005
QISVEU_clean,5.34851,2.65989,5.33539,1.37217,0.0,0.0,797.867,581.463,0.4942,0.360159,0.0,1,0.006280269,0.494904868,0.5256647161750007
QITDEE_clean,4.86214,3.02405,4.86214,1.33739,0.0,0.0,387.596,289.815,0.464,0.346944,0.0,1,0.001912759,0.172269991,0.18108616599749996
QITDOO_clean,4.51149,3.70593,4.5073,1.60486,623.741,388.657,0.0,0.0,0.4184,0.260708,0.0,1,0.003371741,0.282552243,0.3170145292062492
QITXAU_clean,5.33833,4.09777,5.32992,1.02323,1464.2,1430.95,0.0,0.0,0.5698,0.556862,0.0,0,0.004566495,0.420216215,0.4318265870625019
QITYOI_clean,5.05446,3.86932,5.05446,1.38238,1280.1,926.009,0.0,0.0,0.5378,0.389038,0.0,1,0.002220847,0.216783469,0.21516496719500078
QITZIE_clean,5.36245,2.45085,5.36245,1.20312,0.0,0.0,483.518,401.886,0.4738,0.393808,0.0,1,0.001710777,0.151078905,0.16348323497125017
QIVBUT_clean,4.17898,2.49303,4.10202,1.36756,0.0,0.0,170.099,124.381,0.4708,0.344262,0.0,0,0.006743447,0.585800788,0.5542812832237497
QIVJAG_clean,6.03486,4.47657,5.9683,0.924756,2925.59,3163.63,0.0,0.0,0.7036,0.760849,0.0,1,0.001940184,0.1982245,0.19369135794250034
QIVQAP_clean,5.96532,3.96258,5.96532,1.08722,942.027,866.452,0.0,0.0,0.4728,0.434869,0.00073582,1,0.003287131,0.296626356,0.3170092789587518
QIVYUR_clean,4.21696,3.7868,4.20902,1.26329,745.535,590.155,0.0,0.0,0.457,0.361755,0.0,0,0.005265771,0.451081824,0.4540139482412475
QIWCOQ_clean,7.90536,6.37424,7.89587,0.88756,1705.8,1921.9,0.0,0.0,0.6366,0.717248,0.0,1,0.004645624,0.457529788,0.4360181172349996
QIWDOR_clean,4.59203,4.06699,4.58575,1.55074,682.335,440.007,0.0,0.0,0.3988,0.257168,0.0,1,0.004344282,0.359596605,0.4069384806624998
QIWGOU_clean,4.95412,3.59777,4.40809,1.51133,204.724,135.46,222.59,147.281,0.4446,0.294179,0.0,1,0.00170183,0.156330321,0.15883124111125
QIWPET_clean,6.87756,5.53647,6.83784,1.18214,1480.3,1252.22,0.0,0.0,0.543,0.459336,0.0,1,0.004809819,0.449772101,0.4358848534100008
QIXNES_clean,5.40564,4.53621,5.32703,1.33406,1524.22,1142.54,0.0,0.0,0.5456,0.408976,0.0,1,0.004524388,0.411900631,0.4268286156575008
QIXNIW_clean,5.3327,4.51343,5.26398,1.68575,1489.56,883.622,0.0,0.0,0.5396,0.320096,0.0,1,0.003286467,0.300310853,0.3138672869400003
QIXSOG01_clean,7.54214,5.04155,7.54214,0.607311,2915.58,4800.8,0.0,0.0,0.7764,1.27842,0.0,1,0.001840235,0.190665765,0.18155416255999973
QIXSOG_clean,7.51562,5.04263,7.51562,0.608086,2919.24,4800.71,0.0,0.0,0.776,1.27614,0.0,1,0.001836605,0.191221102,0.18155416255999973
QIYBUX_clean,5.04331,2.5496,5.043,1.12739,0.0,0.0,586.16,519.927,0.5016,0.444922,0.0,1,0.002157227,0.203180645,0.20997799792000027
QIYCAE_clean,4.96943,3.02335,4.95979,1.14656,0.0,0.0,665.958,580.831,0.4844,0.422481,0.0,1,0.00247135,0.223134215,0.23417757748499973
QIYCEI_clean,5.02156,2.5839,5.02156,1.12085,0.0,0.0,531.477,474.172,0.489,0.436275,0.0,1,0.001954065,0.183799659,0.18776232227250023
QIYCIM_clean,5.0543,2.92143,5.0543,1.14909,0.0,0.0,514.382,447.641,0.4856,0.422594,0.0,1,0.002129588,0.19926992,0.20392171267625092
QIYCOS_clean,4.98252,2.67355,4.98066,1.13718,0.0,0.0,632.572,556.262,0.4942,0.434582,0.0,1,0.002239653,0.206371918,0.21984862454999998
QIYDAF_clean,22.97967,8.76388,22.97967,0.403152,1832.34,4545.03,0.0,0.0,0.8334,2.06721,0.0,1,0.003066476,0.305462998,0.3004365372074996
QIYDEJ_clean,22.48969,11.55679,22.48969,0.431427,1897.73,4398.73,0.0,0.0,0.814,1.88676,0.0,1,0.003522615,0.353539605,0.3518954960900002
QIYDIN01_clean,21.60142,10.45655,21.53105,0.395741,1819.65,4598.09,0.0,0.0,0.8328,2.10441,0.0,1,0.003131279,0.302930498,0.3021814535312499
QIYDIN_clean,29.975,15.02249,29.83505,0.197643,1310.13,6628.79,0.0,0.0,0.9182,4.64576,0.0,1,0.003794861,0.378231535,0.36573128089374973
QIYDOT_clean,19.81856,17.06364,19.63981,0.211978,1346.05,6349.95,0.0,0.0,0.9118,4.30139,0.0,1,0.00377823,0.36763737,0.36728192241500013
QIYQAR_clean,3.54215,2.80365,3.54215,1.82518,0.0,0.0,33.1135,18.1426,0.4794,0.262659,0.0,1,0.000282113,0.029880572,0.02674134631874985
QIZLIW_clean,6.45845,5.65073,6.45505,1.52092,1546.0,1016.49,0.0,0.0,0.5696,0.374511,0.0,1,0.002452546,0.236407401,0.22711151300250068
QOBGEV_clean,7.79609,3.48851,7.69085,1.10244,1557.79,1413.04,0.0,0.0,0.6186,0.56112,0.0,0,0.006145469,0.560131542,0.5648068807712476
QOBPEE_clean,5.93943,5.1846,5.93943,1.67865,1062.24,632.793,0.0,0.0,0.4286,0.255324,0.0,0,0.007629418,0.638127797,0.615798741253749
QOBWEJ01_clean,4.69819,2.92267,4.42594,2.00966,0.0,0.0,737.135,366.796,0.53,0.263727,0.0,1,0.009064116,0.753170297,0.7414679876712502
QOBWEJ_clean,4.72732,2.92871,4.65247,2.00105,0.0,0.0,759.681,379.641,0.5418,0.270757,0.0,1,0.009227212,0.732598506,0.7554770162100007
QOBWIN01_clean,4.6196,3.06253,4.50511,2.05144,0.0,0.0,561.668,273.793,0.5346,0.260598,0.0,1,0.00772063,0.586390328,0.6168076917999962
QOBWIN_clean,4.6196,3.06253,4.50511,2.05144,0.0,0.0,561.668,273.793,0.5346,0.260598,0.0,1,0.007650572,0.591757534,0.6167806709199963
QOCBUH_clean,5.62714,5.2779,5.62443,1.65942,1085.12,653.917,0.0,0.0,0.4334,0.261175,0.0,0,0.006533188,0.561993826,0.5628604601425008
QOCRUW_clean,5.79604,4.18591,5.79604,1.38102,1479.67,1071.43,0.0,0.0,0.5506,0.398692,0.0,1,0.004287247,0.403275341,0.40418038896499975
QOCSAD_clean,5.79442,4.21505,5.67699,1.39648,1468.21,1051.36,0.0,0.0,0.5488,0.392987,0.0,1,0.004269021,0.395309892,0.38329705252374857
QOCSEH_clean,5.70812,4.12503,5.70669,1.44217,1397.59,969.093,0.0,0.0,0.5398,0.374298,0.0,1,0.004183647,0.404862686,0.3813152701599988
QODHUO01_clean,7.02176,3.66753,6.99115,1.3176,1021.05,774.937,0.0,0.0,0.496,0.376443,0.0,1,0.002578776,0.238655789,0.2419492753000012
QODHUO02_clean,7.03734,3.63732,6.65847,1.31371,1014.75,772.431,0.0,0.0,0.5018,0.381972,0.0,1,0.002499758,0.233409923,0.2394320425937507
QODHUO03_clean,7.01529,3.79079,6.96918,1.33247,1014.37,761.274,0.0,0.0,0.4906,0.368189,0.0,1,0.002632694,0.237773576,0.24292676344750153
QODHUO04_clean,7.0665,3.70053,7.05456,1.31094,1039.62,793.032,0.0,0.0,0.501,0.382168,0.0,1,0.00254531,0.232289726,0.24226757209500105
QODHUO05_clean,7.05009,3.74248,7.03715,1.31954,1023.92,775.964,0.0,0.0,0.4934,0.373918,0.0,1,0.002526717,0.237463082,0.2415395887550011
QODHUO06_clean,7.04216,3.76029,6.51395,1.3253,1016.32,766.86,0.0,0.0,0.4928,0.37184,0.0,1,0.002557395,0.238523783,0.24160903555375113
QODHUO07_clean,7.03774,3.77448,6.9742,1.32931,1016.48,764.667,0.0,0.0,0.4848,0.364699,0.0,1,0.002606665,0.239004398,0.24305348078500144
QODHUO08_clean,7.07082,3.72352,7.02334,1.31235,1023.45,779.863,0.0,0.0,0.497,0.378709,0.0,1,0.00252021,0.237494689,0.24020007885375094
QODHUO09_clean,7.01869,3.81528,6.63722,1.33794,1007.41,752.957,0.0,0.0,0.4858,0.363096,0.0,1,0.00266709,0.243114265,0.24410617767500128
QODHUO10_clean,7.01033,3.79821,6.75812,1.33845,1014.35,757.851,0.0,0.0,0.488,0.364601,0.0,1,0.002565762,0.246601283,0.24177426385500134
QODHUO11_clean,7.01042,3.80896,6.9255,1.3366,1007.71,753.939,0.0,0.0,0.4868,0.364209,0.0,1,0.00266802,0.245774848,0.24409234090375137
QODHUO12_clean,7.0091,3.78553,6.9949,1.33735,1014.06,758.26,0.0,0.0,0.4828,0.361012,0.0,1,0.002529506,0.242104693,0.24134790091625125
QODHUO13_clean,7.01938,3.75717,6.78624,1.32807,1011.93,761.958,0.0,0.0,0.4912,0.36986,0.0,1,0.002586213,0.238817544,0.2419424402650013
QODHUO_clean,7.01702,3.80696,7.00767,1.33459,1022.86,766.423,0.0,0.0,0.4802,0.35981,0.0,1,0.002620299,0.241360065,0.24293349286000157
QODPOQ_clean,7.05519,3.79599,6.7273,1.31521,1027.79,781.463,0.0,0.0,0.4944,0.37591,0.0,1,0.002523928,0.239208915,0.24115730878000086
QODQEH_clean,7.07208,3.67099,6.65977,1.31088,1023.42,780.716,0.0,0.0,0.4996,0.381118,0.0,1,0.002516491,0.234869432,0.24063235070000075
QODSUZ_clean,7.02333,3.67551,6.68721,1.32015,1014.75,768.665,0.0,0.0,0.4954,0.375261,0.0,1,0.002550888,0.23907412,0.24172410209500117
QOFBIY01_clean,7.02313,3.82948,7.02313,1.33462,1010.65,757.254,0.0,0.0,0.4866,0.364598,0.0,1,0.002712642,0.246637538,0.2476357893287509
QOFBIY02_clean,7.03275,3.83288,6.70379,1.33192,1017.39,763.856,0.0,0.0,0.4894,0.36744,0.0,1,0.002696838,0.248573015,0.24764496217000087
QOFBIY_clean,7.01606,3.82362,7.01606,1.3363,1014.56,759.23,0.0,0.0,0.4868,0.364289,0.0,1,0.002536943,0.246142979,0.242283364866251
QOFCAR_clean,7.04297,3.82338,7.04297,1.33044,1025.08,770.483,0.0,0.0,0.4874,0.366345,0.0,1,0.002547169,0.242926481,0.24255744392000106
QOFCEV_clean,7.0406,3.82805,7.0406,1.32731,1013.17,763.33,0.0,0.0,0.4912,0.370073,0.0,1,0.002585284,0.245293303,0.2429398654525011
QOFCIZ_clean,7.04341,3.83129,7.04341,1.32486,1021.89,771.322,0.0,0.0,0.4928,0.371964,0.0,1,0.002557395,0.246488799,0.24258949428250112
QOFCOF_clean,7.02932,3.80353,7.02932,1.32333,1025.15,774.676,0.0,0.0,0.4948,0.373906,0.0,1,0.002549028,0.240208261,0.24164708021750123
QOFDAS_clean,7.03553,3.81631,6.66267,1.32324,1033.46,781.008,0.0,0.0,0.4904,0.370605,0.0,1,0.002674527,0.246192249,0.24510972031750103
QOFDEW_clean,7.03046,3.79465,6.68948,1.32008,1029.49,779.869,0.0,0.0,0.4982,0.377401,0.0,1,0.002451418,0.2444585,0.22797007652624998
QOFDIA01_clean,7.07034,3.75403,6.76838,1.31589,1019.32,774.626,0.0,0.0,0.4958,0.37678,0.0,1,0.002522069,0.24248305,0.240748217901251
QOFDIA02_clean,7.01083,3.77871,6.95045,1.33425,1016.66,761.974,0.0,0.0,0.4834,0.362301,0.0,1,0.002543451,0.242959947,0.24158665420500125
QOFDIA03_clean,7.02821,3.76639,6.94579,1.33237,1008.79,757.135,0.0,0.0,0.4842,0.363411,0.0,1,0.002539732,0.241800706,0.24155423049750124
QOFDIA05_clean,7.02958,3.74465,6.95589,1.32702,1017.45,766.718,0.0,0.0,0.49,0.36925,0.0,1,0.002541591,0.242480261,0.24149645858750118
QOFDIA06_clean,7.01624,3.71089,6.8329,1.32411,1025.99,774.855,0.0,0.0,0.4912,0.370967,0.0,1,0.002595509,0.238003193,0.24221718842375126
QOFDIA07_clean,7.02954,3.71586,6.33543,1.32374,1036.28,782.845,0.0,0.0,0.4912,0.371071,0.0,1,0.002505336,0.242193937,0.23958902696000073
QOFDIA08_clean,7.02793,3.71306,6.40493,1.32259,1024.02,774.255,0.0,0.0,0.4926,0.372451,0.0,1,0.002537873,0.239994447,0.24131551663500106
QOFDIA_clean,7.0591,3.80398,6.95726,1.31482,1028.35,782.123,0.0,0.0,0.4968,0.377845,0.0,1,0.002621539,0.235278466,0.24403664821625148
QOFDOG_clean,7.06378,3.79902,6.95616,1.31604,1025.34,779.109,0.0,0.0,0.4946,0.375823,0.0,1,0.002555536,0.240916634,0.24189340981250124
QOFKUT_clean,5.30234,4.62006,5.27677,1.31152,1132.35,863.381,0.0,0.0,0.538,0.410209,0.0,1,0.007531979,0.646852973,0.650047045361251
QOFLAA_clean,9.67197,6.44372,9.67197,0.77122,2332.16,3023.99,0.0,0.0,0.771,0.999714,0.0,1,0.002300921,0.212470708,0.22169705699999986
QOFPAE_clean,5.80282,4.70685,5.79577,3.42955,1940.39,565.785,0.0,0.0,0.5998,0.174892,0.0,1,0.001024397,0.095075148,0.10097414727500068
QOGZET_clean,4.96309,2.71489,4.94306,2.02292,0.0,0.0,644.73,318.713,0.4608,0.22779,0.0,1,0.030149813,1.175293757,1.3493108867499932
QOHTOX_clean,3.99648,2.79601,3.98656,1.18737,0.0,0.0,498.682,419.987,0.4748,0.399874,0.0,0,0.004047829,0.358239013,0.37661409258500095
QOHYET_clean,5.66796,4.25652,5.66268,1.43346,1155.57,806.137,0.0,0.0,0.5024,0.350479,0.0,0,0.006003511,0.510538705,0.53863114111
QOJKAB_clean,5.80501,4.09157,5.4799,1.16562,2116.28,1815.58,0.0,0.0,0.6686,0.5736,0.0,0,0.002596771,0.258969273,0.2555514570374996
QOJTUE_clean,4.99075,4.07072,4.98875,1.39072,1473.66,1059.64,0.0,0.0,0.5964,0.428841,0.0,1,0.00726714,0.633780499,0.6450308398912519
QOJVAM_clean,5.27687,4.07489,5.26218,1.3881,1464.38,1054.95,0.0,0.0,0.585,0.421438,0.0,1,0.006819332,0.613253685,0.5947988210562493
QOJYEV_clean,4.12598,2.58689,4.12256,1.63197,0.0,0.0,135.328,82.9231,0.3946,0.241793,0.0,1,0.000613975,0.062519964,0.06130188814874974
QOKCID_clean,4.30865,3.85554,4.26496,1.71497,435.499,253.939,0.0,0.0,0.3688,0.215047,0.0,1,0.00555855,0.394838509,0.44233269313499834
QOKKAE_clean,4.41255,3.41758,4.32307,1.9759,693.219,350.838,235.178,119.024,0.5434,0.275014,0.0,1,0.001911443,0.181449209,0.18016822416374947
QOLVET_clean,4.18106,3.97053,4.18106,1.83396,707.407,385.727,0.0,0.0,0.4316,0.235338,0.0,0,0.006917587,0.569769367,0.5622858313274984
QOMDUS_clean,5.73732,4.27265,5.65548,1.56934,1252.52,798.122,0.0,0.0,0.5388,0.343329,0.0,1,0.004122734,0.359634602,0.3829201035312467
QOMFEE_clean,6.23329,4.79223,6.23329,0.956504,2173.22,2272.05,0.0,0.0,0.6332,0.661994,0.0,1,0.006533764,0.593074248,0.596793543372498
QOMRUH_clean,5.91598,4.8393,5.90444,0.946458,2296.32,2426.22,0.0,0.0,0.6568,0.693956,0.0,1,0.004105092,0.389280583,0.39577478253999837
QOMSAO_clean,6.28295,5.19194,6.16876,0.913349,2335.71,2557.31,0.0,0.0,0.6626,0.725462,0.0,1,0.003712284,0.356088258,0.35815605367750175
QOMSES_clean,5.8822,4.848,5.86939,0.949674,2240.73,2359.47,0.0,0.0,0.658,0.692869,0.0,1,0.004117216,0.379601004,0.39562812337999836
QOMTET_clean,4.76534,3.95054,4.76534,1.34356,1133.18,843.42,0.0,0.0,0.5016,0.373337,0.0,1,0.007341197,0.620351911,0.6372626972287506
QONKUB_clean,6.24349,5.12734,6.13649,0.9162,2335.91,2549.56,0.0,0.0,0.6696,0.730845,0.0,1,0.003690461,0.359327716,0.356912043226252
QONLAI_clean,6.10211,4.91381,6.0286,0.939951,2318.74,2466.88,0.0,0.0,0.6558,0.697696,0.0,1,0.003852919,0.376138469,0.3709425849775001
QONLEM_clean,5.90984,4.72024,5.82362,0.936419,2363.81,2524.31,0.0,0.0,0.6642,0.709298,0.0,1,0.003915962,0.377913382,0.37809002674375036
QONLIQ_clean,6.00653,4.86996,6.00653,0.931336,2311.78,2482.22,0.0,0.0,0.6534,0.701573,0.0,1,0.003913537,0.38215426,0.37811992722375043
QONQAM_clean,6.95521,6.65822,6.95521,0.957388,1627.93,1700.38,0.0,0.0,0.609,0.636106,0.0,0,0.003303549,0.315889073,0.32424014525875156
QONQEQ_manual,7.41052,7.00984,7.40327,0.944282,1611.38,1706.46,0.0,0.0,0.6124,0.648535,0.0,0,0.00404445,0.394331842,0.40024188740749844
QOPCEE_clean,5.00224,4.42588,5.00224,2.00794,611.459,304.521,0.0,0.0,0.4062,0.202297,0.0,1,0.003180259,0.257203748,0.2907457675175004
QOPDEE_clean,5.73867,3.59336,5.72178,2.09497,1040.44,496.637,0.0,0.0,0.5118,0.244299,0.0,0,0.015858146,0.944656203,1.0335295524787513
QOPHEI_clean,3.51928,2.56912,3.51928,1.61505,0.0,0.0,33.3781,20.6669,0.4602,0.284944,0.0,0,3.24e-05,0.002920599,0.002976525437500005
QOPPES_clean,7.05411,5.65156,7.03914,0.967554,1983.39,2049.91,0.0,0.0,0.6408,0.662289,0.0,1,0.003504489,0.339256155,0.34068701568500004
QOPPOC_clean,4.21204,3.56876,4.20993,1.51146,562.274,372.007,0.0,0.0,0.4702,0.31109,0.0,1,0.007973914,0.664247188,0.6319702256187463
QOPZIF_clean,6.77563,4.15655,6.73512,1.06978,1861.11,1739.71,0.0,0.0,0.6378,0.596196,0.0,1,0.005058509,0.498010137,0.47655628624250246
QOQDAD_clean,4.99584,2.9157,4.9467,1.38228,0.0,0.0,603.967,436.935,0.4524,0.327285,0.0,0,0.006805888,0.533932117,0.5496461118249997
QOQWOK_clean,8.39175,6.59132,8.39175,0.957359,1460.22,1525.26,0.0,0.0,0.566,0.59121,0.0,0,0.004110502,0.406341941,0.3983390574137484
QOSJEP_clean,5.95986,5.08733,5.90424,1.45523,1476.39,1014.54,0.0,0.0,0.5466,0.37561,0.0,1,0.002926484,0.288314126,0.2740472384374985
QOSJIT_clean,8.05472,3.98,7.82448,1.13518,1829.79,1611.9,0.0,0.0,0.6248,0.550399,0.0,1,0.002952772,0.290464361,0.28663126865374944
QOSJOZ_clean,8.08316,3.97327,8.04054,1.14357,1840.46,1609.4,0.0,0.0,0.6224,0.54426,0.0,1,0.002878967,0.291894141,0.28436480336999975
QOSJUF_clean,6.12081,5.11749,6.09552,1.41231,1533.09,1085.52,0.0,0.0,0.5616,0.397647,0.0,1,0.003019583,0.281086502,0.28597799445624883
QOSKAM_clean,8.09283,3.98695,8.04748,1.17505,1628.38,1385.79,0.0,0.0,0.6158,0.524061,0.0,1,0.003009304,0.289152552,0.2948467481349992
QOSXOM_clean,11.03802,8.53557,11.03802,1.03996,1270.59,1221.78,36.3048,34.91,0.5972,0.574255,0.0,1,0.004959592,0.387219251,0.44013443872374963
QOTWON_clean,4.80342,2.47987,4.79488,1.41344,0.0,0.0,758.663,536.75,0.4862,0.343984,0.0,0,0.001004247,0.09338566,0.10004796174375022
QOTZEG_clean,6.98929,6.77562,6.98929,1.52277,1495.88,982.34,0.0,0.0,0.5546,0.364204,0.0,1,0.003888103,0.363538979,0.3634130137850002
QOVDAH_clean,9.81819,9.19443,9.81819,1.3396,1377.74,1028.47,0.0,0.0,0.5818,0.434308,0.0,1,0.000984113,0.0958075,0.09346993197124967
QOVDEL_clean,9.82811,9.16141,9.82811,1.34846,1344.96,997.404,0.0,0.0,0.5734,0.425224,0.0,1,0.000867944,0.087036312,0.08966887364124945
QOVGOY01_clean,4.75257,3.29667,4.75257,1.46026,0.0,0.0,801.746,549.042,0.5084,0.348157,0.0,1,0.001088757,0.103614774,0.10725407284
QOVGOY_clean,4.75346,3.30527,4.75346,1.4516,0.0,0.0,798.517,550.094,0.5064,0.348856,0.0,1,0.000946162,0.100781321,0.08890407169749973
QOVSOL_clean,6.4221,3.84022,6.40906,1.13898,1211.49,1063.66,0.0,0.0,0.5446,0.478145,0.0,0,0.006611758,0.562078932,0.6156616040675
QOVSUR_clean,7.13291,2.76599,7.13291,1.29279,0.0,0.0,773.593,598.39,0.5074,0.392484,0.0,0,0.00717848,0.593853652,0.597788570587501
QOVWOO01_clean,2.69488,2.47208,2.68315,1.72854,0.0,0.0,0.0,0.0,0.394,0.227939,0.0,0,0.0,1.25e-06,1.9455088750000095e-05
QOVWOO_SL,2.82795,2.57621,2.81514,1.71869,0.0,0.0,0.0,0.0,0.411,0.239136,0.0,0,0.0,2.49e-06,8.756577499999897e-06
QOVWOP_clean,3.85842,2.99137,3.85842,1.50485,0.0,0.0,107.351,71.3366,0.4246,0.282154,0.0,0,0.001232433,0.116174776,0.12204069884249977
QOWLEU_clean_h,7.55178,5.63017,7.55178,1.41332,1270.28,898.791,0.0,0.0,0.5304,0.375286,0.0,0,0.000842347,0.084736476,0.0890170995374995
QOWQUO_manual,16.36508,5.22924,16.36508,0.720668,2111.4,2929.78,0.0,0.0,0.7092,0.984087,0.0,1,0.00468699,0.447058456,0.4332609378374994
QOWRAV02_clean,16.40599,5.24588,16.39933,0.71711,2129.23,2969.18,0.0,0.0,0.7138,0.995384,0.0,1,0.004617068,0.432595618,0.4312682264712492
QOWRAV03_clean,16.39933,5.24565,16.39933,0.71719,2129.19,2968.8,0.0,0.0,0.7134,0.994716,0.0,1,0.004522857,0.430729802,0.4307242606024989
QOWRAV04_clean,16.39644,5.24663,16.39644,0.717349,2130.73,2970.28,0.0,0.0,0.7132,0.994216,0.0,1,0.004659757,0.4313223,0.43203246994374916
QOWRAV05_clean,16.38928,5.24682,16.38928,0.717588,2130.87,2969.49,0.0,0.0,0.7132,0.993885,0.0,1,0.004586155,0.433191061,0.430833475171249
QOWRAV06_clean,16.3778,5.24265,16.37247,0.717908,2134.21,2972.83,0.0,0.0,0.7136,0.994,0.0,1,0.004696558,0.436411894,0.4322818002574993
QOWRAV07_clean,16.36646,5.23896,16.35136,0.718227,2134.13,2971.38,0.0,0.0,0.7136,0.993558,0.0,1,0.0046259,0.430276412,0.43121417891874914
QOWRAV08_clean,16.35712,5.2326,16.35248,0.718547,2136.57,2973.47,0.0,0.0,0.7128,0.992003,0.0,1,0.004649453,0.432538945,0.43210625714249934
QOWRAV09_clean,16.34087,5.22933,16.33846,0.718946,2138.82,2974.94,0.0,0.0,0.7138,0.992842,0.0,1,0.004760592,0.441850363,0.4321764284099997
QOWRAV10_clean,16.32287,5.22574,16.32052,0.719907,2137.74,2969.47,0.0,0.0,0.7132,0.990684,0.0,1,0.004721583,0.437705821,0.4326000942549994
QOWRAV11_clean,16.31009,5.22559,16.30705,0.720949,2138.54,2966.28,0.0,0.0,0.7124,0.988141,0.0,1,0.004684046,0.439996322,0.4324441649624994
QOWRAV12_clean,16.28739,5.21999,16.28739,0.722396,2138.93,2960.89,0.0,0.0,0.713,0.986993,0.0,1,0.004617804,0.438820159,0.43136203388249916
QOXFIU_clean,5.39147,3.92821,5.39147,2.22853,612.028,274.634,150.125,67.3652,0.4354,0.195376,0.0,1,0.000763649,0.072303693,0.06910469054000011
QOXNIB_clean,4.25979,3.61253,4.24685,2.02207,509.832,252.133,0.0,0.0,0.4388,0.217005,0.0,1,0.002736835,0.243442389,0.24339193921125027
QOYLOG_clean,5.80261,4.54109,5.79964,1.48289,1070.97,722.217,0.0,0.0,0.498,0.335831,0.0,1,0.007494294,0.61107378,0.6350902762237505
QOYYOU_clean,20.98431,4.51928,20.98413,0.928139,1622.7,1748.33,0.0,0.0,0.703,0.75743,0.0,1,0.005019216,0.471946229,0.4586579494699986
QOZDOY_clean,5.27343,4.6547,5.27343,1.1624,1108.39,953.534,0.0,0.0,0.534,0.459394,0.0,1,0.017099663,1.241802389,1.1559563442137555
QOZGAP_clean,4.8362,3.81563,4.76917,1.19541,1260.2,1054.2,0.0,0.0,0.5442,0.455241,0.0,1,0.009264999,0.805738591,0.8017274626474997
QOZPIG_clean,4.54942,3.60193,4.54942,1.23234,1331.25,1080.26,0.0,0.0,0.5634,0.457179,0.0,0,0.005339671,0.508017493,0.46631769161499803
QOZWAF_clean,8.11802,4.72444,8.10878,2.64249,1840.83,696.627,0.0,0.0,0.5864,0.221912,0.0,1,0.000375173,0.038177873,0.03552958582750008
QQQGTA01_clean,4.74958,2.42441,4.74958,2.05149,0.0,0.0,541.967,264.182,0.5106,0.248893,0.0,1,0.000637556,0.069656178,0.06625188873624993
QQQGTA02_clean,4.84486,2.41506,4.84486,2.05792,0.0,0.0,521.065,253.2,0.5152,0.25035,0.0,1,0.000736859,0.070767223,0.07069713691624965
QQQGTA03_clean,4.87863,2.44477,4.87863,2.04394,0.0,0.0,569.175,278.47,0.5128,0.250888,0.0,1,0.000745494,0.073641259,0.07089246701499968
QUBWIU_clean,10.48256,4.17052,10.46235,1.23045,1614.41,1312.05,0.0,0.0,0.6222,0.505669,0.0,1,0.001769881,0.170032183,0.17420143083374992
QUBZAP_clean,7.14967,3.85025,7.14967,1.8852,994.903,527.743,2.6105,1.38473,0.4918,0.260874,0.0,1,0.001219629,0.116169222,0.12140445768625073
QUDJIJ_clean,5.71523,4.47901,5.71444,1.04798,1842.24,1757.9,0.0,0.0,0.5918,0.564707,0.0,1,0.006848132,0.619263387,0.6093934306549991
QUDJOP_clean,6.19638,4.53832,6.17045,1.05792,1773.86,1676.75,0.0,0.0,0.5902,0.557888,0.0,1,0.007781104,0.707802771,0.6879913473150009
QUFFED_clean,3.5402,2.92014,3.47345,1.54242,0.0,0.0,21.8299,14.1531,0.3894,0.252461,0.0,1,0.000229594,0.022838221,0.021092546105000044
QUFGED_clean,5.36015,3.38006,5.36015,1.61094,1011.12,627.662,9.15418,5.68251,0.5046,0.313234,0.0,1,0.005627236,0.477918354,0.48869268200624794
QUFGIH_clean,5.23484,3.17899,5.23484,1.61709,0.0,0.0,909.892,562.673,0.5008,0.309692,0.0,1,0.005289987,0.446894685,0.4321736448487515
QUFKIN_clean,4.6712,2.4372,4.64353,1.53446,0.0,0.0,497.828,324.432,0.4478,0.291829,0.0,1,0.007615706,0.553065488,0.5907606528237469
QUFTAM_clean,4.97686,4.54571,4.97686,1.56592,814.078,519.872,0.0,0.0,0.4264,0.2723,0.0,1,0.004245729,0.364691058,0.3805560776924994
QUFXIZ_clean,4.67454,3.3342,4.67454,1.48268,312.717,210.914,0.0,0.0,0.406,0.273829,0.0,1,0.00472144,0.359943233,0.40017968702000084
QUGNOV_clean,3.55675,2.97561,3.55675,1.86679,0.0,0.0,25.9667,13.9098,0.3552,0.190273,0.0,0,0.00024017,0.024866167,0.02138502750499998
QUHMOX_clean,4.58402,3.20914,4.58402,3.25207,0.0,0.0,275.13,84.6014,0.3406,0.104733,0.0,1,0.002063609,0.174626214,0.19372163509124918
QUJFUX_clean,3.94762,2.40817,3.9408,2.04875,0.0,0.0,341.751,166.81,0.4508,0.220037,0.0,1,0.003397162,0.28288068,0.31421510607874864
QUJJUC_clean,6.37183,4.25289,6.36461,1.09976,2598.54,2362.82,0.0821372,0.0746863,0.689,0.626499,0.0,0,0.003395841,0.321991534,0.333475420540001
QUJKOX_clean,5.83219,3.24895,5.83125,1.36332,0.0,0.0,1083.21,794.541,0.4898,0.359271,0.0,1,0.005744063,0.501970363,0.4888487531312504
QUKQAQ_clean,3.73322,3.1573,3.62644,1.89861,0.0,0.0,138.945,73.1828,0.4218,0.222163,0.0,1,0.000560521,0.051612022,0.059501960942499564
QUKYOL_clean,4.31995,2.89067,4.31995,2.04489,0.0,0.0,512.193,250.475,0.4492,0.21967,0.0,1,0.002804449,0.249836349,0.2650428636387494
QUKYUR_clean,4.2216,2.88893,4.2216,2.13114,0.0,0.0,437.358,205.223,0.4372,0.205148,0.0,1,0.002475188,0.232281847,0.22916539825874976
QULLEP_clean,4.84676,3.51441,4.84676,1.2958,520.065,401.348,0.0,0.0,0.4678,0.361013,0.0,1,0.003494141,0.285296747,0.3255601541162484
QULMIU_clean,10.29771,9.60437,10.29648,1.52872,1059.92,693.336,0.0,0.0,0.525,0.343424,0.0,0,0.001867565,0.174405417,0.1729253992562501
QUMFUB_clean,6.17873,3.70632,6.16879,1.24989,1414.19,1131.45,0.0,0.0,0.5442,0.435399,0.0,0,0.004269729,0.398284436,0.3933422777349999
QUMJEP_clean,4.83762,2.54409,4.83762,1.80417,0.0,0.0,282.798,156.747,0.4012,0.222373,0.0,0,0.002598489,0.212389079,0.23870276083500022
QUMYUT_clean,3.75481,2.67116,3.75481,1.52763,0.0,0.0,71.7612,46.9754,0.381,0.249405,0.0,1,0.000598723,0.05233119,0.060973727808749684
QUNVIG_clean,7.99116,6.98056,7.99116,0.854766,1939.43,2268.96,0.0,0.0,0.6666,0.779862,0.0,0,0.00231165,0.23147765,0.2224818779949999
QUNWAZ_clean,6.68191,4.62372,6.68191,0.987311,1445.66,1464.24,0.0,0.0,0.5434,0.550384,0.0,1,0.006681178,0.588079688,0.6100745825374999
QUPDEL01_clean,4.31787,3.88877,4.31787,2.05035,791.695,386.128,0.0,0.0,0.4768,0.232546,0.0,1,0.003494322,0.307630828,0.32218521313874837
QUPDEL_clean,4.30346,3.89395,4.29928,2.06117,790.339,383.442,0.0,0.0,0.481,0.233363,0.0,1,0.003964251,0.354957377,0.3439132182762484
QUPHIT_clean,4.22766,3.0939,4.22766,1.29661,0.0,0.0,512.776,395.475,0.4414,0.340426,0.0,1,0.006285219,0.503544623,0.519183312131251
QUPHUF_clean,5.02709,3.72665,4.99488,1.27657,629.658,493.241,0.0,0.0,0.4654,0.36457,0.0,1,0.006481513,0.485063198,0.5507487374299999
QUPJAN_clean,5.93426,3.61461,5.81162,1.33898,708.592,529.204,195.452,145.971,0.4828,0.360574,0.0,0,0.006805826,0.539676114,0.578083239635
QUPZAC_clean,4.03148,2.49845,4.03148,1.8265,0.0,0.0,90.4358,49.5133,0.4156,0.227539,0.0,1,0.000759187,0.073674301,0.07031855175999971
QUPZIK_clean,3.88028,2.41479,3.87702,1.9435,0.0,0.0,62.3713,32.0923,0.4036,0.207667,0.0,1,0.000677185,0.0630588,0.06799457657249991
QUQBAH_clean,9.66456,8.22981,9.66456,0.719522,1817.4,2525.84,0.0,0.0,0.7038,0.978149,0.0,0,0.003879,0.38336095,0.3779670881087491
QUQFIS_clean,7.94677,5.42884,7.94677,0.862455,2489.26,2886.25,0.0,0.0,0.7028,0.814884,0.0,1,0.006879519,0.64818672,0.5898301376624986
QUQFOY_clean,8.20803,5.81249,8.20591,0.948677,2479.72,2613.87,0.0,0.0,0.7154,0.754103,0.0,1,0.004483126,0.439363699,0.4342701189887488
QUQGAL_clean,5.24917,3.7405,5.24587,0.948381,1199.28,1264.55,0.0,0.0,0.5468,0.576561,0.0,1,0.005630761,0.529309012,0.5123685225562484
QUQHAM_clean,4.11745,3.56035,4.11745,2.20732,218.405,98.9459,0.0,0.0,0.3616,0.163818,0.0,1,0.001934513,0.16977088,0.18415872997249966
QUQPOI_SL,6.67917,4.16594,6.67917,0.777338,2276.92,2929.12,0.0,0.0,0.6518,0.838503,0.0,0,0.008265992,0.780101876,0.7220639666924987
QUQPUO_clean,4.10943,3.18244,4.08921,1.20432,0.0,0.0,613.537,509.446,0.4756,0.394911,0.0,1,0.005754852,0.499439097,0.49547357366374983
QUQWOQ_clean,10.06165,6.49649,10.06165,0.726621,2197.25,3023.92,0.0,0.0,0.7314,1.00658,0.0,1,0.003868665,0.396963435,0.3760882618724991
QUQWUW_clean,9.102,7.19033,9.102,0.965103,1741.04,1804.0,0.0,0.0,0.668,0.692154,0.0,1,0.004775629,0.45792186,0.4286491750737503
QURSEC_clean,6.73488,4.98598,6.69979,1.11309,1471.92,1322.37,0.0,0.0,0.585,0.525564,0.0,1,0.004430877,0.40276605,0.43072100539500124
QUSBIP_clean,10.66909,7.4091,8.27581,0.565023,2406.95,4259.92,0.0,0.0,0.764,1.35216,0.0,1,0.003264894,0.316762899,0.3231196717537505
QUSCAJ_clean,5.41421,3.75067,5.4093,1.171,1325.63,1132.04,0.0,0.0,0.5476,0.467633,0.0,1,0.002692096,0.254118993,0.25185673656250057
QUSCEN_clean,5.44405,4.31312,5.4378,1.17461,1160.52,988.008,0.0,0.0,0.5346,0.455132,0.0,0,0.013107947,1.024912839,1.047575686055002
QUSHUJ_clean,7.15336,4.82289,7.11748,0.903996,1600.62,1770.61,0.0,0.0,0.599,0.662614,0.0,1,0.003579063,0.344488184,0.3417147118800014
QUSQIG_clean,4.53831,3.95004,4.53831,1.42878,1037.77,726.335,0.0,0.0,0.4826,0.337771,0.0,0,0.002117628,0.19428579,0.20016503392250035
QUSRIH_clean,4.38791,3.69157,4.27847,1.86379,1077.12,577.916,0.0,0.0,0.549,0.294561,0.0,1,0.002862934,0.273270966,0.2723279094362504
QUSRON_clean,4.7209,2.43165,4.70546,2.44626,0.0,0.0,660.963,270.194,0.507,0.207255,0.0,1,0.001096838,0.097527839,0.10852782837999983
QUSRUT_clean,5.91349,3.768,5.90805,2.1648,1012.46,467.691,0.0,0.0,0.5258,0.242886,0.0,1,0.000870939,0.083306166,0.08725562169374944
QUSSII_clean,5.07067,4.28847,5.07067,1.30387,1013.74,777.485,0.0,0.0,0.5214,0.399886,0.0,1,0.007607218,0.619987445,0.6499666042525
QUTTII01_clean,5.86223,4.35313,5.84737,1.55825,1478.82,949.028,0.0,0.0,0.4966,0.31869,0.0,1,0.004100397,0.394747291,0.38274510884624596
QUTTII_clean,5.89004,4.39215,5.87319,1.54457,1464.98,948.466,0.0,0.0,0.5138,0.332648,0.0,1,0.004180904,0.387014525,0.382348232036247
QUTVIM_clean,4.31873,2.56482,4.31873,0.970407,0.0,0.0,649.882,669.7,0.52,0.535857,0.0,1,0.001562201,0.147853069,0.15017867028124954
QUVDOB_clean,3.95151,3.19827,3.95151,2.1139,0.0,0.0,245.152,115.972,0.4116,0.194711,0.0,0,0.002214633,0.198685082,0.2108276358125006
QUVDUH_clean,3.94913,3.20462,3.9484,1.78284,0.0,0.0,232.787,130.571,0.4038,0.226493,0.0,0,0.003164421,0.276295483,0.29085701548750026
QUVFAP_clean,3.97695,3.20053,3.97281,2.16,0.0,0.0,241.921,112.0,0.4068,0.188333,0.0,0,0.002341256,0.221241155,0.21765400129500037
QUVFET_clean,3.88602,3.16514,3.79127,2.23795,0.0,0.0,231.353,103.377,0.402,0.179629,0.0,0,0.002632364,0.224626517,0.23858450867625045
QUWYEO_clean,4.99055,3.64708,4.98531,1.56862,445.43,283.963,0.0,0.0,0.3404,0.217006,0.0,0,0.015162291,0.788484509,0.9488889230624973
QUXQUX_clean,5.17149,3.8322,5.17149,1.55185,476.457,307.026,0.0,0.0,0.3482,0.224378,0.0,0,0.014648042,0.771504195,0.9341427401362467
QUXRAE_clean,5.03286,3.68439,5.03149,1.56261,456.108,291.888,0.0,0.0,0.3404,0.21784,0.0,0,0.014902141,0.778491937,0.9453718067499972
QUXREI_clean,5.01673,3.67388,5.01071,1.5629,457.79,292.911,0.0,0.0,0.336,0.214985,0.0,0,0.014730725,0.769345356,0.9444052980587471
QUXRIM_clean,4.75182,4.31251,4.74788,1.55891,477.005,305.985,0.0,0.0,0.3332,0.213739,0.0,0,0.013525768,0.747423206,0.8749098507637477
QUXROS_clean,5.0019,3.66108,4.98081,1.56447,446.305,285.275,0.0,0.0,0.341,0.217965,0.0,0,0.014985833,0.783102032,0.9447910737949973
QUXRUY_clean,4.90652,3.5734,4.90652,1.57471,420.432,266.99,0.0,0.0,0.3326,0.211213,0.0,0,0.015620074,0.785473629,0.9703685981099974
QUZVEO_clean,9.48553,8.8403,9.48103,1.4036,1600.03,1139.94,0.0,0.0,0.619,0.441008,0.0,1,0.001746629,0.166247303,0.1741468860987502
QUZZES_clean,5.06119,3.42679,5.05316,1.0324,1234.19,1195.46,0.0,0.0,0.5416,0.524604,0.0,0,0.008747756,0.780363597,0.7109298852424993
RABHAZ_clean,6.83344,4.71663,6.83296,1.06807,1813.41,1697.83,0.0,0.0,0.6246,0.584793,0.0,1,0.001559659,0.150824498,0.15477675663874996
RABHIH_clean,6.97329,4.88825,6.97329,0.93136,2191.25,2352.75,0.0,0.0,0.6512,0.699193,0.0,1,0.002258538,0.226713236,0.21999370975250002
RABNOX_clean,3.57391,2.71206,3.5703,2.0427,0.0,0.0,17.6723,8.65144,0.346,0.169384,0.0,0,7.16e-05,0.008834802,0.007499335071250032
RACHUA_clean,10.9643,9.26908,10.9643,0.761133,2031.27,2668.75,0.0,0.0,0.7024,0.922834,0.0,1,0.002467116,0.25007451,0.2320852506
RACZEC_clean,5.79552,5.04854,5.77825,1.51587,900.967,594.354,0.0,0.0,0.4678,0.308601,0.0,0,0.002491181,0.229532793,0.2361799810637499
RAFMUH_clean,3.69144,3.27288,3.69144,2.20471,0.0,0.0,166.205,75.3863,0.4336,0.19667,0.0,0,0.011988813,0.817942329,0.7839951740037512
RAFNIV_clean,5.08011,4.95466,5.07716,1.28742,668.968,519.62,0.0,0.0,0.4346,0.337575,0.0,0,0.003644766,0.308351305,0.3392871646337484
RAFNUH01_clean,5.42763,5.00502,5.42763,1.15566,1031.44,892.51,0.0,0.0,0.5104,0.441654,0.0,0,0.002146591,0.199446323,0.2060337865512504
RAFNUH_clean,4.89776,4.80325,4.89776,1.32249,640.157,484.055,0.0,0.0,0.4324,0.326959,0.0,0,0.004013963,0.350289716,0.37237915013874856
RAGMOE_clean,5.90739,4.56726,5.89705,1.28251,410.79,320.302,304.548,237.463,0.4784,0.373019,0.0,0,0.01452014,0.913309789,0.8724094114462473
RAGYAB_clean,4.47073,2.84112,4.46679,1.85769,0.0,0.0,412.043,221.804,0.5066,0.272704,0.0,1,0.008190315,0.602157965,0.6262624797899963
RAHBUZ_clean,6.80616,5.48586,6.79539,1.14478,1985.3,1734.22,0.0,0.0,0.6386,0.557835,0.0,1,0.004022182,0.381321218,0.3992131802587484
RAHMAP_clean,5.60258,3.44233,5.60258,1.27525,1106.44,867.624,0.0,0.0,0.5354,0.419839,0.0,1,0.005910757,0.501802202,0.527278615756248
RAHNOF_clean,19.03849,6.57368,19.03849,0.594852,2177.49,3660.55,0.0,0.0,0.7766,1.30553,0.0,1,0.003669066,0.365901525,0.3646189580637513
RAJFAL_clean,3.99252,2.95999,3.97563,1.3256,0.0,0.0,189.605,143.033,0.43,0.324381,0.0,1,0.002480008,0.240553329,0.23335447392750028
RAJFAM_clean,5.76966,4.83521,5.76966,1.51984,1227.59,807.709,0.0,0.0,0.4906,0.322798,0.0,1,0.004818966,0.425172466,0.42860757908500025
RAJFEQ_clean,6.16839,5.15091,6.14553,1.469,1288.74,877.291,0.0,0.0,0.5068,0.344997,0.0,1,0.004226203,0.396495775,0.39230219706750047
RAKCUC_clean,8.57661,7.89234,8.55843,1.19439,2063.73,1727.86,0.0,0.0,0.673,0.563469,0.0,0,0.002591148,0.246182716,0.25656115041999966
RAKDAJ_clean,8.45824,7.8928,8.45069,1.20511,2057.23,1707.09,0.0,0.0,0.6724,0.557956,0.0,1,0.002532557,0.245649477,0.25401465060249967
RAKDEN_clean,8.39033,7.40998,8.36675,1.20923,2036.82,1684.4,0.0,0.0,0.668,0.55242,0.0,0,0.00244895,0.241552093,0.23083143884250024
RAKMOF_clean,6.63021,4.74893,6.28969,1.14411,2264.35,1979.14,0.0,0.0,0.7132,0.623366,0.0,1,0.001012139,0.095735006,0.10012871193500038
RAKPEZ_clean,4.6239,3.09512,4.61871,1.94043,0.0,0.0,229.412,118.227,0.353,0.181918,0.0,0,0.002793683,0.218663542,0.2575028005724991
RALZEL_clean,4.9282,3.31788,4.92744,1.70267,413.407,242.8,0.0,0.0,0.3896,0.228817,0.0,1,0.006181139,0.474216181,0.5097804871800011
RANNOM_clean,5.69914,3.57907,5.69914,1.37889,1612.66,1169.53,0.0,0.0,0.555,0.402497,0.0,1,0.003221415,0.306593575,0.30786349084500164
RANNUS_clean,5.60983,3.56003,5.60983,1.35998,1546.68,1137.28,0.0,0.0,0.565,0.415449,0.0,1,0.003174029,0.292695174,0.2967184280825006
RANPAA_clean,6.05316,4.94809,6.0477,1.2743,1610.55,1263.87,0.0,0.0,0.5832,0.457663,0.0,1,0.004352778,0.421716017,0.42019329786375104
RANWAH_clean,16.74527,9.32901,16.72649,0.807635,1226.12,1518.16,378.27,468.367,0.6974,0.863509,0.0,1,0.005474759,0.518921164,0.4911740149724986
RAPBOZ_clean,6.26431,4.41375,6.26263,1.54927,1120.19,723.042,0.0,0.0,0.4916,0.31731,0.0,1,0.002037777,0.196103614,0.1883360925850002
RAPMOK_clean,5.38557,3.02087,5.38557,1.98669,0.0,0.0,919.446,462.803,0.5636,0.283688,0.0,1,0.003684101,0.327093037,0.32646505142749854
RAPYUE_clean,8.10283,5.74584,7.78942,0.857006,2630.83,3069.79,0.0,0.0,0.7212,0.841534,0.0,1,0.003175411,0.302597186,0.3122616662450011
RAQVEM_clean,4.14606,3.13681,4.12069,1.38196,0.0,0.0,176.567,127.766,0.4262,0.308404,0.0,0,0.001277025,0.116879174,0.12153442443249991
RARYOZ_clean,5.44228,2.41048,5.43412,1.64146,0.0,0.0,723.333,440.664,0.4762,0.290107,0.0,1,0.002946409,0.264709786,0.2736013389412496
RASGAT_clean,7.32111,5.46808,7.222,1.5718,2726.03,1734.34,0.0,0.0,0.7354,0.467871,0.0,1,0.000797297,0.077618597,0.0760662631912505
RASKIH_clean,5.34593,4.56791,5.34593,1.18507,1106.86,934.001,0.0,0.0,0.485,0.409257,0.0,1,0.012861413,0.985310514,0.9962154728687526
RASKON_clean,4.83097,3.827,4.78914,1.13652,871.617,766.914,0.0,0.0,0.4996,0.439586,0.0,1,0.00762093,0.671048172,0.66179455248875
RASXEP01_clean,5.09989,3.45083,5.0749,2.38949,628.019,262.825,0.0,0.0,0.4048,0.169408,0.0,1,0.00177651,0.148798196,0.16188669431750002
RASXIT_clean,5.08501,3.51139,5.08501,2.43093,644.893,265.287,0.0,0.0,0.4018,0.165287,0.0,1,0.001815866,0.159783385,0.16588745960874968
RATRUB_clean,5.58846,4.62948,5.58392,1.75407,1139.55,649.659,0.0,0.0,0.5118,0.291778,0.0,1,0.005334859,0.447340851,0.4563745635537495
RATSAI_clean,5.60614,4.62847,5.47098,1.77494,1148.07,646.824,0.0,0.0,0.5046,0.284292,0.0,1,0.00540517,0.449541832,0.46562120447874855
RATVEP_clean,3.73735,3.09956,3.72505,1.34661,0.0,0.0,127.088,94.3768,0.4282,0.317985,0.0,1,0.000644238,0.062391189,0.06655955040249982
RAVCOI_clean,4.67005,2.56312,4.66185,1.71738,0.0,0.0,329.295,191.743,0.3996,0.23268,0.0,0,0.01334696,0.818254177,0.8299767967362467
RAVCUO_clean,4.66502,2.55192,4.3222,1.74013,0.0,0.0,323.74,186.044,0.4046,0.232512,0.0,0,0.013955115,0.831398496,0.8217891691424972
RAVDAV_clean,4.65524,2.539,4.64974,1.77818,0.0,0.0,330.099,185.639,0.4034,0.226861,0.0,0,0.014236174,0.849281749,0.8300675601137465
RAVDID_clean,4.61802,2.53521,4.61802,1.81464,0.0,0.0,316.749,174.552,0.4054,0.223406,0.0,0,0.014747894,0.844669997,0.8599308451437467
RAVDOJ_clean,4.60273,2.51774,4.59591,1.83084,0.0,0.0,310.805,169.761,0.4034,0.220336,0.0,0,0.014743325,0.862678577,0.8615614424212467
RAVDUP_clean,4.5895,2.50205,4.5895,1.8546,0.0,0.0,319.068,172.041,0.3882,0.209317,0.0,0,0.015169972,0.872935929,0.8578626029299974
RAVFAX_clean,4.34195,3.1818,4.31956,1.71816,0.0,0.0,482.402,280.766,0.4412,0.256786,0.0,1,0.005093388,0.411848068,0.42486624440750115
RAVFEB_clean,4.34325,3.12579,4.32376,1.73146,0.0,0.0,459.716,265.507,0.4414,0.254929,0.0,1,0.005074585,0.415104342,0.42498576538125105
RAVFIF_clean,4.34379,3.11722,4.32195,1.74731,0.0,0.0,461.688,264.228,0.4508,0.257996,0.0,1,0.006290237,0.495325429,0.5147205105450025
RAVJOP_clean,6.06205,4.36461,6.04226,1.22934,1821.97,1482.08,0.0,0.0,0.617,0.501897,0.0,1,0.004112078,0.38020377,0.39121349061124994
RAVVIU01_clean,4.59869,3.5679,4.59657,1.86048,691.944,371.917,0.0,0.0,0.4344,0.233488,0.0,0,0.002049593,0.18150164,0.1880892235862497
RAVVIU_clean,4.57827,3.5768,4.571,1.86654,688.219,368.714,0.0,0.0,0.4312,0.231016,0.0,0,0.002079117,0.183159651,0.19500541233749974
RAVVUH_clean,17.18258,16.37707,17.18252,0.61117,1430.17,2340.05,0.0,0.0,0.7478,1.22355,0.0,1,0.00376145,0.381788505,0.36656938485375024
RAVWAO_clean,17.92516,17.51395,17.92516,0.536552,1469.43,2738.65,0.0,0.0,0.7562,1.40937,0.0,1,0.00408043,0.390604174,0.407964103941247
RAVWES_clean,24.44059,23.62721,24.44059,0.439059,1246.56,2839.17,0.0,0.0,0.7912,1.80203,0.0,1,0.004183242,0.416588285,0.4076405233624978
RAVWIW_clean,30.70055,30.14408,30.70055,0.362219,1156.23,3192.07,0.0,0.0,0.82,2.26383,0.0,1,0.003511537,0.354675787,0.3429826911425004
RAVWOC_clean,28.21772,27.5597,28.21772,0.383766,1182.94,3082.47,0.0,0.0,0.7968,2.07627,0.0,1,0.003014661,0.306041741,0.29528641798874977
RAVWUI_clean,36.78756,36.43313,36.78756,0.334728,1010.86,3019.95,0.0,0.0,0.8506,2.54117,0.0,1,0.003579541,0.339840341,0.34720740024875046
RAVXAP_clean,34.85961,34.35542,34.85961,0.286106,1008.2,3523.86,0.0,0.0,0.8406,2.93808,0.0,1,0.003575496,0.35861779,0.3481411691700005
RAVXET_clean,38.22812,38.06649,38.22812,0.326773,945.437,2893.25,0.0,0.0,0.8304,2.54121,0.0,1,0.002644091,0.258193609,0.26705199126125023
RAVXIX_clean,53.57674,53.26429,53.57674,0.23463,734.576,3130.78,0.0,0.0,0.8668,3.69432,0.0,0,0.003698458,0.347543203,0.35514970615000047
RAVXOD_clean,71.64119,71.50197,71.64119,0.179103,619.991,3461.66,0.0,0.0,0.8986,5.01724,0.0,1,0.0036876,0.3740691,0.3547091990600007
RAWPIP_clean,4.36045,2.69287,4.36045,1.15725,0.0,0.0,226.466,195.694,0.455,0.393175,0.0,1,0.003817283,0.348912946,0.3439318623999993
RAWZIA_clean,5.39589,4.8012,5.39589,1.33412,1219.23,913.881,0.0,0.0,0.473,0.35454,0.0,0,0.006419893,0.560498176,0.55366246232125
RAXDAX_clean,3.78,2.80345,3.76584,1.43873,0.0,0.0,93.6493,65.0916,0.4166,0.289561,0.0,0,0.000820782,0.084352823,0.08099112666124952
RAXQEO_clean,8.85312,4.24768,8.85312,0.848051,1428.37,1684.3,0.0,0.0,0.631,0.744059,0.0,1,0.00245696,0.236876517,0.2310279326237494
RAXYOF_clean,4.79754,4.32387,4.79754,1.30004,712.796,548.286,0.0,0.0,0.4292,0.330142,0.0,0,0.002450448,0.232691173,0.2270178561662497
RAYFAA_clean,15.81778,9.45289,13.62877,0.959285,1554.88,1620.88,0.0,0.0,0.6988,0.728459,0.0,1,0.001986981,0.196514471,0.19274480531875035
RAYFEE_clean,13.87561,10.03609,13.87561,0.965847,1665.9,1724.8,0.0,0.0,0.7062,0.731172,0.0,1,0.002777217,0.279309348,0.27501446395125023
RAYKIN_clean,9.49471,7.12348,9.49471,1.03474,1089.85,1053.26,0.0,0.0,0.5584,0.539655,0.0,1,0.002990022,0.281950267,0.2856368415124991
RAYLAG_clean,8.06325,5.70271,8.06325,1.05948,1118.14,1055.37,0.0,0.0,0.5424,0.511951,0.0,1,0.003192012,0.311925432,0.3041090782712521
RAYLOU_clean,6.83933,5.19617,6.83933,1.09861,1246.82,1134.91,0.0,0.0,0.5274,0.480063,0.0,1,0.003447579,0.329569221,0.33061500798250193
RAYMAG_clean,6.11234,4.00379,6.11037,0.853384,2274.69,2665.5,0.0,0.0,0.6316,0.740112,0.0,1,0.005500931,0.547608557,0.5167823951837487
RAYMIP_clean,13.47425,9.8037,13.46784,0.502799,2109.81,4196.14,0.0,0.0,0.8088,1.6086,0.0,1,0.003804904,0.381906503,0.3721932489824994
RAYMOV_clean,13.90455,9.65699,13.67506,0.424006,2112.55,4982.37,0.0,0.0,0.8122,1.91554,0.0,1,0.003497356,0.346708888,0.35001406507000044
RAZGOQ_clean,5.22922,5.1443,5.20974,1.6171,770.443,476.435,163.357,101.019,0.5102,0.315503,0.0,1,0.001843126,0.17472455,0.16943803326749954
RAZXIA02_clean,7.82014,4.3293,7.82014,1.54095,1272.68,825.908,0.0,0.0,0.459,0.297868,0.0,1,0.001168194,0.12045421,0.11701681170375083
RAZXIA_clean,7.67887,4.23308,7.64737,1.56136,1212.02,776.259,0.0,0.0,0.456,0.292053,0.0,1,0.001133008,0.117654532,0.10920652035250017
RAZYIC_clean,7.88308,6.20532,7.88308,1.40501,1615.19,1149.59,0.0,0.0,0.5966,0.424622,0.0,0,0.003754453,0.347330353,0.36118018930999995
REBRIA_clean,10.5814,2.63789,10.5814,0.973035,0.0,0.0,1787.86,1837.41,0.6822,0.701106,0.0,0,0.002025331,0.196298864,0.1901029728699999
REBROG_clean,10.27499,2.5213,10.27499,0.960063,0.0,0.0,1819.6,1895.29,0.6876,0.716203,0.0,0,0.002540835,0.245127647,0.24890015403000068
REBRUM_clean,10.39467,2.50626,10.39467,1.04116,0.0,0.0,1796.09,1725.09,0.6992,0.67156,0.0,0,0.003223988,0.323414866,0.3107136243200012
REBSAT_clean,10.33426,2.49251,10.33426,0.970255,0.0,0.0,1804.52,1859.84,0.6766,0.697342,0.0,0,0.002056977,0.198335497,0.20062619115500005
REBSIB_clean,10.66019,2.55815,10.66019,1.21138,0.0,0.0,1763.97,1456.16,0.7026,0.579997,0.0,0,0.002975545,0.298721022,0.2878006204762505
REDROI_clean,5.11492,3.52421,4.97096,1.62315,751.494,462.985,0.0,0.0,0.4856,0.299172,0.0,0,0.008614873,0.646152118,0.7002360176762477
REDYEG_clean,6.00247,5.30071,6.00247,1.71779,1047.72,609.926,0.0,0.0,0.4804,0.279662,0.0,0,0.003141266,0.277309463,0.28847964880625054
REFJET_clean,6.27741,5.87074,6.27741,1.48318,1233.99,831.987,0.0,0.0,0.4452,0.300165,0.000134845,1,0.003994151,0.371658289,0.36505255698374917
REFMEW_clean,5.40996,3.37186,5.40162,1.09945,1116.97,1015.93,0.0,0.0,0.5686,0.517167,0.0,0,0.009883669,0.793675816,0.8344051697799992
REFTON_SL,6.52014,5.78584,6.51985,1.60919,731.041,454.292,0.0,0.0,0.4398,0.273306,0.0,1,0.001326103,0.129451752,0.12156729635875127
REFTUT_clean,6.62287,5.81813,6.60232,1.44048,711.488,493.924,0.0,0.0,0.4434,0.307814,0.0,1,0.001375454,0.137859275,0.1278362190812511
REGJIW01_clean,4.19061,3.96956,4.19061,2.19605,565.019,257.289,0.0,0.0,0.3638,0.165661,0.0,0,0.007461086,0.564004217,0.587715355542496
REGJIW02_clean,4.15601,3.75321,4.15601,2.20306,528.853,240.053,0.0,0.0,0.3622,0.164407,0.0,0,0.005970067,0.489777787,0.47780227582624946
REGJIW_clean,4.22072,4.03217,4.22072,2.18549,633.476,289.856,0.0,0.0,0.367,0.167926,0.0,0,0.007762883,0.595013832,0.5940716704099956
REGLOG_clean,4.5216,3.24604,4.5216,2.07119,0.0,0.0,890.971,430.174,0.5298,0.255795,0.0,1,0.001907255,0.181861315,0.17979147826374964
REGMOH_clean,5.75637,3.63199,5.752,1.21306,695.864,573.642,0.0,0.0,0.461,0.380029,0.0,0,0.003451714,0.298607164,0.3237082241412499
REGMUN_clean,5.53731,3.62481,5.51122,1.21407,657.252,541.362,0.0,0.0,0.452,0.372301,0.0,0,0.003426492,0.289753354,0.322397032445
REGQUR_clean,6.37556,5.47534,6.06532,1.03259,2464.11,2386.34,0.0,0.0,0.6836,0.662025,0.0,1,0.004886722,0.462072765,0.4517773477774996
REGRAY_clean,9.45537,5.54963,9.26082,0.925798,2318.33,2504.14,0.0,0.0,0.7126,0.769715,0.0,1,0.0037718,0.37405847,0.36592199076375004
REGREC_clean,7.78665,6.48187,7.78665,0.899667,2411.03,2679.92,0.0,0.0,0.7204,0.800741,0.0,1,0.003734662,0.364829696,0.36851977945874936
REGRIG_clean,9.2158,6.6287,9.19553,0.813635,2298.6,2825.1,0.0,0.0,0.7402,0.909744,0.0,1,0.003218202,0.332524246,0.32127294810000107
REHHOD_clean,9.5023,7.30426,9.5023,0.978772,2065.68,2110.48,0.0,0.0,0.6764,0.69107,0.0,1,0.003255155,0.313256788,0.3184602526662512
REHVAD_clean,5.39014,4.09776,5.39014,1.21945,848.775,696.033,0.0,0.0,0.4626,0.379352,0.0,0,0.007074676,0.56691128,0.6053301313387515
REHVEH_clean,5.09966,4.72276,5.09966,1.21463,819.918,675.033,0.0,0.0,0.4664,0.383984,0.0,0,0.007003296,0.538709682,0.5904317358387511
REJLAU_clean,4.47497,3.84758,4.42236,1.74913,1220.58,697.821,0.0,0.0,0.5078,0.290316,0.0,1,0.000400435,0.04157533,0.03829754507374998
REJLEY_clean,5.1864,4.84916,5.1864,1.17199,1483.96,1266.19,0.0,0.0,0.5272,0.449833,0.0,0,0.007728557,0.648363807,0.6775686017687502
REJLIC_clean,7.01256,4.27999,7.01256,1.09096,1719.24,1575.89,0.0,0.0,0.5716,0.523941,0.0,0,0.007086953,0.628919878,0.642777368096252
REJVOS_clean,4.89378,3.67275,4.89056,1.38833,813.018,585.609,0.0,0.0,0.4646,0.334647,0.0,0,0.003561099,0.324543895,0.32627269318249835
REKCUG_clean,5.13391,3.39797,5.11577,1.71878,1203.69,700.316,0.0,0.0,0.566,0.329302,0.0,0,0.004979483,0.431227757,0.44161437200374964
RENWEM01_clean,3.12344,2.64694,3.12344,1.58333,0.0,0.0,0.0,0.0,0.4526,0.285853,0.0,1,9.03e-05,0.009532725,0.007935874452500083
RENWEM_clean,3.15125,2.6927,3.15125,1.54991,0.0,0.0,0.0,0.0,0.4542,0.29305,0.0,1,0.000320468,0.031775104,0.03141040650125016
RESQAJ_clean,5.3045,3.72656,5.30006,1.51504,527.124,347.927,0.0,0.0,0.4244,0.280124,0.0,1,0.003642307,0.308081198,0.3331824937399975
RESSAK_clean,5.33635,3.74229,5.33635,1.17983,1069.98,906.899,0.0,0.0,0.5116,0.433623,0.0,1,0.003405096,0.318180796,0.32286681037875087
RESWOC_clean,5.10105,3.16769,5.02219,1.9706,0.0,0.0,752.24,381.731,0.4602,0.233533,0.0,1,0.002156869,0.190129476,0.2045903747475003
RESWUI01_clean,4.8204,2.52516,4.8204,1.66971,0.0,0.0,638.191,382.216,0.4992,0.298974,0.0,1,0.005418734,0.449403869,0.43565167138500116
RESWUI02_clean,4.81438,2.52745,4.8119,1.66971,0.0,0.0,639.061,382.737,0.4998,0.299333,0.0,1,0.005596783,0.443447629,0.46355119308750026
RESWUI_clean,4.72323,2.47871,4.70322,1.7076,0.0,0.0,601.722,352.378,0.4822,0.282384,0.0,1,0.005675729,0.441707453,0.46352950319625047
RETBEZ_clean,5.70035,3.74465,5.68395,1.36188,872.92,640.965,0.0,0.0,0.4694,0.344669,0.0,1,0.004860822,0.41079132,0.43282546900875035
REVYUO_clean,4.59119,3.58129,4.35696,1.13884,1005.06,882.529,15.2393,13.3814,0.5666,0.497524,0.0,0,0.005093531,0.463253553,0.46712545849749865
REWLEM_clean_h,12.46985,5.92009,12.2403,0.703058,2170.85,3087.73,0.0,0.0,0.7184,1.02182,0.0,1,0.004789594,0.474634718,0.43098570976500095
REWNEO_clean,19.37323,6.76945,10.17378,0.57834,2196.18,3797.39,0.0,0.0,0.79,1.36598,0.0,1,0.003712625,0.37042909,0.366452829153751
REWSUJ_clean,7.20015,5.05884,7.19749,1.17107,1370.13,1169.98,0.0,0.0,0.5526,0.471877,0.0,1,0.002939957,0.28046876,0.27910907476749913
REXCII_clean,8.08493,5.70512,8.08493,1.37969,1708.34,1238.2,0.0,0.0,0.6152,0.445897,0.0,0,0.001761664,0.167648431,0.17408152914625039
REXCOO_clean,8.77219,5.8473,8.77219,1.32352,1734.33,1310.39,0.0,0.0,0.6516,0.492323,0.0,0,0.001570093,0.159995461,0.15438016188500062
REXCUU_clean,8.63785,5.56771,8.63785,1.36162,1719.14,1262.57,0.0,0.0,0.6254,0.459305,0.0,0,0.001793264,0.169524643,0.17783674614499997
REXDAB_clean,10.30851,5.62434,10.27466,1.28435,1767.21,1375.95,0.0,0.0,0.652,0.507649,0.0,0,0.001686616,0.165106658,0.1668052181875003
REXDEF_clean,8.48446,5.31586,8.48446,1.36884,1680.23,1227.48,0.0,0.0,0.6354,0.464188,0.0,0,0.001625392,0.167658306,0.16003886155125105
REXDIJ_clean,8.90631,7.09895,8.90631,1.2857,1723.1,1340.2,0.0,0.0,0.6524,0.507429,0.0,0,0.001611567,0.158239722,0.1573865085312512
REXDOP_clean,10.39698,6.23971,7.4603,1.26275,1736.17,1374.91,0.0,0.0,0.6598,0.522512,0.0,0,0.001558244,0.160331204,0.15372710236375048
REXDUV_clean,8.6384,5.67843,8.6331,1.35953,1719.61,1264.86,0.0,0.0,0.6318,0.464721,0.0,0,0.001603668,0.171355431,0.15673438602750098
REXFAD_clean,8.37909,6.69323,8.37909,1.32806,1739.82,1310.04,0.0,0.0,0.6402,0.482057,0.0,1,0.001621442,0.160497101,0.1585154386812513
REXFEH_clean,9.20954,5.96123,9.20203,1.33437,1715.88,1285.91,0.0,0.0,0.627,0.469885,0.0,0,0.001641192,0.159110679,0.16627579050500058
REXFIL_clean,8.77344,5.77864,8.77344,1.35848,1719.23,1265.56,0.0,0.0,0.6372,0.469054,0.0,1,0.001670816,0.166854497,0.16624308201375068
REXFOR_clean,8.55578,6.22037,8.55578,1.35087,1711.36,1266.85,0.0,0.0,0.6414,0.474804,0.0,0,0.001591818,0.162173842,0.15545983305250083
REXFUX_clean,8.11172,6.18424,8.11172,1.35522,1728.2,1275.22,0.0,0.0,0.6386,0.471215,0.0,0,0.001676741,0.167152716,0.16652293225000064
REYBAA_clean,4.19945,3.50951,4.19839,1.29344,533.841,412.731,0.0,0.0,0.4586,0.35456,0.0,0,0.002354534,0.21041311,0.2213440617100001
REYCEF_clean,3.74512,2.8228,3.74512,1.64652,0.0,0.0,49.2007,29.8816,0.3844,0.233462,0.0,1,5.5e-05,0.005158166,0.005433982529999995
REYJEM_clean,10.02209,6.26863,9.82831,0.811705,2149.78,2648.47,0.0,0.0,0.7198,0.886775,0.0,0,0.008549598,0.676528907,0.7348431600587486
REYMOZ_clean,13.17296,6.59717,13.17189,0.883255,2124.84,2405.69,0.0,0.0,0.7188,0.813808,0.0,1,0.005002351,0.429083688,0.44801049235499746
REYPES_clean,6.75417,5.73604,6.69554,1.53002,424.431,277.402,27.8439,18.1983,0.422,0.275813,0.0,1,0.001399193,0.128319298,0.13389352906500102
REYPIW_clean,5.40721,5.27542,5.40721,1.18423,1439.71,1215.73,0.0,0.0,0.5374,0.453797,0.0,0,0.008654916,0.696792083,0.7248653751224973
REZJIR02_clean,4.7149,2.73373,4.7149,1.28691,0.0,0.0,633.002,491.877,0.5318,0.413237,0.0,0,0.002628056,0.242111312,0.24040965956375035
REZJIR03_clean,4.5594,2.63083,4.55037,1.30605,0.0,0.0,537.04,411.194,0.5254,0.402281,0.0,0,0.002215023,0.215794203,0.21441526051625032
REZJIR_clean,4.71635,2.69979,4.70506,1.27847,0.0,0.0,629.272,492.206,0.5366,0.41972,0.0,0,0.002557389,0.253548289,0.24058555543625007
REZVAU_clean,5.17319,4.55903,5.17319,1.10092,1367.69,1242.32,0.0,0.0,0.552,0.5014,0.0,1,0.004698942,0.426895507,0.42947064317375067
REZXEA_clean,10.58306,9.90235,10.58306,0.641816,2266.19,3530.9,0.0,0.0,0.7602,1.18445,0.0,1,0.002261444,0.224435495,0.22166269914375009
REZXIE01_clean,8.61957,8.10066,8.61957,0.817919,2366.84,2893.73,0.0,0.0,0.7116,0.870012,0.0,1,0.002289618,0.21524904,0.22249185922999984
REZXIE_clean,8.61965,8.10074,8.61965,0.817908,2366.92,2893.87,0.0,0.0,0.7116,0.870025,0.0,1,0.002077583,0.214869515,0.2070159973125007
REZXOK_clean,14.21059,13.62195,14.20905,0.470058,1999.64,4254.04,0.0,0.0,0.8176,1.73936,0.0,1,0.002417491,0.247678705,0.22805984282249966
REZXUQ_clean,15.26291,13.95995,15.26291,0.361934,1754.08,4846.42,0.0,0.0,0.8582,2.37115,0.0,1,0.002572886,0.25802625,0.2592581709937493
RIBDAJ_clean,5.97505,5.0342,5.95251,0.92739,2392.13,2579.42,0.0,0.0,0.666,0.718144,0.0,0,0.004216668,0.425047446,0.4004215397949988
RIBDEN_clean,6.08901,5.09508,6.08573,0.93229,2330.9,2500.19,0.0,0.0,0.6512,0.698495,0.0,0,0.004406022,0.413808435,0.42765169623249955
RIBTAZ_clean,7.94342,5.01622,7.94342,0.877067,2617.13,2983.95,0.0,0.0,0.7178,0.818409,0.0,1,0.004028608,0.400873875,0.4040970124624974
RICBEM_clean,11.37522,8.59238,11.37522,0.399184,2277.32,5704.93,0.0,0.0,0.821,2.0567,0.0,1,0.003368472,0.33375978,0.34060481401500053
RICHIV_clean,4.32733,3.40584,4.32733,1.68108,513.916,305.705,0.0,0.0,0.4398,0.261617,0.0,0,0.000926749,0.088328307,0.08852718503124982
RIFDUG01_clean,13.00544,6.82625,13.00544,0.86753,2060.89,2375.58,0.0,0.0,0.7198,0.829712,0.0,1,0.005574691,0.487439903,0.5163863963049986
RIFGAQ_clean,13.18615,6.52783,13.17424,0.879718,2150.81,2444.89,0.0,0.0,0.7148,0.812533,0.0,1,0.005023663,0.433048242,0.4564302195699986
RIFMIE_clean,5.81313,3.54807,5.80072,1.27517,844.386,662.176,100.563,78.8628,0.5018,0.393516,0.0,1,0.003291781,0.290952943,0.31667374117625074
RIFQEC_clean,4.46708,2.94138,4.46708,2.65252,0.0,0.0,471.642,177.809,0.3802,0.143335,0.0,1,0.000843857,0.08133752,0.08467635218124968
RIFQUT_clean,5.6172,4.23676,5.6163,1.93171,1255.63,650.01,0.0,0.0,0.475,0.245896,0.0,1,0.001552425,0.146852729,0.1522209097750007
RIFSOQ_clean,12.93918,4.8446,12.92898,0.716983,1922.33,2681.14,0.0,0.0,0.6812,0.950093,0.0,0,0.005504737,0.52648073,0.5122405517549989
RIGPEE01_clean,4.32886,3.44721,4.31075,1.25081,566.106,452.592,0.0,0.0,0.462,0.369361,0.0,1,0.002160512,0.207269804,0.20610057074375082
RIGPEE_clean,4.3699,3.50423,4.34774,1.23163,597.681,485.277,0.0,0.0,0.468,0.379984,0.0,1,0.002095041,0.204977888,0.2005098886100007
RIGPII_clean,3.97495,3.3726,3.95808,1.25675,380.95,303.122,0.0,0.0,0.457,0.363636,0.0,1,0.001229537,0.120100851,0.12142984502875033
RIGTIL_clean,6.02864,4.29629,6.02864,1.13222,1723.76,1522.46,0.0,0.0,0.6098,0.538588,0.0,0,0.006477255,0.59651053,0.5891466527387472
RIGVOU_clean,4.93156,4.16902,4.92505,2.31703,753.709,325.291,0.0,0.0,0.3776,0.162967,0.0,0,0.003284977,0.266815284,0.3116705127912498
RIGWIP_clean,5.39694,5.17369,5.38654,2.25257,825.556,366.496,0.0,0.0,0.3946,0.175178,0.0,0,0.002783037,0.234277894,0.26006649096999923
RILVOZ_clean,4.31101,3.3071,4.17578,1.30078,0.0,0.0,552.123,424.455,0.4892,0.376082,0.0,1,0.004271983,0.403904152,0.386360214078753
RINSEM_clean,5.77452,4.19628,5.77452,1.18323,2019.49,1706.76,0.0,0.0,0.6626,0.559992,0.0,0,0.003512765,0.341315958,0.3401442630812504
RIPKIM01_clean,7.23442,6.64943,7.23442,1.25736,958.585,762.382,0.0,0.0,0.4932,0.392252,0.0,0,0.001178909,0.123812127,0.12112716611375075
RIPKIM_clean,7.16555,6.65101,7.16555,1.28891,929.295,720.995,0.0,0.0,0.4824,0.374271,0.0,0,0.001360408,0.134104272,0.12978297842375086
RIPNIP_clean,5.40468,4.16071,5.24069,1.54847,1362.91,880.165,0.0,0.0,0.5192,0.335298,0.0,1,0.002861983,0.26662392,0.27260873789250006
RIPNOV_clean,5.18205,2.42111,4.57665,1.24771,0.0,0.0,527.779,422.999,0.4948,0.396567,0.0,0,0.023187911,1.16991541,1.2487328903724937
RIPPEN_clean,5.72394,2.50689,5.72394,1.25006,0.0,0.0,535.719,428.554,0.4974,0.3979,0.0,0,0.022408106,1.162247131,1.225354631191245
RIPTAM_clean,5.57227,3.16505,5.5704,1.36277,0.0,0.0,924.811,678.626,0.5064,0.371596,0.0,1,0.001736713,0.170260618,0.1674635225975004
RIPTEQ_clean,5.96,4.10144,5.96,2.02284,1713.13,846.891,0.0,0.0,0.5442,0.269027,0.0,1,0.001156721,0.109736537,0.10916471273125052
RIPWIY_clean,5.18343,3.34956,5.18343,3.60339,921.342,255.687,42.9853,11.9291,0.4704,0.130544,0.0,1,0.00025894,0.025560185,0.025946286737499897
RIRDED_clean,8.69638,4.93276,7.75095,1.22642,1303.46,1062.82,0.0,0.0,0.5456,0.444872,0.0,1,0.003854264,0.351463839,0.35936479543750044
RITGIM_clean,5.22026,3.78444,5.12438,2.19337,1554.84,708.882,0.0,0.0,0.5434,0.247747,0.0,1,0.001063206,0.106150765,0.10515912718625073
RIVDEF_clean,4.74355,4.40879,4.74355,1.30487,1087.67,833.549,0.0,0.0,0.5116,0.392069,0.0,0,0.001387154,0.140532019,0.1370380213249997
RIVDEH_clean,12.51922,5.05893,12.51169,0.722936,1917.36,2652.18,0.0,0.0,0.6838,0.945866,0.0,0,0.005962585,0.558158942,0.5511576090037473
RIVDIL_clean,12.99518,5.18013,12.98296,0.711583,1935.93,2720.59,0.0,0.0,0.6832,0.960112,0.0,0,0.006049312,0.554502764,0.5680369323074971
RIWMUH_clean,10.50032,10.04767,10.50032,0.982459,1440.31,1466.03,0.0,0.0,0.6132,0.624148,0.0,1,0.003437582,0.327280663,0.3355632582475009
RIWSUM_clean,5.96762,4.61739,5.59799,1.1098,1315.0,1184.9,1.14823,1.03463,0.578,0.520815,0.0,1,0.002175275,0.207788743,0.21168145007500036
RIXBEG_clean,6.00946,4.04752,5.99904,1.21211,664.521,548.234,0.0,0.0,0.4704,0.388083,0.0,1,0.003958426,0.336433809,0.3540755778137491
RIXBIK_clean,6.35159,4.65776,6.34133,1.14836,1013.62,882.673,0.0,0.0,0.5162,0.449512,0.0,1,0.005165603,0.447394563,0.46525627438750017
RIXPIZ_clean,9.94535,8.42715,9.94535,0.56995,2088.86,3665.0,0.0,0.0,0.7428,1.30327,0.0,0,0.003498064,0.336752109,0.34835543354625015
RIYBAE_clean,8.18384,7.49831,8.16337,1.22176,2051.61,1679.23,0.0,0.0,0.667,0.545934,0.0,0,0.00257864,0.244808802,0.2555969447462496
RIYBEI_clean,8.30815,7.80553,8.30815,1.20426,2064.05,1713.96,0.0,0.0,0.6688,0.555362,0.0,0,0.002593123,0.249467733,0.2570777598987495
RIYBIM_clean,8.35741,7.50788,8.28491,1.24126,2090.26,1683.99,0.0,0.0,0.6636,0.534619,0.0,0,0.002728078,0.263405026,0.2682000487024998
RIYBOS_clean,8.27117,7.50835,8.18647,1.23809,2073.81,1675.0,0.0,0.0,0.6628,0.535339,0.0,1,0.002752436,0.256775085,0.2670081084249999
RIYDEJ_clean,3.64809,2.52152,3.64229,1.29858,0.0,0.0,49.6266,38.2161,0.3926,0.30233,0.0,0,0.001244092,0.124466433,0.12218084174124975
RIYWED_clean,4.63321,3.54746,4.62492,1.48698,355.273,238.923,0.0,0.0,0.3958,0.266178,0.0,1,0.00227759,0.209265876,0.21468000471624982
RIYWIH_clean,4.61736,3.75355,4.61736,1.46943,261.851,178.199,75.8401,51.612,0.4096,0.278748,0.0,1,0.002283424,0.212251045,0.21846509850875015
RIYXIG_clean,5.32542,4.68558,5.29552,1.52248,1574.19,1033.97,0.0,0.0,0.575,0.377674,0.0,1,0.001881969,0.176435941,0.17827156604374872
RIZNIY01_clean,4.32318,3.19333,4.32187,1.26245,0.0,0.0,752.026,595.689,0.4774,0.378154,0.0,1,0.004998016,0.427473034,0.43334170509500175
RIZNIY_clean,4.34911,3.29893,4.28419,1.24704,0.0,0.0,828.98,664.757,0.4824,0.386835,0.0,1,0.005595348,0.478202952,0.47282605247124954
ROBWAH_clean,5.06604,4.01581,5.06032,1.4577,413.629,283.754,105.001,72.0315,0.443,0.303902,0.0,1,0.003520678,0.305301786,0.32219684940874793
ROCZAM_clean,5.6803,4.28854,5.40999,1.1313,2335.01,2064.0,0.0,0.0,0.6432,0.568548,0.0,1,0.003305491,0.312740686,0.32767009997250107
ROCZEQ_clean,5.8918,4.42295,5.82087,1.11408,2330.31,2091.69,0.0,0.0,0.6462,0.580029,0.0,1,0.003111589,0.310381802,0.3017934989662501
ROCZIU_clean,6.78863,5.28492,6.57422,1.08447,2132.05,1965.99,0.0,0.0,0.649,0.598451,0.0,1,0.003114643,0.296770507,0.2994274005625007
ROCZOA_clean,6.50104,5.23642,6.50104,0.958325,2491.0,2599.32,0.0,0.0,0.685,0.714789,0.0,1,0.002775586,0.281075715,0.2690356261200006
ROCZUG_clean,6.74711,5.16908,6.7416,0.926118,2487.32,2685.75,0.0,0.0,0.688,0.742886,0.0,1,0.00268859,0.261197134,0.26870024137875076
RODBAP_clean,7.01898,5.1049,7.00748,0.913193,2450.75,2683.71,0.0,0.0,0.7006,0.767198,0.0,1,0.002510455,0.255001778,0.25316297407999977
ROGLOP_clean,5.33017,3.84032,5.33017,1.2463,995.82,799.02,0.0,0.0,0.527,0.422851,0.0,1,0.003174267,0.288277114,0.29548709966875125
ROGSAI_clean,7.26111,4.49108,7.2508,1.17019,1831.91,1565.48,0.0,0.0,0.6072,0.51889,0.0,1,0.002505694,0.255329134,0.24902763389624932
ROJNEJ_clean,4.01951,2.77756,4.018,1.69461,0.0,0.0,471.602,278.295,0.4414,0.260472,0.0,0,0.005841394,0.505286361,0.49040603183000103
ROLCEC13_clean,2.82746,2.43657,2.80823,1.7493,0.0,0.0,0.0,0.0,0.4388,0.250844,0.0,0,0.0,7.34e-06,7.235597499999953e-06
ROLCEC14_clean,2.81161,2.42374,2.8079,1.7472,0.0,0.0,0.0,0.0,0.4404,0.252061,0.0,0,0.0,4.2e-06,8.909522499999958e-06
ROLCEC16_clean,2.85333,2.45736,2.85333,1.74027,0.0,0.0,0.0,0.0,0.441,0.253409,0.0,0,0.0,2.1e-05,6.439947499999976e-06
ROLCEC18_clean,2.81675,2.43151,2.81114,1.74703,0.0,0.0,0.0,0.0,0.4404,0.252084,0.0,0,0.0,7.34e-06,7.266034999999952e-06
ROLCEC19_clean,2.81791,2.43915,2.81438,1.74528,0.0,0.0,0.0,0.0,0.4398,0.251994,0.0,0,0.0,7.34e-06,7.0679224999999615e-06
ROLZEZ_clean,6.54271,5.20454,6.54271,1.10411,1262.09,1143.08,86.4297,78.2797,0.5632,0.510092,0.0,0,0.005139536,0.466932608,0.46762160827124893
ROMQAN_clean,4.67601,3.58614,4.53668,1.50157,646.168,430.33,0.0,0.0,0.452,0.301019,0.0,1,0.002361226,0.220457479,0.21627281977499963
ROMQER_clean,4.41881,2.44433,4.39589,1.44738,0.0,0.0,519.76,359.105,0.4814,0.332602,0.0,1,0.0029633,0.256032431,0.2743866716924995
RONCIG_clean,9.09448,7.62606,9.09448,1.45289,1203.19,828.136,0.0,0.0,0.5812,0.400029,0.0,1,0.000667514,0.063929165,0.07071045307375001
RONSIY_clean,5.08447,4.36113,5.07274,1.22435,722.372,590.005,0.0,0.0,0.469,0.38306,0.0,1,0.008691391,0.637677348,0.708144397864998
RONSOC_clean,9.61015,5.51941,9.61015,1.44392,1795.25,1243.32,0.0,0.0,0.604,0.418306,0.0,0,0.001869802,0.185499815,0.17998006807874936
RONWIA_clean,5.83208,4.50922,5.82484,1.11758,1988.36,1779.17,0.0,0.0,0.6574,0.588235,0.0,1,0.001073447,0.112128812,0.10450241469000002
RONZID_clean,6.44623,4.93162,6.4436,1.11083,2786.39,2508.38,0.0,0.0,0.7422,0.668147,0.0,1,0.001121186,0.110479557,0.10865031813249998
RONZOJ_clean,4.79668,3.08547,4.79668,1.8064,0.0,0.0,616.399,341.231,0.4724,0.261515,0.0,1,0.000958094,0.094207491,0.08889621164749965
RONZUP_clean_h,4.06927,2.89313,4.06927,1.87075,0.0,0.0,367.091,196.226,0.4368,0.233489,0.0,1,0.000443424,0.045330425,0.042196809808750124
ROQDIM01_clean,5.18977,2.65274,5.18977,1.04189,0.0,0.0,919.887,882.899,0.579,0.555719,0.0,0,0.001892668,0.188848498,0.181927925656249
ROQDIM02_clean,5.22188,2.67795,5.22188,1.03483,0.0,0.0,945.617,913.785,0.5816,0.562022,0.0,0,0.001916448,0.188048346,0.1845974717449994
ROQDIM03_clean,5.26519,2.71024,5.26519,1.02435,0.0,0.0,974.413,951.248,0.5848,0.570897,0.0,0,0.001966808,0.185903882,0.1897911915262501
ROQDIM04_clean,5.29945,2.73341,5.29945,1.02055,0.0,0.0,991.231,971.271,0.5856,0.573808,0.0,0,0.001998982,0.190795722,0.19115143772625007
ROQDIM_clean,5.15806,2.62729,5.15806,1.04931,0.0,0.0,895.138,853.07,0.5766,0.549502,0.0,0,0.001919246,0.189778745,0.1845442397399994
ROQFUA01_clean,5.15072,2.69402,5.15072,1.01799,0.0,0.0,923.919,907.594,0.5634,0.553445,0.0,0,0.001578052,0.151167505,0.15130689863375005
ROQFUA02_clean,5.1929,2.72543,5.1929,1.00973,0.0,0.0,955.65,946.442,0.565,0.559556,0.0,0,0.001474005,0.151751771,0.1381004384537495
ROQFUA03_clean,5.23302,2.7546,5.23302,1.00188,0.0,0.0,987.565,985.713,0.567,0.565936,0.0,0,0.001539368,0.152123941,0.14974244863249975
ROQFUA04_clean,5.27507,2.77816,5.27507,0.996978,0.0,0.0,1010.45,1013.51,0.5684,0.570123,0.0,0,0.001539368,0.156268495,0.14977007044749974
ROQFUA05_clean,5.30302,2.798,5.30302,0.993255,0.0,0.0,1027.3,1034.28,0.57,0.573871,0.0,0,0.001640747,0.155230689,0.16467691107874954
ROQFUA06_clean,5.33889,2.80944,5.33889,0.990335,0.0,0.0,1042.29,1052.46,0.5704,0.575967,0.0,0,0.00154337,0.154995915,0.1499369950249997
ROQFUA_clean,5.11151,2.66584,5.11151,1.02483,0.0,0.0,897.894,876.138,0.56,0.546431,0.0,0,0.001547371,0.148947828,0.14983027294249956
ROQMER01_clean,5.16557,2.65175,5.16557,1.0453,0.0,0.0,913.508,873.92,0.5746,0.549699,0.0,0,0.001654518,0.156811228,0.16471195241874947
ROQMER02_clean,5.2044,2.68371,5.2044,1.0365,0.0,0.0,941.167,908.021,0.578,0.557645,0.0,0,0.001647441,0.160176877,0.16471369502749947
ROQMER03_clean,5.26206,2.72196,5.26118,1.02557,0.0,0.0,979.864,955.431,0.5824,0.567877,0.0,0,0.001571014,0.159535734,0.15032794874124988
ROQMER_clean,5.1464,2.63571,5.1464,1.04926,0.0,0.0,899.021,856.81,0.5746,0.547622,0.0,0,0.001600736,0.15489912,0.1524040701925003
ROQNES01_clean,5.13053,2.69825,5.13053,1.02163,0.0,0.0,940.402,920.491,0.5528,0.541095,0.0,0,0.00138667,0.130782635,0.1342804653174994
ROQNES02_clean,5.18289,2.73304,5.18289,1.0147,0.0,0.0,973.829,959.724,0.5568,0.548735,0.0,0,0.00143523,0.131617604,0.13592803896499958
ROQNES03_clean,5.26218,2.78641,5.26218,1.00261,0.0,0.0,1025.17,1022.5,0.5608,0.559337,0.0,0,0.001381274,0.1348118,0.13435972740874944
ROQNES04_clean,5.32216,2.81722,5.32216,0.999305,0.0,0.0,1054.92,1055.65,0.5618,0.562191,0.0,0,0.001428486,0.136798731,0.13653661188749966
ROQNES_clean,5.09432,2.67474,5.09432,1.02615,0.0,0.0,920.053,896.609,0.55,0.535985,0.0,0,0.001382623,0.128378895,0.1342744812387494
ROQVIE_clean,8.20229,7.33404,8.17219,0.896085,1741.45,1943.4,0.0,0.0,0.6732,0.751268,0.0,0,0.003642569,0.358377715,0.35994738189000075
RORLIV_clean,5.0614,3.45442,5.0614,1.30915,1167.77,892.008,0.0,0.0,0.6106,0.466408,0.0,0,0.001576747,0.16215936,0.15582322362250087
RORRIB_clean,5.56844,4.5608,5.56844,2.09957,1607.82,765.783,0.0,0.0,0.5896,0.280819,0.0,1,0.001549143,0.159994656,0.15317286859375057
RORTAV_clean,9.60382,5.42977,9.56238,0.669195,1791.93,2677.74,407.039,608.252,0.711,1.06247,0.0,0,0.003753909,0.365580721,0.3634701583312497
RORVAX_clean,6.42929,6.08998,6.42929,0.7293,3122.65,4281.71,0.0,0.0,0.7,0.959824,0.0,1,0.00701169,0.692364283,0.6089345657425
ROSCEH_clean,5.64584,2.78001,5.60907,1.08673,0.0,0.0,241.723,222.431,0.5,0.460094,0.0,1,0.001911975,0.171140544,0.1829120690624996
ROSKER_clean,4.26694,3.06466,4.25528,1.60499,0.0,0.0,303.288,188.965,0.4976,0.310032,0.0,1,0.000595535,0.058370863,0.06195129557250004
ROTQIC_clean,4.94875,3.6681,4.74718,1.32167,723.976,547.773,0.0,0.0,0.481,0.363934,0.0,1,0.002561844,0.234962121,0.24068906635250112
ROTTOL_clean,6.50353,4.02235,6.48646,1.01612,1524.25,1500.07,0.0,0.0,0.5582,0.549344,0.0,0,0.006137111,0.567367501,0.5668197326424987
ROYJUM_clean,8.75922,3.76722,8.42147,1.05929,1657.4,1564.64,0.0,0.0,0.5928,0.559622,0.0,0,0.007925814,0.728996944,0.6927270778812513
ROYREE_clean,6.65259,5.04516,6.56274,1.17392,1308.03,1114.24,0.0,0.0,0.5524,0.47056,0.0,1,0.009113124,0.668897427,0.7991497389974986
ROYRII_clean,6.60108,5.14039,6.60108,1.17875,1322.43,1121.89,0.0,0.0,0.5472,0.464219,0.0,1,0.008988461,0.657827295,0.7899265703337481
ROYROO_clean,6.57261,5.08535,6.54322,1.19171,1317.71,1105.73,1.69583,1.42302,0.5486,0.460348,0.0,1,0.009766541,0.710169116,0.8102654604687487
RUBDUP_clean,21.09518,19.24681,20.98484,0.298857,1270.61,4251.56,0.0,0.0,0.868,2.9044,0.0,1,0.003344613,0.316160289,0.33472780554750076
RUBGUS_clean,4.4617,3.54667,4.45263,1.35931,320.757,235.971,161.359,118.706,0.4638,0.341202,0.0,1,0.00648924,0.554255444,0.5383366788687507
RUBHOM_clean,3.70221,3.15399,3.70221,2.08698,0.0,0.0,90.6125,43.418,0.3748,0.17959,0.0,1,0.000943174,0.091560698,0.08982791247124937
RUBHUS_clean,3.58458,2.96877,3.58458,2.29328,0.0,0.0,22.355,9.74802,0.3478,0.15166,0.0,1,0.000501474,0.050080837,0.0506750688337497
RUBTAK01_SL,8.70379,4.00842,8.70379,1.20121,1712.27,1425.46,0.0,0.0,0.5914,0.492338,0.000832496,0,0.003835999,0.359422065,0.3658467248300004
RUBTAK02_SL,8.49537,3.88559,8.49537,1.23841,1654.63,1336.08,0.0,0.0,0.5866,0.47367,0.000322994,0,0.003593954,0.339893193,0.341966939008751
RUBTAK03_auto,8.46299,3.95011,8.46299,1.23778,1637.26,1322.74,0.0,0.0,0.6028,0.487,0.000161579,0,0.003527704,0.322368496,0.33709538557375024
RUCGOM_clean,4.40498,3.818,4.39366,2.16054,906.666,419.648,0.0,0.0,0.5218,0.241514,0.0,1,0.001382825,0.134583409,0.1337062500099995
RUDQUD_clean,5.30275,3.07284,5.30275,2.00224,0.0,0.0,1175.48,587.083,0.5982,0.298765,0.0,1,0.000778126,0.07587631,0.07165630664374988
RUFDUT_clean,4.69173,3.85639,4.65615,1.66558,994.805,597.274,0.0,0.0,0.4696,0.281944,0.0,1,0.005272235,0.46067413,0.4544246200974984
RUFMUA01_clean,4.11681,2.9225,4.01453,1.51217,0.0,0.0,359.122,237.488,0.3882,0.256717,0.0,1,0.005417277,0.455806734,0.4274655220350006
RUFMUA_clean,3.9762,2.77166,3.9762,1.5174,0.0,0.0,290.604,191.514,0.3642,0.240016,0.0,1,0.00347666,0.32274853,0.3222783161012476
RUFRIV_clean,7.49731,4.21343,7.49731,1.44845,1008.29,696.116,0.0,0.0,0.4786,0.330421,0.0,1,0.002565194,0.245878228,0.2442682579262506
RUFTET_clean,5.41592,3.76809,5.41592,1.32563,1019.52,769.082,0.0,0.0,0.4806,0.362546,0.0,0,0.002699182,0.255432535,0.24685703505750073
RUFZID_clean,10.67067,8.77989,10.67019,0.799166,1949.96,2439.99,0.0,0.0,0.71,0.888426,0.0,1,0.002759622,0.271252653,0.27272767441875084
RUGGIL_clean,3.81858,2.92117,3.81858,1.83565,0.0,0.0,324.169,176.596,0.5394,0.293847,0.0,1,0.000664229,0.066514837,0.06883889855124989
RUGGOR_clean,3.79357,2.90303,3.79357,1.85676,0.0,0.0,281.227,151.461,0.5222,0.281242,0.0,1,0.000560362,0.060741218,0.059920576159999656
RUGGUX_clean,3.78929,2.90906,3.78929,1.90405,0.0,0.0,267.972,140.738,0.52,0.273102,0.0,1,0.000578734,0.057943276,0.06082883871374972
RUGHEI_clean,3.7967,2.91404,3.7967,1.93097,0.0,0.0,237.42,122.954,0.5172,0.267845,0.0,1,0.000537172,0.057023869,0.05707771036374962
RUGHOS_clean,3.74757,2.86804,3.74757,2.005,0.0,0.0,228.769,114.099,0.511,0.254862,0.0,1,0.000515307,0.053618361,0.051974442804999736
RUGHUY_clean,3.74245,2.84378,3.74245,2.06389,0.0,0.0,187.997,91.0888,0.5116,0.247881,0.0,1,0.000420797,0.047489751,0.0421639063987502
RUGJEK_clean,3.67041,2.81238,3.67041,2.15947,0.0,0.0,128.917,59.6984,0.506,0.234317,0.0,1,0.000501313,0.047208105,0.051074743268749785
RUGJIO_clean,4.04139,2.83688,4.04139,2.02141,0.0,0.0,249.131,123.246,0.4354,0.215394,0.0,0,0.001153778,0.110845889,0.10957208754249986
RUGJOU_clean,3.96917,2.7608,3.96917,2.21063,0.0,0.0,202.955,91.8089,0.4366,0.1975,0.0,0,0.001142209,0.103318773,0.10985767508249981
RUGJUA_clean,3.92869,2.72588,3.91361,2.27098,0.0,0.0,187.327,82.4872,0.4352,0.191635,0.0,0,0.001077172,0.099663044,0.10525613542250031
RUGKOV_clean,6.88401,5.43231,6.88401,0.929347,2753.28,2962.6,0.0,0.0,0.6968,0.749773,0.0,1,0.004184509,0.406321809,0.4068022488849979
RUGNUE_clean,3.76683,2.87475,3.76683,1.4905,0.0,0.0,240.94,161.651,0.5156,0.345924,0.0,1,0.00099907,0.094520954,0.09866548362750033
RUGPEQ_clean,5.86915,3.30945,5.86915,1.4685,0.0,0.0,772.006,525.711,0.481,0.327545,0.0,1,0.006024134,0.49001018,0.5201642531600005
RUGXOI01_clean,6.51947,4.18889,6.51947,1.08279,1782.29,1646.02,0.0,0.0,0.638,0.589221,0.0,0,0.005427401,0.520079074,0.4926375336724987
RUGXOI_clean,5.21341,3.72816,5.20196,1.19066,1517.77,1274.73,0.0,0.0,0.586,0.492165,0.0,0,0.007979217,0.713238886,0.6861031425000008
RUGYOJ_clean,5.31747,4.41438,5.22074,1.35237,1132.24,837.223,13.731,10.1533,0.5218,0.385841,0.0,1,0.004050119,0.371308955,0.3793265505949983
RUGZAW_clean,9.17489,7.98957,9.06653,0.92991,1617.71,1739.64,0.0,0.0,0.6164,0.66286,0.0,1,0.004620043,0.4307019,0.4275782450050007
RUHCED_SL,6.00951,5.54585,6.00744,1.22913,1471.94,1197.55,0.0,0.0,0.5726,0.465859,0.0,0,0.007157458,0.622755291,0.64045728319875
RUHFEH_clean,9.84183,8.46338,9.78525,0.895692,2177.87,2431.49,0.0,0.0,0.7858,0.87731,0.0,1,0.00119939,0.129187417,0.12649279014500114
RUHFIL_clean,10.02499,8.76011,10.02499,0.882826,2167.55,2455.24,0.0,0.0,0.7844,0.88851,0.0,1,0.001345723,0.12908839,0.1318962432400016
RUHFOR_clean,10.01133,8.72369,10.0082,0.889531,2175.51,2445.69,0.0,0.0,0.787,0.884736,0.0,1,0.001260511,0.126794075,0.12922361348125125
RUHFUX_clean,9.94292,8.65457,9.91903,0.903529,2165.07,2396.24,0.0,0.0,0.7826,0.86616,0.0,1,0.001254771,0.126612165,0.12922525546250127
RUJGOT_clean,3.71093,3.17193,3.71093,1.70495,0.0,0.0,221.996,130.207,0.385,0.225813,0.0,0,0.001514081,0.141032381,0.13943259370000008
RULBOQ_clean,7.47442,6.27169,7.47442,1.39226,1576.48,1132.32,0.0,0.0,0.6106,0.438569,0.0,1,0.001314205,0.126073963,0.12919779131000098
RULQIY_clean,8.44935,6.89767,8.44935,1.57222,1115.58,709.56,0.0,0.0,0.577,0.366998,0.0,1,0.000605066,0.060105924,0.06278834905125018
RULVUP_clean,5.01128,4.18788,4.96894,1.11888,878.165,784.859,0.0,0.0,0.5036,0.450092,0.0,1,0.007438124,0.605738867,0.6575492805562508
RULXOM_clean,15.36971,3.55595,15.36971,0.839199,1628.5,1940.54,0.0,0.0,0.652,0.776931,0.0,0,0.006065815,0.572377131,0.5660648611224972
RUMROI_clean,3.98794,3.20816,3.86657,1.74728,0.0,0.0,319.482,182.846,0.4734,0.270936,0.0,0,0.002198698,0.215555524,0.20701804788375078
RUMRUO_clean,3.89523,3.56149,3.89523,2.03382,242.444,119.206,0.0,0.0,0.4326,0.212703,0.0,1,0.003567706,0.289618583,0.3237374935874975
RUNXUV_clean,5.8356,4.62926,5.8296,1.09463,1307.34,1194.33,0.0,0.0,0.5502,0.502636,0.0,0,0.008169603,0.688790114,0.6854035483587504
RUPNEW_clean,10.23147,2.96242,10.21002,0.999099,0.0,0.0,1249.09,1250.22,0.5932,0.593735,0.0,0,0.001721655,0.170273784,0.1699417058549998
RUPTED_clean,4.59148,3.67658,4.57699,2.43056,359.515,147.915,0.0,0.0,0.433,0.178148,0.0,1,0.000979636,0.085507736,0.09096053572250028
RUPVAB_clean,13.61739,4.61754,13.61739,0.953237,2216.88,2325.64,0.0,0.0,0.6886,0.722381,0.0,1,0.004571669,0.427540809,0.43099592663
RUPZIM_clean,3.48373,3.25841,3.48305,1.5496,0.0,0.0,45.163,29.1448,0.3786,0.24432,0.0,1,0.000412129,0.044914235,0.04161048166500026
RURPAW_clean,4.26453,3.57847,4.26352,2.09861,723.866,344.926,0.0,0.0,0.4906,0.233773,0.0,1,0.007185447,0.600085347,0.6050718568562484
RURPEA_clean,4.37304,3.99561,4.36427,1.79681,1037.11,577.197,0.0,0.0,0.5372,0.298975,0.0,1,0.003882181,0.365440365,0.3518298597349986
RUSHIY_clean,9.32937,5.73491,9.31763,2.81322,981.321,348.825,12.3418,4.38706,0.4998,0.177661,0.0,1,0.000350016,0.033848441,0.03522503958125004
RUSSAA_clean,4.07915,3.1886,4.07915,1.72591,0.0,0.0,346.893,200.991,0.4054,0.23489,0.0,1,0.002286188,0.220305644,0.21806037351250052
RUSWIN_clean,6.48006,3.76789,6.3774,1.27344,1499.33,1177.39,0.0,0.0,0.5498,0.431746,0.0,1,0.003673226,0.348467668,0.35484896343250055
RUSWUZ_clean,6.54942,3.9072,6.54694,1.21025,1492.0,1232.81,0.0,0.0,0.5598,0.46255,0.0,1,0.003860698,0.368306098,0.36461843829625096
RUSXAG_clean,6.44133,3.78742,6.3358,1.2672,1503.0,1186.08,0.0,0.0,0.5486,0.432924,0.0,1,0.003861917,0.364895136,0.36595602224500084
RUSXEK_clean,6.54291,3.90146,6.54291,1.24418,1488.27,1196.19,0.0,0.0,0.5602,0.450258,0.0,1,0.003703539,0.350158693,0.35710322582125065
RUTBUE_clean,5.46179,3.3167,5.42607,1.84831,950.011,513.988,28.4133,15.3725,0.5068,0.274196,0.0,1,0.001417966,0.139575172,0.13710072880749938
RUTNOK_manual,24.61263,14.64846,24.61263,0.240823,1468.58,6098.18,0.0,0.0,0.9018,3.74465,0.0,0,0.003530795,0.346863561,0.3480759841775004
RUVBOB_clean,6.09913,3.98908,5.99424,1.3777,1258.08,913.177,14.3931,10.4472,0.545,0.395586,0.0,0,0.003538438,0.325836329,0.32833520875875033
RUVCES_clean,5.62432,4.09519,5.62432,1.21847,2083.62,1710.03,0.0,0.0,0.6886,0.565136,0.0,0,0.003170706,0.296766969,0.3025338675962511
RUVKAV_clean,11.95152,7.15447,11.95152,0.601684,2230.0,3706.27,0.0,0.0,0.7794,1.29537,0.0,1,0.003345137,0.333416683,0.33959269029500055
RUVKOJ_clean,4.75623,3.34125,4.69684,1.66257,1134.87,682.602,0.0,0.0,0.5494,0.330453,0.0,1,0.001883905,0.179140294,0.17498913222749934
RUVMAX_clean,5.22433,4.41387,5.22043,1.2008,1767.14,1471.63,0.0,0.0,0.5696,0.474351,0.0,1,0.007639728,0.703487164,0.6785356270375003
RUVMUR_clean,3.8115,3.49015,3.80241,1.48235,185.395,125.068,39.5872,26.7057,0.4088,0.275779,0.0,1,0.001009521,0.092068647,0.09983117586250075
RUWWOW01_clean,5.03981,3.90859,5.01601,1.48698,1131.86,761.178,0.0,0.0,0.4928,0.331409,0.0,1,0.005167306,0.452640111,0.4588353338124999
RUWWOW_clean,5.0384,3.90108,5.0384,1.48575,1143.96,769.955,0.0,0.0,0.494,0.332493,0.0,1,0.004880409,0.449301968,0.43227572410750015
RUWWUC_clean,5.12851,4.00559,5.12851,1.54997,877.489,566.133,0.0,0.0,0.4642,0.29949,0.0,1,0.004874917,0.426645034,0.43134372959000006
RUWXAJ_clean,5.17293,4.0299,5.17293,1.53238,836.842,546.106,0.0,0.0,0.4794,0.312847,0.0,1,0.003936066,0.351602985,0.3536704231962483
RUWXEN_clean,5.03811,3.94141,5.03811,1.46802,1178.02,802.454,0.0,0.0,0.5092,0.346863,0.0,1,0.005076429,0.457947958,0.4634519264262509
RUWZOA_clean,6.55761,6.38772,6.55761,1.0684,1052.58,985.194,0.0,0.0,0.5174,0.484275,0.0,0,0.001277827,0.128832186,0.12770052548625102
RUWZUG_clean,6.65442,5.67424,6.65442,1.10163,1013.24,919.768,0.0,0.0,0.4878,0.442798,0.0,0,0.001410711,0.1418615,0.13727612154375077
RUXKUS_clean,5.88596,2.93597,5.83712,1.08185,0.0,0.0,980.068,905.918,0.549,0.507463,0.0,1,0.003017354,0.272944988,0.28617435102125
RUYNIK_clean,5.71975,3.68772,5.7164,1.35451,1400.63,1034.05,0.0,0.0,0.5398,0.398522,0.0,1,0.003414134,0.304678767,0.3246203955887511
RUYQIN01_clean,9.71547,7.35837,9.71529,1.15099,1450.59,1260.3,0.0,0.0,0.5838,0.507215,0.0,1,0.002267776,0.225114169,0.22157879055999985
RUYQIN02_clean,9.7478,7.37011,9.74761,1.14404,1452.85,1269.93,0.0,0.0,0.5842,0.510647,0.0,1,0.002210044,0.221188409,0.2164311900349997
RUYQIN03_clean,9.69288,7.37414,9.69288,1.14102,1457.05,1276.97,0.0,0.0,0.586,0.513575,0.0,0,0.002224477,0.217662262,0.2167248255299998
RUYQIN_clean,9.76179,7.44687,9.76179,1.1629,1436.26,1235.07,0.0,0.0,0.573,0.492735,0.0,1,0.002228987,0.221437377,0.2171029328999997
RUYQOT_clean,9.68542,7.26317,9.68542,1.1664,1438.72,1233.47,0.0,0.0,0.575,0.49297,0.0,1,0.002276796,0.218850273,0.22169148147624984
RUYTIQ_clean,9.62315,7.47258,9.62297,1.13645,1456.84,1281.92,0.0,0.0,0.5872,0.516695,0.0,0,0.002143292,0.212188569,0.2053314701600003
RUYTUC_clean,9.67783,7.26872,9.67783,1.16505,1440.32,1236.27,0.0,0.0,0.5776,0.495773,0.0,1,0.002293935,0.216214457,0.22181130762999984
RUYVAK_clean,9.67948,7.48497,9.67948,1.15401,1452.68,1258.81,0.0,0.0,0.5806,0.503115,0.0,1,0.002394731,0.230204668,0.2254555349912505
RUYVEO_clean,12.21297,10.12216,12.21297,0.962787,1461.82,1518.32,0.0,0.0,0.6354,0.659959,0.0,1,0.00251348,0.243562458,0.2556643033587493
RUYVIS_clean,15.8929,13.20205,15.79897,0.679059,1536.4,2262.54,0.0,0.0,0.7374,1.08592,0.0,0,0.002274677,0.217579918,0.22163067301499942
RUYZUH_clean,5.57075,3.47029,5.07859,2.36782,1042.81,440.408,0.0,0.0,0.4718,0.199255,0.0,1,0.000927919,0.092511212,0.0885423476349996
RUZCOF_clean,5.55577,4.78031,5.52738,1.59859,1464.21,915.939,0.0,0.0,0.603,0.377208,0.0,0,0.005844602,0.50385474,0.52162875408375
RUZDAS_clean,5.2699,4.49334,5.2699,1.45263,1149.42,791.271,0.0,0.0,0.5294,0.364442,0.0,1,0.002591832,0.242006798,0.24399694986750048
S2052520616005515_bm5080sup1_clean,4.47894,3.61798,4.46305,1.15409,1529.36,1325.16,0.0,0.0,0.5662,0.490602,0.0,0,0.006634265,0.628925574,0.6127085584575002
S2056989016007027_zl2661sup1_clean,6.51796,4.57602,6.50954,1.14323,1545.49,1351.86,0.0,0.0,0.5984,0.523428,0.0,0,0.006406127,0.568577294,0.5852350763862489
SABKIS_clean,6.81493,5.97974,6.81375,1.3839,1674.07,1209.68,0.0,0.0,0.6086,0.439772,0.0,1,0.003353943,0.322047385,0.3311676061975009
SABVOH01_clean,6.48998,6.20475,6.48998,1.00596,1532.58,1523.5,0.0,0.0,0.5966,0.593066,0.0,0,0.004893384,0.457585433,0.4462139128637495
SABVOH_manual,6.26548,5.9824,6.25328,0.999416,1586.53,1587.46,0.0,0.0,0.5914,0.591745,0.0,0,0.004619082,0.440668821,0.4415598231200006
SABVUN_clean_h_min,7.01984,6.76477,7.01984,0.978971,1612.66,1647.3,0.0,0.0,0.5868,0.599405,0.0,0,0.004327261,0.413567505,0.43088174030875037
SABWAU01_clean,2.82012,2.50653,2.82012,1.46396,0.0,0.0,0.0,0.0,0.3946,0.269543,0.0,0,0.0,3e-06,4.493741249999989e-06
SABWAU_SL,2.8371,2.43253,2.8371,1.46003,0.0,0.0,0.0,0.0,0.3764,0.257804,0.0,0,0.0,6.01e-06,4.888627499999994e-06
SABWEA_clean,4.53458,2.9633,4.40999,1.68711,0.0,0.0,508.309,301.29,0.44,0.260801,0.0,1,0.003325087,0.297661096,0.31282905437749897
SABWUQ_clean,4.45229,2.95916,4.25831,1.79247,0.0,0.0,428.21,238.893,0.431,0.24045,0.0,1,0.003336367,0.288150551,0.31348141252624895
SABXEB_clean,4.46851,2.96544,4.43427,1.77741,0.0,0.0,440.42,247.787,0.4316,0.242825,0.0,1,0.003459351,0.292934757,0.31868374150249834
SABXOL_clean,4.43793,2.97824,4.42212,1.81595,0.0,0.0,422.906,232.884,0.4302,0.236901,0.0,1,0.003462147,0.293526475,0.3183966287387484
SABYAY_clean,4.49231,2.91617,4.47725,1.70915,0.0,0.0,478.051,279.702,0.4376,0.256034,0.0,1,0.003217646,0.291490665,0.3007341895350001
SABYIG_clean,4.52957,3.00537,4.30857,1.72973,0.0,0.0,478.903,276.866,0.4348,0.251369,0.0,1,0.003349814,0.298158132,0.3140756934612491
SABYUS_clean,4.45202,2.89527,4.43083,1.74443,0.0,0.0,440.591,252.57,0.4322,0.24776,0.0,1,0.003377838,0.290121801,0.3133111058499988
SABZED_clean,4.43879,2.9662,4.43879,1.80329,0.0,0.0,426.692,236.619,0.431,0.239007,0.0,1,0.003359316,0.296681363,0.31350187823999903
SABZON_clean,4.43149,2.88604,4.41864,1.7717,0.0,0.0,426.863,240.934,0.4294,0.242366,0.0,1,0.003253888,0.289660066,0.30103684551999976
SACDOR_clean,8.1061,7.63768,8.07477,1.2392,2030.48,1638.54,0.0,0.0,0.6692,0.540025,0.0,1,0.00257074,0.248561226,0.25500755508999956
SACDUX_clean,8.2086,7.59473,8.16471,1.22736,2043.72,1665.13,0.0,0.0,0.6568,0.535131,0.0,1,0.002534532,0.245854215,0.2538058821174995
SADLEQ_clean,7.11187,6.8054,7.11187,1.50504,1508.7,1002.44,0.0,0.0,0.5702,0.378862,0.0,1,0.003591276,0.345464163,0.333848417585
SADLIU_clean,6.85652,6.48147,6.85652,1.67165,1571.6,940.146,0.0,0.0,0.549,0.328417,0.0,0,0.004460905,0.417227982,0.436609573986251
SADMUH_SL,7.87003,7.35,7.87003,0.987944,1759.25,1780.72,0.0,0.0,0.6412,0.649025,0.0,0,0.003956235,0.378751461,0.380968488573749
SADVEB_clean,5.28527,4.25585,5.28527,2.60318,983.265,377.718,0.0,0.0,0.4638,0.178167,0.0,1,0.001093769,0.107755945,0.10761451057500084
SAHBAF_clean,3.95463,2.96684,3.95463,1.55745,0.0,0.0,483.564,310.483,0.5306,0.340684,0.0,0,0.001713134,0.166121849,0.16300030875875002
SAHBEJ_clean,4.07549,2.99176,4.07549,1.54514,0.0,0.0,480.853,311.202,0.5204,0.336797,0.0,0,0.001670384,0.162409885,0.1605405526349999
SAHXAD_clean,7.24131,5.09073,7.23502,0.88875,2564.25,2885.23,0.0,0.0,0.6954,0.782447,0.0,1,0.003842641,0.384531952,0.37230188890499943
SAJDIT_clean,7.44507,6.67773,7.44507,1.18884,1185.58,997.26,0.0,0.0,0.5216,0.438748,0.0,1,0.002561551,0.254815161,0.24772867658499984
SAJJOF_clean,5.98285,3.00159,5.70071,1.09472,0.0,0.0,996.301,910.099,0.5128,0.468432,0.0,0,0.008799343,0.707485827,0.7264187879137496
SAJLAT_clean,5.84245,2.73423,5.84245,1.56224,0.0,0.0,1052.89,673.966,0.549,0.351419,0.0,0,0.003656986,0.313874496,0.3303236049274985
SAJLEX_clean,5.74335,2.74968,5.74335,1.61155,0.0,0.0,1030.3,639.32,0.547,0.339424,0.0,0,0.003676728,0.310843617,0.3292536963612479
SAJLOH_clean,3.93705,3.25282,3.93705,1.50144,0.0,0.0,629.154,419.034,0.5396,0.359388,0.0,1,0.002457624,0.245474506,0.22986628974499976
SAJRAW10_clean,6.98873,5.65739,6.98873,1.03716,2658.72,2563.46,0.0,0.0,0.7434,0.716765,0.0,0,0.001363315,0.130334344,0.13381651873000117
SAJRAW_clean,6.95776,5.62966,6.95776,1.0485,2631.43,2509.71,0.0,0.0,0.7242,0.690701,0.0,0,0.001363315,0.131287943,0.13379660614875116
SAJRUT_clean,6.75939,5.98836,6.75562,0.832145,2447.69,2941.42,0.0,0.0,0.6812,0.818608,0.0,1,0.004176492,0.423474147,0.40697880242874745
SAJSAA_clean,6.806,6.26285,6.79743,1.09035,1505.97,1381.18,0.0,0.0,0.546,0.500758,0.0,1,0.006453143,0.587997521,0.5854604230199988
SAKDAM01_clean,5.46594,2.98755,5.46361,1.62719,0.0,0.0,1032.78,634.701,0.5494,0.337636,0.0,0,0.003725546,0.318522658,0.33301071071874877
SAKDAM_clean,5.75511,2.70719,5.75511,1.62577,0.0,0.0,1014.79,624.192,0.5468,0.336334,0.0,0,0.003667231,0.313492843,0.3293599829637479
SAKDEP_clean,5.60133,3.20042,5.60133,1.15323,0.0,0.0,686.284,595.097,0.4682,0.40599,0.0,0,0.005017808,0.442736512,0.43611803392250126
SAKFAO_clean,5.49411,3.00975,5.49411,1.61116,0.0,0.0,1030.68,639.714,0.5506,0.341741,0.0,0,0.003755149,0.319228933,0.3326908491024988
SAKRAZ_clean,5.58245,5.12904,5.58245,1.03675,2394.2,2309.33,0.0,0.0,0.6546,0.631396,0.0,1,0.003742435,0.36579943,0.3672385594949999
SAKRED_clean,5.5169,5.02553,5.5169,1.03225,2416.65,2341.14,0.0,0.0,0.6696,0.648678,0.0,1,0.003622764,0.356474167,0.35136930193500177
SALLAT_clean,4.08142,3.0423,4.08142,1.48993,0.0,0.0,354.958,238.239,0.513,0.344312,0.0,0,0.002136796,0.204902591,0.2001115553550008
SALRON_clean,4.1281,3.10428,4.1281,1.26065,0.0,0.0,384.172,304.741,0.4824,0.38266,0.0,0,0.00270316,0.248427553,0.2443481784275
SALXEL_clean,17.7233,14.92578,17.7233,0.954529,1589.06,1664.76,49.7541,52.1243,0.7288,0.763518,0.000419055,1,0.001860028,0.189987427,0.18149292542624862
SALXIP_clean,18.35498,16.34268,18.35498,1.06535,1653.8,1552.35,0.0,0.0,0.7432,0.697612,0.00112639,1,0.001414268,0.137123182,0.13932336885125107
SALZAH_clean,5.2131,3.75496,5.20977,1.33753,1363.66,1019.54,0.0,0.0,0.5834,0.436178,0.0,1,0.001404128,0.135568574,0.13939240813374962
SAMLAV_manual,5.80959,3.99095,5.75161,1.19097,1685.7,1415.4,0.0,0.0,0.5904,0.495731,0.0,0,0.003466495,0.336010714,0.33602262864000115
SAMVEK_clean,7.83578,6.98017,7.83578,0.980713,1609.04,1640.69,0.0,0.0,0.611,0.623016,0.0,0,0.003073766,0.308409601,0.2996995010225013
SANGEW_clean,6.64431,4.85626,6.63808,1.45126,1299.25,895.255,0.0,0.0,0.529,0.36451,0.0,1,0.006931535,0.599514083,0.5809556747112504
SANGUM_clean,6.61883,4.82903,6.58035,1.50455,1309.82,870.575,0.0,0.0,0.5346,0.355323,0.0,1,0.004826996,0.44068899,0.4350248093300003
SANHIB_clean,6.11189,4.81167,6.1084,1.59136,1228.71,772.117,0.0,0.0,0.5088,0.319727,0.0,1,0.006797577,0.583273719,0.5753412494837498
SANHOH_clean,6.60456,4.91636,6.49799,1.53725,1315.89,856.008,0.0,0.0,0.5322,0.346204,0.0,1,0.004638338,0.42543303,0.4328732757449993
SANHUN_clean,6.50583,4.8025,6.36295,1.599,1277.92,799.196,0.0,0.0,0.517,0.323327,0.0,1,0.006829014,0.581799194,0.5796939710699996
SANJAV_clean,6.50945,4.91174,6.48422,1.32827,1290.56,971.607,0.0,0.0,0.515,0.387722,0.0,1,0.008288073,0.721672869,0.6987302147549996
SAPBAP_clean,2.95189,2.47298,2.95189,1.40313,0.0,0.0,0.0,0.0,0.4368,0.311304,0.0,0,0.0,3.53e-05,4.827872499999973e-06
SAPHUP_clean,5.84607,2.5468,5.84069,1.69998,0.0,0.0,321.602,189.18,0.462,0.271769,0.0,0,0.001766593,0.146967426,0.16537929909250038
SAPJEZ_clean,6.92299,3.26636,6.92274,1.48778,0.0,0.0,1369.63,920.584,0.5514,0.370619,0.0,0,0.003858249,0.358484384,0.3420777428762496
SAQQAD_clean,10.6229,9.13911,10.59086,0.899459,1701.71,1891.92,0.0,0.0,0.6748,0.750228,0.0,1,0.00342446,0.346499361,0.3384116288175006
SAQQEH_clean,10.62623,9.13273,10.62623,0.914395,1723.95,1885.35,0.0,0.0,0.6746,0.737756,0.0,1,0.003495376,0.35042114,0.3412220074662507
SAQQIL_clean,10.65559,9.10715,10.62918,0.918282,1715.69,1868.37,0.0,0.0,0.6836,0.744434,0.0,1,0.003533257,0.349662161,0.3439386156162507
SAQQOR_clean_h,10.68647,9.07282,10.64358,0.778283,1708.0,2194.57,0.0,0.0,0.6882,0.884254,0.0,1,0.004045179,0.396775392,0.40368943409624763
SAQSOU_clean,6.47651,3.98462,6.43461,1.44924,1500.2,1035.16,0.0,0.0,0.568,0.391929,0.0,1,0.001738817,0.164120953,0.17212906104249995
SAQZOB_clean,5.52453,3.15029,5.42513,1.07284,0.0,0.0,869.185,810.17,0.4982,0.464374,0.0,1,0.006815992,0.534879102,0.5856658435237507
SARGID_clean,11.28011,10.79695,11.27845,1.13003,1551.23,1372.74,0.0,0.0,0.643,0.569013,0.0,1,0.002861455,0.28177704,0.28500009225999834
SARGOJ_clean,11.21149,10.84114,11.20988,1.13101,1553.18,1373.27,0.0,0.0,0.6422,0.56781,0.0,1,0.002772432,0.278678493,0.27089597588999953
SARGUP_clean,11.61678,10.99568,11.61678,1.13145,1593.32,1408.21,0.0,0.0,0.6444,0.569535,0.0,1,0.002945028,0.297331548,0.2868723245762488
SARHAW_clean,11.26396,10.8267,11.26396,1.13289,1578.11,1393.0,0.0,0.0,0.6352,0.560691,0.0,1,0.002865089,0.279784922,0.28502830073374846
SARHEA_clean,11.57288,10.94497,11.57288,1.13911,1582.39,1389.14,0.0,0.0,0.6384,0.560437,0.0,1,0.003028601,0.299093841,0.2947568665874989
SARMEE_clean,4.34974,3.44315,4.3363,1.72993,254.091,146.879,149.818,86.6033,0.429,0.247987,0.0,1,0.002603476,0.244539382,0.23902715245500086
SARMII_clean,4.27353,3.3718,4.25894,1.74631,408.216,233.759,0.0,0.0,0.4322,0.247493,0.0,1,0.00284981,0.257435575,0.27196080977125037
SARMOO_clean,5.19552,2.43072,5.09022,1.4554,0.0,0.0,813.986,559.288,0.4822,0.331318,0.0,1,0.003879778,0.349207492,0.34257429154624874
SARNOQ_clean,9.2766,6.16862,9.2766,1.10826,1838.17,1658.6,0.0,0.0,0.6536,0.589751,0.0,0,0.002160226,0.203047408,0.21107633116499985
SARTIR_clean,8.84902,7.39282,8.55302,0.84182,1819.29,2161.13,0.0,0.0,0.6546,0.7776,0.0,0,0.003248231,0.310828129,0.3183942514375012
SASKIH_clean,3.73163,2.8065,3.72675,1.83974,0.0,0.0,147.343,80.0892,0.4642,0.252318,0.0,1,0.001423534,0.136433596,0.13210145018874972
SATCIB_clean,6.83956,2.8933,6.83956,1.59573,0.0,0.0,1026.71,643.411,0.5088,0.318851,0.0,1,0.001322588,0.133803108,0.12527810627499952
SATRIP_clean,5.64735,4.63209,5.64735,1.5207,2001.22,1315.99,0.0,0.0,0.609,0.400475,0.0,1,0.001912423,0.192331895,0.1867267033812498
SATROV_clean,5.68214,4.67755,5.6433,1.62598,1989.31,1223.46,0.0,0.0,0.6086,0.374297,0.0,1,0.001990101,0.194184855,0.1933329530487504
SAXFII_clean,3.19795,2.52927,3.19206,1.73837,0.0,0.0,0.0,0.0,0.3792,0.218136,0.0,1,8.8e-06,0.001029756,0.0008596404600000018
SAXLEK_clean,9.25038,8.58806,9.25038,1.08002,1714.03,1587.03,0.0,0.0,0.6988,0.647023,0.0,1,0.00080345,0.083713149,0.07867096558500042
SAXRIS_clean,6.95604,5.1283,5.82931,1.88243,2109.8,1120.78,0.0,0.0,0.5242,0.27847,0.000106246,1,0.000756124,0.073593277,0.07213771740000023
SAYKIO_clean,4.81299,3.22485,4.81299,1.81919,0.0,0.0,552.723,303.83,0.4764,0.261875,0.0,1,0.001284945,0.115906882,0.11984603440249966
SAYTOD_clean,6.38142,4.3971,6.36474,1.32305,2428.66,1835.65,0.0,0.0,0.7024,0.530895,0.0,1,0.00062367,0.068188907,0.06415332340375025
SAYTUJ_clean,5.53716,4.24775,5.50087,1.26647,2678.26,2114.75,0.0,0.0,0.7138,0.563615,0.0,1,0.000784356,0.074858991,0.07376523492750026
science.1056698_manual,16.36523,5.22927,16.36523,0.720658,2117.08,2937.7,0.0,0.0,0.7092,0.9841,0.0,1,0.004576587,0.448286141,0.431802202346249
SEFBOV_clean,5.65834,5.15011,5.64688,1.02534,2480.47,2419.17,0.0,0.0,0.6702,0.653638,0.0,1,0.003619138,0.347979348,0.3511197238350017
SEFSOM_clean,7.74471,4.63206,7.74435,1.3092,888.245,678.465,0.0,0.0,0.4856,0.370914,0.0,0,0.002044957,0.207653829,0.18910323089874975
SEFTUU_clean,11.47019,3.47366,11.47019,0.90919,1502.21,1652.25,0.0,0.0,0.6416,0.705683,0.0,0,0.00205495,0.201472063,0.20180184762375017
SEFVAC_clean,11.52297,3.67055,11.52297,0.903784,1536.01,1699.54,0.0,0.0,0.6434,0.711896,0.0,0,0.00180323,0.187233868,0.18104361467749935
SEFVEG02_clean,11.61381,3.82654,11.61381,0.901728,1567.52,1738.35,0.0,0.0,0.642,0.711966,0.0,0,0.001798653,0.170567719,0.18141013467874934
SEFVEG_clean,11.61384,3.82499,11.61384,0.903214,1567.68,1735.67,0.0,0.0,0.6424,0.711238,0.0,0,0.001697965,0.171011662,0.16945878424375027
SEFVUW_clean,11.26795,3.60856,11.26795,0.928704,1552.88,1672.09,0.0,0.0,0.6514,0.701407,0.0,0,0.001841865,0.186577056,0.1812464469562492
SEFWAD_clean,11.60905,3.66396,11.60905,0.909829,1580.0,1736.59,0.0,0.0,0.6436,0.707386,0.0,0,0.001652198,0.168727875,0.1692301419900002
SEFWEH_clean,11.26494,3.61002,11.26494,0.914157,1525.26,1668.49,0.0,0.0,0.6436,0.704037,0.0,0,0.002000029,0.203371404,0.1932453582750001
SEFWIL_clean,11.33313,3.69478,11.33313,0.92841,1562.33,1682.8,0.0,0.0,0.6504,0.700552,0.0,0,0.001731668,0.174909665,0.1774507201112498
SEFWOR_clean,11.5954,3.6311,11.5954,0.926162,1578.03,1703.84,0.0,0.0,0.6492,0.700957,0.0,0,0.001502278,0.149056094,0.1539809947862506
SEGBIR_clean,10.04679,9.57778,10.04679,1.2245,885.139,722.858,0.0,0.0,0.519,0.423847,0.0,1,0.001119544,0.102998085,0.1091793844087503
SEGMEW_clean,4.54304,3.58735,4.3932,1.55869,710.369,455.747,0.0,0.0,0.505,0.32399,0.0,1,0.000665589,0.064070801,0.06992260816000002
SEHLAU_clean,3.41293,2.80417,3.3875,2.10818,0.0,0.0,0.711404,0.33745,0.3806,0.180535,0.0,1,8.15e-06,0.001207758,0.0005445485525000009
SEHNID_clean,5.75155,4.35756,5.66689,1.44623,1469.69,1016.22,4.17576,2.88733,0.5848,0.404361,0.0,1,0.000795357,0.081056652,0.07593744390625044
SEHSII_clean,5.51627,4.61799,5.4977,1.32529,2244.33,1693.46,0.0,0.0,0.6396,0.482611,0.0,1,0.003953703,0.373998707,0.3798557298375005
SEHSOO_clean,5.47299,4.61822,5.4729,1.35698,2221.14,1636.82,0.0,0.0,0.6394,0.471192,0.0,1,0.003706967,0.372845126,0.36418954867125003
SEHSUU_clean,5.44704,4.60331,5.44667,1.3755,2258.75,1642.13,0.0,0.0,0.6246,0.454089,0.0,1,0.003908356,0.377237063,0.378199395933751
SEHTAB_clean,5.41612,4.59352,5.36104,1.41024,2230.71,1581.8,0.0,0.0,0.6402,0.453966,0.0,1,0.005023542,0.480917359,0.4714085490612504
SEHTEF_clean,5.47631,4.61623,5.47631,1.08146,2270.04,2099.06,0.0,0.0,0.6446,0.596049,0.0,1,0.00548006,0.525414864,0.5038281038687501
SEHVOQ_clean,4.8676,3.87877,4.8676,1.74504,1289.65,739.04,0.0,0.0,0.497,0.284807,0.0,1,0.006452088,0.580755892,0.552585660112499
SEHXIN_clean,7.02055,6.72566,7.02055,1.5497,1564.27,1009.4,0.0,0.0,0.5642,0.364069,0.0,0,0.003537191,0.34561007,0.32850874333624963
SEHZUB_clean,5.72411,4.04304,5.72411,1.14687,1108.91,966.904,0.0,0.0,0.5276,0.460036,0.0,1,0.002828306,0.268969582,0.27440939596999897
SEJBAL_clean,5.28042,3.84303,5.01194,1.17037,1017.74,869.583,0.0,0.0,0.5124,0.437809,0.0,1,0.002488225,0.238405426,0.23506962208374954
SENVIR_clean,15.37344,3.88956,15.37344,0.850165,1726.79,2031.12,0.0,0.0,0.6596,0.77585,0.0,1,0.006171168,0.577037533,0.5634602986637467
SEQSIS_clean,5.53296,4.93164,5.53296,1.1424,1232.92,1079.24,0.0,0.0,0.546,0.477942,0.0,1,0.008524575,0.699981637,0.7106016577062495
SEQSOY_clean,6.18995,5.53555,6.17075,1.00925,1555.89,1541.63,0.0,0.0,0.5934,0.587963,0.0,1,0.006747017,0.626378911,0.6136257054750023
SEQTEP_clean,7.6925,5.22397,7.6925,0.967552,1457.91,1506.8,0.0,0.0,0.5822,0.601725,0.0,1,0.004671694,0.426066094,0.4354347916812495
SERCEZ_clean,10.07441,8.56931,10.07441,0.708098,2363.51,3337.82,0.0,0.0,0.7424,1.04844,0.0,1,0.004333426,0.4207062,0.4197259632962505
SERJOP_clean,8.8151,8.02852,8.80673,1.47492,1445.52,980.069,0.0,0.0,0.5668,0.384292,0.0,1,0.001696511,0.167531899,0.16518089574750106
SERJUV_clean,8.81658,8.12377,8.8037,1.17608,1441.79,1225.93,0.0,0.0,0.577,0.490611,0.0,1,0.002168071,0.213055883,0.21238896692499956
SERLEI_clean,11.28347,6.23061,11.2833,0.73908,2383.12,3224.44,0.0,0.0,0.7306,0.988527,0.0,1,0.00500803,0.470242497,0.46850636470374846
SERWAP_clean,5.42763,4.05857,5.33801,0.873598,1883.71,2156.27,0.0,0.0,0.6098,0.698033,0.0,0,0.008166189,0.742866683,0.6987846076799978
SESDEA01_clean,3.29226,2.68487,3.28844,1.93015,0.0,0.0,0.0,0.0,0.3566,0.184752,0.0,1,0.00015042,0.014656913,0.01678870579124996
SESDEA_clean,3.28889,2.67675,3.2731,1.93436,0.0,0.0,0.0,0.0,0.3564,0.184247,0.0,1,0.000125884,0.012889208,0.010350894335000084
SETDUS_clean,4.71148,4.0993,4.71148,1.05303,1402.23,1331.61,0.0,0.0,0.6032,0.572822,0.0,1,0.004714257,0.455360115,0.4289019536637504
SETFUT_clean,3.9907,2.59315,3.9907,1.51085,0.0,0.0,723.966,479.179,0.5038,0.333456,0.0,1,0.011893895,0.887655808,0.8322755747637512
SETPEO_clean,14.47047,3.66339,14.46844,0.794221,1742.27,2193.69,0.0,0.0,0.7298,0.918888,0.0,1,0.003641264,0.356011754,0.3580724842612513
SETQAL_clean,4.42679,4.26632,4.42679,1.31307,1092.38,831.931,0.0,0.0,0.5278,0.40196,0.0,0,0.007686691,0.62903328,0.6530756062962493
SETQEP_clean,4.49444,4.34625,4.49444,1.29869,1133.37,872.699,0.0,0.0,0.5334,0.410721,0.0,0,0.007697286,0.635876342,0.6546951451387497
SETQIT_clean,4.41727,4.22902,4.41727,1.31505,1081.66,822.523,0.0,0.0,0.5234,0.398009,0.0,0,0.007582065,0.628400228,0.6505310271737497
SETQOZ_SL,7.85539,7.34267,7.85421,0.993925,1777.54,1788.41,0.0,0.0,0.6354,0.639284,0.0,0,0.003966785,0.378118463,0.38080431363374906
SETQUF_SL,7.76352,7.22608,7.76352,0.996606,1737.41,1743.32,0.0,0.0,0.6204,0.622513,0.0,0,0.003794078,0.379437111,0.36868686449874977
SETRAM_clean,8.05582,7.60574,8.05085,0.990751,1790.54,1807.25,0.0,0.0,0.6356,0.641533,0.0,0,0.004203576,0.416882465,0.40705891084499873
SETSIV_clean,10.19056,8.58608,10.19056,0.702208,2298.35,3273.03,0.0,0.0,0.7264,1.03445,0.0,1,0.003650851,0.37267144,0.3608076865912515
SETSOB_clean,6.38657,4.98443,6.37723,0.814512,2668.09,3275.69,0.0,0.0,0.6874,0.843941,0.0,0,0.004797108,0.45662402,0.44535667961874986
SETWOF_clean,4.09182,2.56398,4.09182,1.91088,0.0,0.0,261.407,136.8,0.4628,0.242193,0.0,1,0.000882821,0.086933491,0.08672900744999941
SETWUL_clean,3.71353,2.9815,3.7011,2.05864,0.0,0.0,101.525,49.3167,0.432,0.209847,0.0,1,0.000382562,0.035700014,0.03610131995000008
SETXAS_clean,3.80992,3.02112,3.70447,2.01139,0.0,0.0,214.938,106.86,0.4678,0.232576,0.0,1,0.000384689,0.036874087,0.036177665748750074
SETXEW_clean,4.58511,3.92335,4.57028,2.3001,529.435,230.179,0.0,0.0,0.417,0.181296,0.0,1,0.000658,0.062509951,0.0654995686662503
SEVLEM_clean,9.1752,7.37433,9.1752,0.963135,2062.24,2141.17,0.0,0.0,0.6686,0.694191,0.0,1,0.002155798,0.211103961,0.21122872041000001
SEVWEV_clean_h,3.1447,2.52683,3.07156,1.94884,0.0,0.0,0.0,0.0,0.4256,0.218386,0.0,1,1.42e-05,0.001286693,0.0012013165287500002
SEWCED_clean,12.17369,9.5104,12.17369,0.810307,1760.05,2172.08,0.0,0.0,0.6728,0.830303,0.0,1,0.002491981,0.246010178,0.2516354749174997
SEYDUW_clean,4.09478,3.2522,4.09478,1.64876,0.0,0.0,365.072,221.422,0.4714,0.285911,0.0,1,0.0034346,0.305435986,0.32148756219499797
SEYFAE_clean,4.13987,3.30607,4.13987,2.02738,0.0,0.0,435.466,214.793,0.471,0.23232,0.0,1,0.002137063,0.20754267,0.19725158164625087
SEYFEI_clean,4.05966,3.18681,4.05966,2.14126,0.0,0.0,327.325,152.866,0.4646,0.216976,0.0,1,0.002475592,0.234352147,0.22889519533874977
SEYNAM_clean,4.61019,3.49627,4.57613,1.21074,674.404,557.017,0.0,0.0,0.4702,0.388357,0.0,1,0.003267783,0.294464808,0.30773806505750156
SEYQIW_clean,5.89707,5.20358,5.89707,1.03265,2825.78,2736.42,0.0,0.0,0.6948,0.672829,0.0,0,0.003202493,0.299087513,0.3137685421325013
SEZPOE_clean,4.80607,4.08896,4.78655,1.66902,1314.15,787.374,0.0,0.0,0.5938,0.355777,0.0,0,0.004429197,0.423095903,0.42702211533375084
SIBDEO_clean,4.05172,3.23248,4.05172,1.39183,0.0,0.0,169.112,121.503,0.4274,0.307077,0.0,1,0.00044538,0.048968022,0.041765602666249964
SIBLAQ_clean,3.7637,3.02186,3.7637,1.49639,0.0,0.0,366.029,244.608,0.526,0.351513,0.0,0,0.002114827,0.217375353,0.20022284583375072
SIBMIB_clean,3.58684,2.48118,3.39949,2.03136,0.0,0.0,27.2502,13.4148,0.3882,0.191103,0.0,1,9.75e-05,0.009066448,0.010618284718750077
SICDAL_clean,2.83865,2.57119,2.83865,1.71176,0.0,0.0,0.0,0.0,0.3988,0.232977,0.0,0,0.0,2.82e-05,1.5980400000000048e-05
SICZOV_clean,18.76086,11.86635,18.76086,0.419881,1773.06,4222.76,0.0,0.0,0.8408,2.00247,0.0,1,0.003722284,0.361811487,0.36876315118249986
SIDCAL_clean,9.18075,7.95829,9.18075,1.0779,1545.97,1434.24,0.0,0.0,0.5948,0.551815,0.0,0,0.002897221,0.276581948,0.2846687843774988
SIFVAG_clean,5.52904,3.49181,5.49354,1.16245,673.998,579.808,0.0,0.0,0.4796,0.412577,0.0,1,0.00196452,0.188341306,0.18759992653875038
SIHLUQ_clean,6.79694,3.06642,6.79694,1.50048,0.0,0.0,1308.6,872.123,0.5456,0.363617,0.0,0,0.004404909,0.387019485,0.407709140681252
SIKGAW_clean,4.92676,4.21433,4.92676,0.888887,2386.29,2684.58,0.0,0.0,0.6492,0.730352,0.0,0,0.003133536,0.30806892,0.30321693196500044
SIKJOM_clean,4.32762,2.99344,4.29007,1.20467,0.0,0.0,502.709,417.299,0.5312,0.44095,0.0,1,0.002136593,0.213972934,0.20168002997625126
SIKYER_clean,6.53029,4.26393,6.50771,1.2109,2088.91,1725.09,0.0,0.0,0.6104,0.504089,0.0,1,0.003447769,0.328832264,0.3396521650875007
SINQEL_clean,5.80887,4.60559,5.80549,1.29073,2087.2,1617.07,0.0,0.0,0.6484,0.502351,0.0,0,0.004679123,0.453185045,0.44037529903375044
SINVAM_clean,4.31766,3.04283,4.31766,2.07819,0.0,0.0,366.904,176.55,0.4626,0.222598,0.0,0,0.015197217,1.214374876,0.8710708306237472
SINZIA_clean,4.91536,2.60564,4.56994,1.25849,0.0,0.0,178.701,141.996,0.4288,0.340725,0.0,0,0.008041685,0.464262971,0.5913100742324964
SIPCID_clean,5.31594,4.0774,5.2787,1.47588,738.038,500.065,0.0,0.0,0.506,0.342845,0.0,0,0.001238192,0.11651878,0.12561166770500076
SIPVOD_clean,3.92493,3.29925,3.90008,2.21172,0.0,0.0,54.3163,24.5584,0.3766,0.170274,0.0,1,9.03e-05,0.009348672,0.008826218405000044
SIPWUK_clean,3.80122,3.02694,3.78391,1.68555,0.0,0.0,211.871,125.699,0.4438,0.263297,0.0,1,0.001970616,0.193930089,0.18766164271375008
SIQCOM_clean,4.78607,3.41332,4.77151,1.37032,965.525,704.599,0.103074,0.0752192,0.535,0.39042,0.0,1,0.003706663,0.350600144,0.348970390843749
SIQCUS_clean,4.79944,3.35813,4.79944,1.37086,955.599,697.081,0.0,0.0,0.547,0.39902,0.0,1,0.003831741,0.349157649,0.35406743310124966
SIQFED_clean,4.03685,3.30285,4.03344,2.45342,0.0,0.0,320.447,130.613,0.4164,0.169722,0.0,0,0.001273423,0.127366612,0.12091580464749997
SIQFIH_clean,4.05766,3.29888,4.03501,2.45502,0.0,0.0,351.593,143.214,0.42,0.171078,0.0,0,0.001278203,0.121504702,0.12088305560624996
SIQQEO_clean,5.38066,4.73377,5.38066,1.02212,1743.14,1705.42,0.0,0.0,0.596,0.583103,0.0,1,0.00397354,0.388335182,0.3753625468462504
SIRBIG06_clean,4.1335,2.41665,4.1335,1.19674,0.0,0.0,446.555,373.142,0.5306,0.44337,0.0,0,0.00490577,0.468630101,0.42199175809875217
SIRBIG07_clean,4.7082,2.80039,4.7082,1.11789,0.0,0.0,701.01,627.085,0.557,0.498261,0.0,0,0.00421108,0.401017087,0.38252042985125206
SIRZUQ_clean,6.19917,3.14657,6.19917,1.64949,0.0,0.0,288.592,174.958,0.4238,0.256928,0.0,1,0.000879375,0.084128118,0.08586241035750004
SISFEH_clean,4.41588,3.6646,4.35167,1.61069,592.834,368.062,0.0,0.0,0.4254,0.26411,0.0,1,0.00214208,0.19527609,0.19681326569750024
SISPUH_clean,5.99511,5.1936,5.99511,1.69632,1257.02,741.025,0.0,0.0,0.5152,0.303716,0.0,1,0.00479401,0.416961486,0.4298920215312498
SISQAO_clean,5.99338,5.23289,5.99338,1.66873,1254.35,751.683,0.0,0.0,0.5178,0.310297,0.0,1,0.004820162,0.416338021,0.42980593488874985
SISQES_clean,5.97003,5.21528,5.97003,1.65966,1234.67,743.931,0.0,0.0,0.5184,0.312353,0.0,1,0.004769092,0.416809734,0.42941289179749925
SISQIW_clean,6.00511,5.20372,6.00511,1.61583,1236.89,765.482,0.0,0.0,0.521,0.322434,0.0,1,0.004622278,0.410000555,0.42763687082999896
SITTUM_clean,6.67296,3.57209,6.58264,1.4371,626.277,435.791,0.0,0.0,0.4524,0.3148,0.0,1,0.002731477,0.253631174,0.24508931914500046
SIVGOV_clean,5.24396,4.0676,5.24396,1.11955,1644.75,1469.11,0.0,0.0,0.6106,0.545397,0.0,1,0.00395278,0.381213823,0.37265192314750123
SIVGUB_clean,8.31266,6.47199,8.20556,0.679186,2443.34,3597.46,0.0,0.0,0.7546,1.11104,0.0,1,0.004160563,0.400917191,0.40753211329874767
SIVJIS_clean,6.47513,4.62269,6.40533,1.38853,1236.89,890.797,0.0,0.0,0.5274,0.379827,0.0,0,0.004811388,0.418428453,0.43678311171124995
SIVQAR_clean,8.43693,5.95196,8.03277,1.35381,1577.05,1164.9,0.0,0.0,0.616,0.455013,0.0,1,0.00325252,0.311353857,0.3129606040625008
SIVSOH_clean,5.26253,2.4934,5.26253,1.03652,0.0,0.0,415.182,400.553,0.5006,0.482961,0.0,0,0.004764244,0.4075571,0.4125638922775021
SIVVAW_clean,5.08743,3.23479,5.07493,1.60763,0.0,0.0,602.076,374.512,0.4514,0.280786,0.0,0,0.008037252,0.536863992,0.6157640019774969
SIVWUR_clean,4.87776,4.03318,4.87776,1.72206,462.742,268.715,0.0,0.0,0.3598,0.208936,0.0,0,0.009234325,0.548970954,0.7261259380275008
SIWPUL11_clean,3.73937,3.20845,3.73937,1.4711,0.0,0.0,33.5218,22.7869,0.4754,0.32316,0.0,0,0.000316628,0.032052046,0.03113965145875013
SIWSUO_clean,4.95346,3.52092,4.93971,1.30798,969.125,740.933,0.0,0.0,0.499,0.381505,0.0,1,0.010126285,0.816133453,0.812581327076254
SIWTEZ_clean,6.78942,4.98966,6.77665,1.39975,1050.66,750.605,0.0,0.0,0.4732,0.33806,0.0,1,0.003132165,0.292462992,0.2903934132300001
SIWTOJ_clean,4.72876,3.487,4.72876,1.43464,1201.3,837.352,0.0,0.0,0.525,0.365944,0.0,1,0.010797187,0.859311074,0.848560163582504
SIWZOP01_clean,3.50826,3.23008,3.50408,1.31602,0.0,0.0,39.3751,29.9199,0.473,0.359418,0.0,0,0.000709229,0.071869035,0.07001170023624957
SIWZOP02_clean,3.5184,3.24337,3.5184,1.31057,0.0,0.0,47.682,36.3826,0.476,0.3632,0.0,0,0.000741912,0.078974394,0.07029550949124957
SIYXIH10_clean,3.56925,2.56217,3.56925,1.55164,0.0,0.0,121.686,78.4237,0.473,0.304838,0.0,0,0.002766191,0.265243335,0.24498265455125
SIYXIH_clean,3.59608,2.59584,3.58983,1.56587,0.0,0.0,129.538,82.7261,0.4722,0.301558,0.0,0,0.003635979,0.358866779,0.33874280636499776
SIZGEO_clean,4.71719,3.11365,4.26779,1.80677,0.0,0.0,1041.57,576.483,0.5266,0.291459,0.0,0,0.001933442,0.191024052,0.1843112133787498
SIZGIS_clean,4.75692,3.2057,4.74915,1.28748,0.0,0.0,1415.03,1099.07,0.5834,0.453132,0.0,0,0.004122286,0.394520232,0.3840455077575017
SIZJUH_clean,6.46611,5.64692,6.46611,1.69172,651.341,385.016,66.1469,39.1003,0.474,0.280188,0.0,1,0.000352846,0.033193503,0.03518367188750002
SIZNIA_clean,3.61491,2.52879,3.60925,1.28097,0.0,0.0,55.6649,43.4554,0.4664,0.3641,0.0,1,0.000227999,0.020943292,0.020651822018750016
SIZPUN_clean,19.22538,6.71018,19.22499,0.693763,2153.01,3103.37,0.0,0.0,0.757,1.09115,0.0,1,0.004532363,0.443522431,0.4296154506274985
SOBTUY_clean,5.30158,4.93345,5.25562,1.24028,1722.57,1388.85,0.0,0.0,0.5708,0.460217,0.0,1,0.001902509,0.191544594,0.18707718139624954
SOBZEQ_clean,7.06044,5.44324,7.04565,0.861876,2509.51,2911.69,0.0,0.0,0.7062,0.819376,0.0,1,0.003594774,0.349911654,0.34833285783125156
SOCKOM_clean,6.11033,3.35104,6.11033,1.25548,1018.6,811.323,0.0,0.0,0.537,0.427725,0.0,1,0.003075673,0.290312232,0.2902730849175002
SOCLAZ_clean,3.66826,3.40979,3.66826,1.5968,132.944,83.257,0.0,0.0,0.3902,0.244364,0.0,0,0.000460972,0.044062222,0.04500012820125007
SOCNAB_clean,4.14604,3.07733,4.10726,1.10961,0.0,0.0,448.348,404.061,0.5144,0.463588,0.0,1,0.001459372,0.142665907,0.13585007274999952
SOCWIS_clean,4.26724,2.43223,4.26391,2.30844,0.0,0.0,337.59,146.242,0.368,0.159415,0.0,1,0.009864104,0.588120494,0.6605512710225
SOCWOX_clean,3.64888,2.89515,3.64888,1.71098,0.0,0.0,170.445,99.6183,0.4742,0.277151,0.0,1,0.001319276,0.135334891,0.1239737933162493
SOCWOY_clean,4.33948,2.42713,4.33815,2.27155,0.0,0.0,346.913,152.721,0.3876,0.170632,0.0,1,0.006740234,0.459606627,0.5254572870912486
SODNAA_clean,4.92821,3.76656,4.9265,1.39799,1007.61,720.756,0.0,0.0,0.501,0.358372,0.0,1,0.00445727,0.40451412,0.4209285618424994
SODQOT_clean,6.38354,5.71555,6.35379,1.16333,2168.31,1863.88,0.0,0.0,0.653,0.561321,0.0,1,0.003549174,0.342820591,0.3435618664774999
SODXUG_clean,4.72864,4.01613,4.71178,1.34536,905.757,673.244,0.0,0.0,0.4682,0.34801,0.0,1,0.009064124,0.723354262,0.7679413775325008
SODZIV_clean,6.23207,5.25681,6.23207,1.2688,1153.66,909.256,0.0,0.0,0.5338,0.420714,0.0,1,0.002450919,0.234923857,0.22801422136375066
SOGXAP_clean,3.8423,2.54271,3.8423,2.03799,0.0,0.0,161.74,79.3625,0.407,0.199707,0.0,1,0.000622316,0.062894144,0.06105080973124971
SOHBUO_clean,4.82292,4.04207,4.82292,1.2506,823.12,658.177,0.0,0.0,0.481,0.384614,0.0,1,0.003666442,0.326653746,0.3456027296762485
SOHGUS_clean,9.69532,8.17838,9.6883,0.723839,1841.74,2544.41,0.0,0.0,0.707,0.976737,0.0,0,0.003415654,0.335591897,0.33754362948750005
SOHMEI_clean,8.65383,8.02301,8.62464,1.19399,2084.79,1746.06,0.0,0.0,0.6688,0.560138,0.0,0,0.002591148,0.25356775,0.2565535687474996
SOHMIM_clean,8.13654,7.41946,8.10265,1.23579,2022.73,1636.78,0.0,0.0,0.6656,0.538601,0.0,0,0.002551648,0.245328875,0.2556170604699993
SOHMUY_clean,8.20693,7.56134,7.97833,1.2172,2055.43,1688.66,0.0,0.0,0.6606,0.542722,0.0,0,0.002622747,0.245168903,0.2648175963237495
SOHNAF_clean,8.77466,8.24178,8.76382,1.17605,2072.16,1761.97,0.0,0.0,0.686,0.583311,0.0,0,0.002596414,0.252531554,0.25713099932874983
SOHNEJ_clean,8.72478,7.97366,8.7184,1.18471,2089.45,1763.69,0.0,0.0,0.6672,0.563178,0.0,0,0.002546382,0.255942969,0.2555205364487495
SOHNIN_clean,8.46136,7.91648,8.46136,1.21276,2069.15,1706.15,0.0,0.0,0.6704,0.552789,0.0,0,0.002664221,0.248097111,0.26623872114874997
SOJDEB_clean,4.05829,3.12347,4.04963,1.15595,0.0,0.0,745.511,644.936,0.49,0.423895,0.0,0,0.00455089,0.396050367,0.40862728450250235
SOJGOO_clean,6.25393,4.92061,6.24311,1.24524,1162.74,933.744,0.0,0.0,0.513,0.411967,0.0,1,0.005253501,0.474599819,0.46398995341125016
SOJKOT01_clean,3.47216,3.17302,3.47216,1.60583,0.0,0.0,20.84,12.9777,0.4446,0.276866,0.0,0,0.000345011,0.034962857,0.03375883777374995
SOJKOT02_clean,3.48201,3.18874,3.47634,1.60292,0.0,0.0,27.7363,17.3035,0.4452,0.277742,0.0,0,0.000381257,0.0381928,0.03600335085500008
SOJKOT03_clean,3.48714,3.20549,3.48363,1.59604,0.0,0.0,30.7555,19.2699,0.4506,0.282323,0.0,0,0.000441667,0.040994501,0.042424833543750165
SOJSUH_clean,8.78676,6.77563,8.78676,0.847279,2062.57,2434.34,0.0,0.0,0.6744,0.79596,0.0,1,0.003760007,0.361314838,0.36933273316999987
SOJTOC_clean,4.09266,2.94986,4.05135,1.34552,0.0,0.0,355.069,263.89,0.4056,0.301445,0.0,1,0.001999688,0.180613195,0.18876537463500032
SOKKOT_ion_b,6.1792,5.66918,6.17838,1.21138,852.75,703.947,80.7869,66.6897,0.5432,0.448412,0.0,0,0.004456005,0.409606042,0.4332675607925014
SOKKUZ_clean,6.70484,6.32665,6.70484,1.05966,2286.47,2157.74,0.0,0.0,0.6502,0.613593,0.0,0,0.006683462,0.620898207,0.6106661834987505
SOKWAS01_clean,5.31439,4.17423,5.31439,1.94035,1774.06,914.299,0.0,0.0,0.5988,0.308604,0.0,1,0.00244201,0.228031366,0.2232828294074997
SOKWAS_clean,6.00629,4.14523,5.99555,1.89659,1733.95,914.246,0.0,0.0,0.6016,0.317201,0.0,1,0.002647307,0.250310883,0.2521485259487496
SOKWUM_clean,5.85854,4.29712,5.84922,1.62759,2447.15,1503.54,0.0,0.0,0.6492,0.398872,0.0,1,0.001655152,0.162050494,0.1659655665375004
SOMCON_clean,8.11347,7.39172,8.11088,1.23046,2025.07,1645.79,0.0,0.0,0.6712,0.545487,0.0,0,0.002444342,0.241735765,0.23005007003250028
SOMFAC_clean,6.70637,6.34214,6.70637,1.04875,2285.42,2179.2,0.0,0.0,0.6702,0.639049,0.0,0,0.006581227,0.609237244,0.6079102986249999
SOMFEG_clean,6.71551,6.34258,6.71551,1.05531,2284.15,2164.44,0.0,0.0,0.6512,0.61707,0.0,0,0.006430162,0.619254808,0.5845338862149976
SOMFIK_clean,6.73279,6.35537,6.73279,1.03071,2266.62,2199.08,0.0,0.0,0.6584,0.63878,0.0,0,0.006549183,0.602259282,0.6018033793162486
SOMSIY_clean,6.00203,5.70916,6.00203,1.30077,1538.34,1182.64,0.0,0.0,0.5758,0.442662,0.0,0,0.00884532,0.738174026,0.7336105381887467
SONTAR_manual,6.97799,5.28288,6.97799,1.00094,2334.34,2332.14,0.0,0.0,0.674,0.673365,0.0,1,0.002893501,0.274744696,0.28833665029000105
SONTIZ_clean,6.62072,5.41763,6.62072,1.09079,2319.93,2126.83,0.0,0.0,0.6638,0.608548,0.0,1,0.002796043,0.26718924,0.2775604177625005
SONTOF_clean,6.50923,5.39354,6.50923,1.11456,2282.12,2047.56,0.0,0.0,0.6604,0.592523,0.0,1,0.002970604,0.274487506,0.2908267747200001
SONTUL_neutral_b,11.07564,6.55104,11.07564,0.882976,2163.69,2450.45,0.0,0.0,0.717,0.812027,0.0,1,0.005047557,0.428856367,0.4681791433024996
SONVAT_neutral_b,13.18133,6.56576,13.18133,0.88151,2137.18,2424.45,0.0,0.0,0.7168,0.81315,0.0,1,0.004765989,0.434164827,0.42990622280875235
SONVEX_neutral_b,13.20026,6.62162,13.20026,0.879921,2126.12,2416.26,0.0,0.0,0.7172,0.815073,0.0,1,0.005135386,0.444856658,0.46173401556749866
SONVIB_neutral_b,13.19327,6.63983,13.19327,0.881013,2113.29,2398.7,0.0,0.0,0.7204,0.817695,0.0,1,0.004931314,0.432679491,0.4382592930824988
SOPLAM_clean,7.99336,6.43639,7.96868,0.786263,2208.41,2808.75,0.0,0.0,0.6702,0.852386,0.0,1,0.003894444,0.389297917,0.3804428431474993
SOPLEQ_clean,8.78838,7.50509,8.78838,0.73171,2217.3,3030.3,0.0,0.0,0.6802,0.929603,0.0,0,0.003864719,0.359980882,0.376316870542499
SOPLOA_clean,8.29809,6.85068,8.29809,0.790491,2059.77,2605.68,0.0,0.0,0.6598,0.834671,0.0,1,0.004030657,0.383832201,0.40413841597749695
SOQHIR01_clean,5.29124,3.26263,5.25532,1.49431,0.0,0.0,1049.8,702.532,0.5198,0.347852,0.0,0,0.005415514,0.485263335,0.4461251537274997
SOQJOZ_clean,3.96651,2.53369,3.96651,1.87854,0.0,0.0,190.385,101.347,0.4106,0.218574,0.0,1,0.002236276,0.19020584,0.21343502963875075
SORQAT_clean,4.4873,3.3179,4.4873,1.95445,291.285,149.037,124.29,63.5931,0.3762,0.192484,0.0,1,0.004211587,0.314491494,0.37761676322375104
SORXAA_clean,4.50589,3.34598,4.50589,1.9208,298.888,155.606,146.137,76.081,0.3866,0.20127,0.0,1,0.004091383,0.316472598,0.37679324983000084
SOSFAJ_clean,4.59734,3.39541,4.5342,1.90171,290.071,152.532,123.571,64.9789,0.3594,0.188988,0.0,0,0.004175068,0.307472947,0.37729712142125005
SOSSEA_clean,4.66034,3.46037,4.63504,1.16769,974.945,834.933,0.0,0.0,0.5088,0.435731,0.0,0,0.00843117,0.652056525,0.7057607956474985
SOTBIM_clean,5.21188,2.9066,5.19393,1.48535,0.0,0.0,616.213,414.86,0.4698,0.316289,0.0,1,0.017030876,1.034225577,0.9445091735037484
SOTTUR_clean,4.85387,3.54585,4.85387,1.5081,695.909,461.447,0.0,0.0,0.4606,0.305417,0.0,1,0.004609689,0.397050922,0.41621691629999924
SOTWOP_clean,6.21348,5.18247,6.21348,1.16378,2263.81,1945.21,0.0,0.0,0.6514,0.559726,0.0,1,0.002650433,0.256140735,0.262167724685
SOTWUV_clean,6.18672,5.12197,6.18672,1.20466,2258.56,1874.85,0.0,0.0,0.6516,0.540898,0.0,1,0.002702041,0.255452503,0.26457674111250024
SOTXAC_clean,6.12649,5.14189,6.12133,1.25484,2251.96,1794.63,0.0,0.0,0.645,0.514011,0.0,1,0.002737373,0.264918978,0.26427654036625003
SOTXEG_neutral,5.04075,3.40746,5.04075,1.50786,630.779,418.326,0.0,0.0,0.472,0.313026,0.0,0,0.003027554,0.276188958,0.2822635676337505
SOVHAM_clean,4.88485,4.19849,4.88485,1.17469,1409.46,1199.86,0.0,0.0,0.5526,0.470422,0.0,1,0.003179659,0.293025097,0.29695986637875144
SOVHOA_clean,4.19176,3.82361,4.19176,1.2075,1328.47,1100.17,0.0,0.0,0.5406,0.4477,0.0,1,0.00267226,0.250838779,0.2497416693325004
SOVLEW_clean,16.78989,6.64048,16.78989,0.755158,2186.99,2896.07,0.0,0.0,0.742,0.982576,0.0,1,0.004212731,0.396936505,0.4113184384062469
SOXDAM_clean,7.87287,4.28499,7.87287,1.75813,1069.27,608.188,0.0,0.0,0.4738,0.26949,0.0,1,0.003310125,0.307237852,0.31256636103000035
SOXDEQ_clean,7.82825,4.19616,7.82511,1.75226,1007.81,575.152,0.0,0.0,0.4478,0.255556,0.0,1,0.003388696,0.307862848,0.31528063028
SOXHUI_SL,3.17946,2.67031,3.17946,1.45429,0.0,0.0,0.0,0.0,0.27,0.185657,0.0,0,0.0,2.97e-06,9.310989999999996e-05
SOXZIP_clean,4.84498,3.39045,4.84498,1.74398,722.336,414.188,0.0,0.0,0.47,0.269498,0.0,1,0.001713043,0.15611871,0.1622498892625004
SOYFUJ_clean,4.60508,3.53241,4.56134,1.47456,918.914,623.177,0.0,0.0,0.5152,0.349392,0.0,1,0.003926036,0.361215683,0.35693783432624876
SOYWOT_neutral_b,13.17245,6.57882,13.17245,0.881994,2147.64,2434.99,0.0,0.0,0.7166,0.812478,0.0,1,0.004812487,0.438985063,0.42841618578625207
SOYWUZ_clean,13.18202,6.56101,13.18202,0.874244,2168.24,2480.14,0.0,0.0,0.7172,0.820366,0.0,1,0.004048298,0.359118487,0.4057676533449968
SOYYEL_clean,4.14906,3.0252,4.14906,2.08619,0.0,0.0,225.886,108.277,0.4644,0.222607,0.0,1,0.006498141,0.552195461,0.53824237557625
SOZBIS_clean,7.02326,5.68654,7.02326,1.02671,2667.76,2598.37,0.0,0.0,0.7458,0.7264,0.0,0,0.00134456,0.127371118,0.13193723131250143
SOZGIZ_clean,8.59808,3.83664,8.57584,1.027,1782.17,1735.31,0.0,0.0,0.6252,0.608761,0.0,1,0.005428711,0.51590714,0.4972873284624986
SOZGOF_clean,8.62412,3.75854,8.61676,1.03974,1771.69,1703.98,0.0,0.0,0.6218,0.598036,0.0,1,0.006163588,0.565219673,0.5666887585412452
SOZPUU_clean,5.35123,2.85135,5.3323,1.39051,0.0,0.0,254.169,182.788,0.3182,0.228836,0.0,0,0.001716488,0.149340363,0.1551177216212503
SOZRUW_clean,8.81736,4.01112,8.59398,0.978332,1794.66,1834.4,0.0,0.0,0.6308,0.644771,0.0,1,0.005139059,0.493925301,0.47291449337500036
SOZSAD_clean,8.8027,3.99777,8.80075,0.979603,1802.77,1840.31,0.0,0.0,0.6322,0.645363,0.0,1,0.005295816,0.500937237,0.4746959036750006
SOZSEH_clean,8.87095,4.01926,8.85196,0.99882,1779.57,1781.67,0.0,0.0,0.63,0.630744,0.0,1,0.005277715,0.500070822,0.47515437098125085
SOZSIL_clean,8.7376,3.97317,8.68094,0.99936,1793.88,1795.03,0.0,0.0,0.631,0.631404,0.0,1,0.005308969,0.509221933,0.47526220121750107
SOZSOR_clean,8.74499,3.992,8.31175,1.01024,1785.62,1767.53,0.0,0.0,0.6274,0.621043,0.0,1,0.005344907,0.513269469,0.4825272221800004
SOZSUX_clean,8.70746,3.96873,8.68609,1.0202,1783.95,1748.63,0.0,0.0,0.6284,0.615958,0.0,1,0.005453493,0.504147905,0.5003003335512486
SUBMIN_clean,9.97573,6.14945,9.9755,0.833875,1650.14,1978.89,0.0,0.0,0.635,0.761505,0.0,0,0.00411368,0.396511306,0.40331634057999804
SUCLOT_clean,5.75412,5.30597,5.75185,0.900285,1657.72,1841.33,0.0,0.0,0.6148,0.682895,0.0,1,0.003147459,0.300035518,0.2988396947025018
SUFBAY_clean,6.49481,4.4278,6.49481,0.863231,1967.74,2279.51,0.0,0.0,0.608,0.704331,0.0,0,0.008328152,0.712614827,0.7227278079262465
SUFHIM_clean,10.78647,9.46825,10.78641,1.0639,1328.84,1249.03,0.0,0.0,0.569,0.534826,0.0,1,0.001688346,0.170539457,0.1673088890225004
SUFJIO_clean,6.28851,3.57969,6.27024,1.16864,1486.44,1271.94,3.80569,3.2565,0.6096,0.52163,0.0,1,0.007654961,0.676389069,0.6832718598887533
SUFJOU_clean,6.30332,3.54841,6.29414,1.24899,1424.61,1140.61,0.0,0.0,0.571,0.457169,0.0,1,0.011152183,0.94615225,0.8857228622675009
SUFROA_clean,5.45181,5.00801,5.45026,0.91452,1466.61,1603.69,0.0,0.0,0.6234,0.681669,0.0,0,0.004338327,0.424294752,0.4226031147587503
SUGDIJ_auto,12.99556,11.59411,12.53696,0.409914,1974.15,4816.02,0.0,0.0,0.8394,2.04775,0.0,0,0.002997498,0.298879321,0.2982696004162478
SUGVUM_clean,5.79435,4.06776,5.78784,1.1064,1279.06,1156.05,0.0,0.0,0.5442,0.491863,0.0,1,0.007355242,0.680883189,0.6594004691250022
SUHBAA_clean,11.92534,10.15941,10.7957,0.715863,1973.75,2757.16,0.0,0.0,0.807,1.12731,0.000279383,1,0.002333283,0.225232355,0.22208499589874978
SUHHOT_clean,3.34085,2.62208,3.34085,2.18322,0.0,0.0,0.0,0.0,0.3694,0.1692,0.0,1,2.89e-05,0.003071227,0.0027270009925000034
SUHMEP_clean,8.35438,6.74513,8.35438,1.25512,1629.48,1298.27,0.0,0.0,0.6082,0.484574,0.0,0,0.00323379,0.319221064,0.3128702092500008
SUJNUH_clean,7.55155,6.59808,7.55155,1.24948,986.433,789.474,0.0,0.0,0.5334,0.426897,0.0,1,0.001945529,0.183406326,0.1861257491525001
SUJQOE_clean,4.04841,2.83947,4.00192,1.20423,0.0,0.0,502.971,417.671,0.488,0.405239,0.0,0,0.004561877,0.400917292,0.4075809835375027
SUJREV_clean,4.09412,3.04808,3.93219,1.22146,0.0,0.0,509.063,416.767,0.4792,0.392318,0.0,0,0.003553052,0.317918258,0.3269996333737477
SUJRIZ_clean,3.83402,2.51827,3.80401,1.33799,0.0,0.0,390.612,291.939,0.4354,0.325414,0.0,0,0.00911389,0.662256602,0.6934119487374996
SUKKUF_clean,5.04,3.85862,5.04,2.47267,613.367,248.059,0.0,0.0,0.3764,0.152224,0.0,1,0.00161455,0.148365441,0.14518246491999995
SUKREX_clean,5.76528,3.44001,5.76528,2.05587,771.787,375.407,0.0,0.0,0.4332,0.210714,0.0,1,0.002380083,0.197035311,0.2160216665374992
SUKRIB_clean,5.67492,3.40868,5.64201,2.09272,780.987,373.192,0.0,0.0,0.4274,0.204232,0.0,1,0.002295004,0.203035822,0.2149494304112493
SUKYIH_clean,9.64677,7.09331,9.64677,0.59954,2372.38,3957.0,0.0,0.0,0.7742,1.29132,0.0,1,0.003977057,0.388536503,0.3832227599137489
SUKYON_clean,10.7978,7.28862,10.07334,0.52652,2852.06,5416.81,0.601169,1.14178,0.7786,1.47877,0.0,1,0.004339571,0.429421393,0.4223036769875022
SULKIU_clean,5.12422,3.08346,4.51173,1.26023,0.0,0.0,947.359,751.732,0.5146,0.408337,0.0,1,0.0113512,0.864928498,0.8502005553912539
SUNHEP_clean,5.14819,2.79499,5.12861,1.41868,0.0,0.0,1001.3,705.798,0.5512,0.388531,0.0,1,0.005473617,0.493135333,0.45381053942875077
SUNHIT_clean,5.0304,2.73406,4.53432,1.34905,0.0,0.0,956.517,709.029,0.5452,0.404136,0.0,1,0.004384925,0.406792452,0.3986484582625026
SUNHOZ_clean,5.04432,2.75672,4.76799,1.18985,0.0,0.0,944.831,794.075,0.5354,0.449973,0.0,1,0.005966608,0.528590827,0.5172168703524993
SUNHUF_clean,6.56646,4.08998,6.54784,1.26553,1485.95,1174.18,0.0,0.0,0.5694,0.449931,0.0,0,0.003759084,0.36194135,0.3595796296150004
SUNJER_clean,4.80272,3.79637,4.63139,1.43298,1698.73,1185.45,0.0,0.0,0.5816,0.405867,0.0,1,0.006080653,0.567643223,0.5603052976237466
SUNJIV_clean,4.89155,3.90131,4.73471,1.36084,1754.51,1289.29,0.0,0.0,0.5968,0.438553,0.0,1,0.004603888,0.421291962,0.42946601918250077
SUNJOB01_clean,4.89634,3.8976,4.73512,1.37366,1723.73,1254.84,0.0,0.0,0.596,0.433877,0.0,1,0.004468555,0.429332594,0.42775627984000086
SUNLET_clean,14.87522,10.10535,14.86073,0.621573,1621.79,2609.18,0.0,0.0,0.734,1.18088,0.0,1,0.00330203,0.29805488,0.3298278754325004
SUPLOF_clean,9.82615,5.81764,9.823,0.800346,2153.22,2690.36,0.0,0.0,0.6784,0.847633,0.0,0,0.003237541,0.328126935,0.32052826478625135
SUQHUJ_clean,7.25953,5.23411,7.25953,1.08539,2701.3,2488.77,0.0,0.0,0.709,0.653219,0.0,1,0.005425997,0.510612046,0.5025375391587494
SUQJEV_clean,6.37976,3.41068,6.37976,1.61288,1257.56,779.698,0.0,0.0,0.5318,0.329721,0.0,1,0.009807638,0.795259911,0.791280632945002
SURDOA_clean,4.38797,3.72635,4.38797,1.29817,708.567,545.82,0.0,0.0,0.448,0.345101,0.0,0,0.002774745,0.259238531,0.2475652925500003
SUSRUV_clean,7.5604,3.02876,7.55252,1.19859,0.0,0.0,1206.18,1006.33,0.5328,0.444521,0.0,1,0.003414445,0.323085977,0.3179594865175004
SUSZIQ_clean,6.2853,5.33445,6.2853,1.91818,700.301,365.087,0.0,0.0,0.4294,0.223858,0.0,0,0.001575115,0.150036313,0.14655970559374976
SUSZOW_clean,6.37118,5.41681,6.36973,1.91863,721.465,376.031,0.0,0.0,0.4268,0.22245,0.0,0,0.001522264,0.14383675,0.14470436887124966
SUTJIC_clean,5.35062,3.21758,5.35062,1.19271,0.0,0.0,406.99,341.232,0.445,0.373101,0.0,1,0.00123335,0.111404691,0.11893629877375035
SUVFEU_clean,3.49004,2.51123,3.47494,1.54549,0.0,0.0,31.9891,20.6983,0.4824,0.312133,0.0,1,0.000391445,0.039379634,0.03793964183875015
SUVNEE_clean,15.6562,6.95834,15.6562,0.815704,1584.31,1942.26,314.611,385.692,0.6944,0.851289,0.0,1,0.004033454,0.388066538,0.40342655721249765
SUVZOA_clean,4.91499,2.47432,4.88987,1.62191,0.0,0.0,534.979,329.845,0.4362,0.268942,0.0,1,0.002733619,0.238216792,0.24218094779624974
SUVZUG_clean,5.03983,3.1326,5.03983,1.62871,0.0,0.0,611.92,375.709,0.465,0.285502,0.0,1,0.003193069,0.263210439,0.29347988365125066
SUWBET_clean,4.90044,3.63709,4.9004,1.39724,1278.69,915.152,0.0,0.0,0.5378,0.384902,0.0,1,0.003759276,0.337503722,0.35107804873874926
SUWQEI_clean,9.47366,7.57886,8.89706,0.818244,1562.75,1909.88,0.0,0.0,0.6376,0.779229,0.0,1,0.002617074,0.260452421,0.26905618697874956
SUXYAM_clean,4.45009,2.58344,4.42304,1.44787,0.0,0.0,365.313,252.311,0.4846,0.3347,0.0,0,0.007380286,0.619916308,0.5891366826324977
SUXYEQ_clean,4.31084,2.50274,4.31084,1.53831,0.0,0.0,306.932,199.525,0.475,0.308779,0.0,0,0.007121258,0.591043973,0.5765121236674993
SUXYIU_clean,4.29196,2.48999,4.28879,1.55181,0.0,0.0,298.906,192.618,0.4722,0.30429,0.0,0,0.007026789,0.591187883,0.5501560580424995
SUXYOA_clean,4.22707,2.45409,4.22505,1.57714,0.0,0.0,280.226,177.68,0.4674,0.296359,0.0,0,0.007057316,0.565549791,0.5526743056337494
TACFIN_clean,4.11781,3.54093,4.10826,2.15064,560.827,260.772,0.0,0.0,0.499,0.232024,0.0,0,0.007728364,0.64901109,0.6250870917012464
TACJIS_clean,4.83288,3.1608,4.83288,1.22564,0.0,0.0,811.728,662.29,0.5448,0.444503,0.0,1,0.006101761,0.505535548,0.5406553855362493
TACPAP_clean,6.18933,6.06319,6.18525,1.70548,627.561,367.968,0.0,0.0,0.428,0.250956,0.0,0,0.002336419,0.205633612,0.2173960493912496
TACPET_clean,6.03338,5.92233,6.03037,1.73347,616.775,355.803,0.0,0.0,0.4186,0.241481,0.0,0,0.002620702,0.218898255,0.2425164815537502
TACPIX_clean,6.11363,6.00668,6.11363,1.71163,630.3,368.246,0.0,0.0,0.4286,0.250405,0.0,0,0.002377853,0.198950074,0.21833267816374952
TACWOM_clean,6.848,5.25293,6.59533,0.694132,2524.62,3637.09,0.0,0.0,0.711,1.0243,0.0,1,0.005133084,0.51609067,0.487363512313749
TACWUS_clean,6.83932,5.17767,6.83932,0.667047,2492.87,3737.18,0.0,0.0,0.6944,1.04101,0.0,1,0.005111087,0.495749489,0.48721984863624884
TACYAX_clean,5.05515,2.69572,5.05515,1.22535,0.0,0.0,567.11,462.815,0.494,0.40315,0.0,1,0.001031666,0.099787405,0.10113942088000039
TADCAE_clean,4.68506,3.03191,4.68506,1.61627,0.0,0.0,308.786,191.048,0.4632,0.286585,0.0,1,0.001922487,0.173399175,0.1803058904249997
TADCOS_clean,5.56445,4.67968,5.55486,1.27739,2127.97,1665.87,0.0,0.0,0.6456,0.505404,0.0,0,0.004152773,0.397076649,0.38993350386750036
TADWEC_manual,12.9835,12.22348,12.9835,0.782876,1609.55,2055.94,0.0,0.0,0.6462,0.825418,0.0,1,0.005299159,0.472724252,0.4594930995112482
TADWIG_manual,12.20204,12.01283,12.20204,0.782648,1673.73,2138.55,0.0,0.0,0.6702,0.856323,0.0,1,0.00617166,0.540699912,0.5620571303712485
TADYEE_clean,6.41454,5.84385,6.41454,1.06115,1369.43,1290.51,0.0,0.0,0.545,0.513592,0.0,0,0.002135764,0.222565337,0.20612305900375028
TADYII_clean,4.96323,4.04573,4.95818,1.11527,1604.24,1438.44,0.0,0.0,0.5578,0.500149,0.0,0,0.002001756,0.187042348,0.19560149877125035
TAFBEJ_clean,5.01203,2.61861,5.01203,1.6412,0.0,0.0,205.14,124.994,0.4182,0.254814,0.0,1,0.00439676,0.358727872,0.39464496673000193
TAFBIN_clean,4.89948,3.22692,4.89948,1.6684,0.0,0.0,451.74,270.763,0.4126,0.247303,0.0,0,0.000919291,0.081918735,0.08755513331249987
TAFPOG_clean,4.50085,2.84285,4.46717,1.62237,0.0,0.0,597.144,368.069,0.487,0.300178,0.0,0,0.003070312,0.280280613,0.28475182689625045
TAGBUZ_clean,4.64533,3.41141,4.64533,1.22769,600.487,489.118,0.0,0.0,0.4834,0.393746,0.0,1,0.007870718,0.650311693,0.6587988703312475
TAGCIP_clean,3.30015,2.59776,3.28958,3.86501,0.0,0.0,0.0,0.0,0.3438,0.0889519,0.0,0,1.82e-05,0.002265034,0.0019445203937499952
TAGSEB_clean,5.65756,4.12237,5.64659,1.3278,950.233,715.647,0.0,0.0,0.4958,0.373401,0.0,1,0.001735726,0.166775585,0.1687132965775004
TAGTED_clean,7.12719,5.34262,7.10815,0.804618,2476.05,3077.29,0.0,0.0,0.6892,0.856555,0.0,1,0.00391192,0.393442055,0.3791290391012497
TAGTIH_clean,7.18408,5.4183,7.18408,0.735724,2753.27,3742.25,0.0,0.0,0.7098,0.964764,0.0,1,0.004150441,0.411475753,0.40727032527874735
TAGTUT_clean,8.9985,5.11189,8.9985,0.769828,1964.88,2552.36,0.0,0.0,0.6538,0.849281,0.0,1,0.004858162,0.482402618,0.44232640583500005
TAGVAB_clean,7.19373,5.47476,7.19162,0.743514,2474.93,3328.7,0.0,0.0,0.678,0.911886,0.0,1,0.004656774,0.440392265,0.4403859202512486
TAHNEY_clean,10.9331,7.2387,10.84031,1.02563,2322.37,2264.33,0.0472135,0.0460334,0.7992,0.779225,0.0,1,0.000683338,0.069901078,0.07124911364249999
TAHYUZ_clean,4.56041,2.93335,4.55647,1.76079,0.0,0.0,223.124,126.718,0.3476,0.197411,0.0,1,0.001696769,0.147051904,0.15191774153749985
TAJQEC_clean,5.00436,2.9023,4.99835,1.43268,0.0,0.0,706.528,493.15,0.5244,0.366026,0.0,1,0.002841321,0.266520915,0.2717141098799998
TAJVIM_clean,3.84984,2.7265,3.32788,1.35854,0.0,0.0,148.221,109.103,0.4768,0.350964,0.0,0,0.000993909,0.093581427,0.09940688295000026
TAJVOS01_clean,4.04473,2.58334,3.99295,1.36677,0.0,0.0,275.168,201.326,0.4664,0.341242,0.0,0,0.013115416,0.723338133,0.8325713781500016
TAJXIO01_clean,3.69381,3.48019,3.69381,2.30789,102.259,44.3085,0.0,0.0,0.3224,0.139695,0.0,1,0.000156271,0.012731799,0.017032501262499992
TAJXIO04_clean,3.63081,3.41863,3.61802,2.33825,87.153,37.2728,0.0,0.0,0.3114,0.133177,0.0,1,9.17e-05,0.008960075,0.008957991480000057
TAJXIO05_clean,3.65731,3.32158,3.65435,2.33501,68.0513,29.1439,0.0,0.0,0.3294,0.14107,0.0,1,5.78e-05,0.007224963,0.006261516212499993
TAJXIO06_clean,3.64535,3.29678,3.60844,2.33891,0.0,0.0,63.9716,27.3511,0.3298,0.141006,0.0,1,5.95e-05,0.006435117,0.006401620274999985
TAJXIO07_clean,3.63497,3.28431,3.63403,2.34367,0.0,0.0,58.5411,24.9784,0.3268,0.13944,0.0,1,5.95e-05,0.005425304,0.006405172892499982
TAJXIO_clean,3.69262,3.45097,3.69262,2.33323,96.1718,41.2184,0.0,0.0,0.319,0.136721,0.0,1,0.0001206,0.012973849,0.010896433744999988
TAKGOE_clean,10.5248,9.55919,10.5248,1.53175,1232.21,804.446,0.0,0.0,0.5862,0.3827,0.0,1,0.001801477,0.16342584,0.17486261643999984
TAKGUK_clean,10.52986,9.57688,10.52986,1.52454,1236.56,811.103,0.0,0.0,0.5926,0.388707,0.0,1,0.001651062,0.161623121,0.164113654941251
TAKHAR_clean,10.31674,9.51664,10.31674,1.55109,1234.33,795.781,0.0,0.0,0.5892,0.379861,0.0,1,0.001697484,0.160574511,0.16412517752500105
TAKHEV_clean,10.20812,9.46941,10.20812,1.57295,1231.54,782.951,0.0,0.0,0.5872,0.373312,0.0,1,0.001648441,0.164169015,0.16411519058625093
TAKTIL_clean,7.09237,6.9712,7.09237,1.23349,1578.28,1279.52,0.0,0.0,0.5866,0.47556,0.0,0,0.008645198,0.846964612,0.722297893386249
TAKTOR_clean,7.05969,6.99995,7.05969,1.17586,1580.48,1344.1,0.0,0.0,0.5726,0.486963,0.0,0,0.006568916,0.627775121,0.6113342364837511
TAKVAF_clean,7.05263,6.93916,7.05263,1.17979,1573.47,1333.69,0.0,0.0,0.5826,0.493819,0.0,0,0.006877937,0.648457494,0.6104923353637522
TAKYEL_clean,7.08068,3.12698,7.08068,1.56884,0.0,0.0,572.755,365.082,0.49,0.312333,0.0,1,0.001714698,0.164054496,0.16232396014375097
TAKYOV_clean,7.07022,3.04881,7.07022,1.61174,0.0,0.0,575.318,356.955,0.4874,0.302407,0.0,1,0.001753307,0.169192694,0.1661807459312506
TAKZEN_clean,4.16727,2.45571,4.16319,1.53718,0.0,0.0,460.116,299.326,0.476,0.309659,0.0,1,0.002384307,0.211763336,0.22132994625250013
TAMHUM_clean,11.15594,7.259,10.84071,0.82433,2033.72,2467.12,0.0,0.0,0.7282,0.883384,0.0,1,0.001792802,0.177327451,0.18182669602874976
TANBOZ_clean,6.76714,4.26504,6.76714,1.06143,2653.84,2500.25,0.0,0.0,0.7164,0.674939,0.0,1,0.00090045,0.091253474,0.0887199180937493
TANFEV_clean,3.98514,2.61526,3.98514,2.3923,0.0,0.0,345.939,144.606,0.4664,0.194959,0.0,0,0.001859941,0.194316037,0.16891069289499946
TANMIH_clean,5.18859,3.46319,5.18859,1.38533,742.681,536.106,0.0,0.0,0.453,0.326999,0.0,1,0.003730898,0.310013278,0.343651079516248
TAPHOJ_clean,3.98582,2.55144,3.98582,1.43274,0.0,0.0,85.9888,60.017,0.396,0.276393,0.0,0,0.00329232,0.281232623,0.313407576217499
TAPKAY_clean,4.32619,2.46148,4.32619,2.00081,0.0,0.0,297.916,148.898,0.4128,0.206317,0.0,1,0.002727584,0.250971888,0.24121300630374987
TAPXIT01_clean,5.69893,5.36843,5.69893,1.57809,498.722,316.029,0.0,0.0,0.4096,0.259554,0.0,1,0.00224081,0.198224953,0.21270291986250003
TAQGEZ_clean,8.38886,8.25863,8.38886,0.927218,1939.79,2092.05,0.0,0.0,0.7086,0.764222,0.0,0,0.002191142,0.209157601,0.21246006090750022
TAQGOK_clean,4.98254,4.66211,4.92513,1.2855,367.973,286.249,0.0,0.0,0.4142,0.32221,0.0,1,0.002671831,0.229965397,0.24477665235750048
TAQGUQ_clean,4.82822,2.67666,4.82021,1.29603,0.0,0.0,185.568,143.182,0.4112,0.317276,0.0,1,0.002624342,0.225393867,0.24021454985500082
TARVOX_clean,4.82249,4.38256,4.82249,1.56156,717.335,459.371,0.0,0.0,0.4084,0.261533,0.0,1,0.000943988,0.091169657,0.0896576124224995
TARVUD_clean,5.52201,5.05683,5.52201,1.5754,822.863,522.32,0.0,0.0,0.431,0.273582,0.0,1,0.001013819,0.098303795,0.09952287660375067
TARWAK_clean,5.7222,5.11854,5.62643,1.61442,844.237,522.933,0.0,0.0,0.433,0.268207,0.0,1,0.000962308,0.088216128,0.09100052169499963
TARWEO_clean,5.90162,5.41792,5.90162,1.76228,855.544,485.476,0.0,0.0,0.4612,0.261707,0.0,1,0.0009518,0.090410961,0.09101939864499956
TASFAU_clean,11.93851,7.45098,11.93851,0.561345,2465.98,4393.0,0.0,0.0,0.7892,1.40591,0.0,1,0.002360261,0.243169731,0.22183899320874975
TASVUG_clean,7.60995,6.84404,7.60152,1.19319,1872.8,1569.57,0.0,0.0,0.6146,0.515088,0.0,1,0.002420756,0.231650631,0.2283553574287505
TASWAN_clean,7.61281,6.7795,7.61281,1.23616,1858.69,1503.6,0.0,0.0,0.6202,0.501716,0.0,1,0.002531686,0.240959285,0.25398866145374926
TASWER_clean,7.18775,6.56186,7.17833,1.27687,1841.49,1442.19,0.0,0.0,0.6088,0.47679,0.0,1,0.002557721,0.251498445,0.2531416244762496
TASWIV_clean,7.31506,6.71653,7.31506,1.25001,1853.82,1483.05,0.0,0.0,0.6122,0.489757,0.0,1,0.002529651,0.246222692,0.2534484035299995
TASWOB_clean,7.28953,6.56977,7.27292,1.26788,1836.09,1448.15,0.0,0.0,0.6064,0.478278,0.0,1,0.002418376,0.245365131,0.226689919082501
TASXIW_clean,7.39302,4.84143,7.39302,1.10616,2095.82,1894.67,0.0,0.0,0.6304,0.569897,0.0,1,0.005031929,0.491905865,0.4776789697700021
TATFOL_clean,3.86509,3.12277,3.86037,1.12318,0.0,0.0,276.205,245.912,0.4878,0.434301,0.0,0,0.002544613,0.257426149,0.2409294403275008
TATPOV_clean,8.94506,6.39643,8.9366,0.932619,2044.77,2192.51,0.0,0.0,0.6812,0.730416,0.0,1,0.003929925,0.377909497,0.38059820037374925
TATSIS01_clean,4.4461,2.40976,4.16413,1.49997,0.0,0.0,400.891,267.265,0.4014,0.267605,0.0,0,0.012640985,0.722863631,0.7762593905024997
TATSIS_clean,4.50814,2.43302,4.40586,1.48587,0.0,0.0,444.644,299.249,0.4176,0.281048,0.0,0,0.012711238,0.716123911,0.8150351748724988
TATYUL_clean,3.81571,3.02267,3.81522,1.65837,0.0,0.0,176.394,106.366,0.2814,0.169685,0.0,1,0.000136646,0.01583117,0.012855435703749994
TAVCIF_clean,4.70191,2.64563,4.67221,1.27266,0.0,0.0,334.799,263.071,0.4566,0.358776,0.0,1,0.008381883,0.579750507,0.6675870259074975
TAVQEN_clean,4.08626,2.97808,4.08626,1.83753,0.0,0.0,275.28,149.81,0.451,0.245439,0.0,0,0.00336783,0.325352193,0.31414055322749873
TAWHOO_clean,4.38999,3.64477,4.35876,1.86492,695.401,372.886,0.0,0.0,0.4262,0.228535,0.0,0,0.006074522,0.505662128,0.523906173736251
TAWTAP_clean,4.72389,3.94843,4.7043,1.63068,1518.12,930.97,0.0,0.0,0.6006,0.368312,0.0,0,0.007112513,0.633634268,0.6281883271612531
TAWYUO_clean,7.27421,6.44823,7.26586,0.918654,1410.21,1535.08,0.0,0.0,0.5716,0.622215,0.0,1,0.004133942,0.387058237,0.3978783062949989
TAXHUX_clean,3.51407,3.06361,3.50906,1.66232,0.0,0.0,17.8072,10.7122,0.4476,0.269262,0.0,0,3.53e-06,0.000611508,0.0004415686225000021
TAYNEN_clean,5.31191,3.45332,5.31191,1.3024,757.68,581.756,0.0,0.0,0.4834,0.371161,0.0,0,0.001887235,0.174519968,0.17284664591124968
TAZLIR_clean,11.03662,6.77118,11.03522,0.972357,2245.68,2309.52,0.0,0.0,0.737,0.757952,0.0,1,0.003487412,0.316506374,0.3435624654662511
TAZLOX_clean,11.11165,6.76913,11.10718,0.977004,2218.73,2270.96,0.0,0.0,0.7358,0.753118,0.0,1,0.003545746,0.311785371,0.3472639403787512
TAZLUD_clean,11.12433,6.7889,11.12433,0.98349,2237.28,2274.84,0.0,0.0,0.7358,0.748152,0.0,1,0.003485578,0.319830846,0.34376959363750126
TAZSAP02_clean,4.8997,3.82043,4.80699,1.96517,851.036,433.06,0.0,0.0,0.4368,0.222271,0.0,1,0.001200871,0.112595488,0.11639016356375037
TAZYAV_clean,6.36917,5.18527,6.3624,0.882052,2917.95,3308.15,0.0,0.0,0.7278,0.825122,0.0,0,0.002136174,0.220162518,0.20934637309750048
TEBCEK_clean,3.71564,2.86477,3.71564,1.54308,0.0,0.0,37.7648,24.4736,0.3464,0.224486,0.0,0,0.000244652,0.023170901,0.022576829906249953
TEBFUD_clean,3.69312,2.67049,3.69312,2.11286,0.0,0.0,81.51,38.5781,0.4012,0.189885,0.0,1,0.000775661,0.076855892,0.0691186180249999
TEBSAW_clean,5.155,3.94411,5.14164,1.22508,1226.81,1001.4,0.0,0.0,0.5714,0.466417,0.0,1,0.004117729,0.395265986,0.38044403121749903
TEBWII_clean,7.57164,3.30977,7.57164,0.966019,0.0,0.0,1129.83,1169.57,0.5662,0.586117,0.0,1,0.003451419,0.31824651,0.3230519021612501
TECTUS_clean,5.16992,3.60905,5.14467,1.12529,1198.87,1065.39,0.0,0.0,0.54,0.479875,0.0,1,0.00437351,0.405358541,0.41073774904000016
TECVEE_clean,6.29319,4.18887,6.28108,1.16711,1136.4,973.681,0.0,0.0,0.5084,0.435605,0.0,1,0.004668944,0.432207123,0.43225408896125006
TEDXOR_clean,4.80997,3.90285,4.79195,1.24859,706.426,565.776,0.0,0.0,0.4748,0.380268,0.0,1,0.004771175,0.413695208,0.4249889471737506
TEFWIL_clean,18.12979,5.71178,18.12979,1.1222,1588.21,1415.26,0.0,0.0,0.6436,0.573515,0.0,0,0.003084481,0.267696933,0.2972722802912504
TEFWOR_clean,8.09113,4.61719,8.09113,1.43313,1313.7,916.666,0.0,0.0,0.5436,0.379311,0.0,0,0.007201365,0.51996066,0.6322583670087533
TEHRUU_clean,4.78045,3.65221,4.45538,1.55312,875.885,563.951,207.395,133.534,0.5568,0.358503,0.0,1,0.001350944,0.128606026,0.12863148980374983
TEHWEK_clean,5.04484,3.57491,5.04484,1.22875,1458.35,1186.85,0.0,0.0,0.6306,0.513203,0.0,0,0.003961598,0.367048857,0.3714321553225006
TEJBAN_clean,4.03108,3.48324,4.03108,1.38569,387.305,279.502,0.0,0.0,0.442,0.318974,0.0,0,0.00175567,0.16932365,0.16696757228499987
TEJBOB_clean,7.12468,6.03948,7.12468,1.31037,1062.37,810.735,0.0,0.0,0.4896,0.373634,0.0,1,0.001993113,0.190550551,0.18965937070875014
TEJGAS_clean,4.74057,3.77757,4.73232,1.91081,991.998,519.151,0.0,0.0,0.479,0.250679,0.0,1,0.001553812,0.147588282,0.15181368357250036
TEJGEW_clean,4.65952,3.80073,4.61652,1.92155,1014.2,527.802,0.0,0.0,0.4756,0.247508,0.0,1,0.001414763,0.137796996,0.1340473170487498
TEJGIA01_clean,4.64544,3.84764,4.60599,1.88324,1040.62,552.567,0.0,0.0,0.4686,0.248826,0.0,1,0.001451217,0.141380168,0.13514195766874984
TEJGIA_clean,4.64155,3.86357,4.62359,1.88003,1035.3,550.681,0.0,0.0,0.4662,0.247975,0.0,1,0.001480912,0.142695363,0.14718251199875015
TEJQAC_clean,3.76144,3.19439,3.75514,1.53008,0.0,0.0,37.7108,24.6463,0.379,0.2477,0.0,1,9.67e-05,0.010309752,0.011198298437499992
TEMPAE_clean,9.74723,4.32378,9.74723,0.807529,2116.71,2621.22,0.0,0.0,0.6822,0.844799,0.0,0,0.003755611,0.36125785,0.36649928250125
TEMPEI_clean,15.71457,10.86579,15.71457,0.592467,1916.3,3234.44,0.0,0.0,0.745,1.25745,0.0,1,0.003039343,0.297676174,0.3017339412074998
TENLIJ_clean,5.37557,4.41973,5.36241,1.14422,1308.35,1143.45,0.0,0.0,0.5684,0.496758,0.0,0,0.005927416,0.537647734,0.5392627711424995
TENQOS_clean,6.34819,4.3477,6.32525,1.05624,2172.8,2057.11,0.0,0.0,0.6388,0.604787,0.0,1,0.002304494,0.228827324,0.22197787030124994
TEQPAI_clean,6.00734,3.70386,5.68806,1.19067,1432.59,1203.18,0.0,0.0,0.596,0.500558,0.0,1,0.006627044,0.597426611,0.6095928476962501
TEQVAO_manual,4.70544,3.52951,4.70544,1.19795,706.636,589.87,0.0,0.0,0.5124,0.42773,0.0,1,0.00370658,0.336094734,0.34699374632499974
TEQWER01_clean,4.21874,3.59841,4.17878,1.6409,883.632,538.504,0.0,0.0,0.5372,0.327381,0.0,1,0.002550286,0.238454225,0.24027539365000103
TEQWER_clean,4.21138,3.62218,4.19081,1.63762,863.669,527.392,0.0,0.0,0.5414,0.330601,0.0,1,0.002500508,0.234833715,0.2381003943725006
TERFUT_clean,8.54041,6.58905,8.49644,0.900361,2024.24,2248.26,0.0,0.0,0.6654,0.739037,0.0,1,0.003550736,0.350479174,0.34603680420375055
TERNUA_clean,7.01847,4.73004,6.9462,1.44294,1426.15,988.361,0.0,0.0,0.5566,0.385739,0.0,1,0.004243721,0.414077622,0.3942128874387499
TESGOO_clean,4.76391,3.62987,4.72184,1.92126,733.455,381.758,0.0,0.0,0.4574,0.238073,0.0,0,0.003982031,0.349277987,0.3426598601737478
TESGUU_clean,4.82436,3.58268,4.81961,1.92111,719.303,374.421,0.0,0.0,0.4562,0.237467,0.0,0,0.003920975,0.342637794,0.3400176512674981
TESHAB_clean,5.24315,3.84947,5.24293,1.8144,918.907,506.452,0.0,0.0,0.4908,0.270503,0.0,0,0.003675262,0.332742285,0.3325130127374981
TETVIZ_clean,5.51517,3.41736,5.00993,2.38206,1155.9,485.251,0.0,0.0,0.4816,0.202178,0.0,1,0.001062795,0.107277413,0.10487887171500077
TETWEW_clean,6.01008,3.97081,5.72262,2.0273,1705.36,841.198,0.0,0.0,0.5372,0.264983,0.0,1,0.001158468,0.109559747,0.1091687594387505
TETWOG_clean,3.76455,3.07417,3.76306,1.56701,0.0,0.0,311.495,198.784,0.426,0.271856,0.0,1,0.001221506,0.11718721,0.12142606977124959
TETWUM_clean,4.92925,2.81869,4.91729,1.70578,0.0,0.0,367.132,215.228,0.4144,0.242939,0.0,1,0.000751817,0.074183549,0.07016567291124952
TETZEX_clean,9.38994,9.11674,9.38994,1.90854,1244.92,652.292,0.0,0.0,0.5738,0.300649,0.0,0,0.010278766,0.875424027,0.8171265884412514
TETZEZ_clean,10.62365,6.73057,10.03707,0.736025,1901.4,2583.34,0.0,0.0,0.6844,0.92986,0.0,1,0.003454777,0.336723674,0.34373477780999984
TETZID_clean,5.13889,3.8044,5.11428,1.3464,751.257,557.976,64.4982,47.9043,0.4882,0.362598,0.0,0,0.003584561,0.334937374,0.32641138087749844
TEVZIE_clean,4.89772,3.64059,4.89772,1.88802,794.062,420.579,0.0,0.0,0.468,0.247879,0.0,0,0.004083294,0.347571402,0.3769549414962487
TEVZOK_clean,4.56897,3.54471,4.54551,1.97903,632.114,319.407,0.0,0.0,0.4392,0.221927,0.0,0,0.003731851,0.326603941,0.32452982012499904
TEVZUQ_clean,4.84681,3.6521,4.84681,1.89478,778.542,410.888,0.0,0.0,0.4634,0.244567,0.0,0,0.003780993,0.339906664,0.33387388186999767
TEWFOS_clean,5.12439,3.80032,5.11789,1.20574,872.156,723.339,0.0,0.0,0.4772,0.395775,0.0,1,0.007040862,0.562553916,0.5961477976524996
TEWFUY_clean,5.12402,3.76853,5.12402,1.20256,906.265,753.612,0.0,0.0,0.4818,0.400645,0.0,1,0.007051678,0.578944741,0.5986207409137494
TEWGEJ01_clean,4.12717,3.22353,4.12717,1.3058,0.0,0.0,347.715,266.285,0.429,0.328534,0.0,0,0.001950153,0.174789243,0.18604538588499994
TEWGEJ_clean,5.1192,3.89364,5.10203,1.1805,1020.25,864.259,0.0,0.0,0.4966,0.420671,0.0,1,0.007131546,0.599803597,0.6237636316312488
TEXTOH_clean,7.36714,6.73872,7.36371,1.14671,1020.81,890.209,164.756,143.677,0.5422,0.472831,0.0,0,0.00344182,0.291028962,0.32478836083250007
TEYLIU_clean,3.92448,2.98813,3.92448,1.96259,0.0,0.0,219.176,111.677,0.3684,0.187711,0.0,1,0.000581282,0.057173187,0.0593216263974995
TEZKAM_clean,6.18548,4.52304,6.11894,1.1169,1248.24,1117.59,0.0,0.0,0.5306,0.475064,0.0,1,0.006699279,0.576092585,0.6127846965637496
TIDKAS_clean,5.39311,4.19786,5.39311,1.06903,921.952,862.419,0.0,0.0,0.508,0.475197,0.0,1,0.00357714,0.338244056,0.32958359628999934
TIDLEZ_clean,7.0595,6.90616,7.0592,1.03857,2192.07,2110.66,0.0,0.0,0.6778,0.652626,0.0,0,0.002019689,0.200359798,0.1974367082887507
TIDLID_clean,4.2096,4.02928,4.2096,1.31378,1082.38,823.864,182.179,138.667,0.5798,0.44132,0.0,0,0.001714232,0.173916898,0.169289854625
TIDMEA_clean,6.05011,4.95275,5.94474,1.747,1488.92,852.276,0.0,0.0,0.5394,0.308759,0.0,1,0.001144455,0.107945833,0.10924325223375037
TIDQIG_clean,4.09301,3.34162,4.08996,2.4567,341.206,138.888,0.0,0.0,0.42,0.170961,0.0,0,0.001366396,0.126272725,0.12681588743874983
TIFDOB_clean,5.9292,2.69337,5.76725,1.19963,0.0,0.0,821.235,684.576,0.494,0.411795,0.0,0,0.002759987,0.25662726,0.2452910684312499
TIFZIR_clean,5.07264,3.5666,4.83614,1.48604,1551.78,1044.24,0.0,0.0,0.6264,0.421523,0.0,0,0.005485369,0.503016193,0.4863615509324972
TIGQUX_clean,6.58866,2.95324,6.58859,1.53446,0.0,0.0,1169.74,762.313,0.5476,0.356867,0.0,0,0.007921062,0.655277209,0.6419664087712497
TIGSOT_clean,4.31733,3.92478,4.29293,1.79014,708.62,395.847,0.0,0.0,0.4326,0.241658,0.0,1,0.003653347,0.314851569,0.3313903101687473
TIGVUC_clean,4.87344,3.46442,4.87344,1.07454,850.662,791.651,5.08913,4.73609,0.5344,0.497328,0.0,1,0.003785333,0.349649894,0.35110686653124995
TIJPOT_clean,4.06689,3.45193,4.06689,1.44348,706.681,489.567,0.0,0.0,0.526,0.364397,0.0,1,0.001454848,0.137466646,0.13802609062499976
TIKMUW_clean,4.97756,3.1317,4.97756,1.56665,0.0,0.0,649.955,414.868,0.4916,0.31379,0.0,1,0.006250839,0.450512249,0.5229346371350008
TIKXER_clean,3.09349,2.55371,3.08016,2.26283,0.0,0.0,0.0,0.0,0.3132,0.138411,0.0,1,0.0,7.13e-05,0.00010282482000000012
TILDIC_clean,4.17022,3.27836,4.14506,2.02301,0.0,0.0,352.602,174.296,0.4234,0.209292,0.0,1,0.001766272,0.16892558,0.16313467898124986
TILHAY_clean,3.73565,3.13243,3.30127,1.47411,0.0,0.0,105.025,71.2462,0.461,0.31273,0.0,0,0.001397481,0.127053942,0.13280653686749988
TILHAZ_clean,7.88517,4.63235,7.88517,1.00373,1853.27,1846.38,0.563729,0.561634,0.6258,0.623475,0.0,1,0.001949354,0.192637207,0.19181389828500012
TILHEC_clean,3.75288,3.12554,3.74545,1.34381,0.0,0.0,197.744,147.152,0.4516,0.33606,0.0,1,0.001816732,0.17826153,0.17033335145499984
TILVOZ_clean,6.92662,5.60326,6.92662,1.05598,2650.36,2509.85,0.0,0.0,0.7402,0.700958,0.0,0,0.001347446,0.132048226,0.13196882262875137
TILVUF_clean,5.76983,4.47642,5.76568,1.10794,2807.97,2534.4,0.0,0.0,0.7218,0.651478,0.0,0,0.001285411,0.125166912,0.1297727686937511
TILWAM_clean,5.60602,4.41216,5.60244,1.12946,2808.42,2486.52,0.0,0.0,0.7174,0.635172,0.0,1,0.001204262,0.13263593,0.12730479775625084
TINFIH_clean,5.27741,4.42681,5.20512,2.46359,1806.32,733.208,0.0,0.0,0.6116,0.248256,0.0,1,0.000795538,0.080731579,0.07530441262250061
TIQFIJ_clean,4.57248,2.98341,4.57248,2.30825,0.0,0.0,788.289,341.51,0.4542,0.196773,0.0,0,0.061892033,1.689077645,2.1722380671362576
TIQGEG01_clean,3.98024,3.07037,3.8259,2.18618,0.0,0.0,183.13,83.7672,0.4318,0.197514,0.0,1,0.001463703,0.134420623,0.1327771921199997
TIQGEG_clean,3.99152,3.05406,3.97959,2.17194,0.0,0.0,191.126,87.9977,0.4328,0.199268,0.0,1,0.001377684,0.130571987,0.13047296820124965
TIQGIK_clean,3.10962,2.56477,3.10962,2.44635,0.0,0.0,0.0,0.0,0.3666,0.149856,0.0,1,3.89e-06,0.000272338,0.0003803875024999992
TIQGOQ_clean,4.96613,3.45527,4.96613,1.61722,430.124,265.965,0.0,0.0,0.3844,0.237692,0.0,0,0.00185863,0.173641126,0.1683045857649997
TIQGUW_clean,4.96978,3.43779,4.70211,1.57704,459.833,291.579,0.0,0.0,0.3926,0.248947,0.0,1,0.001718769,0.161164581,0.15626543839874998
TIQHAD_clean,4.94141,3.41905,4.94141,1.59594,416.437,260.936,0.0,0.0,0.3934,0.246501,0.0,0,0.001709501,0.158497649,0.15587660644624995
TIQHEH_clean,4.93102,3.44222,4.63541,1.5902,461.876,290.452,0.0,0.0,0.3816,0.23997,0.0,0,0.001727645,0.161559792,0.1617276813574999
TIQHIL_clean,4.95366,3.41712,4.75042,1.6098,421.45,261.803,0.0,0.0,0.389,0.241646,0.0,0,0.001667128,0.164979309,0.1528817345099999
TIRHIL_clean,9.31104,7.31301,9.26469,0.758181,2378.0,3136.45,0.0,0.0,0.7986,1.05331,0.0,0,0.001323211,0.137296941,0.13018143571125138
TIRLIQ_clean,5.16708,4.02438,5.14791,1.34501,828.176,615.737,0.0,0.0,0.4914,0.365349,0.0,1,0.00356993,0.327502281,0.32822280592749853
TIRQOB_clean,6.9378,5.1125,6.91934,1.1916,1497.46,1256.68,0.0,0.0,0.5672,0.475998,0.0,1,0.010017326,0.764118215,0.8258521666299979
TIRRIW_clean,6.09614,5.02444,6.09614,1.07096,1529.04,1427.73,0.0,0.0,0.5558,0.518974,0.0,0,0.006667627,0.598337136,0.6208987899962515
TISGUY_clean,5.93335,3.50712,5.93065,1.25359,678.031,540.871,0.0,0.0,0.466,0.371732,0.0,1,0.00081356,0.082197014,0.08139593194874989
TISHAF_clean,10.6324,4.41521,10.62231,0.802555,2137.19,2662.99,0.0,0.0,0.6594,0.821626,0.0,1,0.006692151,0.624511532,0.5942051497824987
TISLIR_clean,3.87098,3.35985,3.83504,2.06145,195.316,94.7469,0.0,0.0,0.4438,0.215285,0.0,1,0.000495875,0.046456305,0.05024131271874988
TISNEQ_clean,3.60062,2.76215,3.59278,1.34609,0.0,0.0,38.828,28.8451,0.425,0.31573,0.0,0,0.000203088,0.021392728,0.02063164190875
TISPAO_clean,11.19601,4.56022,11.19601,1.01627,1481.21,1457.5,344.513,338.997,0.6604,0.649826,0.0,0,0.00537797,0.481077541,0.4848478953087493
TISWEZ_clean,4.23888,2.74193,3.89905,2.3595,0.0,0.0,104.649,44.3522,0.3576,0.151558,0.0,0,0.000234747,0.022028702,0.021683088825000044
TIVFEK_clean,3.16738,2.61456,3.16666,2.43494,0.0,0.0,0.0,0.0,0.3712,0.152447,0.0,1,1.3e-06,0.000434035,0.00016051820875000094
TIVFIO_clean,3.10272,2.53539,3.10272,2.46082,0.0,0.0,0.0,0.0,0.3638,0.147837,0.0,1,0.0,0.000269491,0.0001359033562500002
TIVYAZ01_clean,8.9528,6.92043,8.9528,0.77854,2139.65,2748.28,0.0,0.0,0.7276,0.934569,0.0,1,0.002566637,0.259600694,0.25633530004750116
TIXCIO_clean,8.51649,4.04507,8.50623,0.818285,2218.52,2711.18,0.0,0.0,0.665,0.812676,0.0,0,0.006299298,0.585322525,0.5651398513312471
TIXMET_clean,7.38507,6.83905,7.38507,1.43185,1792.23,1251.69,0.0,0.0,0.6648,0.464295,0.0,0,0.002367351,0.228730647,0.22208308185875048
TIXMIX_clean,5.48641,4.37851,5.43408,1.55041,1423.25,917.982,0.0,0.0,0.5816,0.375127,0.0,0,0.003473639,0.325207524,0.32703133713375054
TIXVON_clean,5.07339,3.91911,5.00348,0.938456,1558.9,1661.14,0.0,0.0,0.5776,0.615479,0.0,1,0.007913249,0.709802257,0.6900508081712499
TIYZEG_clean,4.29836,2.87757,4.29317,1.98693,0.0,0.0,498.963,251.122,0.4832,0.243189,0.0,1,0.000433909,0.041917618,0.04187353008500013
TIYZIK_clean,4.06151,2.69489,4.06151,1.91597,0.0,0.0,400.619,209.095,0.474,0.247395,0.0,1,0.000335906,0.032627697,0.033605385314999826
TOBJUR_clean,10.64745,9.47902,10.64745,1.06964,1632.11,1525.85,0.0,0.0,0.6686,0.625069,0.0,1,0.002849055,0.280378603,0.28548883939874925
TOBKAY_clean,10.72174,9.5428,10.71607,1.08933,1630.18,1496.5,0.0,0.0,0.666,0.611383,0.0,1,0.002832857,0.276043083,0.28526274105374916
TOBKEC_clean,10.11718,8.98959,10.11479,1.13998,1639.27,1437.98,0.0,0.0,0.6544,0.574044,0.0,1,0.002838933,0.280146438,0.284970127694999
TODVOZ_clean,3.38022,2.61753,3.38022,1.79455,0.0,0.0,0.982372,0.547419,0.354,0.197264,0.0,1,0.000206529,0.017366741,0.020758478537500045
TOFLAD_clean,5.55121,2.82234,5.5376,1.3052,0.0,0.0,688.322,527.369,0.48,0.36776,0.0,1,0.003558495,0.317171169,0.3216120093012478
TOFQEM_clean,4.70069,3.85298,4.60227,1.25512,1271.42,1012.99,0.0,0.0,0.5644,0.449677,0.0,1,0.0069905,0.59237685,0.6028966280637493
TOFTIT_clean,20.17115,6.28286,20.17115,0.598403,2258.24,3773.78,0.0,0.0,0.7822,1.30715,0.0,1,0.003878175,0.365560821,0.3796124147299993
TOHJIL_clean,5.54681,3.74513,5.54681,2.48482,1379.64,555.227,0.0,0.0,0.5704,0.229553,0.0,1,0.001689111,0.162335414,0.16362939941375024
TOHPUC_clean,4.09389,2.51178,4.07981,1.53752,0.0,0.0,232.688,151.34,0.4206,0.273558,0.0,1,0.001235478,0.113456786,0.12141083179749955
TOHQEO_clean,5.89344,4.18847,5.89146,0.984353,1685.69,1712.48,0.0,0.0,0.5842,0.593486,0.0,0,0.007930528,0.701622688,0.6913312375737495
TOHSAL_clean,9.79069,6.17903,9.78331,0.576207,2737.54,4750.96,0.0,0.0,0.7668,1.33077,0.0,1,0.004218802,0.42437281,0.410731764658749
TOHYOF_clean,4.95921,3.31181,4.94339,1.25515,1437.58,1145.35,0.0,0.0,0.5604,0.446482,0.0,0,0.006793224,0.599013403,0.6022761867424993
TOHYUL_clean,7.14824,6.33455,7.14824,1.33984,1522.29,1136.17,0.0,0.0,0.5742,0.428558,0.0,1,0.002489693,0.242752209,0.23252348871125006
TOHYUM_clean,6.18172,4.54627,6.18172,1.23378,1539.69,1247.95,0.0,0.0,0.5958,0.482905,0.0,1,0.005181411,0.483547428,0.47319695313000154
TOJLOT_clean,9.35136,7.4656,9.35136,0.787935,1703.38,2161.83,0.0,0.0,0.6612,0.839156,0.0,0,0.002753996,0.287832725,0.2756993183250005
TOJVIZ_clean,3.39674,2.66676,3.39674,1.51735,0.0,0.0,1.14851,0.756919,0.3788,0.249646,0.0,0,4.85e-05,0.005533586,0.004721484210000009
TOJXOH_clean,4.99328,3.23568,4.99328,2.13773,0.0,0.0,566.101,264.814,0.4854,0.227063,0.0,1,0.001473299,0.13932638,0.13448409837874964
TOKDON_clean,5.68269,4.05076,5.58356,1.1925,2235.99,1875.04,0.0,0.0,0.6214,0.52109,0.0,1,0.005576591,0.533435364,0.5191488070987479
TOLGOR_clean,5.98694,4.00719,5.95033,1.17836,1406.99,1194.02,0.0,0.0,0.5528,0.469125,0.0,1,0.004942124,0.457800389,0.4469498735550018
TOLYOJ_clean,5.56011,4.7997,5.54043,0.908517,1594.37,1754.91,0.0,0.0,0.5744,0.632239,0.0,1,0.004041751,0.411305413,0.3881778340337496
TONBOO_clean,4.69422,3.90104,4.69422,1.33698,611.28,457.21,0.0,0.0,0.4482,0.335234,0.0,1,0.005940452,0.498994933,0.510472353266249
TONLOY_clean,7.42094,6.92579,7.42094,1.50963,792.043,524.661,0.0,0.0,0.4632,0.30683,0.0,1,0.001179265,0.115589439,0.11669907496750093
TONLOZ_clean,5.96623,4.0883,5.95565,1.23552,1555.44,1258.93,0.0,0.0,0.5706,0.461828,0.0,1,0.005755411,0.522741498,0.5250050084437515
TONMAM_clean,5.2062,2.93825,5.2062,1.70605,0.0,0.0,684.118,400.996,0.4062,0.238094,0.0,1,0.004871848,0.397144878,0.4042880187662518
TONMEQ_clean,5.19363,2.88882,5.19363,1.71551,0.0,0.0,655.397,382.043,0.4052,0.236198,0.0,1,0.004033053,0.350626446,0.3725017460487497
TONQOD_clean,8.4438,5.40906,5.91266,0.731873,2982.91,4075.73,0.0,0.0,0.7088,0.968474,0.0,1,0.00502958,0.487155667,0.48735855632249797
TONTIB_clean,8.17686,3.88128,8.17686,0.785515,2106.51,2681.7,0.0,0.0,0.6434,0.819081,0.0,0,0.005691692,0.54815009,0.5258332504174988
TONTOH_clean,8.07783,3.80615,8.07783,0.808912,2062.02,2549.12,0.0,0.0,0.628,0.776351,0.0,0,0.005073125,0.489774593,0.47598320830125007
TONTUN_clean,8.01411,3.79872,8.01411,0.818446,2057.67,2514.12,0.0,0.0,0.6292,0.768774,0.0,0,0.005267999,0.507985828,0.4775019637337507
TONVAV_clean,8.13737,3.84778,8.13737,0.811081,2093.45,2581.06,0.0,0.0,0.6356,0.783646,0.0,0,0.005537771,0.534455974,0.5216847797062486
TONWUO01_clean,5.10073,4.40085,5.10073,1.20939,753.801,623.288,0.0,0.0,0.4534,0.374898,0.0,0,0.00483842,0.435729537,0.43508732049625054
TONWUO_clean,4.69191,4.1146,4.69191,1.30005,589.458,453.412,0.0,0.0,0.4408,0.339064,0.0,0,0.017140465,1.136561871,0.9959884611637516
TOPKIT_clean,8.32819,5.0756,8.31268,0.957644,2418.19,2525.15,0.0,0.0,0.6634,0.692742,0.0,1,0.005982551,0.58269429,0.5611641340087471
TOQCIL_clean,4.36189,3.12888,4.35758,2.43143,0.0,0.0,625.827,257.39,0.507,0.208519,0.0,1,0.006958434,0.533012029,0.5418258193624993
TORJAN_clean,5.41891,3.81819,5.4137,1.12525,1554.01,1381.04,0.0,0.0,0.5844,0.519353,0.0,1,0.003070042,0.303569368,0.29254515258749986
TORJER_clean,5.04936,3.67231,5.03861,1.16476,1436.77,1233.53,0.0,0.0,0.5708,0.490058,0.0,1,0.003357429,0.315457178,0.3271726406637518
TORJIV_clean,5.15558,3.73306,5.14713,1.14909,1453.8,1265.17,0.0,0.0,0.5738,0.499351,0.0,1,0.003212875,0.310323806,0.3083961979912522
TORJOB_clean,5.4126,3.81862,5.4126,1.10851,1564.49,1411.34,0.0,0.0,0.5858,0.528458,0.0,1,0.003251993,0.308194256,0.3089834854087526
TORJUH_clean,5.30819,3.79107,5.29306,1.12185,1513.8,1349.38,0.0,0.0,0.5828,0.519498,0.0,1,0.00338082,0.314076742,0.32741433112250173
TORKAO_clean,5.01927,3.67935,4.85274,1.1494,1435.4,1248.83,0.0,0.0,0.5704,0.496261,0.0,1,0.003574059,0.319154935,0.34036913003500113
TORKES_clean,5.31982,3.78089,5.2376,1.14355,1498.22,1310.14,0.0,0.0,0.5788,0.506141,0.0,1,0.003273106,0.314409165,0.3134263542537522
TORPUN_clean,8.7872,8.28484,8.78484,1.1627,1327.18,1141.46,0.0,0.0,0.5712,0.49127,0.0,0,0.002681094,0.257607306,0.2597443572749991
TORXAB_clean,5.19491,4.25541,5.19491,1.88967,495.266,262.092,0.0,0.0,0.436,0.230728,0.0,0,0.000801561,0.075578438,0.07591829974375028
TORXIJ_clean,3.97644,2.44486,3.97644,2.01204,0.0,0.0,296.196,147.212,0.425,0.211229,0.0,1,0.005147066,0.44881851,0.4134360305012503
TOTVUV_clean,3.89085,3.14087,3.89085,2.64196,0.0,0.0,146.899,55.6025,0.3742,0.141637,0.0,1,0.000260935,0.025325943,0.025728754308750067
TOTWAC_clean,4.27065,3.26465,4.27065,1.4628,0.0,0.0,275.724,188.49,0.4546,0.310774,0.0,1,0.002830987,0.269011635,0.27107997351124946
TOVHUJ_clean,8.92456,5.42795,8.42869,0.747114,2560.53,3427.22,0.0,0.0,0.6974,0.933458,0.0,1,0.00407371,0.411886703,0.40805760195124724
TOVJAR_clean,12.4053,8.52361,12.28582,0.516295,2067.95,4005.36,0.0,0.0,0.809,1.56693,0.0,1,0.002866513,0.290265185,0.2907265883324991
TOVJEV_clean,13.68087,10.37066,13.68087,0.399582,1892.74,4736.79,0.0,0.0,0.837,2.09469,0.0,1,0.003515851,0.339556239,0.3497388261637503
TOVJIZ_clean,12.65101,8.2906,12.63941,0.451159,2031.86,4503.64,0.0,0.0,0.8026,1.77897,0.0,1,0.003613035,0.342240116,0.3580332619375015
TOVJOF_clean,12.42499,8.36781,12.422,0.470537,2039.96,4335.39,0.0,0.0,0.8052,1.71124,0.0,1,0.003877204,0.367751858,0.37969556844624963
TOVJUL_clean,7.14215,5.30329,7.13909,0.862488,2071.68,2401.98,0.0,0.0,0.6594,0.764532,0.0,1,0.004293355,0.396339889,0.42665013731374807
TOVKEW_clean,13.15242,8.94797,13.15242,0.566631,2049.64,3617.24,0.0,0.0,0.7342,1.29573,0.0,1,0.004615735,0.437918624,0.42728017443750027
TOVKIA_clean,11.37766,5.00759,10.17753,0.697273,2365.25,3392.15,0.0,0.0,0.715,1.02542,0.0,1,0.005090678,0.494550817,0.481711651966249
TOVKOG_clean,22.84213,13.1462,21.49189,0.3316,1563.99,4716.49,0.0,0.0,0.8634,2.60374,0.0,1,0.003941441,0.377403556,0.3799670194037489
TOVWIM_clean,8.38379,2.60203,8.37128,1.22876,0.0,0.0,1125.19,915.709,0.5334,0.434096,0.0,1,0.006153796,0.492207936,0.5364584924550008
TOWLIC_clean,6.99656,4.17509,6.73263,1.1525,2487.14,2158.04,0.0,0.0,0.672,0.58308,0.0,1,0.002863705,0.275692537,0.28957096642000024
TOWNAW_clean,6.32785,3.28393,4.81084,1.12669,0.0,0.0,813.196,721.758,0.5396,0.478926,0.0,1,0.010201533,0.712446054,0.845130179472501
TOWNEA_clean,8.82467,7.77952,8.82467,0.718839,2198.94,3059.02,0.0,0.0,0.7032,0.978244,0.0,1,0.003148609,0.308947324,0.309352428197501
TOWNOK_clean,6.93499,4.73179,6.92745,1.00825,1925.88,1910.13,0.0,0.0,0.619,0.613938,0.0,1,0.012352476,0.958556975,0.9990412359662476
TOWNUQ_clean,8.86609,7.97255,8.86609,0.87729,1618.53,1844.92,0.0,0.0,0.6006,0.684609,0.0,1,0.006618419,0.61201797,0.6062409547000011
TOWPEC_clean,10.15584,5.70866,7.95557,0.889254,1486.62,1671.76,593.787,667.736,0.6774,0.761762,0.0,1,0.004504709,0.442772929,0.42945450693125004
TOXHAR_clean,4.88487,4.27765,4.88487,1.14926,1012.18,880.723,0.0,0.0,0.4974,0.4328,0.0,1,0.004119949,0.373644099,0.3800789247124989
TOXHEV_clean,5.62501,5.12266,5.62332,1.0421,1433.18,1375.28,0.0,0.0,0.5534,0.531046,0.0,1,0.005171982,0.474698133,0.47022673354500033
TOXMUQ_clean,6.89787,6.74832,6.89787,1.06186,1595.8,1502.83,0.0,0.0,0.5884,0.55412,0.0,0,0.006674636,0.642455095,0.6166673350600018
TOXNEB_clean,7.00092,6.86576,7.00092,1.06886,1568.91,1467.83,0.0,0.0,0.5846,0.546936,0.0,0,0.006511165,0.630496582,0.5999448009224989
TOXNIF_clean,6.95996,6.82273,6.95996,1.06718,1555.99,1458.03,0.0,0.0,0.5754,0.539176,0.0,0,0.00633987,0.616668634,0.5661343284574989
TOZFOF_clean,13.77283,9.32974,13.77283,0.843356,2144.73,2543.09,0.0,0.0,0.7158,0.848752,0.0,1,0.001952856,0.202467943,0.1936476420000005
TOZHAR_clean,4.71595,3.81365,4.64425,1.35498,1755.8,1295.81,0.0,0.0,0.6366,0.469823,0.0,1,0.001521613,0.151554815,0.1531058320412499
TUBCEA_clean,5.6085,3.84866,5.6085,1.73795,888.172,511.045,0.0,0.0,0.4598,0.264564,0.0,1,0.003885047,0.348777222,0.342861670968748
TUBJAD_clean,4.85188,4.35004,4.85188,1.22218,733.491,600.149,0.0,0.0,0.4892,0.400268,0.0,1,0.001880801,0.170071303,0.17337455131499946
TUBLIN_clean,5.27232,3.84215,5.27232,1.23985,960.484,774.675,0.0,0.0,0.4788,0.386175,0.0,0,0.003844653,0.363695797,0.350941598532499
TUCJAD_clean,5.76369,4.27387,5.76369,1.22067,1421.06,1164.17,0.0,0.0,0.5556,0.455161,0.0,1,0.005009005,0.453303409,0.45852100835125076
TUDQOZ_clean,4.7672,3.81876,4.49087,1.57647,290.479,184.259,229.56,145.616,0.4148,0.263119,0.0,0,0.004713875,0.366879191,0.4055319641925004
TUFSUK_clean,3.77011,2.69961,3.76836,2.09647,0.0,0.0,116.051,55.3552,0.4228,0.201672,0.0,1,0.000216993,0.022477728,0.02114497481374995
TUFTAR_clean,3.78507,2.73276,3.78507,2.02615,0.0,0.0,132.864,65.5747,0.4318,0.213113,0.0,1,0.000230667,0.023127486,0.02118885020624993
TUGFAE_clean,3.32165,2.58273,3.32165,1.55495,0.0,0.0,0.0,0.0,0.3798,0.244252,0.0,0,1.52e-05,0.001902042,0.0016714321062499997
TUGSUK_ion_b,8.53185,3.20614,8.5002,1.11558,0.0,0.0,1138.0,1020.09,0.5516,0.49445,0.0,1,0.002382181,0.234948571,0.22906395725249895
TUGTAR_clean,4.77865,3.86046,4.77243,1.14723,1098.41,957.446,0.0,0.0,0.5416,0.472093,0.0,1,0.007303282,0.642302463,0.6575583924337524
TUJGIQ_clean,5.65806,4.28444,5.64037,1.20241,974.646,810.578,0.0,0.0,0.5012,0.41683,0.0,1,0.00376587,0.353820043,0.348604975401249
TUKCOT_clean,5.03348,3.75359,4.98119,1.1597,1353.77,1167.35,0.0,0.0,0.5642,0.486504,0.0,1,0.005880859,0.514210379,0.5367084812424986
TUKCUZ_clean,4.88707,2.40262,4.88707,1.38763,0.0,0.0,498.673,359.371,0.4628,0.333519,0.0,0,0.003001448,0.266334071,0.28334205833375004
TUKDAG_clean,3.37824,2.66134,3.37824,1.47107,0.0,0.0,0.517934,0.352079,0.4176,0.283874,0.0,0,3.43e-05,0.002941451,0.002924082426250004
TUKYIJ_clean,6.43776,2.80445,6.41451,1.35599,0.0,0.0,335.763,247.614,0.453,0.334073,0.0,1,0.000776807,0.072336464,0.07159815006999977
TULLIW_clean,3.33696,2.60789,3.18415,2.34076,0.0,0.0,0.0,0.0,0.3756,0.160461,0.0,1,9.03e-05,0.008543646,0.008170660626250065
TULNIZ_clean,3.79019,3.04272,3.77541,1.30452,0.0,0.0,157.061,120.397,0.4438,0.340202,0.0,1,0.003128159,0.283563302,0.28900764753875025
TUMGOX_clean,3.4731,2.61221,3.4731,1.87019,0.0,0.0,33.4605,17.8915,0.4894,0.261685,0.0,1,0.000472087,0.049913895,0.046584037907499896
TUMGUD_clean,3.43067,2.59919,3.38691,2.00065,0.0,0.0,18.4328,9.2134,0.4804,0.240121,0.0,1,0.00032875,0.033378449,0.03322537350499996
TUMQID_clean,4.78803,3.71858,4.78803,1.19719,1092.19,912.297,0.0,0.0,0.5342,0.446213,0.0,1,0.006897842,0.619873762,0.5940739063487489
TUMQOJ_clean,4.83352,3.39459,4.83073,1.1864,1126.19,949.248,0.0,0.0,0.5328,0.449088,0.0,0,0.007909794,0.694552796,0.6756712181987506
TUMRAW_clean,4.33484,3.3089,4.32725,1.28672,0.0,0.0,825.874,641.843,0.4936,0.38361,0.0,0,0.005940691,0.537633441,0.5064959548537502
TUMREA_clean,4.44212,3.35998,4.43668,1.27418,943.724,740.65,0.0,0.0,0.5032,0.39492,0.0,0,0.008683407,0.715325103,0.7076272846262479
TUMRIE_clean,4.83008,3.62775,4.83008,1.3408,1128.82,841.902,0.0,0.0,0.5312,0.396182,0.0,1,0.00675516,0.592534984,0.5932778454062481
TUMROK_clean,4.44242,3.69598,4.44242,1.23691,1067.61,863.126,0.0,0.0,0.5056,0.40876,0.0,0,0.008617942,0.735459509,0.708177882376248
TUMRUQ_clean,4.43288,3.27602,4.41951,1.24946,0.0,0.0,828.416,663.018,0.521,0.41698,0.0,0,0.00788322,0.693762846,0.6509975366549979
TUMTOK01_clean,5.22754,2.62529,5.22378,1.85151,0.0,0.0,689.674,372.493,0.5202,0.28096,0.0,0,0.011878787,0.801900191,0.8401025964962497
TUMTOK_clean,5.11398,2.75629,5.10293,1.81391,0.0,0.0,778.118,428.973,0.5412,0.298361,0.0,1,0.008300295,0.645281547,0.6826073600512476
TUNDAJ_clean,4.05204,2.5133,4.05204,1.53077,0.0,0.0,111.966,73.1435,0.4868,0.318011,0.0,0,0.00043476,0.040876452,0.04236334891375008
TUNJET_clean,6.14578,4.61369,6.05606,1.50948,1150.01,761.861,0.0,0.0,0.5096,0.3376,0.0,1,0.003624091,0.335813613,0.33040133716624964
TUPDOZ_clean,4.88368,4.4419,4.87874,1.30126,809.227,621.881,0.0,0.0,0.487,0.374254,0.0,1,0.008953039,0.700004161,0.7604463186124998
TUPGIU_clean,4.86654,3.68424,4.60956,0.816785,1409.59,1725.78,0.0,0.0,0.5472,0.669943,0.0,1,0.001948832,0.190775404,0.18866085706375052
TUQWIL01_clean,5.38124,3.40475,5.38124,1.42901,1463.26,1023.97,0.0,0.0,0.6194,0.433446,0.0,0,0.007954354,0.689253034,0.6687721767000006
TUQWIL_clean,5.32706,3.3808,5.32706,1.42065,1391.69,979.613,0.0,0.0,0.6154,0.433181,0.0,0,0.00554587,0.507286954,0.5022360333724974
TURDIV_clean,6.92653,4.99633,6.92653,1.00914,1370.8,1358.39,0.0,0.0,0.5476,0.542641,0.0,0,0.004732263,0.448211586,0.43977353538000047
TURDOB_clean,6.98892,4.35902,6.87374,1.03033,1344.35,1304.78,0.0,0.0,0.5432,0.52721,0.0,0,0.004748282,0.434991177,0.4393559553712501
TURDUH_clean,6.62446,4.36886,6.61015,1.02982,1359.58,1320.21,0.0,0.0,0.5506,0.534658,0.0,0,0.004695537,0.431740872,0.4382081663487511
TURFAP_clean,6.01435,4.39558,5.97493,1.05478,1276.17,1209.89,0.0,0.0,0.5208,0.493754,0.0,0,0.00469163,0.444682705,0.433504082003751
TURFET_clean,6.77386,4.80527,6.75967,1.02251,1388.25,1357.69,0.0,0.0,0.5348,0.523025,0.0,0,0.004993257,0.464696365,0.45901604011999914
TUTHIA_clean,7.74765,6.0396,7.74488,1.02371,1471.87,1437.78,0.0,0.0,0.5658,0.552697,0.0,1,0.005374289,0.518199508,0.48485740890374934
TUTHOG_clean,7.58539,5.94334,7.58539,1.03555,1488.56,1437.45,0.0,0.0,0.5586,0.539422,0.0,1,0.005595213,0.539645496,0.5094410589999999
TUTJAU_clean,6.55313,5.09154,6.45158,1.05742,1473.03,1393.05,0.0,0.0,0.5626,0.532052,0.0,1,0.006087647,0.578569879,0.565588343651248
TUTZOX_clean,3.66364,3.0178,3.65517,1.75971,0.0,0.0,71.4712,40.6153,0.395,0.224469,0.0,1,0.000864483,0.079822598,0.08657534529374951
TUTZUD_clean,3.76381,2.96576,3.76122,1.99914,0.0,0.0,30.2855,15.1493,0.3678,0.183979,0.0,1,0.000457361,0.043322378,0.04439570594250014
TUVDIX_clean,7.2691,3.21232,7.26262,1.4641,0.0,0.0,687.25,469.401,0.5046,0.344649,0.0,1,0.002107614,0.199976935,0.20321075152499987
TUVDOD_clean,7.24385,3.14901,7.23939,1.53287,0.0,0.0,676.575,441.377,0.5018,0.327359,0.0,1,0.002053658,0.203563004,0.19758507420249988
TUVDUJ_clean,7.2946,3.15351,7.2946,1.55416,0.0,0.0,687.896,442.616,0.5052,0.325063,0.0,1,0.002104374,0.200634269,0.2015169187662501
TUWPIL_clean,4.51899,3.3401,4.51631,1.27827,568.245,444.544,0.0,0.0,0.4984,0.389903,0.0,1,0.008214688,0.570069566,0.6675963195699964
TUYFIE_clean,5.48587,4.03732,5.48587,1.18223,1310.67,1108.64,0.0,0.0,0.5692,0.481463,0.0,1,0.00966284,0.798936712,0.8132642522987481
TUYHOL_clean,5.84321,4.88702,5.4789,3.20354,994.943,310.576,0.0,0.0,0.468,0.146088,0.0,1,0.00045756,0.042384279,0.043326143793749924
TUYHUR_clean,9.01467,4.33972,9.01467,1.00323,2258.33,2251.06,0.0,0.0,0.7092,0.706918,0.0,1,0.001737994,0.166131992,0.17755686371625018
TUYJED_clean,8.921,4.25748,8.91848,1.03154,2274.68,2205.14,0.0,0.0,0.7106,0.688873,0.0,1,0.001692114,0.166338582,0.16880563939375054
TUYLIJ_clean,4.51754,3.71437,4.51754,1.86429,822.472,441.171,0.0,0.0,0.4454,0.238911,0.0,0,0.005989147,0.5019857,0.518865016572501
TUYNEI_clean,4.98882,3.8643,4.98882,1.23289,1157.26,938.66,0.0,0.0,0.5728,0.4646,0.0,1,0.005298433,0.490404064,0.4709606838025007
TUZNOS_clean,9.10066,3.05347,9.10066,1.20356,0.0,0.0,1028.97,854.941,0.5326,0.44252,0.0,1,0.003384425,0.31592203,0.3169066077400004
TUZVUH_clean,8.88409,8.01315,8.88409,1.36955,1074.66,784.684,0.0,0.0,0.5192,0.379103,0.0,1,0.001379037,0.127542075,0.13767478544375056
UBACOR_clean,5.7806,3.33609,5.7806,1.34848,972.027,720.832,0.0,0.0,0.4794,0.355511,0.0,1,0.005458469,0.462781878,0.47395559179499736
UBIBUF_clean,11.65323,7.63405,11.12586,0.757644,2339.26,3087.55,0.0,0.0,0.745,0.983311,0.0,1,0.003779714,0.369166415,0.3683517795087499
UBIPAY_clean,4.38835,3.9606,4.38835,1.21218,1031.09,850.605,0.0,0.0,0.4942,0.407694,0.0,1,0.004358399,0.420150675,0.41059705972125066
UBOGAV_clean,5.07523,3.09037,5.07523,2.28893,0.0,0.0,779.414,340.515,0.474,0.207084,0.0,1,0.004346084,0.356851597,0.39593924594875174
UBULIO_SL,24.23226,22.89921,24.21499,0.438068,1818.16,4150.4,0.0,0.0,0.8258,1.8851,0.0,1,0.003269733,0.310280217,0.3194344370437512
UBULUA_clean,8.25861,7.55924,8.25861,1.22262,2063.77,1688.0,0.0,0.0,0.67,0.548005,0.0,1,0.00256679,0.25020966,0.2547485463087496
UBUMAH_clean,7.09336,6.41082,6.96082,0.845931,2610.44,3085.88,0.0,0.0,0.7132,0.843094,0.0,1,0.003549664,0.352173344,0.3480272883412501
UBUROY_clean,6.6651,5.3887,6.6651,1.08106,2567.3,2374.8,0.0,0.0,0.7436,0.687844,0.0,1,0.00075036,0.074612656,0.07233568316500008
UCABAE_clean,5.42772,4.56824,5.1729,1.09568,662.018,604.208,511.165,466.528,0.544,0.496495,0.0,0,0.006996981,0.602865299,0.6068037613125008
UCAXEC_clean,4.65972,3.79898,4.65972,1.24715,773.765,620.428,0.335064,0.268664,0.4924,0.394821,0.0,1,0.004438517,0.383468027,0.4190010024862504
UCEGAM_clean,4.6913,3.56585,4.6913,1.64579,1244.17,755.971,0.0,0.0,0.5386,0.32726,0.0,1,0.000535287,0.054235484,0.057777251388749847
UCEGEQ_clean,4.6624,3.53865,4.56509,1.68077,1210.21,720.033,0.0,0.0,0.5348,0.318188,0.0,1,0.000613401,0.053870194,0.06272362955375048
UCEXAC_clean,6.32023,4.85158,6.32023,1.4352,1385.63,965.467,0.0,0.0,0.5604,0.390469,0.0,1,0.003509666,0.336156475,0.32950000775375055
UCEXEG_clean,6.31608,4.83612,6.30774,1.45624,1389.21,953.967,0.0,0.0,0.5674,0.389633,0.0,1,0.003542411,0.337848766,0.33089280755999995
UCEXIK_clean,6.33067,4.85437,6.2578,1.46159,1391.18,951.831,0.0,0.0,0.5718,0.391219,0.0,1,0.003596916,0.336351073,0.3355362745737503
UCEXOQ_clean,6.32321,4.82644,6.31444,1.48289,1385.85,934.555,0.0,0.0,0.5694,0.383979,0.0,1,0.003632646,0.334625586,0.3476203937137501
UCOCUM_neutral,13.17014,6.56871,13.16847,0.882705,2115.68,2396.81,0.0,0.0,0.7142,0.809104,0.0,1,0.004827986,0.434939784,0.43063508482000096
UCOHUR_clean,8.1734,7.22847,8.12249,1.21949,2095.07,1717.98,0.0,0.0,0.6692,0.548752,0.0,0,0.002794568,0.264597902,0.27683085460625007
UCOJAZ_clean,8.09472,7.35206,8.09472,1.24694,2013.79,1614.99,0.0,0.0,0.6576,0.527372,0.0,1,0.002590489,0.245411824,0.25573047784874964
UCOJED_clean,7.99802,7.49345,7.99418,1.22768,2022.24,1647.21,0.0,0.0,0.665,0.541674,0.0,0,0.002670804,0.25005298,0.2664071448299998
UCOJIH_clean,8.11816,7.11073,8.05724,1.22088,2052.56,1681.21,0.0,0.0,0.6616,0.541903,0.0,0,0.002584564,0.249097757,0.2561686009999996
UCOXOZ_clean,6.74707,6.10487,6.74209,1.02439,1598.25,1560.2,14.8613,14.5075,0.5836,0.569706,0.0,1,0.003248433,0.319803074,0.3090165570787527
UCUJOU_clean,7.86092,6.25774,7.86092,1.30122,2380.04,1829.08,0.0681927,0.0524066,0.6862,0.52735,0.0,1,0.001582332,0.154370025,0.15570789731000048
UCUTIW_clean,6.35635,5.83008,6.34586,1.00359,1563.59,1558.0,0.0,0.0,0.6334,0.631134,0.0,1,0.003237711,0.329616875,0.3095708159350029
UDANEV_clean,13.79937,11.17997,13.79937,0.783809,1782.29,2273.88,0.0,0.0,0.7968,1.01657,0.0,1,0.00435072,0.400486538,0.4242316292624981
UDEGIW_clean,4.92586,2.4488,4.87318,1.26119,0.0,0.0,875.813,694.432,0.5018,0.397877,0.0,0,0.013785475,0.989364323,0.9228627122162497
UDEMEW_manual,28.23748,11.69499,28.22828,0.681201,1337.39,1963.29,46.9906,68.9819,0.7606,1.11656,0.0,1,0.007226592,0.48228443,0.654444539145004
UDEPIE_clean,6.47552,3.00025,6.47552,1.77613,0.0,0.0,1310.28,737.714,0.526,0.296149,0.0,1,0.002187536,0.217352014,0.21141839462499937
UDICAN_clean,4.58421,3.93064,4.58097,3.59569,711.428,197.856,0.0,0.0,0.4032,0.112134,0.0,1,0.005928615,0.412663999,0.47879345583999916
UDICER_clean,3.77926,2.66082,3.77926,2.41704,0.0,0.0,128.638,53.2212,0.4106,0.169877,0.0,1,0.003559698,0.321763823,0.3219217067537472
UDIDAO_clean,4.33708,3.17714,4.32942,1.74178,0.0,0.0,476.91,273.806,0.4394,0.252271,0.0,1,0.002032482,0.190750778,0.18827287621375002
UDOVOA_clean,11.10402,3.55246,11.07204,1.28591,1551.09,1206.21,48.2971,37.5586,0.5878,0.457107,0.0,1,0.013668142,0.899258047,1.0804396778162546
UDUMIP02_clean,7.11427,6.32764,7.10696,1.42622,1719.35,1205.53,0.0,0.0,0.5884,0.412559,0.0,1,0.001657844,0.167997668,0.1657847298800007
UDUMIP03_clean,7.09807,6.30763,7.09096,1.42891,1721.24,1204.58,0.0,0.0,0.5872,0.410943,0.0,1,0.001705362,0.168468623,0.1681963762325006
UDUMIP_clean,7.19202,6.41478,7.18204,1.40092,1718.44,1226.65,0.0,0.0,0.5958,0.425293,0.0,1,0.001628277,0.161044227,0.1604525415237513
UFASEA_ion_b,3.8787,3.48972,3.87221,1.84634,417.315,226.022,88.8958,48.1469,0.4466,0.241883,0.0,1,0.003360607,0.294829827,0.3177033923074991
UFEMIC_clean,5.26486,4.19267,5.24985,1.20943,1737.26,1436.43,0.0,0.0,0.6508,0.538107,0.0,0,0.001044124,0.102640423,0.10419824299500018
UFENAW_clean,7.28617,5.35852,7.10503,0.754992,3088.35,4090.58,0.0,0.0,0.7422,0.983057,0.0,1,0.003286021,0.327770616,0.3308649159387505
UFENEZ_clean,4.2673,2.47371,3.82184,1.61863,0.0,0.0,577.732,356.926,0.552,0.341028,0.0,0,0.00045764,0.047012526,0.045013218418750015
UFEVIL_clean,6.75773,4.04783,6.73846,1.05377,1465.81,1391.02,0.0,0.0,0.5784,0.548886,0.0,1,0.00313218,0.300228282,0.29569327965750103
UFEXEJ_clean,5.30731,5.14101,5.30608,2.3365,1189.34,509.026,0.0,0.0,0.4796,0.205264,0.0,1,0.002259582,0.217206358,0.2135494389337497
UFEXIN_clean,5.2808,5.11213,5.27438,2.36936,1181.21,498.534,0.0,0.0,0.4788,0.20208,0.0,1,0.002334276,0.214846308,0.21369651409749943
UFILUR02_clean,4.87067,2.50935,4.65629,1.18201,0.0,0.0,698.617,591.042,0.5484,0.463955,0.0,1,0.001384064,0.128711994,0.13425163337749932
UFILUR_clean,4.88167,2.52266,4.87853,1.17936,0.0,0.0,740.53,627.909,0.5494,0.465847,0.0,1,0.001312782,0.128397164,0.12525959647374932
UFISOS_clean,3.94581,2.96381,3.94581,1.57373,0.0,0.0,459.466,291.959,0.5162,0.32801,0.0,0,0.001644317,0.159649894,0.16044111660749966
UFISUY_clean,3.9371,2.93732,3.9371,1.55788,0.0,0.0,454.444,291.707,0.52,0.333788,0.0,0,0.00149834,0.150064478,0.14832389723374978
UFITEJ_clean,4.28866,3.3328,4.22514,1.50236,891.064,593.111,0.0,0.0,0.5408,0.359968,0.0,0,0.002050198,0.193315765,0.19094711780374973
UFOFIF_clean,4.79304,3.6453,4.79304,1.31843,760.934,577.154,0.0,0.0,0.5036,0.381971,0.0,1,0.001211363,0.121738842,0.12505739335750055
UFUNAK_clean,4.15354,2.89336,4.14541,1.54075,0.0,0.0,201.949,131.072,0.4016,0.260652,0.0,1,0.00696063,0.611161952,0.5335265099587501
UFUNIS_clean,4.49854,3.78199,4.40172,1.42532,684.322,480.117,0.0,0.0,0.4402,0.308843,0.0,1,0.012162674,0.918792982,0.8266363931900023
UFUQIV_clean,7.38156,5.81733,6.18024,0.675677,2389.77,3536.85,0.0,0.0,0.7014,1.03807,0.0,1,0.004289538,0.436977978,0.42420122077999833
UGAPOI_clean,5.05393,2.87926,5.05393,0.844299,0.0,0.0,1063.34,1259.43,0.547,0.647875,0.0,0,0.010955321,0.949553317,0.8738098456137514
UGAQEY_clean,4.89575,4.03861,4.89307,1.29414,1150.64,889.116,1.22671,0.947894,0.5042,0.389602,0.0,1,0.003481976,0.321121103,0.32814386501875
UGELIB_clean,9.36087,9.10832,9.36087,1.90193,1244.67,654.425,0.0,0.0,0.572,0.300747,0.0,0,0.01174983,0.99844555,0.8519938205125012
UGEPEB01_clean,3.67281,2.96848,3.51772,1.84538,0.0,0.0,166.86,90.4204,0.382,0.207003,0.0,1,0.000409923,0.038811588,0.041408568000000326
UGEPEB_clean,3.58495,2.98646,3.46703,1.8709,0.0,0.0,120.337,64.3203,0.3576,0.191138,0.0,1,0.00027885,0.029639085,0.026378880430000015
UGIGAS01_clean,3.71953,2.84259,3.69838,2.13073,0.0,0.0,125.339,58.8243,0.3662,0.171866,0.0,0,0.002838137,0.251733515,0.27171212195374916
UGIGAS_clean,3.71779,2.86175,3.68863,2.13564,0.0,0.0,108.364,50.7405,0.3624,0.169691,0.0,0,0.002777681,0.250355117,0.24365315630249954
UGOFED_clean,5.38504,4.20309,4.96349,1.22232,1169.34,956.656,0.0,0.0,0.5274,0.431476,0.0,1,0.008505282,0.689299724,0.71342254322375
UGUGUZ_clean,4.77323,4.07807,4.77323,1.79667,684.632,381.056,127.779,71.1197,0.5662,0.315138,0.0,1,0.00118303,0.116694975,0.12124483127624998
UGUHAG_clean,4.84717,4.36591,4.84717,1.73201,1080.53,623.859,0.0,0.0,0.576,0.332562,0.0,1,0.001241144,0.120287915,0.12509604089750048
UGUHEK_clean,4.77594,4.10655,4.77594,1.75746,691.545,393.492,145.139,82.5845,0.5694,0.323991,0.0,1,0.000872611,0.084101741,0.08689250950124966
UGUQUK_clean,3.99032,3.05539,3.98074,1.40234,0.0,0.0,101.65,72.4861,0.3968,0.282957,0.0,0,0.001807184,0.156540913,0.1684337261037497
UGUXAV_clean,4.02254,3.27151,4.02254,1.39757,0.0,0.0,306.841,219.553,0.5282,0.377941,0.0,0,0.001233471,0.118608205,0.12438643080249942
UHADAI_clean,4.37483,2.8874,4.30197,1.62011,0.0,0.0,464.851,286.925,0.5268,0.325162,0.0,0,0.001945309,0.183951634,0.18551365100874992
UHASED_clean,4.93212,3.89765,4.93212,1.32119,1664.14,1259.57,0.0,0.0,0.5574,0.421891,0.0,0,0.007053757,0.631503525,0.6111212048962501
UHAXUW_clean,5.09262,3.57011,5.0696,1.51761,748.067,492.925,0.0,0.0,0.446,0.293883,0.0,0,0.003213838,0.285082603,0.30375787348000055
UHISEK_clean,4.62036,2.94968,4.54474,1.89246,0.0,0.0,318.192,168.136,0.417,0.220348,0.0,0,0.006471941,0.450004797,0.5204438571037522
UHISOU_clean,4.50899,3.25805,4.50899,1.23297,0.0,0.0,879.933,713.667,0.521,0.422555,0.0,1,0.009094799,0.791565496,0.7783725934650011
UHIYOB_clean,3.38722,2.73376,3.37495,1.3064,0.0,0.0,0.822358,0.629482,0.4322,0.330832,0.0,0,3.01e-05,0.003339209,0.00283113765875
UHUPET_clean,13.55212,8.93511,12.0856,0.540431,2097.88,3881.87,0.0,0.0,0.7682,1.42146,0.0,1,0.002906258,0.28109215,0.29144262893249967
UHUPOD01_clean,33.07784,21.40391,33.07784,0.19136,873.381,4564.06,0.0,0.0,0.937,4.89652,0.0,0,0.004232456,0.411232652,0.4109740368774977
UJAQAY_clean,3.85934,2.81383,3.84308,1.41324,0.0,0.0,285.6,202.089,0.4266,0.301859,0.0,1,0.003997728,0.369303118,0.35740679433749956
UJAQEC_clean,4.46683,3.5414,4.46683,1.21484,1347.94,1109.56,67.5496,55.6038,0.5582,0.459485,0.0,1,0.006178257,0.591597842,0.5576382563412488
UJAQUS_clean,7.15939,6.10118,7.07981,0.989707,2008.92,2029.81,0.0,0.0,0.6442,0.6509,0.0,1,0.004312376,0.403779953,0.42904625291499954
UJECUI_clean,4.88745,3.19638,4.88745,1.6249,0.0,0.0,476.407,293.192,0.4724,0.290726,0.0,0,0.001873311,0.169151853,0.1709287110774996
UJEDIX_clean,4.86939,3.4331,4.86939,1.44888,987.806,681.772,2.33073,1.60864,0.5456,0.376567,0.0,0,0.002058501,0.196375976,0.1985165467900001
UJEFOE01_clean,3.83078,2.52833,3.83078,1.9552,0.0,0.0,66.1421,33.8289,0.379,0.193843,0.0,0,0.00253305,0.206303395,0.2381423507412502
UJEFOE_clean,3.73886,2.40686,3.73886,1.97003,0.0,0.0,43.0017,21.828,0.3702,0.187916,0.0,0,0.00179758,0.16202982,0.16714077900624946
UJILAA_clean,19.23413,9.51535,19.23413,0.420332,1982.45,4716.4,0.0,0.0,0.8898,2.1169,0.0,1,0.001378433,0.132259144,0.1388881195787511
UJIPAG_clean,4.69659,2.89546,4.10096,3.0185,0.0,0.0,475.887,157.657,0.4602,0.15246,0.0,1,0.000668474,0.06333442,0.06649116683000003
UJIPEK_clean,4.71494,2.89064,4.02155,2.9774,0.0,0.0,492.418,165.385,0.464,0.155841,6.72e-05,1,0.000664222,0.063687086,0.06612917980500004
UJIZET_clean,7.09242,5.53096,7.08797,1.15967,2195.41,1893.13,0.0,0.0,0.6436,0.554986,0.0,1,0.002092729,0.205558027,0.20898936941250054
UJOJAG_clean,3.29516,2.5547,3.29366,1.80226,0.0,0.0,0.0,0.0,0.313,0.173671,0.0,0,2.13e-05,0.002416316,0.0028647010687500134
UJOJEK01_clean,3.43318,2.65047,3.43221,1.78249,0.0,0.0,0.992319,0.556704,0.3176,0.178178,0.0,0,7.8e-05,0.007668561,0.007628147021250063
UJOJEK_clean,3.40841,2.63492,3.40455,1.78897,0.0,0.0,1.54318,0.86261,0.317,0.177197,0.0,0,7.4e-05,0.006300261,0.007651990073750036
UJOJIO01_clean,3.40762,2.63626,3.40762,1.78523,0.0,0.0,0.596305,0.334022,0.3256,0.182386,0.0,0,6.18e-05,0.006805012,0.006203290631250006
UJOJIO03_clean,3.45833,2.66539,3.45833,1.77865,0.0,0.0,2.1784,1.22475,0.3282,0.184522,0.0,0,8.51e-05,0.009752431,0.008018946437500068
UJOJIO05_clean,3.44274,2.64886,3.43821,1.77527,0.0,0.0,1.58128,0.890726,0.33,0.185888,0.0,0,7.91e-05,0.008418592,0.007685828197500054
UJOJIO06_clean,3.44474,2.65655,3.43987,1.78115,0.0,0.0,1.58652,0.890726,0.328,0.184151,0.0,0,8.21e-05,0.008749011,0.007703586973750054
UJOJIO07_clean,3.45743,2.66902,3.45238,1.77861,0.0,0.0,1.98032,1.11341,0.3282,0.184526,0.0,0,9.73e-05,0.009557828,0.009664831643750087
UJOJIO_clean,3.42023,2.63655,3.42023,1.78596,0.0,0.0,0.795402,0.445363,0.3256,0.182311,0.0,0,8.31e-05,0.00708678,0.00764658519500005
UJOJOU01_clean,3.32389,2.572,3.32389,1.79905,0.0,0.0,0.0,0.0,0.3206,0.178205,0.0,0,3.95e-05,0.003168375,0.003354696207500007
UJOJOU_clean,3.31941,2.56648,3.31941,1.79976,0.0,0.0,0.0,0.0,0.3206,0.178135,0.0,0,2.23e-05,0.003082222,0.002985414628750008
UJOKIP01_clean,3.3588,2.59089,3.35568,1.74962,0.0,0.0,0.218456,0.124859,0.3314,0.189413,0.0,0,4.07e-05,0.00427529,0.0035547957600000125
UJOKIP02_clean,3.34166,2.5591,3.33812,1.75734,0.0,0.0,0.0,0.0,0.3282,0.18676,0.0,0,2.54e-05,0.003364246,0.003034298935000003
UJOKIP04_clean,3.36545,2.56418,3.31866,1.75019,0.0,0.0,0.218528,0.124859,0.3304,0.188779,0.0,0,4.89e-05,0.00286648,0.0045844543325000145
UJOKIP_clean,3.46491,2.66099,3.46491,1.72465,0.0,0.0,2.76916,1.60564,0.3388,0.196446,0.0,0,0.000123169,0.009117566,0.010415840153750078
UJOWEW_clean,5.75366,4.18708,5.75366,1.11983,1989.69,1776.77,0.0,0.0,0.6036,0.539008,0.0,1,0.001815337,0.18092281,0.18132845727124916
UJULIW_clean,7.01875,6.807,7.01875,2.47032,548.528,222.047,0.0,0.0,0.3284,0.132938,0.0,1,0.00304519,0.25987511,0.2889004309912502
UJUPUM_clean,6.77742,5.67068,6.76869,0.861722,2505.7,2907.78,0.0,0.0,0.7082,0.821843,0.0,1,0.002397358,0.244465007,0.22522518679625056
UJUQIB_clean,10.2017,5.3119,10.02065,0.774012,2238.72,2892.35,0.0,0.0,0.6914,0.893268,0.0,0,0.004078562,0.408560282,0.4071771792399973
UJUXOM_clean,3.8942,2.89771,3.83746,1.54689,0.0,0.0,131.618,85.0856,0.476,0.307715,0.0,1,0.000528365,0.05401186,0.05223053807499971
UKAJOH_clean,5.01926,3.81172,4.98641,1.35653,485.975,358.247,0.0,0.0,0.4304,0.317279,0.0,1,0.007781063,0.531585858,0.6128062224224969
UKAPUS_clean,6.98994,4.84446,6.98994,1.13705,1711.16,1504.91,0.0,0.0,0.5842,0.513788,0.0,0,0.00464032,0.418464889,0.44594988036375055
UKAQAZ_clean,7.03658,4.81444,7.03658,1.1542,1709.08,1480.75,0.0,0.0,0.5836,0.505632,0.0,0,0.004537838,0.420179234,0.44251860465125153
UKAQED_clean,6.96134,4.79708,6.96134,1.16653,1696.68,1454.47,0.0,0.0,0.581,0.49806,0.0,0,0.004574541,0.430670757,0.4425418794425014
UKAQIH_clean,7.0082,4.78738,7.0082,1.16844,1713.29,1466.3,0.0,0.0,0.5844,0.500152,0.000171168,0,0.004767873,0.423312352,0.4456194481125003
UKAZEM_clean,10.77132,8.65206,10.76899,0.789293,2030.11,2572.07,0.0,0.0,0.7756,0.982652,0.0,1,0.001188407,0.125555724,0.1264955967825012
UKEXEP_clean,4.56996,3.476,4.56996,1.58485,612.499,386.472,21.3828,13.492,0.4954,0.312585,0.0,1,0.002395651,0.22285612,0.22341167351624983
UKIQIP_clean,10.57455,7.52574,10.57455,0.823179,2075.57,2521.41,0.0,0.0,0.6786,0.824365,0.0,1,0.002829098,0.283263066,0.28595462865500076
UKIQOV_clean,13.66711,9.63813,13.66009,0.628902,2104.6,3346.47,0.0,0.0,0.7776,1.23644,0.0,1,0.003696252,0.367443487,0.3645451815537512
UKOZOK_clean,5.16699,3.99697,5.16538,2.08607,1456.61,698.257,0.0,0.0,0.5214,0.249944,0.0,1,0.003102569,0.273396843,0.2848717566225002
UKUBIM_clean,7.24657,4.5792,7.24657,1.09306,1336.34,1222.57,0.0,0.0,0.5474,0.500795,0.0,0,0.008739624,0.70715276,0.6962300837862523
UKUBOS_clean,7.20509,4.51731,7.20509,1.01682,1332.64,1310.6,0.0,0.0,0.5496,0.540507,0.0,0,0.010327642,0.833157448,0.8606069784112509
UKUBUY_clean,7.24877,4.48545,6.9378,1.0306,1336.85,1297.17,0.0,0.0,0.5312,0.51543,0.0,0,0.012104606,0.94918797,0.9709014154387505
UKUCAF_clean,7.2141,4.4286,6.87747,1.05667,1313.72,1243.26,0.0,0.0,0.5246,0.496466,0.0,0,0.012087748,0.949844126,0.963375378093751
UKUDEL_clean,10.93489,2.95536,10.93489,1.20739,0.0,0.0,1228.49,1017.48,0.596,0.493627,0.000165647,0,0.001366845,0.132059607,0.13038686116
UKULOB01_clean,3.80006,3.21073,3.67546,2.09728,0.0,0.0,130.666,62.3029,0.4118,0.19635,0.0,1,6.97e-05,0.00713127,0.007973958976250022
UKULOB_clean,3.82761,3.2197,3.73471,2.17209,0.0,0.0,123.745,56.9706,0.3964,0.182497,0.0,1,7.54e-05,0.006351859,0.008368984835000023
UKUMAO01_clean,3.71518,3.2095,3.58844,2.99592,0.0,0.0,81.8788,27.3301,0.4,0.133515,0.0,1,2.05e-05,0.002850083,0.0024832038187499977
UKUMAO_clean,3.76852,3.23056,3.72223,3.06841,0.0,0.0,99.8887,32.5539,0.4034,0.131469,0.0,1,4.85e-05,0.003527892,0.004531796486250023
UKUPEX_clean,4.61528,3.37476,4.61528,1.18566,772.627,651.645,0.0,0.0,0.489,0.41243,0.0,1,0.005213284,0.458080218,0.46055935619749894
UKUPIB_clean,7.9794,5.83185,7.9636,0.893496,2137.53,2392.33,0.0,0.0,0.6356,0.711363,0.0,1,0.002795022,0.282540196,0.27677369748625064
UKUPUL_clean,6.90717,5.2805,6.90717,1.43379,1465.65,1022.22,1.90531,1.32886,0.5222,0.364209,0.0138095,1,0.00114406,0.11223498,0.10900412597625017
UKUTEB_clean,4.86135,2.69161,4.85098,1.25674,0.0,0.0,774.156,616.001,0.4814,0.383053,0.0,1,0.006887435,0.568959271,0.5571382340474996
ULAQAB_clean,5.27643,3.51743,4.89733,1.04387,1032.19,988.815,0.0,0.0,0.5466,0.523628,0.0,0,0.006032058,0.528380379,0.5593919857712478
ULAQEF_clean,5.27064,3.49026,5.03731,1.02909,1016.13,987.412,0.0,0.0,0.5346,0.51949,0.0,0,0.004768155,0.436607535,0.4264843126112504
ULASAD_clean,8.38485,6.51445,8.17533,0.647842,2428.58,3748.72,0.0,0.0,0.7298,1.12651,0.0,1,0.001738748,0.168682699,0.17766026510500044
ULEGOH_clean,6.13177,4.39371,6.11357,1.30509,966.034,740.207,0.0,0.0,0.4766,0.365187,0.0,1,0.004503023,0.368807671,0.4268783490499997
ULEHEA_clean,3.71795,2.69286,3.71795,2.01619,0.0,0.0,85.7804,42.5457,0.4102,0.203453,0.0,1,0.000725158,0.070985097,0.06926232290999992
ULEPIM_clean,5.06694,2.95292,5.06546,1.29475,0.0,0.0,334.907,258.665,0.4248,0.328094,0.0,0,0.011562646,0.667693322,0.7965220118075012
ULIMIN_clean,5.00183,3.7748,4.85322,1.2693,515.601,406.208,162.351,127.906,0.476,0.375009,0.0,0,0.008722965,0.666022786,0.6855462551887477
ULOGAE_clean,6.57121,5.40028,5.95167,1.35328,2211.75,1634.36,0.0,0.0,0.6272,0.463465,0.0,1,0.003498706,0.32902251,0.3414810920975006
ULOGIL_clean,4.16035,3.10206,4.16035,1.93416,0.0,0.0,408.297,211.098,0.4766,0.246412,0.0,1,0.001914308,0.173142967,0.18029571631374958
ULOKAJ_clean,8.7673,6.34979,8.7673,1.30492,1735.79,1330.19,0.0,0.0,0.637,0.488152,0.0,0,0.001577993,0.160712372,0.15545693664375074
ULOLEO_clean,8.29808,5.90829,8.29808,1.34322,1731.11,1288.78,0.0,0.0,0.6394,0.47602,0.0,0,0.001623417,0.167439085,0.16019538864625113
ULOLIS_clean,8.54677,6.10924,8.54677,1.32937,1733.05,1303.66,0.0,0.0,0.6388,0.480529,0.0,0,0.001676741,0.165547074,0.16643605445625062
ULOMAL_clean,8.86217,6.43433,8.86217,1.31015,1733.6,1323.21,0.0,0.0,0.6522,0.497807,0.0,0,0.001684641,0.160345029,0.1669601176300004
ULUPUM01_clean,3.45453,2.73045,3.44786,1.70967,0.0,0.0,11.8472,6.92952,0.409,0.239228,0.0,1,0.000187604,0.017724967,0.018130883333750007
ULUQAV_clean,3.81421,2.96104,3.78648,1.8271,0.0,0.0,106.613,58.3507,0.4082,0.223414,0.0,1,0.000919203,0.083541539,0.08833637485999951
ULUVUT_clean,5.14269,4.75945,5.14269,1.14921,1898.67,1652.16,0.0,0.0,0.6398,0.556733,0.0,0,0.004386946,0.420747634,0.4266226334525009
UMABIV_clean,5.68466,5.22417,5.68466,1.23934,1941.33,1566.43,0.0,0.0,0.6118,0.493651,0.0,1,0.004599831,0.427941279,0.4344253304312498
UMABOB_clean,5.41853,4.65091,5.41146,1.04463,1738.12,1663.87,0.0,0.0,0.574,0.549478,0.0,1,0.004789467,0.461406079,0.4354348894262503
UMALUQ_clean,8.90326,5.05379,8.67673,1.06985,1916.16,1791.07,0.0,0.0,0.5972,0.558212,0.0,1,0.002593897,0.240385041,0.2553153224512499
UMAROR_clean,4.34972,2.76546,4.31289,1.96709,0.0,0.0,679.956,345.667,0.466,0.236899,0.0,1,0.004858626,0.419445969,0.4028512889450024
UMEDEX_clean,8.31991,5.90244,8.31991,1.33036,1734.05,1303.45,0.0,0.0,0.6334,0.476113,0.0,0,0.001727864,0.170433237,0.17351034209625038
UMEDIB_clean,8.20629,5.26943,8.19367,1.3504,1744.84,1292.1,0.0,0.0,0.632,0.46801,0.0,0,0.001635267,0.165175781,0.16046066156250094
UMEDOH_clean,8.3593,5.89473,8.3593,1.33036,1732.85,1302.55,0.0,0.0,0.6328,0.475662,0.0,0,0.001727864,0.171857343,0.17351230031250037
UMEHOL_clean,7.1388,4.96773,6.18362,1.60251,1384.6,864.024,0.0,0.0,0.5636,0.351699,0.0,1,0.004443835,0.407736862,0.4283711727362494
UMEKEE_clean,8.30632,6.09762,8.27233,0.751545,2616.23,3481.13,0.0,0.0,0.734,0.976654,0.0,0,0.003663099,0.366491332,0.36020193434375075
UMEKII_clean,6.2978,4.37155,6.14715,1.16372,1476.0,1268.34,0.0,0.0,0.5854,0.50304,0.0,0,0.007040171,0.614264968,0.6285116865375013
UMELAB_clean,6.29398,5.39006,6.2901,1.61584,1305.01,807.638,0.0,0.0,0.54,0.334192,0.0,1,0.004487903,0.392369866,0.4302156739512495
UMELEF_clean,6.19405,5.34016,6.17707,1.64272,1285.83,782.746,0.0,0.0,0.5076,0.309,0.0,1,0.004514466,0.401634161,0.43038128367124917
UMELUU_clean,3.32541,2.55721,3.30773,2.40288,0.0,0.0,0.208043,0.0865805,0.4438,0.184695,0.0,1,3.48e-05,0.003212978,0.0030106968275000045
UMEPOT_clean,6.2957,5.33563,6.29133,1.57681,1311.07,831.473,0.0,0.0,0.541,0.343098,0.0,1,0.004437202,0.389133029,0.4276910860549996
UMEQAG_clean,7.17863,4.94429,6.16873,1.58166,1384.15,875.123,0.0,0.0,0.5566,0.351908,0.0,1,0.004521173,0.405982491,0.43213583380624926
UMESIQ_clean,7.11235,5.04643,6.16421,1.65932,1412.73,851.388,0.0,0.0,0.558,0.336282,0.0,1,0.005641882,0.502119019,0.497034254806249
UMESOW_clean,7.17498,4.93769,6.17391,1.56952,1391.65,886.672,0.0,0.0,0.5498,0.350298,0.0,1,0.004365257,0.407787255,0.4229313461524996
UMEVUD_clean,4.41515,2.50372,4.41515,1.93505,0.0,0.0,385.869,199.41,0.513,0.265109,0.0,0,0.008535546,0.622109787,0.6626853553024981
UMEXUF01_clean,5.93545,4.3172,5.83035,1.61863,1574.22,972.568,0.0,0.0,0.547,0.337941,0.0,1,0.005709062,0.521707019,0.500103942633749
UMEXUF_clean,5.96732,4.46538,5.94889,1.62337,1487.02,916.008,0.0,0.0,0.5378,0.331286,0.0,1,0.0055984,0.514044141,0.4953520636662487
UMIGAA_clean,8.23557,7.15317,8.23557,1.10058,2014.92,1830.78,0.0,0.0,0.622,0.565157,0.0,1,0.00388367,0.385186515,0.37846399769125
UMIZEX_clean,6.27903,5.11829,6.27347,1.43647,1654.12,1151.52,0.0,0.0,0.554,0.385668,0.0,1,0.003496245,0.32559524,0.33220540458375053
UMOBEF01_clean,11.72616,5.98085,11.72563,0.505624,2624.2,5190.03,0.0,0.0,0.792,1.56638,0.0,1,0.003709395,0.377332426,0.363025643472501
UMOBEF02_clean,11.74556,6.09657,11.74553,0.512375,2648.86,5169.77,0.0,0.0,0.7876,1.53716,0.0,1,0.003855461,0.382757246,0.37456715230374904
UMOBEF03_clean,11.19548,6.07261,11.19529,0.54262,2779.47,5122.32,0.0,0.0,0.775,1.42826,0.0,1,0.00384527,0.417452997,0.374276787748749
UMOBEF04_clean,9.82687,5.92931,9.82687,0.641251,2696.95,4205.76,1.10178,1.71818,0.73,1.1384,0.0,1,0.005068148,0.505676812,0.48669480283124855
UMOBEF05_clean,9.81532,6.14212,9.81476,0.699468,2487.48,3556.24,0.0,0.0,0.705,1.00791,0.0,1,0.00547917,0.537318766,0.5103552946624983
UMOBEF06_clean,9.73892,6.12776,9.73892,0.704912,2451.84,3478.22,0.0,0.0,0.7064,1.00211,0.0,1,0.005288945,0.534553704,0.4871247769912487
UMOBEF07_clean,9.64899,6.11183,9.64836,0.717947,2412.56,3360.35,0.0,0.0,0.7028,0.978902,0.0,1,0.005615046,0.538609581,0.5202194895874986
UMOBEF08_clean,9.5277,6.07844,9.52714,0.722374,2381.06,3296.16,0.0,0.0,0.701,0.970411,0.0,1,0.005995496,0.539180257,0.5638378582299968
UMOBEF09_clean,9.30813,6.0393,8.12664,0.731985,2350.62,3211.3,0.0,0.0,0.696,0.95084,0.0,1,0.005570886,0.554479813,0.5182656693712493
UMOBEF_clean,12.498,6.04018,12.42609,0.48038,2503.44,5211.38,0.0,0.0,0.7972,1.65952,0.0,1,0.003471613,0.355286663,0.34754558254875034
UMODEH01_clean,11.30468,5.41503,11.30468,0.512269,2642.07,5157.57,0.0,0.0,0.7812,1.52498,0.0,1,0.003750573,0.374278954,0.3686377505987493
UMODEH02_clean,11.81211,5.47188,11.81161,0.501768,2601.38,5184.43,0.0,0.0,0.788,1.57045,0.0,1,0.003658615,0.36837722,0.36074527836875103
UMODEH03_clean,11.61852,5.42066,11.35102,0.51003,2634.97,5166.3,0.0,0.0,0.785,1.53913,0.0,1,0.003924637,0.373914406,0.3809126662512491
UMODEH04_clean,11.36787,5.34922,11.36787,0.533932,2752.39,5154.94,0.0,0.0,0.771,1.444,0.0,1,0.004065858,0.396890772,0.40851725981999815
UMODEH06_clean,11.16649,5.2519,11.16649,0.555198,2855.76,5143.68,0.0,0.0,0.7652,1.37825,0.0,1,0.004039584,0.417472945,0.40672958040124824
UMODEH07_clean,11.33302,5.24933,11.33302,0.558087,2863.98,5131.77,0.0,0.0,0.7612,1.36394,0.0,1,0.00401331,0.420497707,0.40175030396874845
UMODEH08_clean,7.50813,5.20054,6.29758,0.647965,2827.66,4363.91,0.0,0.0,0.7222,1.11457,0.0,1,0.005356554,0.526692788,0.49652651998624875
UMODEH09_clean,7.58377,5.1021,6.14779,0.720299,2563.17,3558.48,0.0,0.0,0.6962,0.966543,0.0,1,0.006315545,0.562825717,0.5656794660799974
UMODEH10_clean,8.26869,5.10695,6.12476,0.739009,2428.99,3286.83,0.0,0.0,0.6872,0.929894,0.0,1,0.005675123,0.560556325,0.5194265293249978
UMODEH11_clean,7.88398,5.10678,6.00855,0.750929,2393.61,3187.54,0.0,0.0,0.6846,0.911671,0.0,1,0.005855755,0.571860592,0.5386238090162478
UMODEH12_clean,7.73054,5.09547,6.08288,0.751192,2382.98,3172.27,0.0,0.0,0.6794,0.90443,0.0,1,0.005987123,0.560989841,0.561558667649997
UMODEH13_clean,8.08,5.10727,6.08981,0.75692,2343.08,3095.55,0.0,0.0,0.6792,0.89732,0.0,1,0.005767081,0.563850392,0.5363637427312482
UMODEH14_clean,11.13019,5.34376,11.13003,0.540267,2804.02,5190.06,0.0,0.0,0.7704,1.42596,0.0,1,0.004046152,0.407065269,0.4067424113712482
UMODEH15_clean,11.39121,5.37416,11.39121,0.528259,2720.83,5150.56,0.0,0.0,0.7764,1.46973,0.0,1,0.004279332,0.39633574,0.41513722300624933
UMODEH16_clean,13.02556,5.98917,13.02556,0.473838,2451.04,5172.75,0.0,0.0,0.8008,1.69003,0.0,1,0.003307204,0.345440265,0.33491984350500054
UMODEH17_clean,11.09362,5.25928,11.09362,0.56801,2915.72,5133.22,0.0,0.0,0.7592,1.3366,0.0,1,0.004489521,0.436373601,0.42962487597250015
UMODEH18_clean,12.07339,5.35338,12.07339,0.527677,2756.54,5223.93,0.0,0.0,0.7746,1.46794,0.0,1,0.003937773,0.393465336,0.38091070401624916
UMODEH19_clean,9.53314,6.14559,9.53308,0.644874,2729.74,4232.98,0.0,0.0,0.7296,1.13138,0.0,1,0.005121536,0.502050118,0.4861682185374983
UMODEH20_clean,9.81757,5.20485,6.37863,0.582326,2920.59,5015.39,0.0,0.0,0.7482,1.28485,0.0,1,0.004476385,0.441303207,0.4327286334874996
UMODEH21_clean,9.91334,5.23079,9.91334,0.575954,2919.56,5069.08,0.0,0.0,0.75,1.30219,0.0,1,0.004253058,0.431621342,0.4112652609837489
UMODEH22_clean,10.42971,5.27481,10.42971,0.557764,2866.15,5138.64,0.0,0.0,0.7608,1.36402,0.0,1,0.004138111,0.418422083,0.40789066062749846
UMODEH23_clean,11.15907,5.34276,11.15907,0.535598,2770.05,5171.89,0.0,0.0,0.7696,1.4369,0.0,1,0.004006742,0.395485128,0.40022102963249856
UMODEH24_clean,11.42851,5.36939,11.42851,0.532371,2746.88,5159.71,0.0,0.0,0.7732,1.45237,0.0,1,0.004138111,0.390818259,0.40785785995874846
UMODEH25_clean,9.75422,5.20239,6.39739,0.581306,2933.81,5046.92,0.0,0.0,0.7442,1.28022,0.0,1,0.004459964,0.444942117,0.43265555030374975
UMODEH_clean,10.95537,5.36113,10.95537,0.533113,2747.45,5153.6,0.0,0.0,0.7742,1.45222,0.0,1,0.003993605,0.393672242,0.38905247485624905
UMOKIS_clean,10.47066,8.24292,10.42077,0.843112,1761.07,2088.78,0.0,0.0,0.6618,0.784949,0.0,1,0.002804423,0.288131157,0.2833489154387503
UMORIY_clean,3.159,2.5135,3.159,2.44096,0.0,0.0,0.0,0.0,0.4376,0.179273,0.0,1,1.65e-05,0.001889964,0.0015356276687500008
UMOVEZ01_clean,10.36799,5.68179,9.99869,0.557538,2889.19,5182.06,0.0,0.0,0.7634,1.36923,0.0,1,0.004310643,0.429916156,0.4262679712887507
UMOVEZ02_clean,10.40783,5.7016,10.40783,0.554264,2884.62,5204.42,0.0,0.0,0.768,1.38562,0.0,1,0.004280071,0.426451337,0.4214541518825003
UMOVEZ03_clean,10.92239,5.82104,10.1736,0.537309,2802.84,5216.45,0.0,0.0,0.7724,1.43754,0.0,1,0.003920002,0.405373685,0.38104803343249893
UMOVEZ04_clean,11.43321,6.00494,11.43286,0.521066,2715.35,5211.14,0.0,0.0,0.7844,1.50538,0.0,1,0.003933589,0.389615551,0.381187988843749
UMOVEZ05_clean,10.32083,5.66439,10.32083,0.556946,2888.61,5186.51,0.0,0.0,0.7674,1.37787,0.0,1,0.004256293,0.426549847,0.4111217052562488
UMOVEZ_clean,11.7936,5.96806,11.76218,0.502437,2621.26,5217.08,0.0,0.0,0.7922,1.57671,0.0,1,0.003692411,0.374523205,0.362788861495001
UMOVID_clean,12.08323,6.02223,11.77524,0.495095,2551.4,5153.36,0.0,0.0,0.7958,1.60737,0.0,1,0.003525963,0.370266912,0.35099784944250023
UMOVOJ_clean,12.44931,6.04966,11.64464,0.481059,2488.51,5172.97,0.0,0.0,0.8008,1.66466,0.0,1,0.003801111,0.356417825,0.3707166664962492
UMOYOM03_clean,9.53653,5.34452,9.53653,0.572297,2816.69,4921.73,0.0,0.0,0.7558,1.32064,0.0,1,0.003941232,0.388272507,0.3805258239374992
UMOYOM05_clean,8.7274,5.24016,8.7274,0.61176,2969.67,4854.31,0.0,0.0,0.7308,1.19459,0.0,1,0.004314547,0.432186027,0.42764550737249907
UMOYOM06_clean,9.27242,5.3599,9.27242,0.544667,2828.76,5193.56,0.0,0.0,0.7628,1.40049,0.0,1,0.00387115,0.386082667,0.37548079367374887
UMOYOM07_clean,9.75529,5.37054,9.54348,0.541661,2791.87,5154.28,0.0,0.0,0.7712,1.42377,0.0,1,0.003906197,0.388829112,0.38043058709749933
UMOYOM08_clean,9.66223,5.42293,9.66221,0.547658,2688.94,4909.89,0.0,0.0,0.7644,1.39576,0.0,1,0.003601576,0.36202721,0.35308449445250134
UMOYOM10_clean,9.29709,5.30741,9.29709,0.582563,2853.3,4897.84,0.0,0.0,0.748,1.28398,0.0,1,0.003928992,0.39453013,0.3805093171562492
UMOYOM13_clean,8.08915,5.1527,6.21939,0.677127,2892.06,4271.07,0.0,0.0,0.7078,1.0453,0.0,1,0.005446733,0.512962914,0.505751094477497
UMOYOM16_clean,7.63035,5.01799,6.05656,0.779987,2424.82,3108.79,0.0,0.0,0.664,0.851297,0.0,1,0.005810869,0.553066782,0.5382492868049978
UMOZUT_clean,10.2026,5.23269,10.2026,0.576016,2921.2,5071.38,0.0,0.0,0.7524,1.30621,0.0,1,0.004361437,0.442508514,0.4263116110325005
UMUBAH_clean,10.24236,5.23581,10.24236,0.576725,2914.77,5054.0,0.0,0.0,0.7536,1.30669,0.0,1,0.004538785,0.443300009,0.43170825594875006
UMUBEL_clean,10.43104,5.29557,10.43104,0.565681,2914.18,5151.62,0.0,0.0,0.7596,1.34281,0.0,1,0.004006742,0.427522642,0.4002079528137486
UMUBIP_clean,11.2434,5.32116,11.2434,0.544527,2831.33,5199.61,0.0,0.0,0.7672,1.40893,0.0,1,0.0042235,0.406267205,0.41107884022749874
UMUBOV_clean,10.36323,5.21129,10.36305,0.581505,2938.31,5052.94,0.0,0.0,0.7516,1.29251,0.0,1,0.004486237,0.451474419,0.43074748870250007
UMUTOM_clean,4.23207,3.31267,4.03201,2.15948,191.333,88.6013,66.504,30.7963,0.4068,0.188378,0.0,1,0.002666925,0.235430799,0.23854449057750052
UMUTUS_clean,4.65879,3.19932,3.74179,1.91364,0.0,0.0,597.436,312.199,0.5256,0.27466,0.0,1,0.001830827,0.177810202,0.16753007385749982
UMUXEG_clean,9.49806,8.4757,9.49806,2.20878,1092.16,494.464,0.0,0.0,0.5272,0.238684,0.0,1,0.000742551,0.072602299,0.07157588536499981
UNABER_clean,4.2819,3.29824,4.2819,1.63284,0.0,0.0,136.975,83.8878,0.401,0.245585,0.0,1,0.000892376,0.093655764,0.08611401034874971
UNABUH01_clean,4.05122,3.33932,4.02008,1.55967,313.356,200.911,0.0,0.0,0.398,0.255182,0.0,1,0.003772546,0.345392342,0.3393234772874962
UNABUH_clean,4.05523,3.33892,4.05523,1.54893,319.939,206.556,0.0,0.0,0.4028,0.260051,0.0,1,0.003552393,0.330913195,0.3263557017312465
UNADIX_clean,6.75931,3.87519,6.75562,1.24165,1862.26,1499.83,0.0,0.0,0.6188,0.498371,0.0,0,0.007148845,0.640075672,0.6440233885150032
UNAGOH_clean,6.96079,6.02919,6.95596,0.981792,1984.33,2021.13,0.0,0.0,0.6686,0.681,0.0,1,0.00447588,0.434372465,0.43535815748250045
UNAGUN_clean,6.99295,6.04603,6.99295,0.980411,1997.43,2037.34,0.0,0.0,0.6572,0.670331,0.0,1,0.004575259,0.433491432,0.43616980038750053
UNEBIZ_clean,5.60217,2.99503,5.60217,1.17174,0.0,0.0,646.082,551.387,0.4742,0.404697,0.0,1,0.006617345,0.500276831,0.5710979706537503
UNECOH_clean,8.18788,6.9765,8.18788,1.09192,2032.27,1861.19,0.0,0.0,0.6216,0.569271,0.0,1,0.003551552,0.347626769,0.3444015980912504
UNECUN_clean,8.22196,7.00638,8.21981,1.18297,2033.93,1719.35,0.0,0.0,0.6502,0.549636,0.0,1,0.003824686,0.367544582,0.3713550965799995
UNERUB_clean,3.96916,2.62175,3.96916,3.13486,0.0,0.0,330.031,105.278,0.472,0.150565,0.0,0,0.001465589,0.14977576,0.13445244310499974
UNIMAG_clean,7.62122,4.89032,7.61772,1.27361,1516.85,1190.98,7.98461,6.26926,0.5702,0.447703,0.0,1,0.001304515,0.130462043,0.12902691676000094
UNIPAJ_clean,4.43325,2.61552,4.42646,1.38943,0.0,0.0,445.089,320.339,0.471,0.338988,0.0,1,0.003114769,0.276905852,0.28819856602500044
UNOJUD_clean,6.35419,2.69249,6.34724,1.52961,0.0,0.0,896.126,585.851,0.4676,0.305698,0.0,1,0.002469433,0.217363712,0.22843955425624934
UNOTOH_clean,3.99709,3.24249,3.99709,1.34176,0.0,0.0,313.476,233.631,0.4354,0.324499,0.0,1,0.001267876,0.128568137,0.12099231248874996
UNUNEY_clean,34.00674,17.63763,34.00674,0.237838,1109.56,4665.2,0.0,0.0,0.9182,3.86062,0.0,1,0.002986905,0.314706459,0.2916851113349992
UPIBOM_clean,6.9638,6.58355,6.9638,1.56774,1538.59,981.409,0.0,0.0,0.5776,0.368429,0.0,0,0.003604624,0.336478366,0.3331592022387502
UPOSOI_clean,5.85546,3.15663,5.83068,1.61562,0.0,0.0,512.998,317.523,0.455,0.281625,0.0,1,0.00488046,0.336840193,0.409911687140002
UPOVOL_clean,4.46391,2.47505,4.45531,1.51365,0.0,0.0,1067.04,704.943,0.5384,0.355696,0.0,1,0.004741869,0.432830813,0.40514979432250237
UQEGII_clean,7.86584,3.91024,7.82641,1.73651,1232.93,710.003,0.0,0.0,0.5438,0.313156,0.0,1,0.000461343,0.046913366,0.04437148426875005
UQERIT_clean,4.88677,3.80399,4.88677,1.1967,1362.48,1138.53,0.0,0.0,0.5566,0.465112,0.0,0,0.007925627,0.717243629,0.6723519082274997
UQOGAK_clean,5.32857,3.35824,5.23125,1.15511,1372.5,1188.2,0.0,0.0,0.5098,0.441345,0.0,1,0.01007451,0.863430525,0.8273211690424997
UQOWUU_clean,5.90125,3.62484,5.90125,1.49858,1462.39,975.848,0.0,0.0,0.5542,0.369817,0.0,1,0.003067495,0.289878277,0.2873093590112496
UQOYOP_clean,5.62402,4.63088,5.62402,1.0296,1173.78,1140.03,0.0,0.0,0.5218,0.506796,0.0,0,0.006840084,0.613935418,0.6148994575399984
UQUCUG_clean,4.91196,3.29582,4.91125,1.5455,0.0,0.0,411.109,266.004,0.416,0.269169,0.0,0,0.007215563,0.544606224,0.5723112482749986
UQUHAQ_clean,4.10367,3.28233,3.97582,1.44091,0.0,0.0,437.526,303.645,0.4746,0.329375,0.0,1,0.003207054,0.320686277,0.30020107638625065
UQULAU_clean,7.2826,3.59407,7.2826,0.863333,1569.2,1817.6,0.0,0.0,0.6162,0.713745,0.0,1,0.00385342,0.353429992,0.36920382641625055
URENEM_clean,8.53899,7.85329,8.41522,0.74811,2058.38,2751.44,0.0,0.0,0.7178,0.959485,0.0,1,0.004003126,0.40756017,0.3988953724237478
UREVIY_clean,4.97933,3.80174,4.64142,1.58439,1154.53,728.69,0.0,0.0,0.5098,0.321764,0.0,1,0.003901935,0.346790999,0.357414928147499
UREVOE_clean,4.98141,3.80725,4.69195,1.62966,1156.15,709.443,0.0,0.0,0.5054,0.310125,0.0,1,0.003839305,0.341687673,0.35175594838999835
URUVUA_clean,9.76128,4.51984,9.76128,1.07567,2198.26,2043.62,0.0,0.0,0.6792,0.631422,0.0,1,0.003304218,0.312784898,0.32895212428125103
URUWEL_clean,9.27008,8.60913,9.21935,1.12073,1091.29,973.727,41.1176,36.688,0.5796,0.517161,0.0,1,0.001308716,0.126608929,0.12878274652500113
URUWIP_clean,8.03408,7.13721,8.03408,1.22198,1033.12,845.441,0.0,0.0,0.5468,0.447469,0.0,1,0.001338059,0.138183921,0.1300613834825009
USATAL_clean,4.28921,3.2067,4.27363,1.48205,0.0,0.0,346.788,233.993,0.3952,0.266658,0.0,1,0.001357049,0.123552292,0.12493150791500009
USAWIW_clean,8.66526,5.94328,8.64173,1.00954,1665.76,1650.02,0.0,0.0,0.6018,0.596112,0.0,0,0.002646562,0.261384331,0.2659052955037493
USEVOF_clean,9.78266,6.59544,9.77545,1.19807,1982.01,1654.33,0.0,0.0,0.6746,0.563072,0.0,1,0.004082647,0.361995125,0.4026266866187478
USIRUL_clean,4.36706,3.58238,4.17257,1.44082,204.986,142.27,0.0,0.0,0.3816,0.264849,0.0,0,0.003954051,0.307973603,0.347812362529998
USISEW_clean,4.41857,3.83614,4.34351,1.41445,243.314,172.02,0.0,0.0,0.4008,0.28336,0.0,1,0.004519194,0.346328287,0.402622230301251
USORUR_clean,6.75938,5.44409,6.68952,0.77718,2490.53,3204.57,0.0,0.0,0.705,0.907126,0.0,1,0.004846188,0.476561104,0.4514806524637491
USOXEH_clean,5.26933,4.60511,5.26933,1.1789,1588.69,1347.6,0.0,0.0,0.5772,0.489609,0.0,1,0.003250517,0.316729408,0.30899053665375215
USUBUG_clean,5.38089,5.04943,5.38089,1.1373,1931.44,1698.26,0.0,0.0,0.635,0.558338,0.0,0,0.004520763,0.43985661,0.43839174499125144
USUPUV_clean,5.56088,3.62011,5.55354,1.39664,1062.12,760.484,0.0,0.0,0.503,0.36015,0.0,1,0.000794959,0.079375664,0.07591851393875064
USUQOQ_clean,5.12561,2.44572,5.12118,1.84086,0.0,0.0,385.998,209.683,0.4598,0.249775,0.0,1,0.001898218,0.161281911,0.17912357304374965
USUVIP_clean,7.94489,4.42991,7.94489,1.30315,1252.83,961.391,0.0,0.0,0.5286,0.405634,0.0,1,0.002964586,0.274858403,0.2805376959924985
USUWUC_clean,6.42663,5.71174,6.42663,1.58208,1915.35,1210.65,0.0,0.0,0.6074,0.383924,0.0,0,0.005402219,0.49223551,0.4780970318074983
UTACOJ_clean,10.00482,8.08324,10.00482,1.1027,1897.31,1720.61,0.0,0.0,0.673,0.610321,0.0,1,0.001594766,0.16445522,0.15553924716625098
UTACUP_clean,7.57859,3.49654,7.57859,1.1652,1628.8,1397.88,0.0,0.0,0.6024,0.516994,0.0,1,0.001966021,0.190966451,0.19428333352500043
UTADIE_clean,5.9737,4.97659,5.79418,1.5664,1976.27,1261.66,0.0,0.0,0.6122,0.390833,0.000127682,1,0.002003923,0.194866393,0.1929269198625005
UTELIQ_clean,6.45449,5.48487,6.42215,0.86074,1771.9,2058.57,0.0,0.0,0.608,0.706369,0.0,1,0.007953249,0.707497294,0.6900279237762493
UTEMAJ_clean,8.09581,6.09927,8.09581,0.734825,2275.05,3096.04,0.0,0.0,0.6682,0.909332,0.0,1,0.004877629,0.470836758,0.4485760138799989
UTEWOG_clean,14.59149,9.55269,14.59149,0.752086,1312.92,1745.71,424.373,564.261,0.7204,0.957869,0.0,1,0.005059675,0.490340871,0.4576492781474989
UTEXIB_clean,6.29693,3.9636,6.29186,1.00241,1350.02,1346.77,59.1211,58.9791,0.5926,0.591177,0.0,0,0.005141046,0.469349415,0.4696547368750003
UTOCAJ_clean,6.32412,4.71832,6.32412,1.02969,1479.29,1436.63,0.0,0.0,0.5216,0.506558,0.0,1,0.006275475,0.573758188,0.5631602505912486
UTOCEN_clean,6.30527,4.82361,6.30527,1.02298,1494.45,1460.88,0.0,0.0,0.5268,0.514966,0.0,1,0.006275475,0.578264145,0.563416993423749
UTODIR_clean,4.32077,3.11759,4.30092,1.26449,0.0,0.0,444.048,351.168,0.47,0.371692,0.0,1,0.00152987,0.150003038,0.14947012830124987
UTOTUT01_clean,3.75012,2.6323,3.613,1.91235,0.0,0.0,90.5,47.3239,0.3752,0.196198,0.0,1,0.00108485,0.107577403,0.10838493844250027
UTULIF_clean,4.41246,3.54295,4.40979,1.75943,1064.28,604.898,0.0,0.0,0.5628,0.319876,0.0,0,0.006411706,0.549252323,0.5569998539912497
UTULUR_SL_part,7.64843,6.25721,7.64843,1.71749,808.319,470.64,196.079,114.166,0.5024,0.29252,0.0,0,0.010586013,0.754343057,0.7849448152600008
UTUMAY_clean,4.48241,3.06783,4.48241,1.23359,0.0,0.0,651.46,528.103,0.496,0.40208,0.0,1,0.002332081,0.224616409,0.2229533933587505
UVANOW_clean,7.79568,5.2994,7.79517,0.823227,2568.33,3119.83,0.0,0.0,0.6984,0.848369,0.0,1,0.003982779,0.393088657,0.3817677401949991
UVARIT_clean,4.76443,3.17403,4.76443,1.2266,0.0,0.0,435.65,355.168,0.447,0.364421,0.0,0,0.006177144,0.482244284,0.5260635023525009
UVAROZ_clean,4.79706,3.34321,4.54959,1.22985,422.335,343.405,0.0,0.0,0.4402,0.357931,0.0,0,0.006308228,0.479705047,0.5330945487212498
UVARUF_clean,4.72699,3.36186,4.72699,1.24889,419.475,335.877,0.0,0.0,0.4302,0.344465,0.0,0,0.007037971,0.531684411,0.5755983848274987
UVASAM01_clean,4.77005,3.25481,4.64812,1.22201,0.0,0.0,436.833,357.471,0.4558,0.372992,0.0,0,0.006166333,0.478244208,0.526540081270001
UVASAM_clean,4.75617,3.15385,4.68597,1.22491,0.0,0.0,432.985,353.483,0.4388,0.358231,0.0,0,0.006367688,0.484017291,0.5311000181362513
UVEVAT_clean,5.06012,3.86427,5.04389,0.990442,2050.94,2070.73,0.0,0.0,0.6266,0.632647,0.0,0,0.005887307,0.573289684,0.5487504336949958
UVEVUN_clean,13.08634,6.53433,13.08634,0.765991,2243.91,2929.42,0.0,0.0,0.7048,0.920115,0.0,1,0.004322916,0.415060253,0.4249002461287495
UVEWIC01_clean,4.92418,2.99921,4.7622,1.0991,0.0,0.0,1488.77,1354.53,0.601,0.546809,0.0,1,0.000914835,0.099649447,0.08777921864249995
UVEWIC_clean,4.94226,3.22707,4.93517,1.09932,0.0,0.0,1490.75,1356.06,0.5988,0.544698,0.0,1,0.00101905,0.100776091,0.10092927470000024
UVINAP_clean,4.33279,3.86236,4.33279,1.23597,436.504,353.166,0.0,0.0,0.445,0.36004,0.0,0,0.002302341,0.219087465,0.22203144648500023
UVIPIZ_clean,13.16154,6.50431,13.16154,0.868575,2146.52,2471.31,0.0,0.0,0.7192,0.828023,0.0,1,0.003737794,0.347232564,0.3688769450149996
UVIPOF_clean,13.17946,6.58449,13.17946,0.87003,2145.41,2465.9,0.0,0.0,0.7218,0.829627,0.0,1,0.003862387,0.348306282,0.37625060826874923
UVOTOQ_clean,11.52321,9.17095,11.02494,1.0394,1689.27,1625.24,0.0,0.0,0.6776,0.651916,0.0,1,0.003092229,0.311153222,0.3001687543837503
UVUDUM_clean,7.11279,4.8596,7.11279,1.37449,836.385,608.506,0.0,0.0,0.489,0.355769,0.0,1,0.001108008,0.101624491,0.10854891816125029
UVUFUN_clean,5.451,3.54467,5.41568,1.01248,1767.35,1745.57,0.0,0.0,0.5884,0.581148,0.0,1,0.007336279,0.653356525,0.668606057372502
UVUGAV_clean,5.32571,3.3978,5.32508,1.50815,310.636,205.972,0.0,0.0,0.4142,0.274642,0.0,1,0.000671097,0.063904895,0.0692455294387499
UVUQAE_clean,5.89761,4.70396,5.31275,1.14377,1514.01,1323.7,0.0,0.0,0.5466,0.477894,0.0,1,0.006740993,0.574903991,0.6137373621174977
UVUWAL_clean,5.70984,4.07494,5.63813,1.12706,1693.32,1502.42,0.0,0.0,0.5456,0.484089,0.0,0,0.008385979,0.751033031,0.7306858617862458
UWALEL_clean,8.57419,8.06777,8.57419,0.978062,1809.81,1850.4,0.0,0.0,0.611,0.624705,0.0,1,0.004667861,0.427019984,0.4302897980987497
UWELIS_clean,5.99371,4.57547,5.83222,0.952092,2140.18,2247.87,0.0,0.0,0.6406,0.672834,0.0,1,0.008395047,0.774816514,0.7586955663412449
UWODAN_clean,6.59983,5.06853,6.59196,1.38828,1109.99,799.546,13.7879,9.93166,0.5174,0.372693,0.0,1,0.002583542,0.251117812,0.2445313173000006
UWOWAF_clean,5.4452,4.14635,5.44512,1.16308,1303.91,1121.08,0.0,0.0,0.5534,0.475804,0.0,1,0.007102583,0.615049365,0.6326351105424975
UWUKII_clean,9.32796,8.05126,9.01112,0.931594,1638.77,1759.1,0.0,0.0,0.6392,0.686136,0.0,1,0.003643278,0.338841356,0.35902208755500103
UWUTIQ_clean,6.1259,4.66623,6.123,1.0094,1933.04,1915.04,0.0,0.0,0.5992,0.59362,0.0,0,0.008006928,0.700658918,0.6944577936787484
UXABOL_clean,5.3893,5.04349,5.3893,1.74291,842.153,483.187,0.0,0.0,0.4972,0.28527,0.0,1,0.000600601,0.054327895,0.062471408800000267
UXABUR_clean,5.25063,5.01707,5.2326,1.46007,406.574,278.462,0.0,0.0,0.4604,0.315327,0.0,1,0.000398187,0.036922351,0.038497390281249905
UXAXEY_clean,6.18002,3.46612,6.18002,1.398,1132.15,809.836,0.0,0.0,0.5144,0.367953,0.0,1,0.005373971,0.457149773,0.47122341716499816
UXEDEH_clean,3.42021,2.58637,3.41796,2.52289,0.0,0.0,4.56221,1.80833,0.3528,0.13984,0.0,0,0.000287912,0.026658803,0.026538397791250064
UXEDIL01_clean,3.94683,2.76076,3.9356,2.23926,0.0,0.0,217.357,97.0666,0.4156,0.185597,0.0,0,0.001047278,0.1053792,0.1048998641700002
UXEDIL02_clean,3.94473,2.69886,3.94473,2.25078,0.0,0.0,176.786,78.5445,0.4344,0.193,0.0,0,0.000926715,0.090350221,0.08860469608874931
UXEDIL03_clean,3.95634,2.74237,3.95634,2.24226,0.0,0.0,191.746,85.5144,0.438,0.195338,0.0,0,0.001075169,0.098400046,0.10523893921375022
UXEDIL_clean,3.9514,2.75707,3.91061,2.23909,0.0,0.0,199.249,88.9869,0.4398,0.196419,0.0,0,0.001086866,0.103223463,0.10751347578625023
UXEDOR_clean,4.29731,2.68858,4.1997,2.1291,0.0,0.0,307.155,144.265,0.4486,0.210699,0.0,0,0.001923609,0.182157993,0.18021889103124944
UXEDUX_clean,4.50403,2.92726,4.50403,2.04861,0.0,0.0,455.826,222.505,0.467,0.227959,0.0,0,0.002347378,0.22347419,0.2169229393300001
UXEFAF_clean,4.10652,2.89211,4.08467,2.12828,0.0,0.0,341.857,160.626,0.4488,0.210875,0.0,0,0.002008183,0.197694417,0.18769756683749977
UXEFEJ_clean,4.11163,3.20391,4.1071,2.11847,0.0,0.0,340.218,160.596,0.4534,0.214022,0.0,0,0.00169028,0.164806528,0.1586570121074999
UXEQOE_clean,4.72647,3.38382,4.66388,2.18469,689.058,315.402,0.0,0.0,0.4688,0.214584,0.0,1,0.009032067,0.627931892,0.7364339616425003
UXINAR_clean,5.3735,3.82354,5.35038,1.67875,1280.4,762.706,0.0,0.0,0.585,0.348473,0.0,1,0.004123108,0.355856492,0.38326655404999843
UXISUR_clean,13.20708,6.69761,13.19407,0.878357,2102.35,2393.51,0.0,0.0,0.7182,0.817663,0.0,1,0.004836381,0.414770867,0.43389522297625016
UXUNUX_clean,7.36512,5.79316,6.13107,0.678518,2356.29,3472.7,0.0,0.0,0.6988,1.02989,0.0,1,0.004329025,0.435109618,0.4269015474749984
UXUPEJ_clean,7.33818,5.78241,6.14442,0.675641,2374.29,3514.13,0.0,0.0,0.7026,1.0399,0.0,1,0.004541008,0.44175383,0.43347457902124886
UXUPEK_clean,3.5089,3.03222,3.5089,2.40709,0.0,0.0,19.5977,8.14166,0.4116,0.170995,0.0,1,0.000153995,0.014646669,0.01680855844749994
UXUPIN_clean,7.3374,5.72246,6.07377,0.669934,2447.15,3652.82,0.0,0.0,0.7066,1.05473,0.0,1,0.004534773,0.429622999,0.4353388965299985
UXUYUI_clean,4.1469,3.20447,3.68437,1.01089,0.0,0.0,178.668,176.744,0.4924,0.487097,0.0,1,0.00167027,0.161690826,0.1642197060399998
UXUZAP_clean,4.84101,3.60752,4.82729,1.24118,1063.95,857.212,0.0,0.0,0.542,0.436681,0.0,0,0.009325887,0.740383792,0.7980249761387493
UYAQAN_clean,7.19018,5.3716,7.19018,1.13147,742.019,655.8,0.0,0.0,0.4556,0.402661,0.0,0,0.001727689,0.165871233,0.17356180112999997
UYOFIY_clean,4.54158,3.74063,4.4159,1.84541,1216.19,659.037,0.0,0.0,0.4962,0.268884,0.0,1,0.005318102,0.458688546,0.45361010061624873
UYOJOI_clean,5.88721,3.28396,5.7446,1.49463,0.0,0.0,995.383,665.974,0.5256,0.35166,0.0,1,0.000904423,0.084885872,0.08777688748000005
UYOYUD_clean,4.26929,2.43423,4.26929,1.4239,0.0,0.0,343.04,240.915,0.5042,0.354097,0.0,0,0.004644998,0.422375556,0.40636250024000253
UZAFAD_clean,4.26412,2.53482,4.26341,1.31861,0.0,0.0,270.88,205.429,0.4492,0.340663,0.0,1,0.000839096,0.075126279,0.08592748195499958
UZAFIL_clean,4.70148,3.08623,4.70148,1.15464,0.0,0.0,556.991,482.392,0.481,0.416579,0.0,1,0.003438395,0.327305354,0.32459518780249924
UZAMUE_clean,4.6207,3.09129,4.59036,1.85857,0.0,0.0,532.291,286.398,0.462,0.248578,0.0,1,0.002312386,0.21977017,0.2166380915712502
UZANAL_clean,4.61621,3.08464,4.61621,1.88583,0.0,0.0,526.677,279.281,0.4612,0.244561,0.0,1,0.002431237,0.224617966,0.22452607473749953
UZANEP_clean,4.6214,3.0946,4.61473,1.81199,0.0,0.0,534.391,294.92,0.4674,0.257949,0.0,1,0.002314671,0.206335256,0.21665978582250023
UZANOZ_clean,5.69712,4.77135,5.69535,1.53417,1383.93,902.072,0.0,0.0,0.5298,0.345334,0.0,1,0.00275489,0.264434811,0.25333935550124914
UZATAR_clean,4.70366,3.77441,4.70214,2.20784,876.761,397.113,0.0,0.0,0.4486,0.203185,0.0,1,0.001938755,0.183936395,0.18511518739374946
UZEKEQ_clean,4.76828,3.67807,4.76182,1.66742,847.636,508.351,0.0,0.0,0.4118,0.246968,0.0,1,0.001628143,0.154290669,0.14896794119125029
UZIJUJ_clean,6.64538,5.8584,6.63953,1.01975,1889.57,1852.97,0.0,0.0,0.5996,0.587987,0.0,0,0.005010756,0.479063329,0.46445828214874857
UZIZUZ_clean,5.12971,3.28969,5.12324,1.0743,0.0,0.0,863.106,803.412,0.5454,0.507679,0.0,1,0.003583841,0.325767903,0.3268288089774991
UZOBAN_clean,6.16935,4.44214,6.16935,0.864572,2160.34,2498.74,0.0,0.0,0.6496,0.751355,0.0,1,0.005091959,0.494278773,0.4761653190937508
UZOBER_clean,4.15957,3.7187,4.14785,1.30213,762.369,585.479,74.3878,57.1279,0.576,0.442353,0.0,0,0.001624036,0.160793968,0.15892207033750053
UZUNAF01_clean,7.28303,6.53777,7.28303,1.26957,1027.84,809.6,0.0,0.0,0.5124,0.403601,0.0,0,0.001652651,0.168151971,0.16376346781750006
UZUNAF_clean,7.30425,6.5808,7.30425,1.26614,1045.59,825.812,0.0,0.0,0.4964,0.392058,0.0,0,0.001697977,0.164166782,0.16387184557000048
VACFOV_clean_h,7.04016,6.80377,7.04016,0.930569,2533.92,2722.98,0.0,0.0,0.6628,0.712252,0.0,0,0.008698152,0.767109256,0.7452308269549976
VACFUB01_clean,8.53124,8.3704,8.53124,1.18192,1047.12,885.95,0.0,0.0,0.5384,0.455532,0.0,0,0.002233978,0.22002084,0.21794497495125004
VACFUB_clean_h,8.50715,8.34107,8.50715,1.18054,1091.35,924.448,0.0,0.0,0.5186,0.439291,0.0,0,0.00199174,0.196363997,0.1894482654874997
VACLIX_clean,25.84424,11.11801,22.64252,0.527457,1593.04,3020.23,0.0,0.0,0.8434,1.59899,0.000379178,1,0.002341896,0.225094566,0.22175748955749924
VADWON_clean,4.24405,3.53009,4.22084,1.10757,515.209,465.173,34.0376,30.7319,0.4648,0.419659,0.0,0,0.00286735,0.265745489,0.27347667609624976
VAFWAB_clean,5.22912,3.96499,5.18849,1.68714,1215.2,720.275,0.0,0.0,0.594,0.352075,0.0,1,0.00516919,0.463234487,0.4643258772375
VAGBEN_clean,6.05449,4.8127,6.05449,1.78797,959.833,536.829,0.0,0.0,0.4822,0.269692,0.0,1,0.001884171,0.170746882,0.17090195279249926
VAGBOX_clean,5.4847,3.8221,5.12718,1.96889,508.317,258.175,0.0,0.0,0.435,0.220937,0.0,1,0.00148315,0.135162674,0.1417005343950001
VAGBUD_clean,10.23495,9.48231,10.23335,1.57268,1211.54,770.363,0.0,0.0,0.5868,0.37312,0.0,1,0.001736974,0.165119881,0.17063010887500052
VAGJET_clean,4.15802,3.46053,4.1496,2.48318,463.195,186.533,0.0,0.0,0.361,0.145378,0.0,1,0.001583215,0.141412623,0.1429121858074999
VAGKOF_clean,5.16964,2.61998,4.50178,1.4486,0.0,0.0,95.7977,66.1311,0.3954,0.272953,0.0,1,0.002363316,0.148650719,0.22035942106625053
VAGMAT_clean,14.92091,13.26042,14.92091,0.364732,1875.05,5140.9,0.0,0.0,0.86,2.3579,0.0,1,0.003324611,0.331497639,0.33850785881250045
VAGMEX_clean,15.28058,14.48863,15.28058,0.352218,1827.73,5189.2,0.0,0.0,0.863,2.45019,0.0,1,0.003332508,0.335781728,0.33823212187500057
VAGTAA01_clean,5.66319,4.40941,5.66319,0.999593,1775.32,1776.04,0.0,0.0,0.611,0.611249,0.0,1,0.006111725,0.56503326,0.5699143607974958
VAGTAA_clean,5.69119,4.40372,5.677,0.872253,1821.29,2088.03,0.0,0.0,0.638,0.731439,0.0,1,0.004691191,0.433914658,0.43384878041874975
VAGTUU_clean,6.4105,3.89316,6.4105,1.19065,828.698,696.007,460.809,387.025,0.5728,0.481084,0.0,1,0.007831548,0.674424998,0.669208739375001
VAHFAM_clean,3.93084,2.99919,3.90041,2.10134,0.0,0.0,476.421,226.723,0.3874,0.184359,0.0,0,0.007891886,0.578637479,0.5735188286187455
VAHJEW_clean,5.94599,4.30466,5.94599,1.08689,1479.94,1361.63,0.0,0.0,0.5432,0.499775,0.0,0,0.006021312,0.538218425,0.5667479495187476
VAHJIA_clean,4.59496,3.72145,4.53376,1.21451,948.028,780.582,0.0,0.0,0.4972,0.409382,0.0,0,0.006961876,0.529242226,0.5884743359025001
VAHPUR_clean,5.81668,4.4159,5.81214,1.29937,901.437,693.751,0.0,0.0,0.489,0.376337,0.0,1,0.00343529,0.30124577,0.3241584835162502
VAHQAY_clean,5.75711,4.40654,5.75688,1.31802,917.051,695.781,0.0,0.0,0.4754,0.360693,0.0,1,0.003556699,0.310460155,0.32472885160749876
VAHSON_clean,5.15227,4.26145,5.12644,2.34175,976.447,416.973,0.0,0.0,0.4326,0.184733,0.0,0,0.031905055,1.533874148,1.3611483915537521
VAHTOQ_clean,6.66297,4.23051,6.65497,1.06844,1185.87,1109.9,0.0,0.0,0.5198,0.486502,0.0,1,0.00473687,0.425304925,0.43322504121000066
VAHTUW_clean,9.85702,7.76622,8.65886,1.09206,1071.39,981.073,0.0,0.0,0.5342,0.489167,0.0,1,0.002267473,0.204830983,0.2219720262837501
VAHVOQ_clean,4.86537,3.05497,4.86519,1.98911,0.0,0.0,715.238,359.577,0.4862,0.244431,0.0,0,0.005503281,0.44753014,0.4535969623725001
VAHVOR_clean,6.3986,4.82003,6.3986,1.14511,2295.95,2005.01,0.0,0.0,0.6334,0.553137,0.0,1,0.004679218,0.450651782,0.4417501875600001
VAJHIA_clean,4.2954,2.95632,4.2954,1.60675,0.0,0.0,309.961,192.912,0.4362,0.27148,0.0,1,0.001449643,0.134280262,0.13174658053375007
VAJQOP_clean,3.06881,2.53437,3.06881,1.5767,0.0,0.0,0.0,0.0,0.3582,0.227184,0.0,1,0.000126704,0.012052345,0.010193889405000092
VAJTUX_clean,4.46543,2.91526,4.42499,1.45189,0.0,0.0,408.358,281.26,0.458,0.315452,0.0,1,0.008878832,0.708049818,0.6779900209087484
VAKBIU_clean,5.76642,3.81153,5.76642,1.03317,1207.86,1169.08,0.0,0.0,0.5546,0.536794,0.0,0,0.006279712,0.598251413,0.5598928151449983
VALVAI_clean,6.23826,4.86854,6.23826,1.64521,1240.0,753.701,0.0,0.0,0.5196,0.315826,0.0,1,0.005281505,0.454373387,0.4594713491812491
VALVIQ_clean,5.21348,4.28071,5.21348,1.82071,1261.82,693.039,0.0,0.0,0.5078,0.278902,0.0,1,0.002677297,0.254003134,0.24744570511499983
VALWUD_clean,10.17237,6.1037,8.0425,0.867774,1499.07,1727.49,576.042,663.816,0.6792,0.782692,0.0,1,0.003578593,0.346339224,0.3436314595625006
VALXAK_clean,9.98876,6.23965,8.39165,0.742505,1487.88,2003.86,574.813,774.154,0.69,0.929286,0.0,1,0.004423574,0.437999288,0.42497810201125036
VALXEO_clean,9.6783,6.73158,8.21464,0.83384,1503.01,1802.51,543.478,651.776,0.6804,0.815983,0.0,1,0.00342161,0.336170185,0.33478897251125
VALXIS_clean,10.17011,5.92824,8.44426,0.888503,1485.32,1671.71,572.74,644.613,0.6916,0.778388,0.0,1,0.003762502,0.361983175,0.3620795994962503
VALXOY_clean,10.47061,5.58858,8.23634,0.777087,1484.63,1910.51,601.467,774.002,0.6808,0.876093,0.0,1,0.00491984,0.480249958,0.44499307435249946
VAMPUX_clean,11.37157,10.81985,11.3699,1.17979,1541.06,1306.22,0.0,0.0,0.6462,0.547726,0.0,1,0.002554599,0.256566717,0.25758616726624944
VAMQAE_clean,7.70786,5.78406,7.70755,1.38137,1401.32,1014.44,0.0,0.0,0.5594,0.404959,0.0,0,0.001003949,0.10117538,0.09897636129375023
VAMQIM_clean,11.48256,10.83475,11.48089,1.17217,1544.63,1317.75,0.0,0.0,0.6478,0.55265,0.0,1,0.00249227,0.246334963,0.2495523470437492
VAMQOS_clean,11.49062,10.84702,11.48896,1.17541,1553.24,1321.44,0.0,0.0,0.6476,0.550957,0.0,1,0.002483366,0.248074833,0.23601279725749957
VANHEA_clean,8.56369,6.00066,8.56369,0.853114,2214.19,2595.42,0.0,0.0,0.6496,0.761445,0.0,1,0.004537326,0.437613554,0.4326368268499987
VANNEG_clean,11.28278,7.20114,10.99968,0.910221,2188.91,2404.81,0.0,0.0,0.7194,0.790358,0.0,1,0.002209035,0.218667058,0.21480142950249997
VANNIK_clean,12.11733,10.70076,12.11733,0.488133,1807.7,3703.29,0.0,0.0,0.8496,1.74051,0.0,1,0.002202175,0.201879761,0.21124895007125083
VANXUD03_clean,3.95461,3.35122,3.95461,2.1194,449.013,211.859,0.0,0.0,0.4554,0.214872,0.0,0,0.00368532,0.349016816,0.3283837536137477
VANXUD_clean,3.97189,3.38304,3.97189,2.10276,455.113,216.435,0.0,0.0,0.4586,0.218094,0.0,0,0.003663887,0.33992591,0.3272344904662478
VAPBEV_clean,6.2413,3.63671,6.2413,1.10537,871.132,788.092,165.749,149.949,0.5168,0.467536,0.0,0,0.009223874,0.643004724,0.7636367364762486
VAPBIZ_clean,6.25794,3.6162,5.25123,1.10539,876.554,792.979,162.666,147.157,0.5196,0.470059,0.0,0,0.009947984,0.661966805,0.7891451332962487
VAPFOJ_clean,3.9272,3.04381,3.92404,2.12798,0.0,0.0,190.702,89.6167,0.4346,0.204232,0.0,1,0.000630858,0.060599741,0.0615682018362499
VAPFUP_clean,5.15651,3.56832,5.15424,2.0755,483.988,233.191,0.0,0.0,0.4372,0.210648,0.0,1,0.001826038,0.161995001,0.1665654975312495
VAPHOM_clean,4.23153,3.44235,4.23153,1.69156,935.756,553.19,0.0,0.0,0.5808,0.343351,0.0,0,0.005676085,0.533810848,0.4956787495049978
VAQLEG_clean,6.18628,2.59859,6.18628,1.46506,0.0,0.0,908.889,620.377,0.5084,0.347017,0.0,1,0.002465562,0.223118828,0.22951921440749945
VAQSEO_clean,5.56221,4.69235,5.56221,1.46678,509.1,347.086,0.0,0.0,0.428,0.291795,0.0,1,0.002223109,0.196348442,0.21315393807875008
VAQTUF_clean,10.13522,6.68232,9.92269,0.858555,1863.51,2170.52,0.0,0.0,0.6104,0.710962,0.0,0,0.003311987,0.318181582,0.32994148445875054
VARHIH_clean,6.67359,4.11194,6.66829,0.964951,2096.06,2172.19,0.0,0.0,0.6192,0.641691,0.0,0,0.005666712,0.540440876,0.5230503533012488
VARJEF_clean,7.50874,4.26843,7.47113,0.807576,2145.36,2656.54,0.0,0.0,0.6264,0.775655,0.0,0,0.006074058,0.591004296,0.5684587169324967
VARREL_clean,6.17066,3.2556,6.17066,1.74331,0.0,0.0,854.045,489.9,0.5146,0.295186,0.0,0,0.002543338,0.223922034,0.23868077028250034
VARWOC_clean,8.41083,6.51113,8.31612,1.24989,2285.05,1828.2,0.0,0.0,0.6966,0.55733,0.0,1,0.000936573,0.09472987,0.09120254963249941
VARWUI_clean,8.3742,6.48381,8.29614,1.28778,2247.33,1745.13,0.0,0.0,0.6946,0.53938,0.0,1,0.000900352,0.093499401,0.09061033445749937
VASFAZ_clean,5.87532,4.55866,5.87532,1.54574,1464.11,947.192,0.0,0.0,0.5206,0.336796,0.0,1,0.002072347,0.198277377,0.20297775774375038
VASFED_clean,5.86586,4.56127,5.86586,1.56054,1486.93,952.828,0.0,0.0,0.5192,0.332705,0.0,0,0.002014015,0.200796123,0.18827501673874988
VASFIH_clean,5.55628,5.01575,5.54452,1.55799,1392.72,893.922,0.0,0.0,0.5596,0.359181,0.0,0,0.001567685,0.147866711,0.15506652156875106
VASFON_clean,5.84482,4.53722,5.84482,1.58678,1481.54,933.678,0.0,0.0,0.517,0.325818,0.0,0,0.002104307,0.202091158,0.20263471093500032
VASFUT_clean,5.82317,4.52383,5.82317,1.64203,1481.82,902.431,0.0,0.0,0.511,0.311201,0.0,0,0.002152407,0.20275287,0.20754723596750072
VASGUU_clean,6.24288,4.56068,6.2408,1.07396,2025.67,1886.18,0.0,0.0,0.6304,0.586989,0.0,1,0.006560426,0.582467328,0.5991591080349977
VASKOR_clean,4.41725,4.15949,4.41175,1.15817,1130.8,976.371,0.0,0.0,0.53,0.45762,0.0,0,0.004103594,0.3841275,0.38218850153999967
VATVIY_clean,6.85041,4.79302,6.73681,1.28666,1128.63,877.177,0.0,0.0,0.517,0.401816,0.0,1,0.001790603,0.164396138,0.17105818223000083
VATVOE_clean,6.86024,4.81417,6.53187,1.27918,1131.8,884.793,0.0,0.0,0.5156,0.403072,0.0,1,0.001668595,0.160488418,0.16505202299250027
VATVUK_clean,4.75369,3.54535,4.74028,1.35574,615.159,453.744,0.0,0.0,0.4098,0.30227,0.0,0,0.002565567,0.228241787,0.24045702147125073
VATXEU_clean,7.38612,5.95802,7.38612,2.25172,1314.88,583.946,0.0,0.0,0.537,0.238485,0.0,0,0.001523581,0.146399433,0.15094568245375062
VATYAR_clean,5.8425,4.85588,5.8425,1.4789,2001.31,1353.25,0.0,0.0,0.6196,0.418961,0.0,1,0.001858758,0.181782669,0.17806795445999918
VATYIZ_clean,5.77973,4.6993,5.77973,1.51124,2028.88,1342.53,0.0,0.0,0.6162,0.407745,0.0,1,0.001885591,0.191428942,0.1794828247412491
VATYOF_clean,5.86599,4.67382,5.86599,1.53817,2040.49,1326.58,0.0,0.0,0.622,0.404378,0.0,1,0.001721707,0.169697707,0.1682734433787505
VAXHOR01_clean,3.05143,2.67683,3.05143,1.43285,0.0,0.0,0.0,0.0,0.3784,0.26409,0.0,1,4.84e-06,0.00070365,0.0005076259537499998
VAXMUF_clean,6.97885,4.73882,6.97885,0.91747,1247.84,1360.09,0.0,0.0,0.5948,0.648304,0.0,1,0.00269276,0.259298425,0.2613535961212495
VAXTEV_clean,6.86582,3.53622,6.72322,1.11335,919.514,825.896,6.20036,5.56908,0.527,0.473345,0.0,1,0.002100262,0.209246414,0.20511463191250048
VAYDOQ_clean,4.11487,2.54213,4.11487,1.37664,0.0,0.0,220.502,160.174,0.4144,0.301023,0.0,1,0.005568253,0.49318339,0.4545769805775
VAYFUY_clean,4.57007,3.07434,4.53142,1.59996,0.0,0.0,440.202,275.133,0.4196,0.262257,0.0,1,0.0033658,0.279794816,0.314266566128749
VAYWEZ_clean,7.94214,3.31169,7.94155,1.17442,622.131,529.736,631.889,538.045,0.6342,0.540013,0.0,1,0.001052659,0.108614693,0.10503412865125002
VAYWID_clean,8.02289,3.34737,8.02265,1.17529,1267.12,1078.13,0.0,0.0,0.6312,0.537058,0.0,1,0.001041567,0.108966319,0.10436306979125023
VAZKUE_clean,3.47316,2.55402,3.45427,2.08275,0.0,0.0,29.3373,14.0859,0.409,0.196375,0.0,1,0.000350301,0.032923655,0.03437640823125006
VAZLAL_clean,3.43999,2.50635,3.4288,2.14815,0.0,0.0,16.4278,7.64744,0.3996,0.186021,0.0,1,0.000282993,0.026712409,0.026559272233749875
VAZLEP01_clean,3.36261,2.40572,3.33533,2.25073,0.0,0.0,0.673822,0.29938,0.3808,0.16919,0.0,1,0.000127958,0.014631788,0.010705174347500061
VAZLEP02_clean,3.77736,2.44758,3.77736,2.17526,0.0,0.0,154.408,70.9836,0.4064,0.186828,0.0,1,0.00135992,0.13210865,0.1268739879862495
VAZLEP_clean,3.43348,2.45639,3.4025,2.23277,0.0,0.0,16.0016,7.16671,0.3938,0.176373,0.0,1,0.000235085,0.024683889,0.020911668756250047
VAZLIT_clean,3.41131,2.42549,3.38497,2.29186,0.0,0.0,9.64938,4.21028,0.3906,0.170429,0.0,1,0.000240381,0.020797338,0.020929265831250047
VAZLOZ_clean,3.42558,2.41106,3.40808,2.30313,0.0,0.0,13.5837,5.89792,0.3898,0.169248,0.0,1,0.000208618,0.021700649,0.020274771335000094
VAZLUF_clean,3.85981,2.53784,3.85981,2.12282,0.0,0.0,219.244,103.28,0.4148,0.195401,0.0,1,0.001687019,0.169870781,0.1521305596949998
VAZMAM_clean,3.81389,2.49158,3.81389,2.20238,0.0,0.0,204.246,92.7386,0.4082,0.185345,0.0,1,0.001480264,0.146662831,0.13878836672874992
VAZMEQ_clean,3.79108,2.46158,3.79108,2.24613,0.0,0.0,177.324,78.9461,0.404,0.179865,0.0,1,0.001339447,0.133916741,0.1251570151612495
VAZMIU_clean,3.76859,2.44186,3.76859,2.28122,0.0,0.0,159.166,69.7726,0.4006,0.175608,0.0,1,0.001365868,0.132846875,0.1268766172912495
VAZMOA_clean,3.72786,2.4147,3.72786,2.35504,0.0,0.0,137.784,58.5063,0.3986,0.169254,0.0,1,0.002047082,0.193625111,0.18706078010874944
VAZROF_clean,5.03461,4.5915,5.03461,1.23766,828.566,669.464,0.0,0.0,0.453,0.366014,0.0,0,0.007432385,0.599954255,0.6357714843925
VAZTOG_clean,15.08014,7.93969,15.07583,0.589901,2233.7,3786.57,0.0,0.0,0.8002,1.3565,0.0,0,0.002406718,0.244381331,0.22727882162624968
VAZTUM_clean,15.07409,7.93508,15.07409,0.591689,2246.58,3796.89,0.0,0.0,0.8116,1.37167,0.0,0,0.002489918,0.24621072,0.2349070275649993
VEBHUG_SL,17.30249,9.82354,17.30249,0.511068,1917.15,3751.27,0.0,0.0,0.8468,1.65692,0.0,0,0.00293769,0.293608877,0.288845409688749
VECWUX_clean,5.40728,3.62986,4.72861,1.2151,591.936,487.152,249.544,205.37,0.5232,0.430584,0.0,1,0.005073732,0.444244601,0.4662259377937498
VECZAG_clean,9.10711,7.36025,9.10711,1.61302,1710.75,1060.59,0.0,0.0,0.6522,0.404334,0.0,1,0.000994842,0.101850659,0.09817216567375021
VECZEK_clean,9.28653,7.43469,9.28653,1.34679,1798.64,1335.5,0.0,0.0,0.6836,0.507577,0.0,1,0.001292026,0.120511972,0.12880304436625115
VEDFAN_clean,6.01158,4.07874,6.00756,1.03866,1741.67,1676.84,0.0,0.0,0.5802,0.558605,0.0,0,0.005220388,0.474011925,0.47208836193625
VEDFIV_clean,5.7298,3.89416,5.70244,1.06894,1581.69,1479.68,0.0,0.0,0.5684,0.531742,0.0,0,0.005120274,0.468537915,0.47097527008999956
VEDFOB_clean,5.93857,4.06358,5.90891,1.05075,1647.57,1567.99,0.0,0.0,0.5592,0.532191,0.0,0,0.005188129,0.483548339,0.4701738368162493
VEDFUH_clean,5.95596,4.00314,5.95596,1.05093,1663.77,1583.13,0.0,0.0,0.5708,0.543136,0.0,0,0.004950081,0.451448457,0.4522832240575002
VEDGAO_clean,5.63762,3.83278,5.54473,1.07445,1555.4,1447.63,0.0,0.0,0.5576,0.518962,0.0,0,0.005041296,0.465599013,0.46933455446999955
VEDGES_clean,5.91912,4.12997,5.83809,1.04225,1662.62,1595.23,0.0,0.0,0.5592,0.536534,0.0,0,0.005169219,0.469269859,0.47003412713499926
VEDGIW_clean,5.91757,4.12403,5.88473,1.04313,1656.13,1587.65,0.0,0.0,0.5804,0.556402,0.0,0,0.005116937,0.461521037,0.4701448038087493
VEFLUP_clean,5.16319,2.79467,5.16319,1.15551,0.0,0.0,833.531,721.355,0.5342,0.462308,0.0,1,0.00435813,0.390888153,0.4007587218387523
VEGBUG_clean,26.2956,9.06734,26.2956,0.576598,1786.71,3098.71,0.0,0.0,0.8298,1.43913,0.000346862,1,0.002424363,0.250674496,0.2300371797512497
VEGCAN_clean,26.23164,8.97115,26.23164,0.749461,1794.02,2393.75,0.0,0.0,0.8278,1.10453,0.000266859,1,0.001972225,0.192941582,0.194669568845001
VEGXIQ01_clean,3.31715,2.49167,2.93356,1.73467,0.0,0.0,0.0,0.0,0.3502,0.201882,0.0,1,6.86e-05,0.007045871,0.007200237986250051
VEGXIQ_clean,3.35306,2.5236,2.96932,1.70477,0.0,0.0,0.419438,0.246038,0.3548,0.208122,0.0,1,8.93e-05,0.009652971,0.007994950582500071
VEGXOW_clean,3.2579,2.48261,2.90483,1.79538,0.0,0.0,0.0,0.0,0.3418,0.190378,0.0,1,2.84e-05,0.004014686,0.003168952443750023
VEHJID01_clean,8.78437,6.6937,8.25223,0.765372,2471.66,3229.36,0.0,0.0,0.7812,1.02068,0.0,1,0.002410478,0.23754001,0.22737395677375008
VEHJOJ_clean,14.09924,6.85678,11.19448,0.748313,2267.56,3030.24,0.0,0.0,0.7708,1.03005,0.0,1,0.002799795,0.278710219,0.28753034490250023
VEHJUP_clean,14.28068,6.83408,11.22906,0.743695,2268.42,3050.2,0.0,0.0,0.7746,1.04156,0.0,1,0.002791832,0.274295525,0.2811905077912504
VEHKIE_SL,13.77124,4.50888,13.77124,0.959384,2184.49,2276.97,0.0,0.0,0.6924,0.721713,0.0,1,0.004556677,0.431502272,0.4309243359937496
VEHLEA01_clean,4.33955,2.96776,4.2256,1.74633,0.0,0.0,530.268,303.647,0.5634,0.322619,0.0,0,0.005624622,0.508707415,0.47163958483124996
VEHLEA02_clean,4.00641,2.90837,3.98429,1.81124,0.0,0.0,605.443,334.269,0.5616,0.310063,0.0,0,0.006767407,0.616669584,0.5597687188725002
VEHLEA_clean,4.46465,3.05176,4.42162,1.72569,0.0,0.0,609.835,353.387,0.569,0.329724,0.0,0,0.006089304,0.551928912,0.5265206139325013
VEHLIE_clean,5.23023,3.70327,5.22427,1.49837,1455.04,971.08,0.0,0.0,0.63,0.420457,0.0,0,0.006211908,0.556409236,0.5528011264774988
VEHNED_clean,3.80924,2.56225,3.79393,1.43522,0.0,0.0,104.753,72.9877,0.3106,0.216413,0.0,1,0.00098315,0.099796857,0.09211423848249964
VEHPUU_clean,6.28215,5.72913,6.26507,1.2974,1101.09,848.689,0.0,0.0,0.5058,0.389856,0.0,1,0.001234094,0.11594853,0.12613099869875088
VEHRIL_clean,8.79809,4.02227,8.77595,1.10229,2192.07,1988.65,0.0,0.0,0.6908,0.626694,0.0,1,0.001550422,0.160171984,0.1547448039074996
VEHXEN_clean,9.30754,7.04491,9.30754,1.35949,2124.85,1562.97,0.0,0.0,0.7316,0.538142,0.0,1,0.000965372,0.093896762,0.09226186260124951
VEHYUE_clean,6.12673,3.44814,6.105,1.87284,355.438,189.786,95.0653,50.7601,0.4804,0.256509,0.0,1,0.000561372,0.051574938,0.0600832408599997
VEJHEZ_clean,15.05768,6.22214,9.48846,0.685711,2179.67,3178.7,0.0,0.0,0.7706,1.1238,0.0,1,0.003163773,0.311821607,0.31124834908750104
VEJHID_clean,17.65342,7.8833,11.58918,0.646039,2104.35,3257.31,0.0,0.0,0.7972,1.23398,0.0,1,0.002454171,0.246064068,0.2303526568912497
VEJYIT01_clean,6.55973,5.0687,6.54696,0.921332,2008.21,2179.68,0.0,0.0,0.6708,0.728076,0.0,0,0.004340548,0.415309229,0.43141332694375045
VEJYIT_clean,6.4229,5.28654,6.4229,0.928973,1988.07,2140.07,0.0,0.0,0.6702,0.721442,0.0,0,0.004314447,0.415472358,0.4314652448487501
VEJYOZ_clean,8.47376,5.69683,8.47376,0.880009,2096.08,2381.88,0.0,0.0,0.6858,0.779311,0.0,0,0.004259635,0.394200282,0.40999467527749794
VEJYUF01_clean,5.23877,2.60028,5.22732,1.21219,0.0,0.0,722.216,595.795,0.5648,0.465934,0.0,0,0.00665568,0.527969668,0.5848873664775012
VEJYUF02_clean,5.13877,2.49006,5.12756,1.24643,0.0,0.0,694.32,557.048,0.5796,0.465009,0.0,0,0.007640329,0.590274665,0.6417021732062499
VEJZEQ_clean,5.64363,2.4624,5.64358,1.22074,0.0,0.0,540.602,442.848,0.4872,0.399103,0.0,0,0.016510215,0.998713426,0.9751696215187473
VELVEO_clean,3.68255,3.48411,3.67149,1.93689,201.323,103.941,0.0,0.0,0.4778,0.246685,0.0,0,0.004016045,0.363012647,0.3737379546324995
VEMDAT_clean,5.87539,4.41454,5.87539,1.26001,982.755,779.959,0.0,0.0,0.5246,0.416346,0.0,1,0.004233488,0.366787643,0.3816108244849976
VEMMAC_clean,7.0981,6.10195,7.04022,0.882251,2276.97,2580.86,0.0,0.0,0.6758,0.765995,0.0,1,0.004094026,0.378086974,0.40577148276874686
VEMMEG_clean,7.14137,6.23055,7.14137,0.816125,2268.41,2779.48,0.0,0.0,0.6764,0.828795,0.0,1,0.003355541,0.330102512,0.33529775315125027
VEMMIK_clean,14.01468,13.16757,14.01422,0.723032,1733.84,2398.01,0.0,0.0,0.741,1.02485,0.0,1,0.001948389,0.200996911,0.19242612656250074
VEMMOQ_clean,8.8382,8.57859,8.83401,0.859762,1844.22,2145.04,0.0,0.0,0.7008,0.815109,0.0,1,0.002884521,0.291533123,0.2871902394837509
VEMSUC01_clean,5.11588,3.68593,5.09821,1.26749,1347.57,1063.18,0.0,0.0,0.5488,0.432983,0.0,0,0.006436142,0.563857164,0.5766203674562478
VEMSUC_clean,5.13248,3.64573,5.11696,1.27033,1309.23,1030.62,0.0,0.0,0.551,0.433745,0.0,0,0.006117055,0.546842635,0.5579480530587475
VEQBID_clean,6.52238,4.921,6.52175,1.46143,1501.88,1027.68,0.0,0.0,0.5412,0.370323,0.0,0,0.001162939,0.116977428,0.11013612849375028
VERPOZ_clean,5.42382,3.86113,5.42382,1.28962,856.154,663.88,0.0,0.0,0.4412,0.342116,0.0,0,0.004487082,0.378036902,0.42582555635625063
VERZEZ_clean,3.13802,2.6113,3.13802,1.54033,0.0,0.0,0.0,0.0,0.449,0.291496,0.0,0,2.47e-05,0.001968301,0.0026953600112499952
VERZID_clean,3.10748,2.63654,3.09084,1.66069,0.0,0.0,0.0,0.0,0.437,0.263143,0.0,0,2.01e-05,0.001951927,0.0019002075337500026
VERZUP_clean,3.10842,2.64119,3.10842,1.71842,0.0,0.0,0.0,0.0,0.449,0.261286,0.0,0,3.25e-05,0.003316572,0.0028972264225000026
VESBAY_clean,3.11677,2.62993,3.11677,1.37515,0.0,0.0,0.0,0.0,0.4408,0.320547,0.0,0,4.41e-05,0.003975929,0.004513779817500022
VETMIS_clean,17.23979,11.94779,17.22882,0.311959,1757.5,5633.74,0.0,0.0,0.8662,2.77664,0.0,1,0.00354844,0.355678937,0.3515554229312503
VETTOE_clean,6.62806,4.69762,5.65255,0.902784,2439.76,2702.49,0.0,0.0,0.6684,0.740376,0.0,1,0.004827459,0.476270836,0.44347129205874913
VETTUK_clean,5.91349,2.95508,5.91349,1.33861,0.0,0.0,1110.41,829.522,0.4904,0.366349,0.0,1,0.005804861,0.513739232,0.49951557700375054
VETVAS_manual,5.94508,3.03911,5.91086,1.24476,0.0,0.0,1139.41,915.362,0.5096,0.409395,0.0,1,0.006021941,0.540946926,0.5304324218975001
VEWKUF_clean,11.97194,10.54967,11.9427,0.470726,2101.15,4463.64,0.0,0.0,0.7866,1.67104,0.0,0,0.003415066,0.337564291,0.3417486866912505
VEWXAY_clean,5.90319,4.58543,5.60032,0.850194,2471.89,2907.44,0.0,0.0,0.6584,0.774411,0.0,1,0.005301438,0.498859819,0.4885129331337512
VEXTUO_manual,8.87752,5.53782,8.86061,0.793323,2105.74,2654.33,0.0,0.0,0.6702,0.844801,0.0,0,0.003024085,0.287424581,0.2978229125612506
VEXVAW_clean,9.7712,5.86323,9.7712,0.773292,2071.81,2679.21,0.0,0.0,0.6628,0.857115,0.0,0,0.00418622,0.412426608,0.4068307071224981
VEYVEC_clean,3.81592,3.45137,3.81592,1.45798,155.953,106.965,20.8457,14.2976,0.425,0.291499,0.0,1,0.006045595,0.522556842,0.5213898121450011
VEZMIY_clean,3.81183,3.09194,3.76186,1.37684,0.0,0.0,153.531,111.51,0.4428,0.321607,0.0,1,0.004656744,0.434068718,0.40138517263250256
VEZMOE_clean,3.81259,3.09553,3.76261,1.37954,0.0,0.0,153.486,111.258,0.4332,0.314017,0.0,1,0.004626345,0.437851146,0.3999193490112524
VEZQAT_clean,4.12129,2.88579,4.06415,1.83518,0.0,0.0,527.802,287.603,0.4868,0.26526,0.0,0,0.003723779,0.347725311,0.33001201729499785
VEZWEE_clean,6.79648,2.86206,4.59276,1.02008,0.0,0.0,947.064,928.421,0.5406,0.529958,0.0,1,0.006239271,0.556081127,0.5476970115387502
VICDOC_clean,4.65057,4.08181,4.52458,1.14596,958.267,836.212,0.0,0.0,0.5148,0.44923,0.0,0,0.008209153,0.699247823,0.6812394478912478
VICLAW_clean,7.38415,6.2427,7.38415,1.11891,1046.87,935.619,0.0,0.0,0.5352,0.478323,0.0,1,0.001569251,0.153542451,0.1542182715425008
VICSIL_clean,5.30875,4.09789,5.30496,1.03603,1478.6,1427.18,0.0,0.0,0.565,0.545353,0.0,0,0.004495389,0.419029191,0.431684876737502
VICYOX_clean,4.25498,3.38079,4.25498,1.46422,845.897,577.712,0.0,0.0,0.487,0.332601,0.0,1,0.006077408,0.526435188,0.5388476139762487
VICYUD_clean,5.57985,4.2436,5.56531,1.15194,1489.65,1293.17,0.0,0.0,0.5668,0.492041,0.0,1,0.005934755,0.546924058,0.5432064153612487
VIDXOX_clean,6.16109,5.04479,6.14883,1.68509,1433.05,850.43,0.0,0.0,0.5712,0.338974,0.0,1,0.001351649,0.125683738,0.13186565534875055
VIFBOD_clean,5.74056,4.35551,5.71651,1.76429,1367.25,774.956,0.0,0.0,0.5562,0.315255,0.0,1,0.001851732,0.183335768,0.17489336312999942
VIFBUJ_clean,6.06214,2.59499,6.06214,2.09961,0.0,0.0,751.928,358.128,0.466,0.221946,0.0,1,0.002181158,0.194985551,0.20675751055624977
VIGNOQ_clean,8.75461,3.12932,8.72015,1.42979,0.0,0.0,1413.32,988.483,0.5876,0.410969,0.0,1,0.001124025,0.109029481,0.10975239265124999
VIGRIO_clean,3.4806,2.83389,3.47886,1.80361,0.0,0.0,8.63678,4.78859,0.3664,0.203148,0.0,1,2.73e-05,0.003474909,0.0029298003700000013
VIMRAM_clean,9.39066,7.30655,9.39066,1.12702,1893.97,1680.51,0.0,0.0,0.6384,0.56645,0.0,1,0.00311985,0.302843667,0.30104066658750006
VINHOR_clean,9.98256,7.27933,9.98256,0.808976,2165.4,2676.71,0.0,0.0,0.7268,0.898419,0.0,1,0.001436186,0.14578021,0.14063217792250104
VIPXUO_clean,4.31173,3.23579,4.17899,1.18593,0.0,0.0,327.114,275.829,0.495,0.417394,0.0,1,0.003076307,0.289777035,0.29037286676000074
VIPYOK_clean,4.56016,3.89151,4.55758,1.54463,762.225,493.466,0.0,0.0,0.455,0.294568,0.0,1,0.004466095,0.387161973,0.4172805293437496
VIPZAX_clean,4.67098,3.47065,4.66764,1.4463,574.254,397.051,55.2162,38.1776,0.4772,0.329946,0.0,1,0.002441986,0.234262267,0.22807672647250002
VIQFIL_clean,7.52933,6.88879,7.52933,2.72981,1439.26,527.24,0.0,0.0,0.5772,0.211443,0.0,1,0.000508572,0.050154844,0.05296873412874958
VIQQUJ_clean,4.62845,3.89522,4.6169,1.17508,1256.18,1069.02,0.0,0.0,0.532,0.452736,0.0,1,0.011708657,0.957948541,0.895042125605002
VIRKIQ_clean,4.98641,4.39323,4.97616,1.53429,1079.28,703.439,0.0,0.0,0.512,0.333704,0.0,1,0.003685677,0.329540234,0.34459513004874864
VIRPOC_clean,7.89373,4.43058,7.89373,1.31415,1678.47,1277.23,0.0,0.0,0.6094,0.463722,0.0,1,0.002521676,0.250395131,0.2500836225962492
VIRQAO_clean,3.90125,2.88338,3.87991,1.75623,0.0,0.0,361.235,205.687,0.4746,0.270237,0.0,1,0.00203602,0.18872194,0.18870318301000008
VIRQES_clean,3.96779,3.62056,3.96779,1.9401,482.244,248.567,0.0,0.0,0.419,0.215969,0.0,1,0.001975761,0.196169165,0.1868854103562497
VIRVEY_clean,7.24501,5.7858,6.68018,1.08742,2630.21,2418.77,0.0,0.0,0.715,0.65752,0.0,1,0.002516023,0.238156738,0.25181251723749953
VIRXIF_clean,6.07104,5.56303,6.07104,1.4189,1653.8,1165.55,0.0,0.0,0.5644,0.397774,0.0,0,0.004911941,0.470285184,0.4467685114187499
VISTOG_clean,4.99734,2.98288,4.99734,1.87105,0.0,0.0,1016.52,543.287,0.591,0.315866,0.0,1,0.00068537,0.063139066,0.06947082687749981
VITYOO_clean,8.76574,6.10267,8.74057,1.07917,1888.77,1750.21,0.0,0.0,0.6338,0.587305,0.0,1,0.003424243,0.325796814,0.33706257689625013
VITYUU_clean,6.93618,5.76476,6.92128,1.4786,1370.63,926.978,0.0,0.0,0.519,0.351007,0.0,1,0.003604209,0.342003505,0.33261597166125
VITZAB_clean,6.94119,5.72919,6.85845,1.49624,1369.03,914.98,0.0,0.0,0.526,0.351548,0.0,1,0.003567763,0.342958176,0.3299775076499997
VITZEF_clean,6.97691,5.80939,6.97691,1.4748,1347.25,913.518,0.0,0.0,0.5226,0.354354,0.0,1,0.003436256,0.343976635,0.32710122847750056
VITZIJ_clean,6.87611,5.69177,6.87611,1.52398,1353.45,888.103,0.0,0.0,0.5184,0.340161,0.0,1,0.003531566,0.343564765,0.32670397198999934
VIVLAP_clean,4.51725,2.65259,4.48348,1.46364,0.0,0.0,1193.89,815.698,0.5428,0.370857,0.0,1,0.00510201,0.46784265,0.4384083831187519
VIVXOP_clean,6.49065,4.97595,6.49065,1.07139,1218.54,1137.35,2.44835,2.28522,0.5566,0.519514,0.0,1,0.002867147,0.272915967,0.2770254967687496
VIWHUG_clean,4.81929,3.4802,4.68813,1.37889,639.979,464.125,0.0,0.0,0.4514,0.327364,0.0,1,0.002287956,0.205293623,0.21859527326999995
VIWKIX_clean,6.70111,4.65532,6.60342,1.36906,1688.36,1233.22,0.0,0.0,0.5926,0.432851,0.0,1,0.001499508,0.150283452,0.15167799573999996
VIWKOD_clean,6.65159,4.57304,6.53476,1.38205,1680.39,1215.87,0.0,0.0,0.5904,0.427192,0.0,1,0.001567615,0.14839685,0.15521163657875026
VIWLAQ_clean,6.55466,4.31565,6.43849,1.43716,1676.29,1166.39,0.0,0.0,0.5778,0.402043,0.0,1,0.001515173,0.15269118,0.1525359983062499
VIWLEU_clean,6.5503,4.41913,6.52435,1.44375,1672.31,1158.32,0.0,0.0,0.5838,0.404365,0.0,1,0.001457968,0.146387319,0.1414188850587504
VIWLIY_clean,5.6026,3.42365,5.59275,1.55646,1236.19,794.232,0.0,0.0,0.54,0.346941,0.0,1,0.002101131,0.19664585,0.20444870692375058
VIWLOE_clean,5.48118,3.31383,5.4722,1.58006,576.935,365.134,577.319,365.377,0.5356,0.338973,0.0,1,0.00190555,0.191387228,0.17940472870249963
VIWMAR_clean,5.55555,3.41902,5.54549,1.58885,1213.98,764.058,0.0,0.0,0.5354,0.336973,0.0,1,0.00192549,0.193904078,0.18079980887874958
VIWMEV_clean,5.54122,3.41506,5.5298,1.61736,1205.53,745.366,0.0,0.0,0.5346,0.330538,0.0,1,0.002071225,0.19474557,0.20297554955125052
VIWMIZ_clean,9.56168,4.85659,9.53534,0.901746,1718.7,1905.97,37.8251,41.9466,0.6334,0.702415,0.0,1,0.005319917,0.463352016,0.47382069031249996
VIWMOF_clean,9.80611,5.23388,9.77319,0.869727,1722.79,1980.84,39.7443,45.6975,0.6458,0.742532,0.0,1,0.005825839,0.466974282,0.5363850418637476
VIWZOR_clean,6.64322,4.15157,6.64322,1.41271,1889.38,1337.41,0.0,0.0,0.6434,0.455437,0.0,0,0.003487833,0.343797811,0.3394219540612504
VIXCUB_clean,5.48718,4.89154,5.42033,1.09462,2414.99,2206.24,0.0,0.0,0.6474,0.59144,0.0,1,0.002417054,0.237386961,0.22634675665875023
VIXGAM01_clean,5.20749,3.40288,5.20749,1.93235,393.451,203.613,0.0,0.0,0.4654,0.240847,0.0,1,0.001149585,0.108701678,0.10925918490500028
VIXGAM_clean,5.19197,3.39107,5.18887,1.9311,371.252,192.249,0.0,0.0,0.463,0.23976,0.0,1,0.001175736,0.106435198,0.11543737662000052
VIXGEQ_clean,5.1528,3.32283,5.1528,1.93922,349.848,180.407,0.0,0.0,0.471,0.242881,0.0,1,0.001131061,0.105657186,0.10923895766000032
VIXPUP01_clean,10.93877,6.90793,10.8516,0.690693,2354.05,3408.24,0.0,0.0,0.7722,1.11801,0.0,1,0.003605765,0.35953741,0.3546962985650018
VIXTUT_clean,3.939,3.00466,3.93726,1.26832,0.0,0.0,145.838,114.985,0.4634,0.365367,0.0,1,0.00244192,0.233478724,0.23219709226999993
VIXWEF_clean,12.63096,6.04016,12.48762,0.859273,2339.33,2722.46,0.0,0.0,0.7402,0.861426,0.0,1,0.002203575,0.225260627,0.21267602358000054
VIXZUZ_clean,5.74487,2.99551,5.74487,1.26349,0.0,0.0,1115.99,883.258,0.5402,0.427545,0.0,1,0.006075456,0.542263871,0.5351289024674997
VIYMAT_clean,5.60515,5.02913,5.58159,1.46758,1606.87,1094.91,0.0,0.0,0.544,0.37068,0.0,0,0.003663021,0.359104741,0.35080564323000035
VIYSON_clean,5.10341,3.76231,5.02058,1.31458,1263.39,961.063,0.0,0.0,0.5412,0.411691,0.0,1,0.011166384,0.910809075,0.8858313700225032
VIYSUT_clean,5.61753,3.04237,5.61609,1.13002,0.0,0.0,1296.39,1147.22,0.5884,0.520697,0.0,1,0.006663099,0.580496167,0.5939284239950028
VIYTAA_clean,5.13433,3.87051,5.09927,1.31108,1290.46,984.278,0.0,0.0,0.541,0.412638,0.0,1,0.011550482,0.939174817,0.8918187195675027
VIYVIK_clean,5.08356,3.73927,5.05208,1.32275,1249.3,944.47,0.0,0.0,0.538,0.406727,0.0,1,0.011894545,0.938560509,0.9112044559250024
VIYZIO01_clean,4.31413,2.98944,4.31413,1.39781,0.0,0.0,399.105,285.522,0.4426,0.316638,0.0,1,0.008878069,0.622602609,0.6685656757137487
VIYZIO_clean,4.30268,2.98583,4.30086,1.39781,0.0,0.0,406.427,290.76,0.4376,0.313061,0.0,1,0.008756399,0.614712143,0.6561953882449985
VIZQEC_clean,5.35488,3.05113,5.32535,1.25555,0.0,0.0,822.545,655.128,0.5104,0.406516,0.0,1,0.010795002,0.851557603,0.8573901601725034
VIZSOO_clean,10.55409,4.56253,10.55409,0.761137,2666.36,3503.12,0.0,0.0,0.738,0.969602,0.0,0,0.004034301,0.401265123,0.40361912994874816
VIZSUU_clean,10.03238,7.42233,9.74376,0.749914,2221.9,2962.88,0.0,0.0,0.7282,0.971044,0.0,0,0.002641366,0.251111896,0.2713591231237511
VIZTIJ_clean,8.73473,6.34609,8.6886,1.3133,1742.87,1327.09,0.0,0.0,0.6462,0.492044,0.0,0,0.001741915,0.163842683,0.17455333582250024
VOBGAW_clean,4.66285,3.61303,4.65217,1.94112,362.013,186.497,1.69535,0.873387,0.4252,0.219049,0.0,1,0.001332248,0.118581406,0.12275586129375034
VOBGEA_clean,4.64455,3.59836,4.63854,1.95569,361.005,184.592,0.902313,0.461378,0.4234,0.216497,0.0,1,0.001296377,0.123714737,0.11884866773750069
VOBKAA_clean,5.5254,4.43575,5.51234,1.26722,1839.76,1451.8,0.0,0.0,0.5992,0.472845,0.0,1,0.003790724,0.359033745,0.36661800805500017
VOBQEK_clean,4.27979,3.23619,4.27979,1.25034,0.0,0.0,774.979,619.813,0.523,0.418285,0.0,1,0.004635548,0.439345707,0.40799457624000246
VOBRUB_clean,4.37729,3.47803,4.37729,1.252,989.147,790.053,0.0,0.0,0.4922,0.393131,0.0,1,0.005459902,0.511353885,0.4768107472449974
VOCCOH_clean,6.23291,3.01018,6.22587,1.32779,0.0,0.0,1166.77,878.73,0.5372,0.404582,0.0,1,0.00454392,0.409403942,0.41360102869000165
VOCKUT_clean,4.86873,2.49599,4.86175,1.41776,0.0,0.0,559.617,394.72,0.4318,0.304565,0.0,0,0.00548773,0.431102699,0.4376920672487513
VOCNOQ_clean,4.9916,3.2968,4.42967,1.46036,0.0,0.0,307.261,210.401,0.4168,0.285409,0.0,0,0.004035709,0.322214692,0.37843017458125067
VOCPEK_clean,4.62063,3.5641,4.61051,1.96241,341.977,174.264,0.360619,0.183763,0.4222,0.215144,0.0,1,0.001374373,0.126956127,0.12518727313000022
VOCQAF_clean,4.95925,3.73408,4.95925,1.25635,976.237,777.039,0.0,0.0,0.4616,0.367412,0.0,0,0.006529839,0.571320123,0.5790090387237496
VOCQEJ_clean,4.92905,3.74227,4.92865,1.262,972.776,770.82,0.0,0.0,0.4598,0.364342,0.0,0,0.006366496,0.571574601,0.5441315556224994
VODPOU_clean,4.01882,2.86571,4.01585,1.54217,0.0,0.0,158.403,102.714,0.4276,0.277271,0.0,1,0.000599852,0.057806594,0.06180656595874992
VODQIP_clean,7.28777,5.97881,7.28116,1.0447,1818.88,1741.05,0.0,0.0,0.6212,0.594621,0.0,1,0.005494061,0.482538235,0.4993663050262493
VODSEM_clean,5.2679,4.81357,5.26778,1.72365,582.024,337.669,47.1721,27.3675,0.5448,0.316073,0.0,0,0.000361283,0.036373067,0.03517817856125005
VOFFED_clean,6.3407,5.90199,6.31652,1.20352,848.809,705.272,0.0,0.0,0.4862,0.403982,0.0,1,0.001357858,0.137156479,0.12888316300250088
VOGPEO_clean,11.06118,7.00733,10.18392,0.767126,2192.56,2858.15,0.0,0.0,0.7242,0.944043,0.0,1,0.004956869,0.464993873,0.44568176492749983
VOGTIV_clean_h,11.63962,10.76348,11.63962,0.91487,1549.21,1693.37,0.0,0.0,0.6396,0.699116,0.0,1,0.003650932,0.345183641,0.3592434421800011
VOHQEO_clean,5.90589,3.32233,5.90589,2.18768,1040.5,475.616,0.0,0.0,0.5104,0.233306,0.0,0,0.031071454,1.561622236,1.5763213302137495
VOHQIS_clean,5.34997,3.62026,5.34997,2.10583,1170.0,555.601,0.0,0.0,0.5162,0.245129,0.0,0,0.051472028,2.098295411,1.750139952952501
VOJGOS_clean,6.19077,5.31352,6.18884,0.976178,2056.2,2106.38,0.0,0.0,0.6384,0.653979,0.0,1,0.007579948,0.69540437,0.6832356078925007
VOKJIQ_clean,4.77878,2.8503,4.76799,1.93484,0.0,0.0,609.317,314.919,0.414,0.213972,0.0,0,0.012058518,0.868104104,0.8078984316574988
VOLPET_clean,9.30216,6.24705,9.30149,0.741977,2463.48,3320.15,0.0,0.0,0.7498,1.01054,0.0,1,0.002941172,0.301727861,0.2946965662262508
VOLQOD_clean,11.11495,8.75374,11.11495,0.70291,1891.75,2691.32,0.0,0.0,0.7388,1.05106,0.0,1,0.003929226,0.373213873,0.38067986018624916
VONBIK_clean,4.80212,3.01348,4.80212,1.27276,0.0,0.0,541.481,425.439,0.4656,0.36582,0.0,0,0.002172132,0.207143573,0.20532321340625026
VONCIM_clean,9.77811,8.65057,9.76354,1.43585,1122.84,782.003,80.8916,56.3372,0.5904,0.411186,0.0,1,0.002996389,0.262654992,0.2880304306237489
VONCOS_clean,10.3381,9.26479,10.3381,1.24231,1086.56,874.625,129.189,103.991,0.6084,0.489732,0.0,1,0.003046702,0.27842227,0.2965399543274996
VONDEJ_clean,5.31005,4.78872,5.30922,1.60595,966.902,602.074,0.0,0.0,0.507,0.315701,0.0,0,0.00872002,0.646106413,0.7096253319174984
VOPCEK_clean,5.95724,5.2412,5.95724,1.32376,1286.35,971.741,0.0,0.0,0.5334,0.402943,0.0,1,0.005149333,0.469244885,0.4633682434274995
VOPCIO_clean,8.96483,7.98484,8.95338,1.07697,1629.75,1513.27,0.0,0.0,0.6138,0.569932,0.0,1,0.003775757,0.359101385,0.3655731294575004
VOPHUF_clean,4.5467,2.88798,4.45304,1.42239,0.0,0.0,283.154,199.069,0.3672,0.258157,0.0,0,0.001803202,0.166768687,0.1684098626087496
VOQWUV_clean,4.5937,3.17784,4.5937,1.32844,0.0,0.0,191.658,144.273,0.432,0.325194,0.0,0,0.004888375,0.327036638,0.4112295899625025
VORBUA_clean,3.50756,2.8028,3.50756,1.80701,0.0,0.0,43.0901,23.8461,0.468,0.258992,0.0,1,0.000732793,0.071222775,0.07081297939374968
VOSTUU_clean,8.30737,6.78194,8.30193,0.816834,1552.78,1900.97,4.35487,5.33141,0.5892,0.721322,0.0,1,0.00436192,0.406130768,0.4268317242224993
VOTKEW_clean,5.14274,3.67598,5.1312,1.34119,1161.62,866.113,0.0,0.0,0.5308,0.395769,0.0,1,0.00491883,0.442072051,0.43996376468500054
VOTMAS_clean,4.44531,2.95777,4.42331,1.53443,0.0,0.0,369.834,241.024,0.4156,0.270849,0.0,1,0.002878589,0.263623007,0.27106215411124923
VOVKUO_clean,8.79938,7.37416,8.78205,2.86501,1668.56,582.391,0.0,0.0,0.6376,0.222547,0.0,1,0.000453662,0.047391183,0.0436018967175001
VOVLAV_clean,7.09794,6.73731,7.08748,1.8234,1956.99,1073.26,0.0,0.0,0.6326,0.346934,0.0,1,0.002275787,0.213237708,0.21941696075125033
VOXKIE_clean,6.80539,3.65176,6.80539,1.34151,1369.86,1021.14,0.0,0.0,0.6092,0.454115,0.0,1,0.002987959,0.28119981,0.28338727099999894
VOXQOQ_clean,5.75088,3.78769,5.73674,1.21298,1196.61,986.497,0.0,0.0,0.5614,0.462825,0.0,1,0.003535858,0.32749815,0.33022072664750063
VOXVEL_clean,6.58217,4.28987,6.50926,1.3543,1358.41,1003.03,0.0,0.0,0.5474,0.404194,0.0,0,0.008694649,0.761589678,0.7102362827762506
VOXYUE_clean,4.28545,3.52898,4.277,1.97331,1033.2,523.587,0.0,0.0,0.5514,0.279428,0.0,0,0.000703707,0.069350063,0.07072202950749981
VOYGOH_clean,8.28524,6.29263,8.24088,1.28416,2599.39,2024.19,0.195596,0.152314,0.7268,0.565973,0.0,1,0.001095175,0.104696448,0.10729566772125039
VOYLUS_clean,5.47427,2.46241,5.45806,1.11974,0.0,0.0,785.078,701.124,0.475,0.424204,0.0,1,0.004856705,0.436074482,0.41589584888125264
VOYWUB_clean_h,3.03578,2.56775,2.96866,2.16553,0.0,0.0,0.0,0.0,0.4052,0.187114,0.0,1,2.23e-06,0.000291596,6.696168624999964e-05
VOZVAJ01_clean,7.75927,5.99619,7.75927,1.41123,1642.21,1163.68,0.0,0.0,0.619,0.438625,0.0,0,0.001686616,0.166546403,0.16621360850000072
VOZVIR01_clean,8.9147,5.57973,8.87661,1.34608,1682.46,1249.9,0.0,0.0,0.6346,0.471444,0.0,1,0.00150887,0.154979063,0.15155078633374994
VUCCON_clean,5.76923,2.86899,5.76923,1.81841,0.0,0.0,1111.06,611.008,0.468,0.257368,0.0,0,0.004168055,0.360754064,0.3757130651024997
VUCCUT_clean,5.77887,2.91817,5.77887,1.83598,0.0,0.0,1109.95,604.554,0.4774,0.260024,0.0,0,0.00416416,0.367386216,0.37619931015624963
VUCDAA_clean,5.82839,2.97303,5.82839,1.84896,0.0,0.0,1116.3,603.745,0.4802,0.259714,0.0,0,0.004090978,0.35109306,0.3764365361299998
VUCDEE_clean,5.77607,2.92863,5.77607,1.85712,0.0,0.0,1113.73,599.706,0.4638,0.249741,0.0,0,0.004441773,0.36954613,0.403841138962502
VUCTOE_clean,3.95648,3.23938,3.87698,2.10425,0.0,0.0,382.697,181.869,0.3662,0.174029,0.0,1,0.002036559,0.184301532,0.18746006204624993
VUCTUK_clean,4.04395,3.64101,4.04395,1.92522,503.149,261.347,0.0,0.0,0.4222,0.2193,0.0,1,0.002195419,0.20275311,0.20462442956875027
VUDQOB_clean,6.32363,4.82237,6.31689,1.49229,1377.55,923.11,0.0,0.0,0.5686,0.381025,0.0,1,0.004143591,0.384990605,0.3911561569774989
VUDXID_clean,10.29567,8.38587,10.08643,0.842606,2083.44,2472.62,14.2598,16.9234,0.7296,0.865885,0.0,1,0.00197717,0.191629853,0.194455713373751
VUFBEE_clean,4.39803,3.46666,4.37592,1.64467,1017.25,618.512,0.0,0.0,0.5534,0.33648,0.0,1,0.00319652,0.314089178,0.29630257591750064
VUGWUR_clean,7.83796,6.35433,7.79579,1.04646,1263.29,1207.21,74.2007,70.9066,0.5712,0.545842,0.0,0,0.005838088,0.536675584,0.5249273572337504
VUGXEC_clean,7.75346,6.26253,7.72478,1.06296,1251.42,1177.3,67.8457,63.8273,0.5624,0.529091,0.0,0,0.005330814,0.507350557,0.46737228935874847
VUGXIG_clean,7.98476,6.4639,7.95078,1.05743,1260.94,1192.45,76.2558,72.1141,0.574,0.542824,0.0,0,0.005553158,0.506069333,0.5054682546874992
VUGXOM_clean,7.85489,6.36686,7.85489,1.08455,1259.8,1161.59,65.0961,60.0213,0.5694,0.525011,0.0,0,0.005325817,0.499282017,0.46791419420749847
VUGXUS_clean,7.98273,6.46173,7.98207,1.08037,1258.25,1164.65,72.9124,67.4885,0.5732,0.53056,0.0,0,0.005482683,0.496907229,0.491810664242498
VUGYAZ_clean,7.90027,6.40337,7.90027,1.10679,1245.86,1125.65,61.7559,55.7974,0.5642,0.509764,0.0,0,0.004808258,0.464634729,0.4386028820012497
VUGYED_clean,7.99474,6.54413,7.99474,1.10841,1223.87,1104.17,67.208,60.6345,0.5792,0.522549,0.0,0,0.004505701,0.432191247,0.43722120784250107
VUGYIH_clean,7.72851,6.23818,7.68217,1.11585,1251.2,1121.3,68.7821,61.641,0.5678,0.508849,0.0,0,0.005228781,0.500597158,0.4685146842012491
VUHGAH_clean,5.05909,2.62052,5.05909,1.27228,0.0,0.0,411.225,323.218,0.4744,0.372873,0.0,1,0.005267232,0.435346623,0.4344884520325015
VUHJAK_clean,4.48985,4.30755,4.48985,1.91615,471.61,246.123,0.0,0.0,0.4148,0.216475,0.0,1,0.005480527,0.395538316,0.4277725711437481
VUHNET_clean,10.15164,5.15951,10.13819,1.26924,1812.62,1428.11,0.0,0.0,0.6596,0.519681,0.0,0,0.001809063,0.175218453,0.1778083195974997
VUJBEI_clean,18.44776,6.57566,18.44776,0.562611,2173.89,3863.94,0.0,0.0,0.7874,1.39955,0.0,1,0.003902963,0.383312219,0.38168308814249924
VUKHOZ_clean,14.72034,13.81107,14.72034,1.23894,1154.41,931.773,0.0,0.0,0.6248,0.504303,0.0,1,0.000920012,0.095540978,0.09116968404124946
VUKJOC_clean,4.9896,3.40405,4.97821,1.45464,736.58,506.365,85.4496,58.7426,0.4856,0.333827,0.0,0,0.003860998,0.345321818,0.3516292992199983
VUKJUI_clean,5.49725,3.44726,5.49566,1.4408,839.787,582.86,90.2917,62.6676,0.4968,0.344808,0.0,0,0.003953286,0.355998603,0.35897399360499915
VUKROK_clean,10.23625,8.88276,10.23453,0.696249,2008.41,2884.62,0.0,0.0,0.7104,1.02033,0.0,0,0.002887942,0.29309999,0.2898005283125002
VUKRUQ_clean,8.26088,7.40668,8.26088,0.854534,1806.41,2113.91,0.0,0.0,0.6414,0.750584,0.0,0,0.003118752,0.305038172,0.3022261358125016
VUKSAX_clean,10.78925,9.42624,10.78325,0.664624,1937.19,2914.72,0.0,0.0,0.7148,1.0755,0.0,0,0.002770778,0.274265827,0.2769592434875007
VUKSOL_clean,5.74617,4.59937,5.73998,1.07923,2058.01,1906.93,0.0,0.0,0.6268,0.580787,0.0,1,0.00398957,0.371122308,0.3783134633412506
VUKTAY_clean,5.60355,4.27431,5.58989,1.40562,1023.78,728.344,0.0374766,0.026662,0.486,0.345754,0.0,1,0.004710739,0.410553162,0.4277485567362501
VUKTEC_clean,5.61851,4.19073,5.60379,1.41892,799.153,563.212,172.003,121.221,0.487,0.343219,0.0,1,0.004696702,0.415626047,0.42480903388125024
VUKTIG_clean,5.58633,4.32231,5.37322,1.41396,1054.33,745.662,0.0,0.0,0.4904,0.346829,0.0,1,0.004496489,0.395076513,0.42498798847625013
VUKTOM_clean,6.2708,4.86549,6.2708,1.34321,1213.42,903.374,0.0,0.0,0.5134,0.38222,0.0,1,0.00450565,0.398793859,0.4308943092012498
VUKTUS_clean,6.57621,5.30461,6.57621,1.34132,1253.69,934.67,0.0,0.0,0.5342,0.398265,0.0,1,0.004477628,0.395710052,0.4291802033825
VULFIT_clean,4.52056,3.43974,4.50577,1.5127,759.724,502.229,0.0,0.0,0.4534,0.299728,0.0,1,0.009352871,0.714969036,0.7553311429412516
VULFOZ_clean,4.55829,3.35861,4.51523,1.52274,694.033,455.778,0.0,0.0,0.4522,0.296964,0.0,1,0.008864595,0.691389299,0.7027582385799989
VULKIX_clean,5.85201,4.46067,5.83515,1.35895,1067.23,785.338,21.156,15.5679,0.497,0.365724,0.0,1,0.003580306,0.342660739,0.327849657656249
VULKOD_clean,5.01507,3.95686,5.01507,1.39517,753.359,539.978,0.0,0.0,0.4446,0.318672,0.0,1,0.005340999,0.453301199,0.45602443608749915
VUMBIQ_clean,4.87594,3.54867,4.87222,1.55224,358.688,231.077,25.2971,16.2971,0.4518,0.291063,0.0,1,0.003520749,0.317434397,0.3227503621349976
VUMCEM_clean,5.05124,3.61434,5.04105,1.01673,972.711,956.701,0.0,0.0,0.5318,0.523047,0.0,0,0.012073055,0.925917097,0.94315542780625
VUMYUZ_clean,8.61002,3.76636,8.58351,1.65942,1147.35,691.414,0.0,0.0,0.5252,0.316496,0.0,1,0.001014988,0.108231323,0.09930753910500055
VUNCAJ_clean,3.5791,2.77239,3.5791,1.58584,0.0,0.0,60.7481,38.3065,0.4,0.252232,0.0,1,0.000301692,0.029605748,0.029158651560000092
VUNCEM01_clean,2.89542,2.50942,2.89542,2.5863,0.0,0.0,0.0,0.0,0.3996,0.154507,0.0,1,0.0,7.48e-05,7.585293749999966e-05
VUNHAN_clean,4.18676,2.43398,4.15953,1.37175,0.0,0.0,216.01,157.471,0.3612,0.263314,0.0,1,0.002210934,0.20021331,0.21208051038875123
VUNHAO_clean,8.87764,7.99015,8.87736,0.6011,2717.65,4521.13,0.0,0.0,0.7556,1.25703,0.0,1,0.002574722,0.241634638,0.2561293990337511
VUNNEZ_clean,5.49362,5.42758,5.49362,1.41847,1291.95,910.806,0.0,0.0,0.5748,0.405224,0.0,1,0.001341655,0.137801908,0.13155833349250037
VUNXUY_clean,6.27462,2.74494,6.27462,1.7747,0.0,0.0,909.399,512.424,0.4948,0.278808,0.0,1,0.005046216,0.400785138,0.43076958327500214
VUNYUZ_clean,6.44721,2.6928,6.44721,1.72857,0.0,0.0,940.816,544.274,0.5046,0.291917,0.0,1,0.007379856,0.54093682,0.5946711890299988
VUPDOB_clean,3.53985,2.56365,3.51428,1.88324,0.0,0.0,58.8428,31.2455,0.3368,0.17884,0.0,1,0.000251551,0.023777791,0.024373452638749963
VUPFET_clean,3.47606,2.47009,3.41989,1.99911,0.0,0.0,23.3072,11.6588,0.3314,0.165774,0.0,1,0.000185921,0.019643328,0.017809053541249932
VUQJUN01_clean,11.32844,10.26466,11.32844,0.790589,1731.69,2190.38,0.0,0.0,0.6654,0.841651,0.0,1,0.005544507,0.521974232,0.5165522647674987
VUQJUN_clean,11.32335,10.23371,11.32335,0.790589,1727.96,2185.66,0.0,0.0,0.6652,0.841398,0.0,1,0.00555333,0.518072607,0.5157959605062489
VUQKAU01_clean,4.81422,4.24964,4.81422,1.04625,1425.24,1362.23,0.0,0.0,0.5584,0.533714,0.0,1,0.006387222,0.57246105,0.571623866281248
VUQKAU02_clean,4.89363,4.31451,4.87033,1.033,1471.86,1424.84,0.0,0.0,0.5576,0.539787,0.0,1,0.006438985,0.574421764,0.5819351965574979
VUQKAU_clean,5.04139,4.46098,5.03992,1.00728,1566.78,1555.46,0.0,0.0,0.5754,0.571243,0.0,1,0.006151936,0.575627995,0.5642980098387484
VUQKOI_clean,6.97233,5.60829,6.97233,1.35846,1074.25,790.79,0.0,0.0,0.5344,0.393388,0.0,1,0.00133517,0.134532477,0.1303057156950008
VUQKUO_clean,5.38168,3.9328,5.38168,1.30466,913.527,700.204,0.0,0.0,0.5054,0.387381,0.0,0,0.00208458,0.208152941,0.2033311530912503
VURLIF_clean,5.59171,4.33137,5.56182,0.953551,2657.55,2787.0,0.0,0.0,0.6734,0.706202,0.0,0,0.006743552,0.629570957,0.6081626728824974
VURYIR_clean,4.29138,3.47068,4.23523,1.58197,597.238,377.529,0.0,0.0,0.4322,0.273204,0.0,1,0.001143972,0.111576544,0.10901501540250014
VURYOX_clean,6.57096,5.95893,6.55565,1.3407,1084.43,808.849,0.0,0.0,0.5052,0.376817,0.0,1,0.001195769,0.114321147,0.12310998669750076
VUSKAW_clean,14.98828,7.97019,14.98828,0.594675,2204.82,3707.61,0.0,0.0,0.8008,1.34662,0.0,0,0.002577177,0.25312344,0.2552175058637499
VUSKEA_clean,14.99758,7.99679,14.99758,0.594675,2192.84,3687.46,0.0,0.0,0.8014,1.34763,0.0,0,0.002382367,0.257660895,0.22289296869374972
VUTVAJ_clean,4.43562,3.3386,4.43562,1.59743,811.925,508.268,0.0,0.0,0.548,0.34305,0.0,0,0.002580494,0.243634299,0.24064949576875072
VUVZAP_clean,4.71954,3.57694,4.71245,1.57661,1081.4,685.901,0.0,0.0,0.5506,0.349231,0.0,0,0.007124466,0.600979558,0.6185620216350035
VUWPIN_clean,7.9996,2.66444,7.9996,2.34782,0.0,0.0,1226.9,522.568,0.581,0.247463,0.0,1,0.000419661,0.042584597,0.04194720375000007
VUWRUC_clean,8.86215,6.25992,8.83975,1.16678,1520.16,1302.87,0.0,0.0,0.593,0.508237,0.0,0,0.004025713,0.383217007,0.3955816735862492
VUWSAJ_clean,5.66843,4.07448,5.66811,1.11008,1893.61,1705.84,0.0,0.0,0.6012,0.541584,0.0,1,0.00480818,0.444942371,0.4353056207362505
VUZNOV_clean,7.56763,5.28078,7.56763,0.714751,2308.57,3229.9,0.0,0.0,0.6884,0.963133,0.0,0,0.004944012,0.481910689,0.4591917352537479
VUZVER_clean,3.5815,2.46216,3.5815,2.95251,0.0,0.0,79.5013,26.9267,0.3086,0.104521,0.0,1,0.002264174,0.217318048,0.21718106527375042
WABTOK_clean,4.92775,3.91462,4.90973,1.78273,1357.93,761.713,0.0,0.0,0.5942,0.333308,0.0,1,0.001149324,0.113401438,0.10955015705750036
WABVIF01_clean,5.89002,4.16855,5.8002,1.2275,2042.76,1664.17,0.0,0.0,0.6358,0.517965,0.0,1,0.002115237,0.212766495,0.20843515106125085
WABVIF02_clean,5.85197,4.01773,5.50246,1.2803,1937.61,1513.4,0.0,0.0,0.6248,0.488009,0.0,1,0.002312433,0.227585924,0.22071714933000008
WABVIF03_clean,5.80274,3.92866,4.7438,1.30723,1855.76,1419.61,0.0,0.0,0.6136,0.46939,0.0,1,0.002347899,0.233974197,0.21955858904500025
WABVIF04_clean,5.9528,4.29679,5.9528,1.18253,2130.19,1801.39,0.0,0.0,0.6496,0.549332,0.0,1,0.002025861,0.199676424,0.19654129432625075
WABVIF_clean,5.93486,4.28251,5.93486,1.19094,2095.13,1759.22,0.0,0.0,0.6604,0.55452,0.0,1,0.002106725,0.20244425,0.2083527650487507
WABVOL_clean,5.64639,3.6405,5.64639,1.49122,938.691,629.478,0.0,0.0,0.4216,0.282721,0.0,1,0.001347332,0.128960289,0.12637883926625068
WABVUR_clean,9.47863,4.42976,9.47863,1.26842,1786.23,1408.23,0.0,0.0,0.615,0.484855,0.0,1,0.001634619,0.167095907,0.16079910611375048
WABWAY_clean,9.49902,4.44037,9.49902,1.29862,1698.78,1308.14,0.0,0.0,0.5936,0.457099,0.0,1,0.001527317,0.151527495,0.15325124504874996
WABWEC_clean,9.48082,4.42797,9.48082,1.193,1861.05,1559.97,0.0,0.0,0.6462,0.54166,0.0,1,0.001432857,0.145161181,0.1398815499550006
WACKOB_clean,3.97749,2.60036,3.97749,2.39734,0.0,0.0,327.36,136.551,0.4648,0.193881,0.0,0,0.001902255,0.186985734,0.17938315162499932
WACLEU_clean,6.11102,5.03298,6.08461,1.15501,1387.0,1200.86,0.0,0.0,0.5472,0.473763,0.0,1,0.005282625,0.481831463,0.47019479466500036
WAFKAQ_clean,8.03491,5.51639,8.03491,0.911443,2137.62,2345.31,0.0,0.0,0.6604,0.724566,0.0,1,0.005152065,0.503583635,0.4768270611875002
WAGLEY_clean,4.62509,2.98811,4.6134,1.53928,0.0,0.0,443.935,288.404,0.416,0.270256,0.0,1,0.006942463,0.488700889,0.5334758519575007
WAGZEL_clean,4.14636,3.37607,4.11992,1.78729,339.41,189.902,0.0,0.0,0.3982,0.222795,0.0,1,0.002163101,0.21068374,0.20271388642375063
WAHFUJ01_clean,4.91116,3.78472,4.77837,1.29423,994.219,768.194,0.0,0.0,0.4692,0.362532,0.0,1,0.003068979,0.299893557,0.28742935989500024
WAHGIY_clean,5.33673,4.40357,5.33673,1.28737,815.264,633.278,0.0,0.0,0.4692,0.364464,0.0,1,0.004957093,0.416426022,0.4457629280012514
WAHKUO_clean,16.20891,7.16155,16.20891,0.580972,2068.66,3560.7,0.0,0.0,0.759,1.30643,0.0,1,0.003895771,0.382960047,0.38149947709999943
WAHMEY01_clean_h,4.18023,2.43289,4.18023,2.50709,0.0,0.0,28.4447,11.3457,0.3594,0.143354,0.0,1,0.000325321,0.033497155,0.0313932728962502
WAHMEY_clean,4.12775,3.15219,4.12775,2.54055,0.0,0.0,48.983,19.2804,0.363,0.142882,0.0,1,0.000580604,0.055262772,0.0593685769562495
WAHNEB_clean,15.95836,6.79866,15.95836,0.49512,2275.95,4596.76,0.0,0.0,0.781,1.57739,0.0,1,0.00410949,0.408395381,0.40811244469249763
WAHNIF_clean,16.02728,6.94786,16.02728,0.608079,2054.1,3378.01,0.0,0.0,0.7564,1.24392,0.0,1,0.003892033,0.383669504,0.3805253792787495
WAHNOL_clean,16.15521,7.17077,16.15521,0.498613,2156.59,4325.17,0.0,0.0,0.7774,1.55913,0.0,1,0.004061349,0.414325476,0.40869670700374733
WAHREE_clean,4.96921,2.85009,4.89676,1.60709,0.0,0.0,182.972,113.853,0.387,0.240807,0.0,0,0.006920314,0.375930707,0.53297881205875
WAJHOG_clean,6.41579,6.06601,6.40923,1.24433,1319.37,1060.3,0.0,0.0,0.541,0.434771,0.0,1,0.004457913,0.418007606,0.42922555411625096
WAKSOT_clean,4.18372,2.65982,3.36914,1.84577,0.0,0.0,70.5421,38.2182,0.4142,0.224405,0.0,1,0.001900015,0.160633683,0.17961944125999943
WALBOC01_clean,4.21583,2.9953,4.21411,1.6978,0.0,0.0,444.223,261.646,0.4834,0.284721,0.0,1,0.00824897,0.655840895,0.6470568575112468
WALBOC02_clean,4.1969,2.99285,4.17717,1.70087,0.0,0.0,434.875,255.677,0.483,0.283972,0.0,1,0.008223716,0.636652525,0.6455090383962468
WALBOC_clean,4.17363,2.9644,4.17363,1.70332,0.0,0.0,386.73,227.045,0.4808,0.282272,0.0,1,0.007675348,0.610499521,0.6096419124612451
WALCET_clean,4.22225,3.07523,4.21512,1.69225,0.0,0.0,486.311,287.376,0.486,0.287192,0.0,1,0.008769378,0.699795114,0.6644438208974982
WALKAY_clean,4.73309,3.92758,4.72517,1.16625,391.638,335.809,365.08,313.037,0.5,0.428724,0.0,1,0.00829717,0.647837142,0.6792888109524976
WALMOO_clean,4.4009,3.32444,4.4009,1.70226,904.479,531.34,0.0,0.0,0.4914,0.288675,0.0,1,0.004904524,0.425114938,0.4334385329887504
WAMREJ_clean,15.93828,10.49353,15.93828,0.575196,2135.23,3712.18,0.0,0.0,0.7842,1.36336,0.0,1,0.004194914,0.40112179,0.41130540511374764
WAMRIN01_clean,7.20791,6.51318,7.17561,0.94264,1559.88,1654.8,0.0,0.0,0.5968,0.633115,0.0,1,0.006990342,0.658625393,0.6142488461750014
WAMRIN_clean,7.37329,5.74338,7.35934,0.949012,1570.93,1655.33,0.0,0.0,0.5942,0.626125,0.0,1,0.007066723,0.671689494,0.6277341594300018
WANBOE_clean,8.09931,5.5083,8.077,3.37544,1357.32,402.116,0.0,0.0,0.5218,0.154587,0.0,1,0.000320744,0.029694141,0.031687958871250296
WANHIF_clean,11.32631,6.15412,11.32631,0.742906,2435.38,3278.19,0.0,0.0,0.7266,0.978051,0.0,1,0.00516158,0.49799917,0.48269069808874865
WANJIF_clean,4.50079,3.43707,4.48085,1.30508,566.366,433.969,0.0,0.0,0.4924,0.377294,0.0,1,0.007783322,0.645887063,0.6447446443387475
WANRIM01_clean,4.97627,2.70399,4.97627,1.83252,0.0,0.0,785.39,428.585,0.4586,0.250257,0.0,0,0.005151476,0.420250557,0.4229009555412513
WANRIM_clean,5.01244,2.74566,5.01244,1.82496,0.0,0.0,771.65,422.831,0.4576,0.250745,0.0,0,0.004935763,0.418241266,0.413308961232502
WAQFAX_clean,9.30669,8.11233,9.29943,0.819886,2162.64,2637.74,0.0,0.0,0.722,0.880611,0.0,1,0.003128987,0.316106992,0.3074304207187511
WAQFIG_clean,8.54706,6.43178,8.54706,0.665022,2729.5,4104.38,0.0,0.0,0.7646,1.14974,0.0,1,0.004048671,0.402141277,0.4064202955437478
WAQKUX_clean,11.77413,6.99458,11.77413,0.695804,2361.16,3393.43,0.0,0.0,0.7362,1.05806,0.0,1,0.004223064,0.426890538,0.41009683426749816
WAQQUB_clean,3.69238,2.56387,3.69129,1.85312,0.0,0.0,26.663,14.3882,0.307,0.165667,0.0,0,0.00275719,0.249146226,0.2437823307249997
WAQTEQ_clean,11.92108,6.99954,11.92108,0.79488,2039.53,2565.84,0.0,0.0,0.7422,0.933726,0.0,1,0.003062772,0.304415979,0.30266209310875
WARFAZ_clean,6.17335,5.62341,6.16091,1.2809,1123.23,876.911,0.0,0.0,0.4772,0.372552,0.0,1,0.001988573,0.179450531,0.18992495555375022
WARJAC_clean,6.27516,5.38886,5.82916,1.20156,1848.31,1538.27,0.0,0.0,0.6418,0.534141,0.0,1,0.001927573,0.196369558,0.18805415530624964
WASMIP01_clean,4.84058,3.07444,4.83456,1.33476,0.0,0.0,542.784,406.653,0.4598,0.344482,0.0,0,0.002679851,0.239393202,0.2432992665687498
WASMIP_clean,4.77553,2.93835,4.77368,1.34832,0.0,0.0,547.875,406.339,0.4528,0.335825,0.0,0,0.002935562,0.261759388,0.27171617306499923
WASMUB_clean,8.9,7.73975,8.81765,1.24649,1402.71,1125.33,0.0,0.0,0.5316,0.426479,0.0,0,0.020327188,1.245828759,1.455480308862504
WASNIO_clean,3.98841,3.39668,3.98841,1.31578,342.638,260.406,0.0,0.0,0.4552,0.345954,0.0,1,0.003281403,0.295532241,0.31686688331749996
WASNOU_clean,4.83353,3.26666,4.7875,1.16461,0.0,0.0,661.971,568.406,0.5118,0.439461,0.0,1,0.002506379,0.233801701,0.23915369617750062
WASPAK_clean,8.92408,8.10678,8.90273,0.931064,1602.41,1721.06,0.0,0.0,0.6094,0.65452,0.0,0,0.004835884,0.454083961,0.43659138665749864
WASQEP_clean,10.60263,4.61939,9.00037,0.666978,2426.86,3638.59,0.0,0.0,0.7138,1.0702,0.0,0,0.004970107,0.502728529,0.4619285625262483
WASTUG_clean,10.4656,7.25807,10.12341,1.59439,2004.76,1257.39,0.0,0.0,0.6606,0.414328,0.0,1,0.000686682,0.064454354,0.07102738524375002
WASVES_clean,7.24568,4.22882,6.95314,2.14337,1730.17,807.218,0.0,0.0,0.582,0.271535,0.0,1,0.000473236,0.047226645,0.04632721477749993
WATPIT_clean,4.3307,2.74492,4.3307,1.49405,0.0,0.0,218.173,146.028,0.4794,0.320873,0.0,1,0.000561843,0.05693047,0.06055867456749974
WAVQAN_clean,4.79566,3.75004,4.7947,1.6227,1326.67,817.573,0.0,0.0,0.5394,0.332409,0.0,1,0.006790131,0.602104394,0.5836973683899983
WAVQER_clean,4.81498,3.73544,4.8133,1.62849,1353.34,831.04,0.0,0.0,0.533,0.327297,0.000122813,1,0.006532435,0.591186649,0.5784258858224977
WAVQOB_clean,10.26547,8.18203,10.23692,0.66377,1981.42,2985.1,0.0,0.0,0.7732,1.16486,0.0,1,0.002404228,0.239636994,0.22789429790250026
WAVQUF_clean,3.93029,2.94661,3.92829,2.05048,0.0,0.0,299.639,146.131,0.4528,0.220826,0.0,1,0.002826878,0.271226901,0.27104128943374933
WAVQUH_clean,7.91312,4.47781,7.90396,1.01651,1145.58,1126.98,498.965,490.863,0.6102,0.600292,0.0,0,0.004650962,0.440838274,0.43888459684999953
WAVRAO_clean,15.02274,4.23694,15.02053,0.819731,1973.4,2407.37,0.0,0.0,0.6752,0.823685,0.0,1,0.005835221,0.543980878,0.5418354450537466
WAVREQ_clean,4.17912,2.45858,4.17133,1.75575,0.0,0.0,496.048,282.527,0.5008,0.285234,0.0,1,0.003490592,0.324909131,0.3208382225412473
WAVROC_clean,18.88525,7.91531,18.88525,0.52911,1993.81,3768.23,0.0,0.0,0.7926,1.49799,0.0,1,0.003270859,0.330470053,0.32019539462500113
WAVWEW_clean,3.40999,3.18523,3.4023,2.19947,0.0,0.0,18.6119,8.462,0.3798,0.172678,0.0,1,0.002531109,0.238764167,0.23778599926625035
WAWGOQ_clean,10.46531,7.24737,10.06993,0.692819,2068.45,2985.55,0.0,0.0,0.7192,1.03808,0.0,1,0.004042646,0.393427422,0.4063715987549972
WAXHUB_clean,4.73239,2.50968,4.72574,1.42441,0.0,0.0,566.818,397.932,0.5258,0.369135,0.0,0,0.002407708,0.2348204,0.22679380138750005
WAXJAJ01_clean,3.90535,2.64175,3.90402,1.45274,0.0,0.0,348.293,239.749,0.4952,0.340873,0.0,0,0.001068669,0.102120716,0.10377940633749975
WAXJAJ_clean,4.1185,2.74143,4.10687,1.42611,0.0,0.0,451.894,316.873,0.5064,0.355093,0.0,0,0.001311314,0.134927655,0.12508519475499935
WAYKAK_clean,8.40665,6.61758,8.40665,1.07627,1621.77,1506.84,0.0,0.0,0.6056,0.562685,0.0,0,0.004579133,0.42064026,0.4417235889500002
WAYMAM_clean,7.05522,6.73992,7.05522,1.02658,1675.75,1632.35,0.0,0.0,0.6178,0.601802,0.0,0,0.002710795,0.270853794,0.2696197712812492
WAYMEQ_SL,6.99879,6.49457,6.99879,0.979768,1578.78,1611.38,0.0,0.0,0.5878,0.599938,0.0,0,0.004338774,0.423539976,0.43139982843375035
WAYMIU_manual,7.34688,6.90533,7.3455,0.98047,1670.06,1703.32,0.0,0.0,0.606,0.618071,0.0,0,0.004685155,0.438398323,0.44210944399874885
WAYMOA_manual,7.07433,6.89369,7.07243,0.955162,1592.82,1667.59,0.0,0.0,0.6076,0.636122,0.0,0,0.004114527,0.395707355,0.40039881271749883
WAZCUX_clean,5.1953,4.60615,5.12813,1.85198,863.616,466.321,0.0,0.0,0.4452,0.240392,0.0,1,0.003200228,0.285828365,0.2960106645575005
WAZQUL_clean,5.77464,3.29694,5.7582,1.14799,0.0,0.0,1190.98,1037.45,0.506,0.440771,0.0,1,0.002607058,0.259343233,0.23996054396125152
WEBJOE_clean,19.11149,16.87545,19.11149,0.689845,2240.23,3247.44,0.0,0.0,0.788,1.14229,0.0,1,0.004558972,0.430849435,0.42729806688124855
WEBKOD_clean,6.32569,5.26533,6.09075,1.27587,1622.74,1271.87,0.0,0.0,0.5952,0.466504,0.0,1,0.004027111,0.371331015,0.3927055917225002
WEBQIF_clean,4.79322,3.22241,3.96216,1.97924,0.0,0.0,535.032,270.321,0.4858,0.245447,0.0,0,0.003212669,0.292003667,0.3005004924575003
WEBQOL_clean,4.60293,2.45531,4.60293,1.96361,0.0,0.0,602.436,306.801,0.487,0.248013,0.0,0,0.003827529,0.342515071,0.33059432095374824
WEBREC_clean,5.39661,3.78553,5.39661,1.22212,951.616,778.662,0.0,0.0,0.476,0.389488,0.0,1,0.007705424,0.631618811,0.6528275668549983
WEBROK01_clean,3.7351,2.79895,3.73245,2.71594,0.0,0.0,103.101,37.9616,0.3628,0.133582,0.0,0,0.03083897,1.115595865,1.1693757009687478
WEBROK_clean,3.73489,2.81905,3.73269,2.7221,0.0,0.0,112.393,41.2892,0.352,0.129312,0.0,0,0.030798224,1.124585507,1.1592724902737488
WECBAJ_clean,4.17403,3.2613,3.775,1.85127,0.0,0.0,205.938,111.242,0.392,0.211747,0.0,0,0.001653827,0.150051028,0.1521649823849997
WECBEN_clean,6.503,4.33861,6.44488,0.992115,3119.1,3143.89,0.0,0.0,0.6996,0.70516,0.0,0,0.002819988,0.281903791,0.2868000539062502
WECBOX_clean,4.70975,3.71197,4.69989,1.52733,833.701,545.856,0.0,0.0,0.5236,0.342821,0.0,0,0.003933204,0.368564183,0.3566159919612485
WECFAN01_clean,4.19243,3.69787,4.18729,1.32337,513.248,387.834,0.0,0.0,0.4454,0.336565,0.0,1,0.002916565,0.257642745,0.27274259253000005
WECFAN_clean,5.13884,4.48422,5.13105,1.20369,945.898,785.834,0.0,0.0,0.4976,0.413397,0.0,1,0.00272818,0.253732052,0.25061452231875053
WECJIZ_clean,5.92737,4.9743,5.92737,1.01088,914.95,905.103,64.8197,64.122,0.5454,0.53953,0.0,1,0.00385543,0.345973389,0.35484593915375046
WECSAZ01_clean,4.7957,2.85788,4.79106,1.59139,0.0,0.0,683.333,429.393,0.502,0.315447,0.0,1,0.005707133,0.468867495,0.46888247919500015
WECSAZ_clean,4.83213,2.69723,4.83213,1.58691,0.0,0.0,659.055,415.308,0.4996,0.314826,0.0,1,0.005220492,0.440406832,0.4304516641775017
WEDQED_clean,5.20127,4.18257,5.20127,1.3,804.684,618.987,0.0,0.0,0.4758,0.365999,0.0,1,0.005924418,0.476862266,0.5116313607724993
WEDWUZ_clean,4.57342,3.19079,4.56913,2.27819,0.0,0.0,216.06,94.8384,0.4134,0.18146,0.0,1,0.000862354,0.076514129,0.08524112465124974
WEDXAG_clean,4.61914,3.16246,4.58392,2.29961,0.0,0.0,212.987,92.619,0.4046,0.175943,0.0,1,0.000878471,0.079589457,0.08512602180874974
WEDXEK_clean,4.63449,3.13874,4.62939,2.32723,0.0,0.0,212.845,91.4585,0.4094,0.175917,0.0,1,0.000923306,0.079663736,0.08724206127624991
WEFCAN_clean,5.5219,5.04903,5.5219,0.826455,2177.69,2634.97,0.0,0.0,0.6214,0.751886,0.0,0,0.007334836,0.650171311,0.6647770981037511
WEFDIW_clean,3.31978,2.40119,3.29096,2.23592,0.0,0.0,0.0,0.0,0.3096,0.138467,0.0,0,0.000169878,0.016880549,0.01736495696375004
WEFXEM_clean,6.73931,4.78997,6.67269,1.07497,1461.44,1359.51,0.0,0.0,0.5704,0.530617,0.0,0,0.004440303,0.423706891,0.4355455815812517
WEFZIS_clean,4.30666,3.54798,4.30607,2.06143,662.208,321.237,0.0,0.0,0.4722,0.229064,0.0,1,0.003564036,0.324266526,0.32255370793749777
WEGFUL_clean,4.85962,3.90561,4.85655,1.68872,896.439,530.839,0.0,0.0,0.4452,0.263631,0.0,0,0.004999668,0.438187116,0.44500951635249936
WEGGAS_clean,4.84334,3.88578,4.83342,1.72479,895.132,518.979,0.0,0.0,0.4484,0.259973,0.0,0,0.005252345,0.430467422,0.44976292137999857
WEGJUP_clean,5.53814,3.14547,5.53814,1.23972,0.0,0.0,1129.22,910.864,0.614,0.495271,0.0,0,0.002563613,0.251299683,0.24313343184625066
WEGKIE_clean,11.12087,6.65331,11.08978,1.1494,1264.36,1100.02,490.634,426.862,0.6338,0.551419,0.0,1,0.00453561,0.432266177,0.4243420843875005
WEHHEY_clean,10.71326,6.70339,10.52268,0.819904,2131.67,2599.9,0.0,0.0,0.7068,0.862052,0.0,1,0.006730843,0.55851364,0.5956160006824992
WEHHIC_clean,10.89625,6.78698,10.2645,0.812812,2126.87,2616.68,0.0,0.0,0.7052,0.867605,0.0,1,0.007023575,0.562546172,0.6047555383424992
WEHHUO_clean,10.86494,6.69089,10.846,0.80874,2143.96,2650.98,0.0,0.0,0.7268,0.898682,0.0,1,0.006503827,0.557043011,0.5843924289649973
WEHJAW_clean,11.37189,6.87066,11.36953,0.813465,2137.05,2627.1,0.0,0.0,0.727,0.893708,0.0,1,0.00697628,0.571194709,0.5896284054387482
WEHJEA_clean,11.11094,5.77138,11.07598,0.73357,2315.41,3156.35,0.0,0.0,0.7568,1.03167,0.0,1,0.003741294,0.378636828,0.36710091453124993
WEHJIE_clean,11.03891,6.32706,11.01433,0.80868,2264.04,2799.67,0.0,0.0,0.7142,0.883167,0.0,1,0.005028715,0.468067283,0.4757041093337488
WEHJOK_clean,11.74533,5.64839,11.7384,0.778372,2312.59,2971.06,0.0,0.0,0.736,0.945563,0.0,1,0.003496127,0.355409084,0.34236794080375055
WEHJUQ_clean,11.40663,8.63285,11.3324,0.700785,2325.03,3317.76,0.0,0.0,0.7666,1.09392,0.0,1,0.003298547,0.322238319,0.3330218395462507
WEHNAA_SL_part,4.64443,3.02009,4.63827,1.44873,0.0,0.0,267.586,184.703,0.3832,0.264507,0.0,0,0.002788,0.249481322,0.2574731970437492
WEJSAH_clean,3.15106,2.52157,3.15106,1.61843,0.0,0.0,0.0,0.0,0.3874,0.239368,0.0,1,0.0,3.67e-06,7.24543912500001e-05
WEJWAL_clean,4.25232,2.63699,4.12124,1.47761,0.0,0.0,290.787,196.795,0.4426,0.299538,0.0,1,0.004076309,0.351848289,0.37828293463250207
WELTOX_clean,5.53916,3.2735,5.53916,1.92744,0.0,0.0,773.095,401.099,0.4648,0.241149,0.0,0,0.001472519,0.144920299,0.13625247633374993
WEMBUN_clean,4.83761,4.30379,4.83761,1.70777,2244.04,1314.02,0.0,0.0,0.608,0.356019,0.0,1,0.002392377,0.222729739,0.22044938806250058
WEMCAU_clean,4.83981,4.27369,4.83981,1.75476,2235.14,1273.76,0.0,0.0,0.5942,0.338622,0.0,1,0.003173724,0.308246452,0.29746733979625
WEMCEY_clean,5.09454,3.5623,5.09454,2.38239,649.886,272.788,0.0,0.0,0.4074,0.171005,0.0,1,0.001764925,0.149885986,0.1620263774224999
WEMCIC_clean,5.03643,3.47331,4.82197,2.42633,623.511,256.977,0.0,0.0,0.4032,0.166177,0.0,1,0.001800499,0.159273713,0.1663579265812495
WEMCOI_clean,5.04735,3.46352,5.0193,2.47686,626.37,252.888,0.0,0.0,0.3988,0.16101,0.0,1,0.001740868,0.156428871,0.16127029005875002
WEMCUO_clean,4.97873,3.46394,4.79411,2.52518,613.235,242.848,0.0,0.0,0.3982,0.157692,0.0,1,0.001873009,0.160004545,0.17022108638999928
WEMDAV_clean,5.02432,3.48688,5.02432,2.56501,609.55,237.64,0.0,0.0,0.3952,0.154074,0.0,1,0.001876552,0.158870691,0.1700636394887494
WEMDID_clean,5.01302,4.40435,5.01302,1.50314,2329.65,1549.85,0.0,0.0,0.6306,0.419521,0.0,0,0.002146598,0.210962122,0.20967210630000158
WEMDOJ_clean,4.95352,4.39275,4.95352,1.55656,2295.37,1474.65,0.0,0.0,0.629,0.404097,0.0,0,0.002111956,0.212577072,0.20879365753750165
WEMDUP_clean,4.9238,4.37132,4.9238,1.57984,2315.52,1465.67,0.0,0.0,0.6202,0.392572,0.0,0,0.002311974,0.215041825,0.2181977274562503
WEMFAX_clean,4.90097,4.37647,4.90097,1.61335,2291.08,1420.07,0.0,0.0,0.6242,0.386896,0.0,1,0.002172503,0.214331859,0.21176257579250157
WEMFEB_clean,4.87971,4.37038,4.87971,1.63348,2285.5,1399.16,0.0,0.0,0.604,0.369763,0.0,1,0.002338563,0.21926519,0.2180383987312506
WEMFIF_clean,4.85948,4.34946,4.85948,1.66666,2253.59,1352.15,0.0,0.0,0.5992,0.35952,0.0,1,0.002178488,0.220088792,0.20929483272875127
WEMFOL_clean,4.8612,4.33226,4.8612,1.68559,2254.63,1337.59,0.0,0.0,0.5966,0.353942,0.0,1,0.002408716,0.221213571,0.22212135707250044
WEMHED_clean,4.38076,2.86814,4.38076,1.34031,0.0,0.0,371.405,277.105,0.4542,0.338878,0.0,0,0.004661844,0.381821916,0.4066312852675025
WEMNAF_clean,4.6267,3.86158,4.59914,1.41831,894.104,630.401,0.0,0.0,0.4764,0.335893,0.0,0,0.006071155,0.516416519,0.5358451634399999
WEMNEJ_clean,3.9276,2.75964,3.88943,1.53771,0.0,0.0,147.862,96.1573,0.4528,0.294463,0.0,1,5.3e-05,0.004097687,0.004969900316250021
WEMYEU_clean,5.35582,4.09471,5.05089,1.10499,1072.18,970.31,64.9646,58.7922,0.5256,0.475662,0.0,1,0.004236639,0.387696576,0.3829807052512506
WENDIE_clean,4.91533,3.83478,4.91533,1.40969,980.417,695.487,0.0,0.0,0.4986,0.353696,0.0,1,0.011375872,0.871095393,0.8265981039262535
WENKEH_clean,7.34891,5.7859,7.21721,1.50223,520.443,346.446,27.0727,18.0216,0.4484,0.298489,0.0,1,0.001448289,0.137993092,0.13542076326750105
WENKIL_manual,7.47105,5.83636,7.39991,1.52317,599.735,393.742,39.1487,25.7022,0.4536,0.297801,0.0,1,0.002043614,0.18850612,0.18687863590249998
WENKOR_clean,7.34523,5.77431,7.33779,1.55847,525.754,337.351,34.2975,22.0071,0.4426,0.283996,0.0,1,0.001532659,0.151707275,0.14680525051000026
WENKUX_manual,7.45595,5.7787,7.37267,1.54828,597.632,385.997,35.4694,22.9089,0.4528,0.292453,0.0,1,0.002037668,0.188860459,0.1867611325687499
WENLAE_manual,7.43383,5.78969,7.30816,1.58521,593.074,374.131,15.956,10.0656,0.4384,0.276557,0.0,1,0.001748855,0.165949308,0.1645876253512502
WENLEI_clean,7.45284,5.80961,7.45284,1.59702,595.668,372.986,17.5491,10.9886,0.4418,0.276639,0.0,1,0.001799278,0.170224178,0.16754316374874975
WERHIK_clean,5.75389,3.54583,5.75389,1.67143,1139.75,681.902,0.0,0.0,0.4974,0.297589,0.0,0,0.00432283,0.376185692,0.4116848076112492
WERKUZ_clean,3.65332,2.97956,3.64317,1.78295,0.0,0.0,42.054,23.5868,0.3354,0.188115,0.0,1,0.000269609,0.027258826,0.02545509878750003
WESNIS_clean,4.00866,2.60918,4.00866,1.39757,0.0,0.0,110.381,78.9806,0.4484,0.320844,0.0,0,0.000176024,0.017380304,0.017027938219999934
WESYAV_clean,4.87361,4.61034,4.87361,1.39877,1201.03,858.632,0.0,0.0,0.5228,0.373756,0.0,0,0.008230424,0.665386967,0.6974755388574964
WEVQIX_clean,8.30134,7.08669,8.30134,1.3689,1061.52,775.455,0.0,0.0,0.5704,0.416684,0.0,1,0.000741176,0.075573054,0.07236774495749992
WEVQOD01_clean,8.03523,6.79991,8.03523,1.55221,1025.68,660.788,0.0,0.0,0.5644,0.363612,0.0,1,0.000669519,0.064413545,0.07068474049250008
WEVQOD_clean,8.33119,7.13692,8.33119,1.51454,1062.97,701.84,0.0665577,0.0439457,0.5726,0.378068,0.0,1,0.000667914,0.064228905,0.07068210437500003
WEVQUJ_clean,8.44067,7.27418,8.44067,1.48575,1083.43,729.214,0.77233,0.519826,0.5778,0.388896,0.0,1,0.000660452,0.06397159,0.06887182361
WEVRUK_clean,8.57681,7.4662,8.57681,1.43976,1130.1,784.921,4.16739,2.8945,0.5708,0.396454,0.0,1,0.000685175,0.063266689,0.07101468178749988
WEWGAH_clean,3.68933,2.55363,3.68933,2.01091,0.0,0.0,67.9894,33.8102,0.3896,0.193743,0.0,1,0.001477338,0.130508807,0.13740446928749986
WEXNIW_clean,3.58079,2.65405,3.57754,2.13725,0.0,0.0,34.7958,16.2807,0.4456,0.208493,0.0,1,0.000278761,0.028190501,0.026676426958749822
WEXQOF01_clean,4.92443,2.70614,4.92443,1.70669,0.0,0.0,789.136,462.378,0.5118,0.299878,0.0,1,0.003331012,0.293624331,0.3128953782287483
WEXTAV_clean,4.98825,4.19272,4.98346,1.40649,999.163,710.396,0.0,0.0,0.5104,0.36289,0.0,1,0.002423251,0.219553481,0.22644148396374997
WEYMIY_clean,4.73547,2.66625,4.73547,1.65215,0.0,0.0,483.562,292.687,0.4506,0.272736,0.0,1,0.00089555,0.092036037,0.08660417220999982
WEYQAU01_clean,4.51961,3.60555,4.51961,1.13786,1565.68,1375.99,0.0,0.0,0.5718,0.502522,0.0,0,0.005495239,0.504289171,0.4973699852987471
WEYQAU02_clean,4.51815,3.68584,4.44811,1.14062,1514.82,1328.07,0.0,0.0,0.5714,0.500956,0.0,0,0.006791278,0.626697589,0.6138003425524997
WEYQAU03_clean,4.54995,3.78626,4.54995,1.12516,1590.17,1413.29,0.0,0.0,0.5782,0.513884,0.0,0,0.006759478,0.64330114,0.6139341684612494
WEYQAU04_clean,4.4842,3.61074,4.45602,1.15336,1507.95,1307.45,0.0,0.0,0.565,0.489873,0.0,0,0.006439491,0.619932149,0.5849216298499984
WEYQAU05_clean,4.49445,3.64175,4.49445,1.14735,1525.05,1329.2,0.0,0.0,0.568,0.495054,0.0,0,0.006620353,0.625948303,0.6125116109187497
WEYQAU06_clean,4.52093,3.69835,4.50827,1.13868,1559.53,1369.6,0.0,0.0,0.5718,0.502162,0.0,0,0.006811153,0.636426388,0.6138127302199995
WEYQAU07_clean,4.54619,3.75106,4.54619,1.13112,1575.56,1392.92,0.0,0.0,0.576,0.509231,0.0,0,0.00686084,0.644235264,0.6122113988349995
WEYQAU08_clean,4.54883,3.77222,4.52816,1.12759,1562.09,1385.34,0.0,0.0,0.5786,0.51313,0.0,0,0.006930402,0.643937139,0.608458424605
WEYQAU09_clean,4.54974,3.80687,4.54906,1.12252,1599.36,1424.8,0.0,0.0,0.5812,0.517765,0.0,0,0.006719728,0.640083382,0.614340682995
WEYQAU10_clean,4.56818,3.83214,4.56487,1.10391,1656.82,1500.86,0.0,0.0,0.5884,0.533013,0.0,0,0.005796843,0.518727995,0.5365470338624981
WEYQAU12_clean,4.40257,3.44728,4.36821,1.18614,1438.51,1212.76,0.0,0.0,0.5546,0.467566,0.0,1,0.006489178,0.604409797,0.5827636271274976
WEYQAU13_clean,4.35688,3.26851,4.35534,1.22608,0.0,0.0,1160.15,946.228,0.5386,0.439287,0.0,0,0.005803492,0.536506958,0.5104346391749996
WEYQAU14_clean,4.34152,3.1663,4.32699,1.25159,0.0,0.0,1005.89,803.691,0.5292,0.422821,0.0,0,0.005099918,0.497393015,0.44413201179375045
WEYQAU15_clean,4.32597,3.10138,4.30601,1.27062,0.0,0.0,907.277,714.044,0.5242,0.412556,0.0,0,0.004827631,0.457998834,0.41185473637750214
WEYQAU16_clean,4.03587,3.00077,4.00272,1.31029,0.0,0.0,651.573,497.276,0.5116,0.390449,0.0,0,0.003988907,0.374058881,0.3525407159924997
WEZCIO_clean,8.732,7.51715,8.732,1.34422,1127.95,839.11,0.0,0.0,0.5656,0.420764,0.0,1,0.000628154,0.068386901,0.06360665185375021
WIBSAD_clean,9.62612,6.21746,9.61657,0.927119,1704.27,1838.25,6.32101,6.81791,0.6464,0.697214,0.0,1,0.002135757,0.210584037,0.2073974473712502
WICGEV_clean,4.986,4.06891,4.90495,1.61194,943.479,585.307,0.0,0.0,0.463,0.287232,0.0,0,0.001754797,0.16326955,0.16678544223999958
WICQIJ_clean,4.1309,3.08082,4.10518,1.18312,0.0,0.0,322.859,272.889,0.4652,0.393199,0.0,1,0.003527325,0.316012879,0.32796972519749834
WICQOP_clean,4.01528,2.82313,4.01431,1.19444,0.0,0.0,113.672,95.1683,0.4668,0.390812,0.0,1,0.001289978,0.127360047,0.12380020864249949
WIDQEG_clean,7.60111,7.11755,7.60111,1.01218,1727.14,1706.35,0.0,0.0,0.63,0.622417,0.0,0,0.00394565,0.377664337,0.3784672242187493
WIDWOX_clean,6.98663,4.18313,6.97418,1.49157,1020.42,684.125,118.512,79.4544,0.5482,0.367533,0.0,1,0.001158798,0.113464634,0.10904607052250023
WIDZOA_clean,4.22629,3.17117,4.21904,1.43552,0.0,0.0,434.262,302.512,0.4404,0.306787,0.0,0,0.001414859,0.136155241,0.13236181491375035
WIDZUG_clean,5.41352,3.48109,5.41227,1.38051,840.521,608.85,0.0,0.0,0.4942,0.357985,0.0,0,0.00195649,0.183756388,0.18588026225749993
WIFBAQ_clean,6.13409,5.44238,6.13409,1.2726,1015.51,797.983,0.0,0.0,0.5042,0.396197,0.0,0,0.002961384,0.283830945,0.2781792196874988
WIFGOJ_clean,9.99348,2.45038,9.9559,1.99348,0.0,0.0,821.193,411.94,0.5078,0.254731,0.0,0,0.001320485,0.113095959,0.12485168120999952
WIHCUM_clean,3.39664,3.07125,3.39664,1.72029,0.0,0.0,2.43994,1.41833,0.2798,0.162647,0.0,0,5.52e-05,0.004383156,0.005306805956249981
WIHDUN_clean,4.94352,3.57815,4.9376,1.23221,1172.12,951.24,0.0,0.0,0.5416,0.439537,0.0,1,0.007440313,0.663892944,0.6562316042200012
WIHSEN_clean,3.93279,2.71684,3.89268,2.30776,0.0,0.0,193.207,83.7205,0.4172,0.180781,0.0,0,0.001654949,0.154655409,0.15227077261749955
WIHSUD_clean,3.98867,2.7966,3.95663,2.13719,0.0,0.0,230.099,107.664,0.4474,0.209341,0.0,0,0.001067493,0.106142711,0.10529667437000008
WIHTAK_clean,3.98984,2.78525,3.94663,2.12222,0.0,0.0,214.619,101.13,0.4188,0.19734,0.0,0,0.001042216,0.105267548,0.10494554336500019
WIHTEO_clean,4.01875,2.84869,4.01875,2.05184,0.0,0.0,233.23,113.669,0.4528,0.22068,0.0,0,0.001186813,0.113764611,0.11886516796249959
WIHTIS_clean,3.9617,2.78489,3.95919,1.72043,0.0,0.0,206.346,119.938,0.419,0.243544,0.0,0,0.001641644,0.159741398,0.15190245926374982
WIHVAL_clean,4.98172,4.06866,4.90588,1.61186,947.448,587.799,0.0,0.0,0.4852,0.301019,0.0,0,0.001724459,0.16132155,0.16460769609125037
WIHVEP_clean,4.98664,4.03769,4.97035,1.60991,948.127,588.931,0.0,0.0,0.473,0.293805,0.0,0,0.001730846,0.160965481,0.1663021580312497
WIHWAN_clean,9.73279,7.22908,9.72646,0.781161,2141.5,2741.43,0.0,0.0,0.7076,0.905831,0.0,0,0.00367168,0.355604863,0.3620358780100009
WIJDAV_clean,6.7427,5.50308,6.71088,1.44712,1338.51,924.951,0.0,0.0,0.528,0.364864,0.0,0,0.004276429,0.393663855,0.4048953126074997
WIJXEU_clean,10.21317,6.80397,9.6529,0.728441,2006.16,2754.05,0.0,0.0,0.7122,0.977705,0.0,1,0.003431862,0.346607652,0.3432370878849999
WIJXIY_clean,14.24395,11.55698,14.23198,0.475086,1730.44,3642.38,0.0,0.0,0.8226,1.73148,0.0,1,0.002577063,0.259241661,0.25894615332249965
WIKXAQ_clean,7.61954,3.92787,7.61954,0.877202,2692.33,3069.22,0.0,0.0,0.7338,0.836523,0.0,0,0.00177755,0.17248421,0.17829230493375026
WIKYAQ_clean,5.56765,4.22978,5.55876,1.17628,572.115,486.376,3.29466,2.80092,0.4396,0.373721,0.0,1,0.001177952,0.113731352,0.11703028932750062
WILDUR_clean,4.40563,4.06842,4.39346,1.59545,414.383,259.728,154.011,96.5316,0.4902,0.307249,0.0,1,0.006445511,0.511022448,0.5331579369425009
WILFAZ_clean,4.61767,3.60434,4.60806,1.63777,404.45,246.951,107.478,65.6246,0.4794,0.292715,0.0,1,0.005464019,0.46751632,0.4392403933399991
WILGII_clean,5.04706,4.025,5.04249,1.31109,1273.98,971.693,0.0,0.0,0.578,0.440854,0.0,1,0.003526669,0.337249801,0.3307213394949999
WILHIK_clean,4.65234,4.0796,4.6262,1.34338,777.291,578.609,0.382682,0.284865,0.4858,0.361625,0.0,0,0.008453933,0.68578495,0.703688255152497
WILNEL01_clean,4.81584,3.50149,4.81584,1.10493,799.46,723.542,0.0,0.0,0.5386,0.487453,0.0,0,0.005388615,0.519810089,0.4808501256962467
WILRAK_clean,6.14662,4.92634,6.07221,1.13056,2856.19,2526.36,0.0,0.0,0.7378,0.652598,0.0,1,0.001147151,0.113952693,0.1086162148775001
WILREO_clean,6.22413,4.97143,6.22113,1.10896,2859.64,2578.66,0.0,0.0,0.7412,0.668372,0.0,1,0.001142371,0.112889188,0.108904216975
WILRIS_clean,6.18287,5.26913,6.08331,1.06646,2702.71,2534.28,0.0,0.0,0.743,0.696696,0.0,1,0.001102659,0.104727074,0.10823872152999997
WIMWEW_clean,4.85065,3.63556,4.83812,1.14632,1509.08,1316.45,0.0,0.0,0.552,0.481541,0.0,1,0.005639242,0.521561788,0.5144092290549979
WINCEC_clean,4.94527,3.59812,4.94527,1.22278,1150.61,940.978,0.0,0.0,0.5326,0.435564,0.0,1,0.007593796,0.664626501,0.6632671486150009
WIPDEF_clean,10.40343,2.52524,10.40343,0.957104,0.0,0.0,1794.4,1874.82,0.7,0.731373,0.0,0,0.002829613,0.278698474,0.2807825070525
WIPLOY_clean,6.48105,4.74292,6.45525,1.18111,1714.15,1451.31,0.0,0.0,0.5818,0.492588,0.0,1,0.007145218,0.63328955,0.6459808283887498
WIPPIW_clean,6.83572,4.03275,6.83132,1.10561,1802.61,1630.43,0.0,0.0,0.614,0.55535,0.0,0,0.003957515,0.371314138,0.37659927691125034
WIPZEC_clean,5.45688,4.84274,5.44436,1.09301,1433.3,1311.34,0.0,0.0,0.552,0.50503,0.0,0,0.008766644,0.74861923,0.7276051431924979
WIRKOZ_clean,17.38546,6.83963,17.38546,0.742862,1607.16,2163.48,0.0,0.0,0.6666,0.897341,0.0,1,0.002810998,0.267386098,0.2833127982274996
WIRMOB_clean,8.09669,7.0815,8.09669,0.92351,1288.54,1395.26,130.958,141.805,0.578,0.625873,0.0,1,0.008636885,0.626458216,0.6831624414225024
WISTID_clean,5.3857,3.74409,5.37745,1.51731,1051.5,692.999,0.0,0.0,0.4932,0.325048,0.0,1,0.007302551,0.610302418,0.6203698648200003
WISVEB_clean,8.95121,6.85436,8.94162,0.828799,2404.18,2900.8,0.0,0.0,0.747,0.901304,0.0,1,0.002549969,0.253842007,0.2575749544525011
WITJOA_clean,6.21484,4.39834,6.20863,1.03298,1693.59,1639.51,90.392,87.5058,0.5878,0.569032,0.0,1,0.006730198,0.561409834,0.6083697364150003
WITJUG_clean,5.88607,4.95547,5.85988,1.02366,1929.46,1884.87,0.0,0.0,0.5976,0.583788,0.0,1,0.00529716,0.492574033,0.4787319888312528
WITKIV_clean,20.46084,11.48372,20.46084,0.586943,1702.14,2900.02,0.0,0.0,0.7774,1.32449,0.0,1,0.003027445,0.304558211,0.29697458104624913
WIVKOD_clean,5.94278,4.37421,5.9419,2.24053,1604.96,716.33,0.0,0.0,0.585,0.261099,0.0,1,0.001205304,0.117871881,0.12519123812375033
WIVRIE_clean,7.1828,5.28792,5.5333,1.16005,1460.05,1258.61,0.0,0.0,0.5844,0.50377,0.0,1,0.007025422,0.615597691,0.6264385587287508
WIVVII_clean,5.53507,3.32928,5.50031,1.37556,724.684,526.827,0.0,0.0,0.4774,0.347058,0.0,1,0.004926683,0.416462322,0.4373768359212504
WIWQOI_clean,5.87719,4.74286,5.84645,1.30118,2520.95,1937.44,0.0,0.0,0.693,0.532594,0.0,0,0.001051645,0.103336745,0.10406921795375029
WIWQUO_clean,5.86317,4.77379,5.86317,1.51311,2502.33,1653.77,0.0,0.0,0.691,0.456676,0.0,0,0.000938709,0.090143417,0.09106692441999949
WIYFAM_clean,9.09166,6.13483,9.09166,0.794129,2337.82,2943.87,0.0,0.0,0.7296,0.918742,0.0,1,0.00385327,0.372648512,0.3722238799187496
WIYWAE_clean,5.55509,4.14993,5.55509,1.52455,953.655,625.532,0.0,0.0,0.496,0.325342,0.0,1,0.002685748,0.256416186,0.24678399695875058
WIYWEI_clean,5.60421,3.86066,5.60127,1.48994,937.281,629.074,0.0,0.0,0.4916,0.329946,0.0,1,0.002614447,0.24271639,0.24377082598000135
WIYWOS_clean,5.5468,4.15747,5.5468,1.51166,957.433,633.365,0.0,0.0,0.499,0.330101,0.0,1,0.00277093,0.25249482,0.2484417107462502
WIYWUY_clean,5.49903,4.14636,5.49903,1.53964,937.998,609.231,0.0,0.0,0.4952,0.321633,0.0,1,0.002733645,0.251570079,0.24730411276000028
WIYZOU_clean,6.69801,4.2951,6.69801,1.32919,1592.17,1197.85,0.0,0.0,0.5518,0.41514,0.0,1,0.001314934,0.130178469,0.1291284875337509
WIZDEP_clean,11.388,10.51295,11.388,1.29023,1549.54,1200.97,0.0,0.0,0.6408,0.496654,0.0,1,0.002670779,0.258809073,0.26682381478124967
WIZKOH_clean,6.09672,4.22892,6.07575,0.908366,2253.73,2481.08,0.0,0.0,0.6284,0.691792,0.0,0,0.00717776,0.666187556,0.6485292441175012
WIZMAV02_auto,12.74499,5.77928,12.74499,0.733163,2254.93,3075.61,0.0,0.0,0.725,0.988866,0.00027279,0,0.002847758,0.271693079,0.2904735283587501
WOBBOG_clean,5.41673,2.42544,5.41665,1.96997,0.0,0.0,677.997,344.166,0.424,0.215232,0.0,0,0.004187235,0.350748046,0.37466494871250033
WOBCAT_clean,5.46973,2.57467,5.46973,1.83295,0.0,0.0,728.889,397.658,0.437,0.238413,0.0,0,0.004056676,0.339698034,0.37366708276499994
WOBCIB_clean,5.44343,2.42624,5.44343,2.01524,0.0,0.0,712.819,353.714,0.4222,0.209504,0.0,0,0.004351439,0.345745675,0.39545791571875155
WOBFOK_clean,4.31485,3.36072,4.31485,1.72806,535.188,309.704,0.0,0.0,0.526,0.304387,0.0,0,0.001755072,0.162983358,0.1670954982487498
WOBHEB01_clean,11.39724,10.6155,11.39724,1.22811,1590.58,1295.14,0.0,0.0,0.6596,0.537083,0.0,1,0.002516893,0.246012588,0.2541812905699993
WOBHEB_clean,11.82299,11.04159,11.82299,1.21909,1551.12,1272.35,0.0,0.0,0.6516,0.534496,0.0,1,0.0026571,0.269370789,0.26777533053124986
WOBHOL_clean,11.68121,10.84815,11.68121,1.21577,1583.43,1302.41,0.0,0.0,0.6636,0.545826,0.0,1,0.003064043,0.298667284,0.2994658302424995
WOBHOM_clean,5.74395,5.29156,5.74395,1.06237,2263.33,2130.44,0.0,0.0,0.6418,0.604119,0.0,1,0.004317898,0.421145598,0.4232284080437489
WOBQEL_clean,6.08333,5.37096,6.07626,1.04043,1389.12,1335.14,0.0,0.0,0.5492,0.52786,0.0,1,0.009062884,0.778742182,0.8140573059599963
WOCGIG_clean,5.084,2.55182,5.084,1.54399,0.0,0.0,799.73,517.965,0.468,0.303112,0.0,0,0.017771133,1.15510159,1.0101931503874986
WOCWAN_clean,5.80963,5.50482,5.80963,1.36819,906.494,662.552,0.0,0.0,0.4696,0.343228,0.0,0,0.002570429,0.228129212,0.24293307996000027
WODFOL_clean,4.42221,3.69918,4.41972,1.50844,549.218,364.098,0.0,0.0,0.4148,0.274987,0.0,0,0.008542363,0.640413821,0.677766299132497
WODPUC_clean,5.52662,3.30183,5.46703,1.50752,0.0,0.0,891.508,591.373,0.528,0.350244,0.0,0,0.002991967,0.264375281,0.2761656094387496
WODQUD_clean,3.37919,2.68334,3.37644,2.11663,0.0,0.0,1.8938,0.894724,0.4184,0.197672,0.0,1,0.000137885,0.014053047,0.011557394512500025
WODRAK_clean,3.31785,2.43585,3.31785,2.23718,0.0,0.0,0.0,0.0,0.4242,0.189614,0.0,1,0.000266491,0.024900627,0.026163167024999896
WODROY_clean,5.0308,3.32117,4.94865,1.64875,725.974,440.319,0.0,0.0,0.4684,0.284095,0.0,1,0.005535023,0.432198417,0.4787004373212474
WODVOB_clean,6.26224,4.9385,6.26224,0.976988,2134.32,2184.59,0.0,0.0,0.6306,0.645453,0.0,1,0.00484602,0.461314102,0.44349642259625016
WODWUJ_clean,5.48334,3.26856,5.46073,1.51724,0.0,0.0,856.931,564.795,0.5038,0.332049,0.0,0,0.003166126,0.282798963,0.28925394142500005
WODXAQ_clean,5.49403,3.32457,5.07602,1.50357,867.788,577.152,0.0,0.0,0.5106,0.339592,0.0,0,0.003073601,0.281150861,0.28600698965374993
WODXEU_clean,5.99818,3.55745,5.99789,1.43122,1129.23,788.996,0.0,0.0,0.5054,0.353125,0.0,1,0.002762454,0.262468338,0.24818900453625037
WOFVIX_clean,5.9844,3.16514,5.9844,2.01452,0.0,0.0,452.206,224.473,0.3966,0.196871,0.0,1,0.000680091,0.060360182,0.06647252690875005
WOFWET_clean,5.7179,4.33245,5.7179,1.22921,2521.0,2050.91,0.0,0.0,0.7142,0.581024,0.0,1,0.00117103,0.117526212,0.1235817662325009
WOGHEG_clean,4.98706,2.98597,4.93093,1.24204,0.0,0.0,880.982,709.304,0.5036,0.405463,0.0,1,0.01016176,0.780177117,0.8215774520437528
WOGHOP_clean,4.03906,2.71579,4.03832,1.90032,0.0,0.0,536.238,282.182,0.4604,0.242275,0.0,0,0.009648557,0.694898349,0.6909150485799992
WOGHUV01_clean,4.03994,2.40345,4.03994,2.30019,0.0,0.0,467.224,203.124,0.4948,0.215112,0.0,1,0.006595501,0.523345666,0.5428257507624997
WOGLAF_clean,5.12474,2.53461,5.03697,2.09238,0.0,0.0,800.845,382.743,0.541,0.258557,0.0,0,0.005284268,0.427997901,0.4282322025350009
WOGLAG_clean,3.505,2.45409,3.40815,1.33226,0.0,0.0,16.4074,12.3155,0.4882,0.366445,0.0,1,0.000749295,0.071961588,0.07151564484499974
WOHBIF_clean,4.33773,3.41599,4.33773,1.49576,352.527,235.684,0.0,0.0,0.417,0.278788,0.0,0,0.002437426,0.232582156,0.22612452864874977
WOHDON_clean,5.72419,4.44331,5.72419,1.42898,2534.05,1773.33,0.0,0.0,0.696,0.487062,0.0,1,0.001912126,0.191163747,0.1891760760112497
WOHQAN_clean,6.17426,4.1636,6.17426,1.52633,1173.96,769.14,0.0,0.0,0.515,0.337411,0.0,1,0.001028413,0.101362451,0.09989396372000066
WOHSIV_clean,4.85776,4.01614,4.85252,1.45202,314.846,216.834,0.0,0.0,0.3664,0.252339,0.0,1,0.001051798,0.103014467,0.10338987095875046
WOHSOB_clean,4.76467,4.03549,4.66336,1.44804,377.496,260.695,0.0,0.0,0.3538,0.244331,0.0,1,0.00085819,0.082682817,0.08674960777124976
WOHZAU01_clean_h,5.57953,3.21211,5.34183,1.90493,0.0,0.0,814.602,427.629,0.4746,0.249143,0.0,1,0.005221189,0.43008972,0.42719028546125093
WOHZAU_clean,5.02471,3.1609,5.02471,1.93313,0.0,0.0,705.278,364.836,0.4624,0.239197,0.0,1,0.004997514,0.393779831,0.4186225068687514
WOJJOV_SL,7.82098,6.43142,7.82098,1.16534,871.633,747.963,192.071,164.819,0.4948,0.424596,0.0,0,0.010424618,0.65964757,0.7945358575825003
WOJZAY_clean,6.27243,4.13122,6.27243,1.17515,1915.59,1630.08,0.0,0.0,0.5984,0.509212,0.0,1,0.00543313,0.503461412,0.49469704907249934
WOJZEC_clean,6.29331,4.20233,6.29331,1.17761,1945.22,1651.83,0.0,0.0,0.5978,0.507636,0.0,1,0.005764378,0.49161888,0.5389032218287474
WOJZIG_clean,6.32968,4.348,6.32927,1.20953,2082.36,1721.62,0.0,0.0,0.5984,0.494736,0.0,1,0.005538929,0.495139323,0.515924252972499
WOJZOM_clean,5.77002,3.85246,5.77002,1.252,1972.92,1575.81,0.0,0.0,0.591,0.472044,0.0,1,0.005826019,0.516951683,0.5381714828074974
WOLFAG_clean,5.22326,2.87418,5.20533,1.12621,0.0,0.0,1008.2,895.212,0.5286,0.469363,0.0,0,0.004832321,0.438169516,0.4189686802312519
WOLMUG_clean,5.45253,3.7803,5.34777,1.25131,1519.07,1213.99,0.0,0.0,0.5746,0.459198,0.0,1,0.003788323,0.349922523,0.3624204879937508
WOLREV_clean,9.92256,5.8874,9.91786,0.624717,2477.67,3966.07,0.0,0.0,0.7426,1.1887,0.0,1,0.003719696,0.371015093,0.36360458257625017
WOLRIZ_clean,11.03643,6.52149,11.03643,0.928573,2127.88,2291.56,0.0,0.0,0.7184,0.77366,0.0,1,0.00296821,0.291903468,0.28718257126500113
WOLYON_clean,13.08079,12.38023,13.06205,0.690785,1403.08,2031.14,0.0,0.0,0.695,1.0061,0.0,1,0.001897854,0.1872998,0.18564370032749994
WONRUM01_clean,3.8153,2.58158,3.8153,2.596,0.0,0.0,126.377,48.6816,0.368,0.141757,0.0,1,0.001607523,0.147526244,0.14253481646750002
WONRUM02_clean,3.8196,2.58655,3.8196,2.59302,0.0,0.0,133.612,51.5278,0.346,0.133435,0.0,1,0.001583134,0.150618286,0.14090145160375
WONRUM_clean,3.82559,2.57906,3.82559,2.57026,0.0,0.0,128.109,49.8427,0.3686,0.14341,0.0,1,0.001444225,0.13654292,0.1318403928137497
WONXIH_clean,3.7089,3.2937,3.66569,2.15556,0.0,0.0,99.9572,46.3717,0.3524,0.163484,0.0,1,0.000724007,0.066634047,0.06785807324124997
WOPDEL_clean,5.48028,4.03658,5.4705,1.20981,448.99,371.123,0.0,0.0,0.4372,0.361378,0.0,0,0.003938483,0.308015494,0.34988730114999883
WOPHEQ_clean,6.45599,3.38847,6.45542,1.19882,457.642,381.745,355.134,296.237,0.4952,0.413074,0.0,0,0.003271024,0.294688473,0.3071067809162515
WOPHIU01_clean,5.05516,3.23478,5.05516,1.35024,0.0,0.0,709.38,525.373,0.4554,0.337273,0.0,1,0.00342157,0.308184364,0.31966452910624843
WOPHIU_clean,4.36935,2.96147,4.36726,1.36578,0.0,0.0,426.349,312.165,0.445,0.325821,0.0,1,0.001644383,0.158022415,0.15595066191375004
WOPROK_clean,4.86457,3.56395,4.64534,1.44616,842.342,582.467,68.9778,47.6971,0.5036,0.348232,0.0,1,0.002111739,0.209053039,0.200915698345
WOPSAX02_clean,11.61446,10.87886,11.61282,1.12308,1562.97,1391.69,0.0,0.0,0.6468,0.575919,0.0,1,0.002961379,0.297980144,0.28715671383249874
WOPSAX_clean,11.66235,10.95208,11.66071,1.12361,1554.7,1383.67,0.0,0.0,0.6474,0.57618,0.0,1,0.002999532,0.294267519,0.2937673699699988
WOPSOL01_clean,10.90023,10.70959,10.90023,1.18162,1552.96,1314.27,0.0,0.0,0.6334,0.536045,0.0,1,0.003066753,0.294981521,0.2989128319537495
WOPSOL_clean,10.90058,10.69127,10.90058,1.17453,1540.78,1311.82,0.0,0.0,0.6378,0.543023,0.0,1,0.002847525,0.281228296,0.28463382640124835
WOPWOO_clean,5.25085,4.08598,5.25085,2.1223,863.13,406.696,0.0,0.0,0.445,0.209679,0.0,1,0.001173864,0.11212037,0.11574249078125057
WOQTUT_clean,7.74164,5.799,7.74164,1.37569,1208.67,878.591,0.0,0.0,0.519,0.377266,0.0,0,0.000956787,0.096093989,0.09171757422124951
WOQYUW_clean,3.76811,2.6876,3.66916,2.2431,0.0,0.0,338.002,150.686,0.3646,0.162543,0.0,0,0.002833625,0.241942351,0.27194870063249904
WORKOF_clean,9.81174,6.0117,9.81174,0.930964,2043.98,2195.55,1.24552,1.33788,0.6752,0.725269,0.0,1,0.00445916,0.427004457,0.4288719254712507
WORKUL_clean,8.46756,5.64741,8.46756,0.942685,2103.28,2231.16,0.0,0.0,0.6726,0.713494,0.0,1,0.00517575,0.46895554,0.4765839588100005
WORLAS_clean,9.28052,5.47786,6.88618,0.953453,2042.04,2141.73,5.77107,6.05281,0.6674,0.699982,0.0,1,0.004610289,0.445384483,0.4329149950637499
WORREC_clean,7.54466,5.76979,7.52984,0.764767,2839.31,3712.64,0.0,0.0,0.7218,0.943817,0.0,1,0.003804326,0.393321414,0.3697348256112491
WOSHET_clean,5.11803,3.57569,5.1143,1.5953,423.001,265.155,0.0,0.0,0.4296,0.269291,0.0,1,0.00117871,0.110573588,0.11564881319875052
WOTLOI_clean,8.00513,4.84682,8.00513,0.97425,1418.35,1455.84,0.0,0.0,0.579,0.594304,0.0,1,0.002653403,0.253278811,0.2605739334724992
WOTSEF_clean,5.63894,4.87372,5.6352,0.95923,2385.0,2486.37,0.0,0.0,0.6578,0.685758,0.0,1,0.004509473,0.457229042,0.4314548589474994
WOVDES_clean,5.23028,4.01485,5.22391,1.22139,660.545,540.814,0.0,0.0,0.4386,0.359099,0.0,0,0.004344663,0.378141695,0.41472767332375077
WOWBER_clean,3.31498,2.51129,3.27216,2.07256,0.0,0.0,0.0,0.0,0.3932,0.189717,0.0,1,0.000297327,0.026748621,0.028623417800000044
WOWBIV_clean,4.8731,2.41312,4.8731,1.75263,0.0,0.0,516.219,294.539,0.4354,0.248426,0.0,1,0.002075137,0.19414603,0.19582721506375056
WOWGEU02_clean,3.67978,2.52098,3.65179,1.86582,0.0,0.0,48.0262,25.7399,0.3754,0.201198,0.0,1,0.002319672,0.221664263,0.21795018873375058
WOWGUK_clean,3.71129,2.46062,3.62446,2.09319,0.0,0.0,43.3779,20.7234,0.406,0.193963,0.0,0,0.000213889,0.021196,0.020373640845000037
WOWHAR_clean,4.10947,2.65556,4.10947,2.17118,0.0,0.0,52.5952,24.2242,0.3168,0.145911,0.0,1,0.002845969,0.224771174,0.27228790918749946
WOWHEV_clean,4.07173,2.59845,4.07173,2.20673,0.0,0.0,47.3578,21.4606,0.3154,0.142926,0.0,1,0.003227135,0.21276755,0.3017152432737504
WOWMAY_clean,3.27987,2.45027,3.27987,1.59776,0.0,0.0,0.0,0.0,0.3518,0.220184,0.0,1,0.000113202,0.011067332,0.009742005127500095
WOWMEC_clean,4.75181,3.17058,4.75181,1.4613,0.0,0.0,688.667,471.269,0.4926,0.337096,0.0,1,0.003627272,0.34126586,0.3347611916649979
WOXKOL_clean,3.48113,2.46273,3.46254,1.39873,0.0,0.0,20.3683,14.562,0.3568,0.255089,0.0,1,0.00057704,0.059004582,0.05981995016499936
WOXRIK_clean,3.83193,3.01344,3.82185,2.27293,0.0,0.0,188.593,82.9735,0.3806,0.167449,0.0,0,0.00185633,0.170700296,0.16824158682999946
WOYHUP_clean,12.04583,5.92239,11.92324,0.785656,2290.99,2916.02,0.0,0.0,0.7288,0.927633,0.0,1,0.005706194,0.558226193,0.523267132059999
WOYJAX_clean,12.27463,5.80964,12.27345,0.829543,2229.7,2687.86,0.0,0.0,0.7142,0.860956,0.0,1,0.00669971,0.591470588,0.5948382726362489
WOYJEB_clean,12.32799,5.95231,12.30286,0.80227,2262.64,2820.29,0.0,0.0,0.7248,0.903436,0.0,1,0.006038608,0.549945652,0.5646830134099968
WOYJIF_clean,12.3325,5.92345,11.43456,0.799114,2266.72,2836.54,0.0,0.0,0.716,0.895992,0.0,1,0.005305658,0.509778501,0.4797322153137503
WOYJOL_clean,12.52097,5.76234,12.52097,0.820913,2240.31,2729.05,0.0,0.0,0.7178,0.874392,0.0,1,0.005779323,0.517624389,0.5384399364774972
WOZGUP_clean,8.72596,4.78582,5.19905,0.69846,2019.57,2891.46,0.0,0.0,0.6706,0.960112,0.0,0,0.004112353,0.403108266,0.40126448811374843
WOZWEP_clean,9.13832,7.15944,9.13721,1.55974,883.314,566.32,0.0,0.0,0.468,0.30005,0.0,0,0.002613347,0.250015284,0.24660112715125024
WUBHEI_clean,4.07203,3.36745,4.05688,1.60485,473.123,294.808,0.0,0.0,0.4778,0.297723,0.0,1,0.00089176,0.084568969,0.08727900412249966
WUCRUH_clean,4.31723,3.81301,4.31723,1.71018,546.548,319.586,0.0,0.0,0.3908,0.228514,0.0,1,0.006217568,0.496344232,0.5206167040737507
WUDJAI_clean,3.49417,2.48734,3.49417,1.73368,0.0,0.0,5.31058,3.06318,0.3592,0.207189,0.0,1,0.001349244,0.123777658,0.1256608559649996
WUDQIW_clean,3.73198,3.20831,3.69327,1.34725,0.0,0.0,181.176,134.478,0.551,0.40898,0.0,1,0.000317088,0.027272396,0.03129676009375011
WUDTIA_clean,5.10265,2.65536,5.08993,1.34493,0.0,0.0,709.329,527.408,0.4534,0.337117,0.0,1,0.005397181,0.456102854,0.43368201383000193
WUDTOG_clean,5.08961,2.68275,5.0839,1.34893,0.0,0.0,690.714,512.046,0.4522,0.335229,0.0,1,0.005113131,0.446867436,0.4313353582325027
WUDVEY_clean,7.50178,6.81683,7.48998,1.3921,605.922,435.258,0.0,0.0,0.4572,0.328425,0.0,1,0.001425781,0.132640967,0.13612014231125102
WUFSAT_clean,3.89191,3.15385,3.89191,1.22752,0.0,0.0,424.291,345.648,0.4752,0.387121,0.0,0,0.000793677,0.075426657,0.07527796410125003
WUGQAS_clean,11.44556,6.40417,11.33705,0.730607,2384.2,3263.31,0.0,0.0,0.7356,1.00683,0.0,1,0.005355932,0.51149986,0.49033872655624916
WUHJIT_clean,10.93441,7.53577,10.93441,0.740914,2058.85,2778.79,0.0,0.0,0.6834,0.922374,0.0,1,0.0039005,0.378759122,0.38084623423499936
WUKXEH_clean,20.08743,6.60038,20.08743,0.594513,2262.76,3806.08,0.0,0.0,0.7896,1.32814,0.0,1,0.003828096,0.368964729,0.37396863581999923
WULJUJ_clean,13.2515,6.69559,13.2515,0.880841,2071.01,2351.17,0.0,0.0,0.7102,0.806275,0.0,1,0.004533502,0.396746645,0.429776131430001
WULKAQ_clean,13.2528,6.68289,13.24082,0.879538,2081.51,2366.6,0.0,0.0,0.7114,0.808834,0.0,1,0.004488296,0.396583258,0.4292425906862508
WULQUR_clean,7.08547,5.79444,7.06039,0.976074,2045.35,2095.49,0.0,0.0,0.6658,0.682121,0.0,1,0.00465043,0.463985512,0.43810620875625
WUNTEF_clean,5.11473,4.16376,5.10357,1.08866,1006.1,924.169,87.4124,80.2937,0.5292,0.486103,0.0,0,0.006858401,0.60649358,0.6076155926837493
WUNTIJ_clean,5.10474,4.13393,5.10321,1.0969,978.875,892.401,83.5224,76.1441,0.514,0.468593,0.0,0,0.006958102,0.625032776,0.6021894643787501
WUNTOP_clean,5.08733,4.17716,5.07679,1.08852,1089.8,1001.18,0.0,0.0,0.5174,0.475323,0.0,0,0.006293427,0.584877635,0.5563536762624982
WUNTUV_clean,5.04996,4.14711,5.04511,1.09607,962.033,877.707,77.5987,70.7969,0.5244,0.478435,0.0,0,0.006697479,0.600968028,0.6083448364287493
WUNVAD_clean,5.07875,4.17789,5.06297,1.09375,995.244,909.941,78.4709,71.7451,0.516,0.471773,0.0,0,0.006485833,0.604907104,0.5756910849624994
WUNVOR_clean,5.13748,4.1998,5.12786,1.08542,1130.58,1041.61,0.0,0.0,0.5222,0.481103,0.0,0,0.007015824,0.621959527,0.6158535754112503
WUNVUX_clean,5.06256,4.10802,5.0479,1.09653,996.696,908.953,84.6011,77.1534,0.5168,0.471304,0.0,0,0.006875892,0.608424637,0.59948868074625
WUPMOL_clean,3.60918,2.89254,3.60918,1.60594,0.0,0.0,71.425,44.4755,0.391,0.243471,0.0,0,0.000888548,0.082959434,0.08673203555249943
WUPNIF_clean,4.10645,3.09037,4.10645,1.77365,0.0,0.0,226.971,127.969,0.387,0.218194,0.0,1,0.001662713,0.157918099,0.15126094892374983
WUPZUE_clean,5.06349,3.71152,5.06349,1.47923,1116.55,754.816,0.0,0.0,0.5356,0.362081,0.0,1,0.006042604,0.526548434,0.5433456605924982
WUQRAC_clean_h,9.73254,3.21457,9.72542,1.00665,0.0,0.0,823.414,817.976,0.534,0.530473,0.0,0,0.000738346,0.076505132,0.07078996165249958
WURKEB_clean,6.32965,4.86396,6.30162,0.999228,1791.69,1793.08,0.0,0.0,0.6306,0.631087,0.0,1,0.00381231,0.368157145,0.3682540554387501
WURNOO_clean,6.92026,6.59227,6.92026,1.32896,1046.66,787.578,0.0,0.0,0.471,0.354412,0.0,0,0.001663962,0.170372367,0.16379882699875054
WUSCUJ_clean,5.70656,4.20407,5.70656,1.37248,1878.22,1368.48,0.0,0.0,0.6602,0.481026,0.0,1,0.000911763,0.088188742,0.08953791448249947
WUSGIC_clean,4.47666,3.4574,4.38159,1.49843,1071.95,715.381,0.0,0.0,0.5224,0.348632,0.0,0,0.003171638,0.300454468,0.2927424684312504
WUSGOI_clean,4.74799,3.07899,4.74374,1.49035,0.0,0.0,869.36,583.325,0.5294,0.355218,0.0,1,0.00268598,0.248663963,0.24252856467750025
WUSLED_clean,10.30385,9.54542,10.30385,0.791501,1993.93,2519.18,0.0,0.0,0.7574,0.956916,0.0,1,0.002110148,0.214827066,0.20406426632125108
WUSSEK_clean,8.48774,6.12459,8.47169,0.953346,1562.83,1639.31,0.0,0.0,0.592,0.62097,0.0,1,0.002980531,0.291833001,0.2880597179887495
WUSXEP_clean,10.27954,6.68603,10.27954,0.811613,2141.53,2638.61,0.0,0.0,0.7038,0.867162,0.0,1,0.006039007,0.515688279,0.5644109769849969
WUTBES_clean,7.39924,5.0967,7.39924,1.7772,885.87,498.464,0.0,0.0,0.459,0.258271,0.0,0,0.001906862,0.178910772,0.17882694667874965
WUTBEU_clean,12.65678,12.45148,12.65678,0.754809,1718.63,2276.91,0.0,0.0,0.7462,0.988595,0.0,0,0.003095445,0.289775804,0.30216694597000077
WUTBIW_clean,7.26683,5.05082,7.26683,1.84193,854.902,464.133,0.0,0.0,0.4484,0.24344,0.0,0,0.001962129,0.182822574,0.18497914075999997
WUTBOC_clean,7.17175,4.98444,7.17175,1.90997,842.378,441.043,0.0,0.0,0.429,0.224611,0.0,0,0.002021935,0.186640322,0.18644337971749983
WUTBUI_clean,7.46533,5.15143,7.46533,1.74528,880.071,504.258,0.0,0.0,0.4664,0.267235,0.0,0,0.00177627,0.170164441,0.1657933913387505
WUTCAP_clean,7.16776,4.98308,7.16776,1.90582,867.573,455.224,0.0,0.0,0.4432,0.232551,0.0,0,0.002050123,0.186488541,0.1885732472824998
WUTKIG_clean,4.92252,4.16141,4.92016,1.02848,1305.43,1269.29,149.801,145.653,0.5256,0.511047,0.0,1,0.003383261,0.322173005,0.3248403854500018
WUWQEL_clean,6.86556,5.42795,6.77124,1.72448,1373.37,796.394,0.0,0.0,0.5618,0.325779,0.0,0,0.001000659,0.105658449,0.09794609799625027
WUXLEI_clean,3.94934,2.92343,3.9458,2.09278,0.0,0.0,129.514,61.886,0.4606,0.22009,0.0,0,0.000599081,0.068634031,0.06120669017874973
WUXLIM_clean,3.88187,2.87991,3.87812,2.15097,0.0,0.0,103.453,48.0959,0.4528,0.21051,0.0,0,0.000630157,0.058075772,0.06175936524124977
WUXMEH_clean,3.80315,3.23998,3.72844,2.48036,0.0,0.0,219.851,88.637,0.416,0.167718,0.0,0,0.000949229,0.093405648,0.08924279288624942
WUXYOF_clean,3.55008,2.94927,3.55008,1.67806,0.0,0.0,11.5265,6.86891,0.232,0.138255,0.000119185,1,0.000102926,0.009787841,0.01004018869250008
WUYTUH_clean,3.83515,2.78975,3.83349,1.822,0.0,0.0,194.128,106.547,0.4794,0.263117,0.0,1,0.000286286,0.029491034,0.02701424277624997
WUYWIY_clean,9.10759,5.82003,9.09622,0.79426,2035.41,2562.65,0.0,0.0,0.6788,0.854632,0.0,0,0.003140906,0.304154603,0.30685553643125174
WUYWOE_clean,9.31132,6.13762,9.25337,0.805528,2027.45,2516.92,0.0,0.0,0.6802,0.844415,0.0,0,0.003093324,0.30305071,0.30345713890375114
WUYWUK_clean,8.78773,6.19333,8.65663,0.743413,2043.29,2748.52,0.0,0.0,0.6694,0.900442,0.0,0,0.003605039,0.360381042,0.351242459058751
WUYXAR_clean,9.35403,6.16685,9.35403,0.696817,2021.29,2900.75,0.0,0.0,0.689,0.988782,0.0,0,0.003342803,0.328385251,0.33585188539500005
WUYXEV_clean,9.37986,6.91474,9.3766,0.799877,2024.21,2530.65,0.0,0.0,0.6774,0.84688,0.0,0,0.003453879,0.33044742,0.3438245877112501
WUYXIZ_clean,9.29397,7.061,9.29397,0.804304,2026.73,2519.86,0.0,0.0,0.6664,0.828542,0.0,1,0.003348309,0.343882114,0.33626209536625007
WUYXOF_clean,9.05505,5.17643,9.05505,0.759045,1983.21,2612.77,0.0,0.0,0.6628,0.873203,0.0,0,0.003169065,0.305060601,0.31040690977875146
WUYXUL_clean,9.2643,7.0803,9.2643,0.838826,2017.64,2405.31,0.0,0.0,0.6628,0.790152,0.0,1,0.003393205,0.326222183,0.3365064089525001
WUYYAS_clean,9.33636,7.09924,9.33362,0.775219,2017.38,2602.33,0.0,0.0,0.6762,0.87227,0.0,1,0.003374272,0.333124163,0.33647298058125025
WUYYEW_clean,9.26232,6.95652,9.26232,0.838222,1987.56,2371.16,0.0,0.0,0.6778,0.808616,0.0,1,0.003137417,0.328269716,0.3052015608250012
WUYYOG_clean,8.73316,6.23369,8.71341,0.740492,2050.34,2768.88,0.0,0.0,0.675,0.911557,0.0,1,0.003955492,0.416004427,0.38191343575249903
WUZDOL_clean,5.93429,4.20385,5.53783,1.95218,1731.21,886.811,0.0,0.0,0.5688,0.291367,0.0,1,0.00104732,0.104664632,0.10487676248375058
WUZGAB_clean,9.3852,6.06112,9.3852,0.741116,2013.56,2716.93,0.0,0.0,0.6778,0.914567,0.0,0,0.003171167,0.321082939,0.31037808502625147
WUZQOZ_clean,6.97207,5.82661,6.96816,0.933596,1700.54,1821.49,0.0,0.0,0.6474,0.693448,0.0,1,0.002877724,0.269195866,0.2847065019575004
XACFAJ_clean,6.31025,2.99476,6.30344,1.18923,0.0,0.0,1011.6,850.633,0.5312,0.446676,0.0,0,0.004030198,0.358607653,0.38483584405625065
XACHOA_clean,4.86067,2.61652,4.8004,1.23323,0.0,0.0,333.885,270.74,0.4568,0.37041,0.0,0,0.00687336,0.523030522,0.5486155813600007
XACPEW_clean,3.78165,2.72414,3.78165,2.13246,0.0,0.0,381.44,178.873,0.3872,0.181574,0.0,0,0.005864734,0.439609355,0.4731927367350001
XACQAT_clean,5.05389,3.89577,5.05389,2.41939,826.15,341.47,0.0,0.0,0.42,0.173597,0.0,0,0.032209145,1.403667934,1.380483088767501
XACSIG_clean,5.90641,4.49569,5.71401,1.1598,896.995,773.404,0.0,0.0,0.4966,0.428177,0.0,0,0.003531526,0.323635328,0.325993515291249
XACZEH_clean,10.60893,7.2431,10.60893,1.18823,994.3,836.792,67.7434,57.0121,0.5998,0.504785,0.0,1,0.001915886,0.183136282,0.18309337209999912
XADCEM_clean,8.43446,8.11603,8.43446,1.03711,1659.86,1600.46,0.0,0.0,0.6244,0.602057,0.0,1,0.005887844,0.568950766,0.5407404703112484
XADDAJ01_clean,6.46856,4.61872,6.46856,1.24305,1893.89,1523.58,0.0,0.0,0.5932,0.477214,0.0,1,0.004609071,0.416609308,0.4384474721150006
XADDAJ_clean,6.3423,4.46517,6.3423,1.25711,1867.55,1485.59,0.0,0.0,0.5936,0.472195,0.0,1,0.004477922,0.416171882,0.43623550668125083
XADDEN_manual,13.23644,6.65907,13.23644,0.875752,2128.62,2430.62,0.0,0.0,0.7182,0.820095,0.0,1,0.004796988,0.427461443,0.4294133099712515
XADDIR_manual,13.24642,6.64739,13.24642,0.87412,2116.36,2421.13,0.0,0.0,0.718,0.821397,0.0,1,0.004696243,0.423837225,0.43129333902125117
XADDOX_clean,5.56472,4.25664,5.46687,1.21878,1831.56,1502.78,0.0,0.0,0.5704,0.46801,0.0,1,0.002719288,0.26061193,0.2599555066149996
XADDUD_clean,6.46377,5.36376,6.20996,1.13461,1899.46,1674.11,0.0,0.0,0.5878,0.518062,0.0,1,0.003114981,0.311094136,0.29572837750375014
XADFAL_clean,4.26653,2.96961,4.26653,1.38794,0.0,0.0,768.428,553.646,0.5184,0.373503,0.0,1,0.007080372,0.579646869,0.594827634999999
XADFEP_clean,4.15649,2.86447,4.15649,1.32832,0.0,0.0,625.469,470.873,0.515,0.387708,0.0,1,0.005761656,0.470028538,0.5010647554637503
XADGAM_clean,5.02813,3.93675,5.02538,1.19627,575.885,481.401,200.588,167.678,0.4922,0.411446,0.0,1,0.014177713,0.975842578,0.8892199364599975
XADGOA_clean,4.96518,4.05764,4.96518,2.7729,1349.87,486.806,0.0,0.0,0.5428,0.195751,0.0,1,0.002394691,0.221873894,0.21687295480249955
XAFBEN_clean,4.46675,3.68033,4.46518,1.46572,1326.74,905.182,0.0,0.0,0.5588,0.381246,0.0,1,0.008040501,0.678607899,0.6596162736487489
XAFFAN_clean,14.91316,13.24304,14.91316,0.365184,1896.05,5192.05,0.0,0.0,0.8544,2.33964,0.0,1,0.003427271,0.330917214,0.3466952264175003
XAFFER_clean,14.21921,13.28886,14.21921,0.359874,1854.43,5152.99,0.0,0.0,0.8504,2.36305,0.0,1,0.003190363,0.330471037,0.3103957940350004
XAFFIV_clean,14.22916,13.19368,14.22916,0.358398,1899.33,5299.5,0.0,0.0,0.8506,2.37334,0.0,1,0.003155126,0.321092303,0.3071212946000002
XAFFOB_clean,14.83912,13.174,14.83912,0.366991,1878.61,5118.95,0.0,0.0,0.845,2.30251,0.0,1,0.003296695,0.322302538,0.3340552104675006
XAFFUH_clean,23.72832,19.63801,23.72795,0.329166,1685.62,5120.87,0.0,0.0,0.8726,2.65094,0.0,1,0.0033324,0.346890886,0.33766665030625065
XAFNOH_clean,3.99697,2.46433,3.98462,1.86736,0.0,0.0,79.0937,42.3559,0.4104,0.219775,0.0,1,0.000683539,0.072665206,0.06839526086999982
XAFXOT_clean,5.91185,4.82034,5.90988,1.88819,647.785,343.072,0.0,0.0,0.3646,0.193095,0.0,1,0.00183219,0.164356454,0.16711166856249948
XAGCIS01_clean,5.57315,2.64485,5.55209,1.75235,0.0,0.0,818.021,466.814,0.445,0.253945,0.0,1,0.00665855,0.521574961,0.5323469281275006
XAGCIS02_clean,5.5362,2.63267,5.3168,1.77126,0.0,0.0,807.725,456.017,0.4408,0.248862,0.0,1,0.007142384,0.548179691,0.5627989588799995
XAGCIS_clean,5.55946,2.66018,5.10796,1.7591,0.0,0.0,819.689,465.97,0.4442,0.252515,0.0,1,0.00689704,0.533519368,0.5292379396275007
XAGCUE_clean,6.41175,2.87682,6.41175,2.11598,0.0,0.0,831.032,392.742,0.4582,0.216543,0.0,1,0.008432167,0.597821559,0.6893457860137481
XAGDAL_SL,5.19312,2.42079,5.19224,2.15399,0.0,0.0,616.354,286.145,0.4096,0.190159,0.0,1,0.008073402,0.512801995,0.5786090935149963
XAGPUT_clean,5.48557,4.55432,5.48557,1.58071,2319.33,1467.27,0.0,0.0,0.6272,0.396784,0.0,1,0.003461216,0.337523314,0.3373850736087507
XAHPAZ_clean,8.5954,7.40656,8.5954,0.71813,2299.0,3201.36,0.0,0.0,0.725,1.00957,0.0,1,0.003167312,0.319829257,0.3128787885825011
XAHPED_clean,12.36916,10.86748,12.33885,0.374438,1946.72,5199.04,0.0,0.0,0.8398,2.24283,0.0,1,0.002971285,0.311708351,0.29394517038374823
XAHPIH_clean,14.31673,13.37952,14.23422,0.356183,1691.25,4748.26,0.0,0.0,0.8698,2.442,0.0,1,0.002972482,0.311928834,0.29336485436999876
XAHPON_clean,17.29514,15.33221,17.29514,0.284265,1476.32,5193.45,0.0,0.0,0.8856,3.1154,0.0,1,0.00375081,0.375130151,0.3674768994837502
XAHPUT_clean,21.82812,20.58591,21.82812,0.178675,1104.09,6179.32,0.0,0.0,0.9154,5.12326,0.0,1,0.004339008,0.42317946,0.42683999403249623
XAHPUU_clean,4.98129,2.55206,4.98129,2.71974,0.0,0.0,619.276,227.697,0.4362,0.160383,0.0,1,0.000245703,0.024292009,0.023230810803749974
XAHQAA_clean,23.03533,21.60719,23.02579,0.170429,1040.62,6105.88,0.0,0.0,0.9292,5.45213,0.0,1,0.003919082,0.440058771,0.3743758797799991
XAHWAG_clean,5.39358,4.37499,5.38893,1.33376,2734.04,2049.88,0.0,0.0,0.6868,0.514937,0.0,0,0.004005049,0.392364605,0.38718706049124996
XAJGOH_clean,3.31996,2.63209,3.31996,1.35976,0.0,0.0,0.0266028,0.0195643,0.3608,0.265341,0.0,1,1.39e-05,0.001148327,0.0014299371800000002
XAJQAC_SL,8.58247,7.41664,8.57789,0.88698,2088.4,2354.51,0.0,0.0,0.6722,0.757852,0.0,0,0.008452342,0.738502074,0.7407222396412485
XAJSEJ_clean,7.98338,7.19596,7.98212,0.722195,2566.22,3553.36,0.0,0.0,0.733,1.01496,0.0,0,0.005220834,0.52169826,0.4814188190037485
XAJZOY_clean,6.5047,2.98776,6.50361,1.70727,0.0,0.0,1133.97,664.199,0.49,0.287007,0.0,0,0.005072609,0.419122035,0.43390065833500124
XAKQOR_clean,6.07415,4.27878,5.44099,0.965162,1660.14,1720.06,0.0,0.0,0.5906,0.611918,0.0,0,0.005484542,0.513943704,0.4976045044299989
XAKYUE_clean,12.06174,7.75873,12.06174,0.881143,1544.96,1753.36,0.0,0.0,0.6152,0.698184,0.0,1,0.003761185,0.352560042,0.3659469289437504
XAKZAL_clean,8.8329,3.77071,4.46909,1.00158,193.263,192.958,1002.0,1000.42,0.5486,0.547735,0.0,1,0.003686876,0.346486161,0.34050083800000025
XAKZIT_clean,12.23219,8.02038,12.23219,0.853098,1638.56,1920.72,0.0,0.0,0.6458,0.757006,0.0,1,0.003976779,0.362676152,0.38071092816999885
XAKZOZ_clean,12.1779,8.09448,10.99703,0.853016,1612.06,1889.83,0.0,0.0,0.6372,0.746997,0.0,1,0.004105499,0.378173396,0.403333748561248
XAKZUF_clean,12.14685,7.7394,12.14685,0.885336,1547.82,1748.28,0.0,0.0,0.616,0.695781,0.0,1,0.003861613,0.362377673,0.3732388688362498
XALBAO_clean,12.08969,7.27048,11.78932,0.880979,1591.93,1807.0,0.0,0.0,0.6308,0.716022,0.0,1,0.00378618,0.362764091,0.3677234193612501
XALBES_clean,12.09861,7.46549,12.09861,0.882372,1572.28,1781.87,0.0,0.0,0.6194,0.701971,0.0,1,0.003879971,0.372849052,0.3764669036812498
XALBIW_clean,12.14217,7.80534,11.99319,0.869373,1588.95,1827.7,0.0,0.0,0.6226,0.716148,0.0,1,0.003922752,0.365250365,0.3787934536949993
XALBOC_clean,12.16156,7.7526,11.87507,0.87192,1576.24,1807.78,0.0,0.0,0.6178,0.708551,0.0,1,0.003861871,0.363813888,0.37359798515374976
XALBUI_clean,12.38727,7.83288,12.25594,0.880388,1559.27,1771.12,0.0,0.0,0.6108,0.693785,0.0,1,0.003892389,0.363733449,0.37691336855874974
XALCAP_clean,12.14021,7.5095,12.14021,0.892504,1531.39,1715.83,0.0,0.0,0.6302,0.706103,0.0,1,0.003949082,0.372694205,0.3787017304424994
XALCET_clean,12.0955,7.67742,12.0955,0.88783,1530.66,1724.05,0.0,0.0,0.6136,0.691123,0.0,1,0.003670476,0.353288954,0.3590798751325011
XALCIX_clean,8.90504,3.86123,4.56441,1.0015,203.674,203.369,1009.04,1007.53,0.5542,0.55337,0.0,1,0.003918918,0.344337632,0.35439097134625064
XALCOD_clean,8.97205,3.95645,4.60423,0.992163,207.149,208.786,995.754,1003.62,0.5564,0.560795,0.0,1,0.003834409,0.347603396,0.3484389358737503
XALCUJ_clean,8.77917,3.81164,4.50991,0.995838,192.509,193.314,1019.4,1023.66,0.5598,0.562139,0.0,1,0.003663959,0.345409032,0.34028926760375017
XALDAQ_clean,8.8251,3.77258,4.48452,0.998614,192.623,192.891,1030.53,1031.96,0.5614,0.562179,0.0,1,0.003658229,0.337496714,0.34027173880375017
XALDAS_clean,11.1437,9.04409,11.1437,0.650684,2284.21,3510.47,0.0,0.0,0.7594,1.16708,0.0,1,0.004517196,0.417358561,0.42526746564250034
XALDEU_clean,8.28708,3.55494,4.42564,1.01761,177.365,174.295,1049.0,1030.85,0.5566,0.546967,0.0,1,0.0036525,0.319420421,0.3402000880737501
XALDIY_clean,8.51371,3.60578,4.41534,1.00994,178.965,177.204,1041.51,1031.26,0.5412,0.535874,0.0,1,0.00393897,0.327576238,0.3531030050087506
XALDOE_clean,8.72809,3.86749,4.52721,0.991405,208.075,209.879,1052.86,1061.99,0.545,0.549725,0.0,1,0.003726982,0.336425314,0.3425645685037504
XALMII_clean,10.30936,8.99249,10.23213,0.734436,2165.04,2947.89,0.0,0.0,0.7052,0.960192,0.0,1,0.003423137,0.332236175,0.3419479761725004
XALPUY_clean,3.9215,2.68472,3.9215,1.72432,0.0,0.0,83.4596,48.4015,0.4336,0.251462,0.0,1,0.000435773,0.040768626,0.042352326513750135
XALTEK_clean,4.31419,3.00244,4.31419,2.12624,0.0,0.0,570.547,268.336,0.529,0.248796,0.0,1,0.000404077,0.036901163,0.038917732871250305
XALTIP_clean,18.68299,9.17237,18.68299,0.551216,1809.24,3282.27,0.0,0.0,0.7988,1.44916,0.0,1,0.002782159,0.272606078,0.2811893197562494
XALTOV_clean,12.17047,3.00948,12.16768,1.10281,0.0,0.0,1597.06,1448.18,0.6382,0.578705,0.0,0,0.003397614,0.327054547,0.3194314422250005
XALVOY_clean,3.42483,2.89146,3.4166,1.64764,0.0,0.0,7.66932,4.65474,0.348,0.211211,0.0,1,5.4e-05,0.00673237,0.0049618665849999735
XALXUF01_clean,16.53276,6.69779,16.53276,0.78335,1957.27,2498.59,0.0,0.0,0.7286,0.930107,0.0,1,0.004264956,0.404520991,0.41160507586749717
XALXUF_clean,16.29659,6.6292,16.03149,0.78852,1944.95,2466.59,0.0,0.0,0.7412,0.939989,0.0,1,0.004072333,0.390621942,0.4081077710399964
XAMDUM01_clean,13.18662,6.72456,13.18662,0.882605,2071.54,2347.07,0.0,0.0,0.7186,0.81418,0.0,1,0.005055307,0.428264816,0.4597371235537481
XAMDUM02_clean,13.17767,6.71826,13.17767,0.884458,2085.56,2358.0,0.0,0.0,0.7192,0.813153,0.0,1,0.005140552,0.444319354,0.45944234852624793
XAMDUM03_clean,13.16192,6.69067,13.16192,0.887821,2084.01,2347.33,0.0,0.0,0.7178,0.808496,0.0,1,0.005199966,0.443926709,0.46026828327624786
XAMDUM04_clean,12.94074,6.40333,12.94074,0.919994,2127.62,2312.64,0.0,0.0,0.711,0.772831,0.0,1,0.005796683,0.483888689,0.5387141201874968
XAMDUM05_clean,13.11018,6.61787,13.11018,0.895381,2105.3,2351.29,0.0,0.0,0.717,0.800776,0.0,1,0.005161218,0.458601823,0.4622249259237487
XAMDUM06_clean,13.1663,6.64621,13.1663,0.88326,2088.66,2364.72,0.0,0.0,0.7192,0.814256,0.0,1,0.004802154,0.427221207,0.4282467151987504
XAMDUM_clean,13.20706,6.72961,13.20706,0.879722,2074.04,2357.61,0.0,0.0,0.7196,0.817985,0.0,1,0.004897732,0.425686791,0.43776538645999985
XAMGUQ_clean,8.47788,6.65907,8.47788,0.938367,1761.37,1877.06,0.0,0.0,0.63,0.671379,0.0,1,0.00319629,0.306680774,0.3117811554412518
XAMHEA_manual,9.05929,7.3957,8.92663,0.731602,2360.06,3225.88,0.0,0.0,0.7172,0.980315,0.0,0,0.003657658,0.349861026,0.360510056785001
XAMLUS_clean,3.6314,2.70535,3.60157,1.42336,0.0,0.0,146.785,103.126,0.4958,0.348331,0.0,1,0.000409289,0.041365688,0.04097911621375012
XANDAU_clean,4.31985,2.75013,4.31985,1.53003,0.0,0.0,302.713,197.848,0.4514,0.295027,0.0,1,0.00471137,0.433136905,0.3996945965750024
XANKOO_clean,10.98297,5.31916,10.97484,0.745521,2263.49,3036.11,6.87382,9.22015,0.704,0.944306,0.0,1,0.002716343,0.267100713,0.269995845063751
XANLAA_clean,6.14583,4.4748,6.13418,0.794677,2426.04,3052.86,0.0,0.0,0.655,0.824234,0.0,1,0.0064545,0.628138111,0.5809357929849974
XANLEE_clean,6.11311,4.49275,6.10612,0.785206,2427.23,3091.21,0.0,0.0,0.6562,0.835705,0.0,1,0.006819871,0.649265264,0.6012100010087491
XANMIJ_clean,6.91782,5.66055,6.91782,1.1601,1892.28,1631.14,0.0,0.0,0.5818,0.50151,0.0,0,0.002599957,0.250660902,0.25697542661749945
XANNAB_clean,5.37371,3.38826,5.37371,1.32913,546.549,411.209,252.624,190.067,0.4798,0.360989,0.0,1,0.009486228,0.58246336,0.7388437761812496
XANXUF_clean,4.22776,2.64898,4.15748,1.07965,0.0,0.0,93.7406,86.8249,0.4998,0.462927,0.0,0,0.000453154,0.04556257,0.04404280443499996
XAPCOH_clean,8.13608,7.45425,8.13237,1.22623,2069.1,1687.37,0.0,0.0,0.6692,0.545739,0.0,0,0.002675413,0.252510488,0.2686055440074999
XAPCOJ01_clean,7.3057,7.1276,7.3057,1.11442,1602.91,1438.33,0.0,0.0,0.599,0.537499,0.0,0,0.005107886,0.490305158,0.4659422932849986
XAPCOJ02_clean,7.30662,7.12733,7.30662,1.1168,1599.91,1432.58,0.0,0.0,0.598,0.535457,0.0,0,0.005071819,0.489987324,0.4663041813312492
XAPCOJ03_clean,7.31075,7.15837,7.31075,1.119,1594.88,1425.28,0.0,0.0,0.597,0.533514,0.0,0,0.005042515,0.496039695,0.4652439205762491
XAPCOJ04_clean,7.30941,7.11813,7.30941,1.12085,1593.11,1421.33,0.0,0.0,0.597,0.53263,0.0,0,0.005107886,0.49223245,0.4659418776799986
XAPCOJ05_clean,7.33092,7.2403,7.33092,1.11449,1591.26,1427.79,0.0,0.0,0.599,0.537465,0.0,0,0.004938825,0.483973274,0.4506193820762497
XAPCOJ06_clean,7.33103,7.26133,7.33103,1.11607,1588.71,1423.49,0.0,0.0,0.5978,0.535629,0.0,0,0.004938825,0.480177299,0.45063364234374975
XAPCOJ07_clean,7.31581,7.08591,7.31581,1.1114,1611.64,1450.1,0.0,0.0,0.6012,0.540938,0.0,0,0.004936571,0.498740157,0.45215818545124925
XAPCOJ_clean,7.18852,7.02354,7.18852,1.11226,1622.09,1458.37,0.0,0.0,0.6008,0.540161,0.0,0,0.004961366,0.507202206,0.45424121055624916
XAPCUN_clean,8.23812,7.71066,8.23292,1.2095,2057.71,1701.29,0.0,0.0,0.6722,0.555769,0.0,0,0.002561523,0.24880283,0.25576970648874936
XAPDAU_clean,8.2002,7.60089,8.18046,1.21167,2074.4,1712.02,0.0,0.0,0.6722,0.554773,0.0,0,0.002599706,0.250773182,0.2599116475249993
XAPDEY_clean,8.43698,7.85452,8.43698,1.19984,2075.29,1729.64,0.0,0.0,0.6726,0.560573,0.0,0,0.002599706,0.253210282,0.2599062387912494
XAPGAZ_clean,10.38016,8.73539,10.36807,1.35659,2005.54,1478.37,0.0,0.0,0.7244,0.533985,0.0,1,0.000704962,0.068018066,0.07209581007749997
XAPGED_clean,10.47318,8.63887,10.47223,1.31181,2059.34,1569.85,0.148904,0.11351,0.7314,0.557551,0.0,1,0.000704844,0.069947618,0.07212493468749992
XAPGOK_clean,4.30393,3.46273,4.2974,1.65851,453.916,273.69,0.0,0.0,0.4906,0.295808,0.0,1,0.003192442,0.301422557,0.2955986864200006
XAPGUQ_clean,5.69788,4.67127,5.65245,1.33358,1307.89,980.739,0.0,0.0,0.5882,0.44107,0.0,1,0.002529567,0.24558429,0.24593324929375013
XAPNIN_clean,6.36937,5.09614,6.24616,0.987749,1999.77,2024.57,0.0,0.0,0.6554,0.663529,0.0,0,0.004892507,0.468404058,0.4487915324662503
XAPSIS_clean,5.46139,4.76389,5.45821,0.955004,2054.51,2151.31,0.0,0.0,0.644,0.674342,0.0,1,0.004364258,0.418759989,0.42297102563374944
XAPTEQ_clean,5.59461,4.17124,5.5868,1.43565,1333.03,928.52,0.0,0.0,0.5274,0.36736,0.0,1,0.007492746,0.612085127,0.6470879944937505
XAPTUE_clean,7.01351,4.77674,6.96552,1.46731,1437.82,979.906,0.0,0.0,0.555,0.378244,0.0,1,0.004327529,0.412817686,0.42153190451625
XAPYAO_clean,4.15939,3.04724,4.15939,1.18702,0.0,0.0,317.894,267.808,0.465,0.391737,0.0,1,0.002980151,0.279668698,0.2772363769012493
XAQMOS_clean,4.21635,2.48738,4.0422,2.37723,0.0,0.0,232.025,97.6032,0.3462,0.145632,0.0,1,0.000705857,0.066538301,0.06722146436500002
XAQTEO01_clean,4.59416,3.14542,4.59416,1.9889,0.0,0.0,689.548,346.699,0.4992,0.250993,0.0,1,0.003983951,0.357694032,0.3406582716562485
XAQTEO_clean,4.58826,3.16909,4.58,1.97109,0.0,0.0,720.147,365.355,0.495,0.25113,0.0,0,0.004157218,0.369236779,0.37919415593625133
XAQTIS_clean,4.73699,3.16873,4.73699,1.94157,0.0,0.0,799.998,412.037,0.5038,0.259481,0.0,0,0.004382225,0.387728278,0.39777956458625185
XAQTOY01_clean,4.47595,3.15695,4.47595,1.99102,0.0,0.0,626.182,314.503,0.4868,0.244497,0.0,0,0.003663887,0.330083124,0.3255829453887484
XARPAK_clean,5.96341,5.54999,5.95022,1.02109,1555.57,1523.45,0.0,0.0,0.5744,0.562538,0.0,1,0.004880984,0.475698145,0.4404215279925008
XASFAY_clean,4.84062,3.90347,4.82463,0.992255,1242.53,1252.23,0.0,0.0,0.541,0.545223,0.0,1,0.003716383,0.348065261,0.3539755637037513
XASJUZ_clean,5.3717,3.49252,5.3717,1.8286,687.912,376.196,166.963,91.3066,0.5254,0.287324,0.0,1,0.002494541,0.244694982,0.2360019234862507
XASNUD_clean,13.51875,4.58024,13.51875,0.967914,2185.15,2257.59,0.0,0.0,0.6906,0.713493,0.0,1,0.00463959,0.427919824,0.4320310060300004
XATLIQ_clean,6.68504,4.40867,6.68504,1.13487,1861.75,1640.49,0.0,0.0,0.6014,0.529928,0.0,1,0.002659098,0.265443864,0.2596770634037496
XATZOK_clean,8.52599,5.82023,8.33095,0.788781,2129.05,2699.16,0.0,0.0,0.69,0.874767,0.0,1,0.005430471,0.496914112,0.49390033597749855
XATZUQ_clean,7.56959,6.44554,7.50387,0.891969,1666.54,1868.38,0.0,0.0,0.6382,0.715495,0.0,1,0.004352978,0.420295257,0.42862724906124927
XAVDEF_clean_h,7.82348,7.29552,7.82348,0.99494,1791.82,1800.93,0.0,0.0,0.636,0.639234,0.0,1,0.003816262,0.379286418,0.3701463470887497
XAVDUV_clean,3.22197,3.01037,3.22197,1.27741,0.0,0.0,0.0,0.0,0.4438,0.347421,0.0,0,0.00010412,0.012377484,0.009564339323750113
XAVFEH_clean,3.17223,2.81214,3.03394,1.29958,0.0,0.0,0.0,0.0,0.455,0.350114,0.0,0,4e-05,0.004672592,0.003317223686250017
XAVKIR_clean,15.62831,12.51365,15.62831,0.534545,1877.9,3513.08,0.0,0.0,0.7824,1.46367,0.0,1,0.004764065,0.472117124,0.4284138306087488
XAVQIU01_clean,4.21946,3.54584,4.20969,1.16836,1052.94,901.216,0.0,0.0,0.57,0.487865,0.0,1,0.00389149,0.372628957,0.3610306502100007
XAVQIU_clean,4.2412,3.56279,4.22796,1.15986,1110.01,957.016,0.0,0.0,0.5978,0.515406,0.0,1,0.003663546,0.375462976,0.3493742892425004
XAWBEE_clean,4.29017,3.25005,4.18338,2.27713,0.0,0.0,575.894,252.904,0.4712,0.206927,0.0,0,0.036819511,1.770633719,1.5268508918437511
XAWVUN_clean,10.78711,9.22291,10.78432,0.464213,2191.63,4721.18,0.0,0.0,0.8104,1.74575,0.0,1,0.003157389,0.308949802,0.30978107969625046
XAXBAB_clean,3.84336,2.52769,3.82557,1.2668,0.0,0.0,196.361,155.005,0.4834,0.381592,0.0,0,0.002428372,0.243775244,0.23180412782249982
XAXBEF_clean,4.30873,2.41482,4.29696,1.20585,0.0,0.0,359.299,297.965,0.5098,0.422774,0.0,0,0.00434525,0.423920924,0.39869460840500265
XAXQEU_SL,3.6354,3.21043,3.6354,1.72655,0.0,0.0,151.121,87.5277,0.4522,0.261909,0.0,0,0.002024344,0.185419531,0.18750692510874992
XAZFEJ_clean,4.73064,4.15643,4.70239,1.61284,1526.71,946.596,0.0,0.0,0.5556,0.344486,0.0,1,0.002075133,0.203218122,0.20159098947375054
XAZGEK_clean,4.67162,3.9585,4.53755,1.49862,1406.73,938.683,116.154,77.5075,0.6196,0.413447,0.0,1,0.001305292,0.119934713,0.12820167609375022
XEBHOC_clean,12.08201,9.91355,12.06465,0.465059,2182.46,4692.86,0.0,0.0,0.813,1.74817,0.0,1,0.002990517,0.31394717,0.2979710069287487
XEDGIY_clean,7.07898,5.31452,7.01634,0.998068,1852.97,1856.56,0.0,0.0,0.6184,0.619597,0.0,1,0.002790626,0.282228169,0.2762551397987498
XEDLUN01_clean,4.9958,3.46915,4.97725,0.885985,1404.66,1585.43,0.0,0.0,0.6048,0.68263,0.0,1,0.008384017,0.780957229,0.7269971149549977
XEDLUN_clean,5.03615,3.51292,5.0361,0.885985,1404.83,1585.62,0.0,0.0,0.61,0.688499,0.0,1,0.008393658,0.775838126,0.7259270881612477
XEDPED_clean,10.92065,8.43628,10.92065,1.03509,1442.59,1393.7,0.0,0.0,0.609,0.588357,0.0,0,0.003471291,0.318651638,0.33594158342375097
XEDPIH_clean,4.84924,3.94171,4.80226,1.78705,773.954,433.09,0.0,0.0,0.5042,0.282141,0.0,0,0.006106211,0.474019243,0.5349037733762502
XEDPON_clean,7.48304,4.32366,7.48304,1.13521,1918.18,1689.72,0.0,0.0,0.6406,0.564302,0.0,1,0.005050832,0.482448587,0.479373386577503
XEDPUT_clean,12.14022,5.32775,12.13484,1.5096,998.115,661.177,50.3608,33.3603,0.5416,0.35877,0.0,1,0.034235988,0.734246571,1.7487542558500007
XEFGAQ_clean,4.04864,3.84801,4.03945,1.23647,540.504,437.135,0.0,0.0,0.4578,0.370247,0.0,0,0.004963057,0.440058946,0.4424258606724997
XEFKOI_clean,4.24138,4.03203,4.24093,1.2014,660.067,549.414,0.0,0.0,0.487,0.40536,0.0,0,0.005507474,0.486017869,0.4894072181824976
XEGJIE02_clean,6.83643,4.32814,6.8224,1.14242,1819.25,1592.45,0.0,0.0,0.6186,0.541481,0.0,1,0.003598957,0.340370566,0.3448889089900015
XEGJIE_clean,6.8392,4.32331,6.8392,1.14242,1823.4,1596.08,0.0,0.0,0.6078,0.532027,0.0,1,0.003482563,0.338439483,0.3379230499650008
XEGJOK_clean,8.03848,5.65574,8.03848,1.06612,2083.29,1954.09,0.0,0.0,0.6316,0.59243,0.0,1,0.003399235,0.325441707,0.3324644098425004
XEGJUQ_clean,7.4125,4.89988,7.38387,1.09762,2034.16,1853.25,0.0,0.0,0.6302,0.574154,0.0,1,0.003550018,0.337992424,0.3419544784887507
XEGKAX_clean,7.81736,4.94122,7.81736,1.03321,2328.38,2253.55,0.0,0.0,0.6462,0.625431,0.0,1,0.003165124,0.303961716,0.3098081064025011
XEGKEB_clean,8.23995,5.69274,8.22914,1.05735,2095.89,1982.22,0.0,0.0,0.65,0.614747,0.0,1,0.003069893,0.313176685,0.3013308098325001
XEGKIF_clean,5.20553,3.75045,5.02164,1.3269,1101.02,829.769,0.0,0.0,0.5188,0.390988,0.0,1,0.005017591,0.459148891,0.4548812629449994
XEGKOL_clean,8.255,5.9525,8.24564,1.11832,1646.01,1471.86,0.0,0.0,0.6014,0.537769,0.0,0,0.002838004,0.25697472,0.2837687197387495
XEGKUR_clean,6.60096,5.85838,6.60096,1.03463,2226.74,2152.21,0.0,0.0,0.653,0.631143,0.0,1,0.003229935,0.325767081,0.3158958235300014
XEHDEV_clean,10.95452,9.96703,10.95452,0.958795,1688.15,1760.7,0.0,0.0,0.6704,0.699211,0.0,0,0.002834172,0.28581502,0.28566326654624985
XEHFUL01_clean,4.14546,2.6452,4.14546,2.31309,0.0,0.0,277.038,119.77,0.3954,0.17094,0.0,1,0.002379765,0.217769438,0.2191249099237501
XEHFUL_clean,4.30377,2.60046,4.30377,2.30999,0.0,0.0,289.752,125.434,0.3962,0.171516,0.0,1,0.002576842,0.236495747,0.2381155547150005
XEHRUY_clean,4.75094,3.73804,4.73309,1.40294,806.249,574.687,0.0,0.0,0.4558,0.32489,0.0,0,0.003459874,0.325527803,0.3252033506124995
XEHSAF_clean,4.88109,3.65952,4.87411,1.39164,808.303,580.827,0.0,0.0,0.4608,0.33112,0.0,0,0.003528707,0.322736015,0.3254954489249984
XEHSEJ_clean,5.24127,3.85188,5.21916,1.33454,931.861,698.265,0.0,0.0,0.4838,0.362522,0.0,0,0.00327362,0.307542126,0.30891130423875074
XEHSIN_clean,4.81303,3.64676,4.81303,1.40908,773.939,549.25,0.0,0.0,0.452,0.320776,0.0,0,0.003585393,0.335164434,0.3279944775074983
XEHSOT_clean,4.76348,3.63666,4.76348,1.41375,744.384,526.53,0.0,0.0,0.4508,0.318867,0.0,0,0.003423433,0.327746658,0.32251130177374954
XEHSUZ_clean,4.73753,3.78928,4.73753,1.38845,832.486,599.579,0.0,0.0,0.4634,0.333753,0.0,0,0.00359754,0.328955286,0.32816984389999837
XEHTUB_clean,3.58584,2.84872,3.48749,2.39414,0.0,0.0,31.7227,13.2501,0.3636,0.151871,0.0,1,0.000429587,0.035899004,0.04174021653875018
XEJJIG_clean,3.78574,2.62,3.78054,1.92919,0.0,0.0,94.3435,48.9032,0.4002,0.207445,0.0,1,0.001915302,0.164721097,0.18024814126999938
XEJJOM_clean,3.74248,2.59389,3.74248,1.97363,0.0,0.0,86.115,43.6329,0.3938,0.199531,0.0,1,0.001651366,0.154786483,0.1519976741749997
XEJTIR_clean,4.61538,2.90436,4.5627,1.20458,0.0,0.0,422.489,350.737,0.474,0.3935,0.0,0,0.006372344,0.514476128,0.5377314008612513
XEJWUG_clean,4.34072,3.48491,4.33485,1.56158,471.476,301.922,0.0,0.0,0.4076,0.261018,0.0,0,0.007793425,0.564748638,0.6053610661524961
XEJXAN_clean,4.27901,3.60567,4.27901,1.57867,491.894,311.588,0.0,0.0,0.4078,0.258319,0.0,0,0.007937532,0.613694747,0.6099135342399957
XEJXER_clean,4.12173,3.57853,4.12173,1.5597,414.634,265.842,0.0,0.0,0.4006,0.256844,0.0,0,0.001385805,0.134355336,0.13202438454124993
XEKCAT01_clean,5.91545,4.93297,5.80854,0.930696,2244.72,2411.88,0.0,0.0,0.61,0.655424,0.0,1,0.00568786,0.556264116,0.5196665263124993
XEKCAT_clean,5.88115,4.91006,5.87893,0.940943,2247.61,2388.68,0.0,0.0,0.6062,0.644247,0.0,1,0.005760562,0.574895064,0.5372133589087481
XEKCEX_clean,4.1403,2.48695,4.13195,2.29766,0.0,0.0,211.634,92.1087,0.4364,0.189932,0.0,1,0.000161953,0.016070107,0.01637119944124989
XEKCOH_clean,4.11737,2.51535,4.11608,2.26451,0.0,0.0,232.134,102.509,0.4536,0.200308,0.0,1,0.000149417,0.016587273,0.015952163388749867
XEKDOI_clean,4.10568,3.45704,3.93638,1.4574,748.354,513.486,0.0,0.0,0.4558,0.312749,0.0,1,0.000994812,0.101511456,0.09754187284375045
XEKDUO_clean,2.97586,2.74524,2.97586,1.90357,0.0,0.0,0.0,0.0,0.328,0.172308,0.0,1,0.0,0.0,3.6323137499999916e-05
XEKMIL_clean,4.64233,3.82793,4.64153,1.9066,1018.44,534.165,0.0,0.0,0.4706,0.246827,0.0,1,0.001524004,0.145997314,0.15042172908875023
XENCAU_clean,8.29403,6.89914,8.29403,0.556974,2324.09,4172.71,0.0,0.0,0.7312,1.31281,0.0,1,0.00198591,0.198503887,0.19864552506250108
XENKIM_clean,7.32998,6.03401,7.3267,0.822036,2196.41,2671.92,0.0,0.0,0.6598,0.802641,0.0,1,0.004073066,0.402105731,0.4059196287899963
XENMIO_SL,4.2763,3.43605,4.2763,1.62008,351.871,217.194,309.344,190.944,0.4486,0.2769,0.0,1,0.012859932,0.808321786,0.820976059557498
XENMOU_SL,4.28444,3.44611,4.27407,1.60371,375.808,234.337,301.542,188.028,0.4528,0.282345,0.0,1,0.012196203,0.778841734,0.7898598350975001
XEPBAX_clean,5.14969,3.64809,5.0808,0.940411,1672.05,1778.0,0.0,0.0,0.6138,0.652693,0.0,1,0.003858383,0.359920156,0.36738506977875085
XEQGAC_clean,5.58663,3.48947,5.56914,1.35723,1328.82,979.066,0.0,0.0,0.5714,0.421003,0.0,1,0.004198312,0.40943106,0.3818700736787497
XEQLEM01_clean,4.50974,2.46232,4.44269,1.30005,0.0,0.0,456.114,350.843,0.4082,0.313988,0.0,0,0.015224714,0.83344016,0.8833277699424994
XEQRAO_clean,5.51146,4.60933,5.51146,1.37083,876.068,639.08,0.0,0.0,0.4564,0.332938,0.0,1,0.002613834,0.229178297,0.24411042495750077
XESGOS_clean,3.98226,3.08281,3.98226,1.86313,0.0,0.0,721.406,387.201,0.4408,0.236591,0.0,0,0.005034804,0.455689748,0.42031521950125084
XESKAJ_clean,9.85685,9.29464,9.85685,1.10591,1360.23,1229.96,0.0,0.0,0.5664,0.512158,0.0,1,0.00190602,0.195106875,0.18418979473624908
XESKEN_SL,9.9038,9.36477,9.9038,1.10837,1274.59,1149.97,0.0,0.0,0.5552,0.500916,0.0,1,0.001467644,0.141252884,0.14158695471375063
XESKIR_clean_h,10.14317,9.85365,10.14317,1.23585,1309.87,1059.89,0.0,0.0,0.5666,0.45847,0.0,1,0.000988577,0.104330316,0.09399104450124962
XESKUD_clean,9.9638,9.32015,9.9638,1.26973,1375.76,1083.51,0.0,0.0,0.5732,0.451435,0.0,1,0.00120364,0.115869459,0.12628356298250096
XESLAK_clean,10.31182,9.72546,10.31182,1.3077,1323.78,1012.29,0.0,0.0,0.5742,0.439091,0.0,1,0.000855751,0.09467208,0.08969891457874946
XEVGUC_clean,5.80238,2.42429,5.80238,1.97211,0.0,0.0,309.148,156.759,0.4546,0.230514,0.0,0,0.002189599,0.169021531,0.20584912962499996
XEVVUQ_clean,4.64942,3.10763,4.64942,1.8044,0.0,0.0,597.028,330.874,0.487,0.269896,0.0,0,0.009896095,0.69495504,0.7874796715475009
XEWDUA_clean,8.87023,8.12641,8.87023,1.28139,1148.81,896.537,0.0,0.0,0.5282,0.41221,0.0,1,0.001101326,0.1143564,0.10878621726875036
XEWFAI_clean,8.58001,7.48221,8.58001,1.10647,1594.92,1441.46,0.0,0.0,0.5888,0.532145,0.0,1,0.001496457,0.151353903,0.15104534835875008
XEWRUO_clean,3.53274,2.72431,3.53274,2.12823,0.0,0.0,17.0522,8.01239,0.4242,0.199321,0.0,1,0.000198413,0.017678819,0.020608640988749986
XEXLAP_clean,8.64993,8.01633,8.63141,1.0685,1374.86,1286.72,0.0,0.0,0.5518,0.516424,0.0,0,0.002229014,0.212737246,0.21676458437749976
XEXLET_clean,8.01945,7.40132,8.00563,1.23661,1375.89,1112.63,0.0,0.0,0.5666,0.458188,0.0,0,0.00206377,0.193166838,0.20374701096875014
XEXLIX_clean,7.04809,6.65056,7.03557,1.241,1207.66,973.134,0.0,0.0,0.527,0.424658,0.0,1,0.004094861,0.383896489,0.3933626919124989
XEXLOD_clean,7.18877,6.831,7.15894,1.17716,1370.68,1164.39,0.0,0.0,0.5458,0.463657,0.0,1,0.00351883,0.336039671,0.3329121966675003
XEXLUJ_clean,8.72919,8.14175,8.68787,1.12133,1390.1,1239.69,0.0,0.0,0.5646,0.50351,0.0,1,0.00321393,0.302096179,0.3109892955687515
XEXMAQ_clean,8.3881,8.06353,8.36842,1.12082,1406.28,1254.68,0.0,0.0,0.5662,0.505164,0.0,1,0.003177469,0.302992526,0.3029785833337512
XEXMEU_clean,9.62722,8.85338,9.62722,1.05458,1424.32,1350.6,0.0,0.0,0.595,0.564206,0.0,1,0.002723545,0.264003257,0.2627016392474994
XEYMAR_clean,6.22077,4.79076,5.73209,1.34353,2239.47,1666.86,0.0,0.0,0.6636,0.493924,0.0,1,0.002207966,0.213951949,0.21406833055750102
XEZPUP_clean,4.60797,2.49967,4.60605,1.24925,0.0,0.0,229.667,183.843,0.4214,0.337322,0.0,0,0.00351761,0.292142892,0.3221531050837475
XEZRIF_clean,4.62664,2.54562,4.62664,1.76913,0.0,0.0,507.13,286.655,0.3994,0.225761,0.0,1,0.004064278,0.329672824,0.37541290255625137
XIBZUF_clean,6.9167,4.63591,6.73101,0.936691,2313.06,2469.39,0.0,0.0,0.6504,0.694359,0.0,1,0.005661465,0.557188896,0.5201185037812497
XICNOO01_clean,19.50435,6.85327,19.46967,0.908856,1908.32,2099.7,0.0,0.0,0.7472,0.822132,0.000220057,1,0.001918303,0.194489162,0.19076103241374961
XICNOO_clean,19.61611,6.71064,19.54957,0.903297,1911.76,2116.42,0.0,0.0,0.747,0.826971,0.000221411,1,0.002012028,0.193796975,0.19540228658750053
XICVUB_clean,6.30774,2.50843,6.3024,1.07694,0.0,0.0,1284.09,1192.34,0.5806,0.539118,0.0,1,0.003685087,0.33186877,0.33744962224125
XICYAL_clean,7.12423,4.20147,7.12423,1.10581,1383.62,1251.23,0.0,0.0,0.5472,0.49484,0.0,1,0.004919119,0.442847973,0.4478121869612515
XICYEP_SL,6.23549,4.07005,5.99515,1.80747,1927.34,1066.32,0.0,0.0,0.6084,0.336603,0.000442607,1,0.002783661,0.258778044,0.26824633313374835
XICYIT_SL,6.2924,4.02189,6.26235,1.33234,1949.8,1463.44,0.0,0.0,0.6146,0.461294,0.000450336,1,0.003800177,0.350230353,0.3679675930262502
XICYUF_clean,28.67887,6.71408,28.67887,0.993033,1674.12,1685.86,0.0,0.0,0.7044,0.709342,0.000201403,1,0.002211309,0.214867814,0.21637710134750024
XICZAM_clean,19.52135,6.64584,19.52135,1.26176,1911.12,1514.64,0.0,0.0,0.7502,0.594564,0.000158508,1,0.001421607,0.141256699,0.13909749098125082
XIDBUJ_clean,7.40475,6.25511,7.40475,1.09542,1351.03,1233.34,0.0,0.0,0.5684,0.518888,0.0,0,0.004917255,0.466100273,0.4505348576562497
XIDSUZ_clean,16.05314,15.78983,16.05314,0.493271,1893.57,3838.8,0.0,0.0,0.781,1.58331,0.0,1,0.003452232,0.345297151,0.34778093645000024
XIFHIF_clean,9.50274,8.84024,9.48896,1.39627,1580.72,1132.1,0.0,0.0,0.6078,0.435304,0.0,1,0.001704547,0.166939457,0.16889796069625046
XIFLOP_clean,3.91972,3.02211,3.91972,2.23068,0.0,0.0,58.8926,26.4012,0.3262,0.146234,0.0,0,0.001249965,0.115619671,0.12138227377749995
XIGFOJ_manual,18.90864,18.72951,18.90864,0.692037,1357.79,1962.03,0.0,0.0,0.7528,1.0878,0.0,1,0.002583319,0.266886798,0.25925407807875006
XIGHAX_clean,9.42856,6.02587,9.42856,1.28204,1741.22,1358.17,0.0,0.0,0.657,0.512466,0.0,0,0.001627367,0.159691317,0.16059817064500076
XIGHEB_clean,9.46287,6.0394,9.46287,1.26391,1742.96,1379.02,0.0,0.0,0.6604,0.522504,0.0,0,0.001627367,0.154988937,0.16053988963375077
XIGHIF_clean,9.11851,6.40194,9.11851,1.31172,1721.81,1312.64,0.0,0.0,0.6494,0.495075,0.0,0,0.001647117,0.161121188,0.16677667225500034
XIGWUF_clean,7.07949,4.99162,7.07464,0.478412,3315.96,6931.17,0.0,0.0,0.7822,1.63499,0.0,1,0.001527022,0.150727205,0.1555016147262503
XIHRIQ_clean,4.88127,3.7293,4.77721,1.106,908.9,821.794,0.0,0.0,0.4886,0.441774,0.0,0,0.005654323,0.494716148,0.5032622962349974
XIHSAJ01_clean,5.98845,3.99073,5.69816,1.03053,1765.29,1712.99,0.0,0.0,0.576,0.558935,0.0,1,0.004748592,0.46350645,0.43384526458250017
XIHSAJ_clean,6.08478,4.0122,6.08478,1.01421,1817.12,1791.66,0.0,0.0,0.6044,0.595933,0.0,1,0.004621031,0.456683607,0.4331885834437507
XIHSEN01_clean,5.64298,3.8792,5.64298,1.08478,1405.71,1295.85,0.0,0.0,0.5704,0.525822,0.0,1,0.005248243,0.492861903,0.47404805215875145
XIHSEN_clean,5.63541,3.87826,5.63541,1.09092,1426.31,1307.44,0.0,0.0,0.5682,0.520843,0.0,1,0.005400808,0.510934099,0.49022231284749873
XIHXAP_clean,4.61505,2.44236,4.59141,1.26837,0.0,0.0,700.101,551.97,0.481,0.379227,0.0,1,0.010302511,0.750181972,0.8283789883112527
XIHXET_clean,4.30155,3.10604,4.28136,1.25049,0.0,0.0,736.216,588.741,0.5074,0.40576,0.0,1,0.010644715,0.830015241,0.8253505333850031
XILLEL_clean,7.63373,5.31385,7.61296,0.988669,1586.87,1605.06,0.0,0.0,0.5862,0.592918,0.0,0,0.006723465,0.649366636,0.615181333252502
XILLIP_clean,8.02024,6.48918,8.00532,0.699116,2353.41,3366.26,0.0,0.0,0.7058,1.00956,0.0,0,0.00683314,0.643583425,0.60429623258625
XILSUI_clean,8.05462,5.1792,8.05462,0.833153,2078.06,2494.21,0.0,0.0,0.6418,0.770326,0.0,1,0.004677859,0.4539208,0.43687052558999917
XILTAP_clean,7.46835,4.491,7.46835,0.893159,2015.14,2256.2,0.0,0.0,0.622,0.696404,0.0,1,0.005050829,0.488489471,0.4773755907900016
XILVIZ_clean,7.75339,4.84522,7.60552,0.848736,2042.74,2406.8,0.0,0.0,0.6436,0.758304,0.0,1,0.004837133,0.460757843,0.44467148457749894
XIMPOA01_clean,3.73492,3.03253,3.69632,1.42236,0.0,0.0,116.23,81.7168,0.3916,0.275318,0.0,0,0.000540465,0.047656327,0.05815935242374949
XIMPOA_clean,3.66828,2.99963,3.64614,1.45457,0.0,0.0,88.1777,60.621,0.3818,0.262482,0.0,0,0.000420778,0.044157328,0.04221680695250018
XINHOT_clean,5.41924,4.10207,5.41262,1.543,726.815,471.04,0.0,0.0,0.4344,0.281529,0.0,0,0.004062782,0.347634236,0.37875067568374804
XINJAH_clean,5.1973,3.21133,5.19593,1.54154,0.0,0.0,680.443,441.406,0.4512,0.292695,0.0,0,0.00411083,0.347024483,0.3807309239025005
XINRAP_clean,7.72889,5.88361,7.72889,0.997869,1989.71,1993.96,0.0,0.0,0.6604,0.66181,0.0,1,0.002017619,0.193411448,0.19424017636375068
XINWUO_clean,6.28616,4.28799,6.28616,1.09832,2350.01,2139.64,0.0,0.0,0.6626,0.603282,0.0,1,0.001478415,0.147904264,0.14840846173999978
XINYAW_clean,6.39712,2.73319,6.39712,1.12632,0.0,0.0,782.004,694.298,0.501,0.44481,0.0,1,0.005656135,0.420591877,0.48171941406
XINZEB_clean,5.58391,4.38224,5.56908,1.48991,1505.54,1010.49,0.0,0.0,0.5618,0.377069,0.0,1,0.005892902,0.534729081,0.5245632704225004
XIPBII_clean,7.09225,3.16573,7.09225,1.53471,0.0,0.0,591.614,385.489,0.4848,0.31589,0.0,1,0.00179014,0.171229565,0.1677283700612503
XIPBOO_clean,7.07028,3.0369,7.07001,1.58944,0.0,0.0,593.436,373.361,0.489,0.307655,0.0,1,0.001782593,0.167683254,0.16660562049750033
XIPGUA_clean,6.999,4.80417,6.51629,2.95533,1333.32,451.159,0.0,0.0,0.4992,0.168915,0.0,1,0.000252288,0.02780378,0.02609890185124984
XIPHIN_clean,3.919,2.93663,3.919,1.55745,0.0,0.0,431.436,277.014,0.5236,0.33619,0.0,0,0.001507725,0.142186981,0.14895461618874972
XIPTAS_clean,3.29344,2.59055,3.29344,2.13898,0.0,0.0,0.0,0.0,0.3916,0.183078,0.0,1,4.35e-05,0.003609099,0.00440154386875001
XIPTEW_clean,3.2162,2.5043,3.2162,2.28824,0.0,0.0,0.0,0.0,0.3752,0.163969,0.0,1,1.25e-05,0.001137625,0.0014706100899999977
XIPTIA_clean,3.24791,2.53514,3.24754,2.25411,0.0,0.0,0.0,0.0,0.3762,0.166895,0.0,1,2.38e-05,0.001935541,0.0027105891812500005
XIQHIO_clean,3.58583,2.84823,3.58583,2.33954,0.0,0.0,67.5399,28.8689,0.3432,0.146696,0.0,0,0.003005853,0.270293636,0.2817645037825
XIQZIH_clean,4.35261,3.25057,3.99463,1.22667,0.0,0.0,312.144,254.466,0.4642,0.378424,0.0,0,0.003562145,0.309513858,0.32754946513499783
XIRHUC_clean,3.93056,2.87434,3.93056,1.37485,0.0,0.0,255.426,185.785,0.42,0.305489,0.0,1,0.004783545,0.39561578,0.4009617994587525
XISKUF_clean,4.31794,3.58074,4.31794,1.93785,629.43,324.808,0.0,0.0,0.4082,0.210646,0.0,1,0.004924962,0.420314422,0.4200318978537502
XISLAM_clean,4.34393,3.64065,4.34393,1.93617,692.959,357.901,0.0,0.0,0.4122,0.212894,0.0,0,0.005439788,0.425493351,0.4461282507274976
XISPEW01_clean,7.58694,5.52656,7.5744,1.14161,1954.46,1712.03,0.0,0.0,0.624,0.546598,0.0,1,0.003685379,0.34558183,0.35924238931000063
XISPEW02_clean,7.73943,5.5228,7.73943,1.0858,1985.75,1828.83,0.0,0.0,0.6324,0.582427,0.0,1,0.003364061,0.318778311,0.3320229505125003
XISPEW_clean,7.45128,5.46523,7.15276,1.17603,1960.28,1666.86,0.0,0.0,0.6188,0.526177,0.0,1,0.003859543,0.360688439,0.3717392640887499
XISPUM01_clean,6.90955,4.49306,6.89631,1.14557,2040.23,1780.98,0.0,0.0,0.6396,0.558325,0.0,1,0.00249192,0.263176764,0.24575623952999956
XISPUM_clean,7.32941,4.58436,7.32711,1.21765,2007.19,1648.41,0.0,0.0,0.6216,0.510492,0.0,1,0.004263752,0.39971788,0.40244337145249987
XISXEE_clean,10.02626,5.46429,10.02412,0.66541,2246.71,3376.43,0.0,0.0,0.7296,1.09647,0.0,1,0.003668771,0.364987978,0.35926643677250136
XITYOP_clean,11.26084,5.01855,11.26084,0.828925,2008.18,2422.64,0.0,0.0,0.6806,0.821064,0.0,1,0.006231595,0.552912546,0.5642253295449969
XIVMEW01_clean,5.52138,3.68821,5.51435,1.34752,969.124,719.188,2.26658,1.68203,0.5016,0.372238,0.0,1,0.006354524,0.535937181,0.5404444811249991
XIVMEW_clean,5.05762,3.31299,5.05127,1.54947,317.384,204.834,321.061,207.207,0.4568,0.29481,0.0,1,0.009365243,0.634618887,0.7148781417937498
XIWLAQ_clean,6.60663,5.9994,6.60453,2.29175,1025.32,447.396,0.0,0.0,0.5236,0.228472,0.0,1,0.002099029,0.201975218,0.201247210985
XIWYEH_clean,4.26164,3.52891,4.24796,2.34877,351.985,149.859,0.0,0.0,0.3304,0.140669,0.0,0,0.008155874,0.497779912,0.6053470144462451
XIYYEL_clean,8.54513,8.23246,8.54513,0.722133,2313.21,3203.31,0.0,0.0,0.7918,1.09647,0.0,0,0.001689618,0.175387927,0.16857187282625083
XOBXIW_clean,4.67713,3.51548,4.67713,1.8935,677.109,357.597,0.0,0.0,0.4444,0.234698,0.0,0,0.002278577,0.212536447,0.21419188019999968
XOCGUR_clean,3.64407,2.7768,3.64407,1.57522,0.0,0.0,64.8103,41.1435,0.4316,0.273993,0.0,1,0.000489852,0.045779342,0.04920810337374986
XOCWET_clean,5.57167,3.60863,5.43096,2.052,1278.23,622.917,0.0,0.0,0.549,0.267544,0.0,1,0.001907917,0.178500253,0.1798975577049994
XOCWIX_clean,5.47886,3.44903,5.47476,2.18371,1125.64,515.471,0.227584,0.104219,0.5372,0.246003,0.0,1,0.001761749,0.171592502,0.16661556978750044
XOCWOD_clean,5.38208,3.4319,5.38208,2.211,1054.39,476.883,0.0,0.0,0.5314,0.240344,0.0,1,0.001817923,0.170868252,0.16641602821875026
XOCWUJ_clean,5.43529,3.40185,5.40249,2.21366,1083.86,489.625,0.0,0.0,0.5328,0.240687,0.0,1,0.001793994,0.164896364,0.16770457626125043
XODPUD_clean,15.85383,13.08935,15.85383,0.622253,2051.21,3296.43,0.0,0.0,0.7882,1.26669,0.0,1,0.00372368,0.373350266,0.36956697077
XODXIZ_clean,4.29096,2.67804,4.17991,1.64279,0.0,0.0,307.939,187.449,0.4464,0.271733,0.0,0,0.002817401,0.266789848,0.2704989533487491
XOFFUT_clean,7.8035,3.03296,7.8035,1.22352,0.0,0.0,1147.48,937.854,0.527,0.430725,0.0,1,0.004546866,0.392756851,0.4156773842187517
XOFGAC_clean,20.28488,4.16314,9.48492,0.98367,1835.3,1865.77,0.0,0.0,0.6704,0.681529,0.0,1,0.003672142,0.363318729,0.35870280618250094
XOFPEP01_clean,5.97449,3.48385,5.9665,2.03706,967.647,475.021,0.0,0.0,0.5188,0.25468,0.0,1,0.00186647,0.163991526,0.16953849833874973
XOFPEP_clean,5.97089,3.4618,5.97089,2.03022,1036.5,510.537,0.0,0.0,0.5304,0.261252,0.0,1,0.001643771,0.156248749,0.16176046345250014
XOFTIW_clean,3.88264,3.28878,3.87499,2.43811,0.0,0.0,67.3983,27.6437,0.3884,0.159304,0.0,1,8.41e-05,0.0083698,0.008444068471250019
XOFTOC_clean,3.90687,3.24733,3.8989,2.48425,0.0,0.0,70.2191,28.2658,0.3862,0.15546,0.0,1,8.8e-05,0.009257128,0.008863298696250039
XOGXAU_clean,5.74983,3.78405,5.68214,1.22917,1255.73,1021.6,0.0,0.0,0.5252,0.427279,0.0,1,0.004252866,0.398641266,0.38239206550624955
XOHJUA_clean,3.5863,3.06344,3.56472,2.10142,0.0,0.0,35.0676,16.6876,0.3482,0.165697,0.0,1,0.000330225,0.03264329,0.03334063879000011
XOHLEM_clean,5.52611,4.54089,5.51535,1.339,1839.55,1373.82,0.0,0.0,0.5986,0.44705,0.0,1,0.00594606,0.519009568,0.5470680074837475
XOHTUJ_clean,6.47036,4.69494,6.47036,1.17962,2196.81,1862.3,0.0,0.0,0.6472,0.548652,0.0,1,0.002246458,0.221243012,0.21856783304750016
XOJCUV_clean,4.0943,2.50912,4.08596,1.53796,0.0,0.0,238.03,154.77,0.4254,0.276601,0.0,1,0.001266867,0.114901943,0.12157366925124957
XOJPES_clean,4.42711,3.10794,4.42711,1.63291,0.0,0.0,674.545,413.095,0.5662,0.346744,0.0,1,0.00062762,0.063048112,0.06266200232625013
XOJWEZ_clean,5.26222,4.56445,5.26222,1.41259,749.294,530.438,0.0,0.0,0.5012,0.354809,0.0,1,0.003571126,0.310546484,0.3271991428937486
XOJWOJ_clean,7.01927,4.56509,7.01927,1.20631,1535.66,1273.03,0.0,0.0,0.6016,0.498713,0.0,1,0.00475371,0.439180585,0.4386126111299997
XOKHAH_clean,3.76094,3.05778,3.73213,1.56619,0.0,0.0,60.9484,38.9151,0.3978,0.253993,0.0,1,0.001468918,0.137991195,0.13292562523624996
XOKHIP_clean,4.7478,3.45863,4.7478,2.16707,449.011,207.197,0.0,0.0,0.3986,0.183935,0.0,1,0.002095221,0.18762603,0.1952593597637497
XOLGEM_clean,8.23028,3.3881,4.18472,1.12561,392.038,348.289,1000.78,889.098,0.618,0.549034,0.0,0,0.002396576,0.226857761,0.23020373210999912
XOLYUS_clean,3.14153,2.40359,3.13102,1.78899,0.0,0.0,0.0,0.0,0.3268,0.182673,0.0,1,2.65e-05,0.001596468,0.003031182718750003
XOMCIL_clean,4.28189,2.54839,4.28189,3.28403,0.0,0.0,274.234,83.5052,0.3978,0.121132,0.0,0,0.001241233,0.121193529,0.12052361191124972
XOMCIN_clean,5.94246,4.25779,5.52872,0.995112,2064.21,2074.35,0.0,0.0,0.6074,0.610384,0.0,1,0.007343672,0.670634024,0.6668173054387512
XOMCOT_clean,4.8748,3.64387,4.86282,1.12809,975.65,864.872,0.0,0.0,0.4934,0.437378,0.0,0,0.015494081,1.10781815,1.0880197490675045
XOMDOU_clean,6.08861,4.66373,6.08699,1.18202,859.304,726.977,313.731,265.419,0.5438,0.460059,0.0,1,0.007704848,0.613527198,0.660695705997501
XOMGIQ_clean,5.5226,3.96675,5.5226,1.11957,1446.11,1291.67,0.0,0.0,0.5666,0.506089,0.0,1,0.00347309,0.32586276,0.33350603442500165
XOMJOY_clean,6.10947,3.84777,5.97895,1.18998,613.441,515.507,422.204,354.8,0.5142,0.43211,0.0,0,0.007502297,0.59592418,0.6566531273624999
XOMJUE_clean,6.09418,3.77279,6.07728,1.21681,603.908,496.303,411.544,338.214,0.507,0.416662,0.0,0,0.0081058,0.617506215,0.6630456488762476
XOMZAC_clean,3.36862,2.5328,3.36862,1.71366,0.0,0.0,0.673743,0.39316,0.369,0.215328,0.0,1,4.57e-05,0.004423641,0.004564914480000002
XONGUD_clean,8.38841,6.91725,8.38841,2.68456,1261.77,470.01,0.0,0.0,0.5318,0.198096,0.0,1,0.000267203,0.027685175,0.026785836447499847
XONLES01_clean,15.55222,13.97126,15.55222,0.303181,1639.83,5408.75,0.0,0.0,0.871,2.87288,0.0,1,0.003739984,0.361476211,0.36761154365500004
XOPKIX_clean,4.3954,2.86735,4.3954,1.55519,0.0,0.0,129.604,83.3365,0.4068,0.261575,0.0,0,0.001797943,0.153342247,0.1675478931912494
XOPKOD_clean,4.54668,3.0036,4.54668,1.52199,0.0,0.0,164.454,108.052,0.4172,0.274114,0.0,0,0.001895602,0.179149774,0.17875075982749955
XOPLOE_clean,7.50726,5.3332,7.50699,0.991241,2013.82,2031.62,0.0,0.0,0.621,0.626488,0.0,1,0.003381476,0.362638816,0.33168549776250095
XOPLUL_clean,4.48758,3.26596,4.47758,1.70185,0.0,0.0,891.093,523.603,0.4918,0.28898,0.0,0,0.004610482,0.403230699,0.4052039577162516
XOPMIA_clean,5.53948,4.71058,5.5345,1.05182,1628.72,1548.47,0.0,0.0,0.5582,0.5307,0.0,0,0.005765669,0.53659767,0.5312169263350006
XOQXEH_clean,5.17553,3.13265,4.94244,1.52455,0.0,0.0,472.003,309.602,0.4694,0.307895,0.0,1,0.007420173,0.499904526,0.6096368298087473
XOQXIL_clean,5.56779,4.25341,5.54313,1.05181,1608.8,1529.56,0.0,0.0,0.552,0.524811,0.0,1,0.003130707,0.295749017,0.2937199704062504
XOQXOR_SL,4.82657,2.72791,4.82657,1.20184,0.0,0.0,508.437,423.049,0.484,0.402716,0.0,0,0.002856905,0.248887755,0.2734650100099996
XORHET_clean,4.71137,3.51837,4.71137,1.22336,1024.9,837.774,81.2251,66.395,0.5446,0.445167,0.0,1,0.003053193,0.292825599,0.29047216107749985
XOSPEB_clean,4.51127,3.14004,4.47583,2.19976,0.0,0.0,841.145,382.38,0.5006,0.22757,0.0,1,0.019408317,1.272189626,1.186075530353746
XOSPOK_clean,6.02139,4.57668,6.02139,1.94823,1837.76,943.297,0.0,0.0,0.586,0.300786,0.0,1,0.00426073,0.389380137,0.39277125718624994
XOSPUQ02_clean,4.0009,2.48146,3.99232,2.43305,0.0,0.0,397.366,163.32,0.485,0.199338,0.0,1,0.004628293,0.382516417,0.39665993329750243
XOSPUQ_clean,4.06788,2.48984,4.06788,2.4046,0.0,0.0,437.433,181.915,0.4968,0.206604,0.0,1,0.00454504,0.39286119,0.3978274869537523
XOSQUR_ion_b,4.37136,2.79578,4.20428,2.76683,0.0,0.0,193.203,69.8283,0.372,0.13445,0.0,0,0.006634109,0.400452375,0.5304813875487476
XOTGUI_clean,5.14072,4.00351,5.14055,1.55556,2014.34,1294.93,0.0,0.0,0.6006,0.386099,0.0,1,0.002086834,0.205313526,0.20598198105250112
XOTHAP_clean,5.67034,4.65738,5.67034,1.50505,1984.46,1318.53,0.0,0.0,0.6152,0.408756,0.0,1,0.001857132,0.182138809,0.17756563665499925
XOTSEG_clean,8.78779,6.45971,8.7759,0.828086,1735.59,2095.91,0.0,0.0,0.6318,0.762964,0.0,1,0.003646083,0.343267519,0.3599458837125009
XOTSIK_clean,8.84143,7.37067,8.64635,0.961303,1776.26,1847.76,0.0,0.0,0.6086,0.633099,0.0,1,0.003309642,0.320231457,0.3286273829512507
XOTXAG_clean,4.5925,3.72441,4.55253,1.45522,1114.56,765.906,0.0,0.0,0.459,0.315416,0.0,1,0.003684538,0.34516662,0.34466598189249803
XOTXUB_clean,4.27674,3.47607,4.14843,1.21704,316.782,260.289,0.0,0.0,0.4284,0.352001,0.0,1,0.001100362,0.108862771,0.10783615607125036
XOTZIR_clean,6.298,3.81619,6.27425,1.33376,798.487,598.675,0.0,0.0,0.4626,0.34684,0.0,1,0.005361971,0.442937532,0.4628832897112482
XOVPIH_clean,4.3234,3.46915,4.32329,1.51036,756.835,501.096,0.0,0.0,0.4966,0.328796,0.0,1,0.002109329,0.200090999,0.2003829296787506
XOVPON_clean,5.74841,4.13919,5.74724,1.29056,1444.67,1119.41,0.0,0.0,0.5696,0.44136,0.0,1,0.002878706,0.261046179,0.27488957021749927
XOVPUU_clean,11.45503,9.77333,11.45503,0.404958,2012.2,4968.9,0.0,0.0,0.8444,2.08515,0.0,1,0.003133954,0.312944396,0.3051826939174993
XOVQAB_clean,9.04253,7.30249,9.03111,0.610216,2352.44,3855.09,0.0,0.0,0.7448,1.22055,0.0,1,0.003345905,0.325765799,0.33794447644875014
XOVQEF_SL,13.73802,11.42638,13.39901,0.433642,2002.7,4618.32,0.0,0.0,0.8224,1.89649,0.0,1,0.003267992,0.320753113,0.32120759120500075
XOVQIJ_clean,7.41561,4.13146,7.41561,0.925084,1684.83,1821.27,0.0,0.0,0.5816,0.6287,0.0,1,0.004066514,0.387642128,0.39783666665874834
XOVVEK_clean,4.5587,3.32854,4.54868,1.59784,579.018,362.376,0.0,0.0,0.4486,0.280754,0.0,1,0.00490915,0.402360575,0.4305782931137502
XOVVIO_clean,4.51219,3.10979,4.50726,1.65182,0.0,0.0,349.082,211.331,0.4304,0.260561,0.0,1,0.002072832,0.183267062,0.19572556951125072
XOVVOU_clean,6.57595,5.59779,6.5535,1.07267,2264.54,2111.12,0.0,0.0,0.6676,0.622371,0.0,1,0.004392984,0.430723711,0.42875375085624945
XOVXAI_clean,4.18364,3.10112,4.15834,1.82648,0.0,0.0,290.25,158.912,0.3724,0.20389,0.0,1,0.004542183,0.380250857,0.3952494941800021
XOVXEM_clean,4.37957,3.07357,4.35283,2.15418,0.0,0.0,406.169,188.549,0.3978,0.184664,0.0,1,0.004343949,0.337342858,0.3904677033200024
XOVYIR_clean,4.13092,3.16968,4.13092,1.74273,0.0,0.0,297.605,170.769,0.3782,0.217015,0.0,1,0.004527836,0.377602413,0.3961922534862523
XOVYUD_clean,3.82744,2.88368,3.79812,1.90195,0.0,0.0,267.873,140.841,0.4522,0.237756,0.0,1,0.000897518,0.087226414,0.08766796296374958
XOXMED_clean,15.20268,12.48764,14.68508,0.499,1903.11,3813.84,0.0,0.0,0.7876,1.57836,0.0,1,0.00316142,0.310155704,0.30667061783250044
XUBGUY_clean,11.92741,6.17876,10.43844,0.841842,2109.15,2505.4,0.0,0.0,0.7154,0.849804,0.0,1,0.002581464,0.26902989,0.25782373884125115
XUBJAF01_clean,3.31207,2.84382,3.31207,2.1992,0.0,0.0,0.0,0.0,0.433,0.19689,0.0,1,6.49e-05,0.006611309,0.007079652518750047
XUBJAF02_clean,3.31847,2.84202,3.31847,2.19167,0.0,0.0,0.0,0.0,0.4556,0.207878,0.0,1,6.6e-05,0.006611309,0.007148321462500046
XUBJAF03_clean,3.33811,2.84813,3.32636,2.30153,0.0,0.0,0.272601,0.118443,0.407,0.176839,0.0,1,0.000128305,0.011730763,0.010691665046250062
XUBJAF_clean,3.30914,2.74501,3.30667,2.21573,0.0,0.0,0.0,0.0,0.4288,0.193525,0.0,1,6.03e-05,0.006739938,0.006431628660000018
XUCLIS_clean,6.38625,3.16193,6.38353,1.10806,0.0,0.0,878.64,792.954,0.495,0.446727,0.0,1,0.00898918,0.733269619,0.7808951453137503
XUCNOZ_clean,6.67171,3.21316,6.67171,1.49145,0.0,0.0,1034.55,693.652,0.5484,0.367696,0.0,1,0.002280124,0.215275277,0.22322536691624933
XUCSAR01_clean,4.10082,2.80661,4.0776,1.66102,0.0,0.0,220.972,133.034,0.4592,0.276457,0.0,1,0.002461855,0.232320149,0.22821713912999986
XUCSAR_clean,4.0404,2.74885,4.039,1.66104,0.0,0.0,208.637,125.607,0.4544,0.273564,0.0,1,0.002623269,0.242645424,0.2388638115562507
XUCSOF_clean,5.25566,4.59264,5.25566,1.60312,661.505,412.637,358.397,223.562,0.482,0.300664,0.0,1,0.007546907,0.59443504,0.6207930715499981
XUDNAN_clean,8.67531,5.1775,8.35832,0.937633,1918.83,2046.46,0.0,0.0,0.6496,0.692809,0.0,1,0.003759077,0.357195025,0.36719803518624977
XUDNUH_clean,12.36127,6.84234,12.36127,0.492653,2292.38,4653.12,0.0,0.0,0.8076,1.63929,0.0,1,0.003274857,0.332882718,0.3263022176025008
XUDPIX_clean,11.39057,6.9563,11.17218,0.55889,2521.72,4512.0,0.0,0.0,0.7746,1.38596,0.0,1,0.0035285,0.353402075,0.35293034795375033
XUDYEC_clean,6.34584,5.04991,6.34584,1.10902,1973.56,1779.55,0.0,0.0,0.6464,0.582857,0.0,1,0.004284312,0.399831717,0.42239301276624985
XUDYOM_clean,5.92099,5.48654,5.7966,1.63199,1266.45,776.015,0.0,0.0,0.5438,0.333212,0.0,0,0.008552633,0.725285816,0.7098697609574988
XUFPIZ_clean,4.43917,3.40706,4.39655,1.31985,159.122,120.561,0.0,0.0,0.4154,0.314732,0.0,0,0.001462464,0.133368467,0.13375737196875012
XUFWOM_clean,9.12848,8.18722,9.12848,0.813283,1954.3,2402.97,0.0,0.0,0.7082,0.870792,0.0,1,0.003120745,0.309357009,0.304421818003751
XUFYAA_clean,16.80237,4.60613,16.77492,0.589197,2123.72,3604.43,0.0,0.0,0.7212,1.22404,0.0,1,0.005118387,0.4825337,0.46587208136499897
XUGDOU_clean,5.59885,2.90872,5.57807,2.06644,0.0,0.0,633.646,306.636,0.4496,0.217572,0.0,1,0.004304346,0.328272101,0.39534582310375166
XUGROI_clean,6.64754,5.07389,6.16433,0.794522,2382.26,2998.35,0.0,0.0,0.6836,0.860391,0.0,1,0.005083051,0.486001428,0.48571427669874867
XUGSEY_clean,7.45351,5.81909,7.11831,0.709523,2586.66,3645.63,0.0,0.0,0.7068,0.996162,0.0,1,0.004529772,0.439894821,0.4371013807449986
XUGSID_clean,4.92449,2.60361,4.80121,1.39194,0.0,0.0,618.158,444.099,0.442,0.317543,0.0,1,0.012277893,0.859322411,0.8391832237037491
XUGWAZ_clean,4.92003,3.32075,4.91922,1.56306,401.126,256.629,0.0,0.0,0.3926,0.251175,0.0,0,0.006955635,0.530338557,0.5438498548925004
XUGWUS_clean,5.27863,4.66019,5.2635,1.38078,911.096,659.843,0.0,0.0,0.496,0.359218,0.0,1,0.00237936,0.21691689,0.2203968568400003
XUHVON_clean,4.66393,3.20904,4.65334,1.00628,0.0,0.0,1359.66,1351.18,0.629,0.625077,0.0,0,0.00591801,0.544465195,0.5238083017812492
XUJPEY_clean,5.84221,4.51142,5.77769,1.25506,1324.62,1055.42,0.0,0.0,0.5206,0.4148,0.0,0,0.006812153,0.582404212,0.5995687374787487
XUJPIC_clean,5.88914,4.75213,5.84985,1.23811,1386.84,1120.12,0.0,0.0,0.5304,0.428394,0.0,0,0.006581686,0.57407527,0.600128731998749
XUJPOI_clean,5.22333,3.76094,5.20942,1.23729,1450.85,1172.61,0.0,0.0,0.566,0.457452,0.0,0,0.00621778,0.581118728,0.5593821628499979
XUJQAV_clean,5.23926,3.75063,5.23926,1.23622,1470.1,1189.19,0.0,0.0,0.5596,0.452669,0.0,0,0.006120731,0.581326061,0.5602992235562475
XUJSAY_clean,5.36362,3.81487,5.35817,1.44593,257.114,177.818,33.7457,23.3384,0.4668,0.322836,0.0,1,0.014871039,0.506616052,0.960082100581249
XUKHUI_clean,5.94415,4.22176,5.9168,1.20125,1179.74,982.099,0.0,0.0,0.5426,0.451698,0.0,1,0.008577032,0.72578636,0.7114960279099997
XUKLAS_clean,5.87516,3.79987,5.86816,1.26294,911.252,721.53,0.0,0.0,0.4946,0.391624,0.0,1,0.004339538,0.384852049,0.41252783089124884
XUKNIC_clean,6.71193,5.19255,6.7113,1.00366,2512.55,2503.38,0.0,0.0,0.6472,0.644838,0.0,1,0.004123175,0.402681515,0.4043477916649983
XUKYEI_neutral,13.17229,10.75846,13.16843,0.287208,1805.38,6285.97,0.0,0.0,0.8682,3.02289,0.0,0,0.003095693,0.299417046,0.3027302610787492
XULDOZ_clean,4.87245,2.48068,4.86338,1.31579,0.0,0.0,696.702,529.495,0.502,0.381521,0.0,1,0.00397505,0.33444556,0.34888527389374974
XULGUI_clean,5.19956,3.31728,5.19441,1.46593,708.67,483.427,0.0,0.0,0.4636,0.31625,0.0,0,0.007395232,0.548124348,0.6226478105612498
XULVAD_clean,4.0348,2.77953,3.97256,1.77558,0.0,0.0,258.173,145.402,0.4428,0.249383,0.0,1,0.00177769,0.157893496,0.1645809717749999
XUMCAK_clean,4.73151,2.87966,4.7307,1.51149,0.0,0.0,698.103,461.865,0.5952,0.393784,0.0,0,0.000514328,0.05300821,0.052690628002499657
XUMMOJ_clean,8.37622,7.86065,8.37622,1.08186,1183.03,1093.52,0.0,0.0,0.5464,0.505057,0.0,1,0.001660023,0.168471519,0.16753732325750054
XUMMUP_clean,8.4295,7.42103,8.42696,1.01197,1167.11,1153.31,0.0,0.0,0.545,0.538555,0.0,1,0.001474019,0.142872228,0.1419033719912506
XUMNEA_clean,5.24244,3.69297,5.22761,1.21845,601.492,493.654,0.0,0.0,0.4622,0.379335,0.0,0,0.007607566,0.55454295,0.6466009378837484
XUMNIE_clean,7.92656,5.00523,7.92544,0.836736,1842.18,2201.63,0.0,0.0,0.617,0.737389,0.0,0,0.00630313,0.578307208,0.5659925494187467
XUMSOP_clean,5.79642,2.80847,5.2556,1.91936,0.0,0.0,646.66,336.914,0.4892,0.254877,0.0,0,0.001131562,0.104261053,0.10993213759999979
XUMTUV_clean,5.4813,5.1227,5.47077,1.25424,1931.27,1539.79,0.0,0.0,0.6264,0.499425,0.0,1,0.004695412,0.434385141,0.4366259233812501
XUMVAD_clean,5.48445,5.10748,5.47384,1.24179,1950.9,1571.03,0.0,0.0,0.619,0.498472,0.0,1,0.00451229,0.429819673,0.4332640489475005
XUMVEH_clean,5.51001,5.03328,5.49298,1.14233,1980.67,1733.88,0.0,0.0,0.6382,0.55868,0.0,1,0.004291887,0.406064026,0.41763832861000055
XUMVOS_clean,3.47648,2.9114,3.47648,2.25343,0.0,0.0,38.9642,17.2911,0.3906,0.173336,0.0,1,0.000208798,0.01972449,0.020710740568750018
XUNGOD_clean,5.27654,3.81371,5.27654,1.03399,1095.75,1059.73,0.0,0.0,0.4858,0.469831,0.0,0,0.011834028,0.930138128,0.8886858312875019
XUNHAQ_clean,4.43369,3.93895,4.41861,1.01112,1121.76,1109.42,0.0,0.0,0.495,0.489555,0.0,1,0.009787246,0.799136851,0.8030772659375006
XUNRUV_clean,4.49215,3.15718,4.4842,1.10077,0.0,0.0,643.027,584.162,0.4566,0.414801,0.0,0,0.009404259,0.728449295,0.7684533690375001
XUNSAC_clean,4.78336,3.78154,4.77852,1.05045,959.001,912.941,0.0,0.0,0.4742,0.451425,0.0,1,0.009519962,0.790910255,0.7857952517962492
XUNSEG_clean,5.12519,4.59555,5.12519,1.00672,1017.4,1010.61,0.0,0.0,0.4976,0.494281,0.0,1,0.008979116,0.747809421,0.793258631183749
XUNSIK_clean,4.24603,3.78968,4.24603,1.0539,1014.98,963.071,0.0,0.0,0.475,0.450706,0.0,0,0.010081437,0.821947447,0.7915036187450021
XUNSOQ_clean,5.47061,4.41529,5.45212,1.01415,1093.33,1078.08,0.0,0.0,0.49,0.483165,0.0,0,0.010292214,0.833786409,0.8509278275025006
XUNSUW_clean,3.69134,2.56409,3.43088,1.1644,0.0,0.0,63.3596,54.414,0.4058,0.348506,0.0,1,0.002760735,0.244621045,0.2460644003725005
XUNTAD_clean,3.83107,2.66972,3.54393,1.13178,0.0,0.0,118.943,105.093,0.4358,0.385056,0.0,1,0.002997523,0.283825636,0.28488548614375003
XUNTIL_clean,4.3912,3.544,4.3912,1.10854,669.818,604.235,0.0,0.0,0.4582,0.413336,0.0,1,0.006398663,0.565681625,0.5496467956874996
XUPCAM_clean,3.27787,2.55853,3.19676,2.23889,0.0,0.0,0.0,0.0,0.3834,0.171245,0.0,1,1.84e-05,0.002119912,0.001982161773749992
XUPSAE_clean,6.99773,6.86151,6.99773,1.067,1576.28,1477.3,0.0,0.0,0.5844,0.547705,0.0,0,0.006682181,0.626087902,0.6161424747725015
XUQSIN_clean,6.09297,3.1318,6.09106,1.68768,0.0,0.0,1134.56,672.26,0.5418,0.321032,0.0,1,0.000566519,0.053433937,0.060927920237499794
XUTQEI_clean,15.07113,13.13968,15.07113,0.479637,2165.37,4514.6,0.0,0.0,0.7968,1.66126,0.0,1,0.003389368,0.343564421,0.34063292852500054
XUVGUQ01_ion_b,5.66625,3.6728,5.66625,2.37494,405.836,170.882,0.0,0.0,0.3574,0.150488,0.0,1,0.004056218,0.247382941,0.3717916148174982
XUVHEB_clean,6.21978,5.41115,6.21978,1.07724,1379.45,1280.54,0.0,0.0,0.5818,0.540085,0.0,1,0.006475441,0.564566105,0.5843931256712492
XUVQOW_clean,7.02178,4.13589,6.48548,1.19698,1845.1,1541.47,0.0,0.0,0.6186,0.516801,0.0,1,0.004501668,0.434602945,0.43614474901000155
XUWFUR_clean,8.57387,5.22151,8.55217,0.997477,1382.53,1386.02,0.0,0.0,0.5736,0.575051,0.0,1,0.002833717,0.278772157,0.28134525882499944
XUWKEH_clean,5.79973,4.2003,5.79973,1.47767,748.2,506.339,0.0,0.0,0.4194,0.283826,0.0,1,0.001024552,0.095897249,0.09986418535125072
XUWSUD_clean,4.4926,3.78091,4.4926,2.14584,718.007,334.605,0.0,0.0,0.4438,0.206819,0.0,1,0.012515743,0.878619535,0.8140254877612498
XUWTAK_clean,4.40667,3.75356,4.40321,2.17452,723.721,332.819,0.0,0.0,0.4382,0.201516,0.0,1,0.012906447,0.902110283,0.8734313741637488
XUWVUG_clean_h,3.95338,3.75922,3.95195,3.19434,197.336,61.7769,0.0,0.0,0.287,0.0898463,0.0,1,0.000313842,0.026018624,0.03076168488500029
XUYDIF_clean,3.88622,2.90765,3.88622,1.77813,0.0,0.0,132.847,74.7119,0.4126,0.232042,0.0,0,0.001085912,0.102762294,0.10700867222750049
XUYXAR_clean,4.42154,3.80283,4.41884,1.51094,575.938,381.179,0.0,0.0,0.432,0.285915,0.0,1,0.00276972,0.263304295,0.24568411301250034
XUZDUS_clean,4.25337,2.99465,4.24801,1.81943,0.0,0.0,161.833,88.947,0.462,0.253925,0.0,1,0.000510376,0.047700698,0.05238669383749968
XUZFUU_clean,4.68587,4.02373,4.64539,1.54626,1063.92,688.065,0.0,0.0,0.4318,0.279255,0.0,1,0.003622722,0.323090419,0.32912714149249767
XUZXUN_clean,6.69731,3.21556,6.63902,2.10485,0.0,0.0,1164.3,553.15,0.5338,0.253604,0.0,1,0.002507016,0.232939387,0.23509539462625026
YABHER_clean,14.37293,4.52414,14.37293,0.692157,1907.84,2756.36,0.0,0.0,0.7082,1.02318,0.0,1,0.004709188,0.452991335,0.4338005647062488
YABWOP_clean,4.88487,3.26584,4.81241,1.64251,0.0,0.0,708.94,431.619,0.5666,0.344959,0.0,1,0.001361211,0.127939644,0.1296672364937491
YACHIV_clean,3.36162,2.52772,3.32496,1.73707,0.0,0.0,0.0,0.0,0.364,0.209548,0.0,1,3.91e-05,0.00485816,0.003277270985000011
YACHOB_clean,3.35343,2.52771,3.19211,1.74642,0.0,0.0,0.0,0.0,0.3764,0.215526,0.0,1,4.26e-05,0.003978093,0.0044194310975000095
YACHUH_clean,3.30647,2.47176,3.30585,1.79254,0.0,0.0,0.0,0.0,0.371,0.206969,0.0,1,3.48e-05,0.003457723,0.003275071866250017
YADMIB_clean,3.33426,2.52116,3.33095,1.7675,0.0,0.0,0.0,0.0,0.3742,0.211711,0.0,1,3.63e-05,0.003681079,0.003248310467500007
YAFDAM_clean,3.318,2.48073,3.318,1.76682,0.0,0.0,0.0,0.0,0.3722,0.210661,0.0,1,3.64e-05,0.002785624,0.003271976697500017
YAFGAP_clean,2.74525,2.44183,2.74525,2.26339,0.0,0.0,0.0,0.0,0.3168,0.139967,0.0,1,0.000119159,0.011494355,0.00998554662375008
YAGJOI_clean,5.63288,5.50957,5.62983,1.07586,1552.96,1443.46,0.0,0.0,0.5528,0.513822,0.0,0,0.005894922,0.54047209,0.5388448808737489
YAGRON_clean,4.8185,3.03513,4.73512,2.23458,0.0,0.0,659.402,295.09,0.4728,0.211583,0.0,0,0.033100937,1.267072588,1.4056181535937489
YAHPED_clean,6.77398,3.93575,6.76774,1.0241,1743.19,1702.16,0.0,0.0,0.5738,0.560295,0.0,0,0.005370832,0.528383009,0.4874091556287485
YAJXIT_clean,5.12079,3.85633,4.1425,1.60147,940.147,587.051,0.0,0.0,0.5148,0.321454,0.0,1,0.003272314,0.281232142,0.3070941778712502
YAJXUF_clean,4.78048,4.01708,4.28221,1.6121,814.456,505.215,0.0,0.0,0.519,0.32194,0.0,1,0.003716779,0.313178265,0.34606555721624793
YAJZIV_clean,6.01227,2.87459,6.01227,1.85584,0.0,0.0,678.856,365.794,0.4034,0.217368,0.000107768,1,0.003441206,0.298081112,0.3123383901949995
YANBAR01_clean,4.64582,3.70971,4.64582,1.82012,796.602,437.666,0.0,0.0,0.4462,0.245149,0.0,0,0.002038716,0.183886875,0.18744248602499972
YANBAR02_clean,4.9953,3.83765,4.98464,1.73124,921.603,532.338,0.0,0.0,0.4702,0.271598,0.0,0,0.00187711,0.182410671,0.17152887263124905
YANBAR03_clean,4.71059,3.74,4.66327,1.80873,823.157,455.102,0.0,0.0,0.451,0.249346,0.0,0,0.001950144,0.190111796,0.18565304678499978
YANBAR_clean,4.9541,3.79831,4.9225,1.76383,896.703,508.383,0.0,0.0,0.4572,0.259208,0.0,0,0.00204027,0.191625293,0.18807889267124994
YAPLIM_clean,8.749,6.77808,8.749,0.964207,1741.38,1806.02,6.02633,6.25004,0.65,0.674129,0.0,1,0.003376544,0.340631338,0.33327238262125036
YAPLOS_clean,9.23645,7.54223,9.20879,0.838059,1650.76,1969.74,3.89826,4.65153,0.6584,0.785625,0.0,1,0.002017563,0.195517881,0.19437519653625057
YAPLUY_clean,7.79113,6.77532,7.7776,0.987389,1670.12,1691.45,5.68352,5.75611,0.6296,0.637641,0.0,1,0.00260396,0.244772271,0.262259086374999
YAPMAF_clean,8.17522,6.25474,8.17454,1.00629,1672.2,1661.75,6.89892,6.8558,0.6166,0.612746,0.0,1,0.00306714,0.290395622,0.2994343451450005
YAPXIX_clean,5.17779,4.8964,5.17779,1.52841,213.864,139.925,323.996,211.982,0.4448,0.291021,0.0,1,0.009793857,0.547242022,0.7185347760437503
YAPYUK_clean,3.81265,2.51848,3.80052,1.54037,0.0,0.0,49.4183,32.0821,0.3806,0.247084,0.0,1,0.003169261,0.251469518,0.2926536332275003
YAQCAW_clean,4.91699,2.42411,4.91433,2.38838,0.0,0.0,459.679,192.465,0.453,0.189668,0.0,1,0.027812874,0.93576044,1.2323071466537412
YAQCEY_clean,6.56305,4.53526,6.55951,1.09172,1547.89,1417.84,0.0,0.0,0.554,0.507454,0.0,1,0.003211224,0.307876115,0.30709279442875315
YAQCIE_clean,3.91255,3.10049,3.91255,2.52132,0.0,0.0,255.392,101.293,0.4022,0.15952,0.0,0,0.056565135,1.514845464,1.4641488909037579
YAQKEI_clean,4.87973,4.18958,4.87973,1.91746,825.152,430.337,0.0,0.0,0.4374,0.228115,0.0,1,0.00360347,0.316015985,0.3231795053612483
YAQZEX_ion_b,6.27416,3.36666,5.79622,3.07979,293.774,95.3877,263.852,85.6718,0.4598,0.149296,0.0,0,0.000109679,0.011300381,0.011545576676250037
YAQZUN_clean,4.41613,2.73385,4.179,2.96248,0.0,0.0,418.121,141.139,0.4636,0.156491,0.0,1,0.000811582,0.080138181,0.07881454279749937
YARBAW_clean,4.44594,3.74599,4.44594,1.19018,680.577,571.825,0.0,0.0,0.4774,0.401114,0.0,1,0.001971482,0.18129527,0.18886145081625036
YARBUQ_clean,4.67624,4.03616,4.54961,1.19852,280.172,233.766,258.386,215.589,0.447,0.372961,0.0,1,0.012850977,0.756880704,0.8511314066787499
YARDEC_clean,4.66636,3.48033,4.66636,1.03943,1194.85,1149.52,0.0,0.0,0.547,0.52625,0.0,0,0.007620183,0.678269492,0.6748105071137533
YARDIG_clean,4.62568,3.53484,4.62568,1.03032,1206.44,1170.94,0.0,0.0,0.5394,0.523527,0.0,0,0.006673442,0.624800731,0.6112362823337498
YARGAB_clean,10.70302,9.67182,10.70302,0.961173,1387.15,1443.19,0.0,0.0,0.6238,0.648999,0.0,1,0.00304542,0.301990004,0.2986106485850003
YARKAF_clean,4.78127,3.38887,4.78127,1.32951,413.16,310.762,3.2692,2.45896,0.4556,0.342684,0.0,1,0.00236443,0.218696586,0.21983986200625025
YARKEJ_clean,5.07878,4.0341,5.03574,1.22095,872.445,714.565,0.0,0.0,0.486,0.398052,0.0,0,0.007007934,0.615045531,0.5927581714337512
YARKOT_clean,5.25265,3.98181,5.2356,0.962764,1924.08,1998.5,0.0,0.0,0.6296,0.653951,0.0,1,0.006865689,0.650276183,0.5990565980262488
YARSAN_clean,5.04398,3.94642,5.02513,1.29452,830.585,641.616,0.0,0.0,0.4644,0.358743,0.0,1,0.010061945,0.7357964,0.7952068570087529
YARSIV_clean,3.72144,3.36254,3.72144,1.75602,124.297,70.7832,0.0,0.0,0.358,0.20387,0.0,0,0.00135406,0.12223961,0.12526271843749984
YARVEV_clean,5.13258,2.49623,5.01619,1.61198,0.0,0.0,371.021,230.165,0.4098,0.254222,0.0,1,0.002081468,0.186746314,0.19787291954375058
YARYEV_clean,5.64641,4.02417,5.64641,1.12294,2187.12,1947.67,0.0,0.0,0.6948,0.618733,0.0,0,0.000867448,0.085449039,0.08779259627749929
YARYIZ_clean,5.51251,4.14788,5.51251,1.11604,2131.77,1910.12,0.0,0.0,0.6948,0.622558,0.0,0,0.000838031,0.083384096,0.08722865025249932
YARYOF_clean,4.91899,3.58217,4.91899,1.2259,1844.97,1504.99,0.0,0.0,0.6484,0.528917,0.0,0,0.000998175,0.094525341,0.09798008943250011
YARYUL_clean,6.79463,6.1943,6.7496,1.01911,2644.72,2595.13,0.0,0.0,0.7536,0.73947,0.0,1,0.000926404,0.099355589,0.09055534387999949
YARZEZ02_clean,7.33631,5.31685,7.33003,0.762014,2989.95,3923.75,0.0,0.0,0.7604,0.997882,0.0,0,0.001683465,0.16086939,0.1685559058137507
YARZEZ03_clean,7.77175,4.5942,7.75648,0.810672,2535.58,3127.75,0.0,0.0,0.7232,0.8921,0.0,0,0.001745971,0.172337946,0.17837708572750036
YARZEZ_clean,5.63038,4.40455,5.63038,0.959184,2069.23,2157.28,0.0,0.0,0.682,0.711021,0.0,0,0.001887416,0.17768991,0.1839362423349991
YASLOW_clean,11.27088,6.03691,11.27088,0.827082,2236.87,2704.53,0.0,0.0,0.7068,0.85457,0.0,0,0.002686074,0.256760977,0.27171446483875106
YASLUA_clean,4.94209,4.00194,4.9385,1.70772,1160.33,679.462,0.0,0.0,0.57,0.333779,0.0,1,0.002145824,0.214391874,0.20385700010375105
YASNAJ_clean,5.78381,3.22912,5.78381,1.20746,0.0,0.0,723.752,599.398,0.482,0.399184,0.0,0,0.006481022,0.490988564,0.551890084200001
YASPEP_clean,3.57848,3.19398,3.5679,1.30047,0.0,0.0,76.2476,58.6306,0.422,0.324497,0.0,1,0.000574336,0.057169043,0.06077248560999949
YATDUV_clean,9.16363,5.74685,9.12289,0.890102,2297.06,2580.67,0.0,0.0,0.7262,0.815861,0.0,1,0.002975567,0.290663618,0.2938043379312509
YATTUK_clean,5.98818,5.09996,5.98666,1.2421,2236.34,1800.46,0.0,0.0,0.6648,0.535224,0.0,1,0.00311136,0.304964466,0.30039519510749985
YAVSOG_clean,5.27147,3.77137,4.73746,1.58778,810.938,510.737,0.0,0.0,0.471,0.296641,0.0,0,0.003214224,0.279277348,0.3024301655575005
YAVTUN_clean,9.91839,8.86286,9.91839,0.965245,1733.93,1796.36,0.0,0.0,0.6864,0.711115,0.0,1,0.002155283,0.218516083,0.21061058155250037
YAVVAV_clean,9.88958,8.7039,9.88958,1.06981,1632.82,1526.27,0.0,0.0,0.6406,0.598799,0.0,1,0.002394523,0.242813164,0.2264380570375003
YAVVEZ_clean,9.82749,8.59259,9.81107,1.05385,1634.41,1550.89,0.0,0.0,0.6474,0.614319,0.0,1,0.002275433,0.22344885,0.2224289022687497
YAVVID_clean,4.84619,4.06844,4.72468,1.45348,1121.07,771.298,0.0,0.0,0.5442,0.374412,0.0,1,0.003856892,0.34101186,0.3544995265099996
YAVVOJ_clean,4.78155,4.02282,4.65286,1.48818,1095.49,736.125,0.0,0.0,0.5464,0.36716,0.0,1,0.003864121,0.353260145,0.3541033624999995
YAVVUP_clean,4.79083,4.0345,4.51089,1.48936,1096.45,736.189,0.0,0.0,0.5422,0.364049,0.0,1,0.003922196,0.346852955,0.35817734599499945
YAVWAW_clean,4.87227,4.07548,4.69675,1.46373,1145.93,782.881,0.0,0.0,0.5582,0.381355,0.0,1,0.003736701,0.331871254,0.3486473759862489
YAVWUQ_clean,15.48597,6.62234,15.4779,0.747785,2189.36,2927.8,0.0,0.0,0.7402,0.989857,0.0,1,0.004290321,0.417878237,0.4231674480762477
YAVZUT_clean,9.86186,4.91496,9.72199,0.854434,1940.85,2271.51,0.0,0.0,0.6662,0.779698,0.0,1,0.004488555,0.41092527,0.43120143960499996
YAWBAC_clean,10.4496,5.49019,10.26922,0.855998,1928.74,2253.21,0.0,0.0,0.6638,0.775469,0.0,1,0.005779044,0.497734003,0.538952445826247
YAWFOS_clean,6.58573,4.52277,6.51086,1.38834,1531.01,1102.76,0.0,0.0,0.6034,0.434618,0.0,1,0.000853146,0.081147353,0.08804689254624941
YAWKOX_clean,7.42586,6.54227,7.42586,1.26071,1716.68,1361.67,0.0,0.0,0.6098,0.483696,0.0,1,0.00214343,0.213774184,0.20852904946000056
YAXBEF_clean,3.9961,3.09297,3.98305,2.61495,0.0,0.0,352.492,134.799,0.4538,0.17354,0.0,1,0.006744253,0.546920285,0.5448062215649989
YAXBOP_SL,5.80792,5.38349,5.80792,1.12998,1474.82,1305.18,0.0,0.0,0.591,0.52302,0.0,0,0.004626157,0.443112369,0.43543313242000176
YAYLER_clean,4.97966,4.34921,4.97473,3.91304,903.181,230.813,0.0,0.0,0.4372,0.111729,0.0,1,0.000738133,0.073023743,0.06904781026500013
YAYLIV_clean,4.05277,2.4028,4.04439,3.59848,0.0,0.0,273.302,75.9494,0.4506,0.12522,0.0,1,0.00029768,0.02994804,0.02874245686625012
YAYPOF_clean,6.50595,4.6947,6.4958,2.40269,1158.01,481.966,0.0,0.0,0.5536,0.230409,0.0,1,0.001526296,0.143545498,0.1512064456125005
YAYRAT_clean,6.10819,5.25433,6.10592,0.863424,2602.75,3014.46,0.0,0.0,0.6904,0.799607,0.0,0,0.00690873,0.644665263,0.5988403749549991
YAZWOM_clean,4.58853,4.19832,4.58853,1.42471,389.253,273.216,49.369,34.652,0.47,0.329892,0.0,1,0.001000123,0.102071236,0.09754760269750051
YAZYEF_clean,3.92715,3.10761,3.92715,2.17948,0.0,0.0,88.2304,40.4824,0.3014,0.13829,0.0,0,0.000462774,0.04691819,0.04435321749250003
YAZYIJ_clean,3.86183,3.02912,3.86183,2.21857,0.0,0.0,68.792,31.0074,0.2958,0.133329,0.0,0,0.000423295,0.042061354,0.041881619902500125
YAZYUU_clean,6.74224,2.93273,6.74224,1.42628,0.0,0.0,909.21,637.472,0.5212,0.365427,0.0,1,0.00537389,0.466080899,0.44939987355000066
YAZZAC_clean,4.64776,3.18674,4.48578,2.01362,0.0,0.0,508.258,252.41,0.4176,0.207388,0.0,1,0.002778533,0.237911902,0.2425046363962495
YAZZEG_clean,4.60423,3.13816,4.50897,2.06152,0.0,0.0,492.715,239.006,0.4154,0.201502,0.0,1,0.002596887,0.234195745,0.23802186819875032
YEBKOG_clean,4.5315,2.60825,4.5315,1.86878,0.0,0.0,585.621,313.371,0.5136,0.274832,0.0,1,0.000930192,0.091631531,0.08826292341374964
YEBKUM_clean,4.09909,2.92855,4.09909,2.0286,0.0,0.0,407.125,200.692,0.5506,0.271419,0.0,0,0.000959005,0.096391795,0.08966788790624929
YEBLAT_clean,6.81519,6.14414,6.81519,1.60609,1346.83,838.578,0.0,0.0,0.5478,0.341077,0.0,0,0.001488382,0.14095258,0.1522506264575007
YEDKOI_clean,5.69122,4.8418,5.69122,1.08403,1663.7,1534.74,7.50334,6.92174,0.592,0.546112,0.0,1,0.0032282,0.2954165,0.30905278549500237
YEDKUO_clean,6.88443,4.8384,6.1725,0.827487,2774.06,3352.39,0.0,0.0,0.6498,0.785269,0.0,1,0.003815947,0.375696487,0.36970433308374956
YEDLAV_clean,5.4499,3.81156,5.4499,1.25884,985.671,783.002,173.283,137.653,0.514,0.408314,0.0,1,0.009030456,0.729511059,0.754276923083749
YEFNEC_clean,7.0118,5.67657,7.0118,1.03009,2663.85,2586.03,0.0,0.0,0.7454,0.723623,0.0,0,0.001308494,0.126727691,0.13024223132125134
YEFNOM_clean,6.99053,5.65806,6.99053,1.03643,2661.11,2567.58,0.0,0.0,0.7442,0.718045,0.0,0,0.001350331,0.12886283,0.13195194822375136
YEFPEE_clean,6.60032,5.32777,6.60032,1.16153,2587.98,2228.08,0.0,0.0,0.7204,0.620219,0.0,0,0.001540762,0.150123328,0.15427351689874982
YEGCUJ_clean,7.31661,4.83808,7.31661,1.36986,1339.97,978.182,0.0,0.0,0.5642,0.411867,0.0,1,0.00378871,0.324175951,0.3590305204137496
YEGDAR_clean,4.49428,2.55528,4.47827,1.34283,0.0,0.0,98.3884,73.2697,0.3918,0.291773,0.0,0,0.001156844,0.100038165,0.10892344187749987
YEGHIC_clean,7.13593,3.78757,7.13593,1.08644,2189.73,2015.5,27.1266,24.9682,0.6726,0.619084,0.0,0,0.000532862,0.05294847,0.054652410016249646
YEGKOM_clean,5.20851,4.05507,5.20188,1.12752,1913.28,1696.88,0.0,0.0,0.6196,0.549523,0.0,0,0.004620574,0.455395424,0.43811412937625177
YEGRAD_clean_h,4.07066,2.5906,4.035,1.67522,0.0,0.0,488.246,291.451,0.4652,0.277694,0.0,1,0.000485265,0.047736672,0.049399779098749964
YEGTAG_clean,3.60944,2.98909,3.60471,2.22868,0.0,0.0,45.8296,20.5635,0.3388,0.152018,0.0,1,0.000215085,0.023500001,0.02115453770000002
YEGTEK_clean,5.83356,3.28711,5.24482,1.57194,0.0,0.0,747.066,475.25,0.5134,0.326602,0.0,1,0.001795057,0.173596975,0.16818243015000012
YEHGID_clean,6.88886,4.03008,6.66292,1.04955,1124.4,1071.32,29.6858,28.2844,0.5406,0.51508,0.0,0,0.005774631,0.495923571,0.5258070508412501
YEKQOW_clean,13.71017,3.97085,13.71017,1.23134,1607.97,1305.87,0.0,0.0,0.6056,0.491823,0.0,1,0.005601133,0.489457056,0.5181642620287489
YEKWOC_clean,8.21325,3.05204,8.20901,1.27965,0.0,0.0,1281.31,1001.3,0.545,0.425899,0.0,1,0.003085683,0.290461889,0.2942379492200002
YEKXET_clean,6.4533,5.02363,5.80415,0.985188,2310.11,2344.84,0.0,0.0,0.6394,0.649013,0.0,1,0.004144304,0.412139243,0.39789351228999886
YEKXOD_clean,7.62702,5.92083,7.58526,0.977291,1976.53,2022.46,0.0,0.0,0.6138,0.628063,0.0,1,0.003607593,0.343184533,0.3479926014012517
YEKXUJ_clean,7.55002,6.86281,7.5454,0.941882,1957.97,2078.79,0.0,0.0,0.639,0.678429,0.0,1,0.003454523,0.315243541,0.3413366401925007
YELYOE_clean,5.04252,3.59258,5.00865,2.17111,739.471,340.597,0.0,0.0,0.4584,0.211137,0.0,1,0.008069636,0.591308033,0.6290274135512466
YEMFOM_clean,4.97553,4.09686,4.67636,1.71885,1447.62,842.207,0.0,0.0,0.5806,0.337785,0.0,1,0.006305196,0.558134405,0.5486427065887489
YEMJAC_clean,6.87778,6.50668,6.87778,1.59244,1555.51,976.807,0.0,0.0,0.5806,0.364597,0.0,0,0.003671225,0.342817966,0.3475717200662499
YEMLOS_clean,3.40987,2.44595,3.40987,1.77482,0.0,0.0,2.89537,1.63136,0.3406,0.191907,0.0,0,2.88e-05,0.002538159,0.003132669826250015
YENLUA_ion_b,21.49217,18.9061,21.49217,0.794834,1364.82,1717.11,0.605784,0.762152,0.7146,0.899055,0.0,1,0.001391932,0.142203423,0.13911057543750113
YEPCUS_clean,4.39638,2.87708,4.39484,1.52452,0.0,0.0,274.444,180.021,0.4834,0.317084,0.0,1,0.002660644,0.254904708,0.23965002270250046
YEPDAZ_clean,3.91463,2.57655,3.89672,1.66118,0.0,0.0,79.2153,47.6863,0.4228,0.254519,0.0,1,0.002951318,0.271571184,0.2748621009674997
YEQRER_clean,5.87384,4.7032,5.72081,1.15967,3090.85,2665.28,0.0,0.0,0.7338,0.632764,0.0,1,0.000642019,0.071960156,0.06861360951875013
YEQRIV_clean,5.99633,4.79932,5.81502,0.74227,3172.25,4273.71,0.0,0.0,0.734,0.988859,0.0,1,0.001004183,0.100584699,0.0998059154287502
YERJEL_clean,3.48706,2.52405,3.47298,1.36018,0.0,0.0,16.7536,12.3172,0.4112,0.302313,0.0,0,0.000187214,0.018038898,0.018005547148749978
YEVQOG_clean,6.25531,4.55241,6.24369,1.60942,1024.12,636.328,2.59362,1.61152,0.5428,0.337264,0.0,1,0.001616138,0.150166788,0.15765690901875126
YEVQUM_manual,7.24971,4.97645,7.24971,1.58621,997.869,629.089,110.417,69.6106,0.5532,0.348755,0.0,1,0.001659072,0.156896035,0.16362498541375076
YEYCUC_SL,17.82348,5.70059,17.82348,0.555715,2326.25,4186.05,0.0,0.0,0.7742,1.39316,0.000719793,0,0.003901621,0.376376629,0.37949703165999926
YEYFEP_clean,6.98334,4.14157,6.98202,1.19557,2249.87,1881.83,0.0,0.0,0.6508,0.544341,0.0,1,0.002364049,0.237625951,0.22208278206875012
YEYLUJ_clean,5.22062,3.33528,5.21962,1.24374,724.972,582.896,0.0,0.0,0.5078,0.408284,0.0,1,0.005849878,0.471554658,0.5175452310012486
YEYMEU_clean,4.43825,2.49445,4.41158,1.44626,0.0,0.0,198.686,137.379,0.4692,0.324423,0.0,0,0.001368,0.136140887,0.12710113020624975
YEYVOO_manual,7.36871,5.079,7.35276,1.57373,1006.54,639.585,117.412,74.607,0.562,0.357112,0.0,1,0.00170755,0.157139971,0.16582088605375087
YEYYAC_clean,6.35432,3.00875,6.35432,1.15665,0.0,0.0,1051.27,908.889,0.5364,0.463752,0.0,0,0.003387955,0.31003118,0.3154236983750004
YEZFIU_clean,7.76134,3.87237,7.76134,1.15876,1542.78,1331.4,0.0,0.0,0.5858,0.505539,0.0,1,0.002209987,0.216766548,0.2166133392099996
YEZKEV_clean,5.97739,3.43415,5.31131,1.09565,745.656,680.561,250.74,228.851,0.5084,0.464017,0.0,1,0.004803261,0.4029702,0.42276911823750096
YEZKIZ_clean,5.88797,3.34196,5.11644,1.11694,646.66,578.956,242.389,217.012,0.5076,0.454456,0.0,1,0.004913864,0.39548751,0.43911200291500113
YEZKOF_clean,6.11466,3.28691,4.5394,1.16779,0.0,0.0,989.345,847.193,0.516,0.44186,0.0,1,0.004085646,0.342637784,0.38363548288625177
YEZKUL_clean,5.95403,3.22793,5.12017,1.19045,0.0,0.0,934.773,785.227,0.5068,0.425721,0.0,1,0.004550466,0.351840096,0.41022136905000195
YEZSEC01_clean,5.77745,2.40372,5.76615,1.81695,0.0,0.0,284.643,156.66,0.4432,0.243925,0.0,0,0.002103026,0.163904738,0.1974716692537501
YIBMON01_clean,4.19645,3.27284,4.18819,1.24036,0.0,0.0,758.142,611.228,0.521,0.42004,0.0,1,0.007118807,0.570593648,0.6130015388137493
YIBMUT_clean,4.66852,3.42869,4.24306,1.43993,703.496,488.563,0.0,0.0,0.4898,0.340155,0.0,1,0.007115595,0.529298889,0.6078619646412493
YICDAR_clean,5.59824,4.74384,5.59824,0.895752,2281.69,2547.24,0.0,0.0,0.6272,0.700194,0.0,1,0.004504279,0.426595948,0.43259683206499916
YICGOI_clean,5.21305,2.62761,4.51323,1.11585,0.0,0.0,549.784,492.706,0.4844,0.43411,0.0,1,0.007469828,0.556458248,0.6373577369174991
YICREI_clean,5.84848,5.57464,5.83375,1.84239,1401.27,760.57,0.0,0.0,0.5592,0.303518,0.0,1,0.005504955,0.486484937,0.4878229417224984
YICTUZ_clean,3.72009,2.58798,3.71847,3.63701,0.0,0.0,265.264,72.9345,0.4788,0.131646,0.0,1,0.000205948,0.02072223,0.020962514966249998
YIGFIF_clean,4.44183,3.32862,4.3853,1.97485,296.3,150.037,281.804,142.696,0.4704,0.238195,0.0,1,0.0007105,0.068982987,0.06988081574999985
YIJYUN_clean,3.50712,2.6153,3.48906,1.60573,0.0,0.0,17.5346,10.92,0.3942,0.245496,0.0,1,6.75e-05,0.0073306,0.0073728290287500345
YIKJOT_clean,9.06042,4.04226,9.06042,1.25445,1709.74,1362.94,22.3665,17.8297,0.6492,0.517517,0.0,1,0.001814504,0.176997422,0.17800989621624955
YIKJUZ_clean,8.98552,4.23883,8.98552,1.25419,1702.48,1357.43,21.0421,16.7774,0.6478,0.516507,0.0,1,0.001805965,0.17785771,0.17785994157374965
YIKLUZ_SL_part,3.35086,2.61539,3.35086,1.76584,0.0,0.0,0.581569,0.329344,0.468,0.26503,0.0,0,0.000104274,0.008301822,0.009647639782500108
YILJAG_clean,9.10869,5.99614,8.54669,0.787709,2364.52,3001.77,0.0,0.0,0.7242,0.919375,0.0,1,0.003444178,0.347828025,0.34205829468375015
YILKAH_clean,5.89247,4.24175,5.78451,1.04927,1964.15,1871.92,0.0,0.0,0.628,0.598513,0.0,0,0.004535809,0.434214779,0.4371712141962532
YINCEF_clean,5.29805,4.38969,5.29805,1.14172,1383.89,1212.11,0.0,0.0,0.5194,0.454928,0.0,1,0.005053143,0.451840711,0.46649009818500153
YINCIJ_clean,5.57662,4.55736,5.57662,1.15159,1292.51,1122.37,0.0,0.0,0.5342,0.463881,0.0,1,0.004817858,0.453421742,0.4292691966825015
YINCUV_clean,4.80903,3.55203,4.73589,1.40486,557.682,396.966,0.0,0.0,0.407,0.289708,0.0,1,0.004281582,0.364081668,0.39712929237375044
YINDOQ_clean,4.43071,3.40597,4.26593,1.3553,678.182,500.394,0.0,0.0,0.4342,0.320372,0.0,1,0.008398545,0.624639263,0.6758516948149976
YINPEQ_clean,9.47139,8.23796,9.47139,0.666821,2383.65,3574.65,0.0,0.0,0.7906,1.18563,0.0,0,0.002128545,0.21087874,0.20854907319625074
YINXIE_clean,6.16574,4.96395,6.1491,1.27739,1014.53,794.22,0.0,0.0,0.5052,0.395493,0.0,1,0.003011886,0.266528173,0.28563476675749944
YIPDOR_clean,10.31977,7.54281,10.31977,0.44826,2440.58,5444.55,0.0,0.0,0.7974,1.77888,0.0,1,0.003204589,0.315912371,0.3191098616262505
YIRHOY_clean,4.32621,3.78826,4.32621,3.27612,950.357,290.086,0.0,0.0,0.4232,0.129177,0.0,1,0.002634637,0.230768441,0.23986304276625095
YISFEL_clean,5.46375,4.23769,5.46375,1.76848,680.689,384.9,0.0,0.0,0.5068,0.286574,0.0,1,0.000818689,0.08129547,0.08137829284624999
YITHIU01_clean,3.38828,3.12628,3.38828,2.26853,0.0,0.0,3.96265,1.74679,0.3762,0.165834,0.0,0,3.18e-05,0.00283976,0.0027180644862500026
YITHIU_clean,3.9218,3.10838,3.9218,2.15437,0.0,0.0,296.822,137.776,0.4352,0.202008,0.0,1,0.00070081,0.068947077,0.0687497631287507
YITHOA01_clean,3.76397,3.11291,3.7578,2.15487,0.0,0.0,281.269,130.527,0.4236,0.196578,0.0,1,0.000591134,0.058799272,0.06037832433374966
YIVNIC_clean,4.61348,3.86544,4.61348,1.60999,548.992,340.991,0.0,0.0,0.3982,0.24733,0.0,1,0.001996309,0.180443538,0.1874050647649998
YIVZIO_clean,7.47444,4.87179,7.47444,1.1331,1630.87,1439.3,0.0,0.0,0.577,0.509222,0.0,1,0.001922764,0.196321671,0.18844392845499938
YIVZOU_clean,7.22451,3.90462,7.20186,1.01646,1810.83,1781.5,0.0,0.0,0.6044,0.594611,0.0,1,0.003276983,0.323756028,0.316985904392502
YIWBEN_clean,5.41707,3.94622,5.41707,1.08258,1617.69,1494.29,0.0,0.0,0.5648,0.521716,0.0,0,0.006827333,0.616782529,0.6153194857024978
YIWLEV_clean,6.84017,5.52979,6.84017,1.2226,2050.0,1676.76,0.0,0.0,0.7014,0.573697,0.0,0,0.001044967,0.10358866,0.10463578333875002
YIWLUL_clean,5.60589,3.69448,5.60589,1.34283,1888.85,1406.63,0.0,0.0,0.6708,0.499544,0.0,1,0.001116779,0.110833632,0.10839949495750024
YIWMEW_clean,5.71951,3.80264,5.71876,1.30733,2035.3,1556.84,0.0,0.0,0.6656,0.509129,0.0,1,0.001095303,0.110210812,0.1069351745975003
YIWMOG_clean,6.74773,5.04258,6.74039,1.26894,2076.98,1636.78,0.0,0.0,0.6788,0.534934,0.0,1,0.001062081,0.109532289,0.10413102193375044
YIWMUM_clean,6.07798,4.22779,6.07163,1.30832,2060.98,1575.28,0.0,0.0,0.6732,0.514552,0.0,0,0.001168793,0.112521217,0.12378052769375103
YIWNAT_clean,6.30784,4.54282,6.29619,1.29078,2076.15,1608.45,0.0,0.0,0.675,0.52294,0.0,0,0.001171813,0.111766183,0.12363006214625111
YIWNIB_clean,6.81948,5.37501,6.81948,1.22536,2128.85,1737.32,0.0,0.0,0.696,0.567996,0.0,0,0.001005705,0.103589164,0.10012817855875021
YIWNOH_clean,6.80447,5.22872,6.75626,1.25407,2104.1,1677.82,0.0,0.0,0.691,0.551005,0.0,0,0.001031377,0.107752422,0.10031928843750046
YIWPAV_clean,6.84936,5.28466,6.84936,1.24173,2101.82,1692.65,0.0,0.0,0.6932,0.558254,0.0,0,0.001016276,0.105490339,0.0997917820925004
YIWPEZ_SL_part,7.01269,5.15498,7.0057,1.25891,2052.76,1630.59,0.0,0.0,0.6916,0.549364,0.0,0,0.00099131,0.102262923,0.09607089027874988
YIXFIW_clean,4.72359,3.58415,4.71426,1.46617,963.816,657.369,0.0,0.0,0.4922,0.335704,0.0,0,0.005044385,0.444784047,0.457357968498749
YIXFOC03_clean,4.71475,2.47061,4.69902,1.75422,0.0,0.0,531.951,303.241,0.4754,0.271004,0.0,0,0.007066323,0.531932162,0.552462609205
YIXYUB_clean,7.99703,7.36677,7.98615,1.64643,944.835,573.867,0.0,0.0,0.4756,0.288867,0.0,0,0.002100835,0.20948424,0.2011424002175002
YIXZEL_clean,4.18544,2.94799,4.18017,2.38522,0.0,0.0,359.124,150.562,0.4952,0.207612,0.0,1,0.010378819,0.849355172,0.7316308138387524
YIXZEM_clean,8.10881,7.62421,8.10881,1.55257,958.181,617.157,0.0,0.0,0.488,0.314317,0.0,0,0.001748564,0.17273488,0.1675583690587503
YIYHAQ_clean,5.13693,3.97105,5.11342,0.982113,1295.69,1319.28,0.0,0.0,0.5422,0.552075,0.0,1,0.004225071,0.396705605,0.3849408352512502
YIZGEV_clean,8.18498,3.62665,8.04776,1.4535,879.019,604.759,443.479,305.11,0.5378,0.370003,0.0,0,0.000961875,0.095309552,0.09036553104249954
YIZGIZ_clean,8.32701,3.59268,8.32701,1.46991,1382.6,940.602,0.383122,0.260644,0.553,0.376215,0.0,0,0.003422314,0.3302775,0.32631704414000073
YIZGOF_clean,8.30449,3.57994,8.30449,1.47966,1364.44,922.132,0.0,0.0,0.552,0.373059,0.0,0,0.003654359,0.345881487,0.34678225254749967
YIZWIN_clean,4.63572,3.59591,4.50441,1.58532,638.298,402.631,0.0,0.0,0.4932,0.311105,0.0,1,0.000735449,0.072010271,0.07190534406874988
YOBYAR_clean,9.69314,7.13433,9.69314,0.65232,2302.34,3529.46,0.0,0.0,0.7484,1.14729,0.0,1,0.003152231,0.312139144,0.3102155251537513
YOBYEV_clean,9.64125,7.09583,9.64125,0.653616,2314.51,3541.09,0.0,0.0,0.7532,1.15236,0.0,1,0.00311452,0.310039679,0.3078064784300009
YOCCIE_clean,6.8059,5.18062,6.8059,1.41637,1048.63,740.368,38.6647,27.2985,0.5234,0.369537,0.0,1,0.010885791,0.776583185,0.8147617453987516
YOCLEJ_clean,13.16813,6.65727,13.16813,0.881908,2114.87,2398.07,0.0,0.0,0.7196,0.815958,0.0,1,0.004926147,0.431783124,0.43786853524999836
YOCLIN_clean,13.22354,6.67449,13.22354,0.8764,2113.41,2411.46,0.0,0.0,0.7206,0.822227,0.0,1,0.004727241,0.425720372,0.43153675650000145
YOCMAF_clean,3.35521,2.8578,3.35521,2.2401,0.0,0.0,0.270765,0.120872,0.439,0.195974,0.0,1,7.59e-05,0.007102493,0.007713092447500057
YOCNAH_clean,6.22868,3.97762,6.13994,1.44635,836.354,578.253,0.0,0.0,0.4804,0.332147,0.0,1,0.009052911,0.617662359,0.7732600434725018
YOCSEQ_clean,5.29821,4.82783,5.29821,2.09158,1030.37,492.631,0.0,0.0,0.4588,0.219356,0.0,1,0.002975532,0.276353009,0.2747970602662498
YODRAM_clean,7.27536,4.86667,7.27536,0.966335,1538.49,1592.09,200.889,207.888,0.6076,0.628767,0.0,1,0.006075888,0.533450844,0.5614209045562486
YODWOF_clean,21.60336,14.63737,21.60336,0.354351,1695.85,4785.8,0.0,0.0,0.8718,2.46027,0.0,1,0.003462006,0.343028831,0.34696427281625053
YODWUL_clean,23.49364,11.53361,23.48524,0.424505,1906.84,4491.91,0.0,0.0,0.849,1.99997,0.0,1,0.003289231,0.327343443,0.33359847619250066
YOFGOR_clean,5.41632,4.78135,5.41632,1.32576,1175.0,886.282,0.0,0.0,0.499,0.376388,0.0,1,0.007720302,0.636467182,0.6497087173862505
YOFXEY_clean,5.28351,3.76449,3.92047,1.16809,406.535,348.035,406.008,347.584,0.5144,0.440378,0.0,0,0.004064165,0.368000994,0.38277567332000095
YOFXIC_clean,4.88114,3.85589,4.00843,1.17746,202.132,171.668,464.324,394.346,0.5094,0.432628,0.0,0,0.003857295,0.342125809,0.35016356368249996
YOGKOW_clean,10.82894,9.41793,10.82894,0.926286,1458.82,1574.92,0.0,0.0,0.651,0.702807,0.0,1,0.003231806,0.306653083,0.3131470121925017
YOGVEX_clean,4.10269,3.52572,4.10269,1.25337,612.446,488.638,0.0,0.0,0.5006,0.399402,0.0,0,0.003760631,0.363295147,0.3493520523249984
YOJMAN_clean,5.5975,2.99348,5.5975,3.43024,0.0,0.0,664.628,193.755,0.4222,0.123082,0.0,1,0.000329248,0.034070157,0.033457885157499964
YOKKIU_clean,4.47915,3.70978,4.27429,1.38219,507.522,367.187,328.529,237.688,0.4744,0.343224,0.0,1,0.005954164,0.532078898,0.5090639090137494
YOLGUB_clean,7.59854,5.9029,7.59287,0.74526,2992.97,4016.0,0.0,0.0,0.791,1.06137,0.0,1,0.001200841,0.110632425,0.12616276826500109
YOMHAK_clean,2.99754,2.494,2.98366,1.52,0.0,0.0,0.0,0.0,0.3628,0.238684,0.0,1,3.55e-05,0.003137378,0.002888502647500003
YOMNIZ_clean,5.2681,2.71042,5.2681,1.17588,0.0,0.0,971.815,826.454,0.5786,0.492055,0.0,0,0.001431316,0.141289252,0.13584415966249952
YOMVIG01_clean,5.30571,3.34873,5.30118,1.77423,852.201,480.322,0.0,0.0,0.4424,0.249348,0.0,0,0.004576847,0.39613142,0.41894668880999997
YOMVIG_clean,5.30742,3.37579,5.27925,1.93225,831.639,430.398,0.0,0.0,0.4428,0.229162,0.0,0,0.004694972,0.394661727,0.4192151291712496
YOMZIL_clean,6.06999,4.11356,6.06999,1.23293,641.787,520.537,0.0,0.0,0.4508,0.365632,0.0,1,0.001435709,0.135491483,0.13717499604125094
YONNAR_clean,11.86103,5.70578,11.72639,0.691421,2206.3,3190.97,0.0,0.0,0.7668,1.10902,0.0,1,0.003380468,0.330577819,0.33639781924875023
YONNUL_clean,7.44579,3.94305,6.4772,1.00681,1672.8,1661.47,0.0,0.0,0.5814,0.577465,0.0,0,0.00771228,0.666381173,0.6883307949137499
YOPMAS_clean,3.73773,2.78289,3.73773,1.50972,0.0,0.0,136.812,90.621,0.3926,0.260049,0.0,1,0.000687217,0.058982304,0.06869680604124982
YOPNUO_clean,3.96031,2.83025,3.96031,1.46661,0.0,0.0,329.349,224.566,0.5088,0.346923,0.0,1,0.000859669,0.086829735,0.08638173105499947
YOPPAW_clean,4.43567,3.44353,4.43166,1.44767,531.139,366.891,0.0,0.0,0.4788,0.330738,0.0,1,0.001204172,0.113544501,0.11992783960500038
YOPQEB_clean,3.4858,3.02028,3.48236,1.70007,0.0,0.0,37.7042,22.178,0.347,0.204109,0.0,1,0.002040806,0.185971336,0.18776246407999994
YOQLAT_clean,5.09073,4.28382,5.09073,2.03523,909.798,447.024,0.0,0.0,0.4642,0.228082,0.0,1,0.002164484,0.200049435,0.2063211330912506
YOQYEK_clean,3.96635,2.7764,3.95733,1.51776,0.0,0.0,279.985,184.473,0.3794,0.249974,0.0,1,0.003173947,0.294420247,0.29258764885250016
YOQYOT_clean,3.80646,2.80133,3.80646,1.53568,0.0,0.0,148.906,96.9639,0.4714,0.306964,0.0,0,0.000246157,0.023954605,0.022965934136249935
YORGOD_clean,8.38023,4.12707,8.38023,0.867162,1938.3,2235.22,0.0,0.0,0.6224,0.717744,0.0,0,0.004461229,0.426640225,0.4366441930587513
YORLEY_clean,14.11404,9.82464,14.11404,1.50654,1067.45,708.545,0.0,0.0,0.6006,0.398661,0.0,1,0.001319755,0.120026526,0.12845869674125107
YORNIE_clean,6.06957,5.53792,6.06957,0.892995,1622.17,1816.55,0.0,0.0,0.629,0.704371,0.0,1,0.002848724,0.279141666,0.2838681805250005
YORZAH_clean,3.59982,3.03812,3.58975,1.90041,0.0,0.0,51.717,27.2136,0.3606,0.189748,0.0,1,0.000604819,0.057546933,0.06002801949499956
YOTROQ_clean,4.99807,2.95418,4.99807,1.1414,0.0,0.0,383.976,336.409,0.4966,0.435081,0.0,0,0.001542583,0.150876264,0.1491505560162497
YOTRUW_clean,4.26215,2.88566,4.26215,2.43155,0.0,0.0,373.021,153.409,0.3774,0.15521,0.0,0,0.001488112,0.136107221,0.13836275548875002
YOTSAD_clean,4.0203,2.42036,4.0203,2.47568,0.0,0.0,235.711,95.2104,0.3732,0.150746,0.0,0,0.001129334,0.104285064,0.10953572911249995
YOTXOW_clean,6.29142,5.79696,6.29077,1.36514,595.047,435.886,0.0,0.0,0.467,0.342088,0.0,1,0.001244331,0.121262203,0.12138950380875096
YOVPEG_clean,4.94412,3.02634,4.84665,1.27362,0.0,0.0,312.661,245.491,0.4176,0.327885,0.0,0,0.004283046,0.314131987,0.3947242449437524
YOYBUL_clean,7.16525,4.74264,7.03966,0.861413,1929.99,2240.49,0.0,0.0,0.6146,0.713479,0.0,0,0.006861323,0.639503303,0.6054165202337493
YOYNUX_clean,6.53052,5.58315,6.53052,1.14575,936.289,817.183,0.0,0.0,0.503,0.439013,0.0,0,0.007020824,0.575074173,0.6099105093875016
YOYPAF_clean,6.55588,5.45199,6.55588,1.14259,922.719,807.568,0.0,0.0,0.4978,0.435677,0.0,0,0.007415392,0.597346889,0.6543622197750015
YOYPEJ_clean,6.69444,5.84937,6.69444,1.13629,975.718,858.686,0.0,0.0,0.5104,0.44918,0.0,0,0.006744804,0.553187177,0.6085770509625007
YOYPIN_clean,6.69706,5.82012,6.69706,1.12302,945.662,842.074,0.0,0.0,0.503,0.447901,0.0,0,0.006194663,0.53124742,0.5525131399162492
YOYPOT_clean,6.7589,5.79486,6.7589,1.1199,967.709,864.099,0.0,0.0,0.5112,0.456468,0.0,0,0.006993204,0.56382843,0.6114078107712521
YOYPUZ_clean,6.823,5.88003,6.823,1.1136,990.517,889.476,0.0,0.0,0.5056,0.454025,0.0,0,0.006528052,0.554222944,0.6019273824612504
YOYQAG_clean,6.86662,5.74381,6.86662,1.1179,982.695,879.053,0.0,0.0,0.5126,0.458537,0.0,0,0.006694304,0.56441385,0.6118643742112512
YOYQEK_clean,6.62212,5.08469,6.62212,1.12644,928.228,824.034,0.0,0.0,0.5154,0.457546,0.0,0,0.0074672,0.597752723,0.660713004762502
YOYQIO_clean,6.67565,4.79784,6.64558,1.08038,1016.53,940.902,0.0,0.0,0.5102,0.47224,0.0,0,0.006701739,0.571285151,0.6106098790962502
YOYQOU_clean,6.44081,4.04722,6.44081,1.09379,982.779,898.504,0.0,0.0,0.5092,0.465535,0.0,0,0.007548471,0.595378289,0.6666279475525019
YOYQUA_clean,6.73531,5.14118,6.73531,1.08477,941.654,868.069,0.0,0.0,0.5218,0.481024,0.0,0,0.00685399,0.577134815,0.6145104448987508
YOYRAH_clean,7.09133,6.25516,7.09133,1.0672,1026.65,962.001,0.0,0.0,0.525,0.491941,0.0,0,0.005900415,0.48527639,0.5278913372975003
YOYREL_clean,7.29129,6.3252,7.29129,1.04682,1086.92,1038.31,0.0,0.0,0.5424,0.518142,0.0,0,0.006124785,0.527869424,0.5587472275237492
YOYRIP_clean,6.79198,5.2818,6.79198,1.07942,946.208,876.593,0.0,0.0,0.5242,0.485633,0.0,0,0.006984873,0.571592325,0.6103473546900015
YOYSUB_clean,3.86535,2.9768,3.84577,2.10757,0.0,0.0,173.737,82.4349,0.4888,0.231926,0.0,1,0.001235363,0.117012627,0.12247711285249942
YOYTOX_clean,5.00131,3.86562,5.00092,1.39238,1497.55,1075.53,0.0,0.0,0.5584,0.401039,0.0,1,0.003319167,0.307410639,0.3207140649850009
YOYTUD_clean,4.80402,3.83038,4.80248,1.49755,1398.05,933.559,0.0,0.0,0.5346,0.356983,0.0,1,0.00372197,0.345881571,0.35128925931249916
YOYVAL_clean,5.10696,4.09246,5.10696,1.36597,1540.95,1128.11,0.0,0.0,0.565,0.413627,0.0,1,0.003443655,0.317782044,0.3313749462437508
YOYVEP01_clean,4.85942,3.67908,4.85942,1.85926,1388.03,746.548,0.0,0.0,0.5542,0.298075,0.0,1,0.002318256,0.218165726,0.21570249928250004
YOYVOZ01_clean,4.93942,3.90462,4.93942,1.84087,1437.78,781.033,0.0,0.0,0.5596,0.303986,0.0,1,0.002781178,0.252858763,0.2544119234874997
YOYVOZ_clean,4.67642,3.71608,4.67441,1.95188,1324.79,678.726,0.0,0.0,0.5406,0.276964,0.0,1,0.002609253,0.242041451,0.24243807028250075
YOYWEQ01_clean,4.53154,3.47646,4.53046,2.03962,960.704,471.022,1.31722,0.645816,0.5242,0.257009,0.0,1,0.002315826,0.217030291,0.2151417842424998
YOYWEQ_clean,4.77875,3.62914,4.77812,1.88548,1186.63,629.349,4.49602,2.38455,0.5478,0.290536,0.0,1,0.002118993,0.204586069,0.20053815281000034
YOYZET_clean,6.17589,4.55995,6.17589,1.24493,1035.54,831.808,0.0,0.0,0.5128,0.411912,0.0,0,0.001759868,0.164304819,0.1693405666625001
YOZBAS_clean,16.94429,7.02537,16.94429,0.790688,1759.48,2225.25,0.0,0.0,0.6898,0.872405,0.0,0,0.003779231,0.367833692,0.36815004278374985
YOZBOF_SL,7.83476,4.57838,7.67886,1.07865,1348.62,1250.29,0.0,0.0,0.5716,0.529923,0.0,0,0.003502535,0.321247716,0.3334698486825006
YOZCAS_manual,8.46123,4.31249,7.59373,1.29132,1274.82,987.221,0.0,0.0,0.5562,0.430722,0.0,0,0.002696902,0.249402757,0.2552013388437493
YOZJEE01_clean,4.99022,3.91645,4.98963,1.38859,1498.87,1079.42,0.0,0.0,0.5588,0.402423,0.0,1,0.003507089,0.314310636,0.33146291755000035
YOZJEE_clean,4.63204,3.60208,4.62987,1.53122,1162.82,759.411,4.86491,3.17715,0.5256,0.343256,0.0,1,0.003066225,0.295152084,0.2856275872537498
YOZKOP_clean,5.21744,4.85597,5.21744,1.23316,795.516,645.106,0.0,0.0,0.5018,0.406924,0.0,1,0.002811859,0.259624993,0.2700235207049997
YOZNAE_clean,13.27907,6.70029,13.26706,0.882932,2074.79,2349.88,0.0,0.0,0.7122,0.80663,0.0,1,0.004789238,0.415540658,0.43058890735125177
YOZQEK_clean,13.97996,12.00951,13.48133,0.61183,1737.5,2839.84,0.0,0.0,0.7918,1.29415,0.0,1,0.002080915,0.219417899,0.2048682564600017
YOZROW_clean,5.20735,2.45586,5.20735,1.64785,0.0,0.0,311.087,188.783,0.4092,0.248323,0.0,0,0.00731825,0.462712541,0.5595424488337482
YOZRUC_clean,3.77134,2.80794,3.7651,1.69747,0.0,0.0,148.204,87.3088,0.3868,0.227868,0.0,0,0.005793145,0.501168199,0.48555590243500063
YOZYOD_clean,6.08705,4.94831,6.08705,1.19906,1535.33,1280.44,0.0,0.0,0.57,0.475373,0.0,1,0.004658086,0.44886242,0.4315352028912505
YOZYUJ_clean,8.32775,7.35004,8.32775,1.04928,1799.21,1714.71,0.0,0.0,0.648,0.617564,0.0,1,0.004356091,0.417795393,0.42619683412999976
YUBFOR_clean,8.69265,4.94745,8.69265,1.19814,1446.3,1207.12,0.0,0.0,0.612,0.510792,0.0,1,0.002352276,0.213313797,0.22167664232124984
YUBGIN_clean,5.8422,3.48658,5.82075,1.92767,1406.23,729.498,0.0,0.0,0.58,0.300882,0.0,1,0.002310582,0.214154482,0.21757196416124974
YUBGUZ_clean,5.8508,3.21682,5.8508,1.90744,0.0,0.0,1354.41,710.066,0.5644,0.295894,0.0,1,0.002170514,0.210181313,0.2105760038799996
YUBHAG_clean,6.23426,5.01606,6.23426,1.5327,2436.24,1589.51,0.0,0.0,0.6722,0.438571,0.0,1,0.002952036,0.287023883,0.2863775843487499
YUBQET_clean,5.81942,4.13008,5.81921,1.08758,1193.63,1097.51,0.0,0.0,0.5256,0.483275,0.0,0,0.006776571,0.613525014,0.6156612237237493
YUCGOS_clean,5.68087,2.90122,5.68053,1.44809,0.0,0.0,728.151,502.834,0.521,0.359783,0.0,1,0.000997521,0.095244609,0.09819484394125025
YUCNEQ_clean,4.00964,3.19829,3.93831,1.42054,0.0,0.0,318.172,223.98,0.4982,0.350712,0.0,1,0.002425182,0.237873288,0.22984914330750017
YUCZOM_clean,4.78325,3.91982,4.78325,1.01421,1563.82,1541.91,0.0,0.0,0.5504,0.54269,0.0,1,0.003363524,0.329106599,0.32549745445000206
YUDFEK_clean,6.78829,4.53676,6.76727,1.15506,1800.97,1559.2,0.0,0.0,0.6172,0.534345,0.0,1,0.003727255,0.357119404,0.3646123219662511
YUDFIO_clean,7.42167,6.24399,7.42167,1.08555,1886.91,1738.2,0.0,0.0,0.6204,0.571506,0.0,1,0.001933398,0.192937011,0.1914055809187499
YUDFOU_clean,7.64047,6.34458,7.63187,1.05425,1899.74,1801.98,0.0,0.0,0.6516,0.618068,0.0,1,0.001788566,0.184141987,0.1789218519125
YUFLIW_clean,6.09359,4.9062,6.08114,0.831336,2354.2,2831.83,0.0,0.0,0.6718,0.808097,0.0,1,0.005257633,0.510235414,0.48553769297250055
YUFLOC_clean,6.07463,4.45798,5.9729,0.984585,2401.71,2439.31,0.0,0.0,0.6528,0.663021,0.0,1,0.003339543,0.32205161,0.3324836614875011
YUGLES_clean,10.89993,6.77637,10.89993,0.718001,2324.4,3237.32,0.0,0.0,0.7434,1.03537,0.0,1,0.003609501,0.34438222,0.352679348827502
YUGZIK_clean,11.91055,8.94015,11.87908,0.448758,2210.67,4926.21,0.0,0.0,0.8084,1.80142,0.0,1,0.003492031,0.344820248,0.34936494036125026
YUJCOX_clean,5.98412,4.49111,5.97667,1.61045,1537.35,954.605,0.0,0.0,0.5426,0.336924,0.0,1,0.005322411,0.498588239,0.46123352280124924
YUJNIB_clean,3.94507,2.59839,3.94173,2.01112,0.0,0.0,118.15,58.7481,0.3804,0.189148,0.0,0,0.000623589,0.05870079,0.06064271208874964
YUJNOH_clean,5.27714,3.46452,5.27652,1.77541,392.456,221.051,0.0,0.0,0.4746,0.267319,0.0,1,0.002236399,0.198913437,0.21389300718624998
YUKCAJ_clean,4.62174,3.64026,4.62174,1.16054,790.171,680.867,0.0,0.0,0.4744,0.408776,0.0,0,0.003837969,0.358777646,0.35103043719874877
YUKJUL_clean,4.84244,2.57233,4.75436,1.84082,0.0,0.0,569.065,309.137,0.448,0.24337,0.0,1,0.00208478,0.18475972,0.19575543669375048
YUKKAR_clean,5.85992,4.34741,5.85992,1.1473,1614.58,1407.28,0.0,0.0,0.5232,0.456026,0.0,0,0.00490164,0.457375593,0.44798098455375057
YUKKAS_clean,4.78122,2.5317,4.73477,1.89629,0.0,0.0,548.094,289.035,0.432,0.227814,0.0,1,0.002165727,0.194341521,0.20222344183875052
YUKTUU_clean,4.31678,2.50036,4.31678,1.36479,0.0,0.0,381.866,279.798,0.515,0.377347,0.0,0,0.002253403,0.21342216,0.21737608684250057
YUKVAC_clean,4.29126,2.46053,4.27728,1.42099,0.0,0.0,349.137,245.7,0.5058,0.355949,0.0,0,0.004677738,0.447649527,0.4062019353012524
YUKVEG_clean,4.26589,2.4357,4.25149,1.47613,0.0,0.0,326.223,220.998,0.4986,0.337774,0.0,0,0.00259362,0.25194495,0.24005282524250063
YUKVIK_clean,4.22952,2.40585,4.22952,1.51489,0.0,0.0,299.626,197.787,0.496,0.327416,0.0,0,0.002836083,0.272976377,0.27178118225374953
YUKVUW_clean,4.26644,2.44011,4.26644,1.5262,0.0,0.0,327.812,214.789,0.5084,0.333114,0.0,0,0.00492874,0.454892525,0.4144382942687523
YUKWOS_clean,4.89028,2.61131,4.83385,1.78337,0.0,0.0,583.713,327.308,0.4524,0.253677,0.0,1,0.00217712,0.17837711,0.20399007945750036
YUKWUY_clean,4.86166,2.59675,4.4253,1.79642,0.0,0.0,561.508,312.571,0.442,0.246046,0.0,1,0.002044183,0.179913463,0.18832924220249997
YUKXAF_clean,4.82555,2.56593,4.82555,1.88185,0.0,0.0,567.964,301.812,0.4424,0.235088,0.0,1,0.002001778,0.182541633,0.18866173135125003
YUKXEJ_clean,4.78127,2.53424,4.77218,1.92108,0.0,0.0,561.852,292.467,0.431,0.224353,0.0,1,0.002221427,0.197119591,0.21055545079125035
YULBAJ_clean,4.78019,3.27297,4.78019,1.5076,0.0,0.0,1157.76,767.95,0.5174,0.343194,0.0,0,0.00565237,0.531309975,0.47395318787749935
YULNOK_clean,4.29835,3.4152,4.29262,1.35163,393.739,291.306,2.25484,1.66823,0.4592,0.339737,0.0,1,0.002456502,0.214564448,0.2295686244612499
YUMFES_clean,3.87977,3.22041,3.87977,1.53914,0.0,0.0,187.543,121.85,0.374,0.242993,0.0,0,0.002245967,0.209658352,0.21317868620625074
YUMFUJ_clean,5.62483,3.84836,5.59785,1.06417,2334.41,2193.65,0.0,0.0,0.607,0.5704,0.0,1,0.004731538,0.457666124,0.43612827341125004
YUMJAS_clean,6.24531,4.99676,6.24531,2.01823,1798.6,891.176,0.0,0.0,0.5646,0.27975,0.0,1,0.001053297,0.100887812,0.10505465325000062
YUMKAU_clean,9.79433,6.58571,9.76919,1.05716,1773.48,1677.58,0.0,0.0,0.674,0.637556,0.0,1,0.002456288,0.238128967,0.23127345662250015
YUMYUC_clean,6.81125,6.65142,6.81125,1.26369,1689.58,1337.02,0.0,0.0,0.6178,0.488886,0.0,1,0.001444883,0.153085967,0.1402911167062506
YUNJEX_clean,3.65182,2.96752,3.64337,1.41056,0.0,0.0,117.421,83.2443,0.483,0.342416,0.0,1,0.000661659,0.067835945,0.06758172782374966
YUNJIB_clean,3.86853,2.66075,3.85925,1.33848,0.0,0.0,164.691,123.043,0.5156,0.385212,0.0,1,0.001067844,0.103843656,0.10397207100125015
YUNJUO_clean,4.39479,3.63152,4.30622,1.20023,327.056,272.493,228.818,190.645,0.4452,0.370927,0.0,0,0.008436739,0.696012341,0.6650846959012477
YUNXAI_clean,9.13708,7.11095,9.13708,0.82221,2053.25,2497.23,0.0,0.0,0.684,0.831905,0.0,0,0.004229587,0.407062033,0.40991981921624826
YUPSIM_clean,5.52019,4.61021,5.51376,1.65801,687.926,414.911,0.0,0.0,0.4506,0.271772,0.0,0,0.000716316,0.072359983,0.07059606114749967
YUQNAB_clean,4.93395,3.37022,4.7939,1.10285,962.356,872.606,82.9417,75.2065,0.5376,0.487463,0.0,1,0.004392998,0.422114031,0.409596314168751
YURJUR_clean,13.69253,8.47609,13.69253,0.683521,2000.04,2926.08,0.0,0.0,0.7552,1.10487,0.0,0,0.002699872,0.256932717,0.2729553975025002
YURKAY_clean,8.234,7.52617,8.234,0.858047,2501.02,2914.78,0.0,0.0,0.7128,0.830724,0.0,1,0.003316687,0.337370167,0.3330178315800002
YURKEC_clean,7.90101,7.08763,7.8976,1.07399,1764.62,1643.06,0.0,0.0,0.6344,0.590696,0.0,1,0.00362072,0.347284422,0.3519138913925013
YURKIG_clean,6.91612,5.83867,6.83043,1.00356,2150.65,2143.01,0.0,0.0,0.6578,0.655465,0.0,1,0.004059423,0.385358565,0.40385312434624737
YUSGID_clean,4.4966,3.71515,4.45873,1.44519,752.59,520.755,0.0,0.0,0.4252,0.294217,0.0,0,0.002376853,0.237532609,0.21861342089624994
YUSGOJ_SL,4.42187,3.56624,4.4192,1.435,723.425,504.128,0.0,0.0,0.4304,0.29993,0.0,1,0.001938809,0.186139524,0.18521032232499987
YUSWEP_manual,37.3405,13.00592,37.31547,0.403891,1712.88,4240.94,0.0,0.0,0.8324,2.06095,0.0,1,0.003572926,0.353320174,0.35665513262625126
YUSWEQ_clean,5.40391,4.45966,5.39413,1.61347,1720.16,1066.13,0.0,0.0,0.5494,0.340509,0.0,1,0.003614331,0.342142745,0.33650987813875
YUSWIU_clean,5.63795,4.77812,5.63069,1.59088,1761.52,1107.26,0.0,0.0,0.5624,0.353516,0.0,0,0.003848538,0.356490903,0.3624471669862499
YUTDUO_clean,7.90649,6.23902,7.90649,1.39467,1474.83,1057.48,0.0,0.0,0.5612,0.40239,0.0,1,0.001560208,0.149392341,0.15480952036625062
YUTGEZ_clean,5.82433,3.93601,5.82433,1.29826,1025.59,789.97,0.0,0.0,0.5686,0.437971,0.0,0,0.001078367,0.106305418,0.10410614133000015
YUVGOL_SL,13.51804,2.67027,13.51804,0.92623,0.0,0.0,1099.23,1186.78,0.616,0.665062,0.0,1,0.002916643,0.276455306,0.28084724667999994
YUWHOO_SL,2.92819,2.50283,2.92009,1.68435,0.0,0.0,0.0,0.0,0.3284,0.194971,0.0,0,0.0,0.0,2.147753249999998e-05
YUWKEH_clean,3.63512,2.9315,3.63301,1.82361,0.0,0.0,56.7076,31.0963,0.3642,0.199714,0.0,1,0.000732196,0.06464762,0.06836791114124989
YUWKIL_clean,3.59629,2.88161,3.59084,1.89504,0.0,0.0,38.9206,20.5381,0.3698,0.195141,0.0,1,0.000581845,0.058632565,0.05925118498499945
YUXLEJ_clean,10.83121,6.54663,10.83121,0.97354,1928.71,1981.13,0.0,0.0,0.6686,0.686772,0.0,1,0.001994846,0.19546109,0.19489240139625047
YUXLIN_clean,11.21237,6.77529,11.21199,0.978835,1903.75,1944.91,0.0,0.0,0.6474,0.661399,0.0,1,0.00202942,0.193151564,0.1940708775287505
YUXMUZ_clean,4.27514,2.50529,4.25168,1.42065,0.0,0.0,360.185,253.536,0.5238,0.368706,0.0,1,0.003880731,0.361807631,0.34900067590374945
YUXQIS_clean,17.65359,14.41981,17.65359,0.688928,1805.53,2620.78,0.0,0.0,0.7418,1.07675,0.0,0,0.003013688,0.301412207,0.2957524515662504
YUXQOY_clean,7.81236,5.76726,7.81236,0.879883,2108.57,2396.42,0.0,0.0,0.6624,0.752827,0.0,0,0.003274264,0.323522408,0.3216472883075013
YUYBIF_clean,5.00131,4.56878,4.98439,1.44177,873.775,606.043,0.0,0.0,0.501,0.347489,0.0,0,0.004624043,0.404353488,0.42856829207125047
YUYGOQ_clean,5.37118,4.47094,5.33272,1.34967,1149.04,851.347,10.6722,7.90727,0.5126,0.379797,0.0,1,0.003962106,0.364833924,0.3603845702724999
YUYLIP_clean,5.22265,4.3746,5.21018,1.35436,1100.13,812.287,11.7356,8.66502,0.5156,0.380696,0.0,1,0.003570599,0.34694906,0.3296868959762495
YUYLOV_clean,5.28891,4.25116,5.28891,1.21408,1053.59,867.808,5.10787,4.20721,0.5256,0.432922,0.0,1,0.003401757,0.315772295,0.32075113938625066
YUZBIG_clean,5.58636,2.8824,5.58636,1.48338,0.0,0.0,639.652,431.212,0.5,0.337068,0.0,0,0.018213353,0.969540279,1.0485811312662476
YUZBUS_clean,5.56489,2.86811,5.54943,1.48376,0.0,0.0,641.085,432.066,0.5,0.336981,0.0,0,0.018708033,0.972522616,1.0687762274774968
YUZCAZ_clean,5.53805,2.90827,5.53206,1.48083,0.0,0.0,644.031,434.913,0.5008,0.338189,0.0,0,0.018204799,0.965043964,1.0480713393737475
YUZCED_clean,5.25441,3.02415,5.25441,1.46093,0.0,0.0,671.845,459.873,0.5076,0.347449,0.0,0,0.018847741,0.996945843,1.0757899658374968
YUZCON_clean,12.85482,8.91717,12.83553,1.23622,1841.47,1489.6,0.0,0.0,0.7372,0.596334,0.0,1,0.000792027,0.080403604,0.07515991096374991
YUZJOU_clean,4.95379,2.79597,4.92875,1.24086,0.0,0.0,274.603,221.301,0.4568,0.368132,0.0,1,0.00631423,0.516763707,0.5250206003975002
YUZPEQ_clean,21.49816,9.22584,18.34054,0.4666,2093.84,4487.44,0.0,0.0,0.8266,1.77154,0.0,1,0.003914961,0.394758085,0.38194776040999934
YUZPIU_clean,24.28264,10.2733,24.27637,0.405541,1930.72,4760.85,0.0,0.0,0.8426,2.07772,0.0,1,0.004252218,0.417625418,0.41282131845499714
YUZPOA_clean,20.08724,6.66271,20.08724,0.597835,2261.64,3783.05,0.0,0.0,0.7894,1.32043,0.0,1,0.004120433,0.411214773,0.40802031586749754
YUZRAO_clean,7.04018,5.00118,6.73681,1.11887,1297.93,1160.04,0.0,0.0,0.528,0.471906,0.0,1,0.003341684,0.324806865,0.3235796302037523
YUZRES_clean,7.11877,4.99085,7.01426,1.11442,1299.63,1166.19,0.0,0.0,0.527,0.472891,0.0,1,0.003437047,0.328235965,0.3298853053412521
YUZSUH01_clean,4.24949,3.27902,4.24949,1.86509,0.0,0.0,740.482,397.021,0.4784,0.256502,0.0,1,0.00680852,0.588337977,0.5501272539987497
YUZSUH_clean,4.28405,3.30153,4.28405,1.85397,0.0,0.0,776.408,418.78,0.479,0.258364,0.0,1,0.00781706,0.666496812,0.6212219383637461
YUZXAT_clean,5.15837,3.71285,5.1262,1.26263,639.82,506.735,0.0,0.0,0.4692,0.371605,0.0,1,0.006437703,0.474234928,0.5472971288899995
ZABQIC_ion_b,12.00373,11.11993,12.00373,0.767386,1559.55,2032.28,0.0,0.0,0.672,0.8757,0.0,1,0.001772001,0.183943332,0.1771683081599996
ZACCUB_clean,5.33809,3.35117,5.33809,2.14234,943.989,440.635,0.0,0.0,0.4798,0.223961,0.0,1,0.038868221,1.749683548,1.4946197030487536
ZADDAJ_clean,3.58243,3.04985,3.57932,1.44779,0.0,0.0,49.4439,34.1513,0.4702,0.324771,0.0,1,0.000452515,0.047036627,0.04441792406250007
ZAFXAI_clean,8.16636,3.63608,8.16636,1.40372,1642.88,1170.38,0.0,0.0,0.568,0.40464,0.00156727,0,0.002533403,0.237004393,0.24967460583374979
ZAGHAT_clean,4.51112,4.19176,4.51112,1.1607,908.617,782.819,0.0,0.0,0.5106,0.439908,0.0,1,0.005136647,0.460705293,0.46370851533624907
ZAHLEC_clean,10.74057,8.40432,8.92854,0.504189,2700.75,5356.61,0.0,0.0,0.8076,1.60178,0.0,1,0.003100586,0.305538531,0.30654288605249913
ZALDUO_clean,4.61661,3.56851,4.61661,1.92477,1210.48,628.894,0.0,0.0,0.514,0.267045,0.0,1,0.001036142,0.09970962,0.10075479821875068
ZALGEB_clean,6.62075,4.56528,6.62075,1.81667,1374.98,756.865,0.0,0.0,0.5514,0.303522,0.0,1,0.000370463,0.039328496,0.035370524185000085
ZALMIL_clean,4.61571,3.31264,4.61571,1.68188,335.465,199.458,0.0,0.0,0.383,0.227721,0.0,1,0.002205131,0.192859375,0.2040155124812503
ZALREM_clean,5.87604,3.78386,5.86921,1.04183,1802.16,1729.8,0.0,0.0,0.622,0.597029,0.0,0,0.007151613,0.637685445,0.6446766030750024
ZAQZOG_clean,5.77457,3.67413,5.75944,1.64692,1133.89,688.489,59.8527,36.3421,0.521,0.316347,0.0,1,0.003339039,0.31328758,0.31590846060499983
ZARFOQ_clean,4.11299,2.42677,4.11299,1.73348,0.0,0.0,190.582,109.941,0.4382,0.252786,0.0,1,0.002229526,0.192918164,0.21220302524875098
ZARLEL_clean,14.43115,13.28451,14.43115,0.493906,1518.29,3074.04,0.0,0.0,0.7906,1.60071,0.0,1,0.002128631,0.218469788,0.2051979978062517
ZARLIP_clean,9.09773,7.66595,9.09773,0.805646,1902.98,2362.06,0.0,0.0,0.6786,0.842305,0.0,1,0.003238855,0.297921532,0.3197327482537511
ZARPUF_clean,7.04716,6.45776,7.04716,1.849,1998.18,1080.68,0.0,0.0,0.6766,0.365927,0.0,1,0.001220643,0.119169086,0.1274775126662508
ZARQAM_clean,7.63314,6.94265,7.63314,2.76479,1309.37,473.587,0.0,0.0,0.5168,0.186922,0.0,1,0.000568534,0.055718114,0.060671925198749775
ZARTAP03_clean,4.16883,3.64959,4.16883,1.16973,666.603,569.875,0.0,0.0,0.5526,0.472415,0.0,0,0.001975836,0.196114155,0.18935873077249998
ZARVIZ_clean,8.08211,6.49977,8.07086,1.60695,1752.25,1090.42,2.37844,1.4801,0.6066,0.377486,0.0,1,0.001121602,0.110360009,0.10905650481000023
ZARZAV_clean,5.22384,3.95101,5.21614,1.32405,863.286,652.003,0.0,0.0,0.4802,0.362674,0.0,1,0.008578271,0.644652804,0.7035126351749986
ZASJAG_clean,8.3258,8.06587,8.3258,1.20593,1261.26,1045.89,0.0,0.0,0.5316,0.440823,0.0,0,0.001849874,0.189272902,0.17407012441125083
ZASTUK_clean,5.34498,3.95884,5.34498,1.23434,967.3,783.659,0.0,0.0,0.4876,0.39503,0.0,1,0.005873463,0.541031567,0.5158855460124994
ZASWOF_clean,3.26494,2.79891,3.25888,3.21652,0.0,0.0,0.0,0.0,0.4932,0.153333,0.0,1,0.000346723,0.033616139,0.033863115994999984
ZAVMIU_clean,5.45393,2.90422,5.45393,1.74059,0.0,0.0,987.562,567.371,0.5626,0.323223,0.0,1,0.000724872,0.075964295,0.07113525239624977
ZAVPET_clean,5.39742,4.45708,5.33979,1.26627,1762.86,1392.17,0.0,0.0,0.5648,0.446036,0.0,1,0.003571653,0.342336445,0.3436382939162506
ZAVPIX_clean,5.34624,4.4404,5.30939,1.2826,1715.57,1337.57,0.0,0.0,0.5728,0.446594,0.0,1,0.003779596,0.359691084,0.3632619207512504
ZAVPOD_clean,5.37051,4.47073,5.34338,1.28123,1720.75,1343.05,0.0,0.0,0.573,0.447228,0.0,1,0.003569796,0.34416588,0.3438198068287507
ZAVPUJ_clean,5.35189,4.46399,5.34326,1.29856,1713.78,1319.75,0.0,0.0,0.5712,0.439871,0.0,1,0.003840837,0.352624407,0.36560901230375037
ZAVQAQ_clean,5.33865,4.48097,5.3256,1.32498,1680.96,1268.67,0.0,0.0,0.569,0.42944,0.0,1,0.003679496,0.352340709,0.3575168287812505
ZAVQEU_clean,5.32077,4.48233,5.32077,1.33464,1678.44,1257.6,0.0,0.0,0.5746,0.430529,0.0,1,0.003729578,0.355089814,0.3617655781025004
ZAVQIY_clean,5.30607,4.48289,5.30386,1.35411,1643.73,1213.88,0.0,0.0,0.5664,0.418282,0.0,1,0.00378892,0.352618869,0.36160023212625036
ZAVQOE_clean,5.3264,4.54894,5.3264,1.35472,1669.82,1232.6,0.0,0.0,0.5738,0.423556,0.0,1,0.003704893,0.349442102,0.3583986291250006
ZAVQUK_clean,5.30653,4.52403,5.29517,1.36913,1649.04,1204.45,0.0,0.0,0.5562,0.406243,0.0,1,0.003646896,0.348229232,0.35678831113875054
ZAVRAR_clean,5.32227,4.57646,5.32227,1.37671,1661.66,1206.98,0.0,0.0,0.5744,0.417225,0.0,1,0.003746102,0.348924572,0.3619518750287505
ZAVREV_clean,5.30179,4.55872,5.30179,1.39948,1649.43,1178.6,0.0,0.0,0.5718,0.40858,0.0,1,0.003861426,0.352014004,0.3658791426437509
ZAVRIZ_clean,5.32783,4.62627,5.32783,1.39297,1655.8,1188.68,0.0,0.0,0.5686,0.408192,0.0,1,0.003701648,0.343144898,0.3577273874162503
ZAWLEQ_clean,4.4568,2.58179,4.04425,1.34874,0.0,0.0,433.072,321.094,0.4522,0.335276,0.0,1,0.001546803,0.142674291,0.14763869304749996
ZAXQOG_clean,5.67387,3.7719,5.66477,1.01421,1385.47,1366.06,80.4067,79.2805,0.6032,0.594751,0.0,1,0.00832765,0.759374725,0.7072157572837484
ZAXWAY_clean,4.52908,2.96859,4.52908,1.45523,0.0,0.0,329.284,226.277,0.4818,0.331082,0.0,0,0.005382545,0.429394288,0.43822911162625083
ZAXWEC_clean,4.15244,2.78456,4.07396,1.56665,0.0,0.0,180.436,115.173,0.4542,0.289917,0.0,0,0.00604464,0.439061136,0.5150344536225022
ZAZBUZ_clean,6.78822,5.70042,6.78792,1.17074,1452.69,1240.82,0.0,0.0,0.588,0.502245,0.0,1,0.004597473,0.415790694,0.43604968017625084
ZAZNUL_clean,14.33219,5.62688,14.33219,1.14775,1488.16,1296.59,309.364,269.539,0.6388,0.556566,0.0,1,0.00379138,0.332471255,0.3646525224325002
ZEBMAW_clean,7.10606,3.80774,7.0844,1.02768,1719.77,1673.45,0.0,0.0,0.5972,0.581114,0.0,1,0.003311169,0.337865958,0.3254654839375018
ZECKOJ_clean,10.01013,7.75871,10.01013,0.671545,2228.83,3318.96,0.0,0.0,0.7738,1.15227,0.0,1,0.002318599,0.214759674,0.22178707595374988
ZEDHIB_clean,4.96253,3.33867,4.45559,1.37217,835.571,608.942,0.0,0.0,0.4944,0.360306,0.0,1,0.006581702,0.497943112,0.5795783968287483
ZEDLOL_clean,4.6264,3.66432,4.6264,1.37262,652.64,475.472,0.0,0.0,0.459,0.334398,0.0,0,0.003673048,0.336921358,0.34096658825999804
ZEDQEG_clean,5.11458,4.23281,5.10868,1.21651,1349.89,1109.64,0.0,0.0,0.5426,0.446031,0.0,1,0.003353317,0.313458414,0.3243248790100015
ZEDQOQ_clean,3.40448,3.09733,3.39915,2.06282,0.0,0.0,1.88022,0.91148,0.3662,0.177524,0.0,1,0.000265372,0.023941803,0.026273957171249945
ZEDRAD_clean,3.70645,2.81425,3.70645,2.48068,0.0,0.0,93.5472,37.7103,0.3984,0.160601,0.0,1,0.002163226,0.202345999,0.20232145910125002
ZEDROR_clean,5.08255,3.56751,5.06998,1.24486,1045.2,839.611,0.0,0.0,0.4974,0.399562,0.0,1,0.006012999,0.538190863,0.5472585905537478
ZEDZAL01_clean,5.65082,4.55391,5.6492,1.03183,1744.09,1690.29,0.0,0.0,0.599,0.580521,0.0,0,0.00706358,0.645063219,0.6273701354912503
ZEDZAL_clean,5.65964,4.57272,5.65578,1.03183,1734.09,1680.59,0.0,0.0,0.6058,0.587111,0.0,0,0.007090692,0.643322629,0.6392922776075008
ZEFLAZ01_clean,4.47673,2.45296,4.45851,1.97707,0.0,0.0,319.604,161.655,0.3724,0.188359,0.0,0,0.010645303,0.597421472,0.7300320480025035
ZEFVEN_clean,5.14656,2.49516,5.14494,2.04226,0.0,0.0,396.624,194.208,0.3712,0.181759,0.0,1,0.003154487,0.239871406,0.2886574746137502
ZEFVIR_clean,5.15122,2.5027,5.12356,1.99741,0.0,0.0,396.5,198.508,0.374,0.187243,0.0,1,0.003070712,0.238369953,0.28642366224375027
ZEFVOX_clean,5.14664,2.50004,5.14035,2.01135,0.0,0.0,398.088,197.921,0.3656,0.181769,0.0,1,0.003020965,0.240739748,0.2826234580474999
ZEGSUB_clean,7.31541,3.30833,7.31541,1.20729,0.0,0.0,734.411,608.314,0.4788,0.396591,0.0,1,0.001008043,0.09678236,0.10060569642750022
ZEHCAQ01_clean,4.19079,2.69873,4.19079,2.02685,0.0,0.0,631.723,311.677,0.537,0.264943,0.0,1,0.005813149,0.460883357,0.499297339101251
ZEHCAQ02_clean,4.12583,2.64971,4.06091,2.02971,0.0,0.0,581.933,286.707,0.5354,0.263781,0.0,1,0.004434994,0.376445145,0.3970899791462525
ZEHCAQ_clean,4.19888,2.71451,4.1726,2.02103,0.0,0.0,626.454,309.968,0.5382,0.2663,0.0,1,0.005659916,0.462346626,0.46702523073125013
ZEJCUO_clean,3.4618,2.60004,3.26788,2.14228,0.0,0.0,3.40248,1.58825,0.3654,0.170566,0.0,1,0.001008099,0.102223808,0.10178990741875092
ZEKRIS_clean,5.6482,4.818,5.6482,1.03468,1377.31,1331.15,0.0,0.0,0.5112,0.494067,0.0,1,0.008966246,0.790791891,0.8011591778287479
ZEKROY_clean,5.41315,3.12391,5.3949,1.40405,0.0,0.0,271.422,193.314,0.2978,0.212101,0.0,1,0.001968948,0.170841883,0.18666144321125025
ZELQAK_clean,8.24038,5.23853,8.14946,0.765451,2630.89,3437.05,0.0,0.0,0.7374,0.963354,0.0,1,0.004383412,0.416459932,0.42809306931624874
ZELROZ_manual,16.90888,11.06843,16.90888,0.361932,1789.5,4944.29,0.0,0.0,0.8714,2.40763,0.0,0,0.002992877,0.292610799,0.29315352930499883
ZERNIV_clean,4.30674,2.59644,4.22483,1.71671,0.0,0.0,469.04,273.22,0.4022,0.234285,0.0,1,0.001098242,0.101651834,0.10719024838624965
ZERNOB_clean,4.35265,2.64863,4.35265,1.75217,0.0,0.0,467.23,266.657,0.3994,0.227945,0.0,1,0.001268858,0.116493562,0.11857114544625011
ZERQOE_clean,4.4965,4.02903,4.49472,1.56535,409.981,261.909,0.0,0.0,0.3512,0.224358,0.0,0,0.011865045,0.689195047,0.7497131321325007
ZETLER_clean,7.4185,6.73421,7.4185,1.13583,1090.42,960.022,0.0,0.0,0.5128,0.451477,0.0,1,0.003419464,0.339616764,0.3254982924837516
ZETMOC_clean,4.70961,3.19935,4.70961,2.1826,0.0,0.0,775.941,355.513,0.5166,0.236691,0.0,1,0.001723571,0.155752896,0.16178860078875024
ZETPUL_clean,4.3933,2.77473,4.07307,2.39493,0.0,0.0,124.547,52.0043,0.3652,0.152489,0.0,0,0.000285702,0.02631505,0.026519496062500165
ZETQEW_clean,4.43317,2.73604,4.43197,2.27654,0.0,0.0,134.747,59.1895,0.3724,0.163581,0.0,0,0.000276407,0.027107345,0.02644459523375006
ZETQIA_clean,4.38937,2.70419,4.38937,2.1799,0.0,0.0,135.185,62.0143,0.3692,0.169366,0.0,0,0.000255935,0.027428562,0.025656171387500034
ZEVXAB_clean,8.31732,6.45797,8.30908,0.729711,1924.84,2637.82,0.0,0.0,0.6412,0.878704,0.0,0,0.003564367,0.349772524,0.34815938103499944
ZEXKUK_clean,5.43641,4.11889,5.43641,1.10203,1510.94,1371.05,0.0,0.0,0.521,0.472764,0.0,0,0.004918134,0.466463901,0.44747043192250063
ZEZFIV_clean,10.69025,9.42287,10.68854,0.594994,2005.75,3371.05,0.0,0.0,0.743,1.24875,0.0,1,0.002871007,0.288637254,0.2915262277274997
ZEZPAX01_clean,4.97284,3.24197,4.97284,1.39461,0.0,0.0,919.016,658.977,0.5718,0.410007,0.0,1,0.003660517,0.348746064,0.3405754568049994
ZEZPAX_clean,4.88259,3.42627,4.87229,1.37031,946.317,690.584,0.0,0.0,0.58,0.423261,0.0,1,0.003454302,0.327839256,0.3287767565637498
ZEZPEB_clean,4.78091,3.32438,4.76618,1.35166,859.819,636.119,0.0,0.0,0.578,0.427621,0.0,1,0.003072782,0.289495147,0.2890300430037499
ZEZPOL_clean,5.01325,3.17956,4.94283,1.35634,0.0,0.0,934.336,688.865,0.5604,0.41317,0.0,1,0.003796819,0.347410426,0.34340076176999956
ZEZPUR_clean,6.86808,4.73515,6.86808,1.25879,1604.0,1274.24,0.0,0.0,0.5842,0.464096,0.0,1,0.003544993,0.34102728,0.3384147171225001
ZEZQAY_clean,6.85728,4.76238,6.85728,1.25559,1624.77,1294.03,0.0,0.0,0.5694,0.453492,0.0,1,0.003657911,0.356148978,0.35762229517750044
ZEZQEC_clean,6.82109,4.77027,6.82109,1.2492,1610.37,1289.12,0.0,0.0,0.5834,0.467017,0.0,1,0.00356472,0.351034193,0.3392119192762502
ZEZQIG_clean,6.88408,4.79829,6.69844,1.21505,1604.06,1320.16,0.0,0.0,0.5894,0.485082,0.0,1,0.003538406,0.334849311,0.3369110336437503
ZIBRAD_clean,4.7566,3.38037,4.57168,1.23131,459.352,373.059,0.0,0.0,0.4902,0.398112,0.0,1,0.004372886,0.397802793,0.4049577046550011
ZICCIZ_clean,17.08225,7.88152,11.63664,0.729494,2109.82,2892.17,0.0,0.0,0.7876,1.07965,0.0,1,0.002435205,0.248409003,0.22960349432749994
ZIDBEV_clean,9.63216,5.48309,9.63216,0.807059,2178.07,2698.78,0.0,0.0,0.7352,0.910962,0.0,1,0.001449088,0.143843723,0.1410976206150009
ZIDDIB_clean,4.55863,2.41066,4.54778,1.91164,0.0,0.0,226.991,118.742,0.378,0.197736,0.0,1,0.019535938,0.787645956,1.0096745979262471
ZIDNEH_clean,8.84838,5.55883,8.83355,0.885692,1904.92,2150.77,0.0,0.0,0.6292,0.710405,0.0,1,0.006396925,0.56728252,0.5717439928212472
ZIDVAL_clean,5.32891,3.57912,5.32891,1.33917,571.442,426.715,0.0,0.0,0.4296,0.320796,0.0,1,0.007444559,0.520869938,0.6087678341474979
ZIGFIG_clean,11.59694,6.57481,10.91215,0.866393,2057.4,2374.67,0.0,0.0,0.6856,0.791327,0.0,1,0.005970125,0.485650965,0.551736626944997
ZIGWUJ_clean,5.41641,3.34297,5.39817,1.32203,880.545,666.057,0.0,0.0,0.5084,0.384561,0.0,1,0.004160656,0.373067149,0.3802910233949986
ZIHFUR01_clean,5.31623,4.89277,5.31045,1.17914,978.608,829.937,0.0,0.0,0.4918,0.417085,0.0,0,0.002215185,0.204790608,0.21611531023625039
ZIHFUR_clean,5.26061,4.96221,5.22095,1.17428,998.963,850.705,0.0,0.0,0.5002,0.425964,0.0,0,0.00213146,0.202587528,0.20507140341500066
ZIHTEP_clean,4.34589,3.49261,4.31959,1.10997,397.98,358.549,0.0,0.0,0.4276,0.385235,0.0,1,0.001148177,0.120696978,0.10885563031500006
ZIJSAO_clean,20.32962,7.50871,20.32962,0.465536,2204.15,4734.65,0.0,0.0,0.8128,1.74594,0.0,1,0.00321588,0.346039639,0.32022394867125115
ZIJVAR_clean,3.81019,2.63372,3.81019,1.45241,0.0,0.0,47.1808,32.4844,0.3854,0.265351,0.0,1,0.000878304,0.087332387,0.08699195737374948
ZIJVOF01_clean,5.27877,3.42429,5.23095,1.22527,1101.04,898.609,0.0,0.0,0.5618,0.458512,0.0,1,0.005953749,0.518771641,0.533575271626248
ZIJVOF02_clean,5.27888,3.36573,5.25458,1.22585,1080.88,881.733,0.0,0.0,0.5638,0.459924,0.0,1,0.00614314,0.518229296,0.5537442950274976
ZIJVOF_clean,5.29078,3.31943,5.29078,1.22582,1049.42,856.102,0.0,0.0,0.5682,0.463527,0.0,1,0.005952028,0.515918731,0.5313846562437488
ZIKCED_clean,6.17439,3.39179,6.14677,1.27675,942.085,737.875,0.0,0.0,0.4966,0.388955,0.0,0,0.00388195,0.344363329,0.35736616084249945
ZIKJIO_clean,7.07783,5.58584,7.07783,0.782965,2562.61,3272.96,0.0,0.0,0.6992,0.893015,0.0,1,0.004049212,0.424837334,0.4054635115899971
ZIKJOU_clean,5.81598,3.9573,5.81598,0.969805,2178.44,2246.27,0.0,0.0,0.6456,0.665701,0.0,1,0.006072605,0.559278944,0.5689085473662461
ZILBAZ_clean,4.9863,4.28704,4.9863,0.999721,1029.25,1029.53,0.0,0.0,0.551,0.551154,0.0,1,0.003208914,0.311249368,0.3037083552200028
ZILBED_clean,4.97187,3.8062,4.93999,0.952981,1353.58,1420.37,0.0,0.0,0.5664,0.594346,0.0,1,0.003767881,0.380336332,0.3596614651587513
ZILBIH_clean,9.14666,5.88445,8.01264,0.927388,1498.69,1616.04,0.0,0.0,0.5906,0.636843,0.0,0,0.004950634,0.476386407,0.45101429114124736
ZILFOR_manual,9.30653,7.96955,8.40209,0.639421,2480.2,3878.82,0.0,0.0,0.7576,1.18482,0.0,1,0.003881195,0.383964859,0.3791354305349992
ZIMJOW_clean,4.93461,3.1789,4.92973,1.70284,0.0,0.0,690.791,405.67,0.4606,0.270489,0.0,1,0.001371356,0.137232275,0.12532502227999995
ZIMLAK_clean,8.81434,4.17837,8.81158,1.15604,2223.72,1923.56,0.0,0.0,0.7056,0.610357,0.0,1,0.001587828,0.157499413,0.15631829794000013
ZIMLEO_clean,8.8325,4.17886,8.8325,1.13678,2223.09,1955.6,0.0,0.0,0.7064,0.621405,0.0,1,0.00154174,0.159043618,0.15444512684874948
ZIMLIS_clean,8.92267,4.20987,8.92267,1.114,2237.68,2008.69,0.0,0.0,0.7006,0.628903,0.0,1,0.001608172,0.157492357,0.1581080676137506
ZIMLOY_clean,4.04571,2.50123,4.04571,3.46201,0.0,0.0,113.3,32.7268,0.4192,0.121086,0.0,1,0.000410359,0.039994491,0.04108188758500003
ZIMLUE_clean,4.06844,2.47389,4.06844,3.43942,0.0,0.0,117.541,34.1747,0.407,0.118334,0.0,1,0.000441979,0.041831629,0.041691633964999975
ZIMTAS_clean,15.44798,6.02893,15.44798,0.579498,2082.03,3592.82,0.0,0.0,0.7752,1.33771,0.0,1,0.002989737,0.297914576,0.29242635318624954
ZINDAD_clean,16.39277,6.7436,16.39277,0.781296,1939.71,2482.68,0.0538053,0.0688667,0.7302,0.934601,0.0,1,0.004584254,0.421078962,0.4313814156912495
ZISFEO01_clean,4.76853,3.96927,4.66022,1.28743,834.269,648.011,0.0,0.0,0.4838,0.375787,0.0,1,0.006936105,0.620267427,0.5769009165624994
ZISFEO_clean,4.87799,4.0904,4.87799,1.19653,987.013,824.893,0.0,0.0,0.5152,0.430577,0.0,1,0.005135042,0.465391626,0.46367976144625006
ZISYAD_clean,5.9099,4.91539,5.73695,1.28892,1160.38,900.27,0.0,0.0,0.5204,0.403748,0.0,0,0.007007275,0.57919116,0.5967415589500005
ZITRUP_clean,6.53672,5.01398,6.53672,0.717884,2623.55,3654.57,0.0,0.0,0.7268,1.01242,0.0,0,0.002372305,0.246908651,0.22160260614875013
ZITWIK_clean,4.90324,2.58635,4.90324,1.47411,0.0,0.0,902.165,612.006,0.5986,0.406075,0.0,0,0.000999201,0.099117425,0.09822281053374998
ZIWLUO_clean,7.47107,4.53903,7.43631,1.09467,1585.65,1448.51,0.0,0.0,0.5836,0.533128,0.0,1,0.004824143,0.438173384,0.43952250833625023
ZIWMEZ_clean,4.39347,3.81576,4.39171,1.76923,646.685,365.518,0.0,0.0,0.428,0.241913,0.0,1,0.002746538,0.246119594,0.24491928726000012
ZIWTII_clean,4.68935,3.37487,4.68935,1.39204,959.848,689.526,0.0,0.0,0.5458,0.392087,0.0,1,0.002334835,0.23113932,0.2192959653687503
ZIYPUU_clean,4.16938,3.3088,4.16938,1.46817,0.0,0.0,471.425,321.097,0.4874,0.331978,0.0,1,0.00149303,0.146285921,0.14741735662374994
ZIYQAB_clean,4.81934,3.2861,4.80982,1.34833,0.0,0.0,942.654,699.128,0.5366,0.397974,0.0,1,0.002908223,0.266857987,0.2725336085762493
ZIZTOT_clean,4.99186,3.31985,4.98584,1.90366,1020.3,535.969,0.0,0.0,0.5588,0.29354,0.0,1,0.001587938,0.14686628,0.15396134429750025
ZOBYOG_clean,4.36307,2.9377,4.35308,1.3221,0.0,0.0,348.826,263.843,0.4852,0.366992,0.0,1,0.001951786,0.174730143,0.18646642401500013
ZOFZIF_clean,8.07986,5.82761,8.06722,0.702361,2633.85,3750.0,0.0,0.0,0.7174,1.02141,0.0,1,0.003563557,0.356459709,0.34869545499
ZOFZOL_clean,9.41161,6.60227,9.39434,0.678974,2530.56,3727.03,0.0,0.0,0.7552,1.11227,0.0,1,0.003733554,0.374137962,0.36878742632999917
ZOFZUR_clean,12.72726,10.75924,12.72726,0.565447,2337.99,4134.76,0.0,0.0,0.7702,1.36211,0.0,1,0.003992162,0.386901985,0.3896182978474988
ZOHBEF_clean,4.05883,3.23876,4.05716,1.69064,0.0,0.0,335.92,198.694,0.4624,0.273506,0.0,0,0.00023692,0.024250527,0.021419599207499952
ZOHBIJ_clean,4.05613,3.23287,4.05613,1.75524,0.0,0.0,336.928,191.955,0.4712,0.268453,0.0,0,0.000214385,0.023655675,0.02084190782374992
ZOHBOP_clean,4.02467,3.19785,4.02467,1.80927,0.0,0.0,298.849,165.177,0.4656,0.257342,0.0,0,0.000213751,0.02240785,0.020803701667499883
ZOHBUV_clean,4.01075,3.17776,4.01075,1.85961,0.0,0.0,286.567,154.101,0.462,0.248439,0.0,0,0.000202784,0.021451372,0.02051132857874987
ZOHFUZ_clean,11.92122,6.68196,11.92122,0.814891,2190.64,2688.27,0.0,0.0,0.7046,0.864656,0.0,1,0.006008075,0.511555219,0.5646738657899968
ZOMKAP01_clean,3.38977,2.61781,3.38749,2.05116,0.0,0.0,6.21521,3.0301,0.493,0.240352,0.0,1,0.000306885,0.026936877,0.03031733570625012
ZOMNEW_clean,6.0596,4.54083,6.0596,1.15823,1419.36,1225.46,0.0,0.0,0.5808,0.501457,0.0,1,0.004251162,0.399159763,0.3891280500262509
ZOMNIA_clean,6.19749,4.62522,6.12809,1.13009,1429.96,1265.35,0.0,0.0,0.5774,0.510931,0.0,1,0.003820786,0.364064958,0.36369607186375086
ZOMNUM_clean,6.06034,4.51773,6.06034,1.06034,1392.7,1313.45,0.0,0.0,0.5604,0.52851,0.0,1,0.004634786,0.433933979,0.42982611152750083
ZOMPAU01_clean,3.35598,2.54191,3.35598,2.00083,0.0,0.0,0.953907,0.476756,0.4934,0.246598,0.0,1,0.000301626,0.029654784,0.029105560331250068
ZONBAH_clean,3.78181,3.08,3.75897,1.74272,0.0,0.0,98.3253,56.4206,0.4288,0.246052,0.0,0,0.000365984,0.035542706,0.03492801160749996
ZOTKAW_clean,4.77881,3.75238,4.76637,1.43383,643.033,448.471,0.0,0.0,0.4312,0.300732,0.0,1,0.001681358,0.162199885,0.15632088694749993
ZOXFEZ_clean,6.93984,4.03954,6.93984,0.864343,2031.03,2349.79,0.0,0.0,0.6366,0.736513,0.0,0,0.006846757,0.644697111,0.6035715405787488
ZOXGOK_clean,6.81689,4.16129,6.80143,1.34232,1279.03,952.844,0.0,0.0,0.53,0.394837,0.0,1,0.001878557,0.174428908,0.17430278316124959
ZOXGUQ_clean,6.36133,3.352,6.36133,1.24131,655.841,528.344,1.04566,0.842381,0.4802,0.386848,0.0,1,0.002355216,0.217575391,0.22268041043125006
ZOXNEH_clean,5.49902,3.71803,5.37867,1.30831,1870.03,1429.35,0.0,0.0,0.6444,0.492544,0.0,1,0.007897799,0.690706435,0.6782255544212501
ZOXTEN_clean,5.96521,3.15004,5.78672,1.9472,0.0,0.0,615.231,315.957,0.4406,0.226273,0.0,1,0.00318461,0.259402033,0.28999791690375054
ZOXTIR_clean,5.95588,3.14053,5.93808,1.94964,0.0,0.0,602.113,308.833,0.4406,0.225991,0.0,1,0.00283862,0.237736951,0.27120322422249893
ZOXTUD_clean,5.84263,3.22574,5.70759,1.90531,0.0,0.0,588.445,308.845,0.4264,0.223795,0.0,1,0.002516281,0.222333924,0.23562694079374996
ZOXVEP_clean,5.87141,3.21635,5.85418,1.91494,0.0,0.0,638.808,333.592,0.4284,0.223715,0.0,1,0.002735914,0.230459585,0.2412029830649993
ZOYKAB_clean,3.9922,3.34055,3.95422,1.52777,291.203,190.607,0.0,0.0,0.4082,0.267187,0.0,1,0.003770434,0.343506804,0.33963478083749643
ZOYKEF_clean,5.38578,3.28005,5.38076,1.30329,0.0,0.0,1195.09,916.984,0.4998,0.383492,0.0,1,0.004252396,0.397663002,0.3824597661837513
ZOZCIC_clean,4.77783,3.48746,4.76506,1.70684,334.136,195.762,173.298,101.532,0.4902,0.287197,0.0,1,0.002778335,0.244274749,0.24480916346625037
ZOZHON_clean,7.30118,5.11086,5.92942,1.04457,1885.43,1804.99,0.0160738,0.015388,0.6212,0.594697,0.0,0,0.00497556,0.482089588,0.4574962991737495
ZOZKAC_clean,4.08199,3.46421,4.07007,1.50938,399.978,264.995,0.0,0.0,0.4188,0.277465,0.0,1,0.005406261,0.461597042,0.42637223652624906
ZOZKEG_clean,7.97254,6.83417,7.97254,1.12239,1128.68,1005.6,75.4829,67.2521,0.5514,0.491274,0.0,1,0.005717362,0.441265272,0.508835936117499
ZOZPUB_clean,7.7256,6.01065,7.70911,1.03826,1572.11,1514.17,0.0,0.0,0.597,0.574999,0.0,1,0.00193536,0.185231997,0.19115579001874983
ZOZSEO_clean,3.51382,2.452,3.49799,1.33775,0.0,0.0,9.05409,6.76817,0.4326,0.32338,0.0,0,0.000572822,0.05423512,0.06095940393624946
ZUBCEG_clean,4.68192,2.5642,4.68076,2.08398,0.0,0.0,490.84,235.53,0.4436,0.212862,0.0,1,0.001719807,0.156466035,0.15846020679000006
ZUBFIN_clean,7.69352,3.71325,7.67785,1.11238,1215.17,1092.41,0.0,0.0,0.5518,0.496052,0.0,1,0.007011337,0.607797137,0.6171527872800022
ZUCKIT_clean,21.54143,12.82644,21.54143,0.534491,1102.82,2063.31,408.868,764.967,0.7688,1.43838,0.0,1,0.004019895,0.388616728,0.40234561052624795
ZUDPIZ_clean,3.31352,2.53779,3.30283,1.48178,0.0,0.0,0.0,0.0,0.3422,0.230939,0.0,0,5.39e-05,0.005029823,0.004884295138749974
ZUDQEW_clean,6.3794,3.06561,6.3794,1.53218,0.0,0.0,1139.02,743.396,0.529,0.34526,0.0,1,0.001946967,0.190373929,0.18508743649250003
ZUDQUM_clean,5.81277,5.4291,5.81277,1.09047,1603.64,1470.59,0.0,0.0,0.5888,0.539951,0.0,0,0.004936548,0.452036648,0.4529510697675005
ZUDRAT_clean,6.48565,4.23405,6.48051,1.20859,1651.45,1366.43,0.0,0.0,0.5628,0.465668,0.0,1,0.004026729,0.384752815,0.3904649233087492
ZUDXAZ_clean,4.0542,3.70372,4.05121,1.83709,560.464,305.082,53.3835,29.0587,0.4362,0.237441,0.0,1,0.003501408,0.320370068,0.3221484993124979
ZUGDEM_clean,9.67095,5.98717,9.67095,0.85339,2198.39,2576.07,0.0,0.0,0.6996,0.819789,0.0,1,0.003582143,0.358182778,0.34952217389750173
ZUHSEC_clean,3.80907,3.35382,3.80907,2.31857,171.964,74.1679,0.0,0.0,0.35,0.150955,0.0,1,0.000718123,0.070280978,0.06803312598375001
ZUKNAW_clean,11.21967,10.68501,10.9966,0.962771,2472.04,2567.63,0.0,0.0,0.7894,0.819925,0.0,1,0.001045341,0.100467674,0.10503706141875024
ZULVEJ_clean,4.77849,2.78356,4.67171,1.54609,0.0,0.0,882.146,570.567,0.467,0.302053,0.0,0,0.020253952,1.459306059,1.1709506205599967
ZUMNAY_clean,3.7217,2.73118,3.7217,2.00295,0.0,0.0,136.592,68.1954,0.4202,0.209791,0.0,1,0.001623496,0.151401005,0.1448056092450001
ZUNZIT_clean,5.02966,4.18682,5.02966,1.54704,1064.88,688.333,0.0,0.0,0.4702,0.303935,0.0,1,0.005081713,0.45350828,0.4562563644462497
ZUPBET_clean,5.03517,4.18078,5.03517,1.52077,1109.78,729.746,0.0,0.0,0.4686,0.308133,0.0,1,0.005092861,0.451571788,0.45712119181625044
ZUQMAB_clean,6.12654,3.97231,6.12654,1.08189,1594.49,1473.8,0.0,0.0,0.5652,0.522421,0.0,0,0.004479843,0.41968898,0.4348313816737519
ZURLAB_clean,4.89339,2.7707,4.89144,1.5825,0.0,0.0,414.696,262.051,0.4282,0.270584,0.0,0,0.001551385,0.149271954,0.14180642405000007
ZURQOS_clean,4.62363,3.68876,4.61478,1.30618,1284.42,983.341,0.0,0.0,0.526,0.402701,0.0,1,0.004014462,0.3746478,0.3757061807437492
ZURROT_clean,4.90807,3.92111,4.90807,1.07774,1554.64,1442.5,0.0,0.0,0.611,0.566926,0.0,1,0.002555828,0.244891849,0.2533284459937493
ZUSBIA_clean,4.68848,3.56399,4.68848,1.21981,1104.24,905.252,0.0,0.0,0.5638,0.462202,0.0,1,0.006511322,0.554568017,0.5914013848574978
ZUTBUN_clean,4.42995,3.86732,4.42995,2.2828,1037.92,454.67,0.0,0.0,0.4626,0.202646,0.0,0,0.046949027,2.070800187,1.5966851230149988
ZUVTEP_clean,6.34335,3.26541,6.34335,1.63952,0.0,0.0,911.464,555.934,0.53,0.323266,0.0,0,0.002458795,0.218842009,0.22920875097624915
ZUWXUM_clean,6.25511,5.54572,6.22585,0.917254,2526.11,2753.99,0.0,0.0,0.7012,0.764456,0.0,0,0.006229103,0.583343003,0.5685458272587471
ZUXPOZ_clean,4.9428,4.31959,4.93372,2.00162,1314.33,656.635,0.0,0.0,0.579,0.289266,0.0,1,0.001947892,0.187858888,0.18647985477499984
ZUZZEB_clean,12.38418,6.8566,12.3754,0.903178,2016.22,2232.36,0.0,0.0,0.7248,0.8025,0.0,0,0.002150179,0.209549332,0.20702349029875095
