filename,name,LCD,PLD,LFPD,cm3_g,ASA_m2_cm3,ASA_m2_g,NASA_m2_cm3,NASA_m2_g,AV_VF,AV_cm3_g,NAV_cm3_g,Has_OMS,Input,y_true,y_pred
ACOCOM_clean,ACOCOM_clean,24.60642,13.0343,24.60642,0.349927,1537.41,4393.52,0.0,0.0,0.863,2.46623,0.0,1,0.0156912,4.358106227,4.1760259078679445
ACOCUS_clean,ACOCUS_clean,24.38417,13.22222,24.38417,0.346494,1518.48,4382.42,0.0,0.0,0.8644,2.49471,0.0,1,0.016324314,4.469896982,4.30467412909412
acs.cgd.5b01554_VAGNUP1452791_clean,acs.cgd.5b01554_VAGNUP1452791_clean,6.16218,5.1323,5.87594,1.47047,1873.32,1273.96,0.0,0.0,0.572,0.388992,0.0,1,0.004741168,0.449538982,1.163872586829566
acs.chemmater.5b03723_cm5b03723_si_005_clean,acs.chemmater.5b03723_cm5b03723_si_005_clean,14.22819,7.4356,14.22819,0.645145,2122.45,3289.88,0.0,0.0,0.7418,1.14982,0.0,1,0.020482032,4.271156647,4.263603704102994
acs.inorgchem.6b01211_ic6b01211_si_002_clean,acs.inorgchem.6b01211_ic6b01211_si_002_clean,11.28381,4.52903,11.28381,0.822811,2257.22,2743.3,0.0,0.0,0.6948,0.844422,0.0,1,0.019361968,3.554384932,3.864260029179455
acs.inorgchem.6b01416_ic6b01416_si_004_clean,acs.inorgchem.6b01416_ic6b01416_si_004_clean,6.69143,3.5273,6.69143,1.34288,1327.26,988.368,0.0,0.0,0.5278,0.393035,0.0,1,0.019325827,2.49928418,2.684892253780214
AQIXUU_clean,AQIXUU_clean,5.00071,3.74213,5.00071,2.31618,778.297,336.026,0.0,0.0,0.406,0.175289,0.0,1,0.022288622,1.540607264,1.6195796848590698
AQOTIK_clean,AQOTIK_clean,6.7817,3.86887,6.78051,1.47348,1288.35,874.359,0.0,0.0,0.5612,0.380867,0.0,1,0.018816899,2.97000628,2.4850277624765855
ASANAL_clean,ASANAL_clean,5.37126,3.88285,5.37126,1.20144,1052.9,876.362,0.0,0.0,0.5218,0.434312,0.0,1,0.016694576,2.280013353,2.3695867474353034
AXINAX_clean,AXINAX_clean,19.26045,15.71248,19.26045,0.424639,1405.73,3310.41,0.0,0.0,0.8372,1.97156,0.0,1,0.014330833,3.71216211,3.806227827612015
BIJFAD_clean,BIJFAD_clean,8.3585,6.26342,8.18439,0.855984,1774.61,2073.18,0.0,0.0,0.6172,0.721042,0.0,1,0.012132792,2.684683687,2.8021904326143847
c5dt01100k_c5dt01100k2_clean,c5dt01100k_c5dt01100k2_clean,10.14478,9.16125,10.14478,1.64843,1361.9,826.183,0.0,0.0,0.588,0.356703,0.0,1,0.004028784,1.105435038,0.9523052808427019
c5dt04943a_c5dt04943a2_clean,c5dt04943a_c5dt04943a2_clean,11.21193,6.39957,11.21193,0.759207,2393.65,3152.83,0.0,0.0,0.7392,0.973647,0.0,1,0.018727933,4.100618204,3.98243920346063
c5dt05023e_c5dt05023e2_clean,c5dt05023e_c5dt05023e2_clean,6.45831,4.45817,6.45831,1.05764,1467.29,1387.32,0.0,0.0,0.552,0.521916,0.0,1,0.026483111,3.025092944,3.516655437896138
c6ta07145g_c6ta07145g2_clean,c6ta07145g_c6ta07145g2_clean,6.02059,3.60964,6.01517,1.26554,923.516,729.74,0.0,0.0,0.497,0.392717,0.0,0,0.014259163,1.966091579,2.042344050367646
CAVMIX_clean,CAVMIX_clean,8.93942,5.67971,8.86574,0.942961,1589.69,1685.85,0.0,0.0,0.62,0.657503,0.0,1,0.01899165,3.316770026,3.4449124293645146
CAYQOK_clean,CAYQOK_clean,11.83799,7.63891,11.7221,0.673503,2318.04,3441.77,0.0,0.0,0.7596,1.12783,0.0,1,0.017474253,4.113892207,3.875833748140387
cg300979c_si_002_clean,cg300979c_si_002_clean,8.05407,6.75932,7.96872,0.960767,1454.92,1514.34,0.0,0.0,0.5674,0.59057,0.0,0,0.008754382,2.001359614,2.072927971656389
COQJOJ_clean,COQJOJ_clean,7.38214,4.96534,7.38214,1.07307,1447.07,1348.53,0.0720169,0.0671129,0.5318,0.495588,0.0,1,0.024982926,3.054833565,3.3260704224146704
CUPHIG_clean,CUPHIG_clean,11.10015,5.6209,11.10015,0.767516,2426.29,3161.23,0.0,0.0,0.7292,0.950078,0.0,1,0.019676904,4.383928631,4.22501127890034
DALVEU_clean,DALVEU_clean,5.33631,4.08532,4.88589,1.30265,1571.53,1206.41,0.0,0.0,0.5888,0.452001,0.0,1,0.017612355,2.628026799,2.910715934887764
DANZOJ_neutral,DANZOJ_neutral,11.30814,4.84088,11.28951,0.953196,1460.99,1532.73,328.938,345.089,0.656,0.688211,0.0,0,0.015596198,2.754000132,2.9482748899591478
DAZCAK_clean,DAZCAK_clean,13.11846,6.60097,13.10556,1.02457,1662.31,1622.44,0.0,0.0,0.6408,0.625431,0.0,1,0.021081499,3.645306804,3.275451864796837
DOFTOJ_clean,DOFTOJ_clean,8.39259,6.42224,8.39259,0.858615,2621.58,3053.27,0.0,0.0,0.7534,0.87746,0.0,1,0.019237595,3.836837897,4.328292671207749
DOGBAE_clean,DOGBAE_clean,25.81792,14.43274,25.36207,0.55407,1540.39,2780.13,0.0,0.0,0.8362,1.5092,0.0,1,0.01687796,3.957192015,4.016961615993034
DOMGAP_clean,DOMGAP_clean,8.27667,5.74162,8.27274,1.20417,741.315,615.623,530.043,440.172,0.5268,0.437479,0.0,1,0.017147418,3.041465526,2.487701514951186
DUZKAM_clean,DUZKAM_clean,21.49045,20.91759,21.49045,0.763691,1446.12,1893.59,0.0,0.0,0.7166,0.938337,0.0,1,0.007429434,1.824314877,1.938093482540429
EHUTAE_clean,EHUTAE_clean,11.6271,4.37686,9.57037,0.725635,2073.78,2857.89,0.0,0.0,0.7062,0.973216,0.0,1,0.027993432,4.295333337,4.713843908363557
ENCDBZ01_clean,ENCDBZ01_clean,4.96088,3.91158,4.96088,1.33226,1771.15,1329.44,0.0,0.0,0.6226,0.467327,0.0,0,0.009507666,2.124304405,2.080920530558706
ERAQAR_clean,ERAQAR_clean,7.38576,7.26835,7.38576,1.40447,1641.95,1169.09,0.0,0.0,0.6066,0.431907,0.0,0,0.02686313,4.336489979,4.182508527205513
EZIMIK_clean,EZIMIK_clean,9.82604,3.91626,9.82604,1.06853,1265.94,1184.75,505.148,472.75,0.5976,0.559273,0.0,0,0.033753157,5.046106088,4.839708919823408
FALSAO_clean,FALSAO_clean,5.59493,4.61612,5.59493,1.06274,1144.25,1076.7,0.0,0.0,0.509,0.478952,0.0,0,0.021318021,3.166313491,2.900693062232128
FAVDIS_clean,FAVDIS_clean,7.08952,4.40423,6.6109,3.30476,694.499,210.151,254.861,77.1193,0.4708,0.142461,0.0,1,0.00591089,0.773358584,0.9032008558898998
FECJUT_clean,FECJUT_clean,8.20883,4.88885,8.12686,0.902793,1817.93,2013.68,0.0,0.0,0.618,0.684542,0.0,1,0.01505705,3.039505266,3.1928583019804018
FEWXEM_clean,FEWXEM_clean,17.92481,8.14411,17.86267,0.48374,2192.72,4532.85,0.0,0.0,0.805,1.66412,0.0,0,0.015937555,4.282734487,4.200537577299506
FISXEM_clean,FISXEM_clean,15.69953,15.64725,15.69953,0.982352,1496.09,1522.96,0.0,0.0,0.7144,0.727234,0.0,0,0.021332725,3.812994167,3.5350431933518216
FIWKUT_clean,FIWKUT_clean,10.75705,6.21115,10.75089,1.13958,2252.0,1976.17,0.0,0.0,0.6778,0.594779,0.0,1,0.016504243,3.436519394,3.1848514131557506
FOFCIO_clean,FOFCIO_clean,4.5361,3.88522,4.5076,1.74401,367.243,210.574,0.0,0.0,0.3598,0.206306,0.0,0,0.01301609,0.947067825,1.0931566575619696
FOFHEO_clean,FOFHEO_clean,6.41067,5.52308,6.4074,2.22496,990.681,445.257,0.0,0.0,0.446,0.200453,0.0,0,0.022525584,2.166247692,1.7561930467229883
FOQNUW01_clean,FOQNUW01_clean,6.20702,4.77029,6.1269,1.35255,1350.08,998.172,0.0,0.0,0.5374,0.397323,0.0,1,0.015635685,2.155777558,2.4019611927394466
FOQNUW_clean,FOQNUW_clean,6.24181,4.91804,6.10517,1.36057,1316.22,967.403,0.0,0.0,0.552,0.405711,0.0,1,0.016325838,2.177367675,2.43239586992936
FUVDEH03_clean,FUVDEH03_clean,6.89105,5.80728,6.89105,1.67548,498.219,297.36,0.0,0.0,0.3654,0.218087,0.0,0,0.007270297,1.207194811,1.0830724865656791
GAFGEC_clean,GAFGEC_clean,6.70517,3.42904,6.68311,1.37564,1797.55,1306.7,0.0,0.0,0.5494,0.399377,0.0,0,0.012403869,2.529648986,2.452279917585842
GALFAB_clean,GALFAB_clean,5.55868,3.43749,5.55868,1.2617,790.625,626.635,0.0,0.0,0.4566,0.361893,0.0,0,0.025173939,2.39247347,2.220649777087625
GESNIC_clean,GESNIC_clean,6.37295,3.61972,6.37295,1.65786,713.721,430.507,0.0971657,0.058609,0.4796,0.289288,0.0,1,0.008885031,1.550588505,1.305690576955501
GINNUO_clean,GINNUO_clean,6.795,5.60459,6.7852,1.38088,911.225,659.887,0.0,0.0,0.4604,0.33341,0.0,1,0.005219013,1.128773771,1.034031457579242
GUPBOJ03_clean,GUPBOJ03_clean,20.79847,8.00163,20.79847,0.806562,1676.14,2078.13,0.0,0.0,0.7324,0.908052,0.0,0,0.008676036,2.078073085,2.207395618780706
HABCIZ_clean,HABCIZ_clean,9.83189,7.12324,9.82847,0.920871,2079.45,2258.13,0.0,0.0,0.6902,0.749507,0.0,1,0.010667492,2.849513231,2.537015722102412
HABCOF_clean,HABCOF_clean,9.97681,7.2596,9.97191,0.933756,2065.72,2212.27,0.0,0.0,0.6892,0.738095,0.0,1,0.010378598,2.791413162,2.527842101021596
HIDDAB_clean,HIDDAB_clean,4.73402,3.99038,4.58029,1.71288,716.864,418.513,0.0,0.0,0.4374,0.255359,0.0,0,0.02385645,2.116133205,2.017576957732257
HIQKID_clean,HIQKID_clean,6.24462,3.8099,6.24462,2.75365,1288.14,467.793,0.0,0.0,0.511,0.185572,7.26e-05,0,0.007602104,1.055180669,1.217027581163693
HIWMAD_clean,HIWMAD_clean,7.70996,7.42674,7.70996,1.56246,1499.4,959.639,0.0,0.0,0.6218,0.397961,0.0,0,0.015798023,2.744361777,2.708050538882142
HOJJUN_clean,HOJJUN_clean,10.20501,4.32102,10.20501,1.07008,1864.88,1742.75,0.0,0.0,0.6276,0.586499,0.0,0,0.030386292,3.490198469,4.484590046837557
HUNCIE_clean,HUNCIE_clean,23.8524,20.39274,23.77655,0.290995,1592.86,5473.82,0.0,0.0,0.8752,3.00761,0.0,1,0.015303201,4.336042215,4.214941583827271
IBAQEJ_clean,IBAQEJ_clean,10.47263,8.40011,10.41547,0.683981,2144.01,3134.6,0.0,0.0,0.734,1.07313,0.0,1,0.01262204,3.433619935,3.266576698110312
ic502478u_si_003_clean,ic502478u_si_003_clean,6.55769,3.80885,6.25374,1.35422,531.365,392.376,0.404029,0.298347,0.4662,0.344256,0.0,1,0.00248424,0.540048964,0.5374591798093986
ic502643m_si_011_clean,ic502643m_si_011_clean,13.64098,13.34789,13.63908,0.604316,2269.16,3754.93,0.0,0.0,0.793,1.31223,0.0,1,0.016001671,4.116700515,3.90270140304078
ic5b00096_si_002_clean,ic5b00096_si_002_clean,9.37546,3.5659,9.35215,1.28947,1921.15,1489.87,0.0,0.0,0.6402,0.496481,0.000155102,1,0.014799344,2.837172774,2.895031036988472
ICIVEW_clean,ICIVEW_clean,9.81405,8.96526,9.81405,1.68894,1459.56,864.19,0.0,0.0,0.6214,0.367924,0.0,1,0.012493266,2.234448197,2.255696291368716
IDUYOX_clean,IDUYOX_clean,9.73996,8.61519,9.73996,0.935578,2195.16,2346.31,0.0,0.0,0.7078,0.756538,0.0,1,0.014345162,3.356159795,3.145831796906834
IFEPUG04_clean,IFEPUG04_clean,6.86283,5.99318,6.86283,1.62602,537.112,330.322,0.0,0.0,0.3814,0.23456,0.0,0,0.006528515,1.155712038,1.1080140123404583
IFEPUG06_clean,IFEPUG06_clean,6.7419,6.18576,6.7419,1.68982,538.529,318.691,0.0,0.0,0.3576,0.21162,0.0,0,0.006542792,1.154458087,1.1207728954537834
IFEPUG09_clean,IFEPUG09_clean,6.88857,6.56673,6.88857,1.78418,556.743,312.044,0.0,0.0,0.331,0.185519,0.0,1,0.006629895,1.217984686,1.126482601823266
IFEPUG10_clean,IFEPUG10_clean,6.80475,6.55642,6.80475,1.8372,603.527,328.504,0.0,0.0,0.3222,0.175376,0.0,1,0.007975453,1.436330711,1.2041559133885784
IGORUS_clean,IGORUS_clean,10.22764,5.8145,10.22764,0.798105,2273.51,2848.64,0.0,0.0,0.7076,0.8866,0.0,1,0.015903861,4.204749589,3.5835766052377886
IJAPIU_clean,IJAPIU_clean,10.97896,4.58149,10.97895,0.821497,2292.36,2790.46,0.0,0.0,0.6958,0.84699,0.0,1,0.023209795,4.182132904,4.293022126775695
ILOWAI_clean,ILOWAI_clean,5.40585,4.42661,5.40585,1.07764,1110.36,1030.36,0.0,0.0,0.5072,0.470657,0.0,0,0.023456752,3.277020397,2.890093199931254
INECIP_clean,INECIP_clean,9.29924,6.52394,9.29924,0.881325,1561.41,1771.66,0.320426,0.363573,0.6242,0.708252,0.0,0,0.02026086,2.937196528,3.408368150816362
INEXEG_clean,INEXEG_clean,5.75488,3.93289,5.74773,1.23407,1432.27,1160.6,0.0,0.0,0.543,0.440007,0.0,0,0.032412347,3.5852721,3.8943897227880973
IPIVOT_clean,IPIVOT_clean,6.19757,4.01106,6.19757,1.45575,826.006,567.408,0.0,0.0,0.474,0.325604,0.0,1,0.029878482,2.10678864,2.378318198179758
IREGOD_clean,IREGOD_clean,5.40281,4.28093,5.40281,1.18436,1608.89,1358.45,0.0,0.0,0.5606,0.473337,0.0,1,0.016580748,2.94250043,2.8754141396683637
IWEVUD_clean,IWEVUD_clean,8.76153,5.94273,8.76153,2.07228,1706.46,823.467,0.0,0.0,0.6254,0.301793,0.0,1,0.008750311,1.703821628,1.655889011532765
IWEWIS_clean,IWEWIS_clean,8.35434,5.33584,8.35252,2.50251,1589.74,635.259,0.0,0.0,0.5862,0.234245,0.0,1,0.011414208,1.666092377,1.7300583308020339
IZIHIK_clean,IZIHIK_clean,7.14331,5.40483,7.14331,1.44939,1285.98,887.257,42.2152,29.1262,0.5348,0.368983,0.0,1,0.010477921,1.957022915,1.8960743005038856
ja0660047si20060818_060256_clean,ja0660047si20060818_060256_clean,6.3909,4.01484,6.38663,0.926803,2000.77,2158.79,0.0,0.0,0.5998,0.647171,0.0,0,0.025298593,5.098168529,4.4653476819489235
ja102862j_si_005_clean,ja102862j_si_005_clean,16.33925,5.69725,16.33925,0.874313,1862.92,2130.72,0.0,0.0,0.7038,0.804975,0.000228751,0,0.018720825,3.77854997,3.307240827991868
ja202154j_si_003_clean,ja202154j_si_003_clean,11.58737,3.83412,11.58737,0.92986,1525.64,1640.72,0.0,0.0,0.645,0.693653,0.0,0,0.009707127,2.367445438,2.2933423675188327
ja4015666_si_005_clean,ja4015666_si_005_clean,10.07782,8.97289,10.07782,0.723441,2224.38,3074.72,0.0,0.0,0.7496,1.03616,0.0,0,0.012678439,3.298598693,3.29757207015774
ja5109535_si_002_clean,ja5109535_si_002_clean,17.4505,7.65306,17.4505,0.65071,2199.17,3379.65,0.0,0.0,0.7686,1.18117,0.0,0,0.026320047,5.627709694,5.167360362138034
jacs.5b11034_ja5b11034_si_002_clean,jacs.5b11034_ja5b11034_si_002_clean,10.09486,5.31829,9.68701,0.952575,2265.34,2378.12,0.0,0.0,0.7158,0.751437,0.0,1,0.031508022,5.161959708,4.940620815484401
jacs.6b02030_ja6b02030_si_004_clean,jacs.6b02030_ja6b02030_si_004_clean,6.78187,4.96364,6.78187,1.83949,1314.77,714.746,0.0,0.0,0.5076,0.275946,0.0,1,0.007467292,1.599633579,1.3907152630470392
jacs.6b04608_ja6b04608_si_002_clean,jacs.6b04608_ja6b04608_si_002_clean,18.84439,11.02909,18.84439,0.389439,1879.81,4826.98,0.0,0.0,0.8376,2.15079,0.00051356,0,0.0126952,3.573861882,3.64347230117387
jacs.6b08724_ja6b08724_si_010_clean,jacs.6b08724_ja6b08724_si_010_clean,27.737,26.1509,27.737,0.354749,1434.45,4043.56,0.0,0.0,0.8742,2.46428,0.0,1,0.014724283,3.997549435,3.9521707634737338
jacs.6b08724_ja6b08724_si_015_clean,jacs.6b08724_ja6b08724_si_015_clean,27.74932,26.1862,27.74932,0.352885,1423.48,4033.82,0.0,0.0,0.8634,2.44669,0.0,1,0.01511861,3.951831796,4.000138877388435
JOBFEM_clean,JOBFEM_clean,5.21969,4.11862,5.19916,1.69686,1191.56,702.213,0.0,0.0,0.5022,0.295958,0.0,1,0.007917177,1.333598446,1.42214706550777
JOHQUT_clean,JOHQUT_clean,5.10814,3.94987,5.09674,1.90453,697.67,366.322,0.0,0.0,0.4102,0.215382,0.0,1,0.00940079,1.29642279,1.1654756879829966
JOZWOM_clean,JOZWOM_clean,22.16597,8.69473,22.16597,0.48225,1899.59,3939.01,0.0,0.0,0.8054,1.67009,0.000414723,1,0.014970986,3.986761608,3.748912704110494
JOZWUS_clean,JOZWUS_clean,21.40599,8.60608,20.3343,0.48265,1906.91,3950.91,0.0,0.0,0.8026,1.6629,0.000414379,1,0.015012527,3.98251694,3.7502592916525272
KACKIL_clean,KACKIL_clean,8.90649,6.59853,8.90649,1.06181,2105.95,1983.36,0.0,0.0,0.6938,0.653414,0.0,1,0.018008614,3.063222765,3.628977998586878
KELJAN_clean,KELJAN_clean,6.72992,4.20356,6.59748,1.50078,1661.97,1107.4,0.0,0.0,0.603,0.401791,0.0,1,0.009965388,2.070514482,1.9924464799050328
KOZNEU_clean,KOZNEU_clean,6.23615,4.7768,6.23615,1.17797,1865.2,1583.39,0.0,0.0,0.6078,0.51597,0.0,1,0.028683971,3.939601534,4.127433484934624
KUKQAK_clean,KUKQAK_clean,4.64716,3.48929,4.64716,1.79907,353.643,196.57,0.0,0.0,0.3996,0.222114,0.0,1,0.01314094,1.257861953,1.1901181319972962
KUXSAZ_clean,KUXSAZ_clean,8.81598,3.44204,8.80847,1.03643,1657.94,1599.66,0.0,0.0,0.6052,0.583926,0.0,0,0.026871587,5.503882473,4.2259822231279776
LACZIB_clean,LACZIB_clean,9.35168,6.74694,9.35021,0.752382,2169.18,2883.09,0.0,0.0,0.6922,0.920012,0.0,1,0.012943218,3.492485991,3.2215550887275737
LAGWIB_clean,LAGWIB_clean,7.33121,5.00581,7.33121,0.986502,2231.65,2262.19,0.0,0.0,0.6406,0.649365,0.0,1,0.009003309,2.250801245,2.2393344299690567
LATBUG_clean,LATBUG_clean,17.59724,12.77954,17.59724,0.373345,1754.11,4698.37,0.0,0.0,0.8458,2.26547,0.0,1,0.015471018,4.281664568,4.119137511625615
LAWHEZ_clean,LAWHEZ_clean,7.31422,4.06957,7.31422,1.65797,900.714,543.263,0.0,0.0,0.4874,0.293974,0.0,1,0.005505569,1.058245174,1.0411298942456733
LELDOX_clean,LELDOX_clean,18.13342,6.69424,12.87691,0.621417,2220.07,3572.59,0.0,0.0,0.7588,1.22108,0.0,1,0.015058122,3.877859578,3.729631767719883
LIDSIC_clean,LIDSIC_clean,5.88988,4.79787,5.74819,0.995436,2128.35,2138.11,0.0,0.0,0.6234,0.626258,0.0,1,0.029202485,4.695781166,4.692471677027911
LOCRUR_clean,LOCRUR_clean,5.043,4.16027,5.043,1.07174,1871.72,1746.44,0.0,0.0,0.587,0.547708,0.0,0,0.014907427,3.011835179,3.0617939727600096
LUSQOH_clean,LUSQOH_clean,6.74081,4.49063,6.72805,0.825462,1826.57,2212.78,1.64716,1.99544,0.6168,0.747218,0.0,1,0.01056205,2.619964255,2.413046296770646
LUTZEH_clean,LUTZEH_clean,27.97153,12.56634,27.97011,0.560816,1424.55,2540.14,0.0,0.0,0.8216,1.46501,0.0,1,0.008402462,2.377301908,2.292861226723486
LUWMUN_clean,LUWMUN_clean,10.57457,7.88389,10.57457,0.724012,2075.47,2866.63,0.0,0.0,0.7454,1.02954,0.0,1,0.012808739,3.315399639,3.24916936952502
MIZPUI_clean,MIZPUI_clean,11.48015,5.54799,11.48015,0.751265,2238.05,2979.04,0.0,0.0,0.6966,0.927235,0.0,1,0.020552839,3.904448479,4.119479465047319
MUKRAN_clean,MUKRAN_clean,10.80355,3.74031,10.80323,0.902018,2107.1,2335.99,0.0,0.0,0.6572,0.728588,0.0,1,0.026885769,4.06473921,4.451503796278368
MUVJAP_clean,MUVJAP_clean,5.84101,5.24434,5.82161,1.88151,1162.86,618.045,0.0,0.0,0.4892,0.260004,0.0,1,0.013846572,1.960784742,1.8765246762084646
MUWRON_clean,MUWRON_clean,11.14697,5.73571,11.14697,0.774274,2356.29,3043.22,0.0,0.0,0.7288,0.941268,0.0,1,0.021262938,4.311849563,4.429074963910856
MUZKEZ_clean,MUZKEZ_clean,17.52243,13.2696,17.52243,0.353615,1734.78,4905.83,0.0,0.0,0.8448,2.38904,0.0,1,0.019224161,4.589266594,4.830047475064531
NAHHOW_clean,NAHHOW_clean,11.20913,5.76802,11.20913,0.762768,2433.01,3189.71,0.0,0.0,0.7328,0.960711,0.0,1,0.021139253,4.411376436,4.4324593038116875
NAYHAY_clean,NAYHAY_clean,9.43032,7.54222,9.43032,1.04574,1938.97,1854.15,0.0,0.0,0.6636,0.634572,0.0,1,0.007341575,1.977584965,1.9135467635328656
NIKHAS_clean,NIKHAS_clean,5.15286,4.051,5.1389,1.29378,835.081,645.456,0.0,0.0,0.4744,0.366676,0.0,0,0.017952642,2.117288662,2.04745773551122
NIMQAC_clean,NIMQAC_clean,4.88726,4.1244,4.87966,1.793,775.011,432.243,0.0,0.0,0.4462,0.248857,0.0,1,0.026342214,2.131055902,1.928758079877652
NIXKIQ_clean,NIXKIQ_clean,10.7322,9.85354,10.72549,0.912018,1850.3,2028.8,0.0,0.0,0.6804,0.746038,0.0,1,0.032455729,5.522371043,4.662951027460441
NUSXEG_clean,NUSXEG_clean,23.63664,14.31993,19.5758,0.701228,1663.19,2371.82,0.0,0.0,0.827,1.17936,0.0,1,0.008288106,2.228801294,2.213319253650835
OCIMAR_clean,OCIMAR_clean,6.5145,4.27754,6.51296,1.03951,1260.58,1212.67,0.0,0.0,0.5148,0.495235,0.0,0,0.021801379,2.852352302,3.0451533998656037
ODIXIK_clean,ODIXIK_clean,6.81688,4.29892,6.81439,1.49389,849.77,568.828,302.861,202.732,0.5408,0.362007,0.0,1,0.014398026,2.155853443,2.0356607515729057
OJIFAP_clean,OJIFAP_clean,4.67693,3.73833,4.67693,1.13515,759.831,669.365,0.0,0.0,0.4686,0.412808,0.0,1,0.022112954,2.697181961,2.4436534346597014
OJOSIR_clean,OJOSIR_clean,9.97318,4.04646,9.96574,1.17933,2193.71,1860.13,0.0,0.0,0.651,0.552007,0.0,1,0.045591118,5.735709221,5.492711551447357
ONEYIQ_clean,ONEYIQ_clean,21.6608,8.8003,21.6608,0.662891,1404.88,2119.33,139.38,210.261,0.7188,1.08434,0.0,1,0.009133844,2.215388904,2.177990556048804
OPAHIY_clean,OPAHIY_clean,10.04486,7.28733,8.32739,1.10725,1597.55,1442.8,0.0,0.0,0.6074,0.548566,0.0,1,0.019631761,3.264102188,3.3910844874397776
OSOTIB_clean,OSOTIB_clean,11.1654,5.76413,11.16529,0.768695,2412.13,3137.96,0.0,0.0,0.7286,0.947841,0.0,1,0.02043608,4.456273404,4.277416290529445
OVUVIL_clean,OVUVIL_clean,7.08548,5.40816,7.07157,1.2293,1842.78,1499.05,0.0,0.0,0.602,0.48971,0.0,1,0.034251071,4.676687551,4.356383331316097
OXAMEG_clean,OXAMEG_clean,5.69878,4.15176,5.69426,1.30487,1528.5,1171.39,0.0,0.0,0.5762,0.441578,0.0,1,0.015669333,2.516396321,2.6909247328744272
OXANOR_clean,OXANOR_clean,6.07888,4.64465,6.07888,1.08032,1892.14,1751.47,0.0,0.0,0.5974,0.552986,0.0,1,0.02228206,3.74195503,3.6858841106261453
OYAKAC02_clean,OYAKAC02_clean,10.84931,8.93162,10.8375,1.42421,1898.38,1332.94,0.0,0.0,0.6618,0.464679,0.000140429,1,0.013408798,2.885804762,2.6544152853447147
OZASOZ_clean,OZASOZ_clean,12.0686,4.7874,12.0686,0.713789,1872.2,2622.9,0.0,0.0,0.6712,0.940333,0.0,1,0.015041649,3.313206865,3.3836557608246065
PALTIH_clean,PALTIH_clean,11.04439,8.71548,11.04439,0.72332,1810.35,2502.84,0.0,0.0,0.6956,0.961677,0.0,1,0.008834824,2.276010003,2.3540018279843458
PAQMAY_clean,PAQMAY_clean,16.51036,13.08019,16.51036,0.865049,1760.16,2034.75,0.0,0.0,0.7388,0.854055,0.0,1,0.009803273,2.466940009,2.4270481050023873
PAQTOS_clean,PAQTOS_clean,5.12845,3.67184,5.12666,1.49187,656.885,440.311,0.0,0.0,0.4242,0.284342,0.0,1,0.014703853,1.427141965,1.490220929548346
PETXAP_clean,PETXAP_clean,13.99523,6.27881,13.98885,1.13186,2079.02,1836.82,0.0,0.0,0.712,0.629056,0.00123691,0,0.013585563,3.203968228,2.7900404819029103
POBGAQ_clean,POBGAQ_clean,12.10195,9.86984,11.94213,0.53152,1907.5,3588.78,0.0,0.0,0.7308,1.37493,0.0,0,0.012682402,3.361075683,3.3703088000680492
PUBROU_clean,PUBROU_clean,10.98616,5.10232,10.98616,0.916508,2445.22,2667.98,0.0,0.0,0.701,0.76486,0.0,0,0.03473112,5.453679691,5.654760245295247
PUMGIP_clean,PUMGIP_clean,5.7453,3.83462,5.73601,1.16695,456.507,391.195,576.227,493.787,0.5048,0.432579,0.0,1,0.018511333,2.370350124,2.3927241030671835
PUWCIT_clean,PUWCIT_clean,9.4503,8.03208,9.44131,0.783125,2001.73,2556.08,0.0,0.0,0.6954,0.88798,0.0,1,0.011508504,3.041101045,2.8625398707828595
QAMLEY_clean,QAMLEY_clean,11.14892,6.14756,10.82233,0.696915,2278.27,3269.08,0.0,0.0,0.7598,1.09023,0.0,0,0.015662052,3.779914139,3.7961607057724027
QAPPON_clean,QAPPON_clean,4.75518,3.45443,4.66797,1.42132,625.227,439.891,255.697,179.901,0.5156,0.362761,0.0,1,0.016327739,2.255514927,2.162812292467948
QITHAC_clean,QITHAC_clean,10.61703,8.29235,10.61607,1.30575,1337.07,1023.99,0.278994,0.213666,0.6224,0.476662,0.0,1,0.020333562,3.232909879,2.659582275446785
QIWQES_clean,QIWQES_clean,6.44452,4.39633,6.26218,0.848839,2656.63,3129.72,0.0,0.0,0.6752,0.795439,0.0,1,0.017738618,4.240070724,4.0291989906033
QURPIE_clean,QURPIE_clean,9.68581,3.59523,9.58953,1.29548,1821.83,1406.29,0.0,0.0,0.6368,0.491554,0.0,1,0.015018727,2.705014287,2.940186911631095
QUSSOO_clean,QUSSOO_clean,4.55358,3.93395,4.55358,1.57579,234.822,149.019,76.9833,48.8538,0.4096,0.259933,0.0,1,0.016634002,1.110869465,1.3584018386602756
QUTDAM_clean,QUTDAM_clean,11.27758,5.77514,11.27758,0.754326,2377.38,3151.67,0.0,0.0,0.7286,0.965895,0.0,1,0.01939801,4.057681196,4.1289222351646915
RAHPAT_clean,RAHPAT_clean,17.3936,6.5256,17.3936,0.714443,2314.93,3240.19,0.0,0.0,0.7448,1.04249,0.0,1,0.019584865,4.648464798,4.291514659464456
REHHET_clean,REHHET_clean,8.42834,7.30081,8.42834,1.12746,2081.49,1846.18,0.0,0.0,0.6604,0.585741,0.0,1,0.022776373,3.418945169,4.357813190395882
REHHUJ_clean,REHHUJ_clean,8.23485,7.33998,8.22968,1.08218,2034.99,1880.45,0.0,0.0,0.6656,0.615052,0.0,1,0.017366527,3.088519777,3.695622341827601
RESDUQ_clean,RESDUQ_clean,9.24485,8.42275,9.24485,0.921133,2004.83,2176.48,0.0,0.0,0.7082,0.768836,0.0,1,0.01120448,2.67590606,2.670945587915928
RESZIA_clean,RESZIA_clean,7.48231,5.79274,7.48231,1.22218,1603.95,1312.37,0.0,0.0,0.5772,0.472271,0.0,0,0.024825581,3.737707579,3.6646477513322853
RETVIW_clean,RETVIW_clean,4.7226,4.53264,4.7226,2.05578,528.256,256.961,0.0,0.0,0.3428,0.166749,0.0,0,0.011850392,1.066332825,1.1140066525047672
REXGAE_clean,REXGAE_clean,16.86752,8.38436,16.86674,0.654639,2227.03,3401.91,0.0,0.0,0.7522,1.14903,0.0,0,0.023519643,5.17086194,4.769932369423145
RIRDIH_clean,RIRDIH_clean,8.39897,4.41455,7.24132,1.53561,1235.4,804.498,0.0,0.0,0.537,0.349697,0.0,1,0.012379029,2.038393429,2.06832693305519
RITGEI_clean,RITGEI_clean,7.34363,6.78558,7.34363,2.03979,1347.27,660.495,0.0,0.0,0.5606,0.274833,0.0,1,0.003159801,0.769398616,0.8118378892540385
ROMMAJ_clean,ROMMAJ_clean,10.96057,3.9466,10.96057,0.96925,2139.32,2207.19,0.0,0.0,0.6522,0.672892,0.0,1,0.027109252,3.905520745,4.302384189625278
RORTUP_clean,RORTUP_clean,6.59655,4.47032,5.86846,1.00477,2073.35,2063.5,0.0,0.0,0.6322,0.629197,0.0,1,0.015081732,3.144770422,3.1851988775908135
RUBTAK04_clean,RUBTAK04_clean,8.73929,3.8669,8.73929,1.62446,1658.83,1021.16,0.0,0.0,0.5686,0.350023,0.000123118,0,0.025113119,3.137282576,3.127389041715716
RUBTAK06_clean,RUBTAK06_clean,8.7342,3.8432,8.7342,1.62392,1647.74,1014.66,0.0,0.0,0.5664,0.348785,0.000123158,0,0.025146088,3.170357731,3.093683867382669
RUBTAK07_clean,RUBTAK07_clean,8.72079,3.85677,8.72079,1.62392,1649.19,1015.56,0.0,0.0,0.5662,0.348662,0.000123158,0,0.025105235,3.167028571,3.101330970043902
RUYNEG_clean,RUYNEG_clean,5.93601,4.57289,5.91825,1.49496,1669.78,1116.93,0.0,0.0,0.5372,0.35934,0.0,1,0.013635134,2.455041846,2.385893657333825
SAKNOJ_clean,SAKNOJ_clean,15.48179,8.59456,15.48179,0.827341,1070.73,1294.18,649.279,784.778,0.7024,0.848985,0.0,1,0.015471116,3.586705028,3.2534136236876234
SALRUU_clean,SALRUU_clean,5.91203,3.84839,5.91203,1.89218,897.906,474.535,26.6841,14.1023,0.5394,0.285068,0.0,1,0.01103693,1.831003962,1.6453081543206234
SARPIL_clean,SARPIL_clean,6.09702,4.59857,6.00864,0.925107,3214.55,3474.79,0.0,0.0,0.7256,0.784342,0.0,1,0.020972624,4.691608068,4.5560613695616095
SEHMUO_clean,SEHMUO_clean,5.30907,3.99675,5.30907,1.52316,1317.75,865.142,3.37005,2.21254,0.567,0.372253,0.0,1,0.002994938,0.743761821,0.7658529409019608
SEHNEZ_clean,SEHNEZ_clean,5.25288,3.93402,5.25288,1.60089,1259.27,786.607,0.906546,0.566275,0.553,0.345433,0.0,1,0.003759761,0.862694255,0.9175794491911697
SESLUZ_clean,SESLUZ_clean,5.3028,4.79056,5.23858,2.17471,1211.49,557.081,0.0,0.0,0.5374,0.247113,0.0,1,0.014492085,1.864045103,1.8725220959409719
SUNLAP_clean,SUNLAP_clean,15.71173,14.36824,15.70209,0.304225,1659.94,5456.29,0.0,0.0,0.8758,2.87879,0.0,1,0.015147332,4.208843101,4.1654776467341375
SUPQAW_clean,SUPQAW_clean,12.03938,6.80096,12.03938,0.533609,2437.56,4568.06,0.0,0.0,0.7952,1.49023,0.0,1,0.014414863,3.870090945,3.8472890085975235
TACFIN01_clean,TACFIN01_clean,4.01428,3.59259,3.98738,2.27761,410.969,180.439,0.0,0.0,0.4656,0.204425,0.0,1,0.025910459,2.264521014,2.1044457192402892
TAWSUI_clean,TAWSUI_clean,5.20958,3.98928,5.17642,1.56152,1730.86,1108.44,0.0,0.0,0.6298,0.403324,0.0,0,0.024034799,3.280005747,3.511934823500665
TEVHEJ_clean,TEVHEJ_clean,16.64004,7.73442,14.83466,0.917293,1753.18,1911.25,0.0,0.0,0.6898,0.751995,0.0,1,0.032486369,3.909201382,4.599014888558412
UDAXEF_clean,UDAXEF_clean,8.6836,5.82923,8.6836,1.53432,1708.5,1113.52,0.0,0.0,0.6396,0.416861,0.0,0,0.00665466,1.530341945,1.5515986926574539
UFEXOT_clean,UFEXOT_clean,5.24877,5.07012,5.24877,2.41392,1168.03,483.873,0.0,0.0,0.46,0.190561,0.0,1,0.007938888,1.270552081,1.229707323470947
UGOCAW_clean,UGOCAW_clean,17.45578,5.12425,17.45578,1.074,2102.62,1957.74,0.0,0.0,0.744,0.692734,0.0,1,0.022195537,4.211566935,4.0586138742115265
ULOKUD_clean,ULOKUD_clean,8.99985,5.9392,8.99985,1.59852,1738.06,1087.3,0.0,0.0,0.6478,0.40525,0.0,0,0.006738647,1.597847305,1.532528081794262
UMOYOM02_clean,UMOYOM02_clean,8.68301,5.26839,8.68301,0.613738,2959.15,4821.52,0.0,0.0,0.7366,1.20019,0.0,1,0.016443625,4.316538215,4.2153627356553764
UMOYOM09_clean,UMOYOM09_clean,9.17279,5.31913,9.17279,0.580043,2871.76,4950.95,0.0,0.0,0.7526,1.29749,0.0,1,0.015073374,4.109122509,4.028749843506828
UMOYOM_clean,UMOYOM_clean,8.83339,5.23908,8.83268,0.625162,2968.14,4747.79,0.0,0.0,0.7388,1.18177,0.0,1,0.016702978,4.381012968,4.236709078974281
UZOBAO_clean,UZOBAO_clean,6.41483,3.88704,6.41321,1.3729,1454.01,1059.08,0.0,0.0,0.533,0.38823,0.0,1,0.023645067,3.12230391,3.014787834932325
VAKLIF_clean,VAKLIF_clean,8.6135,7.01422,8.60784,0.699177,2542.49,3636.41,0.0,0.0,0.7356,1.05209,0.0,0,0.016161719,3.945034314,3.99960855855616
VAMZER_clean,VAMZER_clean,7.00413,5.41811,7.00325,0.798549,2577.99,3228.34,0.0,0.0,0.7048,0.8826,0.0,0,0.019440824,4.454887362,4.372179871408552
VORHER_clean,VORHER_clean,12.85349,6.70722,12.85349,1.05413,1269.54,1204.35,279.236,264.897,0.6238,0.591768,0.0,1,0.022300728,3.228066255,3.0569938377629002
VOVQEE_clean,VOVQEE_clean,6.4704,5.01157,6.4704,1.74606,2352.07,1347.07,0.0,0.0,0.6902,0.39529,0.0,1,0.005479756,1.349808904,1.2709959972973064
VUHNAP_clean,VUHNAP_clean,8.71036,5.62501,8.71036,1.76558,1678.94,950.928,0.0,0.0,0.6156,0.348667,0.0,1,0.006962177,1.52469697,1.5133452155084317
VUHNUJ_clean,VUHNUJ_clean,8.53907,5.66104,8.53907,1.93709,1673.65,863.999,0.0,0.0,0.6264,0.323371,0.0,1,0.008716103,1.634235569,1.6626597262035578
VUMBOW_clean,VUMBOW_clean,6.23579,5.49714,6.23579,1.58729,766.396,482.833,0.0,0.0,0.4186,0.26372,0.0,1,0.006097255,1.035638888,1.030983727075438
WAGPOM_clean,WAGPOM_clean,6.05183,3.6671,5.75896,1.42859,1292.17,904.505,0.0,0.0,0.5478,0.383455,0.0,1,0.011057743,1.899775592,1.9801657456989843
WAGQAY_clean,WAGQAY_clean,23.95302,15.31723,23.95302,0.391691,1362.13,3477.56,0.0,0.0,0.858,2.1905,0.0,1,0.01373909,3.738361291,3.6691826959358265
WAHROP_clean,WAHROP_clean,5.95888,4.93789,5.95575,1.04375,1513.2,1449.77,0.0,0.0,0.5402,0.517556,0.0,1,0.024213459,3.013705724,3.467822314951777
WANHAX_clean,WANHAX_clean,11.35423,3.67445,11.35423,1.10812,1929.78,1741.49,0.0,0.0,0.6346,0.572682,0.0,1,0.026637469,3.584892294,4.066632046693049
WANHEB_clean,WANHEB_clean,11.27878,4.48127,11.27878,0.837758,2209.49,2637.39,0.0,0.0,0.6896,0.82315,0.0,1,0.023932414,4.163205638,4.357458715590937
WANHUR_clean,WANHUR_clean,11.34841,4.3749,11.34841,0.826694,2186.19,2644.5,0.0,0.0,0.6798,0.822311,0.0,1,0.027997888,4.642448132,4.479752552269955
WEBKAR_clean,WEBKAR_clean,6.58265,5.73847,6.58265,0.935373,2650.07,2833.17,0.0,0.0,0.714,0.763331,0.0,1,0.012199959,3.072585878,3.016719200484759
WETPES_clean,WETPES_clean,11.77316,5.55523,10.53677,0.739178,2326.74,3147.73,0.0,0.0,0.723,0.978114,0.0,1,0.024048619,4.376874596,4.7079979037150546
WIKLOT_clean,WIKLOT_clean,7.19858,6.30301,7.18221,1.72847,1512.87,875.263,0.0,0.0,0.6126,0.354417,0.0,1,0.005865505,1.429070219,1.3576858318651903
WILGUV_clean,WILGUV_clean,6.22461,4.37106,6.22248,1.2255,851.111,694.5,13.3986,10.9332,0.5122,0.417951,0.0,1,0.010327379,1.699187846,1.6631728589685357
WOPSAX01_clean,WOPSAX01_clean,6.41964,5.04801,6.41948,1.99281,578.901,290.494,0.0,0.0,0.4564,0.229023,0.0,0,0.005781099,0.921069654,0.8983681865067139
WUDZOM_clean,WUDZOM_clean,9.28496,5.45388,9.18547,2.06825,1601.94,774.537,0.0,0.0,0.6036,0.291841,0.0,1,0.008552703,1.641410181,1.5939373965838057
XAKZEP_clean,XAKZEP_clean,11.84752,7.82774,11.74488,0.869535,1611.99,1853.86,0.0,0.0,0.6302,0.724755,0.0,1,0.013637574,2.569090728,2.8159698315573385
XANMUX03_clean,XANMUX03_clean,7.92851,7.20939,7.92851,0.942982,1648.65,1748.33,0.0,0.0,0.6634,0.703513,0.0,1,0.010209121,2.610375058,2.5406944261241153
XANMUX05_clean,XANMUX05_clean,7.96785,7.76541,7.96785,1.15351,1457.83,1263.82,0.0,0.0,0.6284,0.544772,0.0,0,0.009492217,2.214706229,2.2588895519165026
XANMUX06_clean,XANMUX06_clean,7.89402,7.78212,7.89402,1.16156,1545.11,1330.2,0.0,0.0,0.6286,0.541169,0.0,0,0.011835572,2.774540081,2.638833479491216
XANMUX08_clean,XANMUX08_clean,7.80034,7.66637,7.80034,1.1623,1830.3,1574.73,0.0,0.0,0.6326,0.544267,0.0,0,0.030118723,4.560004206,4.744723892455788
XANZAQ01_clean,XANZAQ01_clean,7.80283,7.09635,7.80283,0.978047,1597.51,1633.37,0.0,0.0,0.6454,0.659886,0.0,1,0.009861191,2.463656673,2.4470149387926434
XANZAQ04_clean,XANZAQ04_clean,8.34862,7.90874,8.34862,0.946048,1600.25,1691.51,0.0,0.0,0.6642,0.702079,0.0,1,0.012108437,3.102579096,2.8910923780949638
XEMHOM_clean,XEMHOM_clean,4.79162,4.0639,4.76831,2.00034,450.789,225.357,0.0,0.0,0.3928,0.196367,0.0,1,0.004400249,0.652113894,0.5856606175568222
XILDUT_clean,XILDUT_clean,5.33112,3.97403,5.33043,1.32579,1407.65,1061.75,0.0,0.0,0.5238,0.395087,0.0,1,0.010700867,1.994881853,1.9493191809353105
XIZJEW_clean,XIZJEW_clean,5.72446,3.86989,5.72446,1.71463,866.46,505.333,0.0,0.0,0.4918,0.286825,0.0,1,0.018370336,1.582926783,1.9039765198267786
XOFGEG_clean,XOFGEG_clean,20.28017,4.1755,10.09474,0.997235,1823.44,1828.5,0.0,0.0,0.6744,0.67627,0.0,1,0.013140451,2.943732355,2.8776465647886416
XUFWEB_clean,XUFWEB_clean,9.5945,4.99884,9.5945,0.890162,2322.94,2609.57,0.0,0.0,0.6808,0.764805,0.0,1,0.031913312,4.634522796,4.9048030607427915
XUMNAW_clean,XUMNAW_clean,8.02798,7.30674,8.02798,0.898114,1523.34,1696.15,0.715304,0.796451,0.6172,0.687218,0.0,1,0.019957106,3.19144433,3.2538126139509256
YABHIV_clean,YABHIV_clean,17.95239,10.63646,17.95239,0.600011,2087.15,3478.52,0.0,0.0,0.8014,1.33564,0.0,1,0.013672741,3.307084205,3.5237283636452394
YARBIE_clean,YARBIE_clean,4.91122,3.52707,4.65913,1.29542,529.055,408.404,0.0,0.0,0.4438,0.342591,0.0,0,0.040659343,2.082994623,2.3112746595906297
YATVUN_clean,YATVUN_clean,10.83921,9.14744,10.55157,0.903963,1890.69,2091.55,0.0,0.0,0.6694,0.740517,0.0,0,0.035133718,6.103100538,5.127806028478624
YEFPAA_clean,YEFPAA_clean,6.99143,5.65004,6.99143,1.03721,2660.09,2564.66,0.0,0.0,0.745,0.718274,0.0,0,0.005134431,1.395173158,1.4002637284318535
YEGHEZ_clean,YEGHEZ_clean,5.88391,4.37273,5.87003,1.21357,1253.26,1032.7,0.0,0.0,0.5114,0.4214,0.0,0,0.027075258,3.297793618,2.974631776598659
YIZJEY_clean,YIZJEY_clean,6.38909,5.16549,5.85719,1.3913,1198.42,861.362,0.0,0.0,0.5582,0.401206,0.0,0,0.010001373,1.603314113,1.7538062035162794
YOSWUA_clean,YOSWUA_clean,3.85097,3.40591,3.84464,2.16633,195.409,90.2027,0.0,0.0,0.3408,0.157317,0.0,1,0.032606945,1.188915597,1.7942698077908759
YOZBIZ01_clean,YOZBIZ01_clean,8.46705,3.85629,8.46593,1.4767,1184.08,801.843,0.0,0.0,0.5176,0.350512,0.0,0,0.030798996,3.011936224,2.903740608120853
YOZBOF01_clean,YOZBOF01_clean,8.1742,4.93831,8.1651,1.13095,1262.79,1116.57,0.0,0.0,0.5572,0.492684,0.0,0,0.020227877,2.999737674,2.8409322484841684
ZILBUT_clean,ZILBUT_clean,15.80176,10.40707,15.80176,0.391248,1981.84,5065.43,0.0,0.0,0.8422,2.1526,0.0,0,0.013998194,3.8859556,3.9527019991062255
ZISNEW_clean,ZISNEW_clean,10.937,5.73353,10.937,0.756384,2253.97,2979.93,0.0,0.0,0.706,0.933388,0.0,1,0.029064091,4.369989577,4.9460236960456685
ZOKGAJ_clean,ZOKGAJ_clean,17.39237,16.36156,17.39237,1.58893,759.382,477.921,47.2436,29.733,0.5304,0.33381,0.0,0,0.006332206,1.003926004,1.0786699611294976
ZUSNOS_clean,ZUSNOS_clean,13.06588,6.72307,12.14953,0.80175,2346.37,2926.56,0.0,0.0,0.7098,0.885314,0.0,1,0.023561736,4.630704343,4.440447852007223
ABEXEN_clean,ABEXEN_clean,18.8079,13.71867,18.7996,0.674371,1650.25,2447.09,10.9626,16.2561,0.753,1.1166,0.0,0,0.018573272,3.607255375,3.533431627352188
ABIYIV_clean,ABIYIV_clean,4.33176,3.82431,4.32093,1.34661,564.007,418.836,0.0,0.0,0.4458,0.331055,0.0,0,0.006928323,1.127711836,1.2255760011326475
ACOGAB_clean,ACOGAB_clean,5.20085,3.89327,4.84433,1.15458,1432.82,1240.99,0.0,0.0,0.5566,0.482082,0.0,0,0.020609755,2.995268786,3.2189288973384773
acscombsci.5b00188_8372_clean,acscombsci.5b00188_8372_clean,5.7583,4.46842,5.7583,0.958855,3178.07,3314.45,0.0,0.0,0.7062,0.736503,0.0,0,0.011162766,2.768566693,2.7992998640577578
acs.inorgchem.5b02973_ic5b02973_si_002_clean,acs.inorgchem.5b02973_ic5b02973_si_002_clean,11.38761,10.4443,11.38761,1.02785,1047.76,1019.37,62.4425,60.7507,0.593,0.576933,0.0,0,0.019939173,2.293524242,2.3536757168879494
acs.inorgchem.6b00081_ic6b00081_si_001_clean,acs.inorgchem.6b00081_ic6b00081_si_001_clean,7.28268,5.80535,7.28268,1.16215,782.38,673.218,0.0,0.0,0.4952,0.426107,0.0,0,0.005443537,1.195336684,1.1594428061280906
acs.inorgchem.6b01740_ic6b01740_si_002_clean,acs.inorgchem.6b01740_ic6b01740_si_002_clean,15.68052,8.0633,15.68052,0.473321,2336.0,4935.34,0.0,0.0,0.7938,1.67709,0.0,0,0.01501388,4.109569724,4.064604004026506
acs.inorgchem.6b02407_ic6b02407_si_002_clean,acs.inorgchem.6b02407_ic6b02407_si_002_clean,6.36153,3.76503,6.36153,0.960789,1995.17,2076.59,0.0,0.0,0.6214,0.64676,0.0,1,0.03161341,5.299673522,4.995887045387342
acs.inorgchem.6b02413_ic6b02413_si_002_clean,acs.inorgchem.6b02413_ic6b02413_si_002_clean,13.37732,6.88163,13.37732,0.804279,2195.74,2730.07,0.0,0.0,0.74,0.920079,0.00124335,0,0.009350751,2.503817881,2.5348350825089185
acs.inorgchem.6b02514_ic6b02514_si_002_clean,acs.inorgchem.6b02514_ic6b02514_si_002_clean,6.09101,5.53211,6.09101,1.35156,1494.27,1105.59,0.0,0.0,0.6002,0.44408,0.0,1,0.005472195,1.265071531,1.3329239457253648
ADASOP_clean,ADASOP_clean,18.07263,6.71346,18.07263,0.63164,2223.07,3519.51,0.0,0.0,0.7846,1.24216,0.0,1,0.015902075,3.953662409,3.849764270151046
ADODOO_clean,ADODOO_clean,5.9443,5.31331,5.61744,1.28796,1054.79,818.961,0.0,0.0,0.5256,0.408086,0.0,0,0.016997555,2.105784435,2.283484943469661
ADOGEH_clean,ADOGEH_clean,12.71447,5.05258,12.69973,1.01991,1997.13,1958.14,0.0,0.0,0.677,0.663783,0.0,1,0.033650792,3.724808503,4.615608747538028
ADUROI_clean,ADUROI_clean,25.68553,17.12424,25.68553,0.402567,1285.84,3194.1,0.0,0.0,0.8358,2.07617,0.0,1,0.010068804,2.880698184,2.824831674538163
AFEJOK_ion_b,AFEJOK_ion_b,5.99825,5.12689,5.98721,1.10129,1640.7,1489.79,0.0,0.0,0.5808,0.52738,0.0,1,0.015291132,2.866152257,2.805115511216033
AFIPAH_clean,AFIPAH_clean,4.37538,3.90569,4.37538,1.83885,841.292,457.509,0.0,0.0,0.5032,0.273649,0.0,1,0.009596882,1.647229518,1.591686080941088
AFITUF_clean,AFITUF_clean,7.14066,5.08524,7.12439,1.32285,1391.46,1051.86,0.0,0.0,0.5322,0.402312,0.0,1,0.011243241,2.009629905,2.080965284708578
AFOYEB_clean,AFOYEB_clean,5.92566,5.81418,5.92369,1.68224,585.772,348.21,0.0,0.0,0.4054,0.240988,0.0,0,0.005422496,0.747752148,0.8987347687917113
AFOYIE_clean,AFOYIE_clean,9.08566,8.61929,9.08005,0.761887,2055.27,2697.6,0.0,0.0,0.71,0.931897,0.0,1,0.010428674,2.814016573,2.69487555872955
AFOYOK_clean,AFOYOK_clean,7.73482,5.71785,7.72321,0.979448,1633.89,1668.18,0.0,0.0,0.588,0.600338,0.0,0,0.009818776,2.377001524,2.247189803322386
AFUPEX_clean,AFUPEX_clean,5.43312,4.58891,5.43311,1.38641,2204.93,1590.39,0.0,0.0,0.6146,0.443303,0.0,1,0.01342164,2.800029807,2.614506100904274
AGOVOJ_clean,AGOVOJ_clean,13.91201,9.20691,13.91201,0.616035,2114.14,3431.85,0.0,0.0,0.7722,1.2535,0.0,1,0.011823715,3.11648062,3.1463139216845804
AHOKOX_clean,AHOKOX_clean,4.49188,3.54288,4.49188,1.73966,1360.22,781.89,0.0,0.0,0.5116,0.29408,0.0,1,0.011765057,2.171508004,2.103482913858341
AJAKON_clean,AJAKON_clean,5.2765,4.32303,5.27104,1.36723,1066.44,780.005,8.76449,6.41042,0.5024,0.367459,0.0,1,0.011730018,1.937651856,1.8975237459621574
AKEDIF_clean,AKEDIF_clean,5.94406,5.31262,5.94406,0.925851,1673.96,1808.02,0.0,0.0,0.5828,0.629475,0.0,0,0.022889622,3.848025435,3.8316777592708973
ALEQIT_clean,ALEQIT_clean,5.78407,3.96262,5.7827,1.90553,677.8,355.702,0.0,0.0,0.434,0.227759,0.0,1,0.008582737,1.08383295,1.071865105923711
ALIXAU_clean_h,ALIXAU_clean_h,6.17139,3.91412,6.17139,1.43262,670.443,467.985,13.6022,9.49467,0.4726,0.329886,0.0,1,0.009293662,1.760437631,1.3094681695457104
ALULAV_clean,ALULAV_clean,8.53005,6.74275,8.5229,0.590909,2900.24,4908.1,0.0,0.0,0.7924,1.34099,0.0,1,0.011886505,3.281747943,3.3011051543491368
ANAWOD_clean,ANAWOD_clean,6.92762,6.10595,6.92762,1.43826,1562.19,1086.17,0.0,0.0,0.5924,0.411885,0.0,0,0.015423393,2.858499825,2.69032356239975
ANENIR_clean,ANENIR_clean,6.14773,4.26664,6.04871,1.32991,783.463,589.11,0.0,0.0,0.4684,0.352204,0.0,1,0.009773556,1.42794026,1.4370710880107749
ANUGOG_clean,ANUGOG_clean,11.39005,7.08849,11.39005,0.58467,2472.03,4228.07,0.0,0.0,0.7898,1.35085,0.0,1,0.014654749,3.860212016,3.793703027998392
APAZAU_clean,APAZAU_clean,6.57194,4.51844,6.57194,0.970314,2263.88,2333.14,0.0,0.0,0.6264,0.645564,0.0,1,0.019757925,3.750512414,3.819195038244553
APEBED_clean,APEBED_clean,4.58202,3.62787,4.5574,1.65192,481.079,291.224,0.0,0.0,0.4828,0.292266,0.0,1,0.019395976,1.818416431,1.8219692192492731
APEBUU_clean,APEBUU_clean,4.93858,3.80274,4.91529,1.49581,927.0,619.731,0.0,0.0,0.4876,0.325977,0.0,1,0.00966953,1.549064939,1.547956645761237
AQOLEZ_clean,AQOLEZ_clean,15.56875,9.80847,15.56875,0.777237,1278.3,1644.67,443.796,570.991,0.7198,0.926101,0.0,1,0.016320616,3.470708331,3.4568373889528505
AQUCOG_clean,AQUCOG_clean,11.41407,10.59979,11.41389,1.19971,1576.67,1314.22,0.0,0.0,0.6588,0.549134,0.0,1,0.009081946,2.365608032,2.2992336857599045
AQUCUM_clean,AQUCUM_clean,11.51533,10.7235,11.51515,1.1988,1578.94,1317.1,0.0,0.0,0.662,0.55222,0.0,1,0.009334321,2.40298545,2.3333501825372664
AQUDAS_clean,AQUDAS_clean,9.38408,5.62446,8.32943,1.03958,1962.23,1887.52,0.0,0.0,0.6752,0.649493,0.0,1,0.008167026,2.059797704,2.0152242035660786
ARADEE_clean,ARADEE_clean,5.98273,5.3868,5.98273,1.18176,2613.25,2211.32,0.0,0.0,0.645,0.545797,0.0,1,0.014713681,3.248218691,3.172925605486423
ARAGOR_clean,ARAGOR_clean,6.01834,3.95176,6.01834,1.15627,1427.45,1234.53,0.0,0.0,0.5724,0.49504,0.0,1,0.015515551,2.696337753,2.727006499592792
ARINOF_clean,ARINOF_clean,4.65727,3.54074,4.65727,1.16089,773.093,665.951,0.0,0.0,0.4696,0.404519,0.0,0,0.012301587,1.858562671,1.913990262059421
ARUYES_clean,ARUYES_clean,5.37817,4.58095,5.37264,1.47856,1357.43,918.075,0.0,0.0,0.5162,0.349122,0.0,1,0.018631715,2.676680382,2.4399079632936718
ASACON_clean,ASACON_clean,6.42024,5.0837,6.41252,1.7783,988.209,555.703,0.0,0.0,0.4528,0.254625,0.0,1,0.012681799,1.559856195,1.7098842255942932
ASOVEL_clean,ASOVEL_clean,5.72633,5.3133,5.71091,1.03379,949.896,918.849,0.0,0.0,0.495,0.478821,0.0,1,0.011593504,2.092686918,1.9626472677088191
ATEYED_clean,ATEYED_clean,7.47545,6.2198,7.47545,0.467817,3303.45,7061.42,0.0,0.0,0.7762,1.6592,0.0,1,0.014849558,4.103380036,4.062994800709893
ATIBOU_clean,ATIBOU_clean,4.75824,3.95303,4.75824,1.66268,883.495,531.369,0.0,0.0,0.4562,0.274376,0.0,0,0.005856773,1.070033242,1.1061877371911544
ATIXUX_clean,ATIXUX_clean,4.75983,4.08689,4.75983,1.55048,933.775,602.248,10.5817,6.82478,0.5034,0.324673,0.0,0,0.018849051,2.550528894,2.184071081283918
ATOWIQ_clean,ATOWIQ_clean,9.54888,7.69493,9.54888,0.866747,1781.33,2055.19,0.0,0.0,0.6812,0.785928,0.0,1,0.01271129,3.17973214,2.989080833082324
ATOWOW_clean,ATOWOW_clean,9.60606,7.73922,9.60387,0.865497,1776.39,2052.45,0.0,0.0,0.6816,0.787524,0.0,1,0.012530982,3.129779376,2.9859304466383016
ATUXIY_clean,ATUXIY_clean,5.42434,3.78722,5.41357,1.56042,1520.84,974.637,0.0,0.0,0.5342,0.342345,0.0,1,0.018015111,2.763277507,2.54989123001318
AVAGUB_clean,AVAGUB_clean,4.77305,4.26622,4.76857,1.33788,1125.79,841.477,0.0,0.0,0.484,0.361768,0.0,1,0.005940917,1.27952399,1.2544232519423975
AVELUJ_clean,AVELUJ_clean,8.10638,4.88927,8.10638,0.902679,1696.47,1879.38,0.0,0.0,0.605,0.670227,0.0,1,0.010688975,2.499648242,2.468843973380007
AVEMAQ_clean,AVEMAQ_clean,7.89565,4.97897,7.87662,0.907269,1685.58,1857.86,0.0,0.0,0.6116,0.674111,0.0,1,0.009521307,2.293151036,2.349751212031064
AVEQID_clean,AVEQID_clean,7.54994,6.22752,7.22874,0.801255,2259.4,2819.83,0.0,0.0,0.702,0.876126,0.0,1,0.016481688,4.039457045,3.7942052196478326
AVEVEE_clean,AVEVEE_clean,4.17515,3.43562,4.17515,1.60472,795.582,495.775,0.0,0.0,0.4962,0.309212,0.0,0,0.012467631,1.933570999,2.06868104040383
AVIPAX_clean,AVIPAX_clean,7.26399,5.25081,7.26386,0.96381,1855.66,1925.33,0.0,0.0,0.5882,0.610286,0.0,1,0.020585545,3.558370003,3.6441093186011884
AVIVIK_clean,AVIVIK_clean,11.79938,6.70311,11.79938,0.734288,1705.89,2323.19,141.576,192.807,0.7142,0.972643,0.0,1,0.015083359,3.54917683,3.2898586580754476
AVIVOQ_clean,AVIVOQ_clean,11.94166,7.13512,11.94166,0.709142,1885.38,2658.68,0.0,0.0,0.7218,1.01785,0.0,1,0.015280098,3.612822047,3.454882594416782
AWEJIW_clean,AWEJIW_clean,10.88001,10.50387,10.88001,1.19375,1315.8,1102.24,0.0,0.0,0.6004,0.502953,0.0,1,0.013397046,2.162180926,2.435974357025055
AWUPAL_clean,AWUPAL_clean,18.42063,9.23563,18.42063,0.348553,1743.14,5001.08,0.0,0.0,0.8538,2.44956,0.0,1,0.014640853,4.192801401,4.0679494140438335
AXIMUP_clean,AXIMUP_clean,8.06476,5.62993,7.88344,0.749362,2380.21,3176.31,0.0,0.0,0.7064,0.942669,0.0,1,0.011828128,2.88630395,3.0808022907276214
AXINEA_clean,AXINEA_clean,5.37744,3.53202,5.37744,1.38918,653.213,470.214,0.0,0.0,0.4478,0.322348,0.0,0,0.011723502,1.294703391,1.4215262068609742
AXIPEE01_clean,AXIPEE01_clean,6.81111,4.3641,6.75959,1.50078,1988.24,1324.81,0.0,0.0,0.6082,0.405257,0.0,1,0.007710351,1.740138322,1.750146872335971
AXIPEE02_clean,AXIPEE02_clean,6.48792,4.04495,6.46524,1.63435,1656.81,1013.74,0.0,0.0,0.5904,0.361245,0.0,1,0.008103567,1.68461547,1.6449781435910813
AXUHEH_clean,AXUHEH_clean,7.21454,5.63203,7.19196,1.06453,1024.66,962.545,0.0,0.0,0.4958,0.465746,0.0,1,0.013046331,1.676756555,2.1914830767755666
AZAFIS_clean,AZAFIS_clean,4.56554,4.01347,4.56554,1.5219,1198.03,787.192,0.0,0.0,0.5324,0.349826,0.0,1,0.017841465,2.31920661,2.516089716973531
AZEBUE_clean,AZEBUE_clean,5.44142,4.51467,5.32983,1.81828,1092.81,601.015,0.0,0.0,0.5076,0.279165,0.0,1,0.017844808,1.889174635,1.9903237179969109
AZIXUD_clean,AZIXUD_clean,5.99991,4.88169,5.99991,1.10463,1885.15,1706.59,0.0,0.0,0.6184,0.559825,0.0,1,0.016454932,3.303958881,3.105227647986297
BADYAJ_clean,BADYAJ_clean,8.60576,7.13629,8.60576,0.984728,1990.18,2021.04,0.0,0.0,0.6528,0.662924,0.0,0,0.009987915,2.448875873,2.4684941654778623
BAKGIF_manual,BAKGIF_manual,7.54763,6.30914,7.54763,1.01674,1528.77,1503.6,0.0,0.0,0.6098,0.599757,0.0,0,0.009403695,2.258434439,2.225803922969191
BAMKOS_clean,BAMKOS_clean,6.76349,5.81846,6.76349,1.11335,1511.81,1357.89,0.0,0.0,0.5736,0.515203,0.0,1,0.007653518,1.772134597,1.8633275309184107
BAQWIC_clean,BAQWIC_clean,8.02487,5.97028,8.01109,1.63849,1438.26,877.793,0.0,0.0,0.5894,0.359721,0.0,1,0.003483361,0.882000628,0.869428171988547
BASJUB_clean,BASJUB_clean,5.47244,4.59142,5.38091,1.03022,1558.36,1512.66,0.0,0.0,0.5602,0.54377,0.0,0,0.017545177,3.008562613,3.0371603794873128
BAWROI_clean,BAWROI_clean,13.54985,9.13066,13.54893,0.629882,1979.75,3143.05,0.0,0.0,0.7794,1.23737,0.0,1,0.01134411,3.052839146,3.016717224809255
BAWRUO_clean,BAWRUO_clean,7.29901,5.68693,7.29887,2.71918,1447.8,532.44,20.7388,7.62687,0.5782,0.212638,0.0,1,0.004514987,1.013322046,0.8854333965428982
BAXFIR01_clean,BAXFIR01_clean,4.08461,3.48945,4.06863,1.30493,544.936,417.597,0.0,0.0,0.4766,0.36523,0.0,0,0.012791161,2.335461395,1.965722428553519
BAXFIR02_clean,BAXFIR02_clean,4.03285,3.42273,4.0125,1.31623,519.268,394.513,0.0,0.0,0.474,0.360121,0.0,0,0.013004917,2.363551789,1.9295740859854917
BELJIL_clean,BELJIL_clean,7.21036,5.21436,7.21036,1.28754,867.89,674.07,0.0,0.0,0.459,0.356494,0.0,1,0.005380198,1.189011069,1.0561694522442742
BENZOL_clean,BENZOL_clean,5.62502,3.68781,5.62502,1.15041,1146.89,996.943,0.0,0.0,0.4858,0.422284,0.0,1,0.017688469,2.572043751,2.5116939409394607
BEPREV01_clean,BEPREV01_clean,6.64209,5.02845,6.632,0.808218,2539.09,3141.59,0.0,0.0,0.6368,0.787906,0.0,0,0.026994003,5.294854759,5.201398244820759
BEPREV03_clean,BEPREV03_clean,6.75186,5.16957,6.7451,0.798706,2519.19,3154.09,0.0,0.0,0.64,0.801296,0.0,0,0.026426743,5.245964525,5.189414566898028
BEPRIZ_clean,BEPRIZ_clean,10.21454,6.03558,10.21454,0.764371,2087.31,2730.76,0.0,0.0,0.673,0.880463,0.0,0,0.015601987,3.713139361,3.5493357161710337
BETDUB_clean,BETDUB_clean,6.03659,3.7841,6.03659,1.16905,1945.06,1663.8,0.0,0.0,0.6102,0.521964,0.0,1,0.017815502,3.249901657,3.2151639906530036
BETGIS_clean,BETGIS_clean,14.00278,4.06192,14.00278,1.35807,1041.82,767.136,450.295,331.571,0.6224,0.458298,0.0,1,0.008690708,1.757700424,1.7822508401951571
BETGUE_clean,BETGUE_clean,15.53135,9.65919,15.53135,0.735216,1298.07,1765.57,466.651,634.712,0.7352,0.999978,0.0,1,0.012035393,2.9698837,3.0040828738783873
BEXQIF_clean,BEXQIF_clean,8.04962,5.28644,8.01765,0.683962,2466.36,3605.99,0.0,0.0,0.7172,1.0486,0.0,0,0.009205898,2.481874345,2.4621100187376395
BEXQUR_clean,BEXQUR_clean,8.07729,5.36514,8.07375,0.705667,2478.07,3511.67,0.0,0.0,0.72,1.02031,0.0,0,0.008282451,2.218508486,2.276566084119202
BEXSII_clean,BEXSII_clean,6.27069,4.79422,6.26455,0.943025,2150.91,2280.86,0.0,0.0,0.668,0.708359,0.0,1,0.018312954,3.648134091,3.6884248929090027
BEYKEX_clean,BEYKEX_clean,5.23694,3.82822,5.23519,1.91723,1689.31,881.121,0.0,0.0,0.5532,0.288542,0.0,1,0.00554604,1.271619066,1.1848751968186018
BEYSEF_clean,BEYSEF_clean,5.61731,4.74798,5.61731,1.17978,1409.15,1194.41,0.0,0.0,0.5534,0.469069,0.0,0,0.007718866,1.737725352,1.720764498322172
BIBXIV_clean,BIBXIV_clean,18.4936,4.06846,18.4936,0.9977,1657.17,1660.99,0.0,0.0,0.7322,0.733888,0.0,0,0.012223525,2.943170984,2.698146826634408
BIGZUO_clean,BIGZUO_clean,21.72315,20.98793,21.52659,0.308304,1399.52,4539.4,0.0,0.0,0.9064,2.93995,0.0,1,0.010513332,3.01605099,3.1899407817225214
BIHBAX_clean,BIHBAX_clean,18.57439,17.55669,18.57439,0.321672,1460.76,4541.16,0.0,0.0,0.8984,2.79291,0.0,1,0.010384842,2.991830717,3.194178462610305
BIMDIL_clean,BIMDIL_clean,5.20728,3.51213,5.20728,1.39622,1478.14,1058.67,0.0,0.0,0.539,0.386042,0.0,1,0.022005429,3.181111072,3.002741944933973
BINROH_clean,BINROH_clean,21.31368,10.23686,21.31368,0.503862,1906.53,3783.82,0.0,0.0,0.7964,1.58059,0.0,1,0.01611835,3.884646616,3.980352965285662
BIRSEC_clean,BIRSEC_clean,6.48832,4.86094,6.48832,1.33798,1247.05,932.038,0.0,0.0,0.5134,0.383713,0.0,1,0.01088822,1.887858342,1.8811919744345775
BIWYAH10_clean,BIWYAH10_clean,7.2461,5.52874,7.11386,0.722295,2876.07,3981.85,0.0,0.0,0.7574,1.0486,0.0,1,0.006149092,1.750914997,1.7479315948849201
BIYSUZ_clean,BIYSUZ_clean,8.31867,7.50799,8.23674,1.3283,1507.88,1135.19,0.0,0.0,0.5826,0.438604,0.0,1,0.006711839,1.568234204,1.6596761568572962
BIYTAG_clean,BIYTAG_clean,8.33704,7.53322,8.33704,1.33737,1512.13,1130.67,0.0,0.0,0.5802,0.433835,0.0,1,0.00658814,1.575117648,1.6644145726399584
BOLZIN_clean,BOLZIN_clean,18.71247,7.75585,17.49896,0.466942,1971.58,4222.32,0.0,0.0,0.8076,1.72955,0.0,0,0.012131101,3.401117449,3.4178400874351054
BOWNUY_clean,BOWNUY_clean,15.52711,9.99848,15.50545,0.770284,1323.45,1718.13,449.917,584.092,0.7344,0.953414,0.0,1,0.01227196,2.888925361,3.089248865015503
BUCVAY_clean,BUCVAY_clean,5.36914,3.4206,5.36914,1.22099,548.684,449.375,0.0,0.0,0.4634,0.379527,0.0,1,0.015439026,1.493134209,1.795376473126487
BUCWAZ_clean,BUCWAZ_clean,8.06989,6.31772,7.96603,0.986571,2261.23,2292.01,0.0,0.0,0.6822,0.691486,0.0,1,0.012461957,2.80798982,2.9860681963887634
BUGSOM_clean,BUGSOM_clean,4.69508,4.16375,4.68969,1.65941,1093.22,658.798,0.0,0.0,0.5332,0.321319,0.0,1,0.00463677,1.007496448,1.0021313756667485
BUKRUW03_clean,BUKRUW03_clean,10.56885,5.12331,10.56885,0.827757,2720.18,3286.2,0.0,0.0,0.764,0.922976,0.0,1,0.008356801,2.239969452,2.3047553201916675
BUNLAZ_clean,BUNLAZ_clean,38.39638,36.09316,38.39638,0.330751,1417.57,4285.91,0.0,0.0,0.8776,2.65335,0.0,1,0.013577583,3.900139129,3.751318629760193
BUSRUE_clean,BUSRUE_clean,6.9387,5.51917,6.92321,1.06823,1491.74,1396.46,0.0,0.0,0.5618,0.525916,0.0,0,0.018542466,3.193857344,3.010494573472191
BUVXOG_clean,BUVXOG_clean,6.82532,5.20998,6.82532,1.26745,776.672,612.785,0.0,0.0,0.469,0.370036,0.0,0,0.005445378,1.134413932,1.073324997131703
BUVYEX_clean,BUVYEX_clean,7.01349,5.55881,7.01349,1.21167,786.339,648.971,0.0,0.0,0.4712,0.388885,0.0,0,0.006508635,1.343229529,1.263058726071908
BUVYIB01_clean,BUVYIB01_clean,10.81747,8.62628,10.81747,0.682989,2289.3,3351.88,0.0,0.0,0.7066,1.03457,0.0,0,0.020507268,4.409145921,4.275458670578227
BUXTOF_clean,BUXTOF_clean,5.10112,3.76343,4.43149,1.37664,488.999,355.212,519.913,377.668,0.5386,0.391242,0.0,1,0.022449078,3.135125164,2.5942187925859788
c5cc04223b_c5cc04223b2_clean,c5cc04223b_c5cc04223b2_clean,12.29704,9.67035,12.2571,0.522428,2226.93,4262.65,0.0,0.0,0.794,1.51983,0.0,1,0.011545563,3.296362845,3.1909155615507077
c5cc10203k_c5cc10203k2_clean,c5cc10203k_c5cc10203k2_clean,16.11055,7.03802,16.11055,0.497,2186.45,4399.29,0.0,0.0,0.7782,1.5658,0.0,1,0.015497024,4.285835257,4.006774733800622
c5ce00862j_c5ce00862j2_clean,c5ce00862j_c5ce00862j2_clean,7.29772,5.9904,7.16104,1.02623,1329.56,1295.58,0.0,0.0,0.5566,0.542374,0.0,0,0.014638962,2.739861452,2.708703308731336
c5nj02634b_c5nj02634b2_clean,c5nj02634b_c5nj02634b2_clean,6.56089,5.15548,6.36711,0.972386,1739.81,1789.21,0.0,0.0,0.6012,0.618273,0.0,1,0.018577992,3.332724749,3.343888872397914
c5sc03494a_c5sc03494a2_clean,c5sc03494a_c5sc03494a2_clean,6.21978,5.55178,6.21978,0.911359,2530.42,2776.54,0.0,0.0,0.701,0.769181,0.0,0,0.021466159,4.733288587,4.583271188402344
c5ta04989j_c5ta04989j2_clean,c5ta04989j_c5ta04989j2_clean,7.09855,5.91102,7.08643,1.4765,1374.61,930.993,0.0,0.0,0.5276,0.357332,0.0,1,0.012639567,2.394068268,2.2284402078306385
c6cc02494g_c6cc02494g3_clean,c6cc02494g_c6cc02494g3_clean,11.9944,10.81728,11.9944,1.03032,1587.16,1540.45,0.0,0.0,0.6594,0.639995,0.0,1,0.008741893,2.320286802,2.14862559082778
c6cc02494g_c6cc02494g6_clean,c6cc02494g_c6cc02494g6_clean,11.73822,10.49789,11.73822,1.02922,1570.21,1525.64,0.0,0.0,0.6512,0.632715,0.0,1,0.008157172,2.127223393,2.064315754794536
c6ce00141f_c6ce00141f2_clean,c6ce00141f_c6ce00141f2_clean,9.56221,8.33336,9.07575,0.705297,1946.55,2759.91,0.0,0.0,0.6886,0.976327,0.0,0,0.013752537,3.360465895,3.4151049367110877
CABJOH_clean,CABJOH_clean,4.53725,3.92462,4.47478,1.06179,1786.16,1682.21,0.0,0.0,0.5552,0.522889,0.0,1,0.029521512,4.520780453,4.5061962306984205
CANRIU_clean,CANRIU_clean,6.98874,4.43531,6.97328,0.861557,1846.01,2142.64,0.0,0.0,0.6044,0.70152,0.0,1,0.020500133,3.279179128,3.7601225252051
CANROA_clean,CANROA_clean,6.93935,4.21694,6.93935,0.944373,1810.25,1916.88,0.0,0.0,0.5966,0.631742,0.0,1,0.017194506,2.828321161,3.3590787696340927
CANRUG_clean,CANRUG_clean,6.57321,4.9271,6.57235,0.884567,1797.13,2031.65,0.0,0.0,0.588,0.664732,0.0,1,0.021067401,3.595499115,3.7960230754285673
CAQCAZ_clean,CAQCAZ_clean,6.29148,5.67839,6.29148,1.73371,1423.23,820.916,0.0,0.0,0.5114,0.294974,0.0,0,0.029004693,3.126161085,2.7515507145622986
CAVMOD_clean,CAVMOD_clean,10.28847,9.36955,10.28847,0.959454,1312.84,1368.32,0.0,0.0,0.585,0.609722,0.0,1,0.011894443,2.262465404,2.318200151722922
CAVREY_clean,CAVREY_clean,7.18071,5.30054,7.16429,1.02665,1966.55,1915.49,0.0,0.0,0.6398,0.62319,0.0,1,0.0222798,3.323223879,3.9077480070216324
CAYDUD_clean,CAYDUD_clean,5.16273,4.98367,5.16273,1.48699,695.762,467.899,0.0,0.0,0.4646,0.312443,0.0,0,0.00482766,0.799191118,0.8340575448321366
CAZNEY_clean,CAZNEY_clean,6.26427,5.09264,6.24536,0.832059,2251.27,2705.66,0.0,0.0,0.6506,0.781916,0.0,1,0.015798696,3.718066871,3.5793147972056207
CEJZAU_clean,CEJZAU_clean,7.19009,4.36372,6.93205,1.03983,1483.83,1427.0,0.0,0.0,0.5552,0.533934,0.0,0,0.018277505,3.306969405,3.0294337368624893
CEKROB_clean,CEKROB_clean,5.35179,3.54558,5.35179,1.20403,773.46,642.39,0.0,0.0,0.4936,0.409955,0.0,0,0.009768687,1.633917419,1.5377251929645406
CENJIQ_clean,CENJIQ_clean,8.5056,4.03981,8.49212,1.2776,1268.59,992.946,62.8816,49.2184,0.584,0.457106,0.0,1,0.007350241,1.701830936,1.5601388057522532
CETJAN_clean_h,CETJAN_clean_h,5.90298,3.79569,5.88477,1.04758,1099.93,1049.97,0.0,0.0,0.521,0.497338,0.0,0,0.010055077,1.72596488,1.92634261469988
CEXHOD_clean,CEXHOD_clean,6.20263,3.99405,6.1987,0.988457,1905.85,1928.11,0.0,0.0,0.5896,0.596485,0.0,1,0.011036583,2.531922918,2.498209053890451
cg200332y_si_002_clean,cg200332y_si_002_clean,5.21581,3.97485,5.21581,1.32224,2143.79,1621.34,0.0,0.0,0.6406,0.484482,0.0,0,0.024950367,4.459672453,4.240809313435118
cg300302n_si_004_clean,cg300302n_si_004_clean,4.26728,3.40774,4.26728,1.22723,425.532,346.741,0.0,0.0,0.4466,0.363908,0.0,0,0.004437808,0.869627964,0.9858749954120412
cg400449c_si_001_clean,cg400449c_si_001_clean,12.65792,7.41339,12.43712,0.667569,2346.54,3515.05,0.0,0.0,0.7554,1.13157,0.0,1,0.015216763,3.704455314,3.721275842633272
cg401858s_si_002_clean,cg401858s_si_002_clean,5.76822,4.62513,5.72988,1.11065,1442.06,1298.4,0.0,0.0,0.5672,0.510693,0.0,1,0.012370778,2.3851575,2.4052520440637695
cg500121f_si_004_clean,cg500121f_si_004_clean,4.92521,3.49647,4.87249,1.18083,1031.61,873.629,0.0,0.0,0.5556,0.470517,0.0,0,0.023336167,2.822338404,3.011852163679687
cg501012e_si_002_clean,cg501012e_si_002_clean,10.40468,5.07098,10.12255,0.834367,2007.02,2405.44,0.0,0.0,0.668,0.800607,0.0,1,0.016929643,3.322016894,3.4839054181621063
cg5012617_si_002_clean,cg5012617_si_002_clean,6.32079,5.69332,6.32079,1.49326,566.795,379.568,60.4946,40.5117,0.4478,0.29988,0.0,1,0.005381579,0.969793163,0.9590029388130421
cg501560z_si_002_clean,cg501560z_si_002_clean,9.02632,7.52711,9.02632,0.738263,2435.69,3299.23,0.0,0.0,0.7636,1.03432,0.0,0,0.006538645,1.872819726,1.9894552864291852
cg901312t_si_002_clean,cg901312t_si_002_clean,15.54833,7.92817,14.85181,0.630454,2258.1,3581.71,0.0,0.0,0.764,1.21183,0.0,1,0.014150057,3.532329966,3.6205752668986753
CIDKUX_clean,CIDKUX_clean,9.17673,8.30352,9.17673,1.04661,1668.34,1594.05,0.0,0.0,0.6532,0.624113,0.0,1,0.01271465,2.475343402,2.8324654728725043
CIFMIP_clean,CIFMIP_clean,7.90061,6.44934,7.90061,1.08801,1993.5,1832.24,0.0,0.0,0.6246,0.574075,0.0,1,0.012256137,2.843824323,2.7694065740272134
CIGXIA_manual,CIGXIA_manual,28.48677,11.8329,28.48274,0.684425,1325.74,1937.02,47.85,69.9127,0.7628,1.11451,0.0,1,0.029847523,2.686256464,3.176976571215969
CISLUN_clean,CISLUN_clean,5.76312,4.73452,5.67518,0.963118,2174.12,2257.37,0.0,0.0,0.655,0.680083,0.0,1,0.014284169,2.971402977,3.147137656251479
CITZIP_manual,CITZIP_manual,6.91567,6.30981,6.88477,1.43035,1426.63,997.402,0.0,0.0,0.5266,0.368162,0.0,0,0.010428975,2.004323052,2.0839660435744833
CIVTEH_clean,CIVTEH_clean,5.3881,4.01709,5.3881,1.06088,1244.8,1173.37,0.0,0.0,0.5492,0.517684,0.0,1,0.013017536,2.484298665,2.4275239532680057
CIWREG_clean,CIWREG_clean,8.13471,7.32788,8.13207,1.23149,2046.97,1662.19,0.793114,0.644029,0.6562,0.532851,0.0,0,0.009414634,2.144760498,2.2161896745190957
CIXBUH_clean,CIXBUH_clean,8.16009,7.52386,8.14429,1.22695,2058.62,1677.84,0.0,0.0,0.6684,0.544765,0.0,0,0.009560781,2.171523181,2.2592950164320675
CIXCAO_clean,CIXCAO_clean,8.41278,7.79803,8.41278,1.20596,2061.81,1709.68,0.0,0.0,0.6754,0.560051,0.0,0,0.009564073,2.1755126,2.2587751173268997
cm1008587_si_003_clean,cm1008587_si_003_clean,6.03686,5.8505,6.03686,1.12119,1527.32,1362.24,0.0,0.0,0.5816,0.518737,0.0,0,0.01645525,2.830187922,2.9713600093587313
cm301726k_si_004_clean,cm301726k_si_004_clean,7.25727,6.70407,7.25727,1.2275,1056.33,860.551,0.0,0.0,0.4792,0.390387,0.0,1,0.014488391,2.278831016,2.2660778510814126
cm501138g_si_008_clean,cm501138g_si_008_clean,13.18132,6.60546,13.18132,0.885001,2136.53,2414.16,0.0,0.0,0.72,0.813558,0.0,1,0.016759748,3.208252117,3.2089497156147675
cm501138g_si_009_clean,cm501138g_si_009_clean,13.19195,6.68183,13.19195,0.878773,2116.69,2408.69,0.0,0.0,0.7208,0.820234,0.0,1,0.016674503,3.126434677,3.2071263349426626
cm501138g_si_010_clean,cm501138g_si_010_clean,13.19966,6.69993,13.19966,0.880672,2105.24,2390.49,0.0,0.0,0.7198,0.81733,0.0,1,0.017074897,3.114203263,3.2470026637343743
cm503311x_alf250K_clean,cm503311x_alf250K_clean,7.38381,7.16186,7.38381,0.96386,1556.21,1614.56,0.0,0.0,0.6126,0.635569,0.0,0,0.018752315,2.514043863,2.6634522445286373
cm503311x_aloh225K_clean,cm503311x_aloh225K_clean,7.13993,6.81973,7.13993,0.949535,1597.17,1682.06,0.0,0.0,0.609,0.641367,0.0,0,0.018856903,2.621120105,2.6962660658943247
CODROD_clean,CODROD_clean,4.34102,3.83565,4.34102,1.88869,770.385,407.893,0.0,0.0,0.4956,0.262404,0.0,1,0.009608393,1.678809671,1.5743095652517125
CODSUL_clean,CODSUL_clean,6.55692,3.55923,6.55642,1.27214,782.617,615.2,0.966661,0.759873,0.4932,0.387695,0.0,1,0.007552947,1.28550539,1.335795366803401
COJHIT_clean,COJHIT_clean,10.09171,9.35609,10.09171,0.716453,1773.43,2475.29,0.0,0.0,0.707,0.986805,0.0,0,0.011988934,3.189403885,3.044901345841721
COKNAT_clean,COKNAT_clean,11.6018,10.75702,11.60156,1.22798,1610.43,1311.45,0.0,0.0,0.6686,0.544469,0.0,1,0.010988322,2.71240676,2.634210095673292
COKQIE_clean,COKQIE_clean,11.52097,11.05538,11.51936,1.12778,1536.06,1362.02,0.0,0.0,0.646,0.572806,0.0,1,0.010913499,2.791867416,2.604819481085738
COKQOK_clean,COKQOK_clean,11.69077,10.88298,11.69034,1.22651,1596.45,1301.62,0.0,0.0,0.6696,0.545941,0.0,1,0.011096042,2.727101174,2.631162753983454
COKRUR_clean,COKRUR_clean,8.84098,5.5446,8.84098,0.885689,1897.06,2141.9,0.0,0.0,0.6258,0.706568,0.0,1,0.021971583,3.747336437,4.014384794820765
COQGAS_clean,COQGAS_clean,7.55288,6.66056,7.53462,1.14065,1084.94,951.161,0.0,0.0,0.5048,0.442555,0.0,0,0.011228305,2.174632078,2.088454170916749
COQTEJ_clean,COQTEJ_clean,7.76168,6.6264,7.46116,0.69781,2656.93,3807.52,0.0,0.0,0.7034,1.00801,0.0,1,0.020552373,4.93404121,4.639565749063257
COWMIL_clean,COWMIL_clean,6.74228,5.52931,6.73491,1.23822,2114.95,1708.06,0.0,0.0,0.6464,0.522042,0.0,1,0.008017168,2.026295876,1.8924760597668473
CUKZOY_clean,CUKZOY_clean,4.8322,4.10064,4.8322,1.27011,1172.94,923.5,0.0,0.0,0.5356,0.421697,0.0,1,0.0127806,2.411349854,2.1878171443149794
CUMJEB_clean,CUMJEB_clean,5.10711,4.11246,5.10711,2.00854,711.044,354.01,0.0,0.0,0.4216,0.209904,0.0,0,0.005589451,0.79734784,0.8726011629359463
CUMLUT_clean,CUMLUT_clean,5.66406,3.97439,5.65405,1.2172,2284.73,1877.03,0.0,0.0,0.6392,0.525138,0.0,1,0.019915054,3.880026696,3.6540501054168892
CUNQUZ_clean,CUNQUZ_clean,5.05516,4.50865,5.05476,1.94091,1202.57,619.589,0.0,0.0,0.5384,0.277396,0.0,1,0.009967627,1.517098499,1.5644698651697437
CUNWEO_clean,CUNWEO_clean,7.09668,6.48549,7.07965,1.23144,1193.32,969.043,0.0,0.0,0.53,0.430389,0.0,0,0.010505312,2.131996338,2.038984780689084
CUQRIR_clean,CUQRIR_clean,5.69204,4.57463,5.69204,1.10643,1361.29,1230.35,0.0,0.0,0.5686,0.513906,0.0,0,0.016197169,2.925564544,2.6908341842464414
CURBOH_clean,CURBOH_clean,9.52504,4.72038,9.52504,1.26402,1793.73,1419.06,0.0,0.0,0.654,0.517396,0.0,0,0.00643047,1.624043197,1.5975423899440013
CUSYAR_clean,CUSYAR_clean,28.01343,12.17996,27.60124,0.247232,1408.41,5696.7,0.0,0.0,0.9076,3.67105,0.0,0,0.015150811,4.301579422,4.39190425914433
CUSZEX_clean,CUSZEX_clean,4.67101,3.44264,4.47333,0.835534,2247.71,2690.15,0.0,0.0,0.666,0.797095,0.0,0,0.017128743,3.929401865,4.041392326132401
CUVHIL01_clean,CUVHIL01_clean,12.86501,12.02225,12.84969,1.66038,1437.07,865.505,0.0,0.0,0.642,0.386658,0.0,1,0.006355918,1.191217568,1.3110378187404297
CUVTUJ_clean,CUVTUJ_clean,11.49174,10.88335,11.49174,1.17569,1542.4,1311.91,0.0,0.0,0.635,0.540109,0.0,1,0.009050173,2.337651594,2.341755491406974
CUWXOJ_clean,CUWXOJ_clean,5.20089,3.52692,5.18895,1.36291,1137.88,834.888,0.0,0.0,0.5102,0.374345,0.0,1,0.027751914,2.810653398,2.9232232037312165
CUXJEM_clean,CUXJEM_clean,5.2963,3.43417,5.2963,1.4085,970.687,689.164,0.0,0.0,0.509,0.361378,0.0,1,0.01918033,2.303149471,2.2557025462344678
CUYYEB_clean,CUYYEB_clean,5.05464,3.82141,5.04976,1.16139,1360.51,1171.44,0.0,0.0,0.5758,0.495783,0.0,1,0.019855436,3.03004732,3.127446200096326
DAHNUW_clean,DAHNUW_clean,5.84798,3.71152,5.7374,1.67689,1727.89,1030.41,0.0,0.0,0.5894,0.351484,0.0,1,0.006563322,1.459553416,1.493366389936078
DAKZUN_clean,DAKZUN_clean,8.9514,8.55667,8.9514,1.07791,1424.0,1321.08,0.0,0.0,0.6034,0.559789,0.0,1,0.007015709,1.68143439,1.8532063924283153
DALSUH_clean,DALSUH_clean,5.91398,4.13588,5.88727,1.34754,1386.92,1029.23,0.0,0.0,0.5694,0.422549,0.0,1,0.014185792,2.275778188,2.3127611719116548
DALVIY_clean,DALVIY_clean,8.33476,5.09032,8.29465,1.08397,2205.78,2034.91,0.0,0.0,0.6634,0.612008,0.0,1,0.011867791,2.426940829,2.7388877727636296
DAMZEZ_clean,DAMZEZ_clean,5.14628,4.13045,5.14063,1.48117,701.768,473.794,0.0,0.0,0.4344,0.293282,0.0,0,0.012116759,1.353942908,1.4544892652187185
DAPBED_clean,DAPBED_clean,11.8768,6.79638,11.8768,0.823875,2185.0,2652.11,0.0,0.0,0.7074,0.858625,0.0,1,0.020992002,3.745714459,3.887621356147787
DAPHOU_clean,DAPHOU_clean,10.96282,6.06241,10.06318,0.785626,2401.47,3056.76,0.0,0.0,0.737,0.938106,0.0,1,0.015070178,3.704535226,3.6636581888363224
DATHAJ_clean,DATHAJ_clean,5.55335,3.71297,5.5372,1.88262,726.028,385.647,0.0,0.0,0.4308,0.22883,0.0,1,0.004048163,0.785478435,0.7330453613560475
DAWBOU_clean,DAWBOU_clean,5.38914,4.65491,5.38091,1.40413,956.091,680.914,0.0,0.0,0.473,0.336864,0.0,0,0.015483306,1.875546859,1.9514920412232812
DAWCIP_clean,DAWCIP_clean,7.07962,5.54367,6.68431,0.995326,1963.72,1972.94,0.0,0.0,0.6428,0.645818,0.0,1,0.018456093,3.370190626,3.518607572840542
DAWDAI_clean,DAWDAI_clean,5.05189,3.47503,5.00056,1.41655,729.858,515.235,3.30907,2.336,0.487,0.343792,0.0,0,0.013354759,1.571812849,1.7527936677509033
DAWWAB_clean,DAWWAB_clean,9.11595,5.71973,9.11595,1.61188,1283.24,796.112,0.0,0.0,0.5532,0.343202,0.0,1,0.005597952,1.247974629,1.1834879608781927
DAXHUH_clean,DAXHUH_clean,7.50015,6.78537,7.50015,0.876532,2176.78,2483.4,0.0,0.0,0.6518,0.743612,0.0,1,0.014807452,3.528163557,3.472950504103162
DEFRIR_clean,DEFRIR_clean,4.8082,3.42715,4.52912,1.36761,1390.79,1016.96,0.0,0.0,0.6218,0.454663,0.0,1,0.007438102,1.69821744,1.6840714912751373
DEGJIK_clean,DEGJIK_clean,4.49857,3.8442,4.48892,1.5866,672.4,423.8,0.0,0.0,0.4622,0.291315,0.0,1,0.014747474,1.66368801,1.8012126148174523
DEKHUX_clean,DEKHUX_clean,6.73498,5.41814,6.73498,1.052,1333.52,1267.6,0.0,0.0,0.5288,0.50266,0.0,0,0.017137506,3.033599455,2.7365195965991553
DELGEI_manual,DELGEI_manual,11.23796,5.9406,11.23796,0.599562,2425.76,4045.89,0.0,0.0,0.7354,1.22656,0.0,1,0.011072724,2.913674602,3.0944966354858234
DEPXAY_clean,DEPXAY_clean,5.29628,3.94728,5.28006,1.07008,2144.58,2004.14,0.0,0.0,0.6404,0.598462,0.0,1,0.019252317,3.837266293,3.6870170795412536
DEPXOM_clean,DEPXOM_clean,5.87443,4.69467,5.85064,1.07984,2256.84,2089.97,0.0,0.0,0.6052,0.560452,0.0,1,0.013882344,3.103872527,2.92845850150939
DEQFOU_clean,DEQFOU_clean,4.43033,3.99236,4.42996,1.33979,549.564,410.186,188.414,140.63,0.5546,0.413945,0.0,1,0.007401323,1.653068301,1.4749414539064976
DEZKAW_clean,DEZKAW_clean,8.13146,3.74741,8.1255,0.911325,1740.68,1910.06,27.7822,30.4855,0.6372,0.699202,0.0,1,0.008683775,2.180851793,2.1947928344194136
DIBJEF_clean,DIBJEF_clean,5.60649,4.70814,5.13464,1.76959,946.581,534.916,0.0,0.0,0.4236,0.239378,0.000565104,1,0.010501937,1.418134251,1.3537299599559283
DICVES_clean,DICVES_clean,6.33441,3.59662,6.33441,1.11373,1441.4,1294.21,0.0,0.0,0.581,0.521669,0.0,1,0.017216841,3.060482158,2.998499058569498
DIHVIB01_clean,DIHVIB01_clean,13.18363,6.64307,13.17065,0.881735,2096.71,2377.93,0.0,0.0,0.7124,0.807952,0.0,1,0.0153532,3.093274888,3.089622031372212
DIKJUD_clean,DIKJUD_clean,5.51513,4.27188,5.50941,1.06812,1036.17,970.09,0.0,0.0,0.5198,0.486651,0.0,1,0.021401645,2.62086713,2.766095852830844
DITYEM_clean,DITYEM_clean,4.09318,3.46859,4.09318,1.84238,155.54,84.4234,0.0,0.0,0.347,0.188344,0.0,1,0.002553272,0.494123353,0.4028588383325409
DIWMON_clean,DIWMON_clean,9.50738,3.99435,9.49132,0.925424,1888.23,2040.4,0.0,0.0,0.6264,0.676879,0.0,1,0.014079891,3.134730958,3.136286183805449
DIWNAA_clean,DIWNAA_clean,6.5178,6.18035,6.5178,0.652513,3119.09,4780.12,0.0,0.0,0.7074,1.08412,0.0,1,0.031079761,6.717593562,5.757718468712861
DODMIT_clean,DODMIT_clean,7.01246,4.52059,7.01246,1.55856,1353.3,868.3,0.0,0.0,0.5366,0.344293,0.0,1,0.014951069,2.327477721,2.2757898549491875
DOGMET_clean,DOGMET_clean,4.99101,3.50509,4.98216,1.8068,621.631,344.051,0.0,0.0,0.4322,0.239208,0.0,0,0.008545708,1.026542575,1.1274855674398698
DOLXOR_clean,DOLXOR_clean,6.62226,5.36537,6.62226,1.08651,2583.31,2377.63,0.0,0.0,0.7438,0.684577,0.0,1,0.003177385,0.835842705,0.9185606366920411
DOMDAL_clean,DOMDAL_clean,18.43381,14.45488,18.43381,0.66329,1341.32,2022.22,0.0,0.0,0.7914,1.19314,0.0,0,0.006424485,1.664442279,1.8687125422414719
DOMFUI_clean,DOMFUI_clean,8.13637,5.96872,8.13476,1.18044,720.043,609.981,519.992,440.508,0.5282,0.447462,0.0,1,0.01579331,2.892646765,2.455803330278547
DONKOI_clean,DONKOI_clean,7.04655,4.39343,7.04655,1.0337,1721.47,1665.34,0.466736,0.451519,0.6006,0.581018,0.0,1,0.013020074,2.690619981,2.6574030161739146
DOPHOH_clean,DOPHOH_clean,12.12577,5.64086,12.12577,0.985409,1409.44,1430.31,390.474,396.256,0.664,0.673832,0.0,1,0.009611566,2.419705718,2.2706027443234253
DOPHUN_clean,DOPHUN_clean,12.13355,5.61514,12.13355,0.984545,1406.36,1428.44,392.743,398.909,0.6676,0.67808,0.0,1,0.009516549,2.414646554,2.2971203034650025
DOYBUQ01_clean,DOYBUQ01_clean,4.47276,3.50575,4.44835,1.90606,879.044,461.183,0.0,0.0,0.519,0.272289,0.0,1,0.01431846,2.054790648,2.024736070763435
DOYHUW_clean,DOYHUW_clean,6.87938,5.20644,6.87938,0.976254,2294.91,2350.74,0.0,0.0,0.6516,0.667449,0.0,1,0.029592865,4.858242438,4.947795529604921
DOYLEI_clean,DOYLEI_clean,6.40369,4.15529,6.40369,1.15157,1694.44,1471.42,0.0,0.0,0.6046,0.525024,0.0,1,0.005818156,1.371878658,1.4753034544123196
DOZCEC_clean,DOZCEC_clean,19.11403,11.74027,19.11403,0.458248,1880.45,4103.57,0.0,0.0,0.8106,1.76891,0.0,1,0.012122158,3.217434724,3.369324889235821
DUDKOE_clean,DUDKOE_clean,10.92488,6.00637,10.24342,0.779781,2417.09,3099.71,0.0,0.0,0.7388,0.947446,0.0,1,0.014923428,3.691750056,3.682590157219918
DUFGOB_clean,DUFGOB_clean,8.44616,7.81761,8.44616,1.12069,1457.55,1300.59,0.0,0.0,0.5722,0.51058,0.0,1,0.004412604,1.153443501,1.389115186391633
DUFKAS_clean,DUFKAS_clean,18.33861,11.31425,18.33733,0.529585,1559.27,2944.33,0.0,0.0,0.811,1.53139,0.0,1,0.009756711,2.590853391,2.710635765784006
DUMXEQ01_clean,DUMXEQ01_clean,4.78039,3.84263,4.78039,1.76597,828.843,469.341,0.0,0.0,0.4496,0.254591,0.0,0,0.016719428,1.754002059,1.7792661702791013
DUNXUH02_clean,DUNXUH02_clean,5.05926,3.9622,4.49661,1.21011,1835.42,1516.73,0.0,0.0,0.6046,0.499624,0.0,1,0.02874436,4.300124584,4.408680076766367
DUNXUH03_clean,DUNXUH03_clean,4.97891,3.78832,4.59863,1.23681,1734.27,1402.21,0.0,0.0,0.5936,0.479945,0.0,1,0.02732357,4.119075156,4.075323141809245
DUNXUH06_clean,DUNXUH06_clean,5.04935,3.8892,5.03687,1.21647,1807.28,1485.67,0.0,0.0,0.6062,0.498328,0.0,1,0.028328775,4.270215984,4.265611843737638
DUQYEU_clean,DUQYEU_clean,4.86021,4.34715,4.86021,1.66839,2272.53,1362.11,0.0,0.0,0.6004,0.359868,0.0,1,0.008043856,1.841232323,1.8392819200902908
DUWBEE_clean,DUWBEE_clean,7.4726,6.03228,7.03921,0.972318,2397.88,2466.15,0.0,0.0,0.7166,0.737002,0.0,1,0.011374844,2.957530641,2.7715181196908936
DUWGEJ_clean,DUWGEJ_clean,6.48283,5.44672,6.47851,1.23973,1910.17,1540.8,0.0,0.0,0.6142,0.495432,0.0,1,0.012729945,2.416751715,2.5978681474568264
DUZWOM_clean,DUZWOM_clean,5.41107,3.63654,5.41022,1.51085,1084.42,717.756,0.0,0.0,0.4906,0.324718,0.0,0,0.006185875,1.125386992,1.2402240421280075
EBATUZ_clean,EBATUZ_clean,12.21806,7.03158,12.21806,0.59675,2360.49,3955.57,0.0,0.0,0.7812,1.30909,0.0,1,0.01848758,4.275434559,4.342353744013453
EBAVAH_auto,EBAVAH_auto,14.10999,7.45371,14.02692,0.571355,2267.46,3968.58,0.0,0.0,0.776,1.35818,0.0,1,0.014623031,3.58988547,3.7403504203993934
EBAVOV_clean,EBAVOV_clean,5.06494,3.47701,5.06494,1.20126,1010.26,841.002,0.0,0.0,0.4938,0.411069,0.0,1,0.024325032,2.863275909,2.7845728046049016
EBEWIT_clean,EBEWIT_clean,6.98757,6.64177,6.98757,1.55436,1566.68,1007.93,0.0,0.0,0.573,0.368642,0.0,0,0.012380612,2.344938779,2.3897856454836184
EBIJAC_clean,EBIJAC_clean,5.69411,4.34501,5.6755,1.35778,616.318,453.917,180.508,132.944,0.4634,0.341293,0.0,0,0.009151196,1.304065232,1.3701700569228554
EBIZUN_clean,EBIZUN_clean,10.22426,8.07829,10.22419,0.790487,2342.19,2962.97,0.0,0.0,0.7238,0.915638,0.0,1,0.013906223,3.489041333,3.4396023617747726
ECAHOH_clean,ECAHOH_clean,6.87089,4.98271,6.87089,1.21823,856.833,703.343,0.0,0.0,0.4828,0.396313,0.0,0,0.006989609,1.464976689,1.2989222502948543
ECEDEY_clean,ECEDEY_clean,6.39219,4.6444,6.38001,1.02837,1438.77,1399.08,0.0,0.0,0.541,0.526076,0.0,1,0.013463013,2.583686505,2.5374644961764976
ECODEG_clean,ECODEG_clean,5.33632,3.54871,5.31165,1.34842,1018.67,755.456,0.0,0.0,0.5336,0.395722,0.0,1,0.031995003,3.173928747,3.126465026678797
ECOKAJ_clean,ECOKAJ_clean,18.9972,17.57546,18.98876,0.325331,1156.9,3556.08,0.0,0.0,0.873,2.68342,0.0,1,0.010759033,3.234461915,2.9652990202091565
EDAFUM_clean,EDAFUM_clean,4.92982,3.72004,4.92982,1.77302,851.953,480.51,0.0,0.0,0.4508,0.254256,0.0,0,0.006566777,1.124331523,1.155244570293462
EDAGEX_clean,EDAGEX_clean,4.90414,3.69066,4.90414,1.79444,798.923,445.222,0.0,0.0,0.4496,0.250552,0.0,0,0.006742368,1.139062487,1.1287098294368438
EDOMAM_clean,EDOMAM_clean,8.29315,6.04438,8.28681,0.809806,2146.39,2650.49,0.0,0.0,0.6716,0.829334,0.0,0,0.015552042,3.431114697,3.577978670060749
EDUSUR_clean,EDUSUR_clean,14.97276,6.60675,14.97057,0.720686,2039.23,2829.56,0.0,0.0,0.7584,1.05233,0.0,0,0.009617498,2.593165724,2.5695941616460765
EFAYEQ_clean_h,EFAYEQ_clean_h,11.33412,8.20992,11.33412,0.445208,2301.41,5169.29,0.0,0.0,0.8028,1.8032,0.0,1,0.011261571,3.16195237,3.3045821088661578
EGATIQ_clean,EGATIQ_clean,10.61507,9.35673,10.60597,0.815931,1600.87,1962.02,0.0,0.0,0.6556,0.803499,0.0,1,0.018969004,3.295178688,3.3294263883645767
EGEJIK_manual,EGEJIK_manual,10.26084,8.70015,10.25879,0.680562,2082.85,3060.48,75.8285,111.42,0.7408,1.08851,0.0,0,0.013091416,3.019459202,3.2518254934256077
EGELUY01_manual,EGELUY01_manual,7.46224,7.0558,7.4593,0.947391,1658.83,1750.95,0.0,0.0,0.6114,0.645351,0.0,0,0.023047354,3.373399395,3.758423926366137
EGELUY_SL,EGELUY_SL,7.32559,6.86607,7.31942,0.950432,1658.89,1745.4,0.0,0.0,0.6086,0.640341,0.0,0,0.023405748,3.353261239,3.572792392907343
EHAFIE_clean,EHAFIE_clean,5.56485,3.57227,5.56485,2.06302,1265.0,613.179,0.0,0.0,0.5486,0.265921,0.0,1,0.006452443,1.299561844,1.3002993972240078
EHALOP_manual,EHALOP_manual,7.57594,7.11735,7.57594,0.939011,1706.06,1816.86,0.0,0.0,0.618,0.658139,0.0,0,0.023157475,3.431653486,3.981973513651739
EHEKUY_clean,EHEKUY_clean,6.18029,3.5251,6.17561,1.28701,834.589,648.47,1.25956,0.978668,0.5024,0.390361,0.0,0,0.012990157,1.728578275,1.8873091489555964
EJONOH_clean,EJONOH_clean,4.44167,3.60442,4.4347,1.47939,700.956,473.814,0.0,0.0,0.4646,0.314048,0.0,1,0.008390782,1.551178161,1.3981018251685264
EKEVAT_clean,EKEVAT_clean,4.38581,3.45093,4.3809,1.70718,319.337,187.056,0.0,0.0,0.4042,0.236765,0.0,0,0.013602954,1.236014585,1.2280625949713264
EKIDEH_clean,EKIDEH_clean,5.83216,5.4959,5.8074,2.41757,833.936,344.948,0.748002,0.309402,0.4456,0.184317,0.0,1,0.044490843,2.883217586,2.0988241039014124
EKOKIA_clean,EKOKIA_clean,6.37814,3.95219,6.37814,1.40385,1452.65,1034.76,0.0,0.0,0.5578,0.397337,0.0,1,0.01017696,1.984134828,1.9219753433836386
EKOPIE_clean,EKOPIE_clean,6.61542,5.14354,6.60525,1.21526,2002.74,1648.0,0.0,0.0,0.6146,0.505737,0.0,1,0.016037116,3.202022902,3.0404867478706348
EKOPUQ_clean,EKOPUQ_clean,11.06416,8.02745,11.06416,0.972371,1585.84,1630.9,0.0,0.0,0.6092,0.62651,0.0,0,0.01003676,2.165116668,2.2053565379017885
ELIKAM_clean,ELIKAM_clean,5.04335,3.82798,5.04275,1.49693,1142.39,763.156,0.0,0.0,0.4918,0.328538,0.0,1,0.015922106,2.314186981,2.2299452210625423
ELIKEQ_clean,ELIKEQ_clean,4.99766,3.80728,4.99701,1.51189,1166.85,771.784,0.0,0.0,0.4966,0.328463,0.0,1,0.015561431,2.282005621,2.2040311504860215
ELIKOA_clean,ELIKOA_clean,4.97213,3.73339,4.97213,1.55809,1148.96,737.416,0.0,0.0,0.4918,0.315643,0.0,1,0.01534721,2.197932771,2.1448432837952662
EMUBIZ_clean,EMUBIZ_clean,10.77303,6.68088,10.77303,1.37229,1702.91,1240.92,117.774,85.8232,0.672,0.489692,0.000145742,1,0.009011128,1.596792893,1.7925679719590772
ENAFAB_clean,ENAFAB_clean,11.6148,4.31195,11.6148,2.54245,1508.6,593.364,0.0,0.0,0.575,0.22616,0.0,1,0.00242693,0.575169895,0.5876977045291929
ENESOH_clean,ENESOH_clean,8.38054,5.7847,8.27724,0.639206,2434.82,3809.13,4.9539,7.75009,0.7442,1.16426,0.0,1,0.013376091,3.516591097,3.404133810411447
ENESUN_clean,ENESUN_clean,8.35126,5.49783,8.35126,0.626692,2424.85,3869.29,2.07427,3.30987,0.7316,1.1674,0.0,1,0.014039759,3.560683942,3.6329616304671832
ENIHUG01_clean,ENIHUG01_clean,13.78566,6.83219,13.78098,0.585033,2323.11,3970.91,0.0,0.0,0.7686,1.31377,0.0,1,0.013544531,3.653938838,3.495642644731148
ENIHUG_clean,ENIHUG_clean,13.82069,6.83124,13.8201,0.581484,2340.51,4025.06,0.0,0.0,0.7906,1.35962,0.0,1,0.013367051,3.671951267,3.4754419319615204
ENISOK_clean,ENISOK_clean,6.962,4.5443,6.96157,1.14432,1841.89,1609.59,0.0,0.0,0.6018,0.525903,0.0,1,0.01093374,2.186602208,2.249628224578316
ENITEB_clean,ENITEB_clean,7.9765,5.25239,7.9026,0.909449,2139.04,2352.02,0.0,0.0,0.6632,0.729233,0.0,1,0.013688374,2.825121798,3.1517605887001072
ENITOL_clean,ENITOL_clean,9.0167,5.78838,9.01452,1.0207,1622.24,1589.34,0.0,0.0,0.589,0.577054,0.0,1,0.014205213,2.666344477,2.872247498767351
ENIXUV_clean,ENIXUV_clean,6.81302,4.75487,6.75625,1.04896,1506.97,1436.63,0.0,0.0,0.539,0.513843,0.0,0,0.013428908,2.572897325,2.5394495963277337
ENOVAG_clean,ENOVAG_clean,10.23983,9.51593,10.22611,1.29505,1477.19,1140.64,0.0,0.0,0.5948,0.459286,0.0,1,0.005992845,1.503943282,1.547515188228568
EPEWEC_clean,EPEWEC_clean,5.88152,5.35243,5.87056,1.27191,1143.58,899.1,0.0,0.0,0.5064,0.398141,0.0,0,0.01472269,2.43602021,2.2187438919394387
EPONAA_clean,EPONAA_clean,9.18286,8.73453,9.17503,0.495184,2583.42,5217.09,0.0,0.0,0.8544,1.72542,0.0,1,0.005456008,1.547113621,1.8080362496128495
EPOPEG_clean,EPOPEG_clean,5.47224,4.77054,5.47224,0.955888,1699.64,1778.08,0.0,0.0,0.613,0.641289,0.0,0,0.014613197,3.029876421,2.9675855286492645
EPOTAF_clean,EPOTAF_clean,7.63453,6.61136,7.601,0.575241,2982.7,5185.13,0.0,0.0,0.779,1.35421,0.0,1,0.014263893,3.755448945,3.8696928310070535
EQERAU_clean,EQERAU_clean,8.66462,5.10134,8.65703,0.830188,1832.92,2207.84,0.0,0.0,0.646,0.778137,0.0,1,0.017605323,3.908413859,3.611544877377952
EQUBIC_clean,EQUBIC_clean,4.62524,4.02529,4.62419,2.01313,877.337,435.807,0.0,0.0,0.4672,0.232076,9.93e-05,0,0.009128397,1.399476158,1.369839145716419
EQUNEL_clean,EQUNEL_clean,11.53586,5.50716,8.36401,1.01632,2227.68,2191.92,0.0,0.0,0.6942,0.683055,0.0,1,0.019957065,4.399313433,3.8926211619602578
EQUNIP_clean,EQUNIP_clean,12.19685,4.3543,12.19496,0.882362,2411.33,2732.81,0.0,0.0,0.7004,0.793779,0.0,1,0.021304512,4.733383452,4.1551379652371985
ERELIX_clean,ERELIX_clean,5.64254,3.51162,5.62378,1.23268,1079.22,875.507,0.0,0.0,0.5468,0.443586,0.0,1,0.01397999,2.147208072,2.2783634515558453
ESEHIV_clean,ESEHIV_clean,5.10587,3.69765,5.10587,1.24278,879.237,707.477,0.0,0.0,0.5044,0.405865,0.0,1,0.021266143,2.314561866,2.4619035998901646
ESEQUO_clean,ESEQUO_clean,5.9241,3.78187,5.9241,1.17049,1289.9,1102.02,0.0,0.0,0.5438,0.464593,0.0,1,0.01231362,2.312598134,2.3027397273398393
ESIFET_clean,ESIFET_clean,8.81259,5.05152,8.81259,1.42533,1454.27,1020.3,0.0,0.0,0.5856,0.410852,0.0,0,0.011773552,2.156206796,2.1006193729304963
ESIGES01_clean,ESIGES01_clean,5.30554,4.43053,5.27741,1.28243,1799.46,1403.16,0.0,0.0,0.6102,0.475814,0.0,0,0.020443258,3.312000777,3.327464948758796
ESURER_clean,ESURER_clean,6.78739,5.78928,6.78739,1.3933,1363.04,978.277,0.0,0.0,0.5382,0.386276,0.0,0,0.014402181,2.355459553,2.3689313029131016
ESUSIW_clean,ESUSIW_clean,6.7467,5.80608,6.7467,1.39203,1364.88,980.494,0.0,0.0,0.5394,0.387491,0.0,1,0.013671324,2.312591729,2.316072015345989
ESUSOC02_clean,ESUSOC02_clean,7.24893,6.31165,7.23441,1.36801,1456.76,1064.88,0.0,0.0,0.538,0.393273,0.0,0,0.013389056,2.511309701,2.4572628593388997
ETEJIX_clean,ETEJIX_clean,6.81796,5.05367,6.81796,1.05868,2313.65,2185.42,0.0,0.0,0.6546,0.61832,0.0,1,0.01287947,2.872008458,2.8946603936074693
ETEJOD01_clean,ETEJOD01_clean,6.6678,4.96877,6.6678,1.10092,2405.28,2184.79,0.0,0.0,0.6552,0.595139,0.0,1,0.013114714,2.966766823,2.9087205285437867
ETEKAQ01_manual,ETEKAQ01_manual,5.81491,4.70834,5.54365,1.17141,2276.97,1943.78,0.0,0.0,0.6496,0.554545,0.0,1,0.009662854,2.168425976,2.2633856246231288
ETEKAQ_clean,ETEKAQ_clean,6.79458,5.19238,6.79458,1.13284,2254.4,1990.05,0.0,0.0,0.6454,0.569721,0.0,1,0.012956963,2.83263396,2.857077797292713
EVEGOB_clean,EVEGOB_clean,6.69286,4.9654,6.69286,1.28252,924.55,720.888,100.648,78.477,0.5186,0.404362,0.0,1,0.010025184,1.810270278,1.7050834758827818
EVEGUH_clean,EVEGUH_clean,6.67679,5.04188,6.67679,1.28811,935.874,726.551,97.6899,75.84,0.5222,0.405402,0.0,1,0.010691847,1.826867458,1.764793028360946
EVIMUT_clean,EVIMUT_clean,5.27695,4.27032,5.27695,0.98944,1543.01,1559.48,0.0,0.0,0.5212,0.526762,0.0,1,0.010174964,2.17988791,2.1606857528938797
EVUQOC_clean,EVUQOC_clean,5.3745,3.92262,5.34265,1.5074,1102.05,731.093,0.0,0.0,0.4832,0.320551,0.0,1,0.019138378,2.185986731,2.203914580342676
EWECOY_clean,EWECOY_clean,6.36107,5.38638,6.36107,1.35369,1897.91,1402.03,0.0,0.0,0.613,0.452836,0.0,1,0.010668262,2.304083467,2.1841529893698572
EWETUW_clean,EWETUW_clean,5.62021,4.24917,5.57976,1.31411,662.316,504.004,418.644,318.576,0.5412,0.411838,0.0,1,0.029442143,2.953572786,2.908321815620011
EWUKIS_clean,EWUKIS_clean,6.09706,5.36823,6.07492,1.05799,2424.88,2291.97,0.0,0.0,0.6762,0.639136,0.0,1,0.017100723,3.415458238,3.635447518331471
EXALAR_clean,EXALAR_clean,8.27068,4.14256,8.27068,0.819136,1552.0,1894.68,19.4699,23.7688,0.6382,0.779114,0.0,1,0.008941947,2.346135272,2.2359300085690377
EXIDOF_clean,EXIDOF_clean,5.61373,5.00672,5.60841,1.03591,1864.27,1799.64,0.0,0.0,0.6158,0.594451,0.0,0,0.020420331,3.566963122,3.581464178346722
EXOTUH_SL,EXOTUH_SL,6.05951,4.4083,6.05951,0.950557,1966.63,2068.92,0.0,0.0,0.6264,0.658982,0.0,0,0.017936359,3.436670489,3.481113757670295
EXOZIB_clean,EXOZIB_clean,8.81916,5.67239,8.81916,0.860889,2066.43,2400.34,0.0,0.0,0.7104,0.825193,0.0,1,0.01006216,2.583571428,2.4537822232505966
EZABEN_clean,EZABEN_clean,5.22809,3.75233,5.19001,1.80933,1456.46,804.973,0.0,0.0,0.5686,0.314261,0.0,1,0.010410783,1.776725403,1.8156177157272042
EZEQIL_clean,EZEQIL_clean,5.30026,4.78345,5.30026,1.17129,1076.67,919.215,0.0,0.0,0.476,0.406389,0.0,0,0.020933855,2.525012615,2.490260211731707
EZULAO_clean,EZULAO_clean,5.09593,4.42786,5.07986,1.44576,1054.74,729.539,0.0,0.0,0.5038,0.348468,0.0,1,0.01476982,2.110364128,2.098149835287056
FAFDEX_clean,FAFDEX_clean,4.84612,4.0465,4.84612,1.4121,763.799,540.896,0.0,0.0,0.426,0.301679,0.0,1,0.014301852,1.940372039,1.6608421663833777
FAGQAI_clean,FAGQAI_clean,13.61199,8.61498,13.60121,0.481098,2019.32,4197.32,0.0,0.0,0.7864,1.63459,0.0,1,0.011521965,3.202232973,3.193399610469234
FALBAX_manual,FALBAX_manual,16.15249,9.49143,16.1486,0.447193,2181.58,4878.38,0.0,0.0,0.8038,1.79743,0.0,0,0.013677317,3.800968107,3.8078418466229715
FANCIJ_clean,FANCIJ_clean,8.52966,7.16955,8.46063,1.09037,1242.28,1139.32,72.6595,66.6376,0.5784,0.530463,0.0,0,0.014380142,2.879410327,2.726498251144193
FANQER_clean,FANQER_clean,5.21362,4.0339,5.21362,1.50842,1029.25,682.337,0.211472,0.140194,0.5204,0.344996,0.0,1,0.00253054,0.683633328,0.6410182496603161
FAPXEC_clean,FAPXEC_clean,7.23633,7.07944,7.22228,1.10849,1601.62,1444.86,0.0,0.0,0.5964,0.538029,0.0,0,0.017724318,3.659200326,3.556612452765598
FARHIR_ion_b,FARHIR_ion_b,6.8791,5.35126,6.8791,1.62906,838.805,514.901,0.0,0.0,0.3778,0.231913,0.0,1,0.014439232,1.567101385,1.595686539669466
FATVOM_clean,FATVOM_clean,4.53669,4.03212,4.53669,1.59797,796.91,498.701,0.0,0.0,0.4212,0.263584,0.0,1,0.014359224,1.716523627,1.6842036910663318
FAVFUG_clean,FAVFUG_clean,6.83841,4.77149,6.83841,1.02578,1903.53,1855.69,0.0,0.0,0.6082,0.592913,0.0,0,0.016568707,3.162389568,3.215587836143606
FAVGER_clean,FAVGER_clean,5.35311,4.52327,5.34725,1.54964,901.531,581.768,0.0,0.0,0.481,0.310395,0.0,0,0.005823866,1.109049446,1.0596066333300425
FAVGIV_clean,FAVGIV_clean,4.89361,4.27611,4.89361,1.63035,784.518,481.195,0.0,0.0,0.4718,0.289385,0.0,1,0.006032013,1.030460938,1.0590129113726388
FAVHAO_clean,FAVHAO_clean,4.95666,4.40143,4.92219,1.63957,784.566,478.52,0.0,0.0,0.4652,0.283733,0.0,1,0.006260533,1.054432549,1.050413262378554
FAZZEM_clean,FAZZEM_clean,5.74693,4.41081,5.68235,2.16525,873.054,403.211,0.0,0.0,0.4638,0.214201,0.0,1,0.002812722,0.65035642,0.5530286076137425
FEBPUY_clean,FEBPUY_clean,5.08924,4.38524,5.07804,1.23823,1158.3,935.44,0.0,0.0,0.5392,0.435459,0.0,1,0.01685293,2.405314501,2.4628036075828605
FEHCIG_manual,FEHCIG_manual,7.75569,7.04294,7.74271,0.956692,1636.76,1710.86,0.0,0.0,0.6308,0.659355,0.0,0,0.01296546,3.063082073,2.9069139889179305
FEJDII01_clean,FEJDII01_clean,5.11637,4.26776,5.11637,1.65956,1220.45,735.403,0.0,0.0,0.5874,0.353949,0.0,0,0.015771274,2.205457324,2.247288076828037
FEWWOV_clean,FEWWOV_clean,6.50134,3.77167,6.50134,0.923858,1579.47,1709.64,0.0,0.0,0.5876,0.636029,0.0,0,0.024822384,3.951622864,4.110561113307151
FEXCES_clean,FEXCES_clean,6.14892,5.48137,6.14892,1.01825,1528.57,1501.17,0.0,0.0,0.5802,0.569801,0.0,1,0.023575994,3.650711457,3.5781704693774277
FEZTIP_clean,FEZTIP_clean,5.60935,4.76331,5.55768,1.11089,1381.78,1243.85,0.0,0.0,0.563,0.5068,0.0,1,0.016773045,2.715871172,2.7288691073916613
FIDRIV_clean,FIDRIV_clean,15.99327,15.90265,15.99327,0.698397,1517.46,2172.77,0.0,0.0,0.7102,1.0169,0.0,1,0.007466475,2.031047952,2.0636553708518575
FIFMOX_clean,FIFMOX_clean,6.04512,4.24356,6.04078,0.977861,1901.41,1944.46,0.0,0.0,0.5916,0.604994,0.0,1,0.011790565,2.7588891,2.584777755585513
FIFMOY_clean,FIFMOY_clean,4.8407,4.42587,4.8407,1.29544,593.069,457.813,123.778,95.5491,0.468,0.361267,0.0,1,0.017576631,2.261939096,2.026006034149836
FIFNUE01_clean,FIFNUE01_clean,4.79076,3.93215,4.75885,1.01704,1531.07,1505.43,0.0,0.0,0.567,0.557502,0.0,1,0.009682474,2.333161272,2.1933789823737917
FIFNUE_clean,FIFNUE_clean,4.8017,3.95118,4.74576,1.02025,1565.01,1533.95,0.0,0.0,0.5802,0.568687,0.0,1,0.009968116,2.372390376,2.297398545152634
FIHFAF_clean,FIHFAF_clean,6.24558,4.36754,6.24558,1.21214,1512.33,1247.65,0.0,0.0,0.5622,0.463807,0.0,1,0.014908902,2.546708673,2.648393337531749
FIJCUX01_clean,FIJCUX01_clean,7.34002,6.13056,7.33722,1.22326,1581.46,1292.83,0.0,0.0,0.608,0.497033,0.0,1,0.012862491,2.774217172,2.671832177323298
FIJDIM05_clean,FIJDIM05_clean,5.94737,5.16221,5.94737,1.2314,1299.48,1055.29,0.0,0.0,0.534,0.433654,0.0,1,0.017054307,2.604049505,2.536737671006371
FIJDIM08_clean,FIJDIM08_clean,6.03525,5.21694,6.03525,1.22274,1324.94,1083.58,0.0,0.0,0.5378,0.43983,0.0,1,0.017103621,2.622466298,2.611181642588836
FIJDIM09_clean,FIJDIM09_clean,6.04424,5.23566,6.03957,1.22037,1336.43,1095.1,0.0,0.0,0.5392,0.441833,0.0,1,0.016709107,2.644291418,2.5983645085670126
FIJDIM11_clean,FIJDIM11_clean,5.83014,5.0814,5.83014,1.23386,1262.75,1023.41,0.0,0.0,0.5344,0.433111,0.0,1,0.016776738,2.521579016,2.4626953974988974
FIMNIA_clean,FIMNIA_clean,8.67616,3.56541,8.61027,1.50156,1522.94,1014.24,0.0,0.0,0.6126,0.407975,0.0,1,0.003766818,0.995213964,1.048680953449106
FIPXAF_clean,FIPXAF_clean,4.65881,3.97386,4.65881,1.34738,766.026,568.53,0.0,0.0,0.4744,0.35209,0.0,0,0.034118663,2.778779697,2.66159825174164
FIRNAX_clean,FIRNAX_clean,6.70534,6.02432,6.70378,0.728308,2391.07,3283.04,0.0,0.0,0.6994,0.960308,0.0,1,0.015075199,3.839275801,3.799485290886264
FITGEW_clean,FITGEW_clean,9.86717,4.17287,8.68985,1.08823,1175.78,1080.45,0.0,0.0,0.5382,0.494564,0.0,1,0.006076704,1.345660209,1.41746056149662
FOKYIP_clean,FOKYIP_clean,5.79638,3.84056,5.66635,1.22762,1981.83,1614.37,0.0,0.0,0.5912,0.481583,0.0,1,0.019322472,3.177326442,3.286119771479231
FOLLEZ_clean,FOLLEZ_clean,4.11323,3.75301,4.10779,1.67795,655.16,390.454,0.0,0.0,0.4424,0.263656,0.0,1,0.028443449,2.474613985,2.4227949848699937
FONQIJ_clean,FONQIJ_clean,4.70842,3.66843,4.69527,1.05376,821.167,779.27,0.0,0.0,0.51,0.483979,0.0,1,0.015809554,2.491988981,2.470218954472295
FOWTOC_clean,FOWTOC_clean,5.29743,3.61946,5.29013,1.16444,1132.68,972.722,0.0,0.0,0.4982,0.427845,0.0,0,0.012813067,2.079671477,2.1502870684017608
FUBDIQ_clean,FUBDIQ_clean,8.11684,7.23133,8.11684,1.24691,2021.29,1621.04,0.0,0.0,0.6644,0.532838,0.0,0,0.009203314,2.157486482,2.1287354297309338
FUNGAY_clean,FUNGAY_clean,5.61963,3.40645,5.61963,1.09956,890.548,809.916,0.30381,0.276303,0.5202,0.4731,0.0,1,0.011129313,1.997009893,2.0929414360190126
FURRAM_clean,FURRAM_clean,10.403,9.40744,10.403,1.04916,1635.25,1558.63,0.0,0.0,0.6366,0.606772,0.0,1,0.005055043,1.28842967,1.408821944531511
FURREQ_clean,FURREQ_clean,10.33776,9.35961,10.33776,1.05489,1621.43,1537.05,0.0,0.0,0.6312,0.598353,0.0,1,0.004990844,1.30458631,1.4173553250783966
FURSES_clean,FURSES_clean,5.13622,4.08548,4.9972,1.59979,1236.67,773.017,0.0,0.0,0.4932,0.30829,0.0,1,0.012082499,1.921009393,1.91173288696291
FUTCAZ_clean,FUTCAZ_clean,6.78768,5.03504,6.78768,0.817663,2795.18,3418.5,0.0,0.0,0.708,0.865883,0.0,1,0.008999608,2.453682219,2.368491293725612
FUTKEL_manual,FUTKEL_manual,6.71846,5.39444,6.71589,0.983709,1614.06,1640.79,0.0,0.0,0.5708,0.580253,0.0,1,0.013300988,2.425339949,2.6663932195090445
FUTYUQ_clean,FUTYUQ_clean,7.46662,4.79581,7.42523,1.0101,2335.64,2312.29,0.0,0.0,0.6514,0.644887,0.0,1,0.019496594,4.078568183,3.910452216645554
FUTZEB_clean,FUTZEB_clean,5.24587,4.08263,5.23555,1.0782,1939.66,1798.98,0.0,0.0,0.611,0.566685,0.0,1,0.024483556,4.184165848,4.083527452728162
FUVBAB_clean,FUVBAB_clean,5.41797,4.41204,5.39267,1.02127,2112.61,2068.61,0.0,0.0,0.6324,0.619229,0.0,1,0.021473518,4.239469654,3.942137353386215
FUVDEH06_clean,FUVDEH06_clean,6.60161,5.99656,6.60161,1.76662,404.855,229.169,0.0,0.0,0.3004,0.170042,0.0,1,0.002359701,0.420146826,0.4512767558801687
FUXCOS_clean,FUXCOS_clean,4.8198,4.16045,4.8198,1.4521,612.494,421.799,0.0,0.0,0.4284,0.295021,0.0,0,0.010406621,1.261626906,1.2825190595310396
FUYCEJ_clean,FUYCEJ_clean,4.90132,3.779,4.87424,0.834486,2400.21,2876.28,0.217355,0.260466,0.6646,0.796418,0.0,0,0.028313329,5.097820926,5.430364949443555
FUYKER_clean,FUYKER_clean,6.42799,4.66248,6.41167,1.2058,1179.26,977.987,0.0,0.0,0.5038,0.417814,0.0,1,0.01669464,2.617149872,2.4168482075999647
GACPUX_clean,GACPUX_clean,5.9525,3.77259,5.85811,1.02185,1638.86,1603.82,0.0,0.0,0.614,0.600871,0.0,1,0.016906708,3.110320256,3.194686922829948
GAGZEV_clean,GAGZEV_clean,28.66522,11.53771,28.66522,0.279149,1594.77,5712.98,0.0,0.0,0.8816,3.15817,0.0,1,0.01608142,4.366230647,4.480732663020955
GAHWIX_clean,GAHWIX_clean,10.08038,7.17794,10.08038,0.589363,2617.83,4441.79,0.0,0.0,0.7728,1.31125,0.0,1,0.015227388,3.978254274,3.857835796553476
GAJYUN_clean,GAJYUN_clean,4.85568,4.28663,4.65881,1.5312,1091.56,712.879,0.0,0.0,0.5342,0.348877,0.0,1,0.004960597,1.046689486,1.033501167045729
GALJAG_clean,GALJAG_clean,7.13587,6.98688,7.13339,0.8258,2198.4,2662.15,0.0,0.0,0.6726,0.814482,0.0,0,0.018254162,3.976138559,4.071835596222093
GAMXAV_clean,GAMXAV_clean,12.82817,4.31562,12.82817,0.868866,1783.25,2052.39,0.0,0.0,0.6754,0.777335,0.0,1,0.015336981,3.094798049,3.108430134989986
GAPNOD_clean,GAPNOD_clean,6.6565,4.84778,6.65444,1.74449,1900.25,1089.29,0.0,0.0,0.644,0.369162,0.0,1,0.006325781,1.484938218,1.3775249134411063
GARMAQ_clean,GARMAQ_clean,5.4678,4.29561,5.44556,1.2061,1479.57,1226.74,0.0,0.0,0.5666,0.469779,0.0,1,0.02273711,3.221674449,3.294341027798625
GARTEB_clean,GARTEB_clean,4.30272,3.79858,4.29463,1.63832,1104.37,674.089,0.0,0.0,0.4846,0.295792,0.0,1,0.013131439,1.953349588,2.1011651868001553
GARTIF_clean,GARTIF_clean,4.43647,3.87557,4.43647,1.65372,1132.95,685.091,0.0,0.0,0.471,0.284812,0.0,1,0.015468493,2.135261337,2.1643982818936442
GASSUR_clean,GASSUR_clean,7.13166,6.36797,7.11779,1.0643,1692.45,1590.2,0.0,0.0,0.616,0.578785,0.0,1,0.018797438,3.681057766,3.143915062476124
GAYGAQ_clean_h,GAYGAQ_clean_h,5.42545,4.61164,5.42545,1.32331,1222.55,923.858,0.0,0.0,0.5596,0.42288,0.0,1,0.022423068,2.753479734,2.726504965837787
GAZLAW_clean,GAZLAW_clean,5.89078,3.42545,5.89078,1.13599,1083.97,954.205,0.0,0.0,0.5156,0.453877,0.0,0,0.011932126,2.164752681,2.190518412431677
GEDQIR_clean,GEDQIR_clean,6.54643,4.98654,6.54643,1.05474,2262.59,2145.17,0.0,0.0,0.6334,0.600529,0.0,1,0.015825663,3.192435358,3.2776764192023173
GEDSUF_clean,GEDSUF_clean,6.8646,4.02613,6.8646,1.20789,1460.83,1209.4,0.0,0.0,0.5606,0.464115,0.0,1,0.021322384,2.86330426,3.165715764961398
GEGGIK01_clean,GEGGIK01_clean,4.44976,3.51616,4.44506,1.53378,754.006,491.601,0.0,0.0,0.45,0.293393,0.0,1,0.029665705,2.442468607,2.5449906518474528
GEGGIK_clean,GEGGIK_clean,4.4635,3.52722,4.4561,1.51854,764.891,503.702,0.0,0.0,0.4512,0.297128,0.0,1,0.029544953,2.441989625,2.5410826076292476
GEGGUW_clean,GEGGUW_clean,4.63719,3.51738,4.44195,1.53214,779.383,508.688,0.0,0.0,0.4588,0.29945,0.0,1,0.030794688,2.453104691,2.5990604514004327
GESNOI_clean,GESNOI_clean,6.41874,3.48818,6.41739,1.68473,668.393,396.736,0.0,0.0,0.4826,0.286455,0.0,1,0.008537664,1.440698133,1.2037484107444862
GEWXAJ_clean,GEWXAJ_clean,4.82967,4.48576,4.82967,1.6967,607.999,358.342,0.0,0.0,0.4016,0.236695,0.0,1,0.011853815,1.162466232,1.3043231229119392
GEZRAG_clean,GEZRAG_clean,7.97174,5.12774,7.97032,1.15353,2068.35,1793.06,0.0,0.0,0.6172,0.535054,0.0,1,0.007760313,1.994931907,1.9623173357119899
GINLIA_clean,GINLIA_clean,6.39385,4.60431,6.39349,0.877136,2189.88,2496.63,0.0,0.0,0.6554,0.747205,0.0,1,0.023878189,4.319171722,4.598212005610675
GIQXEK_clean,GIQXEK_clean,5.02308,3.9389,5.02308,1.70666,1611.03,943.967,0.0,0.0,0.591,0.34629,0.0,1,0.008079407,1.727169229,1.6422073116849223
GIQXUA_clean,GIQXUA_clean,4.89316,3.86869,4.89316,1.79298,1637.93,913.522,0.0,0.0,0.5838,0.325603,0.0,1,0.008929641,1.842437358,1.7737751415095013
GIRDUI_clean,GIRDUI_clean,4.42025,3.76528,4.4179,1.33231,513.764,385.618,0.0,0.0,0.4442,0.333405,0.0,1,0.008877827,1.386564133,1.3516272680347723
GISZUF_clean,GISZUF_clean,5.98913,5.07662,5.983,1.31215,1025.01,781.164,0.0,0.0,0.5226,0.398277,0.0,1,0.009953091,1.820034873,1.6727626121090051
GITVEL01_clean,GITVEL01_clean,15.27666,13.37931,15.27666,0.777112,1815.11,2335.71,0.0,0.0,0.723,0.930368,0.0,0,0.009448101,2.285448318,2.4337302023908873
GIWCIZ_ion_b,GIWCIZ_ion_b,5.12494,3.68789,4.86231,1.25758,738.946,587.595,101.966,81.0816,0.492,0.391229,0.0,1,0.015123747,2.022921637,2.1111938954654317
GIWCOF_ion_b,GIWCOF_ion_b,6.18603,4.18536,6.1755,1.09485,1872.24,1710.03,0.0,0.0,0.5864,0.535596,0.0,1,0.013402698,2.723551538,2.664736581595429
GIXNAE_clean,GIXNAE_clean,7.22845,6.88703,7.22003,0.852646,2024.04,2373.83,0.0,0.0,0.6572,0.770777,0.0,0,0.011751234,2.944212855,2.9246669069372873
GIYSEN_clean,GIYSEN_clean,5.42608,5.04414,5.4195,1.45199,958.497,660.129,0.0,0.0,0.4968,0.342152,0.0,0,0.011051848,1.463571204,1.6925645649659449
GIYSIR_clean,GIYSIR_clean,5.35034,4.96809,5.33586,1.46578,931.664,635.609,0.0,0.0,0.4966,0.338795,0.0,0,0.011171716,1.456097422,1.6782486316226708
GOBSUM_clean,GOBSUM_clean,5.27749,3.98975,5.17779,1.10089,1767.3,1605.34,0.0,0.0,0.5602,0.508863,0.0,1,0.016326568,2.877649285,2.9632190750004486
GOGSIF_clean,GOGSIF_clean,8.22407,5.82511,8.22407,0.843093,1913.32,2269.41,1.31012,1.55395,0.6484,0.769073,0.0,1,0.009740098,2.239270945,2.3921736003675016
GOQSIQ_clean,GOQSIQ_clean,8.1775,6.04263,8.04141,1.00533,1638.23,1629.55,0.0,0.0,0.6412,0.637802,0.0,0,0.016084299,2.614710356,3.219755323728617
GOSBOH_clean,GOSBOH_clean,10.37122,8.95436,10.37122,0.787001,1611.54,2047.69,0.0,0.0,0.6654,0.845489,0.0,1,0.008218853,2.085164397,2.1669658182143814
GOZNEQ_clean,GOZNEQ_clean,6.09971,4.27883,6.09943,0.947205,2272.9,2399.59,0.0,0.0,0.644,0.679895,0.0,1,0.009538512,2.377029308,2.377593310915759
GUBKUL_clean,GUBKUL_clean,8.78437,8.58193,8.78437,1.65394,1300.1,786.066,0.0,0.0,0.597,0.360957,0.0,1,0.007383961,1.49191312,1.5181195118712505
GUCJAQ_clean,GUCJAQ_clean,5.76197,4.68972,5.75144,1.29019,1221.31,946.616,0.0,0.0,0.4888,0.37886,0.0,0,0.015749721,2.059990935,2.264648805130132
GUDJOG_clean,GUDJOG_clean,7.68451,4.9879,7.6811,1.00363,1922.96,1916.01,0.0,0.0,0.6122,0.609987,0.0,1,0.015120271,3.10995899,3.1164093144652982
GUFXEM_clean,GUFXEM_clean,6.06791,4.72083,6.0579,1.2094,1573.94,1301.42,0.0,0.0,0.5582,0.461552,0.0,1,0.016733107,2.867590082,2.824051550009829
GUGNON_clean,GUGNON_clean,5.28957,4.33779,5.28957,0.956875,1608.61,1681.11,0.0,0.0,0.5938,0.620562,0.0,1,0.017231318,3.15247965,3.164873112991835
GULVUF_clean,GULVUF_clean,16.10036,15.32514,16.09835,0.674334,1617.68,2398.93,0.0,0.0,0.7312,1.08433,0.0,0,0.011834317,2.747799054,2.9628093627691583
GUNFAW01_neutral,GUNFAW01_neutral,9.61074,7.33598,9.61074,0.662989,2371.82,3577.46,0.0,0.0,0.7958,1.20032,0.0,0,0.00643967,1.838486045,1.9722423051457447
GUNZIA_clean,GUNZIA_clean,5.83475,4.30482,5.82509,1.2153,836.856,688.601,251.586,207.016,0.5296,0.435778,0.0,0,0.019212539,2.586111405,2.489844134859474
GUQWOG_clean,GUQWOG_clean,7.33297,4.64507,7.06229,0.957966,1896.24,1979.44,0.0,0.0,0.6126,0.63948,0.0,0,0.016018189,3.32896196,3.2608937910144133
GURPIT_clean,GURPIT_clean,9.17432,7.72525,9.0966,0.709696,2365.23,3332.74,0.0,0.0,0.7732,1.08948,0.0,0,0.006594713,1.875222642,1.9431409815353697
GUXSEY_clean,GUXSEY_clean,6.24254,3.72061,6.24254,1.49869,1194.16,796.807,0.0,0.0,0.5316,0.354711,0.0,0,0.025080251,3.271184259,2.7425849053280142
GUXZIJ_clean,GUXZIJ_clean,5.81008,4.95296,5.55484,2.37336,1506.6,634.795,0.0,0.0,0.5624,0.236964,0.0,1,0.009064098,1.563981758,1.5133164800786538
HAFWIW_clean,HAFWIW_clean,5.35067,4.98225,5.35067,1.31519,1804.28,1371.88,0.0,0.0,0.6304,0.479324,0.0,1,0.00797474,1.66412921,1.7682235009996912
HAKSEU_clean,HAKSEU_clean,8.08706,3.61748,7.36025,1.26635,1637.77,1293.3,0.0,0.0,0.6148,0.485489,0.0,1,0.020721714,3.639377059,3.4392032528690515
HALVAU_clean,HALVAU_clean,7.2529,4.09487,7.24788,1.02599,1723.2,1679.54,0.0,0.0,0.6096,0.594156,0.0,1,0.01355329,2.824775421,2.7687926181792974
HAMJOW_clean,HAMJOW_clean,5.97637,5.66826,5.96867,0.916107,2203.56,2405.35,0.0,0.0,0.6442,0.703193,0.0,1,0.023608089,4.586655236,4.442016869535699
HAPNUK_clean,HAPNUK_clean,5.80307,3.70444,5.7954,1.49676,1370.95,915.947,0.0,0.0,0.5352,0.357572,0.0,1,0.007794979,1.56662227,1.580520234525487
HAPVEB_clean,HAPVEB_clean,4.76596,4.34263,4.75951,2.7741,1216.03,438.349,0.0,0.0,0.4794,0.172813,0.0,1,0.005917867,0.97630625,1.0595805119175192
HAWWIN_clean,HAWWIN_clean,6.94632,6.00048,6.94632,1.03663,2578.05,2486.94,0.0,0.0,0.6936,0.669088,0.0,1,0.010477944,2.478052193,2.5445280217508626
HAZSIL_clean,HAZSIL_clean,7.68408,4.67009,7.68408,1.19851,1999.16,1668.03,0.0,0.0,0.6332,0.528321,0.0,1,0.009429457,2.308697807,2.2028415670574613
HAZWIP_clean,HAZWIP_clean,6.08536,5.42004,6.08536,0.76282,3171.25,4157.27,0.0,0.0,0.7336,0.961695,0.0,1,0.011627219,3.139803718,3.0498016511644326
HEGCEB_clean,HEGCEB_clean,5.1693,4.46656,5.1693,1.06371,1875.59,1763.26,0.0,0.0,0.6372,0.599038,0.0,1,0.004822607,1.227840981,1.26155528089457
HEGJUZ_clean,HEGJUZ_clean,6.22529,4.73915,6.22421,1.09032,1314.16,1205.3,0.0,0.0,0.551,0.505357,0.0,1,0.019663671,2.727995242,2.900195436133716
HEGNAJ_clean,HEGNAJ_clean,6.01939,4.81592,6.01939,1.89872,712.25,375.122,0.0,0.0,0.4102,0.216041,0.0,0,0.005480227,0.787161752,0.8731834268208167
HEGNOX_clean,HEGNOX_clean,6.0763,4.7602,6.0763,1.95362,711.305,364.096,0.0,0.0,0.416,0.212938,0.0,0,0.007013857,0.89147114,1.0159103062754342
HEMTEZ_clean,HEMTEZ_clean,6.9282,3.87493,6.90819,1.74491,1526.38,874.763,0.0,0.0,0.561,0.321507,0.0,1,0.006227418,1.39589355,1.3152448645256207
HEZPIL01_clean,HEZPIL01_clean,4.55228,3.8726,4.49338,1.6515,1184.67,717.327,0.0,0.0,0.5308,0.321405,0.0,1,0.011767696,2.395848898,2.030279098763439
HGCNCO_clean,HGCNCO_clean,5.31956,3.48582,5.3054,1.56034,1406.04,901.106,0.0,0.0,0.6028,0.386325,0.0,1,0.005470293,1.237355068,1.2533531353222258
HICVUM_clean,HICVUM_clean,5.70734,4.18424,5.69729,1.38731,1533.97,1105.72,0.0,0.0,0.5594,0.403228,0.0,1,0.021108239,2.838160769,2.9678761975323504
HICZAW_clean,HICZAW_clean,4.79099,4.0094,4.67667,1.66988,586.788,351.395,42.4437,25.4172,0.4496,0.26924,0.0,0,0.019037311,1.812052971,1.8365811787868993
HIFGEK_clean,HIFGEK_clean,6.30554,5.14447,6.30011,1.31758,1695.15,1286.57,0.0,0.0,0.5682,0.431246,0.0,1,0.008187767,1.662783,1.756206872584668
HIFTOG01_clean,HIFTOG01_clean,15.08334,7.94194,15.08334,0.584242,2219.37,3798.71,0.0,0.0,0.8024,1.3734,0.0,0,0.00985415,2.786634685,2.8171653882325036
HIFTOG_clean,HIFTOG_clean,7.95891,4.14066,7.95891,1.16582,1897.92,1627.97,0.0,0.0,0.6126,0.525468,0.0,0,0.018084882,3.108826473,3.3018628810811075
HIFTUM_clean,HIFTUM_clean,6.30533,4.49793,6.29978,1.16773,1014.53,868.802,0.0,0.0,0.5164,0.442225,0.0,1,0.004441837,0.953708868,1.0321787041714905
HIHGUC_clean,HIHGUC_clean,8.04408,6.54623,8.01999,0.696864,2211.4,3173.36,0.0,0.0,0.7326,1.05128,0.0,0,0.013267916,3.351463437,3.3481709069787753
HIJSOK_clean,HIJSOK_clean,4.65728,3.47175,4.65433,1.22153,961.191,786.878,69.3358,56.7617,0.5406,0.442561,0.0,1,0.010642112,2.014944111,2.04105863365273
HOBGIP_clean,HOBGIP_clean,4.56618,4.05009,4.56618,1.4926,751.203,503.284,0.0,0.0,0.4242,0.284201,0.0,0,0.016652747,1.752613922,1.7550006837388494
HOBGOV_clean,HOBGOV_clean,4.53296,4.00605,4.52467,1.46371,719.363,491.465,0.0,0.0,0.4314,0.29473,0.0,0,0.0167981,1.899312466,1.8405332951740765
HOCDOU_clean,HOCDOU_clean,5.08767,3.82439,5.07588,1.48605,1252.4,842.773,0.0,0.0,0.5402,0.363514,0.0,1,0.007875306,1.534969411,1.5417097916835871
HOGJIX_clean,HOGJIX_clean,10.87652,5.94063,10.87549,0.784217,2419.27,3084.95,0.0,0.0,0.7452,0.950247,0.0,1,0.014818197,3.714338144,3.6597399838865687
HOHMEX_manual,HOHMEX_manual,18.78417,14.89456,18.78417,0.315898,1578.36,4996.42,0.0,0.0,0.8756,2.77178,0.0,0,0.013131397,3.789537618,3.7818329872408114
HOMRIL_clean,HOMRIL_clean,8.32537,4.10495,8.32349,0.82756,1557.76,1882.35,17.9805,21.7271,0.651,0.78665,0.0,1,0.008907867,2.308242165,2.26082035242682
HOQMIL01_clean,HOQMIL01_clean,5.56977,4.83187,5.56337,1.16042,1122.88,967.652,0.0,0.0,0.4848,0.417781,0.0,0,0.020756871,2.554679519,2.5750488224560137
HOQMIL_clean,HOQMIL_clean,5.74994,5.00317,5.74994,1.13423,1163.97,1026.22,0.0,0.0,0.491,0.432891,0.0,0,0.020786368,2.668150078,2.6690898922005464
HOQMUX_clean,HOQMUX_clean,4.86191,4.39042,4.86191,1.23808,888.924,717.986,0.0,0.0,0.4546,0.367182,0.0,0,0.019868265,2.165088477,2.2257508744890595
HOQNEI_clean,HOQNEI_clean,5.27742,4.83558,5.27742,1.18109,1071.17,906.928,0.0,0.0,0.4762,0.403186,0.0,0,0.020906201,2.470838991,2.4790306291353748
HOWPUF_clean,HOWPUF_clean,7.93406,5.48339,7.91016,0.971712,2041.64,2101.08,0.0,0.0,0.6486,0.667482,0.0,1,0.012914337,3.066608068,2.951727607702347
HOWSIX_clean,HOWSIX_clean,7.29706,4.00765,6.07294,1.2292,1638.5,1332.99,0.0,0.0,0.575,0.467785,0.0,1,0.019030295,3.040292499,3.1221546977616903
HOYRIY_clean,HOYRIY_clean,6.33252,5.73011,6.33252,1.22757,1418.96,1155.91,0.0,0.0,0.5282,0.430281,0.0,1,0.016225429,3.023412293,2.6218833607974745
HOZBUV_clean,HOZBUV_clean,7.91812,7.59324,7.91812,1.47122,1126.87,765.945,0.0,0.0,0.5294,0.359837,0.0,1,0.00400985,1.004925241,1.0106931805676442
HUCXOU_clean,HUCXOU_clean,6.73345,3.74488,6.72117,1.28647,1439.37,1118.85,0.0,0.0,0.5556,0.43188,0.0,0,0.012290275,2.305392196,2.3314964455433413
HUCXUA_clean,HUCXUA_clean,6.72319,3.76747,6.7027,1.29306,1441.14,1114.52,0.0,0.0,0.5554,0.429523,0.0,0,0.012080923,2.306809146,2.252164162478156
HUFHEX_clean,HUFHEX_clean,11.02675,7.87011,11.02675,0.803859,2205.78,2743.99,0.0,0.0,0.7232,0.89966,0.0,1,0.007401817,2.059254937,2.0924455619392175
HUHNIJ_clean,HUHNIJ_clean,6.23729,5.3405,6.23046,1.03071,1170.03,1135.17,0.0,0.0,0.5464,0.530122,0.0,1,0.007904314,1.638961037,1.7173788436517599
HUJGEA_clean,HUJGEA_clean,12.53944,4.7914,12.4029,0.822662,2143.27,2605.28,0.0,0.0,0.7056,0.857703,0.0,1,0.02053782,4.09707725,3.822988679769736
HULTEP_clean,HULTEP_clean,7.49376,5.16023,7.49376,0.72122,2310.7,3203.88,0.0,0.0,0.6912,0.958376,0.0,0,0.018100088,4.344288736,4.190603092684702
HUPQIU_clean,HUPQIU_clean,11.12952,5.24741,11.12952,1.02735,1615.52,1572.51,0.0,0.0,0.5816,0.566115,0.0,1,0.007723768,1.839022582,1.8717236005787135
HUQHAE_clean,HUQHAE_clean,10.11008,7.63969,10.07674,0.70182,1853.59,2641.12,0.0,0.0,0.6866,0.978314,0.0,1,0.013893733,3.363731983,3.363047550634543
HUQHEI_clean,HUQHEI_clean,10.39855,7.33583,10.39855,0.70723,1815.66,2567.28,0.0,0.0,0.6916,0.9779,0.0,1,0.013452696,3.297390807,3.2123553159527525
HUQHIM_clean,HUQHIM_clean,10.2269,8.71112,10.19864,0.711062,1763.31,2479.82,0.0,0.0,0.6842,0.962223,0.0,1,0.013426102,3.413679801,3.186101403711833
HURGAE_clean,HURGAE_clean,5.60961,3.61361,5.60331,1.138,1484.11,1304.14,0.0,0.0,0.5708,0.501583,0.0,1,0.030400455,3.417045902,3.840083972982594
HURGUX_clean,HURGUX_clean,4.97475,3.84254,4.97057,1.32525,657.853,496.398,0.0,0.0,0.4546,0.343029,0.0,1,0.019145233,1.909628317,1.9076959398976976
HUYKIV_clean,HUYKIV_clean,13.89985,13.68041,13.89985,0.580343,1228.9,2117.55,17.6299,30.3783,0.7586,1.30716,0.0,1,0.009374915,2.052073474,2.3443813071674553
HUZXUX_clean,HUZXUX_clean,9.29118,6.23555,9.29118,0.722566,1940.52,2685.59,0.0,0.0,0.6812,0.942751,0.0,1,0.014137038,3.139985376,3.395593845166414
IBABUL_clean,IBABUL_clean,6.15206,4.47904,5.79334,1.09763,1721.78,1568.64,0.0,0.0,0.559,0.50928,0.0,0,0.018168769,3.023347276,3.029285088843272
IBEYOE_clean,IBEYOE_clean,6.06432,4.11134,6.06432,2.34842,1354.27,576.674,0.0,0.0,0.5366,0.228494,0.0,1,0.00387128,0.919174974,0.8495478432187702
IBOTIC_clean,IBOTIC_clean,6.31717,4.2524,6.31717,0.893807,2347.07,2625.93,0.0,0.0,0.6358,0.711339,0.0,0,0.017897775,3.864321384,3.964487074526363
IBUBIT_clean,IBUBIT_clean,11.26336,10.79912,11.26336,0.878987,1904.31,2166.48,0.0,0.0,0.7036,0.800467,0.0,1,0.007866754,1.999060153,2.0980769366808936
ic050064gsi20050115_040515_clean,ic050064gsi20050115_040515_clean,7.09944,5.34059,6.92965,0.893388,2231.12,2497.37,0.0,0.0,0.6764,0.757118,0.0,1,0.016155877,3.475599615,3.5267822943961864
ic060771psi20060614_113937_clean,ic060771psi20060614_113937_clean,5.26056,3.44551,5.26056,1.3794,1193.29,865.074,0.0,0.0,0.5622,0.407567,0.0,1,0.013841157,2.289455741,2.227227795060711
ic102347b_si_001_clean,ic102347b_si_001_clean,7.286,6.24859,7.286,0.867522,2138.17,2464.68,0.0,0.0,0.647,0.745803,0.0,1,0.015160388,3.569744634,3.418903941556072
ic300665a_si_002_clean,ic300665a_si_002_clean,6.76851,6.40962,6.75925,1.06856,1310.99,1226.88,0.0,0.0,0.5662,0.529874,0.0,1,0.01303504,2.242210159,2.5008454366196924
ic3019502_si_002_clean,ic3019502_si_002_clean,8.03478,4.99407,8.03478,0.817121,2079.34,2544.72,0.0,0.0,0.6862,0.839778,0.0,1,0.017372551,4.097772943,3.744167812333801
ic402058f_si_002_clean,ic402058f_si_002_clean,5.68988,4.36716,5.68491,1.37492,565.476,411.28,350.976,255.27,0.5054,0.367586,0.0,1,0.02011055,2.133186677,2.1024189336050036
ic402058f_si_003_clean,ic402058f_si_003_clean,5.34889,4.37091,5.2699,1.32744,1070.91,806.748,0.0,0.0,0.5284,0.398059,0.0,1,0.025512025,2.815012344,2.7079940254106374
ic402692p_si_003_clean,ic402692p_si_003_clean,5.22305,3.60975,4.94835,1.24721,1324.38,1061.87,0.0,0.0,0.5356,0.429439,0.0,1,0.025432223,3.46464177,3.1280053886492563
ic402692p_si_005_clean,ic402692p_si_005_clean,8.36657,7.12488,8.36657,1.09017,2068.01,1896.96,0.0,0.0,0.651,0.597155,0.0,1,0.015136324,3.339662447,3.3062349675857283
ic5011133_si_003_clean,ic5011133_si_003_clean,6.22091,5.02145,6.15779,1.0165,1852.81,1822.74,0.0,0.0,0.6262,0.616036,0.0,0,0.015488939,3.210366222,3.129241976125917
ic501801f_si_002_clean,ic501801f_si_002_clean,7.62911,3.95603,7.62911,0.921866,1772.69,1922.93,0.0,0.0,0.5984,0.649118,0.0,1,0.009767769,2.297709082,2.3723349515063044
ic502643m_si_008_clean,ic502643m_si_008_clean,9.64298,8.71131,9.6207,0.809539,2189.42,2704.52,0.0,0.0,0.7184,0.887419,0.0,1,0.017171088,3.674052129,3.6644141745448593
ic502643m_si_010_clean,ic502643m_si_010_clean,12.46942,12.09962,12.4634,0.660845,2360.76,3572.33,0.0,0.0,0.7614,1.15216,0.0,1,0.013893971,3.49557583,3.5507258565221242
ic5b00130_si_002_clean,ic5b00130_si_002_clean,5.93683,5.18128,5.93683,1.3408,561.854,419.044,0.0,0.0,0.4314,0.321748,0.0,0,0.009652482,1.069751837,1.222005824416836
ic800131r-file003_clean,ic800131r-file003_clean,12.9498,9.58722,12.94902,0.417413,1982.69,4749.95,0.0,0.0,0.8202,1.96496,0.0,1,0.011982192,3.463405122,3.479895035585324
ic9002115_si_001_clean,ic9002115_si_001_clean,5.30738,5.07102,5.30738,1.24196,982.107,790.77,0.0,0.0,0.4718,0.379883,0.0,0,0.019260532,2.356361451,2.182439391987395
ICAGOK_clean,ICAGOK_clean,8.74413,5.00268,8.74413,0.838204,1937.33,2311.28,0.0,0.0,0.645,0.769503,0.0,1,0.013161564,3.135259387,3.0438718219693
ICIVAS_clean,ICIVAS_clean,5.79063,4.60472,5.70801,1.33492,507.517,380.187,462.251,346.277,0.4564,0.341894,0.0,1,0.010669997,1.856912704,1.6125823024487373
ICORAV_ion_b,ICORAV_ion_b,4.97918,4.38997,4.82512,1.76091,1048.99,595.709,0.0,0.0,0.479,0.272019,0.0,1,0.003804743,0.797655987,0.8339957268485636
IFEHUY_clean,IFEHUY_clean,11.31643,10.12794,11.31643,1.037,1594.72,1537.82,0.0,0.0,0.6458,0.622755,0.0,1,0.008580733,2.184940346,2.1461692972629143
IGAHAB_clean,IGAHAB_clean,8.07676,5.90613,8.07676,1.09695,1250.92,1140.36,257.39,234.642,0.6018,0.548613,0.0,1,0.019517482,2.494251813,3.1148887320375858
IGIZEF_clean,IGIZEF_clean,4.69926,3.5008,4.58086,1.87274,282.887,151.055,108.889,58.1444,0.4116,0.219785,0.0,1,0.015010755,1.494316841,1.3266809728467883
IGOJEV_clean,IGOJEV_clean,6.84915,5.33678,6.8307,1.1268,1367.78,1213.86,0.0,0.0,0.5334,0.473376,0.0,0,0.01438449,2.703191119,2.5430887211626616
IGUVIR01_clean,IGUVIR01_clean,6.10337,3.92459,6.10337,1.30886,926.034,707.513,0.0,0.0,0.4778,0.365051,0.0,0,0.018482767,2.070119177,2.102402942079012
IHAJIL_clean,IHAJIL_clean,5.45406,4.34442,5.40178,1.56119,1403.37,898.914,0.0,0.0,0.5862,0.375483,0.0,0,0.01746212,2.396061793,2.4557542754087733
IHIMAP01_clean,IHIMAP01_clean,5.07944,3.8505,5.07201,1.90767,927.816,486.36,0.0,0.0,0.4506,0.236204,0.0,1,0.004204653,0.814961398,0.8490189705328657
IHUTIQ_clean,IHUTIQ_clean,4.64256,3.74008,4.5445,1.27422,518.012,406.533,0.0,0.0,0.439,0.344525,0.0,0,0.004718347,0.95089628,0.8958608101014978
IJASOC_clean,IJASOC_clean,6.30976,5.8805,6.27431,1.0194,1983.73,1945.99,0.0,0.0,0.653,0.640576,0.0,1,0.013134074,2.633765966,2.916542352705442
IKEBUV01_clean,IKEBUV01_clean,4.90885,3.89845,4.88149,1.28693,1923.5,1494.65,0.0,0.0,0.6236,0.484565,0.0,1,0.011464566,2.555879806,2.3915844277386293
IKETAU_clean,IKETAU_clean,5.60593,4.335,5.59414,1.55077,1730.4,1115.83,0.0,0.0,0.5626,0.362788,0.0,1,0.010189609,1.898942572,1.966334012008415
IKOVAH_clean,IKOVAH_clean,16.06628,15.68836,16.05839,1.01053,1521.53,1505.68,0.0,0.0,0.6416,0.634917,0.0,1,0.013070374,2.443100829,2.63029760434379
IKUBUL01_clean,IKUBUL01_clean,4.97225,4.13588,4.96966,1.70618,1252.65,734.185,0.0,0.0,0.581,0.340527,0.0,0,0.02574672,2.78896192,2.8081199928470872
ILIMOH_clean,ILIMOH_clean,7.40414,5.70962,7.40414,1.17288,870.384,742.093,0.0,0.0,0.5052,0.430735,0.0,0,0.005337721,1.219077167,1.1648524597375125
INAMUG_clean,INAMUG_clean,5.65697,3.6533,5.65697,1.24473,444.163,356.836,0.0,0.0,0.424,0.340637,0.0,1,0.004484291,0.698254105,0.7065366366617751
IQECIS_clean,IQECIS_clean,8.1309,7.21043,8.08032,0.715898,2174.72,3037.76,0.0,0.0,0.7158,0.999863,0.0,0,0.011204982,3.030987638,2.9651640035294715
IQUCOO_clean,IQUCOO_clean,6.46968,5.45118,6.44712,1.037,1366.21,1317.47,0.0,0.0,0.5412,0.521892,0.0,1,0.018364488,3.005222587,2.855588833735429
IROVES_clean,IROVES_clean,4.99754,4.47196,4.99754,2.88324,1161.14,402.721,0.0,0.0,0.4772,0.165508,0.0,1,0.003733216,0.694395062,0.7506118206860617
ISUCUV_clean,ISUCUV_clean,5.63872,3.87203,5.63872,1.06793,1382.56,1294.62,0.0,0.0,0.5686,0.532434,0.0,1,0.019984858,3.277412488,3.1628622916524955
ITAPAU_clean,ITAPAU_clean,4.795,4.07473,4.77797,1.13588,2690.44,2368.6,0.0,0.0,0.6968,0.613446,0.0,1,0.003281338,0.923809545,1.0163967621725716
ITIWAK_clean,ITIWAK_clean,5.0332,4.12661,5.01239,1.10257,950.216,861.818,65.1005,59.0442,0.5042,0.457294,0.0,0,0.020613683,3.05259357,2.7815288641607534
IVETOT_clean,IVETOT_clean,10.10291,7.15637,9.84044,0.681717,1733.15,2542.34,0.0,0.0,0.6842,1.00364,0.0,1,0.011158295,2.843559769,2.8443682414881413
IVOCON_clean,IVOCON_clean,5.24294,3.86797,5.24294,1.46762,1975.27,1345.9,0.0,0.0,0.64,0.436082,0.0,0,0.020096871,3.519098888,3.4000514009170746
IVOGUX_clean,IVOGUX_clean,5.27459,4.52668,5.27459,1.48634,1223.66,823.275,0.0,0.0,0.5418,0.36452,0.0,1,0.016477484,2.389094897,2.2933995157263576
IWAYEK_clean,IWAYEK_clean,9.36738,4.35185,9.36738,1.20213,1638.24,1362.78,0.0,0.0,0.576,0.479148,0.0,1,0.004997408,1.358138657,1.3530126673762763
IWAYIO_clean,IWAYIO_clean,9.10068,4.24338,9.10068,1.22219,1678.76,1373.57,0.0,0.0,0.5934,0.485524,0.0,1,0.007605763,2.007824415,1.8711572631688385
IWAYUA_clean,IWAYUA_clean,9.10772,4.29795,9.10772,1.27221,1742.4,1369.58,0.0,0.0,0.6022,0.473349,0.0,1,0.005454608,1.500526863,1.448955159283766
IXAKAU_clean,IXAKAU_clean,6.35523,5.9549,6.33797,0.780645,2644.49,3387.58,0.0,0.0,0.7136,0.914116,0.0,1,0.015091144,3.555911256,3.7707498421578833
IXEJOM_clean,IXEJOM_clean,15.02825,14.15107,15.02825,0.818993,2120.95,2589.7,0.0,0.0,0.749,0.914537,0.000244202,1,0.009754127,2.593812408,2.5542716979184945
IXISOZ02_clean,IXISOZ02_clean,4.74076,3.59919,4.72141,1.46415,983.567,671.767,0.0,0.0,0.4992,0.340949,0.0,0,0.015254094,2.261354686,2.1488766713116565
IXOFIL_clean,IXOFIL_clean,7.14051,6.67398,7.10365,1.01557,1692.36,1666.42,0.0,0.0,0.624,0.614435,0.0,0,0.014143388,3.168429012,2.9582255453705164
IXOFOR_clean,IXOFOR_clean,6.58573,6.10481,6.58573,1.02216,1741.26,1703.51,0.0,0.0,0.611,0.597752,0.0,0,0.014678972,3.105399599,2.973709551482134
IYAJID_clean,IYAJID_clean,7.03999,4.83767,7.03999,1.19258,1520.7,1275.13,0.0,0.0,0.565,0.473761,0.0,0,0.018329018,3.127549056,2.912666290832153
IYAJUP_clean,IYAJUP_clean,6.42992,4.57524,6.40815,1.20914,1470.44,1216.1,0.0,0.0,0.515,0.425922,0.0,1,0.018257487,3.000015848,2.760201968782916
IYAKAW_clean,IYAKAW_clean,7.04175,4.93619,7.01576,1.16871,1555.91,1331.31,0.0,0.0,0.5758,0.492679,0.0,0,0.018685659,3.211792814,3.0227034252498672
IYAYUE_clean,IYAYUE_clean,6.14666,4.14311,6.14666,1.13268,1552.87,1370.97,0.0,0.0,0.598,0.527951,0.0,1,0.017454343,3.122830218,3.030520759919518
IYEHAX_clean,IYEHAX_clean,8.64445,5.92674,8.64445,0.762449,2402.32,3150.79,0.0,0.0,0.7046,0.924127,0.0,1,0.016388763,3.677983863,3.8996823520385027
IYOSUM_clean,IYOSUM_clean,6.18145,3.97754,6.17448,0.943184,2480.99,2630.44,0.0,0.0,0.6618,0.701666,0.0,1,0.020234584,4.267384233,4.239114059699717
IZEBAR_clean,IZEBAR_clean,6.51824,4.42782,6.29573,1.10634,2352.12,2126.04,0.0,0.0,0.625,0.564928,0.0,1,0.016584975,3.282891321,3.3803593769778972
IZEBEV_clean,IZEBEV_clean,3.9737,3.59297,3.9737,1.83936,288.006,156.579,0.0,0.0,0.4124,0.224208,0.0,1,0.004138941,0.657060432,0.6842894152666639
IZEQUB_clean,IZEQUB_clean,6.84955,5.26119,6.84595,0.91964,1931.75,2100.55,0.9049,0.983971,0.6246,0.679179,0.0,1,0.023084473,3.757780931,4.009068273111698
IZERAI_clean,IZERAI_clean,21.81992,21.11699,21.81992,0.624269,1355.09,2170.68,0.0,0.0,0.7802,1.24978,0.0,1,0.025179507,4.223282482,4.2442521190390945
IZIHEG_clean,IZIHEG_clean,7.25076,5.4614,7.24597,1.35223,1495.67,1106.08,0.0,0.0,0.5682,0.420196,0.0,1,0.009305352,1.946727694,1.891489618441324
ja0752540-file002_clean,ja0752540-file002_clean,8.14433,7.67619,8.14433,1.22499,2017.42,1646.89,0.0,0.0,0.654,0.533883,0.0,0,0.009190806,2.109059145,2.16887641910164
ja076167asi20070815_063752_clean,ja076167asi20070815_063752_clean,6.41846,5.04294,5.80487,0.848014,2489.2,2935.33,0.0,0.0,0.6344,0.748101,0.0,1,0.0133013,3.141943717,3.2095200786498053
ja302110d_si_001_clean,ja302110d_si_001_clean,8.24333,6.47099,8.10297,0.864634,1943.01,2247.2,0.0,0.0,0.666,0.770268,0.0,1,0.010836039,2.822060562,2.5796306238052886
ja4012707_si_004_clean,ja4012707_si_004_clean,6.17779,4.90836,6.17779,0.978371,2446.9,2500.99,0.0,0.0,0.6772,0.692171,0.0,0,0.013175581,3.15404582,3.048405221733489
ja406030p_si_003_clean,ja406030p_si_003_clean,14.29207,10.12824,14.29207,0.648977,1825.21,2812.44,0.0,0.0,0.775,1.19419,0.0,1,0.017293947,3.071438539,3.9101932757323237
ja406844r_si_002_clean,ja406844r_si_002_clean,11.4181,8.43938,10.92264,0.695103,2221.97,3196.61,0.0,0.0,0.7474,1.07524,0.0,0,0.017283613,3.711574231,3.8574522256403183
ja5063423_si_002_clean,ja5063423_si_002_clean,10.81396,5.19047,10.74347,0.995074,2374.31,2386.06,0.0,0.0,0.7264,0.729996,0.0,1,0.010362158,2.722610869,2.565601571194767
ja507269n_si_002_clean,ja507269n_si_002_clean,27.33946,23.18439,27.33946,0.358752,1494.97,4167.13,0.0,0.0,0.865,2.41113,0.0,1,0.012812322,3.497132846,3.5483823049996923
ja507947d_si_001_auto,ja507947d_si_001_auto,17.5271,9.15991,17.51275,0.493165,2044.36,4145.4,0.0,0.0,0.8062,1.63475,0.000405544,0,0.0085994,3.070393522,2.8473146759366963
ja512311a_si_003_auto,ja512311a_si_003_auto,11.88887,9.00529,11.09267,0.491487,2207.95,4492.38,0.0,0.0,0.8056,1.63911,0.0,0,0.006981026,3.354722004,2.539512998871218
ja512973b_si_003_auto,ja512973b_si_003_auto,21.33814,8.58252,20.92518,0.403686,1883.32,4665.31,0.0,0.0,0.8204,2.03227,0.000495434,0,0.009741624,3.572840988,3.288487497257301
ja5131269_si_002_clean,ja5131269_si_002_clean,10.86981,8.81904,10.86239,0.665683,2359.22,3544.05,0.0,0.0,0.7502,1.12696,0.0,0,0.015874359,3.438303147,3.825187722412113
ja5b02999_si_004_clean,ja5b02999_si_004_clean,14.69185,13.06998,14.68941,0.678878,1913.08,2818.01,0.0,0.0,0.7962,1.17282,0.0,1,0.009803584,2.593513262,2.660428952445148
jacs.6b01345_ja6b01345_si_001_clean,jacs.6b01345_ja6b01345_si_001_clean,20.28746,11.03087,20.28746,0.706861,1313.51,1858.23,15.0052,21.228,0.6976,0.986898,0.0,1,0.030253615,2.89202689,3.661442105207547
jacs.6b02030_ja6b02030_si_003_clean,jacs.6b02030_ja6b02030_si_003_clean,9.33807,8.65245,9.33807,1.33968,1588.12,1185.45,0.0,0.0,0.6278,0.468619,0.0,1,0.012171962,2.747720843,2.668115947127897
jacs.6b09113_ja6b09113_si_002_clean,jacs.6b09113_ja6b09113_si_002_clean,13.34579,11.70118,13.34579,0.574767,1929.82,3357.56,0.0,0.0,0.7742,1.34698,0.000347967,1,0.010480474,2.875074113,2.890918511828593
JAKBOP01_clean,JAKBOP01_clean,5.57699,4.27379,5.57277,0.833702,1977.55,2372.01,0.0,0.0,0.6608,0.792609,0.0,0,0.008045873,2.058220527,2.030042328548141
JASNAT_clean,JASNAT_clean,4.78374,3.98828,4.76573,1.2488,1042.64,834.91,0.0,0.0,0.5318,0.425847,0.0,0,0.024866398,2.954895918,2.891770779456271
j.inoche.2015.03.028_inc05925-mmc2_clean,j.inoche.2015.03.028_inc05925-mmc2_clean,5.98483,4.5721,5.97294,0.945356,2162.97,2287.99,0.0,0.0,0.6338,0.670435,0.0,0,0.0250458,4.57021183,4.495304205042252
JIXWUJ_clean,JIXWUJ_clean,4.9428,3.96901,4.93448,1.63196,890.669,545.765,0.0,0.0,0.469,0.287384,0.0,0,0.005717858,1.06723898,1.0540991524140477
JIZJAF_clean,JIZJAF_clean,10.25461,9.82723,10.24056,1.07189,1137.99,1061.67,0.0,0.0,0.5772,0.538489,0.0,0,0.006051322,1.468778254,1.4528569921313204
JIZJOT_clean,JIZJOT_clean,10.25508,9.65715,10.24861,1.06872,1112.51,1040.98,4.63217,4.33432,0.5712,0.534472,0.0,0,0.005974169,1.430660341,1.395557479866575
JIZWIA_clean,JIZWIA_clean,5.73459,5.3907,5.73388,1.0417,1399.8,1343.76,0.0,0.0,0.5588,0.536429,0.0,0,0.022589298,2.154102887,3.239600174103665
j.jssc.2016.09.008_mmc8_clean,j.jssc.2016.09.008_mmc8_clean,4.48976,3.77657,4.48976,1.63203,829.111,508.026,0.0,0.0,0.4792,0.293623,0.0,1,0.00839501,1.510044747,1.3690314528263912
JOJKUQ_clean,JOJKUQ_clean,18.63152,8.76045,18.62188,0.609363,1817.58,2982.76,0.0,0.0,0.7992,1.31153,0.0,0,0.011764896,2.999772232,3.1438295184892615
JOSNAG_clean,JOSNAG_clean,4.31831,3.47722,4.26587,1.49368,756.727,506.618,0.0,0.0,0.503,0.336751,0.0,1,0.006541699,1.289244305,1.3391596348450725
jp102463p_si_004_clean,jp102463p_si_004_clean,7.69309,7.15133,7.69309,1.0015,1823.95,1821.21,0.0,0.0,0.6478,0.646828,0.0,0,0.015100546,3.57011519,3.4462694569363026
JUCGUL_clean,JUCGUL_clean,6.1601,4.88151,6.1601,0.959179,1807.63,1884.57,0.0,0.0,0.5894,0.614484,0.0,1,0.022639296,3.733917083,3.891159977424606
JUGQOT_clean,JUGQOT_clean,6.35365,5.03774,6.35365,1.16137,2402.86,2068.99,0.0,0.0,0.662,0.570019,0.0,1,0.010349658,2.374947304,2.428350935216285
JUMCOL_clean,JUMCOL_clean,7.85155,7.4129,7.84422,0.988066,1824.14,1846.18,0.0,0.0,0.6392,0.646921,0.0,0,0.013887318,3.372018596,3.2824646448989587
JUSBAC_clean,JUSBAC_clean,5.9515,3.58022,5.94467,1.69538,782.353,461.462,0.0,0.0,0.4474,0.263894,0.0,1,0.014299466,1.455282507,1.6162373451670864
JUYROM_clean,JUYROM_clean,6.54798,4.58648,6.32354,0.991599,1825.87,1841.34,0.0,0.0,0.6014,0.606495,0.0,0,0.02086578,4.039243703,3.675399956583316
jz4002345_si_002_clean,jz4002345_si_002_clean,8.57756,4.11023,8.57756,1.21659,1656.78,1361.82,0.0,0.0,0.594,0.488251,0.000328789,0,0.01228087,2.129440024,2.3006035182918927
jz4002345_si_003_clean,jz4002345_si_003_clean,8.23229,4.10889,8.23229,1.21659,1653.43,1359.07,0.0,0.0,0.5956,0.489565,0.000164394,0,0.012399389,2.10742059,2.266592817451064
jz4002345_si_006_clean,jz4002345_si_006_clean,8.7001,4.17817,8.7001,1.56011,1731.24,1109.69,0.0,0.0,0.5976,0.383051,0.000256393,0,0.008865511,1.623521304,1.8460390081496194
KABXES_clean,KABXES_clean,5.52619,4.96961,5.37117,1.18279,1951.27,1649.71,0.0,0.0,0.6294,0.53213,0.0,1,0.0156672,2.766792843,3.0449880201742565
KABXOC_clean,KABXOC_clean,5.507,4.94994,5.35679,1.19591,1938.76,1621.16,0.0,0.0,0.616,0.51509,0.0,1,0.015679053,2.767075001,2.9572876667258097
KAGVUL_clean,KAGVUL_clean,6.24779,5.74251,6.24779,3.24848,1430.81,440.455,0.0,0.0,0.5524,0.170049,0.0,1,0.004797217,0.958802265,0.9254840366573462
KAHMOW_clean,KAHMOW_clean,5.20373,4.91346,5.20373,1.50927,221.957,147.062,328.828,217.872,0.4508,0.298686,0.0,1,0.026112377,1.274999406,1.3499865604822772
KAHYEY_clean,KAHYEY_clean,3.89651,3.5765,3.89651,1.95338,467.631,239.396,0.0,0.0,0.401,0.205285,0.0,1,0.005585943,1.023725913,0.9442811974785548
KAHYOJ_clean,KAHYOJ_clean,8.86827,4.20402,8.86827,1.11868,2254.43,2015.26,0.0,0.0,0.7004,0.626094,0.0,1,0.006126484,1.668091457,1.6212860954503423
KAKCEH01_clean,KAKCEH01_clean,8.87027,8.43287,8.86098,1.05825,1407.83,1330.34,0.0,0.0,0.5852,0.55299,0.0,0,0.008981072,2.050126241,2.0906363109908943
KAKCEH02_clean,KAKCEH02_clean,9.05571,8.66764,9.05571,1.03977,1417.11,1362.9,0.0,0.0,0.5874,0.564931,0.0,0,0.008798286,2.038335173,2.0580483510659975
KARTAA_clean,KARTAA_clean,6.20188,4.23592,5.30961,1.89212,1747.42,923.525,0.0,0.0,0.5718,0.3022,0.0,0,0.008735519,1.661552831,1.6358585164952553
KAWBOB_clean,KAWBOB_clean,7.62136,6.38807,7.35051,1.08418,1533.97,1414.86,0.0,0.0,0.5764,0.531645,0.0,1,0.009875714,2.362880644,2.2642431649714183
KECRAL10_clean,KECRAL10_clean,7.14324,5.71599,7.14324,1.04513,2666.2,2551.06,0.0,0.0,0.762,0.729094,0.0,1,0.004244037,1.16658853,1.1519781504523259
KEDJAG03_clean,KEDJAG03_clean,5.73609,4.60094,5.73609,1.03985,3094.03,2975.45,0.0,0.0,0.6998,0.672979,0.0,0,0.007841474,2.16080378,2.0920780620895254
KEDJAG10_clean,KEDJAG10_clean,5.6275,4.42824,5.62604,1.06272,3031.79,2852.86,0.0,0.0,0.692,0.651159,0.0,0,0.008015241,2.130824019,2.1227120098576453
KEDJAG28_clean,KEDJAG28_clean,5.787,4.68615,5.787,1.03012,3120.56,3029.31,0.0,0.0,0.7,0.67953,0.0,0,0.008101126,2.173558661,2.1451983377521358
KEFBII_clean,KEFBII_clean,11.60551,5.69321,11.58639,0.756483,2453.14,3242.83,0.0,0.0,0.7332,0.969223,0.0,1,0.017559115,3.960434925,4.000769774347498
KEFWAV_clean,KEFWAV_clean,4.19377,3.55017,4.10153,1.43831,578.428,402.157,0.568123,0.394992,0.4896,0.340399,0.0,1,0.01150667,2.114239491,1.8424694774925263
KEGZOL01_clean,KEGZOL01_clean,6.43501,4.94371,6.43501,0.973544,2580.97,2651.11,0.0,0.0,0.724,0.743675,0.0,0,0.007450337,1.949015967,1.9187199425308596
KEHFUA_clean,KEHFUA_clean,4.97412,3.92327,4.96359,1.11198,578.781,520.497,332.856,299.337,0.5476,0.492456,0.0,1,0.013684416,2.216556672,2.215645624965025
KESGAS_clean,KESGAS_clean,5.62194,5.11595,5.6016,1.12689,1067.74,947.506,0.0,0.0,0.5322,0.472273,0.0,1,0.014368047,2.239109117,2.2420083081825126
KEVVIS_clean,KEVVIS_clean,6.50043,5.82364,6.50043,1.16086,1001.29,862.542,0.0,0.0,0.5192,0.447255,0.0,1,0.009371878,1.640186975,1.7354520543119472
KEXFAU_clean,KEXFAU_clean,4.63469,3.96609,4.63178,0.913347,1885.16,2064.02,0.0,0.0,0.6022,0.659333,0.0,1,0.016217948,3.300980958,3.478657112552573
KIBDEF_clean,KIBDEF_clean,4.31904,3.92279,4.31686,2.00589,798.722,398.188,0.0,0.0,0.4762,0.2374,0.0,1,0.010967508,1.754118534,1.6914906390317646
KIBDIJ_clean,KIBDIJ_clean,4.30909,3.88512,4.30289,2.07432,740.264,356.871,0.0,0.0,0.4854,0.234004,0.0,0,0.010622333,1.714627071,1.5840224144210246
KIDDOS_clean,KIDDOS_clean,5.1988,3.52628,5.1988,1.34479,1175.14,873.846,0.0,0.0,0.5262,0.391287,0.0,1,0.026507041,3.034575448,2.9827307035543944
KIDVIE_clean,KIDVIE_clean,6.06928,4.27938,6.0515,1.59401,1653.86,1037.55,0.0,0.0,0.5994,0.376033,0.0,1,0.005634459,1.292186105,1.2610635479910397
KIGCEK_clean,KIGCEK_clean,10.39364,10.27787,10.39364,0.990795,1293.94,1305.96,0.0,0.0,0.603,0.608602,0.0,1,0.006508735,1.677493844,1.64143328965604
KIJRUS_clean,KIJRUS_clean,12.14192,7.10734,11.60914,0.697914,2309.15,3308.64,0.0,0.0,0.7064,1.01216,0.0,1,0.019617567,4.23935171,4.097436393856199
KINFAQ_clean,KINFAQ_clean,7.6173,5.59807,7.60335,1.3531,1646.54,1216.86,0.0,0.0,0.602,0.444903,0.0,1,0.012915007,2.765906115,2.5200384963824733
KINFEU_clean,KINFEU_clean,7.75525,5.37339,7.72099,1.46024,1528.12,1046.49,0.0,0.0,0.5768,0.395004,0.0,1,0.014431516,2.58032189,2.4715280185149777
KINRIK_clean,KINRIK_clean,9.88966,4.92572,9.88966,1.29557,1990.08,1536.07,0.0,0.0,0.6774,0.52286,0.0,1,0.003605572,0.961823832,1.0493842554258264
KINROQ_clean,KINROQ_clean,9.89689,4.84005,9.89689,1.30206,1987.71,1526.59,0.0,0.0,0.6598,0.506735,0.0,1,0.003732587,0.950364883,1.0785677578111443
KIPZEQ_clean,KIPZEQ_clean,4.90958,4.0897,4.90138,1.27414,1102.16,865.023,0.0,0.0,0.4878,0.382847,0.0,1,0.016709811,2.414446201,2.3394230450122833
KIYTOD_clean,KIYTOD_clean,14.38752,6.75209,13.57035,0.794229,1901.95,2394.72,0.0,0.0,0.7144,0.899489,0.0,1,0.012429732,3.191353509,2.9121514557610673
KOHKOI_clean,KOHKOI_clean,9.75224,7.03631,9.74499,0.882485,1556.94,1764.27,99.8155,113.107,0.639,0.724092,0.0,1,0.013358301,2.914525261,2.775446325560689
KOHLIE_clean,KOHLIE_clean,6.85522,4.84816,6.83832,0.971676,1685.5,1734.63,0.0,0.0,0.5992,0.616666,0.0,1,0.01414232,2.58330335,2.8927107097391347
KOJTOU_clean,KOJTOU_clean,6.48228,4.55814,6.48011,1.0623,1935.66,1822.14,0.0,0.0,0.6082,0.57253,0.0,1,0.013074918,2.6498349,2.735853603407941
KOMCOG_clean,KOMCOG_clean,8.14869,7.69355,8.14119,0.987789,1275.19,1290.95,0.0,0.0,0.5856,0.592839,0.0,0,0.011225805,2.555723084,2.3109323914559607
KOMVIT_clean,KOMVIT_clean,5.90535,4.58324,5.82203,1.08467,916.631,845.08,0.0,0.0,0.4426,0.408051,0.0,1,0.006622765,1.555711073,1.3219616310518245
KOSJEJ_clean,KOSJEJ_clean,11.06598,9.80954,11.06598,1.1867,1573.29,1325.77,0.0,0.0,0.637,0.536783,0.0,1,0.009117844,2.265722127,2.346939858368858
KOSJIN_clean,KOSJIN_clean,11.01144,9.80964,11.01144,1.18637,1561.55,1316.25,0.0,0.0,0.6378,0.537607,0.0,1,0.008998528,2.253997148,2.3162491012183724
KOSJUZ_clean,KOSJUZ_clean,11.10045,9.86004,11.10045,1.1813,1571.58,1330.38,0.0,0.0,0.6394,0.541269,0.0,1,0.009075104,2.254308793,2.3293304181665655
KOSKIO_clean,KOSKIO_clean,11.01742,9.84741,11.01742,1.18828,1532.31,1289.52,0.0,0.0,0.6324,0.5322,0.0,1,0.008706473,2.22339182,2.213991376778639
KOSLOV_clean,KOSLOV_clean,11.06557,9.9584,11.06504,1.19415,1597.55,1337.81,0.0,0.0,0.6546,0.54817,0.0,1,0.008998118,2.307854202,2.2866257340994425
KOVJAI01_clean,KOVJAI01_clean,4.82969,3.81832,4.82273,1.56913,1845.61,1176.2,0.0,0.0,0.5908,0.376513,0.0,1,0.009771111,2.054745704,2.040955408071942
KOXGAH_clean,KOXGAH_clean,5.583,3.66466,5.55273,1.2752,1155.67,906.265,0.0,0.0,0.5562,0.436166,0.0,1,0.012393404,1.989527028,2.1425193240736244
KOXGIP_clean,KOXGIP_clean,6.17141,3.90334,6.16279,1.0195,1425.23,1397.97,0.0,0.0,0.5534,0.542815,0.0,0,0.01080259,2.181632965,2.175723148576772
KUFTAI_clean,KUFTAI_clean,6.13135,4.37055,6.10622,0.966131,1917.87,1985.1,0.0,0.0,0.596,0.616894,0.0,1,0.022091461,3.796000559,3.84697149287638
KUKZOH_clean,KUKZOH_clean,7.44729,5.70388,7.44729,0.883784,2165.19,2449.91,57.8203,65.4236,0.6614,0.748373,0.0,1,0.018377683,3.554906039,3.608836005869613
KULLAG_clean,KULLAG_clean,8.67819,7.37101,8.67819,0.808147,1895.46,2345.44,0.0,0.0,0.644,0.796885,0.0,1,0.010533987,2.581329042,2.623119973955269
KULLEK_clean,KULLEK_clean,9.57077,7.08727,9.56435,0.806267,1675.18,2077.7,0.0,0.0,0.6472,0.802712,0.0,1,0.00824906,2.131889584,2.135073813110698
KULRIT_clean,KULRIT_clean,5.77631,3.79148,5.77631,1.4748,1923.58,1304.31,0.0,0.0,0.5954,0.403717,0.000135612,1,0.01275913,2.543490474,2.4394014298594633
KULZEY_clean,KULZEY_clean,5.33789,3.67614,4.8281,1.21787,366.738,301.132,43.558,35.7659,0.4728,0.38822,0.0,1,0.009782118,1.217659124,1.363991962764837
KUVJIW_clean,KUVJIW_clean,5.68037,4.76623,5.68037,2.51192,1254.16,499.284,0.0,0.0,0.5368,0.213701,0.0,1,0.007380838,1.233628089,1.2322937272615517
KUVMIZ_clean,KUVMIZ_clean,15.75075,11.00764,15.73688,0.361001,1774.59,4915.74,0.0,0.0,0.8214,2.27534,0.0,1,0.013087881,3.399655857,3.7076146647762167
LABRUE_clean,LABRUE_clean,7.57658,5.24596,7.57658,1.02746,1360.51,1324.14,0.363733,0.354011,0.5524,0.537636,0.0,1,0.013404703,2.480715467,2.517031290379303
LACZEX_clean,LACZEX_clean,9.30565,6.85906,9.27959,0.706361,2166.56,3067.21,0.0,0.0,0.6788,0.960982,0.0,1,0.013636514,3.676882324,3.3560485520648147
LADQIT_clean,LADQIT_clean,6.45056,5.56339,6.34518,1.15416,710.115,615.268,669.203,579.82,0.57,0.493867,0.0,1,0.014168625,2.418323333,2.4621370704459733
LAFQOA_clean,LAFQOA_clean,12.74838,4.90662,12.74647,0.732143,1873.63,2559.11,0.0,0.0,0.6698,0.914849,0.0,0,0.020962376,3.859222172,4.023604093097917
LAFQUG_clean,LAFQUG_clean,12.86913,4.98724,12.65799,0.728838,1735.49,2381.17,147.1,201.828,0.6744,0.925308,0.0,0,0.020972942,3.911680943,3.5738964713421053
LAGNEO_clean,LAGNEO_clean,5.27906,4.62985,5.27848,1.04928,1875.68,1787.59,0.0,0.0,0.62,0.590882,0.0,1,0.01720574,3.373682783,3.2420598363020003
LAGNOY_clean,LAGNOY_clean,7.14061,4.94756,7.14061,1.20532,1458.34,1209.92,0.0,0.0,0.5588,0.463613,0.0,1,0.019483397,3.372140857,2.923274330214358
LAGQER_clean,LAGQER_clean,4.88781,3.95017,4.78327,1.29203,1761.41,1363.29,0.0,0.0,0.6026,0.466399,0.0,1,0.014773653,2.827259928,2.8895095267080744
LAJJAK_clean,LAJJAK_clean,5.2622,3.52522,5.24789,1.1695,1542.33,1318.79,0.0,0.0,0.5992,0.512354,0.0,0,0.018432159,3.035577492,3.1131322307376417
LAKFIN_clean,LAKFIN_clean,8.38907,7.72449,8.38907,1.20127,2069.83,1723.03,0.0,0.0,0.6742,0.561239,0.0,0,0.009536424,2.181601402,2.2689267414286984
LALFUB_clean,LALFUB_clean,4.98066,4.11701,4.97309,1.72073,1391.23,808.509,0.0,0.0,0.5092,0.29592,0.0,0,0.00922173,1.654681684,1.630591967211601
LAQZOV_clean,LAQZOV_clean,6.50752,5.08332,6.49522,1.09349,2330.32,2131.09,0.0,0.0,0.645,0.589856,0.0,1,0.011938679,2.635800653,2.7168769731332216
LARXUA_clean,LARXUA_clean,21.8367,11.13953,21.8367,0.43704,1909.12,4368.3,0.0,0.0,0.8068,1.84605,0.0,1,0.014017515,3.611894461,3.817509456859308
LASDEQ_clean,LASDEQ_clean,13.8531,8.72821,13.84085,0.762381,2268.77,2975.9,0.0,0.0,0.7444,0.976415,0.0,1,0.01474678,3.546754352,3.5936510653814295
LASRAB_clean,LASRAB_clean,10.22208,8.47748,10.22208,0.840267,2115.15,2517.24,0.0,0.0,0.7808,0.929228,0.0,1,0.005186127,1.490941503,1.4857349563784714
LAVCOD_clean,LAVCOD_clean,3.77854,3.49065,3.77854,2.38895,513.1,214.781,0.0,0.0,0.4702,0.196823,0.0,1,0.014518938,2.171275239,1.7312330860531069
LAVDOE_clean,LAVDOE_clean,6.06535,4.45301,6.06535,1.35673,1212.79,893.908,0.0,0.0,0.533,0.392855,0.0,1,0.011612663,2.0047527,1.933705369341269
LAVTIN_clean,LAVTIN_clean,6.87869,6.48693,6.87869,1.63046,1549.18,950.153,0.0,0.0,0.5698,0.349473,0.0,0,0.012472608,2.298104169,2.3106615929289593
LAVTOT_clean,LAVTOT_clean,6.86565,6.50199,6.86565,1.63118,1543.92,946.504,0.0,0.0,0.5648,0.346252,0.0,0,0.01255608,2.308677321,2.309916799336442
LAVZOA_clean,LAVZOA_clean,4.97897,3.76472,4.96668,2.4043,872.519,362.9,0.0,0.0,0.4822,0.200558,0.0,1,0.007346485,1.0776395,1.1523696483295789
LAVZUG_clean,LAVZUG_clean,9.32038,5.88413,9.23158,1.53681,2188.0,1423.72,0.0,0.0,0.709,0.461344,0.0,1,0.005565762,1.506836488,1.2987646988287602
LAWFOF_clean,LAWFOF_clean,15.10116,7.95608,15.10116,0.589497,2232.85,3787.72,0.0,0.0,0.8124,1.37812,0.0,0,0.009894736,2.881073008,2.82374495922502
LAWGIA_clean,LAWGIA_clean,15.0745,7.93652,15.0745,0.590588,2230.11,3776.08,0.0,0.0,0.8028,1.35932,0.0,0,0.009809506,2.834363194,2.8123753273419636
LAWGOG_clean,LAWGOG_clean,15.0805,7.93827,15.0805,0.589428,2230.89,3784.84,0.0,0.0,0.8032,1.36268,0.0,0,0.009890677,2.817122488,2.8123753273419636
LAWGUM_clean,LAWGUM_clean,15.09972,7.93483,15.09787,0.58881,2231.62,3790.06,0.0,0.0,0.8032,1.36411,0.0,0,0.010304649,2.817974783,2.9110434316727174
LEDLAJ_clean,LEDLAJ_clean,6.91296,3.51033,6.91296,1.15045,885.224,769.461,0.0,0.0,0.496,0.431137,0.0,1,0.01077371,1.695133631,1.790333468544115
LEDLEN_clean,LEDLEN_clean,8.11845,6.60905,8.11698,0.914085,1985.25,2171.84,0.0,0.0,0.6552,0.716782,0.0,1,0.011395376,2.605852011,2.692065185838392
LEHXUT_clean,LEHXUT_clean,24.94881,9.11981,13.96328,0.407171,1936.47,4755.92,0.0,0.0,0.8288,2.03551,0.0,1,0.014579815,3.811495453,4.0083288671693245
LEJKIW_clean,LEJKIW_clean,6.1081,4.29761,6.1081,1.82473,1754.35,961.429,0.0,0.0,0.562,0.307991,0.0,1,0.018675329,2.555617468,2.532915699919961
LELRUR_clean,LELRUR_clean,7.75367,5.31169,7.43322,1.04806,1544.2,1473.39,0.0,0.0,0.5926,0.565427,0.0,1,0.010402946,2.440947637,2.25874379863624
LEQQII_clean,LEQQII_clean,8.74289,7.28376,8.74289,0.770513,1869.68,2426.54,0.0,0.0,0.6812,0.884086,0.0,1,0.010306421,2.718126872,2.6001380128318106
LEVBAQ_clean,LEVBAQ_clean,5.71097,4.52955,5.6806,2.00382,1507.28,752.202,0.0,0.0,0.5374,0.268188,0.0,1,0.026005562,2.896307646,2.7299850588163443
LEVDIB_clean,LEVDIB_clean,12.81022,4.05785,12.67653,0.771367,2135.54,2768.51,0.0,0.0,0.6982,0.905146,0.0,1,0.017161501,3.756610207,3.7700185631479233
LEVLEF_clean,LEVLEF_clean,20.18098,6.8654,20.18098,0.883011,1005.98,1139.26,176.505,199.889,0.6154,0.696933,0.0,1,0.0249567,3.164163332,2.8694475237009813
LEVNOQ_clean,LEVNOQ_clean,5.91307,3.93225,5.91307,0.947393,1555.93,1642.33,0.0,0.0,0.5826,0.614951,0.0,1,0.024146067,3.880655395,4.005397968533163
LEVYOC_clean,LEVYOC_clean,4.43687,3.53475,4.41654,1.7513,543.427,310.299,0.0,0.0,0.4316,0.246445,0.0,1,0.014189459,1.686495228,1.6184076198363155
LEZMIN_clean,LEZMIN_clean,4.88856,4.07448,4.86623,1.80949,1151.84,636.557,0.0,0.0,0.5686,0.314232,0.0,0,0.017485368,2.492673295,2.2388147157430724
LICKAL_clean,LICKAL_clean,4.46919,3.89223,4.46919,1.80004,671.763,373.194,1.29095,0.717177,0.4414,0.245217,0.0,1,0.010662182,1.354009019,1.4532367556384036
LIDZOP_clean,LIDZOP_clean,5.56488,4.14994,5.56158,1.64984,557.624,337.986,0.0,0.0,0.3922,0.23772,0.0,0,0.029057774,1.41049827,1.5550591994309877
LIFSAW_clean,LIFSAW_clean,5.78145,3.73909,5.7809,1.26392,1211.1,958.208,0.0,0.0,0.5322,0.421072,0.0,0,0.014077605,2.209396069,2.2742993240280223
LIFSEA_clean,LIFSEA_clean,5.51731,3.61848,5.51731,1.29733,1177.02,907.264,0.0,0.0,0.5102,0.393268,0.0,0,0.016519469,2.402235079,2.4133693805714285
LIJNOJ01_clean,LIJNOJ01_clean,4.91078,3.67872,4.91078,1.2863,552.942,429.872,0.0,0.0,0.425,0.330406,0.0,0,0.016156972,1.637869484,1.5447735401386118
LITHUR_clean,LITHUR_clean,5.86756,4.66068,5.8615,1.85218,2577.81,1391.77,0.0,0.0,0.691,0.373074,0.0,0,0.002322685,0.643093449,0.7177319214687954
LIVLUZ_clean,LIVLUZ_clean,5.91163,5.00426,5.91034,1.15595,1292.96,1118.53,0.0,0.0,0.5702,0.493275,0.0,0,0.019981312,2.572226417,2.918501822001311
LIVWAQ_clean,LIVWAQ_clean,5.90832,4.03567,5.90832,1.60342,1467.86,915.456,0.0,0.0,0.615,0.383556,0.0,0,0.017150353,2.31713241,2.531079988840233
LOBHAM_clean,LOBHAM_clean,7.0104,5.91491,7.0104,1.01758,1770.03,1739.45,0.0,0.0,0.6232,0.612433,0.0,0,0.012866431,2.870465524,2.7760002173407665
LOFVUY_clean,LOFVUY_clean,8.04365,4.63845,8.04358,1.07811,1889.15,1752.28,0.0,0.0,0.626,0.580647,0.0,1,0.009829719,2.354025179,2.323504485448356
LOLREL_clean,LOLREL_clean,8.50343,6.96426,8.50343,1.36486,1470.9,1077.7,0.0,0.0,0.5994,0.439167,0.0,1,0.008269406,1.864101374,1.8330462032192554
LONVAN_clean,LONVAN_clean,10.90817,9.80221,10.908,1.08454,1586.63,1462.95,0.0,0.0,0.6414,0.591401,0.0,1,0.008505806,2.21886187,2.1282321098290287
LOXWEC_clean,LOXWEC_clean,7.26238,6.47995,7.26238,1.2744,1043.86,819.095,0.0,0.0,0.5004,0.392655,0.0,0,0.006159668,1.317031217,1.3707352720880597
LUDVIP_clean,LUDVIP_clean,6.92788,4.09866,6.92788,1.5951,1191.16,746.758,0.0,0.0,0.5576,0.34957,0.0,1,0.00708879,1.357800812,1.4323556757191223
LUFNAC05_clean,LUFNAC05_clean,7.61946,5.80686,7.57494,1.03101,1474.3,1429.95,0.0,0.0,0.564,0.547035,0.0,1,0.019465788,3.627583843,3.3294466901037456
LUJPUC_clean,LUJPUC_clean,7.07474,4.6808,7.07474,1.16372,1382.44,1187.95,0.0,0.0,0.5842,0.50201,0.0,1,0.005824028,1.390605842,1.4410236303473039
LUKREO_clean,LUKREO_clean,4.04002,3.66815,4.04002,1.33832,308.401,230.438,0.0,0.0,0.4326,0.323241,0.0,1,0.008333323,1.398220195,1.1791265247741674
LULXAS_clean,LULXAS_clean,4.15152,3.42748,4.13309,1.37462,547.083,397.99,0.0,0.0,0.3992,0.290408,0.0,1,0.015638269,2.488423406,1.829449448755876
LUMDEC_clean,LUMDEC_clean,7.82073,4.889,7.82073,1.29296,1273.82,985.194,0.0,0.0,0.5548,0.429093,0.0,0,0.006199175,1.3591004,1.345447368834928
LUMYID_clean,LUMYID_clean,5.94433,4.56717,5.90149,1.30513,1995.48,1528.95,0.0,0.0,0.6194,0.474589,0.0,1,0.014233221,2.795369486,2.772236654367546
LUPTAS_clean,LUPTAS_clean,4.91554,3.81154,4.8497,1.42961,733.471,513.055,0.0,0.0,0.4568,0.319527,0.0,1,0.016515341,1.743611051,1.8647197909976205
LUSHOX03_clean,LUSHOX03_clean,5.24171,4.88245,5.22892,1.21123,1320.66,1090.34,0.0,0.0,0.5276,0.435589,0.0,1,0.016599206,2.513789287,2.576560758746364
LUSHUD_clean,LUSHUD_clean,5.21289,4.69215,5.21289,1.27198,1075.64,845.64,0.0,0.0,0.4926,0.38727,0.0,0,0.017582976,2.239856637,2.300403564416933
LUSJOZ_clean,LUSJOZ_clean,6.14785,5.47386,6.14779,1.1794,1250.19,1060.02,0.0,0.0,0.5326,0.451584,0.0,0,0.016357357,2.472107764,2.504159491012601
LUWMEX_clean,LUWMEX_clean,5.64862,4.46205,5.64805,1.16543,1755.8,1506.57,0.0,0.0,0.5904,0.506596,0.0,1,0.018233092,2.887744335,3.093929164991562
LUWMOH_clean,LUWMOH_clean,6.36296,4.2806,6.36272,1.20693,1999.45,1656.65,0.0,0.0,0.5984,0.495805,0.0,1,0.018268472,3.059846846,3.18922859043698
LUXFUG_clean,LUXFUG_clean,13.71044,4.29007,13.71044,1.01438,1788.77,1763.41,11.1798,11.0213,0.6608,0.651434,0.0,1,0.008410231,2.107351728,1.944709650546442
LUYBOY_clean,LUYBOY_clean,7.89316,7.4198,7.87816,1.34135,1580.28,1178.13,0.0,0.0,0.5778,0.43076,0.0,1,0.008877595,1.979613235,2.099267670877677
LUZJAT_clean,LUZJAT_clean,8.19723,7.01697,8.18474,1.37403,1823.93,1327.44,0.0,0.0,0.6136,0.44657,0.0,1,0.015521368,2.955765351,2.9814447960396477
MABKIK_clean,MABKIK_clean,4.95272,4.26488,4.95272,1.45304,582.257,400.715,0.0,0.0,0.4264,0.293453,0.0,0,0.009095691,1.172598819,1.1309566110067593
MABLAD_clean,MABLAD_clean,5.34449,3.90767,5.34449,1.19766,953.889,796.46,0.0,0.0,0.4728,0.394769,0.0,0,0.024437462,2.600812275,2.5188226435293157
MAGBON_clean,MAGBON_clean,6.77313,5.2032,6.75742,1.14435,2195.85,1918.86,0.0,0.0,0.6464,0.564863,0.0,0,0.021996973,4.11124708,4.074553786234011
MAHCOQ_clean,MAHCOQ_clean,18.83938,7.96401,18.83938,0.527426,2147.45,4071.57,0.0,0.0,0.8002,1.51718,0.0,1,0.012386049,3.484199178,3.4273873742293914
MAHTAR01_clean,MAHTAR01_clean,5.34764,4.14932,5.34428,1.34276,985.458,733.903,0.0,0.0,0.4968,0.369983,0.0,1,0.017272699,2.177163419,2.204074719610399
MAKFIQ_clean,MAKFIQ_clean,8.56724,6.92833,8.56724,1.27671,1511.52,1183.92,0.0,0.0,0.5678,0.444738,0.0,0,0.009494006,2.133314403,2.1596434645396227
MAKXAZ_clean,MAKXAZ_clean,5.08726,4.83873,5.06957,1.27292,905.072,711.021,0.0,0.0,0.4628,0.363574,0.0,0,0.019866465,2.229073259,2.158530394157629
MALFUD_clean,MALFUD_clean,7.43512,5.15007,7.43277,0.84804,2258.38,2663.06,0.0,0.0,0.6712,0.791472,0.0,1,0.009918186,2.499693721,2.5229857367699378
MALRUP_clean,MALRUP_clean,16.92414,16.84411,16.92414,0.675419,1334.6,1975.96,0.0,0.0,0.764,1.13115,0.0,1,0.012490682,3.178088946,3.132656226019678
MALSAW_clean,MALSAW_clean,16.91027,16.82951,16.91027,0.672455,1349.27,2006.49,0.0,0.0,0.7654,1.13822,0.0,1,0.011783662,3.125874224,2.9283939977277753
MANDUD_clean,MANDUD_clean,8.1447,5.93208,8.1447,0.901348,2323.1,2577.36,0.0,0.0,0.6668,0.739781,0.0,1,0.013518016,3.053462957,3.1974245482300416
MANLOD_manual,MANLOD_manual,8.55642,5.36069,8.35991,0.706783,1873.58,2650.85,92.9946,131.574,0.6674,0.944278,0.0,0,0.011116325,2.778097732,2.7878369296987264
MAPCIP_clean,MAPCIP_clean,9.53742,5.44759,9.32696,1.58248,1828.68,1155.58,0.0,0.0,0.6098,0.385344,0.0,0,0.012272023,2.547472114,2.3828935453910978
MAPLEX_clean,MAPLEX_clean,5.48812,3.7418,5.48733,1.43983,1166.77,810.351,0.0,0.0,0.499,0.346569,0.0,0,0.014932857,2.539266008,2.1729198782865127
MAQRAA_clean,MAQRAA_clean,6.97366,6.05295,6.96579,1.20561,1541.67,1278.75,0.0,0.0,0.5886,0.488218,0.0,1,0.014540352,2.693221181,2.8250022126842795
MARPOL_clean,MARPOL_clean,5.59699,4.85089,5.59699,1.22385,769.975,629.142,0.0,0.0,0.4788,0.391224,0.0,0,0.004131537,0.826620544,0.8687631016266566
MATWUC_clean,MATWUC_clean,6.79171,5.36307,6.77355,0.962581,2073.83,2154.45,0.0,0.0,0.6394,0.664256,0.0,1,0.025337586,4.494138691,4.388650394011456
MAVFEV_clean,MAVFEV_clean,4.93313,4.38082,4.93313,1.57553,2293.93,1455.98,0.0,0.0,0.6088,0.38641,0.0,0,0.007981815,1.844509349,1.8430513454698316
MAWTUC_clean,MAWTUC_clean,5.33465,4.95075,5.33465,1.06578,1588.39,1490.35,0.0,0.0,0.586,0.549831,0.0,1,0.018586283,3.011458887,3.0805225313422278
MEHMET_clean,MEHMET_clean,21.82341,9.06966,13.94061,0.408796,1899.79,4647.28,0.0,0.0,0.8328,2.0372,0.0,1,0.014019762,3.64470745,3.9177198774005593
MEJZEI_clean,MEJZEI_clean,5.32267,3.53615,5.32267,1.67671,498.537,297.33,52.5885,31.3641,0.4392,0.261941,0.0,1,0.005408631,0.891954098,0.8899649869381521
MIDCAF_clean,MIDCAF_clean,11.10741,9.8382,11.10741,0.853326,1614.16,1891.61,0.0,0.0,0.6702,0.785397,0.0,1,0.007400636,1.94581607,1.9955680505308926
MIDSUP01_clean,MIDSUP01_clean,10.88215,9.55664,10.87435,0.67542,1854.05,2745.03,0.0,0.0,0.7122,1.05446,0.0,0,0.010690451,2.886928701,2.8195737088611237
MIFGEP01_clean,MIFGEP01_clean,5.99775,4.93271,5.97758,1.0207,1831.3,1794.17,0.0,0.0,0.5916,0.579605,0.0,1,0.01852666,3.415741114,3.30990560589232
MIFKUJ_clean,MIFKUJ_clean,6.05079,4.58023,5.97678,0.91647,1939.38,2116.14,0.0,0.0,0.5864,0.639846,0.0,1,0.020492799,3.840675021,3.7655222673988735
MIFROK_clean,MIFROK_clean,6.3068,5.74769,6.3068,1.44498,561.702,388.727,79.3873,54.9401,0.4722,0.326787,0.0,1,0.005783251,1.057123769,1.0710910604414368
MIFSUR_clean,MIFSUR_clean,6.18293,5.67653,6.18293,1.48492,554.322,373.301,73.2038,49.2981,0.4504,0.303316,0.0,1,0.005836127,1.023641181,1.0294610017016603
MIHLOF_clean,MIHLOF_clean,5.26092,3.78569,5.21082,1.36197,739.196,542.742,0.0,0.0,0.4512,0.331286,0.0,1,0.007494788,1.238515982,1.192156584920125
MIMKIE_clean,MIMKIE_clean,5.77879,3.6694,5.74168,1.1744,1435.84,1222.62,0.0,0.0,0.5446,0.463725,0.0,1,0.014938878,2.63891468,2.6545090450074245
MINCIX_clean,MINCIX_clean,10.4943,7.36608,10.44985,0.729721,2144.38,2938.63,0.0,0.0,0.7612,1.04314,0.0,1,0.012135522,3.219547746,3.168624124287401
MINVOU01_clean,MINVOU01_clean,6.55615,6.26734,6.55615,1.05162,1586.57,1508.69,0.0,0.0,0.6118,0.581771,0.0,0,0.010402096,2.299374866,2.293709405514782
MINVUA01_SL,MINVUA01_SL,6.89591,6.55778,6.89591,1.0419,1703.36,1634.86,0.0,0.0,0.5962,0.572226,0.0,0,0.013265771,2.900038798,2.7335795770232485
MIQLII_clean,MIQLII_clean,6.49396,4.19114,6.49396,1.29248,1977.91,1530.32,0.0,0.0,0.6424,0.497028,0.0,0,0.014439938,2.956578022,2.90991346869891
MITGOL_clean,MITGOL_clean,4.76638,3.82621,4.60043,2.19605,897.1,408.507,0.0,0.0,0.447,0.203547,9.11e-05,1,0.006443814,1.093525365,1.1224098809088146
MITSAK_clean,MITSAK_clean,6.11636,4.97088,6.11301,1.14225,2249.13,1969.04,0.0,0.0,0.6532,0.571855,0.0,1,0.01569207,3.488160748,3.247614183412897
MIVFOO_clean,MIVFOO_clean,15.59545,7.18908,15.59545,1.05942,1203.53,1136.02,437.579,413.035,0.6586,0.621658,0.0,1,0.008779197,2.09214159,2.1420904211785974
MIXYID_clean,MIXYID_clean,6.97459,5.00942,6.97459,0.914112,2019.19,2208.91,0.0,0.0,0.6354,0.695101,0.0,0,0.02600072,4.237289585,4.5322378527554115
MOJNAC_clean,MOJNAC_clean,4.66481,4.27217,4.66481,1.62429,1132.96,697.513,6.84199,4.21231,0.5378,0.331099,0.0,1,0.009497993,1.724441269,1.7479739498210805
MOPQIT_clean,MOPQIT_clean,5.0132,3.85656,5.0132,1.33687,942.288,704.846,0.0,0.0,0.476,0.356055,0.0,0,0.011140828,1.698739533,1.7188733356464498
MOSDUT_clean,MOSDUT_clean,5.00847,4.17233,5.00847,1.12183,1419.6,1265.43,13.3609,11.9099,0.5596,0.498828,0.0,1,0.013026536,2.518866655,2.5292755518189707
MOVGUB_clean,MOVGUB_clean,4.79892,3.66567,4.79892,1.29583,1695.99,1308.8,0.0,0.0,0.5686,0.438791,0.0,1,0.016607355,2.972584162,2.9379606195134045
MOXKAN_clean,MOXKAN_clean,5.24035,3.78554,5.21637,1.49263,550.2,368.611,159.888,107.118,0.4678,0.313407,0.0,0,0.007155073,1.153780549,1.1715665376200775
MOXPUL_clean,MOXPUL_clean,12.29446,11.95813,12.29446,0.744524,1605.86,2156.89,0.0,0.0,0.6934,0.931333,0.0,0,0.010590028,2.295979439,2.634697085584555
MUGHED_clean,MUGHED_clean,6.89695,5.88693,6.88053,1.44086,1384.56,960.922,0.0,0.0,0.5716,0.396706,0.0,0,0.018227266,2.661742823,2.5876052361031068
MUHPAI_clean,MUHPAI_clean,5.12215,3.79398,5.11629,1.52223,483.947,317.921,0.0,0.0,0.445,0.292335,0.0,1,0.01082821,1.107454975,1.2245348697906469
MUNDAC_clean,MUNDAC_clean,10.7777,6.68804,10.76442,1.37281,1712.63,1247.54,119.227,86.849,0.6828,0.497375,0.0,1,0.009032255,1.604445703,1.8325858292596293
MURCOR_clean,MURCOR_clean,8.10583,6.88134,8.10583,1.58436,1015.28,640.812,0.0,0.0,0.5632,0.355475,0.0,1,0.002575348,0.641574431,0.6730295145930636
MURTUO_clean,MURTUO_clean,5.36071,4.16389,5.36071,1.95193,861.496,441.357,0.0,0.0,0.5124,0.26251,0.0,1,0.003903916,0.697088978,0.7651903738452479
MUTDIQ_clean,MUTDIQ_clean,8.28155,3.70267,8.27208,0.907108,1694.67,1868.21,61.3387,67.62,0.6404,0.70598,0.0,1,0.009862455,2.378516302,2.4931762834039097
MUVJIX_clean,MUVJIX_clean,5.57567,4.9751,5.5219,1.4259,1132.91,794.523,0.0,0.0,0.4782,0.335368,0.0,1,0.011361804,2.010323737,1.8232577160405787
MUZVUA_clean,MUZVUA_clean,6.29282,4.92678,6.2328,1.05196,1843.91,1752.83,0.0,0.0,0.6012,0.571503,0.0,1,0.013340217,2.749523598,2.7104202940960427
NACVUI_clean,NACVUI_clean,4.77526,3.80831,4.76074,1.15827,1072.88,926.279,0.0,0.0,0.5544,0.478644,0.0,0,0.020985487,2.864574609,2.9561205596764175
NACYOG_clean,NACYOG_clean,5.74941,4.06197,5.74941,1.46194,999.211,683.482,0.0,0.0,0.4946,0.338317,0.0,1,0.012383609,1.888469484,1.8679717513858352
NAFSOF_clean,NAFSOF_clean,10.41333,8.31604,10.41316,0.437831,2285.29,5219.56,0.0,0.0,0.8158,1.86328,0.0,1,0.013566428,3.810857804,3.679385194129523
NAGQET_clean,NAGQET_clean,6.32737,4.10631,6.32737,1.16822,1034.31,885.371,0.0,0.0,0.4844,0.414648,0.0,0,0.013885166,1.990331987,2.0985602056787265
NAKLIW_clean,NAKLIW_clean,5.07535,4.01579,4.60929,1.15907,1720.4,1484.3,0.0,0.0,0.6208,0.535603,0.0,1,0.019612662,3.473337112,3.5373578986849985
NAQQON_clean,NAQQON_clean,9.07609,4.33235,9.07609,1.01182,2282.57,2255.9,0.0,0.0,0.7134,0.705063,0.0,1,0.006574009,1.789576872,1.8295989403057753
NATHUO_clean,NATHUO_clean,7.56745,6.68911,7.56745,1.07613,1712.53,1591.37,0.0,0.0,0.6018,0.559224,0.0,1,0.010956012,2.267372245,2.4484686319078826
NATKOL_clean,NATKOL_clean,7.96067,5.75072,7.91611,0.695846,2746.18,3946.53,0.0,0.0,0.699,1.00453,0.0,1,0.016077081,4.002296842,3.994401191503676
NAVLIG_clean,NAVLIG_clean,4.05904,3.742,4.05904,1.16225,487.528,419.471,0.0,0.0,0.474,0.407831,0.0,0,0.014981025,2.22633333,2.018800380513312
NAWKII_clean,NAWKII_clean,5.87047,3.9227,5.87047,0.947947,1478.21,1559.38,0.0,0.0,0.5784,0.610161,0.0,1,0.023530185,3.832868959,3.833029117158734
NAWXER_clean,NAWXER_clean,9.09863,5.59872,6.09599,0.664973,2891.83,4348.79,0.0,0.0,0.734,1.1038,0.0,1,0.017259649,4.299356512,4.271183275089643
NAYGUR_clean,NAYGUR_clean,7.6924,7.0244,7.6924,0.745846,2238.41,3001.16,0.0,0.0,0.7254,0.972586,0.0,1,0.009664966,2.445994948,2.682045601869995
NDAIAH_clean,NDAIAH_clean,6.63827,3.41985,6.40814,1.54439,1188.39,769.486,0.0,0.0,0.551,0.356774,0.0,1,0.005530515,1.147423063,1.2282845795055675
NEDWAW_clean,NEDWAW_clean,8.21752,5.99671,8.17631,0.756185,2155.93,2851.06,0.0,0.0,0.6702,0.886291,0.0,0,0.012072302,3.126168953,3.028064278520298
NEDWEA_clean,NEDWEA_clean,7.23193,5.49922,7.23193,0.857312,2138.95,2494.95,0.0,0.0,0.6398,0.746286,0.0,1,0.012959224,3.053085912,3.0753010745826
NEHZIK_clean,NEHZIK_clean,7.34019,4.77821,7.34019,1.20148,1239.75,1031.85,0.0,0.0,0.5382,0.447947,0.0,1,0.007671234,1.651544421,1.661400403190735
NEJRUR_clean,NEJRUR_clean,4.68942,3.81829,4.68942,1.2394,1057.89,853.554,15.7348,12.6955,0.5034,0.406165,0.0,0,0.018976346,2.62176127,2.5702032780375736
NEJSOM_clean,NEJSOM_clean,5.41485,4.53855,5.40953,1.12052,1544.19,1378.11,0.0,0.0,0.5672,0.506195,0.0,0,0.022018079,3.587461447,3.3266935412318883
NEKREB_clean,NEKREB_clean,7.13295,5.12512,7.13295,1.3542,1081.87,798.902,136.454,100.763,0.5622,0.415152,0.0,1,0.010930926,1.628999423,1.857970871344115
NEPWIQ_clean,NEPWIQ_clean,4.3412,3.92268,4.32302,2.14557,765.165,356.625,0.0,0.0,0.4758,0.221759,0.0,1,0.01085773,1.682875433,1.539850543395191
NERTAH_clean,NERTAH_clean,4.54882,3.46995,4.4502,1.3343,589.598,441.88,43.1614,32.3477,0.4772,0.357642,0.0,1,0.01035895,1.489775836,1.6843644617993547
NERVEN_clean,NERVEN_clean,12.25139,5.76203,12.25139,1.08035,1360.26,1259.1,0.0,0.0,0.5706,0.528164,0.0,1,0.006514479,1.505006055,1.549828888029404
NETYIV_clean,NETYIV_clean,8.05298,7.05859,8.05298,0.781018,1992.35,2550.96,0.0,0.0,0.686,0.878341,0.0,1,0.010334907,2.735210223,2.6258185858355283
NEVVAM02_clean,NEVVAM02_clean,6.83817,5.86962,6.83673,1.42399,1416.84,994.976,0.0,0.0,0.5302,0.372334,0.0,0,0.011305787,2.050309631,2.0978446286758334
NEVVAM_clean,NEVVAM_clean,6.98127,5.93133,6.98127,1.4203,1415.91,996.914,0.0,0.0,0.523,0.368233,0.0,0,0.01200919,2.111471445,2.1938528161346413
NEXXEV_clean,NEXXEV_clean,10.14339,9.60102,10.14163,0.701942,1675.6,2387.1,0.0,0.0,0.6396,0.911186,0.0,1,0.016957687,3.715866432,3.4673660605479246
NEXXIZ_clean,NEXXIZ_clean,9.73301,9.22346,9.73301,0.709285,1668.91,2352.94,0.0,0.0,0.6328,0.892166,0.0,1,0.016979462,3.709344167,3.460708029927759
NIGDEO_clean,NIGDEO_clean,13.9402,7.42068,13.92619,0.633535,2119.03,3344.77,0.0,0.0,0.7538,1.18983,0.0,1,0.016338153,3.942631446,3.850619739009596
NIGDIS_clean,NIGDIS_clean,14.03164,7.36423,14.03164,0.622681,2210.2,3549.5,0.0,0.0,0.7674,1.23241,0.0,1,0.01639093,4.078404485,3.902777376905296
NIHBAI01_clean,NIHBAI01_clean,4.75768,3.68765,4.75768,1.76453,773.951,438.616,0.0,0.0,0.4424,0.250719,0.0,0,0.011950135,1.535994757,1.489073433870571
NIHBEM_clean,NIHBEM_clean,4.82471,3.66332,4.81898,1.76393,749.866,425.111,0.0,0.0,0.4434,0.25137,0.0,0,0.01193268,1.515712372,1.478253529917641
NIHBIQ01_clean,NIHBIQ01_clean,5.30133,3.89271,5.30133,1.65496,952.5,575.542,0.0,0.0,0.4798,0.289916,0.0,0,0.010821925,1.515448965,1.4804829408663989
NIHBIQ02_clean,NIHBIQ02_clean,5.38184,3.95166,5.35574,1.6285,1006.66,618.147,0.0,0.0,0.4894,0.300521,0.0,0,0.010753693,1.521905624,1.5572543845467797
NIKKIC_clean,NIKKIC_clean,5.94413,4.27315,5.93398,1.24613,1177.42,944.864,0.0,0.0,0.498,0.399638,0.0,1,0.014042515,2.251204238,2.2049459508590017
NIKYOW02_clean,NIKYOW02_clean,4.72463,3.68194,4.72463,1.75151,766.584,437.671,0.0,0.0,0.4498,0.256808,0.0,0,0.011531221,1.501110705,1.4990381844730452
NIKYOW_clean,NIKYOW_clean,4.56807,3.54686,4.56807,1.80221,654.259,363.032,0.0,0.0,0.4324,0.239928,0.0,0,0.010871116,1.442010609,1.4159030733505313
NIKYUC01_clean,NIKYUC01_clean,4.94759,3.68791,4.94354,1.71164,846.153,494.351,0.0,0.0,0.4572,0.267112,0.0,0,0.011483618,1.497637216,1.5122439994092183
NIKYUC_clean,NIKYUC_clean,4.9018,3.64376,4.89963,1.7317,810.432,467.997,0.0,0.0,0.4504,0.260091,0.0,0,0.011743852,1.488167237,1.4948910486769678
NIKZAJ01_clean,NIKZAJ01_clean,4.60883,3.61545,4.57384,1.79637,691.539,384.965,0.0,0.0,0.4298,0.23926,0.0,0,0.011210689,1.464906442,1.472626708093671
NIMPOQ_clean,NIMPOQ_clean,9.48433,7.47639,9.46555,0.558554,2612.29,4676.87,0.0,0.0,0.765,1.36961,0.0,1,0.015682727,4.036359973,4.041137465503871
NIMXAK_clean,NIMXAK_clean,11.51604,3.85375,11.50661,0.98882,1692.19,1711.32,0.0,0.0,0.6486,0.655933,0.0,0,0.011851986,2.727297172,2.6267735254459312
NIYJAI_clean,NIYJAI_clean,5.86863,4.46882,5.70658,1.13108,1072.3,948.033,0.0,0.0,0.5246,0.463806,0.0,0,0.012931748,2.051144266,2.1072507609890123
NIYZIG_clean,NIYZIG_clean,9.1257,4.85174,9.11367,0.956862,1879.49,1964.22,0.0,0.0,0.637,0.665718,0.0,1,0.015959527,3.545218284,3.3307053633342933
NIZZAY_clean,NIZZAY_clean,8.39896,7.78516,8.38426,1.2112,2073.27,1711.74,0.0,0.0,0.6754,0.557627,0.0,0,0.009681254,2.249579526,2.257254979968016
NIZZEC_clean,NIZZEC_clean,8.3208,7.63206,8.31922,1.20763,2065.46,1710.34,0.0,0.0,0.6766,0.560269,0.0,0,0.009115099,2.211202103,2.1649301427607957
NOCLOH02_clean,NOCLOH02_clean,5.50015,4.83636,5.44966,1.30452,1262.04,967.436,0.0,0.0,0.5462,0.418699,0.0,1,0.01791846,2.547205917,2.4803843156087995
NOCLOH03_clean,NOCLOH03_clean,5.53774,4.87922,5.44835,1.29563,1278.59,986.85,0.0,0.0,0.5392,0.416168,0.0,1,0.017445808,2.577251478,2.4534524887631237
NOFDUI_clean,NOFDUI_clean,4.93531,4.06199,4.92703,1.21153,1000.68,825.958,0.0,0.0,0.4872,0.402135,0.0,0,0.012697223,2.007267283,1.9761673436524907
NOFHOG_clean,NOFHOG_clean,6.65675,5.09348,6.63927,0.822826,2730.97,3319.01,0.0,0.0,0.6932,0.842462,0.0,1,0.017401837,4.0213977,4.057042309987027
NOMQAJ01_clean,NOMQAJ01_clean,4.90223,3.68918,4.90223,1.31657,708.381,538.05,0.0,0.0,0.45,0.341797,0.0,0,0.033819756,2.233445246,2.428145505298224
NOQKUB_clean,NOQKUB_clean,5.39399,4.39499,5.39187,1.00245,1858.17,1853.63,0.0,0.0,0.55,0.548657,0.0,0,0.022380834,3.539160683,3.7303267195360617
NOSHEK_clean,NOSHEK_clean,5.7194,3.87373,5.09672,1.68613,1874.51,1111.72,0.0,0.0,0.614,0.364148,0.0,1,0.010868903,2.119920146,2.1056043816819408
NOSTUM01_clean,NOSTUM01_clean,6.02005,5.48184,6.00511,0.946326,1720.55,1818.13,0.0,0.0,0.6136,0.648402,0.0,1,0.020852004,3.878568697,3.6640139679149177
NUCBIY_clean,NUCBIY_clean,5.06822,3.86536,5.06061,1.18684,700.396,590.137,0.0,0.0,0.4806,0.404942,0.0,0,0.013086335,1.934510599,1.792229437579902
NUCYIV_clean,NUCYIV_clean,4.97799,4.21601,4.96375,1.53207,652.698,426.025,0.0,0.0,0.477,0.311344,0.0,1,0.00745483,1.118094276,1.1209458353142803
NUDMAC_clean,NUDMAC_clean,6.47898,5.73918,6.47898,1.16985,1365.51,1167.25,0.0,0.0,0.54,0.461596,0.0,0,0.016982366,2.719756652,2.7151350979199953
NUDMOQ_clean,NUDMOQ_clean,6.59897,5.83765,6.59897,1.15867,1384.65,1195.03,0.0,0.0,0.5454,0.470712,0.0,0,0.016772668,2.73327583,2.7638515598323
NUFBEX_clean,NUFBEX_clean,8.49623,5.29107,8.49623,1.23125,1460.16,1185.92,0.0,0.0,0.5628,0.457098,0.0,1,0.0065307,1.606298784,1.6142269838969432
NUGRIR_clean,NUGRIR_clean,8.70402,6.3995,8.695,1.28478,1827.49,1422.42,0.0,0.0,0.645,0.502033,0.0,0,0.005835086,1.556411033,1.523168011054799
NUHPAI_clean,NUHPAI_clean,5.92167,3.93075,4.42412,0.871868,1496.53,1716.46,0.0,0.0,0.5834,0.669138,0.0,1,0.016038145,3.049349037,3.182727715300112
NUHQUE_clean,NUHQUE_clean,6.55171,4.68685,6.54808,1.21067,1893.64,1564.13,0.0,0.0,0.5964,0.492619,0.0,1,0.015319288,2.915381685,2.883821212729072
NUNCEG_clean,NUNCEG_clean,6.32724,4.08141,6.24551,0.841857,1844.22,2190.65,0.0,0.0,0.5678,0.674462,0.0,1,0.014589843,2.976937814,3.0703593024473603
NUNSIA_clean,NUNSIA_clean,4.82032,4.25115,4.82032,1.27602,836.789,655.783,0.0,0.0,0.4866,0.381343,0.0,0,0.009444546,1.543236376,1.5224470176835982
NUNSOG_clean,NUNSOG_clean,4.99291,4.35876,4.99291,1.27773,873.941,683.982,0.0,0.0,0.4864,0.380677,0.0,0,0.010352965,1.563197982,1.619324834245352
NUVBIQ_clean,NUVBIQ_clean,4.60795,3.59775,4.60795,2.15646,840.114,389.58,0.0,0.0,0.4404,0.204223,0.0,1,0.007456064,1.193826115,1.212214683270723
NUVYOT_clean,NUVYOT_clean,4.99931,3.59386,4.8252,1.15218,688.171,597.279,170.523,148.001,0.5094,0.44212,0.0,1,0.015014391,2.202474308,2.2495776288321214
OBIBAF_clean,OBIBAF_clean,6.94508,5.04977,5.92375,0.848313,1610.41,1898.37,0.0,0.0,0.6028,0.710587,0.0,1,0.016980639,3.277428433,3.3260536610196985
OBUFEX_clean,OBUFEX_clean,5.14759,4.35938,5.14759,1.09987,1567.25,1424.95,0.0,0.0,0.565,0.513698,0.0,0,0.014513953,2.916088151,2.7223953849751057
OBUFIB_SL,OBUFIB_SL,4.69226,3.94966,4.47162,1.56841,881.672,562.145,0.0,0.0,0.426,0.271613,0.0,0,0.008994935,1.449187761,1.3579415200786193
OCURAG_clean,OCURAG_clean,5.43063,3.42226,5.42822,1.47361,1201.66,815.454,0.0,0.0,0.519,0.352197,0.0,1,0.014708115,2.138268399,2.217536694385322
OCUSOV_clean,OCUSOV_clean,4.91031,3.4317,4.90721,1.52702,1101.56,721.382,0.0,0.0,0.5004,0.327698,0.0,1,0.016976555,2.31960151,2.3122238814400125
ODEZAB_clean,ODEZAB_clean,11.63192,4.40592,11.61962,0.799101,2103.64,2632.5,6.44431,8.06445,0.6938,0.868225,0.0,1,0.021596268,4.443727931,3.831856618078007
ODODIW_clean,ODODIW_clean,7.22618,4.59373,7.22618,0.965963,1948.86,2017.54,0.0,0.0,0.634,0.65634,0.0,1,0.017153556,3.140133052,3.417047281855679
OFEREX_clean,OFEREX_clean,6.99117,6.70761,6.99117,1.56791,1544.85,985.293,0.0,0.0,0.5694,0.363159,0.0,1,0.013104431,2.432519968,2.3724543486697782
OFODET_clean,OFODET_clean,6.29959,4.57313,6.27845,1.15382,1340.43,1161.73,0.0,0.0,0.519,0.449811,0.0,1,0.014392789,2.465303267,2.4700308599964758
OHIHET_clean,OHIHET_clean,4.30684,3.71246,4.30684,1.30435,366.699,281.135,0.0,0.0,0.4222,0.323685,0.0,0,0.012667717,1.582148532,1.481738645909605
OJAZOP_clean,OJAZOP_clean,4.82674,3.80884,4.82333,2.14546,1510.62,704.1,0.00634264,0.00295631,0.5202,0.242465,0.0,1,0.004906538,0.993507719,1.0749722009981915
OJIWIO_clean,OJIWIO_clean,4.64307,3.99735,4.61496,1.33375,842.543,631.712,0.0,0.0,0.4524,0.339195,0.0,1,0.014948208,1.91165089,2.008682822178032
OKILEA_clean,OKILEA_clean,6.35409,4.27067,6.35409,1.16036,1077.85,928.894,0.0,0.0,0.549,0.473129,0.0,1,0.006205016,1.201185502,1.318366512902028
OKUKOW_clean,OKUKOW_clean,10.73228,5.84434,10.36712,0.736536,2434.56,3305.42,0.0,0.0,0.7384,1.00253,0.0,1,0.01599405,3.58721683,3.867604621526345
OLANEW_clean,OLANEW_clean,6.98637,4.05835,6.98637,1.31839,1367.83,1037.5,0.0,0.0,0.5798,0.439778,0.0,1,0.00652771,1.5085194,1.495186835389648
OMAMEU_clean,OMAMEU_clean,5.49135,3.67927,5.48307,2.05035,939.573,458.25,0.0,0.0,0.5336,0.260248,0.0,1,0.021095204,2.108562236,2.114073915688579
OMIPEH_clean,OMIPEH_clean,21.73136,7.72557,21.69935,0.65885,2065.52,3135.04,0.0,0.0,0.8104,1.23002,0.0,1,0.010546453,2.772230408,2.855445363509481
OMITUB_clean,OMITUB_clean,21.96656,7.7864,21.95556,0.652675,2053.5,3146.28,0.0,0.0,0.8126,1.24503,0.0,1,0.010546453,2.783364209,2.855445363509481
OMOVET_clean,OMOVET_clean,6.41327,4.65956,6.41327,1.12783,2048.27,1816.12,0.0,0.0,0.6196,0.549375,0.0,1,0.020556882,3.565477487,3.569752838520607
OPENUT_clean,OPENUT_clean,7.63636,6.82671,7.63251,1.41267,1546.48,1094.72,0.0,0.0,0.5554,0.393156,0.0,1,0.007026863,1.558115358,1.7333608166090912
OPIFUQ_clean,OPIFUQ_clean,17.9991,10.13495,17.99088,0.790446,1197.42,1514.86,384.276,486.151,0.722,0.913408,0.0,1,0.017593346,3.544512604,3.5782619916952725
OPIPUZ_clean,OPIPUZ_clean,4.1797,3.40347,4.03039,1.43766,625.591,435.146,0.0,0.0,0.4234,0.294507,0.0,0,0.010528944,1.464368479,1.5147994492833077
OPOZEZ_clean,OPOZEZ_clean,7.29162,6.03013,7.28839,1.13101,1136.3,1004.68,0.0,0.0,0.5256,0.464718,0.0,0,0.008834579,1.810777908,1.7625395812798579
OQEPUW_clean,OQEPUW_clean,5.11656,4.82152,5.08524,1.96915,768.393,390.215,0.0,0.0,0.4116,0.209024,0.0,1,0.008117911,1.264423219,1.0757849092616856
OQETEK_clean,OQETEK_clean,9.22928,8.86311,9.22928,0.986231,2193.64,2224.27,0.0,0.0,0.7092,0.719101,0.0,1,0.012219158,2.818255863,2.8918564727985983
OQIQIQ_clean,OQIQIQ_clean,5.6202,4.58328,5.56734,1.81543,1128.03,621.358,0.0,0.0,0.505,0.278171,0.0,1,0.01805958,1.94241657,2.04413526378829
OQOJUB_clean,OQOJUB_clean,5.19109,4.86993,5.18739,1.04071,742.936,713.872,0.0,0.0,0.4654,0.447194,0.0,0,0.01098572,1.751398252,1.6561181462388106
OQUFAJ02_clean,OQUFAJ02_clean,10.4008,8.96418,10.4008,1.23779,2032.69,1642.19,0.0386359,0.0312135,0.6356,0.513494,0.000323156,1,0.01338824,2.528641038,2.544627788985956
OQUFAJ04_clean,OQUFAJ04_clean,10.98593,10.0178,10.98593,1.04962,2124.9,2024.45,7.18544,6.84576,0.6738,0.641947,0.000381091,1,0.010345666,2.462525101,2.4219885577169746
OQUZIL_clean,OQUZIL_clean,5.18347,3.94031,4.38977,3.26699,933.452,285.723,0.0,0.0,0.4852,0.148516,6.12e-05,1,0.003544692,0.648777948,0.6687170040950605
OROLUD_clean,OROLUD_clean,4.90586,4.18695,4.898,1.66342,1280.2,769.617,0.0,0.0,0.5884,0.353728,0.0,0,0.015312478,2.45825385,2.2464378224484416
OSAVUA_clean,OSAVUA_clean,5.76863,5.59566,5.76863,0.884314,1778.32,2010.97,0.0,0.0,0.631,0.713547,0.0,1,0.014450925,3.207959174,3.189153505997344
OSIKUX_clean_h,OSIKUX_clean_h,7.70472,6.98844,7.7017,1.09814,1952.99,1778.44,0.770215,0.701379,0.6478,0.589904,0.0,1,0.010470301,2.466956769,2.5159218027821373
OSUVIJ_clean,OSUVIJ_clean,5.66016,4.49241,5.58709,1.27175,1400.18,1100.98,0.0,0.0,0.5626,0.442381,0.0,1,0.01115694,1.745826771,2.0991650083718705
OTABES_clean,OTABES_clean,7.63161,5.91717,6.56997,0.849248,2347.96,2764.75,0.0,0.0,0.6812,0.802122,0.0,0,0.024479115,4.831319132,5.019655253250708
OTAQAD_clean,OTAQAD_clean,7.25379,5.92825,6.48374,0.846977,2257.66,2665.55,0.0,0.0,0.6554,0.773811,0.0,0,0.026430223,4.737236724,4.852807277174206
OTIPUE_clean,OTIPUE_clean,4.56896,3.82437,4.54982,1.42368,625.25,439.178,0.0,0.0,0.419,0.294307,0.0,0,0.022460373,1.963641466,1.944231827806179
OTOLIU_clean,OTOLIU_clean,6.25402,4.56727,6.25402,0.748874,3565.69,4761.4,0.0,0.0,0.7372,0.984411,0.0,0,0.015632418,4.007839416,3.9988329783431955
OTOVIE_clean,OTOVIE_clean,5.10968,4.35413,5.09224,1.37878,906.647,657.571,0.0,0.0,0.4582,0.332323,0.0,0,0.021233046,2.144264531,2.1780063649330588
OTUDIS_clean,OTUDIS_clean,11.15528,10.21239,11.15528,0.865137,1694.91,1959.13,0.0,0.0,0.6454,0.746009,0.0,1,0.010711922,2.374865874,2.5229485806708025
OVEHUT_clean,OVEHUT_clean,6.55703,4.29128,6.55703,1.17548,2147.07,1826.55,0.0,0.0,0.6548,0.557051,0.0,1,0.014920715,3.296377182,3.1521830765687007
OWIJAH_clean,OWIJAH_clean,7.38305,7.21509,7.38305,1.32603,1628.6,1228.17,0.0,0.0,0.6114,0.461074,0.0,0,0.022773552,4.114183189,4.116859317341159
OWUWUA_clean,OWUWUA_clean,5.57616,4.37097,5.56477,1.14473,1062.1,927.816,0.0,0.0,0.5102,0.445693,0.0,1,0.014716515,2.246047705,2.2485785893009833
OXEVOE_clean,OXEVOE_clean,5.9996,4.29075,5.9996,1.32095,787.004,595.785,77.213,58.4525,0.5,0.378515,0.0,1,0.014385595,1.970669161,1.9626773687532348
OXITOF_clean,OXITOF_clean,6.28705,5.508,6.2848,1.24834,1230.37,985.608,0.0,0.0,0.5144,0.412068,0.0,1,0.006718776,1.545782028,1.4646034478684855
OYEJOS_clean,OYEJOS_clean,9.55583,4.63693,9.55583,0.834794,1714.96,2054.35,0.0,0.0,0.6424,0.769531,0.0,1,0.009301214,2.398210038,2.2973785641298665
OYEROB_clean,OYEROB_clean,9.45168,7.14174,9.44893,0.790347,2325.92,2942.91,0.982216,1.24277,0.7298,0.923392,0.0,1,0.010265215,2.632766371,2.6876328694697653
OZAVOC_clean,OZAVOC_clean,6.46772,5.63481,6.46128,1.35316,1406.83,1039.66,0.0,0.0,0.5486,0.40542,0.0,1,0.016761435,2.727932327,2.551620191611281
OZUKOL_clean,OZUKOL_clean,11.66314,11.04095,11.6623,1.07501,1570.69,1461.09,0.0,0.0,0.6578,0.611902,0.0,1,0.008785237,2.33475774,2.1731347412217197
OZUKUR01_clean,OZUKUR01_clean,12.00308,11.20848,12.00308,1.04914,1577.91,1504.01,0.0,0.0,0.6712,0.639764,0.0,1,0.008078053,2.172385958,2.0497273568697105
OZULAY_clean,OZULAY_clean,11.76704,10.98127,11.76502,1.07223,1568.4,1462.75,0.0,0.0,0.6546,0.610504,0.0,1,0.008608184,2.287064328,2.162010897947849
PAMTUU_clean,PAMTUU_clean,12.40087,5.62514,12.40087,0.908425,2011.92,2214.73,0.0,0.0,0.6952,0.76528,0.0,1,0.014924621,2.647016872,3.079911146146912
PARNIH_clean,PARNIH_clean,8.32489,6.77668,8.32489,0.861017,1951.67,2266.71,0.0,0.0,0.6712,0.779544,0.0,1,0.009529083,2.348295092,2.4319886680177194
PASMUT_clean,PASMUT_clean,5.21671,3.87145,5.2007,1.45236,1664.76,1146.24,0.0,0.0,0.5822,0.400864,0.0,1,0.009537082,1.810425758,1.9409532012878146
PEDMER_clean,PEDMER_clean,4.87431,3.86596,4.87431,1.94999,1030.99,528.717,0.0,0.0,0.5166,0.264924,0.0,1,0.013205216,1.745867075,1.8277020471033678
PEGBAG_clean,PEGBAG_clean,4.42914,3.59275,4.42914,1.43063,530.361,370.719,0.0,0.0,0.4708,0.329086,0.0,1,0.005296273,0.999985136,1.0167867240618504
PEGCIP_clean,PEGCIP_clean,5.4738,4.63859,5.45736,1.20371,1399.17,1162.38,0.0,0.0,0.5244,0.435652,0.0,1,0.02024897,2.889026072,2.90859511314706
PEJMOI_clean,PEJMOI_clean,7.77261,4.72411,7.77261,1.78918,1087.16,607.629,0.0,0.0,0.4986,0.278675,0.0,1,0.005849898,1.157735494,1.12388546477307
PEJNUP_clean,PEJNUP_clean,9.7414,9.14394,9.67281,0.771129,2269.17,2942.66,0.0,0.0,0.7412,0.961188,0.0,0,0.013434008,3.473802462,3.322071696648323
PELXIP_clean,PELXIP_clean,5.04305,3.66818,5.03506,1.84132,581.447,315.776,13.9718,7.58794,0.4556,0.247431,0.0,1,0.010374043,1.313136623,1.3298085435281821
PEPBAO_clean,PEPBAO_clean,5.10254,3.95909,5.10254,1.42412,833.906,585.559,0.0,0.0,0.4934,0.34646,0.0,0,0.011415472,1.477424087,1.6182801136274174
PEPFAT_clean,PEPFAT_clean,10.91726,6.85852,7.70966,1.0029,2251.01,2244.49,0.0,0.0,0.6862,0.684214,0.0,1,0.015443641,3.424409109,3.3413746846875574
PEPKUR_clean,PEPKUR_clean,4.38796,3.85266,4.37809,1.51141,576.087,381.159,0.0,0.0,0.4116,0.272329,0.0,0,0.020645319,2.102966893,1.8390207490891521
PEVFON_clean,PEVFON_clean,11.13773,3.47627,11.13633,0.923906,1490.46,1613.21,0.0,0.0,0.6306,0.682537,0.0,0,0.007748397,1.942726437,1.9994768497901672
PEWGEF_clean,PEWGEF_clean,9.8037,7.11476,9.8037,1.04146,1816.14,1743.84,0.0,0.0,0.6896,0.662146,0.0,1,0.005844561,1.482545764,1.571384506778213
PEXFAA_clean,PEXFAA_clean,6.38992,4.78581,6.38785,0.722856,2527.72,3496.86,0.0,0.0,0.6962,0.963124,0.0,1,0.013879134,3.531890449,3.534690056009536
PEYSIW_clean,PEYSIW_clean,5.69089,4.7197,5.69089,1.0552,1032.59,978.576,0.0,0.0,0.5102,0.483511,0.0,0,0.016501874,2.725919554,2.4408823120814533
PIDMEV_clean,PIDMEV_clean,7.7619,4.42953,7.71379,1.03258,1688.46,1635.19,0.0,0.0,0.5902,0.57158,0.0,1,0.017054744,3.383434436,3.21183929714731
PIJDIX_clean,PIJDIX_clean,5.30724,3.52085,5.26545,1.71921,1128.44,656.369,0.0,0.0,0.5814,0.338178,0.0,1,0.018136562,2.109298552,2.326365756471504
PIQMOT_clean,PIQMOT_clean,6.47127,5.32823,6.30186,1.23035,1074.68,873.471,0.0,0.0,0.4866,0.395496,0.0,0,0.016862735,2.379312345,2.2827314151463822
PIQMUZ_clean,PIQMUZ_clean,5.76653,4.2611,5.71921,1.16552,750.166,643.631,0.0,0.0,0.4826,0.414063,0.0,1,0.009824795,1.453698589,1.5059091891836904
PIYZED02_clean,PIYZED02_clean,6.95041,5.62583,6.95041,1.04842,2625.12,2503.87,0.0,0.0,0.7248,0.691323,0.0,0,0.005220991,1.404524488,1.3928723645140941
PIZHOX_clean,PIZHOX_clean,6.00527,4.8111,5.6775,0.960875,2065.34,2149.44,0.0,0.0,0.6412,0.667309,0.0,1,0.014153233,2.983880712,3.090785481367245
PIZPET_clean_h,PIZPET_clean_h,5.00612,4.07229,4.54032,1.30745,1650.65,1262.5,0.0,0.0,0.5638,0.431222,0.0,1,0.012366737,2.345559108,2.467725141176284
PIZRUN_clean,PIZRUN_clean,5.3818,4.43333,5.37307,1.2127,1196.95,987.011,0.0,0.0,0.5248,0.432754,0.0,1,0.019639114,2.637602681,2.624162558279949
POBVIN_clean,POBVIN_clean,9.76079,6.4479,9.73092,0.869183,2049.78,2358.28,0.0,0.0,0.696,0.800752,0.0,1,0.013613912,3.251713033,3.0687819039171647
PODKOK_clean,PODKOK_clean,18.51885,8.56409,12.59731,0.489414,2180.69,4455.72,0.0,0.0,0.8128,1.66076,0.0,1,0.01414785,3.866182616,3.810794158776246
PODVIP_clean,PODVIP_clean,4.42056,3.62761,4.42056,2.28386,243.746,106.725,0.0,0.0,0.3946,0.172778,0.0,1,0.004671269,0.528036735,0.6084475275230885
POKSAL_clean,POKSAL_clean,5.16886,3.80347,5.16886,2.04384,546.746,267.509,0.0,0.0,0.4218,0.206376,0.0,1,0.004715297,0.781064187,0.6532241204277942
POKTIU_clean,POKTIU_clean,5.25513,3.88718,5.24992,2.03578,584.018,286.877,0.0,0.0,0.4004,0.196682,0.0,1,0.003858008,0.686692935,0.605731997338274
PONSOC_clean,PONSOC_clean,7.4772,6.20805,7.45867,0.784087,1906.95,2432.06,0.0,0.0,0.6546,0.834856,0.0,1,0.01449767,3.454469053,3.374571193986199
PORVUO_clean,PORVUO_clean,4.67797,3.97904,4.67797,1.06036,1507.72,1421.89,0.0,0.0,0.5284,0.498321,0.0,0,0.031380561,3.978536276,4.213611061694211
POTREX_clean,POTREX_clean,14.70007,10.79864,14.70007,0.483438,2025.11,4188.97,0.0,0.0,0.7802,1.61386,0.0,1,0.014734408,3.992599872,3.8388595310584748
PUFRIR_clean,PUFRIR_clean,5.81593,4.39318,5.8122,0.99503,2005.1,2015.11,0.0,0.0,0.6314,0.634554,0.0,1,0.011415609,2.525945582,2.5471104941149463
PUGSOB_clean,PUGSOB_clean,9.50607,8.86576,9.50607,0.864037,2169.58,2510.98,0.0,0.0,0.6944,0.803669,0.0,1,0.018025251,3.661417315,3.630296408137882
PURJES_clean,PURJES_clean,6.1741,5.21501,6.1741,1.07844,1412.21,1309.49,0.0,0.0,0.5678,0.526503,0.0,1,0.032299499,3.741980108,3.762635598184293
PUWDOA_clean,PUWDOA_clean,10.50578,8.82117,10.50578,0.768678,1898.43,2469.74,0.0,0.0,0.689,0.896344,0.0,1,0.017183792,3.791482327,3.439763989868152
PUYZUF_clean,PUYZUF_clean,5.69776,3.92558,5.6607,1.26995,1498.86,1180.25,0.0,0.0,0.59,0.464585,0.0,0,0.020937677,2.700411636,3.207660415458412
PUZKOM_clean,PUZKOM_clean,5.73239,3.68789,5.71092,1.28608,1004.7,781.21,0.0,0.0,0.5098,0.396397,0.0,1,0.022291215,2.45087665,2.5440114527271622
PUZLUS_clean,PUZLUS_clean,15.09144,8.39804,15.08737,0.46153,2323.48,5034.3,0.0,0.0,0.8014,1.7364,0.0,0,0.014670494,3.982175387,4.0136346221207
PUZMAZ_manual,PUZMAZ_manual,16.4214,9.23775,16.40927,0.447552,2179.79,4870.46,0.0,0.0,0.7972,1.78124,0.0,0,0.013705492,3.810500143,3.825269522095496
PYDCUT_clean,PYDCUT_clean,5.31645,4.73242,5.31645,1.56466,1273.49,813.911,0.0,0.0,0.5466,0.349342,0.0,0,0.012794755,1.932786921,2.0319209562383103
QADWOK_clean,QADWOK_clean,4.58729,3.99418,4.55638,1.86546,733.177,393.026,0.0,0.0,0.4474,0.239833,0.0,0,0.015911599,1.795792076,1.6759139489493773
QALHIX_clean,QALHIX_clean,10.92504,5.92348,10.86207,0.740473,2226.36,3006.67,0.00873198,0.0117924,0.7394,0.998552,0.0,1,0.012942343,3.393176214,3.27158722280768
QAPQEE_clean,QAPQEE_clean,4.84641,3.70884,4.84641,1.26705,1206.55,952.253,0.0,0.0,0.5406,0.426661,0.0,1,0.010579437,2.127374213,1.9414682282499918
QARCET_clean,QARCET_clean,5.6311,3.58556,5.5035,1.43101,772.342,539.717,0.0,0.0,0.4414,0.308453,0.0,0,0.015585291,1.628725422,1.721579980467562
QATLEE_clean,QATLEE_clean,5.57595,4.31452,5.57595,1.46536,813.962,555.469,0.0,0.0,0.467,0.318693,0.0,1,0.034397,2.072732228,2.3290239788312723
QATPOR_clean,QATPOR_clean,4.01523,3.48616,4.00077,2.44828,405.938,165.805,0.0,0.0,0.3718,0.151862,0.0,1,0.024841943,1.430159169,1.7316104679779325
QEBGEL_clean,QEBGEL_clean,6.08453,4.84553,6.08453,1.01993,1460.11,1431.58,0.0,0.0,0.5522,0.54141,0.0,0,0.019016722,3.238469117,3.027833333360257
QEBKUF_SL,QEBKUF_SL,9.81772,5.95471,9.68668,0.686123,2457.39,3581.56,0.0,0.0,0.7136,1.04005,0.0,0,0.016891623,4.17650096,4.043829027766666
QEFWUV_clean,QEFWUV_clean,32.36037,28.26773,32.35632,0.473548,1565.06,3304.96,0.0,0.0,0.826,1.74428,0.000422344,1,0.012124936,3.220187496,3.2600332918425172
QERWAL_clean,QERWAL_clean,6.23685,3.59052,6.23393,0.96089,1663.57,1731.28,0.0,0.0,0.5974,0.621716,0.0,0,0.01806454,3.185050136,3.3933488005792762
QESLOQ_clean,QESLOQ_clean,6.6747,4.69389,6.6747,2.0556,1217.11,592.095,0.0,0.0,0.5328,0.259195,0.0,1,0.01559177,2.329111621,1.9569716674598543
QETCUO_clean,QETCUO_clean,6.89128,4.79138,6.89128,1.23174,1603.73,1302.0,0.0,0.0,0.5742,0.46617,0.0,1,0.012070952,2.415346774,2.406471572190692
QIQTAN_clean,QIQTAN_clean,5.97055,4.70307,5.97055,1.22492,943.091,769.92,0.0,0.0,0.5008,0.408843,0.0,1,0.010888678,1.685425039,1.7372828547198678
QIVJAG_clean,QIVJAG_clean,6.03486,4.47657,5.9683,0.924756,2925.59,3163.63,0.0,0.0,0.7036,0.760849,0.0,1,0.007805661,2.095320395,2.1168696024259184
QIWCOQ_clean,QIWCOQ_clean,7.90536,6.37424,7.89587,0.88756,1705.8,1921.9,0.0,0.0,0.6366,0.717248,0.0,1,0.01696434,3.745971189,3.5042764740917893
QIWDOR_clean,QIWDOR_clean,4.59203,4.06699,4.58575,1.55074,682.335,440.007,0.0,0.0,0.3988,0.257168,0.0,1,0.01346191,1.37938106,1.5308107936697621
QIXNES_clean,QIXNES_clean,5.40564,4.53621,5.32703,1.33406,1524.22,1142.54,0.0,0.0,0.5456,0.408976,0.0,1,0.0149464,2.354167737,2.5292539426267338
QIXSOG_clean,QIXSOG_clean,7.51562,5.04263,7.51562,0.608086,2919.24,4800.71,0.0,0.0,0.776,1.27614,0.0,1,0.007535163,2.131311505,2.2608333219090353
QIZLIW_clean,QIZLIW_clean,6.45845,5.65073,6.45505,1.52092,1546.0,1016.49,0.0,0.0,0.5696,0.374511,0.0,1,0.008697848,1.805203585,1.7327496656931105
QODHUO02_clean,QODHUO02_clean,7.03734,3.63732,6.65847,1.31371,1014.75,772.431,0.0,0.0,0.5018,0.381972,0.0,1,0.008384276,1.528831274,1.5206856442771486
QODHUO13_clean,QODHUO13_clean,7.01938,3.75717,6.78624,1.32807,1011.93,761.958,0.0,0.0,0.4912,0.36986,0.0,1,0.008729167,1.527637637,1.5441783457869334
QOFBIY01_clean,QOFBIY01_clean,7.02313,3.82948,7.02313,1.33462,1010.65,757.254,0.0,0.0,0.4866,0.364598,0.0,1,0.008981095,1.550321386,1.587749064987932
QOFBIY02_clean,QOFBIY02_clean,7.03275,3.83288,6.70379,1.33192,1017.39,763.856,0.0,0.0,0.4894,0.36744,0.0,1,0.008945769,1.550009962,1.5925368973845893
QOFDIA05_clean,QOFDIA05_clean,7.02958,3.74465,6.95589,1.32702,1017.45,766.718,0.0,0.0,0.49,0.36925,0.0,1,0.008611104,1.538027112,1.537928335391523
QOFDIA07_clean,QOFDIA07_clean,7.02954,3.71586,6.33543,1.32374,1036.28,782.845,0.0,0.0,0.4912,0.371071,0.0,1,0.008656656,1.537260172,1.5504153346526284
QOMRUH_clean,QOMRUH_clean,5.91598,4.8393,5.90444,0.946458,2296.32,2426.22,0.0,0.0,0.6568,0.693956,0.0,1,0.014179905,3.148581472,3.1713096279239172
QOMTET_clean,QOMTET_clean,4.76534,3.95054,4.76534,1.34356,1133.18,843.42,0.0,0.0,0.5016,0.373337,0.0,1,0.02330608,2.809774874,2.7850540215576074
QOQWOK01_clean,QOQWOK01_clean,8.63633,6.73186,8.63063,0.935461,1473.57,1575.23,0.0,0.0,0.5784,0.618305,0.0,0,0.014431762,3.16632368,2.9070237481041383
QOSJOZ_clean,QOSJOZ_clean,8.08316,3.97327,8.04054,1.14357,1840.46,1609.4,0.0,0.0,0.6224,0.54426,0.0,1,0.010777672,2.393855088,2.3645211618663464
QOVDEL_clean,QOVDEL_clean,9.82811,9.16141,9.82811,1.34846,1344.96,997.404,0.0,0.0,0.5734,0.425224,0.0,1,0.003385202,0.950926486,0.8991601124303148
QOWRAV04_clean,QOWRAV04_clean,16.39644,5.24663,16.39644,0.717349,2130.73,2970.28,0.0,0.0,0.7132,0.994216,0.0,1,0.016480273,3.72528252,3.766352434266355
QOYLOG_clean,QOYLOG_clean,5.80261,4.54109,5.79964,1.48289,1070.97,722.217,0.0,0.0,0.498,0.335831,0.0,1,0.024704115,2.323532429,2.476574522967088
QUFTAM_clean,QUFTAM_clean,4.97686,4.54571,4.97686,1.56592,814.078,519.872,0.0,0.0,0.4264,0.2723,0.0,1,0.013624851,1.561947617,1.581840104752878
QUMFUB_clean,QUMFUB_clean,6.17873,3.70632,6.16879,1.24989,1414.19,1131.45,0.0,0.0,0.5442,0.435399,0.0,0,0.014784025,2.580931695,2.526793011672369
QUNVIG_clean,QUNVIG_clean,7.99116,6.98056,7.99116,0.854766,1939.43,2268.96,0.0,0.0,0.6666,0.779862,0.0,0,0.008820074,2.446753389,2.331475649577783
QUPJAN_clean,QUPJAN_clean,5.93426,3.61461,5.81162,1.33898,708.592,529.204,195.452,145.971,0.4828,0.360574,0.0,0,0.020970399,2.053171087,2.134384132248873
QUQBAH_clean,QUQBAH_clean,9.66456,8.22981,9.66456,0.719522,1817.4,2525.84,0.0,0.0,0.7038,0.978149,0.0,0,0.014449605,3.603509827,3.485171700785621
QUQHAM_clean,QUQHAM_clean,4.11745,3.56035,4.11745,2.20732,218.405,98.9459,0.0,0.0,0.3616,0.163818,0.0,1,0.005639162,0.784823125,0.7788087843905369
QUSBIP_clean,QUSBIP_clean,10.66909,7.4091,8.27581,0.565023,2406.95,4259.92,0.0,0.0,0.764,1.35216,0.0,1,0.01192417,3.507056095,3.269216147172326
QUSRIH_clean,QUSRIH_clean,4.38791,3.69157,4.27847,1.86379,1077.12,577.916,0.0,0.0,0.549,0.294561,0.0,1,0.009713722,1.657545276,1.765887693801027
QUXROS_clean,QUXROS_clean,5.0019,3.66108,4.98081,1.56447,446.305,285.275,0.0,0.0,0.341,0.217965,0.0,0,0.042076687,1.455877398,1.4901557723770575
QUXRUY_clean,QUXRUY_clean,4.90652,3.5734,4.90652,1.57471,420.432,266.99,0.0,0.0,0.3326,0.211213,0.0,0,0.042317678,1.440290599,1.4893921863255868
RAFNUH01_clean,RAFNUH01_clean,5.42763,5.00502,5.42763,1.15566,1031.44,892.51,0.0,0.0,0.5104,0.441654,0.0,0,0.007250796,1.423853412,1.4121631510966985
RAFNUH_clean,RAFNUH_clean,4.89776,4.80325,4.89776,1.32249,640.157,484.055,0.0,0.0,0.4324,0.326959,0.0,0,0.013126483,1.463530237,1.559725800663152
RAJFAM_clean,RAJFAM_clean,5.76966,4.83521,5.76966,1.51984,1227.59,807.709,0.0,0.0,0.4906,0.322798,0.0,1,0.015233351,2.124028023,2.1159076695759667
RAJFEQ_clean,RAJFEQ_clean,6.16839,5.15091,6.14553,1.469,1288.74,877.291,0.0,0.0,0.5068,0.344997,0.0,1,0.014751325,2.16615587,2.20500578663728
RAKCUC_clean,RAKCUC_clean,8.57661,7.89234,8.55843,1.19439,2063.73,1727.86,0.0,0.0,0.673,0.563469,0.0,0,0.009094033,2.176953663,2.1685716200841187
RANNOM_clean,RANNOM_clean,5.69914,3.57907,5.69914,1.37889,1612.66,1169.53,0.0,0.0,0.555,0.402497,0.0,1,0.01068472,2.138825298,2.0749125157697197
RASXIT_clean,RASXIT_clean,5.08501,3.51139,5.08501,2.43093,644.893,265.287,0.0,0.0,0.4018,0.165287,0.0,1,0.005879153,0.751370181,0.8249443223102544
RATRUB_clean,RATRUB_clean,5.58846,4.62948,5.58392,1.75407,1139.55,649.659,0.0,0.0,0.5118,0.291778,0.0,1,0.016964145,1.952836198,2.078451590150867
RATSAI_clean,RATSAI_clean,5.60614,4.62847,5.47098,1.77494,1148.07,646.824,0.0,0.0,0.5046,0.284292,0.0,1,0.01735764,1.95159935,2.0797236562997776
RAVWIW_clean,RAVWIW_clean,30.70055,30.14408,30.70055,0.362219,1156.23,3192.07,0.0,0.0,0.82,2.26383,0.0,1,0.014405219,3.461884288,3.822699794856619
RAVWUI_clean,RAVWUI_clean,36.78756,36.43313,36.78756,0.334728,1010.86,3019.95,0.0,0.0,0.8506,2.54117,0.0,1,0.013372317,3.452842607,3.5319017268070914
RAWZIA_clean,RAWZIA_clean,5.39589,4.8012,5.39589,1.33412,1219.23,913.881,0.0,0.0,0.473,0.35454,0.0,0,0.033730022,2.802405584,2.9983444357816045
RAYMIP_clean,RAYMIP_clean,13.47425,9.8037,13.46784,0.502799,2109.81,4196.14,0.0,0.0,0.8088,1.6086,0.0,1,0.014773976,4.099162069,3.8506390090421045
RAZYOI_clean,RAZYOI_clean,7.72531,5.99694,7.71841,1.07668,1740.27,1616.34,0.0,0.0,0.608,0.564701,0.0,0,0.016668458,3.384289835,3.113940443525987
REDYEG_clean,REDYEG_clean,6.00247,5.30071,6.00247,1.71779,1047.72,609.926,0.0,0.0,0.4804,0.279662,0.0,0,0.010043712,1.373315274,1.4767421391029567
REGRAY_clean,REGRAY_clean,9.45537,5.54963,9.26082,0.925798,2318.33,2504.14,0.0,0.0,0.7126,0.769715,0.0,1,0.014119407,3.377511114,3.2040834054346345
REGRIG_clean,REGRIG_clean,9.2158,6.6287,9.19553,0.813635,2298.6,2825.1,0.0,0.0,0.7402,0.909744,0.0,1,0.012697052,3.137539025,3.1664895465354412
REJLEY_clean,REJLEY_clean,5.1864,4.84916,5.1864,1.17199,1483.96,1266.19,0.0,0.0,0.5272,0.449833,0.0,0,0.023792898,3.069429991,3.2197664274073388
RETBEZ_clean,RETBEZ_clean,5.70035,3.74465,5.68395,1.36188,872.92,640.965,0.0,0.0,0.4694,0.344669,0.0,1,0.015452339,1.916094082,1.935577110636293
REWLEM_clean_h,REWLEM_clean_h,12.46985,5.92009,12.2403,0.703058,2170.85,3087.73,0.0,0.0,0.7184,1.02182,0.0,1,0.018162485,3.914212826,3.880670986602434
REWNEO_clean,REWNEO_clean,19.37323,6.76945,10.17378,0.57834,2196.18,3797.39,0.0,0.0,0.79,1.36598,0.0,1,0.014814548,3.77221624,3.7676477661146155
REXDEF_clean,REXDEF_clean,8.48446,5.31586,8.48446,1.36884,1680.23,1227.48,0.0,0.0,0.6354,0.464188,0.0,0,0.006347521,1.513787105,1.5016019298266299
REXFIL_clean,REXFIL_clean,8.77344,5.77864,8.77344,1.35848,1719.23,1265.56,0.0,0.0,0.6372,0.469054,0.0,1,0.006300122,1.514677811,1.482604730052451
REYBAA_clean,REYBAA_clean,4.19945,3.50951,4.19839,1.29344,533.841,412.731,0.0,0.0,0.4586,0.35456,0.0,0,0.007435712,1.192175752,1.386594438362068
REZXOK_clean,REZXOK_clean,14.21059,13.62195,14.20905,0.470058,1999.64,4254.04,0.0,0.0,0.8176,1.73936,0.0,1,0.010184405,2.94729265,2.949112882281451
RIGTIL_clean,RIGTIL_clean,6.02864,4.29629,6.02864,1.13222,1723.76,1522.46,0.0,0.0,0.6098,0.538588,0.0,0,0.022541638,3.578834289,3.609857651428868
RIRDED_clean,RIRDED_clean,8.69638,4.93276,7.75095,1.22642,1303.46,1062.82,0.0,0.0,0.5456,0.444872,0.0,1,0.012908559,2.287613171,2.3104511878379514
RIXBEG_clean,RIXBEG_clean,6.00946,4.04752,5.99904,1.21211,664.521,548.234,0.0,0.0,0.4704,0.388083,0.0,1,0.013003805,1.528623479,1.7000970985763328
RIYBEI_clean,RIYBEI_clean,8.30815,7.80553,8.30815,1.20426,2064.05,1713.96,0.0,0.0,0.6688,0.555362,0.0,0,0.009223063,2.174766723,2.162810337236195
RIYBIM_clean,RIYBIM_clean,8.35741,7.50788,8.28491,1.24126,2090.26,1683.99,0.0,0.0,0.6636,0.534619,0.0,0,0.009941949,2.31678939,2.2809609855832944
RIYWED_clean,RIYWED_clean,4.63321,3.54746,4.62492,1.48698,355.273,238.923,0.0,0.0,0.3958,0.266178,0.0,1,0.006991617,1.137390015,1.0107131211239637
ROGSAI_clean,ROGSAI_clean,7.26111,4.49108,7.2508,1.17019,1831.91,1565.48,0.0,0.0,0.6072,0.51889,0.0,1,0.009155559,2.175257428,2.059895458530057
RORRIB_clean,RORRIB_clean,5.56844,4.5608,5.56844,2.09957,1607.82,765.783,0.0,0.0,0.5896,0.280819,0.0,1,0.005880531,1.205966499,1.2180069936355022
RORTAV_clean,RORTAV_clean,9.60382,5.42977,9.56238,0.669195,1791.93,2677.74,407.039,608.252,0.711,1.06247,0.0,0,0.013968321,3.623673852,3.6472825218279206
ROTQIC_clean,ROTQIC_clean,4.94875,3.6681,4.74718,1.32167,723.976,547.773,0.0,0.0,0.481,0.363934,0.0,1,0.008237675,1.434608037,1.3255464070291045
RUBTAK01_SL,RUBTAK01_SL,8.70379,4.00842,8.70379,1.20121,1712.27,1425.46,0.0,0.0,0.5914,0.492338,0.000832496,0,0.013425994,2.342982296,2.5100436401800947
RUFRIV_clean,RUFRIV_clean,7.49731,4.21343,7.49731,1.44845,1008.29,696.116,0.0,0.0,0.4786,0.330421,0.0,1,0.008700707,1.590221716,1.4721870225894098
RUFTET_clean,RUFTET_clean,5.41592,3.76809,5.41592,1.32563,1019.52,769.082,0.0,0.0,0.4806,0.362546,0.0,0,0.008551545,1.707898977,1.4775789077937425
RUHFUX_clean,RUHFUX_clean,9.94292,8.65457,9.91903,0.903529,2165.07,2396.24,0.0,0.0,0.7826,0.86616,0.0,1,0.005239256,1.506338687,1.432441094518205
RULBOQ_clean,RULBOQ_clean,7.47442,6.27169,7.47442,1.39226,1576.48,1132.32,0.0,0.0,0.6106,0.438569,0.0,1,0.004811852,1.171231144,1.240773716213846
RUSWOT_clean,RUSWOT_clean,6.47922,3.93218,6.4245,1.19886,1481.92,1236.11,0.0,0.0,0.5554,0.463273,0.0,1,0.01276546,2.467361843,2.43719007832708
RUSXAG_clean,RUSXAG_clean,6.44133,3.78742,6.3358,1.2672,1503.0,1186.08,0.0,0.0,0.5486,0.432924,0.0,1,0.013136204,2.424747054,2.437064014245154
RUYNIK_clean,RUYNIK_clean,5.71975,3.68772,5.7164,1.35451,1400.63,1034.05,0.0,0.0,0.5398,0.398522,0.0,1,0.010808728,1.99811738,1.9585034999754998
S2052520616005515_bm5080sup1_clean,S2052520616005515_bm5080sup1_clean,4.47894,3.61798,4.46305,1.15409,1529.36,1325.16,0.0,0.0,0.5662,0.490602,0.0,0,0.021460991,3.756641828,3.6518028874028317
SABVUN_clean_h_min,SABVUN_clean_h_min,7.01984,6.76477,7.01984,0.978971,1612.66,1647.3,0.0,0.0,0.5868,0.599405,0.0,0,0.024411855,3.259795158,3.4188266305018313
SACDOR_clean,SACDOR_clean,8.1061,7.63768,8.07477,1.2392,2030.48,1638.54,0.0,0.0,0.6692,0.540025,0.0,1,0.009341561,2.155645819,2.1455029179443765
SAJRUT_clean,SAJRUT_clean,6.75939,5.98836,6.75562,0.832145,2447.69,2941.42,0.0,0.0,0.6812,0.818608,0.0,1,0.015831775,3.863058674,3.77491016591091
SAMVEK_clean,SAMVEK_clean,7.83578,6.98017,7.83578,0.980713,1609.04,1640.69,0.0,0.0,0.611,0.623016,0.0,0,0.011450669,2.720459187,2.5563983007067392
SANGEW_clean,SANGEW_clean,6.64431,4.85626,6.63808,1.45126,1299.25,895.255,0.0,0.0,0.529,0.36451,0.0,1,0.022525613,3.013007244,2.650981576741322
SANGUM_clean,SANGUM_clean,6.61883,4.82903,6.58035,1.50455,1309.82,870.575,0.0,0.0,0.5346,0.355323,0.0,1,0.016043968,2.525907042,2.276608946393738
SANHIB_clean,SANHIB_clean,6.11189,4.81167,6.1084,1.59136,1228.71,772.117,0.0,0.0,0.5088,0.319727,0.0,1,0.02142212,2.628264584,2.469648561755363
science.1056698_manual,science.1056698_manual,16.36523,5.22927,16.36523,0.720658,2117.08,2937.7,0.0,0.0,0.7092,0.9841,0.0,1,0.016522227,3.725859561,3.7636924959048543
SEFVUW_clean,SEFVUW_clean,11.26795,3.60856,11.26795,0.928704,1552.88,1672.09,0.0,0.0,0.6514,0.701407,0.0,0,0.006845709,1.853810808,1.7979470548608307
SEFWEH_clean,SEFWEH_clean,11.26494,3.61002,11.26494,0.914157,1525.26,1668.49,0.0,0.0,0.6436,0.704037,0.0,0,0.007668304,1.970351556,1.9994618415488454
SEFWIL_clean,SEFWIL_clean,11.33313,3.69478,11.33313,0.92841,1562.33,1682.8,0.0,0.0,0.6504,0.700552,0.0,0,0.006575839,1.767070008,1.75143501918705
SEHTAB_clean,SEHTAB_clean,5.41612,4.59352,5.36104,1.41024,2230.71,1581.8,0.0,0.0,0.6402,0.453966,0.0,1,0.017140323,3.291238271,3.124060294173035
SEHTEF_clean,SEHTEF_clean,5.47631,4.61623,5.47631,1.08146,2270.04,2099.06,0.0,0.0,0.6446,0.596049,0.0,1,0.018748561,3.840515928,3.5810787376799165
SEHVOQ_clean,SEHVOQ_clean,4.8676,3.87877,4.8676,1.74504,1289.65,739.04,0.0,0.0,0.497,0.284807,0.0,1,0.021099096,3.016092938,2.490812743379969
SETQAL_clean,SETQAL_clean,4.42679,4.26632,4.42679,1.31307,1092.38,831.931,0.0,0.0,0.5278,0.40196,0.0,0,0.024748652,2.632269168,2.859681005121368
SETQOZ_SL,SETQOZ_SL,7.85539,7.34267,7.85421,0.993925,1777.54,1788.41,0.0,0.0,0.6354,0.639284,0.0,0,0.013701758,3.304205137,3.1898375404610713
SETRAM_clean,SETRAM_clean,8.05582,7.60574,8.05085,0.990751,1790.54,1807.25,0.0,0.0,0.6356,0.641533,0.0,0,0.015187967,3.63267663,3.310991467197161
SEVLEM_clean,SEVLEM_clean,9.1752,7.37433,9.1752,0.963135,2062.24,2141.17,0.0,0.0,0.6686,0.694191,0.0,1,0.00795668,1.907409186,2.1011111353760747
SEZPOE_clean,SEZPOE_clean,4.80607,4.08896,4.78655,1.66902,1314.15,787.374,0.0,0.0,0.5938,0.355777,0.0,0,0.014483686,2.390190607,2.2754142117373526
SIVJIS_clean,SIVJIS_clean,6.47513,4.62269,6.40533,1.38853,1236.89,890.797,0.0,0.0,0.5274,0.379827,0.0,0,0.015954546,2.124446331,2.289348226110993
SODXUG_clean,SODXUG_clean,4.72864,4.01613,4.71178,1.34536,905.757,673.244,0.0,0.0,0.4682,0.34801,0.0,1,0.027998468,2.703837358,2.7204349745293044
SOHBUO_clean,SOHBUO_clean,4.82292,4.04207,4.82292,1.2506,823.12,658.177,0.0,0.0,0.481,0.384614,0.0,1,0.011419983,1.69370118,1.7453574417037907
SOHGUS_clean,SOHGUS_clean,9.69532,8.17838,9.6883,0.723839,1841.74,2544.41,0.0,0.0,0.707,0.976737,0.0,0,0.012810652,3.254340302,3.216500703927431
SOJGOO_clean,SOJGOO_clean,6.25393,4.92061,6.24311,1.24524,1162.74,933.744,0.0,0.0,0.513,0.411967,0.0,1,0.017192406,2.428768493,2.411179759738691
SOKWAS_clean,SOKWAS_clean,6.00629,4.14523,5.99555,1.89659,1733.95,914.246,0.0,0.0,0.6016,0.317201,0.0,1,0.009178805,1.727178181,1.738862480397331
SOMFAC_clean,SOMFAC_clean,6.70637,6.34214,6.70637,1.04875,2285.42,2179.2,0.0,0.0,0.6702,0.639049,0.0,0,0.022702406,4.527578647,4.502164399233392
SOMFIK_clean,SOMFIK_clean,6.73279,6.35537,6.73279,1.03071,2266.62,2199.08,0.0,0.0,0.6584,0.63878,0.0,0,0.022807694,4.499317368,4.454361753911815
SONTOF_clean,SONTOF_clean,6.50923,5.39354,6.50923,1.11456,2282.12,2047.56,0.0,0.0,0.6604,0.592523,0.0,1,0.010584718,2.336770508,2.443326675031436
SONTUL_neutral_b,SONTUL_neutral_b,11.07564,6.55104,11.07564,0.882976,2163.69,2450.45,0.0,0.0,0.717,0.812027,0.0,1,0.016584091,3.152790985,3.3120471569589207
SONVIB_neutral_b,SONVIB_neutral_b,13.19327,6.63983,13.19327,0.881013,2113.29,2398.7,0.0,0.0,0.7204,0.817695,0.0,1,0.017033566,3.125626138,3.25177474020188
SOTWOP_clean,SOTWOP_clean,6.21348,5.18247,6.21348,1.16378,2263.81,1945.21,0.0,0.0,0.6514,0.559726,0.0,1,0.009648647,2.287175842,2.287022041120626
SOTWUV_clean,SOTWUV_clean,6.18672,5.12197,6.18672,1.20466,2258.56,1874.85,0.0,0.0,0.6516,0.540898,0.0,1,0.009631611,2.269823499,2.270496985979591
SOTXAC_clean,SOTXAC_clean,6.12649,5.14189,6.12133,1.25484,2251.96,1794.63,0.0,0.0,0.645,0.514011,0.0,1,0.009871028,2.269177491,2.2403240862265967
SOYWUZ_clean,SOYWUZ_clean,13.18202,6.56101,13.18202,0.874244,2168.24,2480.14,0.0,0.0,0.7172,0.820366,0.0,1,0.013966171,2.96661779,3.043681514251678
SOZSUX_clean,SOZSUX_clean,8.70746,3.96873,8.68609,1.0202,1783.95,1748.63,0.0,0.0,0.6284,0.615958,0.0,1,0.018843485,3.877715476,3.6605334188443326
SUBMIN_clean,SUBMIN_clean,9.97573,6.14945,9.9755,0.833875,1650.14,1978.89,0.0,0.0,0.635,0.761505,0.0,0,0.014320317,3.127460477,3.0158657029705935
SUFBAY_clean,SUFBAY_clean,6.49481,4.4278,6.49481,0.863231,1967.74,2279.51,0.0,0.0,0.608,0.704331,0.0,0,0.026693103,3.919757452,4.495455472285414
SUFROA_clean,SUFROA_clean,5.45181,5.00801,5.45026,0.91452,1466.61,1603.69,0.0,0.0,0.6234,0.681669,0.0,0,0.014972791,3.184996387,2.9121332246406997
SUGDIJ_auto,SUGDIJ_auto,12.99556,11.59411,12.53696,0.409914,1974.15,4816.02,0.0,0.0,0.8394,2.04775,0.0,0,0.01227763,3.384798531,3.628270849905936
SUKKUF_clean,SUKKUF_clean,5.04,3.85862,5.04,2.47267,613.367,248.059,0.0,0.0,0.3764,0.152224,0.0,1,0.005425819,0.839508673,0.7098370173792246
SURDOA_clean,SURDOA_clean,4.38797,3.72635,4.38797,1.29817,708.567,545.82,0.0,0.0,0.448,0.345101,0.0,0,0.008693108,1.449784569,1.4519612765230778
TACPAP_clean,TACPAP_clean,6.18933,6.06319,6.18525,1.70548,627.561,367.968,0.0,0.0,0.428,0.250956,0.0,0,0.00794152,0.942107291,1.147584671271663
TADCOS_clean,TADCOS_clean,5.56445,4.67968,5.55486,1.27739,2127.97,1665.87,0.0,0.0,0.6456,0.505404,0.0,0,0.014772666,3.000023781,3.014890858880516
TADYII_clean,TADYII_clean,4.96323,4.04573,4.95818,1.11527,1604.24,1438.44,0.0,0.0,0.5578,0.500149,0.0,0,0.006711769,1.550211594,1.6656032960846585
TAMHUM_clean,TAMHUM_clean,11.15594,7.259,10.84071,0.82433,2033.72,2467.12,0.0,0.0,0.7282,0.883384,0.0,1,0.006863728,1.920831039,1.8766380466830503
TAQGOK_clean,TAQGOK_clean,4.98254,4.66211,4.92513,1.2855,367.973,286.249,0.0,0.0,0.4142,0.32221,0.0,1,0.00845439,0.911450979,0.9994170110399598
TASWIV_clean,TASWIV_clean,7.31506,6.71653,7.31506,1.25001,1853.82,1483.05,0.0,0.0,0.6122,0.489757,0.0,1,0.009004563,2.062717044,2.0898537434771045
TATPOV_clean,TATPOV_clean,8.94506,6.39643,8.9366,0.932619,2044.77,2192.51,0.0,0.0,0.6812,0.730416,0.0,1,0.014125801,3.39205219,3.1470879179973617
TAWTAP_clean,TAWTAP_clean,4.72389,3.94843,4.7043,1.63068,1518.12,930.97,0.0,0.0,0.6006,0.368312,0.0,0,0.022772451,3.191578003,3.098683399917943
TEHRUU_clean,TEHRUU_clean,4.78045,3.65221,4.45538,1.55312,875.885,563.951,207.395,133.534,0.5568,0.358503,0.0,1,0.004677049,0.984010776,1.0934414032731958
TEJGAS_clean,TEJGAS_clean,4.74057,3.77757,4.73232,1.91081,991.998,519.151,0.0,0.0,0.479,0.250679,0.0,1,0.005204841,1.056451897,1.020708442471128
TEMPEI_clean,TEMPEI_clean,15.71457,10.86579,15.71457,0.592467,1916.3,3234.44,0.0,0.0,0.745,1.25745,0.0,1,0.011506084,2.92685862,3.0473449371421597
TEQPAI_clean,TEQPAI_clean,6.00734,3.70386,5.68806,1.19067,1432.59,1203.18,0.0,0.0,0.596,0.500558,0.0,1,0.021933968,3.297136963,3.3100341803550632
TEQVAO_manual,TEQVAO_manual,4.70544,3.52951,4.70544,1.19795,706.636,589.87,0.0,0.0,0.5124,0.42773,0.0,1,0.011707136,1.764091254,1.8785614025884878
TEQWER01_clean,TEQWER01_clean,4.21874,3.59841,4.17878,1.6409,883.632,538.504,0.0,0.0,0.5372,0.327381,0.0,1,0.008223303,1.518463812,1.5814971265273532
TERNUA_clean,TERNUA_clean,7.01847,4.73004,6.9462,1.44294,1426.15,988.361,0.0,0.0,0.5566,0.385739,0.0,1,0.014825986,2.605447537,2.3895918449428772
TESGOO_clean,TESGOO_clean,4.76391,3.62987,4.72184,1.92126,733.455,381.758,0.0,0.0,0.4574,0.238073,0.0,0,0.012065223,1.469681996,1.4979593322475087
TETVIZ_clean,TETVIZ_clean,5.51517,3.41736,5.00993,2.38206,1155.9,485.251,0.0,0.0,0.4816,0.202178,0.0,1,0.003753981,0.904880569,0.8407481550369056
TETZEX_clean,TETZEX_clean,9.38994,9.11674,9.38994,1.90854,1244.92,652.292,0.0,0.0,0.5738,0.300649,0.0,0,0.029180587,3.834819009,3.541551697833719
TEXTOH_clean,TEXTOH_clean,7.36714,6.73872,7.36371,1.14671,1020.81,890.209,164.756,143.677,0.5422,0.472831,0.0,0,0.011251276,1.785396549,2.107559734899004
TILHAZ_clean,TILHAZ_clean,7.88517,4.63235,7.88517,1.00373,1853.27,1846.38,0.563729,0.561634,0.6258,0.623475,0.0,1,0.007438323,1.814468894,1.8991566477806363
TIQGOQ_clean,TIQGOQ_clean,4.96613,3.45527,4.96613,1.61722,430.124,265.965,0.0,0.0,0.3844,0.237692,0.0,0,0.005912797,1.023337257,0.8769663906737639
TISPAO_clean,TISPAO_clean,11.19601,4.56022,11.19601,1.01627,1481.21,1457.5,344.513,338.997,0.6604,0.649826,0.0,0,0.018384943,2.970874627,3.2487642137217074
TOFTIT_clean,TOFTIT_clean,20.17115,6.28286,20.17115,0.598403,2258.24,3773.78,0.0,0.0,0.7822,1.30715,0.0,1,0.013687309,3.591735137,3.574923077902698
TOHYUL_clean,TOHYUL_clean,7.14824,6.33455,7.14824,1.33984,1522.29,1136.17,0.0,0.0,0.5742,0.428558,0.0,1,0.008888264,1.995857025,1.9769923764896218
TOJLOT_clean,TOJLOT_clean,9.35136,7.4656,9.35136,0.787935,1703.38,2161.83,0.0,0.0,0.6612,0.839156,0.0,0,0.011146196,2.820651761,2.7455840978977033
TOKDON_clean,TOKDON_clean,5.68269,4.05076,5.58356,1.1925,2235.99,1875.04,0.0,0.0,0.6214,0.52109,0.0,1,0.019240753,3.78945165,3.451164596279068
TOLGOR_clean,TOLGOR_clean,5.98694,4.00719,5.95033,1.17836,1406.99,1194.02,0.0,0.0,0.5528,0.469125,0.0,1,0.016502323,2.563736976,2.7543168094915775
TONBOO_clean,TONBOO_clean,4.69422,3.90104,4.69422,1.33698,611.28,457.21,0.0,0.0,0.4482,0.335234,0.0,1,0.018293232,1.87604368,1.8657678799779647
TOPKIT_clean,TOPKIT_clean,8.32819,5.0756,8.31268,0.957644,2418.19,2525.15,0.0,0.0,0.6634,0.692742,0.0,1,0.021408796,4.352105102,4.323367113457857
TORJER_clean,TORJER_clean,5.04936,3.67231,5.03861,1.16476,1436.77,1233.53,0.0,0.0,0.5708,0.490058,0.0,1,0.011364663,2.133292244,2.3036811107234203
TORJUH_clean,TORJUH_clean,5.30819,3.79107,5.29306,1.12185,1513.8,1349.38,0.0,0.0,0.5828,0.519498,0.0,1,0.011599587,2.171013634,2.348769809841219
TORKAO_clean,TORKAO_clean,5.01927,3.67935,4.85274,1.1494,1435.4,1248.83,0.0,0.0,0.5704,0.496261,0.0,1,0.011268817,2.163369361,2.314651285187129
TOVJIZ_clean,TOVJIZ_clean,12.65101,8.2906,12.63941,0.451159,2031.86,4503.64,0.0,0.0,0.8026,1.77897,0.0,1,0.01348847,3.734180746,3.6193955251764045
TOVKEW_clean,TOVKEW_clean,13.15242,8.94797,13.15242,0.566631,2049.64,3617.24,0.0,0.0,0.7342,1.29573,0.0,1,0.016155071,4.012133085,3.69752553410449
TOWXEK_clean,TOWXEK_clean,6.06928,5.16457,6.05534,0.997154,1436.69,1440.79,3.8223,3.83321,0.5782,0.57985,0.0,1,0.014687117,2.616404916,2.7462397468325865
TOZFOF_clean,TOZFOF_clean,13.77283,9.32974,13.77283,0.843356,2144.73,2543.09,0.0,0.0,0.7158,0.848752,0.0,1,0.007614721,1.855023719,2.088909416749563
TUCJAD_clean,TUCJAD_clean,5.76369,4.27387,5.76369,1.22067,1421.06,1164.17,0.0,0.0,0.5556,0.455161,0.0,1,0.016287365,2.678667008,2.6946520160477867
TUMRIE_clean,TUMRIE_clean,4.83008,3.62775,4.83008,1.3408,1128.82,841.902,0.0,0.0,0.5312,0.396182,0.0,1,0.020869587,2.79765646,2.765243516631874
TURDIV_clean,TURDIV_clean,6.92653,4.99633,6.92653,1.00914,1370.8,1358.39,0.0,0.0,0.5476,0.542641,0.0,0,0.016186277,3.037819138,2.7754310754538443
TURDOB_clean,TURDOB_clean,6.98892,4.35902,6.87374,1.03033,1344.35,1304.78,0.0,0.0,0.5432,0.52721,0.0,0,0.015768609,2.901935358,2.6952452035266052
UCABAE_clean,UCABAE_clean,5.42772,4.56824,5.1729,1.09568,662.018,604.208,511.165,466.528,0.544,0.496495,0.0,0,0.022462158,2.810140703,2.954876408811826
UCEXIK_clean,UCEXIK_clean,6.33067,4.85437,6.2578,1.46159,1391.18,951.831,0.0,0.0,0.5718,0.391219,0.0,1,0.012307669,2.124033027,2.135844642129037
UCOJED_clean,UCOJED_clean,7.99802,7.49345,7.99418,1.22768,2022.24,1647.21,0.0,0.0,0.665,0.541674,0.0,0,0.009408051,2.130880479,2.261351794649637
UCUJOU_clean,UCUJOU_clean,7.86092,6.25774,7.86092,1.30122,2380.04,1829.08,0.0681927,0.0524066,0.6862,0.52735,0.0,1,0.005927589,1.493026747,1.4864678188872897
UFASEA_ion_b,UFASEA_ion_b,3.8787,3.48972,3.87221,1.84634,417.315,226.022,88.8958,48.1469,0.4466,0.241883,0.0,1,0.010444909,1.341044785,1.5218410362027561
UFEVIL_clean,UFEVIL_clean,6.75773,4.04783,6.73846,1.05377,1465.81,1391.02,0.0,0.0,0.5784,0.548886,0.0,1,0.010726468,2.273302072,2.21348682524924
UGAQEY_clean,UGAQEY_clean,4.89575,4.03861,4.89307,1.29414,1150.64,889.116,1.22671,0.947894,0.5042,0.389602,0.0,1,0.011680344,1.907989077,1.9942111439574783
UGUHAG_clean,UGUHAG_clean,4.84717,4.36591,4.84717,1.73201,1080.53,623.859,0.0,0.0,0.576,0.332562,0.0,1,0.004292139,1.03303849,0.8939084359290477
UJAQUS_clean,UJAQUS_clean,7.15939,6.10118,7.07981,0.989707,2008.92,2029.81,0.0,0.0,0.6442,0.6509,0.0,1,0.014896565,3.418426289,3.223453499526413
UJEDIX_clean,UJEDIX_clean,4.86939,3.4331,4.86939,1.44888,987.806,681.772,2.33073,1.60864,0.5456,0.376567,0.0,0,0.006896457,1.293758037,1.4272709144789817
UJILAA_clean,UJILAA_clean,19.23413,9.51535,19.23413,0.420332,1982.45,4716.4,0.0,0.0,0.8898,2.1169,0.0,1,0.005998485,1.708988644,2.428606836641961
UJULIW_clean,UJULIW_clean,7.01875,6.807,7.01875,2.47032,548.528,222.047,0.0,0.0,0.3284,0.132938,0.0,1,0.009841111,1.033697955,1.1094567986724935
UJUPUM_clean,UJUPUM_clean,6.77742,5.67068,6.76869,0.861722,2505.7,2907.78,0.0,0.0,0.7082,0.821843,0.0,1,0.009531432,2.416042883,2.502332873572035
ULAQAB_clean,ULAQAB_clean,5.27643,3.51743,4.89733,1.04387,1032.19,988.815,0.0,0.0,0.5466,0.523628,0.0,0,0.01864388,2.746547639,2.7640408976516353
ULEGOH_clean,ULEGOH_clean,6.13177,4.39371,6.11357,1.30509,966.034,740.207,0.0,0.0,0.4766,0.365187,0.0,1,0.014163439,1.606904464,2.0082524524375223
UMOBEF01_clean,UMOBEF01_clean,11.72616,5.98085,11.72563,0.505624,2624.2,5190.03,0.0,0.0,0.792,1.56638,0.0,1,0.014925897,4.040006657,4.084564901557113
UMOBEF05_clean,UMOBEF05_clean,9.81532,6.14212,9.81476,0.699468,2487.48,3556.24,0.0,0.0,0.705,1.00791,0.0,1,0.019633975,4.304165171,4.325512194281602
UMOBEF_clean,UMOBEF_clean,12.498,6.04018,12.42609,0.48038,2503.44,5211.38,0.0,0.0,0.7972,1.65952,0.0,1,0.013971374,3.889789749,3.888497145501733
UMODEH12_clean,UMODEH12_clean,7.73054,5.09547,6.08288,0.751192,2382.98,3172.27,0.0,0.0,0.6794,0.90443,0.0,1,0.021074804,4.23464338,4.516757144416508
UMODEH17_clean,UMODEH17_clean,11.09362,5.25928,11.09362,0.56801,2915.72,5133.22,0.0,0.0,0.7592,1.3366,0.0,1,0.016664104,4.398394322,4.284818346199662
UMODEH19_clean,UMODEH19_clean,9.53314,6.14559,9.53308,0.644874,2729.74,4232.98,0.0,0.0,0.7296,1.13138,0.0,1,0.018991225,4.427928597,4.346883119748495
UMOKIS_clean,UMOKIS_clean,10.47066,8.24292,10.42077,0.843112,1761.07,2088.78,0.0,0.0,0.6618,0.784949,0.0,1,0.010883584,2.669488212,2.5795789498755486
UMOVEZ05_clean,UMOVEZ05_clean,10.32083,5.66439,10.32083,0.556946,2888.61,5186.51,0.0,0.0,0.7674,1.37787,0.0,1,0.016209919,4.314372801,4.259854685521895
UMOVEZ_clean,UMOVEZ_clean,11.7936,5.96806,11.76218,0.502437,2621.26,5217.08,0.0,0.0,0.7922,1.57671,0.0,1,0.014840975,4.018765955,4.059569010169138
UMOVID_clean,UMOVID_clean,12.08323,6.02223,11.77524,0.495095,2551.4,5153.36,0.0,0.0,0.7958,1.60737,0.0,1,0.014664338,4.016245468,4.004732341902748
UMOVOJ_clean,UMOVOJ_clean,12.44931,6.04966,11.64464,0.481059,2488.51,5172.97,0.0,0.0,0.8008,1.66466,0.0,1,0.014395984,3.909827955,3.942722273977764
UMUBAH_clean,UMUBAH_clean,10.24236,5.23581,10.24236,0.576725,2914.77,5054.0,0.0,0.0,0.7536,1.30669,0.0,1,0.01684802,4.387766604,4.293523353911612
UMUBIP_clean,UMUBIP_clean,11.2434,5.32116,11.2434,0.544527,2831.33,5199.61,0.0,0.0,0.7672,1.40893,0.0,1,0.015977703,4.191416546,4.2764833806741365
UNADIX_clean,UNADIX_clean,6.75931,3.87519,6.75562,1.24165,1862.26,1499.83,0.0,0.0,0.6188,0.498371,0.0,0,0.023476879,3.913867383,3.791530864666142
UNAGUN_clean,UNAGUN_clean,6.99295,6.04603,6.99295,0.980411,1997.43,2037.34,0.0,0.0,0.6572,0.670331,0.0,1,0.016366964,3.699826741,3.4539093835488712
UQULAU_clean,UQULAU_clean,7.2826,3.59407,7.2826,0.863333,1569.2,1817.6,0.0,0.0,0.6162,0.713745,0.0,1,0.012923115,2.745012843,2.908994277715693
URUVUA_clean,URUVUA_clean,9.76128,4.51984,9.76128,1.07567,2198.26,2043.62,0.0,0.0,0.6792,0.631422,0.0,1,0.011656258,2.401399174,2.651305972352707
USAWIW_clean,USAWIW_clean,8.66526,5.94328,8.64173,1.00954,1665.76,1650.02,0.0,0.0,0.6018,0.596112,0.0,0,0.009845904,2.293507307,2.246864006861368
USUBUG_clean,USUBUG_clean,5.38089,5.04943,5.38089,1.1373,1931.44,1698.26,0.0,0.0,0.635,0.558338,0.0,0,0.016345668,2.914895038,3.1901117637804877
USUPUV_clean,USUPUV_clean,5.56088,3.62011,5.55354,1.39664,1062.12,760.484,0.0,0.0,0.503,0.36015,0.0,1,0.003037799,0.699911336,0.76172319786652
USUWUC_clean,USUWUC_clean,6.42663,5.71174,6.42663,1.58208,1915.35,1210.65,0.0,0.0,0.6074,0.383924,0.0,0,0.018149547,3.171993803,2.928028644431218
UTEMAJ_clean,UTEMAJ_clean,8.09581,6.09927,8.09581,0.734825,2275.05,3096.04,0.0,0.0,0.6682,0.909332,0.0,1,0.017462602,4.094527045,4.057848834813005
UVANOW_clean,UVANOW_clean,7.79568,5.2994,7.79517,0.823227,2568.33,3119.83,0.0,0.0,0.6984,0.848369,0.0,1,0.014581253,3.345858238,3.5809551639797292
UVIPOF_clean,UVIPOF_clean,13.17946,6.58449,13.17946,0.87003,2145.41,2465.9,0.0,0.0,0.7218,0.829627,0.0,1,0.013767213,2.913980129,2.9831104370318444
UWODAN_clean,UWODAN_clean,6.59983,5.06853,6.59196,1.38828,1109.99,799.546,13.7879,9.93166,0.5174,0.372693,0.0,1,0.009190426,1.71858071,1.6569347354561696
UXAXEY_clean,UXAXEY_clean,6.18002,3.46612,6.18002,1.398,1132.15,809.836,0.0,0.0,0.5144,0.367953,0.0,1,0.017488455,2.266868619,2.3955800066265014
UXUPIN_clean,UXUPIN_clean,7.3374,5.72246,6.07377,0.669934,2447.15,3652.82,0.0,0.0,0.7066,1.05473,0.0,1,0.015965228,4.035497162,3.9493815684938114
UZOBAN_clean,UZOBAN_clean,6.16935,4.44214,6.16935,0.864572,2160.34,2498.74,0.0,0.0,0.6496,0.751355,0.0,1,0.017230414,3.758851673,3.6874258362588153
UZUNAF_clean,UZUNAF_clean,7.30425,6.5808,7.30425,1.26614,1045.59,825.812,0.0,0.0,0.4964,0.392058,0.0,0,0.005977202,1.325696592,1.3725862283101085
VAHVOR_clean,VAHVOR_clean,6.3986,4.82003,6.3986,1.14511,2295.95,2005.01,0.0,0.0,0.6334,0.553137,0.0,1,0.016234334,3.18466075,3.30301795280759
VALXAK_clean,VALXAK_clean,9.98876,6.23965,8.39165,0.742505,1487.88,2003.86,574.813,774.154,0.69,0.929286,0.0,1,0.016504005,4.032423677,3.797474248247564
VALXOY_clean,VALXOY_clean,10.47061,5.58858,8.23634,0.777087,1484.63,1910.51,601.467,774.002,0.6808,0.876093,0.0,1,0.018035629,4.297209575,3.9525287045212005
VAMPUX_clean,VAMPUX_clean,11.37157,10.81985,11.3699,1.17979,1541.06,1306.22,0.0,0.0,0.6462,0.547726,0.0,1,0.009479352,2.447827928,2.4415406960971526
VANNEG_clean,VANNEG_clean,11.28278,7.20114,10.99968,0.910221,2188.91,2404.81,0.0,0.0,0.7194,0.790358,0.0,1,0.008788118,2.282441181,2.1643552530267636
VANNIK_clean,VANNIK_clean,12.11733,10.70076,12.11733,0.488133,1807.7,3703.29,0.0,0.0,0.8496,1.74051,0.0,1,0.008659487,2.463652398,2.533868223450259
VAQTUF_clean,VAQTUF_clean,10.13522,6.68232,9.92269,0.858555,1863.51,2170.52,0.0,0.0,0.6104,0.710962,0.0,0,0.01593172,2.732575463,3.1156796529038555
VARJEF_clean,VARJEF_clean,7.50874,4.26843,7.47113,0.807576,2145.36,2656.54,0.0,0.0,0.6264,0.775655,0.0,0,0.021306127,4.72819955,4.404691573837264
VASFED_clean,VASFED_clean,5.86586,4.56127,5.86586,1.56054,1486.93,952.828,0.0,0.0,0.5192,0.332705,0.0,0,0.007004896,1.526244242,1.4866741532774121
VATXEU_clean,VATXEU_clean,7.38612,5.95802,7.38612,2.25172,1314.88,583.946,0.0,0.0,0.537,0.238485,0.0,0,0.005437136,1.086915673,1.1278955617726063
VAXMUF_clean,VAXMUF_clean,6.97885,4.73882,6.97885,0.91747,1247.84,1360.09,0.0,0.0,0.5948,0.648304,0.0,1,0.009408127,2.034128255,2.069981428801171
VAXTEV_clean,VAXTEV_clean,6.86582,3.53622,6.72322,1.11335,919.514,825.896,6.20036,5.56908,0.527,0.473345,0.0,1,0.007795938,1.554706781,1.5684519227557754
VECZEI_clean,VECZEI_clean,5.84999,3.52276,5.84999,0.90542,1514.07,1672.22,0.0,0.0,0.6422,0.709284,0.0,0,0.006152837,1.44793332,1.6046080991668183
VECZEK_clean,VECZEK_clean,9.28653,7.43469,9.28653,1.34679,1798.64,1335.5,0.0,0.0,0.6836,0.507577,0.0,1,0.004722383,1.258226305,1.2364003365564984
VEDFAN_clean,VEDFAN_clean,6.01158,4.07874,6.00756,1.03866,1741.67,1676.84,0.0,0.0,0.5802,0.558605,0.0,0,0.017435406,3.155895478,3.218441288205263
VEHJOJ_clean,VEHJOJ_clean,14.09924,6.85678,11.19448,0.748313,2267.56,3030.24,0.0,0.0,0.7708,1.03005,0.0,1,0.010890215,2.957673109,2.8634771860471435
VEHRIL_clean,VEHRIL_clean,8.79809,4.02227,8.77595,1.10229,2192.07,1988.65,0.0,0.0,0.6908,0.626694,0.0,1,0.005906251,1.648076228,1.6541541473428747
VEJHID_clean,VEJHID_clean,17.65342,7.8833,11.58918,0.646039,2104.35,3257.31,0.0,0.0,0.7972,1.23398,0.0,1,0.009846219,2.803911025,2.7536653214699207
VEJYIT_clean,VEJYIT_clean,6.4229,5.28654,6.4229,0.928973,1988.07,2140.07,0.0,0.0,0.6702,0.721442,0.0,0,0.015249338,3.142599503,3.2827067525521896
VEMSUC01_clean,VEMSUC01_clean,5.11588,3.68593,5.09821,1.26749,1347.57,1063.18,0.0,0.0,0.5488,0.432983,0.0,0,0.020075995,2.994080658,2.9291610575905103
VERPOZ_clean,VERPOZ_clean,5.42382,3.86113,5.42382,1.28962,856.154,663.88,0.0,0.0,0.4412,0.342116,0.0,0,0.014336636,1.755246362,1.7729812082613978
VICSIL_clean,VICSIL_clean,5.30875,4.09789,5.30496,1.03603,1478.6,1427.18,0.0,0.0,0.565,0.545353,0.0,0,0.01498079,2.551579911,2.797156757804505
VIDXOX_clean,VIDXOX_clean,6.16109,5.04479,6.14883,1.68509,1433.05,850.43,0.0,0.0,0.5712,0.338974,0.0,1,0.004732074,1.128712584,1.0421000057806886
VIFBOD_clean,VIFBOD_clean,5.74056,4.35551,5.71651,1.76429,1367.25,774.956,0.0,0.0,0.5562,0.315255,0.0,1,0.006812192,1.404618058,1.384949884840536
VIRPOC_clean,VIRPOC_clean,7.89373,4.43058,7.89373,1.31415,1678.47,1277.23,0.0,0.0,0.6094,0.463722,0.0,1,0.009400587,2.112904232,2.0742036798927934
VIRVEY_clean,VIRVEY_clean,7.24501,5.7858,6.68018,1.08742,2630.21,2418.77,0.0,0.0,0.715,0.65752,0.0,1,0.009151381,2.288213771,2.2508794165900197
VIWHUG_clean,VIWHUG_clean,4.81929,3.4802,4.68813,1.37889,639.979,464.125,0.0,0.0,0.4514,0.327364,0.0,1,0.007427036,1.109054728,1.2174197288780515
VIWKOD_clean,VIWKOD_clean,6.65159,4.57304,6.53476,1.38205,1680.39,1215.87,0.0,0.0,0.5904,0.427192,0.0,1,0.005587528,1.388156354,1.333690956922021
VIXPUP01_clean,VIXPUP01_clean,10.93877,6.90793,10.8516,0.690693,2354.05,3408.24,0.0,0.0,0.7722,1.11801,0.0,1,0.013861044,3.426484492,3.4746035375386706
VIZSUU_clean,VIZSUU_clean,10.03238,7.42233,9.74376,0.749914,2221.9,2962.88,0.0,0.0,0.7282,0.971044,0.0,0,0.010163769,2.710683356,2.7316769954737516
VOBGAW_clean,VOBGAW_clean,4.66285,3.61303,4.65217,1.94112,362.013,186.497,1.69535,0.873387,0.4252,0.219049,0.0,1,0.004159487,0.712818411,0.6611109613703758
VODQIP_clean,VODQIP_clean,7.28777,5.97881,7.28116,1.0447,1818.88,1741.05,0.0,0.0,0.6212,0.594621,0.0,1,0.017434276,2.919224303,3.2270153719631263
VOGTIV_clean_h,VOGTIV_clean_h,11.63962,10.76348,11.63962,0.91487,1549.21,1693.37,0.0,0.0,0.6396,0.699116,0.0,1,0.012571103,3.19456356,2.767986252500972
VOLPET_clean,VOLPET_clean,9.30216,6.24705,9.30149,0.741977,2463.48,3320.15,0.0,0.0,0.7498,1.01054,0.0,1,0.011606635,3.01047199,3.0931178145677403
VONDEJ_clean,VONDEJ_clean,5.31005,4.78872,5.30922,1.60595,966.902,602.074,0.0,0.0,0.507,0.315701,0.0,0,0.027113785,2.103193091,2.2898024080588426
VOXQOQ_clean,VOXQOQ_clean,5.75088,3.78769,5.73674,1.21298,1196.61,986.497,0.0,0.0,0.5614,0.462825,0.0,1,0.01205642,1.919687561,2.133106641669487
VUFBEE_clean,VUFBEE_clean,4.39803,3.46666,4.37592,1.64467,1017.25,618.512,0.0,0.0,0.5534,0.33648,0.0,1,0.011113688,2.181765422,2.0261465892885524
VUGXAY_clean,VUGXAY_clean,7.74052,6.24667,7.74052,1.0594,1255.22,1184.84,68.8954,65.0324,0.5682,0.536341,0.0,0,0.016921162,3.081790403,3.0053072906363583
VUGXUS_clean,VUGXUS_clean,7.98273,6.46173,7.98207,1.08037,1258.25,1164.65,72.9124,67.4885,0.5732,0.53056,0.0,0,0.016596174,2.981709191,2.9750489040831773
VUHJAK_clean,VUHJAK_clean,4.48985,4.30755,4.48985,1.91615,471.61,246.123,0.0,0.0,0.4148,0.216475,0.0,1,0.016387611,1.150022989,1.35693835839483
VUNNEZ_clean,VUNNEZ_clean,5.49362,5.42758,5.49362,1.41847,1291.95,910.806,0.0,0.0,0.5748,0.405224,0.0,1,0.005206794,1.101100003,1.0943231536218818
VUQKAU02_clean,VUQKAU02_clean,4.89363,4.31451,4.87033,1.033,1471.86,1424.84,0.0,0.0,0.5576,0.539787,0.0,1,0.020954541,3.43457807,3.3992274674249154
VUQKAU_clean,VUQKAU_clean,5.04139,4.46098,5.03992,1.00728,1566.78,1555.46,0.0,0.0,0.5754,0.571243,0.0,1,0.021025127,3.5750797,3.517397828420745
VUWSAJ_clean,VUWSAJ_clean,5.66843,4.07448,5.66811,1.11008,1893.61,1705.84,0.0,0.0,0.6012,0.541584,0.0,1,0.016083457,3.023512692,3.041071582937373
VUZNOV_clean,VUZNOV_clean,7.56763,5.28078,7.56763,0.714751,2308.57,3229.9,0.0,0.0,0.6884,0.963133,0.0,0,0.017984275,4.323655408,4.159945523251747
WABVOL_clean,WABVOL_clean,5.64639,3.6405,5.64639,1.49122,938.691,629.478,0.0,0.0,0.4216,0.282721,0.0,1,0.00453789,1.18326188,0.8650826442657549
WABVUR_clean,WABVUR_clean,9.47863,4.42976,9.47863,1.26842,1786.23,1408.23,0.0,0.0,0.615,0.484855,0.0,1,0.006290636,1.698633412,1.5328596463974806
WABWAY_clean,WABWAY_clean,9.49902,4.44037,9.49902,1.29862,1698.78,1308.14,0.0,0.0,0.5936,0.457099,0.0,1,0.005772831,1.526241196,1.483761437150565
WAGDAL_clean,WAGDAL_clean,4.64816,3.73698,4.61775,2.65265,613.804,231.393,27.6543,10.4252,0.4246,0.160066,0.0,1,0.006758154,1.006605195,1.012457095334063
WAHFUJ01_clean,WAHFUJ01_clean,4.91116,3.78472,4.77837,1.29423,994.219,768.194,0.0,0.0,0.4692,0.362532,0.0,1,0.010307073,1.822077717,1.7095306263939885
WALKAY_clean,WALKAY_clean,4.73309,3.92758,4.72517,1.16625,391.638,335.809,365.08,313.037,0.5,0.428724,0.0,1,0.024078847,2.485960605,2.476493043257371
WASPAK_clean,WASPAK_clean,8.92408,8.10678,8.90273,0.931064,1602.41,1721.06,0.0,0.0,0.6094,0.65452,0.0,0,0.016618633,3.322590712,3.107001329613036
WAVQUH_clean,WAVQUH_clean,7.91312,4.47781,7.90396,1.01651,1145.58,1126.98,498.965,490.863,0.6102,0.600292,0.0,0,0.016054259,3.126279096,3.1620144120076636
WAWGOQ_clean,WAWGOQ_clean,10.46531,7.24737,10.06993,0.692819,2068.45,2985.55,0.0,0.0,0.7192,1.03808,0.0,1,0.01520675,3.476709388,3.6144282245883153
WAZCUX_clean,WAZCUX_clean,5.1953,4.60615,5.12813,1.85198,863.616,466.321,0.0,0.0,0.4452,0.240392,0.0,1,0.010516415,1.36365792,1.3613112768712536
WECBOX_clean,WECBOX_clean,4.70975,3.71197,4.69989,1.52733,833.701,545.856,0.0,0.0,0.5236,0.342821,0.0,0,0.012576698,1.975293034,1.8622507346325983
WEFCAN_clean,WEFCAN_clean,5.5219,5.04903,5.5219,0.826455,2177.69,2634.97,0.0,0.0,0.6214,0.751886,0.0,0,0.023726276,4.267166471,4.447323887521757
WEGGAS_clean,WEGGAS_clean,4.84334,3.88578,4.83342,1.72479,895.132,518.979,0.0,0.0,0.4484,0.259973,0.0,0,0.016083909,1.750655613,1.7978287783324487
WEHHEY_clean,WEHHEY_clean,10.71326,6.70339,10.52268,0.819904,2131.67,2599.9,0.0,0.0,0.7068,0.862052,0.0,1,0.022250613,3.88766249,3.984490883119199
WEHJUQ_clean,WEHJUQ_clean,11.40663,8.63285,11.3324,0.700785,2325.03,3317.76,0.0,0.0,0.7666,1.09392,0.0,1,0.012612413,3.3551945,3.303584156589997
WEMCOI_clean,WEMCOI_clean,5.04735,3.46352,5.0193,2.47686,626.37,252.888,0.0,0.0,0.3988,0.16101,0.0,1,0.005718555,0.730089512,0.7734359971207303
WEMDUP_clean,WEMDUP_clean,4.9238,4.37132,4.9238,1.57984,2315.52,1465.67,0.0,0.0,0.6202,0.392572,0.0,0,0.007833611,1.850907505,1.8159953740781427
WEMFAX_clean,WEMFAX_clean,4.90097,4.37647,4.90097,1.61335,2291.08,1420.07,0.0,0.0,0.6242,0.386896,0.0,1,0.00778156,1.838902869,1.8103102265110778
WEMFEB_clean,WEMFEB_clean,4.87971,4.37038,4.87971,1.63348,2285.5,1399.16,0.0,0.0,0.604,0.369763,0.0,1,0.00799009,1.848959108,1.8266723185105733
WEMNAF_clean,WEMNAF_clean,4.6267,3.86158,4.59914,1.41831,894.104,630.401,0.0,0.0,0.4764,0.335893,0.0,0,0.018676869,2.425872725,2.1920792720282156
WENKOR_clean,WENKOR_clean,7.34523,5.77431,7.33779,1.55847,525.754,337.351,34.2975,22.0071,0.4426,0.283996,0.0,1,0.005210137,1.009337912,0.9416675744023524
WENKUX_manual,WENKUX_manual,7.45595,5.7787,7.37267,1.54828,597.632,385.997,35.4694,22.9089,0.4528,0.292453,0.0,1,0.006578757,1.209121547,1.1533557635732603
WENLEI_clean,WENLEI_clean,7.45284,5.80961,7.45284,1.59702,595.668,372.986,17.5491,10.9886,0.4418,0.276639,0.0,1,0.006027016,1.119809723,1.0657525551412557
WEYQAU01_clean,WEYQAU01_clean,4.51961,3.60555,4.51961,1.13786,1565.68,1375.99,0.0,0.0,0.5718,0.502522,0.0,0,0.017838914,3.357779733,3.3288462455413232
WEYQAU12_clean,WEYQAU12_clean,4.40257,3.44728,4.36821,1.18614,1438.51,1212.76,0.0,0.0,0.5546,0.467566,0.0,1,0.020654068,3.585689252,3.5648531050655423
WIDQEG_clean,WIDQEG_clean,7.60111,7.11755,7.60111,1.01218,1727.14,1706.35,0.0,0.0,0.63,0.622417,0.0,0,0.013688953,3.267492235,3.0703849565839247
WOHBIF_clean,WOHBIF_clean,4.33773,3.41599,4.33773,1.49576,352.527,235.684,0.0,0.0,0.417,0.278788,0.0,0,0.007643989,1.07052312,1.1259368033148311
WOHDON_clean,WOHDON_clean,5.72419,4.44331,5.72419,1.42898,2534.05,1773.33,0.0,0.0,0.696,0.487062,0.0,1,0.006959916,1.849415849,1.6864052712114863
WOHSIV_clean,WOHSIV_clean,4.85776,4.01614,4.85252,1.45202,314.846,216.834,0.0,0.0,0.3664,0.252339,0.0,1,0.003455067,0.58885192,0.4731718180677542
WOJZEC_clean,WOJZEC_clean,6.29331,4.20233,6.29331,1.17761,1945.22,1651.83,0.0,0.0,0.5978,0.507636,0.0,1,0.018517478,3.118118081,3.197050386284284
WOLREV_clean,WOLREV_clean,9.92256,5.8874,9.91786,0.624717,2477.67,3966.07,0.0,0.0,0.7426,1.1887,0.0,1,0.014675947,3.675128508,3.7704585695003425
WOLYON_clean,WOLYON_clean,13.08079,12.38023,13.06205,0.690785,1403.08,2031.14,0.0,0.0,0.695,1.0061,0.0,1,0.007322256,1.963021098,2.040883437497961
WOYHUP_clean,WOYHUP_clean,12.04583,5.92239,11.92324,0.785656,2290.99,2916.02,0.0,0.0,0.7288,0.927633,0.0,1,0.021191027,4.266623412,4.26242680105641
WOYJEB_clean,WOYJEB_clean,12.32799,5.95231,12.30286,0.80227,2262.64,2820.29,0.0,0.0,0.7248,0.903436,0.0,1,0.021032273,4.119837229,4.182467300274027
WUHJIT_clean,WUHJIT_clean,10.93441,7.53577,10.93441,0.740914,2058.85,2778.79,0.0,0.0,0.6834,0.922374,0.0,1,0.01468634,3.4175455,3.4483369445632324
WUKXEH_clean,WUKXEH_clean,20.08743,6.60038,20.08743,0.594513,2262.76,3806.08,0.0,0.0,0.7896,1.32814,0.0,1,0.014198354,3.62008513,3.6792556386117417
WUNTOP_clean,WUNTOP_clean,5.08733,4.17716,5.07679,1.08852,1089.8,1001.18,0.0,0.0,0.5174,0.475323,0.0,0,0.02047725,3.059983711,2.8273359719896254
WUNVAD_clean,WUNVAD_clean,5.07875,4.17789,5.06297,1.09375,995.244,909.941,78.4709,71.7451,0.516,0.471773,0.0,0,0.020863811,3.050356413,2.990066482694127
WUNVOR_clean,WUNVOR_clean,5.13748,4.1998,5.12786,1.08542,1130.58,1041.61,0.0,0.0,0.5222,0.481103,0.0,0,0.021867821,3.167148629,2.973956372747743
WUTBIW_clean,WUTBIW_clean,7.26683,5.05082,7.26683,1.84193,854.902,464.133,0.0,0.0,0.4484,0.24344,0.0,0,0.006645778,1.1296343,1.121001275022331
WUYWUK_clean,WUYWUK_clean,8.78773,6.19333,8.65663,0.743413,2043.29,2748.52,0.0,0.0,0.6694,0.900442,0.0,0,0.013038473,3.246028875,3.2030999224039087
WUYXAR_clean,WUYXAR_clean,9.35403,6.16685,9.35403,0.696817,2021.29,2900.75,0.0,0.0,0.689,0.988782,0.0,0,0.012515359,3.101825209,3.185989744057608
XADDAJ01_clean,XADDAJ01_clean,6.46856,4.61872,6.46856,1.24305,1893.89,1523.58,0.0,0.0,0.5932,0.477214,0.0,1,0.015916176,2.914392941,2.928642388395285
XADDEN_manual,XADDEN_manual,13.23644,6.65907,13.23644,0.875752,2128.62,2430.62,0.0,0.0,0.7182,0.820095,0.0,1,0.016635755,3.166419906,3.218019477757888
XADDIR_manual,XADDIR_manual,13.24642,6.64739,13.24642,0.87412,2116.36,2421.13,0.0,0.0,0.718,0.821397,0.0,1,0.016465264,3.115590437,3.220607723824844
XAFXOT_clean,XAFXOT_clean,5.91185,4.82034,5.90988,1.88819,647.785,343.072,0.0,0.0,0.3646,0.193095,0.0,1,0.006032246,0.894342427,0.8936555705525226
XAHPAZ_clean,XAHPAZ_clean,8.5954,7.40656,8.5954,0.71813,2299.0,3201.36,0.0,0.0,0.725,1.00957,0.0,1,0.012085275,3.133748688,3.174896046671713
XAHPON_clean,XAHPON_clean,17.29514,15.33221,17.29514,0.284265,1476.32,5193.45,0.0,0.0,0.8856,3.1154,0.0,1,0.015192886,4.310607658,4.304856457072334
XAHQAA_clean,XAHQAA_clean,23.03533,21.60719,23.02579,0.170429,1040.62,6105.88,0.0,0.0,0.9292,5.45213,0.0,1,0.018814115,5.525641603,5.470425115080847
XAKZOZ_clean,XAKZOZ_clean,12.1779,8.09448,10.99703,0.853016,1612.06,1889.83,0.0,0.0,0.6372,0.746997,0.0,1,0.013722258,2.628779674,2.8552902944326615
XAKZUF_clean,XAKZUF_clean,12.14685,7.7394,12.14685,0.885336,1547.82,1748.28,0.0,0.0,0.616,0.695781,0.0,1,0.012903357,2.512570187,2.5984084830310725
XALBUI_clean,XALBUI_clean,12.38727,7.83288,12.25594,0.880388,1559.27,1771.12,0.0,0.0,0.6108,0.693785,0.0,1,0.012888779,2.546456485,2.5988957195241866
XALCET_clean,XALCET_clean,12.0955,7.67742,12.0955,0.88783,1530.66,1724.05,0.0,0.0,0.6136,0.691123,0.0,1,0.012420656,2.435550131,2.554518686707007
XALXUF01_clean,XALXUF01_clean,16.53276,6.69779,16.53276,0.78335,1957.27,2498.59,0.0,0.0,0.7286,0.930107,0.0,1,0.015137481,3.635103807,3.350198988144479
XAMDUM01_clean,XAMDUM01_clean,13.18662,6.72456,13.18662,0.882605,2071.54,2347.07,0.0,0.0,0.7186,0.81418,0.0,1,0.016762331,3.075483799,3.190975103013754
XAMHEA_manual,XAMHEA_manual,9.05929,7.3957,8.92663,0.731602,2360.06,3225.88,0.0,0.0,0.7172,0.980315,0.0,0,0.013384402,3.048422093,3.402304344310582
XANMIJ_clean,XANMIJ_clean,6.91782,5.66055,6.91782,1.1601,1892.28,1631.14,0.0,0.0,0.5818,0.50151,0.0,0,0.008781457,2.137211391,1.9523281645152575
XAPCOH_clean,XAPCOH_clean,8.13608,7.45425,8.13237,1.22623,2069.1,1687.37,0.0,0.0,0.6692,0.545739,0.0,0,0.009702979,2.164361976,2.2571171936071774
XAPGOK_clean,XAPGOK_clean,4.30393,3.46273,4.2974,1.65851,453.916,273.69,0.0,0.0,0.4906,0.295808,0.0,1,0.009599504,1.965028034,1.477671101008636
XAPGUQ_clean,XAPGUQ_clean,5.69788,4.67127,5.65245,1.33358,1307.89,980.739,0.0,0.0,0.5882,0.44107,0.0,1,0.008808602,1.771860709,1.668460033830729
XAPSIS_clean,XAPSIS_clean,5.46139,4.76389,5.45821,0.955004,2054.51,2151.31,0.0,0.0,0.644,0.674342,0.0,1,0.015687315,3.262123925,3.295595177992284
XATZOK_clean,XATZOK_clean,8.52599,5.82023,8.33095,0.788781,2129.05,2699.16,0.0,0.0,0.69,0.874767,0.0,1,0.018230279,3.887162907,3.9330210316336713
XATZUQ_clean,XATZUQ_clean,7.56959,6.44554,7.50387,0.891969,1666.54,1868.38,0.0,0.0,0.6382,0.715495,0.0,1,0.015616843,3.352951164,3.3253952741133594
XEDLUN01_clean,XEDLUN01_clean,4.9958,3.46915,4.97725,0.885985,1404.66,1585.43,0.0,0.0,0.6048,0.68263,0.0,1,0.027282599,4.408598422,4.216216428115112
XEHDEV_clean,XEHDEV_clean,10.95452,9.96703,10.95452,0.958795,1688.15,1760.7,0.0,0.0,0.6704,0.699211,0.0,0,0.010065044,2.561014504,2.3958809575912374
XEHSIN_clean,XEHSIN_clean,4.81303,3.64676,4.81303,1.40908,773.939,549.25,0.0,0.0,0.452,0.320776,0.0,0,0.011677321,1.711358255,1.6143625369938226
XENCAU_clean,XENCAU_clean,8.29403,6.89914,8.29403,0.556974,2324.09,4172.71,0.0,0.0,0.7312,1.31281,0.0,1,0.007868968,2.280493208,2.358438950900484
XEQGAC_clean,XEQGAC_clean,5.58663,3.48947,5.56914,1.35723,1328.82,979.066,0.0,0.0,0.5714,0.421003,0.0,1,0.014714025,2.397325577,2.4024917452693675
XESKIR_clean_h,XESKIR_clean_h,10.14317,9.85365,10.14317,1.23585,1309.87,1059.89,0.0,0.0,0.5666,0.45847,0.0,1,0.004158228,1.071415536,1.1670958526190809
XEWDUA_clean,XEWDUA_clean,8.87023,8.12641,8.87023,1.28139,1148.81,896.537,0.0,0.0,0.5282,0.41221,0.0,1,0.004222041,1.061133842,1.0860771630511408
XEWFAI_clean,XEWFAI_clean,8.58001,7.48221,8.58001,1.10647,1594.92,1441.46,0.0,0.0,0.5888,0.532145,0.0,1,0.005684785,1.41054956,1.5890744805524206
XEXLIX_clean,XEXLIX_clean,7.04809,6.65056,7.03557,1.241,1207.66,973.134,0.0,0.0,0.527,0.424658,0.0,1,0.013318207,2.573428316,2.356479550196758
XICYAL_clean,XICYAL_clean,7.12423,4.20147,7.12423,1.10581,1383.62,1251.23,0.0,0.0,0.5472,0.49484,0.0,1,0.016356921,2.588037579,2.766516570345939
XICYEP_SL,XICYEP_SL,6.23549,4.07005,5.99515,1.80747,1927.34,1066.32,0.0,0.0,0.6084,0.336603,0.000442607,1,0.009469926,1.726166246,1.8979954937892494
XIDSUZ_clean,XIDSUZ_clean,16.05314,15.78983,16.05314,0.493271,1893.57,3838.8,0.0,0.0,0.781,1.58331,0.0,1,0.013641781,3.538743725,3.5631129667909516
XIHSAJ01_clean,XIHSAJ01_clean,5.98845,3.99073,5.69816,1.03053,1765.29,1712.99,0.0,0.0,0.576,0.558935,0.0,1,0.016734495,3.162718707,3.1352229269767147
XILTAP_clean,XILTAP_clean,7.46835,4.491,7.46835,0.893159,2015.14,2256.2,0.0,0.0,0.622,0.696404,0.0,1,0.017821697,3.807884789,3.618106845807639
XINRAP_clean,XINRAP_clean,7.72889,5.88361,7.72889,0.997869,1989.71,1993.96,0.0,0.0,0.6604,0.66181,0.0,1,0.007387359,1.917228819,1.9347931143711272
XISPUM_clean,XISPUM_clean,7.32941,4.58436,7.32711,1.21765,2007.19,1648.41,0.0,0.0,0.6216,0.510492,0.0,1,0.014063489,2.74132974,2.8581922745387454
XIVMEW01_clean,XIVMEW01_clean,5.52138,3.68821,5.51435,1.34752,969.124,719.188,2.26658,1.68203,0.5016,0.372238,0.0,1,0.019856635,2.479047556,2.368156441080123
XIWLAQ_clean,XIWLAQ_clean,6.60663,5.9994,6.60453,2.29175,1025.32,447.396,0.0,0.0,0.5236,0.228472,0.0,1,0.007317801,1.253036494,1.2634310027598195
XOFGAC_clean,XOFGAC_clean,20.28488,4.16314,9.48492,0.98367,1835.3,1865.77,0.0,0.0,0.6704,0.681529,0.0,1,0.013465547,2.981785614,2.9522969901674445
XOQXIL_clean,XOQXIL_clean,5.56779,4.25341,5.54313,1.05181,1608.8,1529.56,0.0,0.0,0.552,0.524811,0.0,1,0.012360018,2.127898298,2.48620226277674
XORHET_clean,XORHET_clean,4.71137,3.51837,4.71137,1.22336,1024.9,837.774,81.2251,66.395,0.5446,0.445167,0.0,1,0.010247433,2.016973572,2.0584890040632393
XOTGUI_clean,XOTGUI_clean,5.14072,4.00351,5.14055,1.55556,2014.34,1294.93,0.0,0.0,0.6006,0.386099,0.0,1,0.007535045,1.742695773,1.7132329910170478
XOVPON_clean,XOVPON_clean,5.74841,4.13919,5.74724,1.29056,1444.67,1119.41,0.0,0.0,0.5696,0.44136,0.0,1,0.00958529,1.808725687,1.9067398413089474
XOVQAB_clean,XOVQAB_clean,9.04253,7.30249,9.03111,0.610216,2352.44,3855.09,0.0,0.0,0.7448,1.22055,0.0,1,0.01249335,3.3498721,3.3610348704322814
XOVQIJ_clean,XOVQIJ_clean,7.41561,4.13146,7.41561,0.925084,1684.83,1821.27,0.0,0.0,0.5816,0.6287,0.0,1,0.013782724,2.861781615,2.9082621239600717
XUDPIX_clean,XUDPIX_clean,11.39057,6.9563,11.17218,0.55889,2521.72,4512.0,0.0,0.0,0.7746,1.38596,0.0,1,0.013843771,3.692960695,3.709074087483792
XUDYOM_clean,XUDYOM_clean,5.92099,5.48654,5.7966,1.63199,1266.45,776.015,0.0,0.0,0.5438,0.333212,0.0,0,0.026170312,3.12115804,2.6330429194159293
XUJPOI_clean,XUJPOI_clean,5.22333,3.76094,5.20942,1.23729,1450.85,1172.61,0.0,0.0,0.566,0.457452,0.0,0,0.020825922,3.1305123,3.1358119606505803
XUMTUV_clean,XUMTUV_clean,5.4813,5.1227,5.47077,1.25424,1931.27,1539.79,0.0,0.0,0.6264,0.499425,0.0,1,0.015767936,2.769943649,2.9887336456407336
XUNHAQ_clean,XUNHAQ_clean,4.43369,3.93895,4.41861,1.01112,1121.76,1109.42,0.0,0.0,0.495,0.489555,0.0,1,0.029697184,3.402646417,3.6222496361506513
XUNTIL_clean,XUNTIL_clean,4.3912,3.544,4.3912,1.10854,669.818,604.235,0.0,0.0,0.4582,0.413336,0.0,1,0.020234626,2.533386176,2.388822185369477
XUTQEI_clean,XUTQEI_clean,15.07113,13.13968,15.07113,0.479637,2165.37,4514.6,0.0,0.0,0.7968,1.66126,0.0,1,0.014029675,3.645155437,3.802802164571917
XUWKEH_clean,XUWKEH_clean,5.79973,4.2003,5.79973,1.47767,748.2,506.339,0.0,0.0,0.4194,0.283826,0.0,1,0.003464705,0.825203979,0.677876761368944
YABPAU_clean,YABPAU_clean,5.82793,4.33044,5.82793,1.0705,1501.93,1403.02,0.0,0.0,0.5582,0.521438,0.0,1,0.023690668,3.444892631,3.423159980841209
YANBAR01_clean,YANBAR01_clean,4.64582,3.70971,4.64582,1.82012,796.602,437.666,0.0,0.0,0.4462,0.245149,0.0,0,0.006616502,1.117051505,1.1723638755914962
YANBAR03_clean,YANBAR03_clean,4.71059,3.74,4.66327,1.80873,823.157,455.102,0.0,0.0,0.451,0.249346,0.0,0,0.006664673,1.12187947,1.1730910892863773
YARBAW_clean,YARBAW_clean,4.44594,3.74599,4.44594,1.19018,680.577,571.825,0.0,0.0,0.4774,0.401114,0.0,1,0.006303446,1.143026098,1.1956029034239948
YARGAB_clean,YARGAB_clean,10.70302,9.67182,10.70302,0.961173,1387.15,1443.19,0.0,0.0,0.6238,0.648999,0.0,1,0.011329626,2.730068911,2.4089836640975304
YARKOT_clean,YARKOT_clean,5.25265,3.98181,5.2356,0.962764,1924.08,1998.5,0.0,0.0,0.6296,0.653951,0.0,1,0.023631257,4.306516406,4.3077715524549545
YATDUV_clean,YATDUV_clean,9.16363,5.74685,9.12289,0.890102,2297.06,2580.67,0.0,0.0,0.7262,0.815861,0.0,1,0.011032352,2.9207694,2.82558194494391
YAVSOG_clean,YAVSOG_clean,5.27147,3.77137,4.73746,1.58778,810.938,510.737,0.0,0.0,0.471,0.296641,0.0,0,0.010301519,1.437083344,1.4399493651739317
YAVVUP_clean,YAVVUP_clean,4.79083,4.0345,4.51089,1.48936,1096.45,736.189,0.0,0.0,0.5422,0.364049,0.0,1,0.012324122,2.058647164,2.066949839892075
YAVWUQ_clean,YAVWUQ_clean,15.48597,6.62234,15.4779,0.747785,2189.36,2927.8,0.0,0.0,0.7402,0.989857,0.0,1,0.016009414,3.648577501,3.736754068167675
YAVZUT_clean,YAVZUT_clean,9.86186,4.91496,9.72199,0.854434,1940.85,2271.51,0.0,0.0,0.6662,0.779698,0.0,1,0.014845654,3.167006766,3.282334175663475
YEDLAV_clean,YEDLAV_clean,5.4499,3.81156,5.4499,1.25884,985.671,783.002,173.283,137.653,0.514,0.408314,0.0,1,0.027667697,3.308597292,2.738434491367988
YEMJAC_clean,YEMJAC_clean,6.87778,6.50668,6.87778,1.59244,1555.51,976.807,0.0,0.0,0.5806,0.364597,0.0,0,0.012253697,2.324260867,2.3756808540682397
YEYCUC_SL,YEYCUC_SL,17.82348,5.70059,17.82348,0.555715,2326.25,4186.05,0.0,0.0,0.7742,1.39316,0.000719793,0,0.014229439,3.395911452,3.8243993177107756
YEYFEP_clean,YEYFEP_clean,6.98334,4.14157,6.98202,1.19557,2249.87,1881.83,0.0,0.0,0.6508,0.544341,0.0,1,0.008811796,2.224043174,2.091853969335361
YEZKEV_clean,YEZKEV_clean,5.97739,3.43415,5.31131,1.09565,745.656,680.561,250.74,228.851,0.5084,0.464017,0.0,1,0.015880688,2.022271235,2.270575816893736
YICDAR_clean,YICDAR_clean,5.59824,4.74384,5.59824,0.895752,2281.69,2547.24,0.0,0.0,0.6272,0.700194,0.0,1,0.016256311,3.524882238,3.5336399435203814
YINCEF_clean,YINCEF_clean,5.29805,4.38969,5.29805,1.14172,1383.89,1212.11,0.0,0.0,0.5194,0.454928,0.0,1,0.016494179,2.651741297,2.6706151308121853
YINCIJ_clean,YINCIJ_clean,5.57662,4.55736,5.57662,1.15159,1292.51,1122.37,0.0,0.0,0.5342,0.463881,0.0,1,0.015845494,2.552989511,2.505298420155819
YIVNIC_clean,YIVNIC_clean,4.61348,3.86544,4.61348,1.60999,548.992,340.991,0.0,0.0,0.3982,0.24733,0.0,1,0.006511591,0.935097628,1.0632076679417541
YIVZOU_clean,YIVZOU_clean,7.22451,3.90462,7.20186,1.01646,1810.83,1781.5,0.0,0.0,0.6044,0.594611,0.0,1,0.014025822,2.655943964,2.9615534687240914
YIWLEV_clean,YIWLEV_clean,6.84017,5.52979,6.84017,1.2226,2050.0,1676.76,0.0,0.0,0.7014,0.573697,0.0,0,0.003984566,1.074810119,1.106285861147048
YIWPAV_clean,YIWPAV_clean,6.84936,5.28466,6.84936,1.24173,2101.82,1692.65,0.0,0.0,0.6932,0.558254,0.0,0,0.004111916,1.096107113,1.0809131558479568
YIXFIW_clean,YIXFIW_clean,4.72359,3.58415,4.71426,1.46617,963.816,657.369,0.0,0.0,0.4922,0.335704,0.0,0,0.015877399,2.316976193,2.13465176069489
YOCNAH_clean,YOCNAH_clean,6.22868,3.97762,6.13994,1.44635,836.354,578.253,0.0,0.0,0.4804,0.332147,0.0,1,0.027722632,2.016655785,2.284811697054018
YODWUL_clean,YODWUL_clean,23.49364,11.53361,23.48524,0.424505,1906.84,4491.91,0.0,0.0,0.849,1.99997,0.0,1,0.013176422,3.498779219,3.648499873628743
YOFXEY_clean,YOFXEY_clean,5.28351,3.76449,3.92047,1.16809,406.535,348.035,406.008,347.584,0.5144,0.440378,0.0,0,0.012320644,1.940891458,2.008389569151431
YOFXIC_clean,YOFXIC_clean,4.88114,3.85589,4.00843,1.17746,202.132,171.668,464.324,394.346,0.5094,0.432628,0.0,0,0.011720173,1.86289061,1.8395299387028028
YOLGUB_clean,YOLGUB_clean,7.59854,5.9029,7.59287,0.74526,2992.97,4016.0,0.0,0.0,0.791,1.06137,0.0,1,0.004545731,1.298349706,1.457801918519606
YOYBUL_clean,YOYBUL_clean,7.16525,4.74264,7.03966,0.861413,1929.99,2240.49,0.0,0.0,0.6146,0.713479,0.0,0,0.023219818,4.306293304,4.196274227732838
YOYPOT_clean,YOYPOT_clean,6.7589,5.79486,6.7589,1.1199,967.709,864.099,0.0,0.0,0.5112,0.456468,0.0,0,0.020739077,2.331382947,2.482882711749606
YOYQIO_clean,YOYQIO_clean,6.67565,4.79784,6.64558,1.08038,1016.53,940.902,0.0,0.0,0.5102,0.47224,0.0,0,0.021443426,2.326836156,2.6252215436457553
YOYRIP_clean,YOYRIP_clean,6.79198,5.2818,6.79198,1.07942,946.208,876.593,0.0,0.0,0.5242,0.485633,0.0,0,0.020946605,2.351319271,2.550867106688186
YOYVEP01_clean,YOYVEP01_clean,4.85942,3.67908,4.85942,1.85926,1388.03,746.548,0.0,0.0,0.5542,0.298075,0.0,1,0.007803458,1.466992353,1.55853910360746
YOZJEE01_clean,YOZJEE01_clean,4.99022,3.91645,4.98963,1.38859,1498.87,1079.42,0.0,0.0,0.5588,0.402423,0.0,1,0.011446605,2.039736444,2.141147279358218
YOZYUJ_clean,YOZYUJ_clean,8.32775,7.35004,8.32775,1.04928,1799.21,1714.71,0.0,0.0,0.648,0.617564,0.0,1,0.015391936,3.465448806,3.24337779609921
YUBTUM_clean,YUBTUM_clean,7.3117,5.64903,7.31034,1.22617,1319.07,1075.76,0.0,0.0,0.5428,0.442678,0.0,0,0.005819307,1.247432241,1.4521423780739617
YUHHIU_clean,YUHHIU_clean,6.82796,5.69487,6.82796,0.81756,1884.13,2304.57,0.0,0.0,0.672,0.821958,0.0,1,0.01330573,3.186831122,3.0818657572072277
YUJCOX_clean,YUJCOX_clean,5.98412,4.49111,5.97667,1.61045,1537.35,954.605,0.0,0.0,0.5426,0.336924,0.0,1,0.018112924,2.593692415,2.4829197494234494
YUKCAJ_clean,YUKCAJ_clean,4.62174,3.64026,4.62174,1.16054,790.171,680.867,0.0,0.0,0.4744,0.408776,0.0,0,0.012298718,1.914776362,1.9575864605700533
YULNOK_clean,YULNOK_clean,4.29835,3.4152,4.29262,1.35163,393.739,291.306,2.25484,1.66823,0.4592,0.339737,0.0,1,0.007247027,1.1882054,1.312003123129177
YUMJAS_clean,YUMJAS_clean,6.24531,4.99676,6.24531,2.01823,1798.6,891.176,0.0,0.0,0.5646,0.27975,0.0,1,0.003846678,0.971573593,0.905339411775572
YUSGOJ_SL,YUSGOJ_SL,4.42187,3.56624,4.4192,1.435,723.425,504.128,0.0,0.0,0.4304,0.29993,0.0,1,0.006121823,1.227910681,1.1632399164704432
YUSWEP_manual,YUSWEP_manual,37.3405,13.00592,37.31547,0.403891,1712.88,4240.94,0.0,0.0,0.8324,2.06095,0.0,1,0.01412028,3.879299118,3.834251440988413
YUSWEQ_clean,YUSWEQ_clean,5.40391,4.45966,5.39413,1.61347,1720.16,1066.13,0.0,0.0,0.5494,0.340509,0.0,1,0.012571756,2.268009376,2.242454094105304
YUSWIU_clean,YUSWIU_clean,5.63795,4.77812,5.63069,1.59088,1761.52,1107.26,0.0,0.0,0.5624,0.353516,0.0,0,0.013264453,2.328439754,2.333488772322826
YUTGEZ_clean,YUTGEZ_clean,5.82433,3.93601,5.82433,1.29826,1025.59,789.97,0.0,0.0,0.5686,0.437971,0.0,0,0.004191767,0.858401696,1.0047317340144133
YUXQIS_clean,YUXQIS_clean,17.65359,14.41981,17.65359,0.688928,1805.53,2620.78,0.0,0.0,0.7418,1.07675,0.0,0,0.01165458,2.91579799,2.952066503728721
YUYBIF_clean,YUYBIF_clean,5.00131,4.56878,4.98439,1.44177,873.775,606.043,0.0,0.0,0.501,0.347489,0.0,0,0.014746393,1.775528667,1.926247916374133
YUZPIU_clean,YUZPIU_clean,24.28264,10.2733,24.27637,0.405541,1930.72,4760.85,0.0,0.0,0.8426,2.07772,0.0,1,0.016322699,4.225505415,4.310230279658341
YUZXAT_clean,YUZXAT_clean,5.15837,3.71285,5.1262,1.26263,639.82,506.735,0.0,0.0,0.4692,0.371605,0.0,1,0.019339241,1.73055859,1.9211666051873921
ZAQWEW_clean,ZAQWEW_clean,6.95842,6.13717,6.94512,1.39957,1222.41,873.413,0.0,0.0,0.5188,0.370684,0.0,1,0.005939571,1.415961961,1.3284443337697633
ZARLEL_clean,ZARLEL_clean,14.43115,13.28451,14.43115,0.493906,1518.29,3074.04,0.0,0.0,0.7906,1.60071,0.0,1,0.008715776,2.496363001,2.4762679595440384
ZAVPIX_clean,ZAVPIX_clean,5.34624,4.4404,5.30939,1.2826,1715.57,1337.57,0.0,0.0,0.5728,0.446594,0.0,1,0.012764022,2.407303042,2.472132297588459
ZAVPUJ_clean,ZAVPUJ_clean,5.35189,4.46399,5.34326,1.29856,1713.78,1319.75,0.0,0.0,0.5712,0.439871,0.0,1,0.012995078,2.410226212,2.4879136256817094
ZAVQAQ_clean,ZAVQAQ_clean,5.33865,4.48097,5.3256,1.32498,1680.96,1268.67,0.0,0.0,0.569,0.42944,0.0,1,0.012623387,2.364929232,2.379290445330804
ZAVRAR_clean,ZAVRAR_clean,5.32227,4.57646,5.32227,1.37671,1661.66,1206.98,0.0,0.0,0.5744,0.417225,0.0,1,0.012274571,2.308011277,2.3742060110525265
ZAVRIZ_clean,ZAVRIZ_clean,5.32783,4.62627,5.32783,1.39297,1655.8,1188.68,0.0,0.0,0.5686,0.408192,0.0,1,0.012510696,2.290000613,2.3631915929343674
ZEDQEG_clean,ZEDQEG_clean,5.11458,4.23281,5.10868,1.21651,1349.89,1109.64,0.0,0.0,0.5426,0.446031,0.0,1,0.011117069,2.491383427,2.1379352007928967
ZEDROR_clean,ZEDROR_clean,5.08255,3.56751,5.06998,1.24486,1045.2,839.611,0.0,0.0,0.4974,0.399562,0.0,1,0.018877579,2.721284702,2.4566004050353465
ZEDZAL_clean,ZEDZAL_clean,5.65964,4.57272,5.65578,1.03183,1734.09,1680.59,0.0,0.0,0.6058,0.587111,0.0,0,0.023567558,3.799027756,3.745872324663786
ZELQAK_clean,ZELQAK_clean,8.24038,5.23853,8.14946,0.765451,2630.89,3437.05,0.0,0.0,0.7374,0.963354,0.0,1,0.016505808,4.024195227,3.9384262320719268
ZETLER_clean,ZETLER_clean,7.4185,6.73421,7.4185,1.13583,1090.42,960.022,0.0,0.0,0.5128,0.451477,0.0,1,0.012564423,2.334277583,2.3104228208825157
ZEZFIV_clean,ZEZFIV_clean,10.69025,9.42287,10.68854,0.594994,2005.75,3371.05,0.0,0.0,0.743,1.24875,0.0,1,0.010984632,3.099872317,2.981214185365583
ZICCIZ_clean,ZICCIZ_clean,17.08225,7.88152,11.63664,0.729494,2109.82,2892.17,0.0,0.0,0.7876,1.07965,0.0,1,0.009778226,2.755271041,2.655043104056905
ZIDBEV_clean,ZIDBEV_clean,9.63216,5.48309,9.63216,0.807059,2178.07,2698.78,0.0,0.0,0.7352,0.910962,0.0,1,0.005739067,1.582149413,1.6718199882232105
ZIGFIG_clean,ZIGFIG_clean,11.59694,6.57481,10.91215,0.866393,2057.4,2374.67,0.0,0.0,0.6856,0.791327,0.0,1,0.020111405,3.228953684,3.713286849689461
ZIHFUR_clean,ZIHFUR_clean,5.26061,4.96221,5.22095,1.17428,998.963,850.705,0.0,0.0,0.5002,0.425964,0.0,0,0.007320399,1.416077064,1.3830547005739988
ZIHTEP_clean,ZIHTEP_clean,4.34589,3.49261,4.31959,1.10997,397.98,358.549,0.0,0.0,0.4276,0.385235,0.0,1,0.004119359,0.857263628,0.8973995201741014
ZIJVOF01_clean,ZIJVOF01_clean,5.27877,3.42429,5.23095,1.22527,1101.04,898.609,0.0,0.0,0.5618,0.458512,0.0,1,0.019219694,2.42450692,2.769431962890679
ZIKJIO_clean,ZIKJIO_clean,7.07783,5.58584,7.07783,0.782965,2562.61,3272.96,0.0,0.0,0.6992,0.893015,0.0,1,0.01561215,3.867325235,3.796417541451193
ZIKJOU_clean,ZIKJOU_clean,5.81598,3.9573,5.81598,0.969805,2178.44,2246.27,0.0,0.0,0.6456,0.665701,0.0,1,0.020054395,3.821502904,3.97816981697446
ZILBAZ_clean,ZILBAZ_clean,4.9863,4.28704,4.9863,0.999721,1029.25,1029.53,0.0,0.0,0.551,0.551154,0.0,1,0.011040553,2.104836854,2.1030287142803132
ZIMLEO_clean,ZIMLEO_clean,8.8325,4.17886,8.8325,1.13678,2223.09,1955.6,0.0,0.0,0.7064,0.621405,0.0,1,0.006060837,1.650946775,1.6238714032070543
ZIQJEQ_clean,ZIQJEQ_clean,9.10665,6.72913,9.10665,0.629598,2298.43,3650.63,0.0,0.0,0.736,1.169,0.0,1,0.009738437,2.697854496,2.6391250239722877
ZISFEO_clean,ZISFEO_clean,4.87799,4.0904,4.87799,1.19653,987.013,824.893,0.0,0.0,0.5152,0.430577,0.0,1,0.016500062,2.477043014,2.35826057954213
ZOFZUR_clean,ZOFZUR_clean,12.72726,10.75924,12.72726,0.565447,2337.99,4134.76,0.0,0.0,0.7702,1.36211,0.0,1,0.015148201,3.850174643,3.7948832720906407
ZOHFUZ_clean,ZOHFUZ_clean,11.92122,6.68196,11.92122,0.814891,2190.64,2688.27,0.0,0.0,0.7046,0.864656,0.0,1,0.020313173,3.776519607,3.843090393980491
ZOXNEH_clean,ZOXNEH_clean,5.49902,3.71803,5.37867,1.30831,1870.03,1429.35,0.0,0.0,0.6444,0.492544,0.0,1,0.025503511,3.951494067,4.082517903831003
ZOZCIC_clean,ZOZCIC_clean,4.77783,3.48746,4.76506,1.70684,334.136,195.762,173.298,101.532,0.4902,0.287197,0.0,1,0.008279099,1.191864567,1.2119387817889469
ZOZKAC_clean,ZOZKAC_clean,4.08199,3.46421,4.07007,1.50938,399.978,264.995,0.0,0.0,0.4188,0.277465,0.0,1,0.016139526,2.116885089,1.6438835870916155
ZUBFIN_clean,ZUBFIN_clean,7.69352,3.71325,7.67785,1.11238,1215.17,1092.41,0.0,0.0,0.5518,0.496052,0.0,1,0.022655703,3.074827956,3.083835199043323
ZUDRAT_clean,ZUDRAT_clean,6.48565,4.23405,6.48051,1.20859,1651.45,1366.43,0.0,0.0,0.5628,0.465668,0.0,1,0.013905145,2.787114676,2.6283900391844988
ZUGDEM_clean,ZUGDEM_clean,9.67095,5.98717,9.67095,0.85339,2198.39,2576.07,0.0,0.0,0.6996,0.819789,0.0,1,0.01340313,3.390532556,3.096923959397909
ZUNZIT_clean,ZUNZIT_clean,5.02966,4.18682,5.02966,1.54704,1064.88,688.333,0.0,0.0,0.4702,0.303935,0.0,1,0.016642342,2.140853204,2.0551941828588114
ZURROT_clean,ZURROT_clean,4.90807,3.92111,4.90807,1.07774,1554.64,1442.5,0.0,0.0,0.611,0.566926,0.0,1,0.008839045,1.930732016,2.0390824851413223
ZUZZEB_clean,ZUZZEB_clean,12.38418,6.8566,12.3754,0.903178,2016.22,2232.36,0.0,0.0,0.7248,0.8025,0.0,0,0.008352476,2.170231195,2.059122170892762
